train_auc: 0.8126557863501482
test_auc: 0.7341666666666667
train_rho: 0.3624355900432167
test_rho: 0.2615238085198263
