train_auc: 0.6511433922613337
test_auc: 0.644713322472622
train_rho: 0.2998985315869151
test_rho: 0.2885952806805231
