train_auc: 0.6823864681007539
test_auc: 0.6377091377091377
train_rho: 0.3379672003427889
test_rho: 0.25590690785585585
