train_auc: 0.7769376854599407
test_auc: 0.7407843137254903
train_rho: 0.3154646247699522
test_rho: 0.2651609849632187
