train_auc: 0.6546641791044776
test_auc: 0.5850267379679145
train_rho: 0.30269807911824337
test_rho: 0.1662560620791883
