train_auc: 0.6478909648434714
test_auc: 0.6352916073968706
train_rho: 0.2938086012184547
test_rho: 0.26854045073216676
