Time Point,X,y
0,"[-0.25586336 -0.25586336 -0.25586336 -0.25586336 -0.25586336 -0.25586336
 -0.25586336 -0.25586336 -0.25586336 -0.25586336 -0.25586336 -0.25586336
 -0.25586336 -0.25586336 -0.25586336 -0.25586336  0.28064198 -0.25586336
 -0.25586336 -0.25586336 -0.25586336 -0.25586336 -0.25586336 -0.25586336
 -0.25586336 -0.25586336 -0.25586336 -0.25586336 -0.25586336 -0.25586336
 -0.25586336 -0.25586336 -0.25586336 -0.25586336 -0.25586336 -0.25586336
 -0.25586336 -0.25586336 -0.25586336 -0.25586336  6.88564279 -0.25586336
 -0.25586336 -0.25586336 -0.25586336 -0.25586336 -0.25586336 -0.25586336
 -0.25586336 -0.25586336 -0.25586336 -0.25586336 -0.25586336  5.85665878
  3.7967339  -0.25586336 -0.25586336 -0.25586336 -0.25586336 -0.25586336
 -0.25586336 -0.25586336 -0.25586336 -0.25586336 -0.25586336 -0.25586336
 -0.25586336 -0.25586336 -0.25586336 -0.25586336 -0.25586336 -0.25586336
 -0.25586336 -0.25586336 -0.25586336 -0.25586336 -0.25586336 -0.25586336
 -0.25586336 -0.25586336 -0.25586336 -0.25586336 -0.25586336 -0.25586336
 -0.25586336 -0.25586336 -0.25586336 -0.25586336  2.32649916  2.9506047
 -0.25586336 -0.25586336 -0.25586336 -0.25586336  0.42039548 -0.25586336
 -0.25586336 -0.25586336  2.12973242 -0.25586336  1.7525508  -0.25586336
 -0.25586336 -0.15409303 -0.25586336  3.12879846  1.90380319 -0.25586336
 -0.25586336 -0.25586336 -0.25586336 -0.25586336 -0.25586336 -0.25586336
 -0.25586336 -0.25586336 -0.25586336 -0.25586336 -0.25586336 -0.25586336
 -0.25586336 -0.25586336 -0.25586336 -0.25586336 -0.25586336 -0.25586336
 -0.25586336 -0.25586336 -0.25586336 -0.25586336 -0.25586336 -0.25586336
 -0.25586336 -0.25586336 -0.25586336 -0.25586336 -0.25586336 -0.25586336
 -0.25586336 -0.25586336 -0.25586336 -0.25586336 -0.25586336 -0.25586336
 -0.25586336 -0.25586336 -0.25586336 -0.25586336  3.06385352 -0.25586336
 -0.25586336  2.25317495 -0.25586336 -0.25586336 -0.25586336 -0.25586336
 -0.25586336 -0.25586336 -0.25586336 -0.25586336 -0.25586336 -0.25586336
  4.70694519 -0.25586336 -0.25586336 -0.25586336 -0.25586336 -0.25586336
 -0.25586336  0.40378529 -0.25586336 -0.25586336 -0.25586336 -0.25586336
 -0.25586336 -0.25586336 -0.25586336 -0.25586336 -0.25586336]",[0.010218461526175338]
0,"[-0.2432741  -0.2432741  -0.2432741  -0.19084485 -0.2432741  -0.2432741
 -0.2432741  -0.2432741  -0.2432741  -0.2432741  -0.2432741  -0.2432741
 -0.2432741  -0.2432741  -0.2432741  -0.2432741  -0.2432741  -0.2432741
 -0.2432741  -0.2432741  -0.2432741  -0.2432741  -0.2432741  -0.2432741
 -0.2432741  -0.2432741  -0.2432741  -0.2432741  -0.2432741  -0.2432741
 -0.2432741  -0.2432741  -0.2432741  -0.2432741  -0.2432741  -0.2432741
 -0.2432741  -0.2432741  -0.2432741  -0.2432741   7.07760538 -0.2432741
 -0.2432741  -0.2432741  -0.2432741  -0.2432741  -0.2432741  -0.2432741
 -0.2432741  -0.2432741  -0.2432741  -0.2432741  -0.2432741   0.44057354
 -0.2432741  -0.2432741   1.58657298 -0.2432741  -0.2432741  -0.2432741
 -0.2432741  -0.2432741  -0.2432741  -0.2432741  -0.2432741  -0.2432741
 -0.2432741  -0.2432741  -0.2432741  -0.2432741  -0.2432741  -0.2432741
 -0.2432741  -0.2432741  -0.2432741  -0.2432741  -0.2432741   1.098789
 -0.2432741  -0.2432741  -0.2432741  -0.2432741  -0.2432741  -0.2432741
 -0.2432741  -0.2432741  -0.2432741  -0.2432741   0.93801017 -0.2432741
 -0.2432741   0.50332837 -0.2432741  -0.2432741   3.58352303 -0.2432741
 -0.2432741  -0.2432741  -0.2432741  -0.2432741   3.87765477 -0.2432741
  2.12385778 -0.2432741   6.03532676 -0.2432741   3.56253919  0.18552473
 -0.2432741  -0.2432741  -0.2432741  -0.2432741  -0.2432741  -0.2432741
 -0.2432741  -0.2432741  -0.2432741  -0.2432741  -0.2432741  -0.2432741
 -0.2432741  -0.2432741  -0.2432741  -0.2432741  -0.2432741  -0.2432741
 -0.2432741  -0.2432741  -0.2432741  -0.2432741  -0.2432741  -0.2432741
 -0.2432741  -0.2432741  -0.2432741  -0.2432741  -0.2432741  -0.2432741
 -0.2432741  -0.2432741  -0.2432741  -0.2432741  -0.2432741  -0.2432741
 -0.2432741  -0.2432741  -0.2432741  -0.2432741  -0.2432741  -0.2432741
 -0.2432741   0.2956597  -0.2432741  -0.2432741  -0.2432741  -0.2432741
 -0.2432741  -0.2432741  -0.2432741  -0.2432741  -0.2432741  -0.2432741
  4.53732085 -0.2432741  -0.2432741  -0.2432741  -0.2432741   3.45343097
 -0.2432741   0.30153104 -0.2432741  -0.2432741  -0.2432741  -0.2432741
 -0.2432741  -0.2432741  -0.2432741  -0.2432741  -0.2432741 ]",[-0.06302479870280511]
0,"[-0.24395331 -0.24395331 -0.24395331 -0.24395331 -0.24395331 -0.24395331
 -0.24395331 -0.24395331 -0.24395331 -0.24395331 -0.24395331 -0.24395331
 -0.24395331 -0.24395331 -0.24395331 -0.24395331 -0.24395331 -0.24395331
 -0.24395331 -0.24395331 -0.24395331 -0.24395331 -0.24395331 -0.24395331
 -0.24395331 -0.24395331 -0.24395331 -0.24395331 -0.24395331 -0.24395331
 -0.24395331 -0.24395331 -0.24395331 -0.24395331 -0.24395331 -0.24395331
 -0.24395331 -0.24395331 -0.24395331 -0.24395331  1.8682566  -0.24395331
 -0.24395331 -0.24395331 -0.24395331 -0.24395331 -0.24395331 -0.24395331
 -0.24395331 -0.24395331 -0.24395331 -0.24395331 -0.24395331  0.3483717
 -0.24395331 -0.24395331  0.63807196 -0.24395331 -0.24395331 -0.24395331
 -0.24395331 -0.24395331 -0.24395331 -0.24395331 -0.24395331 -0.24395331
 -0.24395331 -0.24395331 -0.24395331 -0.24395331 -0.24395331 -0.24395331
 -0.24395331 -0.24395331 -0.24395331 -0.24395331 -0.24395331 -0.24395331
 -0.24395331 -0.24395331 -0.24395331 -0.24395331 -0.24395331  2.99162223
 -0.24395331 -0.24395331 -0.24395331 -0.24395331  2.27465649  2.37754539
 -0.24395331  4.09153273 -0.24395331 -0.24395331  7.11505427 -0.24395331
 -0.24395331 -0.24395331 -0.24395331 -0.24395331  3.08182361 -0.24395331
  1.82275201 -0.11792915 -0.24395331 -0.24395331  1.41368086 -0.24395331
 -0.24395331 -0.24395331 -0.24395331 -0.24395331 -0.24395331 -0.24395331
 -0.24395331 -0.24395331 -0.24395331 -0.24395331 -0.24395331 -0.24395331
 -0.24395331 -0.24395331 -0.24395331 -0.24395331 -0.24395331 -0.24395331
 -0.24395331 -0.24395331 -0.24395331 -0.24395331 -0.24395331 -0.24395331
 -0.24395331 -0.24395331 -0.24395331 -0.24395331 -0.24395331 -0.24395331
 -0.24395331 -0.24395331 -0.24395331 -0.24395331 -0.24395331 -0.24395331
 -0.24395331 -0.24395331 -0.24395331 -0.24395331 -0.24395331 -0.24395331
 -0.24395331 -0.24395331 -0.24395331 -0.24395331 -0.24395331 -0.24395331
 -0.24395331 -0.24395331 -0.24395331 -0.24395331 -0.24395331 -0.24395331
  7.4364696  -0.24395331 -0.24395331 -0.24395331 -0.24395331 -0.24395331
  0.927768    1.02679011 -0.24395331 -0.24395331 -0.24395331 -0.24395331
 -0.24395331 -0.24395331 -0.24395331 -0.24395331  2.46792322]",[0.0353448119629757]
0,"[-0.3005096  -0.3005096  -0.3005096  -0.3005096  -0.3005096  -0.3005096
 -0.3005096  -0.3005096  -0.3005096  -0.3005096  -0.3005096  -0.3005096
 -0.3005096  -0.3005096  -0.3005096  -0.3005096   0.05094297 -0.3005096
 -0.3005096  -0.3005096  -0.3005096  -0.3005096  -0.3005096  -0.3005096
 -0.3005096  -0.3005096  -0.3005096  -0.3005096  -0.3005096  -0.3005096
 -0.3005096  -0.3005096  -0.3005096  -0.3005096  -0.3005096  -0.3005096
 -0.3005096  -0.3005096  -0.3005096  -0.3005096   5.57333717  0.79436986
 -0.3005096  -0.3005096  -0.3005096  -0.3005096  -0.3005096  -0.3005096
 -0.3005096  -0.3005096  -0.3005096  -0.3005096  -0.3005096   4.77985122
  1.08985481 -0.3005096   3.82711007 -0.3005096  -0.3005096  -0.3005096
 -0.3005096  -0.3005096  -0.3005096  -0.3005096  -0.3005096  -0.3005096
 -0.3005096  -0.3005096  -0.3005096  -0.3005096  -0.3005096  -0.3005096
 -0.3005096  -0.3005096  -0.3005096  -0.3005096  -0.3005096  -0.3005096
 -0.3005096  -0.3005096  -0.3005096  -0.3005096  -0.3005096  -0.3005096
 -0.3005096  -0.3005096  -0.3005096   0.89842921 -0.3005096  -0.3005096
 -0.3005096   0.46081982 -0.3005096   0.97326275  0.45611436 -0.3005096
 -0.3005096  -0.3005096  -0.3005096  -0.3005096   2.10705087 -0.3005096
  3.09690385  2.54494924  2.99991443 -0.3005096   3.2072236  -0.3005096
 -0.3005096  -0.3005096  -0.3005096  -0.3005096  -0.3005096  -0.3005096
 -0.3005096  -0.3005096  -0.3005096  -0.3005096  -0.3005096  -0.3005096
 -0.3005096  -0.3005096  -0.3005096  -0.3005096  -0.3005096  -0.3005096
 -0.3005096  -0.3005096  -0.3005096  -0.3005096  -0.3005096  -0.3005096
 -0.3005096  -0.3005096  -0.3005096  -0.3005096  -0.3005096  -0.3005096
 -0.3005096   4.42315926 -0.3005096  -0.3005096  -0.3005096  -0.3005096
 -0.3005096  -0.3005096  -0.3005096  -0.3005096   2.76366957 -0.3005096
 -0.3005096  -0.3005096  -0.3005096  -0.3005096  -0.3005096  -0.3005096
 -0.3005096  -0.3005096  -0.3005096  -0.3005096  -0.3005096  -0.3005096
  1.71288788 -0.3005096  -0.3005096  -0.3005096  -0.3005096   1.59058513
 -0.3005096  -0.3005096  -0.3005096  -0.3005096  -0.3005096  -0.3005096
 -0.3005096  -0.3005096  -0.3005096  -0.3005096   4.43058996]",[0.016510350113062844]
0,"[-0.23302577 -0.23302577 -0.23302577 -0.23302577 -0.23302577 -0.23302577
 -0.23302577 -0.23302577 -0.23302577 -0.23302577 -0.23302577 -0.23302577
 -0.23302577 -0.23302577 -0.23302577 -0.23302577  0.95048114 -0.23302577
 -0.23302577 -0.23302577 -0.23302577 -0.23302577 -0.23302577 -0.23302577
 -0.23302577 -0.23302577 -0.23302577 -0.23302577 -0.23302577 -0.23302577
 -0.23302577 -0.23302577 -0.23302577 -0.23302577 -0.23302577 -0.23302577
 -0.23302577 -0.23302577 -0.23302577 -0.23302577  5.18356692  0.25397767
 -0.23302577 -0.23302577 -0.23302577 -0.23302577 -0.23302577 -0.23302577
 -0.23302577 -0.23302577 -0.23302577 -0.23302577 -0.23302577  6.86444485
 -0.23302577 -0.23302577 -0.23302577 -0.23302577 -0.23302577 -0.23302577
 -0.23302577 -0.23302577 -0.23302577 -0.23302577 -0.23302577 -0.23302577
 -0.23302577 -0.23302577 -0.23302577 -0.23302577 -0.23302577 -0.23302577
  1.79364334 -0.23302577 -0.23302577 -0.23302577 -0.23302577 -0.23302577
 -0.23302577 -0.23302577 -0.23302577 -0.23302577 -0.23302577 -0.23302577
 -0.23302577 -0.23302577 -0.23302577 -0.23302577 -0.23302577  1.03124465
 -0.23302577  3.26780488 -0.23302577 -0.23302577  5.1582894  -0.23302577
 -0.23302577 -0.23302577 -0.23302577 -0.23302577  2.40567117 -0.23302577
  3.24063399  0.042837   -0.23302577 -0.23302577  3.49222047 -0.23302577
 -0.23302577 -0.23302577 -0.23302577 -0.23302577 -0.23302577 -0.23302577
 -0.23302577 -0.23302577 -0.23302577 -0.23302577 -0.23302577 -0.23302577
 -0.23302577 -0.23302577 -0.23302577 -0.23302577 -0.23302577 -0.23302577
 -0.23302577 -0.23302577 -0.23302577 -0.23302577 -0.23302577 -0.23302577
 -0.23302577 -0.23302577 -0.23302577 -0.23302577 -0.23302577 -0.23302577
 -0.23302577 -0.23302577 -0.23302577 -0.23302577 -0.23302577 -0.23302577
 -0.23302577 -0.23302577 -0.23302577 -0.23302577 -0.23302577 -0.23302577
 -0.23302577 -0.23302577 -0.23302577 -0.23302577 -0.23302577 -0.23302577
 -0.23302577 -0.23302577 -0.23302577 -0.23302577 -0.23302577 -0.23302577
  4.99746167 -0.23302577 -0.23302577 -0.23302577 -0.23302577 -0.23302577
 -0.23302577 -0.23302577 -0.23302577 -0.23302577 -0.23302577 -0.23302577
 -0.23302577 -0.23302577 -0.23302577 -0.23302577 -0.23302577]",[-0.0953529478129049]
0,"[-0.37743132 -0.37743132 -0.37743132 -0.32540034 -0.37743132 -0.37743132
 -0.37743132 -0.37743132 -0.37743132 -0.37743132 -0.37743132 -0.37743132
 -0.37743132 -0.37743132 -0.37743132 -0.37743132  1.93736156 -0.37743132
 -0.37743132 -0.37743132 -0.37743132 -0.37743132 -0.37743132 -0.37743132
 -0.37743132 -0.37743132 -0.37743132 -0.37743132  1.20314852 -0.37743132
 -0.37743132 -0.37743132 -0.37743132 -0.37743132 -0.37743132 -0.37743132
 -0.37743132 -0.37743132 -0.37743132 -0.37743132  5.47532493  1.04975859
 -0.37743132 -0.37743132 -0.37743132 -0.37743132 -0.37743132 -0.37743132
 -0.37743132 -0.37743132 -0.37743132 -0.37743132 -0.37743132  3.52587966
  2.48932832 -0.01110623 -0.37743132 -0.37743132 -0.37743132 -0.37743132
 -0.37743132 -0.37743132 -0.37743132 -0.37743132 -0.37743132 -0.37743132
 -0.37743132 -0.37743132 -0.37743132 -0.37743132 -0.37743132 -0.37743132
 -0.37743132 -0.37743132 -0.37743132 -0.37743132 -0.37743132  1.36498006
 -0.37743132 -0.37743132 -0.37743132 -0.37743132 -0.37743132  0.53243999
 -0.37743132 -0.37743132 -0.37743132  1.36918695  2.02687407  2.691207
 -0.37743132  3.39308849 -0.37743132 -0.37743132  2.14773415  1.39476624
 -0.37743132 -0.37743132 -0.37743132  1.56211775  2.50205341 -0.37743132
  0.39706614  0.16270177  3.01992592  2.92471647  2.36202885  2.74625614
 -0.37743132 -0.37743132 -0.37743132 -0.37743132 -0.37743132 -0.37743132
 -0.37743132 -0.37743132 -0.37743132 -0.37743132 -0.37743132 -0.37743132
 -0.37743132 -0.37743132 -0.37743132 -0.37743132 -0.37743132 -0.37743132
 -0.37743132 -0.37743132 -0.37743132 -0.37743132 -0.37743132 -0.37743132
 -0.37743132 -0.37743132 -0.37743132 -0.37743132 -0.37743132 -0.37743132
 -0.37743132  3.55560263 -0.37743132 -0.37743132  0.9586808  -0.37743132
 -0.37743132 -0.37743132 -0.37743132 -0.37743132 -0.37743132 -0.37743132
 -0.37743132  0.52710687 -0.37743132 -0.37743132 -0.37743132 -0.37743132
 -0.37743132 -0.37743132 -0.37743132 -0.37743132  1.84586038 -0.37743132
  3.5179861  -0.37743132 -0.37743132 -0.37743132 -0.37743132 -0.37743132
 -0.10940792 -0.37743132 -0.37743132 -0.37743132 -0.37743132 -0.37743132
 -0.37743132 -0.37743132 -0.37743132 -0.37743132 -0.37743132]",[0.16701701744941383]
0,"[-0.29100561 -0.29100561 -0.29100561 -0.29100561 -0.29100561 -0.29100561
 -0.29100561 -0.29100561 -0.29100561 -0.29100561 -0.29100561 -0.29100561
 -0.29100561 -0.29100561 -0.29100561 -0.29100561  1.75108078 -0.29100561
 -0.29100561 -0.29100561 -0.29100561 -0.29100561 -0.29100561 -0.29100561
 -0.29100561 -0.29100561 -0.29100561 -0.29100561  2.11229456 -0.29100561
 -0.29100561 -0.29100561 -0.29100561 -0.29100561 -0.29100561 -0.29100561
 -0.29100561 -0.29100561 -0.29100561 -0.29100561  3.52488152 -0.05549818
 -0.29100561 -0.29100561 -0.29100561 -0.29100561 -0.29100561 -0.29100561
 -0.29100561 -0.29100561 -0.29100561 -0.29100561 -0.29100561 -0.29100561
 -0.29100561 -0.29100561 -0.29100561 -0.29100561 -0.29100561 -0.29100561
 -0.29100561 -0.29100561 -0.29100561 -0.29100561 -0.29100561 -0.29100561
 -0.29100561 -0.29100561 -0.29100561 -0.29100561 -0.29100561 -0.29100561
 -0.29100561 -0.29100561 -0.29100561 -0.29100561 -0.29100561  1.72885397
 -0.29100561 -0.29100561 -0.29100561 -0.29100561 -0.29100561 -0.29100561
 -0.29100561 -0.29100561 -0.29100561  1.53051767 -0.29100561  1.32976321
 -0.29100561  5.71123469 -0.29100561 -0.29100561  4.44740569 -0.29100561
 -0.29100561 -0.29100561 -0.29100561 -0.29100561  2.9658572  -0.29100561
  1.98142794 -0.29100561  3.39230837 -0.29100561  3.18083209 -0.29100561
  1.67229939 -0.29100561 -0.29100561 -0.29100561 -0.29100561 -0.29100561
 -0.29100561 -0.29100561 -0.29100561 -0.29100561 -0.29100561 -0.29100561
 -0.29100561 -0.29100561 -0.29100561 -0.29100561 -0.29100561 -0.29100561
 -0.29100561 -0.29100561 -0.29100561 -0.29100561 -0.29100561 -0.29100561
 -0.29100561 -0.29100561 -0.29100561 -0.29100561 -0.29100561 -0.29100561
 -0.29100561 -0.29100561 -0.29100561 -0.29100561  0.39207892 -0.29100561
 -0.29100561 -0.29100561 -0.29100561 -0.29100561 -0.29100561 -0.29100561
 -0.29100561  1.58388833 -0.29100561 -0.29100561 -0.29100561 -0.29100561
 -0.29100561 -0.29100561 -0.29100561 -0.29100561 -0.29100561 -0.29100561
  4.79635048 -0.29100561 -0.29100561 -0.29100561 -0.29100561  4.80632665
 -0.29100561 -0.29100561 -0.29100561 -0.29100561 -0.29100561 -0.29100561
 -0.29100561 -0.29100561 -0.29100561 -0.29100561 -0.29100561]",[0.009684087820723608]
0,"[-0.19492743 -0.19492743 -0.19492743 -0.19492743 -0.19492743 -0.19492743
 -0.19492743 -0.19492743 -0.19492743 -0.19492743 -0.19492743 -0.19492743
 -0.19492743 -0.19492743 -0.19492743 -0.19492743 -0.19492743 -0.19492743
 -0.19492743 -0.19492743 -0.19492743 -0.19492743 -0.19492743 -0.19492743
 -0.19492743 -0.19492743 -0.19492743 -0.19492743 -0.19492743 -0.19492743
 -0.19492743 -0.19492743 -0.19492743 -0.19492743 -0.19492743 -0.19492743
 -0.19492743 -0.19492743 -0.19492743 -0.19492743  4.89721227 -0.19492743
 -0.19492743 -0.19492743 -0.19492743 -0.19492743 -0.19492743 -0.19492743
 -0.19492743 -0.19492743 -0.19492743 -0.19492743 -0.19492743  6.2874649
 -0.19492743 -0.19492743 -0.19492743 -0.19492743 -0.19492743 -0.19492743
 -0.19492743 -0.19492743 -0.19492743 -0.19492743 -0.19492743 -0.19492743
 -0.19492743 -0.19492743 -0.19492743 -0.19492743 -0.19492743 -0.19492743
 -0.19492743 -0.19492743 -0.19492743 -0.19492743 -0.19492743 -0.19492743
 -0.19492743 -0.19492743 -0.19492743 -0.19492743 -0.19492743  2.68247644
 -0.19492743 -0.19492743 -0.19492743 -0.19492743 -0.19492743 -0.19492743
 -0.19492743  3.07071763 -0.19492743 -0.13446733  5.39404363 -0.19492743
 -0.19492743 -0.19492743 -0.19492743 -0.19492743 -0.14041838 -0.19492743
 -0.19492743 -0.19492743 -0.19492743 -0.19492743  4.57157211 -0.19492743
 -0.19492743 -0.19492743 -0.19492743 -0.19492743 -0.19492743 -0.19492743
 -0.19492743 -0.19492743 -0.19492743 -0.19492743 -0.19492743 -0.19492743
 -0.19492743 -0.19492743 -0.19492743 -0.19492743 -0.19492743 -0.19492743
 -0.19492743 -0.19492743 -0.19492743 -0.19492743 -0.19492743 -0.19492743
 -0.19492743 -0.19492743 -0.19492743 -0.19492743 -0.19492743 -0.19492743
 -0.19492743 -0.19492743 -0.19492743 -0.19492743 -0.19492743 -0.19492743
 -0.19492743 -0.19492743 -0.19492743 -0.19492743 -0.19492743 -0.19492743
 -0.19492743 -0.19492743 -0.19492743 -0.19492743 -0.19492743 -0.19492743
 -0.19492743 -0.19492743 -0.19492743 -0.19492743 -0.19492743 -0.19492743
  6.50906244 -0.19492743 -0.19492743 -0.19492743 -0.19492743 -0.19492743
 -0.19492743 -0.19492743 -0.19492743 -0.19492743 -0.19492743 -0.19492743
 -0.19492743 -0.19492743 -0.19492743 -0.19492743 -0.19492743]",[-0.12099537264161297]
0,"[-0.27533497 -0.27533497 -0.27533497 -0.27533497 -0.27533497 -0.27533497
 -0.27533497 -0.27533497 -0.27533497 -0.27533497 -0.27533497 -0.27533497
 -0.27533497 -0.27533497 -0.27533497 -0.27533497  0.25922204 -0.27533497
 -0.27533497 -0.27533497 -0.27533497 -0.27533497 -0.27533497 -0.27533497
 -0.27533497 -0.27533497 -0.27533497 -0.27533497 -0.27533497 -0.27533497
 -0.27533497 -0.27533497 -0.27533497 -0.27533497 -0.27533497 -0.27533497
 -0.27533497 -0.27533497 -0.27533497 -0.27533497  5.88667952  1.11692905
 -0.27533497 -0.27533497 -0.27533497 -0.27533497 -0.27533497 -0.27533497
 -0.27533497 -0.27533497 -0.27533497 -0.27533497 -0.27533497  2.15879399
 -0.27533497 -0.27533497 -0.27533497 -0.27533497 -0.27533497 -0.27533497
 -0.27533497 -0.27533497 -0.27533497 -0.27533497 -0.27533497 -0.27533497
 -0.27533497 -0.27533497 -0.27533497 -0.27533497 -0.27533497 -0.27533497
 -0.27533497 -0.27533497 -0.27533497 -0.27533497 -0.27533497 -0.27533497
 -0.27533497 -0.27533497 -0.27533497 -0.27533497 -0.27533497 -0.27533497
 -0.27533497 -0.27533497 -0.27533497 -0.27533497 -0.27533497 -0.27533497
 -0.27533497  3.01252713 -0.27533497 -0.27533497  3.07535536 -0.27533497
 -0.27533497 -0.27533497 -0.27533497 -0.27533497  3.852731   -0.27533497
  2.92423288  1.93263029  4.48659402 -0.27533497  4.02537935  0.80265102
 -0.27533497 -0.27533497 -0.27533497 -0.27533497 -0.27533497 -0.27533497
 -0.27533497 -0.27533497 -0.27533497 -0.27533497 -0.27533497 -0.27533497
 -0.27533497 -0.27533497 -0.27533497 -0.27533497 -0.27533497 -0.27533497
 -0.27533497 -0.27533497 -0.27533497 -0.27533497 -0.27533497 -0.27533497
 -0.27533497 -0.27533497 -0.27533497 -0.27533497 -0.27533497 -0.27533497
 -0.27533497  4.57547474 -0.27533497 -0.27533497 -0.27533497 -0.27533497
 -0.27533497 -0.27533497 -0.27533497 -0.27533497 -0.27533497 -0.27533497
 -0.27533497  0.25346115 -0.27533497 -0.27533497 -0.27533497 -0.27533497
 -0.27533497 -0.27533497 -0.27533497 -0.27533497 -0.27533497 -0.27533497
  4.01351428 -0.27533497 -0.27533497 -0.27533497 -0.27533497  2.50342489
 -0.27533497 -0.27533497 -0.27533497 -0.27533497 -0.27533497 -0.27533497
 -0.27533497 -0.27533497 -0.27533497 -0.27533497 -0.27533497]",[-0.039678943200181394]
0,"[-0.21954272 -0.21954272 -0.21954272 -0.21954272 -0.21954272 -0.21954272
 -0.21954272 -0.21954272 -0.21954272 -0.21954272 -0.21954272 -0.21954272
 -0.21954272 -0.21954272 -0.21954272 -0.21954272  0.90941928 -0.21954272
 -0.21954272 -0.21954272 -0.21954272 -0.21954272 -0.21954272 -0.21954272
 -0.21954272 -0.21954272 -0.21954272 -0.21954272  1.85844731 -0.21954272
 -0.21954272 -0.21954272 -0.21954272 -0.21954272 -0.21954272 -0.21954272
 -0.21954272 -0.21954272 -0.21954272 -0.21954272  7.83285954  0.0627758
 -0.21954272 -0.21954272 -0.21954272 -0.21954272 -0.21954272 -0.21954272
 -0.21954272 -0.21954272 -0.21954272 -0.21954272 -0.21954272  0.04773788
 -0.21954272 -0.21954272 -0.21954272 -0.21954272 -0.21954272 -0.21954272
 -0.21954272 -0.21954272 -0.21954272 -0.21954272 -0.21954272 -0.21954272
 -0.21954272 -0.21954272 -0.21954272 -0.21954272 -0.21954272 -0.21954272
 -0.21954272 -0.21954272 -0.21954272 -0.21954272 -0.21954272  1.35383678
 -0.21954272 -0.21954272 -0.21954272 -0.21954272 -0.21954272 -0.21954272
 -0.21954272 -0.21954272 -0.21954272 -0.21954272  4.30224637 -0.21954272
 -0.21954272  4.5009257  -0.21954272 -0.21954272  0.63955193 -0.21954272
 -0.21954272 -0.21954272 -0.21954272 -0.21954272 -0.10764486 -0.21954272
  0.98840447 -0.21954272  1.347638   -0.21954272  5.2162244  -0.21954272
 -0.21954272 -0.21954272 -0.21954272 -0.21954272 -0.21954272 -0.21954272
 -0.21954272 -0.21954272 -0.21954272 -0.21954272 -0.21954272 -0.21954272
 -0.21954272 -0.21954272 -0.21954272 -0.21954272 -0.21954272 -0.21954272
 -0.21954272 -0.21954272 -0.21954272 -0.21954272 -0.21954272 -0.21954272
 -0.21954272 -0.21954272 -0.21954272 -0.21954272 -0.21954272 -0.21954272
 -0.21954272 -0.21954272 -0.21954272 -0.21954272 -0.21954272 -0.21954272
 -0.21954272 -0.21954272 -0.21954272 -0.21954272 -0.21954272 -0.21954272
 -0.21954272 -0.21954272 -0.21954272 -0.21954272 -0.21954272 -0.21954272
 -0.21954272 -0.21954272 -0.21954272 -0.21954272 -0.21954272 -0.21954272
  5.71283061 -0.21954272 -0.21954272 -0.21954272 -0.21954272  1.33975318
 -0.21954272 -0.21954272 -0.21954272 -0.21954272 -0.21954272 -0.21954272
 -0.21954272 -0.21954272 -0.21954272 -0.21954272 -0.21954272]",[-0.07228591225502215]
0,"[-0.30211297 -0.30211297 -0.30211297 -0.04492927 -0.30211297 -0.30211297
 -0.30211297 -0.30211297 -0.30211297 -0.30211297 -0.30211297 -0.30211297
 -0.30211297 -0.30211297 -0.30211297 -0.30211297  0.295516   -0.30211297
 -0.30211297 -0.30211297 -0.30211297 -0.30211297 -0.30211297 -0.30211297
 -0.30211297 -0.30211297 -0.30211297 -0.30211297 -0.30211297 -0.30211297
 -0.30211297 -0.30211297 -0.30211297 -0.30211297 -0.30211297 -0.30211297
 -0.30211297 -0.30211297 -0.30211297 -0.30211297  4.95025543  1.43180178
 -0.30211297 -0.30211297 -0.30211297 -0.30211297 -0.30211297 -0.30211297
 -0.30211297 -0.30211297 -0.30211297 -0.30211297 -0.30211297  1.43884969
  0.02814921 -0.30211297 -0.30211297 -0.30211297 -0.30211297 -0.30211297
 -0.30211297 -0.30211297 -0.30211297 -0.30211297 -0.30211297 -0.30211297
 -0.30211297 -0.30211297 -0.30211297 -0.30211297 -0.30211297 -0.30211297
 -0.30211297 -0.30211297 -0.30211297 -0.30211297 -0.30211297 -0.30211297
 -0.30211297 -0.30211297 -0.30211297 -0.30211297 -0.30211297  0.61714884
 -0.30211297 -0.30211297 -0.30211297 -0.30211297  2.03745771 -0.30211297
 -0.30211297  2.53195268 -0.30211297 -0.22282079  3.23880021 -0.30211297
 -0.30211297 -0.30211297 -0.30211297 -0.30211297  3.60877111 -0.30211297
  3.87499115  2.36669842  4.02398744 -0.30211297  3.34678064  2.58124129
 -0.30211297 -0.30211297 -0.30211297 -0.30211297 -0.30211297 -0.30211297
 -0.30211297 -0.30211297 -0.30211297 -0.30211297 -0.30211297 -0.30211297
 -0.30211297 -0.30211297 -0.30211297 -0.30211297 -0.30211297 -0.30211297
 -0.30211297 -0.30211297 -0.30211297 -0.30211297 -0.30211297 -0.30211297
 -0.30211297 -0.30211297 -0.30211297 -0.30211297 -0.30211297 -0.30211297
 -0.30211297  4.74743255 -0.30211297 -0.30211297 -0.30211297 -0.30211297
 -0.30211297 -0.30211297 -0.30211297 -0.30211297 -0.30211297 -0.30211297
 -0.30211297 -0.30211297 -0.30211297 -0.30211297 -0.30211297 -0.30211297
 -0.30211297 -0.30211297 -0.30211297 -0.30211297 -0.30211297 -0.30211297
  3.97007245 -0.30211297 -0.30211297 -0.30211297 -0.30211297  2.89568437
  0.01600774 -0.30211297 -0.30211297 -0.30211297 -0.30211297 -0.30211297
 -0.30211297 -0.30211297 -0.30211297 -0.30211297 -0.30211297]",[-0.014287230812722096]
0,"[-1.52603096e-01 -1.52603096e-01 -1.52603096e-01 -1.52603096e-01
 -1.52603096e-01 -1.52603096e-01 -1.52603096e-01 -1.52603096e-01
 -1.52603096e-01 -1.52603096e-01 -1.52603096e-01 -1.52603096e-01
 -1.52603096e-01 -1.52603096e-01 -1.52603096e-01 -1.52603096e-01
 -1.52603096e-01 -1.52603096e-01 -1.52603096e-01 -1.52603096e-01
 -1.52603096e-01 -1.52603096e-01 -1.52603096e-01 -1.52603096e-01
 -1.52603096e-01 -1.52603096e-01 -1.52603096e-01 -1.52603096e-01
  7.99440020e-01 -1.52603096e-01 -1.52603096e-01 -1.52603096e-01
 -1.52603096e-01 -1.52603096e-01 -1.52603096e-01 -1.52603096e-01
 -1.52603096e-01 -1.52603096e-01 -1.52603096e-01 -1.52603096e-01
  8.77214214e+00 -1.52603096e-01 -1.52603096e-01 -1.52603096e-01
 -1.52603096e-01 -1.52603096e-01 -1.52603096e-01 -1.52603096e-01
 -1.52603096e-01 -1.52603096e-01 -1.52603096e-01 -1.52603096e-01
 -1.52603096e-01 -1.52603096e-01 -1.52603096e-01 -1.52603096e-01
 -1.52603096e-01 -1.52603096e-01 -1.52603096e-01 -1.52603096e-01
 -1.52603096e-01 -1.52603096e-01 -1.52603096e-01 -1.52603096e-01
 -1.52603096e-01 -1.52603096e-01 -1.52603096e-01 -1.52603096e-01
 -1.52603096e-01 -1.52603096e-01 -1.52603096e-01 -1.52603096e-01
 -1.52603096e-01 -1.52603096e-01 -1.52603096e-01 -1.52603096e-01
 -1.52603096e-01 -1.52603096e-01 -1.52603096e-01 -1.52603096e-01
 -1.52603096e-01 -1.52603096e-01 -1.52603096e-01 -1.52603096e-01
 -1.52603096e-01 -1.52603096e-01 -1.52603096e-01 -1.52603096e-01
 -1.52603096e-01 -1.52603096e-01 -1.52603096e-01  2.64203906e+00
 -1.52603096e-01 -1.52603096e-01  3.50144409e-01 -1.52603096e-01
 -1.52603096e-01 -1.52603096e-01 -1.52603096e-01 -1.52603096e-01
  7.10387484e-04 -1.52603096e-01 -1.52603096e-01 -1.52603096e-01
 -1.52603096e-01 -1.52603096e-01  3.30787167e+00 -1.52603096e-01
 -1.52603096e-01 -1.52603096e-01 -1.52603096e-01 -1.52603096e-01
 -1.52603096e-01 -1.52603096e-01 -1.52603096e-01 -1.52603096e-01
 -1.52603096e-01 -1.52603096e-01 -1.52603096e-01 -1.52603096e-01
 -1.52603096e-01 -1.52603096e-01 -1.52603096e-01 -1.52603096e-01
 -1.52603096e-01 -1.52603096e-01 -1.52603096e-01 -1.52603096e-01
 -1.52603096e-01 -1.52603096e-01 -1.52603096e-01 -1.52603096e-01
 -1.52603096e-01 -1.52603096e-01 -1.52603096e-01 -1.52603096e-01
 -1.52603096e-01 -1.52603096e-01 -1.52603096e-01 -1.52603096e-01
 -1.52603096e-01 -1.52603096e-01 -1.52603096e-01 -1.52603096e-01
 -1.52603096e-01 -1.52603096e-01 -1.52603096e-01 -1.52603096e-01
 -1.52603096e-01 -1.52603096e-01 -1.52603096e-01 -1.52603096e-01
 -1.52603096e-01 -1.52603096e-01 -1.52603096e-01 -1.52603096e-01
 -1.52603096e-01 -1.52603096e-01 -1.52603096e-01 -1.52603096e-01
 -1.52603096e-01 -1.52603096e-01  8.87056280e+00 -1.52603096e-01
 -1.52603096e-01 -1.52603096e-01 -1.52603096e-01  6.06796784e-01
  5.92818965e-01 -1.52603096e-01 -1.52603096e-01 -1.52603096e-01
 -1.52603096e-01 -1.52603096e-01 -1.52603096e-01 -1.52603096e-01
 -1.52603096e-01 -1.52603096e-01 -1.52603096e-01]",[-0.10513168429624761]
0,"[-0.22067246 -0.22067246 -0.22067246 -0.22067246 -0.22067246 -0.22067246
 -0.22067246 -0.22067246 -0.22067246 -0.22067246 -0.22067246 -0.22067246
 -0.22067246 -0.22067246 -0.22067246 -0.22067246 -0.22067246 -0.22067246
 -0.22067246 -0.22067246 -0.22067246 -0.22067246 -0.22067246 -0.22067246
 -0.22067246 -0.22067246 -0.22067246 -0.22067246 -0.22067246 -0.22067246
 -0.22067246 -0.22067246 -0.22067246 -0.22067246 -0.22067246 -0.22067246
 -0.22067246 -0.22067246 -0.22067246 -0.22067246  8.16694311 -0.22067246
 -0.22067246 -0.22067246 -0.22067246 -0.22067246 -0.22067246 -0.22067246
 -0.22067246 -0.22067246 -0.22067246 -0.22067246 -0.22067246  6.56147265
  1.18741597 -0.22067246  2.04874729 -0.22067246 -0.22067246 -0.22067246
 -0.22067246 -0.22067246 -0.22067246 -0.22067246 -0.22067246 -0.22067246
 -0.22067246 -0.22067246 -0.22067246 -0.22067246 -0.22067246 -0.22067246
 -0.22067246 -0.22067246 -0.22067246 -0.22067246 -0.22067246 -0.22067246
 -0.22067246 -0.22067246 -0.22067246 -0.22067246 -0.22067246 -0.22067246
 -0.22067246 -0.22067246 -0.22067246 -0.22067246 -0.22067246  1.533782
 -0.22067246 -0.22067246 -0.22067246 -0.22067246  2.40496328 -0.22067246
 -0.22067246 -0.22067246 -0.22067246 -0.22067246  0.78059609 -0.22067246
 -0.22067246 -0.22067246  0.69331589  2.62046067  0.4553345   0.58133301
 -0.22067246 -0.22067246 -0.22067246 -0.22067246 -0.22067246 -0.22067246
 -0.22067246 -0.22067246 -0.22067246 -0.22067246 -0.22067246 -0.22067246
 -0.22067246 -0.22067246 -0.22067246 -0.22067246 -0.22067246 -0.22067246
 -0.22067246 -0.22067246 -0.22067246 -0.22067246 -0.22067246 -0.22067246
 -0.22067246 -0.22067246 -0.22067246 -0.22067246 -0.22067246 -0.22067246
 -0.22067246 -0.22067246 -0.22067246 -0.22067246 -0.22067246 -0.22067246
 -0.22067246 -0.22067246 -0.22067246 -0.22067246 -0.22067246 -0.22067246
 -0.22067246 -0.22067246 -0.22067246 -0.22067246 -0.22067246 -0.22067246
 -0.22067246 -0.22067246 -0.22067246 -0.22067246 -0.22067246 -0.22067246
  5.56987408 -0.22067246 -0.22067246 -0.22067246 -0.22067246 -0.22067246
 -0.22067246  1.31242283 -0.22067246 -0.22067246 -0.22067246 -0.22067246
 -0.22067246 -0.22067246 -0.22067246 -0.22067246  2.4942943 ]",[-0.08932384330046647]
0,"[-0.2988957  -0.2988957  -0.2988957  -0.24986819 -0.2988957  -0.2988957
 -0.2988957  -0.2988957  -0.2988957  -0.2988957  -0.2988957  -0.2988957
 -0.2988957  -0.2988957  -0.2988957  -0.2988957  -0.2988957  -0.2988957
 -0.2988957  -0.2988957  -0.2988957  -0.2988957  -0.2988957  -0.2988957
 -0.2988957  -0.2988957  -0.2988957  -0.2988957  -0.2988957  -0.2988957
 -0.2988957  -0.2988957  -0.2988957  -0.2988957  -0.2988957  -0.2988957
 -0.2988957  -0.2988957  -0.2988957  -0.2988957   5.85808189  2.48355429
 -0.2988957  -0.2988957  -0.2988957  -0.2988957  -0.2988957  -0.2988957
 -0.2988957  -0.2988957  -0.08850313 -0.2988957  -0.2988957   5.340365
  2.73702381 -0.2988957   2.54509649 -0.2988957  -0.2988957  -0.2988957
 -0.2988957  -0.2988957  -0.2988957  -0.2988957  -0.2988957  -0.2988957
 -0.2988957  -0.2988957  -0.2988957  -0.2988957  -0.2988957  -0.2988957
 -0.2988957  -0.2988957  -0.2988957  -0.2988957  -0.2988957  -0.2988957
 -0.2988957  -0.2988957  -0.2988957  -0.2988957  -0.2988957  -0.2988957
 -0.2988957  -0.2988957  -0.2988957  -0.2988957   0.67555225 -0.2988957
 -0.2988957   0.96336717 -0.2988957  -0.1898868   0.5032856  -0.2988957
 -0.2988957  -0.2988957  -0.2988957  -0.2988957   2.69368508 -0.2988957
  2.19635637  2.24943212  2.116782   -0.2988957   0.51829515 -0.2988957
 -0.2988957  -0.2988957  -0.2988957  -0.2988957  -0.2988957  -0.2988957
 -0.2988957  -0.2988957  -0.2988957  -0.2988957  -0.2988957  -0.2988957
 -0.2988957  -0.2988957  -0.2988957  -0.2988957  -0.2988957  -0.2988957
 -0.2988957  -0.2988957  -0.2988957  -0.2988957  -0.2988957  -0.2988957
 -0.2988957  -0.2988957  -0.2988957  -0.2988957  -0.2988957  -0.2988957
 -0.2988957   4.48765344 -0.2988957  -0.2988957  -0.2988957  -0.2988957
 -0.2988957  -0.2988957  -0.2988957  -0.2988957   3.53923371 -0.2988957
 -0.2988957  -0.2988957  -0.2988957  -0.2988957  -0.2988957  -0.2988957
 -0.2988957  -0.2988957  -0.2988957  -0.2988957  -0.2988957  -0.2988957
  2.95080511 -0.2988957  -0.2988957  -0.2988957  -0.2988957   1.67010141
  0.16064211 -0.2988957  -0.2988957  -0.2988957  -0.2988957  -0.2988957
 -0.2988957  -0.2988957  -0.2988957  -0.2988957   3.76557053]",[0.03525633429572933]
0,"[-0.253892   -0.253892   -0.253892   -0.253892   -0.253892   -0.253892
 -0.253892   -0.253892   -0.253892   -0.253892   -0.253892   -0.253892
 -0.253892   -0.253892   -0.253892   -0.253892    0.45975668 -0.253892
 -0.253892   -0.253892   -0.253892   -0.253892   -0.253892   -0.253892
 -0.253892   -0.253892   -0.253892   -0.253892   -0.253892   -0.253892
 -0.253892   -0.253892   -0.253892   -0.253892   -0.253892   -0.253892
 -0.253892   -0.253892   -0.253892   -0.253892    5.93185003 -0.253892
 -0.253892   -0.253892   -0.253892   -0.253892   -0.253892   -0.253892
 -0.253892   -0.253892   -0.253892   -0.253892   -0.253892    0.11994097
 -0.253892   -0.253892   -0.253892   -0.253892   -0.253892   -0.253892
 -0.253892   -0.253892   -0.253892   -0.253892   -0.253892   -0.253892
 -0.253892   -0.253892   -0.253892   -0.253892   -0.253892   -0.253892
 -0.253892   -0.253892   -0.253892   -0.253892   -0.253892    1.99313467
 -0.253892   -0.253892   -0.253892   -0.253892   -0.253892   -0.253892
 -0.253892   -0.253892   -0.253892    2.94889707  2.00316067 -0.253892
 -0.253892    3.5631881  -0.253892   -0.253892    3.47839868 -0.253892
 -0.253892   -0.253892   -0.253892   -0.253892    2.43448751 -0.253892
 -0.253892   -0.253892    2.08467973 -0.253892    3.39614333 -0.253892
 -0.253892   -0.253892   -0.253892   -0.253892   -0.253892   -0.253892
 -0.253892   -0.253892   -0.253892   -0.253892   -0.253892   -0.253892
 -0.253892   -0.253892   -0.253892   -0.253892   -0.253892   -0.253892
 -0.253892   -0.253892   -0.253892   -0.253892   -0.253892   -0.253892
 -0.253892   -0.253892   -0.253892   -0.253892   -0.253892   -0.253892
 -0.253892   -0.253892   -0.253892   -0.253892   -0.253892   -0.253892
 -0.253892   -0.253892   -0.253892   -0.253892   -0.253892   -0.253892
 -0.253892   -0.253892   -0.253892   -0.253892   -0.253892   -0.253892
 -0.253892   -0.253892   -0.253892   -0.253892   -0.253892   -0.253892
  6.03299723 -0.253892   -0.253892   -0.253892   -0.253892    5.38905111
  2.05649422 -0.253892   -0.253892   -0.253892   -0.253892   -0.253892
 -0.253892   -0.253892   -0.253892   -0.253892   -0.253892  ]",[0.0071067548114143175]
0,"[-0.27466508 -0.27466508 -0.27466508 -0.12961311 -0.27466508 -0.27466508
 -0.27466508 -0.27466508 -0.27466508 -0.27466508 -0.27466508 -0.27466508
 -0.27466508 -0.27466508 -0.27466508 -0.27466508  1.20024765 -0.27466508
 -0.27466508 -0.27466508 -0.27466508 -0.27466508 -0.27466508 -0.27466508
 -0.27466508 -0.27466508 -0.27466508 -0.27466508 -0.27466508 -0.27466508
 -0.27466508 -0.27466508 -0.27466508 -0.27466508 -0.27466508 -0.27466508
 -0.27466508 -0.27466508 -0.27466508 -0.27466508  4.35220855  2.87326325
 -0.27466508 -0.27466508 -0.27466508 -0.27466508 -0.27466508 -0.27466508
 -0.27466508 -0.27466508 -0.27466508 -0.27466508 -0.27466508  5.84658482
  4.60261051 -0.27466508 -0.27466508 -0.27466508 -0.27466508 -0.27466508
 -0.27466508 -0.27466508 -0.27466508 -0.27466508 -0.27466508 -0.27466508
 -0.27466508 -0.27466508 -0.27466508 -0.27466508 -0.27466508 -0.27466508
  0.13262624 -0.27466508 -0.27466508 -0.27466508 -0.27466508 -0.27466508
 -0.27466508 -0.27466508 -0.27466508 -0.27466508 -0.27466508 -0.27466508
 -0.27466508 -0.27466508 -0.27466508  1.04262113 -0.27466508 -0.27466508
 -0.27466508  3.82833643 -0.27466508  0.38181853 -0.27466508 -0.27466508
 -0.27466508 -0.27466508 -0.27466508 -0.27466508  3.26057817 -0.27466508
  3.14255543  3.11657829  4.30745854 -0.27466508  0.13579722 -0.27466508
 -0.27466508 -0.27466508 -0.27466508 -0.27466508 -0.27466508 -0.27466508
 -0.27466508 -0.27466508 -0.27466508 -0.27466508 -0.27466508 -0.27466508
 -0.27466508 -0.27466508 -0.27466508 -0.27466508 -0.27466508 -0.27466508
 -0.27466508 -0.27466508 -0.27466508 -0.27466508 -0.27466508 -0.27466508
 -0.27466508 -0.27466508 -0.27466508 -0.27466508 -0.27466508 -0.27466508
 -0.27466508 -0.27466508 -0.27466508 -0.27466508 -0.27466508 -0.27466508
 -0.27466508 -0.27466508 -0.27466508 -0.27466508 -0.27466508 -0.27466508
 -0.27466508 -0.27466508 -0.27466508 -0.27466508 -0.27466508 -0.27466508
 -0.27466508 -0.27466508 -0.27466508 -0.27466508 -0.27466508 -0.27466508
  3.79439865 -0.27466508 -0.27466508 -0.27466508 -0.27466508  1.87869758
 -0.27466508  0.45430986 -0.27466508 -0.27466508 -0.27466508 -0.27466508
 -0.27466508 -0.27466508 -0.27466508 -0.27466508 -0.27466508]",[-0.08210937818533837]
0,"[-0.23474324 -0.23474324 -0.23474324 -0.23474324 -0.23474324 -0.23474324
 -0.23474324 -0.23474324 -0.23474324 -0.23474324 -0.23474324 -0.23474324
 -0.23474324 -0.23474324 -0.23474324 -0.23474324  0.62653329 -0.23474324
 -0.23474324 -0.23474324 -0.23474324 -0.23474324 -0.23474324 -0.23474324
 -0.23474324 -0.23474324 -0.23474324 -0.23474324 -0.23474324 -0.23474324
 -0.23474324 -0.23474324 -0.23474324 -0.23474324 -0.23474324 -0.23474324
 -0.23474324 -0.23474324 -0.23474324 -0.23474324  7.38138402  2.03644604
 -0.23474324 -0.23474324 -0.23474324 -0.23474324 -0.23474324 -0.23474324
 -0.23474324 -0.23474324 -0.23474324 -0.23474324 -0.23474324  6.51356441
 -0.09525601 -0.23474324 -0.23474324 -0.23474324 -0.23474324 -0.23474324
 -0.23474324 -0.23474324 -0.23474324 -0.23474324 -0.23474324 -0.23474324
 -0.23474324 -0.23474324 -0.23474324 -0.23474324 -0.23474324 -0.23474324
  1.0213939  -0.23474324 -0.23474324 -0.23474324 -0.23474324 -0.23474324
 -0.23474324 -0.23474324 -0.23474324 -0.23474324 -0.23474324 -0.23474324
 -0.23474324 -0.23474324 -0.23474324  1.09005635 -0.23474324 -0.23474324
 -0.23474324 -0.23474324 -0.23474324 -0.23474324  2.09484169 -0.23474324
 -0.23474324 -0.23474324 -0.23474324 -0.23474324  3.59446132 -0.23474324
  3.70993969  0.87092214 -0.23474324 -0.23474324  3.26280165 -0.23474324
 -0.23474324 -0.23474324 -0.23474324 -0.23474324 -0.23474324 -0.23474324
 -0.23474324 -0.23474324 -0.23474324 -0.23474324 -0.23474324 -0.23474324
 -0.23474324 -0.23474324 -0.23474324 -0.23474324 -0.23474324 -0.23474324
 -0.23474324 -0.23474324 -0.23474324 -0.23474324 -0.23474324 -0.23474324
 -0.23474324 -0.23474324 -0.23474324 -0.23474324 -0.23474324 -0.23474324
 -0.23474324 -0.23474324 -0.23474324 -0.23474324 -0.23474324 -0.23474324
 -0.23474324 -0.23474324 -0.23474324 -0.23474324 -0.23474324 -0.23474324
 -0.23474324 -0.23474324 -0.23474324 -0.23474324 -0.23474324 -0.23474324
 -0.23474324 -0.23474324 -0.23474324 -0.23474324 -0.23474324 -0.23474324
  4.25901509 -0.23474324 -0.23474324 -0.23474324 -0.23474324  2.3665312
 -0.23474324 -0.23474324 -0.23474324 -0.23474324 -0.23474324 -0.23474324
 -0.23474324 -0.23474324 -0.23474324 -0.23474324 -0.23474324]",[-0.07760431046810501]
0,"[-0.27908896 -0.27908896 -0.27908896 -0.27908896 -0.27908896 -0.27908896
 -0.27908896 -0.27908896 -0.27908896 -0.27908896 -0.27908896 -0.27908896
 -0.27908896 -0.27908896 -0.27908896 -0.27908896 -0.27908896 -0.27908896
 -0.27908896 -0.27908896 -0.27908896 -0.27908896 -0.27908896 -0.27908896
 -0.27908896 -0.27908896 -0.27908896 -0.27908896 -0.27908896 -0.27908896
 -0.27908896 -0.27908896 -0.27908896 -0.27908896 -0.27908896 -0.27908896
 -0.27908896 -0.27908896 -0.27908896 -0.27908896  4.85673828  1.60601774
 -0.27908896 -0.27908896 -0.27908896 -0.27908896 -0.27908896 -0.27908896
 -0.27908896 -0.27908896 -0.27908896 -0.27908896 -0.27908896  6.14468984
  2.70438122 -0.27908896  1.83079003 -0.27908896 -0.27908896 -0.27908896
 -0.27908896 -0.27908896 -0.27908896 -0.27908896 -0.27908896 -0.27908896
 -0.27908896 -0.27908896 -0.27908896 -0.27908896 -0.27908896 -0.27908896
 -0.27908896 -0.27908896 -0.27908896 -0.27908896 -0.27908896 -0.27908896
 -0.27908896 -0.27908896 -0.27908896 -0.27908896 -0.27908896 -0.27908896
 -0.27908896 -0.27908896 -0.27908896 -0.27908896 -0.27908896 -0.27908896
 -0.27908896  1.55965869 -0.27908896 -0.27908896  1.85285064 -0.27908896
 -0.27908896 -0.27908896 -0.27908896 -0.27908896  2.96071952 -0.27908896
  3.40693118  1.40449566  3.86147146 -0.27908896  4.70262655 -0.27908896
 -0.27908896 -0.27908896 -0.27908896 -0.27908896 -0.27908896 -0.27908896
 -0.27908896 -0.27908896 -0.27908896 -0.27908896 -0.27908896 -0.27908896
 -0.27908896 -0.27908896 -0.27908896 -0.27908896 -0.27908896 -0.27908896
 -0.27908896 -0.27908896 -0.27908896 -0.27908896 -0.27908896 -0.27908896
 -0.27908896 -0.27908896 -0.27908896 -0.27908896 -0.27908896 -0.27908896
 -0.27908896 -0.27908896 -0.27908896 -0.27908896 -0.27908896 -0.27908896
 -0.27908896 -0.27908896 -0.27908896 -0.27908896  2.89664272 -0.27908896
 -0.27908896 -0.27908896 -0.27908896 -0.27908896 -0.27908896 -0.27908896
 -0.27908896 -0.27908896 -0.27908896 -0.27908896 -0.27908896 -0.27908896
  2.75358363 -0.27908896 -0.27908896 -0.27908896 -0.27908896  3.22899238
 -0.27908896 -0.27908896 -0.27908896 -0.27908896 -0.27908896 -0.27908896
 -0.27908896 -0.27908896 -0.27908896 -0.27908896 -0.27908896]",[-0.0301377981198942]
0,"[-0.22552993 -0.22552993 -0.22552993 -0.22552993 -0.22552993 -0.22552993
 -0.22552993 -0.22552993 -0.22552993 -0.22552993 -0.22552993 -0.22552993
 -0.22552993 -0.22552993 -0.22552993 -0.22552993  1.88704331 -0.22552993
 -0.22552993 -0.22552993 -0.22552993 -0.22552993 -0.22552993 -0.22552993
 -0.22552993 -0.22552993 -0.22552993 -0.22552993 -0.22552993 -0.22552993
 -0.22552993 -0.22552993 -0.22552993 -0.22552993 -0.22552993 -0.22552993
 -0.22552993 -0.22552993 -0.22552993 -0.22552993  5.65778052 -0.22552993
 -0.22552993 -0.22552993 -0.22552993 -0.22552993 -0.22552993 -0.22552993
 -0.22552993 -0.22552993 -0.22552993 -0.22552993 -0.22552993 -0.22552993
 -0.22552993 -0.22552993 -0.22552993 -0.22552993 -0.22552993 -0.22552993
 -0.22552993 -0.22552993 -0.22552993 -0.22552993 -0.22552993 -0.22552993
 -0.22552993 -0.22552993 -0.22552993 -0.22552993 -0.22552993 -0.22552993
 -0.22552993 -0.22552993 -0.22552993 -0.22552993 -0.22552993 -0.22552993
 -0.22552993 -0.22552993 -0.22552993 -0.22552993 -0.22552993 -0.22552993
 -0.22552993 -0.22552993 -0.22552993 -0.22552993  1.22933635 -0.22552993
 -0.22552993 -0.22552993 -0.22552993  1.95136489  4.09513973 -0.22552993
 -0.22552993 -0.22552993 -0.22552993 -0.22552993  3.73266683 -0.22552993
  4.46715361 -0.22552993  5.67923232 -0.22552993  3.63929137 -0.22552993
 -0.22552993 -0.22552993 -0.22552993 -0.22552993 -0.22552993 -0.22552993
 -0.22552993 -0.22552993 -0.22552993 -0.22552993 -0.22552993 -0.22552993
 -0.22552993 -0.22552993 -0.22552993 -0.22552993 -0.22552993 -0.22552993
 -0.22552993 -0.22552993 -0.22552993 -0.22552993 -0.22552993 -0.22552993
 -0.22552993 -0.22552993 -0.22552993 -0.22552993 -0.22552993 -0.22552993
 -0.22552993 -0.22552993 -0.22552993 -0.22552993 -0.22552993 -0.22552993
 -0.22552993 -0.22552993 -0.22552993 -0.22552993 -0.22552993 -0.22552993
 -0.22552993 -0.22552993 -0.22552993 -0.22552993 -0.22552993 -0.22552993
 -0.22552993 -0.22552993 -0.22552993 -0.22552993 -0.22552993 -0.22552993
  5.77554906 -0.22552993 -0.22552993 -0.22552993 -0.22552993 -0.22552993
 -0.22552993 -0.22552993 -0.22552993 -0.22552993 -0.22552993 -0.22552993
 -0.22552993 -0.22552993 -0.22552993 -0.22552993 -0.22552993]",[-0.021657086138351017]
0,"[-0.24614361 -0.24614361 -0.24614361 -0.24614361 -0.24614361 -0.24614361
 -0.24614361 -0.24614361 -0.24614361 -0.24614361 -0.24614361 -0.24614361
 -0.24614361 -0.24614361 -0.24614361 -0.24614361 -0.24614361 -0.24614361
 -0.24614361 -0.24614361 -0.24614361 -0.24614361 -0.24614361 -0.24614361
 -0.24614361 -0.24614361 -0.24614361 -0.24614361 -0.24614361 -0.24614361
 -0.24614361 -0.24614361 -0.24614361 -0.24614361 -0.24614361 -0.24614361
 -0.24614361 -0.24614361 -0.24614361 -0.24614361  5.39974401  2.10615235
 -0.24614361 -0.24614361 -0.24614361 -0.24614361 -0.24614361 -0.24614361
 -0.24614361 -0.24614361 -0.24614361 -0.24614361 -0.24614361  0.20784035
 -0.24614361 -0.24614361 -0.24614361 -0.24614361 -0.24614361 -0.24614361
 -0.24614361 -0.24614361 -0.24614361 -0.24614361 -0.24614361 -0.24614361
 -0.24614361 -0.24614361 -0.24614361 -0.24614361 -0.24614361 -0.24614361
 -0.24614361 -0.24614361 -0.24614361 -0.24614361 -0.24614361 -0.24614361
 -0.24614361 -0.24614361 -0.24614361 -0.24614361  1.61844306 -0.24614361
 -0.24614361 -0.24614361 -0.24614361 -0.24614361 -0.24614361 -0.24614361
 -0.24614361 -0.24614361 -0.24614361 -0.24614361  3.2473827  -0.24614361
 -0.24614361 -0.24614361 -0.24614361 -0.24614361  3.96834241 -0.24614361
  4.97201012  2.05153883  4.63868503 -0.24614361  3.080984   -0.24614361
 -0.24614361 -0.24614361 -0.24614361 -0.24614361 -0.24614361 -0.24614361
 -0.24614361 -0.24614361 -0.24614361 -0.24614361 -0.24614361 -0.24614361
 -0.24614361 -0.24614361 -0.24614361 -0.24614361 -0.24614361 -0.24614361
 -0.24614361 -0.24614361 -0.24614361 -0.24614361 -0.24614361 -0.24614361
 -0.24614361 -0.24614361 -0.24614361 -0.24614361 -0.24614361 -0.24614361
 -0.24614361 -0.24614361 -0.24614361 -0.24614361 -0.24614361 -0.24614361
 -0.24614361 -0.24614361 -0.24614361 -0.24614361 -0.24614361 -0.24614361
 -0.24614361 -0.24614361 -0.24614361 -0.24614361 -0.24614361 -0.24614361
 -0.24614361 -0.24614361 -0.24614361 -0.24614361 -0.24614361 -0.24614361
  6.27050744 -0.24614361 -0.24614361 -0.24614361 -0.24614361  2.56991799
 -0.24614361  0.72829093 -0.24614361 -0.24614361 -0.24614361 -0.24614361
 -0.24614361 -0.24614361 -0.24614361 -0.24614361 -0.24614361]",[-0.058505827503257085]
0,"[-0.26617787 -0.26617787 -0.26617787  0.04539372 -0.26617787 -0.26617787
 -0.26617787 -0.26617787 -0.26617787 -0.26617787 -0.26617787 -0.26617787
 -0.26617787 -0.26617787 -0.26617787 -0.26617787  0.39918515 -0.26617787
 -0.26617787 -0.26617787 -0.26617787 -0.26617787 -0.26617787 -0.26617787
 -0.26617787 -0.26617787 -0.26617787 -0.26617787  0.20360982 -0.26617787
 -0.26617787 -0.26617787 -0.26617787 -0.26617787 -0.26617787 -0.26617787
 -0.26617787 -0.26617787 -0.26617787 -0.26617787  5.42773641  1.0595948
 -0.26617787 -0.26617787 -0.26617787 -0.26617787 -0.26617787 -0.26617787
 -0.26617787 -0.26617787 -0.26617787 -0.26617787 -0.26617787  6.02373421
 -0.26617787 -0.09788291 -0.26617787 -0.26617787 -0.26617787 -0.26617787
 -0.26617787 -0.26617787 -0.26617787 -0.26617787 -0.26617787 -0.26617787
 -0.26617787 -0.26617787 -0.26617787 -0.26617787 -0.26617787 -0.26617787
 -0.26617787 -0.26617787 -0.26617787 -0.26617787 -0.26617787 -0.26617787
 -0.26617787 -0.26617787 -0.26617787 -0.26617787 -0.26617787 -0.26617787
 -0.26617787 -0.26617787 -0.26617787 -0.26617787 -0.26617787  0.38155347
 -0.26617787  2.13312298 -0.26617787  0.26914311  3.87066146 -0.26617787
 -0.26617787 -0.26617787 -0.26617787 -0.26617787  2.50919597 -0.26617787
  1.69052796  1.10249201  4.21373992 -0.26617787  4.09625336 -0.26617787
 -0.26617787 -0.26617787 -0.26617787 -0.26617787 -0.26617787 -0.26617787
 -0.26617787 -0.26617787 -0.26617787 -0.26617787 -0.26617787 -0.26617787
 -0.26617787 -0.26617787 -0.26617787 -0.26617787 -0.26617787 -0.26617787
 -0.26617787 -0.26617787 -0.26617787 -0.26617787 -0.26617787 -0.26617787
 -0.26617787 -0.26617787 -0.26617787 -0.26617787 -0.26617787 -0.26617787
 -0.26617787  2.36364615 -0.26617787 -0.26617787 -0.26617787 -0.26617787
 -0.26617787 -0.26617787 -0.26617787 -0.26617787 -0.26617787 -0.26617787
 -0.26617787 -0.26617787 -0.26617787 -0.26617787 -0.26617787 -0.26617787
 -0.26617787 -0.26617787 -0.26617787 -0.26617787 -0.26617787 -0.26617787
  5.44938309 -0.26617787 -0.26617787 -0.26617787 -0.26617787 -0.26617787
  0.68823803 -0.26617787  0.49295196 -0.26617787 -0.26617787 -0.26617787
 -0.26617787 -0.26617787 -0.26617787 -0.26617787 -0.26617787]",[-0.12253594145851376]
0,"[-0.24885929 -0.24885929 -0.24885929 -0.21202911 -0.24885929 -0.24885929
 -0.24885929 -0.24885929 -0.24885929 -0.24885929 -0.24885929 -0.24885929
 -0.24885929 -0.24885929 -0.24885929 -0.24885929 -0.24885929 -0.24885929
 -0.24885929 -0.24885929 -0.24885929 -0.24885929 -0.24885929 -0.24885929
 -0.24885929 -0.24885929 -0.24885929 -0.24885929 -0.24885929 -0.24885929
 -0.24885929 -0.24885929 -0.24885929 -0.24885929 -0.24885929 -0.24885929
 -0.24885929 -0.24885929 -0.24885929 -0.24885929  7.07232584  0.28249985
 -0.24885929 -0.24885929 -0.24885929 -0.24885929 -0.24885929 -0.24885929
 -0.24885929 -0.24885929 -0.24885929 -0.24885929 -0.24885929  0.40077853
 -0.24885929 -0.24885929 -0.24885929 -0.24885929 -0.24885929 -0.24885929
 -0.24885929 -0.24885929 -0.24885929 -0.24885929 -0.24885929 -0.24885929
 -0.24885929 -0.24885929 -0.24885929 -0.24885929 -0.24885929 -0.24885929
 -0.24885929 -0.24885929 -0.24885929 -0.24885929 -0.24885929 -0.24885929
 -0.24885929 -0.24885929 -0.24885929 -0.24885929 -0.24885929 -0.24885929
 -0.24885929 -0.24885929 -0.24885929 -0.24885929  2.35116002 -0.24885929
 -0.24885929 -0.24885929 -0.24885929 -0.24885929  3.85690178 -0.10706487
 -0.24885929 -0.24885929 -0.24885929 -0.24885929  3.05298683 -0.24885929
  3.45614697  1.75216336  3.49808974 -0.24885929  4.1256049  -0.24885929
 -0.24885929 -0.24885929 -0.24885929 -0.24885929 -0.24885929 -0.24885929
 -0.24885929 -0.24885929 -0.24885929 -0.24885929 -0.24885929 -0.24885929
 -0.24885929 -0.24885929 -0.24885929 -0.24885929 -0.24885929 -0.24885929
 -0.24885929 -0.24885929 -0.24885929 -0.24885929 -0.24885929 -0.24885929
 -0.24885929 -0.24885929 -0.24885929 -0.24885929 -0.24885929 -0.24885929
 -0.24885929 -0.24885929 -0.24885929 -0.24885929 -0.24885929 -0.24885929
 -0.24885929 -0.24885929 -0.24885929 -0.24885929 -0.24885929 -0.24885929
 -0.24885929  0.78891241 -0.24885929 -0.24885929 -0.24885929 -0.24885929
 -0.24885929 -0.24885929 -0.24885929 -0.24885929 -0.24885929 -0.24885929
  4.86649663 -0.24885929 -0.24885929 -0.24885929 -0.24885929  4.39563476
 -0.24885929  0.98345693 -0.24885929 -0.24885929 -0.24885929 -0.24885929
 -0.24885929 -0.24885929 -0.24885929 -0.24885929 -0.24885929]",[-0.10692541777752237]
0,"[-2.58003872e-01 -2.58003872e-01 -2.58003872e-01 -2.58003872e-01
 -2.58003872e-01 -2.58003872e-01 -2.58003872e-01 -2.58003872e-01
 -2.58003872e-01 -2.58003872e-01 -2.58003872e-01 -2.58003872e-01
 -2.58003872e-01 -2.58003872e-01 -2.58003872e-01 -2.58003872e-01
 -2.58003872e-01 -2.58003872e-01 -2.58003872e-01 -2.58003872e-01
 -2.58003872e-01 -2.58003872e-01 -2.58003872e-01 -2.58003872e-01
 -2.58003872e-01 -2.58003872e-01 -2.58003872e-01 -2.58003872e-01
 -2.58003872e-01 -2.58003872e-01 -2.58003872e-01 -2.58003872e-01
 -2.58003872e-01 -2.58003872e-01 -2.58003872e-01 -2.58003872e-01
 -2.58003872e-01 -2.58003872e-01 -2.58003872e-01 -2.58003872e-01
  6.14840142e+00  2.33935109e-01 -2.58003872e-01 -2.58003872e-01
 -2.58003872e-01 -2.58003872e-01 -2.58003872e-01 -2.58003872e-01
 -2.58003872e-01 -2.58003872e-01 -4.07062671e-02 -2.58003872e-01
 -2.58003872e-01  5.56277082e+00  4.08929344e+00  2.66314903e+00
 -2.58003872e-01 -2.58003872e-01 -2.58003872e-01 -2.58003872e-01
 -2.58003872e-01 -2.58003872e-01 -2.58003872e-01 -2.58003872e-01
 -2.58003872e-01 -2.58003872e-01 -2.58003872e-01 -2.58003872e-01
 -2.58003872e-01 -2.58003872e-01 -2.58003872e-01 -2.58003872e-01
 -2.58003872e-01 -2.58003872e-01 -2.58003872e-01 -2.58003872e-01
 -2.58003872e-01 -2.58003872e-01 -2.58003872e-01 -2.58003872e-01
 -2.58003872e-01 -2.58003872e-01 -2.58003872e-01 -2.58003872e-01
 -2.58003872e-01 -2.58003872e-01 -2.58003872e-01 -2.58003872e-01
 -2.58003872e-01  2.32538570e+00 -2.58003872e-01  1.10347824e+00
 -2.58003872e-01 -1.45417326e-01  1.19798649e+00 -2.58003872e-01
 -2.58003872e-01 -2.58003872e-01 -2.58003872e-01 -2.58003872e-01
  1.22707538e+00 -2.58003872e-01 -2.58003872e-01  2.82812031e-03
  4.17504053e+00 -2.58003872e-01  4.83261084e+00 -2.58003872e-01
 -2.58003872e-01 -2.58003872e-01 -2.58003872e-01 -2.58003872e-01
 -2.58003872e-01 -2.58003872e-01 -2.58003872e-01 -2.58003872e-01
 -2.58003872e-01 -2.58003872e-01 -2.58003872e-01 -2.58003872e-01
 -2.58003872e-01 -2.58003872e-01 -2.58003872e-01 -2.58003872e-01
 -2.58003872e-01 -2.58003872e-01 -2.58003872e-01 -2.58003872e-01
 -2.58003872e-01 -2.58003872e-01 -2.58003872e-01 -2.58003872e-01
 -2.58003872e-01 -2.58003872e-01 -2.58003872e-01 -2.58003872e-01
 -2.58003872e-01 -2.58003872e-01 -2.58003872e-01 -2.58003872e-01
 -2.58003872e-01 -2.58003872e-01 -2.58003872e-01 -2.58003872e-01
 -2.58003872e-01 -2.58003872e-01 -2.58003872e-01 -2.58003872e-01
  2.42270516e+00 -2.58003872e-01 -2.58003872e-01 -2.58003872e-01
 -2.58003872e-01 -2.58003872e-01 -2.58003872e-01 -2.58003872e-01
 -2.58003872e-01 -2.58003872e-01 -2.58003872e-01 -2.58003872e-01
 -2.58003872e-01 -2.58003872e-01  4.15800694e+00 -2.58003872e-01
 -2.58003872e-01 -2.58003872e-01 -2.58003872e-01  1.45524060e+00
 -2.58003872e-01  1.26839231e-01 -2.58003872e-01 -2.58003872e-01
 -2.58003872e-01 -2.58003872e-01 -2.58003872e-01 -2.58003872e-01
 -2.58003872e-01 -2.58003872e-01 -2.58003872e-01]",[-0.08500474869248109]
0,"[-0.25429764 -0.25429764 -0.25429764 -0.25429764 -0.25429764 -0.25429764
 -0.25429764 -0.25429764 -0.25429764 -0.25429764 -0.25429764 -0.25429764
 -0.25429764 -0.25429764 -0.25429764 -0.25429764  1.20584775 -0.25429764
 -0.25429764 -0.25429764 -0.25429764 -0.25429764 -0.25429764 -0.25429764
 -0.25429764 -0.25429764 -0.25429764 -0.25429764 -0.25429764 -0.25429764
 -0.25429764 -0.25429764 -0.25429764 -0.25429764 -0.25429764 -0.25429764
 -0.25429764 -0.25429764 -0.25429764 -0.25429764  6.2866798   0.521137
 -0.25429764 -0.25429764 -0.25429764 -0.25429764 -0.25429764 -0.25429764
 -0.25429764 -0.25429764 -0.25429764 -0.25429764 -0.25429764  5.89666656
  4.87120735 -0.25429764 -0.25429764 -0.25429764 -0.25429764 -0.25429764
 -0.25429764 -0.25429764 -0.25429764 -0.25429764 -0.25429764 -0.25429764
 -0.25429764 -0.25429764 -0.25429764 -0.25429764 -0.25429764 -0.25429764
 -0.25429764 -0.25429764 -0.25429764 -0.25429764 -0.25429764 -0.25429764
 -0.25429764 -0.25429764 -0.25429764 -0.25429764 -0.25429764 -0.25429764
 -0.25429764 -0.25429764 -0.25429764 -0.25429764  1.05194209 -0.25429764
 -0.25429764  1.10087318 -0.25429764 -0.25429764  2.8085585   0.10367566
 -0.25429764 -0.25429764  0.95380774 -0.25429764  0.81602744 -0.25429764
  0.40916351  0.66155116 -0.07349171  2.75702429  2.14024167 -0.25429764
 -0.25429764 -0.25429764 -0.25429764 -0.25429764 -0.25429764 -0.25429764
 -0.25429764 -0.25429764 -0.25429764 -0.25429764 -0.25429764 -0.25429764
 -0.25429764 -0.25429764 -0.25429764 -0.25429764 -0.25429764 -0.25429764
 -0.25429764 -0.25429764 -0.25429764 -0.25429764 -0.25429764 -0.25429764
 -0.25429764 -0.25429764 -0.25429764 -0.25429764 -0.25429764 -0.25429764
 -0.25429764 -0.25429764 -0.25429764 -0.25429764 -0.25429764 -0.25429764
 -0.25429764 -0.25429764 -0.25429764 -0.25429764  2.89738116 -0.25429764
 -0.25429764 -0.25429764 -0.25429764 -0.25429764 -0.25429764 -0.25429764
 -0.25429764 -0.25429764 -0.25429764 -0.25429764 -0.25429764 -0.25429764
  5.98667251 -0.25429764 -0.25429764 -0.25429764 -0.25429764 -0.25429764
 -0.25429764  0.29265749 -0.25429764 -0.25429764 -0.25429764 -0.25429764
 -0.25429764 -0.25429764 -0.25429764 -0.25429764 -0.25429764]",[1.9741498808495939]
0,"[-0.28420272 -0.28420272 -0.28420272 -0.28420272 -0.28420272 -0.28420272
 -0.28420272 -0.28420272 -0.28420272 -0.28420272 -0.28420272 -0.28420272
 -0.28420272 -0.28420272 -0.28420272 -0.28420272 -0.28420272 -0.28420272
 -0.28420272 -0.28420272 -0.28420272 -0.28420272 -0.28420272 -0.28420272
 -0.28420272 -0.28420272 -0.28420272 -0.28420272 -0.28420272 -0.28420272
 -0.28420272 -0.28420272 -0.28420272 -0.28420272 -0.28420272 -0.28420272
 -0.28420272 -0.28420272 -0.28420272 -0.28420272  1.63657659 -0.28420272
 -0.28420272 -0.28420272 -0.28420272 -0.28420272 -0.28420272 -0.28420272
 -0.28420272 -0.28420272 -0.28420272 -0.28420272 -0.28420272  5.84655843
 -0.28420272 -0.28420272 -0.28420272 -0.28420272 -0.28420272 -0.28420272
 -0.28420272 -0.28420272 -0.28420272 -0.28420272 -0.28420272 -0.28420272
 -0.28420272 -0.28420272 -0.28420272 -0.28420272 -0.28420272 -0.28420272
  1.75601149 -0.28420272 -0.28420272 -0.28420272 -0.28420272 -0.28420272
 -0.28420272 -0.28420272 -0.28420272 -0.28420272 -0.28420272 -0.28420272
 -0.28420272 -0.28420272 -0.28420272 -0.28420272  2.40328417 -0.28420272
 -0.28420272  3.36473866 -0.28420272 -0.28420272  0.9483389  -0.28420272
 -0.28420272 -0.28420272 -0.28420272 -0.28420272  3.13981193 -0.28420272
  4.79752628  1.03309426  4.46382349  0.67402666  3.11782493  0.66191718
  1.32212399 -0.28420272 -0.28420272 -0.28420272 -0.28420272 -0.28420272
 -0.28420272 -0.28420272 -0.28420272 -0.28420272 -0.28420272 -0.28420272
 -0.28420272 -0.28420272 -0.28420272 -0.28420272 -0.28420272 -0.28420272
 -0.28420272 -0.28420272 -0.28420272 -0.28420272 -0.28420272 -0.28420272
 -0.28420272 -0.28420272 -0.28420272 -0.28420272 -0.28420272 -0.28420272
 -0.28420272 -0.28420272 -0.28420272 -0.28420272 -0.28420272 -0.28420272
 -0.28420272 -0.28420272 -0.28420272 -0.28420272 -0.28420272 -0.28420272
 -0.28420272  0.74379263 -0.28420272 -0.28420272 -0.28420272 -0.28420272
 -0.28420272 -0.28420272 -0.28420272 -0.28420272 -0.28420272 -0.28420272
  5.00784674 -0.28420272 -0.28420272 -0.28420272 -0.28420272  4.00676737
  0.46200073  0.0863713  -0.28420272 -0.28420272 -0.28420272 -0.28420272
 -0.28420272 -0.28420272 -0.28420272 -0.28420272 -0.28420272]",[0.015720428668223208]
0,"[-0.26650141 -0.26650141 -0.26650141 -0.26650141 -0.26650141 -0.26650141
 -0.26650141 -0.26650141 -0.26650141 -0.26650141 -0.26650141 -0.26650141
 -0.26650141 -0.26650141 -0.26650141 -0.26650141 -0.26650141 -0.26650141
 -0.26650141 -0.26650141 -0.26650141 -0.26650141 -0.26650141 -0.26650141
 -0.26650141 -0.26650141 -0.26650141 -0.26650141 -0.26650141 -0.26650141
 -0.26650141 -0.26650141 -0.26650141 -0.26650141 -0.26650141 -0.26650141
 -0.26650141 -0.26650141 -0.26650141 -0.26650141  4.96182468 -0.26650141
 -0.26650141 -0.26650141 -0.26650141 -0.26650141 -0.26650141 -0.26650141
 -0.26650141 -0.26650141 -0.26650141 -0.26650141 -0.26650141  5.22414567
  1.30564159 -0.26650141 -0.26650141 -0.26650141 -0.26650141 -0.26650141
 -0.26650141 -0.26650141 -0.26650141 -0.26650141 -0.26650141 -0.26650141
 -0.26650141 -0.26650141 -0.26650141 -0.26650141 -0.26650141 -0.26650141
 -0.26650141 -0.26650141 -0.26650141 -0.26650141 -0.26650141 -0.26650141
 -0.26650141 -0.26650141 -0.26650141 -0.26650141 -0.26650141 -0.26650141
 -0.26650141 -0.26650141 -0.26650141 -0.26650141  1.88160168  0.30892865
 -0.26650141  3.44684868 -0.26650141 -0.26650141  3.08710481 -0.26650141
 -0.26650141 -0.26650141 -0.26650141 -0.26650141  1.2085169  -0.26650141
  2.17531057 -0.21449418 -0.26650141  3.38335139  2.30763943 -0.26650141
 -0.26650141 -0.26650141 -0.26650141 -0.26650141 -0.26650141 -0.26650141
 -0.26650141 -0.26650141 -0.26650141 -0.26650141 -0.26650141 -0.26650141
 -0.26650141 -0.26650141 -0.26650141 -0.26650141 -0.26650141 -0.26650141
 -0.26650141 -0.26650141 -0.26650141 -0.26650141 -0.26650141 -0.26650141
 -0.26650141 -0.26650141 -0.26650141 -0.26650141 -0.26650141 -0.26650141
 -0.26650141 -0.26650141 -0.26650141 -0.26650141 -0.26650141 -0.26650141
 -0.26650141 -0.26650141 -0.26650141 -0.26650141  2.11059596 -0.26650141
 -0.26650141 -0.26650141 -0.26650141 -0.26650141 -0.26650141 -0.26650141
 -0.26650141 -0.26650141 -0.26650141 -0.26650141 -0.26650141 -0.26650141
  4.53651283 -0.26650141 -0.26650141 -0.26650141 -0.26650141  1.51875195
 -0.26650141 -0.26650141 -0.26650141 -0.26650141 -0.26650141 -0.26650141
 -0.26650141 -0.26650141 -0.26650141 -0.26650141  6.19744871]",[0.07135608287397233]
0,"[-0.21762206 -0.21762206 -0.21762206 -0.21762206 -0.21762206 -0.21762206
 -0.21762206 -0.21762206 -0.21762206 -0.21762206 -0.21762206 -0.21762206
 -0.21762206 -0.21762206 -0.21762206 -0.21762206 -0.21762206 -0.21762206
 -0.21762206 -0.21762206 -0.21762206 -0.21762206 -0.21762206 -0.21762206
 -0.21762206 -0.21762206 -0.21762206 -0.21762206 -0.21762206 -0.21762206
 -0.21762206 -0.21762206 -0.21762206 -0.21762206 -0.21762206 -0.21762206
 -0.21762206 -0.21762206 -0.21762206 -0.21762206  1.02352601  0.06919835
 -0.21762206 -0.21762206 -0.21762206 -0.21762206 -0.21762206 -0.21762206
 -0.21762206 -0.21762206 -0.21762206 -0.21762206 -0.21762206  0.52408905
 -0.21762206 -0.21762206 -0.21762206 -0.21762206 -0.21762206 -0.21762206
 -0.21762206 -0.21762206 -0.21762206 -0.21762206 -0.21762206 -0.21762206
 -0.21762206 -0.21762206 -0.21762206 -0.21762206 -0.21762206 -0.21762206
 -0.21762206 -0.21762206 -0.21762206 -0.21762206 -0.21762206 -0.21762206
 -0.21762206 -0.21762206 -0.21762206 -0.21762206 -0.21762206 -0.21762206
 -0.21762206 -0.21762206 -0.21762206 -0.21762206  1.92315028 -0.21762206
 -0.21762206 -0.21762206 -0.21762206 -0.21762206  3.52913732 -0.21762206
 -0.21762206 -0.21762206 -0.21762206 -0.21762206  4.03831776 -0.21762206
  5.30585964  0.3316843   3.13392801 -0.21762206  3.83782766 -0.21762206
 -0.21762206 -0.21762206 -0.21762206 -0.21762206 -0.21762206 -0.21762206
 -0.21762206 -0.21762206 -0.21762206 -0.21762206 -0.21762206 -0.21762206
 -0.21762206 -0.21762206 -0.21762206 -0.21762206 -0.21762206 -0.21762206
 -0.21762206 -0.21762206 -0.21762206 -0.21762206 -0.21762206 -0.21762206
 -0.21762206 -0.21762206 -0.21762206 -0.21762206 -0.21762206 -0.21762206
 -0.21762206 -0.21762206 -0.21762206 -0.21762206 -0.21762206 -0.21762206
 -0.21762206 -0.21762206 -0.21762206 -0.21762206 -0.21762206 -0.21762206
 -0.21762206 -0.21762206 -0.21762206 -0.21762206 -0.21762206 -0.21762206
 -0.21762206 -0.21762206 -0.21762206 -0.21762206 -0.21762206 -0.21762206
  7.8590424  -0.21762206 -0.21762206 -0.21762206 -0.21762206  4.76712299
 -0.21762206 -0.21762206 -0.21762206 -0.21762206 -0.21762206 -0.21762206
 -0.21762206 -0.21762206 -0.21762206 -0.21762206 -0.21762206]",[0.011847833439943722]
0,"[-0.25155798 -0.25155798 -0.25155798 -0.25155798 -0.25155798 -0.25155798
 -0.25155798 -0.25155798 -0.25155798 -0.25155798 -0.25155798 -0.25155798
 -0.25155798 -0.25155798 -0.25155798 -0.25155798 -0.25155798 -0.25155798
 -0.25155798 -0.25155798 -0.25155798 -0.25155798 -0.25155798 -0.25155798
 -0.25155798 -0.25155798 -0.25155798 -0.25155798 -0.25155798 -0.25155798
 -0.25155798 -0.25155798 -0.25155798 -0.25155798 -0.25155798 -0.25155798
 -0.25155798 -0.25155798 -0.25155798 -0.25155798  3.86576875  0.69742707
 -0.25155798 -0.25155798 -0.25155798 -0.25155798 -0.25155798 -0.25155798
 -0.25155798 -0.25155798 -0.25155798 -0.25155798 -0.25155798  6.66094229
  0.12896544 -0.25155798 -0.25155798 -0.25155798 -0.25155798 -0.25155798
 -0.25155798 -0.25155798 -0.25155798 -0.25155798 -0.25155798 -0.25155798
 -0.25155798 -0.25155798 -0.25155798 -0.25155798 -0.25155798 -0.25155798
  0.40949694 -0.25155798 -0.25155798 -0.25155798 -0.25155798 -0.25155798
 -0.25155798 -0.25155798 -0.25155798 -0.25155798 -0.25155798 -0.25155798
 -0.25155798 -0.25155798 -0.25155798 -0.25155798  3.21367987 -0.25155798
 -0.25155798  1.29689336 -0.25155798 -0.25155798 -0.25155798 -0.25155798
 -0.25155798 -0.25155798 -0.25155798 -0.25155798  3.53885627 -0.25155798
  2.36137832  0.42204658  0.82623746  5.12582638  5.12016986 -0.25155798
 -0.25155798 -0.25155798 -0.25155798 -0.25155798 -0.25155798 -0.25155798
 -0.25155798 -0.25155798 -0.25155798 -0.25155798 -0.25155798 -0.25155798
 -0.25155798 -0.25155798 -0.25155798 -0.25155798 -0.25155798 -0.25155798
 -0.25155798 -0.25155798 -0.25155798 -0.25155798 -0.25155798 -0.25155798
 -0.25155798 -0.25155798 -0.25155798 -0.25155798 -0.25155798 -0.25155798
 -0.25155798 -0.25155798 -0.25155798 -0.25155798 -0.25155798 -0.25155798
 -0.25155798 -0.25155798 -0.25155798 -0.25155798 -0.25155798 -0.25155798
 -0.25155798 -0.25155798 -0.25155798 -0.25155798 -0.25155798 -0.25155798
 -0.25155798 -0.25155798 -0.25155798 -0.25155798 -0.25155798 -0.25155798
  4.63806745 -0.25155798 -0.25155798 -0.25155798 -0.25155798  1.56120325
  1.13699165 -0.25155798 -0.25155798 -0.25155798 -0.25155798 -0.25155798
 -0.25155798 -0.25155798 -0.25155798 -0.25155798 -0.25155798]",[-0.013935918335339248]
0,"[-0.27898389 -0.27898389 -0.27898389 -0.27898389 -0.27898389 -0.27898389
 -0.27898389 -0.27898389 -0.27898389 -0.27898389 -0.27898389 -0.27898389
 -0.27898389 -0.27898389 -0.27898389 -0.27898389  0.36668334 -0.27898389
 -0.27898389 -0.27898389 -0.27898389 -0.27898389 -0.27898389 -0.27898389
 -0.27898389 -0.27898389 -0.27898389 -0.27898389 -0.27898389 -0.27898389
 -0.27898389 -0.27898389 -0.27898389 -0.27898389 -0.27898389 -0.27898389
 -0.27898389 -0.27898389 -0.27898389 -0.27898389  6.39619671  2.69984271
 -0.27898389 -0.27898389 -0.27898389 -0.27898389 -0.27898389 -0.27898389
 -0.27898389 -0.27898389 -0.27898389 -0.27898389 -0.27898389  5.31461015
  2.5611318  -0.27898389  3.91770721 -0.27898389 -0.27898389 -0.27898389
 -0.27898389 -0.27898389 -0.27898389 -0.27898389 -0.27898389 -0.27898389
 -0.27898389 -0.27898389 -0.27898389 -0.27898389 -0.27898389 -0.27898389
 -0.27898389 -0.27898389 -0.27898389 -0.27898389 -0.27898389 -0.27898389
 -0.27898389 -0.27898389 -0.27898389 -0.27898389 -0.27898389 -0.27898389
 -0.27898389 -0.27898389 -0.27898389 -0.27898389  1.24830486 -0.27898389
 -0.27898389  0.44066116 -0.27898389 -0.22090275  0.28629506 -0.27898389
 -0.27898389 -0.27898389 -0.27898389 -0.27898389  2.51721447  3.67467637
  2.61219919  1.49705351  2.23939945 -0.27898389  3.0972588  -0.27898389
 -0.27898389 -0.27898389 -0.27898389 -0.27898389 -0.27898389 -0.27898389
 -0.27898389 -0.27898389 -0.27898389 -0.27898389 -0.27898389 -0.27898389
 -0.27898389 -0.27898389 -0.27898389 -0.27898389 -0.27898389 -0.27898389
 -0.27898389 -0.27898389 -0.27898389 -0.27898389 -0.27898389 -0.27898389
 -0.27898389 -0.27898389 -0.27898389 -0.27898389 -0.27898389 -0.27898389
 -0.27898389  4.34674476 -0.27898389 -0.27898389 -0.27898389 -0.27898389
 -0.27898389 -0.27898389 -0.27898389 -0.27898389 -0.27898389 -0.27898389
 -0.27898389 -0.27898389 -0.27898389 -0.27898389 -0.27898389 -0.27898389
 -0.27898389 -0.27898389 -0.27898389 -0.27898389 -0.27898389 -0.27898389
  1.92132983 -0.27898389 -0.27898389 -0.27898389 -0.27898389 -0.27898389
 -0.27898389 -0.27898389 -0.27898389 -0.27898389 -0.27898389 -0.27898389
 -0.27898389 -0.27898389 -0.27898389 -0.27898389 -0.27898389]",[0.05680079172957603]
0,"[-0.31097113 -0.31097113 -0.31097113 -0.26989973 -0.31097113 -0.31097113
 -0.31097113 -0.31097113 -0.31097113 -0.31097113 -0.31097113 -0.31097113
 -0.31097113 -0.31097113 -0.31097113 -0.31097113 -0.31097113 -0.31097113
 -0.31097113 -0.31097113 -0.31097113 -0.31097113 -0.31097113 -0.31097113
 -0.31097113 -0.31097113 -0.31097113 -0.31097113  0.29733218 -0.31097113
 -0.31097113 -0.31097113 -0.31097113 -0.31097113 -0.31097113 -0.31097113
 -0.31097113 -0.31097113 -0.31097113 -0.31097113  5.6427173   1.96999695
 -0.31097113 -0.31097113 -0.31097113 -0.31097113 -0.31097113 -0.31097113
 -0.31097113 -0.31097113 -0.31097113 -0.31097113 -0.31097113  4.93323289
  2.23332774  0.25229333  0.25563525 -0.31097113 -0.31097113 -0.31097113
 -0.31097113 -0.31097113 -0.31097113 -0.31097113 -0.31097113 -0.31097113
 -0.31097113 -0.31097113 -0.31097113 -0.31097113 -0.31097113 -0.31097113
 -0.31097113 -0.31097113 -0.31097113 -0.31097113 -0.31097113 -0.31097113
 -0.31097113 -0.31097113 -0.31097113 -0.31097113 -0.31097113 -0.31097113
 -0.31097113 -0.31097113 -0.31097113 -0.31097113 -0.31097113  2.27921825
 -0.31097113  2.18324754 -0.31097113 -0.31097113  3.96602457 -0.15695779
 -0.31097113 -0.31097113 -0.31097113 -0.31097113  3.34331852 -0.31097113
  2.09236908  0.33755478  2.58264691 -0.31097113  3.39531051  0.24817408
 -0.31097113 -0.31097113 -0.31097113 -0.31097113 -0.31097113 -0.31097113
 -0.31097113 -0.31097113 -0.31097113 -0.31097113  0.21377079 -0.31097113
 -0.31097113 -0.31097113 -0.31097113 -0.31097113 -0.31097113 -0.31097113
 -0.31097113 -0.31097113 -0.31097113 -0.31097113 -0.31097113 -0.31097113
 -0.31097113 -0.31097113 -0.31097113 -0.31097113 -0.31097113 -0.31097113
 -0.31097113  0.82376468 -0.31097113 -0.31097113 -0.31097113 -0.31097113
 -0.31097113 -0.31097113 -0.31097113 -0.31097113 -0.31097113 -0.31097113
 -0.31097113  1.74326466 -0.31097113 -0.31097113 -0.31097113 -0.31097113
 -0.31097113 -0.31097113 -0.31097113 -0.31097113 -0.31097113 -0.31097113
  3.7966947  -0.31097113 -0.31097113 -0.31097113 -0.31097113  4.16469234
 -0.31097113 -0.31097113 -0.31097113 -0.31097113 -0.31097113 -0.31097113
 -0.31097113 -0.31097113 -0.31097113 -0.31097113  1.87279627]",[-0.016337376876348286]
0,"[-0.30265605 -0.30265605 -0.30265605 -0.30265605 -0.30265605 -0.30265605
 -0.30265605 -0.30265605 -0.30265605 -0.30265605 -0.30265605 -0.30265605
 -0.30265605 -0.30265605 -0.30265605 -0.30265605 -0.30265605 -0.30265605
 -0.30265605 -0.30265605 -0.30265605 -0.30265605 -0.30265605 -0.30265605
 -0.30265605 -0.30265605 -0.30265605 -0.30265605 -0.30265605 -0.30265605
 -0.30265605 -0.30265605 -0.30265605 -0.30265605 -0.30265605 -0.30265605
 -0.30265605 -0.30265605 -0.30265605 -0.30265605  5.01662453  2.57247983
 -0.30265605 -0.30265605 -0.30265605 -0.30265605 -0.30265605 -0.30265605
 -0.30265605 -0.30265605 -0.30265605 -0.30265605 -0.30265605  4.89078024
  3.97795839 -0.30265605  3.15047407 -0.30265605 -0.30265605 -0.30265605
 -0.30265605 -0.30265605 -0.30265605 -0.30265605 -0.30265605 -0.30265605
 -0.30265605 -0.30265605 -0.30265605 -0.30265605 -0.30265605 -0.30265605
 -0.30265605 -0.30265605 -0.30265605 -0.30265605 -0.30265605 -0.30265605
 -0.30265605 -0.30265605 -0.30265605 -0.30265605 -0.30265605 -0.30265605
 -0.30265605 -0.30265605 -0.30265605 -0.30265605 -0.30265605 -0.30265605
 -0.30265605  1.14553245 -0.30265605 -0.30265605  2.21089531 -0.30265605
 -0.30265605 -0.30265605  0.18076016 -0.30265605  2.65094053 -0.30265605
  2.28022669  2.45307303  2.37886881 -0.30265605  1.15579577 -0.30265605
 -0.30265605 -0.30265605 -0.30265605 -0.30265605 -0.30265605 -0.30265605
 -0.30265605 -0.30265605 -0.30265605 -0.30265605 -0.30265605 -0.30265605
 -0.30265605 -0.30265605 -0.30265605 -0.30265605 -0.30265605 -0.30265605
 -0.30265605 -0.30265605 -0.30265605 -0.30265605 -0.30265605 -0.30265605
 -0.30265605 -0.30265605 -0.30265605 -0.30265605 -0.30265605 -0.30265605
 -0.30265605  4.36124031 -0.30265605 -0.30265605 -0.30265605 -0.30265605
 -0.30265605 -0.30265605 -0.30265605 -0.30265605  2.70699985 -0.30265605
 -0.30265605 -0.30265605 -0.30265605 -0.30265605 -0.30265605 -0.30265605
 -0.30265605 -0.30265605 -0.30265605 -0.30265605 -0.30265605 -0.30265605
  0.79829631 -0.30265605 -0.30265605 -0.30265605 -0.30265605  1.92361888
  0.01717889 -0.30265605 -0.30265605 -0.30265605 -0.30265605 -0.30265605
 -0.30265605 -0.30265605 -0.30265605 -0.30265605  4.55322452]",[0.08257817277891613]
0,"[-0.2655107  -0.2655107  -0.2655107  -0.2655107  -0.2655107  -0.2655107
 -0.2655107  -0.2655107  -0.2655107  -0.2655107  -0.2655107  -0.2655107
 -0.2655107  -0.2655107  -0.2655107  -0.2655107  -0.2655107  -0.2655107
 -0.2655107  -0.2655107  -0.2655107  -0.2655107  -0.2655107  -0.2655107
 -0.2655107  -0.2655107  -0.2655107  -0.2655107  -0.2655107  -0.2655107
 -0.2655107  -0.2655107  -0.2655107  -0.2655107  -0.2655107  -0.2655107
 -0.2655107  -0.2655107  -0.2655107  -0.2655107   5.51983268  0.15811015
 -0.2655107  -0.2655107  -0.2655107  -0.2655107  -0.2655107  -0.2655107
 -0.2655107  -0.2655107  -0.2655107  -0.2655107  -0.2655107   5.66537141
 -0.15833523 -0.2655107  -0.2655107  -0.2655107  -0.2655107  -0.2655107
 -0.2655107  -0.2655107  -0.2655107  -0.2655107  -0.2655107  -0.2655107
 -0.2655107  -0.2655107  -0.2655107  -0.2655107  -0.2655107  -0.2655107
 -0.2655107  -0.2655107  -0.2655107  -0.2655107  -0.2655107  -0.2655107
 -0.2655107  -0.2655107  -0.2655107  -0.2655107  -0.2655107  -0.2655107
 -0.2655107  -0.2655107  -0.2655107  -0.2655107  -0.2655107  -0.2655107
 -0.2655107   3.15184696 -0.2655107  -0.2655107   4.12942937 -0.2655107
 -0.2655107  -0.2655107   0.44483565 -0.2655107   2.43068904 -0.2655107
  3.58359297  3.20500644  2.84219271 -0.2655107   2.51224759 -0.2655107
 -0.2655107  -0.2655107  -0.2655107  -0.2655107  -0.2655107  -0.2655107
 -0.2655107  -0.2655107  -0.2655107  -0.2655107  -0.2655107  -0.2655107
 -0.2655107  -0.2655107  -0.2655107  -0.2655107  -0.2655107  -0.2655107
 -0.2655107  -0.2655107  -0.2655107  -0.2655107  -0.2655107  -0.2655107
 -0.2655107  -0.2655107  -0.2655107  -0.2655107  -0.2655107  -0.2655107
 -0.2655107   4.88633494 -0.2655107  -0.2655107  -0.2655107  -0.2655107
 -0.2655107  -0.2655107  -0.2655107  -0.2655107  -0.2655107  -0.2655107
 -0.2655107  -0.2655107  -0.2655107  -0.2655107  -0.2655107  -0.2655107
 -0.2655107  -0.2655107  -0.2655107  -0.2655107  -0.2655107  -0.2655107
  0.62331395 -0.2655107  -0.2655107  -0.2655107  -0.2655107   1.48696599
 -0.2655107  -0.2655107  -0.2655107  -0.2655107  -0.2655107  -0.2655107
 -0.2655107  -0.2655107  -0.2655107  -0.2655107   2.79680968]",[-0.07932260548422965]
0,"[-0.2782706  -0.2782706  -0.2782706  -0.2782706  -0.2782706  -0.2782706
 -0.2782706  -0.2782706  -0.2782706  -0.2782706  -0.2782706  -0.2782706
 -0.2782706  -0.2782706  -0.2782706  -0.2782706   0.46703785 -0.2782706
 -0.2782706  -0.2782706  -0.2782706  -0.2782706  -0.2782706  -0.2782706
 -0.2782706  -0.2782706  -0.2782706  -0.2782706  -0.2782706  -0.2782706
 -0.2782706  -0.2782706  -0.2782706  -0.2782706  -0.2782706  -0.2782706
 -0.2782706  -0.2782706  -0.2782706  -0.2782706   5.97131022  0.08659388
 -0.2782706  -0.2782706  -0.2782706  -0.2782706  -0.2782706  -0.2782706
 -0.2782706  -0.2782706  -0.2782706  -0.2782706  -0.2782706   4.89333486
  3.73475626 -0.2782706  -0.2782706  -0.2782706  -0.2782706  -0.2782706
 -0.2782706  -0.2782706  -0.2782706  -0.2782706  -0.2782706  -0.2782706
 -0.2782706  -0.2782706  -0.2782706  -0.2782706  -0.2782706  -0.2782706
 -0.2782706  -0.2782706  -0.2782706  -0.2782706  -0.2782706  -0.2782706
 -0.2782706  -0.2782706  -0.2782706  -0.2782706  -0.2782706  -0.2782706
 -0.2782706  -0.2782706  -0.2782706  -0.2782706  -0.2782706   1.41342474
 -0.2782706  -0.2782706  -0.2782706  -0.2782706   1.00449016 -0.2782706
 -0.2782706  -0.2782706  -0.2782706  -0.2782706   1.34946289 -0.2782706
  2.64628859  0.57640222  3.14276049  3.324271    1.52867949 -0.2782706
 -0.2782706  -0.2782706  -0.2782706  -0.2782706   2.91694564 -0.2782706
 -0.2782706  -0.2782706  -0.2782706  -0.2782706  -0.2782706  -0.2782706
 -0.2782706  -0.2782706  -0.2782706  -0.2782706  -0.2782706  -0.2782706
 -0.2782706  -0.2782706  -0.2782706  -0.2782706  -0.2782706  -0.2782706
 -0.2782706  -0.2782706  -0.2782706  -0.2782706  -0.2782706  -0.2782706
 -0.2782706   3.81040698 -0.2782706  -0.2782706  -0.2782706  -0.2782706
 -0.2782706  -0.2782706  -0.2782706  -0.2782706  -0.2782706  -0.2782706
 -0.2782706  -0.2782706  -0.2782706  -0.2782706  -0.2782706  -0.2782706
 -0.2782706  -0.2782706  -0.2782706  -0.2782706  -0.2782706  -0.2782706
  3.6104242  -0.2782706  -0.2782706  -0.2782706  -0.2782706  -0.2782706
 -0.2782706  -0.2782706  -0.2782706  -0.2782706  -0.2782706  -0.2782706
 -0.2782706  -0.2782706  -0.2782706  -0.2782706   4.60324741]",[0.06479276735868059]
0,"[-0.25965626 -0.25965626 -0.25965626 -0.25965626 -0.25965626 -0.25965626
 -0.25965626 -0.25965626 -0.25965626 -0.25965626 -0.25965626 -0.25965626
 -0.25965626 -0.25965626 -0.25965626 -0.25965626 -0.25965626 -0.25965626
 -0.25965626 -0.25965626 -0.25965626 -0.25965626 -0.25965626 -0.25965626
 -0.25965626 -0.25965626 -0.25965626 -0.25965626 -0.25965626 -0.25965626
 -0.25965626 -0.25965626 -0.25965626 -0.25965626 -0.25965626 -0.25965626
 -0.25965626 -0.25965626 -0.25965626 -0.25965626  5.3973185   0.41069102
 -0.25965626 -0.25965626 -0.25965626 -0.25965626 -0.25965626 -0.25965626
 -0.25965626 -0.25965626 -0.25965626 -0.25965626 -0.25965626  5.7084938
 -0.25965626 -0.03135236 -0.25965626 -0.25965626 -0.25965626 -0.25965626
 -0.25965626 -0.25965626 -0.25965626 -0.25965626 -0.25965626 -0.25965626
 -0.25965626 -0.25965626 -0.25965626 -0.25965626 -0.25965626 -0.25965626
 -0.25965626 -0.25965626 -0.25965626 -0.25965626 -0.25965626 -0.25965626
 -0.25965626 -0.25965626 -0.25965626 -0.25965626 -0.25965626 -0.25965626
 -0.25965626 -0.25965626 -0.25965626 -0.25965626 -0.25965626 -0.25965626
 -0.25965626  2.13382395 -0.25965626 -0.12497366  1.95810425 -0.25965626
 -0.25965626 -0.25965626 -0.25965626 -0.25965626  3.26732907 -0.25965626
  2.51816968  3.07245171  3.28811033 -0.25965626  1.54873023 -0.25965626
 -0.25965626 -0.25965626 -0.25965626 -0.25965626 -0.25965626 -0.25965626
 -0.25965626 -0.25965626 -0.25965626 -0.25965626 -0.25965626 -0.25965626
 -0.25965626 -0.25965626 -0.25965626 -0.25965626 -0.25965626 -0.25965626
 -0.25965626 -0.25965626 -0.25965626 -0.25965626 -0.25965626 -0.25965626
 -0.25965626 -0.25965626 -0.25965626 -0.25965626 -0.25965626 -0.25965626
 -0.25965626  4.37357224 -0.25965626 -0.25965626 -0.25965626 -0.25965626
 -0.25965626 -0.25965626 -0.25965626 -0.25965626 -0.25965626 -0.25965626
 -0.25965626 -0.25965626 -0.25965626 -0.25965626 -0.25965626 -0.25965626
 -0.25965626 -0.25965626 -0.25965626 -0.25965626 -0.25965626 -0.25965626
  1.32049158 -0.25965626 -0.25965626 -0.25965626 -0.25965626  1.59868551
 -0.25965626 -0.25965626 -0.25965626 -0.25965626 -0.25965626 -0.25965626
 -0.25965626 -0.25965626 -0.25965626 -0.25965626  5.88432513]",[0.04175071318220591]
0,"[-0.28413643 -0.28413643 -0.28413643 -0.16990039 -0.28413643 -0.28413643
 -0.28413643 -0.28413643 -0.28413643 -0.28413643 -0.28413643 -0.28413643
 -0.28413643 -0.28413643 -0.28413643 -0.28413643 -0.28413643 -0.28413643
 -0.28413643 -0.28413643 -0.28413643 -0.28413643 -0.28413643 -0.28413643
 -0.28413643 -0.28413643 -0.28413643 -0.28413643 -0.28413643 -0.28413643
 -0.28413643 -0.28413643 -0.28413643 -0.28413643 -0.28413643 -0.28413643
 -0.28413643 -0.28413643 -0.28413643 -0.28413643  1.79989497  0.09712836
  1.27069819 -0.28413643 -0.28413643 -0.28413643 -0.28413643 -0.28413643
 -0.28413643 -0.28413643 -0.28413643 -0.28413643 -0.28413643  1.19775237
 -0.28413643 -0.28413643 -0.28413643 -0.28413643 -0.28413643 -0.28413643
 -0.28413643 -0.28413643 -0.28413643 -0.28413643 -0.28413643 -0.28413643
 -0.28413643 -0.28413643 -0.28413643 -0.28413643 -0.28413643 -0.28413643
 -0.28413643 -0.28413643 -0.28413643 -0.28413643 -0.28413643 -0.28413643
 -0.28413643 -0.28413643 -0.28413643 -0.28413643 -0.28413643 -0.28413643
 -0.28413643 -0.28413643 -0.28413643  1.38283238 -0.28413643 -0.28413643
  1.44683413  0.79916046 -0.28413643  2.80085852  6.05426524 -0.28413643
 -0.28413643 -0.28413643 -0.28413643 -0.28413643  3.87077208 -0.28413643
  2.90537186  2.09734785  4.84592693 -0.28413643  3.16144782 -0.28413643
 -0.28413643 -0.28413643 -0.28413643 -0.28413643 -0.28413643 -0.28413643
 -0.28413643 -0.28413643 -0.28413643 -0.28413643 -0.28413643 -0.28413643
 -0.28413643  0.83164437 -0.28413643 -0.28413643 -0.28413643 -0.28413643
 -0.28413643 -0.28413643 -0.28413643 -0.28413643 -0.28413643 -0.28413643
 -0.28413643 -0.28413643 -0.28413643 -0.28413643 -0.28413643 -0.28413643
 -0.28413643 -0.28413643 -0.28413643 -0.28413643 -0.28413643 -0.28413643
 -0.28413643 -0.28413643 -0.28413643 -0.28413643 -0.28413643 -0.28413643
 -0.28413643 -0.28413643 -0.28413643 -0.28413643 -0.28413643 -0.28413643
 -0.28413643 -0.28413643 -0.28413643 -0.28413643 -0.28413643 -0.28413643
  5.96555321 -0.28413643 -0.28413643 -0.28413643 -0.28413643  2.49966216
 -0.28413643 -0.28413643 -0.28413643 -0.28413643 -0.28413643 -0.28413643
 -0.28413643 -0.28413643 -0.28413643 -0.28413643  2.60457779]",[0.006795458891640516]
0,"[-0.343466   -0.343466    2.11680548 -0.343466   -0.343466   -0.343466
 -0.343466   -0.343466   -0.343466   -0.343466   -0.343466    2.56789205
 -0.343466   -0.343466   -0.343466   -0.343466   -0.343466   -0.343466
 -0.343466   -0.343466   -0.343466   -0.343466   -0.343466   -0.343466
 -0.343466   -0.343466   -0.343466   -0.343466   -0.343466   -0.343466
 -0.343466   -0.343466   -0.343466   -0.343466   -0.343466   -0.343466
 -0.343466   -0.343466   -0.343466   -0.343466    4.78828481 -0.343466
 -0.343466   -0.343466   -0.343466   -0.343466   -0.343466   -0.343466
 -0.343466   -0.343466   -0.343466   -0.343466   -0.343466   -0.343466
 -0.343466   -0.343466    0.60061389 -0.343466   -0.343466   -0.343466
 -0.343466   -0.343466   -0.343466   -0.343466   -0.343466   -0.343466
 -0.343466   -0.343466   -0.343466   -0.343466   -0.343466   -0.343466
 -0.343466   -0.343466   -0.343466   -0.343466   -0.343466   -0.343466
 -0.343466   -0.343466   -0.343466   -0.343466   -0.343466   -0.343466
 -0.343466   -0.343466   -0.343466    1.5964319   2.29128165 -0.343466
 -0.343466    3.37385778 -0.343466   -0.343466    3.36589274 -0.343466
 -0.343466   -0.343466   -0.343466   -0.343466    1.61877077 -0.343466
  3.3919895   0.44358141  2.91007368 -0.343466    2.80110199 -0.343466
 -0.343466   -0.343466   -0.343466   -0.343466   -0.343466   -0.343466
 -0.343466   -0.343466   -0.343466   -0.343466   -0.343466   -0.343466
 -0.343466    1.65969419 -0.343466   -0.343466   -0.343466   -0.343466
 -0.343466   -0.343466   -0.343466   -0.343466   -0.343466    1.66694938
 -0.343466    4.9397264  -0.343466   -0.343466   -0.343466   -0.343466
  0.81676326 -0.343466   -0.343466   -0.343466   -0.343466   -0.343466
 -0.343466   -0.343466   -0.343466   -0.343466   -0.343466   -0.343466
 -0.343466   -0.343466   -0.343466   -0.343466   -0.343466   -0.343466
 -0.343466   -0.343466   -0.343466   -0.343466   -0.343466   -0.343466
  3.23914161  2.52567981 -0.343466   -0.343466   -0.343466    2.7378248
 -0.343466   -0.343466    2.25518529 -0.343466   -0.343466   -0.343466
 -0.343466   -0.343466   -0.343466   -0.343466    2.21661913]",[0.20462468129644493]
0,"[-0.27951013 -0.27951013 -0.27951013 -0.27951013 -0.27951013 -0.27951013
 -0.27951013 -0.27951013 -0.27951013 -0.27951013 -0.27951013 -0.27951013
 -0.27951013 -0.27951013 -0.27951013 -0.27951013 -0.27951013 -0.27951013
 -0.27951013 -0.27951013 -0.27951013 -0.27951013 -0.27951013 -0.27951013
 -0.27951013 -0.27951013 -0.27951013 -0.27951013 -0.27951013 -0.27951013
 -0.27951013 -0.27951013 -0.27951013 -0.27951013 -0.27951013 -0.27951013
 -0.27951013 -0.27951013 -0.27951013 -0.27951013  6.42339955  3.2011141
 -0.27951013 -0.27951013 -0.27951013 -0.27951013 -0.27951013 -0.27951013
 -0.27951013 -0.27951013 -0.27951013 -0.27951013 -0.27951013  4.92755091
 -0.27951013 -0.27951013 -0.27951013 -0.27951013 -0.27951013 -0.27951013
 -0.27951013 -0.27951013 -0.27951013 -0.27951013 -0.27951013 -0.27951013
 -0.27951013 -0.27951013 -0.27951013 -0.27951013 -0.27951013 -0.27951013
 -0.27951013 -0.27951013 -0.27951013 -0.27951013 -0.27951013 -0.27951013
 -0.27951013 -0.27951013 -0.27951013 -0.27951013 -0.27951013 -0.27951013
 -0.27951013 -0.27951013 -0.27951013  2.82629916 -0.27951013 -0.27951013
 -0.27951013  2.16338879 -0.27951013 -0.27951013  0.66766375 -0.27951013
 -0.27951013 -0.27951013 -0.27951013 -0.27951013  2.30900143 -0.27951013
  3.79953869 -0.27951013  2.25053768 -0.27951013  4.52021681 -0.27951013
 -0.27951013 -0.27951013 -0.27951013 -0.27951013 -0.27951013 -0.27951013
 -0.27951013 -0.27951013 -0.27951013 -0.27951013 -0.27951013 -0.27951013
 -0.27951013  0.51644054 -0.27951013 -0.27951013 -0.27951013 -0.27951013
 -0.27951013 -0.27951013 -0.27951013 -0.27951013 -0.27951013  1.81214319
 -0.27951013 -0.27951013 -0.27951013 -0.27951013 -0.27951013 -0.27951013
 -0.27951013 -0.27951013 -0.27951013 -0.27951013 -0.27951013 -0.27951013
 -0.27951013 -0.27951013 -0.27951013 -0.27951013 -0.27951013 -0.27951013
 -0.27951013 -0.27951013 -0.27951013 -0.27951013 -0.27951013 -0.27951013
 -0.27951013 -0.27951013 -0.27951013 -0.27951013 -0.27951013 -0.27951013
  2.60689577 -0.27951013 -0.27951013 -0.27951013 -0.27951013  3.87151479
 -0.27951013  1.67557321  1.98887359 -0.27951013 -0.27951013 -0.27951013
 -0.27951013 -0.27951013 -0.27951013 -0.27951013 -0.27951013]",[0.13200255768635424]
0,"[ 1.40797253  1.32602829 -0.56029344  0.60479596 -0.56029344 -0.56029344
 -0.56029344 -0.56029344 -0.56029344 -0.56029344 -0.56029344 -0.56029344
 -0.56029344 -0.56029344 -0.56029344 -0.56029344  0.22185971 -0.56029344
 -0.56029344 -0.56029344 -0.56029344 -0.56029344 -0.56029344  0.38768491
 -0.56029344 -0.56029344 -0.56029344 -0.56029344  0.78993955 -0.56029344
 -0.56029344 -0.56029344 -0.56029344 -0.56029344 -0.56029344 -0.56029344
  0.84403622 -0.56029344 -0.56029344 -0.56029344  3.15774463  0.61521798
 -0.56029344 -0.56029344 -0.56029344 -0.56029344 -0.56029344 -0.56029344
 -0.56029344 -0.56029344  0.30884261 -0.56029344  0.72041244  3.75444987
  2.24997678  2.12993553  3.02063162 -0.56029344 -0.56029344 -0.56029344
 -0.56029344 -0.56029344 -0.56029344 -0.56029344 -0.56029344 -0.56029344
 -0.56029344 -0.56029344 -0.56029344 -0.56029344 -0.56029344 -0.56029344
  1.09317768 -0.56029344 -0.56029344 -0.56029344 -0.56029344 -0.56029344
 -0.56029344 -0.56029344 -0.56029344 -0.56029344 -0.56029344  1.21643841
 -0.56029344 -0.56029344 -0.56029344 -0.56029344 -0.56029344  1.45284703
  0.5013972   1.56713472  0.80394707  1.52962368  1.57568064  0.69614543
 -0.56029344  0.41629551 -0.56029344  0.48019877  1.87391841 -0.56029344
  1.80945164  1.97800782  1.54314916  2.2296099   1.75544315  1.48290367
 -0.56029344 -0.56029344  1.34326916 -0.56029344  1.23645324 -0.56029344
  0.1800279  -0.56029344 -0.56029344 -0.56029344 -0.56029344 -0.56029344
 -0.56029344 -0.15577823 -0.56029344 -0.56029344 -0.56029344 -0.56029344
  0.14995298 -0.56029344 -0.56029344 -0.56029344  0.2496105   0.41804232
 -0.56029344 -0.56029344 -0.56029344 -0.56029344 -0.56029344 -0.56029344
 -0.56029344  2.67255552 -0.56029344 -0.56029344 -0.56029344 -0.56029344
 -0.56029344 -0.56029344 -0.56029344 -0.56029344  2.03149176 -0.56029344
 -0.56029344  1.54061874 -0.56029344 -0.56029344 -0.56029344  3.36141001
 -0.56029344 -0.56029344 -0.56029344 -0.56029344 -0.56029344 -0.56029344
  2.35407861 -0.56029344 -0.56029344 -0.56029344 -0.56029344  1.82369437
  0.92665456  0.95440125  1.01732976 -0.56029344  0.89999623 -0.56029344
 -0.56029344  1.65975923 -0.56029344 -0.56029344  2.94880094]",[0.32391236128819323]
0,"[-0.31812755 -0.31812755 -0.31812755 -0.02873608 -0.31812755 -0.31812755
 -0.31812755 -0.31812755 -0.31812755 -0.31812755 -0.31812755 -0.31812755
 -0.31812755 -0.31812755 -0.31812755 -0.31812755 -0.31812755 -0.31812755
 -0.31812755 -0.31812755 -0.31812755 -0.31812755 -0.31812755 -0.31812755
  1.67125316 -0.31812755 -0.31812755 -0.31812755 -0.31812755 -0.31812755
 -0.31812755 -0.31812755 -0.31812755 -0.31812755 -0.31812755 -0.31812755
 -0.31812755 -0.31812755 -0.31812755 -0.31812755  5.41975163  1.26511631
 -0.31812755 -0.31812755 -0.31812755 -0.31812755 -0.31812755 -0.31812755
 -0.31812755 -0.31812755 -0.31812755 -0.31812755 -0.31812755 -0.31812755
 -0.31812755 -0.31812755 -0.31812755  0.54796273 -0.31812755 -0.31812755
 -0.31812755 -0.31812755 -0.31812755 -0.31812755 -0.31812755 -0.31812755
 -0.31812755 -0.31812755 -0.31812755 -0.31812755 -0.31812755 -0.31812755
 -0.31812755  2.88425896 -0.31812755 -0.31812755 -0.31812755  1.19606223
 -0.31812755 -0.31812755 -0.31812755 -0.31812755 -0.31812755 -0.31812755
 -0.31812755 -0.31812755 -0.31812755 -0.31812755  2.32102818 -0.31812755
 -0.31812755  1.38441024 -0.31812755 -0.31812755  4.9056026  -0.31812755
 -0.31812755 -0.31812755 -0.31812755 -0.31812755  2.37303938 -0.31812755
  4.0203273  -0.10257906  3.19525509 -0.31812755  4.0328903  -0.31812755
 -0.31812755 -0.31812755 -0.31812755 -0.31812755 -0.31812755 -0.31812755
  0.95453064 -0.31812755 -0.31812755 -0.31812755 -0.31812755 -0.31812755
 -0.31812755  0.74975784 -0.31812755 -0.31812755 -0.31812755 -0.31812755
 -0.31812755 -0.31812755 -0.31812755 -0.31812755 -0.31812755 -0.31812755
 -0.31812755 -0.31812755 -0.31812755 -0.31812755 -0.31812755 -0.31812755
 -0.31812755 -0.31812755  2.82404235 -0.31812755 -0.31812755 -0.31812755
 -0.31812755 -0.31812755 -0.31812755 -0.31812755 -0.31812755 -0.31812755
 -0.31812755 -0.31812755 -0.31812755 -0.31812755 -0.31812755 -0.31812755
 -0.31812755 -0.31812755 -0.31812755 -0.31812755 -0.31812755 -0.31812755
  4.72069723 -0.31812755 -0.31812755 -0.31812755 -0.31812755 -0.31812755
  1.09890481  1.05141403  0.95453064 -0.31812755 -0.31812755 -0.31812755
 -0.31812755 -0.31812755 -0.31812755 -0.31812755  2.18837747]",[-0.043233013224865946]
0,"[-0.2779813  -0.2779813  -0.2779813  -0.11046036 -0.2779813   2.72565169
 -0.2779813  -0.2779813  -0.2779813  -0.2779813  -0.2779813  -0.2779813
 -0.2779813  -0.2779813  -0.2779813  -0.2779813  -0.2779813  -0.2779813
 -0.2779813  -0.2779813  -0.2779813  -0.2779813  -0.2779813  -0.2779813
 -0.2779813  -0.2779813  -0.2779813  -0.2779813  -0.2779813  -0.2779813
 -0.2779813  -0.2779813  -0.2779813  -0.2779813  -0.2779813  -0.2779813
 -0.2779813  -0.2779813   1.8755885  -0.2779813   6.76186876 -0.2779813
 -0.2779813  -0.2779813  -0.2779813  -0.2779813  -0.2779813  -0.2779813
 -0.2779813  -0.2779813  -0.2779813  -0.2779813  -0.2779813   5.20028907
 -0.2779813  -0.2779813  -0.2779813  -0.2779813  -0.2779813  -0.2779813
 -0.2779813  -0.2779813  -0.2779813  -0.2779813  -0.2779813  -0.2779813
 -0.2779813  -0.2779813  -0.2779813  -0.2779813  -0.2779813  -0.2779813
 -0.2779813  -0.2779813  -0.2779813  -0.2779813  -0.2779813  -0.2779813
 -0.2779813  -0.2779813  -0.2779813  -0.2779813  -0.2779813  -0.2779813
 -0.2779813  -0.2779813  -0.2779813  -0.2779813   1.46683333  0.84709563
 -0.2779813   1.19415448 -0.2779813  -0.2779813   3.64461452 -0.2779813
 -0.2779813  -0.2779813  -0.2779813  -0.2779813   2.38668377 -0.2779813
  2.68679572 -0.06736215  1.56151616 -0.2779813   3.79701662 -0.2779813
 -0.2779813  -0.2779813  -0.2779813  -0.2779813  -0.2779813  -0.2779813
 -0.2779813  -0.2779813  -0.2779813  -0.2779813  -0.2779813  -0.2779813
 -0.2779813  -0.2779813  -0.2779813  -0.2779813  -0.2779813  -0.2779813
 -0.2779813  -0.2779813   0.90802999 -0.2779813  -0.2779813  -0.2779813
 -0.2779813  -0.2779813  -0.2779813  -0.2779813  -0.2779813  -0.2779813
 -0.2779813  -0.2779813  -0.2779813  -0.2779813  -0.2779813  -0.2779813
 -0.2779813  -0.2779813  -0.2779813  -0.2779813  -0.2779813  -0.2779813
 -0.2779813  -0.2779813  -0.2779813  -0.2779813  -0.2779813  -0.2779813
 -0.2779813  -0.2779813  -0.2779813  -0.2779813  -0.2779813  -0.2779813
  4.73732333 -0.2779813  -0.2779813  -0.2779813  -0.2779813   3.32233105
  0.95452703 -0.2779813   0.58451127 -0.2779813  -0.2779813  -0.2779813
 -0.2779813  -0.2779813  -0.2779813  -0.2779813  -0.2779813 ]",[0.0036750983684999405]
1,"[-0.2456449  -0.2456449  -0.2456449  -0.2456449  -0.2456449  -0.2456449
 -0.2456449  -0.2456449  -0.2456449  -0.2456449  -0.2456449  -0.2456449
 -0.2456449  -0.2456449  -0.2456449  -0.2456449  -0.2456449  -0.2456449
 -0.2456449  -0.2456449  -0.2456449  -0.2456449  -0.2456449  -0.2456449
 -0.2456449  -0.2456449  -0.2456449  -0.2456449  -0.2456449  -0.2456449
 -0.2456449  -0.2456449  -0.2456449  -0.2456449  -0.2456449  -0.2456449
 -0.2456449  -0.2456449  -0.2456449  -0.2456449   7.77966812  0.30906763
 -0.2456449  -0.2456449  -0.2456449  -0.2456449  -0.2456449  -0.2456449
 -0.2456449  -0.2456449  -0.2456449  -0.2456449  -0.2456449  -0.2456449
 -0.2456449   1.91910433 -0.2456449  -0.2456449  -0.2456449  -0.2456449
 -0.2456449  -0.2456449  -0.2456449  -0.2456449  -0.2456449  -0.2456449
 -0.2456449  -0.2456449  -0.2456449  -0.2456449  -0.2456449  -0.2456449
 -0.2456449  -0.2456449  -0.2456449  -0.2456449  -0.2456449  -0.2456449
 -0.2456449  -0.2456449  -0.2456449  -0.2456449  -0.2456449  -0.2456449
 -0.2456449  -0.2456449  -0.2456449  -0.2456449  -0.2456449  -0.2456449
 -0.2456449   2.35404651 -0.2456449  -0.2456449   0.96020848 -0.2456449
 -0.2456449  -0.2456449  -0.2456449  -0.2456449   2.34126042 -0.2456449
  2.25831892  4.57713755  3.53369882 -0.2456449   3.4148615   0.82454223
 -0.2456449  -0.2456449  -0.2456449  -0.2456449  -0.2456449  -0.2456449
 -0.2456449  -0.2456449  -0.2456449  -0.2456449  -0.2456449  -0.2456449
 -0.2456449  -0.2456449  -0.2456449  -0.2456449  -0.2456449  -0.2456449
 -0.2456449  -0.2456449  -0.2456449  -0.2456449  -0.2456449  -0.2456449
 -0.2456449  -0.2456449  -0.2456449  -0.2456449  -0.2456449  -0.2456449
 -0.2456449   1.49050541 -0.2456449  -0.2456449  -0.2456449  -0.2456449
 -0.2456449  -0.2456449  -0.2456449  -0.2456449  -0.2456449  -0.2456449
 -0.2456449  -0.2456449  -0.2456449  -0.2456449  -0.2456449  -0.2456449
 -0.2456449  -0.2456449  -0.2456449  -0.2456449  -0.2456449  -0.2456449
  6.04826688 -0.2456449  -0.2456449  -0.2456449  -0.2456449   1.47496483
 -0.2456449   1.0001116  -0.2456449  -0.2456449  -0.2456449  -0.2456449
 -0.2456449  -0.2456449  -0.2456449  -0.2456449  -0.2456449 ]",[-0.029568942166902923]
1,"[-0.30629889 -0.30629889 -0.30629889 -0.30629889 -0.30629889 -0.30629889
 -0.30629889 -0.30629889 -0.30629889 -0.30629889 -0.30629889 -0.30629889
 -0.30629889 -0.30629889 -0.30629889 -0.30629889 -0.30629889 -0.30629889
 -0.30629889 -0.30629889 -0.30629889 -0.30629889 -0.30629889 -0.30629889
 -0.30629889 -0.30629889 -0.30629889 -0.30629889 -0.30629889 -0.30629889
 -0.30629889 -0.30629889 -0.30629889 -0.30629889 -0.30629889 -0.30629889
 -0.30629889 -0.30629889 -0.30629889 -0.30629889  4.83675169  0.15688919
 -0.30629889 -0.30629889 -0.30629889 -0.30629889 -0.30629889 -0.30629889
 -0.30629889 -0.30629889 -0.30629889 -0.30629889 -0.30629889  1.33695463
 -0.30629889  2.85208209  3.69687206 -0.30629889 -0.30629889 -0.30629889
 -0.30629889 -0.30629889 -0.30629889 -0.30629889 -0.30629889 -0.30629889
 -0.30629889 -0.30629889 -0.30629889 -0.30629889 -0.30629889 -0.30629889
 -0.30629889 -0.30629889 -0.30629889 -0.30629889 -0.30629889 -0.30629889
 -0.30629889 -0.30629889 -0.30629889 -0.30629889 -0.30629889 -0.30629889
 -0.30629889 -0.30629889 -0.30629889  0.80669092 -0.30629889 -0.30629889
 -0.30629889  2.92917989 -0.30629889  0.07542906  0.38291721 -0.30629889
 -0.30629889 -0.30629889 -0.30629889 -0.30629889  3.52023733 -0.30629889
  1.4185586   3.77526725  2.66487147  2.37891384  2.13953324 -0.30629889
 -0.30629889 -0.30629889 -0.30629889 -0.30629889 -0.30629889 -0.30629889
 -0.30629889 -0.30629889 -0.30629889 -0.30629889 -0.30629889 -0.30629889
 -0.30629889 -0.30629889 -0.30629889 -0.30629889 -0.30629889 -0.30629889
 -0.30629889 -0.30629889 -0.30629889 -0.30629889 -0.30629889 -0.30629889
 -0.30629889 -0.30629889 -0.30629889 -0.30629889 -0.30629889 -0.30629889
 -0.30629889  4.78460431 -0.30629889 -0.30629889 -0.30629889 -0.30629889
 -0.30629889 -0.30629889 -0.30629889 -0.30629889  2.58485489 -0.30629889
 -0.30629889 -0.30629889 -0.30629889 -0.30629889 -0.30629889 -0.30629889
 -0.30629889 -0.30629889 -0.30629889 -0.30629889 -0.30629889 -0.30629889
  1.01952711 -0.30629889 -0.30629889 -0.30629889 -0.30629889  5.45786508
 -0.30629889 -0.30629889 -0.30629889 -0.30629889  0.5192466  -0.30629889
 -0.30629889 -0.30629889 -0.30629889 -0.30629889  1.0579788 ]",[0.13763949330874575]
1,"[-0.2086085  -0.2086085  -0.2086085  -0.2086085  -0.2086085  -0.2086085
 -0.2086085  -0.2086085  -0.2086085  -0.2086085  -0.2086085  -0.2086085
 -0.2086085  -0.2086085  -0.2086085  -0.2086085   0.41427918 -0.2086085
 -0.2086085  -0.2086085  -0.2086085  -0.2086085  -0.2086085  -0.2086085
 -0.2086085  -0.2086085  -0.2086085  -0.2086085  -0.2086085  -0.2086085
 -0.2086085  -0.2086085  -0.2086085  -0.2086085  -0.2086085  -0.2086085
 -0.2086085  -0.2086085  -0.2086085  -0.2086085   1.27897354 -0.2086085
 -0.2086085  -0.2086085  -0.2086085  -0.2086085  -0.2086085  -0.2086085
 -0.2086085  -0.2086085  -0.2086085  -0.2086085  -0.2086085   6.91354255
 -0.2086085  -0.2086085  -0.2086085  -0.2086085  -0.2086085  -0.2086085
 -0.2086085  -0.2086085  -0.2086085  -0.2086085  -0.2086085  -0.2086085
 -0.2086085  -0.2086085  -0.2086085  -0.2086085  -0.2086085  -0.2086085
 -0.2086085  -0.2086085  -0.2086085  -0.2086085  -0.2086085   1.02507181
 -0.2086085  -0.2086085  -0.2086085  -0.2086085  -0.2086085  -0.2086085
 -0.2086085  -0.2086085  -0.2086085  -0.2086085   1.69096927  1.06410337
 -0.2086085   3.52025118 -0.2086085  -0.2086085   6.71812037 -0.2086085
 -0.2086085  -0.2086085  -0.2086085  -0.2086085   2.86869994 -0.2086085
 -0.2086085  -0.2086085  -0.2086085  -0.2086085   3.09311199 -0.2086085
 -0.2086085  -0.2086085  -0.2086085  -0.2086085  -0.2086085  -0.2086085
 -0.2086085  -0.2086085  -0.2086085  -0.2086085  -0.2086085  -0.2086085
 -0.2086085  -0.2086085  -0.2086085  -0.2086085  -0.2086085  -0.2086085
 -0.2086085  -0.2086085  -0.2086085  -0.2086085  -0.2086085  -0.2086085
 -0.2086085  -0.2086085  -0.2086085  -0.2086085  -0.2086085  -0.2086085
 -0.2086085  -0.2086085  -0.2086085  -0.2086085  -0.2086085  -0.2086085
 -0.2086085  -0.2086085  -0.2086085  -0.2086085  -0.2086085  -0.2086085
 -0.2086085  -0.2086085  -0.2086085  -0.2086085  -0.2086085  -0.2086085
 -0.2086085  -0.2086085  -0.2086085  -0.2086085  -0.2086085  -0.2086085
  6.45910457 -0.2086085  -0.2086085  -0.2086085  -0.2086085  -0.2086085
 -0.2086085  -0.2086085  -0.2086085  -0.2086085  -0.2086085  -0.2086085
 -0.2086085  -0.2086085  -0.2086085  -0.2086085  -0.2086085 ]",[0.0021199634427308267]
1,"[-0.28399925 -0.28399925 -0.28399925  2.1459266  -0.28399925 -0.28399925
 -0.28399925 -0.28399925 -0.28399925 -0.28399925 -0.28399925 -0.28399925
 -0.28399925 -0.28399925 -0.28399925 -0.28399925 -0.28399925 -0.28399925
 -0.28399925 -0.28399925 -0.28399925 -0.28399925 -0.28399925 -0.28399925
 -0.28399925 -0.28399925 -0.28399925 -0.28399925 -0.28399925 -0.28399925
 -0.28399925 -0.28399925 -0.28399925 -0.28399925 -0.28399925 -0.28399925
 -0.28399925 -0.28399925 -0.28399925 -0.28399925  2.36679627  0.72629785
 -0.28399925 -0.28399925 -0.28399925 -0.28399925 -0.28399925 -0.28399925
 -0.28399925 -0.28399925 -0.28399925 -0.28399925 -0.28399925  4.8433335
 -0.28399925 -0.28399925  5.34389535 -0.28399925 -0.28399925 -0.28399925
 -0.28399925 -0.28399925 -0.28399925 -0.28399925 -0.28399925 -0.28399925
 -0.28399925 -0.28399925 -0.28399925 -0.28399925 -0.28399925 -0.28399925
  0.08767065 -0.28399925 -0.28399925 -0.28399925 -0.28399925 -0.28399925
 -0.28399925 -0.28399925 -0.28399925 -0.28399925 -0.28399925 -0.28399925
 -0.28399925 -0.28399925 -0.28399925 -0.28399925 -0.28399925 -0.28399925
 -0.28399925  2.82512367 -0.28399925  2.38822772  0.0558378  -0.28399925
 -0.28399925 -0.28399925 -0.28399925 -0.28399925  3.62179555 -0.28399925
  4.50419323  3.68889465  2.93734353 -0.28399925 -0.28399925 -0.28399925
 -0.28399925 -0.28399925 -0.28399925 -0.28399925 -0.28399925 -0.28399925
 -0.28399925 -0.28399925 -0.28399925 -0.28399925 -0.28399925 -0.28399925
 -0.28399925 -0.28399925 -0.28399925 -0.28399925 -0.28399925 -0.28399925
 -0.28399925 -0.28399925 -0.28399925 -0.28399925 -0.28399925 -0.28399925
 -0.28399925 -0.28399925 -0.28399925 -0.28399925 -0.28399925 -0.28399925
 -0.28399925  3.62017287 -0.28399925 -0.28399925 -0.28399925 -0.28399925
 -0.28399925 -0.28399925 -0.28399925 -0.28399925  2.4567733  -0.28399925
 -0.28399925 -0.28399925 -0.28399925 -0.28399925 -0.28399925 -0.28399925
 -0.28399925 -0.28399925 -0.28399925 -0.28399925 -0.28399925 -0.28399925
  0.6094654  -0.28399925 -0.28399925 -0.28399925 -0.28399925 -0.28399925
 -0.28399925 -0.28399925 -0.28399925 -0.28399925 -0.28399925 -0.28399925
 -0.28399925 -0.28399925 -0.28399925 -0.28399925  3.78613016]",[0.029029121587453577]
1,"[-0.32837871 -0.32837871 -0.32837871  0.15543767 -0.32837871 -0.32837871
 -0.32837871 -0.32837871 -0.32837871 -0.32837871 -0.32837871 -0.32837871
 -0.32837871 -0.32837871 -0.32837871 -0.32837871 -0.32837871 -0.32837871
 -0.32837871 -0.32837871 -0.32837871 -0.32837871 -0.32837871 -0.32837871
 -0.32837871 -0.32837871 -0.32837871 -0.32837871 -0.32837871 -0.32837871
 -0.32837871 -0.32837871 -0.32837871 -0.32837871 -0.32837871 -0.32837871
 -0.32837871 -0.32837871 -0.32837871 -0.32837871  4.06167877  0.95002755
 -0.32837871 -0.32837871 -0.32837871 -0.32837871 -0.32837871 -0.32837871
 -0.32837871 -0.32837871  1.72901999 -0.32837871 -0.32837871  4.82859904
  3.63548781  0.03793203  4.22845444 -0.32837871 -0.32837871 -0.32837871
 -0.32837871 -0.32837871 -0.32837871 -0.32837871 -0.32837871 -0.32837871
 -0.32837871 -0.32837871 -0.32837871 -0.32837871 -0.32837871 -0.32837871
  0.57157833 -0.32837871 -0.32837871 -0.32837871 -0.32837871 -0.32837871
 -0.32837871 -0.32837871 -0.32837871 -0.32837871 -0.32837871 -0.32837871
 -0.32837871 -0.32837871 -0.32837871 -0.32837871 -0.32837871 -0.32837871
 -0.32837871  1.05288743 -0.32837871  0.52202871  1.23374607 -0.32837871
 -0.32837871 -0.32837871 -0.32837871 -0.32837871  2.48715606 -0.32837871
  2.68689971  2.59071298  1.52816703  2.66847192  2.98627667 -0.32837871
 -0.32837871 -0.32837871 -0.32837871 -0.32837871 -0.32837871 -0.32837871
 -0.32837871 -0.32837871 -0.32837871 -0.32837871 -0.32837871 -0.32837871
 -0.32837871 -0.32837871 -0.32837871 -0.32837871 -0.32837871 -0.32837871
 -0.32837871 -0.32837871 -0.32837871 -0.32837871 -0.32837871 -0.32837871
 -0.32837871 -0.32837871 -0.32837871 -0.32837871 -0.32837871 -0.32837871
 -0.32837871  4.40152488 -0.32837871 -0.32837871 -0.32837871 -0.32837871
 -0.32837871 -0.32837871 -0.32837871 -0.32837871  2.90283822 -0.32837871
 -0.32837871 -0.32837871 -0.32837871 -0.32837871 -0.32837871 -0.32837871
 -0.32837871 -0.32837871 -0.32837871 -0.32837871 -0.32837871 -0.32837871
  0.6279101  -0.32837871 -0.32837871 -0.32837871 -0.32837871  1.40976134
 -0.32837871 -0.32837871 -0.32837871 -0.32837871 -0.32837871 -0.32837871
 -0.32837871 -0.32837871 -0.32837871 -0.32837871  3.93048255]",[-0.04476492269886534]
1,"[-0.21041431 -0.21041431 -0.21041431 -0.21041431 -0.21041431 -0.21041431
 -0.21041431 -0.21041431 -0.21041431 -0.21041431 -0.21041431 -0.21041431
 -0.21041431 -0.21041431 -0.21041431 -0.21041431 -0.21041431 -0.21041431
 -0.21041431 -0.21041431  1.43325515 -0.21041431 -0.21041431 -0.21041431
 -0.21041431 -0.21041431 -0.21041431 -0.21041431  3.48846987 -0.21041431
 -0.21041431 -0.21041431 -0.21041431 -0.21041431 -0.21041431 -0.21041431
 -0.21041431 -0.21041431 -0.21041431 -0.21041431  7.6737861  -0.21041431
 -0.21041431 -0.21041431 -0.21041431 -0.21041431 -0.21041431 -0.21041431
 -0.21041431 -0.21041431 -0.21041431 -0.21041431 -0.21041431  2.33967961
  0.13158276 -0.21041431 -0.21041431 -0.21041431 -0.21041431 -0.21041431
 -0.21041431 -0.21041431 -0.21041431 -0.21041431 -0.21041431 -0.21041431
 -0.21041431 -0.21041431 -0.21041431 -0.21041431 -0.21041431 -0.21041431
 -0.21041431 -0.21041431 -0.21041431 -0.21041431 -0.21041431 -0.21041431
 -0.21041431 -0.21041431 -0.21041431 -0.21041431 -0.21041431  3.32040402
 -0.21041431 -0.21041431 -0.21041431 -0.21041431  3.08729253 -0.21041431
 -0.21041431  6.33189101 -0.21041431 -0.21041431 -0.21041431  0.5864087
 -0.21041431 -0.21041431 -0.21041431 -0.21041431 -0.10171954 -0.21041431
 -0.21041431 -0.21041431  0.0553178  -0.21041431  1.01328643 -0.21041431
 -0.21041431 -0.21041431 -0.21041431 -0.21041431 -0.21041431 -0.21041431
 -0.21041431 -0.21041431 -0.21041431 -0.21041431 -0.21041431 -0.21041431
 -0.21041431 -0.21041431 -0.21041431 -0.21041431 -0.21041431 -0.21041431
 -0.21041431 -0.21041431 -0.21041431 -0.21041431 -0.21041431 -0.21041431
 -0.21041431 -0.21041431 -0.21041431 -0.21041431 -0.21041431 -0.21041431
 -0.21041431 -0.21041431 -0.21041431 -0.21041431 -0.21041431 -0.21041431
 -0.21041431 -0.21041431 -0.21041431 -0.21041431 -0.21041431 -0.21041431
 -0.21041431 -0.21041431 -0.21041431 -0.21041431 -0.21041431 -0.21041431
 -0.21041431 -0.21041431 -0.21041431 -0.21041431 -0.21041431 -0.21041431
  5.56912046 -0.21041431 -0.21041431 -0.21041431 -0.21041431 -0.21041431
 -0.21041431 -0.21041431 -0.21041431 -0.21041431 -0.21041431 -0.21041431
 -0.21041431 -0.21041431 -0.21041431 -0.21041431 -0.21041431]",[0.018389910162195294]
1,"[-0.28132152 -0.28132152 -0.28132152 -0.28132152 -0.28132152 -0.28132152
 -0.28132152 -0.28132152 -0.28132152 -0.28132152 -0.28132152 -0.28132152
 -0.28132152 -0.28132152 -0.28132152 -0.28132152  0.10168299 -0.28132152
 -0.28132152 -0.28132152 -0.28132152 -0.28132152 -0.28132152 -0.28132152
 -0.28132152 -0.28132152 -0.28132152 -0.28132152 -0.28132152 -0.28132152
 -0.28132152 -0.28132152 -0.28132152 -0.28132152 -0.28132152 -0.28132152
 -0.28132152 -0.28132152 -0.28132152 -0.28132152  3.85946602  0.0454114
 -0.28132152 -0.28132152 -0.28132152 -0.28132152 -0.28132152 -0.28132152
 -0.28132152 -0.28132152 -0.28132152 -0.28132152 -0.28132152  5.16485232
 -0.28132152  3.14389546 -0.28132152 -0.28132152 -0.28132152 -0.28132152
 -0.28132152 -0.28132152 -0.28132152 -0.28132152 -0.28132152 -0.28132152
 -0.28132152 -0.28132152 -0.28132152 -0.28132152 -0.28132152 -0.28132152
 -0.28132152 -0.28132152 -0.28132152 -0.28132152 -0.28132152 -0.28132152
 -0.28132152 -0.28132152 -0.28132152 -0.28132152 -0.28132152 -0.28132152
 -0.28132152 -0.28132152 -0.28132152  1.14722269 -0.28132152 -0.28132152
 -0.28132152 -0.28132152 -0.28132152 -0.28132152  3.02562058 -0.28132152
 -0.28132152 -0.28132152 -0.28132152 -0.28132152  3.84996274 -0.28132152
  3.95470416  3.39667988  2.93715998 -0.28132152  2.45866905  0.61021757
 -0.28132152 -0.28132152 -0.28132152 -0.28132152 -0.28132152 -0.28132152
 -0.28132152 -0.28132152 -0.28132152 -0.28132152 -0.28132152 -0.28132152
 -0.28132152 -0.28132152 -0.28132152 -0.28132152 -0.28132152 -0.28132152
 -0.28132152 -0.28132152 -0.28132152 -0.28132152 -0.28132152 -0.28132152
 -0.28132152 -0.28132152 -0.28132152 -0.28132152 -0.28132152 -0.28132152
 -0.28132152 -0.28132152 -0.28132152 -0.28132152 -0.28132152 -0.28132152
 -0.28132152 -0.28132152 -0.28132152 -0.28132152 -0.28132152 -0.28132152
 -0.28132152  0.40980479 -0.28132152 -0.28132152 -0.28132152 -0.28132152
 -0.28132152 -0.28132152 -0.28132152 -0.28132152 -0.28132152 -0.28132152
  4.80027103 -0.28132152 -0.28132152 -0.28132152 -0.28132152  4.27030181
 -0.28132152 -0.28132152 -0.28132152 -0.28132152 -0.28132152 -0.28132152
 -0.28132152 -0.28132152 -0.28132152 -0.28132152  2.39816421]",[0.10633071430555294]
1,"[-0.31592281 -0.31592281 -0.31592281  0.18084102 -0.31592281 -0.31592281
 -0.31592281 -0.31592281 -0.31592281 -0.31592281 -0.31592281 -0.31592281
 -0.31592281 -0.31592281 -0.31592281 -0.31592281 -0.31592281 -0.31592281
 -0.31592281 -0.31592281 -0.31592281 -0.31592281 -0.31592281 -0.31592281
 -0.31592281 -0.31592281 -0.31592281 -0.31592281 -0.31592281 -0.31592281
 -0.31592281 -0.31592281 -0.31592281 -0.31592281 -0.31592281 -0.31592281
 -0.31592281 -0.31592281 -0.31592281 -0.31592281  3.86753832  0.90988963
 -0.31592281 -0.31592281 -0.31592281 -0.31592281 -0.31592281 -0.31592281
 -0.31592281 -0.31592281 -0.31592281 -0.31592281 -0.31592281  5.1929882
 -0.31592281 -0.31592281  3.78998724 -0.31592281 -0.31592281 -0.31592281
 -0.31592281 -0.31592281 -0.31592281 -0.31592281 -0.31592281 -0.31592281
 -0.31592281 -0.31592281 -0.31592281 -0.31592281 -0.31592281 -0.31592281
  0.34904633 -0.31592281 -0.31592281 -0.31592281 -0.31592281 -0.31592281
 -0.31592281 -0.31592281 -0.31592281 -0.31592281 -0.31592281 -0.31592281
 -0.31592281 -0.31592281 -0.31592281 -0.31592281  0.85360361 -0.31592281
 -0.31592281  2.65693435 -0.31592281  0.10603874  2.75901374 -0.31592281
 -0.31592281 -0.31592281 -0.31592281 -0.31592281  2.71238913 -0.31592281
  3.6560855   2.5975409   2.95590732 -0.31592281  1.06416569 -0.31592281
 -0.31592281 -0.31592281 -0.31592281 -0.31592281 -0.31592281 -0.31592281
 -0.31592281 -0.31592281 -0.31592281 -0.31592281 -0.31592281 -0.31592281
 -0.31592281 -0.31592281 -0.31592281 -0.31592281 -0.31592281 -0.31592281
 -0.31592281 -0.31592281 -0.31592281 -0.31592281 -0.31592281 -0.31592281
 -0.31592281 -0.31592281 -0.31592281 -0.31592281 -0.31592281 -0.31592281
 -0.31592281  4.26319741 -0.31592281 -0.31592281 -0.31592281 -0.31592281
 -0.31592281 -0.31592281 -0.31592281 -0.31592281  2.72123309 -0.31592281
 -0.31592281  0.33039196 -0.31592281 -0.31592281 -0.31592281 -0.31592281
 -0.31592281 -0.31592281 -0.31592281 -0.31592281 -0.31592281 -0.31592281
  2.57881501 -0.31592281 -0.31592281 -0.31592281 -0.31592281  4.20872228
 -0.31592281  0.0422483  -0.31592281 -0.31592281 -0.31592281 -0.31592281
 -0.31592281 -0.31592281 -0.31592281 -0.31592281  1.80330281]",[0.1440629012846832]
1,"[-0.31501392 -0.31501392 -0.31501392 -0.31501392 -0.31501392 -0.31501392
 -0.31501392 -0.31501392 -0.31501392 -0.31501392 -0.31501392 -0.31501392
 -0.31501392 -0.31501392 -0.31501392 -0.31501392 -0.31501392 -0.31501392
 -0.31501392 -0.31501392 -0.31501392 -0.31501392 -0.31501392 -0.31501392
 -0.31501392 -0.31501392 -0.31501392 -0.31501392 -0.31501392 -0.31501392
 -0.31501392 -0.31501392 -0.31501392 -0.31501392 -0.31501392 -0.31501392
 -0.31501392 -0.31501392 -0.31501392 -0.31501392  5.35480861  0.517891
 -0.31501392 -0.31501392 -0.31501392 -0.31501392 -0.31501392 -0.31501392
 -0.31501392 -0.31501392 -0.31501392 -0.31501392 -0.31501392  4.29501187
 -0.31501392  3.09463381  2.14460668 -0.31501392 -0.31501392 -0.31501392
 -0.31501392 -0.31501392 -0.31501392 -0.31501392 -0.31501392 -0.31501392
 -0.31501392 -0.31501392 -0.31501392 -0.31501392 -0.31501392 -0.31501392
 -0.31501392 -0.31501392 -0.31501392 -0.31501392 -0.31501392 -0.31501392
 -0.31501392 -0.31501392 -0.31501392 -0.31501392 -0.31501392 -0.31501392
 -0.31501392 -0.31501392 -0.31501392  1.56023541 -0.31501392 -0.31501392
 -0.31501392  4.67584639 -0.31501392 -0.31501392 -0.31501392 -0.31501392
 -0.31501392 -0.31501392  1.13899835 -0.31501392  3.2955144  -0.31501392
  2.08935283  3.52372089  1.28779249  3.52814872  0.06472979 -0.31501392
 -0.31501392 -0.31501392 -0.31501392 -0.31501392 -0.31501392 -0.31501392
 -0.31501392 -0.31501392 -0.31501392 -0.31501392 -0.31501392 -0.31501392
 -0.31501392 -0.31501392 -0.31501392 -0.31501392 -0.31501392 -0.31501392
 -0.31501392 -0.31501392 -0.31501392 -0.31501392 -0.31501392 -0.31501392
 -0.31501392 -0.31501392 -0.31501392 -0.31501392 -0.31501392 -0.31501392
 -0.31501392  2.96906517 -0.31501392 -0.31501392 -0.31501392 -0.31501392
 -0.31501392 -0.31501392 -0.31501392 -0.31501392 -0.31501392 -0.31501392
 -0.31501392 -0.31501392 -0.31501392 -0.31501392 -0.31501392 -0.31501392
 -0.31501392 -0.31501392 -0.31501392 -0.31501392 -0.31501392 -0.31501392
  1.07150104 -0.31501392 -0.31501392 -0.31501392 -0.31501392  3.41310865
  1.50750233 -0.31501392  2.43579165 -0.31501392 -0.31501392 -0.31501392
 -0.31501392 -0.31501392 -0.31501392 -0.31501392  2.1189527 ]",[0.12988478621546054]
1,"[-0.29182863 -0.29182863 -0.29182863 -0.2371125  -0.29182863 -0.29182863
 -0.29182863 -0.29182863 -0.29182863 -0.29182863 -0.29182863 -0.29182863
 -0.29182863 -0.29182863 -0.29182863 -0.29182863  0.12401948 -0.29182863
 -0.29182863 -0.29182863 -0.29182863 -0.29182863 -0.29182863 -0.29182863
 -0.29182863 -0.29182863 -0.29182863 -0.29182863 -0.29182863 -0.29182863
 -0.29182863 -0.29182863 -0.29182863 -0.29182863 -0.29182863 -0.29182863
 -0.29182863 -0.29182863 -0.29182863 -0.29182863  6.05622116  1.53278039
 -0.29182863 -0.29182863 -0.29182863 -0.29182863 -0.29182863 -0.29182863
 -0.29182863 -0.29182863 -0.29182863 -0.29182863 -0.29182863  5.97327899
  1.55984874 -0.29182863  3.16499892 -0.29182863 -0.29182863 -0.29182863
 -0.29182863 -0.29182863 -0.29182863 -0.29182863 -0.29182863 -0.29182863
 -0.29182863 -0.29182863 -0.29182863 -0.29182863 -0.29182863 -0.29182863
  0.01584935 -0.29182863 -0.29182863 -0.29182863 -0.29182863 -0.29182863
 -0.29182863 -0.29182863 -0.29182863 -0.29182863 -0.29182863 -0.29182863
 -0.29182863 -0.29182863 -0.29182863 -0.29182863 -0.29182863 -0.29182863
 -0.29182863  3.55715111 -0.29182863 -0.22894349  0.47292636 -0.29182863
 -0.29182863 -0.29182863  1.28559463 -0.29182863  3.43876615 -0.29182863
  2.67587677  3.43618927  2.91472877 -0.29182863  1.61721254 -0.29182863
 -0.29182863 -0.29182863 -0.29182863 -0.29182863 -0.29182863 -0.29182863
 -0.29182863 -0.29182863 -0.29182863 -0.29182863 -0.29182863 -0.29182863
 -0.29182863 -0.29182863 -0.29182863 -0.29182863 -0.29182863 -0.29182863
 -0.29182863 -0.29182863 -0.29182863 -0.29182863 -0.29182863 -0.29182863
 -0.29182863 -0.29182863 -0.29182863 -0.29182863 -0.29182863 -0.29182863
 -0.29182863  3.14970262 -0.29182863 -0.29182863 -0.29182863 -0.29182863
 -0.29182863 -0.29182863 -0.29182863 -0.29182863 -0.29182863 -0.29182863
 -0.29182863 -0.29182863 -0.29182863 -0.29182863 -0.29182863 -0.29182863
 -0.29182863 -0.29182863 -0.29182863 -0.29182863 -0.29182863 -0.29182863
  1.84185184 -0.29182863 -0.29182863 -0.29182863 -0.29182863  2.73173455
 -0.29182863 -0.29182863 -0.29182863 -0.29182863 -0.29182863 -0.29182863
 -0.29182863 -0.29182863 -0.29182863 -0.29182863  1.02624854]",[0.01291982835064226]
1,"[-0.3164002  -0.3164002  -0.3164002  -0.05775026 -0.3164002  -0.3164002
 -0.3164002  -0.3164002  -0.3164002  -0.3164002  -0.3164002  -0.3164002
 -0.3164002  -0.3164002  -0.3164002  -0.3164002  -0.3164002  -0.3164002
 -0.3164002  -0.3164002  -0.3164002  -0.3164002  -0.3164002  -0.3164002
 -0.3164002  -0.3164002  -0.3164002  -0.3164002  -0.3164002  -0.3164002
 -0.3164002  -0.3164002  -0.3164002  -0.3164002  -0.3164002  -0.3164002
 -0.3164002  -0.3164002  -0.3164002  -0.3164002   4.62859899  0.90951647
 -0.3164002  -0.3164002  -0.3164002  -0.3164002  -0.3164002  -0.3164002
 -0.3164002  -0.3164002  -0.3164002  -0.3164002  -0.3164002   4.59436696
  1.56800957 -0.3164002   2.64635986 -0.3164002  -0.3164002  -0.3164002
 -0.3164002  -0.3164002  -0.3164002  -0.3164002  -0.3164002  -0.3164002
 -0.3164002  -0.3164002  -0.3164002  -0.3164002  -0.3164002  -0.3164002
 -0.3164002  -0.3164002  -0.3164002  -0.3164002  -0.3164002  -0.3164002
 -0.3164002  -0.3164002  -0.3164002  -0.3164002  -0.3164002  -0.3164002
 -0.3164002  -0.3164002  -0.3164002  -0.3164002   1.78111135 -0.3164002
 -0.3164002   1.39056475 -0.3164002   1.31271024  3.69285653 -0.3164002
 -0.3164002  -0.3164002  -0.3164002  -0.3164002   3.5258862  -0.3164002
  3.1635392   3.02766704  2.17833004 -0.3164002   2.56502454  0.35426687
 -0.3164002  -0.3164002  -0.3164002  -0.3164002  -0.3164002  -0.3164002
 -0.3164002  -0.3164002  -0.3164002  -0.3164002  -0.3164002  -0.3164002
 -0.3164002  -0.3164002  -0.3164002  -0.3164002  -0.3164002  -0.3164002
 -0.3164002  -0.3164002  -0.3164002  -0.3164002  -0.3164002  -0.3164002
 -0.3164002  -0.3164002  -0.3164002  -0.3164002  -0.3164002  -0.3164002
 -0.3164002   4.01489793 -0.3164002  -0.3164002  -0.3164002  -0.3164002
 -0.3164002  -0.3164002  -0.3164002  -0.3164002   0.7483867  -0.3164002
 -0.3164002  -0.3164002  -0.3164002  -0.3164002  -0.3164002  -0.3164002
 -0.3164002  -0.3164002  -0.3164002  -0.3164002  -0.3164002  -0.3164002
  0.36321618 -0.3164002  -0.3164002  -0.3164002  -0.3164002   4.5879891
 -0.3164002  -0.3164002  -0.3164002  -0.3164002  -0.3164002  -0.3164002
 -0.3164002  -0.3164002  -0.3164002  -0.3164002   2.99568285]",[0.03940801521222348]
1,"[-2.57734780e-01 -2.57734780e-01 -2.57734780e-01  6.35524919e-03
 -2.57734780e-01 -2.57734780e-01 -2.57734780e-01 -2.57734780e-01
 -2.57734780e-01 -2.57734780e-01 -2.57734780e-01 -2.57734780e-01
 -2.57734780e-01 -2.57734780e-01 -2.57734780e-01 -2.57734780e-01
 -2.57734780e-01 -2.57734780e-01 -2.57734780e-01 -2.57734780e-01
 -2.57734780e-01 -2.57734780e-01 -2.57734780e-01 -2.57734780e-01
 -2.57734780e-01 -2.57734780e-01 -2.57734780e-01 -2.57734780e-01
 -2.57734780e-01 -2.57734780e-01 -2.57734780e-01 -2.57734780e-01
 -2.57734780e-01 -2.57734780e-01 -2.57734780e-01 -2.57734780e-01
 -2.57734780e-01 -2.57734780e-01 -2.57734780e-01 -2.57734780e-01
  3.04649817e+00  2.23980083e-01 -2.57734780e-01 -2.57734780e-01
 -2.57734780e-01 -2.57734780e-01 -2.57734780e-01 -2.57734780e-01
 -2.57734780e-01 -2.57734780e-01 -2.57734780e-01 -2.57734780e-01
 -2.57734780e-01  7.10506980e+00 -8.02363615e-02 -2.57734780e-01
  5.07445650e+00 -2.57734780e-01 -2.57734780e-01 -2.57734780e-01
 -2.57734780e-01 -2.57734780e-01 -2.57734780e-01 -2.57734780e-01
 -2.57734780e-01 -2.57734780e-01 -2.57734780e-01 -2.57734780e-01
 -2.57734780e-01 -2.57734780e-01 -2.57734780e-01 -2.57734780e-01
  5.73340348e-01 -2.57734780e-01 -2.57734780e-01 -2.57734780e-01
 -2.57734780e-01 -2.57734780e-01 -2.57734780e-01 -2.57734780e-01
 -2.57734780e-01 -2.57734780e-01 -2.57734780e-01 -2.57734780e-01
 -2.57734780e-01 -2.57734780e-01 -2.57734780e-01 -2.57734780e-01
 -2.57734780e-01 -2.57734780e-01 -2.57734780e-01  2.27902255e+00
 -2.57734780e-01  1.17715883e+00  1.63854568e+00  1.42833524e-01
 -2.57734780e-01 -2.57734780e-01 -2.57734780e-01 -2.57734780e-01
  3.26713289e+00 -2.57734780e-01  3.25021602e+00  4.04739589e+00
  3.48762017e+00 -2.57734780e-01  7.98181762e-01 -2.57734780e-01
 -2.57734780e-01 -2.57734780e-01 -2.57734780e-01 -2.57734780e-01
 -2.57734780e-01 -2.57734780e-01 -2.57734780e-01 -2.57734780e-01
 -2.57734780e-01 -2.57734780e-01 -2.57734780e-01 -2.57734780e-01
 -2.57734780e-01 -2.57734780e-01 -2.57734780e-01 -2.57734780e-01
 -2.57734780e-01 -2.57734780e-01 -2.57734780e-01 -2.57734780e-01
 -2.57734780e-01 -2.57734780e-01 -2.57734780e-01 -2.57734780e-01
  4.70474799e+00 -2.57734780e-01 -2.57734780e-01 -2.57734780e-01
 -2.57734780e-01 -2.57734780e-01 -2.57734780e-01 -2.57734780e-01
 -2.57734780e-01 -2.57734780e-01 -2.57734780e-01 -2.57734780e-01
 -2.57734780e-01 -2.57734780e-01 -2.57734780e-01 -2.57734780e-01
 -2.57734780e-01 -2.57734780e-01 -2.57734780e-01 -2.57734780e-01
 -2.57734780e-01 -2.57734780e-01 -2.57734780e-01 -2.57734780e-01
 -2.57734780e-01 -2.57734780e-01 -2.57734780e-01 -2.57734780e-01
 -2.57734780e-01 -2.57734780e-01  7.52980456e-01 -2.57734780e-01
 -2.57734780e-01 -2.57734780e-01 -2.57734780e-01 -2.57734780e-01
 -2.57734780e-01 -2.57734780e-01 -2.57734780e-01 -2.57734780e-01
 -2.57734780e-01 -2.57734780e-01 -2.57734780e-01 -2.57734780e-01
 -2.57734780e-01 -2.57734780e-01 -2.57734780e-01]",[0.003172982660480217]
1,"[-0.3099963  -0.3099963  -0.3099963  -0.11576178 -0.3099963  -0.3099963
 -0.3099963  -0.3099963  -0.3099963  -0.3099963  -0.3099963  -0.3099963
 -0.3099963  -0.3099963  -0.3099963  -0.3099963  -0.3099963  -0.3099963
 -0.3099963  -0.3099963  -0.3099963  -0.3099963  -0.3099963  -0.3099963
 -0.3099963   3.48159552 -0.3099963  -0.3099963   1.42583145 -0.3099963
 -0.3099963  -0.3099963  -0.3099963  -0.3099963  -0.3099963  -0.3099963
 -0.3099963  -0.3099963  -0.3099963  -0.3099963   6.17947812  1.00508203
 -0.3099963  -0.3099963  -0.3099963  -0.3099963  -0.3099963  -0.3099963
 -0.3099963  -0.3099963  -0.3099963  -0.3099963  -0.3099963   2.46024347
 -0.3099963  -0.3099963  -0.3099963  -0.3099963  -0.3099963   1.60020081
 -0.3099963  -0.3099963  -0.3099963  -0.3099963  -0.3099963  -0.3099963
 -0.3099963  -0.3099963  -0.3099963  -0.3099963  -0.3099963  -0.3099963
 -0.3099963  -0.3099963   4.18751782 -0.3099963  -0.3099963  -0.3099963
 -0.3099963  -0.3099963  -0.3099963  -0.3099963  -0.3099963   3.22396092
 -0.3099963  -0.3099963  -0.3099963  -0.3099963  -0.3099963  -0.3099963
 -0.3099963   2.46483007 -0.3099963  -0.3099963  -0.3099963   1.08345833
 -0.3099963  -0.3099963  -0.3099963  -0.3099963   0.93539536 -0.3099963
 -0.3099963  -0.3099963   1.02223329 -0.3099963  -0.3099963  -0.3099963
 -0.3099963  -0.3099963  -0.3099963  -0.3099963  -0.3099963  -0.3099963
 -0.3099963  -0.3099963  -0.3099963  -0.3099963   2.77675924 -0.3099963
 -0.3099963  -0.3099963  -0.3099963  -0.3099963  -0.3099963  -0.3099963
 -0.3099963  -0.3099963   1.78467661 -0.3099963  -0.3099963   1.57436434
 -0.3099963  -0.3099963  -0.3099963  -0.3099963  -0.3099963  -0.3099963
 -0.3099963  -0.3099963  -0.3099963  -0.3099963  -0.3099963  -0.3099963
 -0.3099963  -0.3099963  -0.3099963  -0.3099963  -0.3099963  -0.3099963
 -0.3099963  -0.3099963  -0.3099963  -0.3099963  -0.3099963  -0.3099963
 -0.3099963  -0.3099963  -0.3099963  -0.3099963  -0.3099963  -0.3099963
  3.52474975 -0.3099963  -0.3099963  -0.3099963  -0.3099963  -0.3099963
 -0.3099963   3.5406672   4.22371701 -0.3099963  -0.3099963  -0.3099963
 -0.3099963  -0.3099963  -0.3099963  -0.3099963   2.91041247]",[0.11920390941239706]
1,"[-0.26363937 -0.26363937 -0.26363937 -0.26363937 -0.26363937 -0.26363937
 -0.26363937 -0.26363937 -0.26363937 -0.26363937 -0.26363937 -0.26363937
 -0.26363937 -0.26363937 -0.26363937 -0.26363937 -0.26363937 -0.26363937
 -0.26363937 -0.26363937 -0.26363937 -0.26363937 -0.26363937 -0.26363937
 -0.26363937 -0.26363937 -0.26363937 -0.26363937 -0.26363937 -0.26363937
 -0.26363937 -0.26363937 -0.26363937 -0.26363937 -0.26363937 -0.26363937
 -0.26363937 -0.26363937 -0.26363937 -0.26363937  7.18277971  1.04728887
 -0.26363937 -0.26363937 -0.26363937 -0.26363937 -0.26363937 -0.26363937
 -0.26363937 -0.26363937 -0.26363937 -0.26363937 -0.26363937  4.53685336
 -0.1546365  -0.26363937  1.48917834 -0.26363937 -0.26363937 -0.26363937
 -0.26363937 -0.26363937 -0.26363937 -0.26363937 -0.26363937 -0.26363937
 -0.26363937 -0.26363937 -0.26363937 -0.26363937 -0.26363937 -0.26363937
 -0.26363937 -0.26363937 -0.26363937 -0.26363937 -0.26363937  1.28700127
 -0.26363937 -0.26363937 -0.26363937 -0.26363937 -0.26363937 -0.26363937
 -0.26363937 -0.26363937 -0.26363937 -0.26363937  2.01663351  4.04651785
 -0.26363937  2.42623248 -0.26363937 -0.26363937  0.27046991 -0.26363937
 -0.26363937 -0.26363937 -0.26363937 -0.26363937  2.44124213 -0.26363937
 -0.26363937  2.45458574  0.96577476 -0.26363937  1.29489037 -0.26363937
 -0.26363937 -0.26363937 -0.26363937 -0.26363937 -0.26363937 -0.26363937
 -0.26363937 -0.26363937 -0.26363937 -0.26363937 -0.26363937 -0.26363937
 -0.26363937 -0.26363937 -0.26363937 -0.26363937 -0.26363937 -0.26363937
 -0.26363937 -0.26363937 -0.26363937 -0.26363937 -0.26363937 -0.26363937
 -0.26363937 -0.26363937 -0.26363937 -0.26363937 -0.26363937 -0.26363937
 -0.26363937  3.88677693 -0.26363937 -0.26363937 -0.26363937 -0.26363937
 -0.26363937 -0.26363937 -0.26363937 -0.26363937 -0.26363937 -0.26363937
 -0.26363937 -0.26363937 -0.26363937 -0.26363937 -0.26363937 -0.26363937
 -0.26363937 -0.26363937 -0.26363937 -0.26363937 -0.26363937 -0.26363937
  5.52079106 -0.26363937 -0.26363937 -0.26363937 -0.26363937  1.99719795
 -0.26363937 -0.26363937 -0.26363937 -0.26363937 -0.26363937 -0.26363937
 -0.26363937 -0.26363937 -0.26363937 -0.26363937 -0.26363937]",[-0.02288996501241497]
1,"[-0.24678525 -0.24678525 -0.24678525 -0.24678525 -0.24678525 -0.24678525
 -0.24678525 -0.24678525 -0.24678525 -0.24678525 -0.24678525 -0.24678525
 -0.24678525 -0.24678525 -0.24678525 -0.24678525 -0.24678525 -0.24678525
 -0.24678525 -0.24678525 -0.24678525 -0.24678525 -0.24678525 -0.24678525
 -0.24678525 -0.24678525 -0.24678525 -0.24678525 -0.24678525 -0.24678525
 -0.24678525 -0.24678525 -0.24678525 -0.24678525 -0.24678525 -0.24678525
 -0.24678525 -0.24678525 -0.24678525 -0.24678525  5.75839993 -0.24678525
 -0.24678525 -0.24678525 -0.24678525 -0.24678525 -0.24678525 -0.24678525
 -0.24678525 -0.24678525 -0.24678525 -0.24678525 -0.24678525  4.42717001
 -0.24678525  6.05091981 -0.24678525 -0.24678525 -0.24678525 -0.24678525
 -0.24678525 -0.24678525 -0.24678525 -0.24678525 -0.24678525 -0.24678525
 -0.24678525 -0.24678525 -0.24678525 -0.24678525 -0.24678525 -0.24678525
 -0.24678525 -0.24678525 -0.24678525 -0.24678525 -0.24678525 -0.24678525
 -0.24678525 -0.24678525 -0.24678525 -0.24678525 -0.24678525 -0.24678525
 -0.24678525 -0.24678525 -0.24678525 -0.24678525 -0.24678525 -0.24678525
 -0.24678525  1.29555265 -0.24678525 -0.24678525  0.18473611 -0.24678525
 -0.24678525 -0.24678525 -0.24678525 -0.24678525  2.61922877 -0.24678525
  1.48660282  3.11857013 -0.05726443 -0.24678525  2.32940526 -0.24678525
 -0.24678525 -0.24678525 -0.24678525 -0.24678525 -0.24678525 -0.24678525
 -0.24678525 -0.24678525 -0.24678525 -0.24678525 -0.24678525 -0.24678525
 -0.24678525 -0.24678525 -0.24678525 -0.24678525 -0.24678525 -0.24678525
 -0.24678525 -0.24678525 -0.24678525 -0.24678525 -0.24678525 -0.24678525
 -0.24678525  5.26458482 -0.24678525 -0.24678525 -0.24678525 -0.24678525
 -0.24678525  3.69337824 -0.24678525 -0.24678525 -0.24678525 -0.24678525
 -0.24678525 -0.24678525 -0.24678525 -0.24678525 -0.24678525 -0.24678525
 -0.24678525 -0.24678525 -0.24678525 -0.24678525 -0.24678525 -0.24678525
 -0.24678525 -0.24678525 -0.24678525 -0.24678525 -0.24678525 -0.24678525
 -0.24678525 -0.24678525 -0.24678525 -0.24678525 -0.24678525  3.259085
 -0.24678525 -0.24678525 -0.24678525 -0.24678525 -0.24678525 -0.24678525
 -0.24678525 -0.24678525 -0.24678525 -0.24678525  1.28919638]",[0.07626057073133843]
1,"[-0.35677446 -0.35677446 -0.35677446  0.34366946 -0.35677446 -0.35677446
 -0.35677446 -0.35677446 -0.35677446 -0.35677446 -0.35677446 -0.35677446
 -0.35677446 -0.35677446 -0.35677446 -0.35677446  1.5385377  -0.35677446
  1.85974987 -0.35677446  0.28061074 -0.35677446 -0.35677446 -0.35677446
 -0.35677446 -0.35677446 -0.35677446  1.35408467 -0.35677446 -0.35677446
 -0.35677446 -0.35677446 -0.35677446 -0.35677446 -0.35677446 -0.35677446
 -0.35677446 -0.35677446 -0.35677446 -0.35677446  5.41508391 -0.35677446
 -0.35677446 -0.35677446 -0.35677446 -0.35677446 -0.35677446 -0.35677446
 -0.35677446 -0.35677446 -0.35677446 -0.35677446 -0.35677446  3.2819997
  0.8674073   0.41640535  1.1428532  -0.35677446 -0.35677446 -0.35677446
 -0.35677446 -0.35677446 -0.35677446 -0.35677446 -0.35677446 -0.35677446
 -0.35677446 -0.35677446 -0.35677446 -0.35677446 -0.35677446 -0.35677446
 -0.08313643 -0.35677446 -0.35677446 -0.35677446 -0.35677446 -0.35677446
 -0.35677446 -0.35677446 -0.35677446 -0.35677446 -0.35677446  5.88377713
 -0.35677446 -0.35677446 -0.35677446 -0.35677446 -0.35677446  1.65085283
 -0.35677446  3.44225685 -0.35677446 -0.13114592  2.55790819 -0.35677446
 -0.35677446 -0.35677446 -0.35677446 -0.35677446  1.52043233 -0.35677446
  1.12530437  0.83271096  3.1998832  -0.35677446  2.31741769  0.50412267
 -0.35677446 -0.35677446 -0.35677446 -0.35677446 -0.35677446 -0.35677446
 -0.35677446 -0.35677446 -0.35677446 -0.35677446 -0.35677446 -0.35677446
 -0.35677446 -0.35677446 -0.35677446 -0.35677446 -0.35677446 -0.35677446
 -0.35677446 -0.35677446 -0.35677446 -0.35677446 -0.35677446 -0.35677446
 -0.35677446 -0.35677446 -0.35677446 -0.35677446 -0.35677446 -0.35677446
 -0.35677446  1.89038358 -0.35677446 -0.35677446 -0.35677446 -0.35677446
 -0.35677446 -0.35677446  2.61201163 -0.35677446 -0.35677446 -0.35677446
 -0.35677446 -0.35677446 -0.35677446 -0.35677446 -0.35677446 -0.35677446
 -0.35677446 -0.35677446 -0.35677446 -0.35677446 -0.35677446 -0.35677446
  3.28555639 -0.35677446 -0.35677446 -0.35677446 -0.35677446  0.54907223
  1.21624802 -0.35677446  2.52374831 -0.35677446 -0.35677446 -0.35677446
 -0.35677446 -0.35677446 -0.35677446 -0.35677446  2.11836263]",[0.10278417466970197]
1,"[-0.31234755 -0.31234755 -0.31234755  0.2312924  -0.31234755 -0.31234755
 -0.31234755 -0.31234755 -0.31234755 -0.31234755 -0.31234755 -0.31234755
 -0.31234755 -0.31234755 -0.31234755 -0.31234755  0.41702488 -0.31234755
 -0.31234755 -0.31234755 -0.31234755 -0.31234755 -0.31234755 -0.31234755
 -0.31234755 -0.31234755 -0.31234755 -0.31234755 -0.31234755 -0.31234755
 -0.31234755 -0.31234755 -0.31234755 -0.31234755 -0.31234755 -0.31234755
 -0.31234755 -0.31234755 -0.31234755 -0.31234755  5.94615843  1.79131878
 -0.31234755 -0.31234755 -0.31234755 -0.31234755 -0.31234755 -0.31234755
 -0.31234755 -0.31234755 -0.31234755 -0.31234755 -0.31234755  5.42689761
 -0.31234755  0.83569906  4.06356654 -0.31234755 -0.31234755 -0.31234755
 -0.31234755 -0.31234755 -0.31234755 -0.31234755 -0.31234755 -0.31234755
 -0.31234755 -0.31234755 -0.31234755 -0.31234755 -0.31234755 -0.31234755
 -0.07625079 -0.31234755 -0.31234755 -0.31234755 -0.31234755 -0.31234755
 -0.31234755 -0.31234755 -0.31234755 -0.31234755 -0.31234755 -0.31234755
 -0.31234755 -0.31234755 -0.31234755  1.86316701 -0.31234755 -0.31234755
 -0.31234755  2.23055984 -0.31234755 -0.31234755  0.23672596 -0.31234755
 -0.31234755 -0.31234755  1.79298271 -0.31234755  3.16456266 -0.31234755
  2.39450825  2.74401295  3.88704955 -0.31234755  2.59573084 -0.31234755
 -0.31234755 -0.31234755 -0.31234755 -0.31234755 -0.31234755 -0.31234755
 -0.31234755 -0.31234755 -0.31234755 -0.31234755  1.00429162 -0.31234755
 -0.31234755 -0.31234755 -0.31234755 -0.31234755 -0.31234755 -0.31234755
 -0.31234755 -0.31234755 -0.31234755 -0.31234755 -0.31234755 -0.31234755
 -0.31234755 -0.31234755 -0.31234755 -0.31234755 -0.31234755 -0.31234755
 -0.31234755 -0.31234755 -0.31234755 -0.31234755 -0.31234755 -0.31234755
 -0.31234755 -0.31234755 -0.31234755 -0.31234755 -0.31234755 -0.31234755
 -0.31234755 -0.31234755 -0.31234755 -0.31234755 -0.31234755 -0.31234755
 -0.31234755 -0.31234755 -0.31234755 -0.31234755 -0.31234755 -0.31234755
  2.80681274 -0.31234755 -0.31234755 -0.31234755 -0.31234755  2.75174556
 -0.31234755  0.90582546  2.02488352 -0.31234755 -0.31234755 -0.31234755
 -0.31234755 -0.31234755 -0.31234755 -0.31234755 -0.31234755]",[3.9605690519699275]
1,"[-0.30922676 -0.30922676 -0.30922676  1.82456558 -0.30922676 -0.30922676
 -0.30922676 -0.30922676 -0.30922676 -0.30922676 -0.30922676 -0.30922676
 -0.30922676 -0.30922676 -0.30922676 -0.30922676 -0.30922676 -0.30922676
 -0.30922676 -0.30922676 -0.30922676 -0.30922676 -0.30922676 -0.30922676
 -0.30922676 -0.30922676 -0.30922676 -0.30922676 -0.30922676 -0.30922676
 -0.30922676 -0.30922676 -0.30922676 -0.30922676 -0.30922676 -0.30922676
 -0.30922676 -0.30922676 -0.30922676 -0.30922676  4.20082847  0.64469694
 -0.30922676 -0.30922676 -0.30922676 -0.30922676 -0.30922676 -0.30922676
 -0.30922676 -0.30922676 -0.30922676 -0.30922676 -0.30922676  5.48865116
  3.55412533 -0.30922676  4.35557651 -0.30922676 -0.30922676 -0.30922676
 -0.30922676 -0.30922676 -0.30922676 -0.30922676 -0.30922676 -0.30922676
 -0.30922676 -0.30922676 -0.30922676 -0.30922676 -0.30922676 -0.30922676
  1.05867757 -0.30922676 -0.30922676 -0.30922676 -0.30922676 -0.30922676
 -0.30922676 -0.30922676 -0.30922676 -0.30922676 -0.30922676 -0.30922676
 -0.30922676 -0.30922676 -0.30922676 -0.30922676 -0.30922676 -0.30922676
 -0.30922676  1.29409982 -0.30922676  0.56898341  0.79882011 -0.30922676
 -0.30922676 -0.30922676 -0.30922676 -0.30922676  2.74481139 -0.30922676
  2.27407446  3.49426518  3.18574663 -0.30922676  1.39747787 -0.30922676
 -0.30922676 -0.30922676 -0.30922676 -0.30922676 -0.30922676 -0.30922676
 -0.30922676 -0.30922676 -0.30922676 -0.30922676 -0.30922676 -0.30922676
 -0.30922676 -0.30922676 -0.30922676 -0.30922676 -0.30922676 -0.30922676
 -0.30922676 -0.30922676 -0.30922676 -0.30922676 -0.30922676 -0.30922676
 -0.30922676 -0.30922676 -0.30922676 -0.30922676 -0.30922676 -0.30922676
 -0.30922676  3.68580754 -0.30922676 -0.30922676 -0.30922676 -0.30922676
 -0.30922676 -0.30922676 -0.30922676 -0.30922676  2.86283177 -0.30922676
 -0.30922676 -0.30922676 -0.30922676 -0.30922676 -0.30922676 -0.30922676
 -0.30922676 -0.30922676 -0.30922676 -0.30922676 -0.30922676 -0.30922676
  0.24873582 -0.30922676 -0.30922676 -0.30922676 -0.30922676  1.51324292
 -0.30922676 -0.30922676 -0.30922676 -0.30922676 -0.30922676 -0.30922676
 -0.30922676 -0.30922676 -0.30922676 -0.30922676  3.97103616]",[0.06602958322717092]
1,"[-0.24718702 -0.24718702 -0.24718702 -0.24718702 -0.24718702 -0.24718702
 -0.24718702 -0.24718702 -0.24718702 -0.24718702 -0.24718702 -0.24718702
 -0.24718702 -0.24718702 -0.24718702 -0.24718702  1.63883001 -0.24718702
 -0.24718702 -0.24718702 -0.24718702 -0.24718702 -0.24718702 -0.24718702
 -0.24718702 -0.24718702 -0.24718702 -0.24718702 -0.24718702 -0.24718702
 -0.24718702 -0.24718702 -0.24718702 -0.24718702 -0.24718702 -0.24718702
 -0.24718702 -0.24718702 -0.24718702 -0.24718702  0.85413824  1.03196347
 -0.24718702 -0.24718702 -0.24718702 -0.24718702 -0.24718702 -0.24718702
 -0.24718702 -0.24718702 -0.24718702 -0.24718702 -0.24718702  7.41064059
 -0.24718702 -0.24718702 -0.24718702 -0.24718702 -0.24718702 -0.24718702
 -0.24718702 -0.24718702 -0.24718702 -0.24718702 -0.24718702 -0.24718702
 -0.24718702 -0.24718702 -0.24718702 -0.24718702 -0.24718702 -0.24718702
 -0.24718702 -0.24718702 -0.24718702 -0.24718702 -0.24718702 -0.24718702
 -0.24718702 -0.24718702 -0.24718702 -0.24718702 -0.24718702 -0.24718702
 -0.24718702 -0.24718702 -0.24718702 -0.24718702 -0.24718702 -0.24718702
 -0.24718702  4.06100482 -0.24718702 -0.24718702 -0.24718702 -0.24718702
 -0.24718702 -0.24718702 -0.24718702 -0.24718702  3.84898317 -0.24718702
  2.80634065 -0.15885119  3.73387517 -0.24718702  2.72913559 -0.24718702
 -0.24718702 -0.24718702 -0.24718702 -0.24718702 -0.24718702 -0.24718702
 -0.24718702 -0.24718702 -0.24718702 -0.24718702 -0.24718702 -0.24718702
 -0.24718702 -0.24718702 -0.24718702 -0.24718702 -0.24718702 -0.24718702
 -0.24718702 -0.24718702 -0.24718702 -0.24718702 -0.24718702 -0.24718702
 -0.24718702 -0.24718702 -0.24718702 -0.24718702 -0.24718702  0.8623365
 -0.24718702 -0.24718702 -0.24718702 -0.24718702 -0.24718702 -0.24718702
 -0.24718702 -0.24718702 -0.24718702 -0.24718702 -0.24718702 -0.24718702
 -0.24718702  1.80500991 -0.24718702 -0.24718702 -0.24718702 -0.24718702
 -0.24718702 -0.24718702 -0.24718702 -0.24718702 -0.24718702 -0.24718702
  6.0794691  -0.24718702 -0.24718702 -0.24718702 -0.24718702  2.49495938
 -0.24718702 -0.24718702  1.34083506 -0.24718702 -0.24718702 -0.24718702
 -0.24718702 -0.24718702 -0.24718702 -0.24718702 -0.24718702]",[-0.024372759372861402]
1,"[-0.30464944 -0.30464944 -0.30464944 -0.17133907 -0.30464944 -0.30464944
 -0.30464944 -0.30464944 -0.30464944 -0.30464944 -0.30464944 -0.30464944
 -0.30464944 -0.30464944 -0.30464944 -0.30464944 -0.30464944 -0.30464944
 -0.30464944 -0.30464944 -0.30464944 -0.30464944 -0.30464944 -0.30464944
 -0.30464944 -0.30464944 -0.30464944 -0.30464944 -0.30464944 -0.30464944
 -0.30464944 -0.30464944 -0.30464944 -0.30464944 -0.30464944 -0.30464944
 -0.30464944 -0.30464944 -0.30464944 -0.30464944  4.86272847  0.20479107
 -0.30464944 -0.30464944 -0.30464944 -0.30464944 -0.30464944 -0.30464944
 -0.30464944 -0.30464944 -0.30464944 -0.30464944 -0.30464944  5.46164901
  1.15282439 -0.30464944  3.09571864 -0.30464944 -0.30464944 -0.30464944
 -0.30464944 -0.30464944 -0.30464944 -0.30464944 -0.30464944 -0.30464944
 -0.30464944 -0.30464944 -0.30464944 -0.30464944 -0.30464944 -0.30464944
 -0.30464944 -0.30464944 -0.30464944 -0.30464944 -0.30464944 -0.30464944
 -0.30464944 -0.30464944 -0.30464944 -0.30464944 -0.30464944 -0.30464944
 -0.30464944 -0.30464944 -0.30464944 -0.30464944 -0.30464944  0.34756309
 -0.30464944  1.16122864 -0.30464944  1.75250142  3.59277155 -0.30464944
 -0.30464944 -0.30464944 -0.30464944 -0.30464944  3.47029031 -0.30464944
  3.5591756   2.94867637  2.53978102 -0.30464944  2.82225534 -0.30464944
 -0.30464944 -0.30464944 -0.30464944 -0.30464944 -0.30464944 -0.30464944
 -0.30464944 -0.30464944 -0.30464944 -0.30464944 -0.30464944 -0.30464944
 -0.30464944 -0.30464944 -0.30464944 -0.30464944 -0.30464944 -0.30464944
 -0.30464944 -0.30464944 -0.30464944 -0.30464944 -0.30464944 -0.30464944
 -0.30464944  1.40191635 -0.30464944 -0.30464944 -0.30464944 -0.30464944
 -0.30464944  4.32597117 -0.30464944 -0.30464944 -0.30464944 -0.30464944
 -0.30464944 -0.30464944 -0.30464944 -0.30464944 -0.30464944 -0.30464944
 -0.30464944 -0.30464944 -0.30464944 -0.30464944 -0.30464944 -0.30464944
 -0.30464944 -0.30464944 -0.30464944 -0.30464944 -0.30464944 -0.30464944
  1.07271078 -0.30464944 -0.30464944 -0.30464944 -0.30464944  1.71881907
 -0.30464944 -0.30464944 -0.30464944 -0.30464944 -0.30464944 -0.30464944
 -0.30464944 -0.30464944 -0.30464944 -0.30464944  3.11922728]",[0.06320691848984808]
1,"[-0.38871381 -0.38871381 -0.38871381  0.71925428 -0.38871381 -0.38871381
 -0.38871381 -0.38871381 -0.38871381 -0.38871381 -0.38871381 -0.38871381
 -0.38871381 -0.38871381 -0.38871381 -0.38871381  0.67372065 -0.38871381
 -0.38871381 -0.38871381 -0.38871381 -0.38871381 -0.38871381 -0.38871381
 -0.38871381 -0.38871381 -0.38871381 -0.38871381 -0.38871381 -0.38871381
 -0.38871381 -0.38871381 -0.38871381  1.18474241 -0.38871381 -0.38871381
 -0.38871381 -0.38871381 -0.38871381 -0.38871381  2.5207408  -0.38871381
 -0.38871381 -0.38871381 -0.38871381 -0.38871381 -0.38871381 -0.38871381
 -0.38871381 -0.38871381 -0.38871381 -0.38871381 -0.38871381  4.46670736
  0.75654387 -0.38871381  3.26562578 -0.38871381  3.22130202 -0.38871381
 -0.38871381 -0.38871381 -0.38871381 -0.38871381 -0.38871381 -0.38871381
 -0.38871381 -0.38871381 -0.38871381 -0.38871381 -0.38871381 -0.38871381
  0.87095468 -0.38871381 -0.38871381 -0.38871381 -0.38871381 -0.38871381
 -0.38871381 -0.38871381 -0.38871381 -0.38871381 -0.38871381  2.90475493
 -0.38871381 -0.38871381  0.94594038 -0.38871381 -0.38871381 -0.38871381
 -0.38871381  2.9832753  -0.38871381  0.01281849  1.09063075 -0.38871381
 -0.38871381 -0.38871381 -0.38871381 -0.38871381  2.54011339 -0.38871381
  3.68721478  1.99320093  2.47242484 -0.38871381  2.66644902 -0.38871381
 -0.38871381 -0.38871381 -0.38871381 -0.38871381  1.03207653 -0.38871381
 -0.38871381 -0.38871381 -0.38871381 -0.38871381 -0.38871381 -0.38871381
 -0.38871381 -0.38871381 -0.38871381 -0.38871381 -0.38871381 -0.38871381
 -0.38871381 -0.38871381 -0.38871381 -0.38871381 -0.38871381  1.32532344
 -0.38871381 -0.38871381 -0.38871381 -0.38871381 -0.38871381  0.5109676
  1.59486456  2.87240643 -0.38871381 -0.38871381 -0.38871381 -0.38871381
 -0.38871381 -0.38871381 -0.38871381 -0.38871381 -0.38871381 -0.38871381
 -0.38871381 -0.38871381 -0.38871381 -0.38871381 -0.38871381 -0.38871381
 -0.38871381 -0.38871381 -0.38871381 -0.38871381 -0.38871381 -0.38871381
  3.08643764 -0.38871381 -0.38871381 -0.38871381 -0.38871381  1.58095829
 -0.38871381  1.5910011   1.5028262  -0.38871381 -0.38871381 -0.38871381
 -0.38871381 -0.38871381 -0.38871381 -0.38871381  4.23379463]",[0.1338499027396945]
1,"[-0.35578471 -0.35578471 -0.35578471 -0.35578471 -0.35578471 -0.35578471
 -0.35578471 -0.35578471 -0.35578471 -0.35578471 -0.35578471 -0.35578471
 -0.35578471 -0.35578471 -0.35578471 -0.35578471 -0.35578471 -0.35578471
 -0.35578471 -0.35578471 -0.35578471 -0.35578471 -0.35578471 -0.35578471
 -0.35578471 -0.35578471 -0.35578471 -0.35578471  1.60550702 -0.35578471
 -0.35578471 -0.35578471 -0.35578471 -0.35578471 -0.35578471 -0.35578471
 -0.35578471 -0.35578471 -0.35578471 -0.35578471  3.37843076 -0.35578471
 -0.35578471 -0.35578471 -0.35578471 -0.35578471 -0.35578471 -0.35578471
 -0.35578471 -0.35578471  2.17016253 -0.35578471 -0.35578471  5.14929195
  2.47829176 -0.35578471  3.44669125 -0.35578471 -0.35578471 -0.35578471
 -0.35578471 -0.35578471 -0.35578471 -0.35578471 -0.35578471 -0.35578471
 -0.35578471 -0.35578471 -0.35578471 -0.35578471 -0.35578471 -0.35578471
 -0.35578471 -0.35578471 -0.35578471 -0.35578471 -0.35578471 -0.35578471
 -0.35578471 -0.35578471 -0.35578471 -0.35578471 -0.35578471  2.64580298
 -0.35578471 -0.35578471 -0.35578471  0.76361264 -0.35578471 -0.35578471
 -0.35578471  2.1790561  -0.35578471 -0.35578471 -0.35578471 -0.35578471
 -0.35578471 -0.35578471 -0.35578471 -0.35578471  3.25828239 -0.35578471
 -0.35578471  1.93879896  1.52854141  2.751634    0.80543484 -0.35578471
 -0.35578471 -0.35578471  4.06422025 -0.35578471  2.57699098 -0.35578471
  1.88745357 -0.35578471 -0.35578471 -0.35578471 -0.35578471 -0.35578471
 -0.35578471 -0.35578471 -0.35578471 -0.35578471 -0.35578471 -0.35578471
 -0.35578471 -0.35578471 -0.35578471 -0.35578471 -0.35578471 -0.35578471
 -0.35578471 -0.35578471 -0.35578471 -0.35578471 -0.35578471 -0.35578471
 -0.35578471  2.94276395 -0.35578471 -0.35578471 -0.35578471 -0.35578471
 -0.35578471 -0.35578471 -0.35578471 -0.35578471  2.01578995 -0.35578471
 -0.35578471 -0.35578471 -0.35578471 -0.35578471 -0.35578471 -0.35578471
 -0.35578471 -0.35578471 -0.35578471 -0.35578471 -0.35578471 -0.35578471
  0.77927745 -0.35578471 -0.35578471 -0.35578471 -0.35578471  2.35197202
 -0.35578471  1.46411122 -0.35578471 -0.35578471 -0.35578471 -0.35578471
 -0.35578471 -0.35578471 -0.35578471 -0.35578471  3.32029672]",[0.17768998097871458]
1,"[-0.34300862 -0.34300862 -0.34300862  0.01836529 -0.34300862 -0.34300862
 -0.34300862 -0.34300862 -0.34300862 -0.34300862 -0.34300862 -0.34300862
 -0.34300862 -0.34300862 -0.34300862 -0.34300862 -0.34300862 -0.34300862
 -0.34300862 -0.34300862 -0.34300862 -0.34300862 -0.34300862 -0.34300862
 -0.34300862 -0.34300862 -0.34300862 -0.34300862 -0.34300862 -0.34300862
 -0.34300862 -0.34300862 -0.34300862 -0.34300862 -0.34300862 -0.34300862
 -0.34300862 -0.34300862 -0.34300862 -0.34300862  4.93429398  0.20327152
 -0.34300862 -0.34300862 -0.34300862 -0.34300862 -0.34300862 -0.34300862
 -0.34300862 -0.34300862 -0.34300862 -0.34300862 -0.34300862  4.11057791
  2.45522065  4.33625964  3.28529534 -0.34300862 -0.34300862 -0.34300862
 -0.34300862 -0.34300862 -0.34300862 -0.34300862 -0.34300862 -0.34300862
 -0.34300862 -0.34300862 -0.34300862 -0.34300862 -0.34300862 -0.34300862
 -0.34300862 -0.34300862 -0.34300862 -0.34300862 -0.34300862 -0.34300862
 -0.34300862 -0.34300862 -0.34300862 -0.34300862 -0.34300862 -0.34300862
 -0.34300862 -0.34300862 -0.34300862 -0.34300862 -0.34300862 -0.34300862
 -0.34300862  1.75610178 -0.34300862  1.20714298  2.02906224 -0.177998
 -0.34300862  1.30868359 -0.34300862 -0.34300862  2.74157104 -0.34300862
  2.13945742  2.73375325  1.42039396  2.93604379  3.09443904 -0.34300862
 -0.34300862 -0.34300862 -0.34300862 -0.34300862  0.9649787  -0.34300862
 -0.34300862 -0.34300862 -0.34300862 -0.34300862 -0.34300862 -0.34300862
 -0.34300862 -0.34300862 -0.34300862 -0.34300862 -0.34300862 -0.34300862
 -0.34300862 -0.34300862 -0.34300862 -0.34300862 -0.34300862 -0.34300862
 -0.34300862 -0.34300862 -0.34300862 -0.34300862 -0.34300862 -0.34300862
 -0.34300862  3.78272236 -0.34300862 -0.34300862 -0.34300862 -0.34300862
 -0.34300862 -0.34300862 -0.34300862 -0.34300862  2.47975786 -0.34300862
 -0.34300862 -0.34300862 -0.34300862 -0.34300862 -0.34300862 -0.34300862
 -0.34300862 -0.34300862 -0.34300862 -0.34300862 -0.34300862 -0.34300862
  2.41224251 -0.34300862 -0.34300862 -0.34300862 -0.34300862  2.49185099
 -0.34300862 -0.34300862 -0.34300862 -0.34300862 -0.34300862 -0.34300862
 -0.34300862 -0.34300862 -0.34300862 -0.34300862  0.50284839]",[0.05820429540073069]
1,"[-0.34269938 -0.34269938 -0.34269938 -0.11616435 -0.34269938 -0.34269938
 -0.34269938 -0.34269938 -0.34269938 -0.34269938 -0.34269938 -0.34269938
 -0.34269938 -0.34269938 -0.34269938 -0.34269938  0.36693512 -0.34269938
 -0.34269938 -0.34269938 -0.34269938 -0.34269938 -0.34269938 -0.34269938
 -0.34269938 -0.34269938 -0.34269938 -0.34269938  0.08812946 -0.34269938
 -0.34269938 -0.34269938 -0.34269938 -0.34269938 -0.34269938 -0.34269938
 -0.34269938 -0.34269938 -0.34269938 -0.34269938  3.85854158  0.45787301
 -0.34269938 -0.34269938 -0.34269938 -0.34269938 -0.34269938 -0.34269938
 -0.34269938 -0.34269938  0.02459931 -0.34269938 -0.34269938  5.08215887
  3.56036317 -0.34269938  3.56884084 -0.34269938 -0.34269938 -0.34269938
 -0.34269938 -0.34269938 -0.34269938 -0.34269938 -0.34269938 -0.34269938
 -0.34269938 -0.34269938 -0.34269938 -0.34269938 -0.34269938 -0.34269938
 -0.03712614 -0.34269938 -0.34269938 -0.34269938 -0.34269938 -0.34269938
 -0.34269938 -0.34269938 -0.34269938 -0.34269938 -0.34269938 -0.34269938
 -0.34269938 -0.34269938 -0.34269938  0.89554155 -0.34269938 -0.34269938
 -0.34269938  2.73152053 -0.34269938  0.14822816  1.73740986 -0.34269938
 -0.34269938  0.93830952  0.31228114 -0.34269938  3.16384531 -0.34269938
  2.8677004   3.3192597   3.24792491  2.89251581  0.15222816 -0.34269938
 -0.34269938 -0.34269938 -0.34269938 -0.34269938 -0.34269938 -0.34269938
 -0.34269938 -0.34269938 -0.34269938 -0.34269938 -0.34269938 -0.34269938
 -0.34269938 -0.34269938 -0.34269938  1.71985224 -0.34269938 -0.34269938
  0.20114245 -0.34269938 -0.34269938 -0.34269938 -0.34269938 -0.34269938
 -0.34269938 -0.34269938 -0.34269938 -0.34269938 -0.34269938 -0.34269938
 -0.34269938  4.4167563  -0.34269938 -0.34269938 -0.34269938 -0.34269938
 -0.34269938 -0.34269938 -0.34269938 -0.34269938  1.60098661 -0.34269938
 -0.34269938 -0.34269938 -0.34269938 -0.34269938 -0.34269938 -0.34269938
 -0.34269938 -0.34269938 -0.34269938 -0.34269938 -0.34269938 -0.34269938
  1.09679024 -0.34269938 -0.34269938 -0.34269938 -0.34269938  2.84097684
 -0.34269938  0.26748599 -0.34269938 -0.34269938 -0.34269938 -0.34269938
 -0.34269938 -0.34269938 -0.34269938 -0.34269938 -0.34269938]",[-1.9481052928905778]
1,"[-0.26848229 -0.26848229 -0.26848229 -0.26848229 -0.26848229 -0.26848229
 -0.26848229 -0.26848229 -0.26848229 -0.26848229 -0.26848229 -0.26848229
 -0.26848229 -0.26848229 -0.26848229 -0.26848229  5.62556779 -0.26848229
 -0.26848229 -0.26848229 -0.26848229  1.72687198 -0.26848229 -0.26848229
 -0.26848229 -0.26848229 -0.26848229 -0.26848229 -0.26848229 -0.26848229
 -0.26848229 -0.26848229 -0.26848229 -0.26848229 -0.26848229 -0.26848229
 -0.26848229 -0.26848229 -0.26848229 -0.26848229  1.56046806  3.06395119
 -0.26848229 -0.26848229 -0.26848229 -0.26848229 -0.26848229 -0.26848229
 -0.26848229 -0.26848229 -0.26848229 -0.26848229 -0.26848229  0.48965196
 -0.13425505 -0.26848229 -0.26848229 -0.26848229 -0.26848229 -0.26848229
 -0.26848229 -0.26848229 -0.26848229 -0.26848229 -0.26848229 -0.26848229
 -0.26848229 -0.26848229 -0.26848229 -0.26848229 -0.26848229 -0.26848229
 -0.26848229 -0.26848229 -0.26848229 -0.26848229 -0.26848229 -0.26848229
 -0.26848229 -0.26848229 -0.26848229 -0.26848229 -0.26848229  2.03556093
 -0.26848229 -0.26848229 -0.26848229 -0.26848229  4.97631572  2.25310502
 -0.26848229  2.26035182 -0.26848229 -0.26848229  4.44049413 -0.26848229
 -0.26848229 -0.26848229 -0.26848229 -0.26848229 -0.13000921 -0.26848229
  4.25927777  3.07502642 -0.26848229 -0.26848229  4.13135208 -0.26848229
 -0.26848229 -0.26848229 -0.26848229 -0.26848229 -0.26848229 -0.26848229
 -0.26848229 -0.26848229 -0.26848229 -0.26848229 -0.26848229 -0.26848229
 -0.26848229 -0.26848229 -0.26848229 -0.26848229 -0.26848229 -0.26848229
 -0.26848229 -0.26848229 -0.26848229 -0.26848229 -0.26848229 -0.26848229
 -0.26848229 -0.26848229 -0.26848229 -0.26848229 -0.26848229 -0.26848229
 -0.26848229 -0.26848229 -0.26848229 -0.26848229 -0.26848229 -0.26848229
 -0.26848229 -0.26848229 -0.26848229 -0.26848229 -0.26848229 -0.26848229
 -0.26848229 -0.26848229 -0.26848229 -0.26848229 -0.26848229 -0.26848229
 -0.26848229 -0.26848229 -0.26848229 -0.26848229 -0.26848229 -0.26848229
  4.12888339 -0.26848229 -0.26848229 -0.26848229 -0.26848229 -0.26848229
 -0.26848229 -0.26848229 -0.26848229 -0.26848229 -0.26848229 -0.26848229
 -0.26848229 -0.26848229 -0.26848229 -0.26848229 -0.26848229]",[0.0013960230854359046]
1,"[-0.19514532 -0.19514532 -0.19514532 -0.19514532 -0.19514532 -0.19514532
 -0.19514532 -0.19514532 -0.19514532 -0.19514532 -0.19514532 -0.19514532
 -0.19514532 -0.19514532 -0.19514532 -0.19514532 -0.19514532 -0.19514532
 -0.19514532 -0.19514532 -0.19514532 -0.19514532 -0.19514532 -0.19514532
 -0.19514532 -0.19514532 -0.19514532 -0.19514532 -0.19514532 -0.19514532
 -0.19514532 -0.19514532 -0.19514532 -0.19514532 -0.19514532 -0.19514532
 -0.19514532 -0.19514532 -0.19514532 -0.19514532  8.16331232 -0.19514532
 -0.19514532 -0.19514532 -0.19514532 -0.19514532 -0.19514532 -0.19514532
 -0.19514532 -0.19514532 -0.19514532 -0.19514532 -0.19514532 -0.19514532
 -0.19514532 -0.19514532 -0.19514532 -0.19514532 -0.19514532 -0.19514532
 -0.19514532 -0.19514532 -0.19514532 -0.19514532 -0.19514532 -0.19514532
 -0.19514532 -0.19514532 -0.19514532 -0.19514532 -0.19514532 -0.19514532
 -0.19514532 -0.19514532 -0.19514532 -0.19514532 -0.19514532 -0.19514532
 -0.19514532 -0.19514532 -0.19514532 -0.19514532 -0.19514532  2.50610992
 -0.19514532 -0.19514532 -0.19514532 -0.19514532  4.98232252 -0.19514532
 -0.19514532  2.22150957 -0.19514532 -0.19514532  3.82155577 -0.04003719
 -0.19514532 -0.19514532 -0.19514532 -0.19514532 -0.19514532 -0.19514532
  4.53104473 -0.19514532 -0.19514532 -0.19514532  0.42487056 -0.19514532
 -0.19514532 -0.19514532 -0.19514532 -0.19514532 -0.19514532 -0.19514532
 -0.19514532 -0.19514532 -0.19514532 -0.19514532 -0.19514532 -0.19514532
 -0.19514532 -0.19514532 -0.19514532 -0.19514532 -0.19514532 -0.19514532
 -0.19514532 -0.19514532 -0.19514532 -0.19514532 -0.19514532 -0.19514532
 -0.19514532 -0.19514532 -0.19514532 -0.19514532 -0.19514532 -0.19514532
 -0.19514532 -0.19514532 -0.19514532 -0.19514532 -0.19514532 -0.19514532
 -0.19514532 -0.19514532 -0.19514532 -0.19514532 -0.19514532 -0.19514532
 -0.19514532 -0.19514532 -0.19514532 -0.19514532 -0.19514532 -0.19514532
 -0.19514532 -0.19514532 -0.19514532 -0.19514532 -0.19514532 -0.19514532
  5.85719283 -0.19514532 -0.19514532 -0.19514532 -0.19514532  0.51167873
 -0.19514532 -0.19514532 -0.19514532 -0.19514532 -0.19514532 -0.19514532
 -0.19514532 -0.19514532 -0.19514532 -0.19514532 -0.19514532]",[-0.015906181953137755]
1,"[-0.20577423 -0.20577423 -0.20577423 -0.20577423 -0.20577423 -0.20577423
 -0.20577423 -0.20577423 -0.20577423 -0.20577423 -0.20577423 -0.20577423
 -0.20577423 -0.20577423 -0.20577423 -0.20577423  6.17078131 -0.20577423
 -0.20577423 -0.20577423 -0.20577423 -0.20577423 -0.20577423 -0.20577423
 -0.20577423 -0.20577423 -0.20577423 -0.20577423 -0.20577423 -0.20577423
 -0.20577423 -0.20577423 -0.20577423 -0.20577423 -0.20577423 -0.20577423
 -0.20577423 -0.20577423 -0.20577423 -0.20577423  1.43988074  1.48239754
 -0.20577423 -0.20577423 -0.20577423 -0.20577423 -0.20577423 -0.20577423
 -0.20577423 -0.20577423 -0.20577423 -0.20577423 -0.20577423 -0.20577423
 -0.06856034 -0.20577423 -0.20577423 -0.20577423 -0.20577423 -0.20577423
 -0.20577423 -0.20577423 -0.20577423 -0.20577423 -0.20577423 -0.20577423
 -0.20577423 -0.20577423 -0.20577423 -0.20577423 -0.20577423 -0.20577423
 -0.20577423 -0.20577423 -0.20577423 -0.20577423 -0.20577423 -0.20577423
 -0.20577423 -0.20577423 -0.20577423 -0.20577423 -0.20577423 -0.20577423
 -0.20577423 -0.20577423 -0.20577423 -0.20577423  3.08000944 -0.20577423
 -0.20577423 -0.20577423 -0.20577423 -0.20577423  5.56440714 -0.20577423
 -0.20577423 -0.20577423 -0.20577423 -0.20577423 -0.15046232 -0.20577423
  1.51351759 -0.20577423  4.40543644 -0.20577423  3.92408346 -0.20577423
 -0.20577423 -0.20577423 -0.20577423 -0.20577423 -0.20577423 -0.20577423
 -0.20577423 -0.20577423 -0.20577423 -0.20577423 -0.20577423 -0.20577423
 -0.20577423 -0.20577423 -0.20577423 -0.20577423 -0.20577423 -0.20577423
 -0.20577423 -0.20577423 -0.20577423 -0.20577423 -0.20577423 -0.20577423
 -0.20577423 -0.20577423 -0.20577423 -0.20577423 -0.20577423 -0.20577423
 -0.20577423 -0.20577423 -0.20577423 -0.20577423 -0.20577423 -0.20577423
 -0.20577423 -0.20577423 -0.20577423 -0.20577423 -0.20577423 -0.20577423
 -0.20577423 -0.20577423 -0.20577423 -0.20577423 -0.20577423 -0.20577423
 -0.20577423 -0.20577423 -0.20577423 -0.20577423 -0.20577423 -0.20577423
  7.20857882 -0.20577423 -0.20577423 -0.20577423 -0.20577423 -0.20577423
 -0.20577423 -0.20577423 -0.20577423 -0.20577423 -0.20577423 -0.20577423
 -0.20577423 -0.20577423 -0.20577423 -0.20577423 -0.20577423]",[-0.00022107471277654778]
1,"[-0.32730851 -0.32730851 -0.32730851  1.2294587  -0.32730851 -0.32730851
 -0.32730851 -0.32730851 -0.32730851 -0.32730851 -0.32730851 -0.32730851
 -0.32730851 -0.32730851 -0.32730851 -0.32730851 -0.32730851 -0.32730851
 -0.32730851 -0.32730851 -0.32730851 -0.32730851 -0.32730851 -0.32730851
 -0.32730851 -0.32730851 -0.32730851 -0.32730851 -0.32730851 -0.32730851
 -0.32730851 -0.32730851 -0.32730851 -0.32730851 -0.32730851 -0.32730851
 -0.32730851 -0.32730851 -0.32730851 -0.32730851  3.41062657  0.05363921
 -0.32730851 -0.32730851 -0.32730851 -0.32730851 -0.32730851 -0.32730851
 -0.32730851 -0.32730851 -0.32730851 -0.32730851 -0.32730851  5.79604114
  1.92024746 -0.32730851  3.66951147 -0.32730851 -0.32730851 -0.32730851
 -0.32730851 -0.32730851 -0.32730851 -0.32730851 -0.32730851 -0.32730851
 -0.32730851 -0.32730851 -0.32730851 -0.32730851 -0.32730851 -0.32730851
  2.12607448 -0.32730851 -0.32730851 -0.32730851 -0.32730851 -0.32730851
 -0.32730851 -0.32730851 -0.32730851 -0.32730851 -0.32730851 -0.32730851
 -0.32730851 -0.32730851 -0.32730851 -0.32730851 -0.32730851 -0.32730851
 -0.32730851  3.5126008   0.7331486   0.55154708  2.2803915  -0.32730851
 -0.32730851  1.81851727 -0.32730851 -0.32730851  4.46004077 -0.32730851
  0.41329961  3.27513154  3.02644275  2.6462023  -0.05227322 -0.32730851
 -0.32730851 -0.32730851 -0.32730851 -0.32730851  1.14931251 -0.32730851
 -0.32730851 -0.32730851 -0.32730851 -0.32730851 -0.32730851 -0.32730851
 -0.32730851 -0.32730851 -0.32730851 -0.32730851 -0.32730851 -0.32730851
 -0.32730851 -0.32730851 -0.32730851 -0.32730851 -0.32730851 -0.32730851
 -0.32730851 -0.32730851 -0.32730851 -0.32730851 -0.32730851 -0.32730851
 -0.32730851  2.31052521 -0.32730851 -0.32730851 -0.32730851 -0.32730851
 -0.32730851 -0.32730851 -0.32730851 -0.32730851  0.94267438 -0.32730851
 -0.32730851 -0.32730851 -0.32730851 -0.32730851 -0.32730851 -0.32730851
 -0.32730851 -0.32730851 -0.32730851 -0.32730851 -0.32730851 -0.32730851
  0.58716993 -0.32730851 -0.32730851 -0.32730851 -0.32730851  0.76643706
 -0.32730851 -0.32730851 -0.32730851 -0.32730851 -0.32730851 -0.32730851
 -0.32730851 -0.32730851 -0.32730851 -0.32730851  4.10605211]",[0.09498372651404696]
1,"[-0.22007788 -0.22007788 -0.22007788 -0.22007788 -0.22007788 -0.22007788
 -0.22007788 -0.22007788 -0.22007788 -0.22007788 -0.22007788 -0.22007788
 -0.22007788 -0.22007788 -0.22007788 -0.22007788 -0.22007788 -0.22007788
 -0.22007788 -0.22007788 -0.22007788 -0.22007788 -0.22007788 -0.22007788
 -0.22007788 -0.22007788 -0.22007788 -0.22007788 -0.22007788 -0.22007788
 -0.22007788 -0.22007788 -0.22007788 -0.22007788 -0.22007788 -0.22007788
 -0.22007788 -0.22007788 -0.22007788 -0.22007788  1.46879946 -0.22007788
 -0.22007788 -0.22007788 -0.22007788 -0.22007788 -0.22007788 -0.22007788
 -0.22007788 -0.22007788 -0.22007788 -0.22007788 -0.22007788  0.73111665
 -0.22007788  0.03902845 -0.22007788 -0.22007788 -0.22007788 -0.22007788
 -0.22007788 -0.22007788 -0.22007788 -0.22007788 -0.22007788 -0.22007788
 -0.22007788 -0.22007788 -0.22007788 -0.22007788 -0.22007788 -0.22007788
 -0.22007788 -0.22007788 -0.22007788 -0.22007788 -0.22007788 -0.22007788
 -0.22007788 -0.22007788 -0.22007788 -0.22007788 -0.22007788  1.68010394
 -0.22007788 -0.22007788 -0.22007788 -0.22007788  3.49923397 -0.22007788
 -0.22007788  4.93345688 -0.22007788 -0.22007788  5.78685206 -0.22007788
 -0.22007788 -0.22007788 -0.22007788 -0.22007788 -0.18489887 -0.22007788
  4.214297   -0.19443208 -0.22007788 -0.22007788  4.86380504 -0.22007788
 -0.22007788 -0.22007788 -0.22007788 -0.22007788 -0.22007788 -0.22007788
 -0.22007788 -0.22007788 -0.22007788 -0.22007788 -0.22007788 -0.22007788
 -0.22007788 -0.22007788 -0.22007788 -0.22007788 -0.22007788 -0.22007788
 -0.22007788 -0.22007788 -0.22007788 -0.22007788 -0.22007788 -0.22007788
 -0.22007788 -0.22007788 -0.22007788 -0.22007788 -0.22007788 -0.22007788
 -0.22007788 -0.22007788 -0.22007788 -0.22007788 -0.22007788 -0.22007788
 -0.22007788 -0.22007788 -0.22007788 -0.22007788 -0.22007788 -0.22007788
 -0.22007788 -0.22007788 -0.22007788 -0.22007788 -0.22007788 -0.22007788
 -0.22007788 -0.22007788 -0.22007788 -0.22007788 -0.22007788 -0.22007788
  6.70271621 -0.22007788 -0.22007788 -0.22007788 -0.22007788  2.9928495
 -0.22007788 -0.22007788 -0.22007788 -0.22007788 -0.22007788 -0.22007788
 -0.22007788 -0.22007788 -0.22007788 -0.22007788 -0.22007788]",[-0.08057448859031832]
1,"[-0.34483331 -0.34483331 -0.34483331  0.13513924 -0.34483331 -0.34483331
 -0.34483331 -0.34483331 -0.34483331 -0.34483331 -0.34483331 -0.34483331
 -0.34483331 -0.34483331 -0.34483331 -0.34483331  0.42924219 -0.34483331
 -0.34483331 -0.34483331 -0.34483331 -0.34483331 -0.34483331 -0.34483331
 -0.34483331 -0.34483331 -0.34483331 -0.34483331 -0.34483331 -0.34483331
 -0.34483331 -0.34483331 -0.34483331 -0.34483331 -0.34483331 -0.34483331
 -0.34483331 -0.34483331 -0.34483331 -0.34483331  5.23803867  2.19857546
 -0.34483331 -0.34483331 -0.34483331 -0.34483331 -0.34483331 -0.34483331
 -0.34483331 -0.34483331 -0.34483331 -0.34483331 -0.34483331  4.33941977
  3.27901524 -0.34483331  3.73648001 -0.34483331 -0.34483331 -0.34483331
 -0.34483331 -0.34483331 -0.34483331 -0.34483331 -0.34483331 -0.34483331
 -0.34483331 -0.34483331 -0.34483331 -0.34483331 -0.34483331 -0.34483331
  0.41140718 -0.34483331 -0.34483331 -0.34483331 -0.34483331 -0.34483331
 -0.34483331 -0.34483331 -0.34483331 -0.34483331 -0.34483331 -0.34483331
 -0.34483331 -0.34483331 -0.34483331 -0.34483331  0.98076924 -0.34483331
  1.63629604  3.00661066 -0.34483331  0.82060591  1.6328502  -0.34483331
 -0.34483331  0.42924219  1.38433445 -0.34483331  3.18126275 -0.34483331
  3.25046985  3.42856238  2.63576849 -0.34483331  0.80283155 -0.34483331
 -0.34483331 -0.34483331 -0.34483331 -0.34483331 -0.34483331 -0.34483331
 -0.34483331 -0.34483331 -0.34483331 -0.34483331 -0.34483331 -0.34483331
 -0.34483331 -0.34483331 -0.34483331 -0.34483331 -0.34483331 -0.34483331
 -0.34483331 -0.34483331 -0.34483331 -0.34483331 -0.34483331 -0.34483331
 -0.34483331 -0.34483331 -0.34483331 -0.34483331 -0.34483331 -0.34483331
 -0.34483331  3.59625058 -0.34483331 -0.34483331 -0.34483331 -0.34483331
 -0.34483331 -0.34483331 -0.34483331 -0.34483331  2.10809085 -0.34483331
 -0.34483331 -0.34483331 -0.34483331 -0.34483331 -0.34483331 -0.34483331
 -0.34483331 -0.34483331 -0.34483331 -0.34483331 -0.34483331 -0.34483331
  0.29437262 -0.34483331 -0.34483331 -0.34483331 -0.34483331  1.70029888
 -0.34483331  2.44839484 -0.34483331 -0.34483331 -0.34483331 -0.34483331
 -0.34483331 -0.34483331 -0.34483331 -0.34483331 -0.34483331]",[0.12645780972271775]
1,"[-0.21347783 -0.21347783 -0.21347783 -0.21347783 -0.21347783 -0.21347783
 -0.21347783 -0.21347783 -0.21347783 -0.21347783 -0.21347783 -0.21347783
 -0.21347783 -0.21347783 -0.21347783 -0.21347783 -0.21347783 -0.21347783
 -0.21347783 -0.21347783 -0.21347783 -0.21347783 -0.21347783 -0.21347783
 -0.21347783 -0.21347783 -0.21347783 -0.21347783  1.55520649 -0.21347783
 -0.21347783 -0.21347783 -0.21347783 -0.21347783 -0.21347783 -0.21347783
 -0.21347783 -0.21347783 -0.21347783 -0.21347783  7.32950716 -0.21347783
 -0.21347783 -0.21347783 -0.21347783 -0.21347783 -0.21347783 -0.21347783
 -0.21347783 -0.21347783 -0.21347783 -0.21347783 -0.21347783  6.08435602
  3.36186256 -0.21347783 -0.21347783 -0.21347783 -0.21347783 -0.21347783
 -0.21347783 -0.21347783 -0.21347783 -0.21347783 -0.21347783 -0.21347783
 -0.21347783 -0.21347783 -0.21347783 -0.21347783 -0.21347783 -0.21347783
 -0.21347783 -0.21347783 -0.21347783 -0.21347783 -0.21347783 -0.21347783
 -0.21347783 -0.21347783 -0.21347783 -0.21347783 -0.21347783  1.62928934
 -0.21347783 -0.21347783 -0.21347783 -0.21347783 -0.21347783 -0.21347783
 -0.21347783  2.39317797 -0.21347783 -0.21347783 -0.21347783 -0.21347783
 -0.21347783 -0.21347783 -0.21347783 -0.21347783  0.1871552  -0.21347783
 -0.21347783 -0.16186522  3.58322909  2.95488986  0.69864566 -0.21347783
 -0.21347783 -0.21347783 -0.21347783 -0.21347783 -0.21347783 -0.21347783
 -0.21347783 -0.21347783 -0.21347783 -0.21347783 -0.21347783 -0.21347783
 -0.21347783 -0.21347783 -0.21347783 -0.21347783 -0.21347783 -0.21347783
 -0.21347783 -0.21347783 -0.21347783 -0.21347783 -0.21347783 -0.21347783
 -0.21347783 -0.21347783 -0.21347783 -0.21347783 -0.21347783 -0.21347783
 -0.21347783 -0.21347783 -0.21347783 -0.21347783 -0.21347783 -0.21347783
 -0.21347783 -0.21347783 -0.21347783 -0.21347783 -0.21347783 -0.21347783
 -0.21347783 -0.21347783 -0.21347783 -0.21347783 -0.21347783 -0.21347783
 -0.21347783 -0.21347783 -0.21347783 -0.21347783 -0.21347783 -0.21347783
  6.03534356 -0.21347783 -0.21347783 -0.21347783 -0.21347783 -0.21347783
 -0.21347783 -0.21347783 -0.21347783 -0.21347783 -0.21347783 -0.21347783
 -0.21347783 -0.21347783 -0.21347783 -0.21347783 -0.21347783]",[-0.025688684077679547]
1,"[-0.21790555 -0.21790555 -0.21790555 -0.21790555 -0.21790555 -0.21790555
 -0.21790555 -0.21790555 -0.21790555 -0.21790555 -0.21790555 -0.21790555
 -0.21790555 -0.21790555 -0.21790555 -0.21790555 -0.21790555 -0.21790555
 -0.21790555 -0.21790555  0.24903069 -0.21790555 -0.21790555 -0.21790555
 -0.21790555 -0.21790555 -0.21790555 -0.21790555 -0.21790555 -0.21790555
 -0.21790555 -0.21790555 -0.21790555 -0.21790555 -0.21790555 -0.21790555
 -0.21790555 -0.21790555 -0.21790555 -0.21790555  5.70223193 -0.21790555
 -0.21790555 -0.21790555 -0.21790555 -0.21790555 -0.21790555 -0.21790555
 -0.21790555 -0.21790555 -0.21790555 -0.21790555 -0.21790555  6.75804991
 -0.21790555 -0.21790555  3.05703611 -0.21790555 -0.21790555 -0.21790555
 -0.21790555 -0.21790555 -0.21790555 -0.21790555 -0.21790555 -0.21790555
 -0.21790555 -0.21790555 -0.21790555 -0.21790555 -0.21790555 -0.21790555
 -0.21790555 -0.21790555 -0.21790555 -0.21790555 -0.21790555 -0.21790555
 -0.21790555 -0.21790555 -0.21790555 -0.21790555 -0.21790555  3.31964042
 -0.21790555 -0.21790555 -0.21790555 -0.21790555 -0.21790555 -0.21790555
 -0.21790555  2.56938196 -0.21790555 -0.21790555  0.24903069 -0.21790555
 -0.21790555 -0.21790555 -0.21790555 -0.21790555  0.01333448 -0.21790555
  3.42059135  0.91516038  0.10687423 -0.21790555 -0.21790555 -0.21790555
 -0.21790555 -0.21790555 -0.21790555 -0.21790555 -0.21790555 -0.21790555
 -0.21790555 -0.21790555 -0.21790555 -0.21790555  0.81088545 -0.21790555
 -0.21790555 -0.21790555 -0.21790555 -0.21790555 -0.21790555 -0.21790555
 -0.21790555 -0.21790555 -0.21790555 -0.21790555 -0.21790555 -0.21790555
 -0.21790555 -0.21790555 -0.21790555 -0.21790555 -0.21790555 -0.21790555
 -0.21790555 -0.21790555 -0.21790555 -0.21790555 -0.21790555 -0.21790555
 -0.21790555 -0.21790555 -0.21790555 -0.21790555 -0.21790555 -0.21790555
 -0.21790555 -0.21790555 -0.21790555 -0.21790555 -0.21790555 -0.21790555
 -0.21790555 -0.21790555 -0.21790555 -0.21790555 -0.21790555 -0.21790555
  7.04754781 -0.21790555 -0.21790555 -0.21790555 -0.21790555  1.73562044
 -0.21790555 -0.21790555 -0.21790555 -0.21790555 -0.21790555 -0.21790555
 -0.21790555 -0.21790555 -0.21790555 -0.21790555 -0.21790555]",[-0.029521113229028506]
1,"[-0.27734097 -0.27734097 -0.27734097 -0.27734097 -0.27734097 -0.27734097
 -0.27734097 -0.27734097 -0.27734097 -0.27734097 -0.27734097 -0.27734097
 -0.27734097 -0.27734097 -0.27734097  0.81194157  4.71138297 -0.27734097
 -0.27734097 -0.27734097 -0.27734097 -0.27734097 -0.27734097 -0.27734097
 -0.27734097 -0.27734097 -0.27734097 -0.27734097  2.70686154 -0.27734097
 -0.27734097 -0.27734097 -0.27734097 -0.27734097 -0.27734097 -0.27734097
 -0.27734097 -0.27734097 -0.27734097 -0.27734097  1.63815511 -0.27734097
 -0.27734097 -0.27734097 -0.27734097 -0.27734097 -0.27734097 -0.27734097
 -0.27734097 -0.27734097 -0.27734097 -0.27734097 -0.27734097 -0.27734097
 -0.12355042 -0.27734097 -0.27734097 -0.27734097 -0.27734097 -0.27734097
 -0.27734097 -0.27734097 -0.27734097 -0.27734097 -0.27734097 -0.27734097
 -0.27734097 -0.27734097 -0.27734097 -0.27734097 -0.27734097 -0.27734097
 -0.27734097 -0.27734097 -0.27734097 -0.27734097 -0.27734097  1.82322194
 -0.27734097 -0.27734097 -0.27734097 -0.27734097 -0.27734097  2.10549885
 -0.27734097 -0.27734097 -0.27734097 -0.27734097  5.24309595  2.55438798
 -0.27734097  4.00579032 -0.27734097 -0.19083419  2.85816194 -0.27734097
 -0.27734097 -0.27734097 -0.27734097 -0.27734097  2.93177272 -0.27734097
 -0.27734097 -0.27734097  4.73435019 -0.27734097 -0.27734097 -0.27734097
  0.46654923 -0.27734097 -0.27734097 -0.27734097 -0.27734097 -0.27734097
 -0.27734097 -0.27734097 -0.27734097 -0.27734097 -0.27734097 -0.27734097
 -0.27734097 -0.27734097 -0.27734097 -0.27734097 -0.27734097 -0.27734097
 -0.27734097 -0.27734097 -0.27734097 -0.27734097 -0.27734097 -0.27734097
 -0.27734097 -0.27734097 -0.27734097 -0.27734097 -0.27734097 -0.27734097
 -0.27734097 -0.27734097 -0.27734097 -0.27734097 -0.27734097 -0.27734097
 -0.27734097 -0.27734097 -0.27734097 -0.27734097 -0.27734097 -0.27734097
 -0.27734097 -0.27734097 -0.27734097 -0.27734097 -0.27734097 -0.27734097
 -0.27734097 -0.27734097 -0.27734097 -0.27734097 -0.27734097 -0.27734097
  5.74313578 -0.27734097 -0.27734097 -0.27734097 -0.27734097  1.4492924
 -0.27734097  1.18268197 -0.27734097 -0.27734097 -0.27734097 -0.27734097
 -0.27734097 -0.27734097 -0.27734097 -0.27734097 -0.27734097]",[-0.03924423145222461]
1,"[-0.14750758 -0.14750758 -0.14750758 -0.14750758 -0.14750758 -0.14750758
 -0.14750758 -0.14750758 -0.14750758 -0.14750758 -0.14750758 -0.14750758
 -0.14750758 -0.14750758 -0.14750758 -0.14750758 -0.14750758 -0.14750758
 -0.14750758 -0.14750758 -0.14750758 -0.14750758 -0.14750758 -0.14750758
 -0.14750758 -0.14750758 -0.14750758 -0.14750758 -0.14750758 -0.14750758
 -0.14750758 -0.14750758 -0.14750758 -0.14750758 -0.14750758 -0.14750758
 -0.14750758 -0.14750758 -0.14750758 -0.14750758 -0.14750758 -0.14750758
 -0.14750758 -0.14750758 -0.14750758 -0.14750758 -0.14750758 -0.14750758
 -0.14750758 -0.14750758 -0.14750758 -0.14750758 -0.14750758 10.6557558
 -0.14750758 -0.14750758 -0.14750758 -0.14750758 -0.14750758 -0.14750758
 -0.14750758 -0.14750758 -0.14750758 -0.14750758 -0.14750758 -0.14750758
 -0.14750758 -0.14750758 -0.14750758 -0.14750758 -0.14750758 -0.14750758
 -0.14750758 -0.14750758 -0.14750758 -0.14750758 -0.14750758 -0.14750758
 -0.14750758 -0.14750758 -0.14750758 -0.14750758 -0.14750758  4.69164724
 -0.14750758 -0.14750758 -0.14750758 -0.14750758  5.24750587 -0.14750758
 -0.14750758  3.28645146 -0.14750758 -0.14750758  0.79232943 -0.14750758
 -0.14750758 -0.14750758 -0.14750758 -0.14750758 -0.14750758 -0.14750758
 -0.14750758 -0.14750758 -0.14750758 -0.14750758 -0.14750758 -0.14750758
 -0.14750758 -0.14750758 -0.14750758 -0.14750758 -0.14750758 -0.14750758
 -0.14750758 -0.14750758 -0.14750758 -0.14750758 -0.14750758 -0.14750758
 -0.14750758 -0.14750758 -0.14750758 -0.14750758 -0.14750758 -0.14750758
 -0.14750758 -0.14750758 -0.14750758 -0.14750758 -0.14750758 -0.14750758
 -0.14750758 -0.14750758 -0.14750758 -0.14750758 -0.14750758 -0.14750758
 -0.14750758 -0.14750758 -0.14750758 -0.14750758 -0.14750758 -0.14750758
 -0.14750758 -0.14750758 -0.14750758 -0.14750758 -0.14750758 -0.14750758
 -0.14750758 -0.14750758 -0.14750758 -0.14750758 -0.14750758 -0.14750758
 -0.14750758 -0.14750758 -0.14750758 -0.14750758 -0.14750758 -0.14750758
 -0.14750758 -0.14750758 -0.14750758 -0.14750758 -0.14750758  0.84512106
 -0.14750758 -0.14750758 -0.14750758 -0.14750758 -0.14750758 -0.14750758
 -0.14750758 -0.14750758 -0.14750758 -0.14750758 -0.14750758]",[-0.07088856589323889]
1,"[-0.08585097 -0.08585097 -0.08585097 -0.08585097 -0.08585097 -0.08585097
 -0.08585097 -0.08585097 -0.08585097 -0.08585097 -0.08585097 -0.08585097
 -0.08585097 -0.08585097 -0.08585097 -0.08585097 -0.08585097 -0.08585097
 -0.08585097 -0.08585097 -0.08585097 -0.08585097 -0.08585097 -0.08585097
 -0.08585097 -0.08585097 -0.08585097 -0.08585097 -0.08585097 -0.08585097
 -0.08585097 -0.08585097 -0.08585097 -0.08585097 -0.08585097 -0.08585097
 -0.08585097 -0.08585097 -0.08585097 -0.08585097 -0.08585097 -0.08585097
 -0.08585097 -0.08585097 -0.08585097 -0.08585097 -0.08585097 -0.08585097
 -0.08585097 -0.08585097 -0.08585097 -0.08585097 -0.08585097  1.15009092
 -0.08585097 -0.08585097 -0.08585097 -0.08585097 -0.08585097 -0.08585097
 -0.08585097 -0.08585097 -0.08585097 -0.08585097 -0.08585097 -0.08585097
 -0.08585097 -0.08585097 -0.08585097 -0.08585097 -0.08585097 -0.08585097
 -0.08585097 -0.08585097 -0.08585097 -0.08585097 -0.08585097 -0.08585097
 -0.08585097 -0.08585097 -0.08585097 -0.08585097 -0.08585097 -0.08585097
 -0.08585097 -0.08585097 -0.08585097 -0.08585097 -0.08585097 -0.08585097
 -0.08585097 -0.08585097 -0.08585097  0.1248344  -0.08585097  0.15980658
 -0.08585097 -0.08585097 -0.08585097 -0.08585097  0.22542634 -0.08585097
 -0.08585097 -0.08585097 -0.08585097 -0.08585097 -0.08585097 -0.08585097
 -0.08585097 -0.08585097 -0.08585097 -0.08585097 -0.08585097 -0.08585097
 -0.08585097 -0.08585097 -0.08585097 -0.08585097 -0.08585097 -0.08585097
 -0.08585097 -0.08585097 -0.08585097 -0.08585097 -0.08585097 -0.08585097
 -0.08585097 -0.08585097 -0.08585097 -0.08585097 -0.08585097 -0.08585097
 -0.08585097 -0.08585097 -0.08585097 -0.08585097 -0.08585097 -0.08585097
 -0.08585097 -0.08585097 -0.08585097 -0.08585097 -0.08585097 -0.08585097
 -0.08585097 -0.08585097 -0.08585097 -0.08585097 -0.08585097 -0.08585097
 -0.08585097 -0.08585097 -0.08585097 -0.08585097 -0.08585097 -0.08585097
 -0.08585097 -0.08585097 -0.08585097 -0.08585097 -0.08585097 -0.08585097
 13.27791039 -0.08585097 -0.08585097 -0.08585097 -0.08585097 -0.08585097
 -0.08585097 -0.08585097 -0.08585097 -0.08585097 -0.08585097 -0.08585097
 -0.08585097 -0.08585097 -0.08585097 -0.08585097 -0.08585097]",[-0.11244153831307228]
1,"[-0.22214573 -0.22214573 -0.22214573 -0.22214573 -0.22214573 -0.22214573
 -0.22214573 -0.22214573 -0.22214573 -0.22214573 -0.22214573 -0.22214573
 -0.22214573 -0.22214573 -0.22214573 -0.22214573 -0.22214573 -0.22214573
 -0.22214573 -0.22214573 -0.22214573 -0.22214573 -0.22214573 -0.22214573
 -0.22214573 -0.22214573 -0.22214573 -0.22214573  2.70280652 -0.22214573
 -0.22214573 -0.22214573 -0.22214573 -0.22214573 -0.22214573 -0.22214573
 -0.22214573 -0.22214573 -0.22214573 -0.22214573 -0.22214573 -0.22214573
 -0.22214573 -0.22214573 -0.22214573 -0.22214573 -0.22214573 -0.22214573
 -0.22214573 -0.22214573 -0.22214573 -0.22214573 -0.22214573  1.70621174
  0.03378414  0.24498245 -0.22214573 -0.22214573 -0.22214573 -0.22214573
 -0.22214573 -0.22214573 -0.22214573 -0.22214573 -0.22214573 -0.22214573
 -0.22214573 -0.22214573 -0.22214573 -0.22214573 -0.22214573 -0.22214573
 -0.22214573 -0.22214573 -0.22214573 -0.22214573 -0.22214573 -0.22214573
 -0.22214573 -0.22214573 -0.22214573 -0.22214573 -0.22214573  3.26829805
 -0.22214573 -0.22214573 -0.22214573 -0.22214573  1.25389073 -0.22214573
 -0.22214573  3.27717703 -0.22214573 -0.14685373  7.52016085 -0.22214573
 -0.22214573 -0.22214573 -0.22214573 -0.22214573  2.3009909  -0.22214573
  3.11204783  0.19059881  0.60806266 -0.22214573  0.24913877 -0.22214573
 -0.22214573 -0.22214573 -0.22214573 -0.22214573 -0.22214573 -0.22214573
 -0.22214573 -0.22214573 -0.22214573 -0.22214573 -0.22214573 -0.22214573
 -0.22214573 -0.22214573 -0.22214573 -0.22214573 -0.22214573 -0.22214573
 -0.22214573 -0.22214573 -0.22214573 -0.22214573 -0.22214573 -0.22214573
 -0.22214573 -0.22214573 -0.22214573 -0.22214573 -0.22214573 -0.22214573
 -0.22214573  0.6506072  -0.22214573 -0.22214573 -0.22214573 -0.22214573
 -0.22214573 -0.22214573 -0.22214573 -0.22214573 -0.22214573 -0.22214573
 -0.22214573 -0.22214573 -0.22214573 -0.22214573 -0.22214573 -0.22214573
 -0.22214573 -0.22214573 -0.22214573 -0.22214573 -0.22214573 -0.22214573
  8.01836825 -0.22214573 -0.22214573 -0.22214573 -0.22214573  0.99733653
 -0.22214573 -0.22214573 -0.22214573 -0.22214573 -0.22214573 -0.22214573
 -0.22214573 -0.22214573 -0.22214573 -0.22214573 -0.22214573]",[-0.012249188372978809]
1,"[-0.23638108 -0.23638108 -0.23638108 -0.23638108 -0.23638108 -0.23638108
 -0.23638108 -0.23638108 -0.23638108 -0.23638108 -0.23638108 -0.23638108
 -0.23638108 -0.23638108 -0.23638108 -0.23638108 -0.23638108 -0.23638108
 -0.23638108 -0.23638108 -0.23638108 -0.23638108 -0.23638108 -0.23638108
 -0.23638108 -0.23638108 -0.23638108 -0.23638108 -0.23638108 -0.23638108
 -0.23638108 -0.23638108 -0.23638108 -0.23638108 -0.23638108 -0.23638108
 -0.23638108 -0.23638108 -0.23638108 -0.23638108  6.21829571 -0.23638108
 -0.23638108 -0.23638108 -0.23638108 -0.23638108 -0.23638108 -0.23638108
 -0.23638108 -0.23638108 -0.23638108 -0.23638108 -0.23638108  1.09465991
  3.44116085  0.14200842 -0.23638108 -0.23638108 -0.23638108 -0.23638108
 -0.23638108 -0.23638108 -0.23638108 -0.23638108 -0.23638108 -0.23638108
 -0.23638108 -0.23638108 -0.23638108 -0.23638108 -0.23638108 -0.23638108
 -0.23638108 -0.23638108 -0.23638108 -0.23638108 -0.23638108 -0.23638108
 -0.23638108 -0.23638108 -0.23638108 -0.23638108 -0.23638108  0.66514449
 -0.23638108 -0.23638108 -0.23638108 -0.23638108  5.43374885  3.0927431
 -0.23638108  4.48900857 -0.23638108 -0.23638108  3.71412978 -0.06435945
 -0.23638108 -0.23638108 -0.23638108 -0.23638108 -0.08568588 -0.23638108
 -0.23638108 -0.23638108 -0.23638108  0.66514449  3.61289559 -0.23638108
 -0.23638108 -0.23638108 -0.23638108 -0.23638108 -0.23638108 -0.23638108
 -0.23638108 -0.23638108 -0.23638108 -0.23638108 -0.23638108 -0.23638108
 -0.23638108 -0.23638108 -0.23638108 -0.23638108 -0.23638108 -0.23638108
 -0.23638108 -0.23638108 -0.23638108 -0.23638108 -0.23638108 -0.23638108
 -0.23638108 -0.23638108 -0.23638108 -0.23638108 -0.23638108 -0.23638108
 -0.23638108 -0.23638108 -0.23638108 -0.23638108 -0.23638108 -0.23638108
 -0.23638108 -0.23638108 -0.23638108 -0.23638108 -0.23638108 -0.23638108
 -0.23638108  0.2351671  -0.23638108 -0.23638108 -0.23638108 -0.23638108
 -0.23638108 -0.23638108 -0.23638108 -0.23638108 -0.23638108 -0.23638108
  5.57048652 -0.23638108 -0.23638108 -0.23638108 -0.23638108  0.30556839
 -0.23638108 -0.23638108 -0.23638108 -0.23638108 -0.23638108 -0.23638108
 -0.23638108 -0.23638108 -0.23638108 -0.23638108 -0.23638108]",[-0.02919572934294573]
1,"[-0.36136056 -0.36136056 -0.36136056 -0.30338242 -0.36136056 -0.36136056
 -0.36136056 -0.36136056 -0.36136056 -0.36136056 -0.36136056 -0.36136056
 -0.36136056 -0.36136056 -0.36136056 -0.36136056 -0.36136056 -0.36136056
 -0.36136056 -0.36136056 -0.36136056 -0.36136056 -0.36136056  1.03529641
 -0.36136056 -0.36136056 -0.36136056 -0.36136056  0.39803991 -0.36136056
 -0.36136056 -0.36136056 -0.36136056 -0.36136056 -0.36136056 -0.36136056
 -0.36136056 -0.36136056 -0.36136056 -0.36136056  2.90944414  0.49277234
 -0.36136056 -0.36136056 -0.36136056 -0.36136056 -0.36136056 -0.36136056
 -0.36136056 -0.36136056 -0.36136056 -0.36136056 -0.36136056  3.08728241
  3.47669403 -0.36136056  1.42534229 -0.36136056 -0.36136056 -0.36136056
 -0.36136056 -0.36136056 -0.36136056 -0.36136056 -0.36136056 -0.36136056
 -0.36136056 -0.36136056 -0.36136056 -0.36136056 -0.36136056 -0.36136056
 -0.36136056 -0.36136056 -0.36136056 -0.36136056 -0.36136056 -0.36136056
 -0.36136056 -0.36136056 -0.36136056 -0.36136056 -0.36136056  2.10398408
 -0.36136056 -0.36136056 -0.36136056 -0.36136056  1.07744843 -0.36136056
 -0.36136056  2.06127351 -0.36136056 -0.36136056  5.04036942 -0.36136056
 -0.36136056 -0.36136056  1.15488652 -0.36136056  3.32985233 -0.36136056
  4.13095147  0.76190741  2.62417193 -0.36136056  0.60501956 -0.36136056
 -0.36136056 -0.36136056 -0.36136056 -0.36136056 -0.36136056 -0.36136056
 -0.36136056 -0.36136056 -0.36136056 -0.36136056  2.42529964 -0.36136056
 -0.36136056  1.15488652 -0.36136056 -0.36136056 -0.36136056 -0.36136056
 -0.36136056 -0.36136056 -0.36136056 -0.36136056 -0.36136056  0.21597177
 -0.36136056 -0.36136056 -0.36136056  2.31198622 -0.36136056  0.33227216
  0.79891024  0.64450866 -0.36136056 -0.36136056 -0.36136056 -0.36136056
 -0.36136056 -0.36136056 -0.36136056 -0.36136056 -0.36136056 -0.36136056
 -0.36136056 -0.36136056 -0.36136056 -0.36136056 -0.36136056 -0.36136056
 -0.36136056 -0.36136056 -0.36136056 -0.36136056 -0.36136056 -0.36136056
  5.21519199 -0.36136056 -0.36136056 -0.36136056 -0.36136056 -0.36136056
  2.50294225  0.94494624 -0.36136056 -0.36136056 -0.36136056 -0.36136056
 -0.36136056 -0.36136056 -0.36136056 -0.36136056  2.24581516]",[0.14031425110163864]
1,"[-0.2743062  -0.2743062  -0.2743062  -0.2743062  -0.2743062  -0.2743062
 -0.2743062  -0.2743062  -0.2743062  -0.2743062  -0.2743062  -0.2743062
 -0.2743062  -0.2743062  -0.2743062  -0.2743062   5.32386172 -0.2743062
 -0.2743062  -0.2743062  -0.2743062  -0.2743062  -0.2743062  -0.2743062
 -0.2743062  -0.2743062  -0.2743062  -0.2743062  -0.2743062  -0.2743062
 -0.2743062  -0.2743062  -0.2743062  -0.2743062  -0.2743062  -0.2743062
 -0.2743062  -0.2743062  -0.2743062  -0.2743062   2.39877484 -0.2743062
 -0.2743062  -0.2743062  -0.2743062  -0.2743062  -0.2743062  -0.2743062
 -0.2743062  -0.2743062  -0.2743062  -0.2743062  -0.2743062   2.39625797
  0.5455423   0.56190441  1.01398949 -0.2743062  -0.2743062  -0.2743062
 -0.2743062  -0.2743062  -0.2743062  -0.2743062  -0.2743062  -0.2743062
 -0.2743062  -0.2743062  -0.2743062  -0.2743062  -0.2743062  -0.2743062
 -0.10640648 -0.2743062  -0.2743062  -0.2743062  -0.2743062  -0.2743062
 -0.2743062  -0.2743062  -0.2743062  -0.2743062  -0.2743062   4.51674123
 -0.2743062  -0.2743062  -0.2743062  -0.2743062   3.00161165  4.67145682
 -0.2743062   5.96224156 -0.2743062   0.21842269  1.57194126 -0.2743062
 -0.2743062  -0.2743062  -0.2743062  -0.2743062   4.2005951  -0.2743062
 -0.2743062   0.27484123 -0.08527435  1.15247047  3.82001773 -0.2743062
 -0.2743062  -0.2743062  -0.2743062  -0.2743062  -0.2743062  -0.2743062
 -0.2743062  -0.2743062  -0.2743062  -0.2743062  -0.2743062  -0.2743062
 -0.2743062  -0.2743062  -0.2743062  -0.2743062  -0.2743062  -0.2743062
 -0.2743062  -0.2743062  -0.2743062  -0.2743062  -0.2743062  -0.2743062
 -0.2743062  -0.2743062  -0.2743062  -0.2743062  -0.2743062  -0.2743062
 -0.2743062  -0.2743062  -0.2743062  -0.2743062  -0.2743062  -0.2743062
 -0.2743062  -0.2743062  -0.2743062  -0.2743062  -0.2743062  -0.2743062
 -0.2743062  -0.2743062  -0.2743062  -0.2743062  -0.2743062  -0.2743062
 -0.2743062  -0.2743062  -0.2743062  -0.2743062  -0.2743062  -0.2743062
 -0.2743062  -0.2743062  -0.2743062  -0.2743062  -0.2743062   0.75008452
 -0.2743062  -0.2743062  -0.2743062  -0.2743062  -0.2743062  -0.2743062
 -0.2743062  -0.2743062  -0.2743062  -0.2743062   1.42561232]",[0.015947654689728696]
2,"[-0.27521384 -0.27521384 -0.27521384 -0.27521384 -0.27521384 -0.27521384
 -0.27521384 -0.27521384 -0.27521384 -0.27521384 -0.27521384 -0.27521384
 -0.27521384 -0.27521384 -0.27521384 -0.27521384 -0.27521384 -0.27521384
 -0.27521384 -0.27521384 -0.27521384 -0.27521384 -0.27521384 -0.27521384
 -0.27521384 -0.27521384 -0.27521384 -0.27521384 -0.27521384 -0.27521384
 -0.27521384 -0.27521384 -0.27521384 -0.27521384 -0.27521384 -0.27521384
 -0.27521384 -0.27521384 -0.27521384 -0.27521384  5.92386517 -0.27521384
 -0.27521384 -0.27521384 -0.27521384 -0.27521384 -0.27521384 -0.27521384
 -0.27521384 -0.27521384 -0.27521384 -0.27521384 -0.27521384  5.60855534
  1.03600152 -0.27521384 -0.27521384 -0.27521384 -0.27521384 -0.27521384
 -0.27521384 -0.27521384 -0.27521384 -0.27521384 -0.27521384 -0.27521384
 -0.27521384 -0.27521384 -0.27521384 -0.27521384 -0.27521384 -0.27521384
  0.46942266 -0.27521384 -0.27521384 -0.27521384 -0.27521384 -0.27521384
 -0.27521384 -0.27521384 -0.27521384 -0.27521384 -0.27521384 -0.27521384
 -0.27521384 -0.27521384 -0.27521384 -0.27521384 -0.27521384 -0.27521384
 -0.27521384  3.10158389 -0.27521384 -0.27521384  2.68180882 -0.27521384
 -0.27521384 -0.27521384 -0.27521384 -0.27521384  1.85437508 -0.27521384
  2.6101052   3.60291346  3.19129576 -0.27521384  1.40202346 -0.27521384
 -0.27521384 -0.27521384 -0.27521384 -0.27521384 -0.27521384 -0.27521384
 -0.27521384 -0.27521384 -0.27521384 -0.27521384 -0.27521384 -0.27521384
 -0.27521384 -0.27521384 -0.27521384 -0.27521384 -0.27521384 -0.27521384
 -0.27521384 -0.27521384 -0.27521384 -0.27521384 -0.27521384 -0.27521384
 -0.27521384 -0.27521384 -0.27521384 -0.27521384 -0.27521384 -0.27521384
 -0.27521384  4.91394457 -0.27521384 -0.27521384 -0.27521384 -0.27521384
 -0.27521384 -0.27521384 -0.27521384 -0.27521384 -0.27521384 -0.27521384
 -0.27521384 -0.27521384 -0.27521384 -0.27521384 -0.27521384 -0.27521384
 -0.27521384 -0.27521384 -0.27521384 -0.27521384 -0.27521384 -0.27521384
  0.50688424 -0.27521384 -0.27521384 -0.27521384 -0.27521384  3.39623684
 -0.27521384  1.90686967 -0.27521384 -0.27521384 -0.27521384 -0.27521384
 -0.27521384 -0.27521384 -0.27521384 -0.27521384  2.65397023]",[-0.027314844376335967]
2,"[-0.1686594  -0.1686594  -0.1686594  -0.1686594  -0.1686594  -0.1686594
 -0.1686594  -0.1686594  -0.1686594  -0.1686594  -0.1686594  -0.1686594
 -0.1686594  -0.1686594  -0.1686594  -0.1686594  -0.1686594  -0.1686594
 -0.1686594  -0.1686594  -0.1686594  -0.1686594  -0.1686594  -0.1686594
 -0.1686594  -0.1686594  -0.1686594  -0.1686594  -0.1686594  -0.1686594
 -0.1686594  -0.1686594  -0.1686594  -0.1686594  -0.1686594  -0.1686594
 -0.1686594  -0.1686594  -0.1686594  -0.1686594   2.09041312 -0.1686594
 -0.1686594  -0.1686594  -0.1686594  -0.1686594  -0.1686594  -0.1686594
 -0.1686594  -0.1686594  -0.1686594  -0.1686594  -0.1686594   0.68186303
 -0.1686594  -0.1686594  -0.1686594  -0.1686594  -0.1686594  -0.1686594
 -0.1686594  -0.1686594  -0.1686594  -0.1686594  -0.1686594  -0.1686594
 -0.1686594  -0.1686594  -0.1686594  -0.1686594  -0.1686594  -0.1686594
 -0.1686594  -0.1686594  -0.1686594  -0.1686594  -0.1686594  -0.1686594
 -0.1686594  -0.1686594  -0.1686594  -0.1686594  -0.1686594  -0.1686594
 -0.1686594  -0.1686594  -0.1686594  -0.1686594   5.14479007 -0.1686594
 -0.1686594   6.34453382 -0.1686594  -0.1686594   0.67254394 -0.1686594
 -0.1686594  -0.1686594  -0.1686594  -0.1686594  -0.1686594  -0.1686594
 -0.1686594  -0.1686594  -0.1686594  -0.1686594   5.80443307 -0.1686594
 -0.1686594  -0.1686594  -0.1686594  -0.1686594  -0.1686594  -0.1686594
 -0.1686594  -0.1686594  -0.1686594  -0.1686594  -0.1686594  -0.1686594
 -0.1686594  -0.1686594  -0.1686594  -0.1686594  -0.1686594  -0.1686594
 -0.1686594  -0.1686594  -0.1686594  -0.1686594  -0.1686594  -0.1686594
 -0.1686594  -0.1686594  -0.1686594  -0.1686594  -0.1686594  -0.1686594
 -0.1686594  -0.1686594  -0.1686594  -0.1686594  -0.1686594  -0.1686594
 -0.1686594  -0.1686594  -0.1686594  -0.1686594  -0.1686594  -0.1686594
 -0.1686594  -0.1686594  -0.1686594  -0.1686594  -0.1686594  -0.1686594
 -0.1686594  -0.1686594  -0.1686594  -0.1686594  -0.1686594  -0.1686594
  8.27083986 -0.1686594  -0.1686594  -0.1686594  -0.1686594  -0.1686594
 -0.1686594  -0.1686594  -0.1686594  -0.1686594  -0.1686594  -0.1686594
 -0.1686594  -0.1686594  -0.1686594  -0.1686594  -0.1686594 ]",[-0.10707287724446118]
2,"[-0.20648854 -0.20648854 -0.20648854 -0.20648854 -0.20648854 -0.20648854
 -0.20648854 -0.20648854 -0.20648854 -0.20648854 -0.20648854 -0.20648854
 -0.20648854 -0.20648854 -0.20648854 -0.20648854 -0.20648854 -0.20648854
 -0.20648854 -0.20648854 -0.20648854 -0.20648854 -0.20648854 -0.20648854
 -0.20648854 -0.20648854 -0.20648854 -0.20648854 -0.20648854 -0.20648854
 -0.20648854 -0.20648854 -0.20648854 -0.20648854 -0.20648854 -0.20648854
 -0.20648854 -0.20648854 -0.20648854 -0.20648854  1.3043197  -0.20648854
 -0.20648854 -0.20648854 -0.20648854 -0.20648854 -0.20648854 -0.20648854
 -0.20648854 -0.20648854 -0.20648854 -0.20648854 -0.20648854  6.63945394
 -0.20648854 -0.20648854 -0.20648854 -0.20648854 -0.20648854 -0.20648854
 -0.20648854 -0.20648854 -0.20648854 -0.20648854 -0.20648854 -0.20648854
 -0.20648854 -0.20648854 -0.20648854 -0.20648854 -0.20648854 -0.20648854
 -0.20648854 -0.20648854 -0.20648854 -0.20648854 -0.20648854  1.90077256
 -0.20648854 -0.20648854 -0.20648854 -0.20648854 -0.20648854  1.39020602
 -0.20648854 -0.20648854 -0.20648854 -0.20648854 -0.20648854  3.83587988
 -0.20648854  3.98498721 -0.20648854 -0.20648854  5.2530221  -0.20648854
 -0.20648854 -0.20648854 -0.20648854 -0.20648854 -0.20648854 -0.20648854
 -0.20648854 -0.20648854 -0.20648854 -0.20648854  3.9875174  -0.20648854
 -0.20648854 -0.20648854 -0.20648854 -0.20648854 -0.20648854 -0.20648854
 -0.20648854 -0.20648854 -0.20648854 -0.20648854 -0.20648854 -0.20648854
 -0.20648854 -0.20648854 -0.20648854 -0.20648854 -0.20648854 -0.20648854
 -0.20648854 -0.20648854 -0.20648854 -0.20648854 -0.20648854 -0.20648854
 -0.20648854 -0.20648854 -0.20648854 -0.20648854 -0.20648854 -0.20648854
 -0.20648854 -0.20648854 -0.20648854 -0.20648854 -0.20648854 -0.20648854
 -0.20648854 -0.20648854 -0.20648854 -0.20648854 -0.20648854 -0.20648854
 -0.20648854 -0.20648854 -0.20648854 -0.20648854 -0.20648854 -0.20648854
 -0.20648854 -0.20648854 -0.20648854 -0.20648854 -0.20648854 -0.20648854
  6.80689218 -0.20648854 -0.20648854 -0.20648854 -0.20648854 -0.20648854
 -0.20648854 -0.20648854 -0.20648854 -0.20648854 -0.20648854 -0.20648854
 -0.20648854 -0.20648854 -0.20648854 -0.20648854 -0.20648854]",[-0.04782974174164262]
2,"[-0.25497013 -0.25497013 -0.25497013 -0.25497013 -0.25497013 -0.25497013
 -0.25497013 -0.25497013 -0.25497013 -0.25497013 -0.25497013 -0.25497013
 -0.25497013 -0.25497013 -0.25497013 -0.25497013 -0.25497013 -0.25497013
 -0.25497013 -0.25497013 -0.25497013 -0.25497013 -0.25497013 -0.25497013
 -0.25497013 -0.25497013 -0.25497013 -0.25497013 -0.25497013 -0.25497013
 -0.25497013 -0.25497013 -0.25497013 -0.25497013 -0.25497013 -0.25497013
 -0.25497013 -0.25497013 -0.25497013 -0.25497013  3.77179143  0.28999047
 -0.25497013 -0.25497013 -0.25497013 -0.25497013 -0.25497013 -0.25497013
 -0.25497013 -0.25497013 -0.25497013 -0.25497013 -0.25497013  0.48759905
 -0.10728322 -0.25497013 -0.25497013 -0.25497013 -0.25497013 -0.25497013
 -0.25497013 -0.25497013 -0.25497013 -0.25497013 -0.25497013 -0.25497013
 -0.25497013 -0.25497013 -0.25497013 -0.25497013 -0.25497013 -0.25497013
 -0.25497013 -0.25497013 -0.25497013 -0.25497013 -0.25497013 -0.25497013
 -0.25497013 -0.25497013 -0.25497013 -0.25497013  3.02785015 -0.25497013
 -0.25497013 -0.25497013 -0.25497013 -0.25497013 -0.25497013 -0.25497013
 -0.25497013  5.13642663 -0.25497013  1.67025112  4.26429558  0.03150001
 -0.25497013 -0.25497013 -0.25497013 -0.25497013  2.39351885 -0.25497013
  3.90425354  3.84584783  4.32061802 -0.25497013  2.92429752 -0.25497013
 -0.25497013 -0.25497013 -0.25497013 -0.25497013 -0.25497013 -0.25497013
 -0.25497013 -0.25497013 -0.25497013 -0.25497013 -0.25497013 -0.25497013
 -0.25497013 -0.25497013 -0.25497013 -0.25497013 -0.25497013 -0.25497013
 -0.25497013 -0.25497013 -0.25497013 -0.25497013 -0.25497013 -0.25497013
 -0.25497013 -0.25497013 -0.25497013 -0.25497013 -0.25497013 -0.25497013
 -0.25497013 -0.25497013 -0.25497013 -0.25497013 -0.25497013 -0.25497013
 -0.25497013 -0.25497013 -0.25497013 -0.25497013 -0.25497013 -0.25497013
 -0.25497013 -0.25497013 -0.25497013 -0.25497013 -0.25497013 -0.25497013
 -0.25497013 -0.25497013 -0.25497013 -0.25497013 -0.25497013 -0.25497013
  5.85414369 -0.25497013 -0.25497013 -0.25497013 -0.25497013 -0.25497013
 -0.25497013 -0.25497013 -0.25497013 -0.25497013 -0.25497013 -0.25497013
 -0.25497013 -0.25497013 -0.25497013 -0.25497013 -0.25497013]",[-0.02384423541767472]
2,"[-0.37314364 -0.37314364 -0.37314364  0.47810617 -0.37314364 -0.37314364
 -0.37314364 -0.37314364 -0.37314364 -0.37314364 -0.37314364 -0.37314364
 -0.37314364 -0.37314364 -0.37314364 -0.37314364 -0.37314364 -0.37314364
 -0.37314364 -0.37314364 -0.37314364  2.68815038 -0.37314364 -0.37314364
  1.5340291  -0.37314364 -0.37314364 -0.37314364  1.7409679  -0.37314364
 -0.37314364 -0.37314364 -0.37314364 -0.37314364 -0.37314364 -0.37314364
 -0.37314364 -0.37314364 -0.37314364 -0.37314364  4.35941677  1.60676066
 -0.37314364 -0.37314364 -0.37314364 -0.37314364 -0.37314364 -0.37314364
 -0.37314364 -0.37314364  2.19109226 -0.37314364 -0.37314364  4.25496421
  3.23148682 -0.37314364  3.74901801 -0.37314364 -0.37314364 -0.37314364
 -0.37314364 -0.37314364 -0.37314364 -0.37314364 -0.37314364 -0.37314364
 -0.37314364 -0.37314364 -0.37314364 -0.37314364 -0.37314364 -0.37314364
  0.83054882 -0.37314364 -0.37314364 -0.37314364 -0.37314364 -0.37314364
 -0.37314364 -0.37314364 -0.37314364 -0.37314364 -0.37314364 -0.37314364
 -0.37314364 -0.37314364 -0.37314364  0.65842203 -0.37314364 -0.37314364
 -0.37314364  1.65846011 -0.37314364  1.03123876 -0.37314364 -0.37314364
 -0.37314364 -0.37314364  0.94577019 -0.37314364  1.81678747 -0.37314364
 -0.37314364  1.74931889  1.72350607  2.96064145  2.08998915 -0.37314364
 -0.37314364 -0.37314364 -0.37314364 -0.37314364 -0.37314364 -0.37314364
 -0.37314364 -0.37314364 -0.37314364 -0.37314364 -0.37314364 -0.37314364
 -0.37314364  1.91575056 -0.37314364 -0.37314364 -0.37314364 -0.37314364
 -0.37314364 -0.37314364 -0.37314364 -0.37314364 -0.37314364 -0.37314364
 -0.37314364 -0.37314364 -0.37314364 -0.37314364 -0.37314364 -0.37314364
 -0.37314364  2.83193041 -0.37314364 -0.37314364 -0.37314364 -0.37314364
 -0.37314364 -0.37314364 -0.37314364 -0.37314364  2.95194781 -0.37314364
 -0.37314364 -0.37314364 -0.37314364 -0.37314364 -0.37314364 -0.37314364
 -0.37314364 -0.37314364 -0.37314364 -0.37314364 -0.37314364 -0.37314364
  2.75299307 -0.37314364 -0.37314364 -0.37314364 -0.37314364 -0.37314364
 -0.37314364  1.03690195 -0.37314364 -0.37314364 -0.37314364 -0.37314364
 -0.37314364 -0.37314364 -0.37314364 -0.37314364  4.30277735]",[0.1323089668785995]
2,"[-0.1920244  -0.1920244  -0.1920244  -0.1920244  -0.1920244  -0.1920244
 -0.1920244  -0.1920244  -0.1920244  -0.1920244  -0.1920244  -0.1920244
 -0.1920244  -0.1920244  -0.1920244  -0.1920244  -0.1920244  -0.1920244
 -0.1920244  -0.1920244  -0.1920244  -0.1920244  -0.1920244  -0.1920244
 -0.1920244  -0.1920244  -0.1920244  -0.1920244  -0.1920244  -0.1920244
 -0.1920244  -0.1920244  -0.1920244  -0.1920244  -0.1920244  -0.1920244
 -0.1920244  -0.1920244  -0.1920244  -0.1920244   7.33885566  0.44183143
 -0.1920244  -0.1920244  -0.1920244  -0.1920244  -0.1920244  -0.1920244
 -0.1920244  -0.1920244  -0.1920244  -0.1920244  -0.1920244   6.19257134
  0.07893911 -0.1920244  -0.1920244  -0.1920244  -0.1920244  -0.1920244
 -0.1920244  -0.1920244  -0.1920244  -0.1920244  -0.1920244  -0.1920244
 -0.1920244  -0.1920244  -0.1920244  -0.1920244  -0.1920244  -0.1920244
 -0.1920244  -0.1920244  -0.1920244  -0.1920244  -0.1920244  -0.1920244
 -0.1920244  -0.1920244  -0.1920244  -0.1920244  -0.1920244  -0.1920244
 -0.1920244  -0.1920244  -0.1920244  -0.1920244   3.48984838 -0.1920244
 -0.1920244   4.45577526 -0.1920244  -0.1920244  -0.1920244  -0.1920244
 -0.1920244  -0.1920244  -0.1920244   0.83674724 -0.1920244  -0.1920244
 -0.1920244  -0.09150673 -0.1920244   3.04661122  0.28220193 -0.1920244
 -0.1920244  -0.1920244  -0.1920244  -0.1920244  -0.1920244  -0.1920244
 -0.1920244  -0.1920244  -0.1920244  -0.1920244  -0.1920244  -0.1920244
 -0.1920244  -0.1920244  -0.1920244  -0.1920244  -0.1920244  -0.1920244
 -0.1920244  -0.1920244  -0.1920244  -0.1920244  -0.1920244  -0.1920244
 -0.1920244  -0.1920244  -0.1920244  -0.1920244  -0.1920244  -0.1920244
 -0.1920244  -0.1920244  -0.1920244  -0.1920244  -0.1920244  -0.1920244
 -0.1920244  -0.1920244  -0.1920244  -0.1920244  -0.1920244  -0.1920244
 -0.1920244  -0.1920244  -0.1920244  -0.1920244  -0.1920244  -0.1920244
 -0.1920244  -0.1920244  -0.1920244  -0.1920244  -0.1920244  -0.1920244
  6.18822376 -0.1920244  -0.1920244  -0.1920244  -0.1920244  -0.1920244
 -0.1920244  -0.1920244  -0.1920244  -0.1920244  -0.1920244  -0.1920244
 -0.1920244  -0.1920244  -0.1920244  -0.1920244  -0.1920244 ]",[-0.09693161631504768]
2,"[-0.17499081 -0.17499081 -0.17499081 -0.17499081 -0.17499081 -0.17499081
 -0.17499081 -0.17499081 -0.17499081 -0.17499081 -0.17499081 -0.17499081
 -0.17499081 -0.17499081 -0.17499081 -0.17499081 -0.17499081 -0.17499081
 -0.17499081 -0.17499081 -0.17499081 -0.17499081 -0.17499081 -0.17499081
 -0.17499081 -0.17499081 -0.17499081 -0.17499081 -0.17499081 -0.17499081
 -0.17499081 -0.17499081 -0.17499081 -0.17499081 -0.17499081 -0.17499081
 -0.17499081 -0.17499081 -0.17499081 -0.17499081  2.74173775 -0.17499081
 -0.17499081 -0.17499081 -0.17499081 -0.17499081 -0.17499081 -0.17499081
 -0.17499081 -0.17499081 -0.17499081 -0.17499081 -0.17499081 -0.17499081
 -0.17499081 -0.17499081  0.6087717  -0.17499081 -0.17499081 -0.17499081
 -0.17499081 -0.17499081 -0.17499081 -0.17499081 -0.17499081 -0.17499081
 -0.17499081 -0.17499081 -0.17499081 -0.17499081 -0.17499081 -0.17499081
 -0.17499081 -0.17499081 -0.17499081 -0.17499081 -0.17499081 -0.17499081
 -0.17499081 -0.17499081 -0.17499081 -0.17499081 -0.17499081  3.3597235
 -0.17499081 -0.17499081 -0.17499081 -0.17499081  4.5985166  -0.17499081
 -0.17499081  2.21135209 -0.17499081 -0.17499081  5.59036705 -0.17499081
 -0.17499081 -0.17499081 -0.17499081 -0.17499081  0.07725522 -0.17499081
 -0.17499081 -0.11492674  0.24127479 -0.17499081  0.22209627 -0.17499081
 -0.17499081 -0.17499081 -0.17499081 -0.17499081 -0.17499081 -0.17499081
 -0.17499081 -0.17499081 -0.17499081 -0.17499081 -0.17499081 -0.17499081
 -0.17499081 -0.17499081 -0.17499081 -0.17499081 -0.17499081 -0.17499081
 -0.17499081 -0.17499081 -0.17499081 -0.17499081 -0.17499081 -0.17499081
 -0.17499081 -0.17499081 -0.17499081 -0.17499081 -0.17499081 -0.17499081
 -0.17499081 -0.17499081 -0.17499081 -0.17499081 -0.17499081 -0.17499081
 -0.17499081 -0.17499081 -0.17499081 -0.17499081 -0.17499081 -0.17499081
 -0.17499081 -0.17499081 -0.17499081 -0.17499081 -0.17499081 -0.17499081
 -0.17499081 -0.17499081 -0.17499081 -0.17499081 -0.17499081 -0.17499081
  9.86228757 -0.17499081 -0.17499081 -0.17499081 -0.17499081 -0.17499081
 -0.17499081 -0.17499081 -0.17499081 -0.17499081 -0.17499081 -0.17499081
 -0.17499081 -0.17499081 -0.17499081 -0.17499081 -0.17499081]",[-0.004933238834592735]
2,"[-1.71859905e-01 -1.71859905e-01 -1.71859905e-01 -1.71859905e-01
 -1.71859905e-01 -1.71859905e-01 -1.71859905e-01 -1.71859905e-01
 -1.71859905e-01 -1.71859905e-01 -1.71859905e-01 -1.71859905e-01
 -1.71859905e-01 -1.71859905e-01 -1.71859905e-01 -1.71859905e-01
 -1.71859905e-01 -1.71859905e-01 -1.71859905e-01 -1.71859905e-01
 -1.71859905e-01 -1.71859905e-01 -1.71859905e-01 -1.71859905e-01
 -1.71859905e-01 -1.71859905e-01 -1.71859905e-01 -1.71859905e-01
  6.42845687e-01 -1.71859905e-01 -1.71859905e-01 -1.71859905e-01
 -1.71859905e-01 -1.71859905e-01 -1.71859905e-01 -1.71859905e-01
 -1.71859905e-01 -1.71859905e-01 -1.71859905e-01 -1.71859905e-01
  7.87382828e+00 -1.71859905e-01 -1.71859905e-01 -1.71859905e-01
 -1.71859905e-01 -1.71859905e-01 -1.71859905e-01 -1.71859905e-01
 -1.71859905e-01 -1.71859905e-01 -1.71859905e-01 -1.71859905e-01
 -1.71859905e-01  6.27418065e+00 -6.09045985e-03 -1.71859905e-01
  3.54007270e-01 -1.71859905e-01 -1.71859905e-01 -1.71859905e-01
 -1.71859905e-01 -1.71859905e-01 -1.71859905e-01 -1.71859905e-01
 -1.71859905e-01 -1.71859905e-01 -1.71859905e-01 -1.71859905e-01
 -1.71859905e-01 -1.71859905e-01 -1.71859905e-01 -1.71859905e-01
 -1.71859905e-01 -1.71859905e-01 -1.71859905e-01 -1.71859905e-01
 -1.71859905e-01 -1.71859905e-01 -1.71859905e-01 -1.71859905e-01
 -1.71859905e-01 -1.71859905e-01 -1.71859905e-01 -1.71859905e-01
 -1.71859905e-01 -1.71859905e-01 -1.71859905e-01 -1.71859905e-01
 -1.71859905e-01 -1.71859905e-01 -1.71859905e-01  4.12785487e+00
 -1.71859905e-01 -1.71859905e-01  9.75836875e-01 -1.71859905e-01
 -1.71859905e-01 -1.71859905e-01 -1.71859905e-01 -1.71859905e-01
 -6.12484578e-02 -1.71859905e-01 -1.71859905e-01 -1.71859905e-01
  1.73284344e-01 -1.71859905e-01  3.43726458e-01 -1.71859905e-01
 -1.71859905e-01 -1.71859905e-01 -1.71859905e-01 -1.71859905e-01
 -1.71859905e-01 -1.71859905e-01 -1.71859905e-01 -1.71859905e-01
 -1.71859905e-01 -1.71859905e-01 -1.71859905e-01 -1.71859905e-01
 -1.71859905e-01 -1.71859905e-01 -1.71859905e-01 -1.71859905e-01
 -1.71859905e-01 -1.71859905e-01 -1.71859905e-01 -1.71859905e-01
 -1.71859905e-01 -1.71859905e-01 -1.71859905e-01 -1.71859905e-01
 -1.71859905e-01 -1.71859905e-01 -1.71859905e-01 -1.71859905e-01
 -1.71859905e-01 -1.71859905e-01 -1.71859905e-01 -1.71859905e-01
 -1.71859905e-01 -1.71859905e-01 -1.71859905e-01 -1.71859905e-01
 -1.71859905e-01 -1.71859905e-01 -1.71859905e-01 -1.71859905e-01
 -1.71859905e-01 -1.71859905e-01 -1.71859905e-01 -1.71859905e-01
 -1.71859905e-01 -1.71859905e-01 -1.71859905e-01 -1.71859905e-01
 -1.71859905e-01 -1.71859905e-01 -1.71859905e-01 -1.71859905e-01
 -1.71859905e-01 -1.71859905e-01  7.31811496e+00 -1.71859905e-01
 -1.71859905e-01 -1.71859905e-01 -1.71859905e-01  6.84263643e-01
 -1.71859905e-01 -1.71859905e-01 -1.71859905e-01 -1.71859905e-01
 -1.71859905e-01 -1.71859905e-01 -1.71859905e-01 -1.71859905e-01
 -1.71859905e-01 -1.71859905e-01 -1.71859905e-01]",[-0.0227369907086655]
2,"[-0.18512913 -0.18512913 -0.18512913 -0.18512913 -0.18512913 -0.18512913
 -0.18512913 -0.18512913 -0.18512913 -0.18512913 -0.18512913 -0.18512913
 -0.18512913 -0.18512913 -0.18512913 -0.18512913  0.38226417 -0.18512913
 -0.18512913 -0.18512913 -0.18512913 -0.18512913 -0.18512913 -0.18512913
 -0.18512913 -0.18512913 -0.18512913 -0.18512913 -0.18512913 -0.18512913
 -0.18512913 -0.18512913 -0.18512913 -0.18512913 -0.18512913 -0.18512913
 -0.18512913 -0.18512913 -0.18512913 -0.18512913  2.07110179 -0.18512913
 -0.18512913 -0.18512913 -0.18512913 -0.18512913 -0.18512913 -0.18512913
 -0.18512913 -0.18512913 -0.18512913 -0.18512913 -0.18512913 -0.18512913
 -0.18512913 -0.18512913 -0.18512913 -0.18512913 -0.18512913 -0.18512913
 -0.18512913 -0.18512913 -0.18512913 -0.18512913 -0.18512913 -0.18512913
 -0.18512913 -0.18512913 -0.18512913 -0.18512913 -0.18512913 -0.18512913
 -0.18512913 -0.18512913 -0.18512913 -0.18512913 -0.18512913 -0.18512913
 -0.18512913 -0.18512913 -0.18512913 -0.18512913 -0.18512913 -0.18512913
 -0.18512913 -0.18512913 -0.18512913 -0.18512913  5.28217599 -0.18512913
 -0.18512913  3.11917527 -0.18512913 -0.18512913  3.54173941 -0.18512913
 -0.18512913 -0.18512913 -0.18512913 -0.18512913  5.85873397 -0.18512913
 -0.18512913 -0.18512913  0.07131543 -0.18512913  2.24682882 -0.18512913
 -0.18512913 -0.18512913 -0.18512913 -0.18512913 -0.18512913 -0.18512913
 -0.18512913 -0.18512913 -0.18512913 -0.18512913 -0.18512913 -0.18512913
 -0.18512913 -0.18512913 -0.18512913 -0.18512913 -0.18512913 -0.18512913
 -0.18512913 -0.18512913 -0.18512913 -0.18512913 -0.18512913 -0.18512913
 -0.18512913 -0.18512913 -0.18512913 -0.18512913 -0.18512913 -0.18512913
 -0.18512913 -0.18512913 -0.18512913 -0.18512913 -0.18512913 -0.18512913
 -0.18512913 -0.18512913 -0.18512913 -0.18512913 -0.18512913 -0.18512913
 -0.18512913 -0.18512913 -0.18512913 -0.18512913 -0.18512913 -0.18512913
 -0.18512913 -0.18512913 -0.18512913 -0.18512913 -0.18512913 -0.18512913
  8.89861738 -0.18512913 -0.18512913 -0.18512913 -0.18512913 -0.18512913
 -0.18512913 -0.18512913 -0.18512913 -0.18512913 -0.18512913 -0.18512913
 -0.18512913 -0.18512913 -0.18512913 -0.18512913 -0.18512913]",[-0.001443620488722125]
2,"[-0.27890881 -0.27890881 -0.27890881 -0.22689335 -0.27890881 -0.27890881
 -0.27890881 -0.27890881 -0.27890881 -0.27890881 -0.27890881 -0.27890881
 -0.27890881 -0.27890881 -0.27890881 -0.27890881 -0.27890881 -0.27890881
 -0.27890881 -0.27890881  0.19031676 -0.27890881 -0.27890881 -0.27890881
 -0.27890881 -0.27890881 -0.27890881 -0.27890881  2.41660231 -0.27890881
 -0.27890881 -0.27890881 -0.27890881 -0.27890881 -0.27890881 -0.27890881
 -0.27890881 -0.27890881 -0.27890881 -0.27890881  7.25005395  0.59301293
 -0.27890881 -0.27890881 -0.27890881 -0.27890881 -0.27890881 -0.27890881
 -0.27890881 -0.27890881 -0.05569401 -0.27890881 -0.27890881  2.67205919
  0.62475893 -0.27890881  1.21386601 -0.27890881 -0.27890881 -0.27890881
 -0.27890881 -0.27890881 -0.27890881  0.44512718 -0.27890881 -0.27890881
 -0.27890881 -0.27890881 -0.27890881 -0.27890881 -0.27890881 -0.27890881
 -0.27890881 -0.27890881 -0.27890881 -0.27890881 -0.27890881  1.25219188
 -0.27890881 -0.27890881 -0.27890881 -0.27890881 -0.27890881  3.91178969
 -0.27890881 -0.27890881 -0.27890881 -0.27890881  1.01192771  2.05431582
 -0.27890881  4.55684131 -0.27890881 -0.27890881 -0.27890881  0.12180693
 -0.27890881 -0.27890881 -0.27890881 -0.27890881  0.91566811 -0.27890881
 -0.27890881  0.47000639  0.28306049 -0.27890881  0.79828789 -0.27890881
 -0.27890881 -0.27890881 -0.27890881 -0.27890881 -0.27890881 -0.27890881
 -0.27890881 -0.27890881 -0.27890881 -0.27890881 -0.27890881 -0.27890881
 -0.27890881 -0.27890881 -0.27890881 -0.27890881 -0.27890881 -0.27890881
 -0.27890881 -0.27890881 -0.27890881 -0.27890881 -0.27890881 -0.27890881
 -0.27890881  1.7701492  -0.27890881 -0.27890881 -0.27890881 -0.27890881
 -0.27890881 -0.27890881 -0.27890881 -0.27890881 -0.27890881 -0.27890881
 -0.27890881 -0.27890881 -0.27890881 -0.27890881 -0.27890881 -0.27890881
 -0.27890881 -0.27890881 -0.27890881 -0.27890881 -0.27890881 -0.27890881
 -0.27890881 -0.27890881 -0.27890881 -0.27890881 -0.27890881 -0.27890881
  6.51792642 -0.27890881 -0.27890881 -0.27890881 -0.27890881  2.44241652
  0.07484327  1.64751457 -0.27890881 -0.27890881 -0.27890881 -0.27890881
 -0.27890881 -0.27890881 -0.27890881 -0.27890881 -0.27890881]",[0.05364378620374402]
2,"[-0.27699218 -0.27699218 -0.27699218 -0.27699218 -0.27699218 -0.27699218
 -0.27699218 -0.27699218 -0.27699218 -0.27699218 -0.27699218 -0.27699218
 -0.27699218 -0.27699218 -0.27699218 -0.27699218  3.61276629 -0.27699218
 -0.27699218 -0.27699218 -0.27699218 -0.27699218 -0.27699218 -0.27699218
 -0.27699218 -0.27699218 -0.27699218 -0.27699218 -0.27699218 -0.27699218
 -0.27699218 -0.27699218 -0.27699218 -0.27699218 -0.27699218 -0.27699218
 -0.27699218 -0.27699218 -0.27699218 -0.27699218  1.76275499 -0.27699218
 -0.27699218 -0.27699218 -0.27699218 -0.27699218 -0.27699218 -0.27699218
 -0.27699218 -0.27699218 -0.27699218 -0.27699218 -0.27699218 -0.27699218
 -0.27699218 -0.27699218  4.13105424 -0.27699218 -0.27699218 -0.27699218
 -0.27699218 -0.27699218 -0.27699218 -0.27699218 -0.27699218 -0.27699218
 -0.27699218 -0.27699218 -0.27699218 -0.27699218 -0.27699218 -0.27699218
 -0.27699218 -0.27699218 -0.27699218 -0.27699218 -0.27699218 -0.27699218
 -0.27699218 -0.27699218 -0.27699218 -0.27699218 -0.27699218  1.4360329
 -0.27699218 -0.27699218 -0.27699218 -0.27699218  3.81847227  1.15006855
 -0.27699218  3.23013252 -0.27699218 -0.27699218  5.68312765 -0.27699218
 -0.27699218 -0.27699218 -0.27699218 -0.27699218  2.02989847 -0.27699218
  3.85275344 -0.07927871 -0.27699218 -0.27699218  3.33272662 -0.27699218
 -0.27699218 -0.27699218  2.65455653 -0.27699218 -0.27699218 -0.27699218
 -0.27699218 -0.27699218 -0.27699218 -0.27699218 -0.27699218 -0.27699218
 -0.27699218 -0.27699218 -0.27699218 -0.27699218 -0.27699218 -0.27699218
 -0.27699218 -0.27699218 -0.27699218 -0.27699218 -0.27699218 -0.27699218
 -0.27699218 -0.27699218 -0.27699218 -0.27699218 -0.27699218 -0.27699218
 -0.27699218 -0.27699218 -0.27699218 -0.27699218 -0.27699218 -0.27699218
 -0.27699218 -0.27699218 -0.27699218 -0.27699218 -0.27699218 -0.27699218
 -0.27699218 -0.27699218 -0.27699218 -0.27699218 -0.27699218 -0.27699218
 -0.27699218 -0.27699218 -0.27699218 -0.27699218 -0.27699218 -0.27699218
  5.52196017 -0.27699218 -0.27699218 -0.27699218 -0.27699218  1.96305918
  1.04964051 -0.27699218 -0.27699218 -0.27699218 -0.27699218 -0.27699218
 -0.27699218 -0.27699218 -0.27699218 -0.27699218 -0.27699218]",[0.0003475845210175188]
2,"[-0.2545618  -0.2545618  -0.2545618   0.04421813 -0.2545618  -0.2545618
 -0.2545618  -0.2545618  -0.2545618  -0.2545618  -0.2545618  -0.2545618
 -0.2545618  -0.2545618  -0.2545618  -0.2545618   1.20301008 -0.2545618
 -0.2545618  -0.2545618  -0.2545618  -0.2545618  -0.2545618  -0.2545618
 -0.2545618  -0.2545618  -0.2545618  -0.2545618   1.6623421  -0.2545618
 -0.2545618  -0.2545618  -0.2545618  -0.2545618  -0.2545618  -0.2545618
 -0.2545618  -0.2545618  -0.2545618  -0.2545618   5.90047929 -0.2545618
 -0.2545618  -0.2545618  -0.2545618  -0.2545618  -0.2545618  -0.2545618
 -0.2545618  -0.2545618  -0.2545618  -0.2545618  -0.2545618   0.24888592
 -0.0422676  -0.2545618   0.26494282 -0.2545618  -0.2545618  -0.2545618
 -0.2545618  -0.2545618  -0.2545618  -0.2545618  -0.2545618  -0.2545618
 -0.2545618  -0.2545618  -0.2545618  -0.2545618  -0.2545618  -0.2545618
 -0.2545618  -0.2545618  -0.2545618  -0.2545618  -0.2545618  -0.2545618
 -0.2545618  -0.2545618  -0.2545618  -0.2545618  -0.2545618  -0.2545618
 -0.2545618  -0.2545618  -0.2545618  -0.2545618   3.03470105 -0.2545618
 -0.2545618   5.07943628 -0.2545618  -0.2545618   4.52428721 -0.2545618
 -0.2545618  -0.2545618  -0.2545618  -0.2545618   4.02846376 -0.2545618
  3.89890561 -0.17016459  4.34105363 -0.2545618   4.59984498 -0.2545618
 -0.2545618  -0.2545618  -0.2545618  -0.2545618  -0.2545618  -0.2545618
 -0.2545618  -0.2545618  -0.2545618  -0.2545618  -0.2545618  -0.2545618
 -0.2545618  -0.2545618  -0.2545618  -0.2545618  -0.2545618  -0.2545618
 -0.2545618  -0.2545618  -0.2545618  -0.2545618  -0.2545618  -0.2545618
 -0.2545618  -0.2545618  -0.2545618  -0.2545618  -0.2545618  -0.2545618
 -0.2545618  -0.2545618  -0.2545618  -0.2545618  -0.2545618  -0.2545618
 -0.2545618  -0.2545618  -0.2545618  -0.2545618  -0.2545618  -0.2545618
 -0.2545618   1.083865   -0.2545618  -0.2545618  -0.2545618  -0.2545618
 -0.2545618  -0.2545618  -0.2545618  -0.2545618  -0.2545618  -0.2545618
  1.12400493 -0.2545618  -0.2545618  -0.2545618  -0.2545618  -0.2545618
 -0.2545618   0.15844071 -0.2545618  -0.2545618  -0.2545618  -0.2545618
 -0.2545618  -0.2545618  -0.2545618  -0.2545618  -0.2545618 ]",[0.05991622209792136]
2,"[-0.19079239 -0.19079239 -0.19079239 -0.19079239 -0.19079239 -0.19079239
 -0.19079239 -0.19079239 -0.19079239 -0.19079239 -0.19079239 -0.19079239
 -0.19079239 -0.19079239 -0.19079239 -0.19079239 -0.19079239 -0.19079239
 -0.19079239 -0.19079239 -0.19079239 -0.19079239 -0.19079239 -0.19079239
 -0.19079239 -0.19079239 -0.19079239 -0.19079239 -0.19079239 -0.19079239
 -0.19079239 -0.19079239 -0.19079239 -0.19079239 -0.19079239 -0.19079239
 -0.19079239 -0.19079239 -0.19079239 -0.19079239  2.73590682 -0.19079239
 -0.19079239 -0.19079239 -0.19079239 -0.19079239 -0.19079239 -0.19079239
 -0.19079239 -0.19079239 -0.19079239 -0.19079239 -0.19079239  6.39783848
 -0.19079239 -0.19079239 -0.19079239 -0.19079239 -0.19079239 -0.19079239
 -0.19079239 -0.19079239 -0.19079239 -0.19079239 -0.19079239 -0.19079239
 -0.19079239 -0.19079239 -0.19079239 -0.19079239 -0.19079239 -0.19079239
 -0.19079239 -0.19079239 -0.19079239 -0.19079239 -0.19079239 -0.19079239
 -0.19079239 -0.19079239 -0.19079239 -0.19079239 -0.19079239 -0.19079239
 -0.19079239 -0.19079239 -0.19079239 -0.19079239  2.8194678  -0.19079239
 -0.19079239 -0.19079239 -0.19079239 -0.19079239  0.59043372 -0.19079239
 -0.19079239 -0.19079239 -0.19079239 -0.19079239 -0.03756233 -0.19079239
 -0.19079239 -0.15001584  5.45904461  4.75006007 -0.19079239 -0.19079239
 -0.19079239 -0.19079239 -0.19079239 -0.19079239 -0.19079239 -0.19079239
 -0.19079239 -0.19079239 -0.19079239 -0.19079239 -0.19079239 -0.19079239
 -0.19079239 -0.19079239 -0.19079239 -0.19079239 -0.19079239 -0.19079239
 -0.19079239 -0.19079239 -0.19079239 -0.19079239 -0.19079239 -0.19079239
 -0.19079239 -0.19079239 -0.19079239 -0.19079239 -0.19079239 -0.19079239
 -0.19079239 -0.19079239 -0.19079239 -0.19079239 -0.19079239 -0.19079239
 -0.19079239 -0.19079239 -0.19079239 -0.19079239  1.93201741 -0.19079239
 -0.19079239 -0.19079239 -0.19079239 -0.19079239 -0.19079239 -0.19079239
 -0.19079239 -0.19079239 -0.19079239 -0.19079239 -0.19079239 -0.19079239
  7.74672361 -0.19079239 -0.19079239 -0.19079239 -0.19079239 -0.19079239
 -0.19079239 -0.19079239 -0.19079239 -0.19079239 -0.19079239 -0.19079239
 -0.19079239 -0.19079239 -0.19079239 -0.19079239 -0.19079239]",[-0.003946717223829943]
2,"[-0.28652933 -0.28652933 -0.28652933 -0.28652933 -0.28652933 -0.28652933
 -0.28652933 -0.28652933 -0.28652933 -0.28652933 -0.28652933 -0.28652933
 -0.28652933 -0.28652933 -0.28652933 -0.28652933  0.69511513 -0.28652933
 -0.28652933 -0.28652933 -0.28652933 -0.28652933 -0.28652933 -0.28652933
 -0.28652933 -0.28652933 -0.28652933 -0.28652933  3.89225412 -0.28652933
 -0.28652933 -0.28652933 -0.28652933 -0.28652933 -0.28652933 -0.28652933
 -0.28652933 -0.28652933 -0.28652933 -0.28652933  6.37570479  0.91323958
 -0.28652933 -0.28652933 -0.28652933 -0.28652933 -0.28652933 -0.28652933
 -0.28652933 -0.28652933 -0.28652933 -0.28652933 -0.28652933  3.95751969
 -0.28652933 -0.28652933  0.91949548 -0.28652933 -0.28652933 -0.28652933
 -0.28652933 -0.28652933 -0.28652933 -0.28652933 -0.28652933 -0.28652933
 -0.28652933 -0.28652933 -0.28652933 -0.28652933 -0.28652933 -0.28652933
 -0.28652933 -0.28652933 -0.28652933 -0.28652933 -0.28652933 -0.28652933
 -0.28652933 -0.28652933 -0.28652933 -0.28652933 -0.28652933  2.08929717
 -0.28652933 -0.28652933 -0.28652933 -0.28652933  2.69091051  3.60216925
 -0.28652933  3.99247764 -0.28652933 -0.28652933 -0.03355599 -0.28652933
 -0.28652933 -0.28652933 -0.28652933 -0.28652933  1.70574205 -0.28652933
 -0.28652933  2.12238207  0.38186323 -0.28652933  1.99319296 -0.28652933
 -0.28652933 -0.28652933 -0.28652933 -0.28652933 -0.28652933 -0.28652933
 -0.28652933 -0.28652933 -0.28652933 -0.28652933 -0.28652933 -0.28652933
 -0.28652933 -0.28652933 -0.28652933 -0.28652933 -0.28652933 -0.28652933
 -0.28652933 -0.28652933 -0.28652933 -0.28652933 -0.28652933 -0.28652933
 -0.28652933 -0.28652933 -0.28652933 -0.28652933 -0.28652933 -0.28652933
 -0.28652933  3.59203209 -0.28652933 -0.28652933 -0.28652933 -0.28652933
 -0.28652933 -0.28652933 -0.28652933 -0.28652933 -0.28652933 -0.28652933
 -0.28652933 -0.28652933 -0.28652933 -0.28652933 -0.28652933 -0.28652933
 -0.28652933 -0.28652933 -0.28652933 -0.28652933 -0.28652933 -0.28652933
  4.32111123 -0.28652933 -0.28652933 -0.28652933 -0.28652933  2.92027175
 -0.28652933 -0.28652933 -0.28652933 -0.28652933 -0.28652933 -0.28652933
 -0.28652933 -0.28652933 -0.28652933 -0.28652933 -0.28652933]",[0.03654835416044386]
2,"[-0.17052467 -0.17052467 -0.17052467 -0.17052467 -0.17052467 -0.17052467
 -0.17052467 -0.17052467 -0.17052467 -0.17052467 -0.17052467 -0.17052467
 -0.17052467 -0.17052467 -0.17052467 -0.17052467 -0.17052467 -0.17052467
 -0.17052467 -0.17052467 -0.17052467 -0.17052467 -0.17052467 -0.17052467
 -0.17052467 -0.17052467 -0.17052467 -0.17052467 -0.17052467 -0.17052467
 -0.17052467 -0.17052467 -0.17052467 -0.17052467 -0.17052467 -0.17052467
 -0.17052467 -0.17052467 -0.17052467 -0.17052467  2.26608147 -0.17052467
 -0.17052467 -0.17052467 -0.17052467 -0.17052467 -0.17052467 -0.17052467
 -0.17052467 -0.17052467 -0.17052467 -0.17052467 -0.17052467  6.30961736
 -0.04253893 -0.17052467 -0.17052467 -0.17052467 -0.17052467 -0.17052467
 -0.17052467 -0.17052467 -0.17052467 -0.17052467 -0.17052467 -0.17052467
 -0.17052467 -0.17052467 -0.17052467 -0.17052467 -0.17052467 -0.17052467
 -0.17052467 -0.17052467 -0.17052467 -0.17052467 -0.17052467 -0.17052467
 -0.17052467 -0.17052467 -0.17052467 -0.17052467 -0.17052467 -0.17052467
 -0.17052467 -0.17052467 -0.17052467 -0.17052467 -0.17052467 -0.17052467
 -0.17052467  1.17490246 -0.17052467 -0.17052467  7.28453469 -0.17052467
 -0.17052467 -0.17052467 -0.17052467 -0.17052467 -0.04614667 -0.17052467
 -0.17052467 -0.12823798 -0.17052467 -0.17052467  0.93835159 -0.17052467
 -0.17052467 -0.17052467 -0.17052467 -0.17052467 -0.17052467 -0.17052467
 -0.17052467 -0.17052467 -0.17052467 -0.17052467 -0.17052467 -0.17052467
 -0.17052467 -0.17052467 -0.17052467 -0.17052467 -0.17052467 -0.17052467
 -0.17052467 -0.17052467 -0.17052467 -0.17052467 -0.17052467 -0.17052467
 -0.17052467 -0.17052467 -0.17052467 -0.17052467 -0.17052467 -0.17052467
 -0.17052467 -0.17052467 -0.17052467 -0.17052467 -0.17052467 -0.17052467
 -0.17052467 -0.17052467 -0.17052467 -0.17052467 -0.17052467 -0.17052467
 -0.17052467 -0.17052467 -0.17052467 -0.17052467 -0.17052467 -0.17052467
 -0.17052467 -0.17052467 -0.17052467 -0.17052467 -0.17052467 -0.17052467
  8.0418781  -0.17052467 -0.17052467 -0.17052467 -0.17052467  3.02022791
 -0.17052467 -0.17052467 -0.17052467 -0.17052467 -0.17052467 -0.17052467
 -0.17052467 -0.17052467 -0.17052467 -0.17052467 -0.17052467]",[-0.039069236306785354]
2,"[-0.25399028 -0.25399028 -0.25399028 -0.25399028 -0.25399028 -0.25399028
 -0.25399028 -0.25399028 -0.25399028 -0.25399028 -0.25399028 -0.25399028
 -0.25399028 -0.25399028 -0.25399028 -0.25399028  4.10531864 -0.25399028
 -0.25399028 -0.25399028 -0.25399028 -0.25399028 -0.25399028 -0.25399028
 -0.25399028 -0.25399028 -0.25399028 -0.25399028  0.49785257 -0.25399028
 -0.25399028 -0.25399028 -0.25399028 -0.25399028 -0.25399028 -0.25399028
 -0.25399028 -0.25399028 -0.25399028 -0.25399028  0.88974956  0.37619574
 -0.25399028 -0.25399028 -0.25399028 -0.25399028 -0.25399028 -0.25399028
 -0.25399028 -0.25399028 -0.25399028 -0.25399028 -0.25399028 -0.25399028
 -0.25399028 -0.25399028 -0.25399028 -0.25399028 -0.25399028 -0.25399028
 -0.25399028 -0.25399028 -0.25399028 -0.25399028 -0.25399028 -0.25399028
 -0.25399028 -0.25399028 -0.25399028 -0.25399028 -0.25399028 -0.25399028
 -0.25399028 -0.25399028 -0.25399028 -0.25399028 -0.25399028 -0.25399028
 -0.25399028 -0.25399028 -0.25399028 -0.25399028 -0.25399028 -0.25399028
 -0.25399028 -0.25399028 -0.25399028 -0.25399028  2.37354295 -0.25399028
 -0.25399028  4.34472362 -0.25399028 -0.25399028  4.11594417 -0.25399028
 -0.25399028 -0.25399028 -0.25399028 -0.25399028  3.16296632 -0.25399028
  3.3318934  -0.08364038  5.18488416 -0.25399028  5.05638894  1.45627457
 -0.25399028 -0.25399028 -0.25399028 -0.25399028 -0.25399028 -0.25399028
 -0.25399028 -0.25399028 -0.25399028 -0.25399028 -0.25399028 -0.25399028
 -0.25399028 -0.25399028 -0.25399028 -0.25399028 -0.25399028 -0.25399028
 -0.25399028 -0.25399028 -0.25399028 -0.25399028 -0.25399028 -0.25399028
 -0.25399028 -0.25399028 -0.25399028 -0.25399028 -0.25399028 -0.25399028
 -0.25399028 -0.25399028 -0.25399028 -0.25399028 -0.25399028 -0.25399028
 -0.25399028 -0.25399028 -0.25399028 -0.25399028 -0.25399028 -0.25399028
 -0.25399028 -0.25399028 -0.25399028 -0.25399028 -0.25399028 -0.25399028
 -0.25399028 -0.25399028 -0.25399028 -0.25399028 -0.25399028 -0.25399028
  5.63947442 -0.25399028 -0.25399028 -0.25399028 -0.25399028  1.20283765
 -0.25399028 -0.25399028 -0.25399028 -0.25399028 -0.25399028 -0.25399028
 -0.25399028 -0.25399028 -0.25399028 -0.25399028 -0.25399028]",[-0.014805865843528554]
2,"[-0.30515267 -0.30515267 -0.30515267 -0.18040097 -0.30515267 -0.30515267
 -0.30515267 -0.30515267 -0.30515267 -0.30515267 -0.30515267 -0.30515267
 -0.30515267 -0.30515267 -0.30515267 -0.30515267 -0.30515267 -0.30515267
 -0.30515267 -0.30515267 -0.30515267 -0.30515267 -0.30515267 -0.30515267
 -0.30515267 -0.30515267 -0.30515267 -0.30515267  4.19880771 -0.30515267
 -0.30515267 -0.30515267 -0.30515267 -0.30515267 -0.30515267 -0.30515267
 -0.30515267 -0.30515267 -0.30515267 -0.30515267  3.91963949 -0.30515267
 -0.30515267 -0.30515267 -0.30515267 -0.30515267 -0.30515267 -0.30515267
 -0.30515267 -0.30515267 -0.30515267 -0.30515267 -0.30515267  0.16245799
 -0.30515267 -0.30515267 -0.30515267 -0.30515267 -0.30515267  0.40413738
 -0.30515267 -0.30515267 -0.30515267 -0.30515267 -0.30515267 -0.30515267
 -0.30515267 -0.30515267 -0.30515267 -0.30515267 -0.30515267 -0.30515267
 -0.30515267 -0.30515267 -0.30515267 -0.30515267 -0.30515267  2.6676399
 -0.30515267 -0.30515267 -0.30515267 -0.30515267 -0.30515267  2.40696824
 -0.30515267 -0.30515267  2.05095104  4.52487294 -0.30515267 -0.30515267
 -0.30515267  5.06936362 -0.30515267 -0.25456187  0.18722594 -0.14008664
 -0.30515267  0.95421733 -0.30515267 -0.30515267  0.74207744 -0.30515267
 -0.30515267 -0.30515267 -0.30515267 -0.30515267  0.85233239 -0.30515267
 -0.30515267 -0.30515267 -0.30515267 -0.30515267 -0.30515267 -0.30515267
  0.0846245  -0.30515267 -0.30515267 -0.30515267 -0.30515267 -0.30515267
 -0.30515267  0.29853416 -0.30515267  3.6482215  -0.30515267 -0.30515267
 -0.30515267 -0.30515267 -0.30515267 -0.30515267 -0.30515267 -0.05327348
 -0.30515267 -0.30515267  1.24244354  1.05460205 -0.30515267 -0.30515267
 -0.30515267 -0.30515267 -0.30515267 -0.30515267 -0.30515267 -0.30515267
 -0.30515267 -0.30515267 -0.30515267 -0.30515267 -0.30515267 -0.30515267
 -0.30515267  0.70516882 -0.30515267 -0.30515267 -0.30515267 -0.30515267
 -0.30515267 -0.30515267 -0.30515267 -0.30515267 -0.30515267 -0.30515267
  1.10745585 -0.30515267 -0.30515267 -0.30515267 -0.30515267 -0.30515267
  4.68908234  5.02199813  1.01870617 -0.30515267 -0.30515267 -0.30515267
 -0.30515267 -0.30515267 -0.30515267 -0.30515267 -0.30515267]",[-3.8352796756969894]
2,"[-0.24319718 -0.24319718 -0.24319718 -0.24319718 -0.24319718 -0.24319718
 -0.24319718 -0.24319718 -0.24319718 -0.24319718 -0.24319718 -0.24319718
 -0.24319718 -0.24319718 -0.24319718 -0.24319718 -0.24319718 -0.24319718
 -0.24319718 -0.24319718 -0.24319718 -0.24319718 -0.24319718 -0.24319718
 -0.24319718 -0.24319718 -0.24319718 -0.24319718  0.80122804 -0.24319718
 -0.24319718 -0.24319718 -0.24319718 -0.24319718 -0.24319718 -0.24319718
 -0.24319718 -0.24319718 -0.24319718 -0.24319718  6.40867749  2.65583968
 -0.24319718 -0.24319718 -0.24319718 -0.24319718 -0.24319718 -0.24319718
 -0.24319718 -0.24319718 -0.24319718 -0.24319718 -0.24319718  5.45020003
  4.14112742 -0.24319718  3.68619983 -0.24319718 -0.24319718 -0.24319718
 -0.24319718 -0.24319718 -0.24319718 -0.24319718 -0.24319718 -0.24319718
 -0.24319718 -0.24319718 -0.24319718 -0.24319718 -0.24319718 -0.24319718
 -0.24319718 -0.24319718 -0.24319718 -0.24319718 -0.24319718 -0.24319718
 -0.24319718 -0.24319718 -0.24319718 -0.24319718 -0.24319718 -0.24319718
 -0.24319718 -0.24319718 -0.24319718 -0.24319718  3.01858929 -0.24319718
 -0.24319718 -0.24319718 -0.24319718 -0.24319718  0.39552503  0.69416927
 -0.24319718 -0.24319718 -0.24319718 -0.24319718 -0.1179179  -0.24319718
 -0.24319718 -0.24319718  0.91705245 -0.24319718  3.71382137 -0.24319718
 -0.24319718 -0.24319718 -0.24319718 -0.24319718 -0.24319718 -0.24319718
 -0.24319718 -0.24319718 -0.24319718 -0.24319718 -0.24319718 -0.24319718
 -0.24319718 -0.24319718 -0.24319718 -0.24319718 -0.24319718 -0.24319718
 -0.24319718 -0.24319718 -0.24319718 -0.24319718 -0.24319718 -0.24319718
 -0.24319718 -0.24319718 -0.24319718 -0.24319718 -0.24319718 -0.24319718
 -0.24319718 -0.24319718 -0.24319718 -0.24319718 -0.24319718 -0.24319718
 -0.24319718 -0.24319718 -0.24319718 -0.24319718  3.60479874 -0.24319718
 -0.24319718 -0.24319718 -0.24319718 -0.24319718 -0.24319718 -0.24319718
 -0.24319718 -0.24319718 -0.24319718 -0.24319718 -0.24319718 -0.24319718
  4.75822319 -0.24319718 -0.24319718 -0.24319718 -0.24319718 -0.24319718
 -0.24319718 -0.24319718 -0.24319718 -0.24319718 -0.24319718 -0.24319718
 -0.24319718 -0.24319718 -0.24319718 -0.24319718 -0.24319718]",[0.015971808129962045]
2,"[-0.27155977 -0.27155977 -0.27155977 -0.07299288 -0.27155977 -0.27155977
 -0.27155977 -0.27155977 -0.27155977 -0.27155977 -0.27155977 -0.27155977
 -0.27155977 -0.27155977 -0.27155977 -0.27155977  2.93510748 -0.27155977
 -0.27155977 -0.27155977  0.76598698 -0.27155977 -0.27155977 -0.27155977
 -0.27155977 -0.27155977 -0.27155977 -0.27155977 -0.27155977 -0.27155977
 -0.27155977 -0.27155977 -0.27155977 -0.27155977 -0.27155977 -0.27155977
 -0.27155977 -0.27155977 -0.27155977 -0.27155977 -0.27155977 -0.27155977
 -0.27155977 -0.27155977 -0.27155977 -0.27155977 -0.27155977 -0.27155977
 -0.27155977 -0.27155977  1.33242366 -0.27155977 -0.27155977 -0.27155977
  4.67760485  4.97377556 -0.27155977 -0.27155977 -0.27155977 -0.27155977
 -0.27155977 -0.27155977 -0.27155977 -0.27155977 -0.27155977 -0.27155977
 -0.27155977 -0.27155977 -0.27155977 -0.27155977 -0.27155977 -0.27155977
  2.14965115 -0.27155977 -0.27155977 -0.27155977 -0.27155977 -0.27155977
 -0.27155977 -0.27155977 -0.27155977 -0.27155977 -0.27155977  0.62154565
 -0.27155977 -0.27155977 -0.27155977 -0.27155977 -0.27155977 -0.27155977
 -0.27155977 -0.27155977 -0.27155977  3.47103031 -0.27155977  4.56537349
 -0.27155977 -0.27155977  2.74172983  1.05751125 -0.15421029  2.02735538
 -0.27155977 -0.27155977 -0.27155977 -0.27155977  3.70189189  3.4222902
 -0.27155977 -0.27155977 -0.27155977 -0.27155977 -0.27155977 -0.27155977
 -0.27155977 -0.27155977 -0.27155977 -0.27155977 -0.27155977 -0.27155977
 -0.27155977 -0.27155977 -0.27155977 -0.27155977 -0.27155977 -0.27155977
 -0.27155977 -0.27155977 -0.27155977 -0.27155977 -0.27155977 -0.27155977
 -0.27155977 -0.27155977 -0.27155977 -0.27155977 -0.27155977 -0.27155977
 -0.27155977 -0.27155977 -0.27155977 -0.27155977 -0.27155977 -0.27155977
 -0.27155977 -0.27155977 -0.27155977 -0.27155977 -0.27155977 -0.27155977
 -0.27155977  5.77660897 -0.27155977 -0.27155977 -0.27155977 -0.27155977
 -0.27155977 -0.27155977 -0.27155977 -0.27155977 -0.27155977 -0.27155977
 -0.27155977 -0.27155977 -0.27155977 -0.27155977 -0.27155977 -0.27155977
 -0.27155977 -0.27155977 -0.27155977 -0.27155977 -0.27155977 -0.27155977
 -0.27155977 -0.27155977 -0.27155977 -0.27155977 -0.27155977]",[0.017147145334173552]
2,"[-0.24144252 -0.24144252 -0.24144252 -0.18792724 -0.24144252 -0.24144252
 -0.24144252 -0.24144252 -0.24144252 -0.24144252 -0.24144252 -0.24144252
 -0.24144252 -0.24144252 -0.24144252 -0.24144252  1.08661405 -0.24144252
 -0.24144252 -0.24144252 -0.24144252 -0.24144252 -0.24144252 -0.24144252
 -0.24144252 -0.24144252 -0.24144252 -0.24144252 -0.24144252 -0.24144252
 -0.24144252 -0.24144252 -0.24144252 -0.24144252 -0.24144252 -0.24144252
 -0.24144252 -0.24144252 -0.24144252 -0.24144252  7.52194529  1.17916944
 -0.24144252 -0.24144252 -0.24144252 -0.24144252 -0.24144252 -0.24144252
 -0.24144252 -0.24144252 -0.24144252 -0.24144252 -0.24144252  0.32704812
 -0.24144252 -0.24144252 -0.24144252 -0.24144252 -0.24144252 -0.24144252
 -0.24144252 -0.24144252 -0.24144252 -0.24144252 -0.24144252 -0.24144252
 -0.24144252 -0.24144252 -0.24144252 -0.24144252 -0.24144252 -0.24144252
 -0.24144252 -0.24144252 -0.24144252 -0.24144252 -0.24144252 -0.24144252
 -0.24144252 -0.24144252 -0.24144252 -0.24144252 -0.24144252 -0.24144252
 -0.24144252 -0.24144252 -0.24144252 -0.24144252  1.86669813  1.75424322
 -0.24144252  3.41631325 -0.24144252 -0.24144252  5.71373829 -0.24144252
 -0.24144252 -0.24144252 -0.24144252 -0.24144252  2.43627832 -0.24144252
  3.79909938  0.99337741 -0.24144252 -0.24144252  2.58304685 -0.24144252
 -0.24144252 -0.24144252 -0.24144252 -0.24144252 -0.24144252 -0.24144252
 -0.24144252 -0.24144252 -0.24144252 -0.24144252 -0.24144252 -0.24144252
 -0.24144252 -0.24144252 -0.24144252 -0.24144252 -0.24144252 -0.24144252
 -0.24144252 -0.24144252 -0.24144252 -0.24144252 -0.24144252 -0.24144252
 -0.24144252 -0.24144252 -0.24144252 -0.24144252 -0.24144252 -0.24144252
 -0.24144252 -0.24144252 -0.24144252 -0.24144252 -0.24144252 -0.24144252
 -0.24144252 -0.24144252 -0.24144252 -0.24144252 -0.24144252 -0.24144252
 -0.24144252 -0.24144252 -0.24144252 -0.24144252 -0.24144252 -0.24144252
 -0.24144252 -0.24144252 -0.24144252 -0.24144252 -0.24144252 -0.24144252
  5.28333531 -0.24144252 -0.24144252 -0.24144252 -0.24144252  1.82359327
 -0.24144252 -0.24144252 -0.24144252 -0.24144252 -0.24144252 -0.24144252
 -0.24144252 -0.24144252 -0.24144252 -0.24144252 -0.24144252]",[-0.002773024021927084]
2,"[-0.2548639  -0.2548639  -0.2548639  -0.2548639  -0.2548639  -0.2548639
 -0.2548639  -0.2548639  -0.2548639  -0.2548639  -0.2548639  -0.2548639
 -0.2548639  -0.2548639  -0.2548639  -0.2548639   0.73170198 -0.2548639
 -0.2548639  -0.2548639  -0.2548639  -0.2548639  -0.2548639  -0.2548639
 -0.2548639  -0.2548639  -0.2548639  -0.2548639  -0.2548639  -0.2548639
 -0.2548639  -0.2548639  -0.2548639  -0.2548639  -0.2548639  -0.2548639
 -0.2548639  -0.2548639  -0.2548639  -0.2548639   4.23225763 -0.2548639
 -0.2548639  -0.2548639  -0.2548639  -0.2548639  -0.2548639  -0.2548639
 -0.2548639  -0.2548639  -0.2548639  -0.2548639  -0.2548639   6.07958659
  0.08497624 -0.2548639  -0.2548639  -0.2548639  -0.2548639  -0.2548639
 -0.2548639  -0.2548639  -0.2548639  -0.2548639  -0.2548639  -0.2548639
 -0.2548639  -0.2548639  -0.2548639  -0.2548639  -0.2548639  -0.2548639
  0.12856045 -0.2548639  -0.2548639  -0.2548639  -0.2548639   1.86107294
 -0.2548639  -0.2548639  -0.2548639  -0.2548639  -0.2548639   1.86107294
 -0.2548639  -0.2548639  -0.2548639  -0.2548639  -0.2548639   4.23522249
 -0.2548639   3.74214491 -0.2548639  -0.2548639   3.88128678 -0.2548639
 -0.2548639  -0.2548639  -0.2548639  -0.2548639   0.82054087 -0.2548639
  1.20514188 -0.16014419  2.15236629 -0.2548639   2.58007082 -0.2548639
 -0.2548639  -0.2548639  -0.2548639  -0.2548639  -0.2548639  -0.2548639
 -0.2548639  -0.2548639  -0.2548639  -0.2548639  -0.2548639  -0.2548639
 -0.2548639  -0.2548639  -0.2548639  -0.2548639  -0.2548639  -0.2548639
 -0.2548639  -0.2548639  -0.2548639  -0.2548639  -0.2548639  -0.2548639
 -0.2548639  -0.2548639  -0.2548639  -0.2548639  -0.2548639  -0.2548639
 -0.2548639  -0.2548639  -0.2548639  -0.2548639  -0.2548639  -0.2548639
 -0.2548639  -0.2548639  -0.2548639  -0.2548639  -0.2548639  -0.2548639
 -0.2548639  -0.2548639  -0.2548639  -0.2548639  -0.2548639  -0.2548639
 -0.2548639  -0.2548639  -0.2548639  -0.2548639  -0.2548639  -0.2548639
  6.65037356 -0.2548639  -0.2548639  -0.2548639  -0.2548639   1.20172034
 -0.2548639  -0.2548639  -0.2548639  -0.2548639  -0.2548639  -0.2548639
 -0.2548639  -0.2548639  -0.2548639  -0.2548639  -0.2548639 ]",[0.05883958407890355]
2,"[-0.17809473 -0.17809473 -0.17809473 -0.17809473 -0.17809473 -0.17809473
 -0.17809473 -0.17809473 -0.17809473 -0.17809473 -0.17809473 -0.17809473
 -0.17809473 -0.17809473 -0.17809473 -0.17809473 -0.17809473 -0.17809473
 -0.17809473 -0.17809473 -0.17809473 -0.17809473 -0.17809473 -0.17809473
 -0.17809473 -0.17809473 -0.17809473 -0.17809473 -0.17809473 -0.17809473
 -0.17809473 -0.17809473 -0.17809473 -0.17809473 -0.17809473 -0.17809473
 -0.17809473 -0.17809473 -0.17809473 -0.17809473  1.92408182 -0.17809473
 -0.17809473 -0.17809473 -0.17809473 -0.17809473 -0.17809473 -0.17809473
 -0.17809473 -0.17809473 -0.17809473 -0.17809473 -0.17809473  0.6217198
 -0.17809473 -0.17809473 -0.17809473 -0.17809473 -0.17809473 -0.17809473
 -0.17809473 -0.17809473 -0.17809473 -0.17809473 -0.17809473 -0.17809473
 -0.17809473 -0.17809473 -0.17809473 -0.17809473 -0.17809473 -0.17809473
 -0.17809473 -0.17809473 -0.17809473 -0.17809473 -0.17809473 -0.17809473
 -0.17809473 -0.17809473 -0.17809473 -0.17809473 -0.17809473 -0.17809473
 -0.17809473 -0.17809473 -0.17809473 -0.17809473  5.2545517  -0.17809473
 -0.17809473  4.9472835  -0.17809473 -0.17809473 -0.17809473 -0.01912247
 -0.17809473 -0.17809473 -0.17809473 -0.17809473 -0.13949291 -0.17809473
 -0.17809473 -0.17809473 -0.17809473 -0.17809473  6.41152261 -0.17809473
 -0.17809473 -0.17809473 -0.17809473 -0.17809473 -0.17809473 -0.17809473
 -0.17809473 -0.17809473 -0.17809473 -0.17809473 -0.17809473 -0.17809473
 -0.17809473 -0.17809473 -0.17809473 -0.17809473 -0.17809473 -0.17809473
 -0.17809473 -0.17809473 -0.17809473 -0.17809473 -0.17809473 -0.17809473
 -0.17809473 -0.17809473 -0.17809473 -0.17809473 -0.17809473 -0.17809473
 -0.17809473 -0.17809473 -0.17809473 -0.17809473 -0.17809473 -0.17809473
 -0.17809473 -0.17809473 -0.17809473 -0.17809473 -0.17809473 -0.17809473
 -0.17809473 -0.17809473 -0.17809473 -0.17809473 -0.17809473 -0.17809473
 -0.17809473 -0.17809473 -0.17809473 -0.17809473 -0.17809473 -0.17809473
  8.16135484 -0.17809473 -0.17809473 -0.17809473 -0.17809473  3.11420497
 -0.17809473 -0.17809473 -0.17809473 -0.17809473 -0.17809473 -0.17809473
 -0.17809473 -0.17809473 -0.17809473 -0.17809473 -0.17809473]",[-0.0691189417635091]
2,"[-0.28480433 -0.28480433 -0.28480433 -0.28480433 -0.28480433 -0.28480433
 -0.28480433 -0.28480433 -0.28480433 -0.28480433 -0.28480433 -0.28480433
 -0.28480433 -0.28480433 -0.28480433 -0.28480433  2.49460088 -0.28480433
 -0.28480433 -0.28480433  0.30203495 -0.28480433 -0.28480433 -0.28480433
 -0.28480433 -0.28480433 -0.28480433 -0.28480433 -0.28480433 -0.28480433
 -0.28480433 -0.28480433 -0.28480433 -0.28480433 -0.28480433 -0.28480433
 -0.28480433 -0.28480433 -0.28480433 -0.28480433  5.45486707  2.00529784
 -0.28480433 -0.28480433 -0.28480433 -0.28480433 -0.28480433 -0.28480433
 -0.28480433 -0.28480433 -0.28480433 -0.28480433 -0.28480433  0.34834235
  4.60111035  0.68163881 -0.28480433 -0.28480433 -0.28480433 -0.28480433
 -0.28480433 -0.28480433 -0.28480433 -0.28480433 -0.28480433 -0.28480433
 -0.28480433 -0.28480433 -0.28480433 -0.28480433 -0.28480433 -0.28480433
 -0.28480433 -0.28480433 -0.28480433 -0.28480433 -0.28480433 -0.28480433
 -0.28480433 -0.28480433 -0.28480433 -0.28480433 -0.28480433  1.30684727
 -0.28480433 -0.28480433 -0.28480433  2.6091955  -0.28480433 -0.28480433
 -0.28480433  3.4937293  -0.28480433 -0.28480433  4.71123225 -0.16865131
 -0.28480433 -0.28480433 -0.28480433 -0.28480433  1.95746845 -0.28480433
 -0.28480433 -0.28480433 -0.28480433 -0.28480433  3.31398159 -0.28480433
 -0.28480433 -0.28480433 -0.28480433 -0.28480433 -0.28480433 -0.28480433
 -0.28480433 -0.28480433 -0.28480433 -0.28480433 -0.28480433 -0.28480433
 -0.28480433 -0.28480433 -0.28480433 -0.28480433 -0.28480433 -0.28480433
 -0.28480433 -0.28480433 -0.28480433 -0.28480433 -0.28480433 -0.28480433
 -0.28480433 -0.28480433 -0.28480433 -0.28480433 -0.28480433 -0.28480433
 -0.28480433 -0.28480433 -0.28480433 -0.28480433 -0.28480433 -0.28480433
 -0.28480433 -0.28480433 -0.28480433 -0.28480433  3.01677418 -0.28480433
 -0.28480433  1.3180891  -0.28480433 -0.28480433 -0.28480433 -0.28480433
 -0.28480433 -0.28480433 -0.28480433 -0.28480433 -0.28480433 -0.28480433
  4.48337143 -0.28480433 -0.28480433 -0.28480433 -0.28480433  3.9235664
 -0.28480433 -0.28480433 -0.28480433 -0.28480433 -0.28480433 -0.28480433
 -0.28480433 -0.28480433 -0.28480433 -0.28480433 -0.28480433]",[-0.006638720105434481]
2,"[-0.22825306 -0.22825306 -0.22825306 -0.22825306 -0.22825306 -0.22825306
 -0.22825306 -0.22825306 -0.22825306 -0.22825306 -0.22825306 -0.22825306
 -0.22825306 -0.22825306 -0.22825306 -0.22825306  1.17284073 -0.22825306
 -0.22825306 -0.22825306 -0.22825306 -0.22825306 -0.22825306 -0.22825306
 -0.22825306 -0.22825306 -0.22825306 -0.22825306 -0.22825306 -0.22825306
 -0.22825306 -0.22825306 -0.22825306 -0.22825306 -0.22825306 -0.22825306
 -0.22825306 -0.22825306 -0.22825306 -0.22825306  7.82924767  0.01167214
 -0.22825306 -0.22825306 -0.22825306 -0.22825306 -0.22825306 -0.22825306
 -0.22825306 -0.22825306 -0.22825306 -0.22825306 -0.22825306  5.94821185
  4.22322746 -0.22825306  0.49237731 -0.22825306 -0.22825306 -0.22825306
 -0.22825306 -0.22825306 -0.22825306 -0.22825306 -0.22825306 -0.22825306
 -0.22825306 -0.22825306 -0.22825306 -0.22825306 -0.22825306 -0.22825306
 -0.22825306 -0.22825306 -0.22825306 -0.22825306 -0.22825306 -0.22825306
 -0.22825306 -0.22825306 -0.22825306 -0.22825306 -0.22825306 -0.22825306
 -0.22825306 -0.22825306 -0.22825306 -0.22825306  2.89466168  2.63069319
 -0.22825306 -0.22825306 -0.22825306 -0.22825306  0.45593758  0.02410414
 -0.22825306 -0.22825306 -0.22825306 -0.22825306  1.84559684 -0.22825306
 -0.22825306 -0.08321456 -0.04882134  1.54792424  0.26135888 -0.22825306
 -0.22825306 -0.22825306 -0.22825306 -0.22825306 -0.22825306 -0.22825306
 -0.22825306 -0.22825306 -0.22825306 -0.22825306 -0.22825306 -0.22825306
 -0.22825306 -0.22825306 -0.22825306 -0.22825306 -0.22825306 -0.22825306
 -0.22825306 -0.22825306 -0.22825306 -0.22825306 -0.22825306 -0.22825306
 -0.22825306 -0.22825306 -0.22825306 -0.22825306 -0.22825306 -0.22825306
 -0.22825306 -0.22825306 -0.22825306 -0.22825306 -0.22825306 -0.22825306
 -0.22825306 -0.22825306 -0.22825306 -0.22825306  2.69307426 -0.22825306
 -0.22825306 -0.22825306 -0.22825306 -0.22825306 -0.22825306 -0.22825306
 -0.22825306 -0.22825306 -0.22825306 -0.22825306 -0.22825306 -0.22825306
  5.07810315 -0.22825306 -0.22825306 -0.22825306 -0.22825306 -0.22825306
 -0.22825306 -0.22825306 -0.22825306 -0.22825306 -0.22825306 -0.22825306
 -0.22825306 -0.22825306 -0.22825306 -0.22825306 -0.22825306]",[-0.053212795777876104]
2,"[-0.26708627 -0.26708627 -0.26708627 -0.26708627 -0.26708627 -0.26708627
 -0.26708627 -0.26708627 -0.26708627 -0.26708627 -0.26708627 -0.26708627
 -0.26708627 -0.26708627 -0.26708627 -0.26708627  5.58675057 -0.26708627
 -0.26708627 -0.26708627 -0.26708627  1.52689222 -0.26708627 -0.26708627
 -0.26708627 -0.26708627 -0.26708627 -0.26708627 -0.26708627 -0.26708627
 -0.26708627 -0.26708627 -0.26708627 -0.26708627 -0.26708627 -0.26708627
 -0.26708627 -0.26708627 -0.26708627 -0.26708627  1.56586703  3.07656255
 -0.26708627 -0.26708627 -0.26708627 -0.26708627 -0.26708627 -0.26708627
 -0.26708627 -0.26708627 -0.26708627 -0.26708627 -0.26708627  0.97243196
 -0.0139223  -0.26708627 -0.26708627 -0.26708627 -0.26708627 -0.26708627
 -0.26708627 -0.26708627 -0.26708627 -0.26708627 -0.26708627 -0.26708627
 -0.26708627 -0.26708627 -0.26708627 -0.26708627 -0.26708627 -0.26708627
 -0.26708627 -0.26708627 -0.26708627 -0.26708627 -0.26708627 -0.26708627
 -0.26708627 -0.26708627 -0.26708627 -0.26708627 -0.26708627 -0.26708627
 -0.26708627 -0.26708627 -0.26708627 -0.26708627  4.16501108  4.10629796
 -0.26708627  1.47845154 -0.26708627 -0.26708627  4.72193826 -0.26708627
 -0.26708627 -0.26708627 -0.26708627 -0.26708627 -0.11748661 -0.26708627
  3.6237425   3.52873719 -0.26708627 -0.26708627  4.22177577 -0.26708627
 -0.26708627 -0.26708627 -0.26708627 -0.26708627 -0.26708627 -0.26708627
 -0.26708627 -0.26708627 -0.26708627 -0.26708627 -0.26708627 -0.26708627
 -0.26708627 -0.26708627 -0.26708627 -0.26708627 -0.26708627 -0.26708627
 -0.26708627 -0.26708627 -0.26708627 -0.26708627 -0.26708627 -0.26708627
 -0.26708627 -0.26708627 -0.26708627 -0.26708627 -0.26708627 -0.26708627
 -0.26708627 -0.26708627 -0.26708627 -0.26708627 -0.26708627 -0.26708627
 -0.26708627 -0.26708627 -0.26708627 -0.26708627 -0.26708627 -0.26708627
 -0.26708627 -0.26708627 -0.26708627 -0.26708627 -0.26708627 -0.26708627
 -0.26708627 -0.26708627 -0.26708627 -0.26708627 -0.26708627 -0.26708627
  4.2620629  -0.26708627 -0.26708627 -0.26708627 -0.26708627 -0.26708627
  0.82994961 -0.26708627 -0.26708627 -0.26708627 -0.26708627 -0.26708627
 -0.26708627 -0.26708627 -0.26708627 -0.26708627 -0.26708627]",[0.017163233468067557]
2,"[-0.21105151 -0.21105151 -0.21105151 -0.15983809 -0.21105151 -0.21105151
 -0.21105151 -0.21105151 -0.21105151 -0.21105151 -0.21105151 -0.21105151
 -0.21105151 -0.21105151 -0.21105151 -0.21105151 -0.21105151 -0.21105151
 -0.21105151 -0.21105151 -0.21105151 -0.21105151 -0.21105151 -0.21105151
 -0.21105151 -0.21105151 -0.21105151 -0.21105151 -0.21105151 -0.21105151
 -0.21105151 -0.21105151 -0.21105151 -0.21105151 -0.21105151 -0.21105151
 -0.21105151 -0.21105151 -0.21105151 -0.21105151  1.89190091 -0.21105151
 -0.21105151 -0.21105151 -0.21105151 -0.21105151 -0.21105151 -0.21105151
 -0.21105151 -0.21105151 -0.21105151 -0.21105151 -0.21105151  5.74579624
  5.02946823 -0.21105151 -0.21105151 -0.21105151 -0.21105151 -0.21105151
 -0.21105151 -0.21105151 -0.21105151 -0.21105151 -0.21105151 -0.21105151
 -0.21105151 -0.21105151 -0.21105151 -0.21105151 -0.21105151 -0.21105151
 -0.21105151 -0.21105151 -0.21105151 -0.21105151 -0.21105151  3.64003532
 -0.21105151 -0.21105151 -0.21105151 -0.21105151 -0.21105151  2.01392266
 -0.21105151 -0.21105151 -0.21105151 -0.21105151 -0.21105151 -0.21105151
 -0.21105151  4.30806043 -0.21105151 -0.21105151  0.58811665 -0.21105151
 -0.21105151 -0.21105151 -0.21105151 -0.21105151  0.00935084 -0.21105151
 -0.21105151 -0.21105151 -0.21105151  5.02698919  0.21502392 -0.21105151
 -0.21105151 -0.21105151 -0.21105151 -0.21105151 -0.21105151 -0.21105151
 -0.21105151 -0.21105151 -0.21105151 -0.21105151 -0.21105151 -0.21105151
 -0.21105151 -0.21105151 -0.21105151 -0.21105151 -0.21105151 -0.21105151
 -0.21105151 -0.21105151 -0.21105151 -0.21105151 -0.21105151 -0.21105151
 -0.21105151 -0.21105151 -0.21105151 -0.21105151 -0.21105151 -0.21105151
 -0.21105151 -0.21105151 -0.21105151 -0.21105151 -0.21105151 -0.21105151
 -0.21105151 -0.21105151 -0.21105151 -0.21105151 -0.21105151 -0.21105151
 -0.21105151 -0.21105151 -0.21105151 -0.21105151 -0.21105151 -0.21105151
 -0.21105151 -0.21105151 -0.21105151 -0.21105151 -0.21105151 -0.21105151
  6.93677518 -0.21105151 -0.21105151 -0.21105151 -0.21105151 -0.21105151
 -0.21105151 -0.21105151 -0.21105151 -0.21105151 -0.21105151 -0.21105151
 -0.21105151 -0.21105151 -0.21105151 -0.21105151 -0.21105151]",[0.014222264911134819]
2,"[-0.2059953  -0.2059953  -0.2059953  -0.2059953  -0.2059953  -0.2059953
 -0.2059953  -0.2059953  -0.2059953  -0.2059953  -0.2059953  -0.2059953
 -0.2059953  -0.2059953  -0.2059953  -0.2059953   1.02318022 -0.2059953
 -0.2059953  -0.2059953  -0.2059953  -0.2059953  -0.2059953  -0.2059953
 -0.2059953  -0.2059953  -0.2059953  -0.2059953  -0.2059953  -0.2059953
 -0.2059953  -0.2059953  -0.2059953  -0.2059953  -0.2059953  -0.2059953
 -0.2059953  -0.2059953  -0.2059953  -0.2059953   1.84328051 -0.2059953
 -0.2059953  -0.2059953  -0.2059953  -0.2059953  -0.2059953  -0.2059953
 -0.2059953  -0.2059953  -0.2059953  -0.2059953  -0.2059953  -0.2059953
 -0.2059953  -0.2059953  -0.2059953  -0.2059953  -0.2059953  -0.2059953
 -0.2059953  -0.2059953  -0.2059953  -0.2059953  -0.2059953  -0.2059953
 -0.2059953  -0.2059953  -0.2059953  -0.2059953  -0.2059953  -0.2059953
 -0.2059953  -0.2059953  -0.2059953  -0.2059953  -0.2059953  -0.2059953
 -0.2059953  -0.2059953  -0.2059953  -0.2059953  -0.2059953  -0.2059953
 -0.2059953  -0.2059953  -0.2059953  -0.2059953   3.46096193 -0.2059953
 -0.2059953   3.51615509 -0.2059953  -0.2059953   6.12040603 -0.2059953
 -0.2059953  -0.2059953  -0.2059953  -0.2059953  -0.13453593 -0.2059953
  4.30657867 -0.2059953   1.90790892 -0.2059953   5.42257455 -0.2059953
 -0.2059953  -0.2059953  -0.2059953  -0.2059953  -0.2059953  -0.2059953
 -0.2059953  -0.2059953  -0.2059953  -0.2059953  -0.2059953  -0.2059953
 -0.2059953  -0.2059953  -0.2059953  -0.2059953  -0.2059953  -0.2059953
 -0.2059953  -0.2059953  -0.2059953  -0.2059953  -0.2059953  -0.2059953
 -0.2059953  -0.2059953  -0.2059953  -0.2059953  -0.2059953  -0.2059953
 -0.2059953  -0.2059953  -0.2059953  -0.2059953  -0.2059953  -0.2059953
 -0.2059953  -0.2059953  -0.2059953  -0.2059953  -0.2059953  -0.2059953
 -0.2059953  -0.2059953  -0.2059953  -0.2059953  -0.2059953  -0.2059953
 -0.2059953  -0.2059953  -0.2059953  -0.2059953  -0.2059953  -0.2059953
  7.34669568 -0.2059953  -0.2059953  -0.2059953  -0.2059953  -0.2059953
 -0.2059953  -0.2059953  -0.2059953  -0.2059953  -0.2059953  -0.2059953
 -0.2059953  -0.2059953  -0.2059953  -0.2059953  -0.2059953 ]",[-0.03397953684196514]
2,"[-0.23232478 -0.23232478 -0.23232478 -0.23232478 -0.23232478 -0.23232478
 -0.23232478 -0.23232478 -0.23232478 -0.23232478 -0.23232478 -0.23232478
 -0.23232478 -0.23232478 -0.23232478 -0.23232478  1.48337951 -0.23232478
 -0.23232478 -0.23232478 -0.23232478 -0.23232478 -0.23232478 -0.23232478
 -0.23232478 -0.23232478 -0.23232478 -0.23232478 -0.23232478 -0.23232478
 -0.23232478 -0.23232478 -0.23232478 -0.23232478 -0.23232478 -0.23232478
 -0.23232478 -0.23232478 -0.23232478 -0.23232478  7.57917968  1.75028073
 -0.23232478 -0.23232478 -0.23232478 -0.23232478 -0.23232478 -0.23232478
 -0.23232478 -0.23232478 -0.23232478 -0.23232478 -0.23232478  5.77320887
  5.1336648  -0.23232478 -0.23232478 -0.23232478 -0.23232478 -0.23232478
 -0.23232478 -0.23232478 -0.23232478 -0.23232478 -0.23232478 -0.23232478
 -0.23232478 -0.23232478 -0.23232478 -0.23232478 -0.23232478 -0.23232478
 -0.23232478 -0.23232478 -0.23232478 -0.23232478 -0.23232478 -0.23232478
 -0.23232478 -0.23232478 -0.23232478 -0.23232478 -0.23232478 -0.23232478
 -0.23232478 -0.23232478 -0.23232478 -0.23232478  1.5479173   2.30476808
 -0.23232478  0.71281993 -0.23232478 -0.23232478 -0.23232478 -0.23232478
 -0.23232478 -0.23232478 -0.23232478 -0.23232478  3.17248472 -0.23232478
 -0.23232478  0.0867474  -0.23232478 -0.23232478  3.03473201 -0.23232478
 -0.23232478 -0.23232478 -0.23232478 -0.23232478 -0.23232478 -0.23232478
 -0.23232478 -0.23232478 -0.23232478 -0.23232478 -0.23232478 -0.23232478
 -0.23232478 -0.23232478 -0.23232478 -0.23232478 -0.23232478 -0.23232478
 -0.23232478 -0.23232478 -0.23232478 -0.23232478 -0.23232478 -0.23232478
 -0.23232478 -0.23232478 -0.23232478 -0.23232478 -0.23232478 -0.23232478
 -0.23232478 -0.23232478 -0.23232478 -0.23232478 -0.23232478 -0.23232478
 -0.23232478 -0.23232478 -0.23232478 -0.23232478 -0.23232478 -0.23232478
 -0.23232478 -0.23232478 -0.23232478 -0.23232478 -0.23232478 -0.23232478
 -0.23232478 -0.23232478 -0.23232478 -0.23232478 -0.23232478 -0.23232478
  4.04918074 -0.23232478 -0.23232478 -0.23232478 -0.23232478  1.93755046
 -0.23232478 -0.23232478 -0.23232478 -0.23232478 -0.23232478 -0.23232478
 -0.23232478 -0.23232478 -0.23232478 -0.23232478 -0.23232478]",[-0.053088272974879225]
2,"[-0.30065237 -0.30065237 -0.30065237 -0.30065237 -0.30065237 -0.30065237
 -0.30065237 -0.30065237 -0.30065237 -0.30065237 -0.30065237 -0.30065237
 -0.30065237 -0.30065237 -0.30065237 -0.30065237  0.26925713 -0.30065237
 -0.30065237 -0.30065237 -0.30065237 -0.30065237 -0.30065237 -0.30065237
 -0.30065237 -0.30065237 -0.30065237 -0.30065237 -0.30065237 -0.30065237
 -0.30065237 -0.30065237 -0.30065237 -0.30065237 -0.30065237 -0.30065237
 -0.30065237 -0.30065237 -0.30065237 -0.30065237  5.41467651  2.68217965
 -0.30065237 -0.30065237 -0.30065237 -0.30065237 -0.30065237 -0.30065237
 -0.30065237 -0.30065237 -0.30065237 -0.30065237 -0.30065237  4.73652876
  3.17193282 -0.30065237  3.18116055 -0.30065237 -0.30065237 -0.30065237
 -0.30065237 -0.30065237 -0.30065237 -0.30065237 -0.30065237 -0.30065237
 -0.30065237 -0.30065237 -0.30065237 -0.30065237 -0.30065237 -0.30065237
 -0.30065237 -0.30065237 -0.30065237 -0.30065237 -0.30065237 -0.30065237
 -0.30065237 -0.30065237 -0.30065237 -0.30065237 -0.30065237 -0.30065237
 -0.30065237 -0.30065237 -0.30065237 -0.30065237  1.56558252 -0.30065237
 -0.30065237  0.84779103 -0.30065237 -0.30065237  1.62943453 -0.30065237
 -0.30065237 -0.30065237  2.00258863 -0.30065237  1.41184039 -0.30065237
  2.68836165  0.83293051  2.12522144 -0.30065237  0.91948156 -0.30065237
 -0.30065237 -0.30065237 -0.30065237 -0.30065237 -0.30065237 -0.30065237
 -0.30065237 -0.30065237 -0.30065237 -0.30065237 -0.30065237 -0.30065237
 -0.30065237 -0.30065237 -0.30065237 -0.30065237 -0.30065237 -0.30065237
 -0.30065237 -0.30065237 -0.30065237 -0.30065237 -0.30065237 -0.30065237
 -0.30065237 -0.30065237 -0.30065237 -0.30065237 -0.30065237 -0.30065237
 -0.30065237  4.10198905 -0.30065237 -0.30065237 -0.30065237 -0.30065237
 -0.30065237 -0.30065237 -0.30065237 -0.30065237  2.56744743 -0.30065237
 -0.30065237 -0.30065237 -0.30065237 -0.30065237 -0.30065237 -0.30065237
 -0.30065237 -0.30065237 -0.30065237 -0.30065237 -0.30065237 -0.30065237
  2.37207684 -0.30065237 -0.30065237 -0.30065237 -0.30065237 -0.30065237
 -0.30065237 -0.30065237 -0.30065237 -0.30065237 -0.30065237 -0.30065237
 -0.30065237 -0.30065237 -0.30065237 -0.30065237  5.5838981 ]",[-0.033909634539888545]
2,"[-0.2183755  -0.2183755  -0.2183755  -0.2183755  -0.2183755  -0.2183755
 -0.2183755  -0.2183755  -0.2183755  -0.2183755  -0.2183755  -0.2183755
 -0.2183755  -0.2183755  -0.2183755  -0.2183755  -0.2183755  -0.2183755
 -0.2183755  -0.2183755  -0.2183755  -0.2183755  -0.2183755  -0.2183755
 -0.2183755  -0.2183755  -0.2183755  -0.2183755  -0.2183755  -0.2183755
 -0.2183755  -0.2183755  -0.2183755  -0.2183755  -0.2183755  -0.2183755
 -0.2183755  -0.2183755  -0.2183755  -0.2183755   7.75517903  0.47879118
 -0.2183755  -0.2183755  -0.2183755  -0.2183755  -0.2183755  -0.2183755
 -0.2183755  -0.2183755  -0.2183755  -0.2183755  -0.2183755   6.6266592
 -0.08864946 -0.2183755  -0.2183755  -0.2183755  -0.2183755  -0.2183755
 -0.2183755  -0.2183755  -0.2183755  -0.2183755  -0.2183755  -0.2183755
 -0.2183755  -0.2183755  -0.2183755  -0.2183755  -0.2183755  -0.2183755
 -0.2183755  -0.2183755  -0.2183755  -0.2183755  -0.2183755  -0.2183755
 -0.2183755  -0.2183755  -0.2183755  -0.2183755  -0.2183755  -0.2183755
 -0.2183755  -0.2183755  -0.2183755  -0.2183755   1.463236    0.36077923
 -0.2183755   0.67440546 -0.2183755  -0.2183755   0.27197096 -0.2183755
 -0.2183755  -0.2183755  -0.2183755  -0.2183755   2.67270764 -0.2183755
  2.25136246  1.49217078  3.54321331 -0.2183755   3.68866513 -0.2183755
 -0.2183755  -0.2183755  -0.2183755  -0.2183755  -0.2183755  -0.2183755
 -0.2183755  -0.2183755  -0.2183755  -0.2183755  -0.2183755  -0.2183755
 -0.2183755  -0.2183755  -0.2183755  -0.2183755  -0.2183755  -0.2183755
 -0.2183755  -0.2183755  -0.2183755  -0.2183755  -0.2183755  -0.2183755
 -0.2183755  -0.2183755  -0.2183755  -0.2183755  -0.2183755  -0.2183755
 -0.2183755  -0.2183755  -0.2183755  -0.2183755  -0.2183755  -0.2183755
 -0.2183755  -0.2183755  -0.2183755  -0.2183755  -0.2183755  -0.2183755
 -0.2183755  -0.2183755  -0.2183755  -0.2183755  -0.2183755  -0.2183755
 -0.2183755  -0.2183755  -0.2183755  -0.2183755  -0.2183755  -0.2183755
  4.84146611 -0.2183755  -0.2183755  -0.2183755  -0.2183755  -0.2183755
 -0.2183755  -0.2183755  -0.2183755  -0.2183755  -0.2183755  -0.2183755
 -0.2183755  -0.2183755  -0.2183755  -0.2183755  -0.2183755 ]",[-0.006982549093933199]
2,"[-0.23916651 -0.23916651 -0.23916651 -0.23916651 -0.23916651 -0.23916651
 -0.23916651 -0.23916651 -0.23916651 -0.23916651 -0.23916651 -0.23916651
 -0.23916651 -0.23916651 -0.23916651 -0.23916651  1.04493921 -0.23916651
 -0.23916651 -0.23916651 -0.23916651 -0.23916651 -0.23916651 -0.23916651
 -0.23916651 -0.23916651 -0.23916651 -0.23916651  1.73924928 -0.23916651
 -0.23916651 -0.23916651 -0.23916651 -0.23916651 -0.23916651 -0.23916651
 -0.23916651 -0.23916651 -0.23916651 -0.23916651  6.89775466  0.15249394
 -0.23916651 -0.23916651 -0.23916651 -0.23916651 -0.23916651 -0.23916651
 -0.23916651 -0.23916651 -0.23916651 -0.23916651 -0.23916651  6.49521942
  3.20464067 -0.23916651 -0.23916651 -0.23916651 -0.23916651 -0.23916651
 -0.23916651 -0.23916651 -0.23916651 -0.23916651 -0.23916651 -0.23916651
 -0.23916651 -0.23916651 -0.23916651 -0.23916651 -0.23916651 -0.23916651
 -0.23916651 -0.23916651 -0.23916651 -0.23916651 -0.23916651  1.88466572
 -0.23916651 -0.23916651 -0.23916651 -0.23916651 -0.23916651  2.38530958
 -0.23916651 -0.23916651 -0.23916651 -0.23916651 -0.23916651 -0.23916651
 -0.23916651  2.74912227 -0.23916651 -0.23916651 -0.23916651 -0.23916651
 -0.23916651 -0.23916651 -0.23916651 -0.23916651  0.15108838 -0.23916651
 -0.23916651 -0.23916651  2.92530159  3.0087882   1.45364078 -0.23916651
 -0.23916651 -0.23916651 -0.23916651 -0.23916651 -0.23916651 -0.23916651
 -0.23916651 -0.23916651 -0.23916651 -0.23916651 -0.23916651 -0.23916651
 -0.23916651 -0.23916651 -0.23916651 -0.23916651 -0.23916651 -0.23916651
 -0.23916651 -0.23916651 -0.23916651 -0.23916651 -0.23916651 -0.23916651
 -0.23916651 -0.23916651 -0.23916651 -0.23916651 -0.23916651 -0.23916651
 -0.23916651 -0.23916651 -0.23916651 -0.23916651 -0.23916651 -0.23916651
 -0.23916651 -0.23916651 -0.23916651 -0.23916651 -0.23916651 -0.23916651
 -0.23916651 -0.23916651 -0.23916651 -0.23916651 -0.23916651 -0.23916651
 -0.23916651 -0.23916651 -0.23916651 -0.23916651 -0.23916651 -0.23916651
  5.37026122 -0.23916651 -0.23916651 -0.23916651 -0.23916651 -0.23916651
 -0.23916651 -0.23916651 -0.23916651 -0.23916651 -0.23916651 -0.23916651
 -0.23916651 -0.23916651 -0.23916651 -0.23916651 -0.23916651]",[-0.0005237855685253368]
2,"[-2.47426664e-01 -2.47426664e-01 -2.47426664e-01 -2.47426664e-01
 -2.47426664e-01 -2.47426664e-01 -2.47426664e-01 -2.47426664e-01
 -2.47426664e-01 -2.47426664e-01 -2.47426664e-01 -2.47426664e-01
 -2.47426664e-01 -2.47426664e-01 -2.47426664e-01 -2.47426664e-01
 -2.47426664e-01 -2.47426664e-01 -2.47426664e-01 -2.47426664e-01
 -2.47426664e-01 -2.47426664e-01 -2.47426664e-01 -2.47426664e-01
 -2.47426664e-01 -2.47426664e-01 -2.47426664e-01 -2.47426664e-01
 -2.47426664e-01 -2.47426664e-01 -2.47426664e-01 -2.47426664e-01
 -2.47426664e-01 -2.47426664e-01 -2.47426664e-01 -2.47426664e-01
 -2.47426664e-01 -2.47426664e-01 -2.47426664e-01 -2.47426664e-01
  5.78077193e+00 -2.47426664e-01 -2.47426664e-01 -2.47426664e-01
 -2.47426664e-01 -2.47426664e-01 -2.47426664e-01 -2.47426664e-01
 -2.47426664e-01 -2.47426664e-01 -2.47426664e-01 -2.47426664e-01
 -2.47426664e-01  5.87354001e+00 -1.37128555e-01 -2.47426664e-01
  3.82318098e-01 -2.47426664e-01 -2.47426664e-01 -2.47426664e-01
 -2.47426664e-01 -2.47426664e-01 -2.47426664e-01 -2.47426664e-01
 -2.47426664e-01 -2.47426664e-01 -2.47426664e-01 -2.47426664e-01
 -2.47426664e-01 -2.47426664e-01 -2.47426664e-01 -2.47426664e-01
 -2.47426664e-01 -2.47426664e-01 -2.47426664e-01 -2.47426664e-01
 -2.47426664e-01  1.32163963e+00 -2.47426664e-01 -2.47426664e-01
 -2.47426664e-01 -2.47426664e-01 -2.47426664e-01  3.64937606e+00
 -2.47426664e-01 -2.47426664e-01 -2.47426664e-01  5.68350569e-01
  1.64167735e+00 -2.47426664e-01 -2.47426664e-01  2.88650183e+00
 -2.47426664e-01 -2.47426664e-01  1.73855122e+00 -2.47426664e-01
 -2.47426664e-01 -2.47426664e-01 -2.47426664e-01 -2.47426664e-01
  1.59385413e+00 -2.47426664e-01  1.13461011e+00 -5.84909285e-02
  3.43071509e+00 -2.47426664e-01  2.09102989e-03 -2.47426664e-01
 -2.47426664e-01 -2.47426664e-01 -2.47426664e-01 -2.47426664e-01
 -2.47426664e-01 -2.47426664e-01 -2.47426664e-01 -2.47426664e-01
 -2.47426664e-01 -2.47426664e-01 -2.47426664e-01 -2.47426664e-01
 -2.47426664e-01 -2.47426664e-01 -2.47426664e-01 -2.47426664e-01
 -2.47426664e-01 -2.47426664e-01 -2.47426664e-01 -2.47426664e-01
 -2.47426664e-01 -2.47426664e-01 -2.47426664e-01 -2.47426664e-01
 -2.47426664e-01 -2.47426664e-01 -2.47426664e-01 -2.47426664e-01
 -2.47426664e-01 -2.47426664e-01 -2.47426664e-01 -2.47426664e-01
 -2.47426664e-01 -2.47426664e-01 -2.47426664e-01 -2.47426664e-01
 -2.47426664e-01 -2.47426664e-01 -2.47426664e-01 -2.47426664e-01
 -2.47426664e-01 -2.47426664e-01 -2.47426664e-01 -2.47426664e-01
 -2.47426664e-01 -2.47426664e-01 -2.47426664e-01 -2.47426664e-01
 -2.47426664e-01 -2.47426664e-01 -2.47426664e-01 -2.47426664e-01
 -2.47426664e-01 -2.47426664e-01  6.39797380e+00 -2.47426664e-01
 -2.47426664e-01 -2.47426664e-01 -2.47426664e-01  3.87676815e+00
 -2.47426664e-01 -2.47426664e-01 -2.47426664e-01 -2.47426664e-01
 -2.47426664e-01 -2.47426664e-01 -2.47426664e-01 -2.47426664e-01
 -2.47426664e-01 -2.47426664e-01 -2.47426664e-01]",[0.08533617773851673]
2,"[-0.3165852  -0.3165852  -0.3165852  -0.3165852  -0.3165852  -0.3165852
 -0.3165852  -0.3165852  -0.3165852  -0.3165852  -0.3165852  -0.3165852
 -0.3165852  -0.3165852  -0.3165852  -0.3165852   0.39435457 -0.3165852
 -0.3165852  -0.3165852   0.37969014 -0.3165852  -0.3165852  -0.3165852
 -0.3165852  -0.3165852  -0.3165852  -0.3165852   3.70968398 -0.3165852
 -0.3165852  -0.3165852  -0.3165852  -0.3165852  -0.3165852  -0.3165852
 -0.3165852  -0.3165852  -0.3165852  -0.3165852   1.23753904 -0.12112714
 -0.3165852  -0.3165852  -0.3165852  -0.3165852  -0.3165852  -0.3165852
 -0.3165852  -0.3165852  -0.3165852  -0.3165852  -0.3165852   1.66036858
  0.01375209 -0.3165852   0.47556508 -0.3165852  -0.3165852  -0.3165852
 -0.3165852  -0.3165852  -0.3165852  -0.3165852  -0.3165852  -0.3165852
 -0.3165852  -0.3165852  -0.3165852  -0.3165852  -0.3165852  -0.3165852
 -0.22740702 -0.3165852  -0.3165852  -0.3165852  -0.3165852   2.78721758
 -0.3165852  -0.3165852  -0.3165852  -0.3165852  -0.3165852   2.38865409
 -0.3165852  -0.3165852  -0.3165852   0.97947205  3.61931571  2.51037871
 -0.3165852   2.75259613 -0.3165852  -0.3165852   0.31368823 -0.3165852
 -0.3165852  -0.3165852  -0.3165852  -0.3165852   2.66920437 -0.3165852
  0.43329627 -0.12694776  5.40056639 -0.3165852   0.3927181  -0.3165852
 -0.3165852  -0.3165852  -0.3165852  -0.3165852  -0.3165852  -0.3165852
 -0.3165852  -0.3165852  -0.3165852  -0.3165852   0.64221735 -0.3165852
 -0.3165852   0.58060356 -0.3165852  -0.3165852  -0.3165852  -0.3165852
 -0.3165852  -0.3165852  -0.3165852  -0.3165852  -0.3165852  -0.3165852
 -0.3165852  -0.3165852  -0.3165852  -0.3165852  -0.3165852  -0.3165852
 -0.3165852   0.67408709 -0.3165852  -0.3165852  -0.3165852  -0.3165852
 -0.3165852  -0.3165852  -0.3165852  -0.3165852  -0.3165852  -0.3165852
 -0.3165852   0.26702272 -0.3165852  -0.3165852  -0.3165852  -0.3165852
 -0.3165852  -0.3165852  -0.3165852  -0.3165852  -0.3165852  -0.3165852
  6.40781579 -0.3165852  -0.3165852  -0.3165852  -0.3165852   3.01139634
  3.95832853 -0.3165852   0.30372936 -0.3165852  -0.3165852  -0.3165852
 -0.3165852  -0.3165852  -0.3165852  -0.3165852  -0.3165852 ]",[0.0789263528249999]
2,"[-2.18396143e-01 -2.18396143e-01 -2.18396143e-01 -2.18396143e-01
 -2.18396143e-01 -2.18396143e-01 -2.18396143e-01 -2.18396143e-01
 -2.18396143e-01 -2.18396143e-01 -2.18396143e-01 -2.18396143e-01
 -2.18396143e-01 -2.18396143e-01 -2.18396143e-01 -2.18396143e-01
  1.29199023e+00 -2.18396143e-01 -2.18396143e-01 -2.18396143e-01
 -2.18396143e-01 -2.18396143e-01 -2.18396143e-01 -2.18396143e-01
 -2.18396143e-01 -2.18396143e-01 -2.18396143e-01 -2.18396143e-01
 -2.18396143e-01 -2.18396143e-01 -2.18396143e-01 -2.18396143e-01
 -2.18396143e-01 -2.18396143e-01 -2.18396143e-01 -2.18396143e-01
 -2.18396143e-01 -2.18396143e-01 -2.18396143e-01 -2.18396143e-01
  1.05034290e+00 -2.18396143e-01 -2.18396143e-01 -2.18396143e-01
 -2.18396143e-01 -2.18396143e-01 -2.18396143e-01 -2.18396143e-01
 -2.18396143e-01 -2.18396143e-01 -2.18396143e-01 -2.18396143e-01
 -2.18396143e-01  7.07753433e+00 -2.18396143e-01 -2.18396143e-01
 -2.18396143e-01 -2.18396143e-01 -2.18396143e-01 -2.18396143e-01
 -2.18396143e-01 -2.18396143e-01 -2.18396143e-01 -2.18396143e-01
 -2.18396143e-01 -2.18396143e-01 -2.18396143e-01 -2.18396143e-01
 -2.18396143e-01 -2.18396143e-01 -2.18396143e-01 -2.18396143e-01
 -2.18396143e-01 -2.18396143e-01 -2.18396143e-01 -2.18396143e-01
 -2.18396143e-01 -2.18396143e-01 -2.18396143e-01 -2.18396143e-01
 -2.18396143e-01 -2.18396143e-01 -2.18396143e-01  2.66345957e+00
 -2.18396143e-01 -2.18396143e-01 -2.18396143e-01 -2.18396143e-01
  4.06702042e+00 -2.18396143e-01 -2.18396143e-01  3.18532780e+00
 -2.18396143e-01 -2.18396143e-01  6.89294346e+00 -2.18396143e-01
 -2.18396143e-01 -2.18396143e-01 -2.18396143e-01 -2.18396143e-01
 -4.29159399e-03 -2.18396143e-01 -2.18396143e-01 -9.58511161e-02
 -2.18396143e-01 -2.18396143e-01  2.67243672e+00 -2.18396143e-01
 -2.18396143e-01 -2.18396143e-01 -2.18396143e-01 -2.18396143e-01
 -2.18396143e-01 -2.18396143e-01 -2.18396143e-01 -2.18396143e-01
 -2.18396143e-01 -2.18396143e-01 -2.18396143e-01 -2.18396143e-01
 -2.18396143e-01 -2.18396143e-01 -2.18396143e-01 -2.18396143e-01
 -2.18396143e-01 -2.18396143e-01 -2.18396143e-01 -2.18396143e-01
 -2.18396143e-01 -2.18396143e-01 -2.18396143e-01 -2.18396143e-01
 -2.18396143e-01 -2.18396143e-01 -2.18396143e-01 -2.18396143e-01
 -2.18396143e-01 -2.18396143e-01 -2.18396143e-01 -2.18396143e-01
 -2.18396143e-01 -2.18396143e-01 -2.18396143e-01 -2.18396143e-01
 -2.18396143e-01 -2.18396143e-01 -2.18396143e-01 -2.18396143e-01
 -2.18396143e-01 -2.18396143e-01 -2.18396143e-01 -2.18396143e-01
 -2.18396143e-01 -2.18396143e-01 -2.18396143e-01 -2.18396143e-01
 -2.18396143e-01 -2.18396143e-01 -2.18396143e-01 -2.18396143e-01
 -2.18396143e-01 -2.18396143e-01  4.22414844e+00 -2.18396143e-01
 -2.18396143e-01 -2.18396143e-01 -2.18396143e-01  3.44709473e+00
 -2.18396143e-01 -2.18396143e-01 -2.18396143e-01 -2.18396143e-01
 -2.18396143e-01 -2.18396143e-01 -2.18396143e-01 -2.18396143e-01
 -2.18396143e-01 -2.18396143e-01 -2.18396143e-01]",[-0.04627240214660608]
2,"[-0.19829251 -0.19829251 -0.19829251 -0.1549405  -0.19829251 -0.19829251
 -0.19829251 -0.19829251 -0.19829251 -0.19829251 -0.19829251 -0.19829251
 -0.19829251 -0.19829251 -0.19829251 -0.19829251 -0.19829251 -0.19829251
 -0.19829251 -0.19829251 -0.19829251 -0.19829251 -0.19829251 -0.19829251
 -0.19829251 -0.19829251 -0.19829251 -0.19829251  0.946306   -0.19829251
 -0.19829251 -0.19829251 -0.19829251 -0.19829251 -0.19829251 -0.19829251
 -0.19829251 -0.19829251 -0.19829251 -0.19829251  0.62423964 -0.19829251
 -0.19829251 -0.19829251 -0.19829251 -0.19829251 -0.19829251 -0.19829251
 -0.19829251 -0.19829251 -0.19829251 -0.19829251 -0.19829251  1.49101661
 -0.19829251 -0.19829251 -0.19829251 -0.19829251 -0.19829251 -0.19829251
 -0.19829251 -0.19829251 -0.19829251 -0.19829251 -0.19829251 -0.19829251
 -0.19829251 -0.19829251 -0.19829251 -0.19829251 -0.19829251 -0.19829251
 -0.19829251 -0.19829251 -0.19829251 -0.19829251 -0.19829251 -0.19829251
 -0.19829251 -0.19829251 -0.19829251 -0.19829251 -0.19829251  0.78696154
 -0.19829251 -0.19829251 -0.19829251 -0.19829251 -0.19829251 -0.19829251
 -0.19829251  5.12970473 -0.19829251 -0.19829251  7.04605231  0.29767199
 -0.19829251 -0.19829251 -0.19829251 -0.19829251 -0.13158434 -0.19829251
  3.13198961 -0.0581884   0.02285153 -0.19829251  0.46887165 -0.19829251
 -0.19829251 -0.19829251 -0.19829251 -0.19829251 -0.19829251 -0.19829251
 -0.19829251 -0.19829251 -0.19829251 -0.19829251  1.25224005 -0.19829251
 -0.19829251 -0.19829251 -0.19829251 -0.19829251 -0.19829251 -0.19829251
 -0.19829251 -0.19829251 -0.19829251 -0.19829251 -0.19829251 -0.19829251
 -0.19829251 -0.19829251 -0.19829251 -0.19829251 -0.19829251 -0.19829251
 -0.19829251 -0.19829251 -0.19829251 -0.19829251 -0.19829251 -0.19829251
 -0.19829251 -0.19829251 -0.19829251 -0.19829251 -0.19829251 -0.19829251
 -0.19829251 -0.19829251 -0.19829251 -0.19829251 -0.19829251 -0.19829251
 -0.19829251 -0.19829251 -0.19829251 -0.19829251 -0.19829251 -0.19829251
  8.4736125  -0.19829251 -0.19829251 -0.19829251 -0.19829251  2.99487379
 -0.19829251 -0.19829251 -0.19829251 -0.19829251 -0.19829251 -0.19829251
 -0.19829251 -0.19829251 -0.19829251 -0.19829251 -0.19829251]",[-0.01834786144156375]
2,"[-0.23439492 -0.23439492 -0.23439492 -0.23439492 -0.23439492 -0.23439492
 -0.23439492 -0.23439492 -0.23439492 -0.23439492 -0.23439492 -0.23439492
 -0.23439492 -0.23439492 -0.23439492 -0.23439492 -0.23439492 -0.23439492
 -0.23439492 -0.23439492 -0.23439492 -0.23439492 -0.23439492 -0.23439492
 -0.23439492 -0.23439492 -0.23439492 -0.23439492  3.05559729 -0.23439492
 -0.23439492 -0.23439492 -0.23439492 -0.23439492 -0.23439492 -0.23439492
 -0.23439492 -0.23439492 -0.23439492 -0.23439492  1.03591659 -0.23439492
 -0.23439492 -0.23439492 -0.23439492 -0.23439492 -0.23439492 -0.23439492
 -0.23439492 -0.23439492 -0.23439492 -0.23439492 -0.23439492  1.34132232
 -0.23439492 -0.23439492 -0.23439492 -0.23439492 -0.23439492 -0.23439492
 -0.23439492 -0.23439492 -0.23439492 -0.23439492 -0.23439492 -0.23439492
 -0.23439492 -0.23439492 -0.23439492 -0.23439492 -0.23439492 -0.23439492
 -0.23439492 -0.23439492 -0.23439492 -0.23439492 -0.23439492 -0.23439492
 -0.23439492 -0.23439492 -0.23439492 -0.23439492 -0.23439492  2.28335883
 -0.23439492 -0.23439492 -0.23439492 -0.23439492 -0.23439492 -0.23439492
 -0.23439492  4.0640013  -0.23439492 -0.23439492  7.80381917 -0.23439492
 -0.23439492 -0.23439492 -0.23439492 -0.23439492  1.7734276  -0.23439492
  3.30399617  0.1580976   1.56220327 -0.23439492  1.76502559 -0.23439492
 -0.23439492 -0.23439492 -0.23439492 -0.23439492 -0.23439492 -0.23439492
 -0.23439492 -0.23439492 -0.23439492 -0.23439492  1.03591659 -0.23439492
 -0.23439492 -0.23439492 -0.23439492 -0.23439492 -0.23439492 -0.23439492
 -0.23439492 -0.23439492 -0.23439492 -0.23439492 -0.23439492 -0.23439492
 -0.23439492 -0.23439492 -0.23439492 -0.23439492 -0.23439492 -0.23439492
 -0.23439492 -0.23439492 -0.23439492 -0.23439492 -0.23439492 -0.23439492
 -0.23439492 -0.23439492 -0.23439492 -0.23439492 -0.23439492 -0.23439492
 -0.23439492 -0.23439492 -0.23439492 -0.23439492 -0.23439492 -0.23439492
 -0.23439492 -0.23439492 -0.23439492 -0.23439492 -0.23439492 -0.23439492
  6.90580383 -0.23439492 -0.23439492 -0.23439492 -0.23439492  2.58667587
 -0.23439492 -0.23439492 -0.23439492 -0.23439492 -0.23439492 -0.23439492
 -0.23439492 -0.23439492 -0.23439492 -0.23439492 -0.23439492]",[-0.00838294637827594]
2,"[-0.26557681 -0.26557681 -0.26557681 -0.26557681 -0.26557681 -0.26557681
 -0.26557681 -0.26557681 -0.26557681 -0.26557681 -0.26557681 -0.26557681
 -0.26557681 -0.26557681 -0.26557681 -0.26557681 -0.26557681 -0.26557681
 -0.26557681 -0.26557681 -0.26557681 -0.26557681 -0.26557681 -0.26557681
 -0.26557681 -0.26557681 -0.26557681 -0.26557681  0.47521753 -0.26557681
 -0.26557681 -0.26557681 -0.26557681 -0.26557681 -0.26557681 -0.26557681
 -0.26557681 -0.26557681 -0.26557681 -0.26557681  6.8516825  -0.26557681
 -0.26557681 -0.26557681 -0.26557681 -0.26557681 -0.26557681 -0.26557681
 -0.26557681 -0.26557681 -0.26557681 -0.26557681 -0.26557681  0.78140315
  2.6689509   0.09106875 -0.26557681 -0.26557681 -0.26557681 -0.26557681
 -0.26557681 -0.26557681 -0.26557681 -0.26557681 -0.26557681 -0.26557681
 -0.26557681 -0.26557681 -0.26557681 -0.26557681 -0.26557681 -0.26557681
 -0.26557681 -0.26557681 -0.26557681 -0.26557681 -0.26557681 -0.26557681
 -0.26557681 -0.26557681 -0.26557681 -0.26557681 -0.26557681 -0.26557681
 -0.26557681 -0.26557681 -0.26557681 -0.26557681  2.05674318  0.7064835
 -0.26557681  2.88345781 -0.26557681 -0.26557681  4.60457903 -0.26557681
 -0.26557681 -0.26557681 -0.26557681 -0.26557681 -0.26557681 -0.26557681
  3.52034459  0.78514268  2.28894029 -0.26557681  3.6477678  -0.26557681
 -0.26557681 -0.26557681 -0.26557681 -0.26557681 -0.26557681 -0.26557681
 -0.26557681 -0.26557681 -0.26557681 -0.26557681 -0.26557681 -0.26557681
 -0.26557681 -0.26557681 -0.26557681 -0.26557681 -0.26557681 -0.26557681
 -0.26557681 -0.26557681 -0.26557681 -0.26557681 -0.26557681 -0.26557681
 -0.26557681 -0.26557681 -0.26557681 -0.26557681 -0.26557681 -0.26557681
 -0.26557681 -0.26557681 -0.26557681 -0.26557681 -0.26557681 -0.26557681
 -0.26557681 -0.26557681 -0.26557681 -0.26557681 -0.26557681 -0.26557681
 -0.26557681 -0.26557681 -0.26557681 -0.26557681  3.89690868 -0.26557681
 -0.26557681 -0.26557681 -0.26557681 -0.26557681 -0.26557681 -0.26557681
  5.50335372 -0.26557681 -0.26557681 -0.26557681 -0.26557681 -0.26557681
  0.77872051  0.37345611  0.84364596 -0.26557681 -0.26557681 -0.26557681
 -0.26557681 -0.26557681 -0.26557681 -0.26557681 -0.26557681]",[0.04235309415657856]
2,"[-0.22104631 -0.22104631 -0.22104631 -0.22104631 -0.22104631 -0.22104631
 -0.22104631 -0.22104631 -0.22104631 -0.22104631 -0.22104631 -0.22104631
 -0.22104631 -0.22104631 -0.22104631 -0.22104631 -0.22104631 -0.22104631
 -0.22104631 -0.22104631 -0.22104631 -0.22104631 -0.22104631 -0.22104631
 -0.22104631 -0.22104631 -0.22104631 -0.22104631 -0.22104631 -0.22104631
 -0.22104631 -0.22104631 -0.22104631 -0.22104631 -0.22104631 -0.22104631
 -0.22104631 -0.22104631 -0.22104631 -0.22104631 -0.22104631  1.36888837
 -0.22104631 -0.22104631 -0.22104631 -0.22104631 -0.22104631 -0.22104631
 -0.22104631 -0.22104631 -0.22104631 -0.22104631 -0.22104631  1.38029
 -0.22104631 -0.22104631 -0.22104631 -0.22104631 -0.22104631 -0.22104631
 -0.22104631 -0.22104631 -0.22104631 -0.22104631 -0.22104631 -0.22104631
 -0.22104631 -0.22104631 -0.22104631 -0.22104631 -0.22104631 -0.22104631
 -0.22104631 -0.22104631 -0.22104631 -0.22104631 -0.22104631 -0.22104631
 -0.22104631 -0.22104631 -0.22104631 -0.22104631 -0.22104631  1.47676994
 -0.22104631 -0.22104631 -0.22104631 -0.22104631  1.4925009  -0.22104631
 -0.22104631  3.14682034 -0.22104631 -0.22104631  6.61630054 -0.22104631
 -0.22104631 -0.22104631 -0.22104631 -0.22104631  4.51976142 -0.22104631
  5.50607543 -0.19355988 -0.22104631 -0.22104631  2.13836359 -0.22104631
 -0.22104631 -0.22104631 -0.22104631 -0.22104631 -0.22104631 -0.22104631
 -0.22104631 -0.22104631 -0.22104631 -0.22104631 -0.22104631 -0.22104631
 -0.22104631 -0.22104631 -0.22104631 -0.22104631 -0.22104631 -0.22104631
 -0.22104631 -0.22104631 -0.22104631 -0.22104631 -0.22104631 -0.22104631
 -0.22104631 -0.22104631 -0.22104631 -0.22104631 -0.22104631 -0.22104631
 -0.22104631 -0.22104631 -0.22104631 -0.22104631 -0.22104631 -0.22104631
 -0.22104631 -0.22104631 -0.22104631 -0.22104631 -0.22104631 -0.22104631
 -0.22104631 -0.22104631 -0.22104631 -0.22104631 -0.22104631 -0.22104631
 -0.22104631 -0.22104631 -0.22104631 -0.22104631 -0.22104631 -0.22104631
  7.12585445 -0.22104631 -0.22104631 -0.22104631 -0.22104631  0.48653469
 -0.22104631 -0.22104631 -0.22104631 -0.22104631 -0.22104631 -0.22104631
 -0.22104631 -0.22104631 -0.22104631 -0.22104631  1.6290882 ]",[0.018525785456639243]
2,"[-0.25835855 -0.25835855 -0.25835855 -0.25835855 -0.25835855 -0.25835855
 -0.25835855 -0.25835855 -0.25835855 -0.25835855 -0.25835855 -0.25835855
 -0.25835855 -0.25835855 -0.25835855 -0.25835855 -0.25835855 -0.25835855
 -0.25835855 -0.25835855 -0.25835855 -0.25835855 -0.25835855 -0.25835855
 -0.25835855 -0.25835855 -0.25835855 -0.25835855 -0.25835855 -0.25835855
 -0.25835855 -0.25835855 -0.25835855 -0.25835855 -0.25835855 -0.25835855
 -0.25835855 -0.25835855 -0.25835855 -0.25835855  6.36494558 -0.25835855
 -0.25835855 -0.25835855 -0.25835855 -0.25835855 -0.25835855 -0.25835855
 -0.25835855 -0.25835855  0.16877452 -0.25835855 -0.25835855  2.68189399
  0.76819967 -0.25835855  1.6207605  -0.25835855 -0.25835855 -0.25835855
 -0.25835855 -0.25835855 -0.25835855 -0.25835855 -0.25835855 -0.25835855
 -0.25835855 -0.25835855 -0.25835855 -0.25835855 -0.25835855 -0.25835855
 -0.25835855 -0.25835855 -0.25835855 -0.25835855 -0.25835855 -0.25835855
 -0.25835855 -0.25835855 -0.25835855 -0.25835855 -0.25835855 -0.25835855
 -0.25835855 -0.25835855 -0.25835855 -0.25835855 -0.25835855  2.56740668
 -0.25835855  4.06933112 -0.25835855 -0.25835855  6.44071884 -0.25835855
 -0.25835855 -0.25835855 -0.25835855 -0.25835855  3.75470261 -0.25835855
  0.59160627  0.17563325 -0.0675807   0.83311491  0.31719459 -0.25835855
 -0.25835855 -0.25835855 -0.25835855 -0.25835855 -0.25835855 -0.25835855
 -0.25835855 -0.25835855 -0.25835855 -0.25835855  0.9929955  -0.25835855
 -0.25835855 -0.25835855 -0.25835855 -0.25835855 -0.25835855 -0.25835855
 -0.25835855 -0.25835855 -0.25835855 -0.25835855 -0.25835855  0.05944063
 -0.25835855 -0.25835855 -0.25835855 -0.25835855 -0.25835855 -0.25835855
 -0.25835855  0.70519651 -0.25835855 -0.25835855 -0.25835855 -0.25835855
 -0.25835855 -0.25835855 -0.25835855 -0.25835855  0.52649934 -0.25835855
 -0.25835855 -0.25835855 -0.25835855 -0.25835855 -0.25835855 -0.25835855
 -0.25835855 -0.25835855 -0.25835855 -0.25835855 -0.25835855 -0.25835855
  5.70119185 -0.25835855 -0.25835855 -0.25835855 -0.25835855 -0.25835855
  1.46908031 -0.25835855 -0.25835855 -0.25835855 -0.25835855 -0.25835855
 -0.25835855 -0.25835855 -0.25835855 -0.25835855  1.07954488]",[2.6497563735432306]
3,"[-0.30252868 -0.30252868 -0.30252868  0.08084874 -0.30252868 -0.30252868
 -0.30252868 -0.30252868 -0.30252868 -0.30252868 -0.30252868 -0.30252868
 -0.30252868 -0.30252868 -0.30252868 -0.30252868 -0.30252868 -0.30252868
 -0.30252868 -0.30252868 -0.30252868 -0.30252868 -0.30252868 -0.30252868
  1.14612282 -0.30252868 -0.30252868 -0.30252868 -0.30252868 -0.30252868
 -0.30252868 -0.30252868 -0.30252868 -0.30252868 -0.30252868 -0.30252868
 -0.30252868 -0.30252868 -0.30252868 -0.30252868  5.10541354  0.30843441
 -0.30252868 -0.30252868 -0.30252868 -0.30252868 -0.30252868 -0.30252868
 -0.30252868 -0.30252868 -0.30252868 -0.30252868 -0.30252868  5.92123229
 -0.30252868  2.28648799  4.17327568 -0.30252868 -0.30252868 -0.30252868
 -0.30252868 -0.30252868 -0.30252868 -0.30252868 -0.30252868 -0.30252868
 -0.30252868 -0.30252868 -0.30252868 -0.30252868 -0.30252868 -0.30252868
 -0.30252868 -0.30252868 -0.30252868 -0.30252868 -0.30252868 -0.30252868
 -0.30252868 -0.30252868 -0.30252868 -0.30252868 -0.30252868 -0.30252868
 -0.30252868 -0.30252868 -0.30252868 -0.30252868 -0.30252868 -0.30252868
 -0.30252868  1.16902825 -0.30252868  0.02918945 -0.30252868 -0.30252868
 -0.30252868 -0.30252868  0.37241176 -0.30252868  2.35913413 -0.30252868
  1.54659406  3.30982344  1.97924939  3.27313011  3.64046167 -0.30252868
 -0.30252868 -0.30252868 -0.30252868 -0.30252868 -0.30252868 -0.30252868
 -0.30252868 -0.30252868 -0.30252868 -0.30252868 -0.30252868 -0.30252868
 -0.30252868 -0.30252868 -0.30252868 -0.30252868 -0.30252868 -0.30252868
 -0.30252868 -0.30252868 -0.30252868 -0.30252868 -0.30252868 -0.30252868
 -0.30252868 -0.30252868 -0.30252868 -0.30252868 -0.30252868 -0.30252868
 -0.30252868  3.49600674 -0.30252868 -0.30252868 -0.30252868 -0.30252868
 -0.30252868 -0.30252868 -0.30252868 -0.30252868  1.26018597 -0.30252868
 -0.30252868 -0.30252868 -0.30252868 -0.30252868 -0.30252868 -0.30252868
 -0.30252868 -0.30252868 -0.30252868 -0.30252868 -0.30252868 -0.30252868
  3.00707129 -0.30252868 -0.30252868 -0.30252868 -0.30252868  2.81575981
 -0.30252868  0.51967059 -0.30252868 -0.30252868 -0.30252868 -0.30252868
 -0.30252868 -0.30252868 -0.30252868 -0.30252868 -0.30252868]",[0.07763453316883684]
3,"[-0.27573228 -0.27573228 -0.27573228 -0.24266688 -0.27573228 -0.27573228
 -0.27573228 -0.27573228 -0.27573228 -0.27573228 -0.27573228 -0.27573228
 -0.27573228 -0.27573228 -0.27573228 -0.27573228  2.05851299 -0.27573228
 -0.27573228 -0.27573228 -0.27573228 -0.27573228 -0.27573228 -0.27573228
 -0.27573228 -0.27573228 -0.27573228 -0.27573228  1.35878534 -0.27573228
 -0.27573228 -0.27573228 -0.27573228 -0.27573228 -0.27573228 -0.27573228
 -0.27573228 -0.27573228 -0.27573228 -0.27573228  6.3618223   0.85547482
 -0.27573228 -0.27573228 -0.27573228 -0.27573228 -0.27573228 -0.27573228
 -0.27573228 -0.27573228 -0.27573228 -0.27573228 -0.27573228  5.44417954
 -0.27573228 -0.27573228 -0.27573228 -0.27573228 -0.27573228 -0.27573228
 -0.27573228 -0.27573228 -0.27573228 -0.27573228 -0.27573228 -0.27573228
 -0.27573228 -0.27573228 -0.27573228 -0.27573228 -0.27573228 -0.27573228
 -0.27573228 -0.27573228 -0.27573228 -0.27573228 -0.27573228  1.5613002
 -0.27573228 -0.27573228 -0.27573228 -0.27573228 -0.27573228 -0.27573228
 -0.27573228 -0.27573228 -0.27573228  2.43200284 -0.27573228  3.22477519
 -0.27573228  4.24031571 -0.27573228 -0.27573228  1.47904969 -0.27573228
 -0.27573228 -0.27573228 -0.27573228 -0.27573228  2.43025503 -0.27573228
  1.11620712  0.13588482  2.18911604 -0.27573228  4.36042394 -0.27573228
 -0.27573228 -0.27573228 -0.27573228 -0.27573228 -0.27573228 -0.27573228
 -0.27573228 -0.27573228 -0.27573228 -0.27573228 -0.27573228 -0.27573228
 -0.27573228 -0.27573228 -0.27573228 -0.27573228 -0.27573228 -0.27573228
 -0.27573228 -0.27573228 -0.27573228 -0.27573228 -0.27573228 -0.27573228
 -0.27573228 -0.27573228 -0.27573228 -0.27573228 -0.27573228 -0.27573228
 -0.27573228 -0.27573228 -0.27573228 -0.27573228 -0.27573228 -0.27573228
 -0.27573228 -0.27573228 -0.27573228 -0.27573228 -0.27573228 -0.27573228
 -0.27573228 -0.27573228 -0.27573228 -0.27573228 -0.27573228 -0.27573228
 -0.27573228 -0.27573228 -0.27573228 -0.27573228 -0.27573228 -0.27573228
  4.33161437 -0.27573228 -0.27573228 -0.27573228 -0.27573228  1.05584368
 -0.27573228 -0.27573228 -0.27573228 -0.27573228 -0.27573228 -0.27573228
 -0.27573228 -0.27573228 -0.27573228 -0.27573228 -0.27573228]",[0.09125593196026768]
3,"[-0.25431828 -0.25431828 -0.25431828 -0.25431828 -0.25431828 -0.25431828
 -0.25431828 -0.25431828 -0.25431828 -0.25431828 -0.25431828 -0.25431828
 -0.25431828 -0.25431828 -0.25431828 -0.25431828  2.75022216 -0.25431828
 -0.25431828 -0.25431828 -0.25431828 -0.25431828 -0.25431828 -0.25431828
 -0.25431828 -0.25431828 -0.25431828 -0.25431828 -0.25431828 -0.25431828
 -0.25431828 -0.25431828 -0.25431828 -0.25431828 -0.25431828 -0.25431828
 -0.25431828 -0.25431828 -0.25431828 -0.25431828  6.61117867  0.13133733
 -0.25431828 -0.25431828 -0.25431828 -0.25431828 -0.25431828 -0.25431828
 -0.25431828 -0.25431828 -0.25431828 -0.25431828 -0.25431828  0.41204539
 -0.25431828 -0.25431828 -0.25431828 -0.25431828 -0.25431828 -0.25431828
 -0.25431828 -0.25431828 -0.25431828 -0.25431828 -0.25431828 -0.25431828
 -0.25431828 -0.25431828 -0.25431828 -0.25431828 -0.25431828 -0.25431828
 -0.25431828 -0.25431828 -0.25431828 -0.25431828 -0.25431828  2.9912404
 -0.25431828 -0.25431828 -0.25431828 -0.25431828 -0.25431828  3.27213326
 -0.25431828 -0.25431828 -0.25431828 -0.25431828 -0.25431828  3.32083179
 -0.25431828  3.38671378 -0.25431828 -0.25431828  2.9255519  -0.25431828
 -0.25431828 -0.25431828 -0.25431828 -0.25431828 -0.25431828 -0.25431828
  3.44083595  0.01226709 -0.25431828 -0.25431828  3.85900647 -0.25431828
 -0.25431828 -0.25431828 -0.25431828 -0.25431828 -0.25431828 -0.25431828
 -0.25431828 -0.25431828 -0.25431828 -0.25431828 -0.25431828 -0.25431828
 -0.25431828 -0.25431828 -0.25431828 -0.25431828 -0.25431828 -0.25431828
 -0.25431828 -0.25431828 -0.25431828 -0.25431828 -0.25431828 -0.25431828
 -0.25431828 -0.25431828 -0.25431828 -0.25431828 -0.25431828 -0.25431828
 -0.25431828 -0.25431828 -0.25431828 -0.25431828 -0.25431828 -0.25431828
 -0.25431828 -0.25431828 -0.25431828 -0.25431828 -0.25431828 -0.25431828
 -0.25431828 -0.25431828 -0.25431828 -0.25431828 -0.25431828 -0.25431828
 -0.25431828 -0.25431828 -0.25431828 -0.25431828 -0.25431828 -0.25431828
  4.79442115 -0.25431828 -0.25431828 -0.25431828 -0.25431828  4.05473036
 -0.25431828 -0.25431828 -0.25431828 -0.25431828 -0.25431828 -0.25431828
 -0.25431828 -0.25431828 -0.25431828 -0.25431828 -0.25431828]",[0.023808950583287913]
3,"[-0.27881436 -0.27881436 -0.27881436 -0.27881436 -0.27881436 -0.27881436
 -0.27881436 -0.27881436 -0.27881436 -0.27881436 -0.27881436 -0.27881436
 -0.27881436 -0.27881436 -0.27881436 -0.27881436  0.90401272 -0.27881436
 -0.27881436 -0.27881436 -0.27881436 -0.27881436 -0.27881436 -0.27881436
 -0.27881436 -0.27881436 -0.27881436 -0.27881436  0.78949967 -0.27881436
 -0.27881436 -0.27881436 -0.27881436 -0.27881436 -0.27881436 -0.27881436
 -0.27881436 -0.27881436 -0.27881436 -0.27881436  6.646825   -0.27881436
 -0.27881436 -0.27881436 -0.27881436 -0.27881436 -0.27881436 -0.27881436
 -0.27881436 -0.27881436 -0.27881436 -0.27881436 -0.27881436  0.47698488
 -0.27881436 -0.27881436 -0.27881436 -0.27881436 -0.27881436 -0.27881436
 -0.27881436 -0.27881436 -0.27881436 -0.27881436 -0.27881436 -0.27881436
 -0.27881436 -0.27881436 -0.27881436 -0.27881436 -0.27881436 -0.27881436
 -0.27881436 -0.27881436 -0.27881436 -0.27881436 -0.27881436 -0.27881436
 -0.27881436 -0.27881436 -0.27881436  3.86163831  1.8230151  -0.27881436
 -0.27881436 -0.27881436 -0.27881436 -0.27881436  2.65095238 -0.27881436
 -0.27881436  2.21599784 -0.27881436  3.27852389  3.8111037  -0.27881436
 -0.27881436 -0.27881436 -0.27881436 -0.27881436  2.56055781 -0.27881436
  3.03091085  4.12591919  1.08813558 -0.27881436  2.90144111 -0.27881436
 -0.27881436 -0.27881436 -0.27881436 -0.27881436 -0.27881436 -0.27881436
 -0.27881436 -0.27881436 -0.27881436 -0.27881436 -0.27881436 -0.27881436
 -0.27881436 -0.27881436 -0.27881436 -0.27881436 -0.27881436 -0.27881436
 -0.27881436 -0.27881436 -0.27881436 -0.27881436 -0.27881436 -0.27881436
 -0.27881436 -0.27881436 -0.27881436 -0.27881436 -0.27881436 -0.27881436
 -0.27881436 -0.27881436 -0.27881436 -0.27881436 -0.27881436 -0.27881436
 -0.27881436 -0.27881436 -0.27881436 -0.27881436 -0.27881436 -0.27881436
 -0.27881436 -0.27881436 -0.27881436 -0.27881436 -0.27881436 -0.27881436
 -0.27881436 -0.27881436 -0.27881436 -0.27881436 -0.27881436 -0.27881436
  4.76290679 -0.27881436 -0.27881436 -0.27881436 -0.27881436 -0.27881436
 -0.27881436  0.23950174 -0.27881436 -0.27881436 -0.27881436 -0.27881436
 -0.27881436 -0.27881436 -0.27881436 -0.27881436 -0.27881436]",[0.013267782338578338]
3,"[-0.24083467 -0.24083467 -0.24083467 -0.24083467 -0.24083467 -0.24083467
 -0.24083467 -0.24083467 -0.24083467 -0.24083467 -0.24083467 -0.24083467
 -0.24083467 -0.24083467 -0.24083467 -0.24083467  1.12802765 -0.24083467
 -0.24083467 -0.24083467 -0.24083467 -0.24083467 -0.24083467 -0.24083467
 -0.24083467 -0.24083467 -0.24083467 -0.24083467  0.70281993 -0.24083467
 -0.24083467 -0.24083467 -0.24083467 -0.24083467 -0.24083467 -0.24083467
 -0.24083467 -0.24083467 -0.24083467 -0.24083467  1.08962878 -0.24083467
 -0.24083467 -0.24083467 -0.24083467 -0.24083467 -0.24083467 -0.24083467
 -0.24083467 -0.24083467 -0.24083467 -0.24083467 -0.24083467  0.25317336
 -0.10069118 -0.24083467 -0.24083467 -0.24083467 -0.24083467 -0.24083467
 -0.24083467 -0.24083467 -0.24083467 -0.24083467 -0.24083467 -0.24083467
 -0.24083467 -0.24083467 -0.24083467 -0.24083467 -0.24083467 -0.24083467
 -0.24083467 -0.24083467 -0.24083467 -0.24083467 -0.24083467  2.52296679
 -0.24083467 -0.24083467 -0.24083467 -0.24083467 -0.24083467  3.54405869
 -0.24083467 -0.24083467 -0.24083467 -0.24083467 -0.24083467  2.91150165
 -0.24083467  5.01105561 -0.24083467 -0.24083467  5.69229715 -0.24083467
 -0.24083467 -0.24083467 -0.24083467 -0.24083467 -0.24083467 -0.24083467
  4.56827594 -0.21949315  0.10930161 -0.24083467  1.29682319 -0.24083467
 -0.24083467 -0.24083467 -0.24083467 -0.24083467 -0.24083467 -0.24083467
 -0.24083467 -0.24083467 -0.24083467 -0.24083467 -0.24083467 -0.24083467
 -0.24083467 -0.24083467 -0.24083467 -0.24083467 -0.24083467 -0.24083467
 -0.24083467 -0.24083467 -0.24083467 -0.24083467 -0.24083467 -0.24083467
 -0.24083467 -0.24083467 -0.24083467 -0.24083467 -0.24083467 -0.24083467
 -0.24083467 -0.24083467 -0.24083467 -0.24083467 -0.24083467 -0.24083467
 -0.24083467 -0.24083467 -0.24083467 -0.24083467 -0.24083467 -0.24083467
 -0.24083467 -0.24083467 -0.24083467 -0.24083467 -0.24083467 -0.24083467
 -0.24083467 -0.24083467 -0.24083467 -0.24083467 -0.24083467 -0.24083467
  6.16366393 -0.24083467 -0.24083467 -0.24083467 -0.24083467  4.58264118
 -0.24083467 -0.24083467 -0.24083467 -0.24083467 -0.24083467 -0.24083467
 -0.24083467 -0.24083467 -0.24083467 -0.24083467 -0.24083467]",[0.0076498811945401035]
3,"[-0.28895601 -0.28895601 -0.28895601 -0.28895601 -0.28895601 -0.28895601
 -0.28895601 -0.28895601 -0.28895601 -0.28895601 -0.28895601 -0.28895601
 -0.28895601 -0.28895601 -0.28895601 -0.28895601  0.32082589 -0.28895601
 -0.28895601 -0.28895601 -0.28895601 -0.28895601 -0.28895601 -0.28895601
 -0.28895601 -0.28895601 -0.28895601 -0.28895601 -0.28895601 -0.28895601
 -0.28895601 -0.28895601 -0.28895601 -0.28895601 -0.28895601 -0.28895601
 -0.28895601 -0.28895601 -0.28895601 -0.28895601  6.12386028  1.91596819
 -0.28895601 -0.28895601 -0.28895601 -0.28895601 -0.28895601 -0.28895601
 -0.28895601 -0.28895601 -0.28895601 -0.28895601 -0.28895601  0.33356507
 -0.28895601 -0.28895601 -0.28895601 -0.28895601 -0.28895601 -0.28895601
 -0.28895601 -0.28895601 -0.28895601 -0.28895601 -0.28895601 -0.28895601
 -0.28895601 -0.28895601 -0.28895601 -0.28895601 -0.28895601 -0.28895601
 -0.28895601 -0.28895601 -0.28895601 -0.28895601 -0.28895601 -0.28895601
 -0.28895601 -0.28895601 -0.28895601 -0.28895601 -0.28895601 -0.28895601
 -0.28895601 -0.28895601 -0.28895601  1.40656681 -0.28895601  2.60452607
 -0.28895601  3.32159131 -0.28895601 -0.28895601  3.84017898 -0.10998317
 -0.28895601 -0.28895601 -0.28895601 -0.28895601  2.55683298 -0.28895601
  2.4507527   3.55375424  2.48186689 -0.28895601  3.21996398 -0.28895601
 -0.28895601 -0.28895601 -0.28895601 -0.28895601 -0.28895601 -0.28895601
 -0.28895601 -0.28895601 -0.28895601 -0.28895601 -0.28895601 -0.28895601
 -0.28895601 -0.28895601 -0.28895601 -0.28895601 -0.28895601 -0.28895601
 -0.28895601 -0.28895601 -0.28895601 -0.28895601 -0.28895601 -0.28895601
 -0.28895601 -0.28895601 -0.28895601 -0.28895601 -0.28895601 -0.28895601
 -0.28895601  4.46507531 -0.28895601 -0.28895601 -0.28895601 -0.28895601
 -0.28895601 -0.28895601 -0.28895601 -0.28895601 -0.28895601 -0.28895601
 -0.28895601  0.36559142 -0.28895601 -0.28895601 -0.28895601 -0.28895601
 -0.28895601 -0.28895601 -0.28895601 -0.28895601 -0.28895601 -0.28895601
  2.98662927 -0.28895601 -0.28895601 -0.28895601 -0.28895601  4.35976201
  0.03563376 -0.28895601 -0.28895601 -0.28895601 -0.28895601 -0.28895601
 -0.28895601 -0.28895601 -0.28895601 -0.28895601 -0.28895601]",[0.05778485178417811]
3,"[-0.17992405 -0.17992405 -0.17992405 -0.17992405 -0.17992405 -0.17992405
 -0.17992405 -0.17992405 -0.17992405 -0.17992405 -0.17992405 -0.17992405
 -0.17992405 -0.17992405 -0.17992405 -0.17992405 -0.17992405 -0.17992405
 -0.17992405 -0.17992405 -0.17992405 -0.17992405 -0.17992405 -0.17992405
 -0.17992405 -0.17992405 -0.17992405 -0.17992405  0.83555322 -0.17992405
 -0.17992405 -0.17992405 -0.17992405 -0.17992405 -0.17992405 -0.17992405
 -0.17992405 -0.17992405 -0.17992405 -0.17992405  2.07009125 -0.17992405
 -0.17992405 -0.17992405 -0.17992405 -0.17992405 -0.17992405 -0.17992405
 -0.17992405 -0.17992405 -0.17992405 -0.17992405 -0.17992405  6.73387909
  0.04321132 -0.17992405 -0.17992405 -0.17992405 -0.17992405 -0.17992405
 -0.17992405 -0.17992405 -0.17992405 -0.17992405 -0.17992405 -0.17992405
 -0.17992405 -0.17992405 -0.17992405 -0.17992405 -0.17992405 -0.17992405
 -0.17992405 -0.17992405 -0.17992405 -0.17992405 -0.17992405 -0.17992405
 -0.17992405 -0.17992405 -0.17992405 -0.17992405 -0.17992405 -0.17992405
 -0.17992405 -0.17992405 -0.17992405 -0.17992405 -0.17992405 -0.17992405
 -0.17992405  1.94437453 -0.17992405 -0.17992405  7.35656893 -0.17992405
 -0.17992405 -0.17992405 -0.17992405 -0.17992405 -0.02279645 -0.17992405
 -0.17992405 -0.17992405  0.10086432 -0.17992405  0.35543489 -0.17992405
 -0.17992405 -0.17992405 -0.17992405 -0.17992405 -0.17992405 -0.17992405
 -0.17992405 -0.17992405 -0.17992405 -0.17992405 -0.17992405 -0.17992405
 -0.17992405 -0.17992405 -0.17992405 -0.17992405 -0.17992405 -0.17992405
 -0.17992405 -0.17992405 -0.17992405 -0.17992405 -0.17992405 -0.17992405
 -0.17992405 -0.17992405 -0.17992405 -0.17992405 -0.17992405 -0.17992405
 -0.17992405 -0.17992405 -0.17992405 -0.17992405 -0.17992405 -0.17992405
 -0.17992405 -0.17992405 -0.17992405 -0.17992405 -0.17992405 -0.17992405
 -0.17992405 -0.17992405 -0.17992405 -0.17992405 -0.17992405 -0.17992405
 -0.17992405 -0.17992405 -0.17992405 -0.17992405 -0.17992405 -0.17992405
  7.24426279 -0.17992405 -0.17992405 -0.17992405 -0.17992405  3.56579605
 -0.17992405 -0.17992405 -0.17992405 -0.17992405 -0.17992405 -0.17992405
 -0.17992405 -0.17992405 -0.17992405 -0.17992405 -0.17992405]",[-0.07638476809997949]
3,"[-1.94596896e-01 -1.94596896e-01 -1.94596896e-01 -1.57631223e-01
 -1.94596896e-01 -1.94596896e-01 -1.94596896e-01 -1.94596896e-01
 -1.94596896e-01 -1.94596896e-01 -1.94596896e-01 -1.94596896e-01
 -1.94596896e-01 -1.94596896e-01 -1.94596896e-01 -1.94596896e-01
  8.13683318e-01 -1.94596896e-01 -1.94596896e-01 -1.94596896e-01
 -1.94596896e-01 -1.94596896e-01 -1.94596896e-01 -1.94596896e-01
 -1.94596896e-01 -1.94596896e-01 -1.94596896e-01 -1.94596896e-01
  1.79181447e+00 -1.94596896e-01 -1.94596896e-01 -1.94596896e-01
 -1.94596896e-01 -1.94596896e-01 -1.94596896e-01 -1.94596896e-01
 -1.94596896e-01 -1.94596896e-01 -1.94596896e-01 -1.94596896e-01
  7.57253754e+00 -1.94596896e-01 -1.94596896e-01 -1.94596896e-01
 -1.94596896e-01 -1.94596896e-01 -1.94596896e-01 -1.94596896e-01
 -1.94596896e-01 -1.94596896e-01 -1.94596896e-01 -1.94596896e-01
 -1.94596896e-01  6.29590133e+00  6.63570782e-02 -1.94596896e-01
 -1.94596896e-01 -1.94596896e-01 -1.94596896e-01 -1.94596896e-01
 -1.94596896e-01 -1.94596896e-01 -1.94596896e-01 -1.94596896e-01
 -1.94596896e-01 -1.94596896e-01 -1.94596896e-01 -1.94596896e-01
 -1.94596896e-01 -1.94596896e-01 -1.94596896e-01 -1.94596896e-01
 -1.94596896e-01 -1.94596896e-01 -1.94596896e-01 -1.94596896e-01
 -1.94596896e-01 -1.94596896e-01 -1.94596896e-01 -1.94596896e-01
 -1.94596896e-01 -1.94596896e-01 -1.94596896e-01 -1.94596896e-01
 -1.94596896e-01 -1.94596896e-01 -1.94596896e-01 -1.94596896e-01
  1.37594863e+00  2.09920534e-01 -1.94596896e-01  4.64941703e+00
 -1.94596896e-01 -1.94596896e-01  3.61981454e-01 -1.94596896e-01
 -1.94596896e-01 -1.94596896e-01 -1.94596896e-01 -1.94596896e-01
  2.33948827e-02 -1.94596896e-01 -1.94596896e-01 -1.94596896e-01
 -6.03035270e-03 -1.94596896e-01  8.53754952e-01 -1.94596896e-01
 -1.94596896e-01 -1.94596896e-01 -1.94596896e-01 -1.94596896e-01
 -1.94596896e-01 -1.94596896e-01 -1.94596896e-01 -1.94596896e-01
 -1.94596896e-01 -1.94596896e-01 -1.94596896e-01 -1.94596896e-01
 -1.94596896e-01 -1.94596896e-01 -1.94596896e-01 -1.94596896e-01
 -1.94596896e-01 -1.94596896e-01 -1.94596896e-01 -1.94596896e-01
 -1.94596896e-01 -1.94596896e-01 -1.94596896e-01 -1.94596896e-01
 -1.94596896e-01 -1.94596896e-01 -1.94596896e-01 -1.94596896e-01
 -1.94596896e-01 -1.94596896e-01 -1.94596896e-01 -1.94596896e-01
 -1.94596896e-01 -1.94596896e-01 -1.94596896e-01 -1.94596896e-01
 -1.94596896e-01 -1.94596896e-01 -1.94596896e-01 -1.94596896e-01
 -1.94596896e-01 -1.94596896e-01 -1.94596896e-01 -1.94596896e-01
 -1.94596896e-01 -1.94596896e-01 -1.94596896e-01 -1.94596896e-01
 -1.94596896e-01 -1.94596896e-01 -1.94596896e-01 -1.94596896e-01
 -1.94596896e-01 -1.94596896e-01  6.76879444e+00 -1.94596896e-01
 -1.94596896e-01 -1.94596896e-01 -1.94596896e-01  1.29404679e+00
 -1.94596896e-01 -1.94596896e-01 -1.94596896e-01 -1.94596896e-01
 -1.94596896e-01 -1.94596896e-01 -1.94596896e-01 -1.94596896e-01
 -1.94596896e-01 -1.94596896e-01 -1.94596896e-01]",[-0.06727711195283939]
3,"[-0.18657275 -0.18657275 -0.18657275 -0.18657275 -0.18657275 -0.18657275
 -0.18657275 -0.18657275 -0.18657275 -0.18657275 -0.18657275 -0.18657275
 -0.18657275 -0.18657275 -0.18657275 -0.18657275  1.08660078 -0.18657275
 -0.18657275 -0.18657275 -0.18657275 -0.18657275 -0.18657275 -0.18657275
 -0.18657275 -0.18657275 -0.18657275 -0.18657275 -0.18657275 -0.18657275
 -0.18657275 -0.18657275 -0.18657275 -0.18657275 -0.18657275 -0.18657275
 -0.18657275 -0.18657275 -0.18657275 -0.18657275  2.60338983 -0.18657275
 -0.18657275 -0.18657275 -0.18657275 -0.18657275 -0.18657275 -0.18657275
 -0.18657275 -0.18657275 -0.18657275 -0.18657275 -0.18657275  0.35295615
 -0.18657275 -0.18657275 -0.18657275 -0.18657275 -0.18657275 -0.18657275
 -0.18657275 -0.18657275 -0.18657275 -0.18657275 -0.18657275 -0.18657275
 -0.18657275 -0.18657275 -0.18657275 -0.18657275 -0.18657275 -0.18657275
 -0.18657275 -0.18657275 -0.18657275 -0.18657275 -0.18657275 -0.18657275
 -0.18657275 -0.18657275 -0.18657275 -0.18657275 -0.18657275 -0.18657275
 -0.18657275 -0.18657275 -0.18657275 -0.18657275 -0.18657275 -0.18657275
 -0.18657275 -0.18657275 -0.18657275 -0.18657275  7.59936172 -0.18657275
 -0.18657275 -0.18657275 -0.18657275 -0.18657275  3.79530637 -0.18657275
 -0.18657275  1.93675094  3.41692868 -0.18657275  2.48571463 -0.18657275
 -0.18657275 -0.18657275 -0.18657275 -0.18657275 -0.18657275 -0.18657275
 -0.18657275 -0.18657275 -0.18657275 -0.18657275 -0.18657275 -0.18657275
 -0.18657275 -0.18657275 -0.18657275 -0.18657275 -0.18657275 -0.18657275
 -0.18657275 -0.18657275 -0.18657275 -0.18657275 -0.18657275 -0.18657275
 -0.18657275 -0.18657275 -0.18657275 -0.18657275 -0.18657275 -0.18657275
 -0.18657275 -0.18657275 -0.18657275 -0.18657275 -0.18657275 -0.18657275
 -0.18657275 -0.18657275 -0.18657275 -0.18657275 -0.18657275 -0.18657275
 -0.18657275 -0.18657275 -0.18657275 -0.18657275 -0.18657275 -0.18657275
 -0.18657275 -0.18657275 -0.18657275 -0.18657275 -0.18657275 -0.18657275
  8.44035861 -0.18657275 -0.18657275 -0.18657275 -0.18657275 -0.18657275
 -0.18657275 -0.18657275 -0.18657275 -0.18657275 -0.18657275 -0.18657275
 -0.18657275 -0.18657275 -0.18657275 -0.18657275 -0.18657275]",[-0.04189652401171662]
3,"[-0.22526502 -0.22526502 -0.22526502 -0.22526502 -0.22526502 -0.22526502
 -0.22526502 -0.22526502 -0.22526502 -0.22526502 -0.22526502 -0.22526502
 -0.22526502 -0.22526502 -0.22526502 -0.22526502 -0.22526502 -0.22526502
 -0.22526502 -0.22526502  0.54503844 -0.22526502 -0.22526502 -0.22526502
 -0.22526502 -0.22526502 -0.22526502 -0.22526502 -0.22526502 -0.22526502
 -0.22526502 -0.22526502 -0.22526502 -0.22526502 -0.22526502 -0.22526502
 -0.22526502 -0.22526502 -0.22526502 -0.22526502  6.85501559 -0.22526502
 -0.22526502 -0.22526502 -0.22526502 -0.22526502 -0.22526502 -0.22526502
 -0.22526502 -0.22526502 -0.22526502 -0.22526502 -0.22526502  0.45310549
 -0.22526502 -0.22526502 -0.22526502 -0.22526502 -0.22526502 -0.22526502
 -0.22526502 -0.22526502 -0.22526502 -0.22526502 -0.22526502 -0.22526502
 -0.22526502 -0.22526502 -0.22526502 -0.22526502 -0.22526502 -0.22526502
 -0.22526502 -0.22526502 -0.22526502 -0.22526502 -0.22526502  3.11297342
 -0.22526502 -0.22526502 -0.22526502 -0.22526502 -0.22526502  2.57107345
 -0.22526502 -0.22526502 -0.22526502 -0.22526502  3.65609434 -0.22526502
 -0.22526502  5.23494882 -0.22526502 -0.22526502  0.40767015 -0.22526502
 -0.22526502 -0.22526502 -0.22526502 -0.22526502 -0.16099242 -0.22526502
  3.10800487 -0.15557238  0.0304149  -0.22526502 -0.22526502 -0.22526502
 -0.22526502 -0.22526502 -0.22526502 -0.22526502 -0.22526502 -0.22526502
 -0.22526502 -0.22526502 -0.22526502 -0.22526502 -0.22526502 -0.22526502
 -0.22526502 -0.22526502 -0.22526502 -0.22526502 -0.22526502 -0.22526502
 -0.22526502 -0.22526502 -0.22526502 -0.22526502 -0.22526502 -0.22526502
 -0.22526502 -0.22526502 -0.22526502 -0.22526502 -0.22526502 -0.22526502
 -0.22526502 -0.22526502 -0.22526502 -0.22526502 -0.22526502 -0.22526502
 -0.22526502 -0.22526502 -0.22526502 -0.22526502 -0.22526502 -0.22526502
 -0.22526502 -0.22526502 -0.22526502 -0.22526502 -0.22526502 -0.22526502
 -0.22526502 -0.22526502 -0.22526502 -0.22526502 -0.22526502 -0.22526502
  6.26141668 -0.22526502 -0.22526502 -0.22526502 -0.22526502  3.99666519
 -0.22526502 -0.22526502 -0.22526502 -0.22526502 -0.22526502 -0.22526502
 -0.22526502 -0.22526502 -0.22526502 -0.22526502  1.02760666]",[-0.034976678693587365]
3,"[-0.2766446  -0.2766446  -0.2766446  -0.2766446  -0.2766446  -0.2766446
 -0.2766446  -0.2766446  -0.2766446  -0.2766446  -0.2766446  -0.2766446
 -0.2766446  -0.2766446  -0.2766446  -0.2766446   4.50917653 -0.2766446
 -0.2766446  -0.2766446  -0.2766446  -0.2766446  -0.2766446  -0.2766446
 -0.2766446  -0.2766446  -0.2766446  -0.2766446  -0.2766446  -0.2766446
 -0.2766446  -0.2766446  -0.2766446  -0.2766446  -0.2766446  -0.2766446
 -0.2766446  -0.2766446  -0.2766446  -0.2766446   3.62241406 -0.2766446
 -0.2766446  -0.2766446  -0.2766446  -0.2766446  -0.2766446  -0.2766446
 -0.2766446  -0.2766446  -0.2766446  -0.2766446  -0.2766446   0.41195814
 -0.2766446  -0.2766446   4.16644882 -0.2766446  -0.2766446  -0.2766446
 -0.2766446  -0.2766446  -0.2766446  -0.2766446  -0.2766446  -0.2766446
 -0.2766446  -0.2766446  -0.2766446  -0.2766446  -0.2766446  -0.2766446
 -0.2766446  -0.2766446  -0.2766446  -0.2766446  -0.2766446  -0.2766446
 -0.2766446  -0.2766446  -0.2766446  -0.2766446  -0.2766446   2.49192997
 -0.2766446  -0.2766446  -0.2766446  -0.2766446   2.77273028 -0.2766446
 -0.2766446   2.54868659 -0.2766446   3.06169998  5.07132285 -0.09392046
 -0.2766446  -0.2766446  -0.2766446  -0.2766446   2.11509594 -0.2766446
  3.94066439  0.02259359 -0.2766446  -0.2766446   2.70677664 -0.2766446
 -0.2766446  -0.2766446  -0.2766446  -0.2766446  -0.2766446  -0.2766446
 -0.2766446  -0.2766446  -0.2766446  -0.2766446  -0.2766446  -0.2766446
 -0.2766446  -0.2766446  -0.2766446  -0.2766446  -0.2766446  -0.2766446
 -0.2766446  -0.2766446  -0.2766446  -0.2766446  -0.2766446  -0.2766446
 -0.2766446  -0.2766446  -0.2766446  -0.2766446  -0.2766446  -0.2766446
 -0.2766446  -0.2766446  -0.2766446  -0.2766446  -0.2766446  -0.2766446
 -0.2766446  -0.2766446  -0.2766446  -0.2766446  -0.2766446  -0.2766446
 -0.2766446  -0.2766446  -0.2766446  -0.2766446  -0.2766446  -0.2766446
 -0.2766446  -0.2766446  -0.2766446  -0.2766446  -0.2766446  -0.2766446
  5.03916125 -0.2766446  -0.2766446  -0.2766446  -0.2766446   2.70633079
 -0.2766446  -0.2766446  -0.2766446  -0.2766446  -0.2766446  -0.2766446
 -0.2766446  -0.2766446  -0.2766446  -0.2766446  -0.2766446 ]",[0.08167126991954043]
3,"[-0.19464558 -0.19464558 -0.19464558 -0.19464558 -0.19464558 -0.19464558
 -0.19464558 -0.19464558 -0.19464558 -0.19464558 -0.19464558 -0.19464558
 -0.19464558 -0.19464558 -0.19464558 -0.19464558 -0.19464558 -0.19464558
 -0.19464558 -0.19464558 -0.19464558 -0.19464558 -0.19464558 -0.19464558
 -0.19464558 -0.19464558 -0.19464558 -0.19464558 -0.19464558 -0.19464558
 -0.19464558 -0.19464558 -0.19464558 -0.19464558 -0.19464558 -0.19464558
 -0.19464558 -0.19464558 -0.19464558 -0.19464558  5.32370086 -0.19464558
 -0.19464558 -0.19464558 -0.19464558 -0.19464558 -0.19464558 -0.19464558
 -0.19464558 -0.19464558 -0.19464558 -0.19464558 -0.19464558  6.8681579
 -0.19464558 -0.19464558 -0.19464558 -0.19464558 -0.19464558 -0.19464558
 -0.19464558 -0.19464558 -0.19464558 -0.19464558 -0.19464558 -0.19464558
 -0.19464558 -0.19464558 -0.19464558 -0.19464558 -0.19464558 -0.19464558
 -0.19464558 -0.19464558 -0.19464558 -0.19464558 -0.19464558 -0.19464558
 -0.19464558 -0.19464558 -0.19464558 -0.19464558 -0.19464558  2.25381754
 -0.19464558 -0.19464558 -0.19464558 -0.19464558 -0.19464558 -0.19464558
 -0.19464558  2.37571496 -0.19464558 -0.19464558  5.29600369 -0.19464558
 -0.19464558 -0.19464558 -0.19464558 -0.19464558 -0.10090974 -0.19464558
 -0.19464558 -0.15527964  0.30601153 -0.19464558  4.79796413 -0.19464558
 -0.19464558 -0.19464558 -0.19464558 -0.19464558 -0.19464558 -0.19464558
 -0.19464558 -0.19464558 -0.19464558 -0.19464558 -0.19464558 -0.19464558
 -0.19464558 -0.19464558 -0.19464558 -0.19464558 -0.19464558 -0.19464558
 -0.19464558 -0.19464558 -0.19464558 -0.19464558 -0.19464558 -0.19464558
 -0.19464558 -0.19464558 -0.19464558 -0.19464558 -0.19464558 -0.19464558
 -0.19464558 -0.19464558 -0.19464558 -0.19464558 -0.19464558 -0.19464558
 -0.19464558 -0.19464558 -0.19464558 -0.19464558 -0.19464558 -0.19464558
 -0.19464558 -0.19464558 -0.19464558 -0.19464558 -0.19464558 -0.19464558
 -0.19464558 -0.19464558 -0.19464558 -0.19464558 -0.19464558 -0.19464558
  5.92992096 -0.19464558 -0.19464558 -0.19464558 -0.19464558 -0.19464558
 -0.19464558 -0.19464558 -0.19464558 -0.19464558 -0.19464558 -0.19464558
 -0.19464558 -0.19464558 -0.19464558 -0.19464558 -0.19464558]",[-0.0021098745293780252]
3,"[-0.19473911 -0.19473911 -0.19473911 -0.09917882 -0.19473911 -0.19473911
 -0.19473911 -0.19473911 -0.19473911 -0.19473911 -0.19473911 -0.19473911
 -0.19473911 -0.19473911 -0.19473911 -0.19473911 -0.19473911 -0.19473911
 -0.19473911 -0.19473911  0.67123824 -0.19473911 -0.19473911 -0.19473911
 -0.19473911 -0.19473911 -0.19473911 -0.19473911 -0.19473911 -0.19473911
 -0.19473911 -0.19473911 -0.19473911 -0.19473911 -0.19473911 -0.19473911
 -0.19473911 -0.19473911 -0.19473911 -0.19473911  1.2562517  -0.19473911
 -0.19473911 -0.19473911 -0.19473911 -0.19473911 -0.19473911 -0.19473911
 -0.19473911 -0.19473911 -0.19473911 -0.19473911 -0.19473911  0.63152243
  1.18862253 -0.19473911 -0.19473911 -0.19473911 -0.19473911 -0.19473911
 -0.19473911 -0.19473911 -0.19473911 -0.19473911 -0.19473911 -0.19473911
 -0.19473911 -0.19473911 -0.19473911 -0.19473911 -0.19473911 -0.19473911
 -0.19473911 -0.19473911 -0.19473911 -0.19473911 -0.19473911 -0.19473911
 -0.19473911 -0.19473911 -0.19473911 -0.19473911 -0.19473911  5.88392109
 -0.19473911 -0.19473911 -0.19473911 -0.19473911 -0.19473911 -0.19473911
 -0.19473911  5.50221519 -0.19473911 -0.19473911 -0.19473911 -0.19473911
 -0.19473911 -0.19473911 -0.19473911 -0.19473911 -0.06616365 -0.19473911
  0.9543129  -0.19473911  6.12965921 -0.19473911  2.92869833 -0.19473911
 -0.19473911 -0.19473911 -0.19473911 -0.19473911 -0.19473911 -0.19473911
 -0.19473911 -0.19473911 -0.19473911 -0.19473911 -0.19473911 -0.19473911
 -0.19473911 -0.19473911 -0.19473911 -0.19473911 -0.19473911 -0.19473911
 -0.19473911 -0.19473911 -0.19473911 -0.19473911 -0.19473911 -0.19473911
 -0.19473911 -0.19473911 -0.19473911 -0.19473911 -0.19473911 -0.19473911
 -0.19473911 -0.19473911 -0.19473911 -0.19473911 -0.19473911 -0.19473911
 -0.19473911 -0.19473911 -0.19473911 -0.19473911 -0.19473911 -0.19473911
 -0.19473911 -0.19473911 -0.19473911 -0.19473911 -0.19473911 -0.19473911
 -0.19473911 -0.19473911 -0.19473911 -0.19473911 -0.19473911 -0.19473911
  7.5403322  -0.19473911 -0.19473911 -0.19473911 -0.19473911 -0.19473911
 -0.19473911 -0.19473911 -0.19473911 -0.19473911 -0.19473911 -0.19473911
 -0.19473911 -0.19473911 -0.19473911 -0.19473911 -0.19473911]",[-0.01784220386870436]
3,"[-0.24998098 -0.24998098 -0.24998098 -0.24998098 -0.24998098 -0.24998098
 -0.24998098 -0.24998098 -0.24998098 -0.24998098 -0.24998098 -0.24998098
 -0.24998098 -0.24998098 -0.24998098 -0.24998098 -0.24998098 -0.24998098
 -0.24998098 -0.24998098 -0.24998098 -0.24998098 -0.24998098 -0.24998098
 -0.24998098 -0.24998098 -0.24998098 -0.24998098 -0.24998098 -0.24998098
 -0.24998098 -0.24998098 -0.24998098 -0.24998098 -0.24998098 -0.24998098
 -0.24998098 -0.24998098 -0.24998098 -0.24998098  7.23186373  0.85502459
 -0.24998098 -0.24998098 -0.24998098 -0.24998098 -0.24998098 -0.24998098
 -0.24998098 -0.24998098 -0.24998098 -0.24998098 -0.24998098  4.32134706
 -0.24998098 -0.24998098 -0.24998098 -0.24998098 -0.24998098 -0.24998098
 -0.24998098 -0.24998098 -0.24998098 -0.24998098 -0.24998098 -0.24998098
 -0.24998098 -0.24998098 -0.24998098 -0.24998098 -0.24998098 -0.24998098
 -0.24998098 -0.24998098 -0.24998098 -0.24998098 -0.24998098 -0.24998098
 -0.24998098 -0.24998098 -0.24998098 -0.24998098 -0.24998098 -0.24998098
 -0.24998098 -0.24998098 -0.24998098 -0.24998098  2.47822195  0.29971334
 -0.24998098  1.41345819 -0.24998098 -0.24998098 -0.24998098 -0.24998098
 -0.24998098 -0.24998098  0.36168955 -0.24998098  2.39969742 -0.24998098
  3.55607436  2.36121837  3.12153585 -0.24998098  2.42277218 -0.24998098
 -0.24998098 -0.24998098 -0.24998098 -0.24998098 -0.24998098 -0.24998098
 -0.24998098 -0.24998098 -0.24998098 -0.24998098 -0.24998098 -0.24998098
 -0.24998098 -0.24998098 -0.24998098 -0.24998098 -0.24998098 -0.24998098
 -0.24998098 -0.24998098 -0.24998098 -0.24998098 -0.24998098 -0.24998098
 -0.24998098 -0.24998098 -0.24998098 -0.24998098 -0.24998098 -0.24998098
 -0.24998098  6.49089923 -0.24998098 -0.24998098 -0.24998098 -0.24998098
 -0.24998098 -0.24998098 -0.24998098 -0.24998098 -0.24998098 -0.24998098
 -0.24998098 -0.24998098 -0.24998098 -0.24998098 -0.24998098 -0.24998098
 -0.24998098 -0.24998098 -0.24998098 -0.24998098 -0.24998098 -0.24998098
  2.1398156  -0.24998098 -0.24998098 -0.24998098 -0.24998098  1.54354926
 -0.24998098 -0.24998098 -0.24998098 -0.24998098 -0.24998098 -0.24998098
 -0.24998098 -0.24998098 -0.24998098 -0.24998098 -0.24998098]",[0.03218002595543373]
3,"[-0.20959391 -0.20959391 -0.20959391 -0.20959391 -0.20959391 -0.20959391
 -0.20959391 -0.20959391 -0.20959391 -0.20959391 -0.20959391 -0.20959391
 -0.20959391 -0.20959391 -0.20959391 -0.20959391 -0.20959391 -0.20959391
 -0.20959391 -0.20959391  0.70026217 -0.20959391 -0.20959391 -0.20959391
 -0.20959391 -0.20959391 -0.20959391 -0.20959391  2.82719181 -0.20959391
 -0.20959391 -0.20959391 -0.20959391 -0.20959391 -0.20959391 -0.20959391
 -0.20959391 -0.20959391 -0.20959391 -0.20959391  1.89640291 -0.20959391
 -0.20959391 -0.20959391 -0.20959391 -0.20959391 -0.20959391 -0.20959391
 -0.20959391 -0.20959391 -0.20959391 -0.20959391 -0.20959391  0.44299182
 -0.20959391 -0.20959391 -0.20959391 -0.20959391 -0.20959391 -0.20959391
 -0.20959391 -0.20959391 -0.20959391 -0.20959391 -0.20959391 -0.20959391
 -0.20959391 -0.20959391 -0.20959391 -0.20959391 -0.20959391 -0.20959391
 -0.20959391 -0.20959391 -0.20959391 -0.20959391 -0.20959391  2.73506362
 -0.20959391 -0.20959391 -0.20959391 -0.20959391 -0.20959391  4.4931495
 -0.20959391 -0.20959391 -0.20959391 -0.20959391  5.42423693 -0.20959391
 -0.20959391  4.24660577 -0.20959391 -0.20959391  2.95265069 -0.20959391
 -0.20959391 -0.20959391 -0.20959391 -0.20959391 -0.12156175 -0.20959391
 -0.20959391 -0.20959391 -0.20959391 -0.20959391 -0.20959391 -0.20959391
 -0.20959391 -0.20959391 -0.20959391 -0.20959391 -0.20959391 -0.20959391
 -0.20959391 -0.20959391 -0.20959391 -0.20959391 -0.20959391 -0.20959391
 -0.20959391 -0.20959391 -0.20959391 -0.20959391 -0.20959391 -0.20959391
 -0.20959391 -0.20959391 -0.20959391 -0.20959391 -0.20959391 -0.20959391
 -0.20959391 -0.20959391 -0.20959391 -0.20959391 -0.20959391 -0.20959391
 -0.20959391 -0.20959391 -0.20959391 -0.20959391 -0.20959391 -0.20959391
 -0.20959391 -0.20959391 -0.20959391 -0.20959391 -0.20959391 -0.20959391
 -0.20959391 -0.20959391 -0.20959391 -0.20959391 -0.20959391 -0.20959391
 -0.20959391 -0.20959391 -0.20959391 -0.20959391 -0.20959391 -0.20959391
  8.65867226 -0.20959391 -0.20959391 -0.20959391 -0.20959391  0.74651738
 -0.20959391 -0.20959391 -0.20959391 -0.20959391 -0.20959391 -0.20959391
 -0.20959391 -0.20959391 -0.20959391 -0.20959391 -0.20959391]",[-0.015337604445173597]
3,"[-0.26879615 -0.26879615 -0.26879615 -0.26879615 -0.26879615 -0.26879615
 -0.26879615 -0.26879615 -0.26879615 -0.26879615 -0.26879615 -0.26879615
 -0.26879615 -0.26879615 -0.26879615 -0.26879615  1.16708654 -0.26879615
 -0.26879615 -0.26879615 -0.26879615 -0.26879615 -0.26879615 -0.26879615
 -0.26879615 -0.26879615 -0.26879615 -0.26879615 -0.26879615 -0.26879615
 -0.26879615 -0.26879615 -0.26879615 -0.26879615 -0.26879615 -0.26879615
 -0.26879615 -0.26879615 -0.26879615 -0.26879615  5.15119337  0.88921553
 -0.26879615 -0.26879615 -0.26879615 -0.26879615 -0.26879615 -0.26879615
 -0.26879615 -0.26879615 -0.26879615 -0.26879615 -0.26879615 -0.26879615
 -0.26879615 -0.26879615 -0.26879615 -0.26879615 -0.26879615 -0.26879615
 -0.26879615 -0.26879615 -0.26879615 -0.26879615 -0.26879615 -0.26879615
 -0.26879615 -0.26879615 -0.26879615 -0.26879615 -0.26879615 -0.26879615
 -0.26879615 -0.26879615 -0.26879615 -0.26879615 -0.26879615 -0.26879615
 -0.26879615 -0.26879615 -0.26879615  2.42394868 -0.26879615 -0.26879615
 -0.26879615 -0.26879615 -0.26879615 -0.26879615 -0.26879615 -0.26879615
 -0.26879615  1.52473805 -0.26879615 -0.26879615  5.2619185  -0.26879615
 -0.26879615 -0.26879615 -0.26879615 -0.26879615  3.51496474 -0.26879615
  3.67804963  3.62161472  4.96688472 -0.26879615  3.34538584  1.9494699
 -0.26879615 -0.26879615 -0.26879615 -0.26879615 -0.26879615 -0.26879615
 -0.26879615 -0.26879615 -0.26879615 -0.26879615 -0.26879615 -0.26879615
 -0.26879615 -0.26879615 -0.26879615 -0.26879615 -0.26879615 -0.26879615
 -0.26879615 -0.26879615 -0.26879615 -0.26879615 -0.26879615 -0.26879615
 -0.26879615 -0.26879615 -0.26879615 -0.26879615 -0.26879615 -0.26879615
 -0.26879615 -0.26879615 -0.26879615 -0.26879615 -0.26879615 -0.26879615
 -0.26879615 -0.26879615 -0.26879615 -0.26879615 -0.26879615 -0.26879615
 -0.26879615 -0.26879615 -0.26879615 -0.26879615 -0.26879615 -0.26879615
 -0.26879615 -0.26879615 -0.26879615 -0.26879615 -0.26879615 -0.26879615
  3.83661016 -0.26879615 -0.26879615 -0.26879615 -0.26879615  3.0202841
 -0.26879615 -0.26879615 -0.26879615 -0.26879615 -0.26879615 -0.26879615
 -0.26879615 -0.26879615 -0.26879615 -0.26879615 -0.26879615]",[-0.021166710845254455]
3,"[-1.87058175e-01 -1.87058175e-01 -1.87058175e-01 -1.87058175e-01
 -1.87058175e-01 -1.87058175e-01 -1.87058175e-01 -1.87058175e-01
 -1.87058175e-01 -1.87058175e-01 -1.87058175e-01 -1.87058175e-01
 -1.87058175e-01 -1.87058175e-01 -1.87058175e-01 -1.87058175e-01
 -1.87058175e-01 -1.87058175e-01 -1.87058175e-01 -1.87058175e-01
 -1.87058175e-01 -1.87058175e-01 -1.87058175e-01 -1.87058175e-01
 -1.87058175e-01 -1.87058175e-01 -1.87058175e-01 -1.87058175e-01
  2.55750430e+00 -1.87058175e-01 -1.87058175e-01 -1.87058175e-01
 -1.87058175e-01 -1.87058175e-01 -1.87058175e-01 -1.87058175e-01
 -1.87058175e-01 -1.87058175e-01 -1.87058175e-01 -1.87058175e-01
  8.91835699e+00 -1.87058175e-01 -1.87058175e-01 -1.87058175e-01
 -1.87058175e-01 -1.87058175e-01 -1.87058175e-01 -1.87058175e-01
 -1.87058175e-01 -1.87058175e-01 -1.87058175e-01 -1.87058175e-01
 -1.87058175e-01  5.15463144e-01 -1.87058175e-01 -1.87058175e-01
 -1.87058175e-01 -1.87058175e-01 -1.87058175e-01 -1.87058175e-01
 -1.87058175e-01 -1.87058175e-01 -1.87058175e-01 -1.87058175e-01
 -1.87058175e-01 -1.87058175e-01 -1.87058175e-01 -1.87058175e-01
 -1.87058175e-01 -1.87058175e-01 -1.87058175e-01 -1.87058175e-01
 -1.87058175e-01 -1.87058175e-01 -1.87058175e-01 -1.87058175e-01
 -1.87058175e-01 -1.87058175e-01 -1.87058175e-01 -1.87058175e-01
 -1.87058175e-01 -1.87058175e-01 -1.87058175e-01 -1.87058175e-01
 -1.87058175e-01 -1.87058175e-01 -1.87058175e-01 -1.87058175e-01
  3.72936627e+00 -1.87058175e-01 -1.87058175e-01  2.81795297e+00
 -1.87058175e-01 -1.87058175e-01  9.41664295e-01 -1.87058175e-01
 -1.87058175e-01 -1.87058175e-01 -1.87058175e-01 -1.87058175e-01
 -6.81232037e-02 -1.87058175e-01 -1.87058175e-01 -1.87058175e-01
 -1.87058175e-01 -1.87058175e-01  5.98521461e-03 -1.87058175e-01
 -1.87058175e-01 -1.87058175e-01 -1.87058175e-01 -1.87058175e-01
 -1.87058175e-01 -1.87058175e-01 -1.87058175e-01 -1.87058175e-01
 -1.87058175e-01 -1.87058175e-01 -1.87058175e-01 -1.87058175e-01
 -1.87058175e-01 -1.87058175e-01 -1.87058175e-01 -1.87058175e-01
 -1.87058175e-01 -1.87058175e-01 -1.87058175e-01 -1.87058175e-01
 -1.87058175e-01 -1.87058175e-01 -1.87058175e-01 -1.87058175e-01
 -1.87058175e-01 -1.87058175e-01 -1.87058175e-01 -1.87058175e-01
 -1.87058175e-01 -1.87058175e-01 -1.87058175e-01 -1.87058175e-01
 -1.87058175e-01 -1.87058175e-01 -1.87058175e-01 -1.87058175e-01
 -1.87058175e-01 -1.87058175e-01 -1.87058175e-01 -1.87058175e-01
 -1.87058175e-01 -1.87058175e-01 -1.87058175e-01 -1.87058175e-01
 -1.87058175e-01 -1.87058175e-01 -1.87058175e-01 -1.87058175e-01
 -1.87058175e-01 -1.87058175e-01 -1.87058175e-01 -1.87058175e-01
 -1.87058175e-01 -1.87058175e-01  7.03653483e+00 -1.87058175e-01
 -1.87058175e-01 -1.87058175e-01 -1.87058175e-01 -1.87058175e-01
  1.44416356e+00  3.52690507e+00 -1.87058175e-01 -1.87058175e-01
 -1.87058175e-01 -1.87058175e-01 -1.87058175e-01 -1.87058175e-01
 -1.87058175e-01 -1.87058175e-01 -1.87058175e-01]",[-0.0598179753783005]
3,"[-0.22722537 -0.22722537 -0.22722537 -0.22722537 -0.22722537 -0.22722537
 -0.22722537 -0.22722537 -0.22722537 -0.22722537 -0.22722537 -0.22722537
 -0.22722537 -0.22722537 -0.22722537 -0.22722537 -0.22722537 -0.22722537
 -0.22722537 -0.22722537 -0.22722537 -0.22722537 -0.22722537 -0.22722537
 -0.22722537 -0.22722537 -0.22722537 -0.22722537 -0.22722537 -0.22722537
 -0.22722537 -0.22722537 -0.22722537 -0.22722537 -0.22722537 -0.22722537
 -0.22722537 -0.22722537 -0.22722537 -0.22722537  7.00685694  3.2631773
 -0.22722537 -0.22722537 -0.22722537 -0.22722537 -0.22722537 -0.22722537
 -0.22722537 -0.22722537 -0.22722537 -0.22722537 -0.22722537  5.34795911
  4.36527568 -0.22722537  2.9466705  -0.22722537 -0.22722537 -0.22722537
 -0.22722537 -0.22722537 -0.22722537 -0.22722537 -0.22722537 -0.22722537
 -0.22722537 -0.22722537 -0.22722537 -0.22722537 -0.22722537 -0.22722537
 -0.22722537 -0.22722537 -0.22722537 -0.22722537 -0.22722537 -0.22722537
 -0.22722537 -0.22722537 -0.22722537 -0.22722537 -0.22722537 -0.22722537
 -0.22722537 -0.22722537 -0.22722537 -0.22722537  2.8699048  -0.22722537
 -0.22722537 -0.22722537 -0.22722537 -0.22722537  0.17296648 -0.22722537
 -0.22722537 -0.22722537 -0.22722537 -0.22722537 -0.19501479 -0.22722537
 -0.22722537 -0.20374358  0.46522785 -0.22722537  3.71984142 -0.22722537
 -0.22722537 -0.22722537 -0.22722537 -0.22722537 -0.22722537 -0.22722537
 -0.22722537 -0.22722537 -0.22722537 -0.22722537 -0.22722537 -0.22722537
 -0.22722537 -0.22722537 -0.22722537 -0.22722537 -0.22722537 -0.22722537
 -0.22722537 -0.22722537 -0.22722537 -0.22722537 -0.22722537 -0.22722537
 -0.22722537 -0.22722537 -0.22722537 -0.22722537 -0.22722537 -0.22722537
 -0.22722537 -0.22722537 -0.22722537 -0.22722537 -0.22722537 -0.22722537
 -0.22722537 -0.22722537 -0.22722537 -0.22722537  3.61745725 -0.22722537
 -0.22722537 -0.22722537 -0.22722537 -0.22722537 -0.22722537 -0.22722537
 -0.22722537 -0.22722537 -0.22722537 -0.22722537 -0.22722537 -0.22722537
  4.34283203 -0.22722537 -0.22722537 -0.22722537 -0.22722537 -0.22722537
 -0.22722537 -0.22722537 -0.22722537 -0.22722537 -0.22722537 -0.22722537
 -0.22722537 -0.22722537 -0.22722537 -0.22722537 -0.22722537]",[0.005023668189975405]
3,"[-0.25441263 -0.25441263 -0.25441263 -0.25441263 -0.25441263 -0.25441263
 -0.25441263 -0.25441263 -0.25441263 -0.25441263 -0.25441263 -0.25441263
 -0.25441263 -0.25441263 -0.25441263 -0.25441263  3.3375315  -0.25441263
 -0.25441263 -0.25441263 -0.25441263 -0.25441263 -0.25441263 -0.25441263
 -0.25441263 -0.25441263 -0.25441263 -0.25441263 -0.25441263 -0.25441263
 -0.25441263 -0.25441263 -0.25441263 -0.25441263 -0.25441263 -0.25441263
 -0.25441263 -0.25441263 -0.25441263 -0.25441263  2.25808295 -0.25441263
 -0.25441263 -0.25441263 -0.25441263 -0.25441263 -0.25441263 -0.25441263
 -0.25441263 -0.25441263 -0.25441263 -0.25441263 -0.25441263  2.34833994
 -0.02366813 -0.25441263 -0.25441263 -0.25441263 -0.25441263 -0.25441263
 -0.25441263 -0.25441263 -0.25441263 -0.25441263 -0.25441263 -0.25441263
 -0.25441263 -0.25441263 -0.25441263 -0.25441263 -0.25441263 -0.25441263
 -0.25441263 -0.25441263 -0.25441263 -0.25441263 -0.25441263  1.17439842
 -0.25441263 -0.25441263 -0.25441263 -0.25441263 -0.25441263  3.9957078
 -0.25441263 -0.25441263 -0.25441263 -0.25441263  1.97107125 -0.25441263
 -0.25441263  3.40933936 -0.25441263 -0.25441263  4.7387919  -0.25441263
 -0.25441263 -0.25441263 -0.25441263 -0.25441263  0.04502959 -0.25441263
 -0.25441263 -0.25441263  0.27001267 -0.25441263  4.42192278 -0.25441263
 -0.25441263 -0.25441263 -0.25441263 -0.25441263 -0.25441263 -0.25441263
 -0.25441263 -0.25441263 -0.25441263 -0.25441263 -0.25441263 -0.25441263
 -0.25441263 -0.25441263 -0.25441263 -0.25441263 -0.25441263 -0.25441263
 -0.25441263 -0.25441263 -0.25441263 -0.25441263 -0.25441263 -0.25441263
 -0.25441263 -0.25441263 -0.25441263 -0.25441263 -0.25441263 -0.25441263
 -0.25441263 -0.25441263 -0.25441263 -0.25441263 -0.25441263 -0.25441263
 -0.25441263 -0.25441263 -0.25441263 -0.25441263 -0.25441263 -0.25441263
 -0.25441263 -0.25441263 -0.25441263 -0.25441263 -0.25441263 -0.25441263
 -0.25441263 -0.25441263 -0.25441263 -0.25441263 -0.25441263 -0.25441263
  6.14475299 -0.25441263 -0.25441263 -0.25441263 -0.25441263  5.68407046
  0.48844414 -0.25441263  1.20543092 -0.25441263 -0.25441263 -0.25441263
 -0.25441263 -0.25441263 -0.25441263 -0.25441263 -0.25441263]",[1.5346234964779282]
3,"[-0.24421554 -0.24421554 -0.24421554 -0.24421554 -0.24421554 -0.24421554
 -0.24421554 -0.24421554 -0.24421554 -0.24421554 -0.24421554 -0.24421554
 -0.24421554 -0.24421554 -0.24421554 -0.24421554  0.88499156 -0.24421554
 -0.24421554 -0.24421554 -0.24421554 -0.24421554 -0.24421554 -0.24421554
 -0.24421554 -0.24421554 -0.24421554 -0.24421554 -0.24421554 -0.24421554
 -0.24421554 -0.24421554 -0.24421554 -0.24421554 -0.24421554 -0.24421554
 -0.24421554 -0.24421554 -0.24421554 -0.24421554  7.66307835  1.23355701
 -0.24421554 -0.24421554 -0.24421554 -0.24421554 -0.24421554 -0.24421554
 -0.24421554 -0.24421554 -0.24421554 -0.24421554 -0.24421554 -0.24421554
 -0.24421554 -0.24421554  0.1504596  -0.24421554 -0.24421554 -0.24421554
 -0.24421554 -0.24421554 -0.24421554 -0.24421554 -0.24421554 -0.24421554
 -0.24421554 -0.24421554 -0.24421554 -0.24421554 -0.24421554 -0.24421554
 -0.24421554 -0.24421554 -0.24421554 -0.24421554 -0.24421554  0.92505582
 -0.24421554 -0.24421554 -0.24421554 -0.24421554 -0.24421554 -0.24421554
 -0.24421554 -0.24421554 -0.24421554 -0.24421554  1.70347739  0.05461411
 -0.24421554  3.15685015 -0.24421554 -0.24421554  5.50310058 -0.24421554
 -0.24421554 -0.24421554 -0.24421554 -0.24421554  3.03836466 -0.24421554
  3.60438146  1.71593865  0.18354769 -0.24421554  2.18691281 -0.24421554
 -0.24421554 -0.24421554 -0.24421554 -0.24421554 -0.24421554 -0.24421554
 -0.24421554 -0.24421554 -0.24421554 -0.24421554 -0.24421554 -0.24421554
 -0.24421554 -0.24421554 -0.24421554 -0.24421554 -0.24421554 -0.24421554
 -0.24421554 -0.24421554 -0.24421554 -0.24421554 -0.24421554 -0.24421554
 -0.24421554 -0.24421554 -0.24421554 -0.24421554 -0.24421554 -0.24421554
 -0.24421554 -0.24421554 -0.24421554 -0.24421554 -0.24421554 -0.24421554
 -0.24421554 -0.24421554 -0.24421554 -0.24421554 -0.24421554 -0.24421554
 -0.24421554 -0.24421554 -0.24421554 -0.24421554 -0.24421554 -0.24421554
 -0.24421554 -0.24421554 -0.24421554 -0.24421554 -0.24421554 -0.24421554
  5.2783573  -0.24421554 -0.24421554 -0.24421554 -0.24421554  2.52444633
 -0.24421554 -0.24421554 -0.24421554 -0.24421554 -0.24421554 -0.24421554
 -0.24421554 -0.24421554 -0.24421554 -0.24421554 -0.24421554]",[-0.0011939655371107916]
3,"[-0.19602432 -0.19602432 -0.19602432 -0.19602432 -0.19602432 -0.19602432
 -0.19602432 -0.19602432 -0.19602432 -0.19602432 -0.19602432 -0.19602432
 -0.19602432 -0.19602432 -0.19602432 -0.19602432 -0.19602432 -0.19602432
 -0.19602432 -0.19602432  0.15812027 -0.19602432 -0.19602432 -0.19602432
 -0.19602432 -0.19602432 -0.19602432 -0.19602432 -0.19602432 -0.19602432
 -0.19602432 -0.19602432 -0.19602432 -0.19602432 -0.19602432 -0.19602432
 -0.19602432 -0.19602432 -0.19602432 -0.19602432  7.59946389  0.54265098
 -0.19602432 -0.19602432 -0.19602432 -0.19602432 -0.19602432 -0.19602432
 -0.19602432 -0.19602432 -0.19602432 -0.19602432 -0.19602432  0.51168393
 -0.19602432 -0.19602432 -0.19602432 -0.19602432 -0.19602432 -0.19602432
 -0.19602432 -0.19602432 -0.19602432 -0.19602432 -0.19602432 -0.19602432
 -0.19602432 -0.19602432 -0.19602432 -0.19602432 -0.19602432 -0.19602432
 -0.19602432 -0.19602432 -0.19602432 -0.19602432 -0.19602432 -0.19602432
 -0.19602432 -0.19602432 -0.19602432 -0.19602432 -0.19602432  5.31608387
 -0.19602432 -0.19602432 -0.19602432 -0.19602432 -0.19602432  3.43744654
 -0.19602432  3.58613163 -0.19602432 -0.19602432  0.60759274 -0.19602432
 -0.19602432 -0.19602432 -0.19602432 -0.19602432 -0.1289721  -0.19602432
  0.31254467 -0.19602432 -0.19602432 -0.19602432 -0.19602432 -0.19602432
 -0.19602432 -0.19602432 -0.19602432 -0.19602432 -0.19602432 -0.19602432
 -0.19602432 -0.19602432 -0.19602432 -0.19602432 -0.19602432 -0.19602432
 -0.19602432 -0.19602432 -0.19602432 -0.19602432 -0.19602432 -0.19602432
 -0.19602432 -0.19602432 -0.19602432 -0.19602432 -0.19602432 -0.19602432
 -0.19602432 -0.19602432 -0.19602432 -0.19602432 -0.19602432 -0.19602432
 -0.19602432 -0.19602432 -0.19602432 -0.19602432 -0.19602432 -0.19602432
 -0.19602432 -0.19602432 -0.19602432 -0.19602432 -0.19602432 -0.19602432
 -0.19602432 -0.19602432 -0.19602432 -0.19602432 -0.19602432 -0.19602432
 -0.19602432 -0.19602432 -0.19602432 -0.19602432 -0.19602432 -0.19602432
  6.532737   -0.19602432 -0.19602432 -0.19602432 -0.19602432  4.26057811
 -0.19602432 -0.19602432 -0.19602432 -0.19602432 -0.19602432 -0.19602432
 -0.19602432 -0.19602432 -0.19602432 -0.19602432 -0.19602432]",[-0.007677555852248691]
3,"[-0.24721367 -0.24721367 -0.24721367 -0.24721367 -0.24721367 -0.24721367
 -0.24721367 -0.24721367 -0.24721367 -0.24721367 -0.24721367 -0.24721367
 -0.24721367 -0.24721367 -0.24721367 -0.24721367  3.25579942 -0.24721367
 -0.24721367 -0.24721367 -0.24721367 -0.24721367 -0.24721367 -0.24721367
 -0.24721367 -0.24721367 -0.24721367 -0.24721367  2.22091056 -0.24721367
 -0.24721367 -0.24721367 -0.24721367 -0.24721367 -0.24721367 -0.24721367
 -0.24721367 -0.24721367 -0.24721367 -0.24721367  1.30484396 -0.24721367
 -0.24721367 -0.24721367 -0.24721367 -0.24721367 -0.24721367 -0.24721367
 -0.24721367 -0.24721367 -0.24721367 -0.24721367 -0.24721367  0.27306789
 -0.24721367 -0.24721367  5.97105898 -0.24721367 -0.24721367 -0.24721367
 -0.24721367 -0.24721367 -0.24721367 -0.24721367 -0.24721367 -0.24721367
 -0.24721367 -0.24721367 -0.24721367 -0.24721367 -0.24721367 -0.24721367
 -0.24721367 -0.24721367 -0.24721367 -0.24721367 -0.24721367 -0.24721367
 -0.24721367 -0.24721367 -0.24721367 -0.24721367 -0.24721367  1.73653881
 -0.24721367 -0.24721367 -0.24721367 -0.24721367  3.93815068 -0.24721367
 -0.24721367  3.10896766 -0.24721367 -0.24721367  4.51406864 -0.24721367
 -0.24721367 -0.24721367 -0.24721367 -0.24721367  0.69855887 -0.24721367
  3.15146965 -0.24721367 -0.24721367 -0.24721367  0.04593555 -0.24721367
 -0.24721367 -0.24721367 -0.24721367 -0.24721367 -0.24721367 -0.24721367
 -0.24721367 -0.24721367 -0.24721367 -0.24721367 -0.24721367 -0.24721367
 -0.24721367 -0.24721367 -0.24721367 -0.24721367 -0.24721367 -0.24721367
 -0.24721367 -0.24721367 -0.24721367 -0.24721367 -0.24721367 -0.24721367
 -0.24721367 -0.24721367 -0.24721367 -0.24721367 -0.24721367 -0.24721367
 -0.24721367 -0.24721367 -0.24721367 -0.24721367 -0.24721367 -0.24721367
 -0.24721367 -0.24721367 -0.24721367 -0.24721367 -0.24721367 -0.24721367
 -0.24721367 -0.24721367 -0.24721367 -0.24721367 -0.24721367 -0.24721367
 -0.24721367 -0.24721367 -0.24721367 -0.24721367 -0.24721367 -0.24721367
  6.02433869 -0.24721367 -0.24721367 -0.24721367 -0.24721367  4.54654626
 -0.24721367 -0.24721367 -0.24721367 -0.24721367 -0.24721367 -0.24721367
 -0.24721367 -0.24721367 -0.24721367 -0.24721367 -0.24721367]",[0.016668496020771778]
3,"[-0.29144305 -0.29144305 -0.29144305 -0.29144305 -0.29144305 -0.29144305
 -0.29144305 -0.29144305 -0.29144305 -0.29144305 -0.29144305 -0.29144305
 -0.29144305 -0.29144305 -0.29144305 -0.29144305  0.91923044 -0.29144305
 -0.29144305 -0.29144305  0.40221867 -0.29144305 -0.29144305 -0.29144305
 -0.29144305 -0.29144305 -0.29144305 -0.29144305 -0.29144305 -0.29144305
 -0.29144305 -0.29144305 -0.29144305 -0.29144305 -0.29144305 -0.29144305
 -0.29144305 -0.29144305 -0.29144305 -0.29144305  5.24278095  0.65451134
 -0.29144305 -0.29144305 -0.29144305 -0.29144305 -0.29144305 -0.29144305
 -0.29144305 -0.29144305 -0.29144305 -0.29144305 -0.29144305  0.5460305
  5.0184326  -0.29144305 -0.29144305 -0.29144305 -0.29144305 -0.29144305
 -0.29144305 -0.29144305 -0.29144305 -0.29144305 -0.29144305 -0.29144305
 -0.29144305 -0.29144305 -0.29144305 -0.29144305 -0.29144305 -0.29144305
 -0.29144305 -0.29144305 -0.29144305 -0.29144305 -0.29144305 -0.29144305
 -0.29144305 -0.29144305 -0.29144305 -0.29144305 -0.29144305  2.02233472
 -0.29144305 -0.29144305 -0.29144305  1.82309712  2.28997151 -0.29144305
 -0.29144305  3.36487932 -0.29144305 -0.29144305  4.83830935 -0.29144305
 -0.29144305  0.49099784 -0.29144305 -0.29144305  2.41067929 -0.29144305
  0.85920692 -0.29144305 -0.29144305 -0.29144305  2.84471373 -0.29144305
 -0.29144305 -0.29144305 -0.29144305 -0.29144305 -0.29144305 -0.29144305
 -0.29144305 -0.29144305 -0.29144305 -0.29144305 -0.29144305 -0.29144305
 -0.29144305 -0.29144305 -0.29144305 -0.29144305 -0.29144305 -0.29144305
 -0.29144305 -0.29144305 -0.29144305 -0.29144305 -0.29144305 -0.29144305
 -0.29144305 -0.29144305 -0.29144305 -0.29144305 -0.29144305 -0.29144305
 -0.29144305 -0.29144305 -0.29144305 -0.29144305 -0.29144305 -0.29144305
 -0.29144305 -0.29144305 -0.29144305 -0.29144305  3.24197236 -0.29144305
 -0.29144305  1.16654838 -0.29144305 -0.29144305 -0.29144305 -0.29144305
 -0.29144305 -0.29144305 -0.29144305 -0.29144305 -0.29144305 -0.29144305
  4.8717104  -0.29144305 -0.29144305 -0.29144305 -0.29144305  3.62326186
 -0.29144305 -0.29144305 -0.29144305 -0.29144305 -0.29144305 -0.29144305
 -0.29144305 -0.29144305 -0.29144305 -0.29144305 -0.29144305]",[0.1091934513788558]
3,"[-0.28146585 -0.28146585 -0.28146585 -0.28146585 -0.28146585 -0.28146585
 -0.28146585 -0.28146585 -0.28146585 -0.28146585 -0.28146585 -0.28146585
 -0.28146585 -0.28146585 -0.28146585 -0.28146585  1.16118489 -0.28146585
 -0.28146585 -0.28146585 -0.28146585 -0.28146585 -0.28146585  1.27718889
 -0.28146585 -0.28146585 -0.28146585 -0.28146585  0.40841349 -0.28146585
 -0.28146585 -0.28146585 -0.28146585 -0.28146585 -0.28146585 -0.28146585
 -0.28146585 -0.28146585 -0.28146585 -0.28146585  6.79365869 -0.28146585
 -0.28146585 -0.28146585 -0.28146585 -0.28146585 -0.28146585 -0.28146585
 -0.28146585 -0.28146585 -0.28146585 -0.28146585 -0.28146585  5.56032819
  4.23342726 -0.28146585  0.98166165 -0.28146585 -0.28146585 -0.28146585
 -0.28146585 -0.28146585 -0.28146585 -0.28146585 -0.28146585 -0.28146585
 -0.28146585 -0.28146585 -0.28146585 -0.28146585 -0.28146585 -0.28146585
 -0.28146585 -0.28146585 -0.28146585 -0.28146585 -0.28146585 -0.28146585
 -0.28146585 -0.28146585 -0.28146585 -0.28146585 -0.28146585 -0.28146585
 -0.28146585 -0.28146585 -0.28146585 -0.28146585  1.79675591  2.73287136
 -0.28146585 -0.28146585 -0.28146585 -0.28146585  0.63609157  0.37803068
 -0.28146585 -0.28146585  1.76368751 -0.28146585  2.26138392 -0.28146585
 -0.28146585  0.07574585  0.06923847  2.43577255  0.72940213 -0.28146585
 -0.28146585 -0.28146585 -0.28146585 -0.28146585 -0.28146585 -0.28146585
 -0.28146585 -0.28146585 -0.28146585 -0.28146585 -0.28146585 -0.28146585
 -0.28146585 -0.28146585 -0.28146585 -0.28146585 -0.28146585 -0.28146585
 -0.28146585 -0.28146585 -0.28146585 -0.28146585 -0.28146585 -0.28146585
 -0.28146585 -0.28146585 -0.28146585 -0.28146585 -0.28146585 -0.28146585
 -0.28146585 -0.28146585 -0.28146585 -0.28146585 -0.28146585 -0.28146585
 -0.28146585 -0.28146585 -0.28146585 -0.28146585  2.90854934 -0.28146585
 -0.28146585  2.59200835 -0.28146585 -0.28146585 -0.28146585 -0.28146585
 -0.28146585 -0.28146585 -0.28146585 -0.28146585 -0.28146585 -0.28146585
  5.09060473 -0.28146585 -0.28146585 -0.28146585 -0.28146585  0.58559928
 -0.28146585 -0.28146585 -0.28146585 -0.28146585 -0.28146585 -0.28146585
 -0.28146585 -0.28146585 -0.28146585 -0.28146585 -0.28146585]",[0.032012595787869]
3,"[-0.24992304 -0.24992304 -0.24992304 -0.24992304 -0.24992304 -0.24992304
 -0.24992304 -0.24992304 -0.24992304 -0.24992304 -0.24992304 -0.24992304
 -0.24992304 -0.24992304 -0.24992304 -0.24992304  1.59771137 -0.24992304
 -0.24992304 -0.24992304 -0.24992304 -0.24992304 -0.24992304 -0.24992304
 -0.24992304 -0.24992304 -0.24992304 -0.24992304  1.89338797 -0.24992304
 -0.24992304 -0.24992304 -0.24992304 -0.24992304 -0.24992304 -0.24992304
 -0.24992304 -0.24992304 -0.24992304 -0.24992304  7.03850298 -0.24992304
 -0.24992304 -0.24992304 -0.24992304 -0.24992304 -0.24992304 -0.24992304
 -0.24992304 -0.24992304 -0.24992304 -0.24992304 -0.24992304 -0.24992304
 -0.24992304 -0.24992304 -0.24992304 -0.24992304 -0.24992304 -0.24992304
 -0.24992304 -0.24992304 -0.24992304 -0.24992304 -0.24992304 -0.24992304
 -0.24992304 -0.24992304 -0.24992304 -0.24992304 -0.24992304 -0.24992304
 -0.24992304 -0.24992304 -0.24992304 -0.24992304 -0.24992304 -0.24992304
 -0.24992304 -0.24992304 -0.24992304 -0.24992304 -0.24992304  1.95127797
 -0.24992304 -0.24992304 -0.24992304 -0.24992304  2.78739203 -0.24992304
 -0.24992304  3.41720071 -0.24992304 -0.24992304  3.74063997 -0.11255955
 -0.24992304 -0.24992304 -0.24992304 -0.24992304 -0.24992304 -0.24992304
  3.15931539 -0.24992304 -0.24992304 -0.24992304  2.3910312   1.57059853
 -0.24992304 -0.24992304 -0.24992304 -0.24992304 -0.24992304 -0.24992304
 -0.24992304 -0.24992304 -0.24992304 -0.24992304 -0.24992304 -0.24992304
 -0.24992304 -0.24992304 -0.24992304 -0.24992304 -0.24992304 -0.24992304
 -0.24992304 -0.24992304 -0.24992304 -0.24992304 -0.24992304 -0.24992304
 -0.24992304 -0.24992304 -0.24992304 -0.24992304 -0.24992304 -0.24992304
 -0.24992304  1.21396791 -0.24992304 -0.24992304 -0.24992304 -0.24992304
 -0.24992304 -0.24992304 -0.24992304 -0.24992304 -0.24992304 -0.24992304
 -0.24992304 -0.24992304 -0.24992304 -0.24992304 -0.24992304 -0.24992304
 -0.24992304 -0.24992304 -0.24992304 -0.24992304 -0.24992304 -0.24992304
  5.12730357 -0.24992304 -0.24992304 -0.24992304 -0.24992304  5.4615312
 -0.24992304 -0.24992304 -0.24992304 -0.24992304 -0.24992304 -0.24992304
 -0.24992304 -0.24992304 -0.24992304 -0.24992304 -0.24992304]",[0.003959145597575958]
3,"[-0.19682924 -0.19682924 -0.19682924 -0.19682924 -0.19682924 -0.19682924
 -0.19682924 -0.19682924 -0.19682924 -0.19682924 -0.19682924 -0.19682924
 -0.19682924 -0.19682924 -0.19682924 -0.19682924 -0.19682924 -0.19682924
 -0.19682924 -0.19682924 -0.19682924 -0.19682924 -0.19682924 -0.19682924
 -0.19682924 -0.19682924 -0.19682924 -0.19682924 -0.19682924 -0.19682924
 -0.19682924 -0.19682924 -0.19682924 -0.19682924 -0.19682924 -0.19682924
 -0.19682924 -0.19682924 -0.19682924 -0.19682924 -0.19682924 -0.19682924
 -0.19682924 -0.19682924 -0.19682924 -0.19682924 -0.19682924 -0.19682924
 -0.19682924 -0.19682924 -0.19682924 -0.19682924 -0.19682924  6.73038341
  4.66313116 -0.19682924 -0.19682924 -0.19682924 -0.19682924 -0.19682924
 -0.19682924 -0.19682924 -0.19682924 -0.19682924 -0.19682924 -0.19682924
 -0.19682924 -0.19682924 -0.19682924 -0.19682924 -0.19682924 -0.19682924
 -0.19682924 -0.19682924 -0.19682924 -0.19682924 -0.19682924 -0.19682924
 -0.19682924 -0.19682924 -0.19682924 -0.19682924 -0.19682924 -0.19682924
 -0.19682924 -0.19682924 -0.19682924 -0.19682924 -0.19682924 -0.19682924
 -0.19682924  2.82226702 -0.19682924 -0.19682924 -0.19682924 -0.19682924
 -0.19682924 -0.19682924 -0.19682924 -0.19682924 -0.19682924 -0.19682924
 -0.19682924 -0.19682924 -0.19682924  3.92996335  1.18936109 -0.19682924
 -0.19682924 -0.19682924 -0.19682924 -0.19682924 -0.19682924 -0.19682924
 -0.19682924 -0.19682924 -0.19682924 -0.19682924 -0.19682924 -0.19682924
 -0.19682924 -0.19682924 -0.19682924 -0.19682924 -0.19682924 -0.19682924
 -0.19682924 -0.19682924 -0.19682924 -0.19682924 -0.19682924 -0.19682924
 -0.19682924 -0.19682924 -0.19682924 -0.19682924 -0.19682924 -0.19682924
 -0.19682924 -0.19682924 -0.19682924 -0.19682924 -0.19682924 -0.19682924
 -0.19682924 -0.19682924 -0.19682924 -0.19682924  2.28365885 -0.19682924
 -0.19682924 -0.19682924 -0.19682924 -0.19682924 -0.19682924 -0.19682924
 -0.19682924 -0.19682924 -0.19682924 -0.19682924 -0.19682924 -0.19682924
  7.20771825 -0.19682924 -0.19682924 -0.19682924 -0.19682924  4.83131708
 -0.19682924 -0.19682924 -0.19682924 -0.19682924 -0.19682924 -0.19682924
 -0.19682924 -0.19682924 -0.19682924 -0.19682924 -0.19682924]",[-0.07710686299429487]
3,"[-0.23997484 -0.23997484 -0.23997484 -0.23997484 -0.23997484 -0.23997484
 -0.23997484 -0.23997484 -0.23997484 -0.23997484 -0.23997484 -0.23997484
 -0.23997484 -0.23997484 -0.23997484 -0.23997484  1.03893026 -0.23997484
 -0.23997484 -0.23997484 -0.23997484 -0.23997484 -0.23997484 -0.23997484
 -0.23997484 -0.23997484 -0.23997484 -0.23997484  0.11203619 -0.23997484
 -0.23997484 -0.23997484 -0.23997484 -0.23997484 -0.23997484 -0.23997484
 -0.23997484 -0.23997484 -0.23997484 -0.23997484  0.97516145  0.96658853
 -0.23997484 -0.23997484 -0.23997484 -0.23997484 -0.23997484 -0.23997484
 -0.23997484 -0.23997484 -0.23997484 -0.23997484 -0.23997484 -0.23997484
 -0.23997484 -0.23997484 -0.23997484 -0.23997484 -0.23997484 -0.23997484
 -0.23997484 -0.23997484 -0.23997484 -0.23997484 -0.23997484 -0.23997484
 -0.23997484 -0.23997484 -0.23997484 -0.23997484 -0.23997484 -0.23997484
 -0.23997484 -0.23997484 -0.23997484 -0.23997484 -0.23997484 -0.23997484
 -0.23997484 -0.23997484 -0.23997484 -0.23997484 -0.23997484 -0.23997484
 -0.23997484 -0.23997484 -0.23997484 -0.23997484  4.26217034 -0.23997484
 -0.23997484  1.42079663 -0.23997484 -0.23997484  5.76966306 -0.23997484
 -0.23997484 -0.23997484 -0.23997484 -0.23997484  2.95280405 -0.23997484
  4.33915694 -0.06928159  3.21906019 -0.23997484  3.69577416 -0.23997484
 -0.23997484 -0.23997484 -0.23997484 -0.23997484 -0.23997484 -0.23997484
 -0.23997484 -0.23997484 -0.23997484 -0.23997484 -0.23997484 -0.23997484
 -0.23997484 -0.23997484 -0.23997484 -0.23997484 -0.23997484 -0.23997484
 -0.23997484 -0.23997484 -0.23997484 -0.23997484 -0.23997484 -0.23997484
 -0.23997484 -0.23997484 -0.23997484 -0.23997484 -0.23997484 -0.23997484
 -0.23997484 -0.23997484 -0.23997484 -0.23997484 -0.23997484 -0.23997484
 -0.23997484 -0.23997484 -0.23997484 -0.23997484 -0.23997484 -0.23997484
 -0.23997484 -0.23997484 -0.23997484 -0.23997484 -0.23997484 -0.23997484
 -0.23997484 -0.23997484 -0.23997484 -0.23997484 -0.23997484 -0.23997484
  6.43811981 -0.23997484 -0.23997484 -0.23997484 -0.23997484  4.47486803
 -0.23997484 -0.23997484 -0.23997484 -0.23997484 -0.23997484 -0.23997484
 -0.23997484 -0.23997484 -0.23997484 -0.23997484 -0.23997484]",[0.06546891993637605]
3,"[-0.2405525  -0.2405525  -0.2405525  -0.17262421 -0.2405525  -0.2405525
 -0.2405525  -0.2405525  -0.2405525  -0.2405525  -0.2405525  -0.2405525
 -0.2405525  -0.2405525  -0.2405525  -0.2405525  -0.2405525  -0.2405525
 -0.2405525  -0.2405525  -0.2405525  -0.2405525  -0.2405525  -0.2405525
 -0.2405525  -0.2405525  -0.2405525  -0.2405525   0.87088074 -0.2405525
 -0.2405525  -0.2405525  -0.2405525  -0.2405525  -0.2405525  -0.2405525
 -0.2405525  -0.2405525  -0.2405525  -0.2405525   0.89428891  1.23205019
 -0.2405525  -0.2405525  -0.2405525  -0.2405525  -0.2405525  -0.2405525
 -0.2405525  -0.2405525  -0.2405525  -0.2405525  -0.2405525  -0.2405525
  1.19429366 -0.2405525  -0.2405525  -0.2405525  -0.2405525  -0.2405525
 -0.2405525  -0.2405525  -0.2405525  -0.2405525  -0.2405525  -0.2405525
 -0.2405525  -0.2405525  -0.2405525  -0.2405525  -0.2405525  -0.2405525
 -0.2405525  -0.2405525  -0.2405525  -0.2405525  -0.2405525  -0.2405525
 -0.2405525  -0.2405525  -0.2405525  -0.2405525  -0.2405525  -0.2405525
 -0.2405525  -0.2405525  -0.2405525  -0.2405525   2.37403269 -0.2405525
 -0.2405525   3.11969956 -0.2405525  -0.2405525   4.60299486  1.25524136
 -0.2405525  -0.2405525  -0.2405525  -0.2405525   5.44310843 -0.2405525
  5.30309248  0.10935009  2.49284004 -0.2405525   3.73955864 -0.2405525
 -0.2405525  -0.2405525  -0.2405525  -0.2405525  -0.2405525  -0.2405525
 -0.2405525  -0.2405525  -0.2405525  -0.2405525  -0.2405525  -0.2405525
 -0.2405525  -0.2405525  -0.2405525  -0.2405525  -0.2405525  -0.2405525
 -0.2405525  -0.2405525  -0.2405525  -0.2405525  -0.2405525  -0.2405525
 -0.2405525  -0.2405525  -0.2405525  -0.2405525  -0.2405525  -0.2405525
 -0.2405525  -0.2405525  -0.2405525  -0.2405525  -0.2405525  -0.2405525
 -0.2405525  -0.2405525  -0.2405525  -0.2405525  -0.2405525  -0.2405525
 -0.2405525  -0.2405525  -0.2405525  -0.2405525  -0.2405525  -0.2405525
 -0.2405525  -0.2405525  -0.2405525  -0.2405525  -0.2405525  -0.2405525
  6.99180311 -0.2405525  -0.2405525  -0.2405525  -0.2405525  -0.2405525
 -0.2405525  -0.2405525  -0.2405525  -0.2405525  -0.2405525  -0.2405525
 -0.2405525  -0.2405525  -0.2405525  -0.2405525  -0.2405525 ]",[-0.04396652408999377]
3,"[-0.25927938 -0.25927938 -0.25927938 -0.25927938 -0.25927938 -0.25927938
 -0.25927938 -0.25927938 -0.25927938 -0.25927938 -0.25927938 -0.25927938
 -0.25927938 -0.25927938 -0.25927938 -0.25927938 -0.25927938 -0.25927938
 -0.25927938 -0.25927938 -0.25927938 -0.25927938 -0.25927938 -0.25927938
 -0.25927938 -0.25927938 -0.25927938 -0.25927938 -0.25927938 -0.25927938
 -0.25927938 -0.25927938 -0.25927938 -0.25927938 -0.25927938 -0.25927938
 -0.25927938 -0.25927938 -0.25927938 -0.25927938  5.93069266  3.73494769
 -0.25927938 -0.25927938 -0.25927938 -0.25927938 -0.25927938 -0.25927938
 -0.25927938 -0.25927938 -0.25927938 -0.25927938 -0.25927938  5.67424526
  2.89562974 -0.25927938 -0.25927938 -0.25927938 -0.25927938 -0.25927938
 -0.25927938 -0.25927938 -0.25927938 -0.25927938 -0.25927938 -0.25927938
 -0.25927938 -0.25927938 -0.25927938 -0.25927938 -0.25927938 -0.25927938
 -0.25927938 -0.25927938 -0.25927938 -0.25927938 -0.25927938 -0.25927938
 -0.25927938 -0.25927938 -0.25927938 -0.25927938 -0.25927938 -0.25927938
 -0.25927938 -0.25927938 -0.25927938 -0.25927938  1.566164   -0.25927938
 -0.25927938  2.61934226 -0.25927938 -0.19808165  1.88552376 -0.25927938
 -0.25927938 -0.25927938 -0.25927938 -0.25927938  1.28890675 -0.25927938
  0.88339144  1.40570073 -0.25927938 -0.25927938  1.82954651 -0.25927938
 -0.25927938 -0.25927938 -0.25927938 -0.25927938 -0.25927938 -0.25927938
 -0.25927938 -0.25927938 -0.25927938 -0.25927938 -0.25927938 -0.25927938
 -0.25927938 -0.25927938 -0.25927938 -0.25927938 -0.25927938 -0.25927938
 -0.25927938 -0.25927938 -0.25927938 -0.25927938 -0.25927938 -0.25927938
 -0.25927938 -0.25927938 -0.25927938 -0.25927938 -0.25927938 -0.25927938
 -0.25927938  3.55043936 -0.25927938 -0.25927938 -0.25927938 -0.25927938
 -0.25927938 -0.25927938 -0.25927938 -0.25927938 -0.25927938 -0.25927938
 -0.25927938 -0.25927938 -0.25927938 -0.25927938 -0.25927938 -0.25927938
 -0.25927938 -0.25927938 -0.25927938 -0.25927938 -0.25927938 -0.25927938
  4.34722637 -0.25927938 -0.25927938 -0.25927938 -0.25927938 -0.25927938
 -0.25927938 -0.25927938 -0.25927938 -0.25927938 -0.25927938 -0.25927938
 -0.25927938 -0.25927938 -0.25927938 -0.25927938  5.10814409]",[-0.021738906911414613]
3,"[-0.28541306 -0.28541306 -0.28541306 -0.25275531 -0.28541306 -0.28541306
 -0.28541306 -0.28541306 -0.28541306 -0.28541306 -0.28541306 -0.28541306
 -0.28541306 -0.28541306 -0.28541306 -0.28541306 -0.28541306 -0.28541306
 -0.28541306 -0.28541306 -0.28541306 -0.28541306 -0.28541306 -0.28541306
 -0.28541306  1.4651979  -0.28541306 -0.28541306 -0.28541306 -0.28541306
 -0.28541306 -0.28541306 -0.28541306 -0.28541306 -0.28541306 -0.28541306
 -0.28541306 -0.28541306 -0.28541306 -0.28541306  5.94955192  1.4708889
 -0.28541306 -0.28541306 -0.28541306 -0.28541306 -0.28541306 -0.28541306
 -0.28541306 -0.28541306 -0.28541306 -0.28541306 -0.28541306  5.69341677
  3.68466307 -0.28541306 -0.28541306 -0.28541306 -0.28541306  1.02301117
 -0.28541306 -0.28541306 -0.28541306 -0.28541306 -0.28541306  1.62507974
 -0.28541306 -0.28541306 -0.28541306 -0.28541306 -0.28541306 -0.28541306
 -0.28541306 -0.28541306 -0.28541306 -0.28541306 -0.28541306 -0.28541306
  3.26353194 -0.28541306 -0.28541306 -0.28541306 -0.28541306 -0.28541306
 -0.28541306 -0.28541306 -0.28541306 -0.28541306 -0.28541306  2.04131283
 -0.28541306 -0.28541306 -0.28541306 -0.28541306 -0.28541306 -0.28541306
 -0.28541306 -0.28541306 -0.28541306 -0.28541306  1.77897183 -0.28541306
 -0.28541306 -0.12266377 -0.28541306 -0.28541306  2.1649024  -0.28541306
 -0.28541306 -0.28541306 -0.28541306 -0.28541306 -0.28541306 -0.28541306
  0.29480178 -0.28541306 -0.28541306 -0.28541306  1.93812494 -0.28541306
 -0.28541306 -0.28541306 -0.28541306 -0.28541306 -0.28541306 -0.28541306
 -0.28541306 -0.28541306 -0.28541306 -0.28541306 -0.28541306 -0.28541306
 -0.28541306 -0.28541306 -0.28541306 -0.28541306 -0.28541306 -0.28541306
 -0.28541306 -0.28541306 -0.28541306 -0.28541306 -0.28541306 -0.28541306
 -0.28541306 -0.28541306 -0.28541306 -0.28541306 -0.28541306 -0.28541306
 -0.28541306 -0.28541306 -0.28541306 -0.28541306 -0.28541306 -0.28541306
 -0.28541306 -0.28541306 -0.28541306 -0.28541306 -0.28541306 -0.28541306
  3.80868646 -0.28541306 -0.28541306 -0.28541306 -0.28541306  1.30012218
  1.05212783 -0.28541306  1.75231959 -0.28541306 -0.28541306 -0.28541306
 -0.28541306 -0.28541306 -0.28541306 -0.28541306  5.44938398]",[0.02992920764896112]
3,"[-0.334562   -0.334562   -0.334562   -0.334562   -0.334562   -0.334562
 -0.334562   -0.334562   -0.334562   -0.334562   -0.334562   -0.334562
 -0.334562   -0.334562   -0.334562   -0.334562    0.07941283 -0.334562
 -0.334562   -0.334562   -0.334562   -0.334562   -0.334562   -0.334562
 -0.334562   -0.334562   -0.334562   -0.334562    0.73766727 -0.334562
 -0.334562   -0.334562   -0.334562   -0.334562   -0.334562   -0.334562
 -0.334562   -0.334562   -0.334562   -0.334562    4.69661969  3.38860692
 -0.334562   -0.334562   -0.334562   -0.334562   -0.334562   -0.334562
 -0.334562   -0.334562   -0.334562   -0.334562   -0.334562    4.26384589
  3.26257102 -0.334562    1.30876597 -0.334562   -0.334562   -0.334562
 -0.334562   -0.334562   -0.334562   -0.334562   -0.334562   -0.334562
 -0.334562   -0.334562   -0.334562   -0.334562   -0.334562   -0.334562
 -0.334562   -0.334562   -0.334562   -0.334562   -0.334562   -0.334562
 -0.334562   -0.334562   -0.334562   -0.334562   -0.334562   -0.334562
 -0.334562   -0.334562   -0.334562   -0.334562    2.22347388 -0.334562
 -0.334562    1.71952307 -0.334562   -0.334562    2.0304434  -0.334562
 -0.334562   -0.334562   -0.334562   -0.334562    1.43370564 -0.334562
  1.46412338  0.41701035  2.51760699 -0.334562    2.43887499 -0.334562
 -0.334562   -0.334562   -0.334562   -0.334562   -0.334562   -0.334562
 -0.334562   -0.334562   -0.334562   -0.334562   -0.334562   -0.334562
 -0.334562   -0.334562   -0.334562   -0.334562   -0.334562   -0.334562
 -0.334562   -0.334562   -0.334562   -0.334562   -0.334562   -0.334562
 -0.334562   -0.334562   -0.334562   -0.334562   -0.334562   -0.334562
 -0.334562    3.91610365 -0.334562   -0.334562   -0.334562   -0.334562
 -0.334562   -0.334562   -0.334562   -0.334562    2.72037698 -0.334562
 -0.334562   -0.334562   -0.334562   -0.334562   -0.334562   -0.334562
 -0.334562   -0.334562   -0.334562   -0.334562   -0.334562   -0.334562
  3.28993212 -0.334562   -0.334562   -0.334562   -0.334562    2.88698542
  2.12001416 -0.334562    1.07517629 -0.334562   -0.334562   -0.334562
 -0.334562   -0.334562   -0.334562   -0.334562    4.5353947 ]",[0.0288236579915766]
3,"[-0.22535805 -0.22535805 -0.22535805 -0.22535805 -0.22535805 -0.22535805
 -0.22535805 -0.22535805 -0.22535805 -0.22535805 -0.22535805 -0.22535805
 -0.22535805 -0.22535805 -0.22535805 -0.22535805 -0.22535805 -0.22535805
 -0.22535805 -0.22535805 -0.22535805 -0.22535805 -0.22535805 -0.22535805
 -0.22535805 -0.22535805 -0.22535805 -0.22535805 -0.22535805 -0.22535805
 -0.22535805 -0.22535805 -0.22535805 -0.22535805 -0.22535805 -0.22535805
 -0.22535805 -0.22535805 -0.22535805 -0.22535805  7.83697381  0.06216947
 -0.22535805 -0.22535805 -0.22535805 -0.22535805 -0.22535805 -0.22535805
 -0.22535805 -0.22535805 -0.22535805 -0.22535805 -0.22535805  6.22736852
 -0.22535805 -0.22535805 -0.22535805 -0.22535805 -0.22535805 -0.22535805
 -0.22535805 -0.22535805 -0.22535805 -0.22535805 -0.22535805 -0.22535805
 -0.22535805 -0.22535805 -0.22535805 -0.22535805 -0.22535805 -0.22535805
 -0.22535805 -0.22535805 -0.22535805 -0.22535805 -0.22535805 -0.22535805
 -0.22535805 -0.22535805 -0.22535805 -0.22535805 -0.22535805 -0.22535805
 -0.22535805 -0.22535805 -0.22535805  1.6811999  -0.22535805 -0.22535805
 -0.22535805  1.45778759 -0.22535805 -0.22535805  1.75410519 -0.22535805
 -0.22535805 -0.22535805 -0.22535805 -0.22535805  3.50508338 -0.22535805
  3.19868098  1.10977598  3.99245168 -0.22535805  1.62667784 -0.22535805
 -0.22535805 -0.22535805 -0.22535805 -0.22535805 -0.22535805 -0.22535805
 -0.22535805 -0.22535805 -0.22535805 -0.22535805 -0.22535805 -0.22535805
 -0.22535805 -0.22535805 -0.22535805 -0.22535805 -0.22535805 -0.22535805
 -0.22535805 -0.22535805 -0.22535805 -0.22535805 -0.22535805 -0.22535805
 -0.22535805 -0.22535805 -0.22535805 -0.22535805 -0.22535805 -0.22535805
 -0.22535805 -0.22535805 -0.22535805 -0.22535805 -0.22535805 -0.22535805
 -0.22535805 -0.22535805 -0.22535805 -0.22535805 -0.22535805 -0.22535805
 -0.22535805 -0.22535805 -0.22535805 -0.22535805 -0.22535805 -0.22535805
 -0.22535805 -0.22535805 -0.22535805 -0.22535805 -0.22535805 -0.22535805
  4.44296734 -0.22535805 -0.22535805 -0.22535805 -0.22535805  0.51419398
 -0.22535805 -0.22535805 -0.22535805 -0.22535805 -0.22535805 -0.22535805
 -0.22535805 -0.22535805 -0.22535805 -0.22535805 -0.22535805]",[0.0025138322041051986]
3,"[-0.2396903  -0.2396903  -0.2396903  -0.20593202 -0.2396903  -0.2396903
 -0.2396903  -0.2396903  -0.2396903  -0.2396903  -0.2396903  -0.2396903
 -0.2396903  -0.2396903  -0.2396903  -0.2396903   1.31300598 -0.2396903
 -0.2396903  -0.2396903  -0.2396903  -0.2396903  -0.2396903  -0.2396903
 -0.2396903  -0.2396903  -0.2396903  -0.2396903  -0.2396903  -0.2396903
 -0.2396903  -0.2396903  -0.2396903  -0.2396903  -0.2396903  -0.2396903
 -0.2396903  -0.2396903  -0.2396903  -0.2396903   7.18053158 -0.2396903
 -0.2396903  -0.2396903  -0.2396903  -0.2396903  -0.2396903  -0.2396903
 -0.2396903  -0.2396903  -0.2396903  -0.2396903  -0.2396903   6.18605529
  3.6980959  -0.2396903  -0.2396903  -0.2396903  -0.2396903  -0.2396903
 -0.2396903  -0.2396903  -0.2396903  -0.2396903  -0.2396903  -0.2396903
 -0.2396903  -0.2396903  -0.2396903  -0.2396903  -0.2396903  -0.2396903
 -0.2396903  -0.2396903  -0.2396903  -0.2396903  -0.2396903  -0.2396903
 -0.2396903  -0.2396903  -0.2396903  -0.2396903  -0.2396903  -0.2396903
 -0.2396903  -0.2396903  -0.2396903  -0.2396903  -0.2396903   1.0795822
 -0.2396903   1.53115068 -0.2396903  -0.2396903   3.75134054 -0.2396903
 -0.2396903  -0.2396903  -0.2396903  -0.2396903   0.39907609 -0.2396903
 -0.2396903   0.48211153  2.83494873  3.51614037  1.11428524 -0.2396903
 -0.2396903  -0.2396903  -0.2396903  -0.2396903  -0.2396903  -0.2396903
 -0.2396903  -0.2396903  -0.2396903  -0.2396903  -0.2396903  -0.2396903
 -0.2396903  -0.2396903  -0.2396903  -0.2396903  -0.2396903  -0.2396903
 -0.2396903  -0.2396903  -0.2396903  -0.2396903  -0.2396903  -0.2396903
 -0.2396903  -0.2396903  -0.2396903  -0.2396903  -0.2396903  -0.2396903
 -0.2396903  -0.2396903  -0.2396903  -0.2396903  -0.2396903  -0.2396903
 -0.2396903  -0.2396903  -0.2396903  -0.2396903  -0.2396903  -0.2396903
 -0.2396903  -0.2396903  -0.2396903  -0.2396903  -0.2396903  -0.2396903
 -0.2396903  -0.2396903  -0.2396903  -0.2396903  -0.2396903  -0.2396903
  4.88883133 -0.2396903  -0.2396903  -0.2396903  -0.2396903   0.69351464
  0.60678088 -0.2396903  -0.2396903  -0.2396903  -0.2396903  -0.2396903
 -0.2396903  -0.2396903  -0.2396903  -0.2396903  -0.2396903 ]",[0.01615913123781501]
3,"[-0.16209049 -0.16209049 -0.16209049 -0.16209049 -0.16209049 -0.16209049
 -0.16209049 -0.16209049 -0.16209049 -0.16209049 -0.16209049 -0.16209049
 -0.16209049 -0.16209049 -0.16209049 -0.16209049 -0.16209049 -0.16209049
 -0.16209049 -0.16209049 -0.16209049 -0.16209049 -0.16209049 -0.16209049
 -0.16209049 -0.16209049 -0.16209049 -0.16209049 -0.16209049 -0.16209049
 -0.16209049 -0.16209049 -0.16209049 -0.16209049 -0.16209049 -0.16209049
 -0.16209049 -0.16209049 -0.16209049 -0.16209049  7.15055085 -0.16209049
 -0.16209049 -0.16209049 -0.16209049 -0.16209049 -0.16209049 -0.16209049
 -0.16209049 -0.16209049 -0.16209049 -0.16209049 -0.16209049  7.88143938
 -0.16209049 -0.16209049 -0.16209049 -0.16209049 -0.16209049 -0.16209049
 -0.16209049 -0.16209049 -0.16209049 -0.16209049 -0.16209049 -0.16209049
 -0.16209049 -0.16209049 -0.16209049 -0.16209049 -0.16209049 -0.16209049
 -0.16209049 -0.16209049 -0.16209049 -0.16209049 -0.16209049 -0.16209049
 -0.16209049 -0.16209049 -0.16209049 -0.16209049 -0.16209049 -0.16209049
 -0.16209049 -0.16209049 -0.16209049 -0.16209049 -0.16209049 -0.16209049
 -0.16209049 -0.16209049 -0.16209049 -0.16209049 -0.16209049 -0.16209049
 -0.16209049 -0.16209049 -0.16209049 -0.16209049  2.89668891 -0.16209049
  1.1279373  -0.04633416  1.96115605 -0.16209049 -0.16209049 -0.16209049
 -0.16209049 -0.16209049 -0.16209049 -0.16209049 -0.16209049 -0.16209049
 -0.16209049 -0.16209049 -0.16209049 -0.16209049 -0.16209049 -0.16209049
 -0.16209049 -0.16209049 -0.16209049 -0.16209049 -0.16209049 -0.16209049
 -0.16209049 -0.16209049 -0.16209049 -0.16209049 -0.16209049 -0.16209049
 -0.16209049 -0.16209049 -0.16209049 -0.16209049 -0.16209049 -0.16209049
 -0.16209049 -0.16209049 -0.16209049 -0.16209049 -0.16209049 -0.16209049
 -0.16209049 -0.16209049 -0.16209049 -0.16209049 -0.16209049 -0.16209049
 -0.16209049 -0.16209049 -0.16209049 -0.16209049 -0.16209049 -0.16209049
 -0.16209049 -0.16209049 -0.16209049 -0.16209049 -0.16209049 -0.16209049
  6.90812528 -0.16209049 -0.16209049 -0.16209049 -0.16209049 -0.16209049
 -0.16209049 -0.16209049 -0.16209049 -0.16209049 -0.16209049 -0.16209049
 -0.16209049 -0.16209049 -0.16209049 -0.16209049 -0.16209049]",[-0.053084924291695396]
3,"[-0.23765885 -0.23765885 -0.23765885 -0.23765885 -0.23765885 -0.23765885
 -0.23765885 -0.23765885 -0.23765885 -0.23765885 -0.23765885 -0.23765885
 -0.23765885 -0.23765885 -0.23765885 -0.23765885  0.55975627 -0.23765885
 -0.23765885 -0.23765885 -0.23765885 -0.23765885 -0.23765885 -0.23765885
 -0.23765885 -0.23765885 -0.23765885 -0.23765885  0.64042901 -0.23765885
 -0.23765885 -0.23765885 -0.23765885 -0.23765885 -0.23765885 -0.23765885
 -0.23765885 -0.23765885 -0.23765885 -0.23765885  6.57594977  0.7117671
 -0.23765885 -0.23765885 -0.23765885 -0.23765885 -0.23765885 -0.23765885
 -0.23765885 -0.23765885 -0.23765885 -0.23765885 -0.23765885  0.57551735
 -0.23765885 -0.23765885  0.13515348 -0.23765885 -0.23765885 -0.23765885
 -0.23765885 -0.23765885 -0.23765885 -0.23765885 -0.23765885 -0.23765885
 -0.23765885 -0.23765885 -0.23765885 -0.23765885 -0.23765885 -0.23765885
 -0.23765885 -0.23765885 -0.23765885 -0.23765885 -0.23765885 -0.23765885
 -0.23765885 -0.23765885 -0.23765885 -0.23765885 -0.23765885 -0.23765885
 -0.23765885 -0.23765885 -0.23765885 -0.23765885  3.45221832 -0.23765885
 -0.23765885  2.21624755 -0.23765885 -0.23765885  4.53371833  0.96359949
 -0.23765885 -0.23765885 -0.23765885 -0.23765885  2.14051062 -0.23765885
 -0.23765885 -0.23765885  4.97615545 -0.23765885  4.03581533 -0.23765885
 -0.23765885 -0.23765885 -0.23765885 -0.23765885 -0.23765885 -0.23765885
 -0.23765885 -0.23765885 -0.23765885 -0.23765885  0.44800546 -0.23765885
 -0.23765885 -0.23765885 -0.23765885 -0.23765885 -0.23765885 -0.23765885
 -0.23765885 -0.23765885 -0.23765885 -0.23765885 -0.23765885 -0.23765885
 -0.23765885 -0.23765885 -0.23765885 -0.23765885 -0.23765885 -0.23765885
 -0.23765885 -0.23765885 -0.23765885 -0.23765885 -0.23765885 -0.23765885
 -0.23765885 -0.23765885 -0.23765885 -0.23765885 -0.23765885 -0.23765885
 -0.23765885 -0.23765885 -0.23765885 -0.23765885 -0.23765885 -0.23765885
 -0.23765885 -0.23765885 -0.23765885 -0.23765885 -0.23765885 -0.23765885
  6.37719182 -0.23765885 -0.23765885 -0.23765885 -0.23765885  0.39635664
 -0.23765885 -0.23765885 -0.23765885 -0.23765885 -0.23765885 -0.23765885
 -0.23765885 -0.23765885 -0.23765885 -0.23765885 -0.23765885]",[0.003268758396587773]
3,"[-0.24277787 -0.24277787 -0.24277787 -0.24277787 -0.24277787 -0.24277787
 -0.24277787 -0.24277787 -0.24277787 -0.24277787 -0.24277787 -0.24277787
 -0.24277787 -0.24277787 -0.24277787 -0.24277787  0.54720329 -0.24277787
 -0.24277787 -0.24277787 -0.24277787 -0.24277787 -0.24277787 -0.24277787
 -0.24277787 -0.24277787 -0.24277787 -0.24277787  2.81377985 -0.24277787
 -0.24277787 -0.24277787 -0.24277787 -0.24277787 -0.24277787 -0.24277787
 -0.24277787 -0.24277787 -0.24277787 -0.24277787  0.98615816  0.04122043
 -0.24277787 -0.24277787 -0.24277787 -0.24277787 -0.24277787 -0.24277787
 -0.24277787 -0.24277787 -0.24277787 -0.24277787 -0.24277787  0.80966947
 -0.24277787 -0.24277787 -0.24277787 -0.24277787 -0.24277787 -0.24277787
 -0.24277787 -0.24277787 -0.24277787 -0.24277787 -0.24277787 -0.24277787
 -0.24277787 -0.24277787 -0.24277787 -0.24277787 -0.24277787 -0.24277787
 -0.24277787 -0.24277787 -0.24277787 -0.24277787 -0.24277787 -0.24277787
 -0.24277787 -0.24277787 -0.24277787 -0.24277787 -0.24277787 -0.24277787
 -0.24277787 -0.24277787 -0.24277787 -0.24277787  2.13714334 -0.24277787
 -0.24277787  2.66760266 -0.24277787 -0.24277787  7.14073163 -0.24277787
 -0.24277787 -0.24277787 -0.24277787 -0.24277787  2.91328114 -0.24277787
  3.31835172  1.02770331  2.40536224 -0.24277787  3.23455687 -0.24277787
 -0.24277787 -0.24277787 -0.24277787 -0.24277787 -0.24277787 -0.24277787
 -0.24277787 -0.24277787 -0.24277787 -0.24277787 -0.24277787 -0.24277787
 -0.24277787 -0.24277787 -0.24277787 -0.24277787 -0.24277787 -0.24277787
 -0.24277787 -0.24277787 -0.24277787 -0.24277787 -0.24277787 -0.24277787
 -0.24277787 -0.24277787 -0.24277787 -0.24277787 -0.24277787 -0.24277787
 -0.24277787 -0.24277787 -0.24277787 -0.24277787 -0.24277787 -0.24277787
 -0.24277787 -0.24277787 -0.24277787 -0.24277787 -0.24277787 -0.24277787
 -0.24277787 -0.24277787 -0.24277787 -0.24277787 -0.24277787 -0.24277787
 -0.24277787 -0.24277787 -0.24277787 -0.24277787 -0.24277787 -0.24277787
  7.36195671 -0.24277787 -0.24277787 -0.24277787 -0.24277787  2.41084952
 -0.24277787 -0.24277787 -0.24277787 -0.24277787 -0.24277787 -0.24277787
 -0.24277787 -0.24277787 -0.24277787 -0.24277787 -0.24277787]",[-0.017294584762597903]
3,"[-0.22322372 -0.22322372 -0.22322372 -0.22322372 -0.22322372 -0.22322372
 -0.22322372 -0.22322372 -0.22322372 -0.22322372 -0.22322372 -0.22322372
 -0.22322372 -0.22322372 -0.22322372 -0.22322372 -0.22322372 -0.22322372
 -0.22322372 -0.22322372 -0.22322372 -0.22322372 -0.22322372 -0.22322372
 -0.22322372 -0.22322372 -0.22322372 -0.22322372  0.56380985 -0.22322372
 -0.22322372 -0.22322372 -0.22322372 -0.22322372 -0.22322372 -0.22322372
 -0.22322372 -0.22322372 -0.22322372 -0.22322372 -0.22322372  0.66198941
 -0.22322372 -0.22322372 -0.22322372 -0.22322372 -0.22322372 -0.22322372
 -0.22322372 -0.22322372 -0.22322372 -0.22322372 -0.22322372  0.85123757
  4.85347478 -0.22322372 -0.22322372 -0.22322372 -0.22322372 -0.22322372
 -0.22322372 -0.22322372 -0.22322372 -0.22322372 -0.22322372 -0.22322372
 -0.22322372 -0.22322372 -0.22322372 -0.22322372 -0.22322372 -0.22322372
 -0.22322372 -0.22322372 -0.22322372 -0.22322372 -0.22322372 -0.22322372
 -0.22322372 -0.22322372 -0.22322372 -0.22322372 -0.22322372 -0.22322372
 -0.22322372 -0.22322372 -0.22322372 -0.22322372  1.38847305 -0.22322372
 -0.22322372  1.51671042 -0.22322372 -0.22322372  6.57626418 -0.22322372
 -0.22322372 -0.22322372 -0.22322372 -0.22322372  3.93106906 -0.22322372
  4.51402119  0.92356866  2.66628489 -0.22322372  1.35679878 -0.22322372
 -0.22322372 -0.22322372 -0.22322372 -0.22322372 -0.22322372 -0.22322372
 -0.22322372 -0.22322372 -0.22322372 -0.22322372 -0.22322372 -0.22322372
 -0.22322372 -0.22322372 -0.22322372 -0.22322372 -0.22322372 -0.22322372
 -0.22322372 -0.22322372 -0.22322372 -0.22322372 -0.22322372 -0.22322372
 -0.22322372 -0.22322372 -0.22322372 -0.22322372 -0.22322372 -0.22322372
 -0.22322372 -0.22322372 -0.22322372 -0.22322372 -0.22322372 -0.22322372
 -0.22322372 -0.22322372 -0.22322372 -0.22322372 -0.22322372 -0.22322372
 -0.22322372 -0.22322372 -0.22322372 -0.22322372 -0.22322372 -0.22322372
 -0.22322372 -0.22322372 -0.22322372 -0.22322372 -0.22322372 -0.22322372
  7.25143525 -0.22322372 -0.22322372 -0.22322372 -0.22322372 -0.22322372
 -0.22322372 -0.22322372 -0.22322372 -0.22322372 -0.22322372 -0.22322372
 -0.22322372 -0.22322372 -0.22322372 -0.22322372 -0.22322372]",[-0.023523882533244195]
3,"[-0.20252053 -0.20252053 -0.20252053 -0.20252053 -0.20252053 -0.20252053
 -0.20252053 -0.20252053 -0.20252053 -0.20252053 -0.20252053 -0.20252053
 -0.20252053 -0.20252053 -0.20252053 -0.20252053 -0.20252053 -0.20252053
 -0.20252053 -0.20252053 -0.20252053 -0.20252053 -0.20252053 -0.20252053
 -0.20252053 -0.20252053 -0.20252053 -0.20252053 -0.20252053 -0.20252053
 -0.20252053 -0.20252053 -0.20252053 -0.20252053 -0.20252053 -0.20252053
 -0.20252053 -0.20252053 -0.20252053 -0.20252053  0.88228769  1.4133537
 -0.20252053 -0.20252053 -0.20252053 -0.20252053 -0.20252053 -0.20252053
 -0.20252053 -0.20252053 -0.20252053 -0.20252053 -0.20252053  0.71509376
 -0.20252053 -0.20252053 -0.20252053 -0.20252053 -0.20252053 -0.20252053
 -0.20252053 -0.20252053 -0.20252053 -0.20252053 -0.20252053 -0.20252053
 -0.20252053 -0.20252053 -0.20252053 -0.20252053 -0.20252053 -0.20252053
 -0.20252053 -0.20252053 -0.20252053 -0.20252053 -0.20252053 -0.20252053
 -0.20252053 -0.20252053 -0.20252053 -0.20252053 -0.20252053  1.77510629
 -0.20252053 -0.20252053 -0.20252053 -0.20252053 -0.20252053 -0.20252053
 -0.20252053  3.00958382 -0.20252053 -0.12789264  6.93605626 -0.20252053
 -0.20252053 -0.20252053 -0.20252053 -0.20252053  4.76057976 -0.20252053
  5.48095783 -0.20252053 -0.20252053 -0.20252053  1.97539503 -0.20252053
 -0.20252053 -0.20252053 -0.20252053 -0.20252053 -0.20252053 -0.20252053
 -0.20252053 -0.20252053 -0.20252053 -0.20252053 -0.20252053 -0.20252053
 -0.20252053 -0.20252053 -0.20252053 -0.20252053 -0.20252053 -0.20252053
 -0.20252053 -0.20252053 -0.20252053 -0.20252053 -0.20252053 -0.20252053
 -0.20252053 -0.20252053 -0.20252053 -0.20252053 -0.20252053 -0.20252053
 -0.20252053 -0.20252053 -0.20252053 -0.20252053 -0.20252053 -0.20252053
 -0.20252053 -0.20252053 -0.20252053 -0.20252053 -0.20252053 -0.20252053
 -0.20252053 -0.20252053 -0.20252053 -0.20252053 -0.20252053 -0.20252053
 -0.20252053 -0.20252053 -0.20252053 -0.20252053 -0.20252053 -0.20252053
  7.20292718 -0.20252053 -0.20252053 -0.20252053 -0.20252053 -0.20252053
 -0.20252053 -0.20252053 -0.20252053 -0.20252053 -0.20252053 -0.20252053
 -0.20252053 -0.20252053 -0.20252053 -0.20252053 -0.20252053]",[-0.03101227599242934]
3,"[-0.27355878 -0.27355878 -0.27355878 -0.27355878 -0.27355878 -0.27355878
 -0.27355878 -0.27355878 -0.27355878 -0.27355878 -0.27355878 -0.27355878
 -0.27355878 -0.27355878 -0.27355878 -0.27355878 -0.27355878 -0.27355878
 -0.27355878 -0.27355878 -0.27355878 -0.27355878 -0.27355878 -0.27355878
 -0.27355878 -0.27355878 -0.27355878 -0.27355878  0.9050918  -0.27355878
 -0.27355878 -0.27355878 -0.27355878 -0.27355878 -0.27355878 -0.27355878
 -0.27355878 -0.27355878 -0.27355878 -0.27355878  5.83612306 -0.27355878
 -0.27355878 -0.27355878 -0.27355878 -0.27355878 -0.27355878 -0.27355878
 -0.27355878 -0.27355878 -0.27355878 -0.27355878 -0.27355878  0.87598624
 -0.27355878 -0.27355878 -0.27355878 -0.27355878 -0.27355878 -0.27355878
 -0.27355878 -0.27355878 -0.27355878 -0.27355878 -0.27355878 -0.27355878
 -0.27355878 -0.27355878 -0.27355878 -0.27355878 -0.27355878 -0.27355878
 -0.27355878 -0.27355878 -0.27355878 -0.27355878 -0.27355878 -0.27355878
 -0.27355878 -0.27355878 -0.27355878 -0.27355878 -0.27355878  1.56323732
 -0.27355878 -0.27355878 -0.27355878 -0.27355878  1.20403172  2.67011239
 -0.27355878  4.43092227 -0.27355878 -0.27355878  4.72597772 -0.27355878
 -0.27355878 -0.27355878 -0.27355878 -0.27355878  2.35559928 -0.27355878
 -0.27355878  0.1237874   1.99674798 -0.27355878  3.63485333 -0.27355878
 -0.27355878 -0.27355878 -0.27355878 -0.27355878 -0.27355878 -0.27355878
 -0.27355878 -0.27355878 -0.27355878 -0.27355878  0.50541639 -0.27355878
 -0.27355878 -0.27355878 -0.27355878  2.39139782 -0.27355878 -0.27355878
 -0.27355878 -0.27355878 -0.27355878 -0.27355878 -0.27355878  0.41544879
 -0.27355878 -0.27355878 -0.27355878 -0.27355878 -0.27355878 -0.27355878
 -0.27355878 -0.27355878 -0.27355878 -0.27355878 -0.27355878 -0.27355878
 -0.27355878 -0.27355878 -0.27355878 -0.27355878 -0.27355878 -0.27355878
 -0.27355878 -0.27355878 -0.27355878 -0.27355878 -0.27355878 -0.27355878
 -0.27355878 -0.27355878 -0.27355878 -0.27355878 -0.27355878 -0.27355878
  5.72593521 -0.27355878 -0.27355878 -0.27355878 -0.27355878 -0.27355878
  4.02274029 -0.27355878  0.65955405 -0.27355878 -0.27355878 -0.27355878
 -0.27355878 -0.27355878 -0.27355878 -0.27355878 -0.27355878]",[-2.6436737660231318]
4,"[-0.22489415 -0.22489415 -0.22489415 -0.22489415 -0.22489415 -0.22489415
 -0.22489415 -0.22489415 -0.22489415 -0.22489415 -0.22489415 -0.22489415
 -0.22489415 -0.22489415 -0.22489415 -0.22489415 -0.22489415 -0.22489415
 -0.22489415 -0.22489415 -0.22489415 -0.22489415 -0.22489415 -0.22489415
 -0.22489415 -0.22489415 -0.22489415 -0.22489415 -0.22489415 -0.22489415
 -0.22489415 -0.22489415 -0.22489415 -0.22489415 -0.22489415 -0.22489415
 -0.22489415 -0.22489415 -0.22489415 -0.22489415  1.45472571 -0.22489415
 -0.22489415 -0.22489415 -0.22489415 -0.22489415 -0.22489415 -0.22489415
 -0.22489415 -0.22489415 -0.22489415 -0.22489415 -0.22489415  0.79949727
 -0.22489415  1.01456082 -0.22489415 -0.22489415 -0.22489415 -0.22489415
 -0.22489415 -0.22489415 -0.22489415 -0.22489415 -0.22489415 -0.22489415
 -0.22489415 -0.22489415 -0.22489415 -0.22489415 -0.22489415 -0.22489415
 -0.22489415 -0.22489415 -0.22489415 -0.22489415 -0.22489415 -0.22489415
 -0.22489415 -0.22489415 -0.22489415 -0.22489415 -0.22489415  1.98807203
 -0.22489415 -0.22489415 -0.22489415 -0.22489415  5.22467629 -0.22489415
 -0.22489415  6.04900454 -0.22489415 -0.22489415  4.73170718 -0.22489415
 -0.22489415 -0.22489415 -0.22489415 -0.22489415 -0.16632488 -0.22489415
  4.28812252 -0.14131757  0.13194604 -0.22489415  1.41838585 -0.22489415
 -0.22489415 -0.22489415 -0.22489415 -0.22489415 -0.22489415 -0.22489415
 -0.22489415 -0.22489415 -0.22489415 -0.22489415 -0.22489415 -0.22489415
 -0.22489415 -0.22489415 -0.22489415 -0.22489415 -0.22489415 -0.22489415
 -0.22489415 -0.22489415 -0.22489415 -0.22489415 -0.22489415 -0.22489415
 -0.22489415 -0.22489415 -0.22489415 -0.22489415 -0.22489415 -0.22489415
 -0.22489415 -0.22489415 -0.22489415 -0.22489415 -0.22489415 -0.22489415
 -0.22489415 -0.22489415 -0.22489415 -0.22489415 -0.22489415 -0.22489415
 -0.22489415 -0.22489415 -0.22489415 -0.22489415 -0.22489415 -0.22489415
 -0.22489415 -0.22489415 -0.22489415 -0.22489415 -0.22489415 -0.22489415
  6.37824264 -0.22489415 -0.22489415 -0.22489415 -0.22489415  3.9362365
 -0.22489415 -0.22489415 -0.22489415 -0.22489415 -0.22489415 -0.22489415
 -0.22489415 -0.22489415 -0.22489415 -0.22489415 -0.22489415]",[0.014116221276106039]
4,"[-0.18447635 -0.18447635 -0.18447635 -0.1399823  -0.18447635 -0.18447635
 -0.18447635 -0.18447635 -0.18447635 -0.18447635 -0.18447635 -0.18447635
 -0.18447635 -0.18447635 -0.18447635 -0.18447635 -0.18447635 -0.18447635
 -0.18447635 -0.18447635 -0.18447635 -0.18447635 -0.18447635 -0.18447635
 -0.18447635 -0.18447635 -0.18447635 -0.18447635 -0.18447635 -0.18447635
 -0.18447635 -0.18447635 -0.18447635 -0.18447635 -0.18447635 -0.18447635
 -0.18447635 -0.18447635 -0.18447635 -0.18447635  1.12880596 -0.18447635
 -0.18447635 -0.18447635 -0.18447635 -0.18447635 -0.18447635 -0.18447635
 -0.18447635 -0.18447635  0.09907378 -0.18447635 -0.18447635  0.81671864
  0.07365696 -0.18447635 -0.18447635 -0.18447635 -0.18447635 -0.18447635
 -0.18447635 -0.18447635 -0.18447635 -0.18447635 -0.18447635 -0.18447635
 -0.18447635 -0.18447635 -0.18447635 -0.18447635 -0.18447635 -0.18447635
 -0.18447635 -0.18447635 -0.18447635 -0.18447635 -0.18447635  2.1385712
 -0.18447635 -0.18447635 -0.18447635 -0.18447635 -0.18447635 -0.18447635
 -0.18447635 -0.18447635 -0.18447635 -0.18447635  2.29565896 -0.18447635
 -0.18447635  4.33175553 -0.18447635 -0.18447635  7.50897114 -0.18447635
 -0.18447635 -0.18447635 -0.18447635 -0.18447635 -0.05160867 -0.18447635
 -0.18447635 -0.18447635  0.04249336 -0.18447635  3.9805625  -0.18447635
 -0.18447635 -0.18447635 -0.18447635 -0.18447635 -0.18447635 -0.18447635
 -0.18447635 -0.18447635 -0.18447635 -0.18447635 -0.18447635 -0.18447635
 -0.18447635 -0.18447635 -0.18447635 -0.18447635 -0.18447635 -0.18447635
 -0.18447635 -0.18447635 -0.18447635 -0.18447635 -0.18447635 -0.18447635
 -0.18447635 -0.18447635 -0.18447635 -0.18447635 -0.18447635 -0.18447635
 -0.18447635 -0.18447635 -0.18447635 -0.18447635 -0.18447635 -0.18447635
 -0.18447635 -0.18447635 -0.18447635 -0.18447635 -0.18447635 -0.18447635
 -0.18447635 -0.18447635 -0.18447635 -0.18447635 -0.18447635 -0.18447635
 -0.18447635 -0.18447635 -0.18447635 -0.18447635 -0.18447635 -0.18447635
  8.39839638 -0.18447635 -0.18447635 -0.18447635 -0.18447635 -0.18447635
 -0.18447635 -0.18447635 -0.18447635 -0.18447635 -0.18447635 -0.18447635
 -0.18447635 -0.18447635 -0.18447635 -0.18447635 -0.18447635]",[-0.03795360703487166]
4,"[-0.23050933 -0.23050933 -0.23050933 -0.23050933 -0.23050933 -0.23050933
 -0.23050933 -0.23050933 -0.23050933 -0.23050933 -0.23050933 -0.23050933
 -0.23050933 -0.23050933 -0.23050933 -0.23050933  1.68344145 -0.23050933
 -0.23050933 -0.23050933 -0.23050933 -0.23050933 -0.23050933 -0.23050933
 -0.23050933 -0.23050933 -0.23050933 -0.23050933 -0.23050933 -0.23050933
 -0.23050933 -0.23050933 -0.23050933 -0.23050933 -0.23050933 -0.23050933
 -0.23050933 -0.23050933 -0.23050933 -0.23050933  8.49825619 -0.23050933
 -0.23050933 -0.23050933 -0.23050933 -0.23050933 -0.23050933 -0.23050933
 -0.23050933 -0.23050933 -0.23050933 -0.23050933 -0.23050933 -0.23050933
 -0.23050933 -0.23050933 -0.23050933 -0.23050933 -0.23050933 -0.23050933
 -0.23050933 -0.23050933 -0.23050933 -0.23050933 -0.23050933 -0.23050933
 -0.23050933 -0.23050933 -0.23050933 -0.23050933 -0.23050933 -0.23050933
 -0.23050933 -0.23050933 -0.23050933 -0.23050933 -0.23050933  3.02163817
 -0.23050933 -0.23050933 -0.23050933 -0.23050933 -0.23050933  3.41082247
 -0.23050933 -0.23050933 -0.23050933 -0.23050933 -0.23050933  3.18999683
 -0.23050933  3.76293205 -0.23050933 -0.23050933  1.89898073 -0.23050933
 -0.23050933 -0.23050933 -0.23050933 -0.23050933 -0.09975999 -0.23050933
  1.16482381 -0.23050933  0.1774718  -0.23050933  3.36723274 -0.23050933
 -0.23050933 -0.23050933 -0.23050933 -0.23050933 -0.23050933 -0.23050933
 -0.23050933 -0.23050933 -0.23050933 -0.23050933 -0.23050933 -0.23050933
 -0.23050933 -0.23050933 -0.23050933 -0.23050933 -0.23050933 -0.23050933
 -0.23050933 -0.23050933 -0.23050933 -0.23050933 -0.23050933 -0.23050933
 -0.23050933 -0.23050933 -0.23050933 -0.23050933 -0.23050933 -0.23050933
 -0.23050933 -0.23050933 -0.23050933 -0.23050933 -0.23050933 -0.23050933
 -0.23050933 -0.23050933 -0.23050933 -0.23050933 -0.23050933 -0.23050933
 -0.23050933 -0.23050933 -0.23050933 -0.23050933 -0.23050933 -0.23050933
 -0.23050933 -0.23050933 -0.23050933 -0.23050933 -0.23050933 -0.23050933
  4.37313764 -0.23050933 -0.23050933 -0.23050933 -0.23050933  3.81557429
 -0.23050933 -0.23050933 -0.23050933 -0.23050933 -0.23050933 -0.23050933
 -0.23050933 -0.23050933 -0.23050933 -0.23050933 -0.23050933]",[0.028679156763549984]
4,"[-0.23318479 -0.23318479 -0.23318479 -0.23318479 -0.23318479 -0.23318479
 -0.23318479 -0.23318479 -0.23318479 -0.23318479 -0.23318479 -0.23318479
 -0.23318479 -0.23318479 -0.23318479 -0.23318479 -0.23318479 -0.23318479
 -0.23318479 -0.23318479 -0.23318479 -0.23318479 -0.23318479 -0.23318479
 -0.23318479 -0.23318479 -0.23318479 -0.23318479 -0.23318479 -0.23318479
 -0.23318479 -0.23318479 -0.23318479 -0.23318479 -0.23318479 -0.23318479
 -0.23318479 -0.23318479 -0.23318479 -0.23318479  7.34706204  1.75526683
 -0.23318479 -0.23318479 -0.23318479 -0.23318479 -0.23318479 -0.23318479
 -0.23318479 -0.23318479 -0.23318479 -0.23318479 -0.23318479  5.54965751
 -0.23318479 -0.23318479 -0.23318479 -0.23318479 -0.23318479 -0.23318479
 -0.23318479 -0.23318479 -0.23318479 -0.23318479 -0.23318479 -0.23318479
 -0.23318479 -0.23318479 -0.23318479 -0.23318479 -0.23318479 -0.23318479
  1.88912309 -0.23318479 -0.23318479 -0.23318479 -0.23318479 -0.23318479
 -0.23318479 -0.23318479 -0.23318479 -0.23318479 -0.23318479 -0.23318479
 -0.23318479 -0.23318479 -0.23318479 -0.23318479  1.45397589 -0.23318479
 -0.23318479 -0.23318479 -0.23318479 -0.23318479  2.04392373 -0.23318479
 -0.23318479 -0.23318479 -0.23318479 -0.23318479  3.13396377 -0.23318479
  4.0404464   1.51434733 -0.23318479 -0.23318479  3.62665457 -0.23318479
 -0.23318479 -0.23318479 -0.23318479 -0.23318479 -0.23318479 -0.23318479
 -0.23318479 -0.23318479 -0.23318479 -0.23318479 -0.23318479 -0.23318479
 -0.23318479 -0.23318479 -0.23318479 -0.23318479 -0.23318479 -0.23318479
 -0.23318479 -0.23318479 -0.23318479 -0.23318479 -0.23318479 -0.23318479
 -0.23318479 -0.23318479 -0.23318479 -0.23318479 -0.23318479 -0.23318479
 -0.23318479 -0.23318479 -0.23318479 -0.23318479 -0.23318479 -0.23318479
 -0.23318479 -0.23318479 -0.23318479 -0.23318479 -0.23318479 -0.23318479
 -0.23318479 -0.23318479 -0.23318479 -0.23318479 -0.23318479 -0.23318479
 -0.23318479 -0.23318479 -0.23318479 -0.23318479 -0.23318479 -0.23318479
  5.40439848 -0.23318479 -0.23318479 -0.23318479 -0.23318479  1.18304003
 -0.23318479 -0.23318479 -0.23318479 -0.23318479 -0.23318479 -0.23318479
 -0.23318479 -0.23318479 -0.23318479 -0.23318479 -0.23318479]",[0.01747299406976538]
4,"[-0.23117116 -0.23117116 -0.23117116 -0.23117116 -0.23117116 -0.23117116
 -0.23117116 -0.23117116 -0.23117116 -0.23117116 -0.23117116 -0.23117116
 -0.23117116 -0.23117116 -0.23117116 -0.23117116 -0.23117116 -0.23117116
 -0.23117116 -0.23117116 -0.23117116 -0.23117116 -0.23117116 -0.23117116
 -0.23117116 -0.23117116 -0.23117116 -0.23117116 -0.23117116 -0.23117116
 -0.23117116 -0.23117116 -0.23117116 -0.23117116 -0.23117116 -0.23117116
 -0.23117116 -0.23117116 -0.23117116 -0.23117116  6.34650921 -0.23117116
 -0.23117116 -0.23117116 -0.23117116 -0.23117116 -0.23117116 -0.23117116
 -0.23117116 -0.23117116 -0.23117116 -0.23117116 -0.23117116  0.38983665
 -0.23117116 -0.23117116 -0.23117116 -0.23117116 -0.23117116 -0.23117116
 -0.23117116 -0.23117116 -0.23117116 -0.23117116 -0.23117116 -0.23117116
 -0.23117116 -0.23117116 -0.23117116 -0.23117116 -0.23117116 -0.23117116
 -0.23117116 -0.23117116 -0.23117116 -0.23117116 -0.23117116 -0.23117116
 -0.23117116 -0.23117116 -0.23117116 -0.23117116 -0.23117116 -0.23117116
 -0.23117116 -0.23117116 -0.23117116 -0.23117116 -0.23117116 -0.23117116
 -0.23117116  2.64876214 -0.23117116  4.3227665   5.46587303 -0.23117116
 -0.23117116 -0.23117116 -0.23117116 -0.23117116  3.00447424 -0.23117116
  0.79632665 -0.23117116  3.23166527 -0.23117116  4.06383132 -0.23117116
 -0.23117116 -0.23117116 -0.23117116 -0.23117116 -0.23117116 -0.23117116
 -0.23117116 -0.23117116 -0.23117116 -0.23117116 -0.23117116 -0.23117116
 -0.23117116 -0.23117116 -0.23117116 -0.23117116 -0.23117116 -0.23117116
 -0.23117116 -0.23117116 -0.23117116 -0.23117116 -0.23117116 -0.23117116
 -0.23117116 -0.23117116 -0.23117116 -0.23117116 -0.23117116 -0.23117116
 -0.23117116 -0.23117116 -0.23117116 -0.23117116 -0.23117116 -0.23117116
 -0.23117116 -0.23117116 -0.23117116 -0.23117116 -0.23117116 -0.23117116
 -0.23117116 -0.23117116 -0.23117116 -0.23117116 -0.23117116 -0.23117116
 -0.23117116 -0.23117116 -0.23117116 -0.23117116 -0.23117116 -0.23117116
  4.87506612 -0.23117116 -0.23117116 -0.23117116 -0.23117116  3.69164392
 -0.23117116 -0.23117116 -0.23117116 -0.23117116 -0.23117116 -0.23117116
 -0.23117116 -0.23117116 -0.23117116 -0.23117116 -0.23117116]",[0.008400349181899941]
4,"[-0.25630882 -0.25630882 -0.25630882 -0.25630882 -0.25630882 -0.25630882
 -0.25630882 -0.25630882 -0.25630882 -0.25630882 -0.25630882 -0.25630882
 -0.25630882 -0.25630882 -0.25630882 -0.25630882  0.39332487 -0.25630882
 -0.25630882 -0.25630882 -0.25630882 -0.25630882 -0.25630882 -0.25630882
 -0.25630882 -0.25630882 -0.25630882 -0.25630882  0.56254701 -0.25630882
 -0.25630882 -0.25630882 -0.25630882 -0.25630882 -0.25630882 -0.25630882
 -0.25630882 -0.25630882 -0.25630882 -0.25630882  2.81136219 -0.25630882
 -0.25630882 -0.25630882 -0.25630882 -0.25630882 -0.25630882 -0.25630882
 -0.25630882 -0.25630882  1.95508828 -0.25630882  1.51000116  4.16461123
  1.08312351  0.11447074 -0.25630882 -0.25630882 -0.25630882 -0.25630882
 -0.25630882 -0.25630882 -0.25630882 -0.25630882 -0.25630882 -0.25630882
 -0.25630882 -0.25630882 -0.25630882 -0.25630882 -0.25630882 -0.25630882
  1.14809231 -0.25630882 -0.25630882 -0.25630882 -0.25630882 -0.25630882
 -0.25630882 -0.25630882 -0.25630882 -0.25630882 -0.25630882  2.13199815
 -0.25630882 -0.25630882 -0.25630882 -0.25630882 -0.25630882  0.32121043
 -0.25630882  1.10356177 -0.25630882 -0.18445769  6.63177456 -0.25630882
 -0.25630882 -0.25630882 -0.25630882 -0.25630882 -0.15453729 -0.25630882
  1.7645706  -0.25630882 -0.25630882 -0.25630882 -0.25630882  1.05374043
 -0.25630882 -0.25630882 -0.25630882 -0.25630882 -0.25630882 -0.25630882
 -0.25630882 -0.25630882 -0.25630882 -0.25630882 -0.25630882 -0.25630882
 -0.25630882 -0.25630882 -0.25630882 -0.25630882 -0.25630882 -0.25630882
 -0.25630882 -0.25630882 -0.25630882 -0.25630882 -0.25630882 -0.25630882
 -0.25630882 -0.25630882 -0.25630882 -0.25630882 -0.25630882 -0.25630882
 -0.25630882 -0.25630882 -0.25630882 -0.25630882 -0.25630882 -0.25630882
 -0.25630882 -0.25630882 -0.25630882 -0.25630882 -0.25630882 -0.25630882
 -0.25630882 -0.25630882 -0.25630882 -0.25630882 -0.25630882 -0.25630882
 -0.25630882 -0.25630882 -0.25630882 -0.25630882 -0.25630882 -0.25630882
  6.95923777 -0.25630882 -0.25630882 -0.25630882 -0.25630882  5.17692678
 -0.25630882 -0.25630882 -0.25630882 -0.25630882 -0.25630882 -0.25630882
 -0.25630882 -0.25630882 -0.25630882 -0.25630882  2.20645482]",[-0.024501631963140924]
4,"[-0.26187401 -0.26187401 -0.26187401 -0.26187401 -0.26187401 -0.26187401
 -0.26187401 -0.26187401 -0.26187401 -0.26187401 -0.26187401 -0.26187401
 -0.26187401 -0.26187401 -0.26187401 -0.26187401  0.88877501 -0.26187401
 -0.26187401 -0.26187401 -0.26187401 -0.26187401 -0.26187401 -0.26187401
 -0.26187401 -0.26187401 -0.26187401 -0.26187401 -0.26187401 -0.26187401
 -0.26187401 -0.26187401 -0.26187401 -0.26187401 -0.26187401 -0.26187401
 -0.26187401 -0.26187401 -0.26187401 -0.26187401  6.09300883  0.3405067
 -0.26187401 -0.26187401 -0.26187401 -0.26187401 -0.26187401 -0.26187401
 -0.26187401 -0.26187401 -0.26187401 -0.26187401 -0.26187401  4.47733094
 -0.26187401 -0.26187401 -0.26187401 -0.26187401 -0.26187401 -0.26187401
 -0.26187401 -0.26187401 -0.26187401 -0.26187401 -0.26187401 -0.26187401
 -0.26187401 -0.26187401 -0.26187401 -0.26187401 -0.26187401 -0.26187401
 -0.26187401 -0.26187401 -0.26187401 -0.26187401 -0.26187401 -0.26187401
 -0.26187401 -0.26187401 -0.26187401 -0.26187401 -0.26187401 -0.26187401
 -0.26187401 -0.26187401 -0.26187401 -0.26187401 -0.26187401  1.10115815
 -0.26187401  1.72125781 -0.26187401 -0.26187401  2.66201788 -0.26187401
 -0.26187401 -0.26187401 -0.26187401 -0.26187401  0.88269716 -0.26187401
  1.67700545  1.7552066   1.79550855 -0.26187401  5.69643524 -0.26187401
 -0.26187401 -0.26187401 -0.26187401 -0.26187401 -0.26187401 -0.26187401
 -0.26187401 -0.26187401 -0.26187401 -0.26187401 -0.26187401 -0.26187401
 -0.26187401 -0.26187401 -0.26187401 -0.26187401 -0.26187401 -0.26187401
 -0.26187401 -0.26187401 -0.26187401 -0.26187401 -0.26187401 -0.26187401
  5.1284242  -0.26187401 -0.26187401 -0.26187401 -0.26187401 -0.26187401
 -0.26187401 -0.26187401 -0.26187401 -0.26187401 -0.26187401 -0.26187401
 -0.26187401 -0.26187401 -0.26187401 -0.26187401 -0.26187401 -0.26187401
 -0.26187401 -0.26187401 -0.26187401 -0.26187401 -0.26187401 -0.26187401
 -0.26187401 -0.26187401 -0.26187401 -0.26187401 -0.26187401 -0.26187401
  3.84047719 -0.26187401 -0.26187401 -0.26187401 -0.26187401 -0.26187401
 -0.26187401  0.8314013  -0.26187401 -0.26187401 -0.26187401 -0.26187401
 -0.26187401 -0.26187401 -0.26187401 -0.26187401  3.79425222]",[0.032964776075526836]
4,"[-0.22846928 -0.22846928 -0.22846928 -0.22846928 -0.22846928 -0.22846928
 -0.22846928 -0.22846928 -0.22846928 -0.22846928 -0.22846928 -0.22846928
 -0.22846928 -0.22846928 -0.22846928 -0.22846928 -0.22846928 -0.22846928
 -0.22846928 -0.22846928 -0.22846928 -0.22846928 -0.22846928 -0.22846928
 -0.22846928 -0.22846928 -0.22846928 -0.22846928 -0.22846928 -0.22846928
 -0.22846928 -0.22846928 -0.22846928 -0.22846928 -0.22846928 -0.22846928
 -0.22846928 -0.22846928 -0.22846928 -0.22846928  6.19006427 -0.22846928
 -0.22846928 -0.22846928 -0.22846928 -0.22846928 -0.22846928 -0.22846928
 -0.22846928 -0.22846928 -0.22846928 -0.22846928 -0.22846928  0.39637111
 -0.22846928 -0.22846928 -0.22846928 -0.22846928 -0.22846928 -0.22846928
 -0.22846928 -0.22846928 -0.22846928 -0.22846928 -0.22846928 -0.22846928
 -0.22846928 -0.22846928 -0.22846928 -0.22846928 -0.22846928 -0.22846928
 -0.22846928 -0.22846928 -0.22846928 -0.22846928 -0.22846928 -0.22846928
 -0.22846928 -0.22846928 -0.22846928 -0.22846928 -0.22846928 -0.22846928
 -0.22846928 -0.22846928 -0.22846928 -0.22846928  3.05243076 -0.22846928
 -0.22846928 -0.22846928 -0.22846928 -0.22846928  4.10681082 -0.22846928
 -0.22846928 -0.22846928 -0.22846928 -0.22846928  3.80212959 -0.22846928
  4.15061394  1.40202195  5.61456449 -0.22846928  1.5291093  -0.22846928
 -0.22846928 -0.22846928 -0.22846928 -0.22846928 -0.22846928 -0.22846928
 -0.22846928 -0.22846928 -0.22846928 -0.22846928 -0.22846928 -0.22846928
 -0.22846928 -0.22846928 -0.22846928 -0.22846928 -0.22846928 -0.22846928
 -0.22846928 -0.22846928 -0.22846928 -0.22846928 -0.22846928 -0.22846928
 -0.22846928 -0.22846928 -0.22846928 -0.22846928 -0.22846928 -0.22846928
 -0.22846928 -0.22846928 -0.22846928 -0.22846928 -0.22846928 -0.22846928
 -0.22846928 -0.22846928 -0.22846928 -0.22846928 -0.22846928 -0.22846928
 -0.22846928 -0.22846928 -0.22846928 -0.22846928 -0.22846928 -0.22846928
 -0.22846928 -0.22846928 -0.22846928 -0.22846928 -0.22846928 -0.22846928
  5.64147863 -0.22846928 -0.22846928 -0.22846928 -0.22846928  2.49724337
 -0.22846928 -0.22846928 -0.22846928 -0.22846928 -0.22846928 -0.22846928
 -0.22846928 -0.22846928 -0.22846928 -0.22846928 -0.22846928]",[-0.02378986520721943]
4,"[-0.2602417  -0.2602417  -0.2602417  -0.2602417  -0.2602417  -0.2602417
 -0.2602417  -0.2602417  -0.2602417  -0.2602417  -0.2602417  -0.2602417
 -0.2602417  -0.2602417  -0.2602417  -0.2602417   3.30486313 -0.2602417
 -0.2602417  -0.2602417  -0.2602417  -0.2602417  -0.2602417  -0.2602417
 -0.2602417  -0.2602417  -0.2602417  -0.2602417  -0.2602417  -0.2602417
 -0.2602417  -0.2602417  -0.2602417  -0.2602417  -0.2602417  -0.2602417
 -0.2602417  -0.2602417  -0.2602417  -0.2602417   5.17608148 -0.2602417
 -0.2602417  -0.2602417  -0.2602417  -0.2602417  -0.2602417  -0.2602417
 -0.2602417  -0.2602417  -0.2602417  -0.2602417  -0.2602417   0.50281571
 -0.2602417  -0.2602417   4.59905261 -0.2602417  -0.2602417  -0.2602417
 -0.2602417  -0.2602417  -0.2602417  -0.2602417  -0.2602417  -0.2602417
 -0.2602417  -0.2602417  -0.2602417  -0.2602417  -0.2602417  -0.2602417
 -0.2602417  -0.2602417  -0.2602417  -0.2602417  -0.2602417  -0.2602417
 -0.2602417  -0.2602417  -0.2602417  -0.2602417  -0.2602417   1.18203323
 -0.2602417  -0.2602417  -0.2602417  -0.2602417   2.15071738 -0.2602417
 -0.2602417   1.73933258 -0.2602417  -0.2602417   5.64216336 -0.2602417
 -0.2602417  -0.2602417  -0.2602417  -0.2602417   1.62883517 -0.2602417
  4.14621203  0.383992   -0.2602417  -0.2602417   2.62672433 -0.2602417
 -0.2602417  -0.2602417   0.99185545 -0.2602417  -0.2602417  -0.2602417
 -0.2602417  -0.2602417  -0.2602417  -0.2602417  -0.2602417  -0.2602417
 -0.2602417  -0.2602417  -0.2602417  -0.2602417  -0.2602417  -0.2602417
 -0.2602417  -0.2602417  -0.2602417  -0.2602417  -0.2602417  -0.2602417
 -0.2602417  -0.2602417  -0.2602417  -0.2602417  -0.2602417  -0.2602417
 -0.2602417  -0.2602417  -0.2602417  -0.2602417  -0.2602417  -0.2602417
 -0.2602417  -0.2602417  -0.2602417  -0.2602417  -0.2602417  -0.2602417
 -0.2602417  -0.2602417  -0.2602417  -0.2602417  -0.2602417  -0.2602417
 -0.2602417  -0.2602417  -0.2602417  -0.2602417  -0.2602417  -0.2602417
  5.52622473 -0.2602417  -0.2602417  -0.2602417  -0.2602417   3.07873533
 -0.2602417  -0.2602417  -0.2602417  -0.2602417  -0.2602417  -0.2602417
 -0.2602417  -0.2602417  -0.2602417  -0.2602417  -0.2602417 ]",[0.028564424310377923]
4,"[-1.94973327e-01 -1.94973327e-01 -1.94973327e-01 -9.93451302e-02
 -1.94973327e-01 -1.94973327e-01 -1.94973327e-01 -1.94973327e-01
 -1.94973327e-01 -1.94973327e-01 -1.94973327e-01 -1.94973327e-01
 -1.94973327e-01 -1.94973327e-01 -1.94973327e-01 -1.94973327e-01
 -1.94973327e-01 -1.94973327e-01 -1.94973327e-01 -1.94973327e-01
 -1.94973327e-01 -1.94973327e-01 -1.94973327e-01 -1.94973327e-01
 -1.94973327e-01 -1.94973327e-01 -1.94973327e-01 -1.94973327e-01
 -1.94973327e-01 -1.94973327e-01 -1.94973327e-01 -1.94973327e-01
 -1.94973327e-01 -1.94973327e-01 -1.94973327e-01 -1.94973327e-01
 -1.94973327e-01 -1.94973327e-01 -1.94973327e-01 -1.94973327e-01
  7.64406719e+00 -1.94973327e-01 -1.94973327e-01 -1.94973327e-01
 -1.94973327e-01 -1.94973327e-01 -1.94973327e-01 -1.94973327e-01
 -1.94973327e-01 -1.94973327e-01 -1.94973327e-01 -1.94973327e-01
 -1.94973327e-01  1.14482481e+00 -1.94973327e-01 -1.94973327e-01
 -1.94973327e-01 -1.94973327e-01 -1.94973327e-01 -1.94973327e-01
 -1.94973327e-01 -1.94973327e-01 -1.94973327e-01 -1.94973327e-01
 -1.94973327e-01 -1.94973327e-01 -1.94973327e-01 -1.94973327e-01
 -1.94973327e-01 -1.94973327e-01 -1.94973327e-01 -1.94973327e-01
 -1.94973327e-01 -1.94973327e-01 -1.94973327e-01 -1.94973327e-01
 -1.94973327e-01 -1.94973327e-01 -1.94973327e-01 -1.94973327e-01
 -1.94973327e-01 -1.94973327e-01 -1.94973327e-01 -1.94973327e-01
 -1.94973327e-01 -1.94973327e-01 -1.94973327e-01 -1.94973327e-01
  1.57331474e+00 -1.94973327e-01 -1.94973327e-01  1.07774124e+00
 -1.94973327e-01 -5.89008297e-03  5.71650200e+00 -1.94973327e-01
 -1.94973327e-01 -1.94973327e-01 -1.94973327e-01 -1.94973327e-01
  2.16223845e-01 -1.94973327e-01  4.73427212e+00 -7.96415176e-02
  9.26670203e-02 -1.94973327e-01  2.25948341e-01 -1.94973327e-01
 -1.94973327e-01 -1.94973327e-01 -1.94973327e-01 -1.94973327e-01
 -1.94973327e-01 -1.94973327e-01 -1.94973327e-01 -1.94973327e-01
 -1.94973327e-01 -1.94973327e-01 -1.94973327e-01 -1.94973327e-01
 -1.94973327e-01 -1.94973327e-01 -1.94973327e-01 -1.94973327e-01
 -1.94973327e-01 -1.94973327e-01 -1.94973327e-01 -1.94973327e-01
 -1.94973327e-01 -1.94973327e-01 -1.94973327e-01 -1.94973327e-01
 -1.94973327e-01 -1.94973327e-01 -1.94973327e-01 -1.94973327e-01
 -1.94973327e-01 -1.94973327e-01 -1.94973327e-01 -1.94973327e-01
 -1.94973327e-01 -1.94973327e-01 -1.94973327e-01 -1.94973327e-01
 -1.94973327e-01 -1.94973327e-01 -1.94973327e-01 -1.94973327e-01
 -1.94973327e-01 -1.94973327e-01 -1.94973327e-01 -1.94973327e-01
 -1.94973327e-01 -1.94973327e-01 -1.94973327e-01 -1.94973327e-01
 -1.94973327e-01 -1.94973327e-01 -1.94973327e-01 -1.94973327e-01
 -1.94973327e-01 -1.94973327e-01  7.04726549e+00 -1.94973327e-01
 -1.94973327e-01 -1.94973327e-01 -1.94973327e-01  2.01326116e+00
 -1.94973327e-01  6.74414456e-01 -1.94973327e-01 -1.94973327e-01
 -1.94973327e-01 -1.94973327e-01 -1.94973327e-01 -1.94973327e-01
 -1.94973327e-01 -1.94973327e-01 -1.94973327e-01]",[-0.0804301742092538]
4,"[-0.19675545 -0.19675545 -0.19675545 -0.19675545 -0.19675545 -0.19675545
 -0.19675545 -0.19675545 -0.19675545 -0.19675545 -0.19675545 -0.19675545
 -0.19675545 -0.19675545 -0.19675545 -0.19675545 -0.19675545 -0.19675545
 -0.19675545 -0.19675545  0.18770578 -0.19675545 -0.19675545 -0.19675545
 -0.19675545 -0.19675545 -0.19675545 -0.19675545 -0.19675545 -0.19675545
 -0.19675545 -0.19675545 -0.19675545 -0.19675545 -0.19675545 -0.19675545
 -0.19675545 -0.19675545 -0.19675545 -0.19675545  6.8087374  -0.19675545
 -0.19675545 -0.19675545 -0.19675545 -0.19675545 -0.19675545 -0.19675545
 -0.19675545 -0.19675545 -0.19675545 -0.19675545 -0.19675545  6.48047496
 -0.19675545 -0.19675545 -0.19675545 -0.19675545 -0.19675545 -0.19675545
 -0.19675545 -0.19675545 -0.19675545 -0.19675545 -0.19675545 -0.19675545
 -0.19675545 -0.19675545 -0.19675545 -0.19675545 -0.19675545 -0.19675545
 -0.19675545 -0.19675545 -0.19675545 -0.19675545 -0.19675545 -0.19675545
 -0.19675545 -0.19675545 -0.19675545 -0.19675545 -0.19675545  1.16316724
 -0.19675545 -0.19675545 -0.19675545 -0.19675545  1.58340472 -0.19675545
 -0.19675545  0.6420404  -0.19675545 -0.19675545  1.77941293 -0.19675545
 -0.19675545 -0.19675545 -0.19675545 -0.19675545  2.98374851 -0.19675545
 -0.19675545 -0.19675545 -0.19675545 -0.19675545  5.51263539 -0.19675545
 -0.19675545 -0.19675545 -0.19675545 -0.19675545 -0.19675545 -0.19675545
 -0.19675545 -0.19675545 -0.19675545 -0.19675545 -0.19675545 -0.19675545
 -0.19675545 -0.19675545 -0.19675545 -0.19675545 -0.19675545 -0.19675545
 -0.19675545 -0.19675545 -0.19675545 -0.19675545 -0.19675545 -0.19675545
 -0.19675545 -0.19675545 -0.19675545 -0.19675545 -0.19675545 -0.19675545
 -0.19675545 -0.19675545 -0.19675545 -0.19675545 -0.19675545 -0.19675545
 -0.19675545 -0.19675545 -0.19675545 -0.19675545 -0.19675545 -0.19675545
 -0.19675545 -0.19675545 -0.19675545 -0.19675545 -0.19675545 -0.19675545
 -0.19675545 -0.19675545 -0.19675545 -0.19675545 -0.19675545 -0.19675545
  6.11034365 -0.19675545 -0.19675545 -0.19675545 -0.19675545 -0.19675545
 -0.19675545 -0.19675545 -0.19675545 -0.19675545 -0.19675545 -0.19675545
 -0.19675545 -0.19675545 -0.19675545 -0.19675545 -0.19675545]",[-0.04594297018107296]
4,"[-0.21258131 -0.21258131 -0.21258131 -0.21258131 -0.21258131 -0.21258131
 -0.21258131 -0.21258131 -0.21258131 -0.21258131 -0.21258131 -0.21258131
 -0.21258131 -0.21258131 -0.21258131 -0.21258131 -0.21258131 -0.21258131
 -0.21258131 -0.21258131 -0.21258131 -0.21258131 -0.21258131 -0.21258131
 -0.21258131 -0.21258131 -0.21258131 -0.21258131 -0.21258131 -0.21258131
 -0.21258131 -0.21258131 -0.21258131 -0.21258131 -0.21258131 -0.21258131
 -0.21258131 -0.21258131 -0.21258131 -0.21258131  8.1363123   0.4078387
 -0.21258131 -0.21258131 -0.21258131 -0.21258131 -0.21258131 -0.21258131
 -0.21258131 -0.21258131 -0.21258131 -0.21258131 -0.21258131  0.46581661
  3.77703792 -0.21258131  0.23105178 -0.21258131 -0.21258131 -0.21258131
 -0.21258131 -0.21258131 -0.21258131 -0.21258131 -0.21258131 -0.21258131
 -0.21258131 -0.21258131 -0.21258131 -0.21258131 -0.21258131 -0.21258131
 -0.21258131 -0.21258131 -0.21258131 -0.21258131 -0.21258131 -0.21258131
 -0.21258131 -0.21258131 -0.21258131 -0.21258131 -0.21258131  2.2270724
 -0.21258131 -0.21258131 -0.21258131 -0.21258131  2.88943946 -0.21258131
 -0.21258131  3.76000076 -0.21258131 -0.21258131  0.36350583 -0.21258131
 -0.21258131 -0.21258131 -0.21258131 -0.21258131  0.07271333 -0.21258131
  0.76474717  0.01377003  1.76424423 -0.21258131  1.46666924 -0.21258131
 -0.21258131 -0.21258131 -0.21258131 -0.21258131 -0.21258131 -0.21258131
 -0.21258131 -0.21258131 -0.21258131 -0.21258131 -0.21258131 -0.21258131
 -0.21258131 -0.21258131 -0.21258131 -0.21258131 -0.21258131 -0.21258131
 -0.21258131 -0.21258131 -0.21258131 -0.21258131 -0.21258131 -0.21258131
 -0.21258131 -0.21258131 -0.21258131 -0.21258131 -0.21258131 -0.21258131
 -0.21258131 -0.21258131 -0.21258131 -0.21258131 -0.21258131 -0.21258131
 -0.21258131 -0.21258131 -0.21258131 -0.21258131 -0.21258131 -0.21258131
 -0.21258131 -0.21258131 -0.21258131 -0.21258131 -0.21258131 -0.21258131
 -0.21258131 -0.21258131 -0.21258131 -0.21258131 -0.21258131 -0.21258131
  7.52918666 -0.21258131 -0.21258131 -0.21258131 -0.21258131  0.78134772
 -0.21258131 -0.21258131 -0.21258131 -0.21258131 -0.21258131 -0.21258131
 -0.21258131 -0.21258131 -0.21258131 -0.21258131 -0.21258131]",[-0.07009125203669311]
4,"[-0.21780095 -0.21780095 -0.21780095 -0.21780095 -0.21780095 -0.21780095
 -0.21780095 -0.21780095 -0.21780095 -0.21780095 -0.21780095 -0.21780095
 -0.21780095 -0.21780095 -0.21780095 -0.21780095 -0.21780095 -0.21780095
 -0.21780095 -0.21780095 -0.21780095 -0.21780095 -0.21780095 -0.21780095
 -0.21780095 -0.21780095 -0.21780095 -0.21780095  1.16451574 -0.21780095
 -0.21780095 -0.21780095 -0.21780095 -0.21780095 -0.21780095 -0.21780095
 -0.21780095 -0.21780095 -0.21780095 -0.21780095  1.8347677  -0.21780095
 -0.21780095 -0.21780095 -0.21780095 -0.21780095 -0.21780095 -0.21780095
 -0.21780095 -0.21780095 -0.21780095 -0.21780095 -0.21780095  6.84788957
 -0.21780095 -0.21780095 -0.21780095 -0.21780095 -0.21780095 -0.21780095
 -0.21780095 -0.21780095 -0.21780095 -0.21780095 -0.21780095 -0.21780095
 -0.21780095 -0.21780095 -0.21780095 -0.21780095 -0.21780095 -0.21780095
 -0.21780095 -0.21780095 -0.21780095 -0.21780095 -0.21780095  2.56923703
 -0.21780095 -0.21780095 -0.21780095 -0.21780095 -0.21780095 -0.21780095
 -0.21780095 -0.21780095 -0.21780095 -0.21780095  1.88701299 -0.21780095
 -0.21780095  3.96727885 -0.21780095 -0.21780095  5.90427163 -0.21780095
 -0.21780095 -0.21780095 -0.21780095 -0.21780095  1.67680742 -0.21780095
  0.29475704 -0.1927053  -0.21780095 -0.21780095  0.03817135 -0.21780095
 -0.21780095 -0.21780095 -0.21780095 -0.21780095 -0.21780095 -0.21780095
 -0.21780095 -0.21780095 -0.21780095 -0.21780095 -0.21780095 -0.21780095
 -0.21780095 -0.21780095 -0.21780095 -0.21780095 -0.21780095 -0.21780095
 -0.21780095 -0.21780095 -0.21780095 -0.21780095 -0.21780095 -0.21780095
 -0.21780095 -0.21780095 -0.21780095 -0.21780095 -0.21780095 -0.21780095
 -0.21780095 -0.21780095 -0.21780095 -0.21780095 -0.21780095 -0.21780095
 -0.21780095 -0.21780095 -0.21780095 -0.21780095 -0.21780095 -0.21780095
 -0.21780095 -0.21780095 -0.21780095 -0.21780095 -0.21780095 -0.21780095
 -0.21780095 -0.21780095 -0.21780095 -0.21780095 -0.21780095 -0.21780095
  6.52505872 -0.21780095 -0.21780095 -0.21780095 -0.21780095  3.63789558
 -0.21780095 -0.21780095 -0.21780095 -0.21780095 -0.21780095 -0.21780095
 -0.21780095 -0.21780095 -0.21780095 -0.21780095 -0.21780095]",[-0.0386400178622274]
4,"[-0.22493152 -0.22493152 -0.22493152 -0.22493152 -0.22493152 -0.22493152
 -0.22493152 -0.22493152 -0.22493152 -0.22493152 -0.22493152 -0.22493152
 -0.22493152 -0.22493152 -0.22493152 -0.22493152 -0.22493152 -0.22493152
 -0.22493152 -0.22493152  0.28974949 -0.22493152 -0.22493152 -0.22493152
 -0.22493152 -0.22493152 -0.22493152 -0.22493152  1.54521109 -0.22493152
 -0.22493152 -0.22493152 -0.22493152 -0.22493152 -0.22493152 -0.22493152
 -0.22493152 -0.22493152 -0.22493152 -0.22493152  2.02262555 -0.22493152
 -0.22493152 -0.22493152 -0.22493152 -0.22493152 -0.22493152 -0.22493152
 -0.22493152 -0.22493152 -0.22493152 -0.22493152 -0.22493152  0.69440376
 -0.22493152 -0.22493152 -0.22493152 -0.22493152 -0.22493152 -0.22493152
 -0.22493152 -0.22493152 -0.22493152 -0.22493152 -0.22493152 -0.22493152
 -0.22493152 -0.22493152 -0.22493152 -0.22493152 -0.22493152 -0.22493152
 -0.22493152 -0.22493152 -0.22493152 -0.22493152 -0.22493152  2.95518113
 -0.22493152 -0.22493152 -0.22493152 -0.22493152 -0.22493152  4.67511843
 -0.22493152 -0.22493152 -0.22493152 -0.22493152  5.42033644 -0.22493152
 -0.22493152  4.64047097 -0.22493152 -0.22493152  2.56683968 -0.22493152
 -0.22493152 -0.22493152 -0.22493152 -0.22493152 -0.14317201 -0.22493152
 -0.22493152 -0.19874813 -0.22493152 -0.22493152 -0.22493152 -0.22493152
 -0.22493152 -0.22493152 -0.22493152 -0.22493152 -0.22493152 -0.22493152
 -0.22493152 -0.22493152 -0.22493152 -0.22493152 -0.22493152 -0.22493152
 -0.22493152 -0.22493152 -0.22493152 -0.22493152 -0.22493152 -0.22493152
 -0.22493152 -0.22493152 -0.22493152 -0.22493152 -0.22493152 -0.22493152
 -0.22493152 -0.22493152 -0.22493152 -0.22493152 -0.22493152 -0.22493152
 -0.22493152 -0.22493152 -0.22493152 -0.22493152 -0.22493152 -0.22493152
 -0.22493152 -0.22493152 -0.22493152 -0.22493152 -0.22493152 -0.22493152
 -0.22493152 -0.22493152 -0.22493152 -0.22493152 -0.22493152 -0.22493152
 -0.22493152 -0.22493152 -0.22493152 -0.22493152 -0.22493152 -0.22493152
  7.94851806 -0.22493152 -0.22493152 -0.22493152 -0.22493152 -0.22493152
  3.13724752 -0.22493152  1.55991805 -0.22493152 -0.22493152 -0.22493152
 -0.22493152 -0.22493152 -0.22493152 -0.22493152 -0.22493152]",[0.015511728356381344]
4,"[-0.28996286 -0.28996286 -0.28996286 -0.28996286 -0.28996286 -0.28996286
 -0.28996286 -0.28996286 -0.28996286 -0.28996286 -0.28996286 -0.28996286
 -0.28996286 -0.28996286 -0.28996286 -0.28996286  1.34078118 -0.28996286
 -0.28996286 -0.28996286 -0.28996286 -0.28996286 -0.28996286 -0.28996286
 -0.28996286 -0.28996286 -0.28996286 -0.28996286 -0.28996286 -0.28996286
 -0.28996286 -0.28996286 -0.28996286 -0.28996286 -0.28996286 -0.28996286
 -0.28996286 -0.28996286 -0.28996286 -0.28996286  4.42564031  0.82563002
 -0.28996286 -0.28996286 -0.28996286 -0.28996286 -0.28996286 -0.28996286
 -0.28996286 -0.28996286 -0.28996286 -0.28996286 -0.28996286 -0.28996286
 -0.28996286 -0.28996286 -0.28996286 -0.28996286 -0.28996286 -0.28996286
 -0.28996286 -0.28996286 -0.28996286 -0.28996286 -0.28996286 -0.28996286
 -0.28996286 -0.28996286 -0.28996286 -0.28996286 -0.28996286 -0.28996286
 -0.28996286 -0.28996286 -0.28996286 -0.28996286 -0.28996286 -0.28996286
 -0.28996286 -0.28996286 -0.28996286  3.76440034 -0.28996286  0.721348
 -0.28996286 -0.28996286 -0.28996286 -0.28996286 -0.28996286 -0.28996286
 -0.28996286  1.73721874 -0.28996286  2.44657451  4.21871804  0.0108474
 -0.28996286 -0.28996286 -0.28996286 -0.28996286  3.89020023 -0.28996286
  3.83648053  3.54649554  4.57904898 -0.28996286  2.5826191   2.01026245
 -0.28996286 -0.28996286 -0.28996286 -0.28996286 -0.28996286 -0.28996286
 -0.28996286 -0.28996286 -0.28996286 -0.28996286 -0.28996286 -0.28996286
 -0.28996286 -0.28996286 -0.28996286 -0.28996286 -0.28996286 -0.28996286
 -0.28996286 -0.28996286 -0.28996286 -0.28996286 -0.28996286 -0.28996286
 -0.28996286 -0.28996286 -0.28996286 -0.28996286 -0.28996286 -0.28996286
 -0.28996286 -0.28996286 -0.28996286 -0.28996286 -0.28996286 -0.28996286
 -0.28996286 -0.28996286 -0.28996286 -0.28996286 -0.28996286 -0.28996286
 -0.28996286 -0.28996286 -0.28996286 -0.28996286 -0.28996286 -0.28996286
 -0.28996286 -0.28996286 -0.28996286 -0.28996286 -0.28996286 -0.28996286
  4.7329134  -0.28996286 -0.28996286 -0.28996286 -0.28996286  2.30480442
 -0.28996286 -0.28996286 -0.28996286 -0.28996286 -0.28996286 -0.28996286
 -0.28996286 -0.28996286 -0.28996286 -0.28996286 -0.28996286]",[0.023143632789629665]
4,"[-0.24687615 -0.24687615 -0.24687615 -0.24687615 -0.24687615 -0.24687615
 -0.24687615 -0.24687615 -0.24687615 -0.24687615 -0.24687615 -0.24687615
 -0.24687615 -0.24687615 -0.24687615 -0.24687615  0.93182071 -0.24687615
 -0.24687615 -0.24687615 -0.24687615 -0.24687615 -0.24687615 -0.24687615
 -0.24687615 -0.24687615 -0.24687615 -0.24687615 -0.24687615 -0.24687615
 -0.24687615 -0.24687615 -0.24687615 -0.24687615 -0.24687615 -0.24687615
 -0.24687615 -0.24687615 -0.24687615 -0.24687615  4.87375067  0.88842932
 -0.24687615 -0.24687615 -0.24687615 -0.24687615 -0.24687615 -0.24687615
 -0.24687615 -0.24687615 -0.24687615 -0.24687615 -0.24687615  7.0364418
 -0.11408932 -0.24687615 -0.24687615 -0.24687615 -0.24687615 -0.24687615
 -0.24687615 -0.24687615 -0.24687615 -0.24687615 -0.24687615 -0.24687615
 -0.24687615 -0.24687615 -0.24687615 -0.24687615 -0.24687615 -0.24687615
  1.67157468 -0.24687615 -0.24687615 -0.24687615 -0.24687615 -0.24687615
 -0.24687615 -0.24687615 -0.24687615 -0.24687615 -0.24687615 -0.24687615
 -0.24687615 -0.24687615 -0.24687615 -0.24687615 -0.24687615 -0.24687615
 -0.24687615  2.13988425 -0.24687615 -0.24687615  4.28620885 -0.24687615
 -0.24687615 -0.24687615 -0.24687615 -0.24687615  3.14655227 -0.24687615
  3.23378933  0.03910188  2.65291896 -0.24687615  3.36217421 -0.24687615
 -0.24687615 -0.24687615 -0.24687615 -0.24687615 -0.24687615 -0.24687615
 -0.24687615 -0.24687615 -0.24687615 -0.24687615 -0.24687615 -0.24687615
 -0.24687615 -0.24687615 -0.24687615 -0.24687615 -0.24687615 -0.24687615
 -0.24687615 -0.24687615 -0.24687615 -0.24687615 -0.24687615 -0.24687615
 -0.24687615 -0.24687615 -0.24687615 -0.24687615 -0.24687615 -0.24687615
 -0.24687615 -0.24687615 -0.24687615 -0.24687615 -0.24687615 -0.24687615
 -0.24687615 -0.24687615 -0.24687615 -0.24687615 -0.24687615 -0.24687615
 -0.24687615 -0.24687615 -0.24687615 -0.24687615 -0.24687615 -0.24687615
 -0.24687615 -0.24687615 -0.24687615 -0.24687615 -0.24687615 -0.24687615
  5.35244567 -0.24687615 -0.24687615 -0.24687615 -0.24687615 -0.24687615
 -0.24687615 -0.24687615 -0.24687615 -0.24687615 -0.24687615 -0.24687615
 -0.24687615 -0.24687615 -0.24687615 -0.24687615  0.98668543]",[2.2737760351352354]
4,"[-0.2222017  -0.2222017  -0.2222017  -0.2222017  -0.2222017  -0.2222017
 -0.2222017  -0.2222017  -0.2222017  -0.2222017  -0.2222017  -0.2222017
 -0.2222017  -0.2222017  -0.2222017  -0.2222017  -0.2222017  -0.2222017
 -0.2222017  -0.2222017  -0.2222017  -0.2222017  -0.2222017  -0.2222017
 -0.2222017  -0.2222017  -0.2222017  -0.2222017  -0.2222017  -0.2222017
 -0.2222017  -0.2222017  -0.2222017  -0.2222017  -0.2222017  -0.2222017
 -0.2222017  -0.2222017  -0.2222017  -0.2222017   6.84928915  2.00487464
 -0.2222017  -0.2222017  -0.2222017  -0.2222017  -0.2222017  -0.2222017
 -0.2222017  -0.2222017  -0.2222017  -0.2222017  -0.2222017   5.20171766
  4.43938956 -0.2222017   2.89738375 -0.2222017  -0.2222017  -0.2222017
 -0.2222017  -0.2222017  -0.2222017  -0.2222017  -0.2222017  -0.2222017
 -0.2222017  -0.2222017  -0.2222017  -0.2222017  -0.2222017  -0.2222017
 -0.2222017  -0.2222017  -0.2222017  -0.2222017  -0.2222017  -0.2222017
 -0.2222017  -0.2222017  -0.2222017  -0.2222017  -0.2222017  -0.2222017
 -0.2222017  -0.2222017  -0.2222017  -0.2222017   2.32777539 -0.2222017
 -0.2222017  -0.2222017  -0.2222017  -0.2222017  -0.2222017  -0.2222017
 -0.2222017  -0.2222017  -0.2222017  -0.2222017  -0.12759626 -0.2222017
 -0.2222017  -0.2222017   0.5235552  -0.2222017   5.08808589 -0.2222017
 -0.2222017  -0.2222017  -0.2222017  -0.2222017  -0.2222017  -0.2222017
 -0.2222017  -0.2222017  -0.2222017  -0.2222017  -0.2222017  -0.2222017
 -0.2222017  -0.2222017  -0.2222017  -0.2222017  -0.2222017  -0.2222017
 -0.2222017  -0.2222017  -0.2222017  -0.2222017  -0.2222017  -0.2222017
 -0.2222017  -0.2222017  -0.2222017  -0.2222017  -0.2222017  -0.2222017
 -0.2222017  -0.2222017  -0.2222017  -0.2222017  -0.2222017  -0.2222017
 -0.2222017  -0.2222017  -0.2222017  -0.2222017   4.10380302 -0.2222017
 -0.2222017  -0.2222017  -0.2222017  -0.2222017  -0.2222017  -0.2222017
 -0.2222017  -0.2222017  -0.2222017  -0.2222017  -0.2222017  -0.2222017
  4.02160747 -0.2222017  -0.2222017  -0.2222017  -0.2222017  -0.2222017
 -0.2222017  -0.2222017  -0.2222017  -0.2222017  -0.2222017  -0.2222017
 -0.2222017  -0.2222017  -0.2222017  -0.2222017  -0.2222017 ]",[-0.011565619094930063]
4,"[-0.23989345 -0.23989345 -0.23989345 -0.23989345 -0.23989345 -0.23989345
 -0.23989345 -0.23989345 -0.23989345 -0.23989345 -0.23989345 -0.23989345
 -0.23989345 -0.23989345 -0.23989345 -0.23989345  1.48131815 -0.23989345
 -0.23989345 -0.23989345 -0.23989345 -0.23989345 -0.23989345 -0.23989345
 -0.23989345 -0.23989345 -0.23989345 -0.23989345 -0.23989345 -0.23989345
 -0.23989345 -0.23989345 -0.23989345 -0.23989345 -0.23989345 -0.23989345
 -0.23989345 -0.23989345 -0.23989345 -0.23989345  1.78967141 -0.23989345
 -0.23989345 -0.23989345 -0.23989345 -0.23989345 -0.23989345 -0.23989345
 -0.23989345 -0.23989345 -0.23989345 -0.23989345 -0.23989345 -0.23989345
 -0.12490251 -0.23989345 -0.23989345 -0.23989345 -0.23989345 -0.23989345
 -0.23989345 -0.23989345 -0.23989345 -0.23989345 -0.23989345 -0.23989345
 -0.23989345 -0.23989345 -0.23989345 -0.23989345 -0.23989345 -0.23989345
 -0.23989345 -0.23989345 -0.23989345 -0.23989345 -0.23989345 -0.23989345
 -0.23989345 -0.23989345 -0.23989345 -0.23989345 -0.23989345  2.47020722
 -0.23989345 -0.23989345 -0.23989345 -0.23989345 -0.23989345  3.36316204
 -0.23989345  4.42815248 -0.23989345 -0.23989345  6.08041342 -0.23989345
 -0.23989345 -0.23989345 -0.23989345 -0.23989345 -0.13872311 -0.23989345
 -0.23989345 -0.23989345  0.10880189 -0.23989345  3.35171561 -0.23989345
 -0.23989345 -0.23989345 -0.23989345 -0.23989345 -0.23989345 -0.23989345
 -0.23989345 -0.23989345 -0.23989345 -0.23989345 -0.23989345 -0.23989345
 -0.23989345 -0.23989345 -0.23989345  1.28021087 -0.23989345 -0.23989345
 -0.23989345 -0.23989345 -0.23989345 -0.23989345 -0.23989345 -0.23989345
 -0.23989345 -0.23989345 -0.23989345 -0.23989345 -0.23989345 -0.23989345
 -0.23989345 -0.23989345 -0.23989345 -0.23989345 -0.23989345 -0.23989345
 -0.23989345 -0.23989345 -0.23989345 -0.23989345 -0.23989345 -0.23989345
 -0.23989345 -0.23989345 -0.23989345 -0.23989345 -0.23989345 -0.23989345
 -0.23989345 -0.23989345 -0.23989345 -0.23989345 -0.23989345 -0.23989345
  7.27218315 -0.23989345 -0.23989345 -0.23989345 -0.23989345  3.98774136
  2.49395294 -0.23989345  1.49862071 -0.23989345 -0.23989345 -0.23989345
 -0.23989345 -0.23989345 -0.23989345 -0.23989345 -0.23989345]",[0.720018968612594]
4,"[-0.24540951 -0.24540951 -0.24540951 -0.24540951 -0.24540951 -0.24540951
 -0.24540951 -0.24540951 -0.24540951 -0.24540951 -0.24540951 -0.24540951
 -0.24540951 -0.24540951 -0.24540951 -0.24540951 -0.24540951 -0.24540951
 -0.24540951 -0.24540951 -0.24540951 -0.24540951 -0.24540951 -0.24540951
 -0.24540951 -0.24540951 -0.24540951 -0.24540951 -0.24540951 -0.24540951
 -0.24540951 -0.24540951 -0.24540951 -0.24540951 -0.24540951 -0.24540951
 -0.24540951 -0.24540951 -0.24540951 -0.24540951  6.1454903   0.69997672
 -0.24540951 -0.24540951 -0.24540951 -0.24540951 -0.24540951 -0.24540951
 -0.24540951 -0.24540951 -0.24540951 -0.24540951 -0.24540951  0.50879851
 -0.24540951 -0.24540951 -0.24540951 -0.24540951 -0.24540951 -0.24540951
 -0.24540951 -0.24540951 -0.24540951 -0.24540951 -0.24540951 -0.24540951
 -0.24540951 -0.24540951 -0.24540951 -0.24540951 -0.24540951 -0.24540951
 -0.24540951 -0.24540951 -0.24540951 -0.24540951 -0.24540951  2.83252355
 -0.24540951 -0.24540951 -0.24540951 -0.24540951 -0.24540951  3.77768042
 -0.24540951 -0.24540951 -0.24540951 -0.24540951  2.19646592  5.54756506
 -0.24540951  4.27915806 -0.24540951 -0.24540951  2.19207574 -0.24540951
 -0.24540951 -0.24540951 -0.24540951 -0.24540951  0.12173514 -0.24540951
 -0.24540951 -0.24540951  0.04827886 -0.24540951  4.21765584 -0.24540951
 -0.24540951 -0.24540951 -0.24540951 -0.24540951 -0.24540951 -0.24540951
 -0.24540951 -0.24540951 -0.24540951 -0.24540951 -0.24540951 -0.24540951
 -0.24540951 -0.24540951 -0.24540951 -0.24540951 -0.24540951 -0.24540951
 -0.24540951 -0.24540951 -0.24540951 -0.24540951 -0.24540951 -0.24540951
 -0.24540951 -0.24540951 -0.24540951 -0.24540951 -0.24540951 -0.24540951
 -0.24540951 -0.24540951 -0.24540951 -0.24540951 -0.24540951 -0.24540951
 -0.24540951 -0.24540951 -0.24540951 -0.24540951 -0.24540951 -0.24540951
 -0.24540951 -0.24540951 -0.24540951 -0.24540951 -0.24540951 -0.24540951
 -0.24540951 -0.24540951 -0.24540951 -0.24540951 -0.24540951 -0.24540951
  3.55849971 -0.24540951 -0.24540951 -0.24540951 -0.24540951  4.36666504
 -0.24540951 -0.24540951 -0.24540951 -0.24540951 -0.24540951 -0.24540951
 -0.24540951 -0.24540951 -0.24540951 -0.24540951 -0.24540951]",[-0.009031758858724481]
4,"[-0.20370188 -0.20370188 -0.20370188 -0.20370188 -0.20370188 -0.20370188
 -0.20370188 -0.20370188 -0.20370188 -0.20370188 -0.20370188 -0.20370188
 -0.20370188 -0.20370188 -0.20370188 -0.20370188 -0.20370188 -0.20370188
 -0.20370188 -0.20370188 -0.20370188 -0.20370188 -0.20370188 -0.20370188
 -0.20370188 -0.20370188 -0.20370188 -0.20370188 -0.20370188 -0.20370188
 -0.20370188 -0.20370188 -0.20370188 -0.20370188 -0.20370188 -0.20370188
 -0.20370188 -0.20370188 -0.20370188 -0.20370188  6.33339568 -0.20370188
 -0.20370188 -0.20370188 -0.20370188 -0.20370188 -0.20370188 -0.20370188
 -0.20370188 -0.20370188 -0.20370188 -0.20370188 -0.20370188  6.16993154
 -0.20370188 -0.20370188 -0.20370188 -0.20370188 -0.20370188 -0.20370188
 -0.20370188 -0.20370188 -0.20370188 -0.20370188 -0.20370188 -0.20370188
 -0.20370188 -0.20370188 -0.20370188 -0.20370188 -0.20370188 -0.20370188
 -0.20370188 -0.20370188 -0.20370188 -0.20370188 -0.20370188 -0.20370188
 -0.20370188 -0.20370188 -0.20370188 -0.20370188 -0.20370188 -0.20370188
 -0.20370188 -0.20370188 -0.20370188 -0.20370188 -0.20370188  0.29787071
 -0.20370188  2.52650872 -0.20370188 -0.20370188  5.27731536 -0.20370188
 -0.20370188 -0.20370188 -0.20370188 -0.20370188  2.18895015 -0.20370188
 -0.20370188 -0.20370188  0.06321971 -0.20370188  4.49249159 -0.20370188
 -0.20370188 -0.20370188 -0.20370188 -0.20370188 -0.20370188 -0.20370188
 -0.20370188 -0.20370188 -0.20370188 -0.20370188 -0.20370188 -0.20370188
 -0.20370188 -0.20370188 -0.20370188 -0.20370188 -0.20370188 -0.20370188
 -0.20370188 -0.20370188 -0.20370188 -0.20370188 -0.20370188 -0.20370188
 -0.20370188 -0.20370188 -0.20370188 -0.20370188 -0.20370188 -0.20370188
 -0.20370188 -0.20370188 -0.20370188 -0.20370188 -0.20370188 -0.20370188
 -0.20370188 -0.20370188 -0.20370188 -0.20370188 -0.20370188 -0.20370188
 -0.20370188  1.36161069 -0.20370188 -0.20370188 -0.20370188 -0.20370188
 -0.20370188 -0.20370188 -0.20370188 -0.20370188 -0.20370188 -0.20370188
  5.71432295 -0.20370188 -0.20370188 -0.20370188 -0.20370188 -0.20370188
 -0.20370188 -0.20370188 -0.20370188 -0.20370188 -0.20370188 -0.20370188
 -0.20370188 -0.20370188 -0.20370188 -0.20370188 -0.20370188]",[-0.002787317915619314]
4,"[-0.23054517 -0.23054517 -0.23054517 -0.23054517 -0.23054517 -0.23054517
 -0.23054517 -0.23054517 -0.23054517 -0.23054517 -0.23054517 -0.23054517
 -0.23054517 -0.23054517 -0.23054517 -0.23054517  4.60522426 -0.23054517
 -0.23054517 -0.23054517 -0.23054517 -0.23054517 -0.23054517 -0.23054517
 -0.23054517 -0.23054517 -0.23054517 -0.23054517 -0.23054517 -0.23054517
 -0.23054517 -0.23054517 -0.23054517 -0.23054517 -0.23054517 -0.23054517
 -0.23054517 -0.23054517 -0.23054517 -0.23054517  1.43389645 -0.23054517
 -0.23054517 -0.23054517 -0.23054517 -0.23054517 -0.23054517 -0.23054517
 -0.23054517 -0.23054517 -0.23054517 -0.23054517 -0.23054517  0.97215846
 -0.07226079 -0.23054517  6.48240591 -0.23054517 -0.23054517 -0.23054517
 -0.23054517 -0.23054517 -0.23054517 -0.23054517 -0.23054517 -0.23054517
 -0.23054517 -0.23054517 -0.23054517 -0.23054517 -0.23054517 -0.23054517
 -0.23054517 -0.23054517 -0.23054517 -0.23054517 -0.23054517 -0.23054517
 -0.23054517 -0.23054517 -0.23054517 -0.23054517 -0.23054517 -0.23054517
 -0.23054517 -0.23054517 -0.23054517 -0.23054517  2.48811814 -0.23054517
 -0.23054517  1.33995529 -0.23054517 -0.23054517  5.992337   -0.23054517
 -0.23054517 -0.23054517 -0.23054517 -0.23054517  0.40169532 -0.23054517
  3.34338598 -0.23054517 -0.23054517 -0.23054517  2.35485537 -0.23054517
 -0.23054517 -0.23054517 -0.23054517 -0.23054517 -0.23054517 -0.23054517
 -0.23054517 -0.23054517 -0.23054517 -0.23054517 -0.23054517 -0.23054517
 -0.23054517 -0.23054517 -0.23054517 -0.23054517 -0.23054517 -0.23054517
 -0.23054517 -0.23054517 -0.23054517 -0.23054517 -0.23054517 -0.23054517
 -0.23054517 -0.23054517 -0.23054517 -0.23054517 -0.23054517 -0.23054517
 -0.23054517 -0.23054517 -0.23054517 -0.23054517 -0.23054517 -0.23054517
 -0.23054517 -0.23054517 -0.23054517 -0.23054517 -0.23054517 -0.23054517
 -0.23054517 -0.23054517 -0.23054517 -0.23054517 -0.23054517 -0.23054517
 -0.23054517 -0.23054517 -0.23054517 -0.23054517 -0.23054517 -0.23054517
  5.74899137 -0.23054517 -0.23054517 -0.23054517 -0.23054517  3.17973617
 -0.23054517 -0.23054517 -0.23054517 -0.23054517 -0.23054517 -0.23054517
 -0.23054517 -0.23054517 -0.23054517 -0.23054517 -0.23054517]",[-0.0016137922288844142]
4,"[-0.18224959 -0.18224959 -0.18224959 -0.18224959 -0.18224959 -0.18224959
 -0.18224959 -0.18224959 -0.18224959 -0.18224959 -0.18224959 -0.18224959
 -0.18224959 -0.18224959 -0.18224959 -0.18224959 -0.18224959 -0.18224959
 -0.18224959 -0.18224959 -0.18224959 -0.18224959 -0.18224959 -0.18224959
 -0.18224959 -0.18224959 -0.18224959 -0.18224959  0.86464779 -0.18224959
 -0.18224959 -0.18224959 -0.18224959 -0.18224959 -0.18224959 -0.18224959
 -0.18224959 -0.18224959 -0.18224959 -0.18224959 -0.18224959 -0.18224959
 -0.18224959 -0.18224959 -0.18224959 -0.18224959 -0.18224959 -0.18224959
 -0.18224959 -0.18224959 -0.18224959 -0.18224959 -0.18224959  0.76656767
 -0.18224959 -0.18224959 -0.18224959 -0.18224959 -0.18224959 -0.18224959
 -0.18224959 -0.18224959 -0.18224959 -0.18224959 -0.18224959 -0.18224959
 -0.18224959 -0.18224959 -0.18224959 -0.18224959 -0.18224959 -0.18224959
 -0.18224959 -0.18224959 -0.18224959 -0.18224959 -0.18224959 -0.18224959
 -0.18224959 -0.18224959 -0.18224959 -0.18224959 -0.18224959 -0.18224959
 -0.18224959 -0.18224959 -0.18224959 -0.18224959 -0.18224959  0.12746841
 -0.18224959  6.07709983 -0.18224959 -0.18224959  6.6953293  -0.18224959
 -0.18224959 -0.18224959 -0.18224959 -0.18224959 -0.08639279 -0.18224959
  2.98371553 -0.18224959 -0.18224959 -0.18224959 -0.18224959 -0.18224959
 -0.18224959 -0.18224959 -0.18224959 -0.18224959 -0.18224959 -0.18224959
 -0.18224959 -0.18224959 -0.18224959 -0.18224959 -0.18224959 -0.18224959
 -0.18224959 -0.18224959 -0.18224959 -0.18224959 -0.18224959 -0.18224959
 -0.18224959 -0.18224959 -0.18224959 -0.18224959 -0.18224959 -0.18224959
 -0.18224959 -0.18224959 -0.18224959 -0.18224959 -0.18224959 -0.18224959
 -0.18224959 -0.18224959 -0.18224959 -0.18224959 -0.18224959 -0.18224959
 -0.18224959 -0.18224959 -0.18224959 -0.18224959 -0.18224959 -0.18224959
 -0.18224959  0.79250387 -0.18224959 -0.18224959 -0.18224959 -0.18224959
 -0.18224959 -0.18224959 -0.18224959 -0.18224959 -0.18224959 -0.18224959
  7.18958363 -0.18224959 -0.18224959 -0.18224959 -0.18224959  5.3896582
 -0.18224959 -0.18224959 -0.18224959 -0.18224959 -0.18224959 -0.18224959
 -0.18224959 -0.18224959 -0.18224959 -0.18224959 -0.18224959]",[-0.09817388749208641]
4,"[-2.49453257e-01 -2.49453257e-01 -2.49453257e-01 -2.49453257e-01
 -2.49453257e-01 -2.49453257e-01 -2.49453257e-01 -2.49453257e-01
 -2.49453257e-01 -2.49453257e-01 -2.49453257e-01 -2.49453257e-01
 -2.49453257e-01 -2.49453257e-01 -2.49453257e-01 -2.49453257e-01
  1.39266718e+00 -2.49453257e-01 -2.49453257e-01 -2.49453257e-01
 -2.49453257e-01 -2.49453257e-01 -2.49453257e-01  1.31120416e+00
 -2.49453257e-01 -2.49453257e-01 -2.49453257e-01 -2.49453257e-01
  2.28830347e-01 -2.49453257e-01 -2.49453257e-01 -2.49453257e-01
 -2.49453257e-01 -2.49453257e-01 -2.49453257e-01 -2.49453257e-01
 -2.49453257e-01 -2.49453257e-01 -2.49453257e-01 -2.49453257e-01
  7.56772420e+00 -2.49453257e-01 -2.49453257e-01 -2.49453257e-01
 -2.49453257e-01 -2.49453257e-01 -2.49453257e-01 -2.49453257e-01
 -2.49453257e-01 -2.49453257e-01 -2.49453257e-01 -2.49453257e-01
 -2.49453257e-01  2.41745509e-01 -2.49453257e-01 -3.62327731e-03
 -2.49453257e-01 -2.49453257e-01 -2.49453257e-01 -2.49453257e-01
 -2.49453257e-01 -2.49453257e-01 -2.49453257e-01 -2.49453257e-01
 -2.49453257e-01 -2.49453257e-01 -2.49453257e-01 -2.49453257e-01
 -2.49453257e-01 -2.49453257e-01 -2.49453257e-01 -2.49453257e-01
 -2.49453257e-01 -2.49453257e-01 -2.49453257e-01 -2.49453257e-01
 -2.49453257e-01 -2.49453257e-01 -2.49453257e-01 -2.49453257e-01
 -2.49453257e-01 -2.49453257e-01 -2.49453257e-01 -2.49453257e-01
 -2.49453257e-01 -2.49453257e-01 -2.49453257e-01 -2.49453257e-01
  3.29693519e+00 -2.49453257e-01 -2.49453257e-01 -2.49453257e-01
 -2.49453257e-01  3.06242866e+00  3.39981767e+00 -2.49453257e-01
 -2.49453257e-01 -2.49453257e-01 -2.49453257e-01 -2.49453257e-01
  1.58057350e+00 -2.49453257e-01  4.13608858e+00 -2.49453257e-01
  1.49741585e-01 -2.49453257e-01  3.59805807e+00 -2.49453257e-01
 -2.49453257e-01 -2.49453257e-01 -2.49453257e-01 -2.49453257e-01
 -2.49453257e-01 -2.49453257e-01 -2.49453257e-01 -2.49453257e-01
 -2.49453257e-01 -2.49453257e-01 -2.49453257e-01 -2.49453257e-01
 -2.49453257e-01 -2.49453257e-01 -2.49453257e-01 -2.49453257e-01
 -2.49453257e-01 -2.49453257e-01 -2.49453257e-01 -2.49453257e-01
 -2.49453257e-01 -2.49453257e-01 -2.49453257e-01 -2.49453257e-01
 -2.49453257e-01 -2.49453257e-01 -2.49453257e-01 -2.49453257e-01
 -2.49453257e-01 -2.49453257e-01 -2.49453257e-01  3.40802715e+00
 -2.49453257e-01 -2.49453257e-01 -2.49453257e-01 -2.49453257e-01
 -2.49453257e-01 -2.49453257e-01 -2.49453257e-01 -2.49453257e-01
 -2.49453257e-01 -2.49453257e-01 -2.49453257e-01 -2.49453257e-01
 -2.49453257e-01 -2.49453257e-01 -2.49453257e-01 -2.49453257e-01
 -2.49453257e-01 -2.49453257e-01 -2.49453257e-01 -2.49453257e-01
 -2.49453257e-01 -2.49453257e-01  5.26467379e+00 -2.49453257e-01
 -2.49453257e-01 -2.49453257e-01 -2.49453257e-01  2.02598854e+00
 -2.49453257e-01 -2.49453257e-01 -2.49453257e-01 -2.49453257e-01
 -2.49453257e-01 -2.49453257e-01 -2.49453257e-01 -2.49453257e-01
 -2.49453257e-01 -2.49453257e-01 -2.49453257e-01]",[-0.05788636006191891]
4,"[-0.24596389 -0.24596389 -0.24596389 -0.24596389 -0.24596389 -0.24596389
 -0.24596389 -0.24596389 -0.24596389 -0.24596389 -0.24596389 -0.24596389
 -0.24596389 -0.24596389 -0.24596389 -0.24596389  0.52820485 -0.24596389
 -0.24596389 -0.24596389 -0.24596389 -0.24596389 -0.24596389 -0.24596389
 -0.24596389 -0.24596389 -0.24596389 -0.24596389 -0.24596389 -0.24596389
 -0.24596389 -0.24596389 -0.24596389 -0.24596389 -0.24596389 -0.24596389
 -0.24596389 -0.24596389 -0.24596389 -0.24596389  5.07823371  1.50939314
 -0.24596389 -0.24596389 -0.24596389 -0.24596389 -0.24596389 -0.24596389
 -0.24596389 -0.24596389 -0.24596389 -0.24596389 -0.24596389  6.05863516
 -0.06493166 -0.24596389 -0.24596389 -0.24596389 -0.24596389 -0.24596389
 -0.24596389 -0.24596389 -0.24596389 -0.24596389 -0.24596389 -0.24596389
 -0.24596389 -0.24596389 -0.24596389 -0.24596389 -0.24596389 -0.24596389
 -0.24596389 -0.24596389 -0.24596389 -0.24596389 -0.24596389 -0.24596389
 -0.24596389 -0.24596389 -0.24596389 -0.24596389 -0.24596389 -0.24596389
 -0.24596389 -0.24596389 -0.24596389 -0.24596389  3.22174038 -0.24596389
 -0.24596389  1.99280173 -0.24596389 -0.24596389  4.11127025 -0.24596389
 -0.24596389 -0.24596389 -0.24596389 -0.24596389  3.44041412 -0.24596389
  2.31949787 -0.16424723 -0.24596389  4.69224785  2.80106775 -0.24596389
 -0.24596389 -0.24596389 -0.24596389 -0.24596389 -0.24596389 -0.24596389
 -0.24596389 -0.24596389 -0.24596389 -0.24596389 -0.24596389 -0.24596389
 -0.24596389 -0.24596389 -0.24596389 -0.24596389 -0.24596389 -0.24596389
 -0.24596389 -0.24596389 -0.24596389 -0.24596389 -0.24596389 -0.24596389
 -0.24596389 -0.24596389 -0.24596389 -0.24596389 -0.24596389 -0.24596389
 -0.24596389 -0.24596389 -0.24596389 -0.24596389 -0.24596389 -0.24596389
 -0.24596389 -0.24596389 -0.24596389 -0.24596389 -0.24596389 -0.24596389
 -0.24596389 -0.24596389 -0.24596389 -0.24596389 -0.24596389 -0.24596389
 -0.24596389 -0.24596389 -0.24596389 -0.24596389 -0.24596389 -0.24596389
  5.05971434 -0.24596389 -0.24596389 -0.24596389 -0.24596389 -0.24596389
 -0.24596389 -0.24596389 -0.24596389 -0.24596389 -0.24596389 -0.24596389
 -0.24596389 -0.24596389 -0.24596389 -0.24596389 -0.24596389]",[-0.02646225183795059]
4,"[-0.2739361  -0.2739361  -0.2739361  -0.2739361  -0.2739361  -0.2739361
 -0.2739361  -0.2739361  -0.2739361  -0.2739361  -0.2739361  -0.2739361
 -0.2739361  -0.2739361  -0.2739361  -0.2739361  -0.2739361  -0.2739361
 -0.2739361  -0.2739361  -0.2739361  -0.2739361  -0.2739361  -0.2739361
 -0.2739361  -0.2739361  -0.2739361  -0.2739361  -0.2739361  -0.2739361
 -0.2739361  -0.2739361  -0.2739361  -0.2739361  -0.2739361  -0.2739361
 -0.2739361  -0.2739361  -0.2739361  -0.2739361  -0.2739361  -0.2739361
 -0.2739361  -0.2739361  -0.2739361  -0.2739361  -0.2739361  -0.2739361
 -0.2739361  -0.2739361  -0.2739361  -0.2739361  -0.2739361   4.45863181
  2.74213408 -0.2739361  -0.2739361  -0.2739361  -0.2739361  -0.2739361
 -0.2739361  -0.2739361  -0.2739361  -0.2739361  -0.2739361  -0.2739361
 -0.2739361  -0.2739361  -0.2739361  -0.2739361  -0.2739361  -0.2739361
 -0.2739361  -0.2739361  -0.2739361  -0.2739361  -0.2739361  -0.2739361
 -0.2739361  -0.2739361  -0.2739361  -0.2739361  -0.2739361   1.97014712
 -0.2739361  -0.2739361   3.78309056 -0.2739361  -0.2739361   1.27321083
 -0.2739361   2.61142715 -0.2739361  -0.2739361   4.32236103 -0.2739361
 -0.2739361  -0.2739361  -0.2739361  -0.2739361  -0.2739361  -0.2739361
 -0.2739361  -0.23700664 -0.2739361   3.69852143  1.22186859 -0.2739361
 -0.2739361  -0.2739361  -0.2739361  -0.2739361  -0.2739361  -0.2739361
  2.05888811 -0.2739361  -0.2739361  -0.2739361  -0.2739361  -0.2739361
 -0.2739361  -0.2739361  -0.2739361  -0.2739361  -0.2739361  -0.2739361
 -0.2739361  -0.2739361  -0.2739361  -0.2739361  -0.2739361  -0.2739361
 -0.2739361  -0.2739361  -0.2739361  -0.2739361   2.5085329  -0.2739361
 -0.2739361  -0.2739361  -0.2739361  -0.2739361  -0.2739361  -0.2739361
 -0.2739361  -0.2739361  -0.2739361  -0.2739361  -0.2739361  -0.2739361
 -0.2739361  -0.2739361  -0.2739361  -0.2739361  -0.2739361  -0.2739361
 -0.2739361  -0.2739361  -0.2739361  -0.2739361  -0.2739361  -0.2739361
  6.14169223 -0.2739361  -0.2739361  -0.2739361  -0.2739361   5.05443466
  1.07832074  1.96533034 -0.2739361  -0.2739361  -0.2739361  -0.2739361
 -0.2739361  -0.2739361  -0.2739361  -0.2739361  -0.2739361 ]",[0.0349386413001995]
4,"[-2.84519027e-01 -2.84519027e-01 -2.84519027e-01 -2.84519027e-01
 -2.84519027e-01 -2.84519027e-01 -2.84519027e-01 -2.84519027e-01
 -2.84519027e-01 -2.84519027e-01 -2.84519027e-01 -2.84519027e-01
 -2.84519027e-01 -2.84519027e-01 -2.84519027e-01 -2.84519027e-01
 -2.84519027e-01 -2.84519027e-01 -2.84519027e-01 -2.84519027e-01
 -2.84519027e-01 -2.84519027e-01 -2.84519027e-01 -2.84519027e-01
 -2.84519027e-01 -2.84519027e-01 -2.84519027e-01 -2.84519027e-01
  1.03266301e+00 -2.84519027e-01 -2.84519027e-01 -2.84519027e-01
 -2.84519027e-01 -2.84519027e-01 -2.84519027e-01 -2.84519027e-01
 -2.84519027e-01 -2.84519027e-01 -2.84519027e-01 -2.84519027e-01
 -2.84519027e-01  1.24014494e+00 -2.84519027e-01 -2.84519027e-01
 -2.84519027e-01 -2.84519027e-01 -2.84519027e-01 -2.84519027e-01
 -2.84519027e-01 -2.84519027e-01 -2.84519027e-01 -2.84519027e-01
 -2.84519027e-01 -2.84519027e-01  1.95768334e+00 -2.84519027e-01
 -2.84519027e-01 -2.84519027e-01 -2.84519027e-01 -2.84519027e-01
 -2.84519027e-01 -2.84519027e-01 -2.84519027e-01 -2.84519027e-01
 -2.84519027e-01 -2.84519027e-01 -2.84519027e-01 -2.84519027e-01
 -2.84519027e-01 -2.84519027e-01 -2.84519027e-01 -2.84519027e-01
 -2.58907891e-03 -2.84519027e-01 -2.84519027e-01 -2.84519027e-01
 -2.84519027e-01 -2.84519027e-01 -2.84519027e-01 -2.84519027e-01
 -2.84519027e-01 -2.84519027e-01 -2.84519027e-01 -2.84519027e-01
 -2.84519027e-01 -2.84519027e-01 -2.84519027e-01  3.06895113e+00
  3.74569364e+00 -2.84519027e-01 -2.84519027e-01  3.79664256e+00
 -2.84519027e-01 -2.84519027e-01  4.02113412e+00 -2.84519027e-01
 -2.84519027e-01 -2.84519027e-01 -2.84519027e-01 -2.84519027e-01
  4.71891325e+00 -2.84519027e-01  3.82551804e+00 -7.67573382e-02
  1.98297972e+00 -2.84519027e-01  3.36840136e+00 -2.84519027e-01
 -2.84519027e-01 -2.84519027e-01 -2.84519027e-01 -2.84519027e-01
 -2.84519027e-01 -2.84519027e-01 -2.84519027e-01 -2.84519027e-01
 -2.84519027e-01 -2.84519027e-01 -2.84519027e-01 -2.84519027e-01
 -2.84519027e-01 -2.84519027e-01 -2.84519027e-01 -2.84519027e-01
 -2.84519027e-01 -2.84519027e-01 -2.84519027e-01 -2.84519027e-01
 -2.84519027e-01 -2.84519027e-01 -2.84519027e-01  1.12752019e+00
 -2.84519027e-01 -2.84519027e-01 -2.84519027e-01 -2.84519027e-01
 -2.84519027e-01  9.21854650e-01 -2.84519027e-01 -2.84519027e-01
 -2.84519027e-01 -2.84519027e-01 -2.84519027e-01 -2.84519027e-01
 -2.84519027e-01 -2.84519027e-01 -2.84519027e-01 -2.84519027e-01
 -2.84519027e-01 -2.84519027e-01 -2.84519027e-01 -2.84519027e-01
 -2.84519027e-01 -2.84519027e-01 -2.84519027e-01 -2.84519027e-01
 -2.84519027e-01 -2.84519027e-01 -2.84519027e-01 -2.84519027e-01
 -2.84519027e-01 -2.84519027e-01  6.10908738e+00 -2.84519027e-01
 -2.84519027e-01 -2.84519027e-01 -2.84519027e-01 -2.84519027e-01
 -2.84519027e-01  1.61331049e+00  3.35641203e+00 -2.84519027e-01
 -2.84519027e-01 -2.84519027e-01 -2.84519027e-01 -2.84519027e-01
 -2.84519027e-01 -2.84519027e-01 -2.84519027e-01]",[-0.0038160634168983854]
4,"[-0.28101829 -0.28101829 -0.28101829 -0.28101829 -0.28101829 -0.28101829
 -0.28101829 -0.28101829 -0.28101829 -0.28101829 -0.28101829 -0.28101829
 -0.28101829 -0.28101829 -0.28101829 -0.28101829 -0.28101829 -0.28101829
 -0.28101829 -0.28101829 -0.28101829 -0.28101829 -0.28101829 -0.28101829
 -0.28101829 -0.28101829 -0.28101829 -0.28101829  0.55729616 -0.28101829
 -0.28101829 -0.28101829 -0.28101829 -0.28101829 -0.28101829 -0.28101829
 -0.28101829 -0.28101829 -0.28101829 -0.28101829  5.99966483  3.58622834
 -0.28101829 -0.28101829 -0.28101829 -0.28101829 -0.28101829 -0.28101829
 -0.28101829 -0.28101829 -0.28101829 -0.28101829 -0.28101829  5.40006723
  3.08015129 -0.28101829 -0.28101829 -0.28101829 -0.28101829 -0.28101829
 -0.28101829 -0.28101829 -0.28101829 -0.28101829 -0.28101829 -0.28101829
 -0.28101829 -0.28101829 -0.28101829 -0.28101829 -0.28101829 -0.28101829
 -0.28101829 -0.28101829 -0.28101829 -0.28101829 -0.28101829 -0.28101829
 -0.28101829 -0.28101829 -0.28101829 -0.28101829 -0.28101829 -0.28101829
 -0.28101829 -0.28101829 -0.28101829 -0.28101829 -0.28101829 -0.28101829
 -0.28101829  1.60036356 -0.28101829 -0.15204578 -0.28101829 -0.28101829
 -0.28101829 -0.28101829 -0.28101829 -0.28101829  2.03591388 -0.28101829
  2.41655657  1.33496522  0.90188727 -0.28101829  3.02096388  0.24331564
 -0.28101829 -0.28101829 -0.28101829 -0.28101829 -0.28101829 -0.28101829
 -0.28101829 -0.28101829 -0.28101829 -0.28101829 -0.28101829 -0.28101829
 -0.28101829 -0.28101829 -0.28101829 -0.28101829 -0.28101829 -0.28101829
 -0.28101829 -0.28101829 -0.28101829 -0.28101829 -0.28101829 -0.28101829
 -0.28101829 -0.28101829 -0.28101829 -0.28101829 -0.28101829 -0.28101829
 -0.28101829  4.60733572 -0.28101829 -0.28101829 -0.28101829 -0.28101829
 -0.28101829 -0.28101829 -0.28101829 -0.28101829 -0.28101829 -0.28101829
 -0.28101829 -0.28101829 -0.28101829 -0.28101829 -0.28101829 -0.28101829
 -0.28101829 -0.28101829 -0.28101829 -0.28101829 -0.28101829 -0.28101829
  3.49543575 -0.28101829 -0.28101829 -0.28101829 -0.28101829  3.19047898
 -0.28101829  0.78136506 -0.28101829 -0.28101829 -0.28101829 -0.28101829
 -0.28101829 -0.28101829 -0.28101829 -0.28101829  3.14400122]",[-0.018610679484389714]
4,"[-0.25548385 -0.25548385 -0.25548385 -0.25548385 -0.25548385 -0.25548385
 -0.25548385 -0.25548385 -0.25548385 -0.25548385 -0.25548385 -0.25548385
 -0.25548385 -0.25548385 -0.25548385 -0.25548385  0.98629959 -0.25548385
 -0.25548385 -0.25548385 -0.25548385 -0.25548385 -0.25548385 -0.25548385
 -0.25548385 -0.25548385 -0.25548385 -0.25548385 -0.25548385 -0.25548385
 -0.25548385 -0.25548385 -0.25548385 -0.25548385 -0.25548385 -0.25548385
 -0.25548385 -0.25548385 -0.25548385 -0.25548385  6.52722929  1.51864048
 -0.25548385 -0.25548385 -0.25548385 -0.25548385 -0.25548385 -0.25548385
 -0.25548385 -0.25548385 -0.06338517 -0.25548385 -0.25548385  4.96354074
  4.23704531 -0.25548385 -0.25548385 -0.25548385 -0.25548385 -0.25548385
 -0.25548385 -0.25548385 -0.25548385 -0.25548385 -0.25548385 -0.25548385
 -0.25548385 -0.25548385 -0.25548385 -0.25548385 -0.25548385 -0.25548385
 -0.25548385 -0.25548385 -0.25548385 -0.25548385 -0.25548385 -0.25548385
 -0.25548385 -0.25548385 -0.25548385 -0.25548385 -0.25548385  0.62424265
 -0.25548385 -0.25548385 -0.25548385 -0.25548385  3.07594085  2.9623741
 -0.25548385 -0.25548385 -0.25548385 -0.25548385  0.03669312 -0.25548385
 -0.25548385 -0.25548385 -0.25548385 -0.25548385  3.26985018 -0.25548385
 -0.25548385  0.19686926 -0.25548385 -0.25548385  3.19246898 -0.25548385
 -0.25548385 -0.25548385 -0.25548385 -0.25548385 -0.25548385 -0.25548385
 -0.25548385 -0.25548385 -0.25548385 -0.25548385 -0.25548385 -0.25548385
 -0.25548385 -0.25548385 -0.25548385 -0.25548385 -0.25548385 -0.25548385
 -0.25548385 -0.25548385 -0.25548385 -0.25548385 -0.25548385 -0.25548385
 -0.25548385 -0.25548385 -0.25548385 -0.25548385 -0.25548385 -0.25548385
 -0.25548385 -0.25548385 -0.25548385 -0.25548385 -0.25548385 -0.25548385
 -0.25548385 -0.25548385 -0.25548385 -0.25548385 -0.25548385 -0.25548385
 -0.25548385  0.77195168 -0.25548385 -0.25548385 -0.25548385 -0.25548385
 -0.25548385 -0.25548385 -0.25548385 -0.25548385 -0.25548385 -0.25548385
  3.74688693 -0.25548385 -0.25548385 -0.25548385 -0.25548385  0.27336118
 -0.25548385 -0.25548385 -0.25548385 -0.25548385 -0.25548385 -0.25548385
 -0.25548385 -0.25548385 -0.25548385 -0.25548385  5.06837449]",[0.013572449301704287]
4,"[-0.30573835 -0.30573835 -0.30573835 -0.30573835 -0.30573835 -0.30573835
 -0.30573835 -0.30573835 -0.30573835 -0.30573835 -0.30573835 -0.30573835
 -0.30573835 -0.30573835 -0.30573835 -0.30573835  0.17082886 -0.30573835
 -0.30573835 -0.30573835 -0.30573835 -0.30573835 -0.30573835 -0.30573835
 -0.30573835 -0.30573835 -0.30573835 -0.30573835 -0.30573835 -0.30573835
 -0.30573835 -0.30573835 -0.30573835 -0.30573835 -0.30573835 -0.30573835
 -0.30573835 -0.30573835 -0.30573835 -0.30573835  5.16977547  2.35258774
 -0.30573835 -0.30573835 -0.30573835 -0.30573835 -0.30573835 -0.30573835
 -0.30573835 -0.30573835 -0.30573835 -0.30573835 -0.30573835  4.25564473
  3.78929922 -0.30573835  2.68712959 -0.30573835 -0.30573835 -0.30573835
 -0.30573835 -0.30573835 -0.30573835 -0.30573835 -0.30573835 -0.30573835
 -0.30573835 -0.30573835 -0.30573835 -0.30573835 -0.30573835 -0.30573835
 -0.30573835 -0.30573835 -0.30573835 -0.30573835 -0.30573835 -0.30573835
 -0.30573835 -0.30573835 -0.30573835 -0.30573835 -0.30573835 -0.30573835
 -0.30573835 -0.30573835 -0.30573835 -0.30573835  0.92439767 -0.30573835
 -0.30573835  0.75798776 -0.30573835 -0.30573835  1.49252999 -0.30573835
 -0.30573835 -0.30573835  0.9575455  -0.30573835  2.07286909 -0.30573835
  1.62232323  0.55607826  2.42754718 -0.30573835  3.23510945 -0.30573835
 -0.30573835 -0.30573835 -0.30573835 -0.30573835 -0.30573835 -0.30573835
 -0.30573835 -0.30573835 -0.30573835 -0.30573835 -0.30573835 -0.30573835
 -0.30573835 -0.30573835 -0.30573835 -0.30573835 -0.30573835 -0.30573835
 -0.30573835 -0.30573835 -0.30573835 -0.30573835 -0.30573835 -0.30573835
 -0.30573835 -0.30573835 -0.30573835 -0.30573835 -0.30573835 -0.30573835
 -0.30573835  3.60579102 -0.30573835 -0.30573835 -0.30573835 -0.30573835
 -0.30573835 -0.30573835 -0.30573835 -0.30573835  2.45803648 -0.30573835
 -0.30573835 -0.30573835 -0.30573835 -0.30573835 -0.30573835 -0.30573835
 -0.30573835 -0.30573835 -0.30573835 -0.30573835 -0.30573835 -0.30573835
  3.49647416 -0.30573835 -0.30573835 -0.30573835 -0.30573835  0.9379491
 -0.30573835 -0.30573835 -0.30573835 -0.30573835 -0.30573835 -0.30573835
 -0.30573835 -0.30573835 -0.30573835 -0.30573835  5.64249252]",[-2.9936381587103433e-05]
4,"[-0.22284421 -0.22284421 -0.22284421 -0.22284421 -0.22284421 -0.22284421
 -0.22284421 -0.22284421 -0.22284421 -0.22284421 -0.22284421 -0.22284421
 -0.22284421 -0.22284421 -0.22284421 -0.22284421 -0.22284421 -0.22284421
 -0.22284421 -0.22284421 -0.22284421 -0.22284421 -0.22284421 -0.22284421
 -0.22284421 -0.22284421 -0.22284421 -0.22284421 -0.22284421 -0.22284421
 -0.22284421 -0.22284421 -0.22284421 -0.22284421 -0.22284421 -0.22284421
 -0.22284421 -0.22284421 -0.22284421 -0.22284421  7.72539224 -0.22284421
 -0.22284421 -0.22284421 -0.22284421 -0.22284421 -0.22284421 -0.22284421
 -0.22284421 -0.22284421 -0.22284421 -0.22284421 -0.22284421  6.39501121
 -0.22284421 -0.22284421 -0.22284421 -0.22284421 -0.22284421 -0.22284421
 -0.22284421 -0.22284421 -0.22284421 -0.22284421 -0.22284421 -0.22284421
 -0.22284421 -0.22284421 -0.22284421 -0.22284421 -0.22284421 -0.22284421
 -0.22284421 -0.22284421 -0.22284421 -0.22284421 -0.22284421 -0.22284421
 -0.22284421 -0.22284421 -0.22284421 -0.22284421 -0.22284421 -0.22284421
 -0.22284421 -0.22284421 -0.22284421 -0.22284421  1.22291133  0.72710688
 -0.22284421  0.85036696 -0.22284421 -0.22284421  0.64000863 -0.22284421
 -0.22284421 -0.22284421 -0.22284421 -0.22284421  2.80183023 -0.22284421
  2.453476    1.66515014  3.79871632 -0.22284421  3.62124528 -0.22284421
 -0.22284421 -0.22284421 -0.22284421 -0.22284421 -0.22284421 -0.22284421
 -0.22284421 -0.22284421 -0.22284421 -0.22284421 -0.22284421 -0.22284421
 -0.22284421 -0.22284421 -0.22284421 -0.22284421 -0.22284421 -0.22284421
 -0.22284421 -0.22284421 -0.22284421 -0.22284421 -0.22284421 -0.22284421
 -0.22284421 -0.22284421 -0.22284421 -0.22284421 -0.22284421 -0.22284421
 -0.22284421 -0.22284421 -0.22284421 -0.22284421 -0.22284421 -0.22284421
 -0.22284421 -0.22284421 -0.22284421 -0.22284421 -0.22284421 -0.22284421
 -0.22284421 -0.22284421 -0.22284421 -0.22284421 -0.22284421 -0.22284421
 -0.22284421 -0.22284421 -0.22284421 -0.22284421 -0.22284421 -0.22284421
  4.76771217 -0.22284421 -0.22284421 -0.22284421 -0.22284421 -0.22284421
  0.32321213 -0.22284421 -0.22284421 -0.22284421 -0.22284421 -0.22284421
 -0.22284421 -0.22284421 -0.22284421 -0.22284421 -0.22284421]",[-0.002612685205325177]
4,"[-0.22353117 -0.22353117 -0.22353117 -0.22353117 -0.22353117 -0.22353117
 -0.22353117 -0.22353117 -0.22353117 -0.22353117 -0.22353117 -0.22353117
 -0.22353117 -0.22353117 -0.22353117 -0.22353117  1.00039512 -0.22353117
 -0.22353117 -0.22353117 -0.22353117 -0.22353117 -0.22353117 -0.22353117
 -0.22353117 -0.22353117 -0.22353117 -0.22353117 -0.22353117 -0.22353117
 -0.22353117 -0.22353117 -0.22353117 -0.22353117 -0.22353117 -0.22353117
 -0.22353117 -0.22353117 -0.22353117 -0.22353117  8.16190989  0.75815162
 -0.22353117 -0.22353117 -0.22353117 -0.22353117 -0.22353117 -0.22353117
 -0.22353117 -0.22353117 -0.22353117 -0.22353117 -0.22353117  5.46459666
  5.09704117 -0.22353117 -0.22353117 -0.22353117 -0.22353117 -0.22353117
 -0.22353117 -0.22353117 -0.22353117 -0.22353117 -0.22353117 -0.22353117
 -0.22353117 -0.22353117 -0.22353117 -0.22353117 -0.22353117 -0.22353117
 -0.22353117 -0.22353117 -0.22353117 -0.22353117 -0.22353117 -0.22353117
 -0.22353117 -0.22353117 -0.22353117 -0.22353117 -0.22353117 -0.22353117
 -0.22353117 -0.22353117 -0.22353117 -0.22353117 -0.22353117  1.29921975
 -0.22353117 -0.22353117 -0.22353117 -0.22353117  1.43187132 -0.22353117
 -0.22353117 -0.22353117 -0.22353117 -0.22353117  0.65146329 -0.22353117
 -0.22353117  0.47470103  2.1846319   3.25903988 -0.22353117 -0.22353117
 -0.22353117 -0.22353117 -0.22353117 -0.22353117 -0.22353117 -0.22353117
 -0.22353117 -0.22353117 -0.22353117 -0.22353117 -0.22353117 -0.22353117
 -0.22353117 -0.22353117 -0.22353117 -0.22353117 -0.22353117 -0.22353117
 -0.22353117 -0.22353117 -0.22353117 -0.22353117 -0.22353117 -0.22353117
 -0.22353117 -0.22353117 -0.22353117 -0.22353117 -0.22353117 -0.22353117
 -0.22353117  3.46741159 -0.22353117 -0.22353117 -0.22353117 -0.22353117
 -0.22353117 -0.22353117 -0.22353117 -0.22353117 -0.22353117 -0.22353117
 -0.22353117 -0.22353117 -0.22353117 -0.22353117 -0.22353117 -0.22353117
 -0.22353117 -0.22353117 -0.22353117 -0.22353117 -0.22353117 -0.22353117
  3.85574084 -0.22353117 -0.22353117 -0.22353117 -0.22353117 -0.22353117
 -0.22353117 -0.22353117 -0.22353117 -0.22353117 -0.22353117 -0.22353117
 -0.22353117 -0.22353117 -0.22353117 -0.22353117 -0.22353117]",[-0.018602179643806505]
4,"[-0.21517541 -0.21517541 -0.21517541 -0.21517541 -0.21517541 -0.21517541
 -0.21517541 -0.21517541 -0.21517541 -0.21517541 -0.21517541 -0.21517541
 -0.21517541 -0.21517541 -0.21517541 -0.21517541 -0.21517541 -0.21517541
 -0.21517541 -0.21517541 -0.21517541 -0.21517541 -0.21517541 -0.21517541
 -0.21517541 -0.21517541 -0.21517541 -0.21517541 -0.21517541 -0.21517541
 -0.21517541 -0.21517541 -0.21517541 -0.21517541 -0.21517541 -0.21517541
 -0.21517541 -0.21517541 -0.21517541 -0.21517541  6.60892342  0.05869794
 -0.21517541 -0.21517541 -0.21517541 -0.21517541 -0.21517541 -0.21517541
 -0.21517541 -0.21517541 -0.21517541 -0.21517541 -0.21517541  6.91252616
 -0.21517541 -0.21517541 -0.21517541 -0.21517541 -0.21517541 -0.21517541
 -0.21517541 -0.21517541 -0.21517541 -0.21517541 -0.21517541 -0.21517541
 -0.21517541 -0.21517541 -0.21517541 -0.21517541 -0.21517541 -0.21517541
 -0.21517541 -0.21517541 -0.21517541 -0.21517541 -0.21517541 -0.21517541
 -0.21517541 -0.21517541 -0.21517541 -0.21517541 -0.21517541 -0.21517541
 -0.21517541 -0.21517541 -0.21517541 -0.21517541 -0.21517541 -0.21517541
 -0.21517541  2.0703095  -0.21517541 -0.21517541  3.81171925 -0.21517541
 -0.21517541 -0.21517541 -0.21517541 -0.21517541  3.37635354 -0.21517541
  2.94694416 -0.07333433  1.0281337  -0.21517541  1.85225533 -0.21517541
 -0.21517541 -0.21517541 -0.21517541 -0.21517541 -0.21517541 -0.21517541
 -0.21517541 -0.21517541 -0.21517541 -0.21517541 -0.21517541 -0.21517541
 -0.21517541 -0.21517541 -0.21517541 -0.21517541 -0.21517541 -0.21517541
 -0.21517541 -0.21517541 -0.21517541 -0.21517541 -0.21517541 -0.21517541
 -0.21517541 -0.21517541 -0.21517541 -0.21517541 -0.21517541 -0.21517541
 -0.21517541 -0.21517541 -0.21517541 -0.21517541 -0.21517541 -0.21517541
 -0.21517541 -0.21517541 -0.21517541 -0.21517541 -0.21517541 -0.21517541
 -0.21517541 -0.21517541 -0.21517541 -0.21517541 -0.21517541 -0.21517541
 -0.21517541 -0.21517541 -0.21517541 -0.21517541 -0.21517541 -0.21517541
  5.84571817 -0.21517541 -0.21517541 -0.21517541 -0.21517541  1.49604667
 -0.21517541 -0.21517541 -0.21517541 -0.21517541 -0.21517541 -0.21517541
 -0.21517541 -0.21517541 -0.21517541 -0.21517541 -0.21517541]",[-0.026738112364320332]
4,"[-0.23439009 -0.23439009 -0.23439009 -0.23439009 -0.23439009 -0.23439009
 -0.23439009 -0.23439009 -0.23439009 -0.23439009 -0.23439009 -0.23439009
 -0.23439009 -0.23439009 -0.23439009 -0.23439009  0.34716342 -0.23439009
 -0.23439009 -0.23439009 -0.23439009 -0.23439009 -0.23439009 -0.23439009
 -0.23439009 -0.23439009 -0.23439009 -0.23439009  0.59451104 -0.23439009
 -0.23439009 -0.23439009 -0.23439009 -0.23439009 -0.23439009 -0.23439009
 -0.23439009 -0.23439009 -0.23439009 -0.23439009  3.12560112 -0.23439009
 -0.23439009 -0.23439009 -0.23439009 -0.23439009 -0.23439009 -0.23439009
 -0.23439009 -0.23439009 -0.23439009 -0.23439009 -0.23439009 -0.23439009
 -0.23439009 -0.23439009 -0.23439009 -0.23439009 -0.23439009 -0.23439009
 -0.23439009 -0.23439009 -0.23439009 -0.23439009 -0.23439009 -0.23439009
 -0.23439009 -0.23439009 -0.23439009 -0.23439009 -0.23439009 -0.23439009
 -0.23439009 -0.23439009 -0.23439009 -0.23439009 -0.23439009 -0.23439009
 -0.23439009 -0.23439009 -0.23439009 -0.23439009 -0.23439009 -0.23439009
 -0.23439009 -0.23439009 -0.23439009 -0.23439009  0.87795836 -0.23439009
 -0.23439009  1.62446988 -0.23439009 -0.23439009  3.38060665 -0.02452466
 -0.23439009 -0.23439009 -0.23439009 -0.23439009  3.20101206 -0.23439009
  2.51284446  1.4323181   3.8610232  -0.23439009  1.68126982 -0.23439009
 -0.23439009 -0.23439009 -0.23439009 -0.23439009 -0.23439009 -0.23439009
 -0.23439009 -0.23439009 -0.23439009 -0.23439009 -0.23439009 -0.23439009
 -0.23439009 -0.23439009 -0.23439009 -0.23439009 -0.23439009 -0.23439009
 -0.23439009 -0.23439009 -0.23439009 -0.23439009 -0.23439009 -0.23439009
 -0.23439009 -0.23439009 -0.23439009 -0.23439009 -0.23439009 -0.23439009
 -0.23439009 -0.23439009 -0.23439009 -0.23439009 -0.23439009 -0.23439009
 -0.23439009 -0.23439009 -0.23439009 -0.23439009 -0.23439009 -0.23439009
 -0.23439009 -0.23439009 -0.23439009 -0.23439009 -0.23439009 -0.23439009
 -0.23439009 -0.23439009 -0.23439009 -0.23439009 -0.23439009 -0.23439009
  6.50532663 -0.23439009 -0.23439009 -0.23439009 -0.23439009  1.28327792
 -0.23439009 -0.23439009 -0.23439009 -0.23439009 -0.23439009 -0.23439009
 -0.23439009 -0.23439009 -0.23439009 -0.23439009  8.03711646]",[-0.016801067368089284]
4,"[-0.23628089 -0.23628089 -0.23628089 -0.23628089 -0.23628089 -0.23628089
 -0.23628089 -0.23628089 -0.23628089 -0.23628089 -0.23628089 -0.23628089
 -0.23628089 -0.23628089 -0.23628089 -0.23628089  0.55109927 -0.23628089
 -0.23628089 -0.23628089 -0.23628089 -0.23628089 -0.23628089 -0.23628089
 -0.23628089 -0.23628089 -0.23628089 -0.23628089 -0.23628089 -0.23628089
 -0.23628089 -0.23628089 -0.23628089 -0.23628089 -0.23628089  2.41414748
 -0.23628089 -0.23628089 -0.23628089 -0.23628089  7.62887767 -0.23628089
 -0.23628089 -0.23628089 -0.23628089 -0.23628089 -0.23628089 -0.23628089
 -0.23628089 -0.23628089 -0.23628089 -0.23628089 -0.23628089 -0.23628089
 -0.23628089 -0.23628089 -0.23628089 -0.23628089 -0.23628089 -0.23628089
 -0.23628089 -0.23628089 -0.23628089 -0.23628089 -0.23628089 -0.23628089
 -0.23628089 -0.23628089 -0.23628089 -0.23628089 -0.23628089 -0.23628089
 -0.23628089 -0.23628089 -0.23628089 -0.23628089 -0.23628089 -0.23628089
 -0.23628089 -0.23628089 -0.23628089 -0.23628089 -0.23628089  2.81570548
 -0.23628089 -0.23628089 -0.23628089 -0.23628089  4.12473475  3.34515507
 -0.23628089  2.53413842 -0.23628089 -0.23628089  4.06736407  0.30148216
 -0.23628089 -0.23628089 -0.23628089 -0.23628089  1.27498648 -0.23628089
 -0.23628089 -0.23628089 -0.23628089 -0.23628089  1.87692936 -0.23628089
 -0.23628089 -0.23628089 -0.23628089 -0.23628089 -0.23628089 -0.23628089
 -0.23628089 -0.23628089 -0.23628089 -0.23628089 -0.23628089 -0.23628089
 -0.23628089 -0.23628089 -0.23628089 -0.23628089 -0.23628089 -0.23628089
 -0.23628089 -0.23628089 -0.23628089 -0.23628089 -0.23628089 -0.23628089
 -0.23628089 -0.23628089 -0.23628089 -0.23628089 -0.23628089 -0.23628089
 -0.23628089 -0.23628089 -0.23628089 -0.23628089 -0.23628089 -0.23628089
 -0.23628089 -0.23628089 -0.23628089 -0.23628089 -0.23628089 -0.23628089
 -0.23628089 -0.23628089 -0.23628089 -0.23628089 -0.23628089 -0.23628089
 -0.23628089 -0.23628089 -0.23628089 -0.23628089 -0.23628089 -0.23628089
  6.16396342 -0.23628089 -0.23628089 -0.23628089 -0.23628089  1.76365523
  0.12410837 -0.23628089 -0.23628089 -0.23628089 -0.23628089 -0.23628089
 -0.23628089 -0.23628089 -0.23628089 -0.23628089 -0.23628089]",[0.00782685319640844]
4,"[-0.26007245 -0.26007245 -0.26007245 -0.2249164  -0.26007245 -0.26007245
 -0.26007245 -0.26007245 -0.26007245 -0.26007245 -0.26007245 -0.26007245
 -0.26007245 -0.26007245 -0.26007245 -0.26007245  2.20767794 -0.26007245
 -0.26007245 -0.26007245 -0.26007245 -0.26007245 -0.26007245 -0.26007245
 -0.26007245 -0.26007245 -0.26007245 -0.26007245  1.67412922 -0.26007245
 -0.26007245 -0.26007245 -0.26007245 -0.26007245 -0.26007245 -0.26007245
 -0.26007245 -0.26007245 -0.26007245 -0.26007245  5.80001627  0.56370382
 -0.26007245 -0.26007245 -0.26007245 -0.26007245 -0.26007245 -0.26007245
 -0.26007245 -0.26007245 -0.26007245 -0.26007245 -0.26007245  0.99758662
 -0.26007245 -0.26007245 -0.26007245 -0.26007245 -0.26007245 -0.26007245
 -0.26007245 -0.26007245 -0.26007245 -0.26007245 -0.26007245 -0.26007245
 -0.26007245 -0.26007245 -0.26007245 -0.26007245 -0.26007245 -0.26007245
 -0.26007245 -0.26007245 -0.26007245 -0.26007245 -0.26007245 -0.26007245
 -0.26007245 -0.26007245 -0.26007245 -0.26007245 -0.26007245 -0.26007245
 -0.26007245 -0.26007245 -0.26007245 -0.26007245  1.23358841 -0.26007245
 -0.26007245  2.79267878 -0.26007245 -0.26007245  5.85107644 -0.26007245
 -0.26007245 -0.26007245 -0.26007245 -0.26007245  3.24144792 -0.26007245
  3.79688156  2.11337457  2.89782875 -0.26007245  2.53254199 -0.26007245
 -0.26007245 -0.26007245 -0.26007245 -0.26007245 -0.26007245 -0.26007245
 -0.26007245 -0.26007245 -0.26007245 -0.26007245 -0.26007245 -0.26007245
 -0.26007245 -0.26007245 -0.26007245 -0.26007245 -0.26007245 -0.26007245
 -0.26007245 -0.26007245 -0.26007245 -0.26007245 -0.26007245 -0.26007245
 -0.26007245 -0.26007245 -0.26007245 -0.26007245 -0.26007245 -0.26007245
 -0.26007245 -0.26007245 -0.26007245 -0.26007245 -0.26007245 -0.26007245
 -0.26007245 -0.26007245 -0.26007245 -0.26007245 -0.26007245 -0.26007245
 -0.26007245 -0.26007245 -0.26007245 -0.26007245 -0.26007245 -0.26007245
 -0.26007245 -0.26007245 -0.26007245 -0.26007245 -0.26007245 -0.26007245
  6.06813452 -0.26007245 -0.26007245 -0.26007245 -0.26007245  0.84605935
 -0.26007245 -0.26007245 -0.26007245 -0.26007245 -0.26007245 -0.26007245
 -0.26007245 -0.26007245 -0.26007245 -0.26007245 -0.26007245]",[-0.1705628849467879]
4,"[-0.2467476  -0.2467476  -0.2467476  -0.2467476  -0.2467476  -0.2467476
 -0.2467476  -0.2467476  -0.2467476  -0.2467476  -0.2467476  -0.2467476
 -0.2467476  -0.2467476  -0.2467476  -0.2467476   0.53326868 -0.2467476
 -0.2467476  -0.2467476  -0.2467476  -0.2467476  -0.2467476  -0.2467476
 -0.2467476  -0.2467476  -0.2467476  -0.2467476   1.78549615 -0.2467476
 -0.2467476  -0.2467476  -0.2467476  -0.2467476  -0.2467476  -0.2467476
 -0.2467476  -0.2467476  -0.2467476  -0.2467476   2.47718799  0.71656931
 -0.2467476  -0.2467476  -0.2467476  -0.2467476  -0.2467476  -0.2467476
 -0.2467476  -0.2467476  -0.2467476  -0.2467476  -0.2467476   0.73699715
  5.21009766 -0.2467476  -0.2467476  -0.2467476  -0.2467476  -0.2467476
 -0.2467476  -0.2467476  -0.2467476  -0.2467476  -0.2467476  -0.2467476
 -0.2467476  -0.2467476  -0.2467476  -0.2467476  -0.2467476  -0.2467476
 -0.2467476  -0.2467476  -0.2467476  -0.2467476  -0.2467476  -0.2467476
 -0.2467476  -0.2467476  -0.2467476  -0.2467476  -0.2467476  -0.2467476
 -0.2467476  -0.2467476  -0.2467476  -0.2467476   1.84622286 -0.2467476
 -0.2467476   1.73416159 -0.2467476  -0.2467476   6.42938853 -0.2467476
 -0.2467476  -0.2467476  -0.2467476  -0.2467476   3.94661645 -0.2467476
  1.48389153 -0.16493821  3.51417618 -0.2467476   1.07820209 -0.2467476
 -0.2467476  -0.2467476  -0.2467476  -0.2467476  -0.2467476  -0.2467476
 -0.2467476  -0.2467476  -0.2467476  -0.2467476  -0.2467476  -0.2467476
 -0.2467476  -0.2467476  -0.2467476  -0.2467476  -0.2467476  -0.2467476
 -0.2467476  -0.2467476  -0.2467476  -0.2467476  -0.2467476  -0.2467476
 -0.2467476  -0.2467476  -0.2467476  -0.2467476  -0.2467476  -0.2467476
 -0.2467476  -0.2467476  -0.2467476  -0.2467476  -0.2467476  -0.2467476
 -0.2467476  -0.2467476  -0.2467476  -0.2467476  -0.2467476  -0.2467476
 -0.2467476  -0.2467476  -0.2467476  -0.2467476  -0.2467476  -0.2467476
 -0.2467476  -0.2467476  -0.2467476  -0.2467476  -0.2467476  -0.2467476
  7.13778299 -0.2467476  -0.2467476  -0.2467476  -0.2467476   1.04675344
  0.46123684 -0.2467476  -0.2467476  -0.2467476  -0.2467476  -0.2467476
 -0.2467476  -0.2467476  -0.2467476  -0.2467476  -0.2467476 ]",[-0.025877213966639306]
4,"[-0.2335328  -0.2335328  -0.2335328  -0.2335328  -0.2335328  -0.2335328
 -0.2335328  -0.2335328  -0.2335328  -0.2335328  -0.2335328  -0.2335328
 -0.2335328  -0.2335328  -0.2335328  -0.2335328  -0.2335328  -0.2335328
 -0.2335328  -0.2335328  -0.2335328  -0.2335328  -0.2335328  -0.2335328
 -0.2335328  -0.2335328  -0.2335328  -0.2335328  -0.2335328  -0.2335328
 -0.2335328  -0.2335328  -0.2335328  -0.2335328  -0.2335328  -0.2335328
 -0.2335328  -0.2335328  -0.2335328  -0.2335328   7.08700026  0.09632739
 -0.2335328  -0.2335328  -0.2335328  -0.2335328  -0.2335328  -0.2335328
 -0.2335328  -0.2335328  -0.2335328  -0.2335328  -0.2335328   0.58626472
 -0.2335328  -0.2335328  -0.2335328  -0.2335328  -0.2335328  -0.2335328
 -0.2335328  -0.2335328  -0.2335328  -0.2335328  -0.2335328  -0.2335328
 -0.2335328  -0.2335328  -0.2335328  -0.2335328  -0.2335328  -0.2335328
 -0.2335328  -0.2335328  -0.2335328  -0.2335328  -0.2335328  -0.2335328
 -0.2335328  -0.2335328  -0.2335328  -0.2335328  -0.2335328  -0.2335328
 -0.2335328  -0.2335328  -0.2335328  -0.2335328   2.1573484  -0.2335328
 -0.2335328   3.62956888 -0.2335328  -0.2335328   3.70554097 -0.2335328
 -0.2335328  -0.2335328  -0.2335328  -0.2335328   2.73803898 -0.2335328
  4.77634503  0.29957054  3.42978494 -0.2335328   4.2269417  -0.2335328
 -0.2335328  -0.2335328  -0.2335328  -0.2335328  -0.2335328  -0.2335328
 -0.2335328  -0.2335328  -0.2335328  -0.2335328  -0.2335328  -0.2335328
 -0.2335328  -0.2335328  -0.2335328  -0.2335328  -0.2335328  -0.2335328
 -0.2335328  -0.2335328  -0.2335328  -0.2335328  -0.2335328  -0.2335328
 -0.2335328  -0.2335328  -0.2335328  -0.2335328  -0.2335328  -0.2335328
 -0.2335328  -0.2335328  -0.2335328  -0.2335328  -0.2335328  -0.2335328
 -0.2335328  -0.2335328  -0.2335328  -0.2335328  -0.2335328  -0.2335328
 -0.2335328  -0.2335328  -0.2335328  -0.2335328  -0.2335328  -0.2335328
 -0.2335328  -0.2335328  -0.2335328  -0.2335328  -0.2335328  -0.2335328
  5.20499144 -0.2335328  -0.2335328  -0.2335328  -0.2335328  -0.2335328
  0.82872216 -0.2335328  -0.2335328  -0.2335328  -0.2335328  -0.2335328
 -0.2335328  -0.2335328  -0.2335328  -0.2335328  -0.2335328 ]",[-0.010277659381737886]
4,"[-0.25227594 -0.25227594 -0.25227594 -0.25227594 -0.25227594 -0.25227594
 -0.25227594 -0.25227594 -0.25227594 -0.25227594 -0.25227594 -0.25227594
 -0.25227594 -0.25227594 -0.25227594 -0.25227594  0.15520467 -0.25227594
 -0.25227594 -0.25227594 -0.25227594 -0.25227594 -0.25227594 -0.25227594
 -0.25227594 -0.25227594 -0.25227594 -0.25227594  1.23151808 -0.25227594
 -0.25227594 -0.25227594 -0.25227594 -0.25227594 -0.25227594 -0.25227594
 -0.25227594 -0.25227594 -0.25227594 -0.25227594  7.01837235  1.1422944
 -0.25227594 -0.25227594 -0.25227594 -0.25227594 -0.25227594 -0.25227594
 -0.25227594 -0.25227594 -0.25227594 -0.25227594 -0.25227594  0.70644381
  1.05728326 -0.25227594 -0.25227594 -0.25227594 -0.25227594 -0.25227594
 -0.25227594 -0.25227594 -0.25227594 -0.25227594 -0.25227594 -0.25227594
 -0.25227594 -0.25227594 -0.25227594 -0.25227594 -0.25227594 -0.25227594
 -0.25227594 -0.25227594 -0.25227594 -0.25227594 -0.25227594 -0.25227594
 -0.25227594 -0.25227594 -0.25227594 -0.25227594 -0.25227594 -0.25227594
 -0.25227594 -0.25227594 -0.25227594 -0.25227594 -0.25227594  1.94608098
 -0.25227594  3.83939743 -0.25227594 -0.25227594  5.31855213 -0.25227594
 -0.25227594 -0.25227594 -0.25227594 -0.25227594  3.36028617 -0.25227594
  1.13779591  0.12703457  2.33687446 -0.25227594  3.16811615  0.47763981
 -0.25227594 -0.25227594 -0.25227594 -0.25227594 -0.25227594 -0.25227594
 -0.25227594 -0.25227594 -0.25227594 -0.25227594 -0.25227594 -0.25227594
 -0.25227594 -0.25227594 -0.25227594 -0.25227594 -0.25227594 -0.25227594
 -0.25227594 -0.25227594 -0.25227594 -0.25227594 -0.25227594 -0.25227594
 -0.25227594 -0.25227594 -0.25227594 -0.25227594 -0.25227594 -0.25227594
 -0.25227594 -0.25227594 -0.25227594 -0.25227594 -0.25227594 -0.25227594
 -0.25227594 -0.25227594 -0.25227594 -0.25227594 -0.25227594 -0.25227594
 -0.25227594 -0.25227594 -0.25227594 -0.25227594 -0.25227594 -0.25227594
 -0.25227594 -0.25227594 -0.25227594 -0.25227594 -0.25227594 -0.25227594
  6.04986316 -0.25227594 -0.25227594 -0.25227594 -0.25227594 -0.25227594
  1.79594528 -0.25227594 -0.25227594 -0.25227594 -0.25227594 -0.25227594
 -0.25227594 -0.25227594 -0.25227594 -0.25227594 -0.25227594]",[-0.0035129817011569364]
5,"[-0.21077793 -0.21077793 -0.21077793 -0.21077793 -0.21077793 -0.21077793
 -0.21077793 -0.21077793 -0.21077793 -0.21077793 -0.21077793 -0.21077793
 -0.21077793 -0.21077793 -0.21077793 -0.21077793 -0.21077793 -0.21077793
 -0.21077793 -0.21077793 -0.21077793 -0.21077793 -0.21077793 -0.21077793
 -0.21077793 -0.21077793 -0.21077793 -0.21077793 -0.21077793 -0.21077793
 -0.21077793 -0.21077793 -0.21077793 -0.21077793 -0.21077793 -0.21077793
 -0.21077793 -0.21077793 -0.21077793 -0.21077793  1.63617709 -0.21077793
 -0.21077793 -0.21077793 -0.21077793 -0.21077793 -0.21077793 -0.21077793
 -0.21077793 -0.21077793 -0.21077793 -0.21077793 -0.21077793  0.27204894
 -0.21077793  0.03086217 -0.21077793 -0.21077793 -0.21077793 -0.21077793
 -0.21077793 -0.21077793 -0.21077793 -0.21077793 -0.21077793 -0.21077793
 -0.21077793 -0.21077793 -0.21077793 -0.21077793 -0.21077793 -0.21077793
 -0.21077793 -0.21077793 -0.21077793 -0.21077793 -0.21077793 -0.21077793
 -0.21077793 -0.21077793 -0.21077793 -0.21077793 -0.21077793 -0.21077793
 -0.21077793 -0.21077793 -0.21077793 -0.21077793  5.29718098 -0.21077793
 -0.21077793  5.46573429 -0.21077793 -0.21077793  5.92351781 -0.21077793
 -0.21077793 -0.21077793 -0.21077793 -0.21077793 -0.13609527 -0.21077793
  3.4057202  -0.15219325 -0.21077793 -0.21077793  3.79383682 -0.21077793
 -0.21077793 -0.21077793 -0.21077793 -0.21077793 -0.21077793 -0.21077793
 -0.21077793 -0.21077793 -0.21077793 -0.21077793 -0.21077793 -0.21077793
 -0.21077793 -0.21077793 -0.21077793 -0.21077793 -0.21077793 -0.21077793
 -0.21077793 -0.21077793 -0.21077793 -0.21077793 -0.21077793 -0.21077793
 -0.21077793 -0.21077793 -0.21077793 -0.21077793 -0.21077793 -0.21077793
 -0.21077793 -0.21077793 -0.21077793 -0.21077793 -0.21077793 -0.21077793
 -0.21077793 -0.21077793 -0.21077793 -0.21077793 -0.21077793 -0.21077793
 -0.21077793 -0.21077793 -0.21077793 -0.21077793 -0.21077793 -0.21077793
 -0.21077793 -0.21077793 -0.21077793 -0.21077793 -0.21077793 -0.21077793
  6.07340671 -0.21077793 -0.21077793 -0.21077793 -0.21077793  3.5897178
 -0.21077793 -0.21077793 -0.21077793 -0.21077793 -0.21077793 -0.21077793
 -0.21077793 -0.21077793 -0.21077793 -0.21077793 -0.21077793]",[-0.03549952142411439]
5,"[-0.22242995 -0.22242995 -0.22242995 -0.22242995 -0.22242995 -0.22242995
 -0.22242995 -0.22242995 -0.22242995 -0.22242995 -0.22242995 -0.22242995
 -0.22242995 -0.22242995 -0.22242995 -0.22242995  0.50599544 -0.22242995
 -0.22242995 -0.22242995 -0.22242995 -0.22242995 -0.22242995 -0.22242995
 -0.22242995 -0.22242995 -0.22242995 -0.22242995  0.29188369 -0.22242995
 -0.22242995 -0.22242995 -0.22242995 -0.22242995 -0.22242995 -0.22242995
 -0.22242995 -0.22242995 -0.22242995 -0.22242995  6.86052737  0.24386299
 -0.22242995 -0.22242995 -0.22242995 -0.22242995 -0.22242995 -0.22242995
 -0.22242995 -0.22242995 -0.22242995 -0.22242995 -0.22242995  6.64487874
 -0.22242995 -0.22242995 -0.22242995 -0.22242995 -0.22242995 -0.22242995
 -0.22242995 -0.22242995 -0.22242995 -0.22242995 -0.22242995 -0.22242995
 -0.22242995 -0.22242995 -0.22242995 -0.22242995 -0.22242995 -0.22242995
 -0.22242995 -0.22242995 -0.22242995 -0.22242995 -0.22242995 -0.22242995
 -0.22242995 -0.22242995 -0.22242995 -0.22242995 -0.22242995 -0.22242995
 -0.22242995 -0.22242995 -0.22242995 -0.22242995  2.35709617  2.55019992
 -0.22242995  1.31051432 -0.22242995 -0.22242995  3.36608978 -0.22242995
 -0.22242995 -0.22242995 -0.22242995 -0.22242995  2.57416307 -0.22242995
 -0.22242995  0.39577431  0.05785144 -0.22242995  3.82367413 -0.22242995
 -0.22242995 -0.22242995 -0.22242995 -0.22242995 -0.22242995 -0.22242995
 -0.22242995 -0.22242995 -0.22242995 -0.22242995 -0.22242995 -0.22242995
 -0.22242995 -0.22242995 -0.22242995 -0.22242995 -0.22242995 -0.22242995
 -0.22242995 -0.22242995 -0.22242995 -0.22242995 -0.22242995 -0.22242995
 -0.22242995 -0.22242995 -0.22242995 -0.22242995 -0.22242995 -0.22242995
 -0.22242995 -0.22242995 -0.22242995 -0.22242995 -0.22242995 -0.22242995
 -0.22242995 -0.22242995 -0.22242995 -0.22242995 -0.22242995 -0.22242995
 -0.22242995 -0.22242995 -0.22242995 -0.22242995 -0.22242995 -0.22242995
 -0.22242995 -0.22242995 -0.22242995 -0.22242995 -0.22242995 -0.22242995
  5.71843086 -0.22242995 -0.22242995 -0.22242995 -0.22242995 -0.22242995
 -0.22242995 -0.22242995 -0.22242995 -0.22242995 -0.22242995 -0.22242995
 -0.22242995 -0.22242995 -0.22242995 -0.22242995 -0.22242995]",[0.03165993575110143]
5,"[-0.20183017 -0.20183017 -0.20183017 -0.20183017 -0.20183017 -0.20183017
 -0.20183017 -0.20183017 -0.20183017 -0.20183017 -0.20183017 -0.20183017
 -0.20183017 -0.20183017 -0.20183017 -0.20183017 -0.20183017 -0.20183017
 -0.20183017 -0.20183017 -0.20183017 -0.20183017 -0.20183017 -0.20183017
 -0.20183017 -0.20183017 -0.20183017 -0.20183017 -0.20183017 -0.20183017
 -0.20183017 -0.20183017 -0.20183017 -0.20183017 -0.20183017 -0.20183017
 -0.20183017 -0.20183017 -0.20183017 -0.20183017  8.42786057 -0.20183017
 -0.20183017 -0.20183017 -0.20183017 -0.20183017 -0.20183017 -0.20183017
 -0.20183017 -0.20183017 -0.20183017 -0.20183017 -0.20183017 -0.20183017
 -0.20183017 -0.20183017 -0.20183017 -0.20183017 -0.20183017 -0.20183017
 -0.20183017 -0.20183017 -0.20183017 -0.20183017 -0.20183017 -0.20183017
 -0.20183017 -0.20183017 -0.20183017 -0.20183017 -0.20183017 -0.20183017
 -0.20183017 -0.20183017 -0.20183017 -0.20183017 -0.20183017 -0.20183017
 -0.20183017 -0.20183017 -0.20183017 -0.20183017 -0.20183017  2.26083406
 -0.20183017 -0.20183017 -0.20183017 -0.20183017  4.25082469  0.35983326
 -0.20183017  3.5725298  -0.20183017 -0.20183017  1.43457916 -0.20183017
 -0.20183017 -0.20183017 -0.20183017 -0.20183017 -0.17615126 -0.20183017
  0.72866089 -0.20183017 -0.20183017 -0.20183017  5.21273816 -0.20183017
 -0.20183017 -0.20183017 -0.20183017 -0.20183017 -0.20183017 -0.20183017
 -0.20183017 -0.20183017 -0.20183017 -0.20183017 -0.20183017 -0.20183017
 -0.20183017 -0.20183017 -0.20183017 -0.20183017 -0.20183017 -0.20183017
 -0.20183017 -0.20183017 -0.20183017 -0.20183017 -0.20183017 -0.20183017
 -0.20183017 -0.20183017 -0.20183017 -0.20183017 -0.20183017 -0.20183017
 -0.20183017 -0.20183017 -0.20183017 -0.20183017 -0.20183017 -0.20183017
 -0.20183017 -0.20183017 -0.20183017 -0.20183017 -0.20183017 -0.20183017
 -0.20183017 -0.20183017 -0.20183017 -0.20183017 -0.20183017 -0.20183017
 -0.20183017 -0.20183017 -0.20183017 -0.20183017 -0.20183017 -0.20183017
  2.4075663  -0.20183017 -0.20183017 -0.20183017 -0.20183017  5.42819288
 -0.20183017 -0.20183017 -0.20183017 -0.20183017 -0.20183017 -0.20183017
 -0.20183017 -0.20183017 -0.20183017 -0.20183017 -0.20183017]",[-0.04607714139812952]
5,"[-2.15711794e-01 -2.15711794e-01 -2.15711794e-01 -1.78902597e-01
 -2.15711794e-01 -2.15711794e-01 -2.15711794e-01 -2.15711794e-01
 -2.15711794e-01 -2.15711794e-01 -2.15711794e-01 -2.15711794e-01
 -2.15711794e-01 -2.15711794e-01 -2.15711794e-01 -2.15711794e-01
 -2.15711794e-01 -2.15711794e-01 -2.15711794e-01 -2.15711794e-01
 -2.15711794e-01 -2.15711794e-01 -2.15711794e-01 -2.15711794e-01
 -2.15711794e-01 -2.15711794e-01 -2.15711794e-01 -2.15711794e-01
 -2.15711794e-01 -2.15711794e-01 -2.15711794e-01 -2.15711794e-01
 -2.15711794e-01 -2.15711794e-01 -2.15711794e-01 -2.15711794e-01
 -2.15711794e-01 -2.15711794e-01 -2.15711794e-01 -2.15711794e-01
  7.63087890e+00 -2.15711794e-01 -2.15711794e-01 -2.15711794e-01
 -2.15711794e-01 -2.15711794e-01 -2.15711794e-01 -2.15711794e-01
 -2.15711794e-01 -2.15711794e-01 -2.15711794e-01 -2.15711794e-01
 -2.15711794e-01  1.20769928e-01 -2.16231219e-03 -2.15711794e-01
 -2.15711794e-01 -2.15711794e-01 -2.15711794e-01 -2.15711794e-01
 -2.15711794e-01 -2.15711794e-01 -2.15711794e-01 -2.15711794e-01
 -2.15711794e-01 -2.15711794e-01 -2.15711794e-01 -2.15711794e-01
 -2.15711794e-01 -2.15711794e-01 -2.15711794e-01 -2.15711794e-01
 -2.15711794e-01 -2.15711794e-01 -2.15711794e-01 -2.15711794e-01
 -2.15711794e-01 -2.15711794e-01 -2.15711794e-01 -2.15711794e-01
 -2.15711794e-01 -2.15711794e-01 -2.15711794e-01  3.01189853e+00
 -2.15711794e-01 -2.15711794e-01 -2.15711794e-01 -2.15711794e-01
 -2.15711794e-01  2.61027544e+00 -2.15711794e-01  4.71614002e+00
 -2.15711794e-01 -2.15711794e-01  2.55910597e+00 -2.15711794e-01
 -2.15711794e-01 -2.15711794e-01 -2.15711794e-01 -2.15711794e-01
 -1.59071417e-01 -2.15711794e-01 -2.15711794e-01 -2.15711794e-01
  7.98285127e-01 -2.15711794e-01  7.96799939e-01 -2.15711794e-01
 -2.15711794e-01 -2.15711794e-01 -2.15711794e-01 -2.15711794e-01
 -2.15711794e-01 -2.15711794e-01 -2.15711794e-01 -2.15711794e-01
 -2.15711794e-01 -2.15711794e-01 -2.15711794e-01 -2.15711794e-01
 -2.15711794e-01 -2.15711794e-01 -2.15711794e-01 -2.15711794e-01
 -2.15711794e-01 -2.15711794e-01 -2.15711794e-01 -2.15711794e-01
 -2.15711794e-01 -2.15711794e-01 -2.15711794e-01 -2.15711794e-01
 -2.15711794e-01 -2.15711794e-01 -2.15711794e-01 -2.15711794e-01
 -2.15711794e-01 -2.15711794e-01 -2.15711794e-01 -2.15711794e-01
 -2.15711794e-01 -2.15711794e-01 -2.15711794e-01 -2.15711794e-01
 -2.15711794e-01 -2.15711794e-01 -2.15711794e-01 -2.15711794e-01
 -2.15711794e-01 -2.15711794e-01 -2.15711794e-01 -2.15711794e-01
 -2.15711794e-01 -2.15711794e-01 -2.15711794e-01 -2.15711794e-01
 -2.15711794e-01 -2.15711794e-01 -2.15711794e-01 -2.15711794e-01
 -2.15711794e-01 -2.15711794e-01  6.34072784e+00 -2.15711794e-01
 -2.15711794e-01 -2.15711794e-01 -2.15711794e-01  4.78854604e+00
  1.95833558e+00 -2.15711794e-01  3.85107279e-01 -2.15711794e-01
 -2.15711794e-01 -2.15711794e-01 -2.15711794e-01 -2.15711794e-01
 -2.15711794e-01 -2.15711794e-01 -2.15711794e-01]",[-0.023187481250916464]
5,"[-0.22277081 -0.22277081 -0.22277081 -0.22277081 -0.22277081 -0.22277081
 -0.22277081 -0.22277081 -0.22277081 -0.22277081 -0.22277081 -0.22277081
 -0.22277081 -0.22277081 -0.22277081 -0.22277081 -0.22277081 -0.22277081
 -0.22277081 -0.22277081 -0.22277081 -0.22277081 -0.22277081 -0.22277081
 -0.22277081 -0.22277081 -0.22277081 -0.22277081 -0.22277081 -0.22277081
 -0.22277081 -0.22277081 -0.22277081 -0.22277081 -0.22277081 -0.22277081
 -0.22277081 -0.22277081 -0.22277081 -0.22277081  7.03001777  1.09604486
 -0.22277081 -0.22277081 -0.22277081 -0.22277081 -0.22277081 -0.22277081
 -0.22277081 -0.22277081 -0.22277081 -0.22277081 -0.22277081  5.61472479
  2.41589557 -0.22277081 -0.22277081 -0.22277081 -0.22277081 -0.22277081
 -0.22277081 -0.22277081 -0.22277081 -0.22277081 -0.22277081 -0.22277081
 -0.22277081 -0.22277081 -0.22277081 -0.22277081 -0.22277081 -0.22277081
 -0.22277081 -0.22277081 -0.22277081 -0.22277081 -0.22277081 -0.22277081
 -0.22277081 -0.22277081 -0.22277081 -0.22277081 -0.22277081 -0.22277081
 -0.22277081 -0.22277081 -0.22277081 -0.22277081  4.00995066 -0.22277081
 -0.22277081  2.21563927 -0.22277081 -0.22277081  0.24455167 -0.22277081
 -0.22277081 -0.22277081 -0.22277081 -0.22277081 -0.15875133 -0.22277081
  1.40478143 -0.22277081 -0.22277081  5.07442881  2.00771464 -0.22277081
 -0.22277081 -0.22277081 -0.22277081 -0.22277081 -0.22277081 -0.22277081
 -0.22277081 -0.22277081 -0.22277081 -0.22277081 -0.22277081 -0.22277081
 -0.22277081 -0.22277081 -0.22277081 -0.22277081 -0.22277081 -0.22277081
 -0.22277081 -0.22277081 -0.22277081 -0.22277081 -0.22277081 -0.22277081
 -0.22277081 -0.22277081 -0.22277081 -0.22277081 -0.22277081 -0.22277081
 -0.22277081 -0.22277081 -0.22277081 -0.22277081 -0.22277081 -0.22277081
 -0.22277081 -0.22277081 -0.22277081 -0.22277081 -0.22277081 -0.22277081
 -0.22277081 -0.22277081 -0.22277081 -0.22277081 -0.22277081 -0.22277081
 -0.22277081 -0.22277081 -0.22277081 -0.22277081 -0.22277081 -0.22277081
  5.44145118 -0.22277081 -0.22277081 -0.22277081 -0.22277081  0.58350544
 -0.22277081 -0.22277081 -0.22277081 -0.22277081 -0.22277081 -0.22277081
 -0.22277081 -0.22277081 -0.22277081 -0.22277081 -0.22277081]",[0.0283707062031667]
5,"[-0.28081045 -0.28081045 -0.28081045 -0.28081045 -0.28081045 -0.28081045
 -0.28081045 -0.28081045 -0.28081045 -0.28081045 -0.28081045 -0.28081045
 -0.28081045 -0.28081045 -0.28081045 -0.28081045 -0.28081045 -0.28081045
 -0.28081045 -0.28081045 -0.28081045 -0.28081045 -0.28081045 -0.28081045
 -0.28081045 -0.28081045 -0.28081045 -0.28081045 -0.28081045 -0.28081045
 -0.28081045 -0.28081045 -0.28081045 -0.28081045 -0.28081045 -0.28081045
 -0.28081045 -0.28081045 -0.28081045 -0.28081045  5.96489979  1.65685929
 -0.28081045 -0.28081045 -0.28081045 -0.28081045 -0.28081045 -0.28081045
 -0.28081045 -0.28081045 -0.28081045 -0.28081045 -0.28081045  4.90425959
 -0.19003356 -0.28081045  3.87346662 -0.28081045 -0.28081045 -0.28081045
 -0.28081045 -0.28081045 -0.28081045 -0.28081045 -0.28081045 -0.28081045
 -0.28081045 -0.28081045 -0.28081045 -0.28081045 -0.28081045 -0.28081045
 -0.28081045 -0.28081045 -0.28081045 -0.28081045 -0.28081045 -0.28081045
 -0.28081045 -0.28081045 -0.28081045 -0.28081045 -0.28081045 -0.28081045
 -0.28081045 -0.28081045 -0.28081045 -0.28081045  3.69982345 -0.28081045
 -0.28081045  1.32454075 -0.28081045 -0.28081045  1.73375436 -0.28081045
 -0.28081045 -0.28081045  1.21396472 -0.28081045  2.72875052 -0.28081045
  2.41565186  2.86123783  2.261214   -0.28081045  1.9573423  -0.28081045
 -0.28081045 -0.28081045 -0.28081045 -0.28081045 -0.28081045 -0.28081045
 -0.28081045 -0.28081045 -0.28081045 -0.28081045 -0.28081045 -0.28081045
 -0.28081045 -0.28081045 -0.28081045 -0.28081045 -0.28081045 -0.28081045
 -0.28081045 -0.28081045 -0.28081045 -0.28081045 -0.28081045 -0.28081045
 -0.28081045 -0.28081045 -0.28081045 -0.28081045 -0.28081045 -0.28081045
 -0.28081045  4.89396754 -0.28081045 -0.28081045 -0.28081045 -0.28081045
 -0.28081045 -0.28081045 -0.28081045 -0.28081045 -0.28081045 -0.28081045
 -0.28081045 -0.28081045 -0.28081045 -0.28081045 -0.28081045 -0.28081045
 -0.28081045 -0.28081045 -0.28081045 -0.28081045 -0.28081045 -0.28081045
  3.78960366 -0.28081045 -0.28081045 -0.28081045 -0.28081045  0.40198973
 -0.28081045 -0.28081045 -0.28081045 -0.28081045 -0.28081045 -0.28081045
 -0.28081045 -0.28081045 -0.28081045 -0.28081045 -0.28081045]",[0.04822268939521107]
5,"[-0.22890923 -0.22890923 -0.22890923 -0.22890923 -0.22890923 -0.22890923
 -0.22890923 -0.22890923 -0.22890923 -0.22890923 -0.22890923 -0.22890923
 -0.22890923 -0.22890923 -0.22890923 -0.22890923 -0.22890923 -0.22890923
 -0.22890923 -0.22890923 -0.22890923 -0.22890923 -0.22890923 -0.22890923
 -0.22890923 -0.22890923 -0.22890923 -0.22890923 -0.22890923 -0.22890923
 -0.22890923 -0.22890923 -0.22890923 -0.22890923 -0.22890923 -0.22890923
 -0.22890923 -0.22890923 -0.22890923 -0.22890923  5.71389072  0.78589722
 -0.22890923 -0.22890923 -0.22890923 -0.22890923 -0.22890923 -0.22890923
 -0.22890923 -0.22890923 -0.22890923 -0.22890923 -0.22890923  5.79914917
 -0.04603476 -0.22890923 -0.22890923 -0.22890923 -0.22890923 -0.22890923
 -0.22890923 -0.22890923 -0.22890923 -0.22890923 -0.22890923 -0.22890923
 -0.22890923 -0.22890923 -0.22890923 -0.22890923 -0.22890923 -0.22890923
 -0.22890923 -0.22890923 -0.22890923 -0.22890923 -0.22890923 -0.22890923
 -0.22890923 -0.22890923 -0.22890923 -0.22890923 -0.22890923 -0.22890923
 -0.22890923 -0.22890923 -0.22890923 -0.22890923  2.15432084 -0.22890923
 -0.22890923  2.20731705 -0.22890923 -0.22890923  1.55300658 -0.22890923
 -0.22890923 -0.22890923 -0.22890923 -0.22890923  0.75426598 -0.22890923
 -0.22890923 -0.15620779  0.06480768 -0.22890923  4.95993887 -0.22890923
 -0.22890923 -0.22890923 -0.22890923 -0.22890923 -0.22890923 -0.22890923
 -0.22890923 -0.22890923 -0.22890923 -0.22890923 -0.22890923 -0.22890923
 -0.22890923 -0.22890923 -0.22890923 -0.22890923 -0.22890923 -0.22890923
 -0.22890923 -0.22890923 -0.22890923 -0.22890923 -0.22890923 -0.22890923
 -0.22890923 -0.22890923 -0.22890923 -0.22890923 -0.22890923 -0.22890923
 -0.22890923 -0.22890923 -0.22890923 -0.22890923 -0.22890923 -0.22890923
 -0.22890923 -0.22890923 -0.22890923 -0.22890923 -0.22890923 -0.22890923
 -0.22890923  0.84549835 -0.22890923 -0.22890923 -0.22890923 -0.22890923
 -0.22890923 -0.22890923 -0.22890923 -0.22890923 -0.22890923 -0.22890923
  5.0076292  -0.22890923 -0.22890923 -0.22890923 -0.22890923  1.78008084
 -0.22890923 -0.22890923 -0.22890923 -0.22890923 -0.22890923 -0.22890923
 -0.22890923 -0.22890923 -0.22890923 -0.22890923  6.11755402]",[0.013645575856476383]
5,"[-0.25225914 -0.25225914 -0.25225914 -0.25225914 -0.25225914 -0.25225914
 -0.25225914 -0.25225914 -0.25225914 -0.25225914 -0.25225914 -0.25225914
 -0.25225914 -0.25225914 -0.25225914 -0.25225914 -0.25225914 -0.25225914
 -0.25225914 -0.25225914 -0.25225914 -0.25225914 -0.25225914 -0.25225914
 -0.25225914 -0.25225914 -0.25225914 -0.25225914 -0.25225914 -0.25225914
 -0.25225914 -0.25225914 -0.25225914 -0.25225914 -0.25225914 -0.25225914
 -0.25225914 -0.25225914 -0.25225914 -0.25225914  5.76122324  1.16521475
 -0.25225914 -0.25225914 -0.25225914 -0.25225914 -0.25225914 -0.25225914
 -0.25225914 -0.25225914 -0.25225914 -0.25225914 -0.25225914 -0.25225914
 -0.25225914 -0.25225914 -0.25225914 -0.25225914 -0.25225914 -0.25225914
 -0.25225914 -0.25225914 -0.25225914 -0.25225914 -0.25225914 -0.25225914
 -0.25225914 -0.25225914 -0.25225914 -0.25225914 -0.25225914 -0.25225914
 -0.25225914 -0.25225914 -0.25225914 -0.25225914 -0.25225914 -0.25225914
 -0.25225914 -0.25225914 -0.25225914 -0.25225914 -0.25225914 -0.25225914
 -0.25225914 -0.25225914 -0.25225914 -0.25225914  2.59075911 -0.25225914
 -0.25225914  1.21298441 -0.25225914  0.89668197  4.43495518 -0.25225914
 -0.25225914 -0.25225914 -0.25225914 -0.25225914  3.54725069 -0.25225914
  4.71082403  2.48719144  5.10952861 -0.25225914  1.63724883 -0.25225914
 -0.25225914 -0.25225914 -0.25225914 -0.25225914 -0.25225914 -0.25225914
 -0.25225914 -0.25225914 -0.25225914 -0.25225914 -0.25225914 -0.25225914
 -0.25225914 -0.25225914 -0.25225914 -0.25225914 -0.25225914 -0.25225914
 -0.25225914 -0.25225914 -0.25225914 -0.25225914 -0.25225914 -0.25225914
 -0.25225914 -0.25225914 -0.25225914 -0.25225914 -0.25225914 -0.25225914
 -0.25225914 -0.25225914 -0.25225914 -0.25225914 -0.25225914 -0.25225914
 -0.25225914 -0.25225914 -0.25225914 -0.25225914 -0.25225914 -0.25225914
 -0.25225914 -0.25225914 -0.25225914 -0.25225914 -0.25225914 -0.25225914
 -0.25225914 -0.25225914 -0.25225914 -0.25225914 -0.25225914 -0.25225914
  5.48284837 -0.25225914 -0.25225914 -0.25225914 -0.25225914  2.32751517
  0.25853237 -0.25225914 -0.25225914 -0.25225914 -0.25225914 -0.25225914
 -0.25225914 -0.25225914 -0.25225914 -0.25225914 -0.25225914]",[-0.032827147927841804]
5,"[-0.23167727 -0.23167727 -0.23167727 -0.23167727 -0.23167727 -0.23167727
 -0.23167727 -0.23167727 -0.23167727 -0.23167727 -0.23167727 -0.23167727
 -0.23167727 -0.23167727 -0.23167727 -0.23167727  1.90887584 -0.23167727
 -0.23167727 -0.23167727 -0.23167727 -0.23167727 -0.23167727 -0.23167727
 -0.23167727 -0.23167727 -0.23167727 -0.23167727  2.75775049 -0.23167727
 -0.23167727 -0.23167727 -0.23167727 -0.23167727 -0.23167727 -0.23167727
 -0.23167727 -0.23167727 -0.23167727 -0.23167727  7.69624006  0.93368408
 -0.23167727 -0.23167727 -0.23167727 -0.23167727 -0.23167727 -0.23167727
 -0.23167727 -0.23167727 -0.23167727 -0.23167727 -0.23167727  0.28354533
 -0.23167727 -0.23167727 -0.23167727 -0.23167727 -0.23167727 -0.23167727
 -0.23167727 -0.23167727 -0.23167727 -0.23167727 -0.23167727 -0.23167727
 -0.23167727 -0.23167727 -0.23167727 -0.23167727 -0.23167727 -0.23167727
 -0.23167727 -0.23167727 -0.23167727 -0.23167727 -0.23167727  1.95908736
 -0.23167727 -0.23167727 -0.23167727 -0.23167727 -0.23167727 -0.23167727
 -0.23167727 -0.23167727 -0.23167727  0.61941276  3.56712061 -0.23167727
 -0.23167727  2.94545358 -0.23167727 -0.23167727  0.44510965 -0.23167727
 -0.23167727 -0.23167727 -0.23167727 -0.23167727 -0.23167727 -0.23167727
  5.09334945 -0.23167727 -0.23167727 -0.23167727  2.77349564 -0.23167727
 -0.23167727 -0.23167727 -0.23167727 -0.23167727 -0.23167727 -0.23167727
 -0.23167727 -0.23167727 -0.23167727 -0.23167727 -0.23167727 -0.23167727
 -0.23167727 -0.23167727 -0.23167727 -0.23167727 -0.23167727 -0.23167727
 -0.23167727 -0.23167727 -0.23167727 -0.23167727 -0.23167727 -0.23167727
 -0.23167727 -0.23167727 -0.23167727 -0.23167727 -0.23167727 -0.23167727
 -0.23167727 -0.23167727 -0.23167727 -0.23167727 -0.23167727 -0.23167727
 -0.23167727 -0.23167727 -0.23167727 -0.23167727 -0.23167727 -0.23167727
 -0.23167727 -0.23167727 -0.23167727 -0.23167727 -0.23167727 -0.23167727
 -0.23167727 -0.23167727 -0.23167727 -0.23167727 -0.23167727 -0.23167727
  6.1733863  -0.23167727 -0.23167727 -0.23167727 -0.23167727  1.07023907
 -0.23167727 -0.23167727 -0.23167727 -0.23167727 -0.23167727 -0.23167727
 -0.23167727 -0.23167727 -0.23167727 -0.23167727 -0.23167727]",[-0.038643488688768046]
5,"[-0.2754035  -0.2754035  -0.2754035  -0.2754035  -0.2754035  -0.2754035
 -0.2754035  -0.2754035  -0.2754035  -0.2754035  -0.2754035  -0.2754035
 -0.2754035  -0.2754035  -0.2754035  -0.2754035   4.45396686 -0.2754035
 -0.2754035  -0.2754035  -0.2754035  -0.2754035  -0.2754035  -0.2754035
 -0.2754035  -0.2754035  -0.2754035  -0.2754035  -0.2754035  -0.2754035
 -0.2754035  -0.2754035  -0.2754035  -0.2754035  -0.2754035  -0.2754035
 -0.2754035  -0.2754035  -0.2754035  -0.2754035   4.17705663 -0.2754035
 -0.2754035  -0.2754035  -0.2754035  -0.2754035  -0.2754035  -0.2754035
 -0.2754035  -0.2754035  -0.2754035  -0.2754035  -0.2754035   0.51870988
 -0.2754035  -0.2754035   4.38872387 -0.2754035  -0.2754035  -0.2754035
 -0.2754035  -0.2754035  -0.2754035  -0.2754035  -0.2754035  -0.2754035
 -0.2754035  -0.2754035  -0.2754035  -0.2754035  -0.2754035  -0.2754035
 -0.2754035  -0.2754035  -0.2754035  -0.2754035  -0.2754035  -0.2754035
 -0.2754035  -0.2754035  -0.2754035  -0.2754035  -0.2754035  -0.2754035
 -0.2754035  -0.2754035  -0.2754035  -0.2754035   3.15656535 -0.2754035
 -0.2754035   1.76350789 -0.2754035  -0.2754035   4.78227125 -0.2754035
 -0.2754035  -0.2754035  -0.2754035  -0.2754035   2.09626811 -0.2754035
  3.48468463  0.36820811 -0.2754035  -0.2754035   3.04470307 -0.2754035
 -0.2754035  -0.2754035   2.9581504  -0.2754035  -0.2754035  -0.2754035
 -0.2754035  -0.2754035  -0.2754035  -0.2754035  -0.2754035  -0.2754035
 -0.2754035  -0.2754035  -0.2754035  -0.2754035  -0.2754035  -0.2754035
 -0.2754035  -0.2754035  -0.2754035  -0.2754035  -0.2754035  -0.2754035
 -0.2754035  -0.2754035  -0.2754035  -0.2754035  -0.2754035  -0.2754035
 -0.2754035  -0.2754035  -0.2754035  -0.2754035  -0.2754035  -0.2754035
 -0.2754035  -0.2754035  -0.2754035  -0.2754035  -0.2754035  -0.2754035
 -0.2754035  -0.2754035  -0.2754035   1.48888818 -0.2754035  -0.2754035
 -0.2754035  -0.2754035  -0.2754035  -0.2754035  -0.2754035  -0.2754035
  4.91223341 -0.2754035  -0.2754035  -0.2754035  -0.2754035   3.5722366
 -0.2754035  -0.2754035  -0.2754035  -0.2754035  -0.2754035  -0.2754035
 -0.2754035  -0.2754035  -0.2754035  -0.2754035  -0.2754035 ]",[0.011891623893265146]
5,"[-0.24269842 -0.24269842 -0.24269842 -0.11508341 -0.24269842 -0.24269842
 -0.24269842 -0.24269842 -0.24269842 -0.24269842 -0.24269842 -0.24269842
 -0.24269842 -0.24269842 -0.24269842 -0.24269842  1.56386191 -0.24269842
 -0.24269842 -0.24269842 -0.24269842 -0.24269842 -0.24269842 -0.24269842
 -0.24269842 -0.24269842 -0.24269842 -0.24269842  2.45565369 -0.24269842
 -0.24269842 -0.24269842 -0.24269842 -0.24269842 -0.24269842 -0.24269842
 -0.24269842 -0.24269842 -0.24269842 -0.24269842  6.46231075 -0.01213536
 -0.24269842 -0.24269842 -0.24269842 -0.24269842 -0.24269842 -0.24269842
 -0.24269842 -0.24269842 -0.24269842 -0.24269842 -0.24269842  0.29055054
 -0.24269842 -0.24269842 -0.24269842 -0.24269842 -0.24269842 -0.24269842
 -0.24269842 -0.24269842 -0.24269842 -0.24269842 -0.24269842 -0.24269842
 -0.24269842 -0.24269842 -0.24269842 -0.24269842 -0.24269842 -0.24269842
 -0.24269842 -0.24269842 -0.24269842 -0.24269842 -0.24269842  2.31568565
 -0.24269842 -0.24269842 -0.24269842 -0.24269842 -0.24269842  3.47723673
 -0.24269842 -0.24269842 -0.24269842 -0.24269842 -0.24269842 -0.24269842
 -0.24269842  5.5437361  -0.24269842 -0.24269842  0.36819088 -0.24269842
 -0.24269842 -0.24269842 -0.24269842 -0.24269842 -0.22149771 -0.24269842
 -0.24269842 -0.21966167 -0.07026833 -0.24269842  1.44097175  1.11586418
 -0.24269842 -0.24269842 -0.24269842 -0.24269842 -0.24269842 -0.24269842
 -0.24269842 -0.24269842 -0.24269842 -0.24269842 -0.24269842 -0.24269842
 -0.24269842 -0.24269842 -0.24269842 -0.24269842 -0.24269842 -0.24269842
 -0.24269842 -0.24269842 -0.24269842 -0.24269842 -0.24269842 -0.24269842
 -0.24269842 -0.24269842 -0.24269842 -0.24269842 -0.24269842 -0.24269842
 -0.24269842 -0.24269842 -0.24269842 -0.24269842 -0.24269842 -0.24269842
 -0.24269842 -0.24269842 -0.24269842 -0.24269842 -0.24269842 -0.24269842
 -0.24269842 -0.24269842 -0.24269842 -0.24269842 -0.24269842 -0.24269842
 -0.24269842 -0.24269842 -0.24269842 -0.24269842 -0.24269842 -0.24269842
  5.37556671 -0.24269842 -0.24269842 -0.24269842 -0.24269842  5.37604383
  3.04803968 -0.24269842  0.63668125 -0.24269842 -0.24269842 -0.24269842
 -0.24269842 -0.24269842 -0.24269842 -0.24269842 -0.24269842]",[0.04213966994800622]
5,"[-0.28267257 -0.28267257 -0.28267257 -0.28267257 -0.28267257 -0.28267257
 -0.28267257 -0.28267257 -0.28267257 -0.28267257 -0.28267257 -0.28267257
 -0.28267257 -0.28267257 -0.28267257 -0.28267257 -0.28267257 -0.28267257
 -0.28267257 -0.28267257 -0.28267257 -0.28267257 -0.28267257 -0.28267257
 -0.28267257 -0.28267257 -0.28267257 -0.28267257 -0.28267257 -0.28267257
 -0.28267257 -0.28267257 -0.28267257 -0.28267257 -0.28267257 -0.28267257
 -0.28267257 -0.28267257 -0.28267257 -0.28267257  6.27602373  1.86846361
 -0.28267257 -0.28267257 -0.28267257 -0.28267257 -0.28267257 -0.28267257
 -0.28267257 -0.28267257 -0.28267257 -0.28267257 -0.28267257  0.21543252
 -0.28267257  3.21297652 -0.28267257 -0.28267257 -0.28267257 -0.28267257
 -0.28267257 -0.28267257 -0.28267257 -0.28267257 -0.28267257 -0.28267257
 -0.28267257 -0.28267257 -0.28267257 -0.28267257 -0.28267257 -0.28267257
 -0.28267257 -0.28267257 -0.28267257 -0.28267257 -0.28267257 -0.28267257
 -0.28267257 -0.28267257 -0.28267257 -0.28267257 -0.28267257 -0.28267257
 -0.28267257 -0.28267257 -0.28267257 -0.28267257  1.56445649  2.8573201
 -0.28267257  3.70548094 -0.28267257 -0.28267257  4.00122428 -0.28267257
 -0.28267257 -0.28267257 -0.28267257 -0.28267257  3.41092211 -0.28267257
  2.3529542  -0.28267257  2.82922257 -0.28267257  4.00698436  1.77982425
 -0.28267257 -0.28267257 -0.28267257 -0.28267257 -0.28267257 -0.28267257
 -0.28267257 -0.28267257 -0.28267257 -0.28267257 -0.28267257 -0.28267257
 -0.28267257 -0.28267257 -0.28267257 -0.28267257 -0.28267257 -0.28267257
 -0.28267257 -0.28267257 -0.28267257 -0.28267257 -0.28267257 -0.28267257
 -0.28267257 -0.28267257 -0.28267257 -0.28267257 -0.28267257 -0.28267257
 -0.28267257 -0.28267257 -0.28267257 -0.28267257 -0.28267257 -0.28267257
 -0.28267257 -0.28267257 -0.28267257 -0.28267257 -0.28267257 -0.28267257
 -0.28267257 -0.28267257 -0.28267257 -0.28267257 -0.28267257 -0.28267257
 -0.28267257 -0.28267257 -0.28267257 -0.28267257 -0.28267257 -0.28267257
  4.57045595 -0.28267257 -0.28267257 -0.28267257 -0.28267257  2.49446765
 -0.28267257  0.92941893 -0.28267257 -0.28267257 -0.28267257 -0.28267257
 -0.28267257 -0.28267257 -0.28267257 -0.28267257 -0.28267257]",[0.07885345346161449]
5,"[-0.25644097 -0.25644097 -0.25644097 -0.25644097 -0.25644097 -0.25644097
 -0.25644097 -0.25644097 -0.25644097 -0.25644097 -0.25644097 -0.25644097
 -0.25644097 -0.25644097 -0.25644097 -0.25644097  0.1466515  -0.25644097
 -0.25644097 -0.25644097 -0.25644097 -0.25644097 -0.25644097 -0.25644097
 -0.25644097 -0.25644097 -0.25644097 -0.25644097  0.08973547 -0.25644097
 -0.25644097 -0.25644097 -0.25644097 -0.25644097 -0.25644097 -0.25644097
 -0.25644097 -0.25644097 -0.25644097 -0.25644097  6.53956602  1.80695572
 -0.25644097 -0.25644097 -0.25644097 -0.25644097 -0.25644097 -0.25644097
 -0.25644097 -0.25644097 -0.25644097 -0.25644097 -0.25644097  5.99087524
 -0.04924079 -0.25644097  2.7503249  -0.25644097 -0.25644097 -0.25644097
 -0.25644097 -0.25644097 -0.25644097 -0.25644097 -0.25644097 -0.25644097
 -0.25644097 -0.25644097 -0.25644097 -0.25644097 -0.25644097 -0.25644097
 -0.25644097 -0.25644097 -0.25644097 -0.25644097 -0.25644097 -0.25644097
 -0.25644097 -0.25644097 -0.25644097 -0.25644097 -0.25644097 -0.25644097
 -0.25644097 -0.25644097 -0.25644097 -0.25644097 -0.25644097 -0.25644097
 -0.25644097 -0.25644097 -0.25644097 -0.19548475  2.22336933 -0.25644097
 -0.25644097 -0.25644097  0.96088282 -0.25644097  3.19269875 -0.25644097
  2.36379234  2.94205736  1.6022582  -0.25644097  0.47633676 -0.25644097
 -0.25644097 -0.25644097 -0.25644097 -0.25644097 -0.25644097 -0.25644097
 -0.25644097 -0.25644097 -0.25644097 -0.25644097 -0.25644097 -0.25644097
 -0.25644097 -0.25644097 -0.25644097 -0.25644097 -0.25644097 -0.25644097
 -0.25644097 -0.25644097 -0.25644097 -0.25644097 -0.25644097 -0.25644097
 -0.25644097 -0.25644097 -0.25644097 -0.25644097 -0.25644097 -0.25644097
 -0.25644097  4.60239956 -0.25644097 -0.25644097 -0.25644097 -0.25644097
 -0.25644097 -0.25644097 -0.25644097 -0.25644097 -0.25644097 -0.25644097
 -0.25644097 -0.25644097 -0.25644097 -0.25644097 -0.25644097 -0.25644097
 -0.25644097 -0.25644097 -0.25644097 -0.25644097 -0.25644097 -0.25644097
  4.85862224 -0.25644097 -0.25644097 -0.25644097 -0.25644097  0.98519574
 -0.25644097 -0.25644097 -0.25644097 -0.25644097 -0.25644097 -0.25644097
 -0.25644097 -0.25644097 -0.25644097 -0.25644097 -0.25644097]",[-0.003947983604847771]
5,"[-0.20941979 -0.20941979 -0.20941979  0.11566367 -0.20941979 -0.20941979
 -0.20941979 -0.20941979 -0.20941979 -0.20941979 -0.20941979 -0.20941979
 -0.20941979 -0.20941979 -0.20941979 -0.20941979 -0.20941979 -0.20941979
 -0.20941979 -0.20941979 -0.20941979  1.82760393 -0.20941979 -0.20941979
 -0.20941979 -0.20941979 -0.20941979 -0.20941979  2.60203604 -0.20941979
 -0.20941979 -0.20941979 -0.20941979 -0.20941979 -0.20941979 -0.20941979
 -0.20941979 -0.20941979 -0.20941979 -0.20941979 -0.20941979 -0.20941979
 -0.20941979 -0.20941979 -0.20941979 -0.20941979 -0.20941979 -0.20941979
 -0.20941979 -0.20941979 -0.20941979 -0.20941979 -0.20941979  0.15453257
 -0.20941979 -0.20941979 -0.20941979 -0.20941979 -0.20941979 -0.20941979
 -0.20941979 -0.20941979 -0.20941979 -0.20941979 -0.20941979 -0.20941979
 -0.20941979 -0.20941979 -0.20941979 -0.20941979 -0.20941979 -0.20941979
 -0.20941979 -0.20941979 -0.20941979 -0.20941979 -0.20941979 -0.20941979
 -0.20941979 -0.20941979 -0.20941979 -0.20941979 -0.20941979  5.79405687
 -0.20941979 -0.20941979 -0.20941979 -0.20941979  4.57285396 -0.20941979
 -0.20941979  3.94975363 -0.20941979 -0.20941979  4.29886742 -0.20941979
 -0.20941979 -0.20941979 -0.20941979 -0.20941979 -0.20941979 -0.20941979
 -0.20941979 -0.20941979 -0.20941979 -0.20941979 -0.20941979 -0.20941979
 -0.20941979 -0.20941979 -0.20941979 -0.20941979 -0.20941979 -0.20941979
 -0.20941979 -0.20941979 -0.20941979 -0.20941979 -0.20941979 -0.20941979
 -0.20941979 -0.20941979 -0.20941979 -0.20941979 -0.20941979 -0.20941979
 -0.20941979 -0.20941979 -0.20941979 -0.20941979 -0.20941979 -0.20941979
 -0.20941979 -0.20941979 -0.20941979 -0.20941979 -0.20941979 -0.20941979
 -0.20941979 -0.20941979 -0.20941979 -0.20941979 -0.20941979 -0.20941979
 -0.20941979 -0.20941979 -0.20941979 -0.20941979 -0.20941979 -0.20941979
 -0.20941979 -0.20941979 -0.20941979 -0.20941979 -0.20941979 -0.20941979
 -0.20941979 -0.20941979 -0.20941979 -0.20941979 -0.20941979 -0.20941979
  8.00573123 -0.20941979 -0.20941979 -0.20941979 -0.20941979 -0.20941979
  2.75961545 -0.20941979  1.10180944 -0.20941979 -0.20941979 -0.20941979
 -0.20941979 -0.20941979 -0.20941979 -0.20941979 -0.20941979]",[-0.014141685067356136]
5,"[-0.26681923 -0.26681923 -0.26681923  0.24396659 -0.26681923 -0.26681923
 -0.26681923 -0.26681923 -0.26681923 -0.26681923 -0.26681923 -0.26681923
 -0.26681923 -0.26681923 -0.26681923 -0.26681923 -0.26681923 -0.26681923
 -0.26681923 -0.26681923 -0.26681923 -0.26681923 -0.26681923 -0.26681923
 -0.26681923 -0.26681923 -0.26681923 -0.26681923 -0.26681923 -0.26681923
 -0.26681923 -0.26681923 -0.26681923 -0.26681923 -0.26681923 -0.26681923
 -0.26681923 -0.26681923 -0.26681923 -0.26681923  5.86928139  0.75607747
 -0.26681923 -0.26681923 -0.26681923 -0.26681923 -0.26681923 -0.26681923
 -0.26681923 -0.26681923 -0.26681923 -0.26681923 -0.26681923 -0.26681923
 -0.26681923 -0.26681923 -0.26681923 -0.26681923 -0.26681923 -0.26681923
 -0.26681923 -0.26681923 -0.26681923 -0.26681923 -0.26681923 -0.26681923
 -0.26681923 -0.26681923 -0.26681923 -0.26681923 -0.26681923 -0.26681923
 -0.26681923 -0.26681923 -0.26681923 -0.26681923 -0.26681923 -0.26681923
 -0.26681923 -0.26681923 -0.26681923  4.48840437 -0.26681923 -0.26681923
 -0.26681923 -0.26681923 -0.26681923  1.33622114 -0.26681923 -0.26681923
 -0.26681923  1.52082305 -0.26681923  0.37858404  2.4166619  -0.26681923
 -0.26681923 -0.26681923 -0.26681923 -0.26681923  4.03531164 -0.26681923
  3.74524535  4.01436168  4.66964809 -0.26681923  0.38398754  1.86546641
 -0.26681923 -0.26681923 -0.26681923 -0.26681923 -0.26681923 -0.26681923
 -0.26681923 -0.26681923 -0.26681923 -0.26681923 -0.26681923 -0.26681923
 -0.26681923 -0.26681923 -0.26681923 -0.26681923 -0.26681923 -0.26681923
 -0.26681923 -0.26681923 -0.26681923 -0.26681923 -0.26681923 -0.26681923
 -0.26681923 -0.26681923 -0.26681923 -0.26681923 -0.26681923 -0.26681923
 -0.26681923 -0.26681923 -0.26681923 -0.26681923 -0.26681923 -0.26681923
 -0.26681923 -0.26681923 -0.26681923 -0.26681923 -0.26681923 -0.26681923
 -0.26681923 -0.26681923 -0.26681923 -0.26681923 -0.26681923 -0.26681923
 -0.26681923 -0.26681923 -0.26681923 -0.26681923 -0.26681923 -0.26681923
  4.06057831 -0.26681923 -0.26681923 -0.26681923 -0.26681923  3.70691492
 -0.26681923 -0.26681923 -0.26681923 -0.26681923 -0.26681923 -0.26681923
 -0.26681923 -0.26681923 -0.26681923 -0.26681923 -0.26681923]",[0.006081248486963953]
5,"[-0.30279954 -0.30279954 -0.30279954 -0.30279954 -0.30279954 -0.30279954
 -0.30279954 -0.30279954 -0.30279954 -0.30279954 -0.30279954 -0.30279954
 -0.30279954 -0.30279954 -0.30279954 -0.30279954  1.20220995 -0.30279954
 -0.30279954 -0.30279954  0.47771339 -0.30279954 -0.30279954 -0.30279954
 -0.30279954 -0.30279954 -0.30279954 -0.30279954  1.72380947 -0.30279954
 -0.30279954 -0.30279954 -0.30279954 -0.30279954 -0.30279954 -0.30279954
 -0.30279954 -0.30279954 -0.30279954 -0.30279954  6.44672786  0.05624934
 -0.30279954 -0.30279954 -0.30279954 -0.30279954 -0.30279954 -0.30279954
 -0.30279954 -0.30279954 -0.30279954 -0.30279954 -0.30279954  0.55229084
 -0.30279954 -0.30279954 -0.30279954 -0.30279954 -0.30279954 -0.30279954
 -0.30279954 -0.30279954 -0.30279954 -0.30279954 -0.30279954 -0.30279954
 -0.30279954 -0.30279954 -0.30279954 -0.30279954 -0.30279954 -0.30279954
 -0.30279954 -0.30279954 -0.30279954 -0.30279954 -0.30279954  2.51499765
 -0.30279954 -0.30279954 -0.30279954 -0.30279954 -0.30279954  1.52101127
 -0.30279954 -0.30279954 -0.30279954  2.67999109  2.07106025 -0.30279954
 -0.30279954  3.52078874 -0.30279954 -0.30279954  2.78864964 -0.30279954
 -0.30279954 -0.30279954 -0.30279954 -0.30279954  1.53130766 -0.30279954
  2.77540837 -0.30279954 -0.30279954 -0.30279954  2.88490107 -0.30279954
 -0.30279954 -0.30279954 -0.30279954 -0.30279954 -0.30279954 -0.30279954
 -0.30279954 -0.30279954 -0.30279954 -0.30279954 -0.30279954 -0.30279954
 -0.30279954 -0.30279954 -0.30279954  2.02689988 -0.30279954 -0.30279954
 -0.30279954 -0.30279954 -0.30279954 -0.30279954 -0.30279954 -0.30279954
 -0.30279954 -0.30279954 -0.30279954 -0.30279954 -0.30279954 -0.30279954
 -0.30279954 -0.30279954 -0.30279954 -0.30279954 -0.30279954 -0.30279954
 -0.30279954 -0.30279954 -0.30279954 -0.30279954 -0.30279954 -0.30279954
 -0.30279954 -0.30279954 -0.30279954 -0.30279954 -0.30279954 -0.30279954
 -0.30279954 -0.30279954 -0.30279954 -0.30279954 -0.30279954 -0.30279954
  5.06741778 -0.30279954 -0.30279954 -0.30279954 -0.30279954  4.17309756
  3.3923533   0.73824123 -0.30279954 -0.30279954 -0.30279954 -0.30279954
 -0.30279954 -0.30279954 -0.30279954 -0.30279954 -0.30279954]",[-2.232882412602252]
5,"[-0.23376732 -0.23376732 -0.23376732 -0.23376732 -0.23376732 -0.23376732
 -0.23376732 -0.23376732 -0.23376732 -0.23376732 -0.23376732 -0.23376732
 -0.23376732 -0.23376732 -0.23376732 -0.23376732  0.12665349 -0.23376732
 -0.23376732 -0.23376732 -0.23376732 -0.23376732 -0.23376732 -0.23376732
 -0.23376732 -0.23376732 -0.23376732 -0.23376732 -0.23376732 -0.23376732
 -0.23376732 -0.23376732 -0.23376732 -0.23376732 -0.23376732 -0.23376732
 -0.23376732 -0.23376732 -0.23376732 -0.23376732  6.58756748  3.06019169
 -0.23376732 -0.23376732 -0.23376732 -0.23376732 -0.23376732 -0.23376732
 -0.23376732 -0.23376732 -0.23376732 -0.23376732 -0.23376732  5.1288809
  4.39340022 -0.23376732  3.10433791 -0.23376732 -0.23376732 -0.23376732
 -0.23376732 -0.23376732 -0.23376732 -0.23376732 -0.23376732 -0.23376732
 -0.23376732 -0.23376732 -0.23376732 -0.23376732 -0.23376732 -0.23376732
 -0.23376732 -0.23376732 -0.23376732 -0.23376732 -0.23376732 -0.23376732
 -0.23376732 -0.23376732 -0.23376732 -0.23376732 -0.23376732 -0.23376732
 -0.23376732 -0.23376732 -0.23376732 -0.23376732 -0.23376732  2.51829153
 -0.23376732  0.79777537 -0.23376732 -0.23376732  0.42905549 -0.23376732
 -0.23376732 -0.23376732 -0.23376732 -0.23376732 -0.14743404 -0.23376732
 -0.23376732 -0.23376732 -0.23376732 -0.23376732  4.43237117 -0.23376732
 -0.23376732 -0.23376732 -0.23376732 -0.23376732 -0.23376732 -0.23376732
 -0.23376732 -0.23376732 -0.23376732 -0.23376732 -0.23376732 -0.23376732
 -0.23376732 -0.23376732 -0.23376732 -0.23376732 -0.23376732 -0.23376732
 -0.23376732 -0.23376732 -0.23376732 -0.23376732 -0.23376732 -0.23376732
 -0.23376732 -0.23376732 -0.23376732 -0.23376732 -0.23376732 -0.23376732
 -0.23376732 -0.23376732 -0.23376732 -0.23376732 -0.23376732 -0.23376732
 -0.23376732 -0.23376732 -0.23376732 -0.23376732  4.26814455 -0.23376732
 -0.23376732 -0.23376732 -0.23376732 -0.23376732 -0.23376732 -0.23376732
 -0.23376732 -0.23376732 -0.23376732 -0.23376732 -0.23376732 -0.23376732
  4.10613909 -0.23376732 -0.23376732 -0.23376732 -0.23376732 -0.23376732
 -0.23376732 -0.23376732 -0.23376732 -0.23376732 -0.23376732 -0.23376732
 -0.23376732 -0.23376732 -0.23376732 -0.23376732 -0.23376732]",[-0.013228816553513573]
5,"[-0.24735129 -0.24735129 -0.24735129 -0.24735129 -0.24735129 -0.24735129
 -0.24735129 -0.24735129 -0.24735129 -0.24735129 -0.24735129 -0.24735129
 -0.24735129 -0.24735129 -0.24735129 -0.24735129  2.56277217 -0.24735129
 -0.24735129 -0.24735129 -0.24735129 -0.24735129 -0.24735129 -0.24735129
 -0.24735129 -0.24735129 -0.24735129 -0.24735129 -0.24735129 -0.24735129
 -0.24735129 -0.24735129 -0.24735129 -0.24735129 -0.24735129 -0.24735129
 -0.24735129 -0.24735129 -0.24735129 -0.24735129  1.79043982 -0.24735129
 -0.24735129 -0.24735129 -0.24735129 -0.24735129 -0.24735129 -0.24735129
 -0.24735129 -0.24735129 -0.24735129 -0.24735129 -0.24735129  0.46077279
 -0.08374197 -0.24735129  0.12979388 -0.24735129 -0.24735129 -0.24735129
 -0.24735129 -0.24735129 -0.24735129 -0.24735129 -0.24735129 -0.24735129
 -0.24735129 -0.24735129 -0.24735129 -0.24735129 -0.24735129 -0.24735129
 -0.24735129 -0.24735129 -0.24735129 -0.24735129 -0.24735129 -0.24735129
 -0.24735129 -0.24735129 -0.24735129 -0.24735129 -0.24735129 -0.24735129
 -0.24735129 -0.24735129 -0.24735129 -0.24735129  3.21730793  2.78785106
 -0.24735129  5.74111589 -0.24735129 -0.24735129  4.40702584 -0.24735129
 -0.24735129 -0.24735129 -0.24735129 -0.24735129  2.83505215 -0.24735129
 -0.24735129 -0.21023506 -0.24735129 -0.24735129  5.20062453 -0.24735129
 -0.24735129 -0.24735129 -0.24735129 -0.24735129 -0.24735129 -0.24735129
 -0.24735129 -0.24735129 -0.24735129 -0.24735129 -0.24735129 -0.24735129
 -0.24735129 -0.24735129 -0.24735129  2.00022984 -0.24735129 -0.24735129
 -0.24735129 -0.24735129 -0.24735129 -0.24735129 -0.24735129 -0.24735129
 -0.24735129 -0.24735129 -0.24735129 -0.24735129 -0.24735129 -0.24735129
 -0.24735129 -0.24735129 -0.24735129 -0.24735129 -0.24735129 -0.24735129
 -0.24735129 -0.24735129 -0.24735129 -0.24735129 -0.24735129 -0.24735129
 -0.24735129 -0.24735129 -0.24735129 -0.24735129 -0.24735129 -0.24735129
 -0.24735129 -0.24735129 -0.24735129 -0.24735129 -0.24735129 -0.24735129
  6.75852005 -0.24735129 -0.24735129 -0.24735129 -0.24735129 -0.24735129
  1.40613059 -0.24735129  1.31460122 -0.24735129 -0.24735129 -0.24735129
 -0.24735129 -0.24735129 -0.24735129 -0.24735129 -0.24735129]",[-2.2359122058310796]
5,"[-0.25444127 -0.25444127 -0.25444127 -0.25444127 -0.25444127 -0.25444127
 -0.25444127 -0.25444127 -0.25444127 -0.25444127 -0.25444127 -0.25444127
 -0.25444127 -0.25444127 -0.25444127 -0.25444127  1.03795598 -0.25444127
 -0.25444127 -0.25444127 -0.25444127 -0.25444127 -0.25444127 -0.25444127
 -0.25444127 -0.25444127 -0.25444127 -0.25444127 -0.25444127 -0.25444127
 -0.25444127 -0.25444127 -0.25444127 -0.25444127 -0.25444127 -0.25444127
 -0.25444127 -0.25444127 -0.25444127 -0.25444127  5.84183212  0.45539884
 -0.25444127 -0.25444127 -0.25444127 -0.25444127 -0.25444127 -0.25444127
 -0.25444127 -0.25444127 -0.25444127 -0.25444127 -0.25444127 -0.25444127
 -0.25444127 -0.25444127 -0.25444127 -0.25444127 -0.25444127 -0.25444127
 -0.25444127 -0.25444127 -0.25444127 -0.25444127 -0.25444127 -0.25444127
 -0.25444127 -0.25444127 -0.25444127 -0.25444127 -0.25444127 -0.25444127
 -0.25444127 -0.25444127 -0.25444127 -0.25444127 -0.25444127 -0.25444127
 -0.25444127 -0.25444127 -0.25444127 -0.25444127 -0.25444127 -0.25444127
 -0.25444127 -0.25444127 -0.25444127 -0.25444127  1.03795598 -0.25444127
 -0.25444127  1.84039305 -0.25444127 -0.25444127  4.1216628  -0.25444127
 -0.25444127 -0.25444127 -0.25444127 -0.25444127  3.32210161 -0.25444127
  4.39940923  2.24336164  4.56819145 -0.25444127  4.32109064 -0.25444127
 -0.25444127 -0.25444127 -0.25444127 -0.25444127 -0.25444127 -0.25444127
 -0.25444127 -0.25444127 -0.25444127 -0.25444127 -0.25444127 -0.25444127
 -0.25444127 -0.25444127 -0.25444127 -0.25444127 -0.25444127 -0.25444127
 -0.25444127 -0.25444127 -0.25444127 -0.25444127 -0.25444127 -0.25444127
 -0.25444127 -0.25444127 -0.25444127 -0.25444127 -0.25444127 -0.25444127
 -0.25444127 -0.25444127 -0.25444127 -0.25444127 -0.25444127 -0.25444127
 -0.25444127 -0.25444127 -0.25444127 -0.25444127 -0.25444127 -0.25444127
 -0.25444127  0.7614212  -0.25444127 -0.25444127 -0.25444127 -0.25444127
 -0.25444127 -0.25444127 -0.25444127 -0.25444127 -0.25444127 -0.25444127
  5.36750033 -0.25444127 -0.25444127 -0.25444127 -0.25444127  2.66453421
 -0.25444127 -0.25444127 -0.25444127 -0.25444127 -0.25444127 -0.25444127
 -0.25444127 -0.25444127 -0.25444127 -0.25444127 -0.25444127]",[-0.015634474121635045]
5,"[-0.20648919 -0.20648919 -0.20648919 -0.20648919 -0.20648919 -0.20648919
 -0.20648919 -0.20648919 -0.20648919 -0.20648919 -0.20648919 -0.20648919
 -0.20648919 -0.20648919 -0.20648919 -0.20648919 -0.20648919 -0.20648919
 -0.20648919 -0.20648919 -0.20648919 -0.20648919 -0.20648919 -0.20648919
 -0.20648919 -0.20648919 -0.20648919 -0.20648919  0.17348733 -0.20648919
 -0.20648919 -0.20648919 -0.20648919 -0.20648919 -0.20648919 -0.20648919
 -0.20648919 -0.20648919 -0.20648919 -0.20648919  7.70075609 -0.20648919
 -0.20648919 -0.20648919 -0.20648919 -0.20648919 -0.20648919 -0.20648919
 -0.20648919 -0.20648919 -0.20648919 -0.20648919 -0.20648919 -0.20648919
 -0.20648919 -0.20648919  1.15637885 -0.20648919 -0.20648919 -0.20648919
 -0.20648919 -0.20648919 -0.20648919 -0.20648919 -0.20648919 -0.20648919
 -0.20648919 -0.20648919 -0.20648919 -0.20648919 -0.20648919 -0.20648919
 -0.20648919 -0.20648919 -0.20648919 -0.20648919 -0.20648919 -0.20648919
 -0.20648919 -0.20648919 -0.20648919 -0.20648919 -0.20648919 -0.20648919
 -0.20648919 -0.20648919 -0.20648919 -0.20648919 -0.20648919 -0.20648919
 -0.20648919  3.05623394 -0.20648919 -0.20648919  1.56374423 -0.20648919
 -0.20648919 -0.20648919 -0.20648919 -0.20648919  2.50624697 -0.20648919
 -0.20648919 -0.20648919  5.96704052 -0.20648919  3.70245604 -0.20648919
 -0.20648919 -0.20648919 -0.20648919 -0.20648919 -0.20648919 -0.20648919
 -0.20648919 -0.20648919 -0.20648919 -0.20648919 -0.20648919 -0.20648919
 -0.20648919 -0.20648919 -0.20648919 -0.20648919 -0.20648919 -0.20648919
 -0.20648919 -0.20648919 -0.20648919 -0.20648919 -0.20648919 -0.20648919
 -0.20648919 -0.20648919 -0.20648919 -0.20648919 -0.20648919 -0.20648919
 -0.20648919 -0.20648919 -0.20648919 -0.20648919 -0.20648919 -0.20648919
 -0.20648919 -0.20648919 -0.20648919 -0.20648919 -0.20648919 -0.20648919
 -0.20648919 -0.20648919 -0.20648919 -0.20648919 -0.20648919 -0.20648919
 -0.20648919 -0.20648919 -0.20648919 -0.20648919 -0.20648919 -0.20648919
  5.67729644 -0.20648919 -0.20648919 -0.20648919 -0.20648919  3.39303339
 -0.20648919 -0.20648919 -0.20648919 -0.20648919 -0.20648919 -0.20648919
 -0.20648919 -0.20648919 -0.20648919 -0.20648919 -0.20648919]",[0.021937450312963985]
5,"[-0.23215897 -0.23215897 -0.23215897 -0.23215897 -0.23215897 -0.23215897
 -0.23215897 -0.23215897 -0.23215897 -0.23215897 -0.23215897 -0.23215897
 -0.23215897 -0.23215897 -0.23215897 -0.23215897  1.65766138 -0.23215897
 -0.23215897 -0.23215897 -0.23215897 -0.23215897 -0.23215897 -0.23215897
 -0.23215897 -0.23215897 -0.23215897 -0.23215897 -0.23215897 -0.23215897
 -0.23215897 -0.23215897 -0.23215897 -0.23215897 -0.23215897 -0.23215897
 -0.23215897 -0.23215897 -0.23215897 -0.23215897  1.21635762 -0.23215897
 -0.23215897 -0.23215897 -0.23215897 -0.23215897 -0.23215897 -0.23215897
 -0.23215897 -0.23215897 -0.23215897 -0.23215897 -0.23215897 -0.23215897
 -0.23215897 -0.23215897  5.19317146 -0.23215897 -0.23215897 -0.23215897
 -0.23215897 -0.23215897 -0.23215897 -0.23215897 -0.23215897 -0.23215897
 -0.23215897 -0.23215897 -0.23215897 -0.23215897 -0.23215897 -0.23215897
 -0.23215897 -0.23215897 -0.23215897 -0.23215897 -0.23215897 -0.23215897
 -0.23215897 -0.23215897 -0.23215897 -0.23215897 -0.23215897 -0.23215897
 -0.23215897 -0.23215897 -0.23215897 -0.23215897  2.98502109 -0.23215897
 -0.23215897  1.70653512 -0.23215897 -0.23215897  6.75815146 -0.23215897
 -0.23215897 -0.23215897 -0.23215897 -0.23215897  0.85564543 -0.23215897
  2.94717578 -0.09331015  0.13408062 -0.23215897  3.81286912 -0.23215897
 -0.23215897 -0.23215897 -0.23215897 -0.23215897 -0.23215897 -0.23215897
 -0.23215897 -0.23215897 -0.23215897 -0.23215897 -0.23215897 -0.23215897
 -0.23215897 -0.23215897 -0.23215897 -0.23215897 -0.23215897 -0.23215897
 -0.23215897 -0.23215897 -0.23215897 -0.23215897 -0.23215897 -0.23215897
 -0.23215897 -0.23215897 -0.23215897 -0.23215897 -0.23215897 -0.23215897
 -0.23215897 -0.23215897 -0.23215897 -0.23215897  0.78049682 -0.23215897
 -0.23215897 -0.23215897 -0.23215897 -0.23215897 -0.23215897 -0.23215897
 -0.23215897 -0.23215897 -0.23215897 -0.23215897 -0.23215897 -0.23215897
 -0.23215897 -0.23215897 -0.23215897 -0.23215897 -0.23215897 -0.23215897
  6.44851122 -0.23215897 -0.23215897 -0.23215897 -0.23215897  3.9038625
 -0.23215897 -0.23215897 -0.23215897 -0.23215897 -0.23215897 -0.23215897
 -0.23215897 -0.23215897 -0.23215897 -0.23215897 -0.23215897]",[-0.017112900018551036]
5,"[-0.28042348 -0.28042348 -0.28042348 -0.28042348 -0.28042348 -0.28042348
 -0.28042348 -0.28042348 -0.28042348 -0.28042348 -0.28042348 -0.28042348
 -0.28042348 -0.28042348 -0.28042348 -0.28042348 -0.28042348 -0.28042348
 -0.28042348 -0.28042348 -0.28042348 -0.28042348 -0.28042348 -0.28042348
 -0.28042348 -0.28042348 -0.28042348 -0.28042348  0.14381458 -0.28042348
 -0.28042348 -0.28042348 -0.28042348 -0.28042348 -0.28042348 -0.28042348
 -0.28042348 -0.28042348 -0.28042348 -0.28042348  5.86733312  1.01599172
 -0.28042348 -0.28042348 -0.28042348 -0.28042348 -0.28042348 -0.28042348
 -0.28042348 -0.28042348 -0.28042348 -0.28042348 -0.28042348 -0.28042348
 -0.28042348  0.40014698 -0.28042348 -0.28042348 -0.28042348 -0.28042348
 -0.28042348 -0.28042348 -0.28042348 -0.28042348 -0.28042348 -0.28042348
 -0.28042348 -0.28042348 -0.28042348 -0.28042348 -0.28042348 -0.28042348
 -0.28042348 -0.28042348 -0.28042348 -0.28042348 -0.28042348 -0.28042348
 -0.28042348 -0.28042348 -0.28042348 -0.28042348 -0.28042348 -0.28042348
 -0.28042348 -0.28042348 -0.28042348 -0.28042348  0.77917483  2.43583638
 -0.28042348  1.74506278 -0.28042348 -0.28042348  3.97028358 -0.28042348
 -0.28042348 -0.28042348 -0.28042348 -0.28042348  2.43047477 -0.28042348
  3.78519773  0.89821957  3.72239176 -0.28042348  3.83277086 -0.28042348
 -0.28042348 -0.28042348 -0.28042348 -0.28042348 -0.28042348 -0.28042348
 -0.28042348 -0.28042348 -0.28042348 -0.28042348 -0.28042348 -0.28042348
 -0.28042348 -0.28042348 -0.28042348 -0.28042348 -0.28042348 -0.28042348
 -0.28042348 -0.28042348 -0.28042348 -0.28042348 -0.28042348 -0.28042348
 -0.28042348 -0.28042348 -0.28042348 -0.28042348 -0.28042348 -0.28042348
 -0.28042348  1.01889513 -0.28042348 -0.28042348  1.73040209 -0.28042348
 -0.28042348 -0.28042348 -0.28042348 -0.28042348 -0.28042348 -0.28042348
 -0.28042348  0.2029939  -0.28042348 -0.28042348 -0.28042348 -0.28042348
 -0.28042348 -0.28042348 -0.28042348 -0.28042348 -0.28042348 -0.28042348
  5.54211347 -0.28042348 -0.28042348 -0.28042348 -0.28042348  4.51187262
 -0.28042348  0.83478121 -0.28042348 -0.28042348 -0.28042348 -0.28042348
 -0.28042348 -0.28042348 -0.28042348 -0.28042348 -0.28042348]",[-0.012041086960594805]
5,"[-0.30733962 -0.30733962 -0.30733962 -0.22908614 -0.30733962 -0.30733962
 -0.30733962 -0.30733962 -0.30733962 -0.30733962 -0.30733962 -0.30733962
 -0.30733962 -0.30733962 -0.30733962 -0.30733962  1.2744547  -0.30733962
 -0.30733962 -0.30733962 -0.30733962 -0.30733962 -0.30733962 -0.30733962
 -0.30733962 -0.30733962 -0.30733962 -0.30733962 -0.30733962 -0.30733962
 -0.30733962 -0.30733962 -0.30733962 -0.30733962 -0.30733962 -0.30733962
 -0.30733962 -0.30733962 -0.30733962 -0.30733962  6.00236461  0.44814178
 -0.30733962 -0.30733962 -0.30733962 -0.30733962 -0.30733962 -0.30733962
 -0.30733962 -0.30733962 -0.30733962 -0.30733962 -0.30733962  5.52249507
  3.29191272  1.07299642 -0.30733962 -0.30733962 -0.30733962 -0.30733962
 -0.30733962 -0.30733962 -0.30733962 -0.30733962 -0.30733962 -0.30733962
 -0.30733962 -0.30733962 -0.30733962 -0.30733962 -0.30733962 -0.30733962
 -0.30733962 -0.30733962 -0.30733962 -0.30733962 -0.30733962  1.10202485
 -0.30733962 -0.30733962 -0.30733962 -0.30733962 -0.30733962 -0.30733962
 -0.30733962 -0.30733962 -0.30733962 -0.30733962  2.20962051  2.80547176
 -0.30733962 -0.30733962 -0.30733962 -0.30733962 -0.0620996   0.21398765
 -0.30733962 -0.30733962  3.25570883 -0.30733962  1.7556601  -0.30733962
  0.79807654 -0.08552351 -0.30733962  2.85350571  3.7510244   2.12286234
 -0.30733962 -0.30733962 -0.30733962 -0.30733962 -0.30733962 -0.30733962
 -0.30733962 -0.30733962 -0.30733962 -0.30733962 -0.30733962 -0.30733962
 -0.30733962 -0.30733962 -0.30733962 -0.30733962 -0.30733962 -0.30733962
 -0.30733962 -0.30733962 -0.30733962 -0.30733962 -0.30733962 -0.30733962
 -0.30733962 -0.30733962 -0.30733962 -0.30733962 -0.30733962 -0.30733962
 -0.30733962 -0.30733962 -0.30733962 -0.30733962 -0.30733962 -0.30733962
 -0.30733962 -0.30733962 -0.30733962 -0.30733962  3.54092879 -0.30733962
 -0.30733962  1.18318764 -0.30733962 -0.30733962 -0.30733962 -0.30733962
 -0.30733962 -0.30733962 -0.30733962 -0.30733962 -0.30733962 -0.30733962
  3.50170231 -0.30733962 -0.30733962 -0.30733962 -0.30733962  1.61556276
 -0.30733962 -0.30733962 -0.30733962 -0.30733962 -0.30733962 -0.30733962
 -0.30733962 -0.30733962 -0.30733962 -0.30733962 -0.30733962]",[0.03037054964139746]
5,"[-0.27242614 -0.27242614 -0.27242614 -0.27242614 -0.27242614 -0.27242614
 -0.27242614 -0.27242614 -0.27242614 -0.27242614 -0.27242614 -0.27242614
 -0.27242614 -0.27242614 -0.27242614 -0.27242614  1.12795864 -0.27242614
 -0.27242614 -0.27242614 -0.27242614 -0.27242614 -0.27242614 -0.27242614
 -0.27242614 -0.27242614 -0.27242614 -0.27242614 -0.27242614 -0.27242614
 -0.27242614 -0.27242614 -0.27242614 -0.27242614 -0.27242614 -0.27242614
 -0.27242614 -0.27242614 -0.27242614 -0.27242614  4.64956882  0.58804733
 -0.27242614 -0.27242614 -0.27242614 -0.27242614 -0.27242614 -0.27242614
 -0.27242614 -0.27242614 -0.27242614 -0.27242614 -0.27242614  5.53351059
 -0.09140326 -0.05758013  0.27499719 -0.27242614 -0.27242614 -0.27242614
 -0.27242614 -0.27242614 -0.27242614 -0.27242614 -0.27242614 -0.27242614
 -0.27242614 -0.27242614 -0.27242614 -0.27242614 -0.27242614 -0.27242614
  0.12262257 -0.27242614 -0.27242614 -0.27242614 -0.27242614 -0.27242614
 -0.27242614 -0.27242614 -0.27242614 -0.27242614 -0.27242614 -0.27242614
 -0.27242614 -0.27242614 -0.27242614 -0.27242614  3.81214818 -0.27242614
 -0.27242614  1.6841379  -0.27242614 -0.12268284  3.69048716 -0.27242614
 -0.27242614 -0.27242614 -0.27242614 -0.27242614  3.03722321 -0.27242614
  2.87119101  1.1145394   0.76496118  5.23808544  2.83466223 -0.27242614
 -0.27242614 -0.27242614 -0.27242614 -0.27242614 -0.27242614 -0.27242614
 -0.27242614 -0.27242614 -0.27242614 -0.27242614 -0.27242614 -0.27242614
 -0.27242614 -0.27242614 -0.27242614 -0.27242614 -0.27242614 -0.27242614
 -0.27242614 -0.27242614 -0.27242614 -0.27242614 -0.27242614 -0.27242614
 -0.27242614 -0.27242614 -0.27242614 -0.27242614 -0.27242614 -0.27242614
 -0.27242614 -0.27242614 -0.27242614 -0.27242614 -0.27242614 -0.27242614
 -0.27242614 -0.27242614 -0.27242614 -0.27242614 -0.27242614 -0.27242614
 -0.27242614 -0.27242614 -0.27242614 -0.27242614 -0.27242614 -0.27242614
 -0.27242614 -0.27242614 -0.27242614 -0.27242614 -0.27242614 -0.27242614
  5.11907731 -0.27242614 -0.27242614 -0.27242614 -0.27242614  1.124205
 -0.27242614 -0.27242614 -0.27242614 -0.27242614 -0.27242614 -0.27242614
 -0.27242614 -0.27242614 -0.27242614 -0.27242614 -0.27242614]",[-0.03458330961739453]
5,"[-0.23899746 -0.23899746 -0.23899746 -0.23899746 -0.23899746 -0.23899746
 -0.23899746 -0.23899746 -0.23899746 -0.23899746 -0.23899746 -0.23899746
 -0.23899746 -0.23899746 -0.23899746 -0.23899746 -0.23899746 -0.23899746
 -0.23899746 -0.23899746 -0.23899746 -0.23899746 -0.23899746 -0.23899746
 -0.23899746 -0.23899746 -0.23899746 -0.23899746 -0.23899746 -0.23899746
 -0.23899746 -0.23899746 -0.23899746 -0.23899746 -0.23899746 -0.23899746
 -0.23899746 -0.23899746 -0.23899746 -0.23899746 -0.23899746 -0.23899746
 -0.23899746 -0.23899746 -0.23899746 -0.23899746 -0.23899746 -0.23899746
 -0.23899746 -0.23899746 -0.23899746 -0.23899746 -0.23899746  5.61591416
  3.59805102 -0.23899746 -0.23899746 -0.23899746 -0.23899746 -0.23899746
 -0.23899746 -0.23899746 -0.23899746  1.07543588 -0.23899746 -0.23899746
 -0.23899746 -0.23899746 -0.23899746 -0.23899746 -0.23899746 -0.23899746
 -0.23899746 -0.23899746 -0.23899746 -0.23899746 -0.23899746  1.53678413
 -0.23899746 -0.23899746 -0.23899746 -0.23899746 -0.23899746  1.91049023
 -0.23899746 -0.23899746 -0.23899746 -0.23899746  1.41004489 -0.23899746
 -0.23899746  2.34678249 -0.23899746 -0.23899746  4.32613133 -0.23899746
 -0.23899746 -0.23899746 -0.23899746 -0.23899746 -0.23899746 -0.23899746
 -0.23899746 -0.23899746 -0.23899746  3.91827523 -0.23899746 -0.23899746
 -0.23899746 -0.23899746 -0.23899746 -0.23899746 -0.23899746 -0.23899746
 -0.23899746 -0.23899746 -0.23899746 -0.23899746 -0.23899746 -0.23899746
 -0.23899746 -0.23899746 -0.23899746 -0.23899746 -0.23899746 -0.23899746
 -0.23899746 -0.23899746 -0.23899746 -0.23899746 -0.23899746 -0.23899746
 -0.23899746 -0.23899746 -0.23899746 -0.23899746 -0.23899746 -0.23899746
 -0.23899746 -0.23899746 -0.23899746 -0.23899746 -0.23899746 -0.23899746
 -0.23899746 -0.23899746 -0.23899746 -0.23899746  1.36714647 -0.23899746
 -0.23899746 -0.23899746 -0.23899746 -0.23899746 -0.23899746 -0.23899746
 -0.23899746 -0.23899746 -0.23899746 -0.23899746 -0.23899746 -0.23899746
  6.37458779 -0.23899746 -0.23899746 -0.23899746 -0.23899746  5.80017203
  0.39376316 -0.23899746 -0.23899746 -0.23899746 -0.23899746 -0.23899746
 -0.23899746 -0.23899746 -0.23899746 -0.23899746 -0.23899746]",[0.009005551372590376]
5,"[-0.28833509 -0.28833509 -0.28833509 -0.28833509 -0.28833509 -0.28833509
 -0.28833509 -0.28833509 -0.28833509 -0.28833509 -0.28833509 -0.28833509
 -0.28833509 -0.28833509 -0.28833509 -0.28833509  1.85289696 -0.28833509
 -0.28833509 -0.28833509 -0.28833509 -0.28833509 -0.28833509 -0.28833509
 -0.28833509 -0.28833509 -0.28833509 -0.28833509  0.78643028 -0.28833509
 -0.28833509 -0.28833509 -0.28833509 -0.28833509 -0.28833509 -0.28833509
 -0.28833509 -0.28833509 -0.28833509 -0.28833509  0.98059258  0.33793774
 -0.28833509 -0.28833509 -0.28833509 -0.28833509 -0.28833509 -0.28833509
 -0.28833509 -0.28833509 -0.28833509 -0.28833509 -0.28833509  0.5075451
 -0.28833509 -0.28833509 -0.28833509 -0.28833509 -0.28833509 -0.28833509
 -0.28833509 -0.28833509 -0.28833509 -0.28833509 -0.28833509 -0.28833509
 -0.28833509 -0.28833509 -0.28833509 -0.28833509 -0.28833509 -0.28833509
 -0.28833509 -0.28833509 -0.28833509 -0.28833509 -0.28833509  2.02984154
 -0.28833509 -0.28833509 -0.28833509 -0.28833509 -0.28833509 -0.28833509
 -0.28833509 -0.28833509 -0.28833509 -0.28833509  4.36096111 -0.28833509
 -0.28833509  3.41586495 -0.28833509 -0.22360762  4.1432409  -0.28833509
 -0.28833509 -0.28833509 -0.28833509 -0.28833509  4.91319915 -0.28833509
  4.71579415 -0.02742126  2.37871049 -0.28833509  2.78851198 -0.28833509
 -0.28833509 -0.28833509 -0.28833509 -0.28833509 -0.28833509 -0.28833509
 -0.28833509 -0.28833509 -0.28833509 -0.28833509 -0.28833509 -0.28833509
 -0.28833509 -0.28833509 -0.28833509 -0.28833509 -0.28833509 -0.28833509
 -0.28833509 -0.28833509 -0.28833509 -0.28833509 -0.28833509 -0.28833509
 -0.28833509 -0.28833509 -0.28833509 -0.28833509 -0.28833509 -0.28833509
 -0.28833509 -0.28833509 -0.28833509 -0.28833509  1.0227706  -0.28833509
 -0.28833509 -0.28833509 -0.28833509 -0.28833509 -0.28833509 -0.28833509
 -0.28833509  0.89904979 -0.28833509 -0.28833509 -0.28833509 -0.28833509
 -0.28833509 -0.28833509 -0.28833509 -0.28833509 -0.28833509 -0.28833509
  5.19267733 -0.28833509 -0.28833509 -0.28833509 -0.28833509  4.36659096
  0.81846668  0.29689094 -0.28833509 -0.28833509 -0.28833509 -0.28833509
 -0.28833509 -0.28833509 -0.28833509 -0.28833509 -0.28833509]",[0.004324121478423371]
5,"[-0.29962897 -0.29962897 -0.29962897 -0.29962897 -0.29962897 -0.29962897
 -0.29962897 -0.29962897 -0.29962897 -0.29962897 -0.29962897 -0.29962897
 -0.29962897 -0.29962897 -0.29962897 -0.29962897 -0.29962897 -0.29962897
 -0.29962897 -0.29962897 -0.29962897 -0.29962897 -0.29962897 -0.29962897
 -0.29962897 -0.29962897 -0.29962897 -0.29962897 -0.29962897 -0.29962897
 -0.29962897 -0.29962897 -0.29962897 -0.29962897 -0.29962897 -0.29962897
 -0.29962897 -0.29962897 -0.29962897 -0.29962897  5.89607449  3.7636256
 -0.29962897 -0.29962897 -0.29962897 -0.29962897 -0.29962897 -0.29962897
 -0.29962897 -0.29962897 -0.00769796 -0.29962897 -0.29962897  5.00600551
  1.51118067 -0.29962897  1.24153316 -0.29962897 -0.29962897 -0.29962897
 -0.29962897 -0.29962897 -0.29962897 -0.29962897 -0.29962897 -0.29962897
 -0.29962897 -0.29962897 -0.29962897 -0.29962897 -0.29962897 -0.29962897
 -0.29962897 -0.29962897 -0.29962897 -0.29962897 -0.29962897 -0.29962897
 -0.29962897 -0.29962897 -0.29962897 -0.29962897 -0.29962897 -0.29962897
 -0.29962897 -0.29962897 -0.29962897 -0.29962897  0.89217318 -0.29962897
 -0.29962897  1.4577208  -0.29962897 -0.29962897  1.28619814 -0.29962897
 -0.29962897 -0.29962897 -0.29962897 -0.29962897  2.36920732  1.5922231
  2.88162714  1.63666403  0.92484715 -0.29962897  3.1875106  -0.29962897
 -0.29962897 -0.29962897 -0.29962897 -0.29962897 -0.29962897 -0.29962897
 -0.29962897 -0.29962897 -0.29962897 -0.29962897 -0.29962897 -0.29962897
 -0.29962897 -0.29962897 -0.29962897 -0.29962897 -0.29962897 -0.29962897
 -0.29962897 -0.29962897 -0.29962897 -0.29962897 -0.29962897 -0.29962897
 -0.29962897 -0.29962897 -0.29962897 -0.29962897 -0.29962897 -0.29962897
 -0.29962897  4.20307325 -0.29962897 -0.29962897 -0.29962897 -0.29962897
 -0.29962897 -0.29962897 -0.29962897 -0.29962897 -0.29962897 -0.29962897
 -0.29962897 -0.29962897 -0.29962897 -0.29962897 -0.29962897 -0.29962897
 -0.29962897 -0.29962897 -0.29962897 -0.29962897 -0.29962897 -0.29962897
  3.29496056 -0.29962897 -0.29962897 -0.29962897 -0.29962897  2.93686403
 -0.29962897 -0.29962897 -0.29962897 -0.29962897 -0.29962897 -0.29962897
 -0.29962897 -0.29962897 -0.29962897 -0.29962897  3.86684446]",[0.006189728937053385]
5,"[-0.30576828 -0.30576828 -0.30576828 -0.30576828 -0.30576828 -0.30576828
 -0.30576828 -0.30576828 -0.30576828 -0.30576828 -0.30576828 -0.30576828
 -0.30576828 -0.30576828 -0.30576828 -0.30576828 -0.30576828 -0.30576828
 -0.30576828 -0.30576828 -0.30576828 -0.30576828 -0.30576828 -0.30576828
 -0.30576828 -0.30576828 -0.30576828 -0.30576828 -0.30576828 -0.30576828
 -0.30576828 -0.30576828 -0.30576828 -0.30576828 -0.30576828 -0.30576828
 -0.30576828 -0.30576828 -0.30576828 -0.30576828  6.07823718  3.22796192
 -0.30576828 -0.30576828 -0.30576828 -0.30576828 -0.30576828 -0.30576828
 -0.30576828 -0.30576828 -0.30576828 -0.30576828 -0.30576828  4.41812262
  3.73971181 -0.30576828  2.98965064 -0.30576828 -0.30576828 -0.30576828
 -0.30576828 -0.30576828 -0.30576828 -0.30576828 -0.30576828 -0.30576828
 -0.30576828 -0.30576828 -0.30576828 -0.30576828 -0.30576828 -0.30576828
 -0.30576828 -0.30576828 -0.30576828 -0.30576828 -0.30576828 -0.30576828
 -0.30576828 -0.30576828 -0.30576828 -0.30576828 -0.30576828 -0.30576828
 -0.30576828 -0.30576828 -0.30576828 -0.30576828 -0.30576828  0.31260341
 -0.30576828  0.69707907 -0.30576828 -0.30576828  1.36221091 -0.30576828
 -0.30576828 -0.30576828  1.92480371 -0.30576828  2.77594651 -0.30576828
  1.56224618  0.73865587  2.64709955 -0.30576828  1.66891396 -0.30576828
 -0.30576828 -0.30576828 -0.30576828 -0.30576828 -0.30576828 -0.30576828
 -0.30576828 -0.30576828 -0.30576828 -0.30576828 -0.30576828 -0.30576828
 -0.30576828 -0.30576828 -0.30576828 -0.30576828 -0.30576828 -0.30576828
 -0.30576828 -0.30576828 -0.30576828 -0.30576828 -0.30576828 -0.30576828
 -0.30576828 -0.30576828 -0.30576828 -0.30576828 -0.30576828 -0.30576828
 -0.30576828  3.73259188 -0.30576828 -0.30576828 -0.30576828 -0.30576828
 -0.30576828 -0.30576828 -0.30576828 -0.30576828  2.06727729 -0.30576828
 -0.30576828 -0.30576828 -0.30576828 -0.30576828 -0.30576828 -0.30576828
 -0.30576828 -0.30576828 -0.30576828 -0.30576828 -0.30576828 -0.30576828
  3.38561268 -0.30576828 -0.30576828 -0.30576828 -0.30576828  1.72739839
 -0.30576828 -0.30576828 -0.30576828 -0.30576828 -0.30576828 -0.30576828
 -0.30576828 -0.30576828 -0.30576828 -0.30576828  3.8668016 ]",[0.011295261843259186]
5,"[-0.2254569  -0.2254569  -0.2254569  -0.2254569  -0.2254569  -0.2254569
 -0.2254569  -0.2254569  -0.2254569  -0.2254569  -0.2254569  -0.2254569
 -0.2254569  -0.2254569  -0.2254569  -0.2254569  -0.2254569  -0.2254569
 -0.2254569  -0.2254569  -0.2254569  -0.2254569  -0.2254569  -0.2254569
 -0.2254569  -0.2254569  -0.2254569  -0.2254569   0.18484403 -0.2254569
 -0.2254569  -0.2254569  -0.2254569  -0.2254569  -0.2254569  -0.2254569
 -0.2254569  -0.2254569  -0.2254569  -0.2254569   8.00233262 -0.2254569
 -0.2254569  -0.2254569  -0.2254569  -0.2254569  -0.2254569  -0.2254569
 -0.2254569  -0.2254569  -0.2254569  -0.2254569  -0.2254569   6.38223035
 -0.2254569  -0.2254569  -0.2254569  -0.2254569  -0.2254569  -0.2254569
 -0.2254569  -0.2254569  -0.2254569  -0.2254569  -0.2254569  -0.2254569
 -0.2254569  -0.2254569  -0.2254569  -0.2254569  -0.2254569  -0.2254569
 -0.2254569  -0.2254569  -0.2254569  -0.2254569  -0.2254569  -0.2254569
 -0.2254569  -0.2254569  -0.2254569  -0.2254569  -0.2254569  -0.2254569
 -0.2254569  -0.2254569  -0.2254569  -0.2254569  -0.2254569  -0.2254569
 -0.2254569   0.80948408 -0.2254569  -0.2254569   2.64568837 -0.2254569
 -0.2254569  -0.2254569  -0.2254569  -0.2254569   2.68547631 -0.2254569
  2.25089401  1.79120117  3.33626493 -0.2254569   3.80108292 -0.2254569
 -0.2254569  -0.2254569  -0.2254569  -0.2254569  -0.2254569  -0.2254569
 -0.2254569  -0.2254569  -0.2254569  -0.2254569  -0.2254569  -0.2254569
 -0.2254569  -0.2254569  -0.2254569  -0.2254569  -0.2254569  -0.2254569
 -0.2254569  -0.2254569  -0.2254569  -0.2254569  -0.2254569  -0.2254569
 -0.2254569  -0.2254569  -0.2254569  -0.2254569  -0.2254569  -0.2254569
 -0.2254569  -0.2254569  -0.2254569  -0.2254569  -0.2254569  -0.2254569
 -0.2254569  -0.2254569  -0.2254569  -0.2254569  -0.2254569  -0.2254569
 -0.2254569  -0.2254569  -0.2254569  -0.2254569  -0.2254569  -0.2254569
 -0.2254569  -0.2254569  -0.2254569  -0.2254569  -0.2254569  -0.2254569
  3.32088536 -0.2254569  -0.2254569  -0.2254569  -0.2254569  -0.2254569
 -0.2254569  -0.2254569  -0.2254569  -0.2254569  -0.2254569  -0.2254569
 -0.2254569  -0.2254569  -0.2254569  -0.2254569   2.44091799]",[-0.019449340289883932]
5,"[-0.24213335 -0.24213335 -0.24213335 -0.24213335 -0.24213335 -0.24213335
 -0.24213335 -0.24213335 -0.24213335 -0.24213335 -0.24213335 -0.24213335
 -0.24213335 -0.24213335 -0.24213335 -0.24213335  1.75305963 -0.24213335
 -0.24213335 -0.24213335 -0.24213335 -0.24213335 -0.24213335 -0.24213335
 -0.24213335 -0.24213335 -0.24213335 -0.24213335 -0.24213335 -0.24213335
 -0.24213335 -0.24213335 -0.24213335 -0.24213335 -0.24213335 -0.24213335
 -0.24213335 -0.24213335 -0.24213335 -0.24213335  8.1027837   0.37435442
 -0.24213335 -0.24213335 -0.24213335 -0.24213335 -0.24213335 -0.24213335
 -0.24213335 -0.24213335 -0.24213335 -0.24213335 -0.24213335  5.71440095
  3.56202566 -0.24213335 -0.24213335 -0.24213335 -0.24213335 -0.24213335
 -0.24213335 -0.24213335 -0.24213335 -0.24213335 -0.24213335 -0.24213335
 -0.24213335 -0.24213335 -0.24213335 -0.24213335 -0.24213335 -0.24213335
 -0.24213335 -0.24213335 -0.24213335 -0.24213335 -0.24213335 -0.24213335
 -0.24213335 -0.24213335 -0.24213335 -0.24213335 -0.24213335 -0.24213335
 -0.24213335 -0.24213335 -0.24213335 -0.24213335 -0.24213335  1.84288189
 -0.24213335  1.30763976 -0.24213335 -0.24213335  2.69483656 -0.24213335
 -0.24213335 -0.24213335 -0.24213335 -0.24213335  1.39565691 -0.24213335
 -0.24213335  0.79964478  2.46268647  3.65970994 -0.24213335 -0.24213335
 -0.24213335 -0.24213335 -0.24213335 -0.24213335 -0.24213335 -0.24213335
 -0.24213335 -0.24213335 -0.24213335 -0.24213335 -0.24213335 -0.24213335
 -0.24213335 -0.24213335 -0.24213335 -0.24213335 -0.24213335 -0.24213335
 -0.24213335 -0.24213335 -0.24213335 -0.24213335 -0.24213335 -0.24213335
 -0.24213335 -0.24213335 -0.24213335 -0.24213335 -0.24213335 -0.24213335
 -0.24213335  2.44554433 -0.24213335 -0.24213335 -0.24213335 -0.24213335
 -0.24213335 -0.24213335 -0.24213335 -0.24213335 -0.24213335 -0.24213335
 -0.24213335 -0.24213335 -0.24213335 -0.24213335 -0.24213335 -0.24213335
 -0.24213335 -0.24213335 -0.24213335 -0.24213335 -0.24213335 -0.24213335
  3.83677752 -0.24213335 -0.24213335 -0.24213335 -0.24213335 -0.24213335
 -0.24213335 -0.24213335 -0.24213335 -0.24213335 -0.24213335 -0.24213335
 -0.24213335 -0.24213335 -0.24213335 -0.24213335 -0.24213335]",[-0.016392165390268665]
5,"[-2.51191156e-01 -2.51191156e-01 -2.51191156e-01  3.16444962e-04
 -2.51191156e-01 -2.51191156e-01 -2.51191156e-01 -2.51191156e-01
 -2.51191156e-01 -2.51191156e-01 -2.51191156e-01 -2.51191156e-01
 -2.51191156e-01 -2.51191156e-01 -2.51191156e-01 -2.51191156e-01
 -2.51191156e-01 -2.51191156e-01 -2.51191156e-01 -2.51191156e-01
 -2.51191156e-01 -2.51191156e-01 -2.51191156e-01 -2.51191156e-01
 -2.51191156e-01 -2.51191156e-01 -2.51191156e-01 -2.51191156e-01
 -2.51191156e-01 -2.51191156e-01 -2.51191156e-01 -2.51191156e-01
 -2.51191156e-01 -2.51191156e-01 -2.51191156e-01 -2.51191156e-01
 -2.51191156e-01 -2.51191156e-01 -2.51191156e-01 -2.51191156e-01
  1.41101221e+00  7.50167472e-02 -2.51191156e-01 -2.51191156e-01
 -2.51191156e-01 -2.51191156e-01 -2.51191156e-01 -2.51191156e-01
 -2.51191156e-01 -2.51191156e-01  1.31752113e+00 -2.51191156e-01
 -2.51191156e-01  8.02000819e-01 -2.51191156e-01 -2.51191156e-01
 -2.51191156e-01 -2.51191156e-01 -2.51191156e-01 -2.51191156e-01
 -2.51191156e-01 -2.51191156e-01 -2.51191156e-01 -2.51191156e-01
 -2.51191156e-01 -2.51191156e-01 -2.51191156e-01 -2.51191156e-01
 -2.51191156e-01 -2.51191156e-01 -2.51191156e-01 -2.51191156e-01
 -2.51191156e-01 -2.51191156e-01 -2.51191156e-01 -2.51191156e-01
 -2.51191156e-01 -2.51191156e-01 -2.51191156e-01 -2.51191156e-01
 -2.51191156e-01 -2.51191156e-01 -2.51191156e-01 -2.51191156e-01
 -2.51191156e-01 -2.51191156e-01 -2.51191156e-01 -2.51191156e-01
 -2.51191156e-01  2.13593408e-01 -2.51191156e-01  7.63686950e-01
 -2.51191156e-01  8.17837353e-01  3.14340757e+00 -2.51191156e-01
 -2.51191156e-01 -2.51191156e-01 -2.51191156e-01 -2.51191156e-01
  3.84012680e+00 -2.51191156e-01  4.52815393e+00  1.82050894e+00
  4.72684333e+00 -2.51191156e-01  1.83175455e+00 -2.51191156e-01
 -2.51191156e-01 -2.51191156e-01 -2.51191156e-01 -2.51191156e-01
 -2.51191156e-01 -2.51191156e-01 -2.51191156e-01 -2.51191156e-01
 -2.51191156e-01 -2.51191156e-01 -2.51191156e-01 -2.51191156e-01
 -2.51191156e-01 -2.51191156e-01 -2.51191156e-01 -2.51191156e-01
 -2.51191156e-01 -2.51191156e-01 -2.51191156e-01 -2.51191156e-01
 -2.51191156e-01 -2.51191156e-01 -2.51191156e-01 -2.51191156e-01
 -2.51191156e-01 -2.51191156e-01 -2.51191156e-01 -2.51191156e-01
 -2.51191156e-01 -2.51191156e-01 -2.51191156e-01 -2.51191156e-01
 -2.51191156e-01 -2.51191156e-01 -2.51191156e-01 -2.51191156e-01
 -2.51191156e-01 -2.51191156e-01 -2.51191156e-01 -2.51191156e-01
 -2.51191156e-01 -2.51191156e-01 -2.51191156e-01 -2.51191156e-01
 -2.51191156e-01 -2.51191156e-01 -2.51191156e-01 -2.51191156e-01
 -2.51191156e-01 -2.51191156e-01 -2.51191156e-01 -2.51191156e-01
 -2.51191156e-01 -2.51191156e-01  5.30472326e+00 -2.51191156e-01
 -2.51191156e-01 -2.51191156e-01 -2.51191156e-01  2.82886590e+00
 -2.51191156e-01 -2.51191156e-01 -2.51191156e-01 -2.51191156e-01
 -2.51191156e-01 -2.51191156e-01 -2.51191156e-01 -2.51191156e-01
 -2.51191156e-01 -2.51191156e-01  7.26759788e+00]",[-0.022185132640339278]
5,"[-0.22845404 -0.22845404 -0.22845404 -0.22845404 -0.22845404 -0.22845404
 -0.22845404 -0.22845404 -0.22845404 -0.22845404 -0.22845404 -0.22845404
 -0.22845404 -0.22845404 -0.22845404 -0.22845404  0.44672097 -0.22845404
 -0.22845404 -0.22845404 -0.22845404 -0.22845404 -0.22845404 -0.22845404
 -0.22845404 -0.22845404 -0.22845404 -0.22845404 -0.22845404 -0.22845404
 -0.22845404 -0.22845404 -0.22845404 -0.22845404 -0.22845404 -0.22845404
 -0.22845404 -0.22845404 -0.22845404 -0.22845404  6.93426284 -0.22845404
 -0.22845404 -0.22845404 -0.22845404 -0.22845404 -0.22845404 -0.22845404
 -0.22845404 -0.22845404 -0.22845404 -0.22845404 -0.22845404  0.75970868
 -0.22845404 -0.22845404  0.39586228 -0.22845404 -0.22845404 -0.22845404
 -0.22845404 -0.22845404 -0.22845404 -0.22845404 -0.22845404 -0.22845404
 -0.22845404 -0.22845404 -0.22845404 -0.22845404 -0.22845404 -0.22845404
 -0.22845404 -0.22845404 -0.22845404 -0.22845404 -0.22845404 -0.22845404
 -0.22845404 -0.22845404 -0.22845404 -0.22845404 -0.22845404 -0.22845404
 -0.22845404 -0.22845404 -0.22845404 -0.22845404  3.79326469  0.84736962
 -0.22845404 -0.22845404 -0.22845404 -0.22845404  5.33986104 -0.22845404
 -0.22845404 -0.22845404 -0.22845404 -0.22845404  2.42751426 -0.22845404
  4.14487975 -0.22845404 -0.22845404 -0.22845404  3.66755989 -0.22845404
 -0.22845404 -0.22845404 -0.22845404 -0.22845404 -0.22845404 -0.22845404
 -0.22845404 -0.22845404 -0.22845404 -0.22845404  0.65441154 -0.22845404
 -0.22845404 -0.22845404 -0.22845404 -0.22845404 -0.22845404 -0.22845404
 -0.22845404 -0.22845404 -0.22845404 -0.22845404 -0.22845404 -0.22845404
 -0.22845404 -0.22845404 -0.22845404 -0.22845404 -0.22845404 -0.22845404
 -0.22845404 -0.22845404 -0.22845404 -0.22845404 -0.22845404 -0.22845404
 -0.22845404 -0.22845404 -0.22845404 -0.22845404 -0.22845404 -0.22845404
 -0.22845404 -0.22845404 -0.22845404 -0.22845404 -0.22845404 -0.22845404
 -0.22845404 -0.22845404 -0.22845404 -0.22845404 -0.22845404 -0.22845404
  5.75914537 -0.22845404 -0.22845404 -0.22845404 -0.22845404  2.75280957
 -0.22845404 -0.22845404 -0.22845404 -0.22845404 -0.22845404 -0.22845404
 -0.22845404 -0.22845404 -0.22845404 -0.22845404 -0.22845404]",[-0.011804052200184711]
5,"[-0.22612203 -0.22612203 -0.22612203 -0.22612203 -0.22612203 -0.22612203
 -0.22612203 -0.22612203 -0.22612203 -0.22612203 -0.22612203 -0.22612203
 -0.22612203 -0.22612203 -0.22612203 -0.22612203  1.14333862 -0.22612203
 -0.22612203 -0.22612203  0.75498706 -0.22612203 -0.22612203 -0.22612203
 -0.22612203 -0.22612203 -0.22612203 -0.22612203  2.37308101 -0.22612203
 -0.22612203 -0.22612203 -0.22612203 -0.22612203 -0.22612203 -0.22612203
 -0.22612203 -0.22612203 -0.22612203 -0.22612203 -0.22612203 -0.22612203
 -0.22612203 -0.22612203 -0.22612203 -0.22612203 -0.22612203 -0.22612203
 -0.22612203 -0.22612203 -0.22612203 -0.22612203 -0.22612203 -0.22612203
 -0.22612203 -0.22612203 -0.22612203 -0.22612203 -0.22612203  1.90075978
 -0.22612203 -0.22612203 -0.22612203 -0.22612203 -0.22612203 -0.22612203
 -0.22612203 -0.22612203 -0.22612203 -0.22612203 -0.22612203 -0.22612203
 -0.22612203 -0.22612203 -0.22612203 -0.22612203 -0.22612203 -0.22612203
 -0.22612203 -0.22612203 -0.22612203 -0.22612203 -0.22612203 -0.22612203
 -0.22612203 -0.22612203 -0.22612203 -0.22612203 -0.22612203 -0.22612203
 -0.22612203  6.23074064 -0.22612203 -0.22612203  6.35704366 -0.22612203
 -0.22612203 -0.22612203 -0.22612203 -0.22612203 -0.22612203 -0.22612203
  1.73428437 -0.22612203 -0.03656524 -0.22612203 -0.22612203 -0.22612203
 -0.22612203 -0.22612203 -0.22612203 -0.22612203 -0.22612203 -0.22612203
 -0.22612203 -0.22612203 -0.22612203 -0.22612203 -0.22612203 -0.22612203
 -0.22612203 -0.22612203 -0.22612203 -0.22612203 -0.22612203 -0.22612203
 -0.22612203 -0.22612203 -0.22612203 -0.22612203  3.05354032 -0.22612203
 -0.22612203 -0.22612203 -0.22612203 -0.22612203 -0.22612203  1.21990506
 -0.22612203 -0.22612203 -0.22612203 -0.22612203 -0.22612203 -0.22612203
 -0.22612203 -0.22612203 -0.22612203 -0.22612203 -0.22612203 -0.22612203
 -0.22612203 -0.22612203 -0.22612203 -0.22612203 -0.22612203 -0.22612203
 -0.22612203 -0.22612203 -0.22612203 -0.22612203 -0.22612203 -0.22612203
  6.54014635 -0.22612203 -0.22612203 -0.22612203 -0.22612203  4.53544257
 -0.22612203  1.72955277 -0.22612203 -0.22612203 -0.22612203 -0.22612203
 -0.22612203 -0.22612203 -0.22612203 -0.22612203 -0.22612203]",[0.0264383829388479]
5,"[-0.43063534 -0.43063534 -0.43063534 -0.43063534 -0.43063534 -0.43063534
 -0.43063534 -0.43063534 -0.43063534 -0.43063534 -0.43063534 -0.43063534
 -0.43063534 -0.43063534 -0.43063534 -0.43063534  0.58454432 -0.43063534
 -0.43063534 -0.43063534 -0.43063534  1.46239285 -0.43063534  1.76805715
  1.65227356  2.18376539  1.46239285 -0.43063534  2.02295914 -0.43063534
 -0.43063534 -0.43063534  0.57008363  1.06033195 -0.43063534 -0.43063534
 -0.43063534 -0.43063534 -0.43063534 -0.43063534  3.09188499  2.84036051
 -0.43063534 -0.43063534 -0.43063534 -0.43063534 -0.43063534 -0.43063534
 -0.43063534 -0.43063534 -0.43063534 -0.43063534 -0.43063534 -0.43063534
 -0.16340869 -0.43063534 -0.43063534  2.05145717 -0.43063534 -0.43063534
 -0.43063534 -0.43063534 -0.43063534 -0.43063534 -0.43063534  1.63382171
 -0.43063534 -0.43063534 -0.43063534 -0.43063534 -0.43063534 -0.43063534
 -0.43063534 -0.43063534 -0.43063534 -0.43063534 -0.43063534 -0.43063534
 -0.43063534 -0.43063534 -0.43063534 -0.43063534 -0.43063534 -0.43063534
 -0.43063534 -0.43063534 -0.43063534  1.01525557 -0.43063534 -0.43063534
 -0.43063534  1.19946822 -0.43063534 -0.43063534  3.35662348 -0.43063534
 -0.43063534 -0.43063534 -0.43063534 -0.43063534  2.4683942  -0.43063534
  3.09611062  1.05064919  2.60944135 -0.43063534  2.05304878 -0.43063534
 -0.43063534 -0.43063534 -0.43063534 -0.43063534 -0.43063534 -0.43063534
 -0.43063534 -0.43063534 -0.43063534 -0.43063534  0.95160546 -0.43063534
 -0.43063534 -0.43063534 -0.43063534 -0.43063534 -0.43063534 -0.43063534
  1.13981639 -0.43063534 -0.43063534 -0.43063534  2.48349993 -0.43063534
 -0.43063534 -0.43063534 -0.43063534 -0.43063534 -0.43063534  0.28138692
  0.75338457 -0.43063534 -0.43063534 -0.43063534 -0.43063534 -0.43063534
 -0.43063534 -0.43063534 -0.43063534 -0.43063534 -0.43063534 -0.43063534
 -0.43063534 -0.43063534 -0.43063534 -0.43063534 -0.43063534 -0.43063534
 -0.43063534  4.29887678 -0.43063534  2.7783606  -0.43063534 -0.43063534
  4.28977893 -0.43063534 -0.43063534 -0.43063534  2.60067291 -0.43063534
  1.08866403  1.25803828  1.44813118 -0.43063534 -0.43063534 -0.43063534
 -0.43063534 -0.43063534 -0.43063534 -0.43063534 -0.43063534]",[0.11441563885377665]
5,"[-2.72624814e-01 -2.72624814e-01 -2.72624814e-01 -2.72624814e-01
 -2.72624814e-01 -2.72624814e-01 -2.72624814e-01 -2.72624814e-01
 -2.72624814e-01 -2.72624814e-01 -2.72624814e-01 -2.72624814e-01
 -2.72624814e-01 -2.72624814e-01 -2.72624814e-01 -2.72624814e-01
  4.74791311e-01 -2.72624814e-01 -2.72624814e-01 -2.72624814e-01
 -2.72624814e-01 -2.72624814e-01 -2.72624814e-01 -2.72624814e-01
 -2.72624814e-01 -2.72624814e-01 -2.72624814e-01 -2.72624814e-01
 -2.72624814e-01 -2.72624814e-01 -2.72624814e-01 -2.72624814e-01
 -2.72624814e-01 -2.72624814e-01 -2.72624814e-01 -2.72624814e-01
 -2.72624814e-01 -2.72624814e-01 -2.72624814e-01 -2.72624814e-01
  6.89831743e+00 -3.92865002e-03 -2.72624814e-01 -2.72624814e-01
 -2.72624814e-01 -2.72624814e-01 -2.72624814e-01 -2.72624814e-01
 -2.72624814e-01 -2.72624814e-01 -2.72624814e-01 -2.72624814e-01
 -2.72624814e-01 -2.72624814e-01  4.58858865e+00 -2.72624814e-01
 -2.72624814e-01 -2.72624814e-01 -2.72624814e-01 -2.72624814e-01
 -2.72624814e-01 -2.72624814e-01 -2.72624814e-01 -2.72624814e-01
 -2.72624814e-01 -2.72624814e-01 -2.72624814e-01 -2.72624814e-01
 -2.72624814e-01 -2.72624814e-01 -2.72624814e-01 -2.72624814e-01
 -2.72624814e-01 -2.72624814e-01 -2.72624814e-01 -2.72624814e-01
 -2.72624814e-01 -2.72624814e-01 -2.72624814e-01 -2.72624814e-01
 -2.72624814e-01 -2.72624814e-01 -2.72624814e-01 -2.72624814e-01
 -2.72624814e-01 -2.72624814e-01 -2.72624814e-01 -2.72624814e-01
  1.97906369e+00 -2.72624814e-01 -2.72624814e-01  1.57837393e+00
 -2.72624814e-01  1.88602406e-01  3.50836746e+00 -2.72624814e-01
 -2.72624814e-01 -2.72624814e-01 -2.72624814e-01 -2.72624814e-01
  3.45337150e+00 -2.72624814e-01  3.67814716e+00  1.14182579e+00
  2.69498147e+00 -2.72624814e-01  1.47539930e+00 -2.72624814e-01
 -2.72624814e-01 -2.72624814e-01 -2.72624814e-01 -2.72624814e-01
 -2.72624814e-01 -2.72624814e-01 -2.72624814e-01 -2.72624814e-01
 -2.72624814e-01 -2.72624814e-01 -2.72624814e-01 -2.72624814e-01
 -2.72624814e-01  1.72059354e+00 -2.72624814e-01 -2.72624814e-01
 -2.72624814e-01 -2.72624814e-01 -2.72624814e-01 -2.72624814e-01
 -2.72624814e-01 -2.72624814e-01 -2.72624814e-01 -2.72624814e-01
 -2.72624814e-01 -2.72624814e-01 -2.72624814e-01 -2.72624814e-01
 -2.72624814e-01 -2.72624814e-01 -2.72624814e-01 -2.72624814e-01
 -2.72624814e-01 -2.72624814e-01 -2.72624814e-01 -2.72624814e-01
 -2.72624814e-01 -2.72624814e-01 -2.72624814e-01 -2.72624814e-01
 -2.72624814e-01 -2.72624814e-01 -2.72624814e-01 -2.72624814e-01
 -2.72624814e-01 -2.72624814e-01 -2.72624814e-01 -2.72624814e-01
 -2.72624814e-01 -2.72624814e-01 -2.72624814e-01 -2.72624814e-01
 -2.72624814e-01 -2.72624814e-01  5.45908728e+00 -2.72624814e-01
 -2.72624814e-01 -2.72624814e-01 -2.72624814e-01  6.37859839e-01
  1.83353501e+00 -2.72624814e-01  2.58561795e+00 -2.72624814e-01
 -2.72624814e-01 -2.72624814e-01 -2.72624814e-01 -2.72624814e-01
 -2.72624814e-01 -2.72624814e-01 -2.72624814e-01]",[0.017505766079447205]
5,"[-2.43810463e-01 -2.43810463e-01 -2.43810463e-01 -2.43810463e-01
 -2.43810463e-01 -2.43810463e-01 -2.43810463e-01 -2.43810463e-01
 -2.43810463e-01 -2.43810463e-01 -2.43810463e-01 -2.43810463e-01
 -2.43810463e-01 -2.43810463e-01 -2.43810463e-01 -2.43810463e-01
 -2.43810463e-01 -2.43810463e-01 -2.43810463e-01 -2.43810463e-01
 -2.43810463e-01 -2.43810463e-01 -2.43810463e-01 -2.43810463e-01
 -2.43810463e-01 -2.43810463e-01 -2.43810463e-01 -2.43810463e-01
 -2.43810463e-01 -2.43810463e-01 -2.43810463e-01 -2.43810463e-01
 -2.43810463e-01 -2.43810463e-01 -2.43810463e-01 -2.43810463e-01
 -2.43810463e-01 -2.43810463e-01 -2.43810463e-01 -2.43810463e-01
  6.77792152e+00  1.45920801e+00 -2.43810463e-01 -2.43810463e-01
 -2.43810463e-01 -2.43810463e-01 -2.43810463e-01 -2.43810463e-01
 -2.43810463e-01 -2.43810463e-01 -2.43810463e-01 -2.43810463e-01
 -2.43810463e-01 -2.43810463e-01 -2.43810463e-01 -2.43810463e-01
 -2.43810463e-01 -2.43810463e-01 -2.43810463e-01 -2.43810463e-01
 -2.43810463e-01 -2.43810463e-01 -2.43810463e-01 -2.43810463e-01
 -2.43810463e-01 -2.43810463e-01 -2.43810463e-01 -2.43810463e-01
 -2.43810463e-01 -2.43810463e-01 -2.43810463e-01 -2.43810463e-01
  4.44042815e-03 -2.43810463e-01 -2.43810463e-01 -2.43810463e-01
 -2.43810463e-01 -2.43810463e-01 -2.43810463e-01 -2.43810463e-01
 -2.43810463e-01 -2.43810463e-01 -2.43810463e-01  1.95093545e+00
 -2.43810463e-01 -2.43810463e-01 -2.43810463e-01 -2.43810463e-01
  2.38396703e+00 -2.43810463e-01 -2.43810463e-01  1.02174654e+00
 -2.43810463e-01 -2.43810463e-01  4.65641476e+00 -2.43810463e-01
 -2.43810463e-01 -2.43810463e-01 -2.43810463e-01 -2.43810463e-01
  2.75843674e+00 -2.43810463e-01  4.41368000e+00  6.48492226e-02
  3.95311512e+00 -2.43810463e-01  3.67777439e+00 -2.43810463e-01
 -2.43810463e-01 -2.43810463e-01 -2.43810463e-01 -2.43810463e-01
 -2.43810463e-01 -2.43810463e-01 -2.43810463e-01 -2.43810463e-01
 -2.43810463e-01 -2.43810463e-01 -2.43810463e-01 -2.43810463e-01
 -2.43810463e-01 -2.43810463e-01 -2.43810463e-01 -2.43810463e-01
 -2.43810463e-01 -2.43810463e-01 -2.43810463e-01 -2.43810463e-01
 -2.43810463e-01 -2.43810463e-01 -2.43810463e-01 -2.43810463e-01
 -2.43810463e-01 -2.43810463e-01 -2.43810463e-01 -2.43810463e-01
 -2.43810463e-01 -2.43810463e-01 -2.43810463e-01 -2.43810463e-01
 -2.43810463e-01 -2.43810463e-01 -2.43810463e-01 -2.43810463e-01
 -2.43810463e-01 -2.43810463e-01 -2.43810463e-01 -2.43810463e-01
 -2.43810463e-01 -2.43810463e-01 -2.43810463e-01 -2.43810463e-01
 -2.43810463e-01 -2.43810463e-01 -2.43810463e-01 -2.43810463e-01
 -2.43810463e-01 -2.43810463e-01 -2.43810463e-01 -2.43810463e-01
 -2.43810463e-01 -2.43810463e-01  5.47801838e+00 -2.43810463e-01
 -2.43810463e-01 -2.43810463e-01 -2.43810463e-01 -2.43810463e-01
 -2.43810463e-01 -2.43810463e-01  1.62821882e+00 -2.43810463e-01
 -2.43810463e-01 -2.43810463e-01 -2.43810463e-01 -2.43810463e-01
 -2.43810463e-01 -2.43810463e-01 -2.43810463e-01]",[-0.014116220668936558]
6,"[-0.24627745 -0.24627745 -0.24627745 -0.24627745 -0.24627745 -0.24627745
 -0.24627745 -0.24627745 -0.24627745 -0.24627745 -0.24627745 -0.24627745
 -0.24627745 -0.24627745 -0.24627745 -0.24627745  4.88431387 -0.24627745
 -0.24627745 -0.24627745 -0.24627745 -0.24627745 -0.24627745 -0.24627745
 -0.24627745 -0.24627745 -0.24627745 -0.24627745 -0.24627745 -0.24627745
 -0.24627745 -0.24627745 -0.24627745 -0.24627745 -0.24627745 -0.24627745
 -0.24627745 -0.24627745 -0.24627745 -0.24627745  4.91561003 -0.24627745
 -0.24627745 -0.24627745 -0.24627745 -0.24627745 -0.24627745 -0.24627745
 -0.24627745 -0.24627745 -0.24627745 -0.24627745 -0.24627745  0.29086693
 -0.24627745 -0.24627745  0.18605426 -0.24627745 -0.24627745 -0.24627745
 -0.24627745 -0.24627745 -0.24627745 -0.24627745 -0.24627745 -0.24627745
 -0.24627745 -0.24627745 -0.24627745 -0.24627745 -0.24627745 -0.24627745
 -0.24627745 -0.24627745 -0.24627745 -0.24627745 -0.24627745 -0.24627745
 -0.24627745 -0.24627745 -0.24627745 -0.24627745 -0.24627745 -0.24627745
 -0.24627745 -0.24627745 -0.24627745 -0.24627745  2.59340079 -0.24627745
 -0.24627745  4.71834061 -0.24627745 -0.24627745  4.50051562 -0.24627745
 -0.24627745 -0.24627745 -0.24627745 -0.24627745 -0.24627745 -0.24627745
  3.68947291 -0.24627745 -0.02395849 -0.24627745  4.29849667 -0.24627745
 -0.24627745 -0.24627745 -0.24627745 -0.24627745 -0.24627745 -0.24627745
 -0.24627745 -0.24627745 -0.24627745 -0.24627745 -0.24627745 -0.24627745
 -0.24627745 -0.24627745 -0.24627745 -0.24627745 -0.24627745 -0.24627745
 -0.24627745 -0.24627745 -0.24627745 -0.24627745 -0.24627745 -0.24627745
 -0.24627745 -0.24627745 -0.24627745 -0.24627745 -0.24627745 -0.24627745
 -0.24627745  2.89399857 -0.24627745 -0.24627745 -0.24627745 -0.24627745
 -0.24627745 -0.24627745 -0.24627745 -0.24627745 -0.24627745 -0.24627745
 -0.24627745 -0.24627745 -0.24627745 -0.24627745 -0.24627745 -0.24627745
 -0.24627745 -0.24627745 -0.24627745 -0.24627745 -0.24627745 -0.24627745
  5.11100127 -0.24627745 -0.24627745 -0.24627745 -0.24627745  2.21096439
  0.36670203 -0.24627745 -0.24627745 -0.24627745 -0.24627745 -0.24627745
 -0.24627745 -0.24627745 -0.24627745 -0.24627745 -0.24627745]",[0.0018443954444394284]
6,"[-0.19077002 -0.19077002 -0.19077002 -0.19077002 -0.19077002 -0.19077002
 -0.19077002 -0.19077002 -0.19077002 -0.19077002 -0.19077002 -0.19077002
 -0.19077002 -0.19077002 -0.19077002 -0.19077002  1.02004392 -0.19077002
 -0.19077002 -0.19077002  0.54661198 -0.19077002 -0.19077002 -0.19077002
 -0.19077002 -0.19077002 -0.19077002 -0.19077002 -0.19077002 -0.19077002
 -0.19077002 -0.19077002 -0.19077002 -0.19077002 -0.19077002 -0.19077002
 -0.19077002 -0.19077002 -0.19077002 -0.19077002  1.11947044 -0.19077002
 -0.19077002 -0.19077002 -0.19077002 -0.19077002 -0.19077002 -0.19077002
 -0.19077002 -0.19077002 -0.19077002 -0.19077002 -0.19077002 -0.19077002
 -0.19077002 -0.19077002 -0.19077002 -0.19077002 -0.19077002 -0.19077002
 -0.19077002 -0.19077002 -0.19077002 -0.19077002 -0.19077002 -0.19077002
 -0.19077002 -0.19077002 -0.19077002 -0.19077002 -0.19077002 -0.19077002
 -0.19077002 -0.19077002 -0.19077002 -0.19077002 -0.19077002 -0.19077002
 -0.19077002 -0.19077002 -0.19077002 -0.19077002 -0.19077002 -0.19077002
 -0.19077002 -0.19077002 -0.19077002 -0.19077002  1.57741951 -0.19077002
 -0.19077002  3.99935928 -0.19077002 -0.19077002  6.11027254 -0.19077002
 -0.19077002 -0.19077002 -0.19077002 -0.19077002 -0.09630271 -0.19077002
 -0.19077002 -0.19077002  6.85646117 -0.19077002  3.85963009 -0.19077002
 -0.19077002 -0.19077002 -0.19077002 -0.19077002 -0.19077002 -0.19077002
 -0.19077002 -0.19077002 -0.19077002 -0.19077002 -0.19077002 -0.19077002
 -0.19077002 -0.19077002 -0.19077002 -0.19077002 -0.19077002 -0.19077002
 -0.19077002 -0.19077002 -0.19077002 -0.19077002 -0.19077002 -0.19077002
 -0.19077002 -0.19077002 -0.19077002 -0.19077002 -0.19077002 -0.19077002
 -0.19077002 -0.19077002 -0.19077002 -0.19077002 -0.19077002 -0.19077002
 -0.19077002 -0.19077002 -0.19077002 -0.19077002 -0.19077002 -0.19077002
 -0.19077002 -0.19077002 -0.19077002 -0.19077002 -0.19077002 -0.19077002
 -0.19077002 -0.19077002 -0.19077002 -0.19077002 -0.19077002 -0.19077002
  7.2471667  -0.19077002 -0.19077002 -0.19077002 -0.19077002 -0.19077002
 -0.19077002 -0.19077002 -0.19077002 -0.19077002 -0.19077002 -0.19077002
 -0.19077002 -0.19077002 -0.19077002 -0.19077002 -0.19077002]",[-0.020730376889906782]
6,"[-0.24790731 -0.24790731 -0.24790731 -0.24790731 -0.24790731 -0.24790731
 -0.24790731 -0.24790731 -0.24790731 -0.24790731 -0.24790731 -0.24790731
 -0.24790731 -0.24790731 -0.24790731 -0.24790731 -0.24790731 -0.24790731
 -0.24790731 -0.24790731 -0.24790731 -0.24790731 -0.24790731 -0.24790731
 -0.24790731 -0.24790731 -0.24790731 -0.24790731 -0.24790731 -0.24790731
 -0.24790731 -0.24790731 -0.24790731 -0.24790731 -0.24790731 -0.24790731
 -0.24790731 -0.24790731 -0.24790731 -0.24790731  7.32367824  0.54229356
 -0.24790731 -0.24790731 -0.24790731 -0.24790731 -0.24790731 -0.24790731
 -0.24790731 -0.24790731 -0.24790731 -0.24790731 -0.24790731 -0.24790731
 -0.24790731 -0.24790731  0.82224482 -0.24790731 -0.24790731 -0.24790731
 -0.24790731 -0.24790731 -0.24790731 -0.24790731 -0.24790731 -0.24790731
 -0.24790731 -0.24790731 -0.24790731 -0.24790731 -0.24790731 -0.24790731
 -0.24790731 -0.24790731 -0.24790731 -0.24790731 -0.24790731 -0.24790731
 -0.24790731 -0.24790731 -0.24790731 -0.24790731 -0.24790731 -0.24790731
 -0.24790731 -0.24790731 -0.24790731 -0.24790731  1.65300585 -0.24790731
 -0.24790731  2.44923762 -0.24790731 -0.1286463   3.49611767 -0.24790731
 -0.24790731 -0.24790731 -0.24790731 -0.24790731  2.6844447  -0.24790731
  3.62022922  0.95539054  5.10763092 -0.24790731  3.69116825 -0.24790731
 -0.24790731 -0.24790731 -0.24790731 -0.24790731 -0.24790731 -0.24790731
 -0.24790731 -0.24790731 -0.24790731 -0.24790731 -0.24790731 -0.24790731
 -0.24790731 -0.24790731 -0.24790731 -0.24790731 -0.24790731 -0.24790731
 -0.24790731 -0.24790731 -0.24790731 -0.24790731 -0.24790731 -0.24790731
 -0.24790731 -0.24790731 -0.24790731 -0.24790731 -0.24790731 -0.24790731
 -0.24790731 -0.24790731 -0.24790731 -0.24790731 -0.24790731 -0.24790731
 -0.24790731 -0.24790731 -0.24790731 -0.24790731 -0.24790731 -0.24790731
 -0.24790731 -0.24790731 -0.24790731 -0.24790731 -0.24790731 -0.24790731
 -0.24790731 -0.24790731 -0.24790731 -0.24790731 -0.24790731 -0.24790731
  5.21514673 -0.24790731 -0.24790731 -0.24790731 -0.24790731  1.677891
 -0.24790731 -0.24790731 -0.24790731 -0.24790731 -0.24790731 -0.24790731
 -0.24790731 -0.24790731 -0.24790731 -0.24790731  1.54696619]",[0.023569015006833255]
6,"[-0.28759667 -0.28759667 -0.28759667 -0.28759667 -0.28759667 -0.28759667
 -0.28759667 -0.28759667 -0.28759667 -0.28759667 -0.28759667 -0.28759667
 -0.28759667 -0.28759667 -0.28759667 -0.28759667  0.30960915 -0.28759667
 -0.28759667 -0.28759667 -0.28759667 -0.28759667 -0.28759667 -0.28759667
 -0.28759667 -0.28759667 -0.28759667 -0.28759667  0.54344792 -0.28759667
 -0.28759667 -0.28759667 -0.28759667 -0.28759667 -0.28759667 -0.28759667
 -0.28759667 -0.28759667 -0.28759667 -0.28759667  6.34729422  1.50735367
 -0.28759667 -0.28759667 -0.28759667 -0.28759667 -0.28759667 -0.28759667
 -0.28759667 -0.28759667 -0.28759667 -0.28759667 -0.28759667  0.83841578
 -0.28759667 -0.28759667 -0.28759667 -0.28759667 -0.28759667 -0.28759667
 -0.28759667 -0.28759667 -0.28759667 -0.28759667 -0.28759667 -0.28759667
 -0.28759667 -0.28759667 -0.28759667 -0.28759667 -0.28759667 -0.28759667
 -0.28759667 -0.28759667 -0.28759667 -0.28759667 -0.28759667  1.23363086
 -0.28759667 -0.28759667 -0.28759667 -0.28759667 -0.28759667 -0.28759667
 -0.28759667 -0.28759667 -0.28759667  1.55376709 -0.28759667 -0.28759667
 -0.28759667  1.95655379 -0.28759667 -0.18366692  5.20379497 -0.28759667
 -0.28759667 -0.28759667 -0.28759667 -0.28759667  3.18463549 -0.28759667
  3.80801302  3.14211137  1.96018973 -0.28759667  3.60123964  0.97746869
 -0.28759667 -0.28759667 -0.28759667 -0.28759667 -0.28759667 -0.28759667
 -0.28759667 -0.28759667 -0.28759667 -0.28759667 -0.28759667 -0.28759667
 -0.28759667 -0.28759667 -0.28759667 -0.28759667 -0.28759667 -0.28759667
 -0.28759667 -0.28759667 -0.28759667 -0.28759667 -0.28759667 -0.28759667
 -0.28759667 -0.28759667 -0.28759667 -0.28759667 -0.28759667 -0.28759667
 -0.28759667 -0.28759667 -0.28759667 -0.28759667  0.67441045 -0.28759667
 -0.28759667 -0.28759667 -0.28759667 -0.28759667 -0.28759667 -0.28759667
 -0.28759667 -0.28759667 -0.28759667 -0.28759667 -0.28759667 -0.28759667
 -0.28759667 -0.28759667 -0.28759667 -0.28759667 -0.28759667 -0.28759667
  4.13356365 -0.28759667 -0.28759667 -0.28759667 -0.28759667  4.09762162
 -0.28759667 -0.28759667 -0.28759667 -0.28759667 -0.28759667 -0.28759667
 -0.28759667 -0.28759667 -0.28759667 -0.28759667  0.83841578]",[-0.06235452919280188]
6,"[-0.23889928 -0.23889928 -0.23889928 -0.23889928 -0.23889928 -0.23889928
 -0.23889928 -0.23889928 -0.23889928 -0.23889928 -0.23889928 -0.23889928
 -0.23889928 -0.23889928 -0.23889928 -0.23889928  0.59034792 -0.23889928
 -0.23889928 -0.23889928 -0.23889928 -0.23889928 -0.23889928 -0.23889928
 -0.23889928 -0.23889928 -0.23889928 -0.23889928 -0.23889928 -0.23889928
 -0.23889928 -0.23889928 -0.23889928 -0.23889928 -0.23889928 -0.23889928
 -0.23889928 -0.23889928 -0.23889928 -0.23889928  7.37185023 -0.23889928
 -0.23889928 -0.23889928 -0.23889928 -0.23889928 -0.23889928 -0.23889928
 -0.23889928 -0.23889928 -0.23889928 -0.23889928 -0.23889928  0.35066277
 -0.04498746 -0.23889928 -0.23889928 -0.23889928 -0.23889928 -0.23889928
 -0.23889928 -0.23889928 -0.23889928 -0.23889928 -0.23889928 -0.23889928
 -0.23889928 -0.23889928 -0.23889928 -0.23889928 -0.23889928 -0.23889928
 -0.23889928 -0.23889928 -0.23889928 -0.23889928 -0.23889928 -0.23889928
 -0.23889928 -0.23889928 -0.23889928 -0.23889928 -0.23889928  2.00213458
 -0.23889928 -0.23889928 -0.23889928 -0.23889928 -0.23889928 -0.23889928
 -0.23889928  2.57032603 -0.23889928  2.87407991  4.99237958 -0.23889928
 -0.23889928 -0.23889928 -0.23889928 -0.23889928  0.99509874 -0.23889928
  4.55963513 -0.21612019 -0.23889928 -0.23889928  2.23944281 -0.23889928
 -0.23889928 -0.23889928 -0.23889928 -0.23889928 -0.23889928 -0.23889928
 -0.23889928 -0.23889928 -0.23889928 -0.23889928 -0.23889928 -0.23889928
 -0.23889928 -0.23889928 -0.23889928 -0.23889928 -0.23889928 -0.23889928
 -0.23889928 -0.23889928 -0.23889928 -0.23889928 -0.23889928 -0.23889928
 -0.23889928 -0.23889928 -0.23889928 -0.23889928 -0.23889928 -0.23889928
 -0.23889928 -0.23889928 -0.23889928 -0.23889928 -0.23889928 -0.23889928
 -0.23889928 -0.23889928 -0.23889928 -0.23889928 -0.23889928 -0.23889928
 -0.23889928 -0.23889928 -0.23889928 -0.23889928 -0.23889928 -0.23889928
 -0.23889928 -0.23889928 -0.23889928 -0.23889928 -0.23889928 -0.23889928
  5.60039577 -0.23889928 -0.23889928 -0.23889928 -0.23889928  3.07730505
  1.83968934  0.13834169 -0.23889928 -0.23889928 -0.23889928 -0.23889928
 -0.23889928 -0.23889928 -0.23889928 -0.23889928 -0.23889928]",[0.007669919579809031]
6,"[-0.19440011 -0.19440011 -0.19440011 -0.19440011 -0.19440011 -0.19440011
 -0.19440011 -0.19440011 -0.19440011 -0.19440011 -0.19440011 -0.19440011
 -0.19440011 -0.19440011 -0.19440011 -0.19440011 -0.19440011 -0.19440011
 -0.19440011 -0.19440011 -0.19440011 -0.19440011 -0.19440011 -0.19440011
 -0.19440011 -0.19440011 -0.19440011 -0.19440011 -0.19440011 -0.19440011
 -0.19440011 -0.19440011 -0.19440011 -0.19440011 -0.19440011 -0.19440011
 -0.19440011 -0.19440011 -0.19440011 -0.19440011  7.31284452  1.91465172
 -0.19440011 -0.19440011 -0.19440011 -0.19440011 -0.19440011 -0.19440011
 -0.19440011 -0.19440011 -0.19440011 -0.19440011 -0.19440011  6.00750371
 -0.19440011 -0.19440011 -0.19440011 -0.19440011 -0.19440011 -0.19440011
 -0.19440011 -0.19440011 -0.19440011 -0.19440011 -0.19440011 -0.19440011
 -0.19440011 -0.19440011 -0.19440011 -0.19440011 -0.19440011 -0.19440011
 -0.19440011 -0.19440011 -0.19440011 -0.19440011 -0.19440011 -0.19440011
 -0.19440011 -0.19440011 -0.19440011 -0.19440011 -0.19440011 -0.19440011
 -0.19440011 -0.19440011 -0.19440011 -0.19440011  4.90364348 -0.19440011
 -0.19440011  2.65284053 -0.19440011 -0.19440011  0.31405232 -0.19440011
 -0.19440011 -0.19440011 -0.19440011 -0.19440011 -0.14243732 -0.19440011
 -0.19440011 -0.19440011  0.12025927  5.35091838 -0.19440011 -0.19440011
 -0.19440011 -0.19440011 -0.19440011 -0.19440011 -0.19440011 -0.19440011
 -0.19440011 -0.19440011 -0.19440011 -0.19440011 -0.19440011 -0.19440011
 -0.19440011 -0.19440011 -0.19440011 -0.19440011 -0.19440011 -0.19440011
 -0.19440011 -0.19440011 -0.19440011 -0.19440011 -0.19440011 -0.19440011
 -0.19440011 -0.19440011 -0.19440011 -0.19440011 -0.19440011 -0.19440011
 -0.19440011 -0.19440011 -0.19440011 -0.19440011 -0.19440011 -0.19440011
 -0.19440011 -0.19440011 -0.19440011 -0.19440011 -0.19440011 -0.19440011
 -0.19440011 -0.19440011 -0.19440011 -0.19440011 -0.19440011 -0.19440011
 -0.19440011 -0.19440011 -0.19440011 -0.19440011 -0.19440011 -0.19440011
  4.41934123 -0.19440011 -0.19440011 -0.19440011 -0.19440011 -0.19440011
 -0.19440011 -0.19440011 -0.19440011 -0.19440011 -0.19440011 -0.19440011
 -0.19440011 -0.19440011 -0.19440011 -0.19440011 -0.19440011]",[0.0030947424173844718]
6,"[-0.23258776 -0.23258776 -0.23258776 -0.23258776 -0.23258776 -0.23258776
 -0.23258776 -0.23258776 -0.23258776 -0.23258776 -0.23258776 -0.23258776
 -0.23258776 -0.23258776 -0.23258776 -0.23258776 -0.23258776 -0.23258776
 -0.23258776 -0.23258776 -0.23258776 -0.23258776 -0.23258776 -0.23258776
 -0.23258776 -0.23258776 -0.23258776 -0.23258776  1.00882922 -0.23258776
 -0.23258776 -0.23258776 -0.23258776 -0.23258776 -0.23258776 -0.23258776
 -0.23258776 -0.23258776 -0.23258776 -0.23258776  2.93085203 -0.23258776
 -0.23258776 -0.23258776 -0.23258776 -0.23258776 -0.23258776 -0.23258776
 -0.23258776 -0.23258776 -0.23258776 -0.23258776 -0.23258776  6.66840089
 -0.02587142 -0.23258776 -0.23258776 -0.23258776 -0.23258776 -0.23258776
 -0.23258776 -0.23258776 -0.23258776 -0.23258776 -0.23258776 -0.23258776
 -0.23258776 -0.23258776 -0.23258776 -0.23258776 -0.23258776 -0.23258776
 -0.23258776 -0.23258776 -0.23258776 -0.23258776 -0.23258776 -0.23258776
 -0.23258776 -0.23258776 -0.23258776 -0.23258776 -0.23258776 -0.23258776
 -0.23258776 -0.23258776 -0.23258776 -0.23258776  2.68390396 -0.23258776
 -0.23258776  1.39684253 -0.23258776 -0.17177388  5.92868555 -0.23258776
 -0.23258776 -0.23258776 -0.23258776 -0.23258776  2.34266934 -0.23258776
  1.06742084 -0.23258776 -0.23258776 -0.23258776  1.21477673 -0.23258776
 -0.23258776 -0.23258776 -0.23258776 -0.23258776 -0.23258776 -0.23258776
 -0.23258776 -0.23258776 -0.23258776 -0.23258776 -0.23258776 -0.23258776
 -0.23258776 -0.23258776 -0.23258776 -0.23258776 -0.23258776 -0.23258776
 -0.23258776 -0.23258776 -0.23258776 -0.23258776 -0.23258776 -0.23258776
 -0.23258776 -0.23258776 -0.23258776 -0.23258776 -0.23258776 -0.23258776
 -0.23258776  3.54623026 -0.23258776 -0.23258776 -0.23258776 -0.23258776
 -0.23258776 -0.23258776 -0.23258776 -0.23258776 -0.23258776 -0.23258776
 -0.23258776 -0.23258776 -0.23258776 -0.23258776 -0.23258776 -0.23258776
 -0.23258776 -0.23258776 -0.23258776 -0.23258776 -0.23258776 -0.23258776
  6.13856569 -0.23258776 -0.23258776 -0.23258776 -0.23258776  3.64744831
 -0.23258776 -0.23258776 -0.23258776 -0.23258776 -0.23258776 -0.23258776
 -0.23258776 -0.23258776 -0.23258776 -0.23258776 -0.23258776]",[0.007685743488339614]
6,"[-0.21526366 -0.21526366 -0.21526366  0.12701888 -0.21526366 -0.21526366
 -0.21526366 -0.21526366 -0.21526366 -0.21526366 -0.21526366 -0.21526366
 -0.21526366 -0.21526366 -0.21526366 -0.21526366  3.43518938 -0.21526366
 -0.21526366 -0.21526366 -0.21526366 -0.21526366 -0.21526366 -0.21526366
 -0.21526366 -0.21526366 -0.21526366 -0.21526366  3.46676785 -0.21526366
 -0.21526366 -0.21526366 -0.21526366 -0.21526366 -0.21526366 -0.21526366
 -0.21526366 -0.21526366 -0.21526366 -0.21526366  7.83956444  0.83926006
 -0.21526366 -0.21526366 -0.21526366 -0.21526366 -0.21526366 -0.21526366
 -0.21526366 -0.21526366 -0.21526366 -0.21526366 -0.21526366 -0.21526366
 -0.09192517  0.27640825 -0.21526366 -0.21526366 -0.21526366 -0.21526366
 -0.21526366 -0.21526366 -0.21526366 -0.21526366 -0.21526366 -0.21526366
 -0.21526366 -0.21526366 -0.21526366 -0.21526366 -0.21526366 -0.21526366
 -0.21526366 -0.21526366 -0.21526366 -0.21526366 -0.21526366  1.31054441
 -0.21526366 -0.21526366 -0.21526366 -0.21526366 -0.21526366 -0.21526366
 -0.21526366 -0.21526366 -0.21526366 -0.21526366 -0.21526366 -0.21526366
 -0.21526366  5.01749152 -0.21526366 -0.21526366  0.45148303 -0.21526366
 -0.21526366 -0.21526366 -0.21526366 -0.21526366  1.86983199 -0.21526366
 -0.21526366 -0.21526366 -0.21526366 -0.21526366 -0.21526366 -0.21526366
 -0.21526366 -0.21526366 -0.21526366 -0.21526366 -0.21526366 -0.21526366
 -0.21526366 -0.21526366 -0.21526366 -0.21526366 -0.21526366 -0.21526366
 -0.21526366 -0.21526366 -0.21526366 -0.21526366 -0.21526366 -0.21526366
 -0.21526366 -0.21526366 -0.21526366 -0.21526366 -0.21526366 -0.21526366
 -0.21526366 -0.21526366 -0.21526366 -0.21526366 -0.21526366 -0.21526366
 -0.21526366 -0.21526366 -0.21526366 -0.21526366 -0.21526366 -0.21526366
 -0.21526366 -0.21526366 -0.21526366 -0.21526366 -0.21526366 -0.21526366
 -0.21526366 -0.21526366 -0.21526366 -0.21526366 -0.21526366 -0.21526366
 -0.21526366 -0.21526366 -0.21526366 -0.21526366 -0.21526366 -0.21526366
  6.75411136 -0.21526366 -0.21526366 -0.21526366 -0.21526366  2.380007
  1.84275018 -0.21526366 -0.21526366 -0.21526366 -0.21526366 -0.21526366
 -0.21526366 -0.21526366 -0.21526366 -0.21526366 -0.21526366]",[-0.025350551161159363]
6,"[-0.28508629 -0.28508629 -0.28508629 -0.28508629 -0.28508629 -0.28508629
 -0.28508629 -0.28508629 -0.28508629 -0.28508629 -0.28508629 -0.28508629
 -0.28508629 -0.28508629 -0.28508629 -0.28508629  0.94973672 -0.28508629
 -0.28508629 -0.28508629 -0.28508629 -0.28508629 -0.28508629 -0.28508629
 -0.28508629 -0.28508629 -0.28508629 -0.28508629 -0.28508629 -0.28508629
 -0.28508629 -0.28508629 -0.28508629 -0.28508629 -0.28508629 -0.28508629
 -0.28508629 -0.28508629 -0.28508629 -0.28508629  5.51531828 -0.28508629
 -0.28508629 -0.28508629 -0.28508629 -0.28508629 -0.28508629 -0.28508629
 -0.28508629 -0.28508629 -0.28508629 -0.28508629 -0.28508629  0.36890143
  2.78909079 -0.28508629  4.28790519 -0.28508629 -0.28508629 -0.28508629
 -0.28508629 -0.28508629 -0.28508629 -0.28508629 -0.28508629 -0.28508629
 -0.28508629 -0.28508629 -0.28508629 -0.28508629 -0.28508629 -0.28508629
 -0.28508629 -0.28508629 -0.28508629 -0.28508629 -0.28508629 -0.28508629
 -0.28508629 -0.28508629 -0.28508629 -0.28508629 -0.28508629  0.563125
 -0.28508629 -0.28508629 -0.28508629 -0.28508629  2.04875721  2.94500273
 -0.28508629  3.87679341 -0.28508629 -0.28508629  4.88733294 -0.28508629
 -0.28508629 -0.28508629 -0.28508629 -0.28508629  3.12292178 -0.28508629
  3.27605957  0.27068125 -0.01427246 -0.28508629  1.41516078  0.39593704
 -0.28508629 -0.28508629 -0.28508629 -0.28508629 -0.28508629 -0.28508629
 -0.28508629 -0.28508629 -0.28508629 -0.28508629 -0.28508629 -0.28508629
 -0.28508629 -0.28508629 -0.28508629 -0.28508629 -0.28508629 -0.28508629
 -0.28508629 -0.28508629 -0.28508629 -0.28508629 -0.28508629 -0.28508629
 -0.28508629 -0.28508629 -0.28508629 -0.28508629 -0.28508629 -0.28508629
 -0.28508629 -0.28508629 -0.28508629 -0.28508629 -0.28508629 -0.28508629
 -0.28508629 -0.28508629 -0.28508629 -0.28508629 -0.28508629 -0.28508629
 -0.28508629  0.84365877 -0.28508629 -0.28508629 -0.28508629 -0.28508629
 -0.28508629 -0.28508629 -0.28508629 -0.28508629 -0.28508629 -0.28508629
  4.39986628 -0.28508629 -0.28508629 -0.28508629 -0.28508629  3.67182943
 -0.28508629 -0.28508629 -0.28508629 -0.28508629 -0.28508629 -0.28508629
 -0.28508629 -0.28508629 -0.28508629 -0.28508629 -0.28508629]",[0.006390182750545481]
6,"[-0.27032076 -0.27032076 -0.27032076 -0.22244849 -0.27032076 -0.27032076
 -0.27032076 -0.27032076 -0.27032076 -0.27032076 -0.27032076 -0.27032076
 -0.27032076 -0.27032076 -0.27032076 -0.27032076  2.69945236 -0.27032076
 -0.27032076 -0.27032076 -0.27032076 -0.27032076 -0.27032076 -0.27032076
 -0.27032076 -0.27032076 -0.27032076 -0.27032076  2.48993023 -0.27032076
 -0.27032076 -0.27032076 -0.27032076 -0.27032076 -0.27032076 -0.27032076
 -0.27032076 -0.27032076 -0.27032076 -0.27032076  5.95971999  0.04005827
 -0.27032076 -0.27032076 -0.27032076 -0.27032076 -0.27032076 -0.27032076
 -0.27032076 -0.27032076 -0.27032076 -0.27032076 -0.27032076  0.10229084
 -0.27032076 -0.27032076  1.02787078 -0.27032076 -0.27032076 -0.27032076
 -0.27032076 -0.27032076 -0.27032076 -0.27032076 -0.27032076 -0.27032076
 -0.27032076 -0.27032076 -0.27032076 -0.27032076 -0.27032076 -0.27032076
 -0.27032076 -0.27032076 -0.27032076 -0.27032076 -0.27032076  3.0394234
 -0.27032076 -0.27032076 -0.27032076 -0.27032076 -0.27032076  2.2563359
 -0.27032076 -0.27032076 -0.27032076  3.20782288  1.83437906 -0.27032076
 -0.27032076  4.52702115 -0.27032076 -0.27032076 -0.27032076 -0.27032076
 -0.27032076 -0.27032076 -0.27032076 -0.27032076 -0.19238991 -0.27032076
  4.75024487 -0.03191171 -0.27032076 -0.27032076  4.47680863 -0.27032076
 -0.27032076 -0.27032076 -0.27032076 -0.27032076 -0.27032076 -0.27032076
 -0.27032076 -0.27032076 -0.27032076 -0.27032076 -0.27032076 -0.27032076
 -0.27032076 -0.27032076 -0.27032076 -0.27032076 -0.27032076 -0.27032076
 -0.27032076 -0.27032076 -0.27032076 -0.27032076 -0.27032076 -0.27032076
 -0.27032076 -0.27032076 -0.27032076 -0.27032076 -0.27032076 -0.27032076
 -0.27032076  1.1388232  -0.27032076 -0.27032076 -0.27032076 -0.27032076
 -0.27032076 -0.27032076 -0.27032076 -0.27032076 -0.27032076 -0.27032076
 -0.27032076 -0.27032076 -0.27032076 -0.27032076 -0.27032076 -0.27032076
 -0.27032076 -0.27032076 -0.27032076 -0.27032076 -0.27032076 -0.27032076
  4.93243924 -0.27032076 -0.27032076 -0.27032076 -0.27032076  0.29523917
 -0.27032076 -0.27032076 -0.27032076 -0.27032076 -0.27032076 -0.27032076
 -0.27032076 -0.27032076 -0.27032076 -0.27032076  0.64989139]",[0.10714725908861564]
6,"[-0.26351188 -0.26351188 -0.26351188 -0.26351188 -0.26351188 -0.26351188
 -0.26351188 -0.26351188 -0.26351188 -0.26351188 -0.26351188 -0.26351188
 -0.26351188 -0.26351188 -0.26351188 -0.26351188  1.10384479 -0.26351188
 -0.26351188 -0.26351188 -0.26351188 -0.26351188 -0.26351188 -0.26351188
 -0.26351188 -0.26351188 -0.26351188 -0.26351188 -0.26351188 -0.26351188
 -0.26351188 -0.26351188 -0.26351188 -0.26351188 -0.26351188 -0.26351188
 -0.26351188 -0.26351188 -0.26351188 -0.26351188  6.45682078 -0.26351188
 -0.26351188 -0.26351188 -0.26351188 -0.26351188 -0.26351188 -0.26351188
 -0.26351188 -0.26351188 -0.26351188 -0.26351188 -0.26351188 -0.26351188
  1.38486554 -0.26351188  2.7110105  -0.26351188 -0.26351188 -0.26351188
 -0.26351188 -0.26351188 -0.26351188 -0.26351188 -0.26351188 -0.26351188
 -0.26351188 -0.26351188 -0.26351188 -0.26351188 -0.26351188 -0.26351188
 -0.26351188 -0.26351188 -0.26351188 -0.26351188 -0.26351188  0.92320779
 -0.26351188 -0.26351188 -0.26351188 -0.26351188 -0.26351188 -0.26351188
 -0.26351188 -0.26351188 -0.26351188 -0.26351188  2.91466696  2.54063467
 -0.26351188  1.77329297 -0.26351188 -0.26351188  4.61717259 -0.26351188
 -0.26351188 -0.26351188 -0.26351188 -0.26351188  3.97658202 -0.26351188
  2.21536776 -0.186245    0.0199555  -0.26351188  3.22855173 -0.26351188
 -0.26351188 -0.26351188 -0.26351188 -0.26351188 -0.26351188 -0.26351188
 -0.26351188 -0.26351188 -0.26351188 -0.26351188 -0.26351188 -0.26351188
 -0.26351188 -0.26351188 -0.26351188 -0.26351188 -0.26351188 -0.26351188
 -0.26351188 -0.26351188 -0.26351188 -0.26351188 -0.26351188 -0.26351188
 -0.26351188 -0.26351188 -0.26351188 -0.26351188 -0.26351188 -0.26351188
 -0.26351188 -0.26351188 -0.26351188 -0.26351188 -0.26351188 -0.26351188
 -0.26351188 -0.26351188 -0.26351188 -0.26351188 -0.26351188 -0.26351188
 -0.26351188 -0.26351188 -0.26351188 -0.26351188 -0.26351188 -0.26351188
 -0.26351188 -0.26351188 -0.26351188 -0.26351188 -0.26351188 -0.26351188
  5.36730201 -0.26351188 -0.26351188 -0.26351188 -0.26351188  3.90540548
 -0.26351188 -0.26351188 -0.26351188 -0.26351188 -0.26351188 -0.26351188
 -0.26351188 -0.26351188 -0.26351188 -0.26351188 -0.26351188]",[-0.024256734764162347]
6,"[-0.20055875 -0.20055875 -0.20055875 -0.20055875 -0.20055875 -0.20055875
 -0.20055875 -0.20055875 -0.20055875 -0.20055875 -0.20055875 -0.20055875
 -0.20055875 -0.20055875 -0.20055875 -0.20055875  0.94330291 -0.20055875
 -0.20055875 -0.20055875 -0.20055875 -0.20055875 -0.20055875 -0.20055875
 -0.20055875 -0.20055875 -0.20055875 -0.20055875 -0.20055875 -0.20055875
 -0.20055875 -0.20055875 -0.20055875 -0.20055875 -0.20055875 -0.20055875
 -0.20055875 -0.20055875 -0.20055875 -0.20055875  7.50677702  0.30878187
 -0.20055875 -0.20055875 -0.20055875 -0.20055875 -0.20055875 -0.20055875
 -0.20055875 -0.20055875  0.06669194 -0.20055875 -0.20055875  6.97935955
 -0.20055875  0.08819449 -0.20055875 -0.20055875 -0.20055875 -0.20055875
 -0.20055875 -0.20055875 -0.20055875 -0.20055875 -0.20055875 -0.20055875
 -0.20055875 -0.20055875 -0.20055875 -0.20055875 -0.20055875 -0.20055875
  0.09897666 -0.20055875 -0.20055875 -0.20055875 -0.20055875 -0.20055875
 -0.20055875 -0.20055875 -0.20055875 -0.20055875 -0.20055875 -0.20055875
 -0.20055875 -0.20055875 -0.20055875 -0.20055875  3.76133659 -0.20055875
 -0.20055875  1.6027678  -0.20055875 -0.20055875 -0.20055875  0.22298166
 -0.20055875 -0.20055875 -0.20055875 -0.20055875  0.48978067 -0.20055875
 -0.20055875 -0.20055875 -0.20055875 -0.20055875  5.30849587 -0.20055875
 -0.20055875 -0.20055875 -0.20055875 -0.20055875 -0.20055875 -0.20055875
 -0.20055875 -0.20055875 -0.20055875 -0.20055875 -0.20055875 -0.20055875
 -0.20055875 -0.20055875 -0.20055875 -0.20055875 -0.20055875 -0.20055875
 -0.20055875 -0.20055875 -0.20055875 -0.20055875 -0.20055875  0.15579532
 -0.20055875 -0.20055875 -0.20055875 -0.20055875 -0.20055875 -0.20055875
 -0.20055875 -0.20055875 -0.20055875 -0.20055875 -0.20055875 -0.20055875
 -0.20055875 -0.20055875 -0.20055875 -0.20055875 -0.20055875 -0.20055875
 -0.20055875 -0.20055875 -0.20055875 -0.20055875 -0.20055875 -0.20055875
 -0.20055875 -0.20055875 -0.20055875 -0.20055875 -0.20055875 -0.20055875
  4.51852158 -0.20055875 -0.20055875 -0.20055875 -0.20055875 -0.20055875
 -0.20055875  0.83987104 -0.20055875 -0.20055875 -0.20055875 -0.20055875
 -0.20055875 -0.20055875 -0.20055875 -0.20055875 -0.20055875]",[-0.04658268030888785]
6,"[-0.20381911 -0.20381911 -0.20381911 -0.20381911 -0.20381911 -0.20381911
 -0.20381911 -0.20381911 -0.20381911 -0.20381911 -0.20381911 -0.20381911
 -0.20381911 -0.20381911 -0.20381911 -0.20381911  1.32842615 -0.20381911
 -0.20381911 -0.20381911 -0.20381911 -0.20381911 -0.20381911 -0.20381911
 -0.20381911 -0.20381911 -0.20381911 -0.20381911 -0.20381911 -0.20381911
 -0.20381911 -0.20381911 -0.20381911 -0.20381911 -0.20381911 -0.20381911
 -0.20381911 -0.20381911 -0.20381911 -0.20381911  7.17214791 -0.20381911
 -0.20381911 -0.20381911 -0.20381911 -0.20381911 -0.20381911 -0.20381911
 -0.20381911 -0.20381911 -0.20381911 -0.20381911 -0.20381911  4.11990334
  5.63800729 -0.20381911 -0.20381911 -0.20381911 -0.20381911 -0.20381911
 -0.20381911 -0.20381911 -0.20381911 -0.20381911 -0.20381911 -0.20381911
 -0.20381911 -0.20381911 -0.20381911 -0.20381911 -0.20381911 -0.20381911
 -0.20381911 -0.20381911 -0.20381911 -0.20381911 -0.20381911 -0.20381911
 -0.20381911 -0.20381911 -0.20381911 -0.20381911 -0.20381911 -0.20381911
 -0.20381911 -0.20381911 -0.20381911 -0.20381911  1.13169709 -0.20381911
 -0.20381911  2.24623193 -0.20381911 -0.20381911  0.1830646  -0.20381911
 -0.20381911 -0.20381911 -0.20381911 -0.20381911 -0.20381911 -0.20381911
 -0.20381911 -0.13718725  4.31245077 -0.20381911  1.77030165 -0.20381911
 -0.20381911 -0.20381911 -0.20381911 -0.20381911 -0.20381911 -0.20381911
 -0.20381911 -0.20381911 -0.20381911 -0.20381911 -0.20381911 -0.20381911
 -0.20381911 -0.20381911 -0.20381911 -0.20381911 -0.20381911 -0.20381911
 -0.20381911 -0.20381911 -0.20381911 -0.20381911 -0.20381911 -0.20381911
 -0.20381911 -0.20381911 -0.20381911 -0.20381911 -0.20381911 -0.20381911
 -0.20381911 -0.20381911 -0.20381911 -0.20381911 -0.20381911 -0.20381911
 -0.20381911 -0.20381911 -0.20381911 -0.20381911 -0.20381911 -0.20381911
 -0.20381911 -0.20381911 -0.20381911 -0.20381911 -0.20381911 -0.20381911
 -0.20381911 -0.20381911 -0.20381911 -0.20381911 -0.20381911 -0.20381911
  6.47656739 -0.20381911 -0.20381911 -0.20381911 -0.20381911 -0.20381911
 -0.20381911 -0.20381911 -0.20381911 -0.20381911 -0.20381911 -0.20381911
 -0.20381911 -0.20381911 -0.20381911 -0.20381911 -0.20381911]",[-0.016624042630682956]
6,"[-0.26038896 -0.26038896 -0.26038896 -0.26038896 -0.26038896 -0.26038896
 -0.26038896 -0.26038896 -0.26038896 -0.26038896 -0.26038896 -0.26038896
 -0.26038896 -0.26038896 -0.26038896 -0.26038896 -0.26038896 -0.26038896
 -0.26038896 -0.26038896 -0.26038896 -0.26038896 -0.26038896 -0.26038896
 -0.26038896 -0.26038896 -0.26038896 -0.26038896 -0.26038896 -0.26038896
 -0.26038896 -0.26038896 -0.26038896 -0.26038896 -0.26038896 -0.26038896
 -0.26038896 -0.26038896 -0.26038896 -0.26038896  6.29630346  3.02872174
 -0.26038896 -0.26038896 -0.26038896 -0.26038896 -0.26038896 -0.26038896
 -0.26038896 -0.26038896 -0.26038896 -0.26038896 -0.26038896  5.00300793
  0.05318281 -0.26038896  2.35872592 -0.26038896 -0.26038896 -0.26038896
 -0.26038896 -0.26038896 -0.26038896 -0.26038896 -0.26038896 -0.26038896
 -0.26038896 -0.26038896 -0.26038896 -0.26038896 -0.26038896 -0.26038896
 -0.26038896 -0.26038896 -0.26038896 -0.26038896 -0.26038896 -0.26038896
 -0.26038896 -0.26038896 -0.26038896 -0.26038896 -0.26038896 -0.26038896
 -0.26038896 -0.26038896 -0.26038896 -0.26038896  1.06896234 -0.26038896
 -0.26038896 -0.26038896 -0.26038896 -0.26038896  1.81724644 -0.26038896
 -0.26038896 -0.26038896 -0.26038896 -0.26038896  3.21966744 -0.26038896
  2.36792312  1.77466983  1.94199552 -0.26038896  0.56569998 -0.26038896
 -0.26038896 -0.26038896 -0.26038896 -0.26038896 -0.26038896 -0.26038896
 -0.26038896 -0.26038896 -0.26038896 -0.26038896 -0.26038896 -0.26038896
 -0.26038896 -0.26038896 -0.26038896 -0.26038896 -0.26038896 -0.26038896
 -0.26038896 -0.26038896 -0.26038896 -0.26038896 -0.26038896 -0.26038896
 -0.26038896 -0.26038896 -0.26038896 -0.26038896 -0.26038896 -0.26038896
 -0.26038896  5.56915128 -0.26038896 -0.26038896 -0.26038896 -0.26038896
 -0.26038896 -0.26038896 -0.26038896 -0.26038896 -0.26038896 -0.26038896
 -0.26038896 -0.26038896 -0.26038896 -0.26038896 -0.26038896 -0.26038896
 -0.26038896 -0.26038896 -0.26038896 -0.26038896 -0.26038896 -0.26038896
  4.37563112 -0.26038896 -0.26038896 -0.26038896 -0.26038896  3.2628997
 -0.26038896 -0.26038896 -0.26038896 -0.26038896 -0.26038896 -0.26038896
 -0.26038896 -0.26038896 -0.26038896 -0.26038896 -0.26038896]",[-0.026540911477727136]
6,"[-0.22356147 -0.22356147 -0.22356147 -0.22356147 -0.22356147 -0.22356147
 -0.22356147 -0.22356147 -0.22356147 -0.22356147 -0.22356147 -0.22356147
 -0.22356147 -0.22356147 -0.22356147 -0.22356147 -0.22356147 -0.22356147
 -0.22356147 -0.22356147 -0.22356147 -0.22356147 -0.22356147 -0.22356147
 -0.22356147 -0.22356147 -0.22356147 -0.22356147 -0.22356147 -0.22356147
 -0.22356147 -0.22356147 -0.22356147 -0.22356147 -0.22356147 -0.22356147
 -0.22356147 -0.22356147 -0.22356147 -0.22356147  3.11884114 -0.22356147
 -0.22356147 -0.22356147 -0.22356147 -0.22356147 -0.22356147 -0.22356147
 -0.22356147 -0.22356147 -0.22356147 -0.22356147 -0.22356147  3.13233346
 -0.04191399 -0.22356147 -0.22356147 -0.22356147 -0.22356147 -0.22356147
 -0.22356147 -0.22356147 -0.22356147 -0.22356147 -0.22356147 -0.22356147
 -0.22356147 -0.22356147 -0.22356147 -0.22356147 -0.22356147 -0.22356147
 -0.09724639 -0.22356147 -0.22356147 -0.22356147 -0.22356147 -0.22356147
 -0.22356147 -0.22356147 -0.22356147 -0.22356147 -0.22356147  2.15090875
 -0.22356147 -0.22356147 -0.22356147 -0.22356147 -0.22356147 -0.22356147
 -0.22356147  3.88018236 -0.22356147 -0.22356147  1.0996683  -0.22356147
 -0.22356147 -0.22356147 -0.22356147 -0.22356147  3.56851844 -0.22356147
  0.83859674 -0.22356147  7.51263736 -0.22356147  0.34140973 -0.22356147
 -0.22356147 -0.22356147 -0.22356147 -0.22356147 -0.22356147 -0.22356147
 -0.22356147 -0.22356147 -0.22356147 -0.22356147 -0.22356147 -0.22356147
 -0.22356147 -0.22356147 -0.22356147 -0.22356147 -0.22356147 -0.22356147
 -0.22356147 -0.22356147 -0.22356147 -0.22356147 -0.22356147 -0.22356147
 -0.22356147 -0.22356147 -0.22356147 -0.22356147 -0.22356147 -0.22356147
 -0.22356147 -0.22356147 -0.22356147 -0.22356147 -0.22356147 -0.22356147
 -0.22356147 -0.22356147 -0.22356147 -0.22356147 -0.22356147 -0.22356147
 -0.22356147 -0.22356147 -0.22356147 -0.22356147 -0.22356147 -0.22356147
 -0.22356147 -0.22356147 -0.22356147 -0.22356147 -0.22356147 -0.22356147
  7.44823654 -0.22356147 -0.22356147 -0.22356147 -0.22356147  1.67310066
  1.10372896 -0.22356147 -0.22356147 -0.22356147 -0.22356147 -0.22356147
 -0.22356147 -0.22356147 -0.22356147 -0.22356147  0.93507935]",[0.014416344932537767]
6,"[-0.26073798 -0.26073798 -0.26073798 -0.26073798 -0.26073798 -0.26073798
 -0.26073798 -0.26073798 -0.26073798 -0.26073798 -0.26073798 -0.26073798
 -0.26073798 -0.26073798 -0.26073798 -0.26073798 -0.26073798 -0.26073798
 -0.26073798 -0.26073798 -0.26073798 -0.26073798 -0.26073798 -0.26073798
 -0.26073798 -0.26073798 -0.26073798 -0.26073798  0.30641914 -0.26073798
 -0.26073798 -0.26073798 -0.26073798 -0.26073798 -0.26073798 -0.26073798
 -0.26073798 -0.26073798 -0.26073798 -0.26073798  6.8066923  -0.26073798
 -0.26073798 -0.26073798 -0.26073798 -0.26073798 -0.26073798 -0.26073798
 -0.26073798 -0.26073798 -0.26073798 -0.26073798 -0.26073798  0.34150681
 -0.26073798 -0.26073798 -0.26073798 -0.26073798 -0.26073798 -0.26073798
 -0.26073798 -0.26073798 -0.26073798 -0.26073798 -0.26073798 -0.26073798
 -0.26073798 -0.26073798 -0.26073798 -0.26073798 -0.26073798 -0.26073798
 -0.26073798 -0.26073798 -0.26073798 -0.26073798 -0.26073798 -0.26073798
 -0.26073798 -0.26073798 -0.26073798 -0.26073798 -0.26073798 -0.26073798
 -0.26073798 -0.26073798 -0.26073798 -0.26073798  3.25474855  1.99291596
 -0.26073798  3.04751967 -0.26073798  2.21107835  4.37595258 -0.26073798
 -0.26073798 -0.26073798 -0.26073798 -0.26073798  3.16956199 -0.26073798
  3.94569196 -0.16079373  1.57165616 -0.26073798  3.70480578 -0.26073798
 -0.26073798 -0.26073798 -0.26073798 -0.26073798 -0.26073798 -0.26073798
 -0.26073798 -0.26073798 -0.26073798 -0.26073798 -0.26073798 -0.26073798
 -0.26073798 -0.26073798 -0.26073798 -0.26073798 -0.26073798 -0.26073798
 -0.26073798 -0.26073798 -0.26073798 -0.26073798 -0.26073798 -0.26073798
 -0.26073798 -0.26073798 -0.26073798 -0.26073798 -0.26073798 -0.26073798
 -0.26073798 -0.26073798 -0.26073798 -0.26073798 -0.26073798 -0.26073798
 -0.26073798 -0.26073798 -0.26073798 -0.26073798 -0.26073798 -0.26073798
 -0.26073798 -0.26073798 -0.26073798 -0.26073798 -0.26073798 -0.26073798
 -0.26073798 -0.26073798 -0.26073798 -0.26073798 -0.26073798 -0.26073798
  5.0043367  -0.26073798 -0.26073798 -0.26073798 -0.26073798  2.54112367
 -0.26073798  0.38707451 -0.26073798 -0.26073798 -0.26073798 -0.26073798
 -0.26073798 -0.26073798 -0.26073798 -0.26073798 -0.26073798]",[-0.028297871110291084]
6,"[-0.20598253 -0.20598253 -0.20598253 -0.20598253 -0.20598253 -0.20598253
 -0.20598253 -0.20598253 -0.20598253 -0.20598253 -0.20598253 -0.20598253
 -0.20598253 -0.20598253 -0.20598253 -0.20598253 -0.20598253 -0.20598253
 -0.20598253 -0.20598253 -0.20598253 -0.20598253 -0.20598253 -0.20598253
 -0.20598253 -0.20598253 -0.20598253 -0.20598253 -0.20598253 -0.20598253
 -0.20598253 -0.20598253 -0.20598253 -0.20598253 -0.20598253 -0.20598253
 -0.20598253 -0.20598253 -0.20598253 -0.20598253  8.65321345  2.04963372
 -0.20598253 -0.20598253 -0.20598253 -0.20598253 -0.20598253 -0.20598253
 -0.20598253 -0.20598253 -0.20598253 -0.20598253  0.1987204   6.03145743
 -0.20598253 -0.20598253 -0.20598253 -0.20598253 -0.20598253 -0.20598253
 -0.20598253 -0.20598253 -0.20598253 -0.20598253 -0.20598253 -0.20598253
 -0.20598253 -0.20598253 -0.20598253 -0.20598253 -0.20598253 -0.20598253
  0.91874246 -0.20598253 -0.20598253 -0.20598253 -0.20598253 -0.20598253
 -0.20598253 -0.20598253 -0.20598253 -0.20598253 -0.20598253 -0.20598253
 -0.20598253 -0.20598253 -0.20598253 -0.20598253 -0.20598253 -0.20598253
 -0.20598253 -0.20598253 -0.20598253 -0.12469656  2.55411603 -0.20598253
 -0.20598253 -0.20598253 -0.20598253 -0.20598253  2.79091045 -0.20598253
  3.52690669  0.83270788 -0.20598253 -0.20598253  2.09797304 -0.20598253
 -0.20598253 -0.20598253 -0.20598253 -0.20598253 -0.20598253 -0.20598253
 -0.20598253 -0.20598253 -0.20598253 -0.20598253 -0.20598253 -0.20598253
 -0.20598253 -0.20598253 -0.20598253 -0.20598253 -0.20598253 -0.20598253
 -0.20598253 -0.20598253 -0.20598253 -0.20598253 -0.20598253 -0.20598253
 -0.20598253 -0.20598253 -0.20598253 -0.20598253 -0.20598253 -0.20598253
 -0.20598253 -0.20598253 -0.20598253 -0.20598253 -0.20598253 -0.20598253
 -0.20598253 -0.20598253 -0.20598253 -0.20598253 -0.20598253 -0.20598253
 -0.20598253 -0.20598253 -0.20598253 -0.20598253 -0.20598253 -0.20598253
 -0.20598253 -0.20598253 -0.20598253 -0.20598253 -0.20598253 -0.20598253
  4.86939722 -0.20598253 -0.20598253 -0.20598253 -0.20598253 -0.20598253
 -0.20598253 -0.20598253 -0.20598253 -0.20598253 -0.20598253 -0.20598253
 -0.20598253 -0.20598253 -0.20598253 -0.20598253 -0.20598253]",[-0.053464459678163434]
6,"[-0.24699613 -0.24699613 -0.24699613 -0.24699613 -0.24699613 -0.24699613
 -0.24699613 -0.24699613 -0.24699613 -0.24699613 -0.24699613 -0.24699613
 -0.24699613 -0.24699613 -0.24699613 -0.24699613  1.09592225 -0.24699613
 -0.24699613 -0.24699613 -0.24699613 -0.24699613 -0.24699613 -0.24699613
 -0.24699613 -0.24699613 -0.24699613 -0.24699613 -0.24699613 -0.24699613
 -0.24699613 -0.24699613 -0.24699613 -0.24699613 -0.24699613 -0.24699613
 -0.24699613 -0.24699613 -0.24699613 -0.24699613  6.72241995  1.89116362
 -0.24699613 -0.24699613 -0.24699613 -0.24699613 -0.24699613 -0.24699613
 -0.24699613 -0.24699613 -0.24699613 -0.24699613 -0.24699613  5.07235063
  3.95406806 -0.24699613  3.6857623  -0.24699613 -0.24699613 -0.24699613
 -0.24699613 -0.24699613 -0.24699613 -0.24699613 -0.24699613 -0.24699613
 -0.24699613 -0.24699613 -0.24699613 -0.24699613 -0.24699613 -0.24699613
 -0.24699613 -0.24699613 -0.24699613 -0.24699613 -0.24699613 -0.24699613
 -0.24699613 -0.24699613 -0.24699613 -0.24699613 -0.24699613 -0.24699613
 -0.24699613 -0.24699613 -0.24699613 -0.24699613  2.23847427  0.64648658
 -0.24699613  0.80601815 -0.24699613 -0.24699613  0.34213999 -0.24699613
 -0.24699613 -0.24699613 -0.24699613 -0.24699613 -0.13153336 -0.24699613
 -0.24699613 -0.2247797   0.48541738 -0.24699613  4.85304793 -0.24699613
 -0.24699613 -0.24699613 -0.24699613 -0.24699613 -0.24699613 -0.24699613
 -0.24699613 -0.24699613 -0.24699613 -0.24699613 -0.24699613 -0.24699613
 -0.24699613 -0.24699613 -0.24699613 -0.24699613 -0.24699613 -0.24699613
 -0.24699613 -0.24699613 -0.24699613 -0.24699613 -0.24699613 -0.24699613
 -0.24699613 -0.24699613 -0.24699613 -0.24699613 -0.24699613 -0.24699613
 -0.24699613 -0.24699613 -0.24699613 -0.24699613 -0.24699613 -0.24699613
 -0.24699613 -0.24699613 -0.24699613 -0.24699613  4.12695532 -0.24699613
 -0.24699613 -0.24699613 -0.24699613 -0.24699613 -0.24699613 -0.24699613
 -0.24699613 -0.24699613 -0.24699613 -0.24699613 -0.24699613 -0.24699613
  4.12454068 -0.24699613 -0.24699613 -0.24699613 -0.24699613  0.32491978
 -0.24699613 -0.24699613 -0.24699613 -0.24699613 -0.24699613 -0.24699613
 -0.24699613 -0.24699613 -0.24699613 -0.24699613 -0.24699613]",[-0.02793943467040555]
6,"[-0.23568237 -0.23568237 -0.23568237 -0.23568237 -0.23568237 -0.23568237
 -0.23568237 -0.23568237 -0.23568237 -0.23568237 -0.23568237 -0.23568237
 -0.23568237 -0.23568237 -0.23568237 -0.23568237  1.76930076 -0.23568237
 -0.23568237 -0.23568237 -0.23568237 -0.23568237 -0.23568237 -0.23568237
 -0.23568237 -0.23568237 -0.23568237 -0.23568237 -0.23568237 -0.23568237
 -0.23568237 -0.23568237 -0.23568237 -0.23568237 -0.23568237 -0.23568237
 -0.23568237 -0.23568237 -0.23568237 -0.23568237  1.69647743  0.4903691
 -0.23568237 -0.23568237 -0.23568237 -0.23568237 -0.23568237 -0.23568237
 -0.23568237 -0.23568237 -0.23568237 -0.23568237 -0.23568237  0.65050266
 -0.23568237 -0.23568237 -0.23568237 -0.23568237 -0.23568237 -0.23568237
 -0.23568237 -0.23568237 -0.23568237 -0.23568237 -0.23568237 -0.23568237
 -0.23568237 -0.23568237 -0.23568237 -0.23568237 -0.23568237 -0.23568237
 -0.23568237 -0.23568237 -0.23568237 -0.23568237  4.89497415 -0.23568237
 -0.23568237 -0.23568237 -0.23568237 -0.23568237 -0.23568237 -0.23568237
 -0.23568237 -0.23568237 -0.23568237 -0.23568237  3.79404388  0.71797029
 -0.23568237  1.270075   -0.23568237 -0.23568237  6.04264758 -0.23568237
 -0.23568237 -0.23568237 -0.23568237 -0.23568237  3.90636971 -0.23568237
 -0.23568237  1.04814278  0.27283426 -0.23568237  4.57087327 -0.23568237
 -0.23568237 -0.23568237 -0.23568237 -0.23568237 -0.23568237 -0.23568237
 -0.23568237 -0.23568237 -0.23568237 -0.23568237 -0.23568237 -0.23568237
 -0.23568237 -0.23568237 -0.23568237 -0.23568237 -0.23568237 -0.23568237
 -0.23568237 -0.23568237 -0.23568237 -0.23568237 -0.23568237 -0.23568237
 -0.23568237 -0.23568237 -0.23568237 -0.23568237 -0.23568237 -0.23568237
 -0.23568237 -0.23568237 -0.23568237 -0.23568237 -0.23568237 -0.23568237
 -0.23568237 -0.23568237 -0.23568237 -0.23568237 -0.23568237 -0.23568237
 -0.23568237 -0.23568237 -0.23568237 -0.23568237 -0.23568237 -0.23568237
 -0.23568237 -0.23568237 -0.23568237 -0.23568237 -0.23568237 -0.23568237
  6.9702717  -0.23568237 -0.23568237 -0.23568237 -0.23568237 -0.23568237
  0.55705608 -0.23568237 -0.23568237 -0.23568237 -0.23568237 -0.23568237
 -0.23568237 -0.23568237 -0.23568237 -0.23568237 -0.23568237]",[0.021946058529026535]
6,"[-0.27007574 -0.27007574 -0.27007574 -0.27007574 -0.27007574 -0.27007574
 -0.27007574 -0.27007574 -0.27007574 -0.27007574 -0.27007574 -0.27007574
 -0.27007574 -0.27007574 -0.27007574 -0.27007574  0.95095126 -0.27007574
 -0.27007574 -0.27007574 -0.27007574 -0.27007574 -0.27007574 -0.27007574
 -0.27007574 -0.27007574 -0.27007574 -0.27007574  0.43974869 -0.27007574
 -0.27007574 -0.27007574 -0.27007574 -0.27007574 -0.27007574 -0.27007574
 -0.27007574 -0.27007574 -0.27007574 -0.27007574  1.95523214  0.52829669
 -0.27007574 -0.27007574 -0.27007574 -0.27007574 -0.27007574 -0.27007574
 -0.27007574 -0.27007574 -0.27007574 -0.27007574 -0.27007574  0.97086039
 -0.10675969 -0.27007574 -0.27007574 -0.27007574 -0.27007574 -0.27007574
 -0.27007574 -0.27007574 -0.27007574 -0.27007574 -0.27007574 -0.27007574
 -0.27007574 -0.27007574 -0.27007574 -0.27007574 -0.27007574 -0.27007574
 -0.27007574 -0.27007574 -0.27007574 -0.27007574 -0.27007574  1.32512641
 -0.27007574 -0.27007574 -0.27007574 -0.27007574 -0.27007574  1.73063594
 -0.27007574 -0.27007574 -0.27007574  1.65514165 -0.27007574 -0.27007574
 -0.27007574  2.06399122 -0.27007574 -0.27007574  4.50491193 -0.12958029
 -0.27007574 -0.27007574 -0.27007574 -0.27007574  3.98930246 -0.27007574
  5.82538879  1.22042188  5.42365558 -0.27007574  0.95677308  0.46770874
 -0.27007574 -0.27007574 -0.27007574 -0.27007574 -0.27007574 -0.27007574
 -0.27007574 -0.27007574 -0.27007574 -0.27007574 -0.27007574 -0.27007574
 -0.27007574 -0.27007574 -0.27007574 -0.27007574 -0.27007574 -0.27007574
 -0.27007574 -0.27007574 -0.27007574 -0.27007574 -0.27007574 -0.27007574
 -0.27007574 -0.27007574 -0.27007574 -0.27007574 -0.27007574 -0.27007574
 -0.27007574 -0.27007574 -0.27007574 -0.27007574 -0.27007574 -0.27007574
 -0.27007574 -0.27007574 -0.27007574 -0.27007574 -0.27007574 -0.27007574
 -0.27007574 -0.27007574 -0.27007574 -0.27007574 -0.27007574 -0.27007574
 -0.27007574 -0.27007574 -0.27007574 -0.27007574 -0.27007574 -0.27007574
  6.20547843 -0.27007574 -0.27007574 -0.27007574 -0.27007574  2.96475756
 -0.27007574 -0.27007574 -0.27007574 -0.27007574 -0.27007574 -0.27007574
 -0.27007574 -0.27007574 -0.27007574 -0.27007574 -0.27007574]",[0.0018793253955604605]
6,"[-0.18455174 -0.18455174 -0.18455174 -0.18455174 -0.18455174 -0.18455174
 -0.18455174 -0.18455174 -0.18455174 -0.18455174 -0.18455174 -0.18455174
 -0.18455174 -0.18455174 -0.18455174 -0.18455174 -0.18455174 -0.18455174
 -0.18455174 -0.18455174 -0.18455174 -0.18455174 -0.18455174 -0.18455174
 -0.18455174 -0.18455174 -0.18455174 -0.18455174 -0.18455174 -0.18455174
 -0.18455174 -0.18455174 -0.18455174 -0.18455174 -0.18455174 -0.18455174
 -0.18455174 -0.18455174 -0.18455174 -0.18455174 -0.18455174 -0.18455174
 -0.18455174 -0.18455174 -0.18455174 -0.18455174 -0.18455174 -0.18455174
 -0.18455174 -0.18455174 -0.18455174 -0.18455174 -0.18455174  0.4898595
 -0.18455174 -0.18455174 -0.18455174 -0.18455174 -0.18455174 -0.18455174
 -0.18455174 -0.18455174 -0.18455174 -0.18455174 -0.18455174 -0.18455174
 -0.18455174 -0.18455174 -0.18455174 -0.18455174 -0.18455174 -0.18455174
 -0.18455174 -0.18455174 -0.18455174 -0.18455174 -0.18455174 -0.18455174
 -0.18455174 -0.18455174 -0.18455174 -0.18455174 -0.18455174  1.61509953
 -0.18455174 -0.18455174 -0.18455174 -0.18455174 -0.18455174 -0.18455174
 -0.18455174  4.6944218  -0.18455174 -0.18455174  6.30927344 -0.18455174
 -0.18455174 -0.18455174 -0.18455174 -0.18455174 -0.11876906 -0.18455174
 -0.18455174 -0.18455174  5.87417246 -0.18455174  4.71695926 -0.18455174
 -0.18455174 -0.18455174 -0.18455174 -0.18455174 -0.18455174 -0.18455174
 -0.18455174 -0.18455174 -0.18455174 -0.18455174 -0.18455174 -0.18455174
 -0.18455174 -0.18455174 -0.18455174 -0.18455174 -0.18455174 -0.18455174
 -0.18455174 -0.18455174 -0.18455174 -0.18455174 -0.18455174 -0.18455174
 -0.18455174 -0.18455174 -0.18455174 -0.18455174 -0.18455174 -0.18455174
 -0.18455174 -0.18455174 -0.18455174 -0.18455174 -0.18455174 -0.18455174
 -0.18455174 -0.18455174 -0.18455174 -0.18455174 -0.18455174 -0.18455174
 -0.18455174 -0.18455174 -0.18455174 -0.18455174 -0.18455174 -0.18455174
 -0.18455174 -0.18455174 -0.18455174 -0.18455174 -0.18455174 -0.18455174
  7.16621054 -0.18455174 -0.18455174 -0.18455174 -0.18455174 -0.18455174
 -0.18455174  0.626569   -0.18455174 -0.18455174 -0.18455174 -0.18455174
 -0.18455174 -0.18455174 -0.18455174 -0.18455174 -0.18455174]",[0.022136167075801738]
6,"[-0.24927187 -0.24927187 -0.24927187 -0.24927187 -0.24927187 -0.24927187
 -0.24927187 -0.24927187 -0.24927187 -0.24927187 -0.24927187 -0.24927187
 -0.24927187 -0.24927187 -0.24927187 -0.24927187  3.98369191 -0.24927187
 -0.24927187 -0.24927187 -0.24927187 -0.24927187 -0.24927187 -0.24927187
 -0.24927187 -0.24927187 -0.24927187 -0.24927187 -0.24927187 -0.24927187
 -0.24927187 -0.24927187 -0.24927187 -0.24927187 -0.24927187 -0.24927187
 -0.24927187 -0.24927187 -0.24927187 -0.24927187  4.18243722 -0.24927187
 -0.24927187 -0.24927187 -0.24927187 -0.24927187 -0.24927187 -0.24927187
 -0.24927187 -0.24927187 -0.24927187 -0.24927187 -0.24927187 -0.24927187
 -0.14176281 -0.24927187  6.02044492 -0.24927187 -0.24927187 -0.24927187
 -0.24927187 -0.24927187 -0.24927187 -0.24927187 -0.24927187 -0.24927187
 -0.24927187 -0.24927187 -0.24927187 -0.24927187 -0.24927187 -0.24927187
 -0.24927187 -0.24927187 -0.24927187 -0.24927187 -0.24927187 -0.24927187
 -0.24927187 -0.24927187 -0.24927187 -0.24927187 -0.24927187 -0.24927187
 -0.24927187 -0.24927187 -0.24927187 -0.24927187  3.3153987  -0.24927187
 -0.24927187 -0.24927187 -0.24927187 -0.24927187  5.06365255 -0.24927187
 -0.24927187 -0.24927187 -0.24927187 -0.24927187  1.16317107 -0.24927187
  3.74053577  1.56090589  2.61184149 -0.24927187  2.47775548 -0.24927187
 -0.24927187 -0.24927187 -0.24927187 -0.24927187 -0.24927187 -0.24927187
 -0.24927187 -0.24927187 -0.24927187 -0.24927187 -0.24927187 -0.24927187
 -0.24927187 -0.24927187 -0.24927187 -0.24927187 -0.24927187 -0.24927187
 -0.24927187 -0.24927187 -0.24927187 -0.24927187 -0.24927187 -0.24927187
 -0.24927187 -0.24927187 -0.24927187 -0.24927187 -0.24927187 -0.24927187
 -0.24927187 -0.24927187 -0.24927187 -0.24927187 -0.24927187 -0.24927187
 -0.24927187 -0.24927187 -0.24927187 -0.24927187 -0.24927187 -0.24927187
 -0.24927187 -0.24927187 -0.24927187 -0.24927187 -0.24927187 -0.24927187
 -0.24927187 -0.24927187 -0.24927187 -0.24927187 -0.24927187 -0.24927187
  5.16590384 -0.24927187 -0.24927187 -0.24927187 -0.24927187  2.23515382
 -0.24927187 -0.24927187 -0.24927187 -0.24927187 -0.24927187 -0.24927187
 -0.24927187 -0.24927187 -0.24927187 -0.24927187 -0.24927187]",[-0.011964151421836045]
6,"[-0.27696907 -0.27696907 -0.27696907 -0.27696907 -0.27696907 -0.27696907
 -0.27696907 -0.27696907 -0.27696907 -0.27696907 -0.27696907 -0.27696907
 -0.27696907 -0.27696907 -0.27696907 -0.27696907  1.6971887  -0.27696907
 -0.27696907 -0.27696907 -0.27696907 -0.27696907 -0.27696907 -0.27696907
 -0.27696907 -0.27696907 -0.27696907 -0.27696907 -0.27696907 -0.27696907
 -0.27696907 -0.27696907 -0.27696907 -0.27696907 -0.27696907 -0.27696907
 -0.27696907 -0.27696907 -0.27696907 -0.27696907  6.97205257  0.41457258
 -0.27696907 -0.27696907 -0.27696907 -0.27696907 -0.27696907 -0.27696907
 -0.27696907 -0.27696907 -0.27696907 -0.27696907 -0.27696907  6.39087894
  2.21911732  0.05340871 -0.27696907 -0.27696907 -0.27696907 -0.27696907
 -0.27696907 -0.27696907 -0.27696907 -0.27696907 -0.27696907 -0.27696907
 -0.27696907 -0.27696907 -0.27696907 -0.27696907 -0.27696907 -0.27696907
 -0.27696907 -0.27696907 -0.27696907 -0.27696907 -0.27696907 -0.27696907
 -0.27696907 -0.27696907 -0.27696907 -0.27696907 -0.27696907 -0.27696907
 -0.27696907 -0.27696907 -0.27696907 -0.27696907  1.21717534  2.00708585
 -0.27696907  1.88829393 -0.27696907 -0.27696907  2.51976296 -0.13255357
 -0.27696907 -0.27696907  1.39531252 -0.27696907  2.24152739 -0.27696907
  0.91843416  0.18217421 -0.27696907  1.77956573  3.93851224 -0.27696907
 -0.27696907 -0.27696907 -0.27696907 -0.27696907 -0.27696907 -0.27696907
 -0.27696907 -0.27696907 -0.27696907 -0.27696907 -0.27696907 -0.27696907
 -0.27696907 -0.27696907 -0.27696907 -0.27696907 -0.27696907 -0.27696907
 -0.27696907 -0.27696907 -0.27696907 -0.27696907 -0.27696907 -0.27696907
 -0.27696907 -0.27696907 -0.27696907 -0.27696907 -0.27696907 -0.27696907
 -0.27696907 -0.27696907 -0.27696907 -0.27696907 -0.27696907 -0.27696907
 -0.27696907 -0.27696907 -0.27696907 -0.27696907  2.50919541 -0.27696907
 -0.27696907 -0.27696907 -0.27696907 -0.27696907 -0.27696907 -0.27696907
 -0.27696907 -0.27696907 -0.27696907 -0.27696907 -0.27696907 -0.27696907
  4.35051081 -0.27696907 -0.27696907 -0.27696907 -0.27696907  1.4758659
 -0.27696907 -0.27696907 -0.27696907 -0.27696907 -0.27696907 -0.27696907
 -0.27696907 -0.27696907 -0.27696907 -0.27696907 -0.27696907]",[-0.002810692247779134]
6,"[-0.30700945 -0.30700945 -0.30700945 -0.30700945 -0.30700945 -0.30700945
 -0.30700945 -0.30700945 -0.30700945 -0.30700945 -0.30700945 -0.30700945
 -0.30700945 -0.30700945 -0.30700945 -0.30700945  0.51839099 -0.30700945
 -0.30700945 -0.30700945 -0.30700945 -0.30700945 -0.30700945 -0.30700945
 -0.30700945 -0.30700945 -0.30700945 -0.30700945  0.62618115 -0.30700945
 -0.30700945 -0.30700945 -0.30700945 -0.30700945 -0.30700945 -0.30700945
 -0.30700945 -0.30700945 -0.30700945 -0.30700945  1.62118567  0.89681063
 -0.30700945 -0.30700945 -0.30700945 -0.30700945 -0.30700945 -0.30700945
 -0.30700945 -0.30700945 -0.30700945 -0.30700945 -0.30700945  4.87788946
 -0.10959735 -0.30700945 -0.30700945 -0.30700945 -0.30700945 -0.30700945
 -0.30700945 -0.30700945 -0.30700945 -0.30700945 -0.30700945 -0.30700945
 -0.30700945 -0.30700945 -0.30700945 -0.30700945 -0.30700945 -0.30700945
  1.68046884 -0.30700945 -0.30700945 -0.30700945 -0.30700945 -0.30700945
 -0.30700945 -0.30700945 -0.30700945 -0.30700945 -0.30700945 -0.30700945
 -0.30700945 -0.30700945 -0.30700945 -0.30700945  3.97539728 -0.30700945
  0.362152    2.23792028 -0.30700945 -0.23661299  3.89771345 -0.30700945
 -0.30700945 -0.30700945 -0.30700945 -0.30700945  3.25978089 -0.30700945
  3.72784725  1.2731218   1.97424272  4.60748466  3.02304206  0.89681063
 -0.30700945 -0.30700945 -0.30700945 -0.30700945 -0.30700945 -0.30700945
 -0.30700945 -0.30700945 -0.30700945 -0.30700945 -0.30700945 -0.30700945
 -0.30700945 -0.30700945 -0.30700945 -0.30700945 -0.30700945 -0.30700945
 -0.30700945 -0.30700945 -0.30700945 -0.30700945 -0.30700945 -0.30700945
 -0.30700945 -0.30700945 -0.30700945 -0.30700945 -0.30700945 -0.30700945
 -0.30700945 -0.30700945 -0.30700945 -0.30700945 -0.30700945 -0.30700945
 -0.30700945 -0.30700945 -0.30700945 -0.30700945 -0.30700945 -0.30700945
 -0.30700945  0.11987246 -0.30700945 -0.30700945 -0.30700945 -0.30700945
 -0.30700945 -0.30700945 -0.30700945 -0.30700945 -0.30700945 -0.30700945
  4.94110768 -0.30700945 -0.30700945 -0.30700945 -0.30700945  3.41221796
 -0.30700945  0.31004726 -0.30700945 -0.30700945 -0.30700945 -0.30700945
 -0.30700945 -0.30700945 -0.30700945 -0.30700945 -0.30700945]",[0.03673752579737938]
6,"[-0.22999191 -0.22999191 -0.22999191 -0.22999191 -0.22999191 -0.22999191
 -0.22999191 -0.22999191 -0.22999191 -0.22999191 -0.22999191 -0.22999191
 -0.22999191 -0.22999191 -0.22999191 -0.22999191 -0.22999191 -0.22999191
 -0.22999191 -0.22999191 -0.22999191 -0.22999191 -0.22999191 -0.22999191
 -0.22999191 -0.22999191 -0.22999191 -0.22999191 -0.22999191 -0.22999191
 -0.22999191 -0.22999191 -0.22999191 -0.22999191 -0.22999191 -0.22999191
 -0.22999191 -0.22999191 -0.22999191 -0.22999191 -0.22999191 -0.22999191
 -0.22999191 -0.22999191 -0.22999191 -0.22999191 -0.22999191 -0.22999191
 -0.22999191 -0.22999191 -0.22999191 -0.22999191 -0.22999191  7.28895971
  3.63084948 -0.22999191 -0.22999191 -0.22999191 -0.22999191 -0.22999191
 -0.22999191 -0.22999191 -0.22999191 -0.22999191 -0.22999191 -0.22999191
 -0.22999191 -0.22999191 -0.22999191 -0.22999191 -0.22999191 -0.22999191
 -0.22999191 -0.22999191 -0.22999191 -0.22999191 -0.22999191 -0.22999191
 -0.22999191 -0.22999191 -0.22999191 -0.22999191 -0.22999191 -0.22999191
 -0.22999191 -0.22999191 -0.22999191 -0.22999191  1.37825905  0.66632838
 -0.22999191  2.28901697 -0.22999191 -0.15551054  1.00673173 -0.22999191
 -0.22999191 -0.22999191 -0.22999191 -0.22999191 -0.22999191 -0.22999191
  0.37743833  0.65820575 -0.22999191  5.31359591  2.95413486 -0.22999191
 -0.22999191 -0.22999191 -0.22999191 -0.22999191 -0.22999191 -0.22999191
 -0.22999191 -0.22999191 -0.22999191 -0.22999191 -0.22999191 -0.22999191
 -0.22999191 -0.22999191 -0.22999191 -0.22999191 -0.22999191 -0.22999191
 -0.22999191 -0.22999191 -0.22999191 -0.22999191 -0.22999191 -0.22999191
 -0.22999191 -0.22999191 -0.22999191 -0.22999191 -0.22999191 -0.22999191
 -0.22999191 -0.22999191 -0.22999191 -0.22999191 -0.22999191 -0.22999191
 -0.22999191 -0.22999191 -0.22999191 -0.22999191  2.86325073 -0.22999191
 -0.22999191 -0.22999191 -0.22999191 -0.22999191 -0.22999191 -0.22999191
 -0.22999191 -0.22999191 -0.22999191 -0.22999191 -0.22999191 -0.22999191
  6.51690246 -0.22999191 -0.22999191 -0.22999191 -0.22999191  2.66797068
 -0.22999191  0.26253995 -0.22999191 -0.22999191 -0.22999191 -0.22999191
 -0.22999191 -0.22999191 -0.22999191 -0.22999191 -0.22999191]",[0.001970210244380488]
6,"[-0.17195202 -0.17195202 -0.17195202 -0.17195202 -0.17195202 -0.17195202
 -0.17195202 -0.17195202 -0.17195202 -0.17195202 -0.17195202 -0.17195202
 -0.17195202 -0.17195202 -0.17195202 -0.17195202 -0.17195202 -0.17195202
 -0.17195202 -0.17195202 -0.17195202 -0.17195202 -0.17195202 -0.17195202
 -0.17195202 -0.17195202 -0.17195202 -0.17195202 -0.17195202 -0.17195202
 -0.17195202 -0.17195202 -0.17195202 -0.17195202 -0.17195202 -0.17195202
 -0.17195202 -0.17195202 -0.17195202 -0.17195202 -0.17195202 -0.17195202
 -0.17195202 -0.17195202 -0.17195202 -0.17195202 -0.17195202 -0.17195202
 -0.17195202 -0.17195202 -0.17195202 -0.17195202 -0.17195202 -0.17195202
 -0.17195202 -0.17195202 -0.17195202 -0.17195202 -0.17195202 -0.17195202
 -0.17195202 -0.17195202 -0.17195202 -0.17195202 -0.17195202 -0.17195202
 -0.17195202 -0.17195202 -0.17195202 -0.17195202 -0.17195202 -0.17195202
 -0.17195202 -0.17195202 -0.17195202 -0.17195202 -0.17195202 -0.17195202
 -0.17195202 -0.17195202 -0.17195202 -0.17195202 -0.17195202 -0.17195202
 -0.17195202 -0.17195202 -0.17195202 -0.17195202  2.74828943 -0.17195202
 -0.17195202  0.58973773 -0.17195202 -0.17195202 -0.17195202 -0.17195202
 -0.17195202 -0.17195202 -0.17195202 -0.17195202  6.03610845 -0.17195202
 -0.17195202  1.94148474  1.52133611 -0.17195202  5.61681616 -0.17195202
 -0.17195202 -0.17195202 -0.17195202 -0.17195202 -0.17195202 -0.17195202
 -0.17195202 -0.17195202 -0.17195202 -0.17195202 -0.17195202 -0.17195202
 -0.17195202 -0.17195202 -0.17195202 -0.17195202 -0.17195202 -0.17195202
 -0.17195202 -0.17195202 -0.17195202 -0.17195202 -0.17195202 -0.17195202
 -0.17195202 -0.17195202 -0.17195202 -0.17195202 -0.17195202 -0.17195202
 -0.17195202 -0.17195202 -0.17195202 -0.17195202 -0.17195202 -0.17195202
 -0.17195202 -0.17195202 -0.17195202 -0.17195202 -0.17195202 -0.17195202
 -0.17195202 -0.17195202 -0.17195202 -0.17195202 -0.17195202 -0.17195202
 -0.17195202 -0.17195202 -0.17195202 -0.17195202 -0.17195202 -0.17195202
  9.47654329 -0.17195202 -0.17195202 -0.17195202 -0.17195202  1.47348025
 -0.17195202 -0.17195202 -0.17195202 -0.17195202 -0.17195202 -0.17195202
 -0.17195202 -0.17195202 -0.17195202 -0.17195202 -0.17195202]",[-0.039103968162594205]
6,"[-0.28401097 -0.28401097 -0.28401097 -0.28401097 -0.28401097 -0.28401097
 -0.28401097 -0.28401097 -0.28401097 -0.28401097 -0.28401097 -0.28401097
 -0.28401097 -0.28401097 -0.28401097 -0.28401097  0.47935062 -0.28401097
 -0.28401097 -0.28401097 -0.28401097 -0.28401097 -0.28401097 -0.28401097
 -0.28401097 -0.28401097 -0.28401097 -0.28401097 -0.28401097 -0.28401097
 -0.28401097 -0.28401097 -0.28401097 -0.28401097 -0.28401097 -0.28401097
 -0.28401097 -0.28401097 -0.28401097 -0.28401097  2.90871805  0.47284326
 -0.28401097 -0.28401097 -0.28401097 -0.28401097 -0.28401097 -0.28401097
 -0.28401097 -0.28401097 -0.28401097 -0.28401097 -0.28401097  1.89833082
  3.67382461 -0.28401097 -0.28401097 -0.28401097 -0.28401097 -0.28401097
 -0.28401097 -0.28401097 -0.28401097 -0.28401097 -0.28401097 -0.28401097
 -0.28401097 -0.28401097 -0.28401097 -0.28401097 -0.28401097 -0.28401097
  5.12713336 -0.28401097 -0.28401097 -0.28401097 -0.28401097 -0.28401097
 -0.28401097 -0.28401097 -0.28401097 -0.28401097 -0.28401097 -0.28401097
 -0.28401097 -0.28401097 -0.28401097 -0.28401097  3.90671313  0.84940923
 -0.28401097  0.66240106 -0.28401097 -0.28401097  3.12252828 -0.28401097
 -0.28401097 -0.28401097  0.69078031 -0.28401097  4.29223542 -0.28401097
  3.88812799  0.56301562  4.1100049  -0.28401097  1.92797858 -0.28401097
 -0.28401097 -0.28401097 -0.28401097 -0.28401097 -0.28401097 -0.28401097
 -0.28401097 -0.28401097 -0.28401097 -0.28401097 -0.28401097 -0.28401097
 -0.28401097 -0.28401097 -0.28401097 -0.28401097 -0.28401097 -0.28401097
 -0.28401097 -0.28401097 -0.28401097 -0.28401097 -0.28401097 -0.28401097
 -0.28401097 -0.28401097 -0.28401097 -0.28401097 -0.28401097 -0.28401097
 -0.28401097 -0.28401097 -0.28401097 -0.28401097 -0.28401097 -0.28401097
 -0.28401097 -0.28401097 -0.28401097 -0.28401097 -0.28401097 -0.28401097
 -0.28401097 -0.28401097 -0.28401097 -0.28401097 -0.28401097 -0.28401097
 -0.28401097 -0.28401097 -0.28401097 -0.28401097 -0.28401097 -0.28401097
  5.64925069 -0.28401097 -0.28401097 -0.28401097 -0.28401097  0.51557938
 -0.28401097 -0.28401097 -0.28401097 -0.28401097 -0.28401097 -0.28401097
 -0.28401097 -0.28401097 -0.28401097 -0.28401097  0.70352981]",[0.02140742719865074]
6,"[-0.29343924 -0.29343924 -0.29343924 -0.29343924 -0.29343924 -0.29343924
 -0.29343924 -0.29343924 -0.29343924 -0.29343924 -0.29343924 -0.29343924
 -0.29343924 -0.29343924 -0.29343924 -0.29343924 -0.29343924 -0.29343924
 -0.29343924 -0.29343924 -0.29343924 -0.29343924 -0.29343924 -0.29343924
 -0.29343924 -0.29343924 -0.29343924 -0.29343924 -0.29343924 -0.29343924
 -0.29343924 -0.29343924 -0.29343924 -0.29343924 -0.29343924 -0.29343924
 -0.29343924 -0.29343924 -0.29343924 -0.29343924  5.38431426  2.67284967
 -0.29343924 -0.29343924 -0.29343924 -0.29343924 -0.29343924 -0.29343924
 -0.29343924 -0.29343924 -0.29343924 -0.29343924 -0.29343924  5.09029708
  1.94007064 -0.29343924  2.74945189 -0.29343924 -0.29343924 -0.29343924
 -0.29343924 -0.29343924 -0.29343924 -0.29343924 -0.29343924 -0.29343924
 -0.29343924 -0.29343924 -0.29343924 -0.29343924 -0.29343924 -0.29343924
 -0.29343924 -0.29343924 -0.29343924 -0.29343924 -0.29343924 -0.29343924
 -0.29343924 -0.29343924 -0.29343924 -0.29343924 -0.29343924 -0.29343924
 -0.29343924 -0.29343924 -0.29343924 -0.29343924 -0.29343924  0.16267288
 -0.29343924  1.18291486 -0.29343924 -0.29343924  0.15196598 -0.29343924
 -0.29343924 -0.29343924 -0.29343924 -0.29343924  2.36224054  2.09492322
  2.95481081  2.04645816  1.54156804 -0.29343924  3.19861781 -0.29343924
 -0.29343924 -0.29343924 -0.29343924 -0.29343924 -0.29343924 -0.29343924
 -0.29343924 -0.29343924 -0.29343924 -0.29343924 -0.29343924 -0.29343924
 -0.29343924 -0.29343924 -0.29343924 -0.29343924 -0.29343924 -0.29343924
 -0.29343924 -0.29343924 -0.29343924 -0.29343924 -0.29343924 -0.29343924
 -0.29343924 -0.29343924 -0.29343924 -0.29343924 -0.29343924 -0.29343924
 -0.29343924  4.52302198 -0.29343924 -0.29343924 -0.29343924 -0.29343924
 -0.29343924 -0.29343924 -0.29343924 -0.29343924 -0.29343924 -0.29343924
 -0.29343924 -0.29343924 -0.29343924 -0.29343924 -0.29343924 -0.29343924
 -0.29343924 -0.29343924 -0.29343924 -0.29343924 -0.29343924 -0.29343924
  1.95552801 -0.29343924 -0.29343924 -0.29343924 -0.29343924  2.13439204
 -0.29343924 -0.29343924 -0.29343924 -0.29343924 -0.29343924 -0.29343924
 -0.29343924 -0.29343924 -0.29343924 -0.29343924  5.09761999]",[0.0035298203759625557]
6,"[-0.29447302 -0.29447302 -0.29447302 -0.08437528 -0.29447302 -0.29447302
 -0.29447302 -0.29447302 -0.29447302 -0.29447302 -0.29447302 -0.29447302
 -0.29447302 -0.29447302 -0.29447302 -0.29447302 -0.29447302 -0.29447302
 -0.29447302 -0.29447302 -0.29447302 -0.29447302 -0.29447302 -0.29447302
 -0.29447302 -0.29447302 -0.29447302 -0.29447302 -0.29447302 -0.29447302
 -0.29447302 -0.29447302 -0.29447302 -0.29447302 -0.29447302 -0.29447302
 -0.29447302 -0.29447302 -0.29447302 -0.29447302  5.85316918  2.72328411
 -0.29447302 -0.29447302 -0.29447302 -0.29447302 -0.29447302 -0.29447302
 -0.29447302 -0.29447302 -0.29447302 -0.29447302 -0.29447302  4.69408318
  3.67767672  0.06052273  3.38059827 -0.29447302 -0.29447302 -0.29447302
 -0.29447302 -0.29447302 -0.29447302 -0.29447302 -0.29447302 -0.29447302
 -0.29447302 -0.29447302 -0.29447302 -0.29447302 -0.29447302 -0.29447302
 -0.29447302 -0.29447302 -0.29447302 -0.29447302 -0.29447302 -0.29447302
 -0.29447302 -0.29447302 -0.29447302 -0.29447302 -0.29447302 -0.29447302
 -0.29447302 -0.29447302 -0.29447302 -0.29447302 -0.29447302 -0.29447302
 -0.29447302  0.92624144 -0.29447302 -0.29447302  1.04546486 -0.29447302
 -0.29447302 -0.29447302  0.93173619 -0.29447302  2.45798734 -0.29447302
  1.31484845  0.59553106  2.60686327 -0.29447302  2.72956084 -0.29447302
 -0.29447302 -0.29447302 -0.29447302 -0.29447302 -0.29447302 -0.29447302
 -0.29447302 -0.29447302 -0.29447302 -0.29447302 -0.29447302 -0.29447302
 -0.29447302 -0.29447302 -0.29447302 -0.29447302 -0.29447302 -0.29447302
 -0.29447302 -0.29447302 -0.29447302 -0.29447302 -0.29447302 -0.29447302
 -0.29447302 -0.29447302 -0.29447302 -0.29447302 -0.29447302 -0.29447302
 -0.29447302  4.33862474 -0.29447302 -0.29447302 -0.29447302 -0.29447302
 -0.29447302 -0.29447302 -0.29447302 -0.29447302  2.57201737 -0.29447302
 -0.29447302 -0.29447302 -0.29447302 -0.29447302 -0.29447302 -0.29447302
 -0.29447302 -0.29447302 -0.29447302 -0.29447302 -0.29447302 -0.29447302
  1.17098922 -0.29447302 -0.29447302 -0.29447302 -0.29447302  0.96851066
 -0.29447302 -0.29447302 -0.29447302 -0.29447302 -0.29447302 -0.29447302
 -0.29447302 -0.29447302 -0.29447302 -0.29447302  4.85787591]",[0.004389947298154284]
6,"[-0.24490624 -0.24490624 -0.24490624 -0.24490624 -0.24490624 -0.24490624
 -0.24490624 -0.24490624 -0.24490624 -0.24490624 -0.24490624 -0.24490624
 -0.24490624 -0.24490624 -0.24490624 -0.24490624 -0.24490624 -0.24490624
 -0.24490624 -0.24490624 -0.24490624 -0.24490624 -0.24490624 -0.24490624
 -0.24490624 -0.24490624 -0.24490624 -0.24490624 -0.24490624 -0.24490624
 -0.24490624 -0.24490624 -0.24490624 -0.24490624 -0.24490624 -0.24490624
 -0.24490624 -0.24490624 -0.24490624 -0.24490624  6.96372268  0.31360167
 -0.24490624 -0.24490624 -0.24490624 -0.24490624 -0.24490624 -0.24490624
 -0.24490624 -0.24490624 -0.24490624 -0.24490624 -0.24490624  6.30515396
 -0.24490624 -0.24490624 -0.24490624 -0.24490624 -0.24490624 -0.24490624
 -0.24490624 -0.24490624 -0.24490624  0.45421014 -0.24490624 -0.24490624
 -0.24490624 -0.24490624 -0.24490624 -0.24490624 -0.24490624 -0.24490624
 -0.24490624 -0.24490624 -0.24490624 -0.24490624 -0.24490624 -0.24490624
 -0.24490624 -0.24490624 -0.24490624 -0.24490624 -0.24490624 -0.24490624
 -0.24490624 -0.24490624 -0.24490624 -0.24490624 -0.24490624  0.7775689
 -0.24490624  1.3442686  -0.24490624 -0.13323435  2.23292649 -0.24490624
 -0.24490624 -0.24490624 -0.24490624 -0.24490624  2.96135878 -0.24490624
  1.5393496   2.61959665  3.45244917 -0.24490624  3.79751401 -0.24490624
 -0.24490624 -0.24490624 -0.24490624 -0.24490624 -0.24490624 -0.24490624
 -0.24490624 -0.24490624 -0.24490624 -0.24490624 -0.24490624 -0.24490624
 -0.24490624 -0.24490624 -0.24490624 -0.24490624 -0.24490624 -0.24490624
 -0.24490624 -0.24490624 -0.24490624 -0.24490624 -0.24490624 -0.24490624
 -0.24490624 -0.24490624 -0.24490624 -0.24490624 -0.24490624 -0.24490624
 -0.24490624 -0.24490624 -0.24490624 -0.24490624 -0.24490624 -0.24490624
 -0.24490624 -0.24490624 -0.24490624 -0.24490624 -0.24490624 -0.24490624
 -0.24490624 -0.24490624 -0.24490624 -0.24490624 -0.24490624 -0.24490624
 -0.24490624 -0.24490624 -0.24490624 -0.24490624 -0.24490624 -0.24490624
  3.29043423 -0.24490624 -0.24490624 -0.24490624 -0.24490624 -0.24490624
 -0.24490624 -0.24490624 -0.24490624 -0.24490624 -0.24490624 -0.24490624
 -0.24490624 -0.24490624 -0.24490624 -0.24490624  4.24570274]",[0.005428560467235943]
6,"[-0.25852551 -0.25852551 -0.25852551 -0.25852551 -0.25852551 -0.25852551
 -0.25852551 -0.25852551 -0.25852551 -0.25852551 -0.25852551 -0.25852551
 -0.25852551 -0.25852551 -0.25852551 -0.25852551  1.64517457 -0.25852551
 -0.25852551 -0.25852551 -0.25852551 -0.25852551 -0.25852551 -0.25852551
 -0.25852551 -0.25852551 -0.25852551 -0.25852551 -0.25852551 -0.25852551
 -0.25852551 -0.25852551 -0.25852551 -0.25852551 -0.25852551 -0.25852551
 -0.25852551 -0.25852551 -0.25852551 -0.25852551  7.62409398 -0.25852551
 -0.25852551 -0.25852551 -0.25852551 -0.25852551 -0.25852551 -0.25852551
 -0.25852551 -0.25852551 -0.25852551 -0.25852551 -0.25852551  5.05719818
  4.15104717 -0.25852551 -0.25852551 -0.25852551 -0.25852551 -0.25852551
 -0.25852551 -0.25852551 -0.25852551 -0.25852551 -0.25852551 -0.25852551
 -0.25852551 -0.25852551 -0.25852551 -0.25852551 -0.25852551 -0.25852551
 -0.25852551 -0.25852551 -0.25852551 -0.25852551 -0.25852551 -0.25852551
 -0.25852551 -0.25852551 -0.25852551 -0.25852551 -0.25852551 -0.25852551
 -0.25852551 -0.25852551 -0.25852551 -0.25852551 -0.25852551  1.62572141
 -0.25852551  0.22866361 -0.25852551 -0.25852551  2.30244411 -0.25852551
 -0.25852551 -0.25852551 -0.25852551 -0.25852551  0.86264726 -0.25852551
  2.14558006  1.24316966  2.34332758  3.25793014 -0.25852551 -0.25852551
 -0.25852551 -0.25852551 -0.25852551 -0.25852551  2.85119925 -0.25852551
 -0.25852551 -0.25852551 -0.25852551 -0.25852551 -0.25852551 -0.25852551
 -0.25852551 -0.25852551 -0.25852551 -0.25852551 -0.25852551 -0.25852551
 -0.25852551 -0.25852551 -0.25852551 -0.25852551 -0.25852551 -0.25852551
 -0.25852551 -0.25852551 -0.25852551 -0.25852551 -0.25852551 -0.25852551
 -0.25852551  3.95019698 -0.25852551 -0.25852551 -0.25852551 -0.25852551
 -0.25852551 -0.25852551 -0.25852551 -0.25852551 -0.25852551 -0.25852551
 -0.25852551 -0.25852551 -0.25852551 -0.25852551 -0.25852551 -0.25852551
 -0.25852551 -0.25852551 -0.25852551 -0.25852551 -0.25852551 -0.25852551
  3.10979034 -0.25852551 -0.25852551 -0.25852551 -0.25852551 -0.25852551
 -0.25852551 -0.25852551 -0.25852551 -0.25852551 -0.25852551 -0.25852551
 -0.25852551 -0.25852551 -0.25852551 -0.25852551 -0.25852551]",[0.009472089936782835]
6,"[-0.27337629 -0.27337629 -0.27337629 -0.01196928 -0.27337629 -0.27337629
 -0.27337629 -0.27337629 -0.27337629 -0.27337629 -0.27337629 -0.27337629
 -0.27337629 -0.27337629 -0.27337629 -0.27337629 -0.27337629 -0.27337629
 -0.27337629 -0.27337629 -0.27337629 -0.27337629 -0.27337629 -0.27337629
 -0.27337629 -0.27337629 -0.27337629 -0.27337629 -0.27337629 -0.27337629
 -0.27337629 -0.27337629 -0.27337629 -0.27337629 -0.27337629 -0.27337629
 -0.27337629 -0.27337629 -0.27337629 -0.27337629  2.12420439  0.23466512
 -0.27337629 -0.27337629 -0.27337629 -0.27337629 -0.27337629 -0.27337629
 -0.27337629 -0.27337629 -0.27337629 -0.27337629 -0.27337629  0.8212696
 -0.27337629 -0.27337629 -0.27337629 -0.27337629 -0.27337629 -0.27337629
 -0.27337629 -0.27337629 -0.27337629 -0.27337629 -0.27337629 -0.27337629
 -0.27337629 -0.27337629 -0.27337629 -0.27337629 -0.27337629 -0.27337629
 -0.27337629 -0.27337629 -0.27337629 -0.27337629 -0.27337629  1.06522621
 -0.27337629 -0.27337629 -0.27337629 -0.27337629 -0.27337629 -0.27337629
 -0.27337629 -0.27337629 -0.27337629 -0.27337629 -0.27337629 -0.27337629
 -0.27337629  1.07298688 -0.27337629  2.31964762  4.10753707 -0.27337629
 -0.27337629 -0.27337629 -0.27337629 -0.27337629  3.46938749 -0.27337629
  3.35063164  2.07994453  4.15831022 -0.27337629  1.91404553 -0.27337629
 -0.27337629 -0.27337629 -0.27337629 -0.27337629 -0.27337629 -0.27337629
 -0.27337629 -0.27337629 -0.27337629 -0.27337629 -0.27337629 -0.27337629
 -0.27337629 -0.27337629 -0.27337629 -0.27337629 -0.27337629 -0.27337629
 -0.27337629 -0.27337629 -0.27337629 -0.27337629 -0.27337629 -0.27337629
 -0.27337629 -0.27337629 -0.27337629 -0.27337629 -0.27337629 -0.27337629
 -0.27337629 -0.27337629 -0.27337629 -0.27337629 -0.27337629 -0.27337629
 -0.27337629 -0.27337629 -0.27337629 -0.27337629 -0.27337629 -0.27337629
 -0.27337629 -0.27337629 -0.27337629  0.75432309 -0.27337629 -0.27337629
 -0.27337629 -0.27337629 -0.27337629 -0.27337629 -0.27337629 -0.27337629
  5.7652348  -0.27337629 -0.27337629 -0.27337629 -0.27337629  2.49916511
  1.47650957 -0.27337629 -0.27337629 -0.27337629 -0.27337629 -0.27337629
 -0.27337629 -0.27337629 -0.27337629 -0.27337629  6.81246284]",[0.011833523666710033]
6,"[-0.24025809 -0.24025809 -0.24025809 -0.24025809 -0.24025809 -0.24025809
 -0.24025809 -0.24025809 -0.24025809 -0.24025809 -0.24025809 -0.24025809
 -0.24025809 -0.24025809 -0.24025809 -0.24025809 -0.24025809 -0.24025809
 -0.24025809 -0.24025809 -0.24025809 -0.24025809 -0.24025809 -0.24025809
 -0.24025809 -0.24025809 -0.24025809 -0.24025809 -0.24025809 -0.24025809
 -0.24025809 -0.24025809 -0.24025809 -0.24025809 -0.24025809 -0.24025809
 -0.24025809 -0.24025809 -0.24025809 -0.24025809  6.74690633  0.97414863
 -0.24025809 -0.24025809 -0.24025809 -0.24025809 -0.24025809 -0.24025809
 -0.24025809 -0.24025809 -0.24025809 -0.24025809 -0.24025809  0.36896344
 -0.24025809 -0.24025809 -0.24025809 -0.24025809 -0.24025809 -0.24025809
 -0.24025809 -0.24025809 -0.24025809 -0.24025809 -0.24025809 -0.24025809
 -0.24025809 -0.24025809 -0.24025809 -0.24025809 -0.24025809 -0.24025809
 -0.24025809 -0.24025809 -0.24025809 -0.24025809  1.78028013 -0.24025809
 -0.24025809 -0.24025809 -0.24025809 -0.24025809 -0.24025809 -0.24025809
 -0.24025809 -0.24025809 -0.24025809 -0.24025809  3.82504513  0.59609649
 -0.24025809  1.19356798 -0.24025809 -0.24025809  5.55488424 -0.24025809
 -0.24025809 -0.24025809 -0.24025809 -0.24025809  0.86111405 -0.24025809
  4.25231024  2.03571721 -0.24025809 -0.24025809  3.30052741 -0.24025809
 -0.24025809 -0.24025809 -0.24025809 -0.24025809 -0.24025809 -0.24025809
 -0.24025809 -0.24025809 -0.24025809 -0.24025809 -0.24025809 -0.24025809
 -0.24025809 -0.24025809 -0.24025809 -0.24025809 -0.24025809 -0.24025809
 -0.24025809 -0.24025809 -0.24025809 -0.24025809 -0.24025809 -0.24025809
 -0.24025809 -0.24025809 -0.24025809 -0.24025809 -0.24025809 -0.24025809
 -0.24025809 -0.24025809 -0.24025809 -0.24025809 -0.24025809 -0.24025809
 -0.24025809 -0.24025809 -0.24025809 -0.24025809 -0.24025809 -0.24025809
 -0.24025809 -0.24025809 -0.24025809 -0.24025809 -0.24025809 -0.24025809
 -0.24025809 -0.24025809 -0.24025809 -0.24025809 -0.24025809 -0.24025809
  5.70983329 -0.24025809 -0.24025809 -0.24025809 -0.24025809  2.44319051
 -0.24025809 -0.24025809 -0.24025809 -0.24025809 -0.24025809 -0.24025809
 -0.24025809 -0.24025809 -0.24025809 -0.24025809 -0.24025809]",[-0.0012817113600734897]
6,"[-0.2244124  -0.2244124  -0.2244124  -0.2244124  -0.2244124  -0.2244124
 -0.2244124  -0.2244124  -0.2244124  -0.2244124  -0.2244124  -0.2244124
 -0.2244124  -0.2244124  -0.2244124  -0.2244124   0.79282742 -0.2244124
 -0.2244124  -0.2244124  -0.2244124  -0.2244124  -0.2244124  -0.2244124
 -0.2244124  -0.2244124  -0.2244124  -0.2244124  -0.2244124  -0.2244124
 -0.2244124  -0.2244124  -0.2244124  -0.2244124  -0.2244124  -0.2244124
 -0.2244124  -0.2244124  -0.2244124  -0.2244124   6.34731197  2.73430459
 -0.2244124  -0.2244124  -0.2244124  -0.2244124  -0.2244124  -0.2244124
 -0.2244124  -0.2244124  -0.2244124  -0.2244124  -0.2244124   6.76527744
 -0.00804945 -0.2244124  -0.2244124  -0.2244124  -0.2244124  -0.2244124
 -0.2244124  -0.2244124  -0.2244124  -0.2244124  -0.2244124  -0.2244124
 -0.2244124  -0.2244124  -0.2244124  -0.2244124  -0.2244124  -0.2244124
 -0.2244124  -0.2244124  -0.2244124  -0.2244124  -0.2244124  -0.2244124
 -0.2244124  -0.2244124  -0.2244124  -0.2244124  -0.2244124  -0.2244124
 -0.2244124  -0.2244124  -0.2244124  -0.2244124   0.87635851 -0.2244124
 -0.2244124   1.76773327 -0.2244124  -0.2244124   4.12517706 -0.2244124
 -0.2244124  -0.2244124  -0.2244124  -0.2244124   0.62244745 -0.2244124
  3.18789652  0.63016821 -0.2244124  -0.2244124   5.11596447 -0.2244124
 -0.2244124  -0.2244124  -0.2244124  -0.2244124  -0.2244124  -0.2244124
 -0.2244124  -0.2244124  -0.2244124  -0.2244124  -0.2244124  -0.2244124
 -0.2244124  -0.2244124  -0.2244124  -0.2244124  -0.2244124  -0.2244124
 -0.2244124  -0.2244124  -0.2244124  -0.2244124  -0.2244124  -0.2244124
 -0.2244124  -0.2244124  -0.2244124  -0.2244124  -0.2244124  -0.2244124
 -0.2244124  -0.2244124  -0.2244124  -0.2244124  -0.2244124  -0.2244124
 -0.2244124  -0.2244124  -0.2244124  -0.2244124  -0.2244124  -0.2244124
 -0.2244124  -0.2244124  -0.2244124  -0.2244124  -0.2244124  -0.2244124
 -0.2244124  -0.2244124  -0.2244124  -0.2244124  -0.2244124  -0.2244124
  4.2950409  -0.2244124  -0.2244124  -0.2244124  -0.2244124  -0.2244124
 -0.2244124  -0.2244124  -0.2244124  -0.2244124  -0.2244124  -0.2244124
 -0.2244124  -0.2244124  -0.2244124  -0.2244124  -0.2244124 ]",[0.0175770109759964]
6,"[-0.19968365 -0.19968365 -0.19968365 -0.19968365 -0.19968365 -0.19968365
 -0.19968365 -0.19968365 -0.19968365 -0.19968365 -0.19968365 -0.19968365
 -0.19968365 -0.19968365 -0.19968365 -0.19968365 -0.19968365 -0.19968365
 -0.19968365 -0.19968365 -0.19968365 -0.19968365 -0.19968365 -0.19968365
 -0.19968365 -0.19968365 -0.19968365 -0.19968365  2.76163992 -0.19968365
 -0.19968365 -0.19968365 -0.19968365 -0.19968365 -0.19968365 -0.19968365
 -0.19968365 -0.19968365 -0.19968365 -0.19968365 -0.19968365 -0.19968365
 -0.19968365 -0.19968365 -0.19968365 -0.19968365 -0.19968365 -0.19968365
 -0.19968365 -0.19968365 -0.19968365 -0.19968365 -0.19968365  1.08871474
 -0.19968365 -0.19968365 -0.19968365 -0.19968365 -0.19968365 -0.19968365
 -0.19968365 -0.19968365 -0.19968365 -0.19968365 -0.19968365 -0.19968365
 -0.19968365 -0.19968365 -0.19968365 -0.19968365 -0.19968365 -0.19968365
 -0.19968365 -0.19968365 -0.19968365 -0.19968365 -0.19968365 -0.19968365
 -0.19968365 -0.19968365 -0.19968365 -0.19968365 -0.19968365 -0.19968365
 -0.19968365 -0.19968365 -0.19968365 -0.19968365 -0.19968365 -0.19968365
 -0.19968365  5.50006899 -0.19968365 -0.19968365  5.25145345 -0.19968365
 -0.19968365 -0.19968365 -0.19968365 -0.19968365 -0.15630899 -0.19968365
  1.49312547 -0.13730202 -0.19968365 -0.19968365 -0.19968365 -0.19968365
 -0.19968365 -0.19968365 -0.19968365 -0.19968365 -0.19968365 -0.19968365
 -0.19968365 -0.19968365 -0.19968365 -0.19968365 -0.19968365 -0.19968365
 -0.19968365  1.25298749 -0.19968365 -0.19968365 -0.19968365 -0.19968365
 -0.19968365 -0.19968365 -0.19968365 -0.19968365 -0.19968365 -0.19968365
 -0.19968365 -0.19968365 -0.19968365 -0.19968365 -0.19968365 -0.19968365
 -0.19968365 -0.19968365 -0.19968365 -0.19968365 -0.19968365 -0.19968365
 -0.19968365 -0.19968365 -0.19968365 -0.19968365 -0.19968365 -0.19968365
 -0.19968365 -0.19968365 -0.19968365 -0.19968365 -0.19968365 -0.19968365
 -0.19968365 -0.19968365 -0.19968365 -0.19968365 -0.19968365 -0.19968365
  7.99176153 -0.19968365 -0.19968365 -0.19968365 -0.19968365  5.20397385
 -0.19968365 -0.19968365  3.29673827 -0.19968365 -0.19968365 -0.19968365
 -0.19968365 -0.19968365 -0.19968365 -0.19968365 -0.19968365]",[-0.22145319191583923]
6,"[-0.3162197  -0.3162197  -0.3162197  -0.3162197   1.60011986 -0.3162197
 -0.3162197  -0.3162197  -0.3162197  -0.3162197  -0.3162197  -0.3162197
 -0.3162197  -0.3162197  -0.3162197  -0.3162197   0.89100874 -0.3162197
 -0.3162197  -0.3162197  -0.3162197  -0.3162197  -0.3162197  -0.3162197
 -0.3162197  -0.3162197  -0.3162197  -0.3162197  -0.3162197  -0.3162197
 -0.3162197  -0.3162197  -0.3162197  -0.3162197  -0.3162197  -0.3162197
 -0.3162197  -0.3162197  -0.3162197  -0.3162197   4.16604459  3.93918249
 -0.3162197  -0.3162197  -0.3162197  -0.3162197  -0.3162197  -0.3162197
 -0.3162197  -0.3162197  -0.3162197  -0.3162197  -0.3162197  -0.3162197
 -0.16961931 -0.3162197  -0.3162197  -0.3162197  -0.3162197  -0.3162197
 -0.3162197  -0.3162197  -0.3162197  -0.3162197  -0.3162197  -0.3162197
 -0.3162197  -0.3162197  -0.3162197  -0.3162197  -0.3162197  -0.3162197
 -0.3162197  -0.3162197  -0.3162197  -0.3162197  -0.3162197   2.11688856
 -0.3162197  -0.3162197  -0.3162197  -0.3162197  -0.3162197  -0.3162197
 -0.3162197  -0.3162197  -0.3162197  -0.3162197  -0.3162197  -0.3162197
 -0.3162197   1.52118975 -0.3162197  -0.3162197   4.51012264 -0.3162197
 -0.3162197  -0.3162197  -0.3162197  -0.3162197   3.80351179 -0.3162197
  3.54146697  0.37470766  4.3090978  -0.3162197   4.41304776 -0.3162197
 -0.3162197  -0.3162197  -0.3162197  -0.3162197  -0.3162197   1.31160678
 -0.3162197  -0.3162197  -0.3162197  -0.3162197   1.35147418 -0.3162197
 -0.3162197   1.24877084 -0.3162197  -0.3162197  -0.3162197  -0.3162197
 -0.3162197  -0.3162197  -0.3162197  -0.3162197  -0.3162197   0.2542051
 -0.3162197  -0.3162197  -0.3162197  -0.3162197  -0.3162197  -0.3162197
 -0.3162197  -0.3162197  -0.3162197  -0.3162197  -0.3162197  -0.3162197
 -0.3162197  -0.3162197  -0.3162197  -0.3162197  -0.3162197  -0.3162197
 -0.3162197  -0.3162197  -0.3162197  -0.3162197  -0.3162197  -0.3162197
 -0.3162197  -0.3162197  -0.3162197  -0.3162197  -0.3162197  -0.3162197
  4.33392488 -0.3162197  -0.3162197  -0.3162197  -0.3162197   2.49325478
  1.50108545  0.98859024  1.14681113 -0.3162197  -0.3162197  -0.3162197
 -0.3162197  -0.3162197  -0.3162197  -0.3162197  -0.3162197 ]",[-0.0020235167568085077]
6,"[-0.25511905 -0.25511905 -0.25511905 -0.10295497 -0.25511905 -0.25511905
 -0.25511905 -0.25511905 -0.25511905 -0.25511905 -0.25511905 -0.25511905
 -0.25511905 -0.25511905 -0.25511905 -0.25511905 -0.25511905 -0.25511905
 -0.25511905 -0.25511905  0.09532337 -0.25511905 -0.25511905 -0.25511905
 -0.25511905 -0.25511905 -0.25511905 -0.25511905 -0.25511905 -0.25511905
 -0.25511905 -0.25511905 -0.25511905 -0.25511905 -0.25511905 -0.25511905
 -0.25511905 -0.25511905 -0.25511905 -0.25511905  7.3852732   2.69718437
 -0.25511905 -0.25511905 -0.25511905 -0.25511905 -0.25511905 -0.25511905
 -0.25511905 -0.25511905 -0.25511905 -0.25511905 -0.25511905 -0.25511905
  2.91311413 -0.25511905 -0.25511905 -0.25511905 -0.25511905 -0.25511905
 -0.25511905 -0.25511905 -0.25511905 -0.25511905 -0.25511905 -0.25511905
 -0.25511905 -0.25511905 -0.25511905 -0.25511905 -0.25511905 -0.25511905
 -0.25511905 -0.25511905 -0.25511905 -0.25511905 -0.25511905 -0.25511905
 -0.25511905 -0.25511905 -0.25511905 -0.25511905 -0.25511905 -0.25511905
 -0.25511905 -0.25511905 -0.25511905 -0.25511905  0.64187388 -0.25511905
 -0.25511905  1.24579476 -0.25511905 -0.25511905  4.47666422 -0.25511905
 -0.25511905 -0.25511905 -0.25511905 -0.25511905  3.46051943 -0.25511905
  2.83718248  0.55360026  1.46712405 -0.25511905  4.00030534  1.72010068
 -0.25511905 -0.25511905 -0.25511905 -0.25511905 -0.25511905 -0.25511905
 -0.25511905 -0.25511905 -0.25511905 -0.25511905  0.95460242 -0.25511905
 -0.25511905 -0.25511905 -0.25511905 -0.25511905 -0.25511905 -0.25511905
 -0.25511905 -0.25511905 -0.25511905 -0.25511905 -0.25511905 -0.25511905
 -0.25511905 -0.25511905 -0.25511905 -0.25511905 -0.25511905 -0.25511905
 -0.25511905 -0.25511905 -0.25511905 -0.25511905 -0.25511905 -0.25511905
 -0.25511905 -0.25511905 -0.25511905 -0.25511905 -0.25511905 -0.25511905
 -0.25511905 -0.25511905 -0.25511905 -0.25511905 -0.25511905 -0.25511905
 -0.25511905 -0.25511905 -0.25511905 -0.25511905 -0.25511905 -0.25511905
  5.65826509 -0.25511905 -0.25511905 -0.25511905 -0.25511905 -0.25511905
 -0.25511905  1.32531307 -0.25511905 -0.25511905 -0.25511905 -0.25511905
 -0.25511905 -0.25511905 -0.25511905 -0.25511905 -0.25511905]",[0.0693114389621668]
6,"[-0.25792668 -0.25792668 -0.25792668 -0.25792668 -0.25792668 -0.25792668
 -0.25792668 -0.25792668 -0.25792668 -0.25792668 -0.25792668 -0.25792668
 -0.25792668 -0.25792668 -0.25792668 -0.25792668  0.84466783 -0.25792668
 -0.25792668 -0.25792668 -0.25792668 -0.25792668 -0.25792668 -0.25792668
 -0.25792668 -0.25792668 -0.25792668 -0.25792668 -0.25792668 -0.25792668
 -0.25792668 -0.25792668 -0.25792668 -0.25792668 -0.25792668 -0.25792668
 -0.25792668 -0.25792668 -0.25792668 -0.25792668  6.87758151  1.73389801
 -0.25792668 -0.25792668 -0.25792668 -0.25792668 -0.25792668 -0.25792668
 -0.25792668 -0.25792668 -0.25792668 -0.25792668 -0.25792668 -0.25792668
 -0.25792668 -0.25792668 -0.25792668 -0.25792668 -0.25792668 -0.25792668
 -0.25792668 -0.25792668 -0.25792668 -0.25792668 -0.25792668 -0.25792668
 -0.25792668 -0.25792668 -0.25792668 -0.25792668 -0.25792668 -0.25792668
 -0.25792668 -0.25792668 -0.25792668 -0.25792668 -0.25792668 -0.25792668
 -0.25792668 -0.25792668 -0.25792668 -0.25792668 -0.25792668 -0.25792668
 -0.25792668 -0.25792668 -0.25792668 -0.25792668  2.74553056 -0.25792668
 -0.25792668  1.33935749 -0.25792668 -0.25792668  3.72083757 -0.25792668
 -0.25792668 -0.25792668 -0.25792668 -0.25792668  2.86266718 -0.25792668
  4.93741993  0.60167576  4.44812949 -0.25792668  3.04727016 -0.25792668
 -0.25792668 -0.25792668 -0.25792668 -0.25792668 -0.25792668 -0.25792668
 -0.25792668 -0.25792668 -0.25792668 -0.25792668 -0.25792668 -0.25792668
 -0.25792668 -0.25792668 -0.25792668 -0.25792668 -0.25792668 -0.25792668
 -0.25792668 -0.25792668 -0.25792668 -0.25792668 -0.25792668  1.06982181
 -0.25792668 -0.25792668 -0.25792668 -0.25792668 -0.25792668  0.20137073
 -0.25792668 -0.25792668 -0.25792668 -0.25792668 -0.25792668 -0.25792668
 -0.25792668 -0.25792668 -0.25792668 -0.25792668 -0.25792668 -0.25792668
 -0.25792668 -0.25792668 -0.25792668 -0.25792668 -0.25792668 -0.25792668
 -0.25792668 -0.25792668 -0.25792668 -0.25792668 -0.25792668 -0.25792668
  5.26125471 -0.25792668 -0.25792668 -0.25792668 -0.25792668 -0.25792668
 -0.25792668  0.77301772  1.57754898 -0.25792668 -0.25792668 -0.25792668
 -0.25792668 -0.25792668 -0.25792668 -0.25792668 -0.25792668]",[-0.1249982406962572]
7,"[-0.24443306 -0.24443306 -0.24443306 -0.24443306 -0.24443306 -0.24443306
 -0.24443306 -0.24443306 -0.24443306 -0.24443306 -0.24443306 -0.24443306
 -0.24443306 -0.24443306 -0.24443306 -0.24443306 -0.24443306 -0.24443306
 -0.24443306 -0.24443306 -0.24443306 -0.24443306 -0.24443306 -0.24443306
 -0.24443306 -0.24443306 -0.24443306 -0.24443306 -0.24443306 -0.24443306
 -0.24443306 -0.24443306 -0.24443306 -0.24443306 -0.24443306 -0.24443306
 -0.24443306 -0.24443306 -0.24443306 -0.24443306  1.18537307 -0.24443306
 -0.24443306 -0.24443306 -0.24443306 -0.24443306 -0.24443306 -0.24443306
 -0.24443306 -0.24443306 -0.24443306 -0.24443306 -0.24443306  5.40797689
  3.03587877 -0.24443306 -0.24443306 -0.24443306 -0.24443306 -0.24443306
 -0.24443306 -0.24443306 -0.24443306 -0.24443306 -0.24443306 -0.24443306
 -0.24443306 -0.24443306 -0.24443306 -0.24443306 -0.24443306 -0.24443306
 -0.24443306 -0.24443306 -0.24443306 -0.24443306 -0.24443306  3.42458953
 -0.24443306 -0.24443306 -0.24443306 -0.24443306 -0.24443306  4.35868054
 -0.24443306 -0.24443306 -0.24443306 -0.24443306 -0.24443306 -0.24443306
 -0.24443306  3.86338494 -0.24443306 -0.24443306  0.23643925 -0.24443306
 -0.24443306 -0.24443306 -0.24443306 -0.24443306 -0.24443306 -0.24443306
  4.69923797  0.09982967 -0.24443306 -0.24443306 -0.24443306 -0.24443306
 -0.24443306 -0.24443306 -0.24443306 -0.24443306 -0.24443306 -0.24443306
 -0.24443306 -0.24443306 -0.24443306 -0.24443306 -0.24443306 -0.24443306
 -0.24443306 -0.24443306 -0.24443306 -0.24443306 -0.24443306 -0.24443306
 -0.24443306 -0.24443306 -0.24443306 -0.24443306 -0.24443306 -0.24443306
 -0.24443306 -0.24443306 -0.24443306 -0.24443306 -0.24443306 -0.24443306
 -0.24443306 -0.24443306 -0.24443306 -0.24443306  2.1487224  -0.24443306
 -0.24443306 -0.24443306 -0.24443306 -0.24443306  1.38862199 -0.24443306
 -0.24443306 -0.24443306 -0.24443306 -0.24443306 -0.24443306 -0.24443306
 -0.24443306 -0.24443306 -0.24443306 -0.24443306 -0.24443306 -0.24443306
  6.41329335 -0.24443306 -0.24443306 -0.24443306 -0.24443306  3.69569043
  0.37373541 -0.24443306 -0.24443306 -0.24443306 -0.24443306 -0.24443306
 -0.24443306 -0.24443306 -0.24443306 -0.24443306 -0.24443306]",[0.00664418565439609]
7,"[-0.21150039 -0.21150039 -0.21150039 -0.21150039 -0.21150039 -0.21150039
 -0.21150039 -0.21150039 -0.21150039 -0.21150039 -0.21150039 -0.21150039
 -0.21150039 -0.21150039 -0.21150039 -0.21150039 -0.21150039 -0.21150039
 -0.21150039 -0.21150039 -0.21150039 -0.21150039 -0.21150039 -0.21150039
 -0.21150039 -0.21150039 -0.21150039 -0.21150039 -0.21150039 -0.21150039
 -0.21150039 -0.21150039 -0.21150039 -0.21150039 -0.21150039 -0.21150039
 -0.21150039 -0.21150039 -0.21150039 -0.21150039  3.1592696  -0.21150039
 -0.21150039 -0.21150039 -0.21150039 -0.21150039 -0.21150039 -0.21150039
 -0.21150039 -0.21150039 -0.21150039 -0.21150039 -0.21150039 -0.21150039
 -0.21150039 -0.21150039 -0.21150039 -0.21150039 -0.21150039 -0.21150039
 -0.21150039 -0.21150039 -0.21150039 -0.21150039 -0.21150039 -0.21150039
 -0.21150039 -0.21150039 -0.21150039 -0.21150039 -0.21150039 -0.21150039
 -0.21150039 -0.21150039 -0.21150039 -0.21150039 -0.21150039 -0.21150039
 -0.21150039 -0.21150039 -0.21150039 -0.21150039 -0.21150039  1.39062748
 -0.21150039 -0.21150039 -0.21150039 -0.21150039  1.88571017 -0.21150039
 -0.21150039  3.87925334 -0.21150039 -0.05720766  5.34741496 -0.21150039
 -0.21150039 -0.21150039 -0.21150039 -0.21150039 -0.03322265 -0.21150039
 -0.21150039  0.36047275  6.42409945 -0.21150039  3.09949661 -0.21150039
 -0.21150039 -0.21150039 -0.21150039 -0.21150039 -0.21150039 -0.21150039
 -0.21150039 -0.21150039 -0.21150039 -0.21150039 -0.21150039 -0.21150039
 -0.21150039 -0.21150039 -0.21150039 -0.21150039 -0.21150039 -0.21150039
 -0.21150039 -0.21150039 -0.21150039 -0.21150039 -0.21150039 -0.21150039
 -0.21150039 -0.21150039 -0.21150039 -0.21150039 -0.21150039 -0.21150039
 -0.21150039 -0.21150039 -0.21150039 -0.21150039 -0.21150039 -0.21150039
 -0.21150039 -0.21150039 -0.21150039 -0.21150039 -0.21150039 -0.21150039
 -0.21150039 -0.21150039 -0.21150039 -0.21150039 -0.21150039 -0.21150039
 -0.21150039 -0.21150039 -0.21150039 -0.21150039 -0.21150039 -0.21150039
  7.45715992 -0.21150039 -0.21150039 -0.21150039 -0.21150039  2.40749185
 -0.21150039 -0.21150039 -0.21150039 -0.21150039 -0.21150039 -0.21150039
 -0.21150039 -0.21150039 -0.21150039 -0.21150039 -0.21150039]",[-0.015172758307718054]
7,"[-0.2243383  -0.2243383  -0.2243383  -0.2243383  -0.2243383  -0.2243383
 -0.2243383  -0.2243383  -0.2243383  -0.2243383  -0.2243383  -0.2243383
 -0.2243383  -0.2243383  -0.2243383  -0.2243383  -0.2243383  -0.2243383
 -0.2243383  -0.2243383  -0.2243383  -0.2243383  -0.2243383  -0.2243383
 -0.2243383  -0.2243383  -0.2243383  -0.2243383  -0.2243383  -0.2243383
 -0.2243383  -0.2243383  -0.2243383  -0.2243383  -0.2243383  -0.2243383
 -0.2243383  -0.2243383  -0.2243383  -0.2243383   7.01382369 -0.2243383
 -0.2243383  -0.2243383  -0.2243383  -0.2243383  -0.2243383  -0.2243383
 -0.2243383  -0.2243383  -0.2243383  -0.2243383  -0.2243383   0.31708726
 -0.2243383  -0.2243383  -0.2243383  -0.2243383  -0.2243383  -0.2243383
 -0.2243383  -0.2243383  -0.2243383  -0.2243383  -0.2243383  -0.2243383
 -0.2243383  -0.2243383  -0.2243383  -0.2243383  -0.2243383  -0.2243383
 -0.2243383  -0.2243383  -0.2243383  -0.2243383  -0.2243383  -0.2243383
 -0.2243383  -0.2243383  -0.2243383  -0.2243383  -0.2243383   2.90062599
 -0.2243383  -0.2243383  -0.2243383  -0.2243383  -0.2243383   3.69735922
 -0.2243383   3.80070219 -0.2243383  -0.2243383   4.88897928 -0.2243383
 -0.2243383  -0.2243383  -0.2243383  -0.2243383  -0.17152715 -0.2243383
  2.58619127 -0.2243383  -0.2243383  -0.2243383   4.69258351 -0.2243383
 -0.2243383  -0.2243383  -0.2243383  -0.2243383  -0.2243383  -0.2243383
 -0.2243383  -0.2243383  -0.2243383  -0.2243383  -0.2243383  -0.2243383
 -0.2243383  -0.2243383  -0.2243383  -0.2243383  -0.2243383  -0.2243383
 -0.2243383  -0.2243383  -0.2243383  -0.2243383  -0.2243383  -0.2243383
 -0.2243383  -0.2243383  -0.2243383  -0.2243383  -0.2243383  -0.2243383
 -0.2243383  -0.2243383  -0.2243383  -0.2243383  -0.2243383  -0.2243383
 -0.2243383  -0.2243383  -0.2243383  -0.2243383  -0.2243383  -0.2243383
 -0.2243383  -0.2243383  -0.2243383  -0.2243383  -0.2243383  -0.2243383
 -0.2243383  -0.2243383  -0.2243383  -0.2243383  -0.2243383  -0.2243383
  4.41522855 -0.2243383  -0.2243383  -0.2243383  -0.2243383   3.54777991
 -0.2243383  -0.2243383  -0.2243383  -0.2243383  -0.2243383  -0.2243383
 -0.2243383  -0.2243383  -0.2243383  -0.2243383  -0.2243383 ]",[0.00015387487916806997]
7,"[-0.3499512  -0.3499512  -0.3499512  -0.32420947 -0.3499512  -0.3499512
 -0.3499512  -0.3499512  -0.3499512  -0.3499512  -0.3499512  -0.3499512
 -0.3499512  -0.3499512  -0.3499512  -0.3499512   1.17252282 -0.3499512
 -0.3499512  -0.3499512  -0.3499512  -0.3499512  -0.3499512  -0.3499512
 -0.3499512  -0.3499512  -0.3499512  -0.3499512   1.73886641 -0.3499512
 -0.3499512  -0.3499512  -0.3499512  -0.3499512  -0.3499512  -0.3499512
 -0.3499512  -0.3499512  -0.3499512  -0.3499512   5.15831867  0.66483101
 -0.3499512  -0.3499512  -0.3499512  -0.3499512  -0.3499512  -0.3499512
 -0.3499512  -0.3499512  -0.3499512  -0.3499512  -0.3499512   2.43287378
  1.39520203 -0.17270631 -0.3499512  -0.3499512  -0.3499512  -0.3499512
 -0.3499512  -0.3499512  -0.3499512  -0.3499512  -0.3499512  -0.3499512
 -0.3499512  -0.3499512  -0.3499512  -0.3499512  -0.3499512  -0.3499512
 -0.26984144 -0.3499512  -0.3499512  -0.3499512  -0.3499512   1.85533541
 -0.3499512  -0.3499512  -0.3499512  -0.3499512  -0.3499512  -0.3499512
 -0.3499512  -0.3499512  -0.3499512   1.5142597   2.31656224 -0.3499512
 -0.3499512   2.41777779 -0.3499512  -0.19010383  3.74103752 -0.3499512
 -0.3499512  -0.3499512  -0.3499512  -0.3499512   1.93907854 -0.3499512
  1.48893327  2.07258215  2.11640544 -0.3499512   3.2852317   2.41973331
  0.60451499 -0.3499512  -0.3499512  -0.3499512  -0.3499512  -0.3499512
 -0.3499512  -0.3499512  -0.3499512  -0.3499512  -0.3499512  -0.3499512
 -0.3499512  -0.3499512  -0.3499512  -0.3499512  -0.3499512  -0.3499512
 -0.3499512  -0.3499512  -0.3499512  -0.3499512  -0.3499512  -0.3499512
 -0.3499512  -0.3499512  -0.3499512  -0.3499512  -0.3499512  -0.3499512
 -0.3499512   4.33864689 -0.3499512  -0.3499512   3.23936716 -0.3499512
 -0.3499512  -0.3499512  -0.3499512  -0.3499512  -0.3499512  -0.3499512
 -0.3499512   0.84009292 -0.3499512  -0.3499512  -0.3499512  -0.3499512
 -0.3499512  -0.3499512  -0.3499512  -0.3499512  -0.3499512  -0.3499512
  3.09180861 -0.3499512  -0.3499512  -0.3499512  -0.3499512   4.30546042
 -0.3499512  -0.3499512  -0.3499512  -0.3499512  -0.3499512  -0.3499512
 -0.3499512  -0.3499512  -0.3499512  -0.3499512  -0.3499512 ]",[0.0749261518794162]
7,"[-0.23122936 -0.23122936 -0.23122936 -0.23122936 -0.23122936 -0.23122936
 -0.23122936 -0.23122936 -0.23122936 -0.23122936 -0.23122936 -0.23122936
 -0.23122936 -0.23122936 -0.23122936 -0.23122936  1.08752663 -0.23122936
 -0.23122936 -0.23122936 -0.23122936 -0.23122936 -0.23122936 -0.23122936
 -0.23122936 -0.23122936 -0.23122936 -0.23122936 -0.23122936 -0.23122936
 -0.23122936 -0.23122936 -0.23122936 -0.23122936 -0.23122936 -0.23122936
 -0.23122936 -0.23122936 -0.23122936 -0.23122936  6.29235124 -0.23122936
 -0.23122936 -0.23122936 -0.23122936 -0.23122936 -0.23122936 -0.23122936
 -0.23122936 -0.23122936 -0.23122936 -0.23122936 -0.23122936  6.56574448
 -0.23122936 -0.23122936 -0.23122936 -0.23122936 -0.23122936 -0.23122936
 -0.23122936 -0.23122936 -0.23122936 -0.23122936 -0.23122936 -0.23122936
 -0.23122936 -0.23122936 -0.23122936 -0.23122936 -0.23122936 -0.23122936
  0.41210024 -0.23122936 -0.23122936 -0.23122936 -0.23122936 -0.23122936
 -0.23122936 -0.23122936 -0.23122936 -0.23122936 -0.23122936 -0.23122936
 -0.23122936 -0.23122936 -0.23122936  1.42794756 -0.23122936 -0.23122936
 -0.23122936  1.66788336 -0.23122936 -0.23122936  3.70022986 -0.23122936
 -0.23122936 -0.23122936 -0.23122936 -0.23122936  1.73871358 -0.23122936
  4.36168252  0.49724378 -0.23122936 -0.23122936  4.19383671 -0.23122936
 -0.23122936 -0.23122936 -0.23122936 -0.23122936 -0.23122936 -0.23122936
 -0.23122936 -0.23122936 -0.23122936 -0.23122936 -0.23122936 -0.23122936
 -0.23122936 -0.23122936 -0.23122936 -0.23122936 -0.23122936 -0.23122936
 -0.23122936 -0.23122936 -0.23122936 -0.23122936 -0.23122936 -0.23122936
 -0.23122936 -0.23122936 -0.23122936 -0.23122936 -0.23122936 -0.23122936
 -0.23122936 -0.23122936 -0.23122936 -0.23122936 -0.23122936 -0.23122936
 -0.23122936 -0.23122936 -0.23122936 -0.23122936 -0.23122936 -0.23122936
 -0.23122936 -0.23122936 -0.23122936 -0.23122936 -0.23122936 -0.23122936
 -0.23122936 -0.23122936 -0.23122936 -0.23122936 -0.23122936 -0.23122936
  5.08281816 -0.23122936 -0.23122936 -0.23122936 -0.23122936  1.35599498
 -0.23122936 -0.23122936 -0.23122936 -0.23122936 -0.23122936 -0.23122936
 -0.23122936 -0.23122936 -0.23122936 -0.23122936 -0.23122936]",[-0.01429583454043229]
7,"[-0.19130536 -0.19130536 -0.19130536 -0.19130536 -0.19130536 -0.19130536
 -0.19130536 -0.19130536 -0.19130536 -0.19130536 -0.19130536 -0.19130536
 -0.19130536 -0.19130536 -0.19130536 -0.19130536 -0.19130536 -0.19130536
 -0.19130536 -0.19130536 -0.19130536 -0.19130536 -0.19130536 -0.19130536
 -0.19130536 -0.19130536 -0.19130536 -0.19130536 -0.19130536 -0.19130536
 -0.19130536 -0.19130536 -0.19130536 -0.19130536 -0.19130536 -0.19130536
 -0.19130536 -0.19130536 -0.19130536 -0.19130536  8.45023865 -0.19130536
 -0.19130536 -0.19130536 -0.19130536 -0.19130536 -0.19130536 -0.19130536
 -0.19130536 -0.19130536 -0.19130536 -0.19130536 -0.19130536 -0.19130536
 -0.19130536 -0.19130536 -0.19130536 -0.19130536 -0.19130536 -0.19130536
 -0.19130536 -0.19130536 -0.19130536 -0.19130536 -0.19130536 -0.19130536
 -0.19130536 -0.19130536 -0.19130536 -0.19130536 -0.19130536 -0.19130536
 -0.19130536 -0.19130536 -0.19130536 -0.19130536 -0.19130536 -0.19130536
 -0.19130536 -0.19130536 -0.19130536 -0.19130536 -0.19130536 -0.19130536
 -0.19130536 -0.19130536 -0.19130536 -0.19130536  1.63562654 -0.19130536
 -0.19130536  0.71802925 -0.19130536 -0.19130536  5.04028589 -0.19130536
 -0.19130536 -0.19130536 -0.19130536 -0.19130536  3.15093408 -0.19130536
 -0.19130536  0.30768257  5.54829541 -0.19130536  2.70643717 -0.19130536
 -0.19130536 -0.19130536 -0.19130536 -0.19130536 -0.19130536 -0.19130536
 -0.19130536 -0.19130536 -0.19130536 -0.19130536 -0.19130536 -0.19130536
 -0.19130536 -0.19130536 -0.19130536 -0.19130536 -0.19130536 -0.19130536
 -0.19130536 -0.19130536 -0.19130536 -0.19130536 -0.19130536 -0.19130536
 -0.19130536 -0.19130536 -0.19130536 -0.19130536 -0.19130536 -0.19130536
 -0.19130536 -0.19130536 -0.19130536 -0.19130536 -0.19130536 -0.19130536
 -0.19130536 -0.19130536 -0.19130536 -0.19130536 -0.19130536 -0.19130536
 -0.19130536 -0.19130536 -0.19130536 -0.19130536 -0.19130536 -0.19130536
 -0.19130536 -0.19130536 -0.19130536 -0.19130536 -0.19130536 -0.19130536
  4.96438216 -0.19130536 -0.19130536 -0.19130536 -0.19130536 -0.19130536
 -0.19130536 -0.19130536 -0.19130536 -0.19130536 -0.19130536 -0.19130536
 -0.19130536 -0.19130536 -0.19130536 -0.19130536 -0.19130536]",[-0.10993512944304823]
7,"[-0.22490201 -0.22490201 -0.22490201 -0.22490201 -0.22490201 -0.22490201
 -0.22490201 -0.22490201 -0.22490201 -0.22490201 -0.22490201 -0.22490201
 -0.22490201 -0.22490201 -0.22490201 -0.22490201 -0.22490201 -0.22490201
 -0.22490201 -0.22490201 -0.22490201 -0.22490201 -0.22490201 -0.22490201
 -0.22490201 -0.22490201 -0.22490201 -0.22490201 -0.22490201 -0.22490201
 -0.22490201 -0.22490201 -0.22490201 -0.22490201 -0.22490201 -0.22490201
 -0.22490201 -0.22490201 -0.22490201 -0.22490201  2.55217557 -0.22490201
 -0.22490201 -0.22490201 -0.22490201 -0.22490201 -0.22490201 -0.22490201
 -0.22490201 -0.22490201 -0.22490201 -0.22490201 -0.22490201  1.03777876
 -0.22490201 -0.22490201 -0.22490201 -0.22490201 -0.22490201 -0.22490201
 -0.22490201 -0.22490201 -0.22490201 -0.22490201 -0.22490201 -0.22490201
 -0.22490201 -0.22490201 -0.22490201 -0.22490201 -0.22490201 -0.22490201
 -0.22490201 -0.22490201 -0.22490201 -0.22490201 -0.22490201  2.17970028
 -0.22490201 -0.22490201 -0.22490201 -0.22490201  5.53239485  5.35459204
 -0.22490201 -0.22490201 -0.22490201 -0.22490201 -0.22490201 -0.22490201
 -0.22490201  3.00447267 -0.22490201 -0.22490201  6.42260065 -0.22490201
 -0.22490201 -0.22490201 -0.22490201 -0.22490201  5.03225264 -0.22490201
 -0.22490201 -0.22490201  0.06228725 -0.22490201  0.19535956 -0.22490201
 -0.22490201 -0.22490201 -0.22490201 -0.22490201 -0.22490201 -0.22490201
 -0.22490201 -0.22490201 -0.22490201 -0.22490201 -0.22490201 -0.22490201
 -0.22490201 -0.22490201 -0.22490201 -0.22490201 -0.22490201 -0.22490201
 -0.22490201 -0.22490201 -0.22490201 -0.22490201 -0.22490201 -0.22490201
 -0.22490201 -0.22490201 -0.22490201 -0.22490201 -0.22490201 -0.22490201
 -0.22490201 -0.22490201 -0.22490201 -0.22490201 -0.22490201 -0.22490201
 -0.22490201 -0.22490201 -0.22490201 -0.22490201 -0.22490201 -0.22490201
 -0.22490201 -0.22490201 -0.22490201 -0.22490201 -0.22490201 -0.22490201
 -0.22490201 -0.22490201 -0.22490201 -0.22490201 -0.22490201 -0.22490201
  1.649815   -0.22490201 -0.22490201 -0.22490201 -0.22490201  4.53520715
 -0.22490201 -0.22490201 -0.22490201 -0.22490201 -0.22490201 -0.22490201
 -0.22490201 -0.22490201 -0.22490201 -0.22490201 -0.22490201]",[-0.03998267956205004]
7,"[-0.24061421 -0.24061421 -0.24061421 -0.13056523 -0.24061421 -0.24061421
 -0.24061421 -0.24061421 -0.24061421 -0.24061421 -0.24061421 -0.24061421
 -0.24061421 -0.24061421 -0.24061421 -0.24061421 -0.24061421 -0.24061421
 -0.24061421 -0.24061421  1.24985989 -0.24061421 -0.24061421 -0.24061421
 -0.24061421 -0.24061421 -0.24061421 -0.24061421  0.75401942 -0.24061421
 -0.24061421 -0.24061421 -0.24061421 -0.24061421 -0.24061421 -0.24061421
 -0.24061421 -0.24061421 -0.24061421 -0.24061421  6.12668227  0.66960772
 -0.24061421 -0.24061421 -0.24061421 -0.24061421 -0.24061421 -0.24061421
 -0.24061421 -0.24061421 -0.24061421 -0.24061421 -0.24061421  4.83701701
 -0.09289975 -0.24061421 -0.24061421 -0.24061421 -0.24061421 -0.24061421
 -0.24061421 -0.24061421 -0.24061421 -0.24061421 -0.24061421 -0.24061421
 -0.24061421 -0.24061421 -0.24061421 -0.24061421 -0.24061421 -0.24061421
 -0.24061421 -0.24061421 -0.24061421 -0.24061421 -0.24061421 -0.24061421
 -0.24061421 -0.24061421 -0.24061421 -0.24061421 -0.24061421  2.97265703
 -0.24061421 -0.24061421 -0.24061421 -0.24061421  3.88007715  0.21218335
 -0.24061421  4.15618346 -0.24061421 -0.24061421  1.39099788 -0.24061421
 -0.24061421 -0.24061421 -0.24061421 -0.24061421  1.03800221 -0.24061421
 -0.24061421 -0.24061421 -0.24061421 -0.24061421  3.99890161 -0.24061421
 -0.24061421 -0.24061421 -0.24061421 -0.24061421 -0.24061421 -0.24061421
 -0.24061421 -0.24061421 -0.24061421 -0.24061421 -0.24061421 -0.24061421
 -0.24061421 -0.24061421 -0.24061421 -0.24061421 -0.24061421 -0.24061421
 -0.24061421 -0.24061421 -0.24061421 -0.24061421 -0.24061421 -0.24061421
 -0.24061421 -0.24061421 -0.24061421 -0.24061421 -0.24061421 -0.24061421
 -0.24061421 -0.24061421 -0.24061421 -0.24061421 -0.24061421 -0.24061421
 -0.24061421 -0.24061421 -0.24061421 -0.24061421 -0.24061421 -0.24061421
 -0.24061421 -0.24061421 -0.24061421 -0.24061421 -0.24061421 -0.24061421
 -0.24061421 -0.24061421 -0.24061421 -0.24061421 -0.24061421 -0.24061421
  6.58266649 -0.24061421 -0.24061421 -0.24061421 -0.24061421 -0.24061421
 -0.24061421  1.57472519 -0.24061421 -0.24061421 -0.24061421 -0.24061421
 -0.24061421 -0.24061421 -0.24061421 -0.24061421 -0.24061421]",[-0.010499211345968734]
7,"[-0.27869611 -0.27869611 -0.27869611  0.32456977 -0.27869611 -0.27869611
 -0.27869611 -0.27869611 -0.27869611 -0.27869611 -0.27869611 -0.27869611
 -0.27869611 -0.27869611 -0.27869611 -0.27869611  0.84405537 -0.27869611
 -0.27869611 -0.27869611 -0.27869611 -0.27869611 -0.27869611 -0.27869611
 -0.27869611 -0.27869611 -0.27869611 -0.27869611 -0.27869611 -0.27869611
 -0.27869611 -0.27869611 -0.27869611 -0.27869611 -0.27869611 -0.27869611
 -0.27869611 -0.27869611 -0.27869611 -0.27869611  4.88062048  1.09514672
 -0.27869611 -0.27869611 -0.27869611 -0.27869611 -0.27869611 -0.27869611
 -0.27869611 -0.27869611 -0.27869611 -0.27869611 -0.27869611  0.52162382
 -0.27869611 -0.27869611 -0.27869611 -0.27869611 -0.27869611 -0.27869611
 -0.27869611 -0.27869611 -0.27869611 -0.27869611 -0.27869611 -0.27869611
 -0.27869611 -0.27869611 -0.27869611 -0.27869611 -0.27869611 -0.27869611
 -0.27869611 -0.27869611 -0.27869611 -0.27869611 -0.27869611 -0.27869611
 -0.27869611 -0.27869611 -0.27869611 -0.27869611 -0.27869611 -0.27869611
 -0.27869611 -0.27869611 -0.27869611 -0.27869611  1.80198762 -0.27869611
 -0.27869611  1.68573208 -0.27869611 -0.27869611  3.37103086 -0.27869611
 -0.27869611 -0.27869611 -0.27869611 -0.27869611  3.67273605 -0.27869611
  4.34921535  2.97308758  4.32154067 -0.27869611  2.78592563  0.97185994
 -0.27869611 -0.27869611 -0.27869611 -0.27869611 -0.27869611 -0.27869611
 -0.27869611 -0.27869611 -0.27869611 -0.27869611 -0.27869611 -0.27869611
 -0.27869611 -0.27869611 -0.27869611 -0.27869611 -0.27869611 -0.27869611
 -0.27869611 -0.27869611 -0.27869611 -0.27869611 -0.27869611 -0.27869611
 -0.27869611 -0.27869611 -0.27869611 -0.27869611 -0.27869611 -0.27869611
 -0.27869611  5.35601532 -0.27869611 -0.27869611 -0.27869611 -0.27869611
 -0.27869611 -0.27869611 -0.27869611 -0.27869611 -0.27869611 -0.27869611
 -0.27869611 -0.27869611 -0.27869611 -0.27869611 -0.27869611 -0.27869611
 -0.27869611 -0.27869611 -0.27869611 -0.27869611 -0.27869611 -0.27869611
  4.88033927 -0.27869611 -0.27869611 -0.27869611 -0.27869611  1.3132826
 -0.27869611 -0.27869611 -0.27869611 -0.27869611 -0.27869611 -0.27869611
 -0.27869611 -0.27869611 -0.27869611 -0.27869611 -0.27869611]",[0.013537103249943117]
7,"[-0.1631735  -0.1631735  -0.1631735  -0.1631735  -0.1631735  -0.1631735
 -0.1631735  -0.1631735  -0.1631735  -0.1631735  -0.1631735  -0.1631735
 -0.1631735  -0.1631735  -0.1631735  -0.1631735   1.16345861 -0.1631735
 -0.1631735  -0.1631735  -0.1631735  -0.1631735  -0.1631735  -0.1631735
 -0.1631735  -0.1631735  -0.1631735  -0.1631735  -0.1631735  -0.1631735
 -0.1631735  -0.1631735  -0.1631735  -0.1631735  -0.1631735  -0.1631735
 -0.1631735  -0.1631735  -0.1631735  -0.1631735   1.625977    0.20155632
 -0.1631735  -0.1631735  -0.1631735  -0.1631735  -0.1631735  -0.1631735
 -0.1631735  -0.1631735  -0.1631735  -0.1631735  -0.1631735  -0.1631735
 -0.1631735  -0.1631735  -0.1631735  -0.1631735  -0.1631735  -0.1631735
 -0.1631735  -0.1631735  -0.1631735  -0.1631735  -0.1631735  -0.1631735
 -0.1631735  -0.1631735  -0.1631735  -0.1631735  -0.1631735  -0.1631735
 -0.1631735  -0.1631735  -0.1631735  -0.1631735  -0.1631735  -0.1631735
 -0.1631735  -0.1631735  -0.1631735  -0.1631735  -0.1631735  -0.1631735
 -0.1631735  -0.1631735  -0.1631735   1.89563351 -0.1631735  -0.1631735
 -0.1631735   7.31299674 -0.1631735  -0.1631735   0.55315997 -0.1631735
 -0.1631735  -0.1631735  -0.1631735  -0.1631735  -0.04938055 -0.1631735
  7.59470711 -0.1631735  -0.1631735  -0.1631735   7.4413869  -0.1631735
 -0.1631735  -0.1631735  -0.1631735  -0.1631735  -0.1631735  -0.1631735
 -0.1631735  -0.1631735  -0.1631735  -0.1631735  -0.1631735  -0.1631735
 -0.1631735  -0.1631735  -0.1631735  -0.1631735  -0.1631735  -0.1631735
 -0.1631735  -0.1631735  -0.1631735  -0.1631735  -0.1631735  -0.1631735
 -0.1631735  -0.1631735  -0.1631735  -0.1631735  -0.1631735  -0.1631735
 -0.1631735  -0.1631735  -0.1631735  -0.1631735  -0.1631735  -0.1631735
 -0.1631735  -0.1631735  -0.1631735  -0.1631735  -0.1631735  -0.1631735
 -0.1631735  -0.1631735  -0.1631735  -0.1631735  -0.1631735  -0.1631735
 -0.1631735  -0.1631735  -0.1631735  -0.1631735  -0.1631735  -0.1631735
 -0.1631735  -0.1631735  -0.1631735  -0.1631735  -0.1631735  -0.1631735
 -0.1631735  -0.1631735  -0.1631735  -0.1631735  -0.1631735  -0.1631735
 -0.1631735  -0.1631735  -0.1631735  -0.1631735  -0.1631735 ]",[-0.13872986613264723]
7,"[-0.28776861 -0.28776861 -0.28776861  0.34619974 -0.28776861 -0.28776861
 -0.28776861 -0.28776861 -0.28776861 -0.28776861 -0.28776861 -0.28776861
 -0.28776861 -0.28776861 -0.28776861 -0.28776861 -0.28776861 -0.28776861
 -0.28776861 -0.28776861 -0.28776861 -0.28776861 -0.28776861 -0.28776861
 -0.28776861 -0.28776861 -0.28776861 -0.28776861  0.04540856 -0.28776861
 -0.28776861 -0.28776861 -0.28776861 -0.28776861 -0.28776861 -0.28776861
 -0.28776861 -0.28776861 -0.28776861 -0.28776861  3.01907631  1.5148091
 -0.28776861 -0.28776861 -0.28776861 -0.28776861 -0.28776861 -0.28776861
 -0.28776861 -0.28776861 -0.28776861 -0.28776861 -0.28776861  0.3185391
 -0.28776861 -0.28776861 -0.28776861 -0.28776861 -0.28776861 -0.28776861
 -0.28776861 -0.28776861 -0.28776861 -0.28776861 -0.28776861 -0.28776861
 -0.28776861 -0.28776861 -0.28776861 -0.28776861 -0.28776861 -0.28776861
 -0.28776861 -0.28776861 -0.28776861 -0.28776861 -0.28776861 -0.28776861
 -0.28776861 -0.28776861 -0.28776861 -0.28776861 -0.28776861 -0.28776861
 -0.28776861 -0.28776861 -0.28776861 -0.28776861  1.84787987 -0.28776861
 -0.28776861  1.08472601 -0.28776861  2.69339793  4.52955686 -0.28776861
 -0.28776861 -0.28776861 -0.28776861 -0.28776861  3.92849692 -0.28776861
  4.58371252  2.4071016   4.20398708 -0.28776861  2.71864828  0.70272944
 -0.28776861 -0.28776861 -0.28776861 -0.28776861 -0.28776861 -0.28776861
 -0.28776861 -0.28776861 -0.28776861 -0.28776861 -0.28776861 -0.28776861
 -0.28776861 -0.28776861 -0.28776861 -0.28776861 -0.28776861 -0.28776861
 -0.28776861 -0.28776861 -0.28776861 -0.28776861 -0.28776861 -0.28776861
 -0.28776861 -0.28776861 -0.28776861 -0.28776861 -0.28776861 -0.28776861
 -0.28776861  4.88694191 -0.28776861 -0.28776861 -0.28776861 -0.28776861
 -0.28776861 -0.28776861 -0.28776861 -0.28776861 -0.28776861 -0.28776861
 -0.28776861  0.23694818 -0.28776861 -0.28776861 -0.28776861 -0.28776861
 -0.28776861 -0.28776861 -0.28776861 -0.28776861 -0.28776861 -0.28776861
  5.17507516 -0.28776861 -0.28776861 -0.28776861 -0.28776861  1.79974342
 -0.28776861 -0.28776861 -0.28776861 -0.28776861 -0.28776861 -0.28776861
 -0.28776861 -0.28776861 -0.28776861 -0.28776861 -0.28776861]",[0.0030040166002173185]
7,"[-0.24714143 -0.24714143 -0.24714143 -0.24714143 -0.24714143 -0.24714143
 -0.24714143 -0.24714143 -0.24714143 -0.24714143 -0.24714143 -0.24714143
 -0.24714143 -0.24714143 -0.24714143 -0.24714143  1.19749496 -0.24714143
 -0.24714143 -0.24714143 -0.24714143 -0.24714143 -0.24714143 -0.24714143
 -0.24714143 -0.24714143 -0.24714143 -0.24714143  2.86109086 -0.24714143
 -0.24714143 -0.24714143 -0.24714143 -0.24714143 -0.24714143 -0.24714143
 -0.24714143 -0.24714143 -0.24714143 -0.24714143  6.59850573  2.26023142
 -0.24714143 -0.24714143 -0.24714143 -0.24714143 -0.24714143 -0.24714143
 -0.24714143 -0.24714143 -0.24714143 -0.24714143 -0.24714143  5.38426737
 -0.24714143 -0.24714143 -0.24714143 -0.24714143 -0.24714143 -0.24714143
 -0.24714143 -0.24714143 -0.24714143 -0.24714143 -0.24714143 -0.24714143
 -0.24714143 -0.24714143 -0.24714143 -0.24714143 -0.24714143 -0.24714143
 -0.24714143 -0.24714143 -0.24714143 -0.24714143 -0.24714143 -0.24714143
 -0.24714143 -0.24714143 -0.24714143 -0.24714143 -0.24714143  1.96727776
 -0.24714143 -0.24714143 -0.24714143 -0.24714143  2.4696976   0.13660799
 -0.24714143  3.5088168  -0.24714143 -0.24714143  3.67076469 -0.24714143
 -0.24714143 -0.24714143 -0.24714143 -0.24714143  0.33578571 -0.24714143
 -0.24714143 -0.24714143 -0.24714143 -0.24714143  4.82970063 -0.24714143
 -0.24714143 -0.24714143 -0.24714143 -0.24714143 -0.24714143 -0.24714143
 -0.24714143 -0.24714143 -0.24714143 -0.24714143 -0.24714143 -0.24714143
 -0.24714143 -0.24714143 -0.24714143 -0.24714143 -0.24714143 -0.24714143
 -0.24714143 -0.24714143 -0.24714143 -0.24714143 -0.24714143 -0.24714143
 -0.24714143 -0.24714143 -0.24714143 -0.24714143 -0.24714143 -0.24714143
 -0.24714143 -0.24714143 -0.24714143 -0.24714143 -0.24714143 -0.24714143
 -0.24714143 -0.24714143 -0.24714143 -0.24714143 -0.24714143 -0.24714143
 -0.24714143 -0.24714143 -0.24714143 -0.24714143 -0.24714143 -0.24714143
 -0.24714143 -0.24714143 -0.24714143 -0.24714143 -0.24714143 -0.24714143
  4.65032539 -0.24714143 -0.24714143 -0.24714143 -0.24714143 -0.24714143
 -0.24714143 -0.24714143  0.90776907 -0.24714143 -0.24714143 -0.24714143
 -0.24714143 -0.24714143 -0.24714143 -0.24714143 -0.24714143]",[0.017009520258698535]
7,"[-0.22044315 -0.22044315 -0.22044315 -0.22044315 -0.22044315 -0.22044315
 -0.22044315 -0.22044315 -0.22044315 -0.22044315 -0.22044315 -0.22044315
 -0.22044315 -0.22044315 -0.22044315 -0.22044315 -0.22044315 -0.22044315
 -0.22044315 -0.22044315 -0.22044315 -0.22044315 -0.22044315 -0.22044315
 -0.22044315 -0.22044315 -0.22044315 -0.22044315 -0.22044315 -0.22044315
 -0.22044315 -0.22044315 -0.22044315 -0.22044315 -0.22044315 -0.22044315
 -0.22044315 -0.22044315 -0.22044315 -0.22044315  7.13560647 -0.22044315
 -0.22044315 -0.22044315 -0.22044315 -0.22044315 -0.22044315 -0.22044315
 -0.22044315 -0.22044315 -0.22044315 -0.22044315 -0.22044315  2.6723858
  4.93195481 -0.22044315 -0.22044315 -0.22044315 -0.22044315 -0.22044315
 -0.22044315 -0.22044315 -0.22044315 -0.22044315 -0.22044315 -0.22044315
 -0.22044315 -0.22044315 -0.22044315 -0.22044315 -0.22044315 -0.22044315
 -0.22044315 -0.22044315 -0.22044315 -0.22044315 -0.22044315  1.19729775
 -0.22044315 -0.22044315 -0.22044315 -0.22044315 -0.22044315 -0.22044315
 -0.22044315 -0.22044315 -0.22044315 -0.22044315  3.23363739 -0.22044315
 -0.22044315  2.7133875  -0.22044315 -0.22044315 -0.22044315 -0.22044315
 -0.22044315 -0.22044315 -0.22044315 -0.22044315 -0.22044315 -0.22044315
 -0.22044315 -0.18257817  4.08357972  1.46639479  3.77555196 -0.22044315
 -0.22044315 -0.22044315 -0.22044315 -0.22044315 -0.22044315 -0.22044315
 -0.22044315 -0.22044315 -0.22044315 -0.22044315 -0.22044315 -0.22044315
 -0.22044315 -0.22044315 -0.22044315 -0.22044315 -0.22044315 -0.22044315
 -0.22044315 -0.22044315 -0.22044315 -0.22044315 -0.22044315 -0.22044315
 -0.22044315 -0.22044315 -0.22044315 -0.22044315 -0.22044315 -0.22044315
 -0.22044315 -0.22044315 -0.22044315 -0.22044315 -0.22044315 -0.22044315
 -0.22044315 -0.22044315 -0.22044315 -0.22044315 -0.22044315 -0.22044315
 -0.22044315 -0.22044315 -0.22044315 -0.22044315 -0.22044315 -0.22044315
 -0.22044315 -0.22044315 -0.22044315 -0.22044315 -0.22044315 -0.22044315
  6.007232   -0.22044315 -0.22044315 -0.22044315 -0.22044315 -0.22044315
 -0.22044315 -0.22044315 -0.22044315 -0.22044315 -0.22044315 -0.22044315
 -0.22044315 -0.22044315 -0.22044315 -0.22044315 -0.22044315]",[-0.0278169540500508]
7,"[-0.28692987 -0.28692987 -0.28692987 -0.28692987 -0.28692987 -0.28692987
 -0.28692987 -0.28692987 -0.28692987 -0.28692987 -0.28692987 -0.28692987
 -0.28692987 -0.28692987 -0.28692987 -0.28692987 -0.28692987 -0.28692987
 -0.28692987 -0.28692987 -0.28692987 -0.28692987 -0.28692987 -0.28692987
 -0.28692987 -0.28692987 -0.28692987 -0.28692987 -0.28692987 -0.28692987
 -0.28692987 -0.28692987 -0.28692987 -0.28692987 -0.28692987 -0.28692987
 -0.28692987 -0.28692987 -0.28692987 -0.28692987  5.08530856  1.85361305
 -0.28692987 -0.28692987 -0.28692987 -0.28692987 -0.28692987 -0.28692987
 -0.28692987 -0.28692987 -0.28692987 -0.28692987 -0.28692987  4.6020278
  4.39227769 -0.28692987  2.6460129  -0.28692987 -0.28692987 -0.28692987
 -0.28692987 -0.28692987 -0.28692987 -0.28692987 -0.28692987 -0.28692987
 -0.28692987 -0.28692987 -0.28692987 -0.28692987 -0.28692987 -0.28692987
 -0.28692987 -0.28692987 -0.28692987 -0.28692987 -0.28692987 -0.28692987
 -0.28692987 -0.28692987 -0.28692987 -0.28692987 -0.28692987 -0.28692987
 -0.28692987 -0.28692987 -0.28692987 -0.28692987 -0.28692987 -0.28692987
 -0.28692987 -0.28692987 -0.28692987 -0.28692987  1.76126986 -0.28692987
 -0.28692987 -0.28692987  0.17279053 -0.28692987  2.93679485 -0.28692987
  2.33009389  2.03015068  2.84975571 -0.28692987  0.59198286 -0.28692987
 -0.28692987 -0.28692987 -0.28692987 -0.28692987 -0.28692987 -0.28692987
 -0.28692987 -0.28692987 -0.28692987 -0.28692987 -0.28692987 -0.28692987
 -0.28692987 -0.28692987 -0.28692987 -0.28692987 -0.28692987 -0.28692987
 -0.28692987 -0.28692987 -0.28692987 -0.28692987 -0.28692987 -0.28692987
 -0.28692987 -0.28692987 -0.28692987 -0.28692987 -0.28692987 -0.28692987
 -0.28692987  4.00725371 -0.28692987 -0.28692987 -0.28692987 -0.28692987
 -0.28692987 -0.28692987 -0.28692987 -0.28692987  3.1822405  -0.28692987
 -0.28692987 -0.28692987 -0.28692987 -0.28692987 -0.28692987 -0.28692987
 -0.28692987 -0.28692987 -0.28692987 -0.28692987 -0.28692987 -0.28692987
  2.06871182 -0.28692987 -0.28692987 -0.28692987 -0.28692987  0.66061829
 -0.28692987 -0.28692987 -0.28692987 -0.28692987 -0.28692987 -0.28692987
 -0.28692987 -0.28692987 -0.28692987 -0.28692987  5.31173569]",[-0.020955373164154856]
7,"[-0.20914513 -0.20914513 -0.20914513 -0.20914513 -0.20914513 -0.20914513
 -0.20914513 -0.20914513 -0.20914513 -0.20914513 -0.20914513 -0.20914513
 -0.20914513 -0.20914513 -0.20914513 -0.20914513 -0.20914513 -0.20914513
 -0.20914513 -0.20914513 -0.20914513 -0.20914513 -0.20914513 -0.20914513
 -0.20914513 -0.20914513 -0.20914513 -0.20914513  0.17307525 -0.20914513
 -0.20914513 -0.20914513 -0.20914513 -0.20914513 -0.20914513 -0.20914513
 -0.20914513 -0.20914513 -0.20914513 -0.20914513  2.04485431 -0.20914513
 -0.20914513 -0.20914513 -0.20914513 -0.20914513 -0.20914513 -0.20914513
 -0.20914513 -0.20914513 -0.20914513 -0.20914513 -0.20914513  6.54224042
 -0.20914513 -0.20914513 -0.20914513 -0.20914513 -0.20914513 -0.20914513
 -0.20914513 -0.20914513 -0.20914513 -0.20914513 -0.20914513 -0.20914513
 -0.20914513 -0.20914513 -0.20914513 -0.20914513 -0.20914513 -0.20914513
 -0.20914513 -0.20914513 -0.20914513 -0.20914513 -0.20914513 -0.20914513
 -0.20914513 -0.20914513 -0.20914513 -0.20914513 -0.20914513  2.88160489
 -0.20914513 -0.20914513 -0.20914513 -0.20914513  4.86716964 -0.20914513
 -0.20914513  1.42787086 -0.20914513 -0.20914513  4.51270429 -0.20914513
 -0.20914513 -0.20914513 -0.20914513 -0.20914513 -0.1603001  -0.20914513
 -0.20914513 -0.20914513  0.1582914  -0.20914513  1.16843886 -0.20914513
 -0.20914513 -0.20914513 -0.20914513 -0.20914513 -0.20914513 -0.20914513
 -0.20914513 -0.20914513 -0.20914513 -0.20914513 -0.20914513 -0.20914513
 -0.20914513 -0.20914513 -0.20914513 -0.20914513 -0.20914513 -0.20914513
 -0.20914513 -0.20914513 -0.20914513 -0.20914513 -0.20914513 -0.20914513
 -0.20914513 -0.20914513 -0.20914513 -0.20914513 -0.20914513 -0.20914513
 -0.20914513 -0.20914513 -0.20914513 -0.20914513 -0.20914513 -0.20914513
 -0.20914513 -0.20914513 -0.20914513 -0.20914513 -0.20914513 -0.20914513
 -0.20914513 -0.20914513 -0.20914513 -0.20914513 -0.20914513 -0.20914513
 -0.20914513 -0.20914513 -0.20914513 -0.20914513 -0.20914513 -0.20914513
  7.22056187 -0.20914513 -0.20914513 -0.20914513 -0.20914513  4.09072452
 -0.20914513 -0.20914513 -0.20914513 -0.20914513 -0.20914513 -0.20914513
 -0.20914513 -0.20914513 -0.20914513 -0.20914513 -0.20914513]",[-0.044822903544789044]
7,"[-0.28903585 -0.28903585 -0.28903585 -0.11896483 -0.28903585 -0.28903585
 -0.28903585 -0.28903585 -0.28903585 -0.28903585 -0.28903585 -0.28903585
 -0.28903585 -0.28903585 -0.28903585 -0.28903585  0.89623822 -0.28903585
 -0.28903585 -0.28903585 -0.28903585 -0.28903585 -0.28903585 -0.28903585
 -0.28903585 -0.28903585 -0.28903585 -0.28903585 -0.28903585 -0.28903585
 -0.28903585 -0.28903585 -0.28903585 -0.28903585 -0.28903585 -0.28903585
 -0.28903585 -0.28903585 -0.28903585 -0.28903585  4.67165209  3.77645592
 -0.28903585 -0.28903585 -0.28903585 -0.28903585 -0.28903585 -0.28903585
 -0.28903585 -0.28903585 -0.28903585 -0.28903585 -0.28903585  5.45173166
  4.91859556 -0.28903585 -0.28903585 -0.28903585 -0.28903585 -0.28903585
 -0.28903585 -0.28903585 -0.28903585 -0.28903585 -0.28903585 -0.28903585
 -0.28903585 -0.28903585 -0.28903585 -0.28903585 -0.28903585 -0.28903585
  0.75936697 -0.28903585 -0.28903585 -0.28903585 -0.28903585 -0.28903585
 -0.28903585 -0.28903585 -0.28903585 -0.28903585 -0.28903585 -0.28903585
 -0.28903585 -0.28903585 -0.28903585  1.12784623 -0.28903585 -0.28903585
 -0.28903585  1.40778542 -0.28903585 -0.15231922  2.0000653  -0.28903585
 -0.28903585 -0.28903585  0.22475511 -0.28903585  3.56522684 -0.28903585
  4.01047012  3.56472247  3.86003793 -0.28903585  0.31976737  0.49963605
 -0.28903585 -0.28903585 -0.28903585 -0.28903585 -0.28903585 -0.28903585
 -0.28903585 -0.28903585 -0.28903585 -0.28903585 -0.28903585 -0.28903585
 -0.28903585 -0.28903585 -0.28903585 -0.28903585 -0.28903585 -0.28903585
 -0.28903585 -0.28903585 -0.28903585 -0.28903585 -0.28903585 -0.28903585
 -0.28903585 -0.28903585 -0.28903585 -0.28903585 -0.28903585 -0.28903585
 -0.28903585  0.37684985 -0.28903585 -0.28903585 -0.28903585 -0.28903585
 -0.28903585 -0.28903585 -0.28903585 -0.28903585 -0.28903585 -0.28903585
 -0.28903585 -0.28903585 -0.28903585 -0.28903585 -0.28903585 -0.28903585
 -0.28903585 -0.28903585 -0.28903585 -0.28903585 -0.28903585 -0.28903585
  2.14675346 -0.28903585 -0.28903585 -0.28903585 -0.28903585  2.36099163
 -0.28903585 -0.28903585 -0.28903585 -0.28903585 -0.28903585 -0.28903585
 -0.28903585 -0.28903585 -0.28903585 -0.28903585 -0.28903585]",[0.030223243054370186]
7,"[-0.25944699 -0.25944699 -0.25944699 -0.25944699 -0.25944699 -0.25944699
 -0.25944699 -0.25944699 -0.25944699 -0.25944699 -0.25944699 -0.25944699
 -0.25944699 -0.25944699 -0.25944699 -0.25944699 -0.25944699 -0.25944699
 -0.25944699 -0.25944699  0.21966148 -0.25944699 -0.25944699 -0.25944699
 -0.25944699 -0.25944699 -0.25944699 -0.25944699 -0.25944699 -0.25944699
 -0.25944699 -0.25944699 -0.25944699 -0.25944699 -0.25944699 -0.25944699
 -0.25944699 -0.25944699 -0.25944699 -0.25944699  5.87247366 -0.25944699
 -0.25944699 -0.25944699 -0.25944699 -0.25944699 -0.25944699 -0.25944699
 -0.25944699 -0.25944699 -0.25944699 -0.25944699 -0.25944699  0.46961326
 -0.25944699 -0.25944699 -0.25944699 -0.25944699 -0.25944699 -0.25944699
 -0.25944699 -0.25944699 -0.25944699 -0.25944699 -0.25944699 -0.25944699
 -0.25944699 -0.25944699 -0.25944699 -0.25944699 -0.25944699 -0.25944699
 -0.25944699 -0.25944699 -0.25944699 -0.25944699 -0.25944699  1.83968973
 -0.25944699 -0.25944699 -0.25944699 -0.25944699 -0.25944699  3.06895748
 -0.25944699 -0.25944699 -0.25944699 -0.25944699 -0.25944699  3.46499237
 -0.25944699  5.13504029 -0.25944699 -0.25944699  3.68540459 -0.25944699
 -0.25944699 -0.25944699 -0.25944699 -0.25944699 -0.18147094 -0.25944699
  1.45204805 -0.25944699  1.42786479 -0.25944699  3.60798129 -0.25944699
 -0.25944699 -0.25944699 -0.25944699 -0.25944699 -0.25944699 -0.25944699
 -0.25944699 -0.25944699 -0.25944699 -0.25944699 -0.25944699 -0.25944699
 -0.25944699 -0.25944699 -0.25944699 -0.25944699 -0.25944699 -0.25944699
 -0.25944699 -0.25944699 -0.25944699 -0.25944699 -0.25944699 -0.25944699
 -0.25944699 -0.25944699 -0.25944699 -0.25944699 -0.25944699 -0.25944699
 -0.25944699 -0.25944699 -0.25944699 -0.25944699 -0.25944699 -0.25944699
 -0.25944699 -0.25944699 -0.25944699 -0.25944699 -0.25944699 -0.25944699
 -0.25944699 -0.25944699 -0.25944699 -0.25944699 -0.25944699 -0.25944699
 -0.25944699 -0.25944699 -0.25944699 -0.25944699 -0.25944699 -0.25944699
  4.78772651 -0.25944699 -0.25944699 -0.25944699 -0.25944699  4.93981724
  1.9081872   0.591872   -0.25944699 -0.25944699 -0.25944699 -0.25944699
 -0.25944699 -0.25944699 -0.25944699 -0.25944699 -0.25944699]",[0.022682406877485378]
7,"[-0.27493557 -0.27493557 -0.27493557 -0.27493557 -0.27493557 -0.27493557
 -0.27493557 -0.27493557 -0.27493557 -0.27493557 -0.27493557 -0.27493557
 -0.27493557 -0.27493557 -0.27493557 -0.27493557  1.34387904 -0.27493557
 -0.27493557 -0.27493557 -0.27493557 -0.27493557 -0.27493557 -0.27493557
 -0.27493557 -0.27493557 -0.27493557 -0.27493557  1.39815721 -0.27493557
 -0.27493557 -0.27493557 -0.27493557 -0.27493557 -0.27493557 -0.27493557
 -0.27493557 -0.27493557 -0.27493557 -0.27493557  6.8063873   2.56595953
 -0.27493557 -0.27493557 -0.27493557 -0.27493557 -0.27493557 -0.27493557
 -0.27493557 -0.27493557 -0.27493557 -0.27493557 -0.27493557  5.66437717
  2.18336909 -0.27493557 -0.27493557 -0.27493557 -0.27493557 -0.27493557
 -0.27493557 -0.27493557 -0.27493557 -0.27493557 -0.27493557 -0.27493557
 -0.27493557 -0.27493557 -0.27493557 -0.27493557 -0.27493557 -0.27493557
 -0.27493557 -0.27493557 -0.27493557 -0.27493557 -0.27493557  1.28970729
 -0.27493557 -0.27493557 -0.27493557 -0.27493557 -0.27493557 -0.27493557
 -0.27493557 -0.27493557 -0.27493557 -0.27493557  2.15152159 -0.27493557
 -0.27493557  2.30360812 -0.27493557 -0.19343817  0.43712919  0.40576932
 -0.27493557 -0.27493557 -0.27493557 -0.27493557  0.05620488 -0.27493557
  1.61898009 -0.27493557  0.86895576 -0.27493557  4.26792382 -0.27493557
 -0.27493557 -0.27493557 -0.27493557 -0.27493557 -0.27493557 -0.27493557
 -0.27493557 -0.27493557 -0.27493557 -0.27493557 -0.27493557 -0.27493557
 -0.27493557 -0.27493557 -0.27493557 -0.27493557 -0.27493557 -0.27493557
 -0.27493557 -0.27493557 -0.27493557 -0.27493557 -0.27493557 -0.27493557
 -0.27493557 -0.27493557 -0.27493557 -0.27493557 -0.27493557 -0.27493557
 -0.27493557 -0.27493557 -0.27493557 -0.27493557 -0.27493557 -0.27493557
 -0.27493557 -0.27493557 -0.27493557 -0.27493557  2.94803232 -0.27493557
 -0.27493557 -0.27493557 -0.27493557 -0.27493557 -0.27493557 -0.27493557
 -0.27493557 -0.27493557 -0.27493557 -0.27493557 -0.27493557 -0.27493557
  4.17168799 -0.27493557 -0.27493557 -0.27493557 -0.27493557  3.70147958
 -0.27493557 -0.27493557 -0.27493557 -0.27493557 -0.27493557 -0.27493557
 -0.27493557 -0.27493557 -0.27493557 -0.27493557 -0.27493557]",[0.03244067281647606]
7,"[-0.21373631 -0.21373631 -0.21373631 -0.21373631 -0.21373631 -0.21373631
 -0.21373631 -0.21373631 -0.21373631 -0.21373631 -0.21373631 -0.21373631
 -0.21373631 -0.21373631 -0.21373631 -0.21373631 -0.21373631 -0.21373631
 -0.21373631 -0.21373631 -0.21373631 -0.21373631 -0.21373631 -0.21373631
 -0.21373631 -0.21373631 -0.21373631 -0.21373631 -0.21373631 -0.21373631
 -0.21373631 -0.21373631 -0.21373631 -0.21373631 -0.21373631 -0.21373631
 -0.21373631 -0.21373631 -0.21373631 -0.21373631  6.33127717 -0.21373631
 -0.21373631 -0.21373631 -0.21373631 -0.21373631 -0.21373631 -0.21373631
 -0.21373631 -0.21373631 -0.21373631 -0.21373631 -0.21373631 -0.21373631
 -0.21373631 -0.21373631 -0.21373631 -0.21373631 -0.21373631 -0.21373631
 -0.21373631 -0.21373631 -0.21373631 -0.21373631 -0.21373631 -0.21373631
 -0.21373631 -0.21373631 -0.21373631 -0.21373631 -0.21373631 -0.21373631
 -0.21373631 -0.21373631 -0.21373631 -0.21373631 -0.21373631 -0.21373631
 -0.21373631 -0.21373631 -0.21373631 -0.21373631 -0.21373631 -0.21373631
 -0.21373631 -0.21373631 -0.21373631 -0.21373631  2.00133306 -0.21373631
 -0.21373631  1.1850533  -0.21373631 -0.21373631  4.9901273  -0.21373631
 -0.21373631 -0.21373631 -0.21373631 -0.21373631  0.30430739 -0.21373631
  3.28336675 -0.21373631  2.24433277 -0.21373631  5.2987869  -0.21373631
 -0.21373631 -0.21373631 -0.21373631 -0.21373631 -0.21373631 -0.21373631
 -0.21373631 -0.21373631 -0.21373631 -0.21373631 -0.21373631 -0.21373631
 -0.21373631 -0.21373631 -0.21373631 -0.21373631 -0.21373631 -0.21373631
 -0.21373631 -0.21373631 -0.21373631 -0.21373631 -0.21373631 -0.21373631
 -0.21373631 -0.21373631 -0.21373631 -0.21373631 -0.21373631 -0.21373631
 -0.21373631 -0.21373631 -0.21373631 -0.21373631 -0.21373631 -0.21373631
 -0.21373631 -0.21373631 -0.21373631 -0.21373631 -0.21373631 -0.21373631
 -0.21373631 -0.21373631 -0.21373631 -0.21373631 -0.21373631 -0.21373631
 -0.21373631 -0.21373631 -0.21373631 -0.21373631 -0.21373631 -0.21373631
  6.22911162 -0.21373631 -0.21373631 -0.21373631 -0.21373631  4.25374035
 -0.21373631 -0.21373631 -0.21373631 -0.21373631 -0.21373631 -0.21373631
 -0.21373631 -0.21373631 -0.21373631 -0.21373631 -0.21373631]",[-0.025799357625515218]
7,"[-0.26819642 -0.26819642 -0.26819642 -0.26819642 -0.26819642 -0.26819642
 -0.26819642 -0.26819642 -0.26819642 -0.26819642 -0.26819642 -0.26819642
 -0.26819642 -0.26819642 -0.26819642 -0.26819642 -0.26819642 -0.26819642
 -0.26819642 -0.26819642 -0.26819642 -0.26819642 -0.26819642 -0.26819642
 -0.26819642 -0.26819642 -0.26819642 -0.26819642  0.19190574 -0.26819642
 -0.26819642 -0.26819642 -0.26819642 -0.26819642 -0.26819642 -0.26819642
 -0.26819642 -0.26819642 -0.26819642 -0.26819642  2.45225808  1.54849972
 -0.26819642 -0.26819642 -0.26819642 -0.26819642 -0.26819642 -0.26819642
 -0.26819642 -0.26819642 -0.26819642 -0.26819642 -0.26819642  0.39706269
 -0.06894116 -0.26819642 -0.26819642 -0.26819642 -0.26819642 -0.26819642
 -0.26819642 -0.26819642 -0.26819642 -0.26819642 -0.26819642 -0.26819642
 -0.26819642 -0.26819642 -0.26819642 -0.26819642 -0.26819642 -0.26819642
 -0.26819642 -0.26819642 -0.26819642 -0.26819642 -0.26819642  1.23313426
 -0.26819642 -0.26819642 -0.26819642 -0.26819642 -0.26819642 -0.26819642
 -0.26819642 -0.26819642 -0.26819642 -0.26819642  3.1177798  -0.26819642
 -0.26819642  1.15759588 -0.26819642  2.48026793  4.53396563 -0.26819642
 -0.26819642 -0.26819642 -0.26819642 -0.26819642  3.91037082 -0.26819642
  5.45857827  2.27886962  5.50131106 -0.26819642  0.30798098  1.00104465
 -0.26819642 -0.26819642 -0.26819642 -0.26819642 -0.26819642 -0.26819642
 -0.26819642 -0.26819642 -0.26819642 -0.26819642 -0.26819642 -0.26819642
 -0.26819642 -0.26819642 -0.26819642 -0.26819642 -0.26819642 -0.26819642
 -0.26819642 -0.26819642 -0.26819642 -0.26819642 -0.26819642 -0.26819642
 -0.26819642 -0.26819642 -0.26819642 -0.26819642 -0.26819642 -0.26819642
 -0.26819642 -0.26819642 -0.26819642 -0.26819642 -0.26819642 -0.26819642
 -0.26819642 -0.26819642 -0.26819642 -0.26819642 -0.26819642 -0.26819642
 -0.26819642 -0.26819642 -0.26819642 -0.26819642 -0.26819642 -0.26819642
 -0.26819642 -0.26819642 -0.26819642 -0.26819642 -0.26819642 -0.26819642
  6.08495125 -0.26819642 -0.26819642 -0.26819642 -0.26819642  0.8124271
  0.51236422 -0.26819642 -0.26819642 -0.26819642 -0.26819642 -0.26819642
 -0.26819642 -0.26819642 -0.26819642 -0.26819642 -0.26819642]",[-0.013357649401918803]
7,"[-0.16241558 -0.16241558 -0.16241558 -0.16241558 -0.16241558 -0.16241558
 -0.16241558 -0.16241558 -0.16241558 -0.16241558 -0.16241558 -0.16241558
 -0.16241558 -0.16241558 -0.16241558 -0.16241558 -0.16241558 -0.16241558
 -0.16241558 -0.16241558 -0.16241558 -0.16241558 -0.16241558 -0.16241558
 -0.16241558 -0.16241558 -0.16241558 -0.16241558 -0.16241558 -0.16241558
 -0.16241558 -0.16241558 -0.16241558 -0.16241558 -0.16241558 -0.16241558
 -0.16241558 -0.16241558 -0.16241558 -0.16241558  1.56048235 -0.16241558
 -0.16241558 -0.16241558 -0.16241558 -0.16241558 -0.16241558 -0.16241558
 -0.16241558 -0.16241558 -0.16241558 -0.16241558 -0.16241558 -0.16241558
 -0.16241558 -0.16241558 -0.16241558 -0.16241558 -0.16241558 -0.16241558
 -0.16241558 -0.16241558 -0.16241558 -0.16241558 -0.16241558 -0.16241558
 -0.16241558 -0.16241558 -0.16241558 -0.16241558 -0.16241558 -0.16241558
 -0.16241558 -0.16241558 -0.16241558 -0.16241558 -0.16241558 -0.16241558
 -0.16241558 -0.16241558 -0.16241558 -0.16241558 -0.16241558 -0.16241558
 -0.16241558 -0.16241558 -0.16241558 -0.16241558  5.66086235 -0.16241558
 -0.16241558  5.46246147 -0.16241558 -0.16241558  0.61928602 -0.16241558
 -0.16241558 -0.16241558 -0.16241558 -0.16241558 -0.07036802 -0.16241558
 -0.16241558 -0.16241558 -0.16241558 -0.16241558  6.43761596 -0.16241558
 -0.16241558 -0.16241558 -0.16241558 -0.16241558 -0.16241558 -0.16241558
 -0.16241558 -0.16241558 -0.16241558 -0.16241558 -0.16241558 -0.16241558
 -0.16241558 -0.16241558 -0.16241558 -0.16241558 -0.16241558 -0.16241558
 -0.16241558 -0.16241558 -0.16241558 -0.16241558 -0.16241558 -0.16241558
 -0.16241558 -0.16241558 -0.16241558 -0.16241558 -0.16241558 -0.16241558
 -0.16241558 -0.16241558 -0.16241558 -0.16241558 -0.16241558 -0.16241558
 -0.16241558 -0.16241558 -0.16241558 -0.16241558 -0.16241558 -0.16241558
 -0.16241558 -0.16241558 -0.16241558 -0.16241558 -0.16241558 -0.16241558
 -0.16241558 -0.16241558 -0.16241558 -0.16241558 -0.16241558 -0.16241558
  8.26513907 -0.16241558 -0.16241558 -0.16241558 -0.16241558 -0.16241558
 -0.16241558 -0.16241558 -0.16241558 -0.16241558 -0.16241558 -0.16241558
 -0.16241558 -0.16241558 -0.16241558 -0.16241558 -0.16241558]",[-0.07604079490429319]
7,"[-0.26123602 -0.26123602 -0.26123602 -0.26123602 -0.26123602 -0.26123602
 -0.26123602 -0.26123602 -0.26123602 -0.26123602 -0.26123602 -0.26123602
 -0.26123602 -0.26123602 -0.26123602 -0.26123602 -0.26123602 -0.26123602
 -0.26123602 -0.26123602 -0.26123602 -0.26123602 -0.26123602 -0.26123602
 -0.26123602 -0.26123602 -0.26123602 -0.26123602 -0.26123602 -0.26123602
 -0.26123602 -0.26123602 -0.26123602 -0.26123602 -0.26123602 -0.26123602
 -0.26123602 -0.26123602 -0.26123602 -0.26123602  6.80902951  1.67922727
 -0.26123602 -0.26123602 -0.26123602 -0.26123602 -0.26123602 -0.26123602
 -0.26123602 -0.26123602 -0.26123602 -0.26123602 -0.26123602 -0.26123602
 -0.26123602  2.60117766 -0.26123602 -0.26123602 -0.26123602 -0.26123602
 -0.26123602 -0.26123602 -0.26123602 -0.26123602 -0.26123602 -0.26123602
 -0.26123602 -0.26123602 -0.26123602 -0.26123602 -0.26123602 -0.26123602
 -0.26123602 -0.26123602 -0.26123602 -0.26123602 -0.26123602 -0.26123602
 -0.26123602 -0.26123602 -0.26123602 -0.26123602 -0.26123602 -0.26123602
 -0.26123602 -0.26123602 -0.26123602 -0.26123602  1.10244673 -0.26123602
 -0.26123602  2.61162592 -0.26123602 -0.26123602  3.07492432 -0.26123602
 -0.26123602 -0.26123602 -0.26123602 -0.26123602  3.29349405 -0.26123602
  3.18747943  3.87506009  2.84553328 -0.26123602  2.11190653 -0.26123602
 -0.26123602 -0.26123602 -0.26123602 -0.26123602 -0.26123602 -0.26123602
 -0.26123602 -0.26123602 -0.26123602 -0.26123602 -0.26123602 -0.26123602
 -0.26123602 -0.26123602 -0.26123602 -0.26123602 -0.26123602 -0.26123602
 -0.26123602 -0.26123602 -0.26123602 -0.26123602 -0.26123602 -0.26123602
 -0.26123602 -0.26123602 -0.26123602 -0.26123602 -0.26123602 -0.26123602
 -0.26123602 -0.26123602 -0.26123602 -0.26123602 -0.26123602 -0.26123602
 -0.26123602 -0.26123602 -0.26123602 -0.26123602 -0.26123602 -0.26123602
 -0.26123602  0.49237525 -0.26123602 -0.26123602 -0.26123602 -0.26123602
 -0.26123602 -0.26123602 -0.26123602 -0.26123602 -0.26123602 -0.26123602
  5.45543894 -0.26123602 -0.26123602 -0.26123602 -0.26123602  3.96422399
 -0.26123602 -0.26123602 -0.26123602 -0.26123602 -0.26123602 -0.26123602
 -0.26123602 -0.26123602 -0.26123602 -0.26123602 -0.26123602]",[-0.03098353307738999]
7,"[-0.27977976 -0.27977976 -0.27977976 -0.27977976 -0.27977976 -0.27977976
 -0.27977976 -0.27977976 -0.27977976 -0.27977976 -0.27977976 -0.27977976
 -0.27977976 -0.27977976 -0.27977976 -0.27977976 -0.27977976 -0.27977976
 -0.27977976 -0.27977976 -0.27977976 -0.27977976 -0.27977976 -0.27977976
 -0.27977976 -0.27977976 -0.27977976 -0.27977976 -0.27977976 -0.27977976
 -0.27977976 -0.27977976 -0.27977976 -0.27977976 -0.27977976 -0.27977976
 -0.27977976 -0.27977976 -0.27977976 -0.27977976  6.75871391 -0.27977976
 -0.27977976 -0.27977976 -0.27977976 -0.27977976 -0.27977976 -0.27977976
 -0.27977976 -0.27977976 -0.27977976 -0.27977976 -0.27977976  5.72622585
  2.10489431 -0.27977976 -0.27977976 -0.27977976 -0.27977976 -0.27977976
 -0.27977976 -0.27977976 -0.27977976 -0.27977976 -0.27977976 -0.27977976
 -0.27977976 -0.27977976 -0.27977976 -0.27977976 -0.27977976 -0.27977976
 -0.27977976 -0.27977976 -0.27977976 -0.27977976 -0.27977976 -0.27977976
 -0.27977976 -0.27977976 -0.27977976 -0.27977976 -0.27977976 -0.27977976
 -0.27977976 -0.27977976 -0.27977976 -0.27977976  1.85602835  2.9598993
 -0.27977976  3.04007512 -0.27977976 -0.27977976  2.66369346 -0.14743297
 -0.27977976 -0.27977976  2.37174794 -0.27977976  1.45924118 -0.27977976
  0.8988282   1.0022327  -0.27977976  1.45606659  3.94613723 -0.27977976
 -0.27977976 -0.27977976 -0.27977976 -0.27977976 -0.27977976 -0.27977976
 -0.27977976 -0.27977976 -0.27977976 -0.27977976 -0.27977976 -0.27977976
 -0.27977976 -0.27977976 -0.27977976 -0.27977976 -0.27977976 -0.27977976
 -0.27977976 -0.27977976 -0.27977976 -0.27977976 -0.27977976 -0.27977976
 -0.27977976 -0.27977976 -0.27977976 -0.27977976 -0.27977976 -0.27977976
 -0.27977976 -0.27977976 -0.27977976 -0.27977976 -0.27977976 -0.27977976
 -0.27977976 -0.27977976 -0.27977976 -0.27977976  2.82530375 -0.27977976
 -0.27977976 -0.27977976 -0.27977976 -0.27977976 -0.27977976 -0.27977976
 -0.27977976 -0.27977976 -0.27977976 -0.27977976 -0.27977976 -0.27977976
  4.02845921 -0.27977976 -0.27977976 -0.27977976 -0.27977976  1.84373404
 -0.27977976  0.25069313 -0.27977976 -0.27977976 -0.27977976 -0.27977976
 -0.27977976 -0.27977976 -0.27977976 -0.27977976 -0.27977976]",[0.037073672334900526]
7,"[-0.27027193 -0.27027193 -0.27027193 -0.27027193 -0.27027193 -0.27027193
 -0.27027193 -0.27027193 -0.27027193 -0.27027193 -0.27027193 -0.27027193
 -0.27027193 -0.27027193 -0.27027193 -0.27027193 -0.27027193 -0.27027193
 -0.27027193 -0.27027193 -0.27027193 -0.27027193 -0.27027193 -0.27027193
 -0.27027193 -0.27027193 -0.27027193 -0.27027193 -0.27027193 -0.27027193
 -0.27027193 -0.27027193 -0.27027193 -0.27027193 -0.27027193 -0.27027193
 -0.27027193 -0.27027193 -0.27027193 -0.27027193  4.07235416  0.12049936
 -0.27027193 -0.27027193 -0.27027193 -0.27027193 -0.27027193 -0.27027193
 -0.27027193 -0.27027193 -0.06523449 -0.27027193 -0.27027193  5.7020273
 -0.17140735 -0.11586694 -0.27027193 -0.27027193 -0.27027193 -0.27027193
 -0.27027193 -0.27027193 -0.27027193 -0.27027193 -0.27027193 -0.27027193
 -0.27027193 -0.27027193 -0.27027193 -0.27027193 -0.27027193 -0.27027193
  1.91433194 -0.27027193 -0.27027193 -0.27027193 -0.27027193 -0.27027193
 -0.27027193 -0.27027193 -0.27027193 -0.27027193 -0.27027193 -0.27027193
 -0.27027193 -0.27027193 -0.27027193 -0.27027193  3.38366793 -0.27027193
 -0.27027193  2.06615639 -0.27027193 -0.00697575  1.41515369  0.05467257
 -0.27027193 -0.27027193 -0.27027193 -0.27027193  3.23249692 -0.27027193
  2.75441256  2.68815905  2.7526238   5.58465754  2.97328855 -0.27027193
 -0.27027193 -0.27027193 -0.27027193 -0.27027193 -0.27027193 -0.27027193
 -0.27027193 -0.27027193 -0.27027193 -0.27027193 -0.27027193 -0.27027193
 -0.27027193 -0.27027193 -0.27027193 -0.27027193 -0.27027193 -0.27027193
 -0.27027193 -0.27027193 -0.27027193 -0.27027193 -0.27027193 -0.27027193
 -0.27027193 -0.27027193 -0.27027193 -0.27027193 -0.27027193 -0.27027193
 -0.27027193 -0.27027193 -0.27027193 -0.27027193 -0.27027193 -0.27027193
 -0.27027193 -0.27027193 -0.27027193 -0.27027193 -0.27027193 -0.27027193
 -0.27027193 -0.27027193 -0.27027193 -0.27027193 -0.27027193 -0.27027193
 -0.27027193 -0.27027193 -0.27027193 -0.27027193 -0.27027193 -0.27027193
  4.88849125 -0.27027193 -0.27027193 -0.27027193 -0.27027193 -0.27027193
 -0.27027193 -0.27027193 -0.27027193 -0.27027193 -0.27027193 -0.27027193
 -0.27027193 -0.27027193 -0.27027193 -0.27027193 -0.27027193]",[-0.002089703427967049]
7,"[-0.2280217  -0.2280217  -0.2280217  -0.2280217  -0.2280217  -0.2280217
 -0.2280217  -0.2280217  -0.2280217  -0.2280217  -0.2280217  -0.2280217
 -0.2280217  -0.2280217  -0.2280217  -0.2280217   0.61242872 -0.2280217
 -0.2280217  -0.2280217  -0.2280217  -0.2280217  -0.2280217  -0.2280217
 -0.2280217  -0.2280217  -0.2280217  -0.2280217  -0.2280217  -0.2280217
 -0.2280217  -0.2280217  -0.2280217  -0.2280217  -0.2280217  -0.2280217
 -0.2280217  -0.2280217  -0.2280217  -0.2280217  -0.2280217  -0.2280217
 -0.2280217  -0.2280217  -0.2280217  -0.2280217  -0.2280217  -0.2280217
 -0.2280217  -0.2280217  -0.2280217  -0.2280217  -0.2280217   7.35228288
  3.62735653 -0.2280217  -0.2280217  -0.2280217  -0.2280217  -0.2280217
 -0.2280217  -0.2280217  -0.2280217  -0.2280217  -0.2280217  -0.2280217
 -0.2280217  -0.2280217  -0.2280217  -0.2280217  -0.2280217  -0.2280217
 -0.2280217  -0.2280217  -0.2280217  -0.2280217  -0.2280217  -0.2280217
 -0.2280217  -0.2280217  -0.2280217  -0.2280217  -0.2280217  -0.2280217
 -0.2280217  -0.2280217  -0.2280217   1.63670398 -0.2280217  -0.2280217
 -0.2280217   2.57773214 -0.2280217  -0.2280217   0.69139576 -0.2280217
 -0.2280217  -0.2280217  -0.2280217  -0.2280217  -0.20023917 -0.2280217
  1.38812963  0.41160111 -0.2280217   5.07178251  3.11186871 -0.2280217
 -0.2280217  -0.2280217  -0.2280217  -0.2280217  -0.2280217  -0.2280217
 -0.2280217  -0.2280217  -0.2280217  -0.2280217  -0.2280217  -0.2280217
 -0.2280217  -0.2280217  -0.2280217  -0.2280217  -0.2280217  -0.2280217
 -0.2280217  -0.2280217  -0.2280217  -0.2280217  -0.2280217  -0.2280217
 -0.2280217  -0.2280217  -0.2280217  -0.2280217  -0.2280217  -0.2280217
 -0.2280217  -0.2280217  -0.2280217  -0.2280217  -0.2280217  -0.2280217
 -0.2280217  -0.2280217  -0.2280217  -0.2280217   1.70829842 -0.2280217
 -0.2280217  -0.2280217  -0.2280217  -0.2280217  -0.2280217  -0.2280217
 -0.2280217  -0.2280217  -0.2280217  -0.2280217  -0.2280217  -0.2280217
  6.57210406 -0.2280217  -0.2280217  -0.2280217  -0.2280217   3.06213536
 -0.2280217  -0.2280217  -0.2280217  -0.2280217  -0.2280217  -0.2280217
 -0.2280217  -0.2280217  -0.2280217  -0.2280217  -0.2280217 ]",[-0.07662273999097652]
7,"[-0.21105599 -0.21105599 -0.21105599 -0.21105599 -0.21105599 -0.21105599
 -0.21105599 -0.21105599 -0.21105599 -0.21105599 -0.21105599 -0.21105599
 -0.21105599 -0.21105599 -0.21105599 -0.21105599 -0.21105599 -0.21105599
 -0.21105599 -0.21105599 -0.21105599 -0.21105599 -0.21105599 -0.21105599
 -0.21105599 -0.21105599 -0.21105599 -0.21105599  0.25548285 -0.21105599
 -0.21105599 -0.21105599 -0.21105599 -0.21105599 -0.21105599 -0.21105599
 -0.21105599 -0.21105599 -0.21105599 -0.21105599 -0.21105599  0.37353981
 -0.21105599 -0.21105599 -0.21105599 -0.21105599 -0.21105599 -0.21105599
 -0.21105599 -0.21105599 -0.21105599 -0.21105599 -0.21105599  0.22893459
 -0.21105599 -0.21105599 -0.21105599 -0.21105599 -0.21105599 -0.21105599
 -0.21105599 -0.21105599 -0.21105599 -0.21105599 -0.21105599 -0.21105599
 -0.21105599 -0.21105599 -0.21105599 -0.21105599 -0.21105599 -0.21105599
 -0.21105599 -0.21105599 -0.21105599 -0.21105599 -0.21105599 -0.21105599
 -0.21105599 -0.21105599 -0.21105599 -0.21105599 -0.21105599 -0.21105599
 -0.21105599 -0.21105599 -0.21105599 -0.21105599  3.3640297   0.16490653
 -0.21105599  1.23073863 -0.21105599 -0.21105599 -0.21105599 -0.21105599
 -0.21105599 -0.21105599 -0.21105599 -0.21105599  5.0869103  -0.21105599
  1.89295006  1.99890721  2.70004365 -0.21105599  4.73673507 -0.21105599
 -0.21105599 -0.21105599 -0.21105599 -0.21105599 -0.21105599 -0.21105599
 -0.21105599 -0.21105599 -0.21105599 -0.21105599 -0.21105599 -0.21105599
 -0.21105599 -0.21105599 -0.21105599 -0.21105599 -0.21105599 -0.21105599
 -0.21105599 -0.21105599 -0.21105599 -0.21105599 -0.21105599 -0.21105599
 -0.21105599 -0.21105599 -0.21105599 -0.21105599 -0.21105599 -0.21105599
 -0.21105599 -0.21105599 -0.21105599 -0.21105599 -0.21105599 -0.21105599
 -0.21105599 -0.21105599 -0.21105599 -0.21105599 -0.21105599 -0.21105599
 -0.21105599 -0.21105599 -0.21105599 -0.21105599 -0.21105599 -0.21105599
 -0.21105599 -0.21105599 -0.21105599 -0.21105599 -0.21105599 -0.21105599
  8.8226754  -0.21105599 -0.21105599 -0.21105599 -0.21105599  4.17944095
 -0.21105599 -0.21105599 -0.21105599 -0.21105599 -0.21105599 -0.21105599
 -0.21105599 -0.21105599 -0.21105599 -0.21105599 -0.21105599]",[0.0068122325685338325]
7,"[-0.26260354 -0.26260354 -0.26260354 -0.26260354 -0.26260354 -0.26260354
 -0.26260354 -0.26260354 -0.26260354 -0.26260354 -0.26260354 -0.26260354
 -0.26260354 -0.26260354 -0.26260354 -0.26260354 -0.26260354 -0.26260354
 -0.26260354 -0.26260354 -0.26260354 -0.26260354 -0.26260354 -0.26260354
 -0.26260354 -0.26260354 -0.26260354 -0.26260354 -0.26260354 -0.26260354
 -0.26260354 -0.26260354 -0.26260354 -0.26260354 -0.26260354 -0.26260354
 -0.26260354 -0.26260354 -0.26260354 -0.26260354  1.35555615  0.62509943
 -0.26260354 -0.26260354 -0.26260354 -0.26260354 -0.26260354 -0.26260354
 -0.26260354 -0.26260354 -0.26260354 -0.26260354 -0.26260354  0.34148913
  4.94483014 -0.26260354 -0.26260354 -0.26260354 -0.26260354 -0.26260354
 -0.26260354 -0.26260354 -0.26260354 -0.26260354 -0.26260354 -0.26260354
 -0.26260354 -0.26260354 -0.26260354 -0.26260354 -0.26260354 -0.26260354
  4.68187593 -0.26260354 -0.26260354 -0.26260354 -0.26260354 -0.26260354
 -0.26260354 -0.26260354 -0.26260354 -0.26260354 -0.26260354 -0.26260354
 -0.26260354 -0.26260354 -0.26260354 -0.26260354  3.76054982  0.63923914
 -0.26260354 -0.26260354 -0.26260354 -0.26260354  3.74680552 -0.26260354
 -0.26260354 -0.26260354 -0.26260354 -0.26260354  4.23945854 -0.26260354
  3.86520955  2.20788384  3.10048955 -0.26260354  3.0533535  -0.26260354
 -0.26260354 -0.26260354 -0.26260354 -0.26260354 -0.26260354 -0.26260354
 -0.26260354 -0.26260354 -0.26260354 -0.26260354 -0.26260354 -0.26260354
 -0.26260354 -0.26260354 -0.26260354 -0.26260354 -0.26260354 -0.26260354
 -0.26260354 -0.26260354 -0.26260354 -0.26260354 -0.26260354 -0.26260354
 -0.26260354 -0.26260354 -0.26260354 -0.26260354 -0.26260354 -0.26260354
 -0.26260354 -0.26260354 -0.26260354 -0.26260354 -0.26260354 -0.26260354
 -0.26260354 -0.26260354 -0.26260354 -0.26260354 -0.26260354 -0.26260354
 -0.26260354 -0.26260354 -0.26260354 -0.26260354 -0.26260354 -0.26260354
 -0.26260354 -0.26260354 -0.26260354 -0.26260354 -0.26260354 -0.26260354
  5.75290089 -0.26260354 -0.26260354 -0.26260354 -0.26260354  0.75223977
 -0.26260354 -0.26260354 -0.26260354 -0.26260354 -0.26260354 -0.26260354
 -0.26260354 -0.26260354 -0.26260354 -0.26260354 -0.26260354]",[-0.024735474314160955]
7,"[-2.89909421e-01 -2.89909421e-01 -2.89909421e-01 -2.89909421e-01
 -2.89909421e-01 -2.89909421e-01 -2.89909421e-01 -2.89909421e-01
 -2.89909421e-01 -2.89909421e-01 -2.89909421e-01 -2.89909421e-01
 -2.89909421e-01 -2.89909421e-01 -2.89909421e-01 -2.89909421e-01
  4.45407789e-01 -2.89909421e-01 -2.89909421e-01 -2.89909421e-01
 -2.89909421e-01 -2.89909421e-01 -2.89909421e-01 -2.89909421e-01
 -2.89909421e-01 -2.89909421e-01 -2.89909421e-01 -2.89909421e-01
 -2.89909421e-01 -2.89909421e-01 -2.89909421e-01 -2.89909421e-01
 -2.89909421e-01 -2.89909421e-01 -2.89909421e-01 -2.89909421e-01
 -2.89909421e-01 -2.89909421e-01 -2.89909421e-01 -2.89909421e-01
  6.28468801e+00  2.36892709e+00 -2.89909421e-01 -2.89909421e-01
 -2.89909421e-01 -2.89909421e-01 -2.89909421e-01 -2.89909421e-01
 -2.89909421e-01 -2.89909421e-01 -2.89909421e-01 -2.89909421e-01
 -2.89909421e-01  4.98329813e+00  3.84664451e+00 -2.89909421e-01
  3.22812933e+00 -2.89909421e-01 -2.89909421e-01 -2.89909421e-01
 -2.89909421e-01 -2.89909421e-01 -2.89909421e-01 -2.89909421e-01
 -2.89909421e-01 -2.89909421e-01 -2.89909421e-01 -2.89909421e-01
 -2.89909421e-01 -2.89909421e-01 -2.89909421e-01 -2.89909421e-01
 -2.89909421e-01 -2.89909421e-01 -2.89909421e-01 -2.89909421e-01
 -2.89909421e-01 -2.89909421e-01 -2.89909421e-01 -2.89909421e-01
 -2.89909421e-01 -2.89909421e-01 -2.89909421e-01 -2.89909421e-01
 -2.89909421e-01 -2.89909421e-01 -2.89909421e-01 -2.89909421e-01
 -2.89909421e-01  3.94543790e-01 -2.89909421e-01 -2.89909421e-01
 -2.89909421e-01  3.59213739e-03 -2.89909421e-01 -2.89909421e-01
 -2.89909421e-01 -2.89909421e-01 -2.89909421e-01 -2.89909421e-01
  2.54025153e+00  2.68854294e+00  3.07245489e+00  2.08066202e+00
  1.79392245e+00 -2.89909421e-01  2.37421986e+00 -2.89909421e-01
 -2.89909421e-01 -2.89909421e-01 -2.89909421e-01 -2.89909421e-01
 -2.89909421e-01 -2.89909421e-01 -2.89909421e-01 -2.89909421e-01
 -2.89909421e-01 -2.89909421e-01 -2.89909421e-01 -2.89909421e-01
 -2.89909421e-01 -2.89909421e-01 -2.89909421e-01 -2.89909421e-01
 -2.89909421e-01 -2.89909421e-01 -2.89909421e-01 -2.89909421e-01
 -2.89909421e-01 -2.89909421e-01 -2.89909421e-01 -2.89909421e-01
 -2.89909421e-01 -2.89909421e-01 -2.89909421e-01 -2.89909421e-01
 -2.89909421e-01 -2.89909421e-01 -2.89909421e-01  4.19615279e+00
 -2.89909421e-01 -2.89909421e-01 -2.89909421e-01 -2.89909421e-01
 -2.89909421e-01 -2.89909421e-01 -2.89909421e-01 -2.89909421e-01
 -2.89909421e-01 -2.89909421e-01 -2.89909421e-01 -2.89909421e-01
 -2.89909421e-01 -2.89909421e-01 -2.89909421e-01 -2.89909421e-01
 -2.89909421e-01 -2.89909421e-01 -2.89909421e-01 -2.89909421e-01
 -2.89909421e-01 -2.89909421e-01  3.30874291e+00 -2.89909421e-01
 -2.89909421e-01 -2.89909421e-01 -2.89909421e-01  1.97745044e+00
 -2.89909421e-01 -2.89909421e-01 -2.89909421e-01 -2.89909421e-01
 -2.89909421e-01 -2.89909421e-01 -2.89909421e-01 -2.89909421e-01
 -2.89909421e-01 -2.89909421e-01  1.08778614e+00]",[0.07520554530483298]
7,"[-0.27180421 -0.27180421 -0.27180421  0.24694354 -0.27180421 -0.27180421
 -0.27180421 -0.27180421 -0.27180421 -0.27180421 -0.27180421 -0.27180421
 -0.27180421 -0.27180421 -0.27180421 -0.27180421 -0.27180421 -0.27180421
 -0.27180421 -0.27180421 -0.27180421 -0.27180421 -0.27180421 -0.27180421
 -0.27180421 -0.27180421 -0.27180421 -0.27180421 -0.27180421 -0.27180421
 -0.27180421 -0.27180421 -0.27180421 -0.27180421 -0.27180421 -0.27180421
 -0.27180421 -0.27180421 -0.27180421 -0.27180421  7.02006683  1.78512826
 -0.27180421 -0.27180421 -0.27180421 -0.27180421 -0.27180421 -0.27180421
 -0.27180421 -0.27180421 -0.27180421 -0.27180421 -0.27180421  5.21098808
  2.17625815 -0.27180421 -0.27180421 -0.27180421 -0.27180421 -0.27180421
 -0.27180421 -0.27180421 -0.27180421 -0.27180421 -0.27180421 -0.27180421
 -0.27180421 -0.27180421 -0.27180421 -0.27180421 -0.27180421 -0.27180421
 -0.27180421 -0.27180421 -0.27180421 -0.27180421 -0.27180421 -0.27180421
 -0.27180421 -0.27180421 -0.27180421 -0.27180421 -0.27180421 -0.27180421
 -0.27180421 -0.27180421 -0.27180421 -0.27180421  1.61649655  2.32353057
 -0.27180421  0.92632083 -0.27180421 -0.27180421  2.34121649 -0.27180421
 -0.27180421 -0.27180421 -0.27180421 -0.27180421  3.80588684 -0.27180421
  1.89803372  0.03046716 -0.27180421 -0.27180421  4.72257438 -0.27180421
 -0.27180421 -0.27180421 -0.27180421 -0.27180421 -0.27180421 -0.27180421
 -0.27180421 -0.27180421 -0.27180421 -0.27180421 -0.27180421 -0.27180421
 -0.27180421 -0.27180421 -0.27180421 -0.27180421 -0.27180421 -0.27180421
 -0.27180421 -0.27180421 -0.27180421 -0.27180421 -0.27180421 -0.27180421
 -0.27180421 -0.27180421 -0.27180421 -0.27180421 -0.27180421 -0.27180421
 -0.27180421 -0.27180421 -0.27180421 -0.27180421 -0.27180421 -0.27180421
 -0.27180421 -0.27180421 -0.27180421 -0.27180421 -0.27180421 -0.27180421
 -0.27180421 -0.27180421 -0.27180421 -0.27180421 -0.27180421 -0.27180421
 -0.27180421 -0.27180421 -0.27180421 -0.27180421 -0.27180421 -0.27180421
  3.1822923  -0.27180421 -0.27180421 -0.27180421 -0.27180421  3.55822635
 -0.27180421  1.61649655 -0.27180421 -0.27180421 -0.27180421 -0.27180421
 -0.27180421 -0.27180421 -0.27180421 -0.27180421  1.57135538]",[-0.008705613309219984]
7,"[-0.29008307 -0.29008307 -0.29008307 -0.10497393 -0.29008307 -0.29008307
 -0.29008307 -0.29008307 -0.29008307 -0.29008307 -0.29008307 -0.29008307
 -0.29008307 -0.29008307 -0.29008307 -0.29008307 -0.29008307 -0.29008307
 -0.29008307 -0.29008307 -0.29008307 -0.29008307 -0.29008307 -0.29008307
 -0.29008307 -0.29008307 -0.29008307 -0.29008307 -0.29008307 -0.29008307
 -0.29008307 -0.29008307 -0.29008307 -0.29008307 -0.29008307 -0.29008307
 -0.29008307 -0.29008307 -0.29008307 -0.29008307  5.78221477  2.60203901
 -0.29008307 -0.29008307 -0.29008307 -0.29008307 -0.29008307 -0.29008307
 -0.29008307 -0.29008307 -0.29008307 -0.29008307 -0.29008307  4.78105731
  3.69691596 -0.1275111   3.42346826 -0.29008307 -0.29008307 -0.29008307
 -0.29008307 -0.29008307 -0.29008307 -0.29008307 -0.29008307 -0.29008307
 -0.29008307 -0.29008307 -0.29008307 -0.29008307 -0.29008307 -0.29008307
 -0.29008307 -0.29008307 -0.29008307 -0.29008307 -0.29008307 -0.29008307
 -0.29008307 -0.29008307 -0.29008307 -0.29008307 -0.29008307 -0.29008307
 -0.29008307 -0.29008307 -0.29008307 -0.29008307 -0.29008307  0.25904348
 -0.29008307  0.42629592 -0.29008307 -0.29008307  0.53303033 -0.29008307
 -0.29008307 -0.29008307  1.32832506 -0.29008307  2.37223269 -0.29008307
  2.92762306  0.84739     2.39515773 -0.29008307  0.82556901 -0.29008307
 -0.29008307 -0.29008307 -0.29008307 -0.29008307 -0.29008307 -0.29008307
 -0.29008307 -0.29008307 -0.29008307 -0.29008307 -0.29008307 -0.29008307
 -0.29008307 -0.29008307 -0.29008307 -0.29008307 -0.29008307 -0.29008307
 -0.29008307 -0.29008307 -0.29008307 -0.29008307 -0.29008307 -0.29008307
 -0.29008307 -0.29008307 -0.29008307 -0.29008307 -0.29008307 -0.29008307
 -0.29008307  3.93473874 -0.29008307 -0.29008307 -0.29008307 -0.29008307
 -0.29008307 -0.29008307 -0.29008307 -0.29008307  2.96672249 -0.29008307
 -0.29008307 -0.29008307 -0.29008307 -0.29008307 -0.29008307 -0.29008307
 -0.29008307 -0.29008307 -0.29008307 -0.29008307 -0.29008307 -0.29008307
  2.419146   -0.29008307 -0.29008307 -0.29008307 -0.29008307 -0.29008307
 -0.29008307 -0.29008307 -0.29008307 -0.29008307 -0.29008307 -0.29008307
 -0.29008307 -0.29008307 -0.29008307 -0.29008307  4.83472384]",[-0.007119030996273534]
7,"[-0.23947768 -0.23947768 -0.23947768 -0.23947768 -0.23947768 -0.23947768
 -0.23947768 -0.23947768 -0.23947768 -0.23947768 -0.23947768 -0.23947768
 -0.23947768 -0.23947768 -0.23947768 -0.23947768 -0.23947768 -0.23947768
 -0.23947768 -0.23947768 -0.23947768 -0.23947768 -0.23947768 -0.23947768
 -0.23947768 -0.23947768 -0.23947768 -0.23947768 -0.23947768 -0.23947768
 -0.23947768 -0.23947768 -0.23947768 -0.23947768 -0.23947768 -0.23947768
 -0.23947768 -0.23947768 -0.23947768 -0.23947768  6.46491873  0.74049092
 -0.23947768 -0.23947768 -0.23947768 -0.23947768 -0.23947768 -0.23947768
 -0.23947768 -0.23947768 -0.23947768 -0.23947768 -0.23947768  7.02069619
 -0.23947768 -0.23947768 -0.23947768 -0.23947768 -0.23947768 -0.23947768
 -0.23947768 -0.23947768 -0.23947768 -0.23947768 -0.23947768 -0.23947768
 -0.23947768 -0.23947768 -0.23947768 -0.23947768 -0.23947768 -0.23947768
 -0.23947768 -0.23947768 -0.23947768 -0.23947768 -0.23947768 -0.23947768
 -0.23947768 -0.23947768 -0.23947768 -0.23947768 -0.23947768 -0.23947768
 -0.23947768 -0.23947768 -0.23947768 -0.23947768 -0.23947768 -0.23947768
 -0.23947768 -0.23947768 -0.23947768 -0.23947768  2.28163146 -0.23947768
 -0.23947768 -0.23947768 -0.23947768 -0.23947768  3.03074279 -0.23947768
  2.51152997  3.12878809  3.60229458 -0.23947768  3.86774778 -0.23947768
 -0.23947768 -0.23947768 -0.23947768 -0.23947768 -0.23947768 -0.23947768
 -0.23947768 -0.23947768 -0.23947768 -0.23947768 -0.23947768 -0.23947768
 -0.23947768 -0.23947768 -0.23947768 -0.23947768 -0.23947768 -0.23947768
 -0.23947768 -0.23947768 -0.23947768 -0.23947768 -0.23947768 -0.23947768
 -0.23947768 -0.23947768 -0.23947768 -0.23947768 -0.23947768 -0.23947768
 -0.23947768 -0.23947768 -0.23947768 -0.23947768 -0.23947768 -0.23947768
 -0.23947768 -0.23947768 -0.23947768 -0.23947768 -0.23947768 -0.23947768
 -0.23947768 -0.23947768 -0.23947768 -0.23947768 -0.23947768 -0.23947768
 -0.23947768 -0.23947768 -0.23947768 -0.23947768 -0.23947768 -0.23947768
  3.13682625 -0.23947768 -0.23947768 -0.23947768 -0.23947768  1.52257989
 -0.23947768 -0.23947768 -0.23947768 -0.23947768 -0.23947768 -0.23947768
 -0.23947768 -0.23947768 -0.23947768 -0.23947768  2.68452574]",[-0.02202983368531941]
7,"[-0.24905342 -0.24905342 -0.24905342 -0.24905342 -0.24905342 -0.24905342
 -0.24905342 -0.24905342 -0.24905342 -0.24905342 -0.24905342 -0.24905342
 -0.24905342 -0.24905342 -0.24905342 -0.24905342  0.91546227 -0.24905342
 -0.24905342 -0.24905342 -0.24905342 -0.24905342 -0.24905342 -0.24905342
 -0.24905342 -0.24905342 -0.24905342 -0.24905342 -0.24905342 -0.24905342
 -0.24905342 -0.24905342 -0.24905342 -0.24905342 -0.24905342 -0.24905342
 -0.24905342 -0.24905342 -0.24905342 -0.24905342  7.65336959 -0.24905342
 -0.24905342 -0.24905342 -0.24905342 -0.24905342 -0.24905342 -0.24905342
 -0.24905342 -0.24905342 -0.24905342 -0.24905342 -0.24905342  5.57926254
  3.74419098 -0.24905342 -0.24905342 -0.24905342 -0.24905342 -0.24905342
 -0.24905342 -0.24905342 -0.24905342 -0.24905342 -0.24905342 -0.24905342
 -0.24905342 -0.24905342 -0.24905342 -0.24905342 -0.24905342 -0.24905342
 -0.24905342 -0.24905342 -0.24905342 -0.24905342 -0.24905342 -0.24905342
 -0.24905342 -0.24905342 -0.24905342 -0.24905342 -0.24905342 -0.24905342
 -0.24905342 -0.24905342 -0.24905342 -0.24905342 -0.24905342  1.42907571
 -0.24905342 -0.24905342 -0.24905342 -0.24905342  2.01535328 -0.24905342
 -0.24905342 -0.24905342 -0.24905342 -0.24905342  1.15945599 -0.24905342
  1.34352284  0.58310936  2.67069811  3.94349723  0.41282423 -0.24905342
 -0.24905342 -0.24905342 -0.24905342 -0.24905342  0.22611128 -0.24905342
 -0.24905342 -0.24905342 -0.24905342 -0.24905342 -0.24905342 -0.24905342
 -0.24905342 -0.24905342 -0.24905342 -0.24905342 -0.24905342 -0.24905342
 -0.24905342 -0.24905342 -0.24905342 -0.24905342 -0.24905342 -0.24905342
 -0.24905342 -0.24905342 -0.24905342 -0.24905342 -0.24905342 -0.24905342
 -0.24905342  4.32126046 -0.24905342 -0.24905342 -0.24905342 -0.24905342
 -0.24905342 -0.24905342 -0.24905342 -0.24905342 -0.24905342 -0.24905342
 -0.24905342 -0.24905342 -0.24905342 -0.24905342 -0.24905342 -0.24905342
 -0.24905342 -0.24905342 -0.24905342 -0.24905342 -0.24905342 -0.24905342
  3.43616167 -0.24905342 -0.24905342 -0.24905342 -0.24905342 -0.24905342
 -0.24905342 -0.24905342 -0.24905342 -0.24905342 -0.24905342 -0.24905342
 -0.24905342 -0.24905342 -0.24905342 -0.24905342  1.16235259]",[-0.03182949712554245]
7,"[-0.240238   -0.240238   -0.240238   -0.240238   -0.240238   -0.240238
 -0.240238   -0.240238   -0.240238   -0.240238   -0.240238   -0.240238
 -0.240238   -0.240238   -0.240238   -0.240238   -0.240238   -0.240238
 -0.240238   -0.240238   -0.240238   -0.240238   -0.240238   -0.240238
 -0.240238   -0.240238   -0.240238   -0.240238    0.44369997 -0.240238
 -0.240238   -0.240238   -0.240238   -0.240238   -0.240238   -0.240238
 -0.240238   -0.240238   -0.240238   -0.240238    6.08256494  0.4396916
 -0.240238   -0.240238   -0.240238   -0.240238   -0.240238   -0.240238
 -0.240238   -0.240238   -0.240238   -0.240238   -0.240238    6.68224544
  0.84517273 -0.240238    1.12550031 -0.240238   -0.240238   -0.240238
 -0.240238   -0.240238   -0.240238   -0.240238   -0.240238   -0.240238
 -0.240238   -0.240238   -0.240238   -0.240238   -0.240238   -0.240238
 -0.240238   -0.240238   -0.240238   -0.240238   -0.240238   -0.240238
 -0.240238   -0.240238   -0.240238   -0.240238   -0.240238   -0.240238
 -0.240238   -0.240238   -0.240238   -0.240238   -0.240238    2.26683491
 -0.240238   -0.240238   -0.240238   -0.240238    1.35664148 -0.240238
 -0.240238   -0.240238   -0.240238   -0.240238    3.60760342 -0.240238
 -0.240238    0.32229997  2.86682166 -0.240238    4.67192968 -0.240238
 -0.240238   -0.240238   -0.240238   -0.240238    1.09172517 -0.240238
 -0.240238   -0.240238   -0.240238   -0.240238   -0.240238   -0.240238
 -0.240238   -0.240238   -0.240238   -0.240238   -0.240238   -0.240238
 -0.240238   -0.240238   -0.240238   -0.240238   -0.240238   -0.240238
 -0.240238   -0.240238   -0.240238   -0.240238   -0.240238   -0.240238
 -0.240238    0.57433775 -0.240238   -0.240238   -0.240238   -0.240238
 -0.240238   -0.240238   -0.240238   -0.240238   -0.240238   -0.240238
 -0.240238   -0.240238   -0.240238   -0.240238   -0.240238   -0.240238
 -0.240238   -0.240238   -0.240238   -0.240238   -0.240238   -0.240238
  5.72649814 -0.240238   -0.240238   -0.240238   -0.240238    1.05522722
 -0.240238   -0.240238   -0.240238   -0.240238   -0.240238   -0.240238
 -0.240238   -0.240238   -0.240238   -0.240238   -0.240238  ]",[-0.0005160127218407085]
7,"[-0.26154276 -0.26154276 -0.26154276 -0.26154276 -0.26154276 -0.26154276
 -0.26154276 -0.26154276 -0.26154276 -0.26154276 -0.26154276 -0.26154276
 -0.26154276 -0.26154276 -0.26154276 -0.26154276 -0.26154276 -0.26154276
 -0.26154276 -0.26154276 -0.26154276 -0.26154276 -0.26154276 -0.26154276
 -0.26154276 -0.26154276 -0.26154276 -0.26154276 -0.26154276 -0.26154276
 -0.26154276 -0.26154276 -0.26154276 -0.26154276 -0.26154276 -0.26154276
 -0.26154276 -0.26154276 -0.26154276 -0.26154276  2.49075517  0.05837202
 -0.26154276 -0.26154276 -0.26154276 -0.26154276 -0.26154276 -0.26154276
 -0.26154276 -0.26154276 -0.26154276 -0.26154276 -0.26154276 -0.26154276
 -0.26154276 -0.26154276 -0.26154276 -0.26154276 -0.26154276 -0.26154276
 -0.26154276 -0.26154276 -0.26154276 -0.26154276 -0.26154276 -0.26154276
 -0.26154276 -0.26154276 -0.26154276 -0.26154276 -0.26154276 -0.26154276
 -0.26154276 -0.26154276 -0.26154276 -0.26154276 -0.26154276  1.58445681
 -0.26154276 -0.26154276 -0.26154276 -0.26154276 -0.26154276 -0.26154276
 -0.26154276 -0.26154276 -0.26154276 -0.26154276 -0.26154276 -0.26154276
 -0.26154276  1.44819186 -0.26154276  3.18178701  5.18997866 -0.26154276
 -0.26154276 -0.26154276 -0.26154276 -0.26154276  3.75858678 -0.26154276
  4.04206506  0.97760376  4.93324895 -0.26154276  3.65778539  0.96636305
 -0.26154276 -0.26154276 -0.26154276 -0.26154276 -0.26154276 -0.26154276
 -0.26154276 -0.26154276 -0.26154276 -0.26154276 -0.26154276 -0.26154276
 -0.26154276 -0.26154276 -0.26154276 -0.26154276 -0.26154276 -0.26154276
 -0.26154276 -0.26154276 -0.26154276 -0.26154276 -0.26154276 -0.26154276
 -0.26154276 -0.26154276 -0.26154276 -0.26154276 -0.26154276 -0.26154276
 -0.26154276 -0.26154276 -0.26154276 -0.26154276 -0.26154276 -0.26154276
 -0.26154276 -0.26154276 -0.26154276 -0.26154276 -0.26154276 -0.26154276
 -0.26154276  0.67469574 -0.26154276 -0.26154276 -0.26154276 -0.26154276
 -0.26154276 -0.26154276 -0.26154276 -0.26154276 -0.26154276 -0.26154276
  4.75619156 -0.26154276 -0.26154276 -0.26154276 -0.26154276  5.17293157
 -0.26154276 -0.26154276 -0.26154276 -0.26154276 -0.26154276 -0.26154276
 -0.26154276 -0.26154276 -0.26154276 -0.26154276 -0.26154276]",[-0.015337032844729093]
7,"[-0.2415398  -0.2415398  -0.2415398  -0.2415398  -0.2415398  -0.2415398
 -0.2415398  -0.2415398  -0.2415398  -0.2415398  -0.2415398  -0.2415398
 -0.2415398  -0.2415398  -0.2415398  -0.2415398   0.42177966 -0.2415398
 -0.2415398  -0.2415398  -0.2415398  -0.2415398  -0.2415398  -0.2415398
 -0.2415398  -0.2415398  -0.2415398  -0.2415398   0.52740854 -0.2415398
 -0.2415398  -0.2415398  -0.2415398  -0.2415398  -0.2415398  -0.2415398
 -0.2415398  -0.2415398  -0.2415398  -0.2415398   6.88688345  2.15697207
 -0.2415398  -0.2415398  -0.2415398  -0.2415398  -0.2415398  -0.2415398
 -0.2415398  -0.2415398  -0.2415398  -0.2415398  -0.2415398   0.9787716
 -0.2415398  -0.2415398  -0.2415398  -0.2415398  -0.2415398  -0.2415398
 -0.2415398  -0.2415398  -0.2415398  -0.2415398  -0.2415398  -0.2415398
 -0.2415398  -0.2415398  -0.2415398  -0.2415398  -0.2415398  -0.2415398
 -0.2415398  -0.2415398  -0.2415398  -0.2415398  -0.2415398  -0.2415398
 -0.2415398  -0.2415398  -0.2415398  -0.2415398  -0.2415398  -0.2415398
 -0.2415398  -0.2415398  -0.2415398  -0.2415398   3.91277299 -0.2415398
 -0.2415398  -0.2415398  -0.2415398  -0.2415398   4.53508046 -0.2415398
 -0.2415398  -0.2415398  -0.2415398  -0.2415398   3.78039821 -0.2415398
  4.79382766  1.60412831 -0.2415398  -0.2415398   3.52261987 -0.2415398
 -0.2415398  -0.2415398  -0.2415398  -0.2415398  -0.2415398  -0.2415398
 -0.2415398  -0.2415398  -0.2415398  -0.2415398  -0.2415398  -0.2415398
 -0.2415398  -0.2415398  -0.2415398  -0.2415398  -0.2415398  -0.2415398
 -0.2415398  -0.2415398  -0.2415398  -0.2415398  -0.2415398  -0.2415398
 -0.2415398  -0.2415398  -0.2415398  -0.2415398  -0.2415398  -0.2415398
 -0.2415398  -0.2415398  -0.2415398  -0.2415398  -0.2415398  -0.2415398
 -0.2415398  -0.2415398  -0.2415398  -0.2415398  -0.2415398  -0.2415398
 -0.2415398  -0.2415398  -0.2415398  -0.2415398  -0.2415398  -0.2415398
 -0.2415398  -0.2415398  -0.2415398  -0.2415398  -0.2415398  -0.2415398
  4.78430271 -0.2415398  -0.2415398  -0.2415398  -0.2415398   2.19066172
 -0.2415398  -0.2415398  -0.2415398  -0.2415398  -0.2415398  -0.2415398
 -0.2415398  -0.2415398  -0.2415398  -0.2415398  -0.2415398 ]",[-0.0836865748718113]
7,"[-0.20683539 -0.20683539 -0.20683539 -0.20683539 -0.20683539 -0.20683539
 -0.20683539 -0.20683539 -0.20683539 -0.20683539 -0.20683539 -0.20683539
 -0.20683539 -0.20683539 -0.20683539 -0.20683539  0.25405746 -0.20683539
 -0.20683539 -0.20683539 -0.20683539 -0.20683539 -0.20683539 -0.20683539
 -0.20683539 -0.20683539 -0.20683539 -0.20683539 -0.20683539 -0.20683539
 -0.20683539 -0.20683539 -0.20683539 -0.20683539 -0.20683539 -0.20683539
 -0.20683539 -0.20683539 -0.20683539 -0.20683539  7.21731367  2.19659121
 -0.20683539 -0.20683539 -0.20683539 -0.20683539 -0.20683539 -0.20683539
 -0.20683539 -0.20683539 -0.20683539 -0.20683539 -0.20683539  7.37835102
 -0.20683539 -0.20683539 -0.20683539 -0.20683539 -0.20683539 -0.20683539
 -0.20683539 -0.20683539 -0.20683539 -0.20683539 -0.20683539 -0.20683539
 -0.20683539 -0.20683539 -0.20683539 -0.20683539 -0.20683539 -0.20683539
 -0.20683539 -0.20683539 -0.20683539 -0.20683539 -0.20683539 -0.20683539
 -0.20683539 -0.20683539 -0.20683539 -0.20683539 -0.20683539 -0.20683539
 -0.20683539 -0.20683539 -0.20683539 -0.20683539 -0.20683539 -0.20683539
 -0.20683539  0.79156759 -0.20683539 -0.20683539  3.59952781 -0.20683539
 -0.20683539 -0.20683539 -0.20683539 -0.20683539  0.46539019 -0.20683539
  1.99064823  0.58684893  1.15083038 -0.20683539  5.26378251 -0.20683539
 -0.20683539 -0.20683539 -0.20683539 -0.20683539 -0.20683539 -0.20683539
 -0.20683539 -0.20683539 -0.20683539 -0.20683539 -0.20683539 -0.20683539
 -0.20683539 -0.20683539 -0.20683539 -0.20683539 -0.20683539 -0.20683539
 -0.20683539 -0.20683539 -0.20683539 -0.20683539 -0.20683539 -0.20683539
 -0.20683539 -0.20683539 -0.20683539 -0.20683539 -0.20683539 -0.20683539
 -0.20683539 -0.20683539 -0.20683539 -0.20683539 -0.20683539 -0.20683539
 -0.20683539 -0.20683539 -0.20683539 -0.20683539 -0.20683539 -0.20683539
 -0.20683539 -0.20683539 -0.20683539 -0.20683539 -0.20683539 -0.20683539
 -0.20683539 -0.20683539 -0.20683539 -0.20683539 -0.20683539 -0.20683539
  3.64660091 -0.20683539 -0.20683539 -0.20683539 -0.20683539 -0.20683539
 -0.20683539 -0.20683539 -0.20683539 -0.20683539 -0.20683539 -0.20683539
 -0.20683539 -0.20683539 -0.20683539 -0.20683539 -0.20683539]",[-0.03726974622845347]
7,"[-0.42113684 -0.42113684 -0.42113684  0.10875663 -0.42113684 -0.42113684
  2.76714421  1.97136385 -0.42113684 -0.42113684 -0.42113684 -0.42113684
 -0.42113684 -0.42113684 -0.42113684  1.91673296  0.76405124 -0.42113684
 -0.42113684 -0.42113684 -0.42113684 -0.42113684 -0.42113684 -0.42113684
  2.07959397  1.7912389   1.32354776 -0.42113684  1.17847481 -0.42113684
 -0.42113684  3.02684372 -0.42113684  1.80268252 -0.42113684 -0.42113684
  2.39210265 -0.42113684 -0.42113684 -0.42113684 -0.42113684 -0.42113684
 -0.42113684 -0.42113684 -0.42113684 -0.42113684 -0.42113684 -0.42113684
 -0.42113684 -0.42113684 -0.42113684 -0.42113684 -0.42113684  0.04466221
 -0.42113684 -0.42113684  0.04216411  1.1538388  -0.42113684  0.27461099
  1.83151818 -0.42113684 -0.42113684 -0.42113684 -0.42113684 -0.42113684
 -0.42113684 -0.42113684 -0.42113684  0.52356341 -0.42113684 -0.42113684
 -0.42113684 -0.42113684 -0.42113684 -0.42113684 -0.42113684 -0.42113684
 -0.42113684 -0.42113684 -0.42113684 -0.42113684 -0.42113684 -0.42113684
 -0.42113684  3.58396502 -0.42113684 -0.42113684  1.89281817 -0.42113684
 -0.42113684  3.64282881 -0.42113684 -0.42113684  4.21710649 -0.42113684
 -0.42113684 -0.42113684 -0.42113684 -0.42113684 -0.42113684 -0.42113684
  2.75113033 -0.42113684 -0.42113684 -0.42113684 -0.05355841 -0.42113684
 -0.42113684 -0.42113684 -0.42113684 -0.42113684 -0.42113684 -0.42113684
  1.72894321  2.24469546 -0.42113684 -0.42113684 -0.42113684 -0.42113684
 -0.42113684  2.42371107 -0.42113684 -0.42113684 -0.42113684 -0.42113684
 -0.42113684 -0.42113684  2.75173059 -0.42113684 -0.42113684  1.59542128
 -0.42113684 -0.42113684 -0.42113684 -0.42113684 -0.42113684 -0.42113684
  1.17722394 -0.42113684 -0.42113684 -0.42113684 -0.42113684 -0.42113684
 -0.42113684 -0.42113684 -0.42113684 -0.42113684 -0.42113684 -0.42113684
 -0.42113684 -0.42113684 -0.42113684 -0.42113684 -0.42113684 -0.42113684
 -0.42113684 -0.42113684 -0.42113684 -0.42113684 -0.42113684 -0.42113684
  4.23017954 -0.42113684 -0.42113684 -0.42113684 -0.42113684  1.65805417
  0.97203271 -0.42113684 -0.42113684 -0.42113684 -0.42113684 -0.42113684
 -0.42113684 -0.42113684 -0.42113684  1.25566834 -0.42113684]",[0.09553433402040207]
7,"[-0.31824322 -0.31824322 -0.31824322  1.50774982 -0.31824322 -0.31824322
 -0.31824322 -0.31824322 -0.31824322 -0.31824322 -0.31824322 -0.31824322
 -0.31824322 -0.31824322 -0.31824322 -0.31824322 -0.31824322 -0.31824322
 -0.31824322 -0.31824322 -0.31824322 -0.31824322 -0.31824322 -0.31824322
 -0.31824322 -0.31824322 -0.31824322 -0.31824322  1.12680557 -0.31824322
 -0.31824322 -0.31824322 -0.31824322 -0.31824322 -0.31824322 -0.31824322
 -0.31824322 -0.31824322 -0.31824322 -0.31824322  5.11560164  3.56894262
 -0.31824322 -0.31824322 -0.31824322 -0.31824322 -0.31824322 -0.31824322
 -0.31824322 -0.31824322 -0.31824322 -0.31824322 -0.31824322 -0.31824322
 -0.31824322 -0.31824322 -0.31824322 -0.31824322 -0.31824322 -0.31824322
 -0.31824322 -0.31824322 -0.31824322 -0.31824322 -0.31824322 -0.31824322
 -0.31824322 -0.31824322 -0.31824322 -0.31824322 -0.31824322 -0.31824322
 -0.31824322 -0.31824322 -0.31824322 -0.31824322 -0.31824322 -0.31824322
 -0.31824322 -0.31824322 -0.31824322 -0.31824322 -0.31824322 -0.31824322
 -0.31824322 -0.31824322 -0.31824322 -0.31824322  2.03988279 -0.31824322
  3.93417478  2.34617146 -0.31824322 -0.31824322  3.271834   -0.31824322
 -0.31824322 -0.31824322 -0.31824322 -0.31824322  3.21632914 -0.31824322
  1.44092048  1.37040013  4.1544512  -0.31824322  3.77884708 -0.31824322
 -0.31824322 -0.31824322 -0.31824322 -0.31824322 -0.31824322 -0.31824322
 -0.31824322 -0.31824322 -0.31824322 -0.31824322 -0.31824322 -0.31824322
 -0.31824322  1.65485465 -0.31824322 -0.31824322 -0.31824322 -0.31824322
 -0.31824322 -0.31824322 -0.31824322 -0.31824322 -0.31824322  1.54752281
 -0.31824322 -0.31824322 -0.31824322 -0.31824322 -0.31824322 -0.31824322
 -0.31824322  1.4451336  -0.31824322 -0.31824322 -0.31824322 -0.31824322
 -0.31824322 -0.31824322 -0.31824322 -0.31824322 -0.31824322 -0.31824322
 -0.31824322 -0.31824322 -0.31824322 -0.31824322 -0.31824322 -0.31824322
 -0.31824322 -0.31824322 -0.31824322 -0.31824322 -0.31824322 -0.31824322
  4.14267388 -0.31824322 -0.31824322 -0.31824322 -0.31824322  2.14889473
 -0.31824322 -0.31824322  3.10772407 -0.31824322 -0.31824322 -0.31824322
 -0.31824322 -0.31824322 -0.31824322 -0.31824322 -0.31824322]",[0.0056257951390975]
7,"[-0.18580761 -0.18580761 -0.18580761 -0.18580761 -0.18580761 -0.18580761
 -0.18580761 -0.18580761 -0.18580761 -0.18580761 -0.18580761 -0.18580761
 -0.18580761 -0.18580761 -0.18580761 -0.18580761 -0.18580761 -0.18580761
 -0.18580761 -0.18580761 -0.18580761 -0.18580761 -0.18580761 -0.18580761
 -0.18580761 -0.18580761 -0.18580761 -0.18580761 -0.18580761 -0.18580761
 -0.18580761 -0.18580761 -0.18580761 -0.18580761 -0.18580761 -0.18580761
 -0.18580761 -0.18580761 -0.18580761 -0.18580761 -0.18580761 -0.18580761
 -0.18580761 -0.18580761 -0.18580761 -0.18580761 -0.18580761 -0.18580761
 -0.18580761 -0.18580761 -0.18580761 -0.18580761 -0.18580761  0.67267816
  3.84192992 -0.18580761 -0.18580761 -0.18580761 -0.18580761 -0.18580761
 -0.18580761 -0.18580761 -0.18580761 -0.18580761 -0.18580761 -0.18580761
 -0.18580761 -0.18580761 -0.18580761 -0.18580761 -0.18580761 -0.18580761
 -0.18580761 -0.18580761 -0.18580761 -0.18580761 -0.18580761 -0.18580761
 -0.18580761 -0.18580761 -0.18580761 -0.18580761 -0.18580761 -0.18580761
 -0.18580761 -0.18580761 -0.18580761 -0.18580761 -0.18580761 -0.18580761
 -0.18580761 -0.18580761 -0.18580761 -0.18580761 -0.18580761 -0.18580761
 -0.18580761 -0.18580761 -0.18580761 -0.18580761  3.97464783 -0.18580761
  6.27335269 -0.18580761  3.20345154 -0.18580761 -0.18580761 -0.18580761
 -0.18580761 -0.18580761 -0.18580761 -0.18580761 -0.18580761 -0.18580761
 -0.18580761 -0.18580761 -0.18580761 -0.18580761 -0.18580761 -0.18580761
 -0.18580761  2.31794837 -0.18580761 -0.18580761 -0.18580761 -0.18580761
 -0.18580761 -0.18580761 -0.18580761 -0.18580761 -0.18580761 -0.18580761
 -0.18580761 -0.18580761 -0.18580761 -0.18580761 -0.18580761 -0.18580761
 -0.18580761 -0.18580761 -0.18580761 -0.18580761 -0.18580761 -0.18580761
 -0.18580761 -0.18580761 -0.18580761 -0.18580761 -0.18580761 -0.18580761
 -0.18580761 -0.18580761 -0.18580761 -0.18580761 -0.18580761 -0.18580761
 -0.18580761 -0.18580761 -0.18580761 -0.18580761 -0.18580761 -0.18580761
  8.9923151  -0.18580761 -0.18580761 -0.18580761 -0.18580761 -0.18580761
 -0.18580761 -0.18580761  2.49677754 -0.18580761 -0.18580761 -0.18580761
 -0.18580761 -0.18580761 -0.18580761 -0.18580761 -0.18580761]",[-0.0943697400583986]
7,"[-0.38292492 -0.38292492  2.16168787  0.63044969 -0.38292492 -0.38292492
 -0.38292492 -0.38292492 -0.38292492 -0.38292492 -0.38292492 -0.38292492
 -0.38292492 -0.38292492 -0.38292492 -0.38292492  1.01319184 -0.38292492
 -0.38292492 -0.38292492 -0.38292492  2.99159295 -0.38292492 -0.38292492
 -0.38292492 -0.38292492 -0.38292492 -0.38292492  0.92841184 -0.38292492
 -0.38292492 -0.38292492 -0.38292492 -0.38292492 -0.38292492 -0.38292492
 -0.38292492 -0.38292492 -0.38292492 -0.38292492  4.93713336  1.26572788
 -0.38292492 -0.38292492 -0.38292492 -0.38292492 -0.38292492 -0.38292492
 -0.38292492 -0.38292492 -0.38292492 -0.38292492  0.79876262 -0.38292492
 -0.38292492 -0.38292492 -0.38292492 -0.38292492 -0.38292492 -0.38292492
 -0.38292492 -0.38292492 -0.38292492 -0.38292492 -0.38292492 -0.38292492
 -0.38292492 -0.38292492 -0.38292492 -0.38292492  3.58650928 -0.38292492
 -0.38292492 -0.38292492 -0.38292492 -0.38292492 -0.38292492 -0.38292492
 -0.38292492 -0.38292492 -0.38292492 -0.38292492 -0.38292492  2.08947475
 -0.38292492 -0.38292492 -0.38292492 -0.38292492  3.3616756  -0.38292492
 -0.38292492  1.55474687 -0.38292492 -0.38292492  1.54872116 -0.38292492
 -0.38292492 -0.38292492 -0.38292492 -0.38292492  2.1767135  -0.38292492
  3.59027793 -0.20737057  3.08355648 -0.38292492  3.1956023  -0.38292492
 -0.38292492 -0.38292492 -0.38292492 -0.38292492  1.06015559 -0.38292492
 -0.38292492 -0.38292492 -0.38292492 -0.38292492 -0.38292492 -0.38292492
 -0.38292492  1.96306391 -0.38292492 -0.38292492 -0.38292492 -0.38292492
 -0.38292492 -0.38292492 -0.38292492 -0.38292492 -0.38292492  1.58743986
 -0.38292492 -0.38292492 -0.38292492  1.76587216 -0.38292492  1.46679738
  1.04589516 -0.38292492 -0.38292492 -0.38292492 -0.38292492 -0.38292492
 -0.38292492 -0.38292492 -0.38292492 -0.38292492  1.91971661 -0.38292492
 -0.38292492 -0.38292492 -0.38292492 -0.38292492 -0.38292492 -0.38292492
 -0.38292492 -0.38292492 -0.38292492 -0.38292492 -0.38292492 -0.38292492
  4.11839272 -0.38292492 -0.38292492 -0.38292492 -0.38292492  1.69205148
 -0.38292492  2.49541338 -0.38292492 -0.38292492 -0.38292492 -0.38292492
 -0.38292492 -0.38292492 -0.38292492 -0.38292492 -0.38292492]",[0.1192887037528515]
7,"[-0.32646709 -0.32646709 -0.32646709 -0.32646709 -0.32646709 -0.32646709
 -0.32646709 -0.32646709 -0.32646709 -0.32646709 -0.32646709 -0.32646709
 -0.32646709 -0.32646709 -0.32646709 -0.32646709  1.26401767 -0.32646709
 -0.32646709 -0.32646709 -0.32646709  2.22304933 -0.32646709 -0.32646709
 -0.32646709 -0.32646709 -0.32646709 -0.32646709  2.63164901 -0.32646709
 -0.32646709 -0.32646709 -0.32646709 -0.32646709 -0.32646709 -0.32646709
  2.01968832 -0.32646709 -0.32646709 -0.32646709  6.01547008 -0.32646709
 -0.32646709 -0.32646709 -0.32646709 -0.32646709 -0.32646709 -0.32646709
 -0.32646709 -0.32646709 -0.32646709 -0.32646709 -0.32646709  2.74731924
 -0.32646709 -0.32646709 -0.32646709 -0.32646709 -0.32646709 -0.32646709
 -0.32646709 -0.32646709 -0.32646709 -0.32646709 -0.32646709 -0.32646709
 -0.32646709 -0.32646709 -0.32646709 -0.32646709 -0.32646709 -0.32646709
 -0.32646709 -0.32646709 -0.32646709 -0.32646709 -0.32646709  3.41233143
 -0.32646709 -0.32646709 -0.32646709 -0.32646709 -0.32646709 -0.32646709
 -0.32646709 -0.32646709 -0.32646709  2.66687038 -0.32646709 -0.32646709
 -0.32646709  3.10062668 -0.32646709 -0.32646709  2.12191021 -0.32646709
 -0.32646709 -0.32646709 -0.32646709 -0.32646709  1.50821452 -0.32646709
 -0.32646709 -0.32646709  1.03416121 -0.32646709  3.0387381  -0.32646709
  1.6572017  -0.32646709 -0.32646709 -0.32646709 -0.32646709 -0.32646709
 -0.32646709 -0.32646709 -0.32646709 -0.32646709 -0.32646709 -0.32646709
 -0.32646709  2.34545049 -0.32646709 -0.32646709 -0.32646709 -0.32646709
  2.32165636 -0.32646709 -0.32646709 -0.32646709 -0.32646709 -0.32646709
 -0.32646709 -0.32646709 -0.32646709 -0.32646709 -0.32646709  0.19455645
 -0.32646709 -0.32646709 -0.32646709 -0.32646709  0.5698313  -0.32646709
 -0.32646709 -0.32646709 -0.32646709 -0.32646709 -0.32646709 -0.32646709
 -0.32646709 -0.32646709 -0.32646709 -0.32646709 -0.32646709 -0.32646709
 -0.32646709 -0.32646709 -0.32646709 -0.32646709 -0.32646709 -0.32646709
  4.59059812 -0.32646709 -0.32646709 -0.32646709 -0.32646709  3.96476787
  2.15369196 -0.32646709 -0.32646709 -0.32646709 -0.32646709 -0.32646709
 -0.32646709 -0.32646709 -0.32646709 -0.32646709 -0.32646709]",[0.057542442823134976]
8,"[-0.23778887 -0.23778887 -0.23778887 -0.23778887 -0.23778887 -0.23778887
 -0.23778887 -0.23778887 -0.23778887 -0.23778887 -0.23778887 -0.23778887
 -0.23778887 -0.23778887 -0.23778887 -0.23778887 -0.23778887 -0.23778887
 -0.23778887 -0.23778887 -0.23778887 -0.23778887 -0.23778887 -0.23778887
 -0.23778887 -0.23778887 -0.23778887 -0.23778887 -0.23778887 -0.23778887
 -0.23778887 -0.23778887 -0.23778887 -0.23778887 -0.23778887 -0.23778887
 -0.23778887 -0.23778887 -0.23778887 -0.23778887  1.39572761 -0.23778887
 -0.23778887 -0.23778887 -0.23778887 -0.23778887 -0.23778887 -0.23778887
 -0.23778887 -0.23778887 -0.23778887 -0.23778887 -0.23778887  5.44640659
 -0.23778887 -0.23778887 -0.23778887 -0.23778887 -0.23778887  2.03599675
  1.49011368 -0.23778887 -0.23778887 -0.23778887 -0.23778887 -0.23778887
 -0.23778887 -0.23778887 -0.23778887 -0.23778887 -0.23778887 -0.23778887
 -0.23778887 -0.23778887 -0.23778887 -0.23778887 -0.23778887 -0.23778887
 -0.23778887 -0.23778887 -0.23778887 -0.23778887 -0.23778887 -0.23778887
 -0.23778887 -0.23778887 -0.23778887 -0.23778887  3.07238712  2.30899895
 -0.23778887  3.79094868 -0.23778887 -0.23778887  4.48949804 -0.23778887
 -0.23778887 -0.23778887 -0.23778887 -0.23778887 -0.14979949 -0.23778887
 -0.23778887 -0.23778887 -0.23778887 -0.23778887 -0.23778887 -0.23778887
 -0.23778887 -0.23778887 -0.23778887 -0.23778887 -0.23778887 -0.23778887
 -0.23778887 -0.23778887 -0.23778887 -0.23778887 -0.23778887 -0.23778887
 -0.23778887 -0.23778887 -0.23778887 -0.23778887 -0.23778887 -0.23778887
 -0.23778887 -0.23778887 -0.23778887 -0.23778887 -0.23778887 -0.23778887
 -0.23778887 -0.23778887 -0.23778887 -0.23778887 -0.23778887 -0.23778887
 -0.23778887 -0.23778887 -0.23778887 -0.23778887 -0.23778887 -0.23778887
 -0.23778887 -0.23778887 -0.23778887 -0.23778887 -0.23778887 -0.23778887
 -0.23778887  0.31781686 -0.23778887 -0.23778887 -0.23778887 -0.23778887
 -0.23778887 -0.23778887 -0.23778887 -0.23778887 -0.23778887 -0.23778887
  6.63766929 -0.23778887 -0.23778887 -0.23778887 -0.23778887 -0.23778887
  4.97285467 -0.23778887  3.6643337  -0.23778887 -0.23778887 -0.23778887
 -0.23778887 -0.23778887 -0.23778887 -0.23778887 -0.23778887]",[-0.025296508585390398]
8,"[-0.22667315 -0.22667315 -0.22667315 -0.22667315 -0.22667315 -0.22667315
 -0.22667315 -0.22667315 -0.22667315 -0.22667315 -0.22667315 -0.22667315
 -0.22667315 -0.22667315 -0.22667315 -0.22667315  0.75401854 -0.22667315
 -0.22667315 -0.22667315 -0.22667315 -0.22667315 -0.22667315 -0.22667315
 -0.22667315 -0.22667315 -0.22667315 -0.22667315 -0.22667315 -0.22667315
 -0.22667315 -0.22667315 -0.22667315 -0.22667315 -0.22667315 -0.22667315
 -0.22667315 -0.22667315 -0.22667315 -0.22667315  6.6697179   0.25342279
 -0.22667315 -0.22667315 -0.22667315 -0.22667315 -0.22667315 -0.22667315
 -0.22667315 -0.22667315 -0.22667315 -0.22667315 -0.22667315  6.34964608
 -0.04977126 -0.22667315 -0.22667315 -0.22667315 -0.22667315 -0.22667315
 -0.22667315 -0.22667315 -0.22667315 -0.22667315 -0.22667315 -0.22667315
 -0.22667315 -0.22667315 -0.22667315 -0.22667315 -0.22667315 -0.22667315
 -0.22667315 -0.22667315 -0.22667315 -0.22667315 -0.22667315 -0.22667315
 -0.22667315 -0.22667315 -0.22667315 -0.22667315 -0.22667315 -0.22667315
 -0.22667315 -0.22667315 -0.22667315 -0.22667315 -0.22667315  2.70934542
 -0.22667315  1.72304859 -0.22667315 -0.22667315  4.3075687  -0.22667315
 -0.22667315 -0.22667315 -0.22667315 -0.22667315  2.67402581 -0.22667315
 -0.22667315  0.04527687 -0.22667315 -0.22667315  3.50942782 -0.22667315
 -0.22667315 -0.22667315 -0.22667315 -0.22667315 -0.22667315 -0.22667315
 -0.22667315 -0.22667315 -0.22667315 -0.22667315 -0.22667315 -0.22667315
 -0.22667315 -0.22667315 -0.22667315 -0.22667315 -0.22667315 -0.22667315
 -0.22667315 -0.22667315 -0.22667315 -0.22667315 -0.22667315 -0.22667315
 -0.22667315 -0.22667315 -0.22667315 -0.22667315 -0.22667315 -0.22667315
 -0.22667315 -0.22667315 -0.22667315 -0.22667315 -0.22667315 -0.22667315
 -0.22667315 -0.22667315 -0.22667315 -0.22667315 -0.22667315 -0.22667315
 -0.22667315 -0.22667315 -0.22667315 -0.22667315 -0.22667315 -0.22667315
 -0.22667315 -0.22667315 -0.22667315 -0.22667315 -0.22667315 -0.22667315
  5.7525469  -0.22667315 -0.22667315 -0.22667315 -0.22667315 -0.22667315
  1.2952672  -0.22667315 -0.22667315 -0.22667315 -0.22667315 -0.22667315
 -0.22667315 -0.22667315 -0.22667315 -0.22667315  1.4075288 ]",[-0.014663258598749312]
8,"[-0.22418442 -0.22418442 -0.22418442 -0.22418442 -0.22418442 -0.22418442
 -0.22418442 -0.22418442 -0.22418442 -0.22418442 -0.22418442 -0.22418442
 -0.22418442 -0.22418442 -0.22418442 -0.22418442 -0.22418442 -0.22418442
 -0.22418442 -0.22418442 -0.22418442 -0.22418442 -0.22418442 -0.22418442
 -0.22418442 -0.22418442 -0.22418442 -0.22418442 -0.22418442 -0.22418442
 -0.22418442 -0.22418442 -0.22418442 -0.22418442 -0.22418442 -0.22418442
 -0.22418442 -0.22418442 -0.22418442 -0.22418442  6.84500543 -0.22418442
 -0.22418442 -0.22418442 -0.22418442 -0.22418442 -0.22418442 -0.22418442
 -0.22418442 -0.22418442 -0.22418442 -0.22418442 -0.22418442 -0.22418442
 -0.22418442 -0.22418442 -0.22418442 -0.22418442 -0.22418442 -0.22418442
 -0.22418442 -0.22418442 -0.22418442 -0.22418442 -0.22418442 -0.22418442
 -0.22418442 -0.22418442 -0.22418442 -0.22418442 -0.22418442 -0.22418442
 -0.22418442 -0.22418442 -0.22418442 -0.22418442 -0.22418442 -0.22418442
 -0.22418442 -0.22418442 -0.22418442 -0.22418442 -0.22418442 -0.22418442
 -0.22418442 -0.22418442 -0.22418442 -0.22418442 -0.22418442  2.33249382
 -0.22418442  3.94173075 -0.22418442 -0.22418442  5.50142812 -0.22418442
 -0.22418442 -0.22418442 -0.22418442 -0.22418442  1.92379074 -0.22418442
  2.03206217 -0.22418442  3.92629183 -0.22418442  4.80833662 -0.22418442
 -0.22418442 -0.22418442 -0.22418442 -0.22418442 -0.22418442 -0.22418442
 -0.22418442 -0.22418442 -0.22418442 -0.22418442 -0.22418442 -0.22418442
 -0.22418442 -0.22418442 -0.22418442 -0.22418442 -0.22418442 -0.22418442
 -0.22418442 -0.22418442 -0.22418442 -0.22418442 -0.22418442 -0.22418442
 -0.22418442 -0.22418442 -0.22418442 -0.22418442 -0.22418442 -0.22418442
 -0.22418442 -0.22418442 -0.22418442 -0.22418442 -0.22418442 -0.22418442
 -0.22418442 -0.22418442 -0.22418442 -0.22418442 -0.22418442 -0.22418442
 -0.22418442 -0.22418442 -0.22418442 -0.22418442 -0.22418442 -0.22418442
 -0.22418442 -0.22418442 -0.22418442 -0.22418442 -0.22418442 -0.22418442
  4.77470847 -0.22418442 -0.22418442 -0.22418442 -0.22418442  1.80131922
 -0.22418442 -0.22418442 -0.22418442 -0.22418442 -0.22418442 -0.22418442
 -0.22418442 -0.22418442 -0.22418442 -0.22418442 -0.22418442]",[-0.012273947981530753]
8,"[-0.27502504 -0.27502504 -0.27502504 -0.27502504 -0.27502504 -0.27502504
 -0.27502504 -0.27502504 -0.27502504 -0.27502504 -0.27502504 -0.27502504
 -0.27502504 -0.27502504 -0.27502504 -0.27502504 -0.27502504 -0.27502504
 -0.27502504 -0.27502504 -0.27502504 -0.27502504 -0.27502504 -0.27502504
 -0.27502504 -0.27502504 -0.27502504 -0.27502504 -0.27502504 -0.27502504
 -0.27502504 -0.27502504 -0.27502504 -0.27502504 -0.27502504 -0.27502504
 -0.27502504 -0.27502504 -0.27502504 -0.27502504  6.40177942  1.22544028
 -0.27502504 -0.27502504 -0.27502504 -0.27502504 -0.27502504 -0.27502504
 -0.27502504 -0.27502504 -0.27502504 -0.27502504 -0.27502504  0.38015083
  0.9002031  -0.27502504 -0.27502504 -0.27502504 -0.27502504 -0.27502504
 -0.27502504 -0.27502504 -0.27502504 -0.27502504 -0.27502504 -0.27502504
 -0.27502504 -0.27502504 -0.27502504 -0.27502504 -0.27502504 -0.27502504
 -0.27502504 -0.27502504 -0.27502504 -0.27502504 -0.27502504  1.60419537
 -0.27502504 -0.27502504 -0.27502504 -0.27502504 -0.27502504 -0.27502504
 -0.27502504 -0.27502504 -0.27502504 -0.27502504  1.24304137 -0.27502504
 -0.27502504  0.65031475 -0.27502504 -0.0421244   4.35675582 -0.27502504
 -0.27502504 -0.27502504 -0.27502504 -0.27502504  2.94539355 -0.27502504
  3.95482379  2.84351262  2.90703496 -0.27502504  3.85621944  0.28354761
 -0.27502504 -0.27502504 -0.27502504 -0.27502504 -0.27502504 -0.27502504
 -0.27502504 -0.27502504 -0.27502504 -0.27502504 -0.27502504 -0.27502504
 -0.27502504 -0.27502504 -0.27502504 -0.27502504 -0.27502504 -0.27502504
 -0.27502504 -0.27502504 -0.27502504 -0.27502504 -0.27502504 -0.27502504
 -0.27502504 -0.27502504 -0.27502504 -0.27502504 -0.27502504 -0.27502504
 -0.27502504  5.39087448 -0.27502504 -0.27502504 -0.27502504 -0.27502504
 -0.27502504 -0.27502504 -0.27502504 -0.27502504 -0.27502504 -0.27502504
 -0.27502504 -0.27502504 -0.27502504 -0.27502504 -0.27502504 -0.27502504
 -0.27502504 -0.27502504 -0.27502504 -0.27502504 -0.27502504 -0.27502504
  3.20503041 -0.27502504 -0.27502504 -0.27502504 -0.27502504  2.17283864
 -0.27502504 -0.27502504 -0.27502504 -0.27502504 -0.27502504 -0.27502504
 -0.27502504 -0.27502504 -0.27502504 -0.27502504 -0.27502504]",[-0.01945904790334546]
8,"[-0.24552519 -0.24552519 -0.24552519 -0.1823249  -0.24552519 -0.24552519
 -0.24552519 -0.24552519 -0.24552519 -0.24552519 -0.24552519 -0.24552519
 -0.24552519 -0.24552519 -0.24552519 -0.24552519 -0.24552519 -0.24552519
 -0.24552519 -0.24552519 -0.24552519 -0.24552519 -0.24552519 -0.24552519
 -0.24552519 -0.24552519 -0.24552519 -0.24552519  3.22676316 -0.24552519
 -0.24552519 -0.24552519 -0.24552519 -0.24552519 -0.24552519 -0.24552519
 -0.24552519 -0.24552519 -0.24552519 -0.24552519  5.78317477 -0.24552519
 -0.24552519 -0.24552519 -0.24552519 -0.24552519 -0.24552519 -0.24552519
 -0.24552519 -0.24552519 -0.24552519 -0.24552519 -0.24552519  0.82048552
 -0.14647365 -0.24552519 -0.24552519 -0.24552519 -0.24552519 -0.24552519
 -0.24552519 -0.24552519 -0.24552519 -0.24552519 -0.24552519 -0.24552519
 -0.24552519 -0.24552519 -0.24552519 -0.24552519 -0.24552519 -0.24552519
 -0.24552519 -0.24552519 -0.24552519 -0.24552519 -0.24552519 -0.24552519
 -0.24552519 -0.24552519 -0.24552519 -0.24552519 -0.24552519  3.40166601
 -0.24552519 -0.24552519 -0.24552519  1.95357584  5.22950604 -0.24552519
 -0.24552519  2.3912829  -0.24552519 -0.24552519  0.4634709  -0.24552519
 -0.24552519 -0.24552519 -0.24552519 -0.24552519 -0.0635142  -0.24552519
  0.20316293 -0.24552519 -0.24552519 -0.24552519  1.56613843 -0.24552519
 -0.24552519 -0.24552519 -0.24552519 -0.24552519 -0.24552519 -0.24552519
 -0.24552519 -0.24552519 -0.24552519 -0.24552519 -0.24552519 -0.24552519
 -0.24552519 -0.24552519 -0.24552519 -0.24552519 -0.24552519 -0.24552519
 -0.24552519 -0.24552519 -0.24552519 -0.24552519 -0.24552519 -0.24552519
 -0.24552519 -0.24552519 -0.24552519 -0.24552519 -0.24552519 -0.24552519
 -0.24552519 -0.24552519 -0.24552519 -0.24552519 -0.24552519 -0.24552519
 -0.24552519 -0.24552519 -0.24552519 -0.24552519 -0.24552519 -0.24552519
 -0.24552519 -0.24552519 -0.24552519 -0.24552519 -0.24552519 -0.24552519
 -0.24552519 -0.24552519 -0.24552519 -0.24552519 -0.24552519 -0.24552519
  5.7576126  -0.24552519 -0.24552519 -0.24552519 -0.24552519  0.49951481
  3.82919518  5.04184451 -0.24552519 -0.24552519 -0.24552519 -0.24552519
 -0.24552519 -0.24552519 -0.24552519 -0.24552519 -0.24552519]",[0.006428533028760619]
8,"[-0.30124049 -0.30124049 -0.30124049 -0.18143685 -0.30124049 -0.30124049
 -0.30124049 -0.30124049 -0.30124049 -0.30124049 -0.30124049 -0.30124049
 -0.30124049 -0.30124049 -0.30124049 -0.30124049 -0.30124049 -0.30124049
 -0.30124049 -0.30124049 -0.30124049 -0.30124049 -0.30124049 -0.30124049
 -0.30124049 -0.30124049 -0.30124049 -0.30124049  0.55656147 -0.30124049
 -0.30124049 -0.30124049 -0.30124049 -0.30124049 -0.30124049 -0.30124049
 -0.30124049 -0.30124049 -0.30124049 -0.30124049  6.07751943  3.16887506
 -0.30124049 -0.30124049 -0.30124049 -0.30124049 -0.30124049 -0.30124049
 -0.30124049 -0.30124049 -0.30124049 -0.30124049 -0.30124049  4.2554125
  1.03397054 -0.10523827 -0.30124049 -0.30124049 -0.30124049 -0.30124049
 -0.30124049 -0.30124049 -0.30124049 -0.30124049 -0.30124049 -0.30124049
 -0.30124049 -0.30124049 -0.30124049 -0.30124049 -0.30124049 -0.30124049
 -0.30124049 -0.30124049 -0.30124049 -0.30124049 -0.30124049  1.18497312
 -0.30124049 -0.30124049 -0.30124049 -0.30124049 -0.30124049 -0.30124049
 -0.30124049 -0.30124049 -0.30124049 -0.30124049  2.29737401  2.84708117
 -0.30124049  2.67572927 -0.30124049 -0.30124049  3.21971112 -0.30124049
 -0.30124049 -0.30124049 -0.30124049 -0.30124049  1.71074475 -0.30124049
  3.0965693  -0.27234017  0.2344739   1.64073813  3.53175587  0.79831012
 -0.30124049 -0.30124049 -0.30124049 -0.30124049 -0.30124049 -0.30124049
 -0.30124049 -0.30124049 -0.30124049 -0.30124049 -0.30124049 -0.30124049
 -0.30124049 -0.30124049 -0.30124049 -0.30124049 -0.30124049 -0.30124049
 -0.30124049 -0.30124049 -0.30124049 -0.30124049 -0.30124049 -0.30124049
 -0.30124049 -0.30124049 -0.30124049 -0.30124049 -0.30124049 -0.30124049
 -0.30124049  3.12934498 -0.30124049 -0.30124049 -0.30124049 -0.30124049
 -0.30124049 -0.30124049 -0.30124049 -0.30124049 -0.30124049 -0.30124049
 -0.30124049 -0.30124049 -0.30124049 -0.30124049 -0.30124049 -0.30124049
 -0.30124049 -0.30124049 -0.30124049 -0.30124049 -0.30124049 -0.30124049
  5.10045487 -0.30124049 -0.30124049 -0.30124049 -0.30124049  1.29417301
 -0.30124049 -0.30124049 -0.30124049 -0.30124049 -0.30124049 -0.30124049
 -0.30124049 -0.30124049 -0.30124049 -0.30124049 -0.30124049]",[-0.021856208761587337]
8,"[-0.26488469 -0.26488469 -0.26488469 -0.26488469 -0.26488469 -0.26488469
 -0.26488469 -0.26488469 -0.26488469 -0.26488469 -0.26488469 -0.26488469
 -0.26488469 -0.26488469 -0.26488469 -0.26488469  0.61212937 -0.26488469
 -0.26488469 -0.26488469 -0.26488469 -0.26488469 -0.26488469 -0.26488469
 -0.26488469 -0.26488469 -0.26488469 -0.26488469 -0.26488469 -0.26488469
 -0.26488469 -0.26488469 -0.26488469 -0.26488469 -0.26488469 -0.26488469
 -0.26488469 -0.26488469 -0.26488469 -0.26488469  5.71841919 -0.26488469
 -0.26488469 -0.26488469 -0.26488469 -0.26488469 -0.26488469 -0.26488469
 -0.26488469 -0.26488469 -0.26488469 -0.26488469 -0.26488469  4.20420896
 -0.09250246 -0.06029378  0.15695146 -0.26488469 -0.26488469 -0.26488469
 -0.26488469 -0.26488469 -0.26488469 -0.26488469 -0.26488469 -0.26488469
 -0.26488469 -0.26488469 -0.26488469 -0.26488469 -0.26488469 -0.26488469
 -0.26488469 -0.26488469 -0.26488469 -0.26488469 -0.26488469 -0.26488469
 -0.26488469 -0.26488469 -0.26488469 -0.26488469 -0.26488469 -0.26488469
 -0.26488469 -0.26488469 -0.26488469 -0.26488469  1.06865646  3.30778337
 -0.26488469  4.24899186 -0.26488469 -0.21417157  3.78658074 -0.26488469
 -0.26488469 -0.26488469 -0.26488469 -0.26488469  2.43692382 -0.26488469
  1.42080251 -0.07611937 -0.04796289 -0.26488469  3.81180491 -0.26488469
 -0.26488469 -0.26488469 -0.26488469 -0.26488469 -0.26488469 -0.26488469
 -0.26488469 -0.26488469 -0.26488469 -0.26488469 -0.26488469 -0.26488469
 -0.26488469 -0.26488469 -0.26488469 -0.26488469 -0.26488469 -0.26488469
 -0.26488469 -0.26488469 -0.26488469 -0.26488469 -0.26488469 -0.26488469
 -0.26488469 -0.26488469 -0.26488469 -0.26488469 -0.26488469 -0.26488469
 -0.26488469  4.91461162 -0.26488469 -0.26488469 -0.26488469 -0.26488469
 -0.26488469 -0.26488469 -0.26488469 -0.26488469 -0.26488469 -0.26488469
 -0.26488469 -0.26488469 -0.26488469 -0.26488469 -0.26488469 -0.26488469
 -0.26488469 -0.26488469 -0.26488469 -0.26488469 -0.26488469 -0.26488469
  3.53648193 -0.26488469 -0.26488469 -0.26488469 -0.26488469  3.64825486
 -0.26488469 -0.26488469 -0.26488469 -0.26488469 -0.26488469 -0.26488469
 -0.26488469 -0.26488469 -0.26488469 -0.26488469 -0.26488469]",[0.033397827055191065]
8,"[-2.51113418e-01 -2.51113418e-01 -2.51113418e-01 -2.51113418e-01
 -2.51113418e-01 -2.51113418e-01 -2.51113418e-01 -2.51113418e-01
 -2.51113418e-01 -2.51113418e-01 -2.51113418e-01 -2.51113418e-01
 -2.51113418e-01 -2.51113418e-01 -2.51113418e-01 -2.51113418e-01
  1.86662962e+00 -2.51113418e-01 -2.51113418e-01 -2.51113418e-01
 -2.51113418e-01 -2.51113418e-01 -2.51113418e-01 -2.51113418e-01
 -2.51113418e-01 -2.51113418e-01 -2.51113418e-01 -2.51113418e-01
  1.89057002e+00 -2.51113418e-01 -2.51113418e-01 -2.51113418e-01
 -2.51113418e-01 -2.51113418e-01 -2.51113418e-01 -2.51113418e-01
 -2.51113418e-01 -2.51113418e-01 -2.51113418e-01 -2.51113418e-01
  6.70986235e+00  4.57945006e-01 -2.51113418e-01 -2.51113418e-01
 -2.51113418e-01 -2.51113418e-01 -2.51113418e-01 -2.51113418e-01
 -2.51113418e-01 -2.51113418e-01 -2.51113418e-01 -2.51113418e-01
 -2.51113418e-01  3.02163392e-01 -2.51113418e-01  1.78494004e-01
 -2.51113418e-01 -2.51113418e-01 -2.51113418e-01 -2.51113418e-01
 -2.51113418e-01 -2.51113418e-01 -2.51113418e-01 -2.51113418e-01
 -2.51113418e-01 -2.51113418e-01 -2.51113418e-01 -2.51113418e-01
 -2.51113418e-01 -2.51113418e-01 -2.51113418e-01 -2.51113418e-01
 -2.51113418e-01 -2.51113418e-01 -2.51113418e-01 -2.51113418e-01
 -2.51113418e-01  1.28197863e+00 -2.51113418e-01 -2.51113418e-01
 -2.51113418e-01 -2.51113418e-01 -2.51113418e-01  1.43247683e+00
 -2.51113418e-01 -2.51113418e-01 -2.51113418e-01 -2.51113418e-01
  4.31126080e+00 -2.51113418e-01 -2.51113418e-01  4.05925391e+00
 -2.51113418e-01 -2.51113418e-01  5.04609264e+00 -2.51113418e-01
 -2.51113418e-01 -2.51113418e-01 -2.51113418e-01 -2.51113418e-01
  1.16899682e+00 -2.51113418e-01  2.63232921e+00 -2.51113418e-01
  4.92926515e-03 -2.51113418e-01  3.24759425e+00  3.28054474e-01
 -2.51113418e-01 -2.51113418e-01 -2.51113418e-01 -2.51113418e-01
 -2.51113418e-01 -2.51113418e-01 -2.51113418e-01 -2.51113418e-01
 -2.51113418e-01 -2.51113418e-01 -2.51113418e-01 -2.51113418e-01
 -2.51113418e-01 -2.51113418e-01 -2.51113418e-01 -2.51113418e-01
 -2.51113418e-01 -2.51113418e-01 -2.51113418e-01 -2.51113418e-01
 -2.51113418e-01 -2.51113418e-01 -2.51113418e-01 -2.51113418e-01
 -2.51113418e-01 -2.51113418e-01 -2.51113418e-01 -2.51113418e-01
 -2.51113418e-01 -2.51113418e-01 -2.51113418e-01 -2.51113418e-01
 -2.51113418e-01 -2.51113418e-01 -2.51113418e-01 -2.51113418e-01
 -2.51113418e-01 -2.51113418e-01 -2.51113418e-01 -2.51113418e-01
 -2.51113418e-01 -2.51113418e-01 -2.51113418e-01 -2.51113418e-01
 -2.51113418e-01 -2.51113418e-01 -2.51113418e-01 -2.51113418e-01
 -2.51113418e-01 -2.51113418e-01 -2.51113418e-01 -2.51113418e-01
 -2.51113418e-01 -2.51113418e-01  5.76174253e+00 -2.51113418e-01
 -2.51113418e-01 -2.51113418e-01 -2.51113418e-01 -2.51113418e-01
 -2.51113418e-01 -2.51113418e-01 -2.51113418e-01 -2.51113418e-01
 -2.51113418e-01 -2.51113418e-01 -2.51113418e-01 -2.51113418e-01
 -2.51113418e-01 -2.51113418e-01 -2.51113418e-01]",[-0.01713664561894912]
8,"[-0.265159   -0.265159   -0.265159   -0.265159   -0.265159   -0.265159
 -0.265159   -0.265159   -0.265159   -0.265159   -0.265159   -0.265159
 -0.265159   -0.265159   -0.265159   -0.265159   -0.265159   -0.265159
 -0.265159   -0.265159   -0.265159   -0.265159   -0.265159   -0.265159
 -0.265159   -0.265159   -0.265159   -0.265159   -0.265159   -0.265159
 -0.265159   -0.265159   -0.265159   -0.265159   -0.265159   -0.265159
 -0.265159   -0.265159   -0.265159   -0.265159    6.96569166  0.52914009
 -0.265159   -0.265159   -0.265159   -0.265159   -0.265159   -0.265159
 -0.265159   -0.265159   -0.265159   -0.265159   -0.265159    0.33275991
 -0.02586039 -0.265159    0.21608834 -0.265159   -0.265159   -0.265159
 -0.265159   -0.265159   -0.265159   -0.265159   -0.265159   -0.265159
 -0.265159   -0.265159   -0.265159   -0.265159   -0.265159   -0.265159
 -0.265159   -0.265159   -0.265159   -0.265159   -0.265159    0.77087214
 -0.265159   -0.265159   -0.265159   -0.265159   -0.265159   -0.265159
 -0.265159   -0.265159   -0.265159    1.44654243 -0.265159    2.87876775
 -0.265159    1.88195953 -0.265159   -0.265159    4.53439303 -0.265159
 -0.265159   -0.265159   -0.265159   -0.265159    2.91412202 -0.265159
  1.7737925   1.20085279 -0.265159    5.01794789  3.19483924 -0.265159
 -0.265159   -0.265159   -0.265159   -0.265159   -0.265159   -0.265159
 -0.265159   -0.265159   -0.265159   -0.265159   -0.265159   -0.265159
 -0.265159   -0.265159   -0.265159   -0.265159   -0.265159   -0.265159
 -0.265159   -0.265159   -0.265159   -0.265159   -0.265159   -0.265159
 -0.265159   -0.265159   -0.265159   -0.265159   -0.265159   -0.265159
 -0.265159   -0.265159   -0.265159   -0.265159   -0.265159   -0.265159
 -0.265159   -0.265159   -0.265159   -0.265159   -0.265159   -0.265159
 -0.265159   -0.265159   -0.265159   -0.265159   -0.265159   -0.265159
 -0.265159   -0.265159   -0.265159   -0.265159   -0.265159   -0.265159
  3.7240025  -0.265159   -0.265159   -0.265159   -0.265159    4.54880638
  0.78588157 -0.265159   -0.265159   -0.265159   -0.265159   -0.265159
 -0.265159   -0.265159   -0.265159   -0.265159   -0.265159  ]",[-0.018447583137462198]
8,"[-0.30190337 -0.30190337 -0.30190337 -0.30190337 -0.30190337 -0.30190337
 -0.30190337 -0.30190337 -0.30190337 -0.30190337 -0.30190337 -0.30190337
 -0.30190337 -0.30190337 -0.30190337 -0.30190337  0.6460769  -0.30190337
 -0.30190337 -0.30190337 -0.30190337 -0.30190337 -0.30190337 -0.30190337
 -0.30190337 -0.30190337 -0.30190337 -0.30190337 -0.30190337 -0.30190337
 -0.30190337 -0.30190337 -0.30190337 -0.30190337 -0.30190337 -0.30190337
 -0.30190337 -0.30190337 -0.30190337 -0.30190337  5.32329891  0.81960439
 -0.30190337 -0.30190337 -0.30190337 -0.30190337 -0.30190337 -0.30190337
 -0.30190337 -0.30190337 -0.30190337 -0.30190337 -0.30190337  0.37854474
  0.13317725 -0.30190337 -0.30190337 -0.30190337 -0.30190337 -0.30190337
 -0.30190337 -0.30190337 -0.30190337 -0.30190337 -0.30190337 -0.30190337
 -0.30190337 -0.30190337 -0.30190337 -0.30190337 -0.30190337 -0.30190337
 -0.30190337 -0.30190337 -0.30190337 -0.30190337 -0.30190337  1.61432773
 -0.30190337 -0.30190337 -0.30190337 -0.30190337 -0.30190337 -0.30190337
 -0.30190337 -0.30190337 -0.30190337 -0.30190337  2.58888093  1.49129869
  1.27290216  4.1356513  -0.30190337 -0.30190337  4.20710205 -0.30190337
 -0.30190337 -0.30190337 -0.30190337 -0.30190337  2.7510337  -0.30190337
  3.55287024 -0.25696485  2.45653698 -0.30190337  3.78455578 -0.30190337
 -0.30190337 -0.30190337 -0.30190337 -0.30190337 -0.30190337 -0.30190337
 -0.30190337 -0.30190337 -0.30190337 -0.30190337 -0.30190337 -0.30190337
 -0.30190337 -0.30190337 -0.30190337 -0.30190337 -0.30190337 -0.30190337
 -0.30190337 -0.30190337 -0.30190337 -0.30190337 -0.30190337 -0.30190337
 -0.30190337 -0.30190337 -0.30190337 -0.30190337 -0.30190337 -0.30190337
 -0.30190337  3.70352912 -0.30190337 -0.30190337  1.67772852 -0.30190337
 -0.30190337 -0.30190337 -0.30190337 -0.30190337 -0.30190337 -0.30190337
 -0.30190337 -0.30190337 -0.30190337 -0.30190337 -0.30190337 -0.30190337
 -0.30190337 -0.30190337 -0.30190337 -0.30190337 -0.30190337 -0.30190337
  3.87543167 -0.30190337 -0.30190337 -0.30190337 -0.30190337  3.84704958
 -0.30190337 -0.30190337 -0.30190337 -0.30190337 -0.30190337 -0.30190337
 -0.30190337 -0.30190337 -0.30190337 -0.30190337 -0.30190337]",[0.04248124123987823]
8,"[-0.23013191 -0.23013191 -0.23013191 -0.23013191 -0.23013191 -0.23013191
 -0.23013191 -0.23013191 -0.23013191 -0.23013191 -0.23013191 -0.23013191
 -0.23013191 -0.23013191 -0.23013191 -0.23013191  1.70346954 -0.23013191
 -0.23013191 -0.23013191 -0.23013191 -0.23013191 -0.23013191 -0.23013191
 -0.23013191 -0.23013191 -0.23013191 -0.23013191  1.28790601 -0.23013191
 -0.23013191 -0.23013191 -0.23013191 -0.23013191 -0.23013191 -0.23013191
 -0.23013191 -0.23013191 -0.23013191 -0.23013191  5.96839135  1.17345836
 -0.23013191 -0.23013191 -0.23013191 -0.23013191 -0.23013191 -0.23013191
 -0.23013191 -0.23013191 -0.23013191 -0.23013191 -0.23013191  6.59530585
 -0.23013191 -0.23013191 -0.23013191 -0.23013191 -0.23013191 -0.23013191
 -0.23013191 -0.23013191 -0.23013191 -0.23013191 -0.23013191 -0.23013191
 -0.23013191 -0.23013191 -0.23013191 -0.23013191 -0.23013191 -0.23013191
 -0.23013191 -0.23013191 -0.23013191 -0.23013191 -0.23013191  1.21364684
 -0.23013191 -0.23013191 -0.23013191 -0.23013191 -0.23013191 -0.23013191
 -0.23013191 -0.23013191 -0.23013191 -0.23013191  2.81974836 -0.23013191
 -0.23013191  2.75758069 -0.23013191 -0.23013191  3.55840449 -0.23013191
 -0.23013191 -0.23013191 -0.23013191 -0.23013191  0.6787057  -0.23013191
 -0.23013191 -0.23013191 -0.03638719 -0.23013191  5.42277366 -0.23013191
 -0.23013191 -0.23013191 -0.23013191 -0.23013191 -0.23013191 -0.23013191
 -0.23013191 -0.23013191 -0.23013191 -0.23013191 -0.23013191 -0.23013191
 -0.23013191 -0.23013191 -0.23013191 -0.23013191 -0.23013191 -0.23013191
 -0.23013191 -0.23013191 -0.23013191 -0.23013191 -0.23013191 -0.23013191
 -0.23013191 -0.23013191 -0.23013191 -0.23013191 -0.23013191 -0.23013191
 -0.23013191 -0.23013191 -0.23013191 -0.23013191 -0.23013191 -0.23013191
 -0.23013191 -0.23013191 -0.23013191 -0.23013191 -0.23013191 -0.23013191
 -0.23013191 -0.23013191 -0.23013191 -0.23013191 -0.23013191 -0.23013191
 -0.23013191 -0.23013191 -0.23013191 -0.23013191 -0.23013191 -0.23013191
  5.05889336 -0.23013191 -0.23013191 -0.23013191 -0.23013191 -0.23013191
 -0.23013191 -0.23013191 -0.23013191 -0.23013191 -0.23013191 -0.23013191
 -0.23013191 -0.23013191 -0.23013191 -0.23013191 -0.23013191]",[0.019959175743306745]
8,"[-0.24826011 -0.24826011 -0.24826011 -0.24826011 -0.24826011 -0.24826011
 -0.24826011 -0.24826011 -0.24826011 -0.24826011 -0.24826011 -0.24826011
 -0.24826011 -0.24826011 -0.24826011 -0.24826011 -0.24826011 -0.24826011
 -0.24826011 -0.24826011 -0.24826011 -0.24826011 -0.24826011 -0.24826011
 -0.24826011 -0.24826011 -0.24826011 -0.24826011 -0.24826011 -0.24826011
 -0.24826011 -0.24826011 -0.24826011 -0.24826011 -0.24826011 -0.24826011
 -0.24826011 -0.24826011 -0.24826011 -0.24826011  6.47207152 -0.24826011
 -0.24826011 -0.24826011 -0.24826011 -0.24826011 -0.24826011 -0.24826011
 -0.24826011 -0.24826011 -0.24826011 -0.24826011 -0.24826011  3.88575815
  4.9846056  -0.24826011 -0.24826011 -0.24826011 -0.24826011 -0.24826011
 -0.24826011 -0.24826011 -0.24826011 -0.24826011 -0.24826011 -0.24826011
 -0.24826011 -0.24826011 -0.24826011 -0.24826011 -0.24826011 -0.24826011
 -0.24826011 -0.24826011 -0.24826011 -0.24826011 -0.24826011 -0.24826011
 -0.24826011 -0.24826011 -0.24826011 -0.24826011 -0.24826011 -0.24826011
 -0.24826011 -0.24826011 -0.24826011 -0.24826011  1.34809327  2.11037884
 -0.24826011 -0.24826011 -0.24826011 -0.24826011  3.81629444 -0.24826011
 -0.24826011 -0.24826011  2.12158258 -0.24826011  2.38556049 -0.24826011
 -0.24826011 -0.0710021   3.28699907  3.91885679  1.80614414 -0.24826011
 -0.24826011 -0.24826011 -0.24826011 -0.24826011 -0.24826011 -0.24826011
 -0.24826011 -0.24826011 -0.24826011 -0.24826011 -0.24826011 -0.24826011
 -0.24826011 -0.24826011 -0.24826011 -0.24826011 -0.24826011 -0.24826011
 -0.24826011 -0.24826011 -0.24826011 -0.24826011 -0.24826011 -0.24826011
 -0.24826011 -0.24826011 -0.24826011 -0.24826011 -0.24826011 -0.24826011
 -0.24826011 -0.24826011 -0.24826011 -0.24826011 -0.24826011 -0.24826011
 -0.24826011 -0.24826011 -0.24826011 -0.24826011 -0.24826011 -0.24826011
 -0.24826011 -0.24826011 -0.24826011 -0.24826011 -0.24826011 -0.24826011
 -0.24826011 -0.24826011 -0.24826011 -0.24826011 -0.24826011 -0.24826011
  5.14583528 -0.24826011 -0.24826011 -0.24826011 -0.24826011 -0.24826011
 -0.24826011 -0.24826011 -0.24826011 -0.24826011 -0.24826011 -0.24826011
 -0.24826011 -0.24826011 -0.24826011 -0.24826011 -0.24826011]",[-0.03684135993013926]
8,"[-0.30788524 -0.30788524 -0.30788524 -0.30788524 -0.30788524 -0.30788524
 -0.30788524 -0.30788524 -0.30788524 -0.30788524 -0.30788524 -0.30788524
 -0.30788524 -0.30788524 -0.30788524 -0.30788524 -0.30788524 -0.30788524
 -0.30788524 -0.30788524 -0.30788524 -0.30788524 -0.30788524 -0.30788524
 -0.30788524 -0.30788524 -0.30788524 -0.30788524 -0.30788524 -0.30788524
 -0.30788524 -0.30788524 -0.30788524 -0.30788524 -0.30788524 -0.30788524
 -0.30788524 -0.30788524 -0.30788524 -0.30788524  4.3424242   2.29753571
 -0.30788524 -0.30788524 -0.30788524 -0.30788524 -0.30788524 -0.30788524
 -0.30788524 -0.30788524 -0.30788524 -0.30788524 -0.30788524  5.01269643
  3.86507426 -0.0490353   2.41271421 -0.30788524 -0.30788524 -0.30788524
 -0.30788524 -0.30788524 -0.30788524 -0.30788524 -0.30788524 -0.30788524
 -0.30788524 -0.30788524 -0.30788524 -0.30788524 -0.30788524 -0.30788524
 -0.30788524 -0.30788524 -0.30788524 -0.30788524 -0.30788524 -0.30788524
 -0.30788524 -0.30788524 -0.30788524 -0.30788524 -0.30788524 -0.30788524
 -0.30788524 -0.30788524 -0.30788524 -0.30788524  1.60599683 -0.30788524
 -0.30788524  0.98697465 -0.30788524 -0.21324966  2.27601085 -0.30788524
 -0.30788524 -0.30788524 -0.30788524 -0.30788524  3.11562061 -0.30788524
  1.85870577  1.51568817  2.26127994 -0.30788524  0.58536295 -0.30788524
 -0.30788524 -0.30788524 -0.30788524 -0.30788524 -0.30788524 -0.30788524
 -0.30788524 -0.30788524 -0.30788524 -0.30788524 -0.30788524 -0.30788524
 -0.30788524 -0.30788524 -0.30788524 -0.30788524 -0.30788524 -0.30788524
 -0.30788524 -0.30788524 -0.30788524 -0.30788524 -0.30788524 -0.30788524
 -0.30788524 -0.30788524 -0.30788524 -0.30788524 -0.30788524 -0.30788524
 -0.30788524  4.38402879 -0.30788524 -0.30788524 -0.30788524 -0.30788524
 -0.30788524 -0.30788524 -0.30788524 -0.30788524  3.30633267 -0.30788524
 -0.30788524 -0.30788524 -0.30788524 -0.30788524 -0.30788524 -0.30788524
 -0.30788524 -0.30788524 -0.30788524 -0.30788524 -0.30788524 -0.30788524
  4.16340941 -0.30788524 -0.30788524 -0.30788524 -0.30788524  1.37479846
 -0.30788524 -0.30788524 -0.30788524 -0.30788524 -0.30788524 -0.30788524
 -0.30788524 -0.30788524 -0.30788524 -0.30788524  3.85138419]",[0.0016117445542843112]
8,"[-0.25396803 -0.25396803 -0.25396803 -0.25396803 -0.25396803 -0.25396803
 -0.25396803 -0.25396803 -0.25396803 -0.25396803 -0.25396803 -0.25396803
 -0.25396803 -0.25396803 -0.25396803 -0.25396803  0.31694023 -0.25396803
 -0.25396803 -0.25396803 -0.25396803 -0.25396803 -0.25396803 -0.25396803
 -0.25396803 -0.25396803 -0.25396803 -0.25396803 -0.25396803 -0.25396803
 -0.25396803 -0.25396803 -0.25396803 -0.25396803 -0.25396803 -0.25396803
 -0.25396803 -0.25396803 -0.25396803 -0.25396803  6.01558416  0.61309485
 -0.25396803 -0.25396803 -0.25396803 -0.25396803 -0.25396803 -0.25396803
 -0.25396803 -0.25396803 -0.25396803 -0.25396803 -0.25396803  5.27977093
  2.18812509 -0.25396803 -0.25396803 -0.25396803 -0.25396803 -0.25396803
 -0.25396803 -0.25396803 -0.25396803 -0.25396803 -0.25396803 -0.25396803
 -0.25396803 -0.25396803 -0.25396803 -0.25396803 -0.25396803 -0.25396803
 -0.25396803 -0.25396803 -0.25396803 -0.25396803 -0.25396803  1.20027326
 -0.25396803 -0.25396803 -0.25396803 -0.25396803 -0.25396803 -0.25396803
 -0.25396803 -0.25396803 -0.25396803 -0.25396803  3.69895554  1.38322108
 -0.25396803  4.06268379 -0.25396803 -0.25396803  1.09060248 -0.25396803
 -0.25396803 -0.25396803 -0.25396803 -0.25396803 -0.16411347 -0.25396803
  2.99933993 -0.25396803  0.08247282  3.43662845  3.78104025 -0.25396803
 -0.25396803 -0.25396803 -0.25396803 -0.25396803 -0.25396803 -0.25396803
 -0.25396803 -0.25396803 -0.25396803 -0.25396803 -0.25396803 -0.25396803
 -0.25396803 -0.25396803 -0.25396803 -0.25396803 -0.25396803 -0.25396803
 -0.25396803 -0.25396803 -0.25396803 -0.25396803 -0.25396803 -0.25396803
 -0.25396803 -0.25396803 -0.25396803 -0.25396803 -0.25396803 -0.25396803
 -0.25396803 -0.25396803 -0.25396803 -0.25396803 -0.25396803 -0.25396803
 -0.25396803 -0.25396803 -0.25396803 -0.25396803 -0.25396803 -0.25396803
 -0.25396803 -0.25396803 -0.25396803 -0.25396803 -0.25396803 -0.25396803
 -0.25396803 -0.25396803 -0.25396803 -0.25396803 -0.25396803 -0.25396803
  5.41216963 -0.25396803 -0.25396803 -0.25396803 -0.25396803 -0.25396803
 -0.25396803 -0.25396803 -0.25396803 -0.25396803 -0.25396803 -0.25396803
 -0.25396803 -0.25396803 -0.25396803 -0.25396803 -0.25396803]",[0.04081845047187632]
8,"[-0.25881261 -0.25881261 -0.25881261 -0.25881261 -0.25881261 -0.25881261
 -0.25881261 -0.25881261 -0.25881261 -0.25881261 -0.25881261 -0.25881261
 -0.25881261 -0.25881261 -0.25881261 -0.25881261  0.19053652 -0.25881261
 -0.25881261 -0.25881261 -0.25881261 -0.25881261 -0.25881261 -0.25881261
 -0.25881261 -0.25881261 -0.25881261 -0.25881261 -0.25881261 -0.25881261
 -0.25881261 -0.25881261 -0.25881261 -0.25881261 -0.25881261 -0.25881261
 -0.25881261 -0.25881261 -0.25881261 -0.25881261  4.4040793   2.78398417
 -0.25881261 -0.25881261 -0.25881261 -0.25881261 -0.25881261 -0.25881261
 -0.25881261 -0.25881261 -0.25881261 -0.25881261 -0.25881261  5.68606465
  4.21805655 -0.25881261 -0.25881261 -0.25881261 -0.25881261 -0.25881261
 -0.25881261 -0.25881261 -0.25881261 -0.25881261 -0.25881261 -0.25881261
 -0.25881261 -0.25881261 -0.25881261 -0.25881261 -0.25881261 -0.25881261
 -0.25881261 -0.25881261 -0.25881261 -0.25881261 -0.25881261 -0.25881261
 -0.25881261 -0.25881261 -0.25881261 -0.25881261 -0.25881261 -0.25881261
 -0.25881261 -0.25881261 -0.25881261 -0.25881261  1.43271495 -0.25881261
 -0.25881261  2.76014021 -0.25881261 -0.25881261 -0.25881261 -0.25881261
 -0.25881261 -0.25881261 -0.25881261 -0.25881261  3.46244207 -0.25881261
  2.90579696  2.94469382  3.43761805 -0.25881261 -0.25881261 -0.25881261
 -0.25881261 -0.25881261 -0.25881261 -0.25881261 -0.25881261 -0.25881261
 -0.25881261 -0.25881261 -0.25881261 -0.25881261 -0.25881261 -0.25881261
 -0.25881261 -0.25881261 -0.25881261 -0.25881261 -0.25881261 -0.25881261
 -0.25881261 -0.25881261 -0.25881261 -0.25881261 -0.25881261 -0.25881261
 -0.25881261 -0.25881261 -0.25881261 -0.25881261 -0.25881261 -0.25881261
 -0.25881261 -0.25881261 -0.25881261 -0.25881261 -0.25881261 -0.25881261
 -0.25881261 -0.25881261 -0.25881261 -0.25881261 -0.25881261 -0.25881261
 -0.25881261 -0.25881261 -0.25881261 -0.25881261 -0.25881261 -0.25881261
 -0.25881261 -0.25881261 -0.25881261 -0.25881261 -0.25881261 -0.25881261
  5.79460229 -0.25881261 -0.25881261 -0.25881261 -0.25881261  2.54006576
  0.14328468 -0.25881261 -0.25881261 -0.25881261 -0.25881261 -0.25881261
 -0.25881261 -0.25881261 -0.25881261 -0.25881261 -0.25881261]",[0.0104026102252327]
8,"[-0.23676458 -0.23676458 -0.23676458 -0.23676458 -0.23676458 -0.23676458
 -0.23676458 -0.23676458 -0.23676458 -0.23676458 -0.23676458 -0.23676458
 -0.23676458 -0.23676458 -0.23676458 -0.23676458  1.42244316 -0.23676458
 -0.23676458 -0.23676458 -0.23676458 -0.23676458 -0.23676458 -0.23676458
 -0.23676458 -0.23676458 -0.23676458 -0.23676458 -0.23676458 -0.23676458
 -0.23676458 -0.23676458 -0.23676458 -0.23676458 -0.23676458 -0.23676458
 -0.23676458 -0.23676458 -0.23676458 -0.23676458  8.23470823  1.21618629
 -0.23676458 -0.23676458 -0.23676458 -0.23676458 -0.23676458 -0.23676458
 -0.23676458 -0.23676458 -0.23676458 -0.23676458 -0.23676458  5.66476005
 -0.23676458 -0.23676458 -0.23676458 -0.23676458 -0.23676458 -0.23676458
 -0.23676458 -0.23676458 -0.23676458 -0.23676458 -0.23676458 -0.23676458
 -0.23676458 -0.23676458 -0.23676458 -0.23676458 -0.23676458 -0.23676458
  0.83378757 -0.23676458 -0.23676458 -0.23676458 -0.23676458 -0.23676458
 -0.23676458 -0.23676458 -0.23676458 -0.23676458 -0.23676458 -0.23676458
 -0.23676458 -0.23676458 -0.23676458 -0.23676458  1.65864776  1.03315646
 -0.23676458  1.49518333 -0.23676458 -0.23676458  1.81545799 -0.23676458
 -0.23676458 -0.23676458 -0.23676458 -0.23676458  2.91418345 -0.23676458
  3.97284351  1.29793679 -0.23676458 -0.23676458  2.71278725 -0.23676458
 -0.23676458 -0.23676458 -0.23676458 -0.23676458 -0.23676458 -0.23676458
 -0.23676458 -0.23676458 -0.23676458 -0.23676458 -0.23676458 -0.23676458
 -0.23676458 -0.23676458 -0.23676458 -0.23676458 -0.23676458 -0.23676458
 -0.23676458 -0.23676458 -0.23676458 -0.23676458 -0.23676458 -0.23676458
 -0.23676458 -0.23676458 -0.23676458 -0.23676458 -0.23676458 -0.23676458
 -0.23676458 -0.23676458 -0.23676458 -0.23676458 -0.23676458 -0.23676458
 -0.23676458 -0.23676458 -0.23676458 -0.23676458 -0.23676458 -0.23676458
 -0.23676458 -0.23676458 -0.23676458 -0.23676458 -0.23676458 -0.23676458
 -0.23676458 -0.23676458 -0.23676458 -0.23676458 -0.23676458 -0.23676458
  4.79407402 -0.23676458 -0.23676458 -0.23676458 -0.23676458 -0.23676458
 -0.23676458 -0.23676458 -0.23676458 -0.23676458 -0.23676458 -0.23676458
 -0.23676458 -0.23676458 -0.23676458 -0.23676458 -0.23676458]",[0.0037655282103833676]
8,"[-0.23953567 -0.23953567 -0.23953567 -0.23953567 -0.23953567 -0.23953567
 -0.23953567 -0.23953567 -0.23953567 -0.23953567 -0.23953567 -0.23953567
 -0.23953567 -0.23953567 -0.23953567 -0.23953567  2.49103509 -0.23953567
 -0.23953567 -0.23953567 -0.23953567 -0.23953567 -0.23953567 -0.23953567
 -0.23953567 -0.23953567 -0.23953567 -0.23953567 -0.23953567 -0.23953567
 -0.23953567 -0.23953567 -0.23953567 -0.23953567 -0.23953567 -0.23953567
 -0.23953567 -0.23953567 -0.23953567 -0.23953567  5.47588363 -0.23953567
 -0.23953567 -0.23953567 -0.23953567 -0.23953567 -0.23953567 -0.23953567
 -0.23953567 -0.23953567 -0.23953567 -0.23953567 -0.23953567  0.33519606
 -0.0281749  -0.23953567 -0.23953567 -0.23953567 -0.23953567 -0.23953567
 -0.23953567 -0.23953567 -0.23953567 -0.23953567 -0.23953567 -0.23953567
 -0.23953567 -0.23953567 -0.23953567 -0.23953567 -0.23953567 -0.23953567
 -0.23953567 -0.23953567 -0.23953567 -0.23953567 -0.23953567 -0.23953567
 -0.23953567 -0.23953567 -0.23953567 -0.23953567 -0.23953567 -0.23953567
 -0.23953567 -0.23953567 -0.23953567 -0.23953567  1.30833303 -0.23953567
 -0.23953567  1.01531751 -0.23953567  2.05204069  4.86902001 -0.23953567
 -0.23953567 -0.23953567 -0.23953567 -0.23953567  3.78641338 -0.23953567
  4.29579843 -0.23953567  4.60533873 -0.23953567  3.58558461 -0.23953567
 -0.23953567 -0.23953567 -0.23953567 -0.23953567 -0.23953567 -0.23953567
 -0.23953567 -0.23953567 -0.23953567 -0.23953567 -0.23953567 -0.23953567
 -0.23953567 -0.23953567 -0.23953567 -0.23953567 -0.23953567 -0.23953567
 -0.23953567 -0.23953567 -0.23953567 -0.23953567 -0.23953567 -0.23953567
 -0.23953567 -0.23953567 -0.23953567 -0.23953567 -0.23953567 -0.23953567
 -0.23953567 -0.23953567 -0.23953567 -0.23953567 -0.23953567 -0.23953567
 -0.23953567 -0.23953567 -0.23953567 -0.23953567 -0.23953567 -0.23953567
 -0.23953567 -0.23953567 -0.23953567 -0.23953567 -0.23953567 -0.23953567
 -0.23953567 -0.23953567 -0.23953567 -0.23953567 -0.23953567 -0.23953567
  5.97113477 -0.23953567 -0.23953567 -0.23953567 -0.23953567 -0.23953567
 -0.23953567 -0.23953567 -0.23953567 -0.23953567 -0.23953567 -0.23953567
 -0.23953567 -0.23953567 -0.23953567 -0.23953567 -0.23953567]",[0.008326512751050757]
8,"[-0.23845637 -0.23845637 -0.23845637 -0.23845637 -0.23845637 -0.23845637
 -0.23845637 -0.23845637 -0.23845637 -0.23845637 -0.23845637 -0.23845637
 -0.23845637 -0.23845637 -0.23845637 -0.23845637 -0.23845637 -0.23845637
 -0.23845637 -0.23845637 -0.23845637 -0.23845637 -0.23845637 -0.23845637
 -0.23845637 -0.23845637 -0.23845637 -0.23845637 -0.23845637 -0.23845637
 -0.23845637 -0.23845637 -0.23845637 -0.23845637 -0.23845637 -0.23845637
 -0.23845637 -0.23845637 -0.23845637 -0.23845637  6.34493296  0.46870024
 -0.23845637 -0.23845637 -0.23845637 -0.23845637 -0.23845637 -0.23845637
 -0.23845637 -0.23845637 -0.23845637 -0.23845637 -0.23845637  6.34267566
 -0.23845637 -0.23845637 -0.23845637 -0.23845637 -0.23845637 -0.23845637
 -0.23845637 -0.23845637 -0.23845637 -0.23845637 -0.23845637 -0.23845637
 -0.23845637 -0.23845637 -0.23845637 -0.23845637 -0.23845637 -0.23845637
 -0.23845637 -0.23845637 -0.23845637 -0.23845637 -0.23845637 -0.23845637
 -0.23845637 -0.23845637 -0.23845637 -0.23845637 -0.23845637 -0.23845637
 -0.23845637 -0.23845637 -0.23845637 -0.23845637  1.39124387 -0.23845637
 -0.23845637  1.9130792  -0.23845637  0.21065284  3.18227957 -0.23845637
 -0.23845637 -0.23845637 -0.23845637 -0.23845637  2.00217425 -0.23845637
  1.74281064  0.95448495  5.1766108  -0.23845637  3.59321853 -0.23845637
 -0.23845637 -0.23845637 -0.23845637 -0.23845637 -0.23845637 -0.23845637
 -0.23845637 -0.23845637 -0.23845637 -0.23845637 -0.23845637 -0.23845637
 -0.23845637 -0.23845637 -0.23845637 -0.23845637 -0.23845637 -0.23845637
 -0.23845637 -0.23845637 -0.23845637 -0.23845637 -0.23845637 -0.23845637
 -0.23845637 -0.23845637 -0.23845637 -0.23845637 -0.23845637 -0.23845637
 -0.23845637 -0.23845637 -0.23845637 -0.23845637 -0.23845637 -0.23845637
 -0.23845637 -0.23845637 -0.23845637 -0.23845637 -0.23845637 -0.23845637
 -0.23845637 -0.23845637 -0.23845637 -0.23845637 -0.23845637 -0.23845637
 -0.23845637 -0.23845637 -0.23845637 -0.23845637 -0.23845637 -0.23845637
  4.92736536 -0.23845637 -0.23845637 -0.23845637 -0.23845637  1.09507246
 -0.23845637 -0.23845637 -0.23845637 -0.23845637 -0.23845637 -0.23845637
 -0.23845637 -0.23845637 -0.23845637 -0.23845637 -0.23845637]",[-0.019842391776455887]
8,"[-0.29221955 -0.29221955 -0.29221955 -0.29221955 -0.29221955 -0.29221955
 -0.29221955 -0.29221955 -0.29221955 -0.29221955 -0.29221955 -0.29221955
 -0.29221955 -0.29221955 -0.29221955 -0.29221955  1.00768086 -0.29221955
 -0.29221955 -0.29221955 -0.29221955 -0.29221955 -0.29221955 -0.29221955
 -0.29221955 -0.29221955 -0.29221955 -0.29221955  0.51966929 -0.29221955
 -0.29221955 -0.29221955 -0.29221955 -0.29221955 -0.29221955 -0.29221955
  1.95386149 -0.29221955 -0.29221955 -0.29221955 -0.29221955 -0.29221955
 -0.29221955 -0.29221955 -0.29221955 -0.29221955 -0.29221955 -0.29221955
 -0.29221955 -0.29221955 -0.29221955 -0.29221955 -0.29221955  0.2901001
 -0.29221955 -0.29221955 -0.29221955 -0.29221955 -0.29221955 -0.29221955
 -0.29221955 -0.29221955 -0.29221955 -0.29221955 -0.29221955 -0.29221955
 -0.29221955 -0.29221955 -0.29221955 -0.29221955 -0.29221955 -0.29221955
 -0.29221955 -0.29221955 -0.29221955 -0.29221955 -0.29221955  2.05163087
 -0.29221955 -0.29221955 -0.29221955 -0.29221955 -0.29221955 -0.29221955
 -0.29221955 -0.29221955 -0.29221955  1.65516293 -0.29221955 -0.29221955
 -0.29221955  1.83852106 -0.29221955 -0.29221955  6.16222098 -0.29221955
 -0.29221955 -0.29221955 -0.29221955 -0.29221955  3.99897491 -0.29221955
  3.55139912  0.07885483  3.89048486 -0.29221955  3.6032504   1.00566124
 -0.29221955 -0.29221955 -0.29221955 -0.29221955 -0.29221955 -0.29221955
 -0.29221955 -0.29221955 -0.29221955 -0.29221955 -0.29221955 -0.29221955
  1.59635945 -0.29221955 -0.29221955 -0.29221955 -0.29221955 -0.29221955
 -0.29221955 -0.29221955 -0.29221955 -0.29221955 -0.29221955 -0.29221955
 -0.29221955 -0.29221955 -0.29221955 -0.29221955 -0.29221955 -0.29221955
 -0.29221955 -0.29221955 -0.29221955 -0.29221955  2.72453429 -0.29221955
 -0.29221955 -0.29221955 -0.29221955 -0.29221955 -0.29221955 -0.29221955
 -0.29221955 -0.29221955 -0.29221955 -0.29221955 -0.29221955 -0.29221955
 -0.29221955 -0.29221955 -0.29221955 -0.29221955 -0.29221955 -0.29221955
  3.34957866 -0.29221955 -0.29221955 -0.29221955 -0.29221955  5.31367764
 -0.29221955 -0.29221955  2.16350521 -0.29221955 -0.29221955 -0.29221955
 -0.29221955 -0.29221955 -0.29221955 -0.29221955 -0.29221955]",[0.040706442150712785]
8,"[-0.28105055 -0.28105055 -0.28105055 -0.28105055 -0.28105055 -0.28105055
 -0.28105055 -0.28105055 -0.28105055 -0.28105055 -0.28105055 -0.28105055
 -0.28105055 -0.28105055 -0.28105055 -0.28105055  0.7461184  -0.28105055
 -0.28105055 -0.28105055 -0.28105055 -0.28105055 -0.28105055  1.97952295
 -0.28105055 -0.28105055 -0.28105055 -0.28105055  0.3958574  -0.28105055
  2.81840826 -0.28105055 -0.28105055 -0.28105055 -0.28105055 -0.28105055
 -0.28105055 -0.28105055 -0.28105055 -0.28105055  5.52837459 -0.28105055
 -0.28105055 -0.28105055 -0.28105055 -0.28105055 -0.28105055 -0.28105055
 -0.28105055 -0.28105055 -0.28105055 -0.28105055 -0.28105055  6.16398559
  3.3749288  -0.28105055 -0.28105055 -0.28105055 -0.28105055 -0.28105055
 -0.28105055 -0.28105055 -0.28105055 -0.28105055 -0.28105055 -0.28105055
 -0.28105055 -0.28105055 -0.28105055 -0.28105055 -0.28105055 -0.28105055
 -0.28105055 -0.28105055 -0.28105055 -0.28105055 -0.28105055 -0.28105055
 -0.28105055 -0.28105055 -0.28105055 -0.28105055 -0.28105055 -0.28105055
 -0.28105055 -0.28105055 -0.28105055 -0.28105055 -0.28105055  0.09977343
 -0.28105055  2.97269465 -0.28105055 -0.28105055  3.85805869 -0.28105055
 -0.28105055 -0.28105055 -0.28105055 -0.28105055  0.31951498 -0.28105055
 -0.28105055 -0.28105055  1.49423907 -0.28105055  2.5356176  -0.28105055
 -0.28105055 -0.28105055 -0.28105055 -0.28105055 -0.28105055 -0.28105055
 -0.28105055 -0.28105055 -0.28105055 -0.28105055 -0.28105055 -0.28105055
 -0.28105055  2.08437307 -0.28105055 -0.28105055 -0.28105055 -0.28105055
 -0.28105055 -0.28105055 -0.28105055 -0.28105055 -0.28105055  2.58148137
 -0.28105055 -0.28105055 -0.28105055 -0.28105055 -0.28105055 -0.28105055
 -0.28105055 -0.28105055 -0.28105055 -0.28105055 -0.28105055 -0.28105055
 -0.28105055 -0.28105055 -0.28105055 -0.28105055  1.41405102 -0.28105055
 -0.28105055 -0.28105055 -0.28105055 -0.28105055 -0.28105055 -0.28105055
 -0.28105055 -0.28105055 -0.28105055 -0.28105055 -0.28105055 -0.28105055
  5.13682046 -0.28105055 -0.28105055 -0.28105055 -0.28105055 -0.28105055
  0.07042057 -0.28105055  1.39384748 -0.28105055 -0.28105055 -0.28105055
 -0.28105055 -0.28105055 -0.28105055 -0.28105055 -0.28105055]",[0.009160887011314511]
8,"[-0.24270609 -0.24270609 -0.24270609 -0.24270609 -0.24270609 -0.24270609
 -0.24270609 -0.24270609 -0.24270609 -0.24270609 -0.24270609 -0.24270609
 -0.24270609 -0.24270609 -0.24270609 -0.24270609 -0.24270609 -0.24270609
 -0.24270609 -0.24270609 -0.24270609 -0.24270609 -0.24270609 -0.24270609
 -0.24270609 -0.24270609 -0.24270609 -0.24270609 -0.24270609 -0.24270609
 -0.24270609 -0.24270609 -0.24270609 -0.24270609 -0.24270609 -0.24270609
 -0.24270609 -0.24270609 -0.24270609 -0.24270609  5.54101621 -0.24270609
 -0.24270609 -0.24270609 -0.24270609 -0.24270609 -0.24270609 -0.24270609
 -0.24270609 -0.24270609 -0.24270609 -0.24270609 -0.24270609  5.54888676
  4.78878361 -0.24270609 -0.24270609 -0.24270609 -0.24270609 -0.24270609
 -0.24270609 -0.24270609 -0.24270609 -0.24270609 -0.24270609 -0.24270609
 -0.24270609 -0.24270609 -0.24270609 -0.24270609 -0.24270609 -0.24270609
 -0.24270609 -0.24270609 -0.24270609 -0.24270609 -0.24270609 -0.24270609
 -0.24270609 -0.24270609 -0.24270609 -0.24270609 -0.24270609 -0.24270609
 -0.24270609 -0.24270609 -0.24270609 -0.24270609  0.97307222  2.89843502
 -0.24270609  2.1246846  -0.24270609 -0.24270609  2.11508644 -0.10281457
 -0.24270609 -0.24270609  1.31292408 -0.24270609  0.33762773 -0.24270609
 -0.24270609  0.07121334 -0.24270609  2.94340461  1.0720226  -0.24270609
 -0.24270609 -0.24270609 -0.24270609 -0.24270609 -0.24270609 -0.24270609
 -0.24270609 -0.24270609 -0.24270609 -0.24270609 -0.24270609 -0.24270609
 -0.24270609 -0.24270609 -0.24270609 -0.24270609 -0.24270609 -0.24270609
 -0.24270609 -0.24270609 -0.24270609 -0.24270609 -0.24270609 -0.24270609
 -0.24270609 -0.24270609 -0.24270609 -0.24270609 -0.24270609 -0.24270609
 -0.24270609 -0.24270609 -0.24270609 -0.24270609 -0.24270609 -0.24270609
 -0.24270609 -0.24270609 -0.24270609 -0.24270609  3.84447162 -0.24270609
 -0.24270609 -0.24270609 -0.24270609 -0.24270609 -0.24270609 -0.24270609
 -0.24270609 -0.24270609 -0.24270609 -0.24270609 -0.24270609 -0.24270609
  6.33498402 -0.24270609 -0.24270609 -0.24270609 -0.24270609 -0.24270609
 -0.24270609 -0.24270609 -0.24270609 -0.24270609 -0.24270609 -0.24270609
 -0.24270609 -0.24270609 -0.24270609 -0.24270609 -0.24270609]",[-0.018542227741665668]
8,"[-0.27236163 -0.27236163 -0.27236163 -0.27236163 -0.27236163 -0.27236163
 -0.27236163 -0.27236163 -0.27236163 -0.27236163 -0.27236163 -0.27236163
 -0.27236163 -0.27236163 -0.27236163 -0.27236163 -0.27236163 -0.27236163
 -0.27236163 -0.27236163 -0.27236163 -0.27236163 -0.27236163 -0.27236163
 -0.27236163 -0.27236163 -0.27236163 -0.27236163 -0.27236163 -0.27236163
 -0.27236163 -0.27236163 -0.27236163 -0.27236163 -0.27236163 -0.27236163
 -0.27236163 -0.27236163 -0.27236163 -0.27236163  2.52966559 -0.27236163
 -0.27236163 -0.27236163 -0.27236163 -0.27236163 -0.27236163 -0.27236163
 -0.27236163 -0.27236163 -0.27236163 -0.27236163 -0.27236163  6.35966069
 -0.27236163 -0.27236163 -0.27236163 -0.27236163 -0.27236163 -0.27236163
 -0.27236163 -0.27236163 -0.27236163 -0.27236163 -0.27236163 -0.27236163
 -0.27236163 -0.27236163 -0.27236163 -0.27236163 -0.27236163 -0.27236163
  1.61216645 -0.27236163 -0.27236163 -0.27236163 -0.27236163 -0.27236163
 -0.27236163 -0.27236163 -0.27236163 -0.27236163 -0.27236163 -0.27236163
 -0.27236163 -0.27236163 -0.27236163 -0.27236163  3.07646568 -0.27236163
 -0.27236163  2.06683396 -0.27236163  0.47616561  1.78916821 -0.27236163
 -0.27236163 -0.27236163 -0.27236163 -0.27236163  3.07756665 -0.27236163
  3.08668944  2.56374007  2.47177695  5.70604445  2.86181676 -0.27236163
 -0.27236163 -0.27236163 -0.27236163 -0.27236163 -0.27236163 -0.27236163
 -0.27236163 -0.27236163 -0.27236163 -0.27236163 -0.27236163 -0.27236163
 -0.27236163 -0.27236163 -0.27236163 -0.27236163 -0.27236163 -0.27236163
 -0.27236163 -0.27236163 -0.27236163 -0.27236163 -0.27236163 -0.27236163
 -0.27236163 -0.27236163 -0.27236163 -0.27236163 -0.27236163 -0.27236163
 -0.27236163 -0.27236163 -0.27236163 -0.27236163 -0.27236163 -0.27236163
 -0.27236163 -0.27236163 -0.27236163 -0.27236163 -0.27236163 -0.27236163
 -0.27236163 -0.27236163 -0.27236163 -0.27236163 -0.27236163 -0.27236163
 -0.27236163 -0.27236163 -0.27236163 -0.27236163 -0.27236163 -0.27236163
  5.16127323 -0.27236163 -0.27236163 -0.27236163 -0.27236163  0.88048224
  0.67542994 -0.27236163 -0.27236163 -0.27236163 -0.27236163 -0.27236163
 -0.27236163 -0.27236163 -0.27236163 -0.27236163 -0.27236163]",[-0.001384466704605014]
8,"[-0.30464444 -0.30464444 -0.30464444 -0.30464444 -0.30464444 -0.30464444
 -0.30464444 -0.30464444 -0.30464444 -0.30464444 -0.30464444 -0.30464444
 -0.30464444 -0.30464444 -0.30464444 -0.30464444 -0.30464444 -0.30464444
 -0.30464444 -0.30464444 -0.30464444 -0.30464444 -0.30464444 -0.30464444
 -0.30464444 -0.30464444 -0.30464444 -0.30464444 -0.30464444 -0.30464444
 -0.30464444 -0.30464444 -0.30464444 -0.30464444 -0.30464444 -0.30464444
 -0.30464444 -0.30464444 -0.30464444 -0.30464444  4.87023553 -0.30464444
 -0.30464444 -0.30464444 -0.30464444 -0.30464444 -0.30464444 -0.30464444
 -0.30464444 -0.30464444 -0.30464444 -0.30464444 -0.30464444  5.14259568
  2.99001622 -0.03646393  0.34075141 -0.30464444 -0.30464444 -0.30464444
 -0.30464444 -0.30464444 -0.30464444 -0.30464444 -0.30464444 -0.30464444
 -0.30464444 -0.30464444 -0.30464444 -0.30464444 -0.30464444 -0.30464444
 -0.30464444 -0.30464444 -0.30464444 -0.30464444 -0.30464444 -0.30464444
 -0.30464444 -0.30464444 -0.30464444 -0.30464444 -0.30464444 -0.30464444
 -0.30464444 -0.30464444 -0.30464444 -0.30464444  2.38771265  2.52338497
 -0.30464444  3.28990652 -0.30464444 -0.30464444  3.22062085 -0.20713981
 -0.30464444 -0.30464444 -0.30464444 -0.30464444  1.84254447 -0.30464444
  2.38663722  0.82252528  0.36934969  4.04078964  3.34511547 -0.30464444
 -0.30464444 -0.30464444 -0.30464444 -0.30464444 -0.30464444 -0.30464444
 -0.30464444 -0.30464444 -0.30464444 -0.30464444 -0.30464444 -0.30464444
 -0.30464444 -0.30464444 -0.30464444 -0.30464444 -0.30464444 -0.30464444
 -0.30464444 -0.30464444 -0.30464444 -0.30464444 -0.30464444 -0.30464444
 -0.30464444 -0.30464444 -0.30464444 -0.30464444 -0.30464444 -0.30464444
 -0.30464444 -0.30464444 -0.30464444 -0.30464444  0.34786164 -0.30464444
 -0.30464444 -0.30464444 -0.30464444 -0.30464444  2.70114131 -0.30464444
 -0.30464444 -0.30464444 -0.30464444 -0.30464444 -0.30464444 -0.30464444
 -0.30464444 -0.30464444 -0.30464444 -0.30464444 -0.30464444 -0.30464444
  4.46051835 -0.30464444 -0.30464444 -0.30464444 -0.30464444  2.55331858
 -0.30464444 -0.30464444 -0.30464444 -0.30464444 -0.30464444 -0.30464444
 -0.30464444 -0.30464444 -0.30464444 -0.30464444  0.74239994]",[0.02495326502964723]
8,"[-0.20424376 -0.20424376 -0.20424376 -0.20424376 -0.20424376 -0.20424376
 -0.20424376 -0.20424376 -0.20424376 -0.20424376 -0.20424376 -0.20424376
 -0.20424376 -0.20424376 -0.20424376 -0.20424376 -0.20424376 -0.20424376
 -0.20424376 -0.20424376 -0.20424376 -0.20424376 -0.20424376 -0.20424376
 -0.20424376 -0.20424376 -0.20424376 -0.20424376 -0.20424376 -0.20424376
 -0.20424376 -0.20424376 -0.20424376 -0.20424376 -0.20424376 -0.20424376
 -0.20424376 -0.20424376 -0.20424376 -0.20424376 -0.20424376  0.28097946
 -0.20424376 -0.20424376 -0.20424376 -0.20424376 -0.20424376 -0.20424376
 -0.20424376 -0.20424376 -0.20424376 -0.20424376 -0.20424376  0.5907776
 -0.20424376 -0.20424376 -0.20424376 -0.20424376 -0.20424376 -0.20424376
 -0.20424376 -0.20424376 -0.20424376 -0.20424376 -0.20424376 -0.20424376
 -0.20424376 -0.20424376 -0.20424376 -0.20424376 -0.20424376 -0.20424376
 -0.20424376 -0.20424376 -0.20424376 -0.20424376 -0.20424376 -0.20424376
 -0.20424376 -0.20424376 -0.20424376 -0.20424376 -0.20424376 -0.20424376
 -0.20424376 -0.20424376 -0.20424376 -0.20424376  3.13488118 -0.20424376
 -0.20424376 -0.20424376 -0.20424376 -0.20424376  2.1622564  -0.20424376
 -0.20424376 -0.20424376 -0.20424376 -0.20424376  4.28253812 -0.20424376
  2.7001848   0.75146514  2.34882865 -0.20424376  4.08563545 -0.20424376
 -0.20424376 -0.20424376 -0.20424376 -0.20424376 -0.20424376 -0.20424376
 -0.20424376 -0.20424376 -0.20424376 -0.20424376 -0.20424376 -0.20424376
 -0.20424376 -0.20424376 -0.20424376 -0.20424376 -0.20424376 -0.20424376
 -0.20424376 -0.20424376 -0.20424376 -0.20424376 -0.20424376 -0.20424376
 -0.20424376 -0.20424376 -0.20424376 -0.20424376 -0.20424376 -0.20424376
 -0.20424376 -0.20424376 -0.20424376 -0.20424376 -0.20424376 -0.20424376
 -0.20424376 -0.20424376 -0.20424376 -0.20424376 -0.20424376 -0.20424376
 -0.20424376 -0.20424376 -0.20424376 -0.20424376 -0.20424376 -0.20424376
 -0.20424376 -0.20424376 -0.20424376 -0.20424376 -0.20424376 -0.20424376
  9.33288677 -0.20424376 -0.20424376 -0.20424376 -0.20424376  4.6425181
 -0.20424376 -0.20424376 -0.20424376 -0.20424376 -0.20424376 -0.20424376
 -0.20424376 -0.20424376 -0.20424376 -0.20424376 -0.20424376]",[-0.00920677967312089]
8,"[-0.28733902 -0.28733902 -0.28733902 -0.28733902 -0.28733902 -0.28733902
 -0.28733902 -0.28733902 -0.28733902 -0.28733902 -0.28733902 -0.28733902
 -0.28733902 -0.28733902 -0.28733902 -0.28733902 -0.28733902 -0.28733902
 -0.28733902 -0.28733902 -0.28733902 -0.28733902 -0.28733902 -0.28733902
 -0.28733902 -0.28733902 -0.28733902 -0.28733902 -0.28733902 -0.28733902
 -0.28733902 -0.28733902 -0.28733902 -0.28733902 -0.28733902 -0.28733902
 -0.28733902 -0.28733902 -0.28733902 -0.28733902  5.58856394  1.51445299
 -0.28733902 -0.28733902 -0.28733902 -0.28733902 -0.28733902 -0.28733902
 -0.28733902 -0.28733902 -0.28733902 -0.28733902 -0.28733902  1.41598104
  2.6683876  -0.02940499 -0.28733902 -0.28733902 -0.28733902 -0.28733902
 -0.28733902 -0.28733902 -0.28733902 -0.28733902 -0.28733902 -0.28733902
 -0.28733902 -0.28733902 -0.28733902 -0.28733902 -0.28733902 -0.28733902
  3.92278863 -0.28733902 -0.28733902 -0.28733902 -0.28733902  0.99282344
 -0.28733902 -0.28733902 -0.28733902 -0.28733902 -0.28733902 -0.28733902
 -0.28733902 -0.28733902 -0.28733902 -0.28733902  3.76753592 -0.28733902
 -0.28733902  1.89952445 -0.28733902 -0.28733902  3.5306105   0.2169971
 -0.28733902 -0.28733902 -0.28733902 -0.28733902  3.40983499 -0.28733902
  3.9062661   2.78425907  3.26414675 -0.28733902  1.27550373 -0.28733902
 -0.28733902 -0.28733902 -0.28733902 -0.28733902 -0.28733902 -0.28733902
 -0.28733902 -0.28733902 -0.28733902 -0.28733902 -0.28733902 -0.28733902
 -0.28733902 -0.28733902 -0.28733902 -0.28733902 -0.28733902 -0.28733902
 -0.28733902 -0.28733902 -0.28733902 -0.28733902 -0.28733902 -0.28733902
 -0.28733902 -0.28733902 -0.28733902 -0.28733902 -0.28733902 -0.28733902
 -0.28733902 -0.28733902 -0.28733902 -0.28733902 -0.28733902 -0.28733902
 -0.28733902 -0.28733902 -0.28733902 -0.28733902 -0.28733902 -0.28733902
 -0.28733902 -0.28733902 -0.28733902 -0.28733902 -0.28733902 -0.28733902
 -0.28733902 -0.28733902 -0.28733902 -0.28733902 -0.28733902 -0.28733902
  5.37299225 -0.28733902 -0.28733902 -0.28733902 -0.28733902 -0.28733902
 -0.28733902 -0.28733902 -0.28733902 -0.28733902 -0.28733902 -0.28733902
 -0.28733902 -0.28733902 -0.28733902 -0.28733902  0.76031816]",[0.009432178293529214]
8,"[-0.21470388 -0.21470388 -0.21470388 -0.21470388 -0.21470388 -0.21470388
 -0.21470388 -0.21470388 -0.21470388 -0.21470388 -0.21470388 -0.21470388
 -0.21470388 -0.21470388 -0.21470388 -0.21470388 -0.21470388 -0.21470388
 -0.21470388 -0.21470388 -0.21470388 -0.21470388 -0.21470388 -0.21470388
 -0.21470388 -0.21470388 -0.21470388 -0.21470388 -0.21470388 -0.21470388
 -0.21470388 -0.21470388 -0.21470388 -0.21470388 -0.21470388 -0.21470388
 -0.21470388 -0.21470388 -0.21470388 -0.21470388  7.49682553 -0.21470388
 -0.21470388 -0.21470388 -0.21470388 -0.21470388 -0.21470388 -0.21470388
 -0.21470388 -0.21470388 -0.21470388 -0.21470388 -0.21470388  5.73967365
  2.45162131 -0.21470388 -0.21470388 -0.21470388 -0.21470388 -0.21470388
 -0.21470388 -0.21470388 -0.21470388 -0.21470388 -0.21470388 -0.21470388
 -0.21470388 -0.21470388 -0.21470388 -0.21470388 -0.21470388 -0.21470388
 -0.21470388 -0.21470388 -0.21470388 -0.21470388 -0.21470388 -0.21470388
 -0.21470388 -0.21470388 -0.21470388 -0.21470388 -0.21470388 -0.21470388
 -0.21470388 -0.21470388 -0.21470388 -0.21470388  4.18783909  3.04290487
 -0.21470388  0.77964329 -0.21470388 -0.21470388 -0.21470388 -0.21470388
 -0.21470388 -0.21470388 -0.21470388 -0.21470388  2.72739543 -0.21470388
 -0.21470388 -0.18698666 -0.21470388 -0.21470388  0.46757826 -0.21470388
 -0.21470388 -0.21470388 -0.21470388 -0.21470388 -0.21470388 -0.21470388
 -0.21470388 -0.21470388 -0.21470388 -0.21470388 -0.21470388 -0.21470388
 -0.21470388 -0.21470388 -0.21470388 -0.21470388 -0.21470388 -0.21470388
 -0.21470388 -0.21470388 -0.21470388 -0.21470388 -0.21470388 -0.21470388
 -0.21470388 -0.21470388 -0.21470388 -0.21470388 -0.21470388 -0.21470388
 -0.21470388 -0.21470388 -0.21470388 -0.21470388 -0.21470388 -0.21470388
 -0.21470388 -0.21470388 -0.21470388 -0.21470388 -0.21470388 -0.21470388
 -0.21470388  0.40612896 -0.21470388 -0.21470388 -0.21470388 -0.21470388
 -0.21470388 -0.21470388 -0.21470388 -0.21470388 -0.21470388 -0.21470388
  3.21749125 -0.21470388 -0.21470388 -0.21470388 -0.21470388 -0.21470388
 -0.21470388 -0.21470388 -0.21470388 -0.21470388 -0.21470388 -0.21470388
 -0.21470388 -0.21470388 -0.21470388 -0.21470388  5.52543224]",[-0.07058995971611887]
8,"[-0.28050982 -0.28050982 -0.28050982 -0.28050982 -0.28050982 -0.28050982
 -0.28050982 -0.28050982 -0.28050982 -0.28050982 -0.28050982 -0.28050982
 -0.28050982 -0.28050982 -0.28050982 -0.28050982 -0.28050982 -0.28050982
 -0.28050982 -0.28050982 -0.28050982 -0.28050982 -0.28050982 -0.28050982
 -0.28050982 -0.28050982 -0.28050982 -0.28050982 -0.28050982 -0.28050982
 -0.28050982 -0.28050982 -0.28050982 -0.28050982 -0.28050982 -0.28050982
 -0.28050982 -0.28050982 -0.28050982 -0.28050982  6.19844452  2.31692789
 -0.28050982 -0.28050982 -0.28050982 -0.28050982 -0.28050982 -0.28050982
 -0.28050982 -0.28050982 -0.28050982 -0.28050982 -0.28050982  5.47473988
  1.8873633  -0.28050982 -0.28050982 -0.28050982 -0.28050982 -0.28050982
 -0.28050982 -0.28050982 -0.28050982 -0.28050982 -0.28050982 -0.28050982
 -0.28050982 -0.28050982 -0.28050982 -0.28050982 -0.28050982 -0.28050982
  0.02021091 -0.28050982 -0.28050982 -0.28050982 -0.28050982 -0.28050982
 -0.28050982 -0.28050982 -0.28050982 -0.28050982 -0.28050982 -0.28050982
 -0.28050982 -0.28050982 -0.28050982 -0.28050982  2.31005398  3.37789571
  0.68679667  1.851947   -0.28050982 -0.28050982  3.02662245 -0.28050982
 -0.28050982 -0.28050982 -0.28050982 -0.28050982  3.57157683 -0.28050982
  2.37100383 -0.13175338 -0.28050982 -0.28050982  4.29467501 -0.28050982
 -0.28050982 -0.28050982 -0.28050982 -0.28050982 -0.28050982 -0.28050982
 -0.28050982 -0.28050982 -0.28050982 -0.28050982 -0.28050982 -0.28050982
 -0.28050982 -0.28050982 -0.28050982 -0.28050982 -0.28050982 -0.28050982
 -0.28050982 -0.28050982 -0.28050982 -0.28050982 -0.28050982 -0.28050982
 -0.28050982 -0.28050982 -0.28050982 -0.28050982 -0.28050982 -0.28050982
 -0.28050982 -0.28050982 -0.28050982 -0.28050982 -0.28050982 -0.28050982
 -0.28050982 -0.28050982 -0.28050982 -0.28050982 -0.28050982 -0.28050982
 -0.28050982  0.3640696  -0.28050982 -0.28050982 -0.28050982 -0.28050982
 -0.28050982 -0.28050982 -0.28050982 -0.28050982 -0.28050982 -0.28050982
  2.64417448 -0.28050982 -0.28050982 -0.28050982 -0.28050982  3.72214115
 -0.28050982  1.17519168 -0.28050982 -0.28050982 -0.28050982 -0.28050982
 -0.28050982 -0.28050982 -0.28050982 -0.28050982 -0.28050982]",[0.009945665112842783]
8,"[-0.2972021  -0.2972021  -0.2972021  -0.2972021  -0.2972021  -0.2972021
 -0.2972021  -0.2972021  -0.2972021  -0.2972021  -0.2972021  -0.2972021
 -0.2972021  -0.2972021  -0.2972021  -0.2972021  -0.2972021  -0.2972021
 -0.2972021  -0.2972021  -0.2972021  -0.2972021  -0.2972021  -0.2972021
 -0.2972021  -0.2972021  -0.2972021  -0.2972021  -0.2972021  -0.2972021
 -0.2972021  -0.2972021  -0.2972021  -0.2972021  -0.2972021  -0.2972021
 -0.2972021  -0.2972021  -0.2972021  -0.2972021   6.05037958  2.98364363
 -0.2972021  -0.2972021  -0.2972021  -0.2972021  -0.2972021  -0.2972021
 -0.2972021  -0.2972021  -0.2972021  -0.2972021  -0.2972021   5.19557552
  3.03114443 -0.2972021   0.57025376 -0.2972021  -0.2972021  -0.2972021
 -0.2972021  -0.2972021  -0.2972021  -0.2972021  -0.2972021  -0.2972021
 -0.2972021  -0.2972021  -0.2972021  -0.2972021  -0.2972021  -0.2972021
 -0.2972021  -0.2972021  -0.2972021  -0.2972021  -0.2972021  -0.2972021
 -0.2972021  -0.2972021  -0.2972021  -0.2972021  -0.2972021  -0.2972021
 -0.2972021  -0.2972021  -0.2972021  -0.2972021  -0.2972021  -0.2972021
 -0.2972021   0.63402954 -0.2972021  -0.2972021   2.66744738 -0.2972021
 -0.2972021  -0.2972021   0.22242339 -0.2972021   2.95564351 -0.2972021
  1.87598144  2.76409619  2.42689168 -0.2972021   2.29391426 -0.2972021
 -0.2972021  -0.2972021  -0.2972021  -0.2972021  -0.2972021  -0.2972021
 -0.2972021  -0.2972021  -0.2972021  -0.2972021  -0.2972021  -0.2972021
 -0.2972021  -0.2972021  -0.2972021  -0.2972021  -0.2972021  -0.2972021
 -0.2972021  -0.2972021  -0.2972021  -0.2972021  -0.2972021  -0.2972021
 -0.2972021  -0.2972021  -0.2972021  -0.2972021  -0.2972021  -0.2972021
 -0.2972021   4.89995591 -0.2972021  -0.2972021  -0.2972021  -0.2972021
 -0.2972021  -0.2972021  -0.2972021  -0.2972021   2.34832117 -0.2972021
 -0.2972021  -0.2972021  -0.2972021  -0.2972021  -0.2972021  -0.2972021
 -0.2972021  -0.2972021  -0.2972021  -0.2972021  -0.2972021  -0.2972021
  2.57548114 -0.2972021  -0.2972021  -0.2972021  -0.2972021   1.87228994
  0.04658941 -0.2972021  -0.2972021  -0.2972021  -0.2972021  -0.2972021
 -0.2972021  -0.2972021  -0.2972021  -0.2972021   2.13827478]",[0.014733930706297194]
8,"[-0.26150751 -0.26150751 -0.26150751 -0.26150751 -0.26150751 -0.26150751
 -0.26150751 -0.26150751 -0.26150751 -0.26150751 -0.26150751 -0.26150751
 -0.26150751 -0.26150751 -0.26150751 -0.26150751 -0.26150751 -0.26150751
 -0.26150751 -0.26150751 -0.26150751 -0.26150751 -0.26150751 -0.26150751
 -0.26150751 -0.26150751 -0.26150751 -0.26150751 -0.26150751 -0.26150751
 -0.26150751 -0.26150751 -0.26150751 -0.26150751 -0.26150751 -0.26150751
 -0.26150751 -0.26150751 -0.26150751 -0.26150751  6.07869795  0.49209599
 -0.26150751 -0.26150751 -0.26150751 -0.26150751 -0.26150751 -0.26150751
 -0.26150751 -0.26150751 -0.26150751 -0.26150751 -0.26150751  6.66159444
 -0.26150751 -0.26150751 -0.26150751 -0.26150751 -0.26150751 -0.26150751
 -0.26150751 -0.26150751 -0.26150751 -0.26150751 -0.26150751 -0.26150751
 -0.26150751 -0.26150751 -0.26150751 -0.26150751 -0.26150751 -0.26150751
 -0.26150751 -0.26150751 -0.26150751 -0.26150751 -0.26150751 -0.26150751
 -0.26150751 -0.26150751 -0.26150751 -0.26150751 -0.26150751 -0.26150751
 -0.26150751 -0.26150751 -0.26150751 -0.26150751 -0.26150751 -0.26150751
 -0.26150751  1.57707205 -0.26150751  0.06679384  0.55835019 -0.26150751
 -0.26150751 -0.26150751  0.90555282 -0.26150751  2.92046946 -0.26150751
  2.61684358  3.50371335  2.41724355 -0.26150751  3.83731535 -0.26150751
 -0.26150751 -0.26150751 -0.26150751 -0.26150751 -0.26150751 -0.26150751
 -0.26150751 -0.26150751 -0.26150751 -0.26150751 -0.26150751 -0.26150751
 -0.26150751 -0.26150751 -0.26150751 -0.26150751 -0.26150751 -0.26150751
 -0.26150751 -0.26150751 -0.26150751 -0.26150751 -0.26150751 -0.26150751
 -0.26150751 -0.26150751 -0.26150751 -0.26150751 -0.26150751 -0.26150751
 -0.26150751  4.38727491 -0.26150751 -0.26150751 -0.26150751 -0.26150751
 -0.26150751 -0.26150751 -0.26150751 -0.26150751 -0.26150751 -0.26150751
 -0.26150751 -0.26150751 -0.26150751 -0.26150751 -0.26150751 -0.26150751
 -0.26150751 -0.26150751 -0.26150751 -0.26150751 -0.26150751 -0.26150751
  1.91911064 -0.26150751 -0.26150751 -0.26150751 -0.26150751  2.86132063
 -0.26150751 -0.26150751 -0.26150751 -0.26150751 -0.26150751 -0.26150751
 -0.26150751 -0.26150751 -0.26150751 -0.26150751  1.8222758 ]",[0.008173023696125825]
8,"[-0.28088292 -0.28088292 -0.28088292 -0.28088292 -0.28088292 -0.28088292
 -0.28088292 -0.28088292 -0.28088292 -0.28088292 -0.28088292 -0.28088292
 -0.28088292 -0.28088292 -0.28088292 -0.28088292  1.06287019 -0.28088292
 -0.28088292 -0.28088292 -0.28088292 -0.28088292 -0.28088292 -0.28088292
 -0.28088292 -0.28088292 -0.28088292 -0.28088292 -0.28088292 -0.28088292
 -0.28088292 -0.28088292 -0.28088292 -0.28088292 -0.28088292 -0.28088292
 -0.28088292 -0.28088292 -0.28088292 -0.28088292  5.71850356  0.30977475
 -0.28088292 -0.28088292 -0.28088292 -0.28088292 -0.28088292 -0.28088292
 -0.28088292 -0.28088292 -0.28088292 -0.28088292 -0.28088292  4.39315998
  3.49670836 -0.28088292 -0.28088292 -0.28088292 -0.28088292 -0.28088292
 -0.28088292 -0.28088292 -0.28088292 -0.28088292 -0.28088292 -0.28088292
 -0.28088292 -0.28088292 -0.28088292 -0.28088292 -0.28088292 -0.28088292
 -0.28088292 -0.28088292 -0.28088292 -0.28088292 -0.28088292 -0.28088292
 -0.28088292 -0.28088292 -0.28088292 -0.28088292 -0.28088292 -0.28088292
 -0.28088292 -0.28088292 -0.28088292 -0.28088292 -0.28088292  1.55143227
 -0.28088292  0.83613645 -0.28088292 -0.28088292  0.54707525 -0.28088292
 -0.28088292 -0.28088292 -0.28088292 -0.28088292  1.48963621 -0.28088292
  2.86470838  0.89514368  2.01538421  3.91342033  0.5950497  -0.28088292
 -0.28088292 -0.28088292 -0.28088292 -0.28088292  2.15686865 -0.28088292
 -0.28088292 -0.28088292 -0.28088292 -0.28088292 -0.28088292 -0.28088292
 -0.28088292 -0.28088292 -0.28088292 -0.28088292 -0.28088292 -0.28088292
 -0.28088292 -0.28088292 -0.28088292 -0.28088292 -0.28088292 -0.28088292
 -0.28088292 -0.28088292 -0.28088292 -0.28088292 -0.28088292 -0.28088292
 -0.28088292  4.1003464  -0.28088292 -0.28088292 -0.28088292 -0.28088292
 -0.28088292 -0.28088292 -0.28088292 -0.28088292 -0.28088292 -0.28088292
 -0.28088292 -0.28088292 -0.28088292 -0.28088292 -0.28088292 -0.28088292
 -0.28088292 -0.28088292 -0.28088292 -0.28088292 -0.28088292 -0.28088292
  3.63926584 -0.28088292 -0.28088292 -0.28088292 -0.28088292 -0.28088292
 -0.28088292 -0.28088292 -0.28088292 -0.28088292 -0.28088292 -0.28088292
 -0.28088292 -0.28088292 -0.28088292 -0.28088292  5.63666611]",[0.023654561011332842]
8,"[-0.24075402 -0.24075402 -0.24075402 -0.24075402 -0.24075402 -0.24075402
 -0.24075402 -0.24075402 -0.24075402 -0.24075402 -0.24075402 -0.24075402
 -0.24075402 -0.24075402 -0.24075402 -0.24075402  0.88609838 -0.24075402
 -0.24075402 -0.24075402 -0.24075402 -0.24075402 -0.24075402 -0.24075402
 -0.24075402 -0.24075402 -0.24075402 -0.24075402  0.70173046 -0.24075402
 -0.24075402 -0.24075402 -0.24075402 -0.24075402 -0.24075402 -0.24075402
 -0.24075402 -0.24075402 -0.24075402 -0.24075402  5.63035003 -0.24075402
 -0.24075402 -0.24075402 -0.24075402 -0.24075402 -0.24075402 -0.24075402
 -0.24075402 -0.24075402 -0.24075402 -0.24075402 -0.24075402  6.55269906
 -0.24075402 -0.24075402 -0.24075402 -0.24075402 -0.24075402 -0.24075402
 -0.24075402 -0.24075402 -0.24075402 -0.24075402 -0.24075402 -0.24075402
 -0.24075402 -0.24075402 -0.24075402 -0.24075402 -0.24075402 -0.24075402
 -0.24075402 -0.24075402 -0.24075402 -0.24075402 -0.24075402 -0.24075402
 -0.24075402 -0.24075402 -0.24075402 -0.24075402 -0.24075402 -0.24075402
 -0.24075402 -0.24075402 -0.24075402 -0.24075402 -0.24075402  0.78949898
 -0.24075402  1.39167157 -0.24075402 -0.24075402  1.40394714 -0.24075402
 -0.24075402 -0.24075402 -0.24075402 -0.24075402  3.30617673 -0.24075402
 -0.24075402  2.91103447  2.81889741 -0.24075402  4.68878645 -0.24075402
 -0.24075402 -0.24075402 -0.24075402 -0.24075402 -0.24075402 -0.24075402
 -0.24075402 -0.24075402 -0.24075402 -0.24075402 -0.24075402 -0.24075402
 -0.24075402 -0.24075402 -0.24075402 -0.24075402 -0.24075402 -0.24075402
 -0.24075402 -0.24075402 -0.24075402 -0.24075402 -0.24075402 -0.24075402
 -0.24075402 -0.24075402 -0.24075402 -0.24075402 -0.24075402 -0.24075402
 -0.24075402 -0.24075402 -0.24075402 -0.24075402 -0.24075402 -0.24075402
 -0.24075402 -0.24075402 -0.24075402 -0.24075402 -0.24075402 -0.24075402
 -0.24075402 -0.24075402 -0.24075402 -0.24075402 -0.24075402 -0.24075402
 -0.24075402 -0.24075402 -0.24075402 -0.24075402 -0.24075402 -0.24075402
  4.69688451 -0.24075402 -0.24075402 -0.24075402 -0.24075402  4.18739131
 -0.24075402 -0.24075402 -0.24075402 -0.24075402 -0.24075402 -0.24075402
 -0.24075402 -0.24075402 -0.24075402 -0.24075402 -0.24075402]",[-0.06915921068052275]
8,"[-0.2768798  -0.2768798  -0.2768798   0.27346633 -0.2768798  -0.2768798
 -0.2768798  -0.2768798  -0.2768798  -0.2768798  -0.2768798  -0.2768798
 -0.2768798  -0.2768798  -0.2768798  -0.2768798  -0.2768798  -0.2768798
 -0.2768798  -0.2768798  -0.2768798  -0.2768798  -0.2768798  -0.2768798
 -0.2768798  -0.2768798  -0.2768798  -0.2768798  -0.2768798  -0.2768798
 -0.2768798  -0.2768798  -0.2768798  -0.2768798  -0.2768798  -0.2768798
 -0.2768798  -0.2768798  -0.2768798  -0.2768798   1.0397571   0.10199306
 -0.2768798  -0.2768798  -0.2768798  -0.2768798  -0.2768798  -0.2768798
 -0.2768798  -0.2768798  -0.2768798  -0.2768798  -0.2768798   0.81582671
 -0.2768798  -0.2768798  -0.2768798  -0.2768798  -0.2768798  -0.2768798
 -0.2768798  -0.2768798  -0.2768798  -0.2768798  -0.2768798  -0.2768798
 -0.2768798  -0.2768798  -0.2768798  -0.2768798  -0.2768798  -0.2768798
 -0.2768798  -0.2768798  -0.2768798  -0.2768798  -0.2768798  -0.2768798
 -0.2768798  -0.2768798  -0.2768798  -0.2768798  -0.2768798  -0.2768798
 -0.2768798  -0.2768798  -0.2768798  -0.2768798   1.39497925 -0.2768798
 -0.2768798  -0.2768798  -0.2768798   2.43770514  5.15539455 -0.2768798
 -0.2768798  -0.2768798  -0.2768798  -0.2768798   4.15492924 -0.2768798
  3.75081828  1.89279598  4.7488614  -0.2768798   3.04993936 -0.2768798
 -0.2768798  -0.2768798  -0.2768798  -0.2768798  -0.2768798  -0.2768798
 -0.2768798  -0.2768798  -0.2768798  -0.2768798  -0.2768798  -0.2768798
 -0.2768798  -0.2768798  -0.2768798  -0.2768798  -0.2768798  -0.2768798
 -0.2768798  -0.2768798  -0.2768798  -0.2768798  -0.2768798  -0.2768798
 -0.2768798  -0.2768798  -0.2768798  -0.2768798  -0.2768798  -0.2768798
 -0.2768798  -0.2768798  -0.2768798  -0.2768798  -0.2768798  -0.2768798
 -0.2768798  -0.2768798  -0.2768798  -0.2768798  -0.2768798  -0.2768798
 -0.2768798   0.32380553 -0.2768798  -0.2768798  -0.2768798  -0.2768798
 -0.2768798  -0.2768798  -0.2768798  -0.2768798  -0.2768798  -0.2768798
  6.10301437 -0.2768798  -0.2768798  -0.2768798  -0.2768798   2.75923947
  1.74071021 -0.2768798   1.01906638 -0.2768798  -0.2768798  -0.2768798
 -0.2768798  -0.2768798  -0.2768798  -0.2768798   3.81534506]",[0.030372583714741247]
8,"[-0.32522638 -0.32522638 -0.32522638 -0.32522638 -0.32522638 -0.32522638
 -0.32522638 -0.32522638 -0.32522638 -0.32522638 -0.32522638 -0.32522638
 -0.32522638 -0.32522638 -0.32522638 -0.32522638 -0.32522638 -0.32522638
 -0.32522638 -0.32522638 -0.32522638 -0.32522638 -0.32522638  1.95896269
 -0.32522638 -0.32522638 -0.32522638 -0.32522638  0.06773293 -0.32522638
 -0.32522638 -0.32522638 -0.32522638 -0.32522638 -0.32522638 -0.32522638
 -0.32522638 -0.32522638 -0.32522638 -0.32522638  5.33499831  0.97599806
 -0.32522638 -0.32522638 -0.32522638 -0.32522638 -0.32522638 -0.32522638
 -0.32522638 -0.32522638 -0.32522638 -0.32522638 -0.32522638 -0.32522638
 -0.32522638 -0.32522638 -0.32522638 -0.32522638 -0.32522638 -0.32522638
 -0.32522638 -0.32522638 -0.32522638  1.5802076  -0.32522638 -0.32522638
 -0.32522638 -0.32522638 -0.32522638 -0.32522638 -0.32522638 -0.32522638
 -0.32522638 -0.32522638 -0.32522638 -0.32522638 -0.32522638 -0.32522638
 -0.32522638 -0.32522638 -0.32522638 -0.32522638 -0.32522638 -0.32522638
 -0.32522638 -0.32522638  0.49426734 -0.32522638  2.35257146  0.59965563
 -0.32522638  4.45846716 -0.32522638 -0.32522638  3.02108121 -0.32522638
 -0.32522638 -0.32522638 -0.32522638 -0.32522638  2.70180577 -0.32522638
  3.3718046   1.6959643   3.14169264 -0.32522638  3.0379457  -0.32522638
 -0.32522638 -0.32522638 -0.32522638 -0.32522638 -0.32522638 -0.32522638
 -0.32522638 -0.32522638 -0.32522638 -0.32522638  0.54057278 -0.32522638
 -0.32522638  0.59317781 -0.32522638 -0.32522638 -0.32522638 -0.32522638
 -0.32522638 -0.32522638 -0.32522638 -0.32522638 -0.32522638  0.37668676
 -0.32522638  5.2253579  -0.32522638 -0.32522638 -0.32522638 -0.32522638
 -0.32522638 -0.32522638 -0.32522638 -0.32522638 -0.32522638 -0.32522638
 -0.32522638 -0.32522638 -0.32522638 -0.32522638 -0.32522638 -0.32522638
 -0.32522638 -0.32522638 -0.32522638 -0.32522638 -0.32522638 -0.32522638
 -0.32522638 -0.32522638 -0.32522638 -0.32522638 -0.32522638 -0.32522638
  3.83712583 -0.32522638 -0.32522638 -0.32522638 -0.32522638  2.11999167
  0.26522378  1.05520022  1.60359636 -0.32522638 -0.32522638 -0.32522638
 -0.32522638 -0.32522638 -0.32522638 -0.32522638 -0.32522638]",[-0.022406450688077506]
8,"[-0.24410513 -0.24410513 -0.24410513 -0.24410513 -0.24410513 -0.24410513
 -0.24410513 -0.24410513 -0.24410513 -0.24410513 -0.24410513 -0.24410513
 -0.24410513 -0.24410513 -0.24410513 -0.24410513 -0.24410513 -0.24410513
 -0.24410513 -0.24410513 -0.24410513 -0.24410513 -0.24410513 -0.24410513
 -0.24410513 -0.24410513 -0.24410513 -0.24410513 -0.24410513 -0.24410513
 -0.24410513 -0.24410513 -0.24410513 -0.24410513 -0.24410513 -0.24410513
 -0.24410513 -0.24410513 -0.24410513 -0.24410513  6.81497576  3.77225671
 -0.24410513 -0.24410513 -0.24410513 -0.24410513 -0.24410513 -0.24410513
 -0.24410513 -0.24410513 -0.24410513 -0.24410513 -0.24410513  5.2341425
 -0.24410513 -0.24410513 -0.24410513 -0.24410513 -0.24410513 -0.24410513
 -0.24410513 -0.24410513 -0.24410513 -0.24410513 -0.24410513 -0.24410513
 -0.24410513 -0.24410513 -0.24410513 -0.24410513 -0.24410513 -0.24410513
 -0.24410513 -0.24410513 -0.24410513 -0.24410513 -0.24410513 -0.24410513
 -0.24410513 -0.24410513 -0.24410513 -0.24410513 -0.24410513 -0.24410513
 -0.24410513 -0.24410513 -0.24410513 -0.24410513 -0.24410513 -0.24410513
 -0.24410513  1.45633168 -0.24410513 -0.24410513  3.21404489 -0.24410513
 -0.24410513 -0.24410513 -0.24410513 -0.24410513  2.80945807 -0.24410513
  3.67870743  1.52273109  3.55648877 -0.24410513  3.92013444 -0.24410513
 -0.24410513 -0.24410513 -0.24410513 -0.24410513 -0.24410513 -0.24410513
 -0.24410513 -0.24410513 -0.24410513 -0.24410513 -0.24410513 -0.24410513
 -0.24410513 -0.24410513 -0.24410513 -0.24410513 -0.24410513 -0.24410513
 -0.24410513 -0.24410513 -0.24410513 -0.24410513 -0.24410513 -0.24410513
 -0.24410513 -0.24410513 -0.24410513 -0.24410513 -0.24410513 -0.24410513
 -0.24410513 -0.24410513 -0.24410513 -0.24410513 -0.24410513 -0.24410513
 -0.24410513 -0.24410513 -0.24410513 -0.24410513 -0.24410513 -0.24410513
 -0.24410513 -0.24410513 -0.24410513 -0.24410513 -0.24410513 -0.24410513
 -0.24410513 -0.24410513 -0.24410513 -0.24410513 -0.24410513 -0.24410513
  4.0230022  -0.24410513 -0.24410513 -0.24410513 -0.24410513 -0.24410513
 -0.24410513 -0.24410513 -0.24410513 -0.24410513 -0.24410513 -0.24410513
 -0.24410513 -0.24410513 -0.24410513 -0.24410513  0.76328399]",[-0.0865386027454034]
8,"[-0.26892465 -0.26892465 -0.26892465 -0.26892465 -0.26892465 -0.26892465
 -0.26892465 -0.26892465 -0.26892465 -0.26892465 -0.26892465 -0.26892465
 -0.26892465 -0.26892465 -0.26892465 -0.26892465 -0.26892465 -0.26892465
 -0.26892465 -0.26892465  0.48992213 -0.26892465 -0.26892465 -0.26892465
 -0.26892465 -0.26892465 -0.26892465 -0.26892465  1.28904618 -0.26892465
 -0.26892465 -0.26892465 -0.26892465 -0.26892465 -0.26892465 -0.26892465
 -0.26892465 -0.26892465 -0.26892465 -0.26892465  7.08578166  0.42859833
 -0.26892465 -0.26892465 -0.26892465 -0.26892465 -0.26892465 -0.26892465
 -0.26892465 -0.26892465 -0.26892465 -0.26892465 -0.26892465  4.83255878
 -0.26892465 -0.26892465 -0.26892465 -0.26892465 -0.26892465 -0.26892465
 -0.26892465 -0.26892465 -0.26892465 -0.26892465 -0.26892465 -0.26892465
 -0.26892465 -0.26892465 -0.26892465 -0.26892465 -0.26892465 -0.26892465
 -0.26892465 -0.26892465 -0.26892465 -0.26892465 -0.26892465 -0.26892465
 -0.26892465 -0.26892465 -0.26892465 -0.26892465 -0.26892465 -0.26892465
 -0.26892465 -0.26892465 -0.26892465 -0.26892465  1.19691989 -0.26892465
 -0.26892465  0.57460166 -0.26892465 -0.26892465  2.51204594 -0.26892465
 -0.26892465 -0.26892465 -0.26892465 -0.26892465  2.59603016 -0.26892465
  3.24770242  0.16056787  2.81022041 -0.26892465  3.95786197 -0.26892465
 -0.26892465 -0.26892465 -0.26892465 -0.26892465 -0.26892465 -0.26892465
 -0.26892465 -0.26892465 -0.26892465 -0.26892465 -0.26892465 -0.26892465
 -0.26892465  2.02977677 -0.26892465 -0.26892465 -0.26892465 -0.26892465
 -0.26892465 -0.26892465 -0.26892465 -0.26892465 -0.26892465  1.68310853
 -0.26892465 -0.26892465 -0.26892465 -0.26892465 -0.26892465 -0.26892465
 -0.26892465 -0.26892465 -0.26892465 -0.26892465 -0.26892465 -0.26892465
 -0.26892465 -0.26892465 -0.26892465 -0.26892465 -0.26892465 -0.26892465
 -0.26892465  0.70322681 -0.26892465 -0.26892465 -0.26892465 -0.26892465
 -0.26892465 -0.26892465 -0.26892465 -0.26892465 -0.26892465 -0.26892465
  5.83602188 -0.26892465 -0.26892465 -0.26892465 -0.26892465 -0.26892465
  0.96531313 -0.26892465  0.62863925 -0.26892465 -0.26892465 -0.26892465
 -0.26892465 -0.26892465 -0.26892465 -0.26892465 -0.26892465]",[-0.09039454524585744]
9,"[-0.26308538 -0.26308538 -0.26308538 -0.26308538 -0.26308538 -0.26308538
 -0.26308538 -0.26308538 -0.26308538 -0.26308538 -0.26308538 -0.26308538
 -0.26308538 -0.26308538 -0.26308538 -0.26308538  0.25803249 -0.26308538
 -0.26308538 -0.26308538 -0.26308538 -0.26308538 -0.26308538 -0.26308538
 -0.26308538 -0.26308538 -0.26308538 -0.26308538  0.4796755  -0.26308538
 -0.26308538 -0.26308538 -0.26308538 -0.26308538 -0.26308538 -0.26308538
 -0.26308538 -0.26308538 -0.26308538 -0.26308538  6.41323312  0.475719
 -0.26308538 -0.26308538 -0.26308538 -0.26308538 -0.26308538 -0.26308538
 -0.26308538 -0.26308538 -0.26308538 -0.26308538 -0.26308538 -0.26308538
 -0.26308538  0.88795109 -0.26308538 -0.26308538 -0.26308538 -0.26308538
 -0.26308538 -0.26308538 -0.26308538 -0.26308538 -0.26308538 -0.26308538
 -0.26308538 -0.26308538 -0.26308538 -0.26308538 -0.26308538 -0.26308538
 -0.26308538 -0.26308538 -0.26308538 -0.26308538 -0.26308538 -0.26308538
 -0.26308538 -0.26308538 -0.26308538 -0.26308538 -0.26308538 -0.26308538
 -0.26308538 -0.26308538 -0.26308538 -0.26308538  3.67185537  0.10646151
 -0.26308538  1.80979944 -0.26308538  3.46274551  4.49963363  0.12325696
 -0.26308538 -0.26308538 -0.26308538 -0.26308538  1.36008092 -0.26308538
  3.58791301  0.12879229 -0.26308538 -0.26308538  4.08886467 -0.26308538
 -0.26308538 -0.26308538 -0.26308538 -0.26308538 -0.26308538 -0.26308538
 -0.26308538 -0.26308538 -0.26308538 -0.26308538 -0.26308538 -0.26308538
 -0.26308538 -0.26308538 -0.26308538 -0.26308538 -0.26308538 -0.26308538
 -0.26308538 -0.26308538 -0.26308538 -0.26308538 -0.26308538 -0.26308538
 -0.26308538 -0.26308538 -0.26308538 -0.26308538 -0.26308538 -0.26308538
 -0.26308538  3.57412122 -0.26308538 -0.26308538 -0.26308538 -0.26308538
 -0.26308538 -0.26308538 -0.26308538 -0.26308538 -0.26308538 -0.26308538
 -0.26308538 -0.26308538 -0.26308538 -0.26308538 -0.26308538 -0.26308538
 -0.26308538 -0.26308538 -0.26308538 -0.26308538 -0.26308538 -0.26308538
  5.22576545 -0.26308538 -0.26308538 -0.26308538 -0.26308538  2.20284479
 -0.26308538 -0.26308538 -0.26308538 -0.26308538 -0.26308538 -0.26308538
 -0.26308538 -0.26308538 -0.26308538 -0.26308538 -0.26308538]",[0.006351529122400168]
9,"[-0.24133641 -0.24133641 -0.24133641  0.4957617  -0.24133641 -0.24133641
 -0.24133641 -0.24133641 -0.24133641 -0.24133641 -0.24133641 -0.24133641
 -0.24133641 -0.24133641 -0.24133641 -0.24133641 -0.24133641 -0.24133641
 -0.24133641 -0.24133641 -0.24133641 -0.24133641 -0.24133641 -0.24133641
 -0.24133641 -0.24133641 -0.24133641 -0.24133641  0.07739566 -0.24133641
 -0.24133641 -0.24133641 -0.24133641 -0.24133641 -0.24133641 -0.24133641
 -0.24133641 -0.24133641 -0.24133641 -0.24133641  6.02301768  0.07527164
 -0.24133641 -0.24133641 -0.24133641 -0.24133641 -0.24133641 -0.24133641
 -0.24133641 -0.24133641 -0.24133641 -0.24133641 -0.24133641  0.70982033
 -0.24133641 -0.24133641  4.55933315 -0.24133641 -0.24133641 -0.24133641
 -0.24133641 -0.24133641 -0.24133641 -0.24133641 -0.24133641 -0.24133641
 -0.24133641 -0.24133641 -0.24133641 -0.24133641 -0.24133641 -0.24133641
 -0.24133641 -0.24133641 -0.24133641 -0.24133641 -0.24133641 -0.24133641
 -0.24133641 -0.24133641 -0.24133641 -0.24133641 -0.24133641 -0.24133641
 -0.24133641 -0.24133641 -0.24133641 -0.24133641  1.48927482 -0.24133641
 -0.24133641  1.17269712 -0.24133641 -0.15855771  3.84903405 -0.24133641
 -0.24133641 -0.24133641 -0.24133641 -0.24133641  3.37596953 -0.24133641
  3.42037404 -0.20795122  4.6210256  -0.24133641  4.47782226 -0.24133641
 -0.24133641 -0.24133641 -0.24133641 -0.24133641 -0.24133641 -0.24133641
 -0.24133641 -0.24133641 -0.24133641 -0.24133641 -0.24133641 -0.24133641
 -0.24133641 -0.24133641 -0.24133641 -0.24133641 -0.24133641 -0.24133641
 -0.24133641 -0.24133641 -0.24133641 -0.24133641 -0.24133641 -0.24133641
 -0.24133641 -0.24133641 -0.24133641 -0.24133641 -0.24133641 -0.24133641
 -0.24133641 -0.24133641 -0.24133641 -0.24133641 -0.24133641 -0.24133641
 -0.24133641 -0.24133641 -0.24133641 -0.24133641 -0.24133641 -0.24133641
 -0.24133641 -0.24133641 -0.24133641 -0.24133641 -0.24133641 -0.24133641
 -0.24133641 -0.24133641 -0.24133641 -0.24133641 -0.24133641 -0.24133641
  5.35754633 -0.24133641 -0.24133641 -0.24133641 -0.24133641 -0.24133641
 -0.24133641 -0.24133641 -0.24133641 -0.24133641 -0.24133641 -0.24133641
 -0.24133641 -0.24133641 -0.24133641 -0.24133641 -0.24133641]",[-0.03002230355813501]
9,"[-0.23645837 -0.23645837 -0.23645837 -0.23645837 -0.23645837 -0.23645837
 -0.23645837 -0.23645837 -0.23645837 -0.23645837 -0.23645837 -0.23645837
 -0.23645837 -0.23645837 -0.23645837 -0.23645837  1.29841076 -0.23645837
 -0.23645837 -0.23645837 -0.23645837 -0.23645837 -0.23645837 -0.23645837
 -0.23645837 -0.23645837 -0.23645837 -0.23645837 -0.23645837 -0.23645837
 -0.23645837 -0.23645837 -0.23645837 -0.23645837 -0.23645837 -0.23645837
 -0.23645837 -0.23645837 -0.23645837 -0.23645837  3.5427572   0.66645589
 -0.23645837 -0.23645837 -0.23645837 -0.23645837 -0.23645837 -0.23645837
 -0.23645837 -0.23645837 -0.23645837 -0.23645837 -0.23645837  0.50992255
 -0.23645837 -0.23645837 -0.23645837 -0.23645837 -0.23645837 -0.23645837
 -0.23645837 -0.23645837 -0.23645837 -0.23645837 -0.23645837 -0.23645837
 -0.23645837 -0.23645837 -0.23645837 -0.23645837 -0.23645837 -0.23645837
 -0.23645837 -0.23645837 -0.23645837 -0.23645837 -0.23645837 -0.23645837
 -0.23645837 -0.23645837 -0.23645837 -0.23645837 -0.23645837 -0.23645837
 -0.23645837 -0.23645837 -0.23645837 -0.23645837  0.90089009  0.06452578
 -0.23645837  1.30212945 -0.23645837  3.41393855  6.50978378 -0.23645837
 -0.23645837 -0.23645837 -0.23645837 -0.23645837  3.54858155 -0.23645837
  3.93402977 -0.21019735  3.05977958 -0.23645837  3.06237127 -0.23645837
 -0.23645837 -0.23645837 -0.23645837 -0.23645837 -0.23645837 -0.23645837
 -0.23645837 -0.23645837 -0.23645837 -0.23645837 -0.23645837 -0.23645837
 -0.23645837 -0.23645837 -0.23645837 -0.23645837 -0.23645837 -0.23645837
 -0.23645837 -0.23645837 -0.23645837 -0.23645837 -0.23645837 -0.23645837
 -0.23645837 -0.23645837 -0.23645837 -0.23645837 -0.23645837 -0.23645837
 -0.23645837 -0.23645837 -0.23645837 -0.23645837 -0.23645837 -0.23645837
 -0.23645837 -0.23645837 -0.23645837 -0.23645837 -0.23645837 -0.23645837
 -0.23645837 -0.23645837 -0.23645837 -0.23645837 -0.23645837 -0.23645837
 -0.23645837 -0.23645837 -0.23645837 -0.23645837 -0.23645837 -0.23645837
  7.17579366 -0.23645837 -0.23645837 -0.23645837 -0.23645837 -0.23645837
 -0.23645837 -0.23645837 -0.23645837 -0.23645837 -0.23645837 -0.23645837
 -0.23645837 -0.23645837 -0.23645837 -0.23645837 -0.23645837]",[0.016727875354356186]
9,"[-0.29448409 -0.29448409 -0.29448409 -0.29448409 -0.29448409 -0.29448409
 -0.29448409 -0.29448409 -0.29448409 -0.29448409 -0.29448409 -0.29448409
 -0.29448409 -0.29448409 -0.29448409 -0.29448409 -0.29448409 -0.29448409
 -0.29448409 -0.29448409 -0.29448409 -0.29448409 -0.29448409 -0.29448409
 -0.29448409 -0.29448409 -0.29448409 -0.29448409 -0.29448409 -0.29448409
 -0.29448409 -0.29448409 -0.29448409 -0.29448409 -0.29448409 -0.29448409
 -0.29448409 -0.29448409 -0.29448409 -0.29448409  5.75101226  0.47564707
 -0.29448409 -0.29448409 -0.29448409 -0.29448409 -0.29448409 -0.29448409
 -0.29448409 -0.29448409 -0.29448409 -0.29448409 -0.29448409  4.62870606
  0.39180276 -0.29448409  3.84865099 -0.29448409 -0.29448409 -0.29448409
 -0.29448409 -0.29448409 -0.29448409 -0.29448409 -0.29448409 -0.29448409
 -0.29448409 -0.29448409 -0.29448409 -0.29448409 -0.29448409 -0.29448409
 -0.29448409 -0.29448409 -0.29448409 -0.29448409 -0.29448409 -0.29448409
 -0.29448409 -0.29448409 -0.29448409 -0.29448409 -0.29448409 -0.29448409
 -0.29448409 -0.29448409 -0.29448409 -0.29448409 -0.29448409 -0.29448409
 -0.29448409  2.26485592 -0.29448409  1.53143281  1.5235685  -0.29448409
 -0.29448409 -0.29448409 -0.29448409 -0.29448409  2.4224293  -0.29448409
  2.97827905  2.32532439  2.84307874 -0.29448409  3.26983874 -0.29448409
 -0.29448409 -0.29448409 -0.29448409 -0.29448409 -0.29448409 -0.29448409
 -0.29448409 -0.29448409 -0.29448409 -0.29448409 -0.29448409 -0.29448409
 -0.29448409 -0.29448409 -0.29448409 -0.29448409 -0.29448409 -0.29448409
 -0.29448409 -0.29448409 -0.29448409 -0.29448409 -0.29448409 -0.29448409
 -0.29448409 -0.29448409 -0.29448409 -0.29448409 -0.29448409 -0.29448409
 -0.29448409  4.44677772 -0.29448409 -0.29448409 -0.29448409 -0.29448409
 -0.29448409 -0.29448409 -0.29448409 -0.29448409  2.90602888 -0.29448409
 -0.29448409 -0.29448409 -0.29448409 -0.29448409 -0.29448409 -0.29448409
 -0.29448409 -0.29448409 -0.29448409 -0.29448409 -0.29448409 -0.29448409
  1.20198856 -0.29448409 -0.29448409 -0.29448409 -0.29448409  0.51585752
 -0.29448409 -0.29448409 -0.29448409 -0.29448409 -0.29448409 -0.29448409
 -0.29448409 -0.29448409 -0.29448409 -0.29448409  4.08665949]",[0.002962717282298133]
9,"[-0.23909666 -0.23909666 -0.23909666 -0.23909666 -0.23909666 -0.23909666
 -0.23909666 -0.23909666 -0.23909666 -0.23909666 -0.23909666 -0.23909666
 -0.23909666 -0.23909666 -0.23909666 -0.23909666 -0.23909666 -0.23909666
 -0.23909666 -0.23909666 -0.23909666 -0.23909666 -0.23909666 -0.23909666
 -0.23909666 -0.23909666 -0.23909666 -0.23909666  0.61371598 -0.23909666
 -0.23909666 -0.23909666 -0.23909666 -0.23909666 -0.23909666 -0.23909666
 -0.23909666 -0.23909666 -0.23909666 -0.23909666  8.2588359  -0.23909666
 -0.23909666 -0.23909666 -0.23909666 -0.23909666 -0.23909666 -0.23909666
 -0.23909666 -0.23909666 -0.23909666 -0.23909666 -0.23909666  0.44481962
 -0.23909666 -0.23909666 -0.23909666 -0.23909666 -0.23909666 -0.23909666
 -0.23909666 -0.23909666 -0.23909666 -0.23909666 -0.23909666 -0.23909666
 -0.23909666 -0.23909666 -0.23909666 -0.23909666 -0.23909666 -0.23909666
 -0.23909666 -0.23909666 -0.23909666 -0.23909666 -0.23909666  2.02917343
 -0.23909666 -0.23909666 -0.23909666 -0.23909666 -0.23909666 -0.23909666
 -0.23909666 -0.23909666 -0.23909666  1.62218644  3.11125192  1.8313847
 -0.23909666  3.97635251 -0.23909666 -0.08160059  3.14427414 -0.23909666
 -0.23909666 -0.23909666 -0.23909666 -0.23909666 -0.23909666 -0.23909666
  1.32601974 -0.23909666  0.04396979 -0.23909666  3.5298134  -0.23909666
 -0.23909666 -0.23909666 -0.23909666 -0.23909666 -0.23909666 -0.23909666
 -0.23909666 -0.23909666 -0.23909666 -0.23909666 -0.23909666 -0.23909666
 -0.23909666 -0.23909666 -0.23909666 -0.23909666 -0.23909666 -0.23909666
 -0.23909666 -0.23909666 -0.23909666 -0.23909666 -0.23909666 -0.23909666
 -0.23909666 -0.23909666 -0.23909666 -0.23909666 -0.23909666 -0.23909666
 -0.23909666 -0.23909666 -0.23909666 -0.23909666 -0.23909666 -0.23909666
 -0.23909666 -0.23909666 -0.23909666 -0.23909666 -0.23909666 -0.23909666
 -0.23909666 -0.23909666 -0.23909666 -0.23909666 -0.23909666 -0.23909666
 -0.23909666 -0.23909666 -0.23909666 -0.23909666 -0.23909666 -0.23909666
  6.03524537 -0.23909666 -0.23909666 -0.23909666 -0.23909666  1.5727357
  1.51457712 -0.23909666 -0.23909666 -0.23909666 -0.23909666 -0.23909666
 -0.23909666 -0.23909666 -0.23909666 -0.23909666 -0.23909666]",[-0.021987745977970624]
9,"[-0.3230967  -0.3230967  -0.3230967  -0.3230967  -0.3230967  -0.3230967
 -0.3230967  -0.3230967  -0.3230967  -0.3230967  -0.3230967  -0.3230967
 -0.3230967  -0.3230967  -0.3230967  -0.3230967   0.14439425 -0.3230967
 -0.3230967  -0.3230967  -0.3230967  -0.3230967  -0.3230967  -0.3230967
 -0.3230967  -0.3230967  -0.3230967  -0.3230967   0.41300577 -0.3230967
 -0.3230967  -0.3230967  -0.3230967  -0.3230967  -0.3230967  -0.3230967
 -0.3230967  -0.3230967  -0.3230967  -0.3230967   5.42789946  2.61713036
 -0.3230967  -0.3230967  -0.3230967  -0.3230967  -0.3230967  -0.3230967
 -0.3230967  -0.3230967  -0.3230967  -0.3230967  -0.3230967   3.97959598
  0.99702918  0.09508602 -0.3230967  -0.3230967  -0.3230967  -0.3230967
 -0.3230967  -0.3230967  -0.3230967  -0.3230967  -0.3230967  -0.3230967
 -0.3230967  -0.3230967  -0.3230967  -0.3230967  -0.3230967  -0.3230967
 -0.2288175  -0.3230967  -0.3230967  -0.3230967  -0.3230967  -0.3230967
 -0.3230967  -0.3230967  -0.3230967  -0.3230967  -0.3230967  -0.3230967
 -0.3230967  -0.3230967  -0.3230967  -0.3230967  -0.3230967   3.33645648
 -0.3230967   2.96161975 -0.3230967  -0.2230673   2.9413013  -0.3230967
 -0.3230967  -0.3230967  -0.3230967  -0.3230967   1.93164718 -0.3230967
  1.85609425  0.91228786  1.44130879  0.36540844  3.57437318  1.56895405
 -0.3230967  -0.3230967  -0.3230967  -0.3230967  -0.3230967  -0.3230967
 -0.3230967  -0.3230967  -0.3230967  -0.3230967  -0.3230967  -0.3230967
 -0.3230967  -0.3230967  -0.3230967  -0.3230967  -0.3230967  -0.3230967
 -0.3230967  -0.3230967  -0.3230967  -0.3230967  -0.3230967  -0.3230967
 -0.3230967  -0.3230967  -0.3230967  -0.3230967  -0.3230967  -0.3230967
 -0.3230967   4.65272146 -0.3230967  -0.3230967  -0.3230967  -0.3230967
 -0.3230967  -0.3230967  -0.3230967  -0.3230967   1.78654499 -0.3230967
 -0.3230967  -0.3230967  -0.3230967  -0.3230967  -0.3230967  -0.3230967
 -0.3230967  -0.3230967  -0.3230967  -0.3230967  -0.3230967  -0.3230967
  3.47932555 -0.3230967  -0.3230967  -0.3230967  -0.3230967   2.78222258
 -0.3230967  -0.3230967  -0.3230967  -0.3230967  -0.3230967  -0.3230967
 -0.3230967  -0.3230967  -0.3230967  -0.3230967   3.26746663]",[-0.014083368576676192]
9,"[-0.23148687 -0.23148687 -0.23148687 -0.1629232  -0.23148687 -0.23148687
 -0.23148687 -0.23148687 -0.23148687 -0.23148687 -0.23148687 -0.23148687
 -0.23148687 -0.23148687 -0.23148687 -0.23148687 -0.23148687 -0.23148687
 -0.23148687 -0.23148687  0.10747455 -0.23148687 -0.23148687 -0.23148687
 -0.23148687 -0.23148687 -0.23148687 -0.23148687 -0.23148687 -0.23148687
 -0.23148687 -0.23148687 -0.23148687 -0.23148687 -0.23148687 -0.23148687
 -0.23148687 -0.23148687 -0.23148687 -0.23148687  7.02113551  0.41321733
 -0.23148687 -0.23148687 -0.23148687 -0.23148687 -0.23148687 -0.23148687
 -0.23148687 -0.23148687 -0.23148687 -0.23148687 -0.23148687  3.87385899
  5.87275333 -0.23148687  0.38203876 -0.23148687 -0.23148687 -0.23148687
 -0.23148687 -0.23148687 -0.23148687 -0.23148687 -0.23148687 -0.23148687
 -0.23148687 -0.23148687 -0.23148687 -0.23148687 -0.23148687 -0.23148687
 -0.23148687 -0.23148687 -0.23148687 -0.23148687 -0.23148687 -0.23148687
 -0.23148687 -0.23148687 -0.23148687 -0.23148687 -0.23148687 -0.23148687
 -0.23148687 -0.23148687 -0.23148687 -0.23148687  1.6089631  -0.23148687
 -0.23148687  2.21294212 -0.23148687 -0.23148687  0.53767687 -0.23148687
 -0.23148687 -0.23148687 -0.23148687 -0.23148687 -0.13694465 -0.23148687
 -0.23148687 -0.23148687  2.80912644 -0.23148687  2.59893208 -0.23148687
 -0.23148687 -0.23148687 -0.23148687 -0.23148687 -0.23148687 -0.23148687
 -0.23148687 -0.23148687 -0.23148687 -0.23148687 -0.23148687 -0.23148687
 -0.23148687 -0.23148687 -0.23148687 -0.23148687 -0.23148687 -0.23148687
 -0.23148687 -0.23148687 -0.23148687 -0.23148687 -0.23148687  0.06567396
 -0.23148687 -0.23148687 -0.23148687 -0.23148687 -0.23148687 -0.23148687
 -0.23148687 -0.23148687 -0.23148687  2.36597338 -0.23148687 -0.23148687
 -0.23148687 -0.23148687 -0.23148687 -0.23148687 -0.23148687 -0.23148687
 -0.23148687 -0.23148687 -0.23148687 -0.23148687 -0.23148687 -0.23148687
 -0.23148687 -0.23148687 -0.23148687 -0.23148687 -0.23148687 -0.23148687
  6.38211719 -0.23148687 -0.23148687 -0.23148687 -0.23148687 -0.23148687
 -0.23148687  1.54885667 -0.23148687 -0.23148687 -0.23148687 -0.23148687
 -0.23148687 -0.23148687 -0.23148687 -0.23148687 -0.23148687]",[-0.06371546451532134]
9,"[-0.26825006 -0.26825006 -0.26825006 -0.26825006 -0.26825006 -0.26825006
 -0.26825006 -0.26825006 -0.26825006 -0.26825006 -0.26825006 -0.26825006
 -0.26825006 -0.26825006 -0.26825006 -0.26825006  0.2916062  -0.26825006
 -0.26825006 -0.26825006 -0.26825006 -0.26825006 -0.26825006 -0.26825006
 -0.26825006 -0.26825006 -0.26825006 -0.26825006 -0.26825006 -0.26825006
 -0.26825006 -0.26825006 -0.26825006 -0.26825006 -0.26825006 -0.26825006
 -0.26825006 -0.26825006 -0.26825006 -0.26825006  6.43078311  0.17239503
 -0.26825006 -0.26825006 -0.26825006 -0.26825006 -0.26825006 -0.26825006
 -0.26825006 -0.26825006 -0.26825006 -0.26825006 -0.26825006 -0.26825006
 -0.26825006  0.17615989 -0.26825006 -0.26825006 -0.26825006 -0.26825006
 -0.26825006 -0.26825006 -0.26825006 -0.26825006 -0.26825006 -0.26825006
 -0.26825006 -0.26825006 -0.26825006 -0.26825006 -0.26825006 -0.26825006
 -0.26825006 -0.26825006 -0.26825006 -0.26825006 -0.26825006 -0.26825006
 -0.26825006 -0.26825006 -0.26825006 -0.26825006 -0.26825006 -0.26825006
 -0.26825006 -0.26825006 -0.26825006 -0.26825006 -0.26825006 -0.26825006
 -0.26825006  2.28496463 -0.26825006  0.70200945  3.14370408 -0.26825006
 -0.26825006 -0.26825006 -0.26825006 -0.26825006  3.06256457 -0.26825006
  3.96240381  3.13191779  2.25982273 -0.26825006  4.30073922  0.17239503
 -0.26825006 -0.26825006 -0.26825006 -0.26825006 -0.26825006 -0.26825006
 -0.26825006 -0.26825006 -0.26825006 -0.26825006 -0.26825006 -0.26825006
 -0.26825006 -0.26825006 -0.26825006 -0.26825006 -0.26825006 -0.26825006
 -0.26825006 -0.26825006 -0.26825006 -0.26825006 -0.26825006 -0.26825006
 -0.26825006 -0.26825006 -0.26825006 -0.26825006 -0.26825006 -0.26825006
 -0.26825006  5.38971295 -0.26825006 -0.26825006 -0.26825006 -0.26825006
 -0.26825006 -0.26825006 -0.26825006 -0.26825006 -0.26825006 -0.26825006
 -0.26825006 -0.26825006 -0.26825006 -0.26825006 -0.26825006 -0.26825006
 -0.26825006 -0.26825006 -0.26825006 -0.26825006 -0.26825006 -0.26825006
  3.39668646 -0.26825006 -0.26825006 -0.26825006 -0.26825006  1.71701958
 -0.26825006 -0.26825006 -0.26825006 -0.26825006 -0.26825006 -0.26825006
 -0.26825006 -0.26825006 -0.26825006 -0.26825006  2.8616258 ]",[0.0035438577721463305]
9,"[-0.28360659 -0.28360659 -0.28360659 -0.28360659 -0.28360659 -0.28360659
 -0.28360659 -0.28360659 -0.28360659 -0.28360659 -0.28360659 -0.28360659
 -0.28360659 -0.28360659 -0.28360659 -0.28360659 -0.28360659 -0.28360659
 -0.28360659 -0.28360659 -0.28360659 -0.28360659 -0.28360659 -0.28360659
 -0.28360659 -0.28360659 -0.28360659 -0.28360659 -0.28360659 -0.28360659
 -0.28360659 -0.28360659 -0.28360659 -0.28360659 -0.28360659 -0.28360659
 -0.28360659 -0.28360659 -0.28360659 -0.28360659  5.62422637  0.39017602
 -0.28360659 -0.28360659 -0.28360659 -0.28360659 -0.28360659 -0.28360659
 -0.28360659 -0.28360659 -0.28360659 -0.28360659 -0.28360659  2.04687996
  0.87879264 -0.28360659 -0.28360659 -0.28360659 -0.28360659 -0.28360659
 -0.28360659 -0.28360659 -0.28360659 -0.28360659 -0.28360659 -0.28360659
 -0.28360659 -0.28360659 -0.28360659 -0.28360659 -0.28360659 -0.28360659
 -0.28360659 -0.28360659 -0.28360659 -0.28360659 -0.28360659 -0.28360659
 -0.28360659 -0.28360659 -0.28360659 -0.28360659 -0.28360659 -0.28360659
 -0.28360659 -0.28360659 -0.28360659 -0.28360659  1.22005825 -0.28360659
 -0.28360659  2.07158869 -0.28360659 -0.28360659  4.64073601 -0.28360659
 -0.28360659 -0.28360659 -0.28360659 -0.28360659  4.51002346 -0.28360659
  1.82386635  1.90071813  4.32964377 -0.28360659  2.53274606  1.29242541
 -0.28360659 -0.28360659 -0.28360659 -0.28360659 -0.28360659 -0.28360659
 -0.28360659 -0.28360659 -0.28360659 -0.28360659 -0.28360659 -0.28360659
 -0.28360659 -0.28360659 -0.28360659 -0.28360659 -0.28360659 -0.28360659
 -0.28360659 -0.28360659 -0.28360659 -0.28360659 -0.28360659 -0.28360659
 -0.28360659 -0.28360659 -0.28360659 -0.28360659 -0.28360659 -0.28360659
 -0.28360659  5.05834349 -0.28360659 -0.28360659 -0.28360659 -0.28360659
 -0.28360659 -0.28360659 -0.28360659 -0.28360659 -0.28360659 -0.28360659
 -0.28360659  0.54736291 -0.28360659 -0.28360659 -0.28360659 -0.28360659
 -0.28360659 -0.28360659 -0.28360659 -0.28360659 -0.28360659 -0.28360659
  3.49858939 -0.28360659 -0.28360659 -0.28360659 -0.28360659  3.11758792
 -0.28360659  0.17689545 -0.28360659 -0.28360659 -0.28360659 -0.28360659
 -0.28360659 -0.28360659 -0.28360659 -0.28360659 -0.28360659]",[-0.015186474157819263]
9,"[-0.25942213 -0.25942213 -0.25942213 -0.25942213 -0.25942213 -0.25942213
 -0.25942213 -0.25942213 -0.25942213 -0.25942213 -0.25942213 -0.25942213
 -0.25942213 -0.25942213 -0.25942213 -0.25942213  1.19714675 -0.25942213
 -0.25942213 -0.25942213 -0.25942213 -0.25942213 -0.25942213 -0.25942213
 -0.25942213 -0.25942213 -0.25942213 -0.25942213  1.32013697 -0.25942213
 -0.25942213 -0.25942213 -0.25942213 -0.25942213 -0.25942213 -0.25942213
 -0.25942213 -0.25942213 -0.25942213 -0.25942213  6.10296321 -0.02558052
 -0.25942213 -0.25942213 -0.25942213 -0.25942213 -0.25942213 -0.25942213
 -0.25942213 -0.25942213 -0.25942213 -0.25942213 -0.25942213 -0.25942213
 -0.25942213 -0.25942213 -0.25942213 -0.25942213 -0.25942213 -0.25942213
 -0.25942213 -0.25942213 -0.25942213 -0.25942213 -0.25942213 -0.25942213
 -0.25942213 -0.25942213 -0.25942213 -0.25942213 -0.25942213 -0.25942213
 -0.25942213 -0.25942213 -0.25942213 -0.25942213 -0.25942213 -0.25942213
 -0.25942213 -0.25942213 -0.25942213 -0.25942213 -0.25942213 -0.25942213
 -0.25942213 -0.25942213 -0.25942213 -0.25942213 -0.25942213 -0.25942213
  1.11411853  4.57757106 -0.25942213 -0.25942213  4.774461   -0.06850918
 -0.25942213 -0.25942213 -0.25942213 -0.25942213  0.85129063 -0.25942213
  1.62013975 -0.25942213  2.66147313 -0.25942213  4.35575575 -0.25942213
 -0.25942213 -0.25942213 -0.25942213 -0.25942213 -0.25942213 -0.25942213
 -0.25942213 -0.25942213 -0.25942213 -0.25942213 -0.25942213 -0.25942213
 -0.25942213 -0.25942213 -0.25942213 -0.25942213 -0.25942213 -0.25942213
 -0.25942213 -0.25942213 -0.25942213 -0.25942213 -0.25942213 -0.25942213
 -0.25942213 -0.25942213 -0.25942213 -0.25942213 -0.25942213 -0.25942213
 -0.25942213  0.62384836 -0.25942213 -0.25942213  1.74615029 -0.25942213
 -0.25942213 -0.25942213 -0.25942213 -0.25942213 -0.25942213 -0.25942213
 -0.25942213  1.42824072 -0.25942213 -0.25942213 -0.25942213 -0.25942213
 -0.25942213 -0.25942213 -0.25942213 -0.25942213 -0.25942213 -0.25942213
  4.49171027 -0.25942213 -0.25942213 -0.25942213 -0.25942213  5.25546811
 -0.25942213 -0.25942213 -0.25942213 -0.25942213 -0.25942213 -0.25942213
 -0.25942213 -0.25942213 -0.25942213 -0.25942213 -0.25942213]",[-0.013201492845001106]
9,"[-0.21017273 -0.21017273 -0.21017273 -0.21017273 -0.21017273 -0.21017273
 -0.21017273 -0.21017273 -0.21017273 -0.21017273 -0.21017273 -0.21017273
 -0.21017273 -0.21017273 -0.21017273 -0.21017273  1.23488424 -0.21017273
 -0.21017273 -0.21017273 -0.21017273 -0.21017273 -0.21017273 -0.21017273
 -0.21017273 -0.21017273 -0.21017273 -0.21017273  3.39218356 -0.21017273
 -0.21017273 -0.21017273 -0.21017273 -0.21017273 -0.21017273 -0.21017273
 -0.21017273 -0.21017273 -0.21017273 -0.21017273  8.46838337 -0.21017273
 -0.21017273 -0.21017273 -0.21017273 -0.21017273 -0.21017273 -0.21017273
 -0.21017273 -0.21017273 -0.21017273 -0.21017273 -0.21017273  4.30672096
 -0.21017273 -0.21017273 -0.21017273 -0.21017273 -0.21017273 -0.21017273
 -0.21017273 -0.21017273 -0.21017273 -0.21017273 -0.21017273 -0.21017273
 -0.21017273 -0.21017273 -0.21017273 -0.21017273 -0.21017273 -0.21017273
 -0.21017273 -0.21017273 -0.21017273 -0.21017273 -0.21017273 -0.21017273
 -0.21017273 -0.21017273 -0.21017273 -0.21017273 -0.21017273 -0.21017273
 -0.21017273 -0.21017273 -0.21017273 -0.21017273  2.03111835 -0.21017273
 -0.21017273  3.55752189 -0.21017273 -0.21017273  0.69848553 -0.21017273
 -0.21017273 -0.21017273 -0.21017273 -0.21017273  1.14843055 -0.21017273
 -0.21017273 -0.21017273 -0.21017273 -0.21017273  1.08118914 -0.21017273
 -0.21017273 -0.21017273 -0.21017273 -0.21017273 -0.21017273 -0.21017273
 -0.21017273 -0.21017273 -0.21017273 -0.21017273 -0.21017273 -0.21017273
 -0.21017273 -0.21017273 -0.21017273 -0.21017273 -0.21017273 -0.21017273
 -0.21017273 -0.21017273 -0.21017273 -0.21017273 -0.21017273 -0.21017273
 -0.21017273 -0.21017273 -0.21017273 -0.21017273 -0.21017273 -0.21017273
 -0.21017273 -0.21017273 -0.21017273 -0.21017273 -0.21017273 -0.21017273
 -0.21017273 -0.21017273 -0.21017273 -0.21017273 -0.21017273 -0.21017273
 -0.21017273 -0.21017273 -0.21017273 -0.21017273 -0.21017273 -0.21017273
 -0.21017273 -0.21017273 -0.21017273 -0.21017273 -0.21017273 -0.21017273
  6.65866737 -0.21017273 -0.21017273 -0.21017273 -0.21017273  1.98746953
 -0.21017273  0.53379212 -0.21017273 -0.21017273 -0.21017273 -0.21017273
 -0.21017273 -0.21017273 -0.21017273 -0.21017273 -0.21017273]",[-0.01783976295264511]
9,"[-0.28510147 -0.28510147 -0.28510147 -0.28510147 -0.28510147 -0.28510147
 -0.28510147 -0.28510147 -0.28510147 -0.28510147 -0.28510147 -0.28510147
 -0.28510147 -0.28510147 -0.28510147 -0.28510147 -0.28510147 -0.28510147
 -0.28510147 -0.28510147 -0.28510147 -0.28510147 -0.28510147 -0.28510147
 -0.28510147 -0.28510147 -0.28510147 -0.28510147 -0.28510147 -0.28510147
 -0.28510147 -0.28510147 -0.28510147 -0.28510147 -0.28510147 -0.28510147
 -0.28510147 -0.28510147 -0.28510147 -0.28510147  6.15572735  1.50428147
 -0.28510147 -0.28510147 -0.28510147 -0.28510147 -0.28510147 -0.28510147
 -0.28510147 -0.28510147 -0.28510147 -0.28510147 -0.28510147  5.52422214
  2.12677389 -0.28510147  1.77115613 -0.28510147 -0.28510147 -0.28510147
 -0.28510147 -0.28510147 -0.28510147 -0.28510147 -0.28510147 -0.28510147
 -0.28510147 -0.28510147 -0.28510147 -0.28510147 -0.28510147 -0.28510147
 -0.28510147 -0.28510147 -0.28510147 -0.28510147 -0.28510147 -0.28510147
 -0.28510147 -0.28510147 -0.28510147 -0.28510147 -0.28510147 -0.28510147
 -0.28510147 -0.28510147 -0.28510147 -0.28510147  1.30967178  1.5888313
  1.61651423 -0.28510147 -0.28510147 -0.28510147  2.06706286 -0.28510147
 -0.28510147 -0.28510147  2.12931242 -0.28510147  1.58978446 -0.28510147
  0.75080226 -0.18004926  2.7902587   3.50285919  2.50032825 -0.28510147
 -0.28510147 -0.28510147 -0.28510147 -0.28510147 -0.28510147 -0.28510147
 -0.28510147 -0.28510147 -0.28510147 -0.28510147 -0.28510147 -0.28510147
 -0.28510147 -0.28510147 -0.28510147 -0.28510147 -0.28510147 -0.28510147
 -0.28510147 -0.28510147 -0.28510147 -0.28510147 -0.28510147 -0.28510147
 -0.28510147 -0.28510147 -0.28510147 -0.28510147 -0.28510147 -0.28510147
 -0.28510147 -0.28510147 -0.28510147 -0.28510147 -0.28510147 -0.28510147
 -0.28510147 -0.28510147 -0.28510147 -0.28510147 -0.28510147 -0.28510147
 -0.28510147 -0.28510147 -0.28510147 -0.28510147 -0.28510147 -0.28510147
 -0.28510147 -0.28510147 -0.28510147 -0.28510147 -0.28510147 -0.28510147
  4.03183104 -0.28510147 -0.28510147 -0.28510147 -0.28510147 -0.28510147
 -0.28510147 -0.28510147 -0.28510147 -0.28510147 -0.28510147 -0.28510147
 -0.28510147 -0.28510147 -0.28510147 -0.28510147  5.12196829]",[-0.005261196077222974]
9,"[-3.06273495e-01 -3.06273495e-01 -3.06273495e-01 -3.06273495e-01
 -3.06273495e-01 -3.06273495e-01 -3.06273495e-01 -3.06273495e-01
 -3.06273495e-01 -3.06273495e-01 -3.06273495e-01 -3.06273495e-01
 -3.06273495e-01 -3.06273495e-01 -3.06273495e-01 -3.06273495e-01
 -3.06273495e-01 -3.06273495e-01 -3.06273495e-01 -3.06273495e-01
 -3.06273495e-01 -3.06273495e-01 -3.06273495e-01 -3.06273495e-01
 -3.06273495e-01 -3.06273495e-01 -3.06273495e-01 -3.06273495e-01
 -5.04310037e-03 -3.06273495e-01 -3.06273495e-01 -3.06273495e-01
 -3.06273495e-01 -3.06273495e-01 -3.06273495e-01 -3.06273495e-01
 -3.06273495e-01 -3.06273495e-01 -3.06273495e-01 -3.06273495e-01
  4.79664043e+00  2.41071604e+00 -3.06273495e-01 -3.06273495e-01
 -3.06273495e-01 -3.06273495e-01 -3.06273495e-01 -3.06273495e-01
 -3.06273495e-01 -3.06273495e-01 -2.57291405e-02 -3.06273495e-01
 -3.06273495e-01  5.23912156e+00  2.54803117e+00 -3.06273495e-01
  3.37155326e+00 -3.06273495e-01 -3.06273495e-01 -3.06273495e-01
 -3.06273495e-01 -3.06273495e-01 -3.06273495e-01 -3.06273495e-01
 -3.06273495e-01 -3.06273495e-01 -3.06273495e-01 -3.06273495e-01
 -3.06273495e-01 -3.06273495e-01 -3.06273495e-01 -3.06273495e-01
 -3.06273495e-01 -3.06273495e-01 -3.06273495e-01 -3.06273495e-01
 -3.06273495e-01 -3.06273495e-01 -3.06273495e-01 -3.06273495e-01
 -3.06273495e-01 -3.06273495e-01 -3.06273495e-01 -3.06273495e-01
 -3.06273495e-01 -3.06273495e-01 -3.06273495e-01 -3.06273495e-01
  1.42602504e+00 -3.06273495e-01 -3.06273495e-01  2.93661658e+00
 -3.06273495e-01 -3.06273495e-01  5.44954288e-01 -3.06273495e-01
 -3.06273495e-01 -3.06273495e-01 -3.06273495e-01 -3.06273495e-01
  2.88318539e+00 -3.06273495e-01  2.22845817e+00  2.15734617e+00
  3.00458835e+00 -3.06273495e-01  1.26308119e-01 -3.06273495e-01
 -3.06273495e-01 -3.06273495e-01 -3.06273495e-01 -3.06273495e-01
 -3.06273495e-01 -3.06273495e-01 -3.06273495e-01 -3.06273495e-01
 -3.06273495e-01 -3.06273495e-01 -3.06273495e-01 -3.06273495e-01
 -3.06273495e-01 -3.06273495e-01 -3.06273495e-01 -3.06273495e-01
 -3.06273495e-01 -3.06273495e-01 -3.06273495e-01 -3.06273495e-01
 -3.06273495e-01 -3.06273495e-01 -3.06273495e-01 -3.06273495e-01
 -3.06273495e-01 -3.06273495e-01 -3.06273495e-01 -3.06273495e-01
 -3.06273495e-01 -3.06273495e-01 -3.06273495e-01  4.04710435e+00
 -3.06273495e-01 -3.06273495e-01 -3.06273495e-01 -3.06273495e-01
 -3.06273495e-01 -3.06273495e-01 -3.06273495e-01 -3.06273495e-01
  3.51135152e+00 -3.06273495e-01 -3.06273495e-01 -3.06273495e-01
 -3.06273495e-01 -3.06273495e-01 -3.06273495e-01 -3.06273495e-01
 -3.06273495e-01 -3.06273495e-01 -3.06273495e-01 -3.06273495e-01
 -3.06273495e-01 -3.06273495e-01  2.18666328e+00 -3.06273495e-01
 -3.06273495e-01 -3.06273495e-01 -3.06273495e-01  5.52830843e-01
 -3.06273495e-01  1.73299014e-01 -3.06273495e-01 -3.06273495e-01
 -3.06273495e-01 -3.06273495e-01 -3.06273495e-01 -3.06273495e-01
 -3.06273495e-01 -3.06273495e-01  4.27719089e+00]",[-0.0012710618398866225]
9,"[-0.21314958 -0.21314958 -0.21314958 -0.21314958 -0.21314958 -0.21314958
 -0.21314958 -0.21314958 -0.21314958 -0.21314958 -0.21314958 -0.21314958
 -0.21314958 -0.21314958 -0.21314958 -0.21314958  0.24432455 -0.21314958
 -0.21314958 -0.21314958 -0.21314958 -0.21314958 -0.21314958 -0.21314958
 -0.21314958 -0.21314958 -0.21314958 -0.21314958  1.45269015 -0.21314958
 -0.21314958 -0.21314958 -0.21314958 -0.21314958 -0.21314958 -0.21314958
 -0.21314958 -0.21314958 -0.21314958 -0.21314958  7.33511348  0.06332327
 -0.21314958 -0.21314958 -0.21314958 -0.21314958 -0.21314958 -0.21314958
 -0.21314958 -0.21314958 -0.21314958 -0.21314958 -0.21314958  0.15737322
 -0.21314958 -0.21314958 -0.21314958 -0.21314958 -0.21314958 -0.21314958
 -0.21314958 -0.21314958 -0.21314958 -0.21314958 -0.21314958 -0.21314958
 -0.21314958 -0.21314958 -0.21314958 -0.21314958 -0.21314958 -0.21314958
 -0.21314958 -0.21314958 -0.21314958 -0.21314958 -0.21314958  1.74580168
 -0.21314958 -0.21314958 -0.21314958 -0.21314958 -0.21314958 -0.21314958
 -0.21314958 -0.21314958 -0.21314958 -0.21314958 -0.21314958 -0.21314958
 -0.21314958  3.23613777 -0.21314958 -0.21314958  4.13238567 -0.21314958
 -0.21314958 -0.21314958 -0.21314958 -0.21314958  0.25097851 -0.21314958
 -0.21314958 -0.21314958  0.31021865 -0.21314958  2.75519638 -0.21314958
 -0.21314958 -0.21314958 -0.21314958 -0.21314958 -0.21314958 -0.21314958
 -0.21314958 -0.21314958 -0.21314958 -0.21314958 -0.21314958 -0.21314958
 -0.21314958 -0.21314958 -0.21314958 -0.21314958 -0.21314958 -0.21314958
 -0.21314958 -0.21314958 -0.21314958 -0.21314958 -0.21314958 -0.21314958
 -0.21314958 -0.21314958 -0.21314958 -0.21314958 -0.21314958 -0.21314958
 -0.21314958 -0.21314958 -0.21314958 -0.21314958 -0.21314958 -0.21314958
 -0.21314958 -0.21314958 -0.21314958 -0.21314958 -0.21314958 -0.21314958
 -0.21314958 -0.21314958 -0.21314958 -0.21314958 -0.21314958 -0.21314958
 -0.21314958 -0.21314958 -0.21314958 -0.21314958 -0.21314958 -0.21314958
  6.21107533 -0.21314958 -0.21314958 -0.21314958 -0.21314958  6.09851173
  1.17655034 -0.21314958 -0.21314958 -0.21314958 -0.21314958 -0.21314958
 -0.21314958 -0.21314958 -0.21314958 -0.21314958 -0.21314958]",[1.3376279188309608]
9,"[-0.24841    -0.24841    -0.24841    -0.24841    -0.24841    -0.24841
 -0.24841    -0.24841    -0.24841    -0.24841    -0.24841    -0.24841
 -0.24841    -0.24841    -0.24841    -0.24841    -0.24841    -0.24841
 -0.24841    -0.24841    -0.24841    -0.24841    -0.24841    -0.24841
 -0.24841    -0.24841    -0.24841    -0.24841    -0.24841    -0.24841
 -0.24841    -0.24841    -0.24841    -0.24841    -0.24841    -0.24841
 -0.24841    -0.24841    -0.24841    -0.24841     6.78184244  1.82416443
 -0.24841    -0.24841    -0.24841    -0.24841    -0.24841    -0.24841
 -0.24841    -0.24841    -0.24841    -0.24841    -0.24841     5.90783957
  4.63852198 -0.24841    -0.24841    -0.24841    -0.24841    -0.24841
 -0.24841    -0.24841    -0.24841    -0.24841    -0.24841    -0.24841
 -0.24841    -0.24841    -0.24841    -0.24841    -0.24841    -0.24841
  0.09078449 -0.24841    -0.24841    -0.24841    -0.24841    -0.24841
 -0.24841    -0.24841    -0.24841    -0.24841    -0.24841    -0.24841
 -0.24841    -0.24841    -0.24841    -0.24841    -0.24841    -0.24841
 -0.24841     3.29798315 -0.24841    -0.17908331 -0.24841    -0.24841
 -0.24841    -0.24841     0.37164417 -0.24841     2.97378486 -0.24841
  2.87193185  3.99067902  3.74673626 -0.24841    -0.24841     0.57279745
 -0.24841    -0.24841    -0.24841    -0.24841    -0.24841    -0.24841
 -0.24841    -0.24841    -0.24841    -0.24841    -0.24841    -0.24841
 -0.24841    -0.24841    -0.24841    -0.24841    -0.24841    -0.24841
 -0.24841    -0.24841    -0.24841    -0.24841    -0.24841    -0.24841
 -0.24841    -0.24841    -0.24841    -0.24841    -0.24841    -0.24841
 -0.24841    -0.24841    -0.24841    -0.24841    -0.24841    -0.24841
 -0.24841    -0.24841    -0.24841    -0.24841    -0.24841    -0.24841
 -0.24841     0.75012893 -0.24841    -0.24841    -0.24841    -0.24841
 -0.24841    -0.24841    -0.24841    -0.24841    -0.24841    -0.24841
  1.6873466  -0.24841    -0.24841    -0.24841    -0.24841     1.16372739
 -0.24841    -0.24841    -0.24841    -0.24841    -0.24841    -0.24841
 -0.24841    -0.24841    -0.24841    -0.24841    -0.24841   ]",[-0.006498397223289376]
9,"[-0.23299905 -0.23299905 -0.23299905 -0.23299905 -0.23299905 -0.23299905
 -0.23299905 -0.23299905 -0.23299905 -0.23299905 -0.23299905 -0.23299905
 -0.23299905 -0.23299905 -0.23299905 -0.23299905 -0.23299905 -0.23299905
 -0.23299905 -0.23299905 -0.23299905 -0.23299905 -0.23299905 -0.23299905
 -0.23299905 -0.23299905 -0.23299905 -0.23299905 -0.23299905 -0.23299905
 -0.23299905 -0.23299905 -0.23299905 -0.23299905 -0.23299905 -0.23299905
 -0.23299905 -0.23299905 -0.23299905 -0.23299905  7.07157068  2.18057171
 -0.23299905 -0.23299905 -0.23299905 -0.23299905 -0.23299905 -0.23299905
 -0.23299905 -0.23299905 -0.23299905 -0.23299905 -0.23299905  6.29310505
 -0.23299905 -0.23299905 -0.23299905 -0.23299905 -0.23299905 -0.23299905
 -0.23299905 -0.23299905 -0.23299905 -0.23299905 -0.23299905 -0.23299905
 -0.23299905 -0.23299905 -0.23299905 -0.23299905 -0.23299905 -0.23299905
  0.75981987 -0.23299905 -0.23299905 -0.23299905 -0.23299905 -0.23299905
 -0.23299905 -0.23299905 -0.23299905 -0.23299905 -0.23299905 -0.23299905
 -0.23299905 -0.23299905 -0.23299905 -0.23299905 -0.23299905  0.64308307
 -0.23299905  3.7785349  -0.23299905 -0.23299905  2.29962326 -0.23299905
 -0.23299905 -0.23299905 -0.23299905 -0.23299905  3.41721951 -0.23299905
  2.40707091  1.88755366 -0.23299905 -0.23299905  3.54713369 -0.23299905
 -0.23299905 -0.23299905 -0.23299905 -0.23299905 -0.23299905 -0.23299905
 -0.23299905 -0.23299905 -0.23299905 -0.23299905 -0.23299905 -0.23299905
 -0.23299905 -0.23299905 -0.23299905 -0.23299905 -0.23299905 -0.23299905
 -0.23299905 -0.23299905 -0.23299905 -0.23299905 -0.23299905 -0.23299905
 -0.23299905 -0.23299905 -0.23299905 -0.23299905 -0.23299905 -0.23299905
 -0.23299905 -0.23299905 -0.23299905 -0.23299905 -0.23299905 -0.23299905
 -0.23299905 -0.23299905 -0.23299905 -0.23299905 -0.23299905 -0.23299905
 -0.23299905 -0.23299905 -0.23299905 -0.23299905 -0.23299905 -0.23299905
 -0.23299905 -0.23299905 -0.23299905 -0.23299905 -0.23299905 -0.23299905
  4.6255555  -0.23299905 -0.23299905 -0.23299905 -0.23299905 -0.23299905
 -0.23299905 -0.23299905 -0.23299905 -0.23299905 -0.23299905 -0.23299905
 -0.23299905 -0.23299905 -0.23299905 -0.23299905 -0.23299905]",[-0.019769826189137585]
9,"[-0.23120916 -0.23120916 -0.23120916 -0.23120916 -0.23120916 -0.23120916
 -0.23120916 -0.23120916 -0.23120916 -0.23120916 -0.23120916 -0.23120916
 -0.23120916 -0.23120916 -0.23120916 -0.23120916  1.23472345 -0.23120916
 -0.23120916 -0.23120916 -0.23120916 -0.23120916 -0.23120916 -0.23120916
 -0.23120916 -0.23120916 -0.23120916 -0.23120916 -0.23120916 -0.23120916
 -0.23120916 -0.23120916 -0.23120916 -0.23120916 -0.23120916 -0.23120916
 -0.23120916 -0.23120916 -0.23120916 -0.23120916  6.93224211 -0.23120916
 -0.23120916 -0.23120916 -0.23120916 -0.23120916 -0.23120916 -0.23120916
 -0.23120916 -0.23120916 -0.23120916 -0.23120916 -0.23120916  1.1917768
 -0.23120916 -0.23120916 -0.23120916 -0.23120916 -0.23120916 -0.23120916
 -0.23120916 -0.23120916 -0.23120916 -0.23120916 -0.23120916 -0.23120916
 -0.23120916 -0.23120916 -0.23120916 -0.23120916 -0.23120916 -0.23120916
 -0.23120916 -0.23120916 -0.23120916 -0.23120916 -0.23120916 -0.23120916
 -0.23120916 -0.23120916 -0.23120916 -0.23120916 -0.23120916 -0.23120916
 -0.23120916 -0.23120916 -0.23120916 -0.23120916  3.02465217 -0.23120916
 -0.23120916 -0.23120916 -0.23120916  1.00440353  3.20266028 -0.23120916
 -0.23120916 -0.23120916 -0.23120916 -0.23120916  3.87416008 -0.23120916
  3.98126229  0.34316289  6.02994762 -0.23120916  3.20552802 -0.23120916
 -0.23120916 -0.23120916 -0.23120916 -0.23120916 -0.23120916 -0.23120916
 -0.23120916 -0.23120916 -0.23120916 -0.23120916 -0.23120916 -0.23120916
 -0.23120916 -0.23120916 -0.23120916 -0.23120916 -0.23120916 -0.23120916
 -0.23120916 -0.23120916 -0.23120916 -0.23120916 -0.23120916 -0.23120916
 -0.23120916 -0.23120916 -0.23120916 -0.23120916 -0.23120916 -0.23120916
 -0.23120916 -0.23120916 -0.23120916 -0.23120916 -0.23120916 -0.23120916
 -0.23120916 -0.23120916 -0.23120916 -0.23120916 -0.23120916 -0.23120916
 -0.23120916 -0.23120916 -0.23120916 -0.23120916 -0.23120916 -0.23120916
 -0.23120916 -0.23120916 -0.23120916 -0.23120916 -0.23120916 -0.23120916
  4.58740984 -0.23120916 -0.23120916 -0.23120916 -0.23120916 -0.23120916
 -0.23120916 -0.23120916 -0.23120916 -0.23120916 -0.23120916 -0.23120916
 -0.23120916 -0.23120916 -0.23120916 -0.23120916 -0.23120916]",[-0.011879640869148611]
9,"[-0.25829876 -0.25829876 -0.25829876 -0.25829876 -0.25829876 -0.25829876
 -0.25829876 -0.25829876 -0.25829876 -0.25829876 -0.25829876 -0.25829876
 -0.25829876 -0.25829876 -0.25829876 -0.25829876 -0.25829876 -0.25829876
 -0.25829876 -0.25829876 -0.25829876 -0.25829876 -0.25829876 -0.25829876
 -0.25829876 -0.25829876 -0.25829876 -0.25829876 -0.25829876 -0.25829876
 -0.25829876 -0.25829876 -0.25829876 -0.25829876 -0.25829876 -0.25829876
 -0.25829876 -0.25829876 -0.25829876 -0.25829876  6.81520411 -0.25829876
 -0.25829876 -0.25829876 -0.25829876 -0.25829876 -0.25829876 -0.25829876
 -0.25829876 -0.25829876 -0.25829876 -0.25829876 -0.25829876  5.82911937
 -0.25829876 -0.25829876 -0.25829876 -0.25829876 -0.25829876 -0.25829876
 -0.25829876 -0.25829876 -0.25829876 -0.25829876 -0.25829876 -0.25829876
 -0.25829876 -0.25829876 -0.25829876 -0.25829876 -0.25829876 -0.25829876
 -0.25829876 -0.25829876 -0.25829876 -0.25829876 -0.25829876 -0.25829876
 -0.25829876 -0.25829876 -0.25829876 -0.25829876 -0.25829876 -0.25829876
 -0.25829876 -0.25829876 -0.25829876 -0.25829876  1.63912284 -0.25829876
 -0.25829876  2.25176013 -0.25829876  0.30821653  2.62790136 -0.25829876
 -0.25829876 -0.25829876 -0.25829876 -0.25829876  2.24993627 -0.25829876
  2.27534954  1.26900172  3.68378108 -0.25829876  2.97946604 -0.25829876
 -0.25829876 -0.25829876 -0.25829876 -0.25829876 -0.25829876 -0.25829876
 -0.25829876 -0.25829876 -0.25829876 -0.25829876 -0.25829876 -0.25829876
 -0.25829876 -0.25829876 -0.25829876 -0.25829876 -0.25829876 -0.25829876
 -0.25829876 -0.25829876 -0.25829876 -0.25829876 -0.25829876 -0.25829876
 -0.25829876 -0.25829876 -0.25829876 -0.25829876 -0.25829876 -0.25829876
 -0.25829876  4.49321954 -0.25829876 -0.25829876 -0.25829876 -0.25829876
 -0.25829876 -0.25829876 -0.25829876 -0.25829876 -0.25829876 -0.25829876
 -0.25829876 -0.25829876 -0.25829876  0.53681273 -0.25829876 -0.25829876
 -0.25829876 -0.25829876 -0.25829876 -0.25829876 -0.25829876 -0.25829876
  4.02557887 -0.25829876 -0.25829876 -0.25829876 -0.25829876  1.37652708
 -0.25829876 -0.25829876 -0.25829876 -0.25829876 -0.25829876 -0.25829876
 -0.25829876 -0.25829876 -0.25829876 -0.25829876 -0.25829876]",[-0.018987210544210764]
9,"[-0.25151311 -0.25151311 -0.25151311 -0.25151311 -0.25151311 -0.25151311
 -0.25151311 -0.25151311 -0.25151311 -0.25151311 -0.25151311 -0.25151311
 -0.25151311 -0.25151311 -0.25151311 -0.25151311 -0.25151311 -0.25151311
 -0.25151311 -0.25151311 -0.25151311 -0.25151311 -0.25151311 -0.25151311
 -0.25151311 -0.25151311 -0.25151311 -0.25151311  0.24576935 -0.25151311
 -0.25151311 -0.25151311 -0.25151311 -0.25151311 -0.25151311 -0.25151311
 -0.25151311 -0.25151311 -0.25151311 -0.25151311  6.77979974 -0.25151311
 -0.25151311 -0.25151311 -0.25151311 -0.25151311 -0.25151311 -0.25151311
 -0.25151311 -0.25151311 -0.25151311 -0.25151311 -0.25151311  5.70689601
 -0.25151311 -0.25151311 -0.25151311 -0.25151311 -0.25151311 -0.25151311
 -0.25151311 -0.25151311 -0.25151311 -0.25151311 -0.25151311 -0.25151311
 -0.25151311 -0.25151311 -0.25151311 -0.25151311 -0.25151311 -0.25151311
 -0.25151311 -0.25151311 -0.25151311 -0.25151311 -0.25151311 -0.25151311
 -0.25151311 -0.25151311 -0.25151311 -0.25151311 -0.25151311 -0.25151311
 -0.25151311 -0.25151311 -0.25151311 -0.25151311  1.81762745 -0.25151311
 -0.25151311  1.73136884 -0.25151311 -0.25151311  3.11425793 -0.25151311
 -0.25151311 -0.25151311 -0.25151311 -0.25151311  2.36370096 -0.25151311
  1.74604262  0.0691866   3.28410001 -0.25151311  3.30922281 -0.25151311
 -0.25151311 -0.25151311 -0.25151311 -0.25151311 -0.25151311 -0.25151311
 -0.25151311 -0.25151311 -0.25151311 -0.25151311 -0.25151311 -0.25151311
 -0.25151311 -0.25151311 -0.25151311 -0.25151311 -0.25151311 -0.25151311
 -0.25151311 -0.25151311 -0.25151311 -0.25151311 -0.25151311 -0.25151311
 -0.25151311 -0.25151311 -0.25151311 -0.25151311 -0.25151311 -0.25151311
 -0.25151311 -0.25151311 -0.25151311 -0.25151311 -0.25151311 -0.25151311
 -0.25151311 -0.25151311 -0.25151311 -0.25151311 -0.25151311 -0.25151311
 -0.25151311 -0.25151311 -0.25151311 -0.25151311 -0.25151311 -0.25151311
 -0.25151311 -0.25151311 -0.25151311 -0.25151311 -0.25151311 -0.25151311
  3.83360688 -0.25151311 -0.25151311 -0.25151311 -0.25151311  3.12311966
 -0.25151311 -0.25151311 -0.25151311 -0.25151311 -0.25151311 -0.25151311
 -0.25151311 -0.25151311 -0.25151311 -0.25151311  4.37496412]",[-0.008233473222941878]
9,"[-0.26124831 -0.26124831 -0.26124831 -0.26124831 -0.26124831 -0.26124831
 -0.26124831 -0.26124831 -0.26124831 -0.26124831 -0.26124831 -0.26124831
 -0.26124831 -0.26124831 -0.26124831 -0.26124831 -0.26124831 -0.26124831
 -0.26124831 -0.26124831 -0.26124831 -0.26124831 -0.26124831 -0.26124831
 -0.26124831 -0.26124831 -0.26124831 -0.26124831 -0.26124831 -0.26124831
 -0.26124831 -0.26124831 -0.26124831 -0.26124831 -0.26124831 -0.26124831
 -0.26124831 -0.26124831 -0.26124831 -0.26124831  6.76550476  1.13796952
 -0.26124831 -0.26124831 -0.26124831 -0.26124831 -0.26124831 -0.26124831
 -0.26124831 -0.26124831 -0.26124831 -0.26124831 -0.26124831  5.96481371
  3.21001622 -0.26124831 -0.26124831 -0.26124831 -0.26124831 -0.26124831
 -0.26124831 -0.26124831 -0.26124831 -0.26124831 -0.26124831 -0.26124831
 -0.26124831 -0.26124831 -0.26124831 -0.26124831 -0.26124831 -0.26124831
 -0.26124831 -0.26124831 -0.26124831 -0.26124831 -0.26124831 -0.26124831
 -0.26124831 -0.26124831 -0.26124831 -0.26124831 -0.26124831 -0.26124831
 -0.26124831 -0.26124831 -0.26124831 -0.26124831 -0.26124831 -0.26124831
 -0.26124831  0.90060387 -0.26124831 -0.26124831 -0.26124831 -0.26124831
 -0.26124831 -0.26124831  0.83165983 -0.26124831  1.89744338 -0.26124831
 -0.26124831  2.57258249  2.65567397  2.46976921  3.18987533 -0.26124831
 -0.26124831 -0.26124831 -0.26124831 -0.26124831 -0.26124831 -0.26124831
 -0.26124831 -0.26124831 -0.26124831 -0.26124831 -0.26124831 -0.26124831
 -0.26124831 -0.26124831 -0.26124831 -0.26124831 -0.26124831 -0.26124831
 -0.26124831 -0.26124831 -0.26124831 -0.26124831 -0.26124831 -0.26124831
 -0.26124831 -0.26124831 -0.26124831 -0.26124831 -0.26124831 -0.26124831
 -0.26124831  3.75558674 -0.26124831 -0.26124831 -0.26124831 -0.26124831
 -0.26124831 -0.26124831 -0.26124831 -0.26124831  2.7169282  -0.26124831
 -0.26124831  0.52869512 -0.26124831 -0.26124831 -0.26124831 -0.26124831
 -0.26124831 -0.26124831 -0.26124831 -0.26124831 -0.26124831 -0.26124831
  4.2476013  -0.26124831 -0.26124831 -0.26124831 -0.26124831 -0.26124831
 -0.26124831 -0.26124831 -0.26124831 -0.26124831 -0.26124831 -0.26124831
 -0.26124831 -0.26124831 -0.26124831 -0.26124831 -0.26124831]",[-0.050711654995985844]
9,"[-0.2737461  -0.2737461  -0.2737461  -0.2737461  -0.2737461  -0.2737461
 -0.2737461  -0.2737461  -0.2737461  -0.2737461  -0.2737461  -0.2737461
 -0.2737461  -0.2737461  -0.2737461  -0.2737461  -0.2737461  -0.2737461
 -0.2737461  -0.2737461  -0.2737461  -0.2737461  -0.2737461  -0.2737461
 -0.2737461  -0.2737461  -0.2737461  -0.2737461  -0.2737461  -0.2737461
 -0.2737461  -0.2737461  -0.2737461  -0.2737461  -0.2737461  -0.2737461
 -0.2737461  -0.2737461  -0.2737461  -0.2737461   1.73700142 -0.2737461
 -0.2737461  -0.2737461  -0.2737461  -0.2737461  -0.2737461  -0.2737461
 -0.2737461  -0.2737461  -0.2737461  -0.2737461  -0.2737461   6.52241457
  0.51827624 -0.2737461  -0.2737461  -0.2737461  -0.2737461  -0.2737461
 -0.2737461  -0.2737461  -0.2737461  -0.2737461  -0.2737461  -0.2737461
 -0.2737461  -0.2737461  -0.2737461  -0.2737461  -0.2737461  -0.2737461
  0.16072245 -0.2737461  -0.2737461  -0.2737461  -0.2737461  -0.2737461
 -0.2737461  -0.2737461  -0.2737461  -0.2737461  -0.2737461  -0.2737461
 -0.2737461  -0.2737461  -0.2737461  -0.2737461   2.51674411 -0.2737461
 -0.2737461   1.42767085 -0.2737461  -0.2737461   3.30597681 -0.2737461
 -0.2737461  -0.2737461  -0.2737461  -0.2737461   3.01795176 -0.2737461
  3.75799664  0.54180269  2.19525745  3.71621254  2.23708833 -0.2737461
 -0.2737461  -0.2737461  -0.2737461  -0.2737461  -0.2737461  -0.2737461
 -0.2737461  -0.2737461  -0.2737461  -0.2737461  -0.2737461  -0.2737461
 -0.2737461  -0.2737461  -0.2737461  -0.2737461  -0.2737461  -0.2737461
 -0.2737461  -0.2737461  -0.2737461  -0.2737461  -0.2737461  -0.2737461
 -0.2737461  -0.2737461  -0.2737461  -0.2737461  -0.2737461  -0.2737461
 -0.2737461   4.19452875 -0.2737461  -0.2737461  -0.2737461  -0.2737461
 -0.2737461  -0.2737461  -0.2737461  -0.2737461  -0.2737461  -0.2737461
 -0.2737461  -0.2737461  -0.2737461  -0.2737461  -0.2737461  -0.2737461
 -0.2737461  -0.2737461  -0.2737461  -0.2737461  -0.2737461  -0.2737461
  5.60862122 -0.2737461  -0.2737461  -0.2737461  -0.2737461   2.25799363
 -0.2737461   0.63060843 -0.2737461  -0.2737461  -0.2737461  -0.2737461
 -0.2737461  -0.2737461  -0.2737461  -0.2737461  -0.2737461 ]",[0.01988539307404108]
9,"[-0.27969118 -0.27969118 -0.27969118 -0.27969118 -0.27969118 -0.27969118
 -0.27969118 -0.27969118 -0.27969118 -0.27969118 -0.27969118 -0.27969118
 -0.27969118 -0.27969118 -0.27969118 -0.27969118 -0.27969118 -0.27969118
 -0.27969118 -0.27969118 -0.27969118 -0.27969118 -0.27969118 -0.27969118
 -0.27969118 -0.27969118 -0.27969118 -0.27969118 -0.27969118 -0.27969118
 -0.27969118 -0.27969118 -0.27969118 -0.27969118 -0.27969118 -0.27969118
 -0.27969118 -0.27969118 -0.27969118 -0.27969118  5.38880363 -0.27969118
 -0.27969118 -0.27969118 -0.27969118 -0.27969118 -0.27969118 -0.27969118
 -0.27969118 -0.27969118 -0.27969118 -0.27969118 -0.27969118  5.35031258
 -0.27969118 -0.27969118 -0.27969118 -0.27969118 -0.27969118 -0.27969118
 -0.27969118 -0.27969118 -0.27969118 -0.27969118 -0.27969118 -0.27969118
 -0.27969118 -0.27969118 -0.27969118 -0.27969118 -0.27969118 -0.27969118
 -0.27969118 -0.27969118 -0.27969118 -0.27969118 -0.27969118 -0.27969118
 -0.27969118 -0.27969118 -0.27969118 -0.27969118 -0.27969118 -0.27969118
 -0.27969118 -0.27969118 -0.27969118 -0.27969118  1.00971759  1.23986136
 -0.27969118  3.32638654 -0.27969118 -0.27969118  3.56158833 -0.27969118
 -0.27969118 -0.27969118 -0.27969118 -0.27969118  1.81295972 -0.27969118
  2.31639295  1.41761557 -0.27969118  3.86186642  3.20775222 -0.27969118
 -0.27969118 -0.27969118 -0.27969118 -0.27969118 -0.27969118 -0.27969118
 -0.27969118 -0.27969118 -0.27969118 -0.27969118 -0.27969118 -0.27969118
 -0.27969118 -0.27969118 -0.27969118 -0.27969118 -0.27969118 -0.27969118
 -0.27969118 -0.27969118 -0.27969118 -0.27969118 -0.27969118 -0.27969118
 -0.27969118 -0.27969118 -0.27969118 -0.27969118 -0.27969118 -0.27969118
 -0.27969118 -0.27969118 -0.27969118 -0.27969118 -0.27969118 -0.27969118
 -0.27969118 -0.27969118 -0.27969118 -0.27969118  2.50943825 -0.27969118
 -0.27969118 -0.27969118 -0.27969118 -0.27969118 -0.27969118 -0.27969118
 -0.27969118 -0.27969118 -0.27969118 -0.27969118 -0.27969118 -0.27969118
  4.23569974 -0.27969118 -0.27969118 -0.27969118 -0.27969118  3.08085301
 -0.27969118 -0.27969118 -0.27969118 -0.27969118 -0.27969118 -0.27969118
 -0.27969118 -0.27969118 -0.27969118 -0.27969118  3.55010496]",[-0.011215942249253374]
9,"[-0.21345054 -0.21345054 -0.21345054 -0.21345054 -0.21345054 -0.21345054
 -0.21345054 -0.21345054 -0.21345054 -0.21345054 -0.21345054 -0.21345054
 -0.21345054 -0.21345054 -0.21345054 -0.21345054 -0.21345054 -0.21345054
 -0.21345054 -0.21345054 -0.21345054 -0.21345054 -0.21345054 -0.21345054
 -0.21345054 -0.21345054 -0.21345054 -0.21345054 -0.21345054 -0.21345054
 -0.21345054 -0.21345054 -0.21345054 -0.21345054 -0.21345054 -0.21345054
 -0.21345054 -0.21345054 -0.21345054 -0.21345054 -0.21345054  0.08280856
 -0.21345054 -0.21345054 -0.21345054 -0.21345054 -0.21345054 -0.21345054
 -0.21345054 -0.21345054 -0.21345054 -0.21345054 -0.21345054 -0.21345054
 -0.21345054 -0.21345054 -0.21345054 -0.21345054 -0.21345054 -0.21345054
 -0.21345054 -0.21345054 -0.21345054 -0.21345054 -0.21345054 -0.21345054
 -0.21345054 -0.21345054 -0.21345054 -0.21345054 -0.21345054 -0.21345054
 -0.21345054 -0.21345054 -0.21345054 -0.21345054 -0.21345054 -0.21345054
 -0.21345054 -0.21345054 -0.21345054 -0.21345054 -0.21345054 -0.21345054
 -0.21345054 -0.21345054 -0.21345054 -0.21345054  3.57509417 -0.21345054
 -0.21345054 -0.21345054 -0.21345054 -0.21345054  2.92946832 -0.21345054
 -0.21345054 -0.21345054 -0.21345054 -0.21345054  4.40103539 -0.21345054
  5.09220479  1.01286036  3.29435101 -0.21345054  4.79050324 -0.21345054
 -0.21345054 -0.21345054 -0.21345054 -0.21345054 -0.21345054 -0.21345054
 -0.21345054 -0.21345054 -0.21345054 -0.21345054 -0.21345054 -0.21345054
 -0.21345054 -0.21345054 -0.21345054 -0.21345054 -0.21345054 -0.21345054
 -0.21345054 -0.21345054 -0.21345054 -0.21345054 -0.21345054 -0.21345054
 -0.21345054 -0.21345054 -0.21345054 -0.21345054 -0.21345054 -0.21345054
 -0.21345054 -0.21345054 -0.21345054 -0.21345054 -0.21345054 -0.21345054
 -0.21345054 -0.21345054 -0.21345054 -0.21345054 -0.21345054 -0.21345054
 -0.21345054 -0.21345054 -0.21345054 -0.21345054 -0.21345054 -0.21345054
 -0.21345054 -0.21345054 -0.21345054 -0.21345054 -0.21345054 -0.21345054
  7.73372671 -0.21345054 -0.21345054 -0.21345054 -0.21345054  3.16108863
 -0.21345054 -0.21345054 -0.21345054 -0.21345054 -0.21345054 -0.21345054
 -0.21345054 -0.21345054 -0.21345054 -0.21345054 -0.21345054]",[-0.020748538911107173]
9,"[-0.27790684 -0.27790684 -0.27790684 -0.27790684 -0.27790684 -0.27790684
 -0.27790684 -0.27790684 -0.27790684 -0.27790684 -0.27790684 -0.27790684
 -0.27790684 -0.27790684 -0.27790684 -0.27790684 -0.27790684 -0.27790684
 -0.27790684 -0.27790684 -0.27790684 -0.27790684 -0.27790684 -0.27790684
 -0.27790684 -0.27790684 -0.27790684 -0.27790684 -0.27790684 -0.27790684
 -0.27790684 -0.27790684 -0.27790684 -0.27790684 -0.27790684 -0.27790684
 -0.27790684 -0.27790684 -0.27790684 -0.27790684  4.66076286  0.58730637
 -0.27790684 -0.27790684 -0.27790684 -0.27790684 -0.27790684 -0.27790684
 -0.27790684 -0.27790684 -0.27790684 -0.27790684 -0.27790684  6.61495997
 -0.27790684 -0.10070425 -0.27790684 -0.27790684 -0.27790684 -0.27790684
 -0.27790684 -0.27790684 -0.27790684 -0.27790684 -0.27790684 -0.27790684
 -0.27790684 -0.27790684 -0.27790684 -0.27790684 -0.27790684 -0.27790684
  1.90962283 -0.27790684 -0.27790684 -0.27790684 -0.27790684 -0.27790684
 -0.27790684 -0.27790684 -0.27790684 -0.27790684 -0.27790684 -0.27790684
 -0.27790684 -0.27790684 -0.27790684 -0.27790684  2.32876664 -0.27790684
 -0.27790684  0.99391027 -0.27790684 -0.27790684  1.91166346 -0.27790684
 -0.27790684 -0.27790684 -0.27790684 -0.27790684  3.283791   -0.27790684
  2.58786293  2.13971713  2.70417761  4.32503693  4.56224199  0.58730637
 -0.27790684 -0.27790684 -0.27790684 -0.27790684 -0.27790684 -0.27790684
 -0.27790684 -0.27790684 -0.27790684 -0.27790684 -0.27790684 -0.27790684
 -0.27790684 -0.27790684 -0.27790684 -0.27790684 -0.27790684 -0.27790684
 -0.27790684 -0.27790684 -0.27790684 -0.27790684 -0.27790684 -0.27790684
 -0.27790684 -0.27790684 -0.27790684 -0.27790684 -0.27790684 -0.27790684
 -0.27790684 -0.27790684 -0.27790684 -0.27790684 -0.27790684 -0.27790684
 -0.27790684 -0.27790684 -0.27790684 -0.27790684 -0.27790684 -0.27790684
 -0.27790684 -0.27790684 -0.27790684 -0.27790684 -0.27790684 -0.27790684
 -0.27790684 -0.27790684 -0.27790684 -0.27790684 -0.27790684 -0.27790684
  3.24045443 -0.27790684 -0.27790684 -0.27790684 -0.27790684  2.68403125
 -0.27790684 -0.27790684 -0.27790684 -0.27790684 -0.27790684 -0.27790684
 -0.27790684 -0.27790684 -0.27790684 -0.27790684 -0.27790684]",[0.028504117712848692]
9,"[-0.28529384 -0.28529384 -0.28529384 -0.24938182 -0.28529384 -0.28529384
 -0.28529384 -0.28529384 -0.28529384 -0.28529384 -0.28529384 -0.28529384
 -0.28529384 -0.28529384 -0.28529384 -0.28529384 -0.28529384 -0.28529384
 -0.28529384 -0.28529384 -0.28529384 -0.28529384 -0.28529384 -0.28529384
 -0.28529384 -0.28529384 -0.28529384 -0.28529384 -0.28529384 -0.28529384
 -0.28529384 -0.28529384 -0.28529384 -0.28529384 -0.28529384 -0.28529384
 -0.28529384 -0.28529384 -0.28529384 -0.28529384  5.4577618   1.51148337
 -0.28529384 -0.28529384 -0.28529384 -0.28529384 -0.28529384 -0.28529384
 -0.28529384 -0.28529384 -0.28529384 -0.28529384 -0.28529384  6.07445325
  3.06973504 -0.28529384  3.64889091 -0.28529384 -0.28529384 -0.28529384
 -0.28529384 -0.28529384 -0.28529384 -0.28529384 -0.28529384 -0.28529384
 -0.28529384 -0.28529384 -0.28529384 -0.28529384 -0.28529384 -0.28529384
 -0.28529384 -0.28529384 -0.28529384 -0.28529384 -0.28529384 -0.28529384
 -0.28529384 -0.28529384 -0.28529384 -0.28529384 -0.28529384 -0.28529384
 -0.28529384 -0.28529384 -0.28529384 -0.28529384 -0.28529384 -0.28529384
 -0.28529384  1.94314512 -0.28529384 -0.16671714  0.99115132 -0.28529384
 -0.28529384 -0.28529384 -0.28529384 -0.28529384  2.61287302  2.66489716
  3.07639119  1.86705669  1.71769152 -0.28529384  2.86892389 -0.28529384
 -0.28529384 -0.28529384 -0.28529384 -0.28529384 -0.28529384 -0.28529384
 -0.28529384 -0.28529384 -0.28529384 -0.28529384 -0.28529384 -0.28529384
 -0.28529384 -0.28529384 -0.28529384 -0.28529384 -0.28529384 -0.28529384
 -0.28529384 -0.28529384 -0.28529384 -0.28529384 -0.28529384 -0.28529384
 -0.28529384 -0.28529384 -0.28529384 -0.28529384 -0.28529384 -0.28529384
 -0.28529384  4.72572805 -0.28529384 -0.28529384 -0.28529384 -0.28529384
 -0.28529384 -0.28529384 -0.28529384 -0.28529384 -0.28529384 -0.28529384
 -0.28529384 -0.28529384 -0.28529384 -0.28529384 -0.28529384 -0.28529384
 -0.28529384 -0.28529384 -0.28529384 -0.28529384 -0.28529384 -0.28529384
  1.57601521 -0.28529384 -0.28529384 -0.28529384 -0.28529384  2.5422089
 -0.28529384 -0.28529384 -0.28529384 -0.28529384 -0.28529384 -0.28529384
 -0.28529384 -0.28529384 -0.28529384 -0.28529384 -0.28529384]",[0.002091748008182126]
9,"[-0.27056416 -0.27056416 -0.27056416 -0.27056416 -0.27056416 -0.27056416
 -0.27056416 -0.27056416 -0.27056416 -0.27056416 -0.27056416 -0.27056416
 -0.27056416 -0.27056416 -0.27056416 -0.27056416 -0.27056416 -0.27056416
 -0.27056416 -0.27056416 -0.27056416 -0.27056416 -0.27056416 -0.27056416
 -0.27056416 -0.27056416 -0.27056416 -0.27056416 -0.27056416 -0.27056416
 -0.27056416 -0.27056416 -0.27056416 -0.27056416 -0.27056416 -0.27056416
 -0.27056416 -0.27056416 -0.27056416 -0.27056416  6.26864118  1.18954946
 -0.27056416 -0.27056416 -0.27056416 -0.27056416 -0.27056416 -0.27056416
 -0.27056416 -0.27056416 -0.27056416 -0.27056416 -0.27056416  5.57689753
  2.84086689 -0.27056416 -0.27056416 -0.27056416 -0.27056416 -0.27056416
 -0.27056416 -0.27056416 -0.27056416 -0.27056416 -0.27056416 -0.27056416
 -0.27056416 -0.27056416 -0.27056416 -0.27056416 -0.27056416 -0.27056416
 -0.27056416 -0.27056416 -0.27056416 -0.27056416 -0.27056416 -0.27056416
 -0.27056416 -0.27056416 -0.27056416 -0.27056416 -0.27056416 -0.27056416
 -0.27056416 -0.27056416 -0.27056416  1.18031142 -0.27056416  2.04572916
 -0.27056416  0.572084   -0.27056416 -0.27056416  3.45185797 -0.27056416
 -0.27056416 -0.27056416 -0.27056416 -0.27056416  3.33947603 -0.27056416
  1.82955287 -0.18030723  1.85394792 -0.27056416  4.47660696 -0.27056416
 -0.27056416 -0.27056416 -0.27056416 -0.27056416 -0.27056416 -0.27056416
 -0.27056416 -0.27056416 -0.27056416 -0.27056416  0.58451347 -0.27056416
 -0.27056416 -0.27056416 -0.27056416 -0.27056416 -0.27056416 -0.27056416
 -0.27056416 -0.27056416 -0.27056416 -0.27056416 -0.27056416 -0.27056416
 -0.27056416 -0.27056416 -0.27056416 -0.27056416 -0.27056416 -0.27056416
 -0.27056416 -0.27056416 -0.27056416 -0.27056416  0.41129731 -0.27056416
 -0.27056416 -0.27056416 -0.27056416 -0.27056416 -0.27056416 -0.27056416
 -0.27056416  0.25555355 -0.27056416 -0.27056416 -0.27056416 -0.27056416
 -0.27056416 -0.27056416 -0.27056416 -0.27056416 -0.27056416 -0.27056416
  3.96124477 -0.27056416 -0.27056416 -0.27056416 -0.27056416  3.90300615
 -0.27056416 -0.27056416 -0.27056416 -0.27056416 -0.27056416 -0.27056416
 -0.27056416 -0.27056416 -0.27056416 -0.27056416 -0.27056416]",[0.013295964410343974]
9,"[-0.28246817 -0.28246817 -0.28246817 -0.2302737  -0.28246817 -0.28246817
 -0.28246817 -0.28246817 -0.28246817 -0.28246817 -0.28246817 -0.28246817
 -0.28246817 -0.28246817 -0.28246817 -0.28246817 -0.28246817 -0.28246817
 -0.28246817 -0.28246817 -0.28246817 -0.28246817 -0.28246817 -0.28246817
 -0.28246817 -0.28246817 -0.28246817 -0.28246817 -0.28246817 -0.28246817
 -0.28246817 -0.28246817 -0.28246817 -0.28246817 -0.28246817 -0.28246817
 -0.28246817 -0.28246817 -0.28246817 -0.28246817  6.06323959  1.42092603
 -0.28246817 -0.28246817 -0.28246817 -0.28246817 -0.28246817 -0.28246817
 -0.28246817 -0.28246817 -0.28246817 -0.28246817 -0.28246817  5.30146966
  3.76352846 -0.28246817  3.8874426  -0.28246817 -0.28246817 -0.28246817
 -0.28246817 -0.28246817 -0.28246817 -0.28246817 -0.28246817 -0.28246817
 -0.28246817 -0.28246817 -0.28246817 -0.28246817 -0.28246817 -0.28246817
 -0.28246817 -0.28246817 -0.28246817 -0.28246817 -0.28246817 -0.28246817
 -0.28246817 -0.28246817 -0.28246817 -0.28246817 -0.28246817 -0.28246817
 -0.28246817 -0.28246817 -0.28246817 -0.28246817 -0.28246817 -0.28246817
 -0.28246817  0.4607912  -0.28246817 -0.28246817  1.30465431 -0.28246817
 -0.28246817 -0.28246817  0.25405242 -0.28246817  2.3711317  -0.28246817
  2.91772648  2.92111958  2.36526743 -0.28246817  0.65324794 -0.28246817
 -0.28246817 -0.28246817 -0.28246817 -0.28246817 -0.28246817 -0.28246817
 -0.28246817 -0.28246817 -0.28246817 -0.28246817 -0.28246817 -0.28246817
 -0.28246817 -0.28246817 -0.28246817 -0.28246817 -0.28246817 -0.28246817
 -0.28246817 -0.28246817 -0.28246817 -0.28246817 -0.28246817 -0.28246817
 -0.28246817 -0.28246817 -0.28246817 -0.28246817 -0.28246817 -0.28246817
 -0.28246817  4.12318602 -0.28246817 -0.28246817 -0.28246817 -0.28246817
 -0.28246817 -0.28246817 -0.28246817 -0.28246817  2.34646355 -0.28246817
 -0.28246817 -0.28246817 -0.28246817 -0.28246817 -0.28246817 -0.28246817
 -0.28246817 -0.28246817 -0.28246817 -0.28246817 -0.28246817 -0.28246817
 -0.28246817 -0.28246817 -0.28246817 -0.28246817 -0.28246817  1.95756271
 -0.28246817 -0.28246817 -0.28246817 -0.28246817 -0.28246817 -0.28246817
 -0.28246817 -0.28246817 -0.28246817 -0.28246817  3.59583995]",[-0.004983017858073591]
9,"[-0.25333449 -0.25333449 -0.25333449 -0.25333449 -0.25333449 -0.25333449
 -0.25333449 -0.25333449 -0.25333449 -0.25333449 -0.25333449 -0.25333449
 -0.25333449 -0.25333449 -0.25333449 -0.25333449 -0.25333449 -0.25333449
 -0.25333449 -0.25333449 -0.25333449 -0.25333449 -0.25333449 -0.25333449
 -0.25333449 -0.25333449 -0.25333449 -0.25333449 -0.25333449 -0.25333449
 -0.25333449 -0.25333449 -0.25333449 -0.25333449 -0.25333449 -0.25333449
 -0.25333449 -0.25333449 -0.25333449 -0.25333449  5.44024492  0.26919893
 -0.25333449 -0.25333449 -0.25333449 -0.25333449 -0.25333449 -0.25333449
 -0.25333449 -0.25333449 -0.25333449 -0.25333449 -0.25333449  5.91363223
 -0.25333449 -0.25333449 -0.25333449 -0.25333449 -0.25333449 -0.25333449
 -0.25333449 -0.25333449 -0.25333449 -0.25333449 -0.25333449 -0.25333449
 -0.25333449 -0.25333449 -0.25333449 -0.25333449 -0.25333449 -0.25333449
 -0.25333449 -0.25333449 -0.25333449 -0.25333449 -0.25333449 -0.25333449
 -0.25333449 -0.25333449 -0.25333449 -0.25333449 -0.25333449 -0.25333449
 -0.25333449 -0.25333449 -0.25333449 -0.25333449 -0.25333449 -0.25333449
 -0.25333449  0.37423952 -0.25333449 -0.25333449 -0.25333449 -0.25333449
 -0.25333449 -0.25333449  0.29954322 -0.25333449  2.45364773 -0.25333449
  2.54341255  3.65731213  1.02638026 -0.25333449  2.42284349 -0.25333449
 -0.25333449 -0.25333449 -0.25333449 -0.25333449 -0.25333449 -0.25333449
 -0.25333449 -0.25333449 -0.25333449 -0.25333449 -0.25333449 -0.25333449
 -0.25333449 -0.25333449 -0.25333449 -0.25333449 -0.25333449 -0.25333449
 -0.25333449 -0.25333449 -0.25333449 -0.25333449 -0.25333449 -0.25333449
 -0.25333449 -0.25333449 -0.25333449 -0.25333449 -0.25333449 -0.25333449
 -0.25333449  4.80945944 -0.25333449 -0.25333449 -0.25333449 -0.25333449
 -0.25333449 -0.25333449 -0.25333449 -0.25333449  2.49241595 -0.25333449
 -0.25333449 -0.25333449 -0.25333449 -0.25333449 -0.25333449 -0.25333449
 -0.25333449 -0.25333449 -0.25333449 -0.25333449 -0.25333449 -0.25333449
  2.91308563 -0.25333449 -0.25333449 -0.25333449 -0.25333449 -0.25333449
  1.34855716 -0.25333449 -0.25333449 -0.25333449 -0.25333449 -0.25333449
 -0.25333449 -0.25333449 -0.25333449 -0.25333449  5.58288301]",[0.012591049054303027]
9,"[-0.25722836 -0.25722836 -0.25722836 -0.25722836 -0.25722836 -0.25722836
 -0.25722836 -0.25722836 -0.25722836 -0.25722836 -0.25722836 -0.25722836
 -0.25722836 -0.25722836 -0.25722836 -0.25722836 -0.25722836 -0.25722836
 -0.25722836 -0.25722836 -0.25722836 -0.25722836 -0.25722836 -0.25722836
 -0.25722836 -0.25722836 -0.25722836 -0.25722836 -0.25722836 -0.25722836
 -0.25722836 -0.25722836 -0.25722836 -0.25722836 -0.25722836 -0.25722836
 -0.25722836 -0.25722836 -0.25722836 -0.25722836  6.63396211 -0.25722836
 -0.25722836 -0.25722836 -0.25722836 -0.25722836 -0.25722836 -0.25722836
 -0.25722836 -0.25722836 -0.25722836 -0.25722836 -0.25722836  5.07384474
  3.18859894 -0.25722836 -0.25722836 -0.25722836 -0.25722836 -0.25722836
 -0.25722836 -0.25722836 -0.25722836 -0.25722836 -0.25722836 -0.25722836
 -0.25722836 -0.25722836 -0.25722836 -0.25722836 -0.25722836 -0.25722836
 -0.25722836 -0.25722836 -0.25722836 -0.25722836 -0.25722836 -0.25722836
 -0.25722836 -0.25722836 -0.25722836 -0.25722836 -0.25722836 -0.25722836
 -0.25722836 -0.25722836 -0.25722836 -0.25722836 -0.25722836  1.24937056
 -0.25722836 -0.25722836 -0.25722836 -0.25722836  0.77241279 -0.25722836
 -0.25722836 -0.25722836 -0.25722836 -0.25722836  2.23933486 -0.25722836
  2.35369802  1.17935981  1.60812805  3.20051178  1.74163496 -0.25722836
 -0.25722836 -0.25722836 -0.25722836 -0.25722836 -0.25722836 -0.25722836
 -0.25722836 -0.25722836 -0.25722836 -0.25722836 -0.25722836 -0.25722836
 -0.25722836 -0.25722836 -0.25722836 -0.25722836 -0.25722836 -0.25722836
 -0.25722836 -0.25722836 -0.25722836 -0.25722836 -0.25722836 -0.25722836
 -0.25722836 -0.25722836 -0.25722836 -0.25722836 -0.25722836 -0.25722836
 -0.25722836  4.6531278  -0.25722836 -0.25722836 -0.25722836 -0.25722836
 -0.25722836 -0.25722836 -0.25722836 -0.25722836 -0.25722836 -0.25722836
 -0.25722836 -0.25722836 -0.25722836 -0.25722836 -0.25722836 -0.25722836
 -0.25722836 -0.25722836 -0.25722836 -0.25722836 -0.25722836 -0.25722836
  4.32299974 -0.25722836 -0.25722836 -0.25722836 -0.25722836 -0.25722836
 -0.25722836 -0.25722836 -0.25722836 -0.25722836 -0.25722836 -0.25722836
 -0.25722836 -0.25722836 -0.25722836 -0.25722836  4.22569527]",[-0.02209734916706224]
9,"[-0.30991323 -0.30991323 -0.30991323 -0.30991323 -0.30991323 -0.30991323
 -0.30991323 -0.30991323 -0.30991323 -0.30991323 -0.30991323 -0.30991323
 -0.30991323 -0.30991323 -0.30991323 -0.30991323  0.47805151 -0.30991323
 -0.30991323 -0.30991323 -0.30991323 -0.30991323 -0.30991323 -0.30991323
 -0.30991323 -0.30991323 -0.30991323 -0.30991323 -0.30991323 -0.30991323
 -0.30991323 -0.30991323 -0.30991323 -0.30991323 -0.30991323 -0.30991323
 -0.30991323 -0.30991323 -0.30991323 -0.30991323  4.60271118  0.07583357
 -0.30991323 -0.30991323 -0.30991323 -0.30991323 -0.30991323 -0.30991323
 -0.30991323 -0.30991323 -0.30991323 -0.30991323 -0.30991323  5.53150181
  3.25152973 -0.15749356 -0.30991323 -0.30991323 -0.30991323 -0.30991323
 -0.30991323 -0.30991323 -0.30991323 -0.30991323 -0.30991323 -0.30991323
 -0.30991323 -0.30991323 -0.30991323 -0.30991323 -0.30991323 -0.30991323
 -0.30991323 -0.30991323 -0.30991323 -0.30991323 -0.30991323  1.89669505
 -0.30991323 -0.30991323 -0.30991323 -0.30991323 -0.30991323 -0.30991323
 -0.30991323 -0.30991323 -0.30991323  1.69564652 -0.30991323 -0.30991323
  1.75317523  3.36293951 -0.30991323 -0.30991323  0.59016437 -0.30991323
 -0.30991323 -0.30991323 -0.30991323 -0.30991323  3.0299015  -0.30991323
  2.90414226  2.80241145  3.26160899 -0.30991323  0.34172896  0.43429432
  0.57738492 -0.30991323 -0.30991323 -0.30991323 -0.30991323 -0.30991323
 -0.30991323 -0.30991323 -0.30991323 -0.30991323 -0.30991323 -0.30991323
 -0.30991323 -0.30991323 -0.30991323 -0.30991323 -0.30991323 -0.30991323
 -0.30991323 -0.30991323 -0.30991323 -0.30991323 -0.30991323 -0.30991323
 -0.30991323 -0.30991323 -0.30991323 -0.30991323 -0.30991323 -0.30991323
 -0.30991323  3.27561297 -0.30991323 -0.30991323 -0.30991323 -0.30991323
 -0.30991323 -0.30991323 -0.30991323 -0.30991323 -0.30991323 -0.30991323
 -0.30991323 -0.30991323 -0.30991323 -0.30991323 -0.30991323 -0.30991323
 -0.30991323 -0.30991323 -0.30991323 -0.30991323 -0.30991323 -0.30991323
  3.4161188  -0.30991323 -0.30991323 -0.30991323 -0.30991323  0.24729419
  0.41189845 -0.30991323 -0.30991323 -0.30991323 -0.30991323 -0.30991323
 -0.30991323 -0.30991323 -0.30991323 -0.30991323  4.56331149]",[0.023502146502451804]
9,"[-0.24650721 -0.24650721 -0.24650721 -0.10895757 -0.24650721 -0.24650721
 -0.24650721 -0.24650721 -0.24650721 -0.24650721 -0.24650721 -0.24650721
 -0.24650721 -0.24650721 -0.24650721 -0.24650721 -0.24650721 -0.24650721
 -0.24650721 -0.24650721 -0.24650721 -0.24650721 -0.24650721 -0.24650721
 -0.24650721 -0.24650721 -0.24650721 -0.24650721 -0.24650721 -0.24650721
 -0.24650721 -0.24650721 -0.24650721 -0.24650721 -0.24650721 -0.24650721
 -0.24650721 -0.24650721 -0.24650721 -0.24650721  0.97116606  0.2545554
 -0.24650721 -0.24650721 -0.24650721 -0.24650721 -0.24650721 -0.24650721
 -0.24650721 -0.24650721 -0.24650721 -0.24650721 -0.24650721  0.94679499
 -0.24650721 -0.24650721 -0.24650721 -0.24650721 -0.24650721 -0.24650721
 -0.24650721 -0.24650721 -0.24650721 -0.24650721 -0.24650721 -0.24650721
 -0.24650721 -0.24650721 -0.24650721 -0.24650721 -0.24650721 -0.24650721
 -0.24650721 -0.24650721 -0.24650721 -0.24650721 -0.24650721 -0.24650721
 -0.24650721 -0.24650721 -0.24650721 -0.24650721 -0.24650721 -0.24650721
 -0.24650721 -0.24650721 -0.24650721  1.61939052 -0.24650721 -0.24650721
 -0.24650721  1.25567545 -0.24650721  0.40256974  6.43880672 -0.24650721
 -0.24650721 -0.24650721 -0.24650721 -0.24650721  4.41535837 -0.24650721
  5.2881647   1.70259324  4.99210238 -0.24650721  1.29518644  0.58755238
 -0.24650721 -0.24650721 -0.24650721 -0.24650721 -0.24650721 -0.24650721
 -0.24650721 -0.24650721 -0.24650721 -0.24650721 -0.24650721 -0.24650721
 -0.24650721 -0.24650721 -0.24650721 -0.24650721 -0.24650721 -0.24650721
 -0.24650721 -0.24650721 -0.24650721 -0.24650721 -0.24650721 -0.24650721
 -0.24650721 -0.24650721 -0.24650721 -0.24650721 -0.24650721 -0.24650721
 -0.24650721 -0.24650721 -0.24650721 -0.24650721 -0.24650721 -0.24650721
 -0.24650721 -0.24650721 -0.24650721 -0.24650721 -0.24650721 -0.24650721
 -0.24650721  0.59369694 -0.24650721 -0.24650721 -0.24650721 -0.24650721
 -0.24650721 -0.24650721 -0.24650721 -0.24650721 -0.24650721 -0.24650721
  5.23573353 -0.24650721 -0.24650721 -0.24650721 -0.24650721  4.04377934
 -0.24650721 -0.24650721 -0.24650721 -0.24650721 -0.24650721 -0.24650721
 -0.24650721 -0.24650721 -0.24650721 -0.24650721 -0.24650721]",[-0.07396024575337504]
9,"[-0.33064374 -0.33064374 -0.33064374 -0.33064374 -0.33064374 -0.33064374
 -0.33064374  2.391631   -0.33064374 -0.33064374 -0.33064374 -0.33064374
 -0.33064374 -0.33064374 -0.33064374 -0.33064374 -0.33064374 -0.33064374
 -0.33064374 -0.33064374 -0.33064374  2.93472998 -0.33064374 -0.33064374
 -0.33064374 -0.33064374 -0.33064374 -0.33064374  2.52018294 -0.33064374
 -0.33064374 -0.33064374 -0.33064374 -0.33064374 -0.33064374 -0.33064374
 -0.33064374 -0.33064374 -0.33064374 -0.33064374  4.491342   -0.33064374
 -0.33064374 -0.33064374 -0.33064374 -0.33064374 -0.33064374 -0.33064374
 -0.33064374 -0.33064374 -0.33064374 -0.33064374 -0.33064374  5.21150208
 -0.33064374  0.6002441   1.37641192 -0.33064374 -0.33064374  1.84853202
 -0.33064374 -0.33064374 -0.33064374 -0.33064374 -0.33064374 -0.33064374
 -0.33064374 -0.33064374 -0.33064374  0.6002441  -0.33064374 -0.33064374
  0.28584273 -0.33064374 -0.33064374 -0.33064374 -0.33064374 -0.33064374
 -0.33064374 -0.33064374 -0.33064374 -0.33064374 -0.33064374  2.16355928
 -0.33064374 -0.33064374  0.32868271 -0.33064374 -0.33064374 -0.33064374
 -0.33064374  4.08121307 -0.33064374 -0.33064374  1.18682717 -0.33064374
 -0.33064374 -0.33064374 -0.33064374 -0.33064374  2.61688231 -0.33064374
  2.52048356  0.4112201   1.16771699 -0.33064374  3.77741626 -0.33064374
 -0.33064374 -0.33064374 -0.33064374 -0.33064374 -0.33064374 -0.33064374
 -0.33064374 -0.33064374 -0.33064374 -0.33064374 -0.33064374 -0.33064374
 -0.33064374  2.28107974 -0.33064374 -0.33064374 -0.33064374 -0.33064374
 -0.33064374 -0.33064374 -0.33064374 -0.33064374 -0.33064374  1.87019734
 -0.33064374 -0.33064374 -0.33064374 -0.33064374 -0.33064374 -0.33064374
 -0.33064374 -0.33064374 -0.33064374 -0.33064374 -0.33064374 -0.33064374
 -0.33064374 -0.33064374 -0.33064374 -0.33064374 -0.33064374 -0.33064374
 -0.33064374 -0.33064374 -0.33064374 -0.33064374 -0.33064374 -0.33064374
 -0.33064374 -0.33064374 -0.33064374 -0.33064374 -0.33064374 -0.33064374
  4.7520952  -0.33064374 -0.33064374 -0.33064374 -0.33064374 -0.33064374
 -0.33064374  2.1623865  -0.33064374 -0.33064374 -0.33064374 -0.33064374
 -0.33064374 -0.33064374 -0.33064374 -0.33064374 -0.33064374]",[-0.0007830369854165964]
10,"[-0.25673385 -0.25673385 -0.25673385 -0.25673385 -0.25673385 -0.25673385
 -0.25673385 -0.25673385 -0.25673385 -0.25673385 -0.25673385 -0.25673385
 -0.25673385 -0.25673385 -0.25673385 -0.25673385 -0.25673385 -0.25673385
 -0.25673385 -0.25673385 -0.25673385 -0.25673385 -0.25673385 -0.25673385
 -0.25673385 -0.25673385 -0.25673385 -0.25673385 -0.25673385 -0.25673385
 -0.25673385 -0.25673385 -0.25673385 -0.25673385 -0.25673385 -0.25673385
 -0.25673385 -0.25673385 -0.25673385 -0.25673385  6.8853513   0.12397097
 -0.25673385 -0.25673385 -0.25673385 -0.25673385 -0.25673385 -0.25673385
 -0.25673385 -0.25673385 -0.25673385 -0.25673385 -0.25673385 -0.25673385
  0.15785107  0.63552187 -0.25673385 -0.25673385 -0.25673385 -0.25673385
 -0.25673385 -0.25673385 -0.25673385 -0.25673385 -0.25673385 -0.25673385
 -0.25673385 -0.25673385 -0.25673385 -0.25673385 -0.25673385 -0.25673385
 -0.25673385 -0.25673385 -0.25673385 -0.25673385 -0.25673385 -0.25673385
 -0.25673385 -0.25673385 -0.25673385 -0.25673385 -0.25673385 -0.25673385
 -0.25673385 -0.25673385 -0.25673385 -0.25673385  2.24339576 -0.25673385
 -0.25673385  1.73665279 -0.25673385  2.16733888  5.05352889 -0.25673385
 -0.25673385 -0.25673385 -0.25673385 -0.25673385  2.84373475 -0.25673385
  3.38693096  0.62223833  3.51836058 -0.25673385  3.78884115 -0.25673385
 -0.25673385 -0.25673385 -0.25673385 -0.25673385 -0.25673385 -0.25673385
 -0.25673385 -0.25673385 -0.25673385 -0.25673385 -0.25673385 -0.25673385
 -0.25673385 -0.25673385 -0.25673385 -0.25673385 -0.25673385 -0.25673385
 -0.25673385 -0.25673385 -0.25673385 -0.25673385 -0.25673385 -0.25673385
 -0.25673385 -0.25673385 -0.25673385 -0.25673385 -0.25673385 -0.25673385
 -0.25673385  3.05587626 -0.25673385 -0.25673385 -0.25673385 -0.25673385
 -0.25673385 -0.25673385 -0.25673385 -0.25673385 -0.25673385 -0.25673385
 -0.25673385  0.54855724 -0.25673385 -0.25673385 -0.25673385 -0.25673385
 -0.25673385 -0.25673385 -0.25673385 -0.25673385 -0.25673385 -0.25673385
  5.07946669 -0.25673385 -0.25673385 -0.25673385 -0.25673385 -0.25673385
 -0.25673385 -0.25673385 -0.25673385 -0.25673385 -0.25673385 -0.25673385
 -0.25673385 -0.25673385 -0.25673385 -0.25673385 -0.25673385]",[-0.06064811032191175]
10,"[-0.27135871 -0.27135871 -0.27135871 -0.27135871 -0.27135871 -0.27135871
 -0.27135871 -0.27135871 -0.27135871 -0.27135871 -0.27135871 -0.27135871
 -0.27135871 -0.27135871 -0.27135871 -0.27135871 -0.27135871 -0.27135871
 -0.27135871 -0.27135871 -0.27135871 -0.27135871 -0.27135871 -0.27135871
 -0.27135871 -0.27135871 -0.27135871 -0.27135871 -0.27135871 -0.27135871
 -0.27135871 -0.27135871 -0.27135871 -0.27135871 -0.27135871 -0.27135871
 -0.27135871 -0.27135871 -0.27135871 -0.27135871  6.82226996 -0.27135871
 -0.27135871 -0.27135871 -0.27135871 -0.27135871 -0.27135871 -0.27135871
 -0.27135871 -0.27135871 -0.27135871 -0.27135871 -0.27135871 -0.27135871
 -0.27135871 -0.03263191  2.30385573 -0.27135871 -0.27135871 -0.27135871
 -0.27135871 -0.27135871 -0.27135871 -0.27135871 -0.27135871 -0.27135871
 -0.27135871 -0.27135871 -0.27135871 -0.27135871 -0.27135871 -0.27135871
 -0.27135871 -0.27135871 -0.27135871 -0.27135871 -0.27135871  2.07384013
 -0.27135871 -0.27135871 -0.27135871 -0.27135871 -0.27135871 -0.27135871
 -0.27135871 -0.27135871 -0.27135871  2.33428533  1.95733089 -0.27135871
 -0.27135871  3.91868531 -0.27135871 -0.27135871  2.16540584 -0.27135871
 -0.27135871 -0.27135871 -0.27135871 -0.27135871  3.32031644 -0.27135871
 -0.27135871  0.40788559  5.43081822 -0.27135871  4.16640504  1.42747562
 -0.27135871 -0.27135871 -0.27135871 -0.27135871 -0.27135871 -0.27135871
 -0.27135871 -0.27135871 -0.27135871 -0.27135871 -0.27135871 -0.27135871
 -0.27135871 -0.27135871 -0.27135871 -0.27135871 -0.27135871 -0.27135871
 -0.27135871 -0.27135871 -0.27135871 -0.27135871 -0.27135871 -0.27135871
 -0.27135871 -0.27135871 -0.27135871 -0.27135871 -0.27135871 -0.27135871
 -0.27135871 -0.27135871 -0.27135871 -0.27135871 -0.27135871 -0.27135871
 -0.27135871 -0.27135871 -0.27135871 -0.27135871 -0.27135871 -0.27135871
 -0.27135871  1.4353986  -0.27135871 -0.27135871 -0.27135871 -0.27135871
 -0.27135871 -0.27135871 -0.27135871 -0.27135871 -0.27135871 -0.27135871
  3.59171841 -0.27135871 -0.27135871 -0.27135871 -0.27135871  2.55824914
  0.07880341 -0.27135871 -0.27135871 -0.27135871 -0.27135871 -0.27135871
 -0.27135871 -0.27135871 -0.27135871 -0.27135871 -0.27135871]",[-0.016671285975712602]
10,"[-0.21973049 -0.21973049 -0.21973049 -0.16751913 -0.21973049 -0.21973049
 -0.21973049 -0.21973049 -0.21973049 -0.21973049 -0.21973049 -0.21973049
 -0.21973049 -0.21973049 -0.21973049 -0.21973049 -0.21973049 -0.21973049
 -0.21973049 -0.21973049 -0.21973049 -0.21973049 -0.21973049 -0.21973049
 -0.21973049 -0.21973049 -0.21973049 -0.21973049 -0.21973049 -0.21973049
 -0.21973049 -0.21973049 -0.21973049 -0.21973049 -0.21973049 -0.21973049
 -0.21973049 -0.21973049 -0.21973049 -0.21973049  6.65481758 -0.21973049
 -0.21973049 -0.21973049 -0.21973049 -0.21973049 -0.21973049 -0.21973049
 -0.21973049 -0.21973049 -0.21973049 -0.21973049 -0.21973049  0.6215678
 -0.06238676 -0.21973049 -0.21973049 -0.21973049 -0.21973049 -0.21973049
 -0.21973049 -0.21973049 -0.21973049 -0.21973049 -0.21973049 -0.21973049
 -0.21973049 -0.21973049 -0.21973049 -0.21973049 -0.21973049 -0.21973049
 -0.21973049 -0.21973049 -0.21973049 -0.21973049 -0.21973049 -0.21973049
 -0.21973049 -0.21973049 -0.21973049 -0.21973049 -0.21973049 -0.21973049
 -0.21973049 -0.21973049 -0.21973049 -0.21973049 -0.21973049  0.35018499
 -0.21973049  2.02898178 -0.21973049 -0.21973049  5.66969332 -0.21973049
 -0.21973049 -0.21973049 -0.21973049 -0.21973049  3.73973567 -0.21973049
  3.28442773 -0.21973049  4.61652224 -0.21973049  4.75670441 -0.21973049
 -0.21973049 -0.21973049 -0.21973049 -0.21973049 -0.21973049 -0.21973049
 -0.21973049 -0.21973049 -0.21973049 -0.21973049 -0.21973049 -0.21973049
 -0.21973049 -0.21973049 -0.21973049 -0.21973049 -0.21973049 -0.21973049
 -0.21973049 -0.21973049 -0.21973049 -0.21973049 -0.21973049 -0.21973049
 -0.21973049 -0.21973049 -0.21973049 -0.21973049 -0.21973049 -0.21973049
 -0.21973049 -0.21973049 -0.21973049 -0.21973049 -0.21973049 -0.21973049
 -0.21973049 -0.21973049 -0.21973049 -0.21973049 -0.21973049 -0.21973049
 -0.21973049 -0.21973049 -0.21973049 -0.21973049 -0.21973049 -0.21973049
 -0.21973049 -0.21973049 -0.21973049 -0.21973049 -0.21973049 -0.21973049
  4.58544124 -0.21973049 -0.21973049 -0.21973049 -0.21973049  0.39709111
 -0.21973049 -0.21973049 -0.21973049 -0.21973049 -0.21973049 -0.21973049
 -0.21973049 -0.21973049 -0.21973049 -0.21973049 -0.21973049]",[-0.007243941227123046]
10,"[-0.29152137 -0.29152137 -0.29152137 -0.29152137 -0.29152137 -0.29152137
 -0.29152137 -0.29152137 -0.29152137 -0.29152137 -0.29152137 -0.29152137
 -0.29152137 -0.29152137 -0.29152137 -0.29152137 -0.29152137 -0.29152137
 -0.29152137 -0.29152137 -0.29152137 -0.29152137 -0.29152137 -0.29152137
 -0.29152137 -0.29152137 -0.29152137 -0.29152137 -0.29152137 -0.29152137
 -0.29152137 -0.29152137 -0.29152137 -0.29152137 -0.29152137 -0.29152137
 -0.29152137 -0.29152137 -0.29152137 -0.29152137  5.54612863  0.33664836
 -0.29152137 -0.29152137 -0.29152137 -0.29152137 -0.29152137 -0.29152137
 -0.29152137 -0.29152137 -0.29152137 -0.29152137 -0.29152137  5.43364045
  0.58756384 -0.29152137  4.05252642 -0.29152137 -0.29152137 -0.29152137
 -0.29152137 -0.29152137 -0.29152137 -0.29152137 -0.29152137 -0.29152137
 -0.29152137 -0.29152137 -0.29152137 -0.29152137 -0.29152137 -0.29152137
  2.52767368 -0.29152137 -0.29152137 -0.29152137 -0.29152137 -0.29152137
 -0.29152137 -0.29152137 -0.29152137 -0.29152137 -0.29152137 -0.29152137
 -0.29152137 -0.29152137 -0.29152137 -0.29152137 -0.29152137 -0.29152137
 -0.29152137  1.77651194 -0.29152137  1.56843527  0.37124606 -0.29152137
 -0.29152137 -0.29152137 -0.29152137 -0.29152137  2.59727888 -0.29152137
  2.40447345  3.09026594  3.12258203 -0.29152137  3.05221412 -0.29152137
 -0.29152137 -0.29152137 -0.29152137 -0.29152137 -0.29152137 -0.29152137
 -0.29152137 -0.29152137 -0.29152137 -0.29152137 -0.29152137 -0.29152137
 -0.29152137 -0.29152137 -0.29152137 -0.29152137 -0.29152137 -0.29152137
 -0.29152137 -0.29152137 -0.29152137 -0.29152137 -0.29152137 -0.29152137
 -0.29152137 -0.29152137 -0.29152137 -0.29152137 -0.29152137 -0.29152137
 -0.29152137  4.72787532 -0.29152137 -0.29152137 -0.29152137 -0.29152137
 -0.29152137 -0.29152137 -0.29152137 -0.29152137  2.64429774 -0.29152137
 -0.29152137 -0.29152137 -0.29152137 -0.29152137 -0.29152137 -0.29152137
 -0.29152137 -0.29152137 -0.29152137 -0.29152137 -0.29152137 -0.29152137
  0.94407168 -0.29152137 -0.29152137 -0.29152137 -0.29152137  2.15150749
 -0.29152137 -0.29152137 -0.29152137 -0.29152137 -0.29152137 -0.29152137
 -0.29152137 -0.29152137 -0.29152137 -0.29152137 -0.29152137]",[-0.012225062698108413]
10,"[-0.2610844  -0.2610844  -0.2610844  -0.2610844  -0.2610844  -0.2610844
 -0.2610844  -0.2610844  -0.2610844  -0.2610844  -0.2610844  -0.2610844
 -0.2610844  -0.2610844  -0.2610844  -0.2610844   0.40599122 -0.2610844
 -0.2610844  -0.2610844  -0.2610844  -0.2610844  -0.2610844  -0.2610844
 -0.2610844  -0.2610844  -0.2610844  -0.2610844  -0.2610844  -0.2610844
 -0.2610844  -0.2610844  -0.2610844  -0.2610844  -0.2610844  -0.2610844
 -0.2610844  -0.2610844  -0.2610844  -0.2610844   6.43403615  0.24615813
 -0.2610844  -0.2610844  -0.2610844  -0.2610844  -0.2610844  -0.2610844
 -0.2610844  -0.2610844  -0.2610844  -0.2610844  -0.2610844   5.88924122
 -0.2610844  -0.2610844  -0.2610844  -0.2610844  -0.2610844  -0.2610844
 -0.2610844  -0.2610844  -0.2610844  -0.2610844  -0.2610844  -0.2610844
 -0.2610844  -0.2610844  -0.2610844  -0.2610844  -0.2610844  -0.2610844
  2.96860363 -0.2610844  -0.2610844  -0.2610844   3.55962928 -0.2610844
 -0.2610844  -0.2610844  -0.2610844  -0.2610844  -0.2610844  -0.2610844
 -0.2610844  -0.2610844  -0.2610844  -0.2610844   3.79650452  1.95625351
 -0.2610844   1.74017166  1.54894969 -0.2610844   3.21196346 -0.2610844
 -0.2610844  -0.2610844  -0.2610844  -0.2610844   0.66395115 -0.2610844
  3.26501516  0.68043928 -0.2610844  -0.2610844   1.45262137 -0.2610844
 -0.2610844  -0.2610844  -0.2610844  -0.2610844  -0.2610844  -0.2610844
 -0.2610844  -0.2610844  -0.2610844  -0.2610844  -0.2610844  -0.2610844
 -0.2610844  -0.2610844  -0.2610844  -0.2610844  -0.2610844  -0.2610844
 -0.2610844  -0.2610844  -0.2610844  -0.2610844  -0.2610844  -0.2610844
 -0.2610844  -0.2610844  -0.2610844  -0.2610844  -0.2610844  -0.2610844
 -0.2610844  -0.2610844  -0.2610844  -0.2610844  -0.2610844  -0.2610844
 -0.2610844  -0.2610844  -0.2610844  -0.2610844  -0.2610844  -0.2610844
 -0.2610844  -0.2610844  -0.2610844  -0.2610844  -0.2610844  -0.2610844
 -0.2610844  -0.2610844  -0.2610844  -0.2610844  -0.2610844  -0.2610844
  4.73722835 -0.2610844  -0.2610844  -0.2610844  -0.2610844  -0.2610844
 -0.2610844  -0.2610844  -0.2610844  -0.2610844  -0.2610844  -0.2610844
 -0.2610844  -0.2610844  -0.2610844  -0.2610844  -0.2610844 ]",[0.022343530284758634]
10,"[-0.33718007 -0.33718007 -0.33718007 -0.33718007 -0.33718007 -0.33718007
 -0.33718007 -0.33718007 -0.33718007 -0.33718007 -0.33718007 -0.33718007
 -0.33718007 -0.33718007 -0.33718007 -0.33718007  0.31714741 -0.33718007
 -0.33718007 -0.33718007 -0.33718007 -0.33718007 -0.33718007 -0.33718007
 -0.33718007 -0.33718007 -0.33718007 -0.33718007  0.10091766 -0.33718007
 -0.33718007 -0.33718007 -0.33718007 -0.33718007 -0.33718007 -0.33718007
 -0.33718007 -0.33718007 -0.33718007 -0.33718007  5.42380012  2.71603894
 -0.33718007 -0.33718007 -0.33718007 -0.33718007 -0.33718007 -0.33718007
 -0.33718007 -0.33718007 -0.09909862 -0.33718007 -0.33718007  3.90199369
  0.40061476 -0.21061048  0.49263257 -0.33718007 -0.33718007 -0.33718007
 -0.33718007 -0.33718007 -0.33718007 -0.33718007 -0.33718007 -0.33718007
 -0.33718007 -0.33718007 -0.33718007 -0.33718007 -0.33718007 -0.33718007
 -0.25510317 -0.33718007 -0.33718007 -0.33718007 -0.33718007  1.20570116
 -0.33718007 -0.33718007 -0.33718007 -0.33718007 -0.33718007 -0.33718007
 -0.33718007 -0.33718007 -0.33718007  1.32824073  0.54527283  4.21360333
 -0.33718007  2.2856832  -0.33718007 -0.33718007  0.95612553 -0.33718007
 -0.33718007 -0.33718007 -0.33718007 -0.33718007  2.83082221 -0.33718007
  2.86603015  2.58865389  2.22834835 -0.33718007  3.38139303 -0.33718007
 -0.33718007 -0.33718007 -0.33718007 -0.33718007 -0.33718007 -0.33718007
 -0.33718007 -0.33718007 -0.33718007 -0.33718007 -0.33718007 -0.33718007
 -0.33718007 -0.33718007 -0.33718007 -0.33718007 -0.33718007 -0.33718007
 -0.33718007 -0.33718007 -0.33718007 -0.33718007 -0.33718007 -0.33718007
 -0.33718007 -0.33718007 -0.33718007 -0.33718007 -0.33718007 -0.33718007
 -0.33718007  4.30373351 -0.33718007 -0.33718007  0.99066503 -0.33718007
 -0.33718007 -0.33718007 -0.33718007 -0.33718007  0.32947406 -0.33718007
 -0.33718007  0.48856536 -0.33718007 -0.33718007 -0.33718007 -0.33718007
 -0.33718007 -0.33718007 -0.33718007 -0.33718007 -0.33718007 -0.33718007
  2.71261106 -0.33718007 -0.33718007 -0.33718007 -0.33718007  3.73374792
 -0.33718007 -0.33718007 -0.33718007 -0.33718007 -0.33718007 -0.33718007
 -0.33718007 -0.33718007 -0.33718007 -0.33718007  1.13718634]",[0.03833512098817948]
10,"[-0.29520233 -0.29520233 -0.29520233 -0.18993261 -0.29520233 -0.29520233
 -0.29520233 -0.29520233 -0.29520233 -0.29520233 -0.29520233 -0.29520233
 -0.29520233 -0.29520233 -0.29520233 -0.29520233  0.56599202 -0.29520233
 -0.29520233 -0.29520233 -0.29520233 -0.29520233 -0.29520233 -0.29520233
 -0.29520233 -0.29520233 -0.29520233 -0.29520233  0.5995722  -0.29520233
 -0.29520233 -0.29520233 -0.29520233 -0.29520233 -0.29520233 -0.29520233
 -0.29520233 -0.29520233 -0.29520233 -0.29520233  6.14475951  2.33780502
 -0.29520233 -0.29520233 -0.29520233 -0.29520233 -0.29520233 -0.29520233
 -0.29520233 -0.29520233 -0.29520233 -0.29520233 -0.29520233 -0.29520233
 -0.29520233  3.19759903 -0.29520233 -0.29520233 -0.29520233 -0.29520233
 -0.29520233 -0.29520233 -0.29520233 -0.29520233 -0.29520233 -0.29520233
 -0.29520233 -0.29520233 -0.29520233 -0.29520233 -0.29520233 -0.29520233
 -0.29520233 -0.29520233 -0.29520233 -0.29520233 -0.29520233  1.77780336
 -0.29520233 -0.29520233 -0.29520233 -0.29520233 -0.29520233 -0.29520233
 -0.29520233 -0.29520233 -0.29520233  1.82171964 -0.29520233  3.48944243
  0.46030899  5.1874992  -0.29520233 -0.29520233  2.35595961 -0.29520233
 -0.29520233 -0.29520233 -0.29520233 -0.29520233  2.69962858 -0.29520233
  1.69854109 -0.24249517  1.41886053 -0.29520233  3.91615315  2.85067285
 -0.29520233 -0.29520233 -0.29520233 -0.29520233 -0.29520233 -0.29520233
 -0.29520233 -0.29520233 -0.29520233 -0.29520233 -0.29520233 -0.29520233
 -0.29520233 -0.29520233 -0.29520233 -0.29520233 -0.29520233 -0.29520233
 -0.29520233 -0.29520233 -0.29520233 -0.29520233 -0.29520233 -0.29520233
 -0.29520233 -0.29520233 -0.29520233 -0.29520233 -0.29520233 -0.29520233
 -0.29520233 -0.29520233 -0.29520233 -0.29520233 -0.29520233 -0.29520233
 -0.29520233 -0.29520233 -0.29520233 -0.29520233 -0.29520233 -0.29520233
 -0.29520233 -0.29520233 -0.29520233 -0.29520233 -0.29520233 -0.29520233
 -0.29520233 -0.29520233 -0.29520233 -0.29520233 -0.29520233 -0.29520233
  2.92272769 -0.29520233 -0.29520233 -0.29520233 -0.29520233  3.9245536
 -0.29520233 -0.29520233 -0.29520233 -0.29520233 -0.29520233 -0.29520233
 -0.29520233 -0.29520233 -0.29520233 -0.29520233 -0.29520233]",[0.0031349744143620017]
10,"[-0.26470621 -0.26470621 -0.26470621 -0.26470621 -0.26470621 -0.26470621
 -0.26470621 -0.26470621 -0.26470621 -0.26470621 -0.26470621 -0.26470621
 -0.26470621 -0.26470621 -0.26470621 -0.26470621 -0.26470621 -0.26470621
 -0.26470621 -0.26470621 -0.26470621 -0.26470621 -0.26470621 -0.26470621
 -0.26470621 -0.26470621 -0.26470621 -0.26470621 -0.26470621 -0.26470621
 -0.26470621 -0.26470621 -0.26470621 -0.26470621 -0.26470621 -0.26470621
 -0.26470621 -0.26470621 -0.26470621 -0.26470621  5.81947825  0.5005032
 -0.26470621 -0.26470621 -0.26470621 -0.26470621 -0.26470621 -0.26470621
 -0.26470621 -0.26470621 -0.26470621 -0.26470621 -0.26470621 -0.26470621
 -0.16435869 -0.26470621  5.16012182 -0.26470621 -0.26470621 -0.26470621
 -0.26470621 -0.26470621 -0.26470621 -0.26470621 -0.26470621 -0.26470621
 -0.26470621 -0.26470621 -0.26470621 -0.26470621 -0.26470621 -0.26470621
 -0.26470621 -0.26470621 -0.26470621 -0.26470621 -0.26470621 -0.26470621
 -0.26470621 -0.26470621 -0.26470621 -0.26470621 -0.26470621 -0.26470621
 -0.26470621 -0.26470621 -0.26470621 -0.26470621 -0.26470621 -0.26470621
 -0.26470621 -0.26470621 -0.26470621  0.06217137  2.94406386 -0.26470621
 -0.26470621 -0.26470621 -0.26470621 -0.26470621  2.6729103  -0.26470621
  2.11587069  3.11665396  2.82490319 -0.26470621  3.63003312  0.94212797
 -0.26470621 -0.26470621 -0.26470621 -0.26470621 -0.26470621 -0.26470621
 -0.26470621 -0.26470621 -0.26470621 -0.26470621 -0.26470621 -0.26470621
 -0.26470621 -0.26470621 -0.26470621 -0.26470621 -0.26470621 -0.26470621
 -0.26470621 -0.26470621 -0.26470621 -0.26470621 -0.26470621 -0.26470621
 -0.26470621 -0.26470621 -0.26470621 -0.26470621 -0.26470621 -0.26470621
 -0.26470621  4.98434472 -0.26470621 -0.26470621 -0.26470621 -0.26470621
 -0.26470621 -0.26470621 -0.26470621 -0.26470621 -0.26470621 -0.26470621
 -0.26470621 -0.26470621 -0.26470621 -0.26470621 -0.26470621 -0.26470621
 -0.26470621 -0.26470621 -0.26470621 -0.26470621 -0.26470621 -0.26470621
  2.5785845  -0.26470621 -0.26470621 -0.26470621 -0.26470621  1.32077405
 -0.26470621 -0.26470621 -0.26470621 -0.26470621 -0.26470621 -0.26470621
 -0.26470621 -0.26470621 -0.26470621 -0.26470621  4.63892927]",[0.015208375382836703]
10,"[-0.27262362 -0.27262362 -0.27262362 -0.27262362 -0.27262362 -0.27262362
 -0.27262362 -0.27262362 -0.27262362 -0.27262362 -0.27262362 -0.27262362
 -0.27262362 -0.27262362 -0.27262362 -0.27262362  2.59163044 -0.27262362
 -0.27262362 -0.27262362  0.23674896 -0.27262362 -0.27262362 -0.27262362
 -0.27262362 -0.27262362 -0.27262362 -0.27262362  3.21529176 -0.27262362
 -0.27262362 -0.27262362 -0.27262362 -0.27262362 -0.27262362 -0.27262362
 -0.27262362 -0.27262362 -0.27262362 -0.27262362  6.49759643  1.04742804
 -0.27262362 -0.27262362 -0.27262362 -0.27262362 -0.27262362 -0.27262362
 -0.27262362 -0.27262362 -0.27262362 -0.27262362 -0.27262362  0.61435613
 -0.09472196 -0.27262362 -0.27262362 -0.27262362 -0.27262362 -0.27262362
 -0.27262362 -0.27262362 -0.27262362 -0.27262362 -0.27262362 -0.27262362
 -0.27262362 -0.27262362 -0.27262362 -0.27262362 -0.27262362 -0.27262362
 -0.27262362 -0.27262362 -0.27262362 -0.27262362 -0.27262362  3.69948252
 -0.27262362 -0.27262362 -0.27262362 -0.27262362 -0.27262362 -0.27262362
 -0.27262362 -0.27262362 -0.27262362  2.54651094  2.81706308 -0.27262362
 -0.27262362  4.22618504 -0.27262362 -0.27262362  1.1402216  -0.27262362
 -0.27262362 -0.27262362 -0.27262362 -0.27262362 -0.22543823 -0.27262362
  1.11429539 -0.27262362  0.07024196 -0.27262362  4.66118851 -0.27262362
 -0.27262362 -0.27262362 -0.27262362 -0.27262362 -0.27262362 -0.27262362
 -0.27262362 -0.27262362 -0.27262362 -0.27262362 -0.27262362 -0.27262362
 -0.27262362 -0.27262362 -0.27262362 -0.27262362 -0.27262362 -0.27262362
 -0.27262362 -0.27262362 -0.27262362 -0.27262362 -0.27262362 -0.27262362
 -0.27262362 -0.27262362 -0.27262362 -0.27262362 -0.27262362 -0.27262362
 -0.27262362 -0.27262362 -0.27262362 -0.27262362 -0.27262362 -0.27262362
 -0.27262362 -0.27262362 -0.27262362 -0.27262362 -0.27262362 -0.27262362
 -0.27262362 -0.27262362 -0.27262362 -0.27262362 -0.27262362 -0.27262362
 -0.27262362 -0.27262362 -0.27262362 -0.27262362 -0.27262362 -0.27262362
  4.9449968  -0.27262362 -0.27262362 -0.27262362 -0.27262362  3.08005304
 -0.27262362  1.43664896 -0.27262362 -0.27262362 -0.27262362 -0.27262362
 -0.27262362 -0.27262362 -0.27262362 -0.27262362 -0.27262362]",[0.012780242330288571]
10,"[-0.31089582 -0.31089582 -0.31089582 -0.31089582 -0.31089582 -0.31089582
 -0.31089582 -0.31089582 -0.31089582 -0.31089582 -0.31089582 -0.31089582
 -0.31089582 -0.31089582 -0.31089582 -0.31089582 -0.31089582 -0.31089582
 -0.31089582 -0.31089582 -0.31089582 -0.31089582 -0.31089582 -0.31089582
 -0.31089582 -0.31089582 -0.31089582 -0.31089582  0.1523465  -0.31089582
 -0.31089582 -0.31089582 -0.31089582 -0.31089582 -0.31089582 -0.31089582
 -0.31089582 -0.31089582 -0.31089582 -0.31089582  5.27333074  1.52567848
 -0.31089582 -0.31089582 -0.31089582 -0.31089582 -0.31089582 -0.31089582
 -0.31089582 -0.31089582 -0.0591497  -0.31089582 -0.31089582  4.64327483
  0.49765639 -0.31089582  0.90814773 -0.31089582 -0.31089582 -0.31089582
 -0.31089582 -0.31089582 -0.31089582 -0.31089582 -0.31089582 -0.31089582
 -0.31089582 -0.31089582 -0.31089582 -0.31089582 -0.31089582 -0.31089582
  2.24872417 -0.31089582 -0.31089582 -0.31089582 -0.31089582 -0.31089582
 -0.31089582 -0.31089582 -0.31089582 -0.31089582 -0.31089582 -0.31089582
 -0.31089582 -0.31089582 -0.31089582 -0.31089582 -0.31089582  3.71839781
 -0.31089582  3.80027689 -0.31089582  0.26768238  2.07200312 -0.31089582
 -0.31089582 -0.31089582 -0.31089582 -0.31089582  2.72877577 -0.31089582
  1.80858109  2.03869332  2.47023938  4.6186545   3.04482088  0.02781411
 -0.31089582 -0.31089582 -0.31089582 -0.31089582 -0.31089582 -0.31089582
 -0.31089582 -0.31089582 -0.31089582 -0.31089582 -0.31089582 -0.31089582
 -0.31089582 -0.31089582 -0.31089582 -0.31089582 -0.31089582 -0.31089582
 -0.31089582 -0.31089582 -0.31089582 -0.31089582 -0.31089582 -0.31089582
 -0.31089582 -0.31089582 -0.31089582 -0.31089582 -0.31089582 -0.31089582
 -0.31089582 -0.31089582 -0.31089582 -0.31089582 -0.31089582 -0.31089582
 -0.31089582 -0.31089582 -0.31089582 -0.31089582 -0.31089582 -0.31089582
 -0.31089582  0.56224322 -0.31089582 -0.31089582 -0.31089582 -0.31089582
 -0.31089582 -0.31089582 -0.31089582 -0.31089582 -0.31089582 -0.31089582
  2.70066925 -0.31089582 -0.31089582 -0.31089582 -0.31089582  3.76178367
 -0.31089582 -0.31089582 -0.31089582 -0.31089582 -0.31089582 -0.31089582
 -0.31089582 -0.31089582 -0.31089582 -0.31089582 -0.31089582]",[0.017170416202634764]
10,"[-0.2280125  -0.2280125  -0.2280125  -0.2280125  -0.2280125  -0.2280125
 -0.2280125  -0.2280125  -0.2280125  -0.2280125  -0.2280125  -0.2280125
 -0.2280125  -0.2280125  -0.2280125  -0.2280125  -0.2280125  -0.2280125
 -0.2280125  -0.2280125  -0.2280125  -0.2280125  -0.2280125  -0.2280125
 -0.2280125  -0.2280125  -0.2280125  -0.2280125  -0.2280125  -0.2280125
 -0.2280125  -0.2280125  -0.2280125  -0.2280125  -0.2280125  -0.2280125
 -0.2280125  -0.2280125  -0.2280125  -0.2280125   6.54875919 -0.2280125
 -0.2280125  -0.2280125  -0.2280125  -0.2280125  -0.2280125  -0.2280125
 -0.2280125  -0.2280125  -0.2280125  -0.2280125  -0.2280125   6.24408632
 -0.2280125  -0.2280125  -0.2280125  -0.2280125  -0.2280125  -0.2280125
 -0.2280125  -0.2280125  -0.2280125  -0.2280125  -0.2280125  -0.2280125
 -0.2280125  -0.2280125  -0.2280125  -0.2280125  -0.2280125  -0.2280125
 -0.2280125  -0.2280125  -0.2280125  -0.2280125  -0.2280125  -0.2280125
 -0.2280125  -0.2280125  -0.2280125  -0.2280125  -0.2280125  -0.2280125
 -0.2280125  -0.2280125  -0.2280125  -0.2280125  -0.2280125   0.59363089
 -0.2280125  -0.2280125  -0.2280125  -0.2280125   1.22219857 -0.2280125
 -0.2280125  -0.2280125  -0.2280125  -0.2280125   1.99170413 -0.2280125
  0.93607375  2.77324462  1.62893825 -0.2280125   5.30716049 -0.2280125
 -0.2280125  -0.2280125  -0.2280125  -0.2280125  -0.2280125  -0.2280125
 -0.2280125  -0.2280125  -0.2280125  -0.2280125  -0.2280125  -0.2280125
 -0.2280125  -0.2280125  -0.2280125  -0.2280125  -0.2280125  -0.2280125
 -0.2280125  -0.2280125  -0.2280125  -0.2280125  -0.2280125  -0.2280125
  2.81800099 -0.2280125  -0.2280125  -0.2280125  -0.2280125  -0.2280125
 -0.2280125   5.26963148 -0.2280125  -0.2280125  -0.2280125  -0.2280125
 -0.2280125  -0.2280125  -0.2280125  -0.2280125  -0.2280125  -0.2280125
 -0.2280125  -0.2280125  -0.2280125  -0.2280125  -0.2280125  -0.2280125
 -0.2280125  -0.2280125  -0.2280125  -0.2280125  -0.2280125  -0.2280125
  2.74465832 -0.2280125  -0.2280125  -0.2280125  -0.2280125  -0.2280125
 -0.2280125  -0.2280125  -0.2280125  -0.2280125  -0.2280125  -0.2280125
 -0.2280125  -0.2280125  -0.2280125  -0.2280125  -0.2280125 ]",[-0.07441475644257833]
10,"[-3.07544557e-01 -3.07544557e-01 -3.07544557e-01 -3.07544557e-01
 -3.07544557e-01 -3.07544557e-01 -3.07544557e-01 -3.07544557e-01
 -3.07544557e-01 -3.07544557e-01 -3.07544557e-01 -3.07544557e-01
 -3.07544557e-01 -3.07544557e-01 -3.07544557e-01 -3.07544557e-01
 -3.07544557e-01 -3.07544557e-01 -3.07544557e-01 -3.07544557e-01
 -3.07544557e-01 -3.07544557e-01 -3.07544557e-01 -3.07544557e-01
 -3.07544557e-01 -3.07544557e-01 -3.07544557e-01 -3.07544557e-01
  3.24138310e-02 -3.07544557e-01 -3.07544557e-01 -3.07544557e-01
 -3.07544557e-01 -3.07544557e-01 -3.07544557e-01 -3.07544557e-01
 -3.07544557e-01 -3.07544557e-01 -3.07544557e-01 -3.07544557e-01
  4.46151621e+00  1.46483826e+00 -3.07544557e-01 -3.07544557e-01
 -3.07544557e-01 -3.07544557e-01 -3.07544557e-01 -3.07544557e-01
 -3.07544557e-01 -3.07544557e-01 -3.07544557e-01 -3.07544557e-01
 -3.07544557e-01  5.60042083e+00  3.18806656e+00  1.36296815e-03
  3.34935567e+00 -3.07544557e-01 -3.07544557e-01 -3.07544557e-01
 -3.07544557e-01 -3.07544557e-01 -3.07544557e-01 -3.07544557e-01
 -3.07544557e-01 -3.07544557e-01 -3.07544557e-01 -3.07544557e-01
 -3.07544557e-01 -3.07544557e-01 -3.07544557e-01 -3.07544557e-01
  3.50009846e-01 -3.07544557e-01 -3.07544557e-01 -3.07544557e-01
 -3.07544557e-01 -3.07544557e-01 -3.07544557e-01 -3.07544557e-01
 -3.07544557e-01 -3.07544557e-01 -3.07544557e-01 -3.07544557e-01
 -3.07544557e-01 -3.07544557e-01 -3.07544557e-01 -3.07544557e-01
 -3.07544557e-01 -3.07544557e-01 -3.07544557e-01  2.19307616e+00
 -3.07544557e-01 -3.07544557e-01  2.50013957e+00 -1.72514183e-01
 -3.07544557e-01 -3.07544557e-01 -3.07544557e-01 -3.07544557e-01
  3.70337294e+00 -3.07544557e-01  3.02390330e+00  2.91242681e+00
  2.66848105e+00 -3.07544557e-01  1.63499106e+00 -3.07544557e-01
 -3.07544557e-01 -3.07544557e-01 -3.07544557e-01 -3.07544557e-01
 -3.07544557e-01 -3.07544557e-01 -3.07544557e-01 -3.07544557e-01
 -3.07544557e-01 -3.07544557e-01 -3.07544557e-01 -3.07544557e-01
 -3.07544557e-01 -3.07544557e-01 -3.07544557e-01 -3.07544557e-01
 -3.07544557e-01 -3.07544557e-01 -3.07544557e-01 -3.07544557e-01
 -3.07544557e-01 -3.07544557e-01 -3.07544557e-01 -3.07544557e-01
 -3.07544557e-01 -3.07544557e-01 -3.07544557e-01 -3.07544557e-01
 -3.07544557e-01 -3.07544557e-01 -3.07544557e-01  4.42040806e+00
 -3.07544557e-01 -3.07544557e-01 -3.07544557e-01 -3.07544557e-01
 -3.07544557e-01 -3.07544557e-01 -3.07544557e-01 -3.07544557e-01
  2.49513398e+00 -3.07544557e-01 -3.07544557e-01 -3.07544557e-01
 -3.07544557e-01 -3.07544557e-01 -3.07544557e-01 -3.07544557e-01
 -3.07544557e-01 -3.07544557e-01 -3.07544557e-01 -3.07544557e-01
 -3.07544557e-01 -3.07544557e-01  1.39526444e+00 -3.07544557e-01
 -3.07544557e-01 -3.07544557e-01 -3.07544557e-01  3.01146037e+00
 -3.07544557e-01  3.57912265e-01 -3.07544557e-01 -3.07544557e-01
 -3.07544557e-01 -3.07544557e-01 -3.07544557e-01 -3.07544557e-01
 -3.07544557e-01 -3.07544557e-01 -3.07544557e-01]",[-0.002956336152545147]
10,"[-0.26964006 -0.26964006 -0.26964006 -0.26964006 -0.26964006 -0.26964006
 -0.26964006 -0.26964006 -0.26964006 -0.26964006 -0.26964006 -0.26964006
 -0.26964006 -0.26964006 -0.26964006 -0.26964006  0.93896936 -0.26964006
 -0.26964006 -0.26964006 -0.26964006 -0.26964006 -0.26964006 -0.26964006
 -0.26964006 -0.26964006 -0.26964006 -0.26964006  2.33595756 -0.26964006
 -0.26964006 -0.26964006 -0.26964006 -0.26964006 -0.26964006 -0.26964006
 -0.26964006 -0.26964006 -0.26964006 -0.26964006  7.04233065 -0.26964006
 -0.26964006 -0.26964006 -0.26964006 -0.26964006 -0.26964006 -0.26964006
 -0.26964006 -0.26964006 -0.26964006 -0.26964006 -0.26964006  0.45061028
 -0.02735889 -0.26964006 -0.26964006 -0.26964006 -0.26964006 -0.26964006
 -0.26964006 -0.26964006 -0.26964006 -0.26964006 -0.26964006 -0.26964006
 -0.26964006 -0.26964006 -0.26964006 -0.26964006 -0.26964006 -0.26964006
 -0.26964006 -0.26964006 -0.26964006 -0.26964006 -0.26964006  2.73085627
 -0.26964006 -0.26964006 -0.26964006 -0.26964006 -0.26964006 -0.26964006
 -0.26964006 -0.26964006 -0.26964006  1.28263132 -0.26964006 -0.26964006
 -0.26964006  3.01109518 -0.26964006  2.39287402  3.49829745 -0.26964006
 -0.26964006 -0.26964006 -0.26964006 -0.26964006  1.37694377 -0.26964006
 -0.26964006 -0.26964006  1.52795447 -0.26964006  2.98749479  0.424228
 -0.26964006 -0.26964006 -0.26964006 -0.26964006 -0.26964006 -0.26964006
 -0.26964006 -0.26964006 -0.26964006 -0.26964006 -0.26964006 -0.26964006
 -0.26964006 -0.26964006 -0.26964006  1.12447834 -0.26964006 -0.26964006
 -0.26964006 -0.26964006 -0.26964006 -0.26964006 -0.26964006 -0.26964006
 -0.26964006 -0.26964006 -0.26964006 -0.26964006 -0.26964006 -0.26964006
 -0.26964006 -0.26964006 -0.26964006 -0.26964006 -0.26964006 -0.26964006
 -0.26964006 -0.26964006 -0.26964006 -0.26964006 -0.26964006 -0.26964006
 -0.26964006 -0.26964006 -0.26964006 -0.26964006 -0.26964006 -0.26964006
 -0.26964006 -0.26964006 -0.26964006 -0.26964006 -0.26964006 -0.26964006
  5.8700158  -0.26964006 -0.26964006 -0.26964006 -0.26964006  5.03730354
  0.66442483 -0.26964006  0.47330285 -0.26964006 -0.26964006 -0.26964006
 -0.26964006 -0.26964006 -0.26964006 -0.26964006 -0.26964006]",[-1.3775659051686016]
10,"[-0.25490839 -0.25490839 -0.25490839  0.91452482 -0.25490839 -0.25490839
 -0.25490839 -0.25490839 -0.25490839 -0.25490839 -0.25490839 -0.25490839
 -0.25490839 -0.25490839 -0.25490839 -0.25490839 -0.25490839 -0.25490839
 -0.25490839 -0.25490839 -0.25490839 -0.25490839 -0.25490839 -0.25490839
 -0.25490839 -0.25490839 -0.25490839 -0.25490839 -0.25490839 -0.25490839
 -0.25490839 -0.25490839 -0.25490839 -0.25490839 -0.25490839 -0.25490839
 -0.25490839 -0.25490839 -0.25490839 -0.25490839  5.9444754  -0.25490839
 -0.25490839 -0.25490839 -0.25490839 -0.25490839 -0.25490839 -0.25490839
 -0.25490839 -0.25490839 -0.25490839 -0.25490839 -0.25490839  6.15133555
  3.91716731 -0.25490839 -0.25490839 -0.25490839 -0.25490839 -0.25490839
 -0.25490839 -0.25490839 -0.25490839 -0.25490839 -0.25490839 -0.25490839
 -0.25490839 -0.25490839 -0.25490839 -0.25490839 -0.25490839 -0.25490839
 -0.25490839 -0.25490839 -0.25490839 -0.25490839 -0.25490839 -0.25490839
 -0.25490839 -0.25490839 -0.25490839 -0.25490839 -0.25490839 -0.25490839
 -0.25490839 -0.25490839 -0.25490839 -0.25490839 -0.25490839 -0.25490839
 -0.25490839  1.02983701 -0.25490839 -0.25490839  1.54394324 -0.25490839
 -0.25490839 -0.25490839 -0.25490839 -0.25490839  3.26793453 -0.25490839
  3.17422471  3.44774456  3.62407663  3.77791205 -0.25490839 -0.25490839
 -0.25490839 -0.25490839 -0.25490839 -0.25490839 -0.25490839 -0.25490839
 -0.25490839 -0.25490839 -0.25490839 -0.25490839 -0.25490839 -0.25490839
 -0.25490839 -0.25490839 -0.25490839 -0.25490839 -0.25490839 -0.25490839
 -0.25490839 -0.25490839 -0.25490839 -0.25490839 -0.25490839 -0.25490839
 -0.25490839 -0.25490839 -0.25490839 -0.25490839 -0.25490839 -0.25490839
 -0.25490839 -0.25490839 -0.25490839 -0.25490839 -0.25490839 -0.25490839
 -0.25490839 -0.25490839 -0.25490839 -0.25490839 -0.25490839 -0.25490839
 -0.25490839 -0.25490839 -0.25490839 -0.25490839 -0.25490839 -0.25490839
 -0.25490839 -0.25490839 -0.25490839 -0.25490839 -0.25490839 -0.25490839
  3.00604873 -0.25490839 -0.25490839 -0.25490839 -0.25490839  2.5155687
 -0.25490839 -0.25490839 -0.25490839 -0.25490839 -0.25490839 -0.25490839
 -0.25490839 -0.25490839 -0.25490839 -0.25490839 -0.25490839]",[-0.004771810784941211]
10,"[-0.25276888 -0.25276888 -0.25276888 -0.25276888 -0.25276888 -0.25276888
 -0.25276888 -0.25276888 -0.25276888 -0.25276888 -0.25276888 -0.25276888
 -0.25276888 -0.25276888 -0.25276888 -0.25276888 -0.25276888 -0.25276888
 -0.25276888 -0.25276888 -0.25276888 -0.25276888 -0.25276888 -0.25276888
 -0.25276888 -0.25276888 -0.25276888 -0.25276888 -0.25276888 -0.25276888
 -0.25276888 -0.25276888 -0.25276888 -0.25276888 -0.25276888 -0.25276888
 -0.25276888 -0.25276888 -0.25276888 -0.25276888  6.8886205   2.49070662
 -0.25276888 -0.25276888 -0.25276888 -0.25276888 -0.25276888 -0.25276888
 -0.25276888 -0.25276888 -0.25276888 -0.25276888 -0.25276888  6.3082511
 -0.25276888 -0.25276888 -0.25276888 -0.25276888 -0.25276888 -0.25276888
 -0.25276888 -0.25276888 -0.25276888 -0.25276888 -0.25276888 -0.25276888
 -0.25276888 -0.25276888 -0.25276888 -0.25276888 -0.25276888 -0.25276888
  2.12692195 -0.25276888 -0.25276888 -0.25276888 -0.25276888 -0.25276888
 -0.25276888 -0.25276888 -0.25276888 -0.25276888 -0.25276888 -0.25276888
 -0.25276888 -0.25276888 -0.25276888 -0.25276888  1.27037298 -0.25276888
 -0.25276888  3.6484181  -0.25276888 -0.25276888  1.49043977 -0.25276888
 -0.25276888 -0.25276888 -0.25276888 -0.25276888  2.98694989 -0.25276888
  2.32750567  2.92954743  1.20754931 -0.25276888  2.76840538 -0.25276888
 -0.25276888 -0.25276888 -0.25276888 -0.25276888 -0.25276888 -0.25276888
 -0.25276888 -0.25276888 -0.25276888 -0.25276888 -0.25276888 -0.25276888
 -0.25276888 -0.25276888 -0.25276888 -0.25276888 -0.25276888 -0.25276888
 -0.25276888 -0.25276888 -0.25276888 -0.25276888 -0.25276888 -0.25276888
 -0.25276888 -0.25276888 -0.25276888 -0.25276888 -0.25276888 -0.25276888
 -0.25276888 -0.25276888 -0.25276888 -0.25276888 -0.25276888 -0.25276888
 -0.25276888 -0.25276888 -0.25276888 -0.25276888 -0.25276888 -0.25276888
 -0.25276888 -0.25276888 -0.25276888 -0.25276888 -0.25276888 -0.25276888
 -0.25276888 -0.25276888 -0.25276888 -0.25276888 -0.25276888 -0.25276888
  4.56069317 -0.25276888 -0.25276888 -0.25276888 -0.25276888  0.70248315
 -0.25276888 -0.25276888 -0.25276888 -0.25276888 -0.25276888 -0.25276888
 -0.25276888 -0.25276888 -0.25276888 -0.25276888 -0.25276888]",[-0.022616166709351515]
10,"[-0.28644112 -0.28644112 -0.28644112 -0.28644112 -0.28644112 -0.28644112
 -0.28644112 -0.28644112 -0.28644112 -0.28644112 -0.28644112 -0.28644112
 -0.28644112 -0.28644112 -0.28644112 -0.28644112 -0.28644112 -0.28644112
 -0.28644112 -0.28644112 -0.28644112 -0.28644112 -0.28644112 -0.28644112
 -0.28644112 -0.28644112 -0.28644112 -0.28644112 -0.28644112 -0.28644112
 -0.28644112 -0.28644112 -0.28644112 -0.28644112 -0.28644112 -0.28644112
 -0.28644112 -0.28644112 -0.28644112 -0.28644112  2.33306778  0.32632137
 -0.28644112 -0.28644112 -0.28644112 -0.28644112 -0.28644112 -0.28644112
 -0.28644112 -0.28644112 -0.28644112 -0.28644112 -0.28644112  6.05426778
  3.03440825 -0.28644112  3.76511401 -0.28644112 -0.28644112 -0.28644112
 -0.28644112 -0.28644112 -0.28644112 -0.28644112 -0.28644112 -0.28644112
 -0.28644112 -0.28644112 -0.28644112 -0.28644112 -0.28644112 -0.28644112
 -0.28644112 -0.28644112 -0.28644112 -0.28644112 -0.28644112 -0.28644112
 -0.28644112 -0.28644112 -0.28644112 -0.28644112 -0.28644112 -0.28644112
 -0.28644112 -0.28644112 -0.28644112 -0.28644112 -0.28644112 -0.28644112
 -0.28644112  2.59443664 -0.28644112  0.27998917  0.21064752 -0.14358381
 -0.28644112 -0.28644112 -0.28644112 -0.28644112  2.99825306 -0.28644112
  2.90789903  1.28729725  4.0515386  -0.28644112  2.60166588 -0.28644112
 -0.28644112 -0.28644112 -0.28644112 -0.28644112 -0.28644112 -0.28644112
 -0.28644112 -0.28644112 -0.28644112 -0.28644112 -0.28644112 -0.28644112
 -0.28644112 -0.28644112 -0.28644112 -0.28644112 -0.28644112 -0.28644112
 -0.28644112 -0.28644112 -0.28644112 -0.28644112 -0.28644112 -0.28644112
 -0.28644112 -0.28644112 -0.28644112 -0.28644112 -0.28644112 -0.28644112
 -0.28644112 -0.28644112 -0.28644112 -0.28644112 -0.28644112 -0.28644112
 -0.28644112 -0.28644112 -0.28644112 -0.28644112  3.21459006 -0.28644112
 -0.28644112 -0.28644112 -0.28644112 -0.28644112 -0.28644112 -0.28644112
 -0.28644112 -0.28644112 -0.28644112 -0.28644112 -0.28644112 -0.28644112
  1.69198132 -0.28644112 -0.28644112 -0.28644112 -0.28644112  2.92388978
 -0.28644112  0.28616006 -0.28644112 -0.28644112 -0.28644112 -0.28644112
 -0.28644112 -0.28644112 -0.28644112 -0.28644112  5.41263483]",[-0.028775316855625066]
10,"[-0.2430888  -0.2430888  -0.2430888  -0.2430888  -0.2430888  -0.2430888
 -0.2430888  -0.2430888  -0.2430888  -0.2430888  -0.2430888  -0.2430888
 -0.2430888  -0.2430888  -0.2430888  -0.2430888   0.97013146 -0.2430888
 -0.2430888  -0.2430888  -0.2430888  -0.2430888  -0.2430888  -0.2430888
 -0.2430888  -0.2430888  -0.2430888  -0.2430888  -0.2430888  -0.2430888
 -0.2430888  -0.2430888  -0.2430888  -0.2430888  -0.2430888  -0.2430888
 -0.2430888  -0.2430888  -0.2430888  -0.2430888   6.27078224 -0.2430888
 -0.2430888  -0.2430888  -0.2430888  -0.2430888  -0.2430888  -0.2430888
 -0.2430888  -0.2430888  -0.2430888  -0.2430888  -0.2430888  -0.2430888
 -0.2430888  -0.2430888  -0.2430888  -0.2430888  -0.2430888  -0.2430888
 -0.2430888  -0.2430888  -0.2430888  -0.2430888  -0.2430888  -0.2430888
 -0.2430888  -0.2430888  -0.2430888  -0.2430888  -0.2430888  -0.2430888
 -0.2430888  -0.2430888  -0.2430888  -0.2430888  -0.2430888  -0.2430888
 -0.2430888  -0.2430888  -0.2430888  -0.2430888  -0.2430888  -0.2430888
 -0.2430888  -0.2430888  -0.2430888  -0.2430888   3.81589355 -0.2430888
 -0.2430888   0.48546449 -0.2430888   2.63725829  4.21433235 -0.2430888
 -0.2430888  -0.2430888  -0.2430888  -0.2430888   3.73273114 -0.2430888
  3.85697254  1.52059935  5.16054626 -0.2430888   3.69078153 -0.2430888
 -0.2430888  -0.2430888  -0.2430888  -0.2430888  -0.2430888  -0.2430888
 -0.2430888  -0.2430888  -0.2430888  -0.2430888  -0.2430888  -0.2430888
 -0.2430888  -0.2430888  -0.2430888  -0.2430888  -0.2430888  -0.2430888
 -0.2430888  -0.2430888  -0.2430888  -0.2430888  -0.2430888  -0.2430888
 -0.2430888  -0.2430888  -0.2430888  -0.2430888  -0.2430888  -0.2430888
 -0.2430888  -0.2430888  -0.2430888  -0.2430888  -0.2430888  -0.2430888
 -0.2430888  -0.2430888  -0.2430888  -0.2430888  -0.2430888  -0.2430888
 -0.2430888  -0.2430888  -0.2430888  -0.2430888  -0.2430888  -0.2430888
 -0.2430888  -0.2430888  -0.2430888  -0.2430888  -0.2430888  -0.2430888
  4.24033593 -0.2430888  -0.2430888  -0.2430888  -0.2430888  -0.2430888
 -0.2430888  -0.2430888  -0.2430888  -0.2430888  -0.2430888  -0.2430888
 -0.2430888  -0.2430888  -0.2430888  -0.2430888  -0.2430888 ]",[0.01810504548672498]
10,"[-0.23491572 -0.23491572 -0.23491572 -0.23491572 -0.23491572 -0.23491572
 -0.23491572 -0.23491572 -0.23491572 -0.23491572 -0.23491572 -0.23491572
 -0.23491572 -0.23491572 -0.23491572 -0.23491572  0.30623544 -0.23491572
 -0.23491572 -0.23491572 -0.23491572 -0.23491572 -0.23491572 -0.23491572
 -0.23491572 -0.23491572 -0.23491572 -0.23491572 -0.23491572 -0.23491572
 -0.23491572 -0.23491572 -0.23491572 -0.23491572 -0.23491572 -0.23491572
 -0.23491572 -0.23491572 -0.23491572 -0.23491572  5.81518086  2.16400697
 -0.23491572 -0.23491572 -0.23491572 -0.23491572 -0.23491572 -0.23491572
 -0.23491572 -0.23491572 -0.23491572 -0.23491572 -0.23491572  0.91240356
  0.1609116  -0.23491572 -0.23491572 -0.23491572 -0.23491572 -0.23491572
 -0.23491572 -0.23491572 -0.23491572 -0.23491572 -0.23491572 -0.23491572
 -0.23491572 -0.23491572 -0.23491572 -0.23491572 -0.23491572 -0.23491572
 -0.23491572 -0.23491572 -0.23491572 -0.23491572 -0.23491572 -0.23491572
 -0.23491572 -0.23491572 -0.23491572 -0.23491572 -0.23491572 -0.23491572
 -0.23491572 -0.23491572 -0.23491572 -0.23491572 -0.23491572 -0.23491572
 -0.23491572  0.93734575 -0.23491572  1.7956186   2.50330009 -0.23491572
 -0.23491572 -0.23491572 -0.23491572 -0.23491572  3.86310703 -0.23491572
  5.19869826  2.38254006  5.66161392 -0.23491572  0.7488375  -0.23491572
 -0.23491572 -0.23491572 -0.23491572 -0.23491572 -0.23491572 -0.23491572
 -0.23491572 -0.23491572 -0.23491572 -0.23491572 -0.23491572 -0.23491572
 -0.23491572 -0.23491572 -0.23491572 -0.23491572 -0.23491572 -0.23491572
 -0.23491572 -0.23491572 -0.23491572 -0.23491572 -0.23491572 -0.23491572
 -0.23491572 -0.23491572 -0.23491572 -0.23491572 -0.23491572 -0.23491572
 -0.23491572 -0.23491572 -0.23491572 -0.23491572 -0.23491572 -0.23491572
 -0.23491572 -0.23491572 -0.23491572 -0.23491572 -0.23491572 -0.23491572
 -0.23491572 -0.23491572 -0.23491572 -0.23491572 -0.23491572 -0.23491572
 -0.23491572 -0.23491572 -0.23491572 -0.23491572 -0.23491572 -0.23491572
  6.31129472 -0.23491572 -0.23491572 -0.23491572 -0.23491572 -0.23491572
 -0.23491572 -0.23491572 -0.23491572 -0.23491572 -0.23491572 -0.23491572
 -0.23491572 -0.23491572 -0.23491572 -0.23491572 -0.23491572]",[-0.012823748890932019]
10,"[-0.27728597 -0.27728597 -0.27728597 -0.27728597 -0.27728597 -0.27728597
 -0.27728597 -0.27728597 -0.27728597 -0.27728597 -0.27728597 -0.27728597
 -0.27728597 -0.27728597 -0.27728597 -0.27728597  0.5405236  -0.27728597
 -0.27728597 -0.27728597 -0.27728597 -0.27728597 -0.27728597 -0.27728597
 -0.27728597 -0.27728597 -0.27728597 -0.27728597 -0.27728597 -0.27728597
 -0.27728597 -0.27728597 -0.27728597 -0.27728597 -0.27728597 -0.27728597
 -0.27728597 -0.27728597 -0.27728597 -0.27728597  5.90409691 -0.05244629
 -0.27728597 -0.27728597 -0.27728597 -0.27728597 -0.27728597 -0.27728597
 -0.27728597 -0.27728597 -0.27728597 -0.27728597 -0.27728597  5.57428802
  1.32230564 -0.27728597 -0.27728597 -0.27728597 -0.27728597 -0.27728597
 -0.27728597 -0.27728597 -0.27728597 -0.27728597 -0.27728597 -0.27728597
 -0.27728597 -0.27728597 -0.27728597 -0.27728597 -0.27728597 -0.27728597
 -0.12793388 -0.27728597 -0.27728597 -0.27728597 -0.27728597 -0.27728597
 -0.27728597 -0.27728597 -0.27728597 -0.27728597 -0.27728597 -0.27728597
 -0.27728597 -0.27728597 -0.27728597  1.30508093 -0.27728597  0.5752741
 -0.27728597  0.78750502 -0.27728597  0.381306    0.84730763 -0.27728597
 -0.27728597 -0.27728597 -0.27728597 -0.27728597  3.24063124 -0.27728597
  2.38907717  1.14441884  3.36456658 -0.27728597  3.65602109 -0.27728597
 -0.27728597 -0.27728597 -0.27728597 -0.27728597 -0.27728597 -0.27728597
 -0.27728597 -0.27728597 -0.27728597 -0.27728597 -0.27728597 -0.27728597
 -0.27728597 -0.27728597 -0.27728597 -0.27728597 -0.27728597 -0.27728597
 -0.27728597 -0.27728597 -0.27728597 -0.27728597 -0.27728597 -0.27728597
 -0.27728597 -0.27728597 -0.27728597 -0.27728597 -0.27728597 -0.27728597
 -0.27728597  4.8709127  -0.27728597 -0.27728597 -0.27728597 -0.27728597
 -0.27728597 -0.27728597 -0.27728597 -0.27728597 -0.27728597 -0.27728597
 -0.27728597  0.2259012  -0.27728597 -0.27728597 -0.27728597 -0.27728597
 -0.27728597 -0.27728597 -0.27728597 -0.27728597 -0.27728597 -0.27728597
  4.1247098  -0.27728597 -0.27728597 -0.27728597 -0.27728597  3.50625451
 -0.27728597  0.23138309 -0.27728597 -0.27728597 -0.27728597 -0.27728597
 -0.27728597 -0.27728597 -0.27728597 -0.27728597 -0.27728597]",[0.028515440472336034]
10,"[-2.59746582e-01 -2.59746582e-01 -2.59746582e-01 -2.59746582e-01
 -2.59746582e-01 -2.59746582e-01 -2.59746582e-01 -2.59746582e-01
 -2.59746582e-01 -2.59746582e-01 -2.59746582e-01 -2.59746582e-01
 -2.59746582e-01 -2.59746582e-01 -2.59746582e-01 -2.59746582e-01
 -2.59746582e-01 -2.59746582e-01 -2.59746582e-01 -2.59746582e-01
 -2.59746582e-01 -2.59746582e-01 -2.59746582e-01 -2.59746582e-01
 -2.59746582e-01 -2.59746582e-01 -2.59746582e-01 -2.59746582e-01
  2.51352919e-01 -2.59746582e-01 -2.59746582e-01 -2.59746582e-01
 -2.59746582e-01 -2.59746582e-01 -2.59746582e-01 -2.59746582e-01
 -2.59746582e-01 -2.59746582e-01 -2.59746582e-01 -2.59746582e-01
  6.32979763e+00  2.90684659e-01 -2.59746582e-01 -2.59746582e-01
 -2.59746582e-01 -2.59746582e-01 -2.59746582e-01 -2.59746582e-01
 -2.59746582e-01 -2.59746582e-01 -2.59746582e-01 -2.59746582e-01
  1.10509313e+00  5.91249297e+00  9.70935928e-01  1.01528997e+00
 -2.59746582e-01 -2.59746582e-01 -2.59746582e-01 -2.59746582e-01
 -2.59746582e-01 -2.59746582e-01 -2.59746582e-01 -2.59746582e-01
 -2.59746582e-01 -2.59746582e-01 -2.59746582e-01 -2.59746582e-01
 -2.59746582e-01 -2.59746582e-01 -2.59746582e-01 -2.59746582e-01
 -2.59746582e-01 -2.59746582e-01 -2.59746582e-01 -2.59746582e-01
 -2.59746582e-01 -2.59746582e-01 -2.59746582e-01 -2.59746582e-01
 -2.59746582e-01 -2.59746582e-01 -2.59746582e-01 -2.59746582e-01
 -2.59746582e-01 -2.59746582e-01 -2.59746582e-01 -2.59746582e-01
 -2.59746582e-01  5.96625835e-01 -2.59746582e-01  9.72656837e-01
 -2.59746582e-01  2.95023364e-03  1.19650103e+00 -2.59746582e-01
 -2.59746582e-01 -2.59746582e-01 -2.59746582e-01 -2.59746582e-01
  2.88634705e+00 -2.59746582e-01  1.34632663e+00  2.69010454e-01
  3.60821671e+00 -2.59746582e-01  3.17149067e+00 -2.59746582e-01
 -2.59746582e-01 -2.59746582e-01 -2.59746582e-01 -2.59746582e-01
 -2.59746582e-01 -2.59746582e-01 -2.59746582e-01 -2.59746582e-01
 -2.59746582e-01 -2.59746582e-01 -2.59746582e-01 -2.59746582e-01
 -2.59746582e-01 -2.59746582e-01 -2.59746582e-01 -2.59746582e-01
 -2.59746582e-01 -2.59746582e-01 -2.59746582e-01 -2.59746582e-01
 -2.59746582e-01 -2.59746582e-01 -2.59746582e-01 -2.59746582e-01
 -2.59746582e-01 -2.59746582e-01 -2.59746582e-01 -2.59746582e-01
 -2.59746582e-01 -2.59746582e-01 -2.59746582e-01 -2.59746582e-01
 -2.59746582e-01 -2.59746582e-01 -2.59746582e-01 -2.59746582e-01
 -2.59746582e-01 -2.59746582e-01 -2.59746582e-01 -2.59746582e-01
 -2.59746582e-01 -2.59746582e-01 -2.59746582e-01 -2.59746582e-01
 -2.59746582e-01 -2.59746582e-01 -2.59746582e-01 -2.59746582e-01
 -2.59746582e-01 -2.59746582e-01 -2.59746582e-01 -2.59746582e-01
 -2.59746582e-01 -2.59746582e-01  2.94441389e+00 -2.59746582e-01
 -2.59746582e-01 -2.59746582e-01 -2.59746582e-01  2.42235778e+00
 -2.59746582e-01 -2.59746582e-01 -2.59746582e-01 -2.59746582e-01
 -2.59746582e-01 -2.59746582e-01 -2.59746582e-01 -2.59746582e-01
 -2.59746582e-01 -2.59746582e-01  6.26690883e+00]",[-0.058738554230864715]
10,"[-0.31195997 -0.31195997 -0.31195997 -0.31195997 -0.31195997 -0.31195997
 -0.31195997 -0.31195997 -0.31195997 -0.31195997 -0.31195997 -0.31195997
 -0.31195997 -0.31195997 -0.31195997 -0.31195997  0.0873608  -0.31195997
 -0.31195997 -0.31195997 -0.31195997 -0.31195997 -0.31195997 -0.31195997
 -0.31195997 -0.31195997 -0.31195997 -0.31195997 -0.31195997 -0.31195997
 -0.31195997 -0.31195997 -0.31195997 -0.31195997 -0.31195997 -0.31195997
 -0.31195997 -0.31195997 -0.31195997 -0.31195997  5.98405505  1.38344901
 -0.31195997 -0.31195997 -0.31195997 -0.31195997 -0.31195997 -0.31195997
 -0.31195997 -0.31195997  0.0074272  -0.31195997 -0.31195997  5.26282029
  2.85297048 -0.31195997  2.32671686 -0.31195997 -0.31195997 -0.31195997
 -0.31195997 -0.31195997 -0.31195997 -0.31195997 -0.31195997 -0.31195997
 -0.31195997 -0.31195997 -0.31195997 -0.31195997 -0.31195997 -0.31195997
 -0.31195997 -0.31195997 -0.31195997 -0.31195997 -0.31195997 -0.31195997
 -0.31195997 -0.31195997 -0.31195997 -0.31195997 -0.31195997 -0.31195997
 -0.31195997 -0.31195997 -0.31195997 -0.31195997 -0.31195997  0.80359393
 -0.31195997  1.15681006 -0.31195997 -0.22289487 -0.31195997 -0.05812721
 -0.31195997 -0.31195997 -0.31195997 -0.31195997  1.73923098 -0.31195997
  1.1774412   1.87021399  2.23589473  2.46113513  3.13592405  0.9955399
 -0.31195997 -0.31195997 -0.31195997 -0.31195997 -0.31195997 -0.31195997
 -0.31195997 -0.31195997 -0.31195997 -0.31195997 -0.31195997 -0.31195997
 -0.31195997 -0.31195997 -0.31195997 -0.31195997 -0.31195997 -0.31195997
 -0.31195997 -0.31195997 -0.31195997 -0.31195997 -0.31195997 -0.31195997
 -0.31195997 -0.31195997 -0.31195997 -0.31195997 -0.31195997 -0.31195997
 -0.31195997  4.08743434 -0.31195997 -0.31195997  0.59958851 -0.31195997
 -0.31195997 -0.31195997 -0.31195997 -0.31195997  2.21709913 -0.31195997
 -0.31195997 -0.31195997 -0.31195997 -0.31195997 -0.31195997 -0.31195997
 -0.31195997 -0.31195997 -0.31195997 -0.31195997 -0.31195997 -0.31195997
  1.97566434 -0.31195997 -0.31195997 -0.31195997 -0.31195997  1.19591193
 -0.31195997 -0.31195997 -0.31195997 -0.31195997 -0.31195997 -0.31195997
 -0.31195997 -0.31195997 -0.31195997 -0.31195997  5.0785355 ]",[-0.0174039567326707]
10,"[-0.25386071 -0.25386071 -0.25386071 -0.21017161 -0.25386071 -0.25386071
 -0.25386071 -0.25386071 -0.25386071 -0.25386071 -0.25386071 -0.25386071
 -0.25386071 -0.25386071 -0.25386071 -0.25386071 -0.25386071 -0.25386071
 -0.25386071 -0.25386071 -0.25386071 -0.25386071 -0.25386071 -0.25386071
 -0.25386071 -0.25386071 -0.25386071 -0.25386071 -0.25386071 -0.25386071
 -0.25386071 -0.25386071 -0.25386071 -0.25386071 -0.25386071 -0.25386071
 -0.25386071 -0.25386071 -0.25386071 -0.25386071  2.41027417 -0.25386071
 -0.25386071 -0.25386071 -0.25386071 -0.25386071 -0.25386071 -0.25386071
 -0.25386071 -0.25386071 -0.25386071 -0.25386071 -0.25386071  6.94069117
 -0.25386071  0.04696095 -0.25386071 -0.25386071 -0.25386071 -0.25386071
 -0.25386071 -0.25386071 -0.25386071 -0.25386071 -0.25386071 -0.25386071
 -0.25386071 -0.25386071 -0.25386071 -0.25386071 -0.25386071 -0.25386071
 -0.25386071 -0.25386071 -0.25386071 -0.25386071 -0.25386071 -0.25386071
 -0.25386071 -0.25386071 -0.25386071 -0.25386071 -0.25386071 -0.25386071
 -0.25386071 -0.25386071 -0.25386071 -0.25386071  1.70692069 -0.25386071
 -0.25386071  3.33268362 -0.25386071 -0.25386071  0.75856912 -0.25386071
 -0.25386071 -0.25386071 -0.25386071 -0.25386071  3.05031851 -0.25386071
  2.9514129   0.70512307  3.04302368  4.93616332  2.74789573 -0.25386071
 -0.25386071 -0.25386071 -0.25386071 -0.25386071 -0.25386071 -0.25386071
 -0.25386071 -0.25386071 -0.25386071 -0.25386071 -0.25386071 -0.25386071
 -0.25386071 -0.25386071 -0.25386071 -0.25386071 -0.25386071 -0.25386071
 -0.25386071 -0.25386071 -0.25386071 -0.25386071 -0.25386071 -0.25386071
 -0.25386071 -0.25386071 -0.25386071 -0.25386071 -0.25386071 -0.25386071
 -0.25386071  2.65887367 -0.25386071 -0.25386071 -0.25386071 -0.25386071
 -0.25386071 -0.25386071 -0.25386071 -0.25386071 -0.25386071 -0.25386071
 -0.25386071 -0.25386071 -0.25386071 -0.25386071 -0.25386071 -0.25386071
 -0.25386071 -0.25386071 -0.25386071 -0.25386071 -0.25386071 -0.25386071
  5.72548872 -0.25386071 -0.25386071 -0.25386071 -0.25386071 -0.25386071
 -0.25386071  0.57506722 -0.25386071 -0.25386071 -0.25386071 -0.25386071
 -0.25386071 -0.25386071 -0.25386071 -0.25386071 -0.25386071]",[-0.05337763214036301]
10,"[-0.29090712 -0.29090712 -0.29090712 -0.29090712 -0.29090712 -0.29090712
 -0.29090712 -0.29090712 -0.29090712 -0.29090712 -0.29090712 -0.29090712
 -0.29090712 -0.29090712 -0.29090712 -0.29090712 -0.29090712 -0.29090712
 -0.29090712 -0.29090712 -0.29090712 -0.29090712 -0.29090712 -0.29090712
 -0.29090712 -0.29090712 -0.29090712 -0.29090712 -0.29090712 -0.29090712
 -0.29090712 -0.29090712 -0.29090712 -0.29090712 -0.29090712 -0.29090712
 -0.29090712 -0.29090712 -0.29090712 -0.29090712  4.81053988 -0.29090712
 -0.29090712 -0.29090712 -0.29090712 -0.29090712 -0.29090712 -0.29090712
 -0.29090712 -0.29090712 -0.29090712 -0.29090712 -0.29090712  5.34601225
  0.30162883  0.88316731 -0.29090712 -0.29090712 -0.29090712 -0.29090712
 -0.29090712 -0.29090712 -0.29090712 -0.29090712 -0.29090712 -0.29090712
 -0.29090712 -0.29090712 -0.29090712 -0.29090712 -0.29090712 -0.29090712
 -0.29090712 -0.29090712 -0.29090712 -0.29090712 -0.29090712 -0.29090712
 -0.29090712 -0.29090712 -0.29090712 -0.29090712 -0.29090712 -0.29090712
 -0.29090712 -0.29090712 -0.29090712 -0.29090712 -0.29090712 -0.29090712
 -0.29090712  1.18651284 -0.29090712 -0.29090712  3.08342413 -0.29090712
 -0.29090712 -0.29090712 -0.29090712 -0.29090712  2.60297945 -0.29090712
  2.52797797  3.34373386  2.35258061  4.29965013  3.80270769 -0.29090712
 -0.29090712 -0.29090712 -0.29090712 -0.29090712 -0.29090712 -0.29090712
 -0.29090712 -0.29090712 -0.29090712 -0.29090712 -0.29090712 -0.29090712
 -0.29090712 -0.29090712 -0.29090712 -0.29090712 -0.29090712 -0.29090712
 -0.29090712 -0.29090712 -0.29090712 -0.29090712 -0.29090712 -0.29090712
 -0.29090712 -0.29090712 -0.29090712 -0.29090712 -0.29090712 -0.29090712
 -0.29090712  1.45907143 -0.29090712 -0.29090712 -0.29090712 -0.29090712
 -0.29090712 -0.29090712 -0.29090712 -0.29090712  1.71648162 -0.29090712
 -0.29090712 -0.29090712 -0.29090712 -0.29090712 -0.29090712 -0.29090712
 -0.29090712 -0.29090712 -0.29090712 -0.29090712 -0.29090712 -0.29090712
  2.4870163  -0.29090712 -0.29090712 -0.29090712 -0.29090712  4.8267269
 -0.29090712 -0.29090712 -0.29090712 -0.29090712 -0.29090712 -0.29090712
 -0.29090712 -0.29090712 -0.29090712 -0.29090712  2.09674197]",[0.010430237473090131]
10,"[-0.23419908 -0.23419908 -0.23419908 -0.23419908 -0.23419908 -0.23419908
 -0.23419908 -0.23419908 -0.23419908 -0.23419908 -0.23419908 -0.23419908
 -0.23419908 -0.23419908 -0.23419908 -0.23419908 -0.23419908 -0.23419908
 -0.23419908 -0.23419908 -0.23419908 -0.23419908 -0.23419908 -0.23419908
 -0.23419908 -0.23419908 -0.23419908 -0.23419908 -0.23419908 -0.23419908
 -0.23419908 -0.23419908 -0.23419908 -0.23419908 -0.23419908 -0.23419908
 -0.23419908 -0.23419908 -0.23419908 -0.23419908  0.7901086   0.52694753
 -0.23419908 -0.23419908 -0.23419908 -0.23419908 -0.23419908 -0.23419908
 -0.23419908 -0.23419908 -0.23419908 -0.23419908 -0.23419908  1.20692087
 -0.23419908 -0.23419908 -0.23419908 -0.23419908 -0.23419908 -0.23419908
 -0.23419908 -0.23419908 -0.23419908 -0.23419908 -0.23419908 -0.23419908
 -0.23419908 -0.23419908 -0.23419908 -0.23419908 -0.23419908 -0.23419908
 -0.23419908 -0.23419908 -0.23419908 -0.23419908 -0.23419908 -0.23419908
 -0.23419908 -0.23419908 -0.23419908 -0.23419908 -0.23419908 -0.23419908
 -0.23419908 -0.23419908 -0.23419908 -0.23419908  0.7901086  -0.23419908
 -0.23419908  0.77521919 -0.23419908 -0.23419908  1.98440139 -0.23419908
 -0.23419908 -0.23419908 -0.23419908 -0.23419908  4.19324541 -0.23419908
  3.55246864  1.58237134  6.23960543 -0.23419908  5.05383596 -0.23419908
 -0.23419908 -0.23419908 -0.23419908 -0.23419908 -0.23419908 -0.23419908
 -0.23419908 -0.23419908 -0.23419908 -0.23419908 -0.23419908 -0.23419908
 -0.23419908 -0.23419908 -0.23419908 -0.23419908 -0.23419908 -0.23419908
 -0.23419908 -0.23419908 -0.23419908 -0.23419908 -0.23419908 -0.23419908
 -0.23419908 -0.23419908 -0.23419908 -0.23419908 -0.23419908 -0.23419908
 -0.23419908 -0.23419908 -0.23419908 -0.23419908 -0.23419908 -0.23419908
 -0.23419908 -0.23419908 -0.23419908 -0.23419908 -0.23419908 -0.23419908
 -0.23419908  0.39604359 -0.23419908 -0.23419908 -0.23419908 -0.23419908
 -0.23419908 -0.23419908 -0.23419908 -0.23419908 -0.23419908 -0.23419908
  7.61652997 -0.23419908 -0.23419908 -0.23419908 -0.23419908  2.22815882
 -0.23419908 -0.23419908 -0.23419908 -0.23419908 -0.23419908 -0.23419908
 -0.23419908 -0.23419908 -0.23419908 -0.23419908  1.47268354]",[-0.04342239118686353]
10,"[-0.24940272 -0.24940272 -0.24940272 -0.24940272 -0.24940272 -0.24940272
 -0.24940272 -0.24940272 -0.24940272 -0.24940272 -0.24940272 -0.24940272
 -0.24940272 -0.24940272 -0.24940272 -0.24940272 -0.24940272 -0.24940272
 -0.24940272 -0.24940272 -0.24940272 -0.24940272 -0.24940272 -0.24940272
 -0.24940272 -0.24940272 -0.24940272 -0.24940272 -0.24940272 -0.24940272
 -0.24940272 -0.24940272 -0.24940272 -0.24940272 -0.24940272 -0.24940272
 -0.24940272 -0.24940272 -0.24940272 -0.24940272  2.76537998 -0.24940272
 -0.24940272 -0.24940272 -0.24940272 -0.24940272 -0.24940272 -0.24940272
 -0.24940272 -0.24940272 -0.24940272 -0.24940272 -0.24940272  7.49107693
  0.29179659 -0.24940272 -0.24940272 -0.24940272 -0.24940272 -0.24940272
 -0.24940272 -0.24940272 -0.24940272 -0.24940272 -0.24940272 -0.24940272
 -0.24940272 -0.24940272 -0.24940272 -0.24940272 -0.24940272 -0.24940272
  1.91586473 -0.24940272 -0.24940272 -0.24940272 -0.24940272 -0.24940272
 -0.24940272 -0.24940272 -0.24940272 -0.24940272 -0.24940272 -0.24940272
 -0.24940272 -0.24940272 -0.24940272 -0.24940272  1.94990141 -0.24940272
 -0.24940272 -0.24940272 -0.24940272 -0.24940272  1.22442767 -0.24940272
 -0.24940272 -0.24940272 -0.24940272 -0.24940272  3.80140601 -0.24940272
  2.7460969   1.50660635  3.49977921  4.8379975   4.62940761 -0.24940272
 -0.24940272 -0.24940272 -0.24940272 -0.24940272 -0.24940272 -0.24940272
 -0.24940272 -0.24940272 -0.24940272 -0.24940272 -0.24940272 -0.24940272
 -0.24940272 -0.24940272 -0.24940272 -0.24940272 -0.24940272 -0.24940272
 -0.24940272 -0.24940272 -0.24940272 -0.24940272 -0.24940272 -0.24940272
 -0.24940272 -0.24940272 -0.24940272 -0.24940272 -0.24940272 -0.24940272
 -0.24940272 -0.24940272 -0.24940272 -0.24940272 -0.24940272 -0.24940272
 -0.24940272 -0.24940272 -0.24940272 -0.24940272 -0.24940272 -0.24940272
 -0.24940272 -0.24940272 -0.24940272 -0.24940272 -0.24940272 -0.24940272
 -0.24940272 -0.24940272 -0.24940272 -0.24940272 -0.24940272 -0.24940272
  3.74263841 -0.24940272 -0.24940272 -0.24940272 -0.24940272  0.74906959
 -0.24940272 -0.24940272 -0.24940272 -0.24940272 -0.24940272 -0.24940272
 -0.24940272 -0.24940272 -0.24940272 -0.24940272 -0.24940272]",[-0.0237476546947539]
10,"[-0.28320209 -0.28320209 -0.28320209 -0.28320209 -0.28320209 -0.28320209
 -0.28320209 -0.28320209 -0.28320209 -0.28320209 -0.28320209 -0.28320209
 -0.28320209 -0.28320209 -0.28320209 -0.28320209 -0.28320209 -0.28320209
 -0.28320209 -0.28320209 -0.28320209 -0.28320209 -0.28320209 -0.28320209
 -0.28320209 -0.28320209 -0.28320209 -0.28320209 -0.28320209 -0.28320209
 -0.28320209 -0.28320209 -0.28320209 -0.28320209 -0.28320209 -0.28320209
 -0.28320209 -0.28320209 -0.28320209 -0.28320209  5.58268159  1.90118243
 -0.28320209 -0.28320209 -0.28320209 -0.28320209 -0.28320209 -0.28320209
 -0.28320209 -0.28320209 -0.28320209 -0.28320209 -0.28320209  5.79083611
  3.28811707 -0.28320209  3.83599541 -0.28320209 -0.28320209 -0.28320209
 -0.28320209 -0.28320209 -0.28320209 -0.28320209 -0.28320209 -0.28320209
 -0.28320209 -0.28320209 -0.28320209 -0.28320209 -0.28320209 -0.28320209
 -0.28320209 -0.28320209 -0.28320209 -0.28320209 -0.28320209 -0.28320209
 -0.28320209 -0.28320209 -0.28320209 -0.28320209 -0.28320209 -0.28320209
 -0.28320209 -0.28320209 -0.28320209 -0.28320209 -0.28320209 -0.28320209
 -0.28320209  3.31452341 -0.28320209 -0.17185326  0.76168814 -0.28320209
 -0.28320209 -0.28320209 -0.28320209 -0.28320209  2.47285053  2.81123439
  1.84629392  2.73036668  2.59288499 -0.28320209  2.56786577 -0.28320209
 -0.28320209 -0.28320209 -0.28320209 -0.28320209 -0.28320209 -0.28320209
 -0.28320209 -0.28320209 -0.28320209 -0.28320209 -0.28320209 -0.28320209
 -0.28320209 -0.28320209 -0.28320209 -0.28320209 -0.28320209 -0.28320209
 -0.28320209 -0.28320209 -0.28320209 -0.28320209 -0.28320209 -0.28320209
 -0.28320209 -0.28320209 -0.28320209 -0.28320209 -0.28320209 -0.28320209
 -0.28320209  4.63395714 -0.28320209 -0.28320209 -0.28320209 -0.28320209
 -0.28320209 -0.28320209 -0.28320209 -0.28320209 -0.28320209 -0.28320209
 -0.28320209 -0.28320209 -0.28320209 -0.28320209 -0.28320209 -0.28320209
 -0.28320209 -0.28320209 -0.28320209 -0.28320209 -0.28320209 -0.28320209
  0.3084387  -0.28320209 -0.28320209 -0.28320209 -0.28320209  0.64902728
 -0.28320209 -0.28320209 -0.28320209 -0.28320209 -0.28320209 -0.28320209
 -0.28320209 -0.28320209 -0.28320209 -0.28320209  0.67944575]",[-0.018624557766352468]
10,"[-0.25726819 -0.25726819 -0.25726819 -0.25726819 -0.25726819 -0.25726819
 -0.25726819 -0.25726819 -0.25726819 -0.25726819 -0.25726819 -0.25726819
 -0.25726819 -0.25726819 -0.25726819 -0.25726819 -0.25726819 -0.25726819
 -0.25726819 -0.25726819 -0.25726819 -0.25726819 -0.25726819 -0.25726819
 -0.25726819 -0.25726819 -0.25726819 -0.25726819 -0.25726819 -0.25726819
 -0.25726819 -0.25726819 -0.25726819 -0.25726819 -0.25726819 -0.25726819
 -0.25726819 -0.25726819 -0.25726819 -0.25726819  6.46116992  1.64096612
 -0.25726819 -0.25726819 -0.25726819 -0.25726819 -0.25726819 -0.25726819
 -0.25726819 -0.25726819 -0.25726819 -0.25726819 -0.25726819  5.62594512
  1.29663171 -0.25726819 -0.25726819 -0.25726819 -0.25726819 -0.25726819
 -0.25726819 -0.25726819 -0.25726819 -0.25726819 -0.25726819 -0.25726819
 -0.25726819 -0.25726819 -0.25726819 -0.25726819 -0.25726819 -0.25726819
 -0.25726819 -0.25726819 -0.25726819 -0.25726819 -0.25726819 -0.25726819
 -0.25726819 -0.25726819 -0.25726819 -0.25726819 -0.25726819 -0.25726819
 -0.25726819 -0.25726819 -0.25726819 -0.25726819 -0.25726819  1.32510509
 -0.25726819  0.8177116  -0.25726819 -0.25726819  3.40922309 -0.25726819
 -0.25726819 -0.25726819 -0.25726819 -0.25726819  3.78435974 -0.25726819
  2.91679844  1.45064913  2.02519117 -0.25726819  3.30317237 -0.25726819
 -0.25726819 -0.25726819 -0.25726819 -0.25726819 -0.25726819 -0.25726819
 -0.25726819 -0.25726819 -0.25726819 -0.25726819 -0.25726819 -0.25726819
 -0.25726819 -0.25726819 -0.25726819 -0.25726819 -0.25726819 -0.25726819
 -0.25726819 -0.25726819 -0.25726819 -0.25726819 -0.25726819 -0.25726819
 -0.25726819 -0.25726819 -0.25726819 -0.25726819 -0.25726819 -0.25726819
 -0.25726819 -0.25726819 -0.25726819 -0.25726819 -0.25726819 -0.25726819
 -0.25726819 -0.25726819 -0.25726819 -0.25726819 -0.25726819 -0.25726819
 -0.25726819 -0.25726819 -0.25726819 -0.25726819 -0.25726819 -0.25726819
 -0.25726819 -0.25726819 -0.25726819 -0.25726819 -0.25726819 -0.25726819
  4.93724151 -0.25726819 -0.25726819 -0.25726819 -0.25726819  3.45508691
 -0.25726819 -0.25726819 -0.25726819 -0.25726819 -0.25726819 -0.25726819
 -0.25726819 -0.25726819 -0.25726819 -0.25726819 -0.25726819]",[-0.023575907341344515]
10,"[-0.28745119 -0.28745119 -0.28745119 -0.18765135 -0.28745119 -0.28745119
 -0.28745119 -0.28745119 -0.28745119 -0.28745119 -0.28745119 -0.28745119
 -0.28745119 -0.28745119 -0.28745119 -0.28745119 -0.28745119 -0.28745119
 -0.28745119 -0.28745119 -0.28745119 -0.28745119 -0.28745119 -0.28745119
 -0.28745119 -0.28745119 -0.28745119 -0.28745119 -0.28745119 -0.28745119
 -0.28745119 -0.28745119 -0.28745119 -0.28745119 -0.28745119 -0.28745119
 -0.28745119 -0.28745119 -0.28745119 -0.28745119  5.76774559  1.12876249
 -0.28745119 -0.28745119 -0.28745119 -0.28745119 -0.28745119 -0.28745119
 -0.28745119 -0.28745119 -0.28745119 -0.28745119 -0.28745119  5.3719391
  3.71544327 -0.28745119  4.27454609 -0.28745119 -0.28745119 -0.28745119
 -0.28745119 -0.28745119 -0.28745119 -0.28745119 -0.28745119 -0.28745119
 -0.28745119 -0.28745119 -0.28745119 -0.28745119 -0.28745119 -0.28745119
 -0.28745119 -0.28745119 -0.28745119 -0.28745119 -0.28745119 -0.28745119
 -0.28745119 -0.28745119 -0.28745119 -0.28745119 -0.28745119 -0.28745119
 -0.28745119 -0.28745119 -0.28745119 -0.28745119 -0.28745119 -0.28745119
 -0.28745119  2.16323281 -0.28745119 -0.28745119  0.75503348 -0.28745119
 -0.28745119 -0.28745119 -0.28745119 -0.28745119  2.26677762 -0.28745119
  2.42403409  3.53618467  2.32313643 -0.28745119  0.89864217 -0.28745119
 -0.28745119 -0.28745119 -0.28745119 -0.28745119 -0.28745119 -0.28745119
 -0.28745119 -0.28745119 -0.28745119 -0.28745119 -0.28745119 -0.28745119
 -0.28745119 -0.28745119 -0.28745119 -0.28745119 -0.28745119 -0.28745119
 -0.28745119 -0.28745119 -0.28745119 -0.28745119 -0.28745119 -0.28745119
 -0.28745119 -0.28745119 -0.28745119 -0.28745119 -0.28745119 -0.28745119
 -0.28745119  4.28273853 -0.28745119 -0.28745119 -0.28745119 -0.28745119
 -0.28745119 -0.28745119 -0.28745119 -0.28745119  2.18541983 -0.28745119
 -0.28745119 -0.28745119 -0.28745119 -0.28745119 -0.28745119 -0.28745119
 -0.28745119 -0.28745119 -0.28745119 -0.28745119 -0.28745119 -0.28745119
  0.66887121 -0.28745119 -0.28745119 -0.28745119 -0.28745119  1.81347577
 -0.28745119 -0.28745119 -0.28745119 -0.28745119 -0.28745119 -0.28745119
 -0.28745119 -0.28745119 -0.28745119 -0.28745119  2.89131   ]",[-0.02396341776660743]
10,"[-0.27932571 -0.27932571 -0.27932571 -0.27932571 -0.27932571 -0.27932571
 -0.27932571 -0.27932571 -0.27932571 -0.27932571 -0.27932571 -0.27932571
 -0.27932571 -0.27932571 -0.27932571 -0.27932571 -0.27932571 -0.27932571
 -0.27932571 -0.27932571 -0.27932571 -0.27932571 -0.27932571 -0.27932571
 -0.27932571 -0.27932571 -0.27932571 -0.27932571 -0.27932571 -0.27932571
 -0.27932571 -0.27932571 -0.27932571 -0.27932571 -0.27932571 -0.27932571
 -0.27932571 -0.27932571 -0.27932571 -0.27932571  6.06033193 -0.06421369
 -0.27932571 -0.27932571 -0.27932571 -0.27932571 -0.27932571 -0.27932571
 -0.27932571 -0.27932571 -0.27932571 -0.27932571 -0.27932571  5.00995772
  2.84982883  0.46479685  0.04601948 -0.27932571 -0.27932571 -0.27932571
 -0.27932571 -0.27932571 -0.27932571 -0.27932571 -0.27932571 -0.27932571
 -0.27932571 -0.27932571 -0.27932571 -0.27932571 -0.27932571 -0.27932571
 -0.18118037 -0.27932571 -0.27932571 -0.27932571 -0.27932571 -0.27932571
 -0.27932571 -0.27932571 -0.27932571 -0.27932571 -0.27932571 -0.27932571
 -0.27932571 -0.27932571 -0.27932571 -0.27932571 -0.27932571  1.94371345
 -0.27932571  1.54110478 -0.27932571 -0.27932571  0.1955169  -0.27932571
 -0.27932571 -0.27932571 -0.27932571 -0.27932571  2.25989044 -0.27932571
  1.31315847  1.31347583  1.47965037  2.50209962  3.35100211 -0.27932571
 -0.27932571 -0.27932571 -0.27932571 -0.27932571  0.19443916 -0.27932571
 -0.27932571 -0.27932571 -0.27932571 -0.27932571 -0.27932571 -0.27932571
 -0.27932571 -0.27932571 -0.27932571 -0.27932571 -0.27932571 -0.27932571
 -0.27932571 -0.27932571 -0.27932571 -0.27932571 -0.27932571 -0.27932571
 -0.27932571 -0.27932571 -0.27932571 -0.27932571 -0.27932571 -0.27932571
 -0.27932571  4.4521147  -0.27932571 -0.27932571 -0.27932571 -0.27932571
 -0.27932571 -0.27932571 -0.27932571 -0.27932571 -0.27932571 -0.27932571
 -0.27932571 -0.27932571 -0.27932571 -0.27932571 -0.27932571 -0.27932571
 -0.27932571 -0.27932571 -0.27932571 -0.27932571 -0.27932571 -0.27932571
  3.49897062 -0.27932571 -0.27932571 -0.27932571 -0.27932571  0.44958753
 -0.27932571 -0.27932571 -0.27932571 -0.27932571 -0.27932571 -0.27932571
 -0.27932571 -0.27932571 -0.27932571 -0.27932571  5.45319735]",[-0.016805822523803415]
10,"[-0.28641108 -0.28641108 -0.28641108 -0.28641108 -0.28641108 -0.28641108
 -0.28641108 -0.28641108 -0.28641108 -0.28641108 -0.28641108 -0.28641108
 -0.28641108 -0.28641108 -0.28641108 -0.28641108 -0.28641108 -0.28641108
 -0.28641108 -0.28641108 -0.28641108 -0.28641108 -0.28641108 -0.28641108
 -0.28641108 -0.28641108 -0.28641108  1.20374091 -0.28641108 -0.28641108
 -0.28641108 -0.28641108 -0.28641108 -0.28641108 -0.28641108 -0.28641108
 -0.28641108 -0.28641108 -0.28641108 -0.28641108  4.60027738  0.84615944
 -0.28641108 -0.28641108 -0.28641108 -0.28641108 -0.28641108 -0.28641108
 -0.28641108 -0.28641108  0.17722922 -0.28641108 -0.28641108  5.89006945
  3.52259905 -0.28641108 -0.28641108 -0.28641108 -0.28641108 -0.28641108
 -0.28641108 -0.28641108 -0.28641108 -0.28641108 -0.28641108 -0.28641108
 -0.28641108 -0.28641108 -0.28641108 -0.28641108 -0.28641108 -0.28641108
  0.11081727 -0.28641108 -0.28641108 -0.28641108 -0.28641108 -0.28641108
 -0.28641108 -0.28641108 -0.28641108 -0.28641108 -0.28641108 -0.28641108
 -0.28641108 -0.28641108  0.83628201 -0.28641108 -0.28641108 -0.28641108
 -0.28641108  0.64617382 -0.28641108 -0.28641108 -0.28641108  0.00951352
 -0.28641108 -0.28641108 -0.28641108 -0.28641108  2.98420576  3.34752612
  3.3111089   3.57575738  3.29210314 -0.28641108 -0.28641108 -0.28641108
 -0.28641108 -0.28641108 -0.28641108 -0.28641108 -0.28641108 -0.28641108
 -0.28641108 -0.28641108 -0.28641108 -0.28641108 -0.28641108 -0.28641108
 -0.28641108 -0.28641108 -0.28641108 -0.28641108 -0.28641108 -0.28641108
 -0.28641108 -0.28641108 -0.28641108 -0.28641108 -0.28641108  0.11737104
 -0.28641108 -0.28641108 -0.28641108 -0.28641108 -0.28641108 -0.28641108
 -0.28641108  3.81818874 -0.28641108 -0.28641108 -0.28641108 -0.28641108
 -0.28641108 -0.28641108 -0.28641108 -0.28641108 -0.28641108 -0.28641108
 -0.28641108  0.78090918 -0.28641108 -0.28641108 -0.28641108 -0.28641108
 -0.28641108 -0.28641108 -0.28641108 -0.28641108 -0.28641108 -0.28641108
  1.08641012 -0.28641108 -0.28641108 -0.28641108 -0.28641108 -0.28641108
 -0.28641108 -0.28641108  0.2700172  -0.28641108 -0.28641108 -0.28641108
 -0.28641108 -0.28641108 -0.28641108 -0.28641108  4.82649088]",[-0.055466928855629316]
10,"[-0.32046746 -0.32046746 -0.32046746  0.66507202 -0.32046746 -0.32046746
 -0.32046746 -0.32046746 -0.32046746 -0.32046746 -0.32046746 -0.32046746
 -0.32046746 -0.32046746 -0.32046746 -0.32046746 -0.32046746 -0.32046746
 -0.32046746 -0.32046746 -0.32046746 -0.32046746 -0.32046746 -0.32046746
 -0.32046746 -0.32046746 -0.32046746 -0.32046746  0.29941338 -0.32046746
 -0.32046746 -0.32046746 -0.32046746 -0.32046746 -0.32046746 -0.32046746
 -0.32046746 -0.32046746 -0.32046746 -0.32046746 -0.32046746  1.07260273
 -0.32046746 -0.32046746 -0.32046746 -0.32046746 -0.32046746 -0.32046746
 -0.32046746 -0.32046746 -0.32046746 -0.32046746 -0.32046746  0.39663475
 -0.32046746 -0.32046746 -0.32046746 -0.32046746 -0.32046746 -0.32046746
 -0.32046746 -0.32046746 -0.32046746 -0.32046746 -0.32046746 -0.32046746
 -0.32046746 -0.32046746 -0.32046746 -0.32046746 -0.32046746 -0.32046746
 -0.32046746 -0.32046746 -0.32046746 -0.32046746 -0.32046746  1.21973597
 -0.32046746 -0.32046746 -0.32046746 -0.32046746 -0.32046746 -0.32046746
 -0.32046746 -0.32046746 -0.32046746  1.42672915 -0.32046746 -0.32046746
 -0.32046746  2.85790258 -0.32046746  0.16601091  4.58820145 -0.32046746
 -0.32046746 -0.32046746 -0.32046746 -0.32046746  3.86537006 -0.32046746
  4.1469413   1.96484501  4.05908779 -0.32046746  2.90320433 -0.32046746
 -0.32046746 -0.32046746 -0.32046746 -0.32046746 -0.32046746 -0.32046746
 -0.32046746 -0.32046746 -0.32046746 -0.32046746 -0.32046746 -0.32046746
 -0.32046746 -0.32046746 -0.32046746 -0.32046746 -0.32046746 -0.32046746
 -0.32046746 -0.32046746 -0.32046746 -0.32046746 -0.32046746 -0.32046746
 -0.32046746 -0.32046746 -0.32046746 -0.32046746 -0.32046746  0.56985833
 -0.32046746 -0.32046746 -0.32046746 -0.32046746  1.92134175 -0.32046746
 -0.32046746 -0.32046746 -0.32046746 -0.32046746  0.18227693 -0.32046746
 -0.32046746  1.73377685 -0.32046746 -0.32046746 -0.32046746 -0.32046746
 -0.32046746 -0.32046746 -0.32046746 -0.32046746 -0.32046746 -0.32046746
  3.62131275 -0.32046746 -0.32046746 -0.32046746 -0.32046746  4.40996696
 -0.32046746  0.85399866  2.50085934 -0.32046746 -0.32046746 -0.32046746
 -0.32046746 -0.32046746 -0.32046746 -0.32046746  4.56778069]",[0.0011082080657509041]
10,"[-0.33142677 -0.33142677 -0.33142677 -0.09676647 -0.33142677 -0.33142677
 -0.33142677 -0.33142677 -0.33142677 -0.33142677 -0.33142677 -0.33142677
 -0.33142677 -0.33142677 -0.33142677 -0.33142677 -0.33142677 -0.33142677
 -0.33142677 -0.33142677  0.39985009  3.14518058 -0.33142677 -0.33142677
  2.12822214 -0.33142677 -0.33142677 -0.33142677  2.52685177 -0.33142677
 -0.33142677 -0.33142677 -0.33142677 -0.33142677 -0.33142677 -0.33142677
 -0.33142677 -0.33142677 -0.33142677 -0.33142677  5.08611147  0.49853465
 -0.33142677 -0.33142677 -0.33142677 -0.33142677 -0.33142677 -0.33142677
 -0.33142677 -0.33142677 -0.33142677 -0.33142677 -0.33142677  4.76823935
 -0.33142677 -0.33142677 -0.33142677  1.84660526 -0.33142677 -0.33142677
 -0.33142677 -0.33142677 -0.33142677 -0.33142677 -0.33142677 -0.33142677
 -0.33142677 -0.33142677 -0.33142677 -0.33142677 -0.33142677 -0.33142677
 -0.33142677 -0.33142677 -0.33142677 -0.33142677 -0.33142677  2.60759081
 -0.33142677 -0.33142677 -0.33142677 -0.33142677 -0.33142677 -0.33142677
 -0.33142677 -0.33142677 -0.33142677 -0.33142677 -0.33142677 -0.33142677
 -0.33142677  2.84001456 -0.33142677 -0.33142677  2.57797175 -0.33142677
 -0.33142677 -0.33142677 -0.33142677 -0.33142677  2.12080478 -0.33142677
  2.14293695 -0.33142677  2.5588354  -0.33142677  3.05399798  4.3148688
 -0.33142677 -0.33142677 -0.33142677 -0.33142677 -0.33142677 -0.33142677
 -0.33142677 -0.33142677 -0.33142677 -0.33142677 -0.33142677 -0.33142677
 -0.33142677 -0.33142677 -0.33142677 -0.33142677 -0.33142677 -0.33142677
 -0.33142677 -0.33142677 -0.33142677 -0.33142677 -0.33142677 -0.33142677
 -0.33142677 -0.33142677 -0.33142677 -0.33142677 -0.33142677 -0.33142677
 -0.33142677  2.95498981 -0.33142677 -0.33142677 -0.33142677 -0.33142677
 -0.33142677 -0.33142677 -0.33142677 -0.33142677 -0.33142677 -0.33142677
 -0.33142677 -0.33142677 -0.33142677 -0.33142677 -0.33142677 -0.33142677
 -0.33142677 -0.33142677 -0.33142677 -0.33142677 -0.33142677 -0.33142677
  2.99327803 -0.33142677 -0.33142677 -0.33142677 -0.33142677  1.99068331
  0.27437987  1.30082276 -0.33142677 -0.33142677 -0.33142677 -0.33142677
 -0.33142677 -0.33142677 -0.33142677 -0.33142677 -0.33142677]",[-0.002249136093850912]
11,"[-0.31738196 -0.31738196 -0.31738196 -0.31738196 -0.31738196 -0.31738196
 -0.31738196 -0.31738196 -0.31738196 -0.31738196 -0.31738196 -0.31738196
 -0.31738196 -0.31738196 -0.31738196 -0.31738196  0.67658659 -0.31738196
 -0.31738196 -0.31738196 -0.31738196 -0.31738196 -0.31738196 -0.31738196
 -0.31738196 -0.31738196 -0.31738196 -0.31738196  0.50086902 -0.31738196
 -0.31738196 -0.31738196 -0.31738196 -0.31738196 -0.31738196 -0.31738196
 -0.31738196 -0.31738196 -0.31738196 -0.31738196  5.68762741  0.73056801
 -0.31738196 -0.31738196 -0.31738196 -0.31738196 -0.31738196 -0.31738196
 -0.31738196 -0.31738196 -0.31738196 -0.31738196 -0.31738196 -0.31738196
  0.30803519  1.18391735 -0.31738196 -0.31738196 -0.31738196 -0.31738196
 -0.31738196 -0.31738196 -0.31738196 -0.31738196 -0.31738196 -0.31738196
 -0.31738196 -0.31738196 -0.31738196 -0.31738196 -0.31738196 -0.31738196
 -0.31738196 -0.31738196 -0.31738196 -0.31738196 -0.31738196  1.3101527
 -0.31738196 -0.31738196 -0.31738196 -0.31738196 -0.31738196  1.10024822
 -0.31738196 -0.31738196 -0.31738196  1.10024822  2.93163131  1.73313997
 -0.31738196  3.02682489 -0.31738196  1.29982353  4.18209294 -0.31738196
 -0.31738196 -0.31738196 -0.31738196 -0.31738196  2.78515726 -0.31738196
  3.5546764   0.01340598  3.55783711 -0.31738196  4.4060701   0.65300369
 -0.31738196 -0.31738196 -0.31738196 -0.31738196 -0.31738196 -0.31738196
 -0.31738196 -0.31738196 -0.31738196 -0.31738196 -0.31738196 -0.31738196
 -0.31738196 -0.31738196 -0.31738196 -0.31738196 -0.31738196 -0.31738196
 -0.31738196 -0.31738196 -0.31738196 -0.31738196 -0.31738196 -0.31738196
 -0.31738196 -0.31738196 -0.31738196 -0.31738196 -0.31738196 -0.31738196
 -0.31738196  1.65266083 -0.31738196 -0.31738196 -0.31738196 -0.31738196
 -0.31738196 -0.31738196 -0.31738196 -0.31738196 -0.31738196 -0.31738196
 -0.31738196 -0.31738196 -0.31738196 -0.31738196 -0.31738196 -0.31738196
 -0.31738196 -0.31738196 -0.31738196 -0.31738196 -0.31738196 -0.31738196
  4.81800468 -0.31738196 -0.31738196 -0.31738196 -0.31738196  2.29900437
 -0.31738196 -0.31738196 -0.31738196 -0.31738196 -0.31738196 -0.31738196
 -0.31738196 -0.31738196 -0.31738196 -0.31738196 -0.31738196]",[0.118420616057273]
11,"[-0.28803    -0.28803    -0.28803    -0.28803    -0.28803    -0.28803
 -0.28803    -0.28803    -0.28803    -0.28803    -0.28803    -0.28803
 -0.28803    -0.28803    -0.28803    -0.28803    -0.28803    -0.28803
 -0.28803    -0.28803    -0.28803    -0.28803    -0.28803    -0.28803
 -0.28803    -0.28803    -0.28803    -0.28803    -0.28803    -0.28803
 -0.28803    -0.28803    -0.28803    -0.28803    -0.28803    -0.28803
 -0.28803    -0.28803    -0.28803    -0.28803     6.05142731 -0.28803
 -0.28803    -0.28803    -0.28803    -0.28803    -0.28803    -0.28803
 -0.28803    -0.28803    -0.28803    -0.28803    -0.28803     0.03983367
  0.55166658  0.02786333  3.91027605 -0.28803    -0.28803    -0.28803
 -0.28803    -0.28803    -0.28803    -0.28803    -0.28803    -0.28803
 -0.28803    -0.28803    -0.28803    -0.28803    -0.28803    -0.28803
 -0.28803    -0.28803    -0.28803    -0.28803    -0.28803    -0.28803
 -0.28803    -0.28803    -0.28803    -0.28803     1.41467723 -0.28803
 -0.28803    -0.28803    -0.28803    -0.28803     1.140608   -0.28803
 -0.28803     2.47118772 -0.28803    -0.28803     1.71819569 -0.28803
 -0.28803    -0.28803    -0.28803    -0.28803     3.20799894 -0.28803
 -0.28803     2.77776557  4.06220126  4.80704326  2.68519092  1.15349036
 -0.28803    -0.28803    -0.28803    -0.28803    -0.28803    -0.28803
 -0.28803    -0.28803    -0.28803    -0.28803    -0.28803    -0.28803
 -0.28803    -0.28803    -0.28803    -0.28803    -0.28803    -0.28803
 -0.28803    -0.28803    -0.28803    -0.28803    -0.28803    -0.28803
 -0.28803    -0.28803    -0.28803    -0.28803    -0.28803    -0.28803
 -0.28803     4.42300049 -0.28803    -0.28803    -0.28803    -0.28803
 -0.28803    -0.28803    -0.28803    -0.28803    -0.28803    -0.28803
 -0.28803     0.44243336 -0.28803    -0.28803    -0.28803    -0.28803
 -0.28803    -0.28803    -0.28803    -0.28803    -0.28803    -0.28803
  3.52535054 -0.28803    -0.28803    -0.28803    -0.28803     1.67458979
 -0.28803    -0.28803    -0.28803    -0.28803    -0.28803    -0.28803
 -0.28803    -0.28803    -0.28803    -0.28803    -0.28803   ]",[-0.017169296222040054]
11,"[-0.22697443 -0.22697443 -0.22697443 -0.22697443 -0.22697443 -0.22697443
 -0.22697443 -0.22697443 -0.22697443 -0.22697443 -0.22697443 -0.22697443
 -0.22697443 -0.22697443 -0.22697443 -0.22697443  2.58954725 -0.22697443
 -0.22697443 -0.22697443 -0.22697443 -0.22697443 -0.22697443 -0.22697443
 -0.22697443 -0.22697443 -0.22697443 -0.22697443 -0.22697443 -0.22697443
 -0.22697443 -0.22697443 -0.22697443 -0.22697443 -0.22697443 -0.22697443
 -0.22697443 -0.22697443 -0.22697443 -0.22697443  1.61896512 -0.22697443
 -0.22697443 -0.22697443 -0.22697443 -0.22697443 -0.22697443 -0.22697443
 -0.22697443 -0.22697443 -0.22697443 -0.22697443 -0.22697443  0.56226897
 -0.22697443 -0.22697443 -0.22697443 -0.22697443 -0.22697443 -0.22697443
 -0.22697443 -0.22697443 -0.22697443 -0.22697443 -0.22697443 -0.22697443
 -0.22697443 -0.22697443 -0.22697443 -0.22697443 -0.22697443 -0.22697443
 -0.22697443 -0.22697443 -0.22697443 -0.22697443 -0.22697443  1.9170123
 -0.22697443 -0.22697443 -0.22697443 -0.22697443 -0.22697443  4.65880251
 -0.22697443 -0.22697443 -0.22697443 -0.22697443  1.42364345 -0.22697443
 -0.22697443  4.13212624 -0.22697443 -0.22697443  4.0901808  -0.22697443
 -0.22697443 -0.22697443 -0.22697443 -0.22697443 -0.20497571 -0.22697443
 -0.22697443 -0.22697443 -0.22697443 -0.22697443  4.61795735 -0.22697443
 -0.22697443 -0.22697443 -0.22697443 -0.22697443 -0.22697443 -0.22697443
 -0.22697443 -0.22697443 -0.22697443 -0.22697443 -0.22697443 -0.22697443
 -0.22697443 -0.22697443 -0.22697443 -0.22697443 -0.22697443 -0.22697443
 -0.22697443 -0.22697443 -0.22697443 -0.22697443 -0.22697443 -0.22697443
 -0.22697443 -0.22697443 -0.22697443 -0.22697443 -0.22697443 -0.22697443
 -0.22697443 -0.22697443 -0.22697443 -0.22697443 -0.22697443 -0.22697443
 -0.22697443 -0.22697443 -0.22697443 -0.22697443 -0.22697443 -0.22697443
 -0.22697443 -0.22697443 -0.22697443 -0.22697443 -0.22697443 -0.22697443
 -0.22697443 -0.22697443 -0.22697443 -0.22697443 -0.22697443 -0.22697443
  6.42408169 -0.22697443 -0.22697443 -0.22697443 -0.22697443  6.07512067
 -0.22697443 -0.22697443 -0.22697443 -0.22697443 -0.22697443 -0.22697443
 -0.22697443 -0.22697443 -0.22697443 -0.22697443 -0.22697443]",[0.0046190924363054]
11,"[-3.03746437e-01 -3.03746437e-01 -3.03746437e-01 -6.88902574e-02
 -3.03746437e-01 -3.03746437e-01 -3.03746437e-01 -3.03746437e-01
 -3.03746437e-01 -3.03746437e-01 -3.03746437e-01 -3.03746437e-01
 -3.03746437e-01 -3.03746437e-01 -3.03746437e-01 -3.03746437e-01
 -3.03746437e-01 -3.03746437e-01 -3.03746437e-01 -3.03746437e-01
 -3.03746437e-01 -3.03746437e-01 -3.03746437e-01 -3.03746437e-01
 -3.03746437e-01 -3.03746437e-01 -3.03746437e-01 -3.03746437e-01
  2.90793855e-03 -3.03746437e-01 -3.03746437e-01 -3.03746437e-01
 -3.03746437e-01 -3.03746437e-01 -3.03746437e-01 -3.03746437e-01
 -3.03746437e-01 -3.03746437e-01 -3.03746437e-01 -3.03746437e-01
  5.55075681e+00  4.83810752e-01 -3.03746437e-01 -3.03746437e-01
 -3.03746437e-01 -3.03746437e-01 -3.03746437e-01 -3.03746437e-01
 -3.03746437e-01 -3.03746437e-01 -3.03746437e-01 -3.03746437e-01
 -3.03746437e-01  5.23918626e+00 -1.62160052e-01 -3.03746437e-01
  4.30833256e+00 -3.03746437e-01 -3.03746437e-01 -3.03746437e-01
 -3.03746437e-01 -3.03746437e-01 -3.03746437e-01 -3.03746437e-01
 -3.03746437e-01 -3.03746437e-01 -3.03746437e-01 -3.03746437e-01
 -3.03746437e-01 -3.03746437e-01 -3.03746437e-01 -3.03746437e-01
  2.24167440e+00 -3.03746437e-01 -3.03746437e-01 -3.03746437e-01
 -3.03746437e-01 -3.03746437e-01 -3.03746437e-01 -3.03746437e-01
 -3.03746437e-01 -3.03746437e-01 -3.03746437e-01 -3.03746437e-01
 -3.03746437e-01 -3.03746437e-01 -3.03746437e-01  4.15269689e-01
 -3.03746437e-01 -3.03746437e-01 -3.03746437e-01  1.25674594e+00
 -3.03746437e-01  1.46108251e+00  6.49623906e-01 -3.03746437e-01
 -3.03746437e-01 -3.03746437e-01 -3.03746437e-01 -3.03746437e-01
  2.75084612e+00 -3.03746437e-01  1.90711608e+00  3.42098925e+00
  2.91212332e+00 -3.03746437e-01  2.70907451e+00 -3.03746437e-01
 -3.03746437e-01 -3.03746437e-01 -3.03746437e-01 -3.03746437e-01
 -3.03746437e-01 -3.03746437e-01 -3.03746437e-01 -3.03746437e-01
 -3.03746437e-01 -3.03746437e-01 -3.03746437e-01 -3.03746437e-01
 -3.03746437e-01 -3.03746437e-01 -3.03746437e-01 -3.03746437e-01
 -3.03746437e-01 -3.03746437e-01 -3.03746437e-01 -3.03746437e-01
 -3.03746437e-01 -3.03746437e-01 -3.03746437e-01 -3.03746437e-01
 -3.03746437e-01 -3.03746437e-01 -3.03746437e-01 -3.03746437e-01
 -3.03746437e-01 -3.03746437e-01 -3.03746437e-01  4.61791774e+00
 -3.03746437e-01 -3.03746437e-01 -3.03746437e-01 -3.03746437e-01
 -3.03746437e-01 -3.03746437e-01 -3.03746437e-01 -3.03746437e-01
  3.11363581e+00 -3.03746437e-01 -3.03746437e-01 -3.03746437e-01
 -3.03746437e-01 -3.03746437e-01 -3.03746437e-01 -3.03746437e-01
 -3.03746437e-01 -3.03746437e-01 -3.03746437e-01 -3.03746437e-01
 -3.03746437e-01 -3.03746437e-01  1.17462000e+00 -3.03746437e-01
 -3.03746437e-01 -3.03746437e-01 -3.03746437e-01  1.61758776e+00
 -3.03746437e-01 -3.03746437e-01 -3.03746437e-01 -3.03746437e-01
 -3.03746437e-01 -3.03746437e-01 -3.03746437e-01 -3.03746437e-01
 -3.03746437e-01 -3.03746437e-01  2.08593959e+00]",[0.025177893465934187]
11,"[-0.23874087 -0.23874087 -0.23874087 -0.23874087 -0.23874087 -0.23874087
 -0.23874087 -0.23874087 -0.23874087 -0.23874087 -0.23874087 -0.23874087
 -0.23874087 -0.23874087 -0.23874087 -0.23874087 -0.23874087 -0.23874087
 -0.23874087 -0.23874087 -0.23874087 -0.23874087 -0.23874087 -0.23874087
 -0.23874087 -0.23874087 -0.23874087 -0.23874087  2.74024337 -0.23874087
 -0.23874087 -0.23874087 -0.23874087 -0.23874087 -0.23874087 -0.23874087
 -0.23874087 -0.23874087 -0.23874087 -0.23874087  6.42947798 -0.23874087
 -0.23874087 -0.23874087 -0.23874087 -0.23874087 -0.23874087 -0.23874087
 -0.23874087 -0.23874087 -0.23874087 -0.23874087 -0.23874087 -0.23874087
 -0.23874087 -0.23874087 -0.23874087 -0.23874087 -0.23874087 -0.23874087
 -0.23874087 -0.23874087 -0.23874087 -0.23874087 -0.23874087 -0.23874087
 -0.23874087 -0.23874087 -0.23874087 -0.23874087 -0.23874087 -0.23874087
 -0.23874087 -0.23874087 -0.23874087 -0.23874087 -0.23874087 -0.23874087
 -0.23874087 -0.23874087 -0.23874087 -0.23874087 -0.23874087  3.73697634
 -0.23874087 -0.23874087 -0.23874087  2.95118572 -0.23874087 -0.23874087
 -0.23874087  3.97252621 -0.23874087 -0.23874087  4.95246671 -0.23874087
 -0.23874087 -0.23874087 -0.23874087 -0.23874087 -0.23874087 -0.23874087
  5.17875822 -0.23874087 -0.23874087 -0.23874087  3.67361463 -0.23874087
 -0.23874087 -0.23874087 -0.23874087 -0.23874087 -0.23874087 -0.23874087
 -0.23874087 -0.23874087 -0.23874087 -0.23874087 -0.23874087 -0.23874087
 -0.23874087 -0.23874087 -0.23874087 -0.23874087 -0.23874087 -0.23874087
 -0.23874087 -0.23874087 -0.23874087 -0.23874087 -0.23874087 -0.23874087
 -0.23874087 -0.23874087 -0.23874087 -0.23874087 -0.23874087 -0.23874087
 -0.23874087 -0.23874087 -0.23874087 -0.23874087 -0.23874087 -0.23874087
 -0.23874087 -0.23874087 -0.23874087 -0.23874087 -0.23874087 -0.23874087
 -0.23874087 -0.23874087 -0.23874087 -0.23874087 -0.23874087 -0.23874087
 -0.23874087 -0.23874087 -0.23874087 -0.23874087 -0.23874087 -0.23874087
  2.53244749 -0.23874087 -0.23874087 -0.23874087 -0.23874087  0.72502102
 -0.23874087  3.21574901 -0.23874087 -0.23874087 -0.23874087 -0.23874087
 -0.23874087 -0.23874087 -0.23874087 -0.23874087 -0.23874087]",[0.02060353091611164]
11,"[-0.29884495 -0.29884495 -0.29884495 -0.29884495 -0.29884495 -0.29884495
 -0.29884495 -0.29884495 -0.29884495 -0.29884495 -0.29884495 -0.29884495
 -0.29884495 -0.29884495 -0.29884495 -0.29884495 -0.29884495 -0.29884495
 -0.29884495 -0.29884495 -0.29884495 -0.29884495 -0.29884495 -0.29884495
 -0.29884495 -0.29884495 -0.29884495 -0.29884495  0.44679921 -0.29884495
 -0.29884495 -0.29884495 -0.29884495 -0.29884495 -0.29884495 -0.29884495
 -0.29884495 -0.29884495 -0.29884495 -0.29884495  5.85171879  2.22571499
 -0.29884495 -0.29884495 -0.29884495 -0.29884495 -0.29884495 -0.29884495
 -0.29884495 -0.29884495 -0.29884495 -0.29884495 -0.29884495  5.18352664
  0.69016676  0.03878422  0.907286   -0.29884495 -0.29884495 -0.29884495
 -0.29884495 -0.29884495 -0.29884495 -0.29884495 -0.29884495 -0.29884495
 -0.29884495 -0.29884495 -0.29884495 -0.29884495 -0.29884495 -0.29884495
 -0.29884495 -0.29884495 -0.29884495 -0.29884495 -0.29884495 -0.29884495
 -0.29884495 -0.29884495 -0.29884495 -0.29884495 -0.29884495 -0.29884495
 -0.29884495 -0.29884495 -0.29884495 -0.29884495 -0.29884495 -0.29884495
 -0.29884495  2.90224885 -0.29884495  0.4964702   2.74821253 -0.08537146
 -0.29884495 -0.29884495 -0.29884495 -0.29884495  3.24811063 -0.29884495
  1.8400932   3.74525015  1.029722    1.63686734  0.8800841  -0.29884495
 -0.29884495 -0.29884495 -0.29884495 -0.29884495 -0.29884495 -0.29884495
 -0.29884495 -0.29884495 -0.29884495 -0.29884495 -0.29884495 -0.29884495
 -0.29884495 -0.29884495 -0.29884495 -0.29884495 -0.29884495 -0.29884495
 -0.29884495 -0.29884495 -0.29884495 -0.29884495 -0.29884495 -0.29884495
 -0.29884495 -0.29884495 -0.29884495 -0.29884495 -0.29884495 -0.29884495
 -0.29884495  4.42765247 -0.29884495 -0.29884495 -0.29884495 -0.29884495
 -0.29884495 -0.29884495 -0.29884495 -0.29884495  0.93161055 -0.29884495
 -0.29884495  1.18993577 -0.29884495 -0.29884495 -0.29884495 -0.29884495
 -0.29884495 -0.29884495 -0.29884495 -0.29884495 -0.29884495 -0.29884495
  1.68801074 -0.29884495 -0.29884495 -0.29884495 -0.29884495  4.89576328
 -0.29884495 -0.29884495 -0.29884495 -0.29884495 -0.29884495 -0.29884495
 -0.29884495 -0.29884495 -0.29884495 -0.29884495 -0.29884495]",[0.027682748550322545]
11,"[-0.29206736 -0.29206736 -0.29206736 -0.29206736 -0.29206736 -0.29206736
 -0.29206736 -0.29206736 -0.29206736 -0.29206736 -0.29206736 -0.29206736
 -0.29206736 -0.29206736 -0.29206736 -0.29206736 -0.29206736 -0.29206736
 -0.29206736 -0.29206736 -0.29206736 -0.29206736 -0.29206736 -0.29206736
 -0.29206736 -0.29206736 -0.29206736 -0.29206736  0.84226615 -0.29206736
 -0.29206736 -0.29206736 -0.29206736 -0.29206736 -0.29206736 -0.29206736
 -0.29206736 -0.29206736 -0.29206736 -0.29206736  5.69326067  2.56353745
 -0.29206736 -0.29206736 -0.29206736 -0.29206736 -0.29206736 -0.29206736
 -0.29206736 -0.29206736 -0.29206736 -0.29206736 -0.29206736  0.27444684
 -0.29206736  3.72445324  0.12315531 -0.29206736 -0.29206736 -0.29206736
 -0.29206736 -0.29206736 -0.29206736 -0.29206736 -0.29206736 -0.29206736
 -0.29206736 -0.29206736 -0.29206736 -0.29206736 -0.29206736 -0.29206736
 -0.29206736 -0.29206736 -0.29206736 -0.29206736 -0.29206736 -0.29206736
 -0.29206736 -0.29206736 -0.29206736 -0.29206736 -0.29206736 -0.29206736
 -0.29206736 -0.29206736 -0.29206736 -0.29206736  1.52508639  2.96965639
 -0.29206736  4.46614905 -0.29206736 -0.2421493   2.39491931 -0.29206736
 -0.29206736 -0.29206736 -0.29206736 -0.29206736  3.35725897 -0.29206736
  2.80525767  0.76731429  3.87838415 -0.29206736  3.79025594  0.29923568
 -0.29206736 -0.29206736 -0.29206736 -0.29206736 -0.29206736 -0.29206736
 -0.29206736 -0.29206736 -0.29206736 -0.29206736 -0.29206736 -0.29206736
 -0.29206736 -0.29206736 -0.29206736 -0.29206736 -0.29206736 -0.29206736
 -0.29206736 -0.29206736 -0.29206736 -0.29206736 -0.29206736 -0.29206736
 -0.29206736 -0.29206736 -0.29206736 -0.29206736 -0.29206736 -0.29206736
 -0.29206736 -0.29206736 -0.29206736 -0.29206736 -0.29206736 -0.29206736
 -0.29206736 -0.29206736 -0.29206736 -0.29206736 -0.29206736 -0.29206736
 -0.29206736  0.15439707 -0.29206736 -0.29206736 -0.29206736 -0.29206736
 -0.29206736 -0.29206736 -0.29206736 -0.29206736 -0.29206736 -0.29206736
  4.15042693 -0.29206736 -0.29206736 -0.29206736 -0.29206736  2.90139755
 -0.29206736 -0.29206736 -0.29206736 -0.29206736 -0.29206736 -0.29206736
 -0.29206736 -0.29206736 -0.29206736 -0.29206736 -0.29206736]",[0.02493502291033578]
11,"[-0.24949783 -0.24949783 -0.24949783 -0.24949783 -0.24949783 -0.24949783
 -0.24949783 -0.24949783 -0.24949783 -0.24949783 -0.24949783 -0.24949783
 -0.24949783 -0.24949783 -0.24949783 -0.24949783 -0.24949783 -0.24949783
 -0.24949783 -0.24949783 -0.24949783 -0.24949783 -0.24949783 -0.24949783
 -0.24949783 -0.24949783 -0.24949783 -0.24949783 -0.24949783 -0.24949783
 -0.24949783 -0.24949783 -0.24949783 -0.24949783 -0.24949783 -0.24949783
 -0.24949783 -0.24949783 -0.24949783 -0.24949783  5.95671507  1.65607486
 -0.24949783 -0.24949783 -0.24949783 -0.24949783 -0.24949783 -0.24949783
 -0.24949783 -0.24949783 -0.24949783 -0.24949783 -0.24949783 -0.24949783
 -0.24949783 -0.24949783  4.6520117  -0.24949783 -0.24949783 -0.24949783
 -0.24949783 -0.24949783 -0.24949783 -0.24949783 -0.24949783 -0.24949783
 -0.24949783 -0.24949783 -0.24949783 -0.24949783 -0.24949783 -0.24949783
 -0.24949783 -0.24949783 -0.24949783 -0.24949783 -0.24949783 -0.24949783
 -0.24949783 -0.24949783 -0.24949783 -0.24949783 -0.24949783 -0.24949783
 -0.24949783 -0.24949783 -0.24949783 -0.24949783 -0.24949783  0.21520653
 -0.24949783 -0.24949783 -0.24949783 -0.06269472  1.3411883  -0.24949783
 -0.24949783 -0.24949783 -0.24949783 -0.24949783  3.16303263 -0.24949783
  2.93505648  2.97303044  3.50743506 -0.24949783  2.65049117 -0.24949783
 -0.24949783 -0.24949783 -0.24949783 -0.24949783 -0.24949783 -0.24949783
 -0.24949783 -0.24949783 -0.24949783 -0.24949783 -0.24949783 -0.24949783
 -0.24949783 -0.24949783 -0.24949783 -0.24949783 -0.24949783 -0.24949783
 -0.24949783 -0.24949783 -0.24949783 -0.24949783 -0.24949783 -0.24949783
 -0.24949783 -0.24949783 -0.24949783 -0.24949783 -0.24949783 -0.24949783
 -0.24949783  4.95248777 -0.24949783 -0.24949783 -0.24949783 -0.24949783
 -0.24949783 -0.24949783 -0.24949783 -0.24949783 -0.24949783 -0.24949783
 -0.24949783 -0.24949783 -0.24949783 -0.24949783 -0.24949783 -0.24949783
 -0.24949783 -0.24949783 -0.24949783 -0.24949783 -0.24949783 -0.24949783
  1.42431969 -0.24949783 -0.24949783 -0.24949783 -0.24949783 -0.24949783
 -0.24949783 -0.24949783 -0.24949783 -0.24949783 -0.24949783 -0.24949783
 -0.24949783 -0.24949783 -0.24949783 -0.24949783  5.80278708]",[-0.0474390719060091]
11,"[-0.25984338 -0.25984338 -0.25984338 -0.25984338 -0.25984338 -0.25984338
 -0.25984338 -0.25984338 -0.25984338 -0.25984338 -0.25984338 -0.25984338
 -0.25984338 -0.25984338 -0.25984338 -0.25984338  0.11199628 -0.25984338
 -0.25984338 -0.25984338 -0.25984338 -0.25984338 -0.25984338 -0.25984338
 -0.25984338 -0.25984338 -0.25984338 -0.25984338  3.05390881 -0.25984338
 -0.25984338 -0.25984338 -0.25984338 -0.25984338 -0.25984338 -0.25984338
 -0.25984338 -0.25984338 -0.25984338 -0.25984338  7.07125907  1.42119937
 -0.25984338 -0.25984338 -0.25984338 -0.25984338 -0.25984338 -0.25984338
 -0.25984338 -0.25984338 -0.25984338 -0.25984338 -0.25984338  4.64826721
  0.94727822  0.44818244 -0.25984338 -0.25984338 -0.25984338 -0.25984338
 -0.25984338 -0.25984338 -0.25984338 -0.25984338 -0.25984338 -0.25984338
 -0.25984338 -0.25984338 -0.25984338 -0.25984338 -0.25984338 -0.25984338
 -0.25984338 -0.25984338 -0.25984338 -0.25984338 -0.25984338  0.99253559
 -0.25984338 -0.25984338 -0.25984338 -0.25984338 -0.25984338  1.94910357
 -0.25984338 -0.25984338 -0.25984338 -0.25984338  3.67650605 -0.25984338
 -0.25984338  4.40452152 -0.25984338 -0.25984338  0.28742042 -0.25984338
 -0.25984338 -0.25984338 -0.25984338 -0.25984338 -0.12524953 -0.25984338
 -0.25984338 -0.23739044 -0.25984338  2.70976516  0.48890862 -0.25984338
 -0.25984338 -0.25984338 -0.25984338 -0.25984338 -0.25984338 -0.25984338
 -0.25984338 -0.25984338 -0.25984338 -0.25984338 -0.25984338 -0.25984338
 -0.25984338 -0.25984338 -0.25984338 -0.25984338 -0.25984338 -0.25984338
 -0.25984338 -0.25984338 -0.25984338 -0.25984338 -0.25984338 -0.25984338
 -0.25984338 -0.25984338 -0.25984338 -0.25984338 -0.25984338 -0.25984338
 -0.25984338 -0.25984338 -0.25984338 -0.25984338 -0.25984338 -0.25984338
 -0.25984338 -0.25984338 -0.25984338 -0.25984338 -0.25984338 -0.25984338
 -0.25984338 -0.25984338 -0.25984338 -0.25984338 -0.25984338 -0.25984338
 -0.25984338 -0.25984338 -0.25984338 -0.25984338 -0.25984338 -0.25984338
  5.53337956 -0.25984338 -0.25984338 -0.25984338 -0.25984338  2.67166892
  0.30752183  0.95431462 -0.25984338 -0.25984338 -0.25984338 -0.25984338
 -0.25984338 -0.25984338 -0.25984338 -0.25984338 -0.25984338]",[-0.04467437524266077]
11,"[-0.29372541 -0.29372541 -0.29372541 -0.26326443 -0.29372541 -0.29372541
 -0.29372541 -0.29372541 -0.29372541 -0.29372541 -0.29372541 -0.29372541
 -0.29372541 -0.29372541 -0.29372541 -0.29372541 -0.29372541 -0.29372541
 -0.29372541 -0.29372541 -0.29372541 -0.29372541 -0.29372541 -0.29372541
 -0.29372541 -0.29372541 -0.29372541 -0.29372541 -0.29372541 -0.29372541
 -0.29372541 -0.29372541 -0.29372541 -0.29372541 -0.29372541 -0.29372541
 -0.29372541 -0.29372541 -0.29372541 -0.29372541  5.75169912  1.16593927
 -0.29372541 -0.29372541 -0.29372541 -0.29372541 -0.29372541 -0.29372541
 -0.29372541 -0.29372541 -0.29372541 -0.29372541 -0.29372541  3.58733
 -0.29372541 -0.29372541 -0.29372541 -0.29372541 -0.29372541 -0.29372541
 -0.29372541 -0.29372541 -0.29372541 -0.29372541 -0.29372541 -0.29372541
 -0.29372541 -0.29372541 -0.29372541 -0.29372541 -0.29372541 -0.29372541
 -0.29372541 -0.29372541 -0.29372541 -0.29372541 -0.29372541  1.17844339
 -0.29372541 -0.29372541 -0.29372541 -0.29372541 -0.29372541 -0.29372541
 -0.29372541 -0.29372541 -0.29372541  1.81845433 -0.29372541  1.61670245
 -0.29372541  2.66733374 -0.29372541  0.11130054  3.34295586 -0.29372541
 -0.29372541 -0.29372541 -0.29372541 -0.29372541  2.89063535 -0.29372541
  3.65446859  2.42617767  2.66455717  4.55169639  2.08050977 -0.29372541
 -0.29372541 -0.29372541 -0.29372541 -0.29372541 -0.29372541 -0.29372541
 -0.29372541 -0.29372541 -0.29372541 -0.29372541 -0.29372541 -0.29372541
 -0.29372541 -0.29372541 -0.29372541 -0.29372541 -0.29372541 -0.29372541
 -0.29372541 -0.29372541 -0.29372541 -0.29372541 -0.29372541 -0.29372541
 -0.29372541 -0.29372541 -0.29372541 -0.29372541 -0.29372541 -0.29372541
 -0.29372541 -0.29372541 -0.29372541 -0.29372541 -0.29372541 -0.29372541
 -0.29372541 -0.29372541 -0.29372541 -0.29372541 -0.29372541 -0.29372541
 -0.29372541 -0.29372541 -0.29372541 -0.29372541 -0.29372541 -0.29372541
 -0.29372541 -0.29372541 -0.29372541 -0.29372541 -0.29372541 -0.29372541
  3.93568987 -0.29372541 -0.29372541 -0.29372541 -0.29372541  4.10916175
 -0.29372541 -0.29372541 -0.29372541 -0.29372541 -0.29372541 -0.29372541
 -0.29372541 -0.29372541 -0.29372541 -0.29372541 -0.29372541]",[-0.0774178931314512]
11,"[-0.30242725 -0.30242725 -0.30242725 -0.30242725 -0.30242725 -0.30242725
 -0.30242725 -0.30242725 -0.30242725 -0.30242725 -0.30242725 -0.30242725
 -0.30242725 -0.30242725 -0.30242725 -0.30242725 -0.30242725 -0.30242725
 -0.30242725 -0.30242725 -0.30242725 -0.30242725 -0.30242725 -0.30242725
 -0.30242725 -0.30242725 -0.30242725 -0.30242725 -0.30242725 -0.30242725
 -0.30242725 -0.30242725 -0.30242725 -0.30242725 -0.30242725 -0.30242725
 -0.30242725 -0.30242725 -0.30242725 -0.30242725  5.65707762  0.66528306
 -0.30242725 -0.30242725 -0.30242725 -0.30242725 -0.30242725 -0.30242725
 -0.30242725 -0.30242725 -0.02170713 -0.30242725 -0.30242725  5.52146885
  0.05605522 -0.30242725 -0.30242725 -0.30242725 -0.30242725 -0.30242725
 -0.30242725 -0.30242725 -0.30242725 -0.30242725 -0.30242725 -0.30242725
 -0.30242725 -0.30242725 -0.30242725 -0.30242725 -0.30242725 -0.30242725
 -0.30242725 -0.30242725 -0.30242725 -0.30242725 -0.30242725 -0.30242725
 -0.30242725 -0.30242725 -0.30242725 -0.30242725 -0.30242725 -0.30242725
 -0.30242725 -0.30242725 -0.30242725 -0.30242725  1.91719127  0.78768375
 -0.30242725  1.15876909 -0.30242725 -0.22414495  2.16222726  0.29456816
 -0.30242725 -0.30242725  0.67120322 -0.30242725  2.8979532  -0.30242725
  2.18051845  3.23718283  2.98546815 -0.30242725  4.33708337 -0.30242725
 -0.30242725 -0.30242725 -0.30242725 -0.30242725 -0.30242725 -0.30242725
 -0.30242725 -0.30242725 -0.30242725 -0.30242725 -0.30242725 -0.30242725
 -0.30242725 -0.30242725 -0.30242725 -0.30242725 -0.30242725 -0.30242725
 -0.30242725 -0.30242725 -0.30242725 -0.30242725 -0.30242725 -0.30242725
  3.4638892  -0.30242725 -0.30242725 -0.30242725 -0.30242725 -0.30242725
 -0.30242725  4.08058388 -0.30242725 -0.30242725 -0.30242725 -0.30242725
 -0.30242725 -0.30242725 -0.30242725 -0.30242725 -0.30242725 -0.30242725
 -0.30242725  0.17227415 -0.30242725 -0.30242725 -0.30242725 -0.30242725
 -0.30242725 -0.30242725 -0.30242725 -0.30242725 -0.30242725 -0.30242725
  3.03640283 -0.30242725 -0.30242725 -0.30242725 -0.30242725  1.08948437
  0.01164185  0.73806659 -0.30242725 -0.30242725 -0.30242725 -0.30242725
 -0.30242725 -0.30242725 -0.30242725 -0.30242725 -0.30242725]",[0.04275560289873204]
11,"[-0.31050089 -0.31050089 -0.31050089  0.04764682 -0.31050089 -0.31050089
 -0.31050089 -0.31050089 -0.31050089 -0.31050089 -0.31050089 -0.31050089
 -0.31050089 -0.31050089 -0.31050089 -0.31050089 -0.31050089 -0.31050089
 -0.31050089 -0.31050089 -0.31050089 -0.31050089 -0.31050089 -0.31050089
 -0.31050089 -0.31050089 -0.31050089 -0.31050089  0.2509451  -0.31050089
 -0.31050089 -0.31050089 -0.31050089 -0.31050089 -0.31050089 -0.31050089
 -0.31050089 -0.31050089 -0.31050089 -0.31050089  4.7268141   0.99507
 -0.31050089 -0.31050089 -0.31050089 -0.31050089 -0.31050089 -0.31050089
 -0.31050089 -0.31050089  0.07552062 -0.31050089 -0.31050089  5.54838342
  2.79762119 -0.31050089  3.52877057 -0.31050089 -0.31050089 -0.31050089
 -0.31050089 -0.31050089 -0.31050089 -0.31050089 -0.31050089 -0.31050089
 -0.31050089 -0.31050089 -0.31050089 -0.31050089 -0.31050089 -0.31050089
  1.21685074 -0.31050089 -0.31050089 -0.31050089 -0.31050089 -0.31050089
 -0.31050089 -0.31050089 -0.31050089 -0.31050089 -0.31050089 -0.31050089
 -0.31050089 -0.31050089 -0.31050089 -0.31050089  0.93512168 -0.31050089
 -0.31050089  1.74090008 -0.31050089 -0.31050089  2.90357484 -0.31050089
 -0.31050089 -0.31050089 -0.31050089 -0.31050089  3.89202906 -0.31050089
  3.24797329  3.00228198  2.92788348 -0.31050089  0.52612502 -0.31050089
 -0.31050089 -0.31050089 -0.31050089 -0.31050089 -0.31050089 -0.31050089
 -0.31050089 -0.31050089 -0.31050089 -0.31050089 -0.31050089 -0.31050089
 -0.31050089 -0.31050089 -0.31050089 -0.31050089 -0.31050089 -0.31050089
 -0.31050089 -0.31050089 -0.31050089 -0.31050089 -0.31050089 -0.31050089
 -0.31050089 -0.31050089 -0.31050089 -0.31050089 -0.31050089 -0.31050089
 -0.31050089  4.58717582 -0.31050089 -0.31050089 -0.31050089 -0.31050089
 -0.31050089 -0.31050089 -0.31050089 -0.31050089  2.61259968 -0.31050089
 -0.31050089 -0.31050089 -0.31050089 -0.31050089 -0.31050089 -0.31050089
 -0.31050089 -0.31050089 -0.31050089 -0.31050089 -0.31050089 -0.31050089
  0.91515479 -0.31050089 -0.31050089 -0.31050089 -0.31050089  1.74214269
 -0.31050089  0.52805525 -0.31050089 -0.31050089 -0.31050089 -0.31050089
 -0.31050089 -0.31050089 -0.31050089 -0.31050089 -0.31050089]",[-0.01106749564343279]
11,"[-0.25308757 -0.25308757 -0.25308757 -0.25308757 -0.25308757 -0.25308757
 -0.25308757 -0.25308757 -0.25308757 -0.25308757 -0.25308757 -0.25308757
 -0.25308757 -0.25308757 -0.25308757 -0.25308757  1.8980588  -0.25308757
 -0.25308757 -0.25308757 -0.25308757 -0.25308757 -0.25308757 -0.25308757
 -0.25308757 -0.25308757 -0.25308757 -0.25308757  1.85137797 -0.25308757
 -0.25308757 -0.25308757 -0.25308757 -0.25308757 -0.25308757 -0.25308757
 -0.25308757 -0.25308757 -0.25308757 -0.25308757  6.8178581   0.71776121
 -0.25308757 -0.25308757 -0.25308757 -0.25308757 -0.25308757 -0.25308757
 -0.25308757 -0.25308757 -0.25308757 -0.25308757 -0.25308757  5.32898925
  2.92367493 -0.25308757 -0.25308757 -0.25308757 -0.25308757 -0.25308757
 -0.25308757 -0.25308757 -0.25308757 -0.25308757 -0.25308757 -0.25308757
 -0.25308757 -0.25308757 -0.25308757 -0.25308757 -0.25308757 -0.25308757
 -0.25308757 -0.25308757 -0.25308757 -0.25308757 -0.25308757  2.06417724
 -0.25308757 -0.25308757 -0.25308757 -0.25308757 -0.25308757 -0.25308757
 -0.25308757 -0.25308757 -0.25308757 -0.25308757  3.10261673 -0.25308757
 -0.25308757  3.32671402 -0.25308757 -0.25308757  0.43310429  0.06200013
 -0.25308757 -0.25308757 -0.25308757 -0.25308757 -0.25308757 -0.25308757
  1.20248001 -0.2214134  -0.25308757  4.80664007  0.79575793  0.71776121
 -0.25308757 -0.25308757 -0.25308757 -0.25308757 -0.25308757 -0.25308757
 -0.25308757 -0.25308757 -0.25308757 -0.25308757 -0.25308757 -0.25308757
 -0.25308757 -0.25308757 -0.25308757 -0.25308757 -0.25308757 -0.25308757
 -0.25308757 -0.25308757 -0.25308757 -0.25308757 -0.25308757 -0.25308757
 -0.25308757 -0.25308757 -0.25308757 -0.25308757 -0.25308757 -0.25308757
 -0.25308757 -0.25308757 -0.25308757 -0.25308757 -0.25308757 -0.25308757
 -0.25308757 -0.25308757 -0.25308757 -0.25308757 -0.25308757 -0.25308757
 -0.25308757 -0.25308757 -0.25308757 -0.25308757 -0.25308757 -0.25308757
 -0.25308757 -0.25308757 -0.25308757 -0.25308757 -0.25308757 -0.25308757
  5.17262728 -0.25308757 -0.25308757 -0.25308757 -0.25308757 -0.25308757
 -0.25308757 -0.25308757 -0.25308757 -0.25308757 -0.25308757 -0.25308757
 -0.25308757 -0.25308757 -0.25308757 -0.25308757 -0.25308757]",[0.010978681678857932]
11,"[-0.2596802  -0.2596802  -0.2596802   0.41992404 -0.2596802  -0.2596802
 -0.2596802  -0.2596802  -0.2596802  -0.2596802  -0.2596802  -0.2596802
 -0.2596802  -0.2596802  -0.2596802  -0.2596802  -0.2596802  -0.2596802
 -0.2596802  -0.2596802  -0.2596802  -0.2596802  -0.2596802  -0.2596802
 -0.2596802  -0.2596802  -0.2596802  -0.2596802  -0.2596802  -0.2596802
 -0.2596802  -0.2596802  -0.2596802  -0.2596802  -0.2596802  -0.2596802
 -0.2596802  -0.2596802  -0.2596802  -0.2596802   5.53946798  0.30170325
 -0.2596802  -0.2596802  -0.2596802  -0.2596802  -0.2596802  -0.2596802
 -0.2596802  -0.2596802  -0.2596802  -0.2596802  -0.2596802   6.28535594
  3.29469596 -0.2596802  -0.2596802  -0.2596802  -0.2596802  -0.2596802
 -0.2596802  -0.2596802  -0.2596802  -0.2596802  -0.2596802  -0.2596802
 -0.2596802  -0.2596802  -0.2596802  -0.2596802  -0.2596802  -0.2596802
  1.69887506 -0.2596802  -0.2596802  -0.2596802  -0.2596802  -0.2596802
 -0.2596802  -0.2596802  -0.2596802  -0.2596802  -0.2596802  -0.2596802
 -0.2596802  -0.2596802  -0.2596802  -0.2596802  -0.2596802  -0.2596802
 -0.2596802  -0.2596802  -0.2596802  -0.2596802   1.2727818  -0.2596802
 -0.2596802   0.70569745 -0.2596802  -0.2596802   4.11310387 -0.2596802
  3.85149332  3.9146312   3.86733699  3.98149221  0.39309543 -0.2596802
 -0.2596802  -0.2596802  -0.2596802  -0.2596802  -0.2596802  -0.2596802
 -0.2596802  -0.2596802  -0.2596802  -0.2596802  -0.2596802  -0.2596802
 -0.2596802  -0.2596802  -0.2596802  -0.2596802  -0.2596802  -0.2596802
 -0.2596802  -0.2596802  -0.2596802  -0.2596802  -0.2596802  -0.2596802
 -0.2596802  -0.2596802  -0.2596802  -0.2596802  -0.2596802  -0.2596802
 -0.2596802  -0.2596802  -0.2596802  -0.2596802  -0.2596802  -0.2596802
 -0.2596802  -0.2596802  -0.2596802  -0.2596802  -0.2596802  -0.2596802
 -0.2596802  -0.2596802  -0.2596802  -0.2596802  -0.2596802  -0.2596802
 -0.2596802  -0.2596802  -0.2596802  -0.2596802  -0.2596802  -0.2596802
  1.48198935 -0.2596802  -0.2596802  -0.2596802  -0.2596802   1.20622936
 -0.2596802  -0.2596802  -0.2596802  -0.2596802  -0.2596802  -0.2596802
 -0.2596802  -0.2596802  -0.2596802  -0.2596802  -0.2596802 ]",[0.006063089875179506]
11,"[-0.27538505 -0.27538505 -0.27538505 -0.27538505 -0.27538505 -0.27538505
 -0.27538505 -0.27538505 -0.27538505 -0.27538505 -0.27538505 -0.27538505
 -0.27538505 -0.27538505 -0.27538505 -0.27538505  0.5225831  -0.27538505
 -0.27538505 -0.27538505 -0.27538505 -0.27538505 -0.27538505 -0.27538505
 -0.27538505 -0.27538505 -0.27538505 -0.27538505 -0.27538505 -0.27538505
 -0.27538505 -0.27538505 -0.27538505 -0.27538505 -0.27538505 -0.27538505
 -0.27538505 -0.27538505 -0.27538505 -0.27538505  3.75964165  1.51547137
 -0.27538505 -0.27538505 -0.27538505 -0.27538505 -0.27538505 -0.27538505
 -0.27538505 -0.27538505 -0.27538505 -0.27538505 -0.27538505  5.86091881
 -0.27538505 -0.27538505 -0.27538505 -0.27538505 -0.27538505 -0.27538505
 -0.27538505 -0.27538505 -0.27538505 -0.27538505 -0.27538505 -0.27538505
 -0.27538505 -0.27538505 -0.27538505 -0.27538505 -0.27538505 -0.27538505
  0.64450949 -0.27538505 -0.27538505 -0.27538505 -0.27538505 -0.27538505
 -0.27538505 -0.27538505 -0.27538505 -0.27538505 -0.27538505 -0.27538505
 -0.27538505 -0.27538505 -0.27538505 -0.27538505 -0.27538505  0.71580043
 -0.27538505  4.24475442 -0.27538505 -0.18434943  2.8496068  -0.27538505
 -0.27538505 -0.27538505  1.4523114  -0.27538505  3.77015975 -0.27538505
  4.09791225  3.43265341  3.3258917  -0.27538505  1.22953175 -0.27538505
 -0.27538505 -0.27538505 -0.27538505 -0.27538505 -0.27538505 -0.27538505
 -0.27538505 -0.27538505 -0.27538505 -0.27538505 -0.27538505 -0.27538505
 -0.27538505 -0.27538505 -0.27538505 -0.27538505 -0.27538505 -0.27538505
 -0.27538505 -0.27538505 -0.27538505 -0.27538505 -0.27538505 -0.27538505
 -0.27538505 -0.27538505 -0.27538505 -0.27538505 -0.27538505 -0.27538505
 -0.27538505 -0.27538505 -0.27538505 -0.27538505 -0.27538505 -0.27538505
 -0.27538505 -0.27538505 -0.27538505 -0.27538505 -0.27538505 -0.27538505
 -0.27538505 -0.27538505 -0.27538505 -0.27538505 -0.27538505 -0.27538505
 -0.27538505 -0.27538505 -0.27538505 -0.27538505 -0.27538505 -0.27538505
  5.08242233 -0.27538505 -0.27538505 -0.27538505 -0.27538505  2.29255818
 -0.27538505 -0.27538505 -0.27538505 -0.27538505 -0.27538505 -0.27538505
 -0.27538505 -0.27538505 -0.27538505 -0.27538505 -0.27538505]",[0.04504488490140343]
11,"[-0.31521643 -0.31521643 -0.31521643  0.1374728  -0.31521643 -0.31521643
 -0.31521643 -0.31521643 -0.31521643 -0.31521643 -0.31521643 -0.31521643
 -0.31521643 -0.31521643 -0.31521643 -0.31521643 -0.31521643 -0.31521643
 -0.31521643 -0.31521643 -0.31521643 -0.31521643 -0.31521643 -0.31521643
 -0.31521643 -0.31521643 -0.31521643 -0.31521643 -0.31521643 -0.31521643
 -0.31521643 -0.31521643 -0.31521643 -0.31521643 -0.31521643 -0.31521643
 -0.31521643 -0.31521643 -0.31521643 -0.31521643  3.16110241  0.55311647
 -0.31521643 -0.31521643 -0.31521643 -0.31521643 -0.31521643 -0.31521643
 -0.31521643 -0.31521643 -0.31521643 -0.31521643 -0.31521643  5.78758769
  3.11816321 -0.31521643  4.68686736 -0.31521643 -0.31521643 -0.31521643
 -0.31521643 -0.31521643 -0.31521643 -0.31521643 -0.31521643 -0.31521643
 -0.31521643 -0.31521643 -0.31521643 -0.31521643 -0.31521643 -0.31521643
 -0.31521643 -0.31521643 -0.31521643 -0.31521643 -0.31521643 -0.31521643
 -0.31521643 -0.31521643 -0.31521643 -0.31521643 -0.31521643 -0.31521643
 -0.31521643 -0.31521643 -0.31521643 -0.31521643 -0.31521643  0.6840043
  1.32721749  2.6724014  -0.31521643 -0.04473817  1.11300568 -0.31521643
 -0.31521643 -0.31521643 -0.31521643 -0.31521643  2.70714723 -0.31521643
  2.19673494  2.17275971  2.98248742 -0.31521643  3.18555533 -0.31521643
 -0.31521643 -0.31521643 -0.31521643 -0.31521643 -0.31521643 -0.31521643
 -0.31521643 -0.31521643 -0.31521643 -0.31521643 -0.31521643 -0.31521643
 -0.31521643 -0.31521643 -0.31521643 -0.31521643 -0.31521643 -0.31521643
 -0.31521643 -0.31521643 -0.31521643 -0.31521643 -0.31521643 -0.31521643
 -0.31521643 -0.31521643 -0.31521643 -0.31521643 -0.31521643 -0.31521643
 -0.31521643  2.34980404 -0.31521643 -0.31521643 -0.31521643 -0.31521643
 -0.31521643 -0.31521643 -0.31521643 -0.31521643  3.07959    -0.31521643
 -0.31521643 -0.31521643 -0.31521643 -0.31521643 -0.31521643 -0.31521643
 -0.31521643 -0.31521643 -0.31521643 -0.31521643 -0.31521643 -0.31521643
  2.84262017 -0.31521643 -0.31521643 -0.31521643 -0.31521643  0.92994272
 -0.31521643 -0.31521643 -0.31521643 -0.31521643 -0.31521643 -0.31521643
 -0.31521643 -0.31521643 -0.31521643 -0.31521643  4.16135421]",[0.01950025810361028]
11,"[-0.22498375 -0.22498375 -0.22498375 -0.22498375 -0.22498375 -0.22498375
 -0.22498375 -0.22498375 -0.22498375 -0.22498375 -0.22498375 -0.22498375
 -0.22498375 -0.22498375 -0.22498375 -0.22498375 -0.22498375 -0.22498375
 -0.22498375 -0.22498375 -0.22498375 -0.22498375 -0.22498375 -0.22498375
 -0.22498375 -0.22498375 -0.22498375 -0.22498375 -0.22498375 -0.22498375
 -0.22498375 -0.22498375 -0.22498375 -0.22498375 -0.22498375 -0.22498375
 -0.22498375 -0.22498375 -0.22498375 -0.22498375  7.18553509 -0.22498375
 -0.22498375 -0.22498375 -0.22498375 -0.22498375 -0.22498375 -0.22498375
 -0.22498375 -0.22498375 -0.22498375 -0.22498375 -0.22498375 -0.22498375
 -0.22498375 -0.22498375 -0.22498375 -0.22498375 -0.22498375 -0.22498375
 -0.22498375 -0.22498375 -0.22498375 -0.22498375 -0.22498375 -0.22498375
 -0.22498375 -0.22498375 -0.22498375 -0.22498375 -0.22498375 -0.22498375
 -0.22498375 -0.22498375 -0.22498375 -0.22498375 -0.22498375 -0.22498375
 -0.22498375 -0.22498375 -0.22498375 -0.22498375 -0.22498375 -0.22498375
 -0.22498375 -0.22498375 -0.22498375 -0.22498375  3.59625186 -0.22498375
 -0.22498375  0.29765609 -0.22498375  0.98114036  4.06918419 -0.22498375
 -0.22498375 -0.22498375 -0.22498375 -0.22498375  3.34817907 -0.22498375
  3.61458642  1.25437189  5.67183328 -0.22498375  3.73062954 -0.22498375
 -0.22498375 -0.22498375 -0.22498375 -0.22498375 -0.22498375 -0.22498375
 -0.22498375 -0.22498375 -0.22498375 -0.22498375 -0.22498375 -0.22498375
 -0.22498375 -0.22498375 -0.22498375 -0.22498375 -0.22498375 -0.22498375
 -0.22498375 -0.22498375 -0.22498375 -0.22498375 -0.22498375 -0.22498375
 -0.22498375 -0.22498375 -0.22498375 -0.22498375 -0.22498375 -0.22498375
 -0.22498375 -0.22498375 -0.22498375 -0.22498375 -0.22498375 -0.22498375
 -0.22498375 -0.22498375 -0.22498375 -0.22498375 -0.22498375 -0.22498375
 -0.22498375 -0.22498375 -0.22498375 -0.22498375 -0.22498375 -0.22498375
 -0.22498375 -0.22498375 -0.22498375 -0.22498375 -0.22498375 -0.22498375
  4.04790247 -0.22498375 -0.22498375 -0.22498375 -0.22498375 -0.22498375
 -0.22498375 -0.22498375 -0.22498375 -0.22498375 -0.22498375 -0.22498375
 -0.22498375 -0.22498375 -0.22498375 -0.22498375 -0.22498375]",[-0.053477885461797964]
11,"[-0.24773947 -0.24773947 -0.24773947 -0.24773947 -0.24773947 -0.24773947
 -0.24773947 -0.24773947 -0.24773947 -0.24773947 -0.24773947 -0.24773947
 -0.24773947 -0.24773947 -0.24773947 -0.24773947 -0.24773947 -0.24773947
 -0.24773947 -0.24773947 -0.24773947 -0.24773947 -0.24773947 -0.24773947
 -0.24773947 -0.24773947 -0.24773947 -0.24773947 -0.24773947 -0.24773947
 -0.24773947 -0.24773947 -0.24773947 -0.24773947 -0.24773947 -0.24773947
 -0.24773947 -0.24773947 -0.24773947 -0.24773947  2.6936403   2.28656799
 -0.24773947 -0.24773947 -0.24773947 -0.24773947 -0.24773947 -0.24773947
 -0.24773947 -0.24773947 -0.24773947 -0.24773947 -0.24773947  0.54690886
 -0.24773947 -0.24773947 -0.24773947 -0.24773947 -0.24773947 -0.24773947
 -0.24773947 -0.24773947 -0.24773947 -0.24773947 -0.24773947 -0.24773947
 -0.24773947 -0.24773947 -0.24773947 -0.24773947 -0.24773947 -0.24773947
 -0.24773947 -0.24773947 -0.24773947 -0.24773947 -0.24773947 -0.24773947
 -0.24773947 -0.24773947 -0.24773947 -0.24773947 -0.24773947 -0.24773947
 -0.24773947 -0.24773947 -0.24773947 -0.24773947 -0.24773947 -0.24773947
 -0.24773947 -0.24773947 -0.24773947  2.79960848  4.75204496 -0.24773947
 -0.24773947 -0.24773947 -0.24773947 -0.24773947  4.75994744 -0.24773947
  5.2526574   3.00330104  5.76564271 -0.24773947  1.73159977 -0.24773947
 -0.24773947 -0.24773947 -0.24773947 -0.24773947 -0.24773947 -0.24773947
 -0.24773947 -0.24773947 -0.24773947 -0.24773947 -0.24773947 -0.24773947
 -0.24773947 -0.24773947 -0.24773947 -0.24773947 -0.24773947 -0.24773947
 -0.24773947 -0.24773947 -0.24773947 -0.24773947 -0.24773947 -0.24773947
 -0.24773947 -0.24773947 -0.24773947 -0.24773947 -0.24773947 -0.24773947
 -0.24773947 -0.24773947 -0.24773947 -0.24773947 -0.24773947 -0.24773947
 -0.24773947 -0.24773947 -0.24773947 -0.24773947 -0.24773947 -0.24773947
 -0.24773947  0.66978538 -0.24773947 -0.24773947 -0.24773947 -0.24773947
 -0.24773947 -0.24773947 -0.24773947 -0.24773947 -0.24773947 -0.24773947
  5.37431762 -0.24773947 -0.24773947 -0.24773947 -0.24773947  0.79352586
 -0.24773947  0.44746509 -0.24773947 -0.24773947 -0.24773947 -0.24773947
 -0.24773947 -0.24773947 -0.24773947 -0.24773947 -0.24773947]",[-0.024807923281285504]
11,"[-0.24877053 -0.24877053 -0.24877053 -0.24877053 -0.24877053 -0.24877053
 -0.24877053 -0.24877053 -0.24877053 -0.24877053 -0.24877053 -0.24877053
 -0.24877053 -0.24877053 -0.24877053 -0.24877053 -0.24877053 -0.24877053
 -0.24877053 -0.24877053 -0.24877053 -0.24877053 -0.24877053 -0.24877053
 -0.24877053 -0.24877053 -0.24877053 -0.24877053 -0.24877053 -0.24877053
 -0.24877053 -0.24877053 -0.24877053 -0.24877053 -0.24877053 -0.24877053
 -0.24877053 -0.24877053 -0.24877053 -0.24877053  6.6610185   0.13192353
 -0.24877053 -0.24877053 -0.24877053 -0.24877053 -0.24877053 -0.24877053
 -0.24877053 -0.24877053 -0.24877053 -0.24877053 -0.24877053  5.81252903
 -0.24877053 -0.24877053 -0.24877053 -0.24877053 -0.24877053 -0.24877053
 -0.24877053 -0.24877053 -0.24877053 -0.24877053 -0.24877053 -0.24877053
 -0.24877053 -0.24877053 -0.24877053 -0.24877053 -0.24877053 -0.24877053
 -0.24877053 -0.24877053 -0.24877053 -0.24877053 -0.24877053 -0.24877053
 -0.24877053 -0.24877053 -0.24877053 -0.24877053 -0.24877053 -0.24877053
 -0.24877053 -0.24877053 -0.24877053 -0.24877053 -0.24877053 -0.24877053
 -0.24877053  1.70148896 -0.24877053 -0.24877053  2.34926683 -0.24877053
 -0.24877053 -0.24877053 -0.24877053 -0.24877053  3.22115611 -0.24877053
  3.4281728   3.07644385  3.59744777 -0.24877053  0.99681255 -0.24877053
 -0.24877053 -0.24877053 -0.24877053 -0.24877053 -0.24877053 -0.24877053
 -0.24877053 -0.24877053 -0.24877053 -0.24877053 -0.24877053 -0.24877053
 -0.24877053 -0.24877053 -0.24877053 -0.24877053 -0.24877053 -0.24877053
 -0.24877053 -0.24877053 -0.24877053 -0.24877053 -0.24877053 -0.24877053
 -0.24877053 -0.24877053 -0.24877053 -0.24877053 -0.24877053 -0.24877053
 -0.24877053  4.28324461 -0.24877053 -0.24877053 -0.24877053 -0.24877053
 -0.24877053 -0.24877053 -0.24877053 -0.24877053 -0.24877053 -0.24877053
 -0.24877053 -0.24877053 -0.24877053 -0.24877053 -0.24877053 -0.24877053
 -0.24877053 -0.24877053 -0.24877053 -0.24877053 -0.24877053 -0.24877053
  2.86433295 -0.24877053 -0.24877053 -0.24877053 -0.24877053  3.17207107
 -0.24877053 -0.24877053 -0.24877053 -0.24877053 -0.24877053 -0.24877053
 -0.24877053 -0.24877053 -0.24877053 -0.24877053 -0.24877053]",[-0.015405970384585826]
11,"[-0.31848514 -0.31848514 -0.31848514 -0.31848514 -0.31848514 -0.31848514
 -0.31848514 -0.31848514 -0.31848514 -0.31848514 -0.31848514 -0.31848514
 -0.31848514 -0.31848514 -0.31848514 -0.31848514  0.13924849 -0.31848514
 -0.31848514 -0.31848514 -0.31848514 -0.31848514 -0.31848514 -0.31848514
 -0.31848514 -0.31848514 -0.31848514 -0.31848514 -0.31848514 -0.31848514
 -0.31848514 -0.31848514 -0.31848514 -0.31848514 -0.31848514 -0.31848514
 -0.31848514 -0.31848514 -0.31848514 -0.31848514  5.98730198  1.27673562
 -0.31848514 -0.31848514 -0.31848514 -0.31848514 -0.31848514 -0.31848514
 -0.31848514 -0.31848514 -0.31848514 -0.31848514 -0.31848514  5.32310386
  3.19073932 -0.31848514 -0.31848514 -0.31848514 -0.31848514 -0.31848514
 -0.31848514 -0.31848514 -0.31848514 -0.31848514 -0.31848514 -0.31848514
 -0.31848514 -0.31848514 -0.31848514 -0.31848514 -0.31848514 -0.31848514
 -0.18408838 -0.31848514 -0.31848514 -0.31848514 -0.31848514  0.8090876
 -0.31848514 -0.31848514 -0.31848514 -0.31848514 -0.31848514 -0.31848514
 -0.31848514 -0.31848514 -0.31848514  1.10543188 -0.31848514  0.81267187
 -0.31848514  1.43912175 -0.31848514 -0.24381445 -0.31848514 -0.31848514
 -0.31848514 -0.31848514  0.83351051 -0.31848514  2.07739979 -0.31848514
  1.5952702   2.70040942  2.54475991  2.55886017  3.3452822   1.13494316
 -0.31848514 -0.31848514 -0.31848514 -0.31848514 -0.31848514 -0.31848514
 -0.31848514 -0.31848514 -0.31848514 -0.31848514 -0.31848514 -0.31848514
 -0.31848514 -0.31848514 -0.31848514 -0.31848514 -0.31848514 -0.31848514
 -0.31848514 -0.31848514 -0.31848514 -0.31848514 -0.31848514 -0.31848514
 -0.31848514 -0.31848514 -0.31848514 -0.31848514 -0.31848514 -0.31848514
 -0.31848514  3.72208858 -0.31848514 -0.31848514 -0.31848514 -0.31848514
 -0.31848514 -0.31848514 -0.31848514 -0.31848514  3.06245646 -0.31848514
 -0.31848514 -0.31848514 -0.31848514 -0.31848514 -0.31848514 -0.31848514
 -0.31848514 -0.31848514 -0.31848514 -0.31848514 -0.31848514 -0.31848514
  4.09694785 -0.31848514 -0.31848514 -0.31848514 -0.31848514  1.26305279
 -0.31848514  0.77467555 -0.31848514 -0.31848514 -0.31848514 -0.31848514
 -0.31848514 -0.31848514 -0.31848514 -0.31848514 -0.31848514]",[0.025435601085165238]
11,"[-0.3231388  -0.3231388  -0.3231388  -0.3231388  -0.3231388  -0.3231388
 -0.3231388  -0.3231388  -0.3231388  -0.3231388  -0.3231388  -0.3231388
 -0.3231388  -0.3231388  -0.3231388  -0.3231388   0.66769139 -0.3231388
 -0.3231388  -0.3231388  -0.3231388  -0.3231388  -0.3231388  -0.3231388
 -0.3231388  -0.3231388  -0.3231388  -0.3231388  -0.3231388  -0.3231388
 -0.3231388  -0.3231388  -0.3231388  -0.3231388  -0.3231388  -0.3231388
 -0.3231388  -0.3231388  -0.3231388  -0.3231388   5.35586388  2.59114162
 -0.3231388  -0.3231388  -0.3231388  -0.3231388  -0.3231388  -0.3231388
 -0.3231388  -0.3231388  -0.3231388  -0.3231388  -0.3231388   4.43441536
  2.6903664   1.0549185  -0.3231388  -0.3231388  -0.3231388  -0.3231388
 -0.3231388  -0.3231388  -0.3231388  -0.3231388  -0.3231388  -0.3231388
 -0.3231388  -0.3231388  -0.3231388  -0.3231388  -0.3231388  -0.3231388
 -0.3231388  -0.3231388  -0.3231388  -0.3231388  -0.3231388  -0.3231388
 -0.3231388  -0.3231388  -0.3231388  -0.3231388  -0.3231388   3.36977166
 -0.3231388  -0.3231388  -0.3231388  -0.3231388   1.72675527  1.34385575
 -0.3231388   1.71555576 -0.3231388   0.00619422 -0.06253991 -0.3231388
 -0.3231388  -0.3231388  -0.3231388  -0.3231388   0.95953997 -0.3231388
  1.56990978  0.44176841  0.91277963 -0.3231388   2.45639787 -0.3231388
 -0.3231388  -0.3231388  -0.3231388  -0.3231388  -0.3231388  -0.3231388
 -0.3231388  -0.3231388  -0.3231388  -0.3231388  -0.3231388  -0.3231388
 -0.3231388  -0.3231388  -0.3231388  -0.3231388  -0.3231388  -0.3231388
 -0.3231388  -0.3231388  -0.3231388  -0.3231388  -0.3231388  -0.3231388
 -0.3231388   3.93501395 -0.3231388  -0.3231388  -0.3231388  -0.3231388
 -0.3231388   3.69810937 -0.3231388  -0.3231388  -0.3231388  -0.3231388
 -0.3231388  -0.3231388  -0.3231388  -0.3231388   2.05968713 -0.3231388
 -0.3231388  -0.3231388  -0.3231388  -0.3231388  -0.3231388  -0.3231388
 -0.3231388  -0.3231388  -0.3231388  -0.3231388  -0.3231388  -0.3231388
  3.7626854  -0.3231388  -0.3231388  -0.3231388  -0.3231388   1.21753337
 -0.3231388  -0.3231388  -0.3231388  -0.3231388  -0.3231388  -0.3231388
 -0.3231388  -0.3231388  -0.3231388  -0.3231388   4.50223775]",[0.013653096667704201]
11,"[-0.32936393 -0.32936393 -0.32936393 -0.32936393 -0.32936393 -0.32936393
 -0.32936393 -0.32936393 -0.32936393 -0.32936393 -0.32936393 -0.32936393
 -0.32936393 -0.32936393 -0.32936393 -0.32936393  0.1252877  -0.32936393
 -0.32936393 -0.32936393 -0.32936393 -0.32936393 -0.32936393 -0.32936393
 -0.32936393 -0.32936393 -0.32936393 -0.32936393 -0.32936393 -0.32936393
 -0.32936393 -0.32936393 -0.32936393 -0.32936393 -0.32936393 -0.32936393
 -0.32936393 -0.32936393 -0.32936393 -0.32936393  5.37997146  2.18248817
 -0.32936393 -0.32936393 -0.32936393 -0.32936393 -0.32936393 -0.32936393
 -0.32936393 -0.32936393 -0.32936393 -0.32936393 -0.32936393  4.99619189
  2.62786447 -0.12649772  1.01897514 -0.32936393 -0.32936393 -0.32936393
 -0.32936393 -0.32936393 -0.32936393 -0.32936393 -0.32936393 -0.32936393
 -0.32936393 -0.32936393 -0.32936393 -0.32936393 -0.32936393 -0.32936393
 -0.32936393 -0.32936393 -0.32936393 -0.32936393 -0.32936393 -0.32936393
 -0.32936393 -0.32936393 -0.32936393 -0.32936393 -0.32936393 -0.32936393
 -0.32936393 -0.32936393 -0.32936393  1.5311136  -0.32936393 -0.32936393
 -0.32936393  3.57937164 -0.32936393 -0.25519601  1.37810493 -0.21593366
 -0.32936393 -0.32936393  0.39491917 -0.32936393  2.396103   -0.32936393
  2.82246854  3.00939425  1.60931515  2.04373853  2.57034268  0.15717622
 -0.32936393 -0.32936393 -0.32936393 -0.32936393 -0.32936393 -0.32936393
 -0.32936393 -0.32936393 -0.32936393 -0.32936393 -0.32936393 -0.32936393
 -0.32936393 -0.32936393 -0.32936393 -0.32936393 -0.32936393 -0.32936393
 -0.32936393 -0.32936393 -0.32936393 -0.32936393 -0.32936393 -0.32936393
 -0.32936393 -0.32936393 -0.32936393 -0.32936393 -0.32936393 -0.32936393
 -0.32936393  4.34841197 -0.32936393 -0.32936393 -0.32936393 -0.32936393
 -0.32936393 -0.32936393 -0.32936393 -0.32936393  1.79391847 -0.32936393
 -0.32936393 -0.32936393 -0.32936393 -0.32936393 -0.32936393 -0.32936393
 -0.32936393 -0.32936393 -0.32936393 -0.32936393 -0.32936393 -0.32936393
  1.42781649 -0.32936393 -0.32936393 -0.32936393 -0.32936393  3.42990103
 -0.32936393 -0.32936393 -0.32936393 -0.32936393 -0.32936393 -0.32936393
 -0.32936393 -0.32936393 -0.32936393 -0.32936393  2.49679759]",[0.01967166104871071]
11,"[-0.30723834 -0.30723834 -0.30723834 -0.30723834 -0.30723834 -0.30723834
 -0.30723834 -0.30723834 -0.30723834 -0.30723834 -0.30723834 -0.30723834
 -0.30723834 -0.30723834 -0.30723834 -0.30723834 -0.30723834 -0.30723834
 -0.30723834 -0.30723834 -0.30723834 -0.30723834 -0.30723834 -0.30723834
 -0.30723834 -0.30723834 -0.30723834 -0.30723834 -0.30723834 -0.30723834
 -0.30723834 -0.30723834 -0.30723834 -0.30723834 -0.30723834 -0.30723834
 -0.30723834 -0.30723834 -0.30723834 -0.30723834  2.83346159  0.35409421
 -0.30723834 -0.30723834 -0.30723834 -0.30723834 -0.30723834 -0.30723834
 -0.30723834 -0.30723834 -0.30723834 -0.30723834 -0.30723834  5.55416616
  0.4822997   1.06193592 -0.30723834 -0.30723834 -0.30723834 -0.30723834
 -0.30723834 -0.30723834 -0.30723834 -0.30723834 -0.30723834 -0.30723834
 -0.30723834 -0.30723834 -0.30723834 -0.30723834 -0.30723834 -0.30723834
  0.12902083 -0.30723834 -0.30723834 -0.30723834 -0.30723834 -0.30723834
 -0.30723834 -0.30723834 -0.30723834 -0.30723834 -0.30723834 -0.30723834
 -0.30723834 -0.30723834 -0.30723834 -0.30723834  2.15456921 -0.30723834
 -0.30723834  1.7776879  -0.30723834 -0.21404814  1.4298509  -0.30723834
 -0.30723834 -0.30723834 -0.30723834 -0.30723834  3.15523671 -0.30723834
  2.68165146  1.19055618  2.12835554  5.10160618  3.41549894  1.13285449
 -0.30723834 -0.30723834 -0.30723834 -0.30723834 -0.30723834 -0.30723834
 -0.30723834 -0.30723834 -0.30723834 -0.30723834 -0.30723834 -0.30723834
 -0.30723834  0.12359568 -0.30723834 -0.30723834 -0.30723834 -0.30723834
 -0.30723834 -0.30723834 -0.30723834 -0.30723834 -0.30723834 -0.30723834
 -0.30723834 -0.30723834 -0.30723834 -0.30723834 -0.30723834 -0.30723834
 -0.30723834  3.54535778 -0.30723834 -0.30723834  0.55536005 -0.30723834
 -0.30723834 -0.30723834 -0.30723834 -0.30723834 -0.30723834 -0.30723834
 -0.30723834  0.57641847 -0.30723834 -0.30723834 -0.30723834 -0.30723834
 -0.30723834 -0.30723834 -0.30723834 -0.30723834 -0.30723834 -0.30723834
  4.79294426 -0.30723834 -0.30723834 -0.30723834 -0.30723834  3.96670658
 -0.30723834 -0.30723834 -0.30723834 -0.30723834 -0.30723834 -0.30723834
 -0.30723834 -0.30723834 -0.30723834 -0.30723834 -0.30723834]",[0.0075717699941108]
11,"[-0.28047688 -0.28047688 -0.28047688 -0.28047688 -0.28047688 -0.28047688
 -0.28047688 -0.28047688 -0.28047688 -0.28047688 -0.28047688 -0.28047688
 -0.28047688 -0.28047688 -0.28047688 -0.28047688 -0.28047688 -0.28047688
 -0.28047688 -0.28047688 -0.28047688 -0.28047688 -0.28047688 -0.28047688
 -0.28047688 -0.28047688 -0.28047688 -0.28047688 -0.28047688 -0.28047688
 -0.28047688 -0.28047688 -0.28047688 -0.28047688 -0.28047688 -0.28047688
 -0.28047688 -0.28047688 -0.28047688 -0.28047688  4.90257418 -0.28047688
 -0.28047688 -0.28047688 -0.28047688 -0.28047688 -0.28047688 -0.28047688
 -0.28047688 -0.28047688 -0.28047688 -0.28047688 -0.28047688  5.54496065
 -0.28047688 -0.28047688 -0.28047688 -0.28047688 -0.28047688 -0.28047688
 -0.28047688 -0.28047688 -0.28047688 -0.28047688 -0.28047688 -0.28047688
 -0.28047688 -0.28047688 -0.28047688 -0.28047688 -0.28047688 -0.28047688
 -0.28047688 -0.28047688 -0.28047688 -0.28047688 -0.28047688 -0.28047688
 -0.28047688 -0.28047688 -0.28047688 -0.28047688 -0.28047688 -0.28047688
 -0.28047688 -0.28047688 -0.28047688 -0.28047688  0.69100386 -0.28047688
  0.50711352  3.88305359 -0.28047688 -0.28047688  2.13090292 -0.28047688
 -0.28047688 -0.28047688 -0.28047688 -0.28047688  2.38900803 -0.28047688
  3.70417691  2.73167936  2.53224031  5.00109819  3.31505463 -0.28047688
 -0.28047688 -0.28047688 -0.28047688 -0.28047688 -0.28047688 -0.28047688
 -0.28047688 -0.28047688 -0.28047688 -0.28047688 -0.28047688 -0.28047688
 -0.28047688 -0.28047688 -0.28047688 -0.28047688 -0.28047688 -0.28047688
 -0.28047688 -0.28047688 -0.28047688 -0.28047688 -0.28047688 -0.28047688
 -0.28047688 -0.28047688 -0.28047688 -0.28047688 -0.28047688 -0.28047688
 -0.28047688 -0.28047688 -0.28047688 -0.28047688 -0.28047688 -0.28047688
 -0.28047688 -0.28047688 -0.28047688 -0.28047688  2.6365961  -0.28047688
 -0.28047688 -0.28047688 -0.28047688 -0.28047688 -0.28047688 -0.28047688
 -0.28047688 -0.28047688 -0.28047688 -0.28047688 -0.28047688 -0.28047688
  3.47802573 -0.28047688 -0.28047688 -0.28047688 -0.28047688  1.37327497
 -0.28047688 -0.28047688 -0.28047688 -0.28047688 -0.28047688 -0.28047688
 -0.28047688 -0.28047688 -0.28047688 -0.28047688  0.89696863]",[-0.009796347708133812]
11,"[-0.27762147 -0.27762147 -0.27762147 -0.27762147 -0.27762147 -0.27762147
 -0.27762147 -0.27762147 -0.27762147 -0.27762147 -0.27762147 -0.27762147
 -0.27762147 -0.27762147 -0.27762147 -0.27762147  0.56102793 -0.27762147
 -0.27762147 -0.27762147 -0.27762147 -0.27762147 -0.27762147 -0.27762147
 -0.27762147 -0.27762147 -0.27762147 -0.27762147 -0.27762147 -0.27762147
 -0.27762147 -0.27762147 -0.27762147 -0.27762147 -0.27762147 -0.27762147
 -0.27762147 -0.27762147 -0.27762147 -0.27762147  4.26941055  1.13067188
 -0.27762147 -0.27762147 -0.27762147 -0.27762147 -0.27762147 -0.27762147
 -0.27762147 -0.27762147 -0.27762147 -0.27762147 -0.27762147  1.03959897
 -0.27762147 -0.27762147 -0.27762147 -0.27762147 -0.27762147 -0.27762147
 -0.27762147 -0.27762147 -0.27762147 -0.27762147 -0.27762147 -0.27762147
 -0.27762147 -0.27762147 -0.27762147 -0.27762147 -0.27762147 -0.27762147
 -0.27762147 -0.27762147 -0.27762147 -0.27762147 -0.27762147  1.48725684
 -0.27762147 -0.27762147 -0.27762147 -0.27762147 -0.27762147 -0.27762147
 -0.27762147 -0.27762147 -0.27762147 -0.27762147  3.41531761 -0.27762147
 -0.27762147  4.25498894 -0.27762147  0.28499289  3.99718019 -0.27762147
 -0.27762147 -0.27762147 -0.27762147 -0.27762147  3.94131663 -0.27762147
  3.75489407  1.4974998   5.15713624 -0.27762147  3.63984937 -0.27762147
 -0.27762147 -0.27762147 -0.27762147 -0.27762147 -0.27762147 -0.27762147
 -0.27762147 -0.27762147 -0.27762147 -0.27762147 -0.27762147 -0.27762147
 -0.27762147 -0.27762147 -0.27762147 -0.27762147 -0.27762147 -0.27762147
 -0.27762147 -0.27762147 -0.27762147 -0.27762147 -0.27762147 -0.27762147
 -0.27762147 -0.27762147 -0.27762147 -0.27762147 -0.27762147 -0.27762147
 -0.27762147 -0.27762147 -0.27762147 -0.27762147 -0.27762147 -0.27762147
 -0.27762147 -0.27762147 -0.27762147 -0.27762147 -0.27762147 -0.27762147
 -0.27762147 -0.27762147 -0.27762147 -0.27762147 -0.27762147 -0.27762147
 -0.27762147 -0.27762147 -0.27762147 -0.27762147 -0.27762147 -0.27762147
  4.95506625 -0.27762147 -0.27762147 -0.27762147 -0.27762147  0.6568267
 -0.27762147 -0.27762147 -0.27762147 -0.27762147 -0.27762147 -0.27762147
 -0.27762147 -0.27762147 -0.27762147 -0.27762147  0.93164324]",[-0.0144849325680802]
11,"[-0.27315038 -0.27315038 -0.27315038 -0.27315038 -0.27315038 -0.27315038
 -0.27315038 -0.27315038 -0.27315038 -0.27315038 -0.27315038 -0.27315038
 -0.27315038 -0.27315038 -0.27315038 -0.27315038  0.25886996 -0.27315038
 -0.27315038 -0.27315038 -0.27315038 -0.27315038 -0.27315038 -0.27315038
 -0.27315038 -0.27315038 -0.27315038 -0.27315038 -0.27315038 -0.27315038
 -0.27315038 -0.27315038 -0.27315038 -0.27315038 -0.27315038 -0.27315038
 -0.27315038 -0.27315038 -0.27315038 -0.27315038  2.10404943  0.36244829
 -0.27315038 -0.27315038 -0.27315038 -0.27315038 -0.27315038 -0.27315038
 -0.27315038 -0.27315038 -0.27315038 -0.27315038 -0.27315038  5.86906128
  1.13942017 -0.27315038 -0.27315038 -0.27315038 -0.27315038 -0.27315038
 -0.27315038 -0.27315038 -0.27315038 -0.27315038 -0.27315038 -0.27315038
 -0.27315038 -0.27315038 -0.27315038 -0.27315038 -0.27315038 -0.27315038
  1.8601414  -0.27315038 -0.27315038 -0.27315038 -0.27315038 -0.27315038
 -0.27315038 -0.27315038 -0.27315038 -0.27315038 -0.27315038 -0.27315038
 -0.27315038 -0.27315038 -0.27315038 -0.27315038 -0.27315038 -0.27315038
 -0.27315038  0.75958329 -0.27315038 -0.27315038  0.18870907 -0.27315038
 -0.27315038 -0.27315038 -0.27315038 -0.27315038  2.5702169  -0.27315038
  1.80059391  1.27081958  2.90575448  3.71672812  4.05154843  0.296185
 -0.27315038 -0.27315038 -0.27315038 -0.27315038 -0.27315038 -0.27315038
 -0.27315038 -0.27315038 -0.27315038 -0.27315038 -0.27315038 -0.27315038
 -0.27315038 -0.27315038 -0.27315038 -0.27315038 -0.27315038 -0.27315038
 -0.27315038 -0.27315038 -0.27315038 -0.27315038 -0.27315038 -0.27315038
 -0.27315038 -0.27315038 -0.27315038 -0.27315038 -0.27315038 -0.27315038
 -0.27315038  4.56137462 -0.27315038 -0.27315038 -0.27315038 -0.27315038
 -0.27315038 -0.27315038 -0.27315038 -0.27315038 -0.27315038 -0.27315038
 -0.27315038 -0.27315038 -0.27315038 -0.27315038 -0.27315038 -0.27315038
 -0.27315038 -0.27315038 -0.27315038 -0.27315038 -0.27315038 -0.27315038
  3.27069067 -0.27315038 -0.27315038 -0.27315038 -0.27315038  0.33171008
 -0.27315038 -0.27315038 -0.27315038 -0.27315038 -0.27315038 -0.27315038
 -0.27315038 -0.27315038 -0.27315038 -0.27315038  6.38615534]",[-0.017912066569828744]
11,"[-0.30182665 -0.30182665 -0.30182665 -0.23309432 -0.30182665 -0.30182665
 -0.30182665 -0.30182665 -0.30182665 -0.30182665 -0.30182665 -0.30182665
 -0.30182665 -0.30182665 -0.30182665 -0.30182665 -0.30182665 -0.30182665
 -0.30182665 -0.30182665 -0.30182665 -0.30182665 -0.30182665 -0.30182665
 -0.30182665 -0.30182665 -0.30182665 -0.30182665 -0.30182665 -0.30182665
 -0.30182665 -0.30182665 -0.30182665 -0.30182665 -0.30182665 -0.30182665
 -0.30182665 -0.30182665 -0.30182665 -0.30182665  5.63851118  1.50378398
 -0.30182665 -0.30182665 -0.30182665 -0.30182665 -0.30182665 -0.30182665
 -0.30182665 -0.30182665 -0.30182665 -0.30182665 -0.30182665  5.69376958
  2.60879213 -0.30182665  3.51560128 -0.30182665 -0.30182665 -0.30182665
 -0.30182665 -0.30182665 -0.30182665 -0.30182665 -0.30182665 -0.30182665
 -0.30182665 -0.30182665 -0.30182665 -0.30182665 -0.30182665 -0.30182665
 -0.30182665 -0.30182665 -0.30182665 -0.30182665 -0.30182665 -0.30182665
 -0.30182665 -0.30182665 -0.30182665 -0.30182665 -0.30182665 -0.30182665
 -0.30182665 -0.30182665 -0.30182665 -0.30182665 -0.30182665 -0.30182665
 -0.30182665  1.03851369 -0.30182665  0.24972901  1.87238934 -0.30182665
 -0.30182665 -0.30182665 -0.30182665 -0.30182665  3.32498945  2.01425276
  1.54761439  2.80149528  0.9368304  -0.30182665  3.2821174   0.70834611
 -0.30182665 -0.30182665 -0.30182665 -0.30182665  3.26610551 -0.30182665
 -0.30182665 -0.30182665 -0.30182665 -0.30182665 -0.30182665 -0.30182665
 -0.30182665 -0.30182665 -0.30182665 -0.30182665 -0.30182665 -0.30182665
 -0.30182665 -0.30182665 -0.30182665 -0.30182665 -0.30182665 -0.30182665
 -0.30182665 -0.30182665 -0.30182665 -0.30182665 -0.30182665 -0.30182665
 -0.30182665  4.25746865 -0.30182665 -0.30182665 -0.30182665 -0.30182665
 -0.30182665 -0.30182665 -0.30182665 -0.30182665  1.87981866 -0.30182665
 -0.30182665 -0.30182665 -0.30182665 -0.30182665 -0.30182665 -0.30182665
 -0.30182665 -0.30182665 -0.30182665 -0.30182665 -0.30182665 -0.30182665
 -0.30182665 -0.30182665 -0.30182665 -0.30182665 -0.30182665  2.08340209
 -0.30182665 -0.30182665 -0.30182665 -0.30182665 -0.30182665 -0.30182665
 -0.30182665 -0.30182665 -0.30182665 -0.30182665 -0.30182665]",[-0.0014011234075912982]
11,"[-0.2808441  -0.2808441  -0.2808441  -0.2808441  -0.2808441  -0.2808441
 -0.2808441  -0.2808441  -0.2808441  -0.2808441  -0.2808441  -0.2808441
 -0.2808441  -0.2808441  -0.2808441  -0.2808441  -0.2808441  -0.2808441
 -0.2808441  -0.2808441  -0.2808441  -0.2808441  -0.2808441  -0.2808441
 -0.2808441  -0.2808441  -0.2808441  -0.2808441  -0.2808441  -0.2808441
 -0.2808441  -0.2808441  -0.2808441  -0.2808441  -0.2808441  -0.2808441
 -0.2808441  -0.2808441  -0.2808441  -0.2808441   5.75872109 -0.0548262
 -0.2808441  -0.2808441  -0.2808441  -0.2808441  -0.2808441  -0.2808441
 -0.2808441  -0.2808441   0.23612666 -0.2808441  -0.2808441   5.29115467
  2.45391882 -0.2808441  -0.2808441  -0.2808441  -0.2808441  -0.2808441
 -0.2808441  -0.2808441  -0.2808441  -0.2808441  -0.2808441  -0.2808441
 -0.2808441  -0.2808441  -0.2808441  -0.2808441  -0.2808441  -0.2808441
 -0.2808441  -0.2808441  -0.2808441  -0.2808441  -0.2808441  -0.2808441
 -0.2808441  -0.2808441  -0.2808441  -0.2808441  -0.2808441  -0.2808441
 -0.2808441  -0.2808441  -0.2808441  -0.2808441  -0.2808441  -0.2808441
 -0.2808441   1.38966591 -0.2808441   1.10153259  3.04240841 -0.2808441
 -0.2808441  -0.2808441  -0.2808441  -0.2808441   3.27256135 -0.2808441
  3.21192006  2.21609532  3.38515099 -0.2808441   3.18734293 -0.2808441
 -0.2808441  -0.2808441  -0.2808441  -0.2808441  -0.2808441  -0.2808441
 -0.2808441  -0.2808441  -0.2808441  -0.2808441  -0.2808441  -0.2808441
 -0.2808441  -0.2808441  -0.2808441  -0.2808441  -0.2808441  -0.2808441
 -0.2808441  -0.2808441  -0.2808441  -0.2808441  -0.2808441  -0.2808441
 -0.2808441  -0.2808441  -0.2808441  -0.2808441  -0.2808441  -0.2808441
 -0.2808441   4.47272803 -0.2808441  -0.2808441  -0.2808441  -0.2808441
 -0.2808441  -0.2808441  -0.2808441  -0.2808441  -0.2808441  -0.2808441
 -0.2808441  -0.2808441  -0.2808441  -0.2808441  -0.2808441  -0.2808441
 -0.2808441  -0.2808441  -0.2808441  -0.2808441  -0.2808441  -0.2808441
  1.32791084 -0.2808441  -0.2808441  -0.2808441  -0.2808441   3.96512194
 -0.2808441  -0.2808441  -0.2808441  -0.2808441  -0.2808441  -0.2808441
 -0.2808441  -0.2808441  -0.2808441  -0.2808441   1.23921092]",[-0.0007782684386153371]
11,"[-0.31141461 -0.31141461 -0.31141461 -0.31141461 -0.31141461 -0.31141461
 -0.31141461 -0.31141461 -0.31141461 -0.31141461 -0.31141461 -0.31141461
 -0.31141461 -0.31141461 -0.31141461 -0.31141461 -0.31141461 -0.31141461
 -0.31141461 -0.31141461 -0.31141461 -0.31141461 -0.31141461 -0.31141461
 -0.31141461 -0.31141461 -0.31141461 -0.31141461 -0.31141461 -0.31141461
 -0.31141461 -0.31141461 -0.31141461 -0.31141461 -0.31141461 -0.31141461
 -0.31141461 -0.31141461 -0.31141461 -0.31141461  5.25919346  1.5101942
 -0.31141461 -0.31141461 -0.31141461 -0.31141461 -0.31141461 -0.31141461
 -0.31141461 -0.31141461 -0.31141461 -0.31141461 -0.31141461  4.52971739
  3.04939111 -0.31141461  3.38170837 -0.31141461 -0.31141461 -0.31141461
 -0.31141461 -0.31141461 -0.31141461 -0.31141461 -0.31141461 -0.31141461
 -0.31141461 -0.31141461 -0.31141461 -0.31141461 -0.31141461 -0.31141461
 -0.31141461 -0.31141461 -0.31141461 -0.31141461 -0.31141461 -0.31141461
 -0.31141461 -0.31141461 -0.31141461 -0.31141461 -0.31141461 -0.31141461
 -0.31141461 -0.31141461 -0.31141461 -0.31141461 -0.31141461 -0.31141461
 -0.31141461  3.49651208 -0.31141461  0.80136058  0.04387276 -0.31141461
 -0.31141461 -0.31141461  0.73120652 -0.31141461  2.98734391 -0.31141461
  3.37146003  3.02372278  3.350926   -0.31141461  1.1569884  -0.31141461
 -0.31141461 -0.31141461 -0.31141461 -0.31141461 -0.31141461 -0.31141461
 -0.31141461 -0.31141461 -0.31141461 -0.31141461 -0.31141461 -0.31141461
 -0.31141461 -0.31141461 -0.31141461 -0.31141461 -0.31141461 -0.31141461
 -0.31141461 -0.31141461 -0.31141461 -0.31141461 -0.31141461 -0.31141461
 -0.31141461 -0.31141461 -0.31141461 -0.31141461 -0.31141461 -0.31141461
 -0.31141461  2.83611449 -0.31141461 -0.31141461 -0.31141461 -0.31141461
 -0.31141461 -0.31141461 -0.31141461 -0.31141461  1.61823043 -0.31141461
 -0.31141461 -0.31141461 -0.31141461 -0.31141461 -0.31141461 -0.31141461
 -0.31141461 -0.31141461 -0.31141461 -0.31141461 -0.31141461 -0.31141461
  3.37891752 -0.31141461 -0.31141461 -0.31141461 -0.31141461  2.03192586
 -0.31141461 -0.31141461 -0.31141461 -0.31141461 -0.31141461 -0.31141461
 -0.31141461 -0.31141461 -0.31141461 -0.31141461  3.26755157]",[-0.007936024958471788]
11,"[-0.31935925 -0.31935925 -0.31935925 -0.31935925 -0.31935925 -0.31935925
 -0.31935925 -0.31935925 -0.31935925 -0.31935925 -0.31935925 -0.31935925
 -0.31935925 -0.31935925 -0.31935925 -0.31935925 -0.31935925 -0.31935925
 -0.31935925 -0.31935925  0.76647509 -0.31935925 -0.31935925 -0.31935925
 -0.31935925 -0.31935925 -0.31935925  2.59791153 -0.31935925 -0.31935925
 -0.31935925 -0.31935925 -0.31935925 -0.31935925 -0.31935925 -0.31935925
 -0.31935925 -0.31935925 -0.31935925 -0.31935925  0.63122454  0.68725189
 -0.31935925 -0.31935925 -0.31935925 -0.31935925 -0.31935925 -0.31935925
 -0.31935925 -0.31935925 -0.31935925 -0.31935925 -0.31935925  6.80298921
 -0.31935925  0.79172578 -0.31935925 -0.31935925 -0.31935925 -0.31935925
 -0.31935925 -0.31935925 -0.31935925 -0.31935925 -0.31935925 -0.31935925
 -0.31935925 -0.31935925 -0.31935925 -0.31935925 -0.31935925 -0.31935925
 -0.31935925 -0.31935925 -0.31935925 -0.31935925 -0.31935925 -0.31935925
 -0.31935925 -0.31935925 -0.31935925 -0.31935925 -0.31935925 -0.31935925
 -0.31935925 -0.31935925 -0.31935925 -0.31935925 -0.31935925 -0.31935925
 -0.31935925  2.52652155 -0.31935925  0.4002519   2.73488881 -0.31935925
 -0.31935925 -0.31935925 -0.31935925 -0.31935925  3.33566723 -0.31935925
  3.27498229  1.74358291  2.73861892 -0.31935925 -0.31935925 -0.31935925
 -0.31935925 -0.31935925 -0.31935925 -0.31935925 -0.31935925 -0.31935925
 -0.31935925 -0.31935925 -0.31935925 -0.31935925  2.75735692 -0.31935925
 -0.31935925  1.38876462 -0.31935925 -0.31935925 -0.31935925 -0.31935925
 -0.31935925 -0.31935925 -0.31935925 -0.31935925 -0.31935925 -0.31935925
 -0.31935925 -0.31935925 -0.31935925 -0.31935925 -0.31935925  0.94249071
 -0.31935925 -0.31935925 -0.31935925 -0.31935925 -0.31935925 -0.31935925
 -0.31935925 -0.31935925 -0.31935925 -0.31935925 -0.31935925 -0.31935925
 -0.31935925 -0.31935925 -0.31935925 -0.31935925 -0.31935925 -0.31935925
 -0.31935925 -0.31935925 -0.31935925 -0.31935925 -0.31935925 -0.31935925
  2.53816248 -0.31935925 -0.31935925 -0.31935925 -0.31935925  2.12258298
  1.75557191  1.59650273  2.90482504 -0.31935925 -0.31935925 -0.31935925
 -0.31935925 -0.31935925 -0.31935925 -0.31935925  5.10105344]",[0.014219227240503118]
11,"[-0.33367591 -0.33367591 -0.33367591 -0.05794882 -0.33367591 -0.33367591
 -0.33367591 -0.33367591 -0.33367591 -0.33367591 -0.33367591 -0.33367591
 -0.33367591 -0.33367591 -0.33367591 -0.33367591 -0.33367591 -0.33367591
 -0.33367591 -0.33367591 -0.33367591  3.22465676 -0.33367591 -0.33367591
 -0.33367591 -0.33367591 -0.33367591 -0.33367591  2.08218577 -0.33367591
 -0.33367591 -0.33367591 -0.33367591 -0.33367591 -0.33367591 -0.33367591
 -0.33367591 -0.33367591 -0.33367591 -0.33367591  5.26527951  1.94260848
 -0.33367591 -0.33367591 -0.33367591 -0.33367591 -0.33367591 -0.33367591
 -0.33367591 -0.33367591 -0.33367591 -0.33367591 -0.33367591  4.90124091
 -0.33367591 -0.33367591 -0.33367591 -0.33367591 -0.33367591 -0.33367591
 -0.33367591 -0.33367591 -0.33367591 -0.33367591 -0.33367591 -0.33367591
 -0.33367591 -0.33367591 -0.33367591 -0.33367591 -0.33367591 -0.33367591
 -0.33367591 -0.33367591 -0.33367591 -0.33367591 -0.33367591 -0.33367591
 -0.33367591 -0.33367591 -0.33367591 -0.33367591 -0.33367591 -0.33367591
 -0.33367591 -0.33367591 -0.33367591 -0.33367591 -0.33367591 -0.33367591
 -0.33367591  2.75277995 -0.33367591 -0.33367591  2.25606571 -0.33367591
 -0.33367591 -0.33367591 -0.33367591 -0.33367591  2.538053   -0.33367591
  2.94833902  1.11150309  2.31277039 -0.33367591  3.03444981  3.699616
 -0.33367591 -0.33367591 -0.33367591 -0.33367591 -0.33367591 -0.33367591
 -0.33367591 -0.33367591 -0.33367591 -0.33367591 -0.33367591 -0.33367591
 -0.33367591  1.65519578 -0.33367591 -0.33367591 -0.33367591 -0.33367591
  2.26588855 -0.33367591 -0.33367591 -0.33367591 -0.33367591  1.06591226
 -0.33367591 -0.33367591 -0.33367591 -0.33367591 -0.33367591  0.92650633
 -0.33367591  4.22912145 -0.33367591 -0.33367591 -0.33367591 -0.33367591
 -0.33367591  1.82332069 -0.33367591 -0.33367591 -0.33367591 -0.33367591
 -0.33367591 -0.33367591 -0.33367591 -0.33367591 -0.33367591 -0.33367591
 -0.33367591 -0.33367591 -0.33367591 -0.33367591 -0.33367591 -0.33367591
  1.19022778 -0.33367591 -0.33367591 -0.33367591 -0.33367591 -0.33367591
  1.21934561 -0.33367591 -0.33367591 -0.33367591 -0.33367591 -0.33367591
 -0.33367591 -0.33367591 -0.33367591 -0.33367591 -0.33367591]",[0.05770429113597164]
12,"[-0.19896134 -0.19896134 -0.19896134 -0.19896134 -0.19896134 -0.19896134
 -0.19896134 -0.19896134 -0.19896134 -0.19896134 -0.19896134 -0.19896134
 -0.19896134 -0.19896134 -0.19896134 -0.19896134 -0.19896134 -0.19896134
 -0.19896134 -0.19896134 -0.19896134 -0.19896134 -0.19896134 -0.19896134
 -0.19896134 -0.19896134 -0.19896134 -0.19896134 -0.19896134 -0.19896134
 -0.19896134 -0.19896134 -0.19896134 -0.19896134 -0.19896134 -0.19896134
 -0.19896134 -0.19896134 -0.19896134 -0.19896134  4.7569679  -0.19896134
 -0.19896134 -0.19896134 -0.19896134 -0.19896134 -0.19896134 -0.19896134
 -0.19896134 -0.19896134 -0.19896134 -0.19896134 -0.19896134 -0.19896134
 -0.19896134 -0.19896134 -0.19896134 -0.19896134 -0.19896134 -0.19896134
 -0.19896134 -0.19896134 -0.19896134 -0.19896134 -0.19896134 -0.19896134
 -0.19896134 -0.19896134 -0.19896134 -0.19896134 -0.19896134 -0.19896134
 -0.19896134 -0.19896134 -0.19896134 -0.19896134 -0.19896134 -0.19896134
 -0.19896134 -0.19896134 -0.19896134 -0.19896134 -0.19896134 -0.19896134
 -0.19896134 -0.19896134 -0.19896134 -0.19896134  1.54653378 -0.19896134
 -0.19896134 -0.19896134 -0.19896134 -0.19896134  5.89403248 -0.19896134
 -0.19896134 -0.19896134 -0.19896134 -0.19896134  1.66216846 -0.19896134
  4.2244334  -0.19896134  4.5834639  -0.19896134  3.8901735  -0.19896134
 -0.19896134 -0.19896134 -0.19896134 -0.19896134 -0.19896134 -0.19896134
 -0.19896134 -0.19896134 -0.19896134 -0.19896134 -0.19896134 -0.19896134
 -0.19896134 -0.19896134 -0.19896134 -0.19896134 -0.19896134 -0.19896134
 -0.19896134 -0.19896134 -0.19896134 -0.19896134 -0.19896134 -0.19896134
 -0.19896134 -0.19896134 -0.19896134 -0.19896134 -0.19896134 -0.19896134
 -0.19896134 -0.19896134 -0.19896134 -0.19896134 -0.19896134 -0.19896134
 -0.19896134 -0.19896134 -0.19896134 -0.19896134 -0.19896134 -0.19896134
 -0.19896134 -0.19896134 -0.19896134 -0.19896134 -0.19896134 -0.19896134
 -0.19896134 -0.19896134 -0.19896134 -0.19896134 -0.19896134 -0.19896134
  7.46461637 -0.19896134 -0.19896134 -0.19896134 -0.19896134 -0.19896134
 -0.19896134 -0.19896134 -0.19896134 -0.19896134 -0.19896134 -0.19896134
 -0.19896134 -0.19896134 -0.19896134 -0.19896134 -0.19896134]",[-0.0396235772845637]
12,"[-0.3051993  -0.3051993  -0.3051993  -0.3051993  -0.3051993  -0.3051993
 -0.3051993  -0.3051993  -0.3051993  -0.3051993  -0.3051993  -0.3051993
 -0.3051993  -0.3051993  -0.3051993  -0.3051993  -0.3051993  -0.3051993
 -0.3051993  -0.3051993  -0.3051993  -0.3051993  -0.3051993  -0.3051993
 -0.3051993  -0.3051993  -0.3051993  -0.3051993  -0.3051993  -0.3051993
 -0.3051993  -0.3051993  -0.3051993  -0.3051993  -0.3051993  -0.3051993
 -0.3051993  -0.3051993  -0.3051993  -0.3051993   6.27665679  0.0177184
 -0.3051993  -0.3051993  -0.3051993  -0.3051993  -0.3051993  -0.3051993
 -0.3051993  -0.3051993  -0.3051993  -0.3051993  -0.3051993  -0.3051993
 -0.3051993   2.70690115  2.76931547 -0.3051993  -0.3051993  -0.3051993
 -0.3051993  -0.3051993  -0.3051993  -0.3051993  -0.3051993  -0.3051993
 -0.3051993  -0.3051993  -0.3051993  -0.3051993  -0.3051993  -0.3051993
 -0.3051993  -0.3051993  -0.3051993  -0.3051993  -0.3051993  -0.3051993
 -0.3051993  -0.3051993  -0.3051993  -0.3051993  -0.3051993  -0.3051993
 -0.3051993  -0.3051993  -0.3051993  -0.3051993   1.94823358  1.51963021
  1.96341453  2.02291744 -0.3051993  -0.3051993   2.31732695 -0.3051993
 -0.3051993  -0.3051993  -0.3051993  -0.3051993   3.17329422 -0.3051993
  1.34763908  0.38742226  3.5413911   5.09226443  2.80068487 -0.3051993
 -0.3051993  -0.3051993  -0.3051993  -0.3051993  -0.3051993  -0.3051993
 -0.3051993  -0.3051993  -0.3051993  -0.3051993  -0.3051993  -0.3051993
 -0.3051993  -0.3051993  -0.3051993  -0.3051993  -0.3051993  -0.3051993
 -0.3051993  -0.3051993  -0.3051993  -0.3051993  -0.3051993  -0.3051993
 -0.3051993  -0.3051993  -0.3051993  -0.3051993  -0.3051993  -0.3051993
 -0.3051993   3.20397882 -0.3051993  -0.3051993  -0.3051993  -0.3051993
 -0.3051993  -0.3051993  -0.3051993  -0.3051993   1.83805837 -0.3051993
 -0.3051993  -0.3051993  -0.3051993  -0.3051993  -0.3051993  -0.3051993
 -0.3051993  -0.3051993  -0.3051993  -0.3051993  -0.3051993  -0.3051993
  3.60449633 -0.3051993  -0.3051993  -0.3051993  -0.3051993   2.30054349
 -0.3051993  -0.3051993  -0.3051993  -0.3051993  -0.3051993  -0.3051993
 -0.3051993  -0.3051993  -0.3051993  -0.3051993  -0.3051993 ]",[-0.02431301922344531]
12,"[-0.22235534 -0.22235534 -0.22235534 -0.22235534 -0.22235534 -0.22235534
 -0.22235534 -0.22235534 -0.22235534 -0.22235534 -0.22235534 -0.22235534
 -0.22235534 -0.22235534 -0.22235534 -0.22235534 -0.22235534 -0.22235534
 -0.22235534 -0.22235534 -0.22235534 -0.22235534 -0.22235534 -0.22235534
 -0.22235534 -0.22235534 -0.22235534 -0.22235534 -0.22235534 -0.22235534
 -0.22235534 -0.22235534 -0.22235534 -0.22235534 -0.22235534 -0.22235534
 -0.22235534 -0.22235534 -0.22235534 -0.22235534  8.01565746  0.51291235
 -0.22235534 -0.22235534 -0.22235534 -0.22235534 -0.22235534 -0.22235534
 -0.22235534 -0.22235534 -0.22235534 -0.22235534 -0.22235534  0.56300309
 -0.22235534 -0.22235534 -0.22235534 -0.22235534 -0.22235534 -0.22235534
 -0.22235534 -0.22235534 -0.22235534 -0.22235534 -0.22235534 -0.22235534
 -0.22235534 -0.22235534 -0.22235534 -0.22235534 -0.22235534 -0.22235534
 -0.22235534 -0.22235534 -0.22235534 -0.22235534 -0.22235534 -0.22235534
 -0.22235534 -0.22235534 -0.22235534 -0.22235534 -0.22235534 -0.22235534
 -0.22235534 -0.22235534 -0.22235534 -0.22235534 -0.22235534  2.45443961
 -0.22235534  2.84637146 -0.22235534 -0.22235534  4.23435726 -0.22235534
 -0.22235534 -0.22235534 -0.22235534 -0.22235534  3.12767462 -0.22235534
  4.29653348 -0.22235534  2.58116873 -0.22235534  5.01434599 -0.22235534
 -0.22235534 -0.22235534 -0.22235534 -0.22235534 -0.22235534 -0.22235534
 -0.22235534 -0.22235534 -0.22235534 -0.22235534 -0.22235534 -0.22235534
 -0.22235534 -0.22235534 -0.22235534 -0.22235534 -0.22235534 -0.22235534
 -0.22235534 -0.22235534 -0.22235534 -0.22235534 -0.22235534 -0.22235534
 -0.22235534 -0.22235534 -0.22235534 -0.22235534 -0.22235534 -0.22235534
 -0.22235534 -0.22235534 -0.22235534 -0.22235534 -0.22235534 -0.22235534
 -0.22235534 -0.22235534 -0.22235534 -0.22235534 -0.22235534 -0.22235534
 -0.22235534 -0.22235534 -0.22235534 -0.22235534 -0.22235534 -0.22235534
 -0.22235534 -0.22235534 -0.22235534 -0.22235534 -0.22235534 -0.22235534
  3.70923351 -0.22235534 -0.22235534 -0.22235534 -0.22235534 -0.22235534
 -0.22235534 -0.22235534 -0.22235534 -0.22235534 -0.22235534 -0.22235534
 -0.22235534 -0.22235534 -0.22235534 -0.22235534 -0.22235534]",[-0.03873378041407716]
12,"[-0.27856854 -0.27856854 -0.27856854 -0.18999308 -0.27856854 -0.27856854
 -0.27856854 -0.27856854 -0.27856854 -0.27856854 -0.27856854 -0.27856854
 -0.27856854 -0.27856854 -0.27856854 -0.27856854 -0.27856854 -0.27856854
 -0.27856854 -0.27856854 -0.27856854 -0.27856854 -0.27856854 -0.27856854
 -0.27856854 -0.27856854 -0.27856854 -0.27856854  0.23145357 -0.27856854
 -0.27856854 -0.27856854 -0.27856854 -0.27856854 -0.27856854 -0.27856854
 -0.27856854 -0.27856854 -0.27856854 -0.27856854  5.76978328  0.48574886
 -0.27856854 -0.27856854 -0.27856854 -0.27856854 -0.27856854 -0.27856854
 -0.27856854 -0.27856854 -0.27856854 -0.27856854 -0.27856854  5.12299725
 -0.14116019 -0.27856854  3.92574897 -0.27856854 -0.27856854 -0.27856854
 -0.27856854 -0.27856854 -0.27856854 -0.27856854 -0.27856854 -0.27856854
 -0.27856854 -0.27856854 -0.27856854 -0.27856854 -0.27856854 -0.27856854
 -0.27856854 -0.27856854 -0.27856854 -0.27856854 -0.27856854 -0.27856854
 -0.27856854 -0.27856854 -0.27856854 -0.27856854 -0.27856854 -0.27856854
 -0.27856854 -0.27856854 -0.27856854 -0.27856854 -0.27856854 -0.27856854
 -0.27856854  1.12551975 -0.27856854 -0.27856854 -0.27856854 -0.27856854
 -0.27856854 -0.27856854 -0.27856854 -0.27856854  2.54343287 -0.27856854
  3.96116053  3.01408177  3.02490149 -0.27856854  1.20675086  1.90376284
 -0.27856854 -0.27856854 -0.27856854 -0.27856854 -0.27856854 -0.27856854
 -0.27856854 -0.27856854 -0.27856854 -0.27856854 -0.27856854 -0.27856854
 -0.27856854 -0.27856854 -0.27856854 -0.27856854 -0.27856854 -0.27856854
 -0.27856854 -0.27856854 -0.27856854 -0.27856854 -0.27856854 -0.27856854
 -0.27856854 -0.27856854 -0.27856854 -0.27856854 -0.27856854 -0.27856854
 -0.27856854  4.15557887 -0.27856854 -0.27856854 -0.27856854 -0.27856854
 -0.27856854 -0.27856854 -0.27856854 -0.27856854  2.21259377 -0.27856854
 -0.27856854 -0.27856854 -0.27856854 -0.27856854 -0.27856854 -0.27856854
 -0.27856854 -0.27856854 -0.27856854 -0.27856854 -0.27856854 -0.27856854
  4.0234482  -0.27856854 -0.27856854 -0.27856854 -0.27856854  2.47372592
 -0.27856854 -0.27856854 -0.27856854 -0.27856854 -0.27856854 -0.27856854
 -0.27856854 -0.27856854 -0.27856854 -0.27856854 -0.27856854]",[-0.022399483105909446]
12,"[-0.21813734 -0.21813734 -0.21813734 -0.21813734 -0.21813734 -0.21813734
 -0.21813734 -0.21813734 -0.21813734 -0.21813734 -0.21813734 -0.21813734
 -0.21813734 -0.21813734 -0.21813734 -0.21813734 -0.21813734 -0.21813734
 -0.21813734 -0.21813734 -0.21813734 -0.21813734 -0.21813734 -0.21813734
 -0.21813734 -0.21813734 -0.21813734 -0.21813734 -0.21813734 -0.21813734
 -0.21813734 -0.21813734 -0.21813734 -0.21813734 -0.21813734 -0.21813734
 -0.21813734 -0.21813734 -0.21813734 -0.21813734  7.70749405 -0.21813734
 -0.21813734 -0.21813734 -0.21813734 -0.21813734 -0.21813734 -0.21813734
 -0.21813734 -0.21813734 -0.21813734 -0.21813734 -0.21813734 -0.21813734
 -0.21813734 -0.21813734 -0.21813734 -0.21813734 -0.21813734 -0.21813734
 -0.21813734 -0.21813734 -0.21813734 -0.21813734 -0.21813734 -0.21813734
 -0.21813734 -0.21813734 -0.21813734 -0.21813734 -0.21813734 -0.21813734
 -0.21813734 -0.21813734 -0.21813734 -0.21813734 -0.21813734 -0.21813734
 -0.21813734 -0.21813734 -0.21813734 -0.21813734 -0.21813734 -0.21813734
 -0.21813734 -0.21813734 -0.21813734 -0.21813734  3.4662326   1.05885488
 -0.21813734 -0.21813734 -0.21813734  2.38642186  4.76366443 -0.21813734
 -0.21813734 -0.21813734 -0.21813734 -0.21813734 -0.21813734 -0.21813734
  3.99844747 -0.21813734  0.90596538 -0.21813734  2.82324052 -0.21813734
 -0.21813734 -0.21813734 -0.21813734 -0.21813734 -0.21813734 -0.21813734
 -0.21813734 -0.21813734 -0.21813734 -0.21813734 -0.21813734 -0.21813734
 -0.21813734 -0.21813734 -0.21813734 -0.21813734 -0.21813734 -0.21813734
 -0.21813734 -0.21813734 -0.21813734 -0.21813734 -0.21813734 -0.21813734
 -0.21813734 -0.21813734 -0.21813734 -0.21813734 -0.21813734 -0.21813734
 -0.21813734 -0.21813734 -0.21813734 -0.21813734 -0.21813734 -0.21813734
 -0.21813734 -0.21813734 -0.21813734 -0.21813734 -0.21813734 -0.21813734
 -0.21813734  0.42665388 -0.21813734 -0.21813734 -0.21813734 -0.21813734
 -0.21813734 -0.21813734 -0.21813734 -0.21813734 -0.21813734 -0.21813734
  5.90021971 -0.21813734 -0.21813734 -0.21813734 -0.21813734  3.20987873
 -0.21813734 -0.21813734 -0.21813734 -0.21813734 -0.21813734 -0.21813734
 -0.21813734 -0.21813734 -0.21813734 -0.21813734 -0.21813734]",[-0.041192331484757594]
12,"[-0.2711622  -0.2711622  -0.2711622  -0.2711622  -0.2711622  -0.2711622
 -0.2711622  -0.2711622  -0.2711622  -0.2711622  -0.2711622  -0.2711622
 -0.2711622  -0.2711622  -0.2711622  -0.2711622  -0.2711622  -0.2711622
 -0.2711622  -0.2711622  -0.2711622  -0.2711622  -0.2711622  -0.2711622
 -0.2711622  -0.2711622  -0.2711622  -0.2711622  -0.2711622  -0.2711622
 -0.2711622  -0.2711622  -0.2711622  -0.2711622  -0.2711622  -0.2711622
 -0.2711622  -0.2711622  -0.2711622  -0.2711622   5.82699071  1.40272079
 -0.2711622  -0.2711622  -0.2711622  -0.2711622  -0.2711622  -0.2711622
 -0.2711622  -0.2711622  -0.2711622  -0.2711622  -0.2711622   5.71635366
  2.92119464 -0.2711622   3.18301807 -0.2711622  -0.2711622  -0.2711622
 -0.2711622  -0.2711622  -0.2711622  -0.2711622  -0.2711622  -0.2711622
 -0.2711622  -0.2711622  -0.2711622  -0.2711622  -0.2711622  -0.2711622
 -0.2711622  -0.2711622  -0.2711622  -0.2711622  -0.2711622  -0.2711622
 -0.2711622  -0.2711622  -0.2711622  -0.2711622  -0.2711622  -0.2711622
 -0.2711622  -0.2711622  -0.2711622  -0.2711622  -0.2711622  -0.2711622
 -0.2711622   0.63847407 -0.2711622   1.57338094 -0.2711622  -0.2711622
 -0.2711622  -0.2711622  -0.2711622  -0.2711622   2.99651425 -0.2711622
  1.1613297   3.28346067  2.60997798  3.41322793 -0.2711622  -0.2711622
 -0.2711622  -0.2711622  -0.2711622  -0.2711622  -0.2711622  -0.2711622
 -0.2711622  -0.2711622  -0.2711622  -0.2711622  -0.2711622  -0.2711622
 -0.2711622  -0.2711622  -0.2711622  -0.2711622  -0.2711622  -0.2711622
 -0.2711622  -0.2711622  -0.2711622  -0.2711622  -0.2711622  -0.2711622
 -0.2711622  -0.2711622  -0.2711622  -0.2711622  -0.2711622  -0.2711622
 -0.2711622   5.06934502 -0.2711622  -0.2711622  -0.2711622  -0.2711622
 -0.2711622  -0.2711622  -0.2711622  -0.2711622   2.88488349 -0.2711622
 -0.2711622  -0.2711622  -0.2711622  -0.2711622  -0.2711622  -0.2711622
 -0.2711622  -0.2711622  -0.2711622  -0.2711622  -0.2711622  -0.2711622
  1.78972894 -0.2711622  -0.2711622  -0.2711622  -0.2711622  -0.2711622
 -0.2711622  -0.2711622  -0.2711622  -0.2711622  -0.2711622  -0.2711622
 -0.2711622  -0.2711622  -0.2711622  -0.2711622  -0.2711622 ]",[-0.024224963863944793]
12,"[-0.2969369  -0.2969369  -0.2969369  -0.2969369  -0.2969369  -0.2969369
 -0.2969369  -0.2969369  -0.2969369  -0.2969369  -0.2969369  -0.2969369
 -0.2969369  -0.2969369  -0.2969369  -0.2969369   0.05763477 -0.2969369
 -0.2969369  -0.2969369  -0.2969369  -0.2969369  -0.2969369  -0.2969369
 -0.2969369  -0.2969369  -0.2969369  -0.2969369  -0.2969369  -0.2969369
 -0.2969369  -0.2969369  -0.2969369  -0.2969369  -0.2969369  -0.2969369
 -0.2969369  -0.2969369  -0.2969369  -0.2969369   6.0940628   1.98789521
 -0.2969369  -0.2969369  -0.2969369  -0.2969369  -0.2969369  -0.2969369
 -0.2969369  -0.2969369  -0.2969369  -0.2969369  -0.2969369   5.19641319
 -0.2969369  -0.2969369   3.14918868 -0.2969369  -0.2969369  -0.2969369
 -0.2969369  -0.2969369  -0.2969369  -0.2969369  -0.2969369  -0.2969369
 -0.2969369  -0.2969369  -0.2969369  -0.2969369  -0.2969369  -0.2969369
 -0.2969369  -0.2969369  -0.2969369  -0.2969369  -0.2969369   0.66322669
 -0.2969369  -0.2969369  -0.2969369  -0.2969369  -0.2969369  -0.2969369
 -0.2969369  -0.2969369  -0.2969369   1.2894183  -0.2969369  -0.2969369
 -0.2969369   1.81977319 -0.2969369  -0.24331807  1.70131414 -0.2969369
 -0.2969369  -0.2969369  -0.2969369  -0.2969369   3.62227991 -0.2969369
  2.30592526  2.88806941  2.66972245 -0.2969369   2.78447138 -0.2969369
 -0.2969369  -0.2969369  -0.2969369  -0.2969369  -0.2969369  -0.2969369
 -0.2969369  -0.2969369  -0.2969369  -0.2969369  -0.2969369  -0.2969369
 -0.2969369  -0.2969369  -0.2969369  -0.2969369  -0.2969369  -0.2969369
 -0.2969369  -0.2969369  -0.2969369  -0.2969369  -0.2969369  -0.2969369
 -0.2969369  -0.2969369  -0.2969369  -0.2969369  -0.2969369  -0.2969369
 -0.2969369   4.41013421 -0.2969369  -0.2969369  -0.2969369  -0.2969369
 -0.2969369  -0.2969369  -0.2969369  -0.2969369   2.95025493 -0.2969369
 -0.2969369  -0.2969369  -0.2969369  -0.2969369  -0.2969369  -0.2969369
 -0.2969369  -0.2969369  -0.2969369  -0.2969369  -0.2969369  -0.2969369
  1.95553139 -0.2969369  -0.2969369  -0.2969369  -0.2969369   2.20790653
 -0.2969369  -0.2969369  -0.2969369  -0.2969369  -0.2969369  -0.2969369
 -0.2969369  -0.2969369  -0.2969369  -0.2969369  -0.2969369 ]",[0.003539721309289423]
12,"[-0.33935505 -0.33935505 -0.33935505 -0.33935505 -0.33935505 -0.33935505
 -0.33935505 -0.33935505 -0.33935505 -0.33935505 -0.33935505 -0.33935505
 -0.33935505 -0.33935505 -0.33935505 -0.33935505 -0.33935505 -0.33935505
 -0.33935505 -0.33935505 -0.33935505 -0.33935505 -0.33935505 -0.33935505
 -0.33935505 -0.33935505 -0.33935505 -0.33935505  0.41178676 -0.33935505
 -0.33935505 -0.33935505 -0.33935505 -0.33935505 -0.33935505 -0.33935505
 -0.33935505 -0.33935505 -0.33935505 -0.33935505  5.62746646  0.1711462
 -0.33935505 -0.33935505 -0.33935505 -0.33935505 -0.33935505 -0.33935505
 -0.33935505 -0.33935505  0.58095106 -0.33935505 -0.33935505  4.85558891
  0.07762292 -0.33935505 -0.33935505 -0.33935505 -0.33935505 -0.33935505
 -0.33935505 -0.33935505 -0.33935505 -0.33935505 -0.33935505 -0.33935505
 -0.33935505 -0.33935505 -0.33935505 -0.33935505 -0.33935505 -0.33935505
 -0.08120616 -0.33935505 -0.33935505 -0.33935505 -0.33935505 -0.33935505
 -0.33935505 -0.33935505 -0.33935505 -0.33935505 -0.33935505 -0.33935505
 -0.33935505 -0.33935505 -0.33935505 -0.33935505  0.69500111 -0.33935505
 -0.33935505  2.15208985 -0.33935505 -0.26153452 -0.33935505 -0.33935505
 -0.33935505 -0.33935505 -0.33935505 -0.33935505  2.24511969 -0.33935505
  2.85899432  3.3062536   2.6190794   2.30467601  0.13639115 -0.33935505
 -0.33935505 -0.33935505 -0.33935505 -0.33935505 -0.33935505 -0.33935505
 -0.33935505 -0.33935505 -0.33935505 -0.33935505  1.50840356 -0.33935505
  0.9163774  -0.33935505 -0.33935505  2.77848441 -0.33935505 -0.33935505
 -0.33935505 -0.33935505 -0.33935505 -0.33935505 -0.33935505  0.55918259
 -0.33935505 -0.33935505 -0.33935505 -0.33935505  2.99329101  3.04471873
 -0.33935505  3.77539717 -0.33935505 -0.33935505 -0.33935505 -0.33935505
 -0.33935505 -0.33935505 -0.33935505 -0.33935505 -0.33935505 -0.33935505
 -0.33935505 -0.33935505 -0.33935505 -0.33935505 -0.33935505 -0.33935505
 -0.33935505 -0.33935505 -0.33935505 -0.33935505 -0.33935505 -0.33935505
 -0.33935505 -0.33935505 -0.33935505 -0.33935505 -0.33935505  3.33747075
 -0.33935505  1.04806483  1.4008148  -0.33935505 -0.33935505 -0.33935505
 -0.33935505 -0.33935505 -0.33935505 -0.33935505  2.52033552]",[-3.0580139767012366]
12,"[-3.04517754e-01 -3.04517754e-01 -3.04517754e-01 -3.04517754e-01
 -3.04517754e-01 -3.04517754e-01 -3.04517754e-01 -3.04517754e-01
 -3.04517754e-01 -3.04517754e-01 -3.04517754e-01 -3.04517754e-01
 -3.04517754e-01 -3.04517754e-01 -3.04517754e-01 -3.04517754e-01
 -3.04517754e-01 -3.04517754e-01 -3.04517754e-01 -3.04517754e-01
  5.06499963e-03 -3.04517754e-01 -3.04517754e-01 -3.04517754e-01
 -3.04517754e-01 -3.04517754e-01 -3.04517754e-01 -3.04517754e-01
 -3.04517754e-01 -3.04517754e-01 -3.04517754e-01 -3.04517754e-01
 -3.04517754e-01 -3.04517754e-01 -3.04517754e-01 -3.04517754e-01
 -3.04517754e-01 -3.04517754e-01 -3.04517754e-01 -3.04517754e-01
  6.40200281e+00  2.08556442e+00 -3.04517754e-01 -3.04517754e-01
 -3.04517754e-01 -3.04517754e-01 -3.04517754e-01 -3.04517754e-01
 -3.04517754e-01 -3.04517754e-01 -3.04517754e-01 -3.04517754e-01
 -3.04517754e-01  4.18453079e+00 -1.61579298e-01 -2.32114365e-02
 -3.04517754e-01 -3.04517754e-01 -3.04517754e-01 -3.04517754e-01
 -3.04517754e-01 -3.04517754e-01 -3.04517754e-01 -3.04517754e-01
 -3.04517754e-01 -3.04517754e-01 -3.04517754e-01 -3.04517754e-01
 -3.04517754e-01 -3.04517754e-01 -3.04517754e-01 -3.04517754e-01
 -3.04517754e-01 -3.04517754e-01 -3.04517754e-01 -3.04517754e-01
 -3.04517754e-01  1.09164465e+00 -3.04517754e-01 -3.04517754e-01
 -3.04517754e-01 -3.04517754e-01 -3.04517754e-01 -3.04517754e-01
 -3.04517754e-01 -3.04517754e-01 -3.04517754e-01  1.83695973e+00
 -3.04517754e-01  7.79367825e-01 -3.04517754e-01  4.12993846e+00
 -3.04517754e-01  9.64121546e-01  2.35267730e+00 -3.04517754e-01
 -3.04517754e-01 -3.04517754e-01 -3.04517754e-01 -3.04517754e-01
  3.03691113e+00 -3.04517754e-01  2.58180195e+00  2.92225356e+00
  2.97776135e+00 -3.04517754e-01  3.48905292e+00 -3.04517754e-01
 -3.04517754e-01 -3.04517754e-01 -3.04517754e-01 -3.04517754e-01
 -3.04517754e-01 -3.04517754e-01 -3.04517754e-01 -3.04517754e-01
 -3.04517754e-01 -3.04517754e-01 -3.04517754e-01 -3.04517754e-01
 -3.04517754e-01 -3.04517754e-01 -3.04517754e-01 -3.04517754e-01
 -3.04517754e-01 -3.04517754e-01 -3.04517754e-01 -3.04517754e-01
 -3.04517754e-01 -3.04517754e-01 -3.04517754e-01 -3.04517754e-01
 -3.04517754e-01 -3.04517754e-01 -3.04517754e-01 -3.04517754e-01
 -3.04517754e-01 -3.04517754e-01 -3.04517754e-01  2.66814995e+00
 -3.04517754e-01 -3.04517754e-01 -3.04517754e-01 -3.04517754e-01
 -3.04517754e-01 -3.04517754e-01 -3.04517754e-01 -3.04517754e-01
 -3.04517754e-01 -3.04517754e-01 -3.04517754e-01  4.80648903e-01
 -3.04517754e-01 -3.04517754e-01 -3.04517754e-01 -3.04517754e-01
 -3.04517754e-01 -3.04517754e-01 -3.04517754e-01 -3.04517754e-01
 -3.04517754e-01 -3.04517754e-01  2.99058168e+00 -3.04517754e-01
 -3.04517754e-01 -3.04517754e-01 -3.04517754e-01  3.31956196e+00
 -3.04517754e-01 -3.04517754e-01 -3.04517754e-01 -3.04517754e-01
 -3.04517754e-01 -3.04517754e-01 -3.04517754e-01 -3.04517754e-01
 -3.04517754e-01 -3.04517754e-01 -3.04517754e-01]",[0.03627004311104204]
12,"[-0.3711433  -0.3711433  -0.3711433  -0.3711433  -0.3711433  -0.3711433
 -0.3711433  -0.3711433  -0.3711433  -0.3711433  -0.3711433  -0.3711433
 -0.3711433  -0.3711433  -0.3711433  -0.3711433  -0.3711433  -0.3711433
 -0.3711433  -0.3711433   0.33595263  3.18746374 -0.3711433  -0.3711433
 -0.3711433  -0.3711433  -0.3711433  -0.3711433   1.81260979 -0.3711433
 -0.3711433  -0.3711433  -0.3711433  -0.3711433  -0.3711433  -0.3711433
 -0.3711433  -0.3711433  -0.3711433  -0.3711433   4.37776586 -0.3711433
 -0.3711433  -0.3711433  -0.3711433  -0.3711433  -0.3711433  -0.3711433
 -0.3711433  -0.3711433  -0.3711433  -0.3711433  -0.3711433  -0.3711433
  0.84785135  2.27210319  3.29362318 -0.3711433  -0.3711433  -0.3711433
 -0.3711433  -0.3711433  -0.3711433   3.21454606 -0.3711433  -0.3711433
 -0.3711433  -0.3711433  -0.3711433  -0.3711433  -0.3711433  -0.3711433
 -0.3711433  -0.3711433  -0.3711433  -0.3711433  -0.3711433  -0.3711433
 -0.3711433  -0.3711433  -0.3711433  -0.3711433  -0.3711433   3.15515135
 -0.3711433  -0.3711433  -0.3711433  -0.3711433  -0.3711433  -0.3711433
 -0.3711433   1.01875098 -0.3711433  -0.19668546  2.35435835 -0.3711433
 -0.3711433  -0.3711433  -0.3711433  -0.3711433   3.07536503 -0.3711433
  1.92439801  2.92935764  1.84461376  3.6944627   0.45503428 -0.3711433
 -0.3711433  -0.3711433  -0.3711433  -0.3711433  -0.3711433  -0.3711433
  0.41578553 -0.3711433  -0.3711433  -0.3711433   1.60041316 -0.3711433
 -0.3711433   3.36478156 -0.3711433  -0.3711433  -0.3711433  -0.3711433
 -0.3711433  -0.3711433  -0.3711433  -0.3711433  -0.3711433   2.07617827
 -0.3711433  -0.3711433  -0.3711433  -0.3711433  -0.3711433  -0.3711433
 -0.3711433  -0.3711433  -0.3711433  -0.3711433  -0.3711433  -0.3711433
 -0.3711433   2.80699738 -0.3711433  -0.3711433  -0.3711433  -0.3711433
 -0.3711433  -0.3711433  -0.3711433  -0.3711433  -0.3711433  -0.3711433
 -0.3711433  -0.3711433  -0.3711433  -0.3711433  -0.3711433  -0.3711433
  2.5621714  -0.3711433  -0.3711433  -0.3711433  -0.3711433   2.52731909
  1.83455638 -0.3711433  -0.3711433  -0.3711433  -0.3711433  -0.3711433
 -0.3711433  -0.3711433  -0.3711433  -0.3711433  -0.3711433 ]",[0.1053185011484607]
12,"[-0.25967165 -0.25967165 -0.25967165  0.19585067 -0.25967165 -0.25967165
 -0.25967165 -0.25967165 -0.25967165 -0.25967165 -0.25967165 -0.25967165
 -0.25967165 -0.25967165 -0.25967165 -0.25967165 -0.25967165 -0.25967165
 -0.25967165 -0.25967165 -0.25967165 -0.25967165 -0.25967165 -0.25967165
 -0.25967165 -0.25967165 -0.25967165 -0.25967165 -0.25967165 -0.25967165
 -0.25967165 -0.25967165 -0.25967165 -0.25967165 -0.25967165 -0.25967165
 -0.25967165 -0.25967165 -0.25967165 -0.25967165  6.0337363   0.59401358
 -0.25967165 -0.25967165 -0.25967165 -0.25967165 -0.25967165 -0.25967165
 -0.25967165 -0.25967165 -0.25967165 -0.25967165 -0.25967165  6.12960936
 -0.25967165 -0.25967165 -0.25967165 -0.25967165 -0.25967165 -0.25967165
 -0.25967165 -0.25967165 -0.25967165 -0.25967165 -0.25967165 -0.25967165
 -0.25967165 -0.25967165 -0.25967165 -0.25967165 -0.25967165 -0.25967165
 -0.25967165 -0.25967165 -0.25967165 -0.25967165 -0.25967165 -0.25967165
 -0.25967165 -0.25967165 -0.25967165 -0.25967165 -0.25967165 -0.25967165
 -0.25967165 -0.25967165 -0.25967165 -0.25967165  0.64420773 -0.25967165
 -0.25967165  1.1950287  -0.25967165  0.40954358 -0.25967165 -0.25967165
 -0.25967165 -0.25967165 -0.25967165 -0.25967165  2.75946329 -0.25967165
  2.11482509  4.07708774  2.34758182 -0.25967165  4.41277633 -0.25967165
 -0.25967165 -0.25967165 -0.25967165 -0.25967165 -0.25967165 -0.25967165
 -0.25967165 -0.25967165 -0.25967165 -0.25967165 -0.25967165 -0.25967165
 -0.25967165 -0.25967165 -0.25967165 -0.25967165 -0.25967165 -0.25967165
 -0.25967165 -0.25967165 -0.25967165 -0.25967165 -0.25967165 -0.25967165
  2.61701705 -0.25967165 -0.25967165 -0.25967165 -0.25967165 -0.25967165
 -0.25967165  4.79431626 -0.25967165 -0.25967165 -0.25967165 -0.25967165
 -0.25967165 -0.25967165 -0.25967165 -0.25967165 -0.25967165 -0.25967165
 -0.25967165 -0.25967165 -0.25967165 -0.25967165 -0.25967165 -0.25967165
 -0.25967165 -0.25967165 -0.25967165 -0.25967165 -0.25967165 -0.25967165
  1.78223947 -0.25967165 -0.25967165 -0.25967165 -0.25967165  2.21918208
 -0.25967165 -0.25967165 -0.25967165 -0.25967165 -0.25967165 -0.25967165
 -0.25967165 -0.25967165 -0.25967165 -0.25967165 -0.25967165]",[-0.005212294452662691]
12,"[-0.32156839 -0.32156839 -0.32156839  0.72643159 -0.32156839 -0.32156839
 -0.32156839 -0.32156839 -0.32156839 -0.32156839 -0.32156839 -0.32156839
 -0.32156839 -0.32156839 -0.32156839 -0.32156839 -0.32156839 -0.32156839
 -0.32156839 -0.32156839 -0.32156839 -0.32156839 -0.32156839 -0.32156839
 -0.32156839 -0.32156839 -0.32156839 -0.32156839 -0.32156839 -0.32156839
 -0.32156839 -0.32156839 -0.32156839 -0.32156839 -0.32156839 -0.32156839
 -0.32156839 -0.32156839 -0.32156839 -0.32156839  4.24222231  1.22177473
 -0.32156839 -0.32156839 -0.32156839 -0.32156839 -0.32156839 -0.32156839
 -0.32156839 -0.32156839 -0.32156839 -0.32156839 -0.32156839  4.68176927
  3.06892141  0.13374667  2.92896555 -0.32156839 -0.32156839 -0.32156839
 -0.32156839 -0.32156839 -0.32156839 -0.32156839 -0.32156839 -0.32156839
 -0.32156839 -0.32156839 -0.32156839 -0.32156839 -0.32156839 -0.32156839
  1.43678397 -0.32156839 -0.32156839 -0.32156839 -0.32156839 -0.32156839
 -0.32156839 -0.32156839 -0.32156839 -0.32156839 -0.32156839 -0.32156839
 -0.32156839 -0.32156839 -0.32156839 -0.32156839 -0.32156839 -0.32156839
 -0.32156839  1.37571449 -0.32156839 -0.13967187  1.33443359 -0.32156839
 -0.32156839 -0.32156839 -0.32156839 -0.32156839  3.45934746 -0.32156839
  2.37956769  3.05473867  2.17598929 -0.32156839  3.58659555 -0.32156839
 -0.32156839 -0.32156839 -0.32156839 -0.32156839 -0.32156839 -0.32156839
 -0.32156839 -0.32156839 -0.32156839 -0.32156839 -0.32156839 -0.32156839
 -0.32156839 -0.32156839 -0.32156839 -0.32156839 -0.32156839 -0.32156839
 -0.32156839 -0.32156839 -0.32156839 -0.32156839 -0.32156839 -0.32156839
 -0.32156839 -0.32156839 -0.32156839 -0.32156839 -0.32156839 -0.32156839
 -0.32156839  4.79852082 -0.32156839 -0.32156839 -0.32156839 -0.32156839
 -0.32156839 -0.32156839 -0.32156839 -0.32156839  2.84243808 -0.32156839
 -0.32156839 -0.32156839 -0.32156839 -0.32156839 -0.32156839 -0.32156839
 -0.32156839 -0.32156839 -0.32156839 -0.32156839 -0.32156839 -0.32156839
  3.06580269 -0.32156839 -0.32156839 -0.32156839 -0.32156839  0.25712176
  0.42807223 -0.32156839 -0.32156839 -0.32156839 -0.32156839 -0.32156839
 -0.32156839 -0.32156839 -0.32156839 -0.32156839  3.4269511 ]",[0.0046699038099412005]
12,"[-0.24210888 -0.24210888 -0.24210888 -0.24210888 -0.24210888 -0.24210888
 -0.24210888 -0.24210888 -0.24210888 -0.24210888 -0.24210888 -0.24210888
 -0.24210888 -0.24210888 -0.24210888 -0.24210888 -0.24210888 -0.24210888
 -0.24210888 -0.24210888 -0.24210888 -0.24210888 -0.24210888 -0.24210888
 -0.24210888 -0.24210888 -0.24210888 -0.24210888 -0.24210888 -0.24210888
 -0.24210888 -0.24210888 -0.24210888 -0.24210888 -0.24210888 -0.24210888
 -0.24210888 -0.24210888 -0.24210888 -0.24210888  6.01868076 -0.24210888
 -0.24210888 -0.24210888 -0.24210888 -0.24210888 -0.24210888 -0.24210888
 -0.24210888 -0.24210888 -0.24210888 -0.24210888 -0.24210888  0.2047472
 -0.24210888 -0.01847106  0.09295811 -0.24210888 -0.24210888 -0.24210888
 -0.24210888 -0.24210888 -0.24210888 -0.24210888 -0.24210888 -0.24210888
 -0.24210888 -0.24210888 -0.24210888 -0.24210888 -0.24210888 -0.24210888
 -0.24210888 -0.24210888 -0.24210888 -0.24210888 -0.24210888 -0.24210888
 -0.24210888 -0.24210888 -0.24210888 -0.24210888 -0.24210888 -0.24210888
 -0.24210888 -0.24210888 -0.24210888 -0.24210888 -0.24210888  0.64810678
 -0.24210888  3.67144302 -0.24210888 -0.01847106  4.45462957 -0.24210888
 -0.24210888 -0.24210888 -0.24210888 -0.24210888  3.43123904 -0.24210888
  2.4690512  -0.01023429  3.63350259 -0.24210888  4.57822712  0.61119257
 -0.24210888 -0.24210888 -0.24210888 -0.24210888 -0.24210888 -0.24210888
 -0.24210888 -0.24210888 -0.24210888 -0.24210888 -0.24210888 -0.24210888
 -0.24210888 -0.24210888 -0.24210888 -0.24210888 -0.24210888 -0.24210888
 -0.24210888 -0.24210888 -0.24210888 -0.24210888 -0.24210888 -0.24210888
 -0.24210888 -0.24210888 -0.24210888 -0.24210888 -0.24210888 -0.24210888
 -0.24210888 -0.24210888 -0.24210888 -0.24210888 -0.24210888 -0.24210888
 -0.24210888 -0.24210888 -0.24210888 -0.24210888 -0.24210888 -0.24210888
 -0.24210888 -0.24210888 -0.24210888 -0.24210888 -0.24210888 -0.24210888
 -0.24210888 -0.24210888 -0.24210888 -0.24210888 -0.24210888 -0.24210888
  4.88946483 -0.24210888 -0.24210888 -0.24210888 -0.24210888  4.80768186
 -0.24210888 -0.24210888 -0.24210888 -0.24210888 -0.24210888 -0.24210888
 -0.24210888 -0.24210888 -0.24210888 -0.24210888 -0.24210888]",[-0.014404758534159373]
12,"[-0.25361711 -0.25361711 -0.25361711 -0.06752973 -0.25361711 -0.25361711
 -0.25361711 -0.25361711 -0.25361711 -0.25361711 -0.25361711 -0.25361711
 -0.25361711 -0.25361711 -0.25361711 -0.25361711 -0.25361711 -0.25361711
 -0.25361711 -0.25361711 -0.25361711 -0.25361711 -0.25361711 -0.25361711
 -0.25361711 -0.25361711 -0.25361711 -0.25361711 -0.25361711 -0.25361711
 -0.25361711 -0.25361711 -0.25361711 -0.25361711 -0.25361711 -0.25361711
 -0.25361711 -0.25361711 -0.25361711 -0.25361711  3.24875244  0.13298509
 -0.25361711 -0.25361711 -0.25361711 -0.25361711 -0.25361711 -0.25361711
 -0.25361711 -0.25361711 -0.25361711 -0.25361711 -0.25361711  6.89600073
  3.86489607 -0.25361711 -0.25361711 -0.25361711 -0.25361711 -0.25361711
 -0.25361711 -0.25361711 -0.25361711 -0.25361711 -0.25361711 -0.25361711
 -0.25361711 -0.25361711 -0.25361711 -0.25361711 -0.25361711 -0.25361711
  0.12790154 -0.25361711 -0.25361711 -0.25361711 -0.25361711 -0.25361711
 -0.25361711 -0.25361711 -0.25361711 -0.25361711 -0.25361711 -0.25361711
 -0.25361711 -0.25361711 -0.25361711 -0.25361711 -0.25361711 -0.25361711
 -0.25361711  1.47302401 -0.25361711 -0.25361711  0.52740355 -0.25361711
 -0.25361711 -0.25361711 -0.25361711 -0.25361711  3.5793043  -0.25361711
  3.15775507  2.14814623  4.76566883  3.55262904  0.61558275 -0.25361711
 -0.25361711 -0.25361711 -0.25361711 -0.25361711 -0.25361711 -0.25361711
 -0.25361711 -0.25361711 -0.25361711 -0.25361711 -0.25361711 -0.25361711
 -0.25361711 -0.25361711 -0.25361711 -0.25361711 -0.25361711 -0.25361711
 -0.25361711 -0.25361711 -0.25361711 -0.25361711 -0.25361711 -0.25361711
 -0.25361711 -0.25361711 -0.25361711 -0.25361711 -0.25361711 -0.25361711
 -0.25361711  4.90423481 -0.25361711 -0.25361711 -0.25361711 -0.25361711
 -0.25361711 -0.25361711 -0.25361711 -0.25361711 -0.25361711 -0.25361711
 -0.25361711 -0.25361711 -0.25361711 -0.25361711 -0.25361711 -0.25361711
 -0.25361711 -0.25361711 -0.25361711 -0.25361711 -0.25361711 -0.25361711
  2.41283484 -0.25361711 -0.25361711 -0.25361711 -0.25361711 -0.25361711
 -0.25361711 -0.25361711 -0.25361711 -0.25361711 -0.25361711 -0.25361711
 -0.25361711 -0.25361711 -0.25361711 -0.25361711 -0.25361711]",[-0.09775476509393599]
12,"[-0.23034016 -0.23034016 -0.23034016 -0.23034016 -0.23034016 -0.23034016
 -0.23034016 -0.23034016 -0.23034016 -0.23034016 -0.23034016 -0.23034016
 -0.23034016 -0.23034016 -0.23034016 -0.23034016 -0.23034016 -0.23034016
 -0.23034016 -0.23034016 -0.23034016 -0.23034016 -0.23034016 -0.23034016
 -0.23034016 -0.23034016 -0.23034016 -0.23034016 -0.23034016 -0.23034016
 -0.23034016 -0.23034016 -0.23034016 -0.23034016 -0.23034016 -0.23034016
 -0.23034016 -0.23034016 -0.23034016 -0.23034016  0.97277118  1.04368249
 -0.23034016 -0.23034016 -0.23034016 -0.23034016 -0.23034016 -0.23034016
 -0.23034016 -0.23034016 -0.23034016 -0.23034016 -0.23034016  6.95503353
 -0.23034016 -0.23034016 -0.23034016 -0.23034016 -0.23034016 -0.23034016
 -0.23034016 -0.23034016 -0.23034016 -0.23034016 -0.23034016 -0.23034016
 -0.23034016 -0.23034016 -0.23034016 -0.23034016 -0.23034016 -0.23034016
 -0.23034016 -0.23034016 -0.23034016 -0.23034016 -0.23034016 -0.23034016
 -0.23034016 -0.23034016 -0.23034016 -0.23034016 -0.23034016 -0.23034016
 -0.23034016 -0.23034016 -0.23034016 -0.23034016 -0.23034016 -0.23034016
 -0.23034016  4.29479404 -0.23034016 -0.23034016  0.13851908 -0.23034016
 -0.23034016 -0.23034016  2.69656535 -0.23034016  4.3052493  -0.23034016
  2.7971707   2.14018835  5.87653447 -0.23034016  2.55830782 -0.23034016
 -0.23034016 -0.23034016 -0.23034016 -0.23034016 -0.23034016 -0.23034016
 -0.23034016 -0.23034016 -0.23034016 -0.23034016 -0.23034016 -0.23034016
 -0.23034016 -0.23034016 -0.23034016 -0.23034016 -0.23034016 -0.23034016
 -0.23034016 -0.23034016 -0.23034016 -0.23034016 -0.23034016 -0.23034016
 -0.23034016 -0.23034016 -0.23034016 -0.23034016 -0.23034016 -0.23034016
 -0.23034016 -0.23034016 -0.23034016 -0.23034016 -0.23034016 -0.23034016
 -0.23034016 -0.23034016 -0.23034016 -0.23034016 -0.23034016 -0.23034016
 -0.23034016 -0.23034016 -0.23034016 -0.23034016 -0.23034016 -0.23034016
 -0.23034016 -0.23034016 -0.23034016 -0.23034016 -0.23034016 -0.23034016
  4.68799053 -0.23034016 -0.23034016 -0.23034016 -0.23034016 -0.23034016
 -0.23034016 -0.23034016 -0.23034016 -0.23034016 -0.23034016 -0.23034016
 -0.23034016 -0.23034016 -0.23034016 -0.23034016 -0.23034016]",[-0.0054382902881019435]
12,"[-0.29571617 -0.29571617 -0.29571617  2.6020039  -0.29571617 -0.29571617
 -0.29571617 -0.29571617 -0.29571617 -0.29571617 -0.29571617 -0.29571617
 -0.29571617 -0.29571617 -0.29571617 -0.29571617 -0.29571617 -0.29571617
 -0.29571617 -0.29571617 -0.29571617 -0.29571617 -0.29571617 -0.29571617
 -0.29571617 -0.29571617 -0.29571617 -0.29571617 -0.29571617 -0.29571617
 -0.29571617 -0.29571617 -0.29571617 -0.29571617 -0.29571617 -0.29571617
 -0.29571617 -0.29571617 -0.29571617 -0.29571617  2.23069117  0.31704321
 -0.29571617 -0.29571617 -0.29571617 -0.29571617 -0.29571617 -0.29571617
 -0.29571617 -0.29571617 -0.29571617 -0.29571617 -0.29571617  4.5333773
  4.06214794 -0.29571617  4.70626321 -0.29571617 -0.29571617 -0.29571617
 -0.29571617 -0.29571617 -0.29571617 -0.29571617 -0.29571617 -0.29571617
 -0.29571617 -0.29571617 -0.29571617 -0.29571617 -0.29571617 -0.29571617
  0.45533427 -0.29571617 -0.29571617 -0.29571617 -0.29571617 -0.29571617
 -0.29571617 -0.29571617 -0.29571617 -0.29571617 -0.29571617 -0.29571617
 -0.29571617 -0.29571617 -0.29571617 -0.29571617 -0.29571617  0.46641657
 -0.29571617  3.75282089 -0.29571617 -0.29571617  0.26297612 -0.29571617
 -0.29571617 -0.29571617 -0.29571617 -0.29571617  2.93975197 -0.29571617
  2.0474102   2.57223288  3.26978475 -0.29571617  2.03990384 -0.29571617
 -0.29571617 -0.29571617 -0.29571617 -0.29571617 -0.29571617 -0.29571617
 -0.29571617 -0.29571617 -0.29571617 -0.29571617 -0.29571617 -0.29571617
 -0.29571617 -0.29571617 -0.29571617 -0.29571617 -0.29571617 -0.29571617
 -0.29571617 -0.29571617 -0.29571617 -0.29571617 -0.29571617 -0.29571617
 -0.29571617 -0.29571617 -0.29571617 -0.29571617 -0.29571617 -0.29571617
 -0.29571617  3.68936735 -0.29571617 -0.29571617 -0.29571617 -0.29571617
 -0.29571617 -0.29571617 -0.29571617 -0.29571617  2.82611722 -0.29571617
 -0.29571617 -0.29571617 -0.29571617 -0.29571617 -0.29571617 -0.29571617
 -0.29571617 -0.29571617 -0.29571617 -0.29571617 -0.29571617 -0.29571617
 -0.29571617 -0.29571617 -0.29571617 -0.29571617 -0.29571617 -0.29571617
 -0.29571617 -0.29571617 -0.29571617 -0.29571617 -0.29571617 -0.29571617
 -0.29571617 -0.29571617 -0.29571617 -0.29571617  4.83666138]",[-0.024900852624162362]
12,"[-0.27846164 -0.27846164 -0.27846164 -0.27846164 -0.27846164 -0.27846164
 -0.27846164 -0.27846164 -0.27846164 -0.27846164 -0.27846164 -0.27846164
 -0.27846164 -0.27846164 -0.27846164 -0.27846164  0.71925807 -0.27846164
 -0.27846164 -0.27846164 -0.27846164 -0.27846164 -0.27846164 -0.27846164
 -0.27846164 -0.27846164 -0.27846164 -0.27846164  0.11133331 -0.27846164
 -0.27846164 -0.27846164 -0.27846164 -0.27846164 -0.27846164 -0.27846164
 -0.27846164 -0.27846164 -0.27846164 -0.27846164  2.38608601 -0.27846164
 -0.27846164 -0.27846164 -0.27846164 -0.27846164 -0.27846164 -0.27846164
 -0.27846164 -0.27846164 -0.27846164 -0.27846164 -0.27846164  0.73805377
 -0.27846164 -0.27846164 -0.27846164 -0.27846164 -0.27846164 -0.27846164
 -0.27846164 -0.27846164 -0.27846164 -0.27846164 -0.27846164 -0.27846164
 -0.27846164 -0.27846164 -0.27846164 -0.27846164 -0.27846164 -0.27846164
 -0.27846164 -0.27846164 -0.27846164 -0.27846164 -0.27846164 -0.27846164
 -0.27846164 -0.27846164 -0.27846164 -0.27846164 -0.27846164 -0.27846164
 -0.27846164 -0.27846164 -0.27846164 -0.27846164  4.23216438 -0.27846164
 -0.27846164  1.9772281  -0.27846164  1.89369736  2.11669731 -0.27846164
 -0.27846164 -0.27846164 -0.27846164 -0.27846164  4.25814687 -0.27846164
  4.17173693  1.51358401  6.16989563 -0.27846164  3.88682932  2.23314294
 -0.27846164 -0.27846164 -0.27846164 -0.27846164 -0.27846164 -0.27846164
 -0.27846164 -0.27846164 -0.27846164 -0.27846164 -0.27846164 -0.27846164
 -0.27846164 -0.27846164 -0.27846164 -0.27846164 -0.27846164 -0.27846164
 -0.27846164 -0.27846164 -0.27846164 -0.27846164 -0.27846164 -0.27846164
 -0.27846164 -0.27846164 -0.27846164 -0.27846164 -0.27846164 -0.27846164
 -0.27846164 -0.27846164 -0.27846164 -0.27846164  1.47944329 -0.27846164
 -0.27846164 -0.27846164 -0.27846164 -0.27846164 -0.27846164 -0.27846164
 -0.27846164  0.54056291 -0.27846164 -0.27846164 -0.27846164 -0.27846164
 -0.27846164 -0.27846164 -0.27846164 -0.27846164 -0.27846164 -0.27846164
  5.53496174 -0.27846164 -0.27846164 -0.27846164 -0.27846164 -0.27846164
 -0.27846164 -0.27846164 -0.27846164 -0.27846164 -0.27846164 -0.27846164
 -0.27846164 -0.27846164 -0.27846164 -0.27846164  0.86950161]",[-0.04459041934935987]
12,"[-0.2725474  -0.2725474  -0.2725474  -0.2725474  -0.2725474  -0.2725474
 -0.2725474  -0.2725474  -0.2725474  -0.2725474  -0.2725474  -0.2725474
 -0.2725474  -0.2725474  -0.2725474  -0.2725474  -0.2725474  -0.2725474
 -0.2725474  -0.2725474  -0.2725474  -0.2725474  -0.2725474  -0.2725474
 -0.2725474  -0.2725474  -0.2725474  -0.2725474   0.44768834 -0.2725474
 -0.2725474  -0.2725474  -0.2725474  -0.2725474  -0.2725474  -0.2725474
 -0.2725474  -0.2725474  -0.2725474  -0.2725474   3.81069974  1.0767294
 -0.2725474  -0.2725474  -0.2725474  -0.2725474  -0.2725474  -0.2725474
 -0.2725474  -0.2725474  -0.2725474  -0.2725474  -0.2725474   0.56729952
 -0.2725474  -0.2725474  -0.2725474  -0.2725474  -0.2725474  -0.2725474
 -0.2725474  -0.2725474  -0.2725474  -0.2725474  -0.2725474  -0.2725474
 -0.2725474  -0.2725474  -0.2725474  -0.2725474  -0.2725474  -0.2725474
 -0.2725474  -0.2725474  -0.2725474  -0.2725474  -0.2725474  -0.2725474
 -0.2725474  -0.2725474  -0.2725474  -0.2725474  -0.2725474  -0.2725474
 -0.2725474  -0.2725474  -0.2725474   1.21403213 -0.2725474   0.32226483
 -0.2725474   1.76479611 -0.2725474   2.44008114  5.37079901 -0.2725474
 -0.2725474  -0.2725474  -0.2725474  -0.2725474   4.83186956 -0.2725474
  4.84006581  2.30405361  5.2030918  -0.2725474   1.24216692 -0.2725474
 -0.2725474  -0.2725474  -0.2725474  -0.2725474  -0.2725474  -0.2725474
 -0.2725474  -0.2725474  -0.2725474  -0.2725474  -0.2725474  -0.2725474
 -0.2725474  -0.2725474  -0.2725474  -0.2725474  -0.2725474  -0.2725474
 -0.2725474  -0.2725474  -0.2725474  -0.2725474  -0.2725474  -0.2725474
 -0.2725474  -0.2725474  -0.2725474  -0.2725474  -0.2725474  -0.2725474
 -0.2725474  -0.2725474  -0.2725474  -0.2725474  -0.2725474  -0.2725474
 -0.2725474  -0.2725474  -0.2725474  -0.2725474  -0.2725474  -0.2725474
 -0.2725474   1.66043449 -0.2725474  -0.2725474  -0.2725474  -0.2725474
 -0.2725474  -0.2725474  -0.2725474  -0.2725474  -0.2725474  -0.2725474
  5.09216643 -0.2725474  -0.2725474  -0.2725474  -0.2725474   1.36091358
  0.33097827 -0.2725474  -0.2725474  -0.2725474  -0.2725474  -0.2725474
 -0.2725474  -0.2725474  -0.2725474  -0.2725474  -0.2725474 ]",[-0.016876230516991275]
12,"[-0.2641765  -0.2641765  -0.2641765  -0.2641765  -0.2641765  -0.2641765
 -0.2641765  -0.2641765  -0.2641765  -0.2641765  -0.2641765  -0.2641765
 -0.2641765  -0.2641765  -0.2641765  -0.2641765  -0.2641765  -0.2641765
 -0.2641765  -0.2641765  -0.2641765  -0.2641765  -0.2641765  -0.2641765
 -0.2641765  -0.2641765  -0.2641765  -0.2641765  -0.2641765  -0.2641765
 -0.2641765  -0.2641765  -0.2641765  -0.2641765  -0.2641765  -0.2641765
 -0.2641765  -0.2641765  -0.2641765  -0.2641765   4.64017844 -0.2641765
 -0.2641765  -0.2641765  -0.2641765  -0.2641765  -0.2641765  -0.2641765
 -0.2641765  -0.2641765  -0.2641765  -0.2641765  -0.2641765   5.16556955
  1.14229842  0.13118747 -0.2641765  -0.2641765  -0.2641765  -0.2641765
 -0.2641765  -0.2641765  -0.2641765  -0.2641765  -0.2641765  -0.2641765
 -0.2641765  -0.2641765  -0.2641765  -0.2641765  -0.2641765  -0.2641765
 -0.2641765  -0.2641765  -0.2641765  -0.2641765  -0.2641765  -0.2641765
 -0.2641765  -0.2641765  -0.2641765  -0.2641765  -0.2641765  -0.2641765
 -0.2641765  -0.2641765  -0.2641765   1.09454779 -0.2641765  -0.2641765
 -0.2641765  -0.2641765  -0.2641765  -0.18292579  0.94744836 -0.2641765
 -0.2641765  -0.2641765  -0.2641765  -0.2641765   2.79966109 -0.2641765
  2.83779051  2.99040196  2.97286294 -0.2641765   2.36984551 -0.2641765
 -0.2641765  -0.2641765  -0.2641765  -0.2641765  -0.2641765  -0.2641765
 -0.2641765  -0.2641765  -0.2641765  -0.2641765  -0.2641765  -0.2641765
 -0.2641765  -0.2641765  -0.2641765  -0.2641765  -0.2641765  -0.2641765
 -0.2641765  -0.2641765  -0.2641765  -0.2641765  -0.2641765  -0.2641765
 -0.2641765  -0.2641765  -0.2641765  -0.2641765  -0.2641765  -0.2641765
 -0.2641765   3.97980797 -0.2641765  -0.2641765  -0.2641765  -0.2641765
 -0.2641765  -0.2641765  -0.2641765  -0.2641765  -0.2641765  -0.2641765
 -0.2641765  -0.2641765  -0.2641765  -0.2641765  -0.2641765  -0.2641765
 -0.2641765  -0.2641765  -0.2641765  -0.2641765  -0.2641765  -0.2641765
  2.50401848 -0.2641765  -0.2641765  -0.2641765  -0.2641765   2.85588336
 -0.2641765  -0.2641765  -0.2641765  -0.2641765  -0.2641765  -0.2641765
 -0.2641765  -0.2641765  -0.2641765  -0.2641765   6.81219405]",[-0.034746121707405375]
12,"[-0.29304954 -0.29304954 -0.29304954  0.14931878 -0.29304954 -0.29304954
 -0.29304954 -0.29304954 -0.29304954 -0.29304954 -0.29304954 -0.29304954
 -0.29304954 -0.29304954 -0.29304954 -0.29304954 -0.29304954 -0.29304954
 -0.29304954 -0.29304954 -0.29304954 -0.29304954 -0.29304954 -0.29304954
 -0.29304954 -0.29304954 -0.29304954 -0.29304954 -0.29304954 -0.29304954
 -0.29304954 -0.29304954 -0.29304954 -0.29304954 -0.29304954 -0.29304954
 -0.29304954 -0.29304954 -0.29304954 -0.29304954  5.37805071  0.18310583
 -0.29304954 -0.29304954 -0.29304954 -0.29304954 -0.29304954 -0.29304954
 -0.29304954 -0.29304954 -0.29304954 -0.29304954  2.43879152  5.50855444
  2.73439078 -0.29304954  1.36522633 -0.29304954 -0.29304954 -0.29304954
 -0.29304954 -0.29304954 -0.29304954 -0.29304954 -0.29304954 -0.29304954
 -0.29304954 -0.29304954 -0.29304954 -0.29304954 -0.29304954 -0.29304954
 -0.29304954 -0.29304954 -0.29304954 -0.29304954 -0.29304954 -0.29304954
 -0.29304954 -0.29304954 -0.29304954 -0.29304954 -0.29304954 -0.29304954
 -0.29304954 -0.29304954 -0.29304954 -0.29304954 -0.29304954  1.02678672
 -0.29304954  0.90869624 -0.29304954  0.09337132  0.67242899 -0.29304954
 -0.29304954 -0.29304954 -0.29304954 -0.29304954  2.66947556 -0.29304954
  2.71939447  0.1707927   3.34208884  0.97767511  3.60628166  0.86738526
 -0.29304954 -0.29304954 -0.29304954 -0.29304954  1.07489515 -0.29304954
 -0.29304954 -0.29304954 -0.29304954 -0.29304954 -0.29304954 -0.29304954
 -0.29304954 -0.29304954 -0.29304954 -0.29304954 -0.29304954 -0.29304954
 -0.29304954 -0.29304954 -0.29304954 -0.29304954 -0.29304954 -0.29304954
 -0.29304954 -0.29304954 -0.29304954 -0.29304954 -0.29304954 -0.29304954
 -0.29304954 -0.29304954 -0.29304954 -0.29304954 -0.29304954 -0.29304954
 -0.29304954 -0.29304954 -0.29304954 -0.29304954 -0.29304954 -0.29304954
 -0.29304954 -0.29304954 -0.29304954 -0.29304954 -0.29304954 -0.29304954
 -0.29304954 -0.29304954 -0.29304954 -0.29304954 -0.29304954 -0.29304954
  2.69704759 -0.29304954 -0.29304954 -0.29304954 -0.29304954  1.24917248
 -0.29304954 -0.29304954 -0.29304954 -0.29304954 -0.29304954 -0.29304954
 -0.29304954 -0.29304954 -0.29304954 -0.29304954  6.17584657]",[0.008697494860167576]
12,"[-3.09485702e-01 -3.09485702e-01 -3.09485702e-01 -2.78840563e-01
 -3.09485702e-01 -3.09485702e-01 -3.09485702e-01 -3.09485702e-01
 -3.09485702e-01 -3.09485702e-01 -3.09485702e-01 -3.09485702e-01
 -3.09485702e-01 -3.09485702e-01 -3.09485702e-01 -3.09485702e-01
 -3.09485702e-01 -3.09485702e-01 -3.09485702e-01 -3.09485702e-01
 -3.09485702e-01 -3.09485702e-01 -3.09485702e-01 -3.09485702e-01
 -3.09485702e-01 -3.09485702e-01 -3.09485702e-01 -3.09485702e-01
 -3.09485702e-01 -3.09485702e-01 -3.09485702e-01 -3.09485702e-01
 -3.09485702e-01 -3.09485702e-01 -3.09485702e-01 -3.09485702e-01
 -3.09485702e-01 -3.09485702e-01 -3.09485702e-01 -3.09485702e-01
  6.16075748e+00  3.62671738e+00 -3.09485702e-01 -3.09485702e-01
 -3.09485702e-01 -3.09485702e-01 -3.09485702e-01 -3.09485702e-01
 -3.09485702e-01 -3.09485702e-01 -3.09485702e-01 -3.09485702e-01
 -3.09485702e-01  4.40589576e+00  1.39629249e+00  1.50173990e-02
 -3.09485702e-01 -3.09485702e-01 -3.09485702e-01 -3.09485702e-01
 -3.09485702e-01 -3.09485702e-01 -3.09485702e-01 -3.09485702e-01
 -3.09485702e-01 -3.09485702e-01 -3.09485702e-01 -3.09485702e-01
 -3.09485702e-01 -3.09485702e-01 -3.09485702e-01 -3.09485702e-01
  1.53754797e-02 -3.09485702e-01 -3.09485702e-01 -3.09485702e-01
 -3.09485702e-01  1.70258642e+00 -3.09485702e-01 -3.09485702e-01
 -3.09485702e-01 -3.09485702e-01 -3.09485702e-01 -3.09485702e-01
 -3.09485702e-01 -3.09485702e-01 -3.09485702e-01 -3.09485702e-01
  1.98736529e+00 -3.09485702e-01 -3.09485702e-01  3.75386442e+00
 -3.09485702e-01 -1.19189831e-01  1.51926721e-01 -3.09485702e-01
 -3.09485702e-01 -3.09485702e-01 -3.09485702e-01 -3.09485702e-01
  2.27710970e+00 -3.09485702e-01  1.98028013e+00  1.75407947e+00
  3.46485664e+00 -3.09485702e-01  2.76260643e+00 -3.09485702e-01
 -3.09485702e-01 -3.09485702e-01 -3.09485702e-01 -3.09485702e-01
 -3.09485702e-01 -3.09485702e-01 -3.09485702e-01 -3.09485702e-01
 -3.09485702e-01 -3.09485702e-01 -3.09485702e-01 -3.09485702e-01
 -3.09485702e-01 -3.09485702e-01 -3.09485702e-01 -3.09485702e-01
 -3.09485702e-01 -3.09485702e-01 -3.09485702e-01 -3.09485702e-01
 -3.09485702e-01 -3.09485702e-01 -3.09485702e-01 -3.09485702e-01
 -3.09485702e-01  3.32098500e+00 -3.09485702e-01 -3.09485702e-01
 -3.09485702e-01 -3.09485702e-01 -3.09485702e-01  2.97596580e+00
 -3.09485702e-01 -3.09485702e-01 -3.09485702e-01 -3.09485702e-01
 -3.09485702e-01 -3.09485702e-01 -3.09485702e-01 -3.09485702e-01
  4.65134659e-01 -3.09485702e-01 -3.09485702e-01 -3.09485702e-01
 -3.09485702e-01 -3.09485702e-01 -3.09485702e-01 -3.09485702e-01
 -3.09485702e-01 -3.09485702e-01 -3.09485702e-01 -3.09485702e-01
 -3.09485702e-01 -3.09485702e-01  3.60693423e+00 -3.09485702e-01
 -3.09485702e-01 -3.09485702e-01 -3.09485702e-01 -3.09485702e-01
  1.78008659e-05  1.63411382e-01 -3.09485702e-01 -3.09485702e-01
 -3.09485702e-01 -3.09485702e-01 -3.09485702e-01 -3.09485702e-01
 -3.09485702e-01 -3.09485702e-01  2.38113408e+00]",[0.04030946671807334]
12,"[-0.30969227 -0.30969227 -0.30969227 -0.03002975 -0.30969227 -0.30969227
 -0.30969227 -0.30969227 -0.30969227 -0.30969227 -0.30969227 -0.30969227
 -0.30969227 -0.30969227 -0.30969227 -0.30969227 -0.30969227 -0.30969227
 -0.30969227 -0.30969227 -0.30969227 -0.30969227 -0.30969227 -0.30969227
 -0.30969227 -0.30969227 -0.30969227 -0.30969227 -0.30969227 -0.30969227
 -0.30969227 -0.30969227 -0.30969227 -0.30969227 -0.30969227 -0.30969227
 -0.30969227 -0.30969227 -0.30969227 -0.30969227  4.72921693  0.55834343
 -0.30969227 -0.30969227 -0.30969227 -0.30969227 -0.30969227 -0.30969227
 -0.30969227 -0.30969227 -0.30969227 -0.30969227 -0.30969227  5.4810105
  2.89862716  0.02361797  2.3075521  -0.30969227 -0.30969227 -0.30969227
 -0.30969227 -0.30969227 -0.30969227 -0.30969227 -0.30969227 -0.30969227
 -0.30969227 -0.30969227 -0.30969227 -0.30969227 -0.30969227 -0.30969227
 -0.30969227 -0.30969227 -0.30969227 -0.30969227 -0.30969227 -0.30969227
 -0.30969227 -0.30969227 -0.30969227 -0.30969227 -0.30969227 -0.30969227
 -0.30969227 -0.30969227 -0.30969227 -0.30969227 -0.30969227 -0.30969227
 -0.30969227  1.12975102 -0.30969227  0.42235747  0.25916967 -0.08386628
 -0.30969227 -0.30969227  0.46410295 -0.30969227  2.06227629 -0.30969227
  1.15888334  2.71624948  2.17842894  3.20457274  1.95673579  0.42787322
 -0.30969227 -0.30969227 -0.30969227 -0.30969227 -0.30969227 -0.30969227
 -0.30969227 -0.30969227 -0.30969227 -0.30969227 -0.30969227 -0.30969227
 -0.30969227 -0.30969227 -0.30969227 -0.30969227 -0.30969227 -0.30969227
 -0.30969227 -0.30969227 -0.30969227 -0.30969227 -0.30969227 -0.30969227
 -0.30969227 -0.30969227 -0.30969227 -0.30969227 -0.30969227 -0.30969227
 -0.30969227  4.60794966 -0.30969227 -0.30969227 -0.30969227 -0.30969227
 -0.30969227 -0.30969227 -0.30969227 -0.30969227  2.50723055 -0.30969227
 -0.30969227 -0.30969227 -0.30969227 -0.30969227 -0.30969227 -0.30969227
 -0.30969227 -0.30969227 -0.30969227 -0.30969227 -0.30969227 -0.30969227
  2.80982747 -0.30969227 -0.30969227 -0.30969227 -0.30969227  0.95791156
 -0.30969227 -0.30969227 -0.30969227 -0.30969227 -0.30969227 -0.30969227
 -0.30969227 -0.30969227 -0.30969227 -0.30969227  5.25450897]",[0.0029203838682390626]
12,"[-0.29966657 -0.29966657 -0.29966657 -0.29966657 -0.29966657 -0.29966657
 -0.29966657 -0.29966657 -0.29966657 -0.29966657 -0.29966657 -0.29966657
 -0.29966657 -0.29966657 -0.29966657 -0.29966657 -0.29966657 -0.29966657
 -0.29966657 -0.29966657 -0.29966657 -0.29966657 -0.29966657 -0.29966657
 -0.29966657 -0.29966657 -0.29966657 -0.29966657 -0.29966657 -0.29966657
 -0.29966657 -0.29966657 -0.29966657 -0.29966657 -0.29966657 -0.29966657
 -0.29966657 -0.29966657 -0.29966657 -0.29966657  3.15730986  0.41555715
 -0.29966657 -0.29966657 -0.29966657 -0.29966657 -0.29966657 -0.29966657
 -0.29966657 -0.29966657 -0.29966657 -0.29966657 -0.29966657  5.38325748
  0.38703269 -0.29966657 -0.29966657 -0.29966657 -0.29966657 -0.29966657
 -0.29966657 -0.29966657 -0.29966657 -0.29966657 -0.29966657 -0.29966657
 -0.29966657 -0.29966657 -0.29966657 -0.29966657 -0.29966657 -0.29966657
  0.28965149 -0.29966657 -0.29966657 -0.29966657 -0.29966657 -0.29966657
 -0.29966657 -0.29966657 -0.29966657 -0.29966657 -0.29966657 -0.29966657
 -0.29966657 -0.29966657 -0.29966657 -0.29966657  0.92214648 -0.29966657
 -0.29966657  2.75411138 -0.29966657 -0.29966657  2.78840544 -0.29966657
 -0.29966657 -0.29966657 -0.29966657 -0.29966657  2.96118558 -0.29966657
  2.81194293  0.79799124  3.02182004  3.74215884  3.35456749  0.0309816
 -0.29966657 -0.29966657 -0.29966657 -0.29966657 -0.29966657 -0.29966657
 -0.29966657 -0.29966657 -0.29966657 -0.29966657 -0.29966657 -0.29966657
 -0.29966657 -0.29966657 -0.29966657 -0.29966657 -0.29966657 -0.29966657
 -0.29966657 -0.29966657 -0.29966657 -0.29966657 -0.29966657 -0.29966657
 -0.29966657 -0.29966657 -0.29966657 -0.29966657 -0.29966657 -0.29966657
 -0.29966657  3.42717829 -0.29966657 -0.29966657 -0.29966657 -0.29966657
 -0.29966657 -0.29966657 -0.29966657 -0.29966657 -0.29966657 -0.29966657
 -0.29966657 -0.29966657 -0.29966657 -0.29966657 -0.29966657 -0.29966657
 -0.29966657 -0.29966657 -0.29966657 -0.29966657 -0.29966657 -0.29966657
  4.59025313 -0.29966657 -0.29966657 -0.29966657 -0.29966657  2.19186525
  0.1691602  -0.29966657 -0.29966657 -0.29966657 -0.29966657 -0.29966657
 -0.29966657 -0.29966657 -0.29966657 -0.29966657  4.45040764]",[0.017544094426593604]
12,"[-0.29027323 -0.29027323 -0.29027323 -0.29027323 -0.29027323 -0.29027323
 -0.29027323 -0.29027323 -0.29027323 -0.29027323 -0.29027323 -0.29027323
 -0.29027323 -0.29027323 -0.29027323 -0.29027323 -0.29027323 -0.29027323
 -0.29027323 -0.29027323 -0.29027323 -0.29027323 -0.29027323 -0.29027323
 -0.29027323 -0.29027323 -0.29027323 -0.29027323 -0.29027323 -0.29027323
 -0.29027323 -0.29027323 -0.29027323 -0.29027323 -0.29027323 -0.29027323
 -0.29027323 -0.29027323 -0.29027323 -0.29027323  3.02514147 -0.29027323
 -0.29027323 -0.29027323 -0.29027323 -0.29027323 -0.29027323 -0.29027323
 -0.29027323 -0.29027323  0.24849257 -0.29027323 -0.29027323  5.36546952
 -0.29027323 -0.29027323 -0.29027323 -0.29027323 -0.29027323 -0.29027323
 -0.29027323 -0.29027323 -0.29027323 -0.29027323 -0.29027323 -0.29027323
 -0.29027323 -0.29027323 -0.29027323 -0.29027323 -0.29027323 -0.29027323
 -0.29027323 -0.29027323 -0.29027323 -0.29027323 -0.29027323  1.73681111
 -0.29027323 -0.29027323 -0.29027323 -0.29027323 -0.29027323 -0.29027323
 -0.29027323 -0.29027323 -0.29027323 -0.29027323 -0.29027323 -0.29027323
 -0.29027323  3.5990294  -0.29027323 -0.29027323  1.73212595 -0.29027323
 -0.29027323 -0.29027323 -0.29027323 -0.29027323  2.88927729 -0.29027323
  2.83862944  2.17436748  3.00880018  3.65049505  1.80580193 -0.29027323
 -0.29027323 -0.29027323 -0.29027323 -0.29027323 -0.29027323 -0.29027323
 -0.29027323 -0.29027323 -0.29027323 -0.29027323 -0.29027323 -0.29027323
 -0.29027323 -0.29027323 -0.29027323 -0.29027323 -0.29027323 -0.29027323
 -0.29027323 -0.29027323 -0.29027323 -0.29027323 -0.29027323 -0.29027323
 -0.29027323 -0.29027323 -0.29027323 -0.29027323 -0.29027323 -0.29027323
 -0.29027323 -0.29027323 -0.29027323 -0.29027323 -0.29027323 -0.29027323
 -0.29027323 -0.29027323 -0.29027323 -0.29027323  3.29020164 -0.29027323
 -0.29027323 -0.29027323 -0.29027323 -0.29027323 -0.29027323 -0.29027323
 -0.29027323 -0.29027323 -0.29027323 -0.29027323 -0.29027323 -0.29027323
  3.71987022 -0.29027323 -0.29027323 -0.29027323 -0.29027323  2.89199264
 -0.29027323 -0.29027323 -0.29027323 -0.29027323 -0.29027323 -0.29027323
 -0.29027323 -0.29027323 -0.29027323 -0.29027323  5.33803037]",[0.0027206136623994515]
12,"[-0.2921064  -0.2921064  -0.2921064  -0.2921064  -0.2921064  -0.2921064
 -0.2921064  -0.2921064  -0.2921064  -0.2921064  -0.2921064  -0.2921064
 -0.2921064  -0.2921064  -0.2921064  -0.2921064   0.26715225 -0.2921064
 -0.2921064  -0.2921064  -0.2921064  -0.2921064  -0.2921064  -0.2921064
 -0.2921064  -0.2921064  -0.2921064  -0.2921064  -0.2921064  -0.2921064
 -0.2921064  -0.2921064  -0.2921064  -0.2921064  -0.2921064  -0.2921064
 -0.2921064  -0.2921064  -0.2921064  -0.2921064   3.61865995  0.87464943
 -0.2921064  -0.2921064  -0.2921064  -0.2921064  -0.2921064  -0.2921064
 -0.2921064  -0.2921064  -0.2921064  -0.2921064  -0.2921064   0.71427696
  2.79435789 -0.2921064  -0.2921064  -0.2921064  -0.2921064  -0.2921064
 -0.2921064  -0.2921064  -0.2921064  -0.2921064  -0.2921064  -0.2921064
 -0.2921064  -0.2921064  -0.2921064  -0.2921064  -0.2921064  -0.2921064
 -0.2921064  -0.2921064  -0.2921064  -0.2921064  -0.2921064  -0.2921064
 -0.2921064  -0.2921064  -0.2921064  -0.2921064  -0.2921064  -0.2921064
 -0.2921064  -0.2921064  -0.2921064  -0.2921064  -0.2921064  -0.2921064
 -0.2921064   1.41081657 -0.2921064   3.03254647  4.09484493 -0.2921064
 -0.2921064  -0.2921064  -0.2921064  -0.2921064   3.88398015 -0.2921064
  4.03384587  0.98589163  4.57764005 -0.2921064   3.23968586  3.07109858
 -0.2921064  -0.2921064  -0.2921064  -0.2921064  -0.2921064  -0.2921064
 -0.2921064  -0.2921064  -0.2921064  -0.2921064  -0.2921064  -0.2921064
 -0.2921064  -0.2921064  -0.2921064  -0.2921064  -0.2921064  -0.2921064
 -0.2921064  -0.2921064  -0.2921064  -0.2921064  -0.2921064  -0.2921064
 -0.2921064  -0.2921064  -0.2921064  -0.2921064  -0.2921064  -0.2921064
 -0.2921064  -0.2921064  -0.2921064  -0.2921064  -0.2921064  -0.2921064
 -0.2921064  -0.2921064  -0.2921064  -0.2921064   2.6189978  -0.2921064
 -0.2921064   0.26112515 -0.2921064  -0.2921064  -0.2921064  -0.2921064
 -0.2921064  -0.2921064  -0.2921064  -0.2921064  -0.2921064  -0.2921064
  5.56668111 -0.2921064  -0.2921064  -0.2921064  -0.2921064   1.98288012
 -0.2921064  -0.2921064  -0.2921064  -0.2921064  -0.2921064  -0.2921064
 -0.2921064  -0.2921064  -0.2921064  -0.2921064  -0.2921064 ]",[0.00256451631049176]
12,"[-0.29106244 -0.29106244 -0.29106244 -0.21682317 -0.29106244 -0.29106244
 -0.29106244 -0.29106244 -0.29106244 -0.29106244 -0.29106244 -0.29106244
 -0.29106244 -0.29106244 -0.29106244 -0.29106244  0.54324721 -0.29106244
 -0.29106244 -0.29106244 -0.29106244 -0.29106244 -0.29106244 -0.29106244
 -0.29106244 -0.29106244 -0.29106244 -0.29106244 -0.29106244 -0.29106244
 -0.29106244 -0.29106244 -0.29106244 -0.29106244 -0.29106244 -0.29106244
 -0.29106244 -0.29106244 -0.29106244 -0.29106244  2.35194938  0.9832597
 -0.29106244 -0.29106244 -0.29106244 -0.29106244 -0.29106244 -0.29106244
 -0.29106244 -0.29106244 -0.29106244 -0.29106244 -0.29106244  5.22620537
  0.75953618 -0.29106244 -0.29106244 -0.29106244 -0.29106244 -0.29106244
 -0.29106244 -0.29106244 -0.29106244 -0.29106244 -0.29106244 -0.29106244
 -0.29106244 -0.29106244 -0.29106244 -0.29106244 -0.29106244 -0.29106244
  1.49832291 -0.29106244 -0.29106244 -0.29106244 -0.29106244 -0.29106244
 -0.29106244 -0.29106244 -0.29106244 -0.29106244 -0.29106244 -0.29106244
 -0.29106244 -0.29106244 -0.29106244 -0.29106244  3.1785181  -0.29106244
 -0.29106244  2.32744113 -0.29106244 -0.23885713 -0.29106244 -0.29106244
 -0.29106244 -0.29106244 -0.29106244 -0.29106244  3.05692631 -0.29106244
  2.36695487  1.88655605  3.32135957  3.44149807  3.43317941 -0.29106244
 -0.29106244 -0.29106244 -0.29106244 -0.29106244 -0.29106244 -0.29106244
 -0.29106244 -0.29106244 -0.29106244 -0.29106244 -0.29106244 -0.29106244
 -0.29106244 -0.29106244 -0.29106244 -0.29106244 -0.29106244 -0.29106244
 -0.29106244 -0.29106244 -0.29106244 -0.29106244 -0.29106244 -0.29106244
 -0.29106244 -0.29106244 -0.29106244 -0.29106244 -0.29106244 -0.29106244
 -0.29106244  4.21814143 -0.29106244 -0.29106244 -0.29106244 -0.29106244
 -0.29106244 -0.29106244 -0.29106244 -0.29106244 -0.29106244 -0.29106244
 -0.29106244 -0.29106244 -0.29106244 -0.29106244 -0.29106244 -0.29106244
 -0.29106244 -0.29106244 -0.29106244 -0.29106244 -0.29106244 -0.29106244
  2.43061957 -0.29106244 -0.29106244 -0.29106244 -0.29106244 -0.29106244
 -0.29106244 -0.29106244 -0.29106244 -0.29106244 -0.29106244 -0.29106244
 -0.29106244 -0.29106244 -0.29106244 -0.29106244  6.00195572]",[-0.009778244291363869]
12,"[-0.30322777 -0.30322777 -0.30322777 -0.17034615 -0.30322777 -0.30322777
 -0.30322777 -0.30322777 -0.30322777 -0.30322777 -0.30322777 -0.30322777
 -0.30322777 -0.30322777 -0.30322777 -0.30322777 -0.30322777 -0.30322777
 -0.30322777 -0.30322777 -0.30322777 -0.30322777 -0.30322777 -0.30322777
 -0.30322777 -0.30322777 -0.30322777 -0.30322777 -0.30322777 -0.30322777
 -0.30322777 -0.30322777 -0.30322777 -0.30322777 -0.30322777 -0.30322777
 -0.30322777 -0.30322777 -0.30322777 -0.30322777  5.49874386  1.61968017
 -0.30322777 -0.30322777 -0.30322777 -0.30322777 -0.30322777 -0.30322777
 -0.30322777 -0.30322777 -0.30322777 -0.30322777 -0.30322777  5.35347219
  2.28602915 -0.30322777  3.32137299 -0.30322777 -0.30322777 -0.30322777
 -0.30322777 -0.30322777 -0.30322777 -0.30322777 -0.30322777 -0.30322777
 -0.30322777 -0.30322777 -0.30322777 -0.30322777 -0.30322777 -0.30322777
  0.6517499  -0.30322777 -0.30322777 -0.30322777 -0.30322777 -0.30322777
 -0.30322777 -0.30322777 -0.30322777 -0.30322777 -0.30322777 -0.30322777
 -0.30322777 -0.30322777 -0.30322777 -0.30322777 -0.30322777 -0.30322777
 -0.30322777  0.65966238 -0.30322777  0.56202866  0.42732991 -0.30322777
 -0.30322777 -0.30322777 -0.30322777 -0.30322777  3.02267735  3.51165714
  1.051953    3.53098438  1.0906884  -0.30322777  2.22116655 -0.30322777
 -0.30322777 -0.30322777 -0.30322777 -0.30322777  2.36176534 -0.30322777
 -0.30322777 -0.30322777 -0.30322777 -0.30322777 -0.30322777 -0.30322777
 -0.30322777 -0.30322777 -0.30322777 -0.30322777 -0.30322777 -0.30322777
 -0.30322777 -0.30322777 -0.30322777 -0.30322777 -0.30322777 -0.30322777
 -0.30322777 -0.30322777 -0.30322777 -0.30322777 -0.30322777 -0.30322777
 -0.30322777  4.05681167 -0.30322777 -0.30322777 -0.30322777 -0.30322777
 -0.30322777 -0.30322777 -0.30322777 -0.30322777  1.29805449 -0.30322777
 -0.30322777 -0.30322777 -0.30322777 -0.30322777 -0.30322777 -0.30322777
 -0.30322777 -0.30322777 -0.30322777 -0.30322777 -0.30322777 -0.30322777
  1.19683515 -0.30322777 -0.30322777 -0.30322777 -0.30322777 -0.30322777
 -0.30322777 -0.30322777 -0.30322777 -0.30322777 -0.30322777 -0.30322777
 -0.30322777 -0.30322777 -0.30322777 -0.30322777  4.3576709 ]",[-0.0154655254961229]
12,"[-0.31935063 -0.31935063 -0.31935063 -0.06438476 -0.31935063 -0.31935063
 -0.31935063 -0.31935063 -0.31935063 -0.31935063 -0.31935063 -0.31935063
 -0.31935063 -0.31935063 -0.31935063 -0.31935063 -0.31935063 -0.31935063
 -0.31935063 -0.31935063 -0.31935063 -0.31935063 -0.31935063 -0.31935063
 -0.31935063 -0.31935063 -0.31935063 -0.31935063 -0.31935063 -0.31935063
 -0.31935063 -0.31935063 -0.31935063 -0.31935063 -0.31935063 -0.31935063
 -0.31935063 -0.31935063 -0.31935063 -0.31935063  4.280616    0.31384728
 -0.31935063 -0.31935063 -0.31935063 -0.31935063 -0.31935063 -0.31935063
 -0.31935063 -0.31935063 -0.31935063 -0.31935063 -0.31935063  5.17949452
  3.07199516 -0.31935063  4.39255576 -0.31935063 -0.31935063 -0.31935063
 -0.31935063 -0.31935063 -0.31935063 -0.31935063 -0.31935063 -0.31935063
 -0.31935063 -0.31935063 -0.31935063 -0.31935063 -0.31935063 -0.31935063
 -0.16373232 -0.31935063 -0.31935063 -0.31935063 -0.31935063 -0.31935063
 -0.31935063 -0.31935063 -0.31935063 -0.31935063 -0.31935063 -0.31935063
 -0.31935063 -0.31935063 -0.31935063 -0.31935063  0.9464226  -0.31935063
  0.73037938  2.58560237 -0.31935063 -0.12994627  2.20706132 -0.31935063
 -0.31935063 -0.31935063  0.38015296 -0.31935063  3.02063706 -0.31935063
  3.28367127  3.17495161  2.34038783 -0.31935063  1.30325947 -0.31935063
 -0.31935063 -0.31935063 -0.31935063 -0.31935063 -0.31935063 -0.31935063
 -0.31935063 -0.31935063 -0.31935063 -0.31935063 -0.31935063 -0.31935063
 -0.31935063 -0.31935063 -0.31935063 -0.31935063 -0.31935063 -0.31935063
 -0.31935063 -0.31935063 -0.31935063 -0.31935063 -0.31935063 -0.31935063
 -0.31935063 -0.31935063 -0.31935063 -0.31935063 -0.31935063 -0.31935063
 -0.31935063  4.18476643 -0.31935063 -0.31935063 -0.31935063 -0.31935063
 -0.31935063 -0.31935063 -0.31935063 -0.31935063  2.77358124 -0.31935063
 -0.31935063 -0.31935063 -0.31935063 -0.31935063 -0.31935063 -0.31935063
 -0.31935063 -0.31935063 -0.31935063 -0.31935063 -0.31935063 -0.31935063
  1.78459752 -0.31935063 -0.31935063 -0.31935063 -0.31935063  2.96655903
 -0.31935063 -0.31935063 -0.31935063 -0.31935063 -0.31935063 -0.31935063
 -0.31935063 -0.31935063 -0.31935063 -0.31935063  1.25622343]",[0.00033143184879730336]
12,"[-0.27893244 -0.27893244 -0.27893244 -0.27893244 -0.27893244 -0.27893244
 -0.27893244 -0.27893244 -0.27893244 -0.27893244 -0.27893244 -0.27893244
 -0.27893244 -0.27893244 -0.27893244 -0.27893244 -0.27893244 -0.27893244
 -0.27893244 -0.27893244 -0.27893244 -0.27893244 -0.27893244 -0.27893244
 -0.27893244 -0.27893244 -0.27893244 -0.27893244 -0.27893244 -0.27893244
 -0.27893244 -0.27893244 -0.27893244 -0.27893244 -0.27893244 -0.27893244
 -0.27893244 -0.27893244 -0.27893244 -0.27893244  5.27313121  0.53415834
 -0.27893244 -0.27893244 -0.27893244 -0.27893244 -0.27893244 -0.27893244
 -0.27893244 -0.27893244 -0.27893244 -0.27893244 -0.27893244  5.54108763
 -0.17230589 -0.27893244 -0.27893244 -0.27893244 -0.27893244 -0.27893244
 -0.27893244 -0.27893244 -0.27893244 -0.27893244 -0.27893244 -0.27893244
 -0.27893244 -0.27893244 -0.27893244 -0.27893244 -0.27893244 -0.27893244
 -0.27893244 -0.27893244 -0.27893244 -0.27893244 -0.27893244 -0.27893244
 -0.27893244 -0.27893244 -0.27893244 -0.27893244 -0.27893244 -0.27893244
 -0.27893244 -0.27893244 -0.27893244 -0.27893244 -0.27893244  0.67214488
 -0.27893244  4.03001417 -0.27893244  0.06839882  2.11834344 -0.27893244
 -0.27893244 -0.27893244 -0.27893244 -0.27893244  3.97439945 -0.27893244
  3.66279303  3.57552575  2.2095634  -0.27893244  2.05946969 -0.27893244
 -0.27893244 -0.27893244 -0.27893244 -0.27893244 -0.27893244 -0.27893244
 -0.27893244 -0.27893244 -0.27893244 -0.27893244 -0.27893244 -0.27893244
 -0.27893244 -0.27893244 -0.27893244 -0.27893244 -0.27893244 -0.27893244
 -0.27893244 -0.27893244 -0.27893244 -0.27893244 -0.27893244 -0.27893244
 -0.27893244 -0.27893244 -0.27893244 -0.27893244 -0.27893244 -0.27893244
 -0.27893244  3.30703433 -0.27893244 -0.27893244 -0.27893244 -0.27893244
 -0.27893244 -0.27893244 -0.27893244 -0.27893244  2.41787699 -0.27893244
 -0.27893244 -0.27893244 -0.27893244 -0.27893244 -0.27893244 -0.27893244
 -0.27893244 -0.27893244 -0.27893244 -0.27893244 -0.27893244 -0.27893244
  3.66051004 -0.27893244 -0.27893244 -0.27893244 -0.27893244  2.25491054
 -0.27893244 -0.27893244 -0.27893244 -0.27893244 -0.27893244 -0.27893244
 -0.27893244 -0.27893244 -0.27893244 -0.27893244 -0.27893244]",[-0.022965548963419402]
13,"[-0.23858492 -0.23858492 -0.23858492 -0.23858492 -0.23858492 -0.23858492
 -0.23858492 -0.23858492 -0.23858492 -0.23858492 -0.23858492 -0.23858492
 -0.23858492 -0.23858492 -0.23858492 -0.23858492 -0.23858492 -0.23858492
 -0.23858492 -0.23858492 -0.23858492 -0.23858492 -0.23858492 -0.23858492
 -0.23858492 -0.23858492 -0.23858492 -0.23858492 -0.23858492 -0.23858492
 -0.23858492 -0.23858492 -0.23858492 -0.23858492 -0.23858492 -0.23858492
 -0.23858492 -0.23858492 -0.23858492 -0.23858492  5.82609999 -0.23858492
 -0.23858492 -0.23858492 -0.23858492 -0.23858492 -0.23858492 -0.23858492
 -0.23858492 -0.23858492 -0.23858492 -0.23858492 -0.23858492  0.56552438
  6.50319084 -0.23858492  0.18968175 -0.23858492 -0.23858492 -0.23858492
 -0.23858492 -0.23858492 -0.23858492 -0.23858492 -0.23858492 -0.23858492
 -0.23858492 -0.23858492 -0.23858492 -0.23858492 -0.23858492 -0.23858492
 -0.23858492 -0.23858492 -0.23858492 -0.23858492 -0.23858492 -0.23858492
 -0.23858492 -0.23858492 -0.23858492 -0.23858492 -0.23858492  2.11656485
 -0.23858492 -0.23858492 -0.23858492 -0.23858492  1.62456569 -0.23858492
 -0.23858492  0.89710149 -0.23858492 -0.23858492  4.46332203 -0.23858492
 -0.23858492 -0.23858492 -0.23858492 -0.23858492  1.25560057 -0.23858492
 -0.23858492 -0.23858492 -0.02681811 -0.23858492  0.40028932 -0.23858492
 -0.23858492 -0.23858492 -0.23858492 -0.23858492 -0.23858492 -0.23858492
 -0.23858492 -0.23858492 -0.23858492 -0.23858492 -0.23858492 -0.23858492
 -0.23858492 -0.23858492 -0.23858492 -0.23858492 -0.23858492 -0.23858492
 -0.23858492 -0.23858492 -0.23858492 -0.23858492 -0.23858492 -0.23858492
 -0.23858492 -0.23858492 -0.23858492 -0.23858492 -0.23858492 -0.23858492
 -0.23858492 -0.23858492 -0.23858492 -0.23858492 -0.23858492 -0.23858492
 -0.23858492 -0.23858492 -0.23858492 -0.23858492  2.38020672 -0.23858492
 -0.23858492 -0.23858492 -0.23858492 -0.23858492 -0.23858492 -0.23858492
 -0.23858492 -0.23858492 -0.23858492 -0.23858492 -0.23858492 -0.23858492
  6.73457838 -0.23858492 -0.23858492 -0.23858492 -0.23858492  2.58599719
  1.41200837 -0.23858492 -0.23858492 -0.23858492 -0.23858492 -0.23858492
 -0.23858492 -0.23858492 -0.23858492 -0.23858492  1.96142869]",[-0.04401740661030892]
13,"[-0.32951232 -0.32951232 -0.32951232 -0.32951232 -0.32951232 -0.32951232
 -0.32951232 -0.32951232 -0.32951232 -0.32951232 -0.32951232 -0.32951232
 -0.32951232 -0.32951232 -0.32951232 -0.32951232  0.12410558 -0.32951232
 -0.32951232 -0.32951232 -0.32951232 -0.32951232 -0.32951232 -0.32951232
 -0.32951232 -0.32951232 -0.32951232 -0.32951232 -0.32951232 -0.32951232
 -0.32951232 -0.32951232 -0.32951232 -0.32951232 -0.32951232 -0.32951232
 -0.32951232 -0.32951232 -0.32951232 -0.32951232  4.85440666  0.73092435
 -0.32951232 -0.32951232 -0.32951232 -0.32951232 -0.32951232 -0.32951232
 -0.32951232 -0.32951232 -0.32951232 -0.32951232 -0.32951232 -0.32951232
 -0.32951232  3.00602554  2.35188122 -0.32951232 -0.32951232 -0.32951232
 -0.32951232 -0.32951232 -0.32951232 -0.32951232 -0.32951232 -0.32951232
 -0.32951232 -0.32951232 -0.32951232 -0.32951232 -0.32951232 -0.32951232
 -0.32951232 -0.32951232 -0.32951232 -0.32951232 -0.32951232  0.95546028
 -0.32951232 -0.32951232 -0.32951232 -0.32951232 -0.32951232 -0.32951232
 -0.32951232 -0.32951232 -0.32951232  0.80229415  1.1126713  -0.32951232
 -0.32951232  3.52940141 -0.32951232 -0.32951232  3.39036378 -0.32951232
 -0.32951232 -0.32951232 -0.32951232 -0.32951232  2.85555409 -0.32951232
  1.15484434  1.19744053  3.18994338  3.99874261  2.62761612  1.0110817
 -0.32951232 -0.32951232 -0.32951232 -0.32951232 -0.32951232 -0.32951232
 -0.32951232 -0.32951232 -0.32951232 -0.32951232 -0.32951232 -0.32951232
 -0.32951232 -0.32951232 -0.32951232 -0.32951232 -0.32951232 -0.32951232
 -0.32951232 -0.32951232 -0.32951232 -0.32951232 -0.32951232 -0.32951232
 -0.32951232 -0.32951232 -0.32951232 -0.32951232 -0.32951232 -0.32951232
 -0.32951232  3.34995998 -0.32951232 -0.32951232 -0.32951232 -0.32951232
 -0.32951232 -0.32951232 -0.32951232 -0.32951232  2.24043287 -0.32951232
 -0.32951232  0.98098457 -0.32951232 -0.32951232 -0.32951232 -0.32951232
 -0.32951232 -0.32951232 -0.32951232 -0.32951232 -0.32951232 -0.32951232
  4.37556225 -0.32951232 -0.32951232 -0.32951232 -0.32951232  3.89373691
 -0.32951232 -0.32951232 -0.32951232 -0.32951232 -0.32951232 -0.32951232
 -0.32951232 -0.32951232 -0.32951232 -0.32951232 -0.32951232]",[-0.02696048560582115]
13,"[-0.26108912 -0.26108912 -0.26108912 -0.26108912 -0.26108912 -0.26108912
 -0.26108912 -0.26108912 -0.26108912 -0.26108912 -0.26108912 -0.26108912
 -0.26108912 -0.26108912 -0.26108912 -0.26108912 -0.26108912 -0.26108912
 -0.26108912 -0.26108912 -0.26108912 -0.26108912 -0.26108912 -0.26108912
 -0.26108912 -0.26108912 -0.26108912 -0.26108912 -0.26108912 -0.26108912
 -0.26108912 -0.26108912 -0.26108912 -0.26108912 -0.26108912 -0.26108912
 -0.26108912 -0.26108912 -0.26108912 -0.26108912  6.07625093  1.69269879
 -0.26108912 -0.26108912 -0.26108912 -0.26108912 -0.26108912 -0.26108912
 -0.26108912 -0.26108912 -0.26108912 -0.26108912 -0.26108912  6.02791644
  3.5869026  -0.26108912  3.1395138  -0.26108912 -0.26108912 -0.26108912
 -0.26108912 -0.26108912 -0.26108912 -0.26108912 -0.26108912 -0.26108912
 -0.26108912 -0.26108912 -0.26108912 -0.26108912 -0.26108912 -0.26108912
 -0.26108912 -0.26108912 -0.26108912 -0.26108912 -0.26108912 -0.26108912
 -0.26108912 -0.26108912 -0.26108912 -0.26108912 -0.26108912 -0.26108912
 -0.26108912 -0.26108912 -0.26108912 -0.26108912 -0.26108912 -0.26108912
 -0.26108912  1.36535049 -0.26108912 -0.26108912  1.44286065 -0.26108912
 -0.26108912 -0.26108912 -0.26108912 -0.26108912  1.44079254 -0.26108912
  1.21743077 -0.26108912  2.67012092 -0.26108912  4.88055415 -0.26108912
 -0.26108912 -0.26108912 -0.26108912 -0.26108912 -0.26108912 -0.26108912
 -0.26108912 -0.26108912 -0.26108912 -0.26108912 -0.26108912 -0.26108912
 -0.26108912 -0.26108912 -0.26108912 -0.26108912 -0.26108912 -0.26108912
 -0.26108912 -0.26108912 -0.26108912 -0.26108912 -0.26108912 -0.26108912
 -0.26108912 -0.26108912 -0.26108912 -0.26108912 -0.26108912 -0.26108912
 -0.26108912 -0.26108912 -0.26108912 -0.26108912 -0.26108912 -0.26108912
 -0.26108912 -0.26108912 -0.26108912 -0.26108912  3.76535807 -0.26108912
 -0.26108912 -0.26108912 -0.26108912 -0.26108912 -0.26108912 -0.26108912
 -0.26108912 -0.26108912 -0.26108912 -0.26108912 -0.26108912 -0.26108912
  3.66870655 -0.26108912 -0.26108912 -0.26108912 -0.26108912  1.69184636
 -0.26108912  0.15231309 -0.26108912 -0.26108912 -0.26108912 -0.26108912
 -0.26108912 -0.26108912 -0.26108912 -0.26108912 -0.26108912]",[-0.004825444789870348]
13,"[-0.30096803 -0.30096803 -0.30096803  2.37244475 -0.30096803 -0.30096803
 -0.30096803 -0.30096803 -0.30096803 -0.30096803 -0.30096803 -0.30096803
 -0.30096803 -0.30096803 -0.30096803 -0.30096803 -0.30096803 -0.30096803
 -0.30096803 -0.30096803 -0.30096803 -0.30096803 -0.30096803 -0.30096803
 -0.30096803 -0.30096803 -0.30096803 -0.30096803 -0.30096803 -0.30096803
 -0.30096803 -0.30096803 -0.30096803 -0.30096803 -0.30096803 -0.30096803
 -0.30096803 -0.30096803 -0.30096803 -0.30096803  4.23020126  1.26380514
 -0.30096803 -0.30096803 -0.30096803 -0.30096803 -0.30096803 -0.30096803
 -0.30096803 -0.30096803 -0.30096803 -0.30096803 -0.30096803  4.95265759
 -0.30096803 -0.30096803  4.93330685 -0.30096803 -0.30096803 -0.30096803
 -0.30096803 -0.30096803 -0.30096803 -0.30096803 -0.30096803 -0.30096803
 -0.30096803 -0.30096803 -0.30096803 -0.30096803 -0.30096803 -0.30096803
  2.41398875 -0.30096803 -0.30096803 -0.30096803 -0.30096803 -0.30096803
 -0.30096803 -0.30096803 -0.30096803 -0.30096803 -0.30096803 -0.30096803
 -0.30096803 -0.30096803 -0.30096803 -0.30096803 -0.30096803 -0.30096803
 -0.30096803  1.11977385 -0.30096803  0.90093866  0.24785133 -0.30096803
 -0.30096803 -0.30096803 -0.30096803 -0.30096803  3.00342116 -0.30096803
  3.22960256  3.30769321  3.25151464 -0.30096803  0.73984812 -0.30096803
 -0.30096803 -0.30096803 -0.30096803 -0.30096803 -0.30096803 -0.30096803
 -0.30096803 -0.30096803 -0.30096803 -0.30096803 -0.30096803 -0.30096803
 -0.30096803 -0.30096803 -0.30096803 -0.30096803 -0.30096803 -0.30096803
 -0.30096803 -0.30096803 -0.30096803 -0.30096803 -0.30096803 -0.30096803
 -0.30096803 -0.30096803 -0.30096803 -0.30096803 -0.30096803 -0.30096803
 -0.30096803  4.16870909 -0.30096803 -0.30096803 -0.30096803 -0.30096803
 -0.30096803 -0.30096803 -0.30096803 -0.30096803  2.77709477 -0.30096803
 -0.30096803 -0.30096803 -0.30096803 -0.30096803 -0.30096803 -0.30096803
 -0.30096803 -0.30096803 -0.30096803 -0.30096803 -0.30096803 -0.30096803
  3.27702029 -0.30096803 -0.30096803 -0.30096803 -0.30096803  2.2659803
 -0.30096803 -0.30096803 -0.30096803 -0.30096803 -0.30096803 -0.30096803
 -0.30096803 -0.30096803 -0.30096803 -0.30096803 -0.30096803]",[0.0032790392165417126]
13,"[-0.25932967 -0.25932967 -0.25932967 -0.25932967 -0.25932967 -0.25932967
 -0.25932967 -0.25932967 -0.25932967 -0.25932967 -0.25932967 -0.25932967
 -0.25932967 -0.25932967 -0.25932967 -0.25932967 -0.25932967 -0.25932967
 -0.25932967 -0.25932967 -0.25932967 -0.25932967 -0.25932967 -0.25932967
 -0.25932967 -0.25932967 -0.25932967 -0.25932967  0.36731256 -0.25932967
 -0.25932967 -0.25932967 -0.25932967 -0.25932967 -0.25932967 -0.25932967
 -0.25932967 -0.25932967 -0.25932967 -0.25932967  4.83671843  1.64702298
 -0.25932967 -0.25932967 -0.25932967 -0.25932967 -0.25932967 -0.25932967
 -0.25932967 -0.25932967 -0.25932967 -0.25932967 -0.25932967  5.91870673
 -0.25932967 -0.25932967 -0.25932967 -0.25932967 -0.25932967 -0.25932967
 -0.25932967 -0.25932967 -0.25932967 -0.25932967 -0.25932967 -0.25932967
 -0.25932967 -0.25932967 -0.25932967 -0.25932967 -0.25932967 -0.25932967
 -0.25932967 -0.25932967 -0.25932967 -0.25932967 -0.25932967 -0.25932967
 -0.25932967 -0.25932967 -0.25932967 -0.25932967 -0.25932967 -0.25932967
 -0.25932967 -0.25932967 -0.25932967 -0.25932967 -0.25932967 -0.25932967
 -0.25932967  1.97597069 -0.25932967 -0.25932967  2.39204005 -0.25932967
 -0.25932967 -0.25932967 -0.25932967 -0.25932967  4.11012453 -0.25932967
  2.7660793   3.90162654  4.35118714 -0.25932967  2.07607206 -0.25932967
 -0.25932967 -0.25932967 -0.25932967 -0.25932967 -0.25932967 -0.25932967
 -0.25932967 -0.25932967 -0.25932967 -0.25932967 -0.25932967 -0.25932967
 -0.25932967 -0.25932967 -0.25932967 -0.25932967 -0.25932967 -0.25932967
 -0.25932967 -0.25932967 -0.25932967 -0.25932967 -0.25932967 -0.25932967
 -0.25932967 -0.25932967 -0.25932967 -0.25932967 -0.25932967 -0.25932967
 -0.25932967 -0.25932967 -0.25932967 -0.25932967 -0.25932967 -0.25932967
 -0.25932967 -0.25932967 -0.25932967 -0.25932967 -0.25932967 -0.25932967
 -0.25932967  0.316536   -0.25932967 -0.25932967 -0.25932967 -0.25932967
 -0.25932967 -0.25932967 -0.25932967 -0.25932967 -0.25932967 -0.25932967
  3.41460141 -0.25932967 -0.25932967 -0.25932967 -0.25932967  4.71539774
 -0.25932967 -0.25932967 -0.25932967 -0.25932967 -0.25932967 -0.25932967
 -0.25932967 -0.25932967 -0.25932967 -0.25932967 -0.25932967]",[-0.005814370546361136]
13,"[-0.29538716 -0.29538716 -0.29538716 -0.1747128  -0.29538716 -0.29538716
 -0.29538716 -0.29538716 -0.29538716 -0.29538716 -0.29538716 -0.29538716
 -0.29538716 -0.29538716 -0.29538716 -0.29538716 -0.29538716 -0.29538716
 -0.29538716 -0.29538716 -0.29538716 -0.29538716 -0.29538716 -0.29538716
 -0.29538716 -0.29538716 -0.29538716 -0.29538716 -0.29538716 -0.29538716
 -0.29538716 -0.29538716 -0.29538716 -0.29538716 -0.29538716 -0.29538716
 -0.29538716 -0.29538716 -0.29538716 -0.29538716  4.55197093  0.05309122
 -0.29538716 -0.29538716 -0.29538716 -0.29538716 -0.29538716 -0.29538716
 -0.29538716 -0.29538716 -0.29538716 -0.29538716 -0.29538716  5.82183412
  2.00606568 -0.0461768   3.75407237 -0.29538716 -0.29538716 -0.29538716
 -0.29538716 -0.29538716 -0.29538716 -0.29538716 -0.29538716 -0.29538716
 -0.29538716 -0.29538716 -0.29538716 -0.29538716 -0.29538716 -0.29538716
  0.51249244 -0.29538716 -0.29538716 -0.29538716 -0.29538716 -0.29538716
 -0.29538716 -0.29538716 -0.29538716 -0.29538716 -0.29538716 -0.29538716
 -0.29538716 -0.29538716 -0.29538716 -0.29538716 -0.29538716 -0.29538716
 -0.29538716  0.58950986 -0.29538716  0.16711311  0.35871499 -0.29538716
 -0.29538716  1.14627709 -0.29538716 -0.29538716  3.22848964 -0.29538716
  1.91002597  3.33552587  2.05805391  3.27699421 -0.29538716 -0.29538716
 -0.29538716 -0.29538716 -0.29538716 -0.29538716  4.0676646  -0.29538716
 -0.29538716 -0.29538716 -0.29538716 -0.29538716 -0.29538716 -0.29538716
 -0.29538716 -0.29538716 -0.29538716 -0.29538716 -0.29538716 -0.29538716
 -0.29538716 -0.29538716 -0.29538716 -0.29538716 -0.29538716 -0.29538716
 -0.29538716 -0.29538716 -0.29538716 -0.29538716 -0.29538716 -0.29538716
 -0.29538716  4.43550202 -0.29538716 -0.29538716 -0.29538716 -0.29538716
 -0.29538716 -0.29538716 -0.29538716 -0.29538716  1.61758383 -0.29538716
 -0.29538716 -0.29538716 -0.29538716 -0.29538716 -0.29538716 -0.29538716
 -0.29538716 -0.29538716 -0.29538716 -0.29538716 -0.29538716 -0.29538716
  0.33959585 -0.29538716 -0.29538716 -0.29538716 -0.29538716 -0.29538716
 -0.29538716 -0.29538716 -0.29538716 -0.29538716 -0.29538716 -0.29538716
 -0.29538716 -0.29538716 -0.29538716 -0.29538716  3.36609668]",[-0.018256949495782993]
13,"[-0.29339718 -0.29339718 -0.29339718 -0.29339718 -0.29339718 -0.29339718
 -0.29339718 -0.29339718 -0.29339718 -0.29339718 -0.29339718 -0.29339718
 -0.29339718 -0.29339718 -0.29339718 -0.29339718 -0.29339718 -0.29339718
 -0.29339718 -0.29339718 -0.29339718 -0.29339718 -0.29339718 -0.29339718
 -0.29339718 -0.29339718 -0.29339718 -0.29339718 -0.29339718 -0.29339718
 -0.29339718 -0.29339718 -0.29339718 -0.29339718 -0.29339718 -0.29339718
 -0.29339718 -0.29339718 -0.29339718 -0.29339718  5.99113024  1.82093562
 -0.29339718 -0.29339718 -0.29339718 -0.29339718 -0.29339718 -0.29339718
 -0.29339718 -0.29339718 -0.07869348 -0.29339718 -0.29339718  5.16850728
 -0.29339718 -0.29339718  4.39535154 -0.29339718 -0.29339718 -0.29339718
 -0.29339718 -0.29339718 -0.29339718 -0.29339718 -0.29339718 -0.29339718
 -0.29339718 -0.29339718 -0.29339718 -0.29339718 -0.29339718 -0.29339718
 -0.29339718 -0.29339718 -0.29339718 -0.29339718 -0.29339718 -0.29339718
 -0.29339718 -0.29339718 -0.29339718 -0.29339718 -0.29339718 -0.29339718
 -0.29339718 -0.29339718 -0.29339718 -0.29339718 -0.29339718 -0.29339718
  0.5127865   1.50626892 -0.29339718 -0.29339718  1.62095313 -0.29339718
 -0.29339718 -0.29339718 -0.29339718 -0.29339718  2.82895986 -0.29339718
  2.33443175  2.95348526  2.40274286 -0.29339718  1.94796883 -0.29339718
 -0.29339718 -0.29339718 -0.29339718 -0.29339718 -0.29339718 -0.29339718
 -0.29339718 -0.29339718 -0.29339718 -0.29339718 -0.29339718 -0.29339718
 -0.29339718 -0.29339718 -0.29339718 -0.29339718 -0.29339718 -0.29339718
 -0.29339718 -0.29339718 -0.29339718 -0.29339718 -0.29339718 -0.29339718
 -0.29339718 -0.29339718 -0.29339718 -0.29339718 -0.29339718 -0.29339718
 -0.29339718  3.90835468 -0.29339718 -0.29339718 -0.29339718 -0.29339718
 -0.29339718 -0.29339718 -0.29339718 -0.29339718  2.79460424 -0.29339718
 -0.29339718 -0.29339718 -0.29339718 -0.29339718 -0.29339718 -0.29339718
 -0.29339718 -0.29339718 -0.29339718 -0.29339718 -0.29339718 -0.29339718
  1.8047954  -0.29339718 -0.29339718 -0.29339718 -0.29339718  1.55017256
 -0.29339718 -0.29339718 -0.29339718 -0.29339718 -0.29339718 -0.29339718
 -0.29339718 -0.29339718 -0.29339718 -0.29339718  3.774191  ]",[0.0282677736266308]
13,"[-0.27952957 -0.27952957 -0.27952957 -0.27952957 -0.27952957 -0.27952957
 -0.27952957 -0.27952957 -0.27952957 -0.27952957 -0.27952957 -0.27952957
 -0.27952957 -0.27952957 -0.27952957 -0.27952957 -0.27952957 -0.27952957
 -0.27952957 -0.27952957 -0.27952957 -0.27952957 -0.27952957 -0.27952957
 -0.27952957 -0.27952957 -0.27952957 -0.27952957  0.68594047 -0.27952957
 -0.27952957 -0.27952957 -0.27952957 -0.27952957 -0.27952957 -0.27952957
 -0.27952957 -0.27952957 -0.27952957 -0.27952957  7.07221911  1.04058649
 -0.27952957 -0.27952957 -0.27952957 -0.27952957 -0.27952957 -0.27952957
 -0.27952957 -0.27952957 -0.27952957 -0.27952957 -0.27952957 -0.27952957
 -0.27952957 -0.27952957 -0.27952957 -0.27952957 -0.27952957 -0.27952957
 -0.27952957 -0.27952957 -0.27952957 -0.27952957 -0.27952957 -0.27952957
 -0.27952957 -0.27952957 -0.27952957 -0.27952957 -0.27952957 -0.27952957
 -0.27952957 -0.27952957 -0.27952957 -0.27952957 -0.27952957  1.2309174
 -0.27952957 -0.27952957 -0.27952957 -0.27952957 -0.27952957 -0.27952957
 -0.27952957 -0.27952957 -0.27952957 -0.27952957  2.31472282 -0.27952957
 -0.27952957  3.42094821 -0.27952957  2.24608523  4.26538359 -0.27952957
 -0.27952957 -0.27952957 -0.27952957 -0.27952957  3.39156915 -0.27952957
  2.07827734  4.19716438  2.49569801  2.22957878  2.18870476 -0.27952957
 -0.27952957 -0.27952957 -0.27952957 -0.27952957 -0.27952957 -0.27952957
 -0.27952957 -0.27952957 -0.27952957 -0.27952957 -0.27952957 -0.27952957
 -0.27952957 -0.27952957 -0.27952957 -0.27952957 -0.27952957 -0.27952957
 -0.27952957 -0.27952957 -0.27952957 -0.27952957 -0.27952957 -0.27952957
 -0.27952957 -0.27952957 -0.27952957 -0.27952957 -0.27952957 -0.27952957
 -0.27952957 -0.27952957 -0.27952957 -0.27952957  0.50657659 -0.27952957
 -0.27952957 -0.27952957 -0.27952957 -0.27952957 -0.27952957 -0.27952957
 -0.27952957  1.26363326 -0.27952957 -0.27952957 -0.27952957 -0.27952957
 -0.27952957 -0.27952957 -0.27952957 -0.27952957 -0.27952957 -0.27952957
 -0.27952957 -0.27952957 -0.27952957 -0.27952957 -0.27952957  4.65578432
 -0.27952957 -0.27952957 -0.27952957 -0.27952957 -0.27952957 -0.27952957
 -0.27952957 -0.27952957 -0.27952957 -0.27952957 -0.27952957]",[-0.007711400405831015]
13,"[-0.26824771 -0.26824771 -0.26824771 -0.26824771 -0.26824771 -0.26824771
 -0.26824771 -0.26824771 -0.26824771 -0.26824771 -0.26824771 -0.26824771
 -0.26824771 -0.26824771 -0.26824771 -0.26824771 -0.26824771 -0.26824771
 -0.26824771 -0.26824771 -0.26824771 -0.26824771 -0.26824771 -0.26824771
 -0.26824771 -0.26824771 -0.26824771 -0.26824771 -0.26824771 -0.26824771
 -0.26824771 -0.26824771 -0.26824771 -0.26824771 -0.26824771 -0.26824771
 -0.26824771 -0.26824771 -0.26824771 -0.26824771  7.17507102  1.0854545
 -0.26824771 -0.26824771 -0.26824771 -0.26824771 -0.26824771 -0.26824771
 -0.26824771 -0.26824771 -0.26824771 -0.26824771 -0.26824771 -0.26824771
 -0.26824771 -0.26824771 -0.26824771 -0.26824771 -0.26824771 -0.26824771
 -0.26824771 -0.26824771 -0.26824771 -0.26824771 -0.26824771 -0.26824771
 -0.26824771 -0.26824771 -0.26824771 -0.26824771 -0.26824771 -0.26824771
 -0.26824771 -0.26824771 -0.26824771 -0.26824771 -0.26824771 -0.26824771
 -0.26824771 -0.26824771 -0.26824771 -0.26824771 -0.26824771 -0.26824771
 -0.26824771 -0.26824771 -0.26824771  1.4289671   2.4929655  -0.26824771
 -0.26824771  3.44193511 -0.26824771 -0.26824771  2.88981928 -0.26824771
 -0.26824771 -0.26824771 -0.26824771 -0.26824771  2.93866729 -0.26824771
  2.96216121  3.12926559  3.41119201 -0.26824771  3.97849418 -0.26824771
 -0.26824771 -0.26824771 -0.26824771 -0.26824771 -0.26824771 -0.26824771
 -0.26824771 -0.26824771 -0.26824771 -0.26824771 -0.26824771 -0.26824771
 -0.26824771 -0.26824771 -0.26824771 -0.26824771 -0.26824771 -0.26824771
 -0.26824771 -0.26824771 -0.26824771 -0.26824771 -0.26824771 -0.26824771
 -0.26824771 -0.26824771 -0.26824771 -0.26824771 -0.26824771 -0.26824771
 -0.26824771  4.31740066 -0.26824771 -0.26824771 -0.26824771 -0.26824771
 -0.26824771 -0.26824771 -0.26824771 -0.26824771 -0.26824771 -0.26824771
 -0.26824771 -0.26824771 -0.26824771 -0.26824771 -0.26824771 -0.26824771
 -0.26824771 -0.26824771 -0.26824771 -0.26824771 -0.26824771 -0.26824771
  2.78578008 -0.26824771 -0.26824771 -0.26824771 -0.26824771  2.22369881
 -0.26824771 -0.26824771 -0.26824771 -0.26824771 -0.26824771 -0.26824771
 -0.26824771 -0.26824771 -0.26824771 -0.26824771 -0.26824771]",[-0.009448834517590876]
13,"[-0.2658248  -0.2658248  -0.2658248  -0.2658248  -0.2658248  -0.2658248
 -0.2658248  -0.2658248  -0.2658248  -0.2658248  -0.2658248  -0.2658248
 -0.2658248  -0.2658248  -0.2658248  -0.2658248  -0.2658248  -0.2658248
 -0.2658248  -0.2658248  -0.2658248  -0.2658248  -0.2658248  -0.2658248
 -0.2658248  -0.2658248  -0.2658248  -0.2658248  -0.2658248  -0.2658248
 -0.2658248  -0.2658248  -0.2658248  -0.2658248  -0.2658248  -0.2658248
 -0.2658248  -0.2658248  -0.2658248  -0.2658248   5.23269347 -0.2658248
 -0.2658248  -0.2658248  -0.2658248  -0.2658248  -0.2658248  -0.2658248
 -0.2658248  -0.2658248  -0.2658248  -0.2658248  -0.2658248   0.56597813
  1.48708516  3.43634714  3.91771505 -0.2658248  -0.2658248  -0.2658248
 -0.2658248  -0.2658248  -0.2658248  -0.2658248  -0.2658248  -0.2658248
 -0.2658248  -0.2658248  -0.2658248  -0.2658248  -0.2658248  -0.2658248
 -0.2658248  -0.2658248  -0.2658248  -0.2658248  -0.2658248  -0.2658248
 -0.2658248  -0.2658248  -0.2658248  -0.2658248  -0.2658248  -0.2658248
 -0.2658248  -0.2658248  -0.2658248  -0.2658248  -0.2658248  -0.2658248
 -0.2658248  -0.2658248  -0.2658248  -0.16263611  3.02227814 -0.2658248
 -0.2658248  -0.2658248  -0.2658248  -0.2658248   3.73339776 -0.2658248
  1.94002341  3.53947996  3.12360418  3.04883942  1.28832156 -0.2658248
 -0.2658248  -0.2658248  -0.2658248  -0.2658248  -0.2658248  -0.2658248
 -0.2658248  -0.2658248  -0.2658248  -0.2658248  -0.2658248  -0.2658248
 -0.2658248  -0.2658248  -0.2658248  -0.2658248  -0.2658248  -0.2658248
 -0.2658248  -0.2658248  -0.2658248  -0.2658248  -0.2658248  -0.2658248
 -0.2658248  -0.2658248  -0.2658248  -0.2658248  -0.2658248  -0.2658248
 -0.2658248  -0.2658248  -0.2658248  -0.2658248  -0.2658248  -0.2658248
 -0.2658248  -0.2658248  -0.2658248  -0.2658248  -0.2658248  -0.2658248
 -0.2658248  -0.2658248  -0.2658248  -0.2658248  -0.2658248  -0.2658248
 -0.2658248  -0.2658248  -0.2658248  -0.2658248  -0.2658248  -0.2658248
  3.00072698 -0.2658248  -0.2658248  -0.2658248  -0.2658248   6.42141308
 -0.2658248  -0.2658248  -0.2658248  -0.2658248  -0.2658248  -0.2658248
 -0.2658248  -0.2658248  -0.2658248  -0.2658248  -0.2658248 ]",[-0.0040794460569504865]
13,"[-0.26488395 -0.26488395 -0.26488395 -0.26488395 -0.26488395 -0.26488395
 -0.26488395 -0.26488395 -0.26488395 -0.26488395 -0.26488395 -0.26488395
 -0.26488395 -0.26488395 -0.26488395 -0.26488395 -0.26488395 -0.26488395
 -0.26488395 -0.26488395 -0.26488395 -0.26488395 -0.26488395 -0.26488395
 -0.26488395 -0.26488395 -0.26488395 -0.26488395 -0.26488395 -0.26488395
 -0.26488395 -0.26488395 -0.26488395 -0.26488395 -0.26488395 -0.26488395
 -0.26488395 -0.26488395 -0.26488395 -0.26488395  6.17828377  0.19020695
 -0.26488395 -0.26488395 -0.26488395 -0.26488395 -0.26488395 -0.26488395
 -0.26488395 -0.26488395  0.16305516 -0.26488395 -0.26488395  5.63885746
 -0.26488395 -0.26488395 -0.26488395 -0.26488395 -0.26488395 -0.26488395
 -0.26488395 -0.26488395 -0.26488395 -0.26488395 -0.26488395 -0.26488395
 -0.26488395 -0.26488395 -0.26488395 -0.26488395 -0.26488395 -0.26488395
 -0.26488395 -0.26488395 -0.26488395 -0.26488395 -0.26488395  1.69142271
 -0.26488395 -0.26488395 -0.26488395 -0.26488395 -0.26488395 -0.26488395
 -0.26488395 -0.26488395 -0.26488395 -0.26488395 -0.26488395 -0.26488395
 -0.26488395  1.34637079 -0.26488395  0.27095845  1.87498178 -0.12062725
 -0.26488395 -0.26488395 -0.26488395 -0.26488395  2.48473665 -0.26488395
  2.9185162   2.89774256  2.2762523  -0.26488395  3.85310866 -0.26488395
 -0.26488395 -0.26488395 -0.26488395 -0.26488395 -0.26488395 -0.26488395
 -0.26488395 -0.26488395 -0.26488395 -0.26488395 -0.26488395 -0.26488395
 -0.26488395 -0.26488395 -0.26488395 -0.26488395 -0.26488395 -0.26488395
 -0.26488395 -0.26488395 -0.26488395 -0.26488395 -0.26488395 -0.26488395
 -0.26488395 -0.26488395 -0.26488395 -0.26488395 -0.26488395 -0.26488395
 -0.26488395  5.32938392 -0.26488395 -0.26488395 -0.26488395 -0.26488395
 -0.26488395 -0.26488395 -0.26488395 -0.26488395 -0.26488395 -0.26488395
 -0.26488395 -0.26488395 -0.26488395 -0.26488395 -0.26488395 -0.26488395
 -0.26488395 -0.26488395 -0.26488395 -0.26488395 -0.26488395 -0.26488395
  4.07429047 -0.26488395 -0.26488395 -0.26488395 -0.26488395  0.91404463
 -0.26488395  0.66472995 -0.26488395 -0.26488395 -0.26488395 -0.26488395
 -0.26488395 -0.26488395 -0.26488395 -0.26488395 -0.26488395]",[-0.013874445994659701]
13,"[-0.31689849 -0.31689849 -0.31689849  0.05455075 -0.31689849 -0.31689849
 -0.31689849 -0.31689849 -0.31689849 -0.31689849 -0.31689849 -0.31689849
 -0.31689849 -0.31689849 -0.31689849 -0.31689849  0.07874522 -0.31689849
 -0.31689849 -0.31689849 -0.31689849 -0.31689849 -0.31689849 -0.31689849
 -0.31689849 -0.31689849 -0.31689849 -0.31689849 -0.31689849 -0.31689849
 -0.31689849 -0.31689849 -0.31689849 -0.31689849 -0.31689849 -0.31689849
 -0.31689849 -0.31689849 -0.31689849 -0.31689849  4.9864971   1.4007463
 -0.31689849 -0.31689849 -0.31689849 -0.31689849 -0.31689849 -0.31689849
 -0.31689849 -0.31689849 -0.31689849 -0.31689849 -0.31689849  5.27012025
  2.14117519  1.47986866  3.57004175 -0.31689849 -0.31689849 -0.31689849
 -0.31689849 -0.31689849 -0.31689849 -0.31689849 -0.31689849 -0.31689849
 -0.31689849 -0.31689849 -0.31689849 -0.31689849 -0.31689849 -0.31689849
  0.86722893 -0.31689849 -0.31689849 -0.31689849 -0.31689849 -0.31689849
 -0.31689849 -0.31689849 -0.31689849 -0.31689849 -0.31689849 -0.31689849
 -0.31689849 -0.31689849 -0.31689849 -0.31689849 -0.31689849 -0.31689849
 -0.31689849  1.08279354 -0.31689849  1.00581245  1.80649699 -0.31689849
 -0.31689849 -0.31689849 -0.31689849 -0.31689849  3.65619981 -0.31689849
  3.53360726  3.22306896  1.9964173  -0.31689849  1.61485166 -0.31689849
 -0.31689849 -0.31689849 -0.31689849 -0.31689849 -0.31689849 -0.31689849
 -0.31689849 -0.31689849 -0.31689849 -0.31689849 -0.31689849 -0.31689849
 -0.31689849 -0.31689849 -0.31689849 -0.31689849 -0.31689849 -0.31689849
 -0.31689849 -0.31689849 -0.31689849 -0.31689849 -0.31689849 -0.31689849
 -0.31689849 -0.31689849 -0.31689849 -0.31689849 -0.31689849 -0.31689849
 -0.31689849  3.81064746 -0.31689849 -0.31689849 -0.31689849 -0.31689849
 -0.31689849 -0.31689849 -0.31689849 -0.31689849  2.34063518 -0.31689849
 -0.31689849 -0.31689849 -0.31689849 -0.31689849 -0.31689849 -0.31689849
 -0.31689849 -0.31689849 -0.31689849 -0.31689849 -0.31689849 -0.31689849
  1.17708847 -0.31689849 -0.31689849 -0.31689849 -0.31689849 -0.31689849
 -0.31689849  0.34820802 -0.31689849 -0.31689849 -0.31689849 -0.31689849
 -0.31689849 -0.31689849 -0.31689849 -0.31689849  4.3082609 ]",[-0.016374342034069955]
13,"[-0.25651364 -0.25651364 -0.25651364 -0.25651364 -0.25651364 -0.25651364
 -0.25651364 -0.25651364 -0.25651364 -0.25651364 -0.25651364 -0.25651364
 -0.25651364 -0.25651364 -0.25651364 -0.25651364 -0.25651364 -0.25651364
 -0.25651364 -0.25651364 -0.25651364 -0.25651364 -0.25651364 -0.25651364
 -0.25651364 -0.25651364 -0.25651364 -0.25651364  0.11717314 -0.25651364
 -0.25651364 -0.25651364 -0.25651364 -0.25651364 -0.25651364 -0.25651364
 -0.25651364 -0.25651364 -0.25651364 -0.25651364  6.16385198 -0.25651364
 -0.25651364 -0.25651364 -0.25651364 -0.25651364 -0.25651364 -0.25651364
 -0.25651364 -0.25651364 -0.25651364 -0.25651364 -0.25651364  0.27390234
 -0.25651364  0.15172625 -0.25651364 -0.25651364 -0.25651364 -0.25651364
 -0.25651364 -0.25651364 -0.25651364 -0.25651364 -0.25651364 -0.25651364
 -0.25651364 -0.25651364 -0.25651364 -0.25651364 -0.25651364 -0.25651364
 -0.25651364 -0.25651364 -0.25651364 -0.25651364 -0.25651364 -0.25651364
 -0.25651364 -0.25651364 -0.25651364 -0.25651364 -0.25651364 -0.25651364
 -0.25651364 -0.25651364 -0.25651364 -0.25651364 -0.25651364  0.80016799
 -0.25651364  2.54314731 -0.25651364  2.58902491  5.08195797 -0.10808646
 -0.25651364 -0.25651364 -0.25651364 -0.25651364  4.02730633 -0.25651364
  2.23083591  0.39142869  3.69236355 -0.25651364  3.57374321  0.8544149
 -0.25651364 -0.25651364 -0.25651364 -0.25651364 -0.25651364 -0.25651364
 -0.25651364 -0.25651364 -0.25651364 -0.25651364 -0.25651364 -0.25651364
 -0.25651364 -0.25651364 -0.25651364 -0.25651364 -0.25651364 -0.25651364
 -0.25651364 -0.25651364 -0.25651364 -0.25651364 -0.25651364 -0.25651364
 -0.25651364 -0.25651364 -0.25651364 -0.25651364 -0.25651364 -0.25651364
 -0.25651364 -0.25651364 -0.25651364 -0.25651364 -0.25651364 -0.25651364
 -0.25651364 -0.25651364 -0.25651364 -0.25651364 -0.25651364 -0.25651364
 -0.25651364 -0.25651364 -0.25651364 -0.25651364 -0.25651364 -0.25651364
 -0.25651364 -0.25651364 -0.25651364 -0.25651364 -0.25651364 -0.25651364
  4.72291119 -0.25651364 -0.25651364 -0.25651364 -0.25651364  4.44934101
 -0.25651364 -0.25651364 -0.25651364 -0.25651364 -0.25651364 -0.25651364
 -0.25651364 -0.25651364 -0.25651364 -0.25651364 -0.25651364]",[-0.02882729483873836]
13,"[-0.23577845 -0.23577845 -0.23577845 -0.23577845 -0.23577845 -0.23577845
 -0.23577845 -0.23577845 -0.23577845 -0.23577845 -0.23577845 -0.23577845
 -0.23577845 -0.23577845 -0.23577845 -0.23577845 -0.23577845 -0.23577845
 -0.23577845 -0.23577845 -0.23577845 -0.23577845 -0.23577845 -0.23577845
 -0.23577845 -0.23577845 -0.23577845 -0.23577845 -0.23577845 -0.23577845
 -0.23577845 -0.23577845 -0.23577845 -0.23577845 -0.23577845 -0.23577845
 -0.23577845 -0.23577845 -0.23577845 -0.23577845  3.22189537 -0.23577845
 -0.23577845 -0.23577845 -0.23577845 -0.23577845 -0.23577845 -0.23577845
 -0.23577845 -0.23577845 -0.23577845 -0.23577845 -0.23577845  7.01018313
 -0.23577845 -0.23577845 -0.23577845 -0.23577845 -0.23577845 -0.23577845
 -0.23577845 -0.23577845 -0.23577845 -0.23577845 -0.23577845 -0.23577845
 -0.23577845 -0.23577845 -0.23577845 -0.23577845 -0.23577845 -0.23577845
  1.02992969 -0.23577845 -0.23577845 -0.23577845 -0.23577845 -0.23577845
 -0.23577845 -0.23577845 -0.23577845 -0.23577845 -0.23577845 -0.23577845
 -0.23577845 -0.23577845 -0.23577845 -0.23577845 -0.23577845 -0.23577845
 -0.23577845 -0.23577845 -0.23577845 -0.23577845  1.29803114 -0.23577845
 -0.23577845 -0.23577845  1.2767381  -0.23577845  3.99559692 -0.23577845
  3.76143359  0.81163546  4.51731904 -0.23577845  3.07939542 -0.23577845
 -0.23577845 -0.23577845 -0.23577845 -0.23577845 -0.23577845 -0.23577845
 -0.23577845 -0.23577845 -0.23577845 -0.23577845 -0.23577845 -0.23577845
 -0.23577845 -0.23577845 -0.23577845 -0.23577845 -0.23577845 -0.23577845
 -0.23577845 -0.23577845 -0.23577845 -0.23577845 -0.23577845 -0.23577845
 -0.23577845 -0.23577845 -0.23577845 -0.23577845 -0.23577845 -0.23577845
 -0.23577845 -0.23577845 -0.23577845 -0.23577845 -0.23577845 -0.23577845
 -0.23577845 -0.23577845 -0.23577845 -0.23577845 -0.23577845 -0.23577845
 -0.23577845 -0.23577845 -0.23577845 -0.23577845 -0.23577845 -0.23577845
 -0.23577845 -0.23577845 -0.23577845 -0.23577845 -0.23577845 -0.23577845
  5.4710782  -0.23577845 -0.23577845 -0.23577845 -0.23577845  3.90176525
 -0.23577845 -0.23577845 -0.23577845 -0.23577845 -0.23577845 -0.23577845
 -0.23577845 -0.23577845 -0.23577845 -0.23577845 -0.23577845]",[-0.07546867442567981]
13,"[-0.32061703 -0.32061703 -0.32061703  1.50121004 -0.32061703 -0.32061703
 -0.32061703 -0.32061703 -0.32061703 -0.32061703 -0.32061703 -0.32061703
 -0.32061703 -0.32061703 -0.32061703 -0.32061703 -0.32061703 -0.32061703
 -0.32061703 -0.32061703 -0.32061703 -0.32061703 -0.32061703 -0.32061703
 -0.32061703 -0.32061703 -0.32061703 -0.32061703 -0.32061703 -0.32061703
 -0.32061703 -0.32061703 -0.32061703 -0.32061703 -0.32061703 -0.32061703
 -0.32061703 -0.32061703 -0.32061703 -0.32061703  0.82559533  0.70689609
 -0.32061703 -0.32061703 -0.32061703 -0.32061703 -0.32061703 -0.32061703
 -0.32061703 -0.32061703 -0.32061703 -0.32061703 -0.02952008  5.46828725
  3.35687253 -0.32061703  3.81530382 -0.32061703 -0.32061703 -0.32061703
 -0.32061703 -0.32061703 -0.32061703 -0.32061703 -0.32061703 -0.32061703
 -0.32061703 -0.32061703 -0.32061703 -0.32061703 -0.32061703 -0.32061703
  0.23854049 -0.32061703 -0.32061703 -0.32061703 -0.32061703 -0.32061703
 -0.32061703 -0.32061703 -0.32061703 -0.32061703 -0.32061703 -0.32061703
 -0.32061703 -0.32061703 -0.32061703  0.67914828 -0.32061703 -0.32061703
 -0.32061703  5.02556213 -0.32061703 -0.20750564  1.85079474 -0.32061703
 -0.32061703 -0.32061703 -0.32061703 -0.32061703  3.08876529 -0.32061703
  2.10917369  2.14466864  3.07088088 -0.32061703  2.75798622 -0.32061703
 -0.32061703 -0.32061703 -0.32061703 -0.32061703 -0.32061703 -0.32061703
 -0.32061703 -0.32061703 -0.32061703 -0.32061703 -0.32061703 -0.32061703
 -0.32061703 -0.32061703 -0.32061703 -0.32061703 -0.32061703 -0.32061703
 -0.32061703 -0.32061703 -0.32061703 -0.32061703 -0.32061703 -0.32061703
 -0.32061703 -0.32061703 -0.32061703 -0.32061703 -0.32061703 -0.32061703
 -0.32061703  3.49403214 -0.32061703 -0.32061703 -0.32061703 -0.32061703
 -0.32061703 -0.32061703 -0.32061703 -0.32061703  2.41681845 -0.32061703
 -0.32061703 -0.32061703 -0.32061703 -0.32061703 -0.32061703 -0.32061703
 -0.32061703 -0.32061703 -0.32061703 -0.32061703 -0.32061703 -0.32061703
  3.97394656 -0.32061703 -0.32061703 -0.32061703 -0.32061703  1.13936024
 -0.32061703  0.82559533 -0.32061703 -0.32061703 -0.32061703 -0.32061703
 -0.32061703 -0.32061703 -0.32061703 -0.32061703  1.76384389]",[-0.019634369870414503]
13,"[-0.32305206 -0.32305206 -0.32305206 -0.15604677 -0.32305206 -0.32305206
 -0.32305206 -0.32305206 -0.32305206 -0.32305206 -0.32305206 -0.32305206
 -0.32305206 -0.32305206 -0.32305206 -0.32305206  0.63977487 -0.32305206
 -0.32305206 -0.32305206 -0.32305206 -0.32305206 -0.32305206 -0.32305206
 -0.32305206 -0.32305206 -0.32305206 -0.32305206  0.47468562 -0.32305206
 -0.32305206 -0.32305206 -0.32305206 -0.32305206 -0.32305206 -0.32305206
 -0.32305206 -0.32305206 -0.32305206 -0.32305206  4.90946663 -0.32305206
 -0.32305206 -0.32305206 -0.32305206 -0.32305206 -0.32305206 -0.32305206
 -0.32305206 -0.32305206 -0.32305206 -0.32305206 -0.32305206  0.93528919
 -0.32305206 -0.32305206 -0.32305206 -0.32305206 -0.32305206 -0.32305206
 -0.32305206 -0.32305206 -0.32305206 -0.32305206 -0.32305206 -0.32305206
 -0.32305206 -0.32305206 -0.32305206 -0.32305206 -0.32305206 -0.32305206
 -0.32305206 -0.32305206 -0.32305206 -0.32305206 -0.32305206  1.53988863
 -0.32305206 -0.32305206 -0.32305206 -0.32305206 -0.32305206 -0.32305206
 -0.32305206 -0.32305206 -0.32305206  1.93769019  2.16831823 -0.32305206
 -0.32305206  3.96649468 -0.32305206  2.62220401  3.27348766 -0.32305206
 -0.32305206 -0.32305206 -0.32305206 -0.32305206  2.88679185 -0.32305206
  3.0700373   0.69318262  3.78914792 -0.32305206  2.9286901   1.65129436
  0.37765343 -0.32305206 -0.32305206 -0.32305206 -0.32305206 -0.32305206
 -0.32305206 -0.32305206 -0.32305206 -0.32305206 -0.32305206 -0.32305206
 -0.32305206 -0.32305206 -0.32305206 -0.32305206 -0.32305206 -0.32305206
 -0.32305206 -0.32305206 -0.32305206 -0.32305206 -0.32305206 -0.32305206
 -0.32305206 -0.32305206 -0.32305206 -0.32305206 -0.32305206 -0.32305206
 -0.32305206 -0.32305206 -0.32305206 -0.32305206  2.76695054 -0.32305206
 -0.32305206 -0.32305206 -0.32305206 -0.32305206 -0.32305206 -0.32305206
 -0.32305206  1.41371072 -0.32305206 -0.32305206 -0.32305206 -0.32305206
 -0.32305206 -0.32305206 -0.32305206 -0.32305206 -0.32305206 -0.32305206
  4.67944071 -0.32305206 -0.32305206 -0.32305206 -0.32305206  4.15102037
 -0.32305206 -0.32305206 -0.32305206 -0.32305206 -0.32305206 -0.32305206
 -0.32305206 -0.32305206 -0.32305206 -0.32305206 -0.32305206]",[0.065892330775365]
13,"[-0.28942363 -0.28942363 -0.28942363 -0.22186502 -0.28942363 -0.28942363
 -0.28942363 -0.28942363 -0.28942363 -0.28942363 -0.28942363 -0.28942363
 -0.28942363 -0.28942363 -0.28942363 -0.28942363 -0.28942363 -0.28942363
 -0.28942363 -0.28942363 -0.28942363 -0.28942363 -0.28942363 -0.28942363
 -0.28942363 -0.28942363 -0.28942363 -0.28942363  0.04456901 -0.28942363
 -0.28942363 -0.28942363 -0.28942363 -0.28942363 -0.28942363 -0.28942363
 -0.28942363 -0.28942363 -0.28942363 -0.28942363  4.58063689  0.92213286
 -0.28942363 -0.28942363 -0.28942363 -0.28942363 -0.28942363 -0.28942363
 -0.28942363 -0.28942363 -0.28942363 -0.28942363 -0.28942363 -0.28942363
 -0.28942363 -0.28942363 -0.28942363 -0.28942363 -0.28942363 -0.28942363
 -0.28942363 -0.28942363 -0.28942363 -0.28942363 -0.28942363 -0.28942363
 -0.28942363 -0.28942363 -0.28942363 -0.28942363 -0.28942363 -0.28942363
 -0.28942363 -0.28942363 -0.28942363 -0.28942363 -0.28942363 -0.28942363
 -0.28942363 -0.28942363 -0.28942363 -0.28942363 -0.28942363 -0.28942363
 -0.28942363 -0.28942363 -0.28942363 -0.28942363 -0.28942363  0.60179047
 -0.28942363  3.13245065 -0.28942363  2.72728926  4.11890489 -0.28942363
 -0.28942363 -0.28942363 -0.28942363 -0.28942363  3.84682491 -0.28942363
  3.99225199  4.1457498   4.16393412 -0.28942363  2.32939573 -0.28942363
  0.84539527 -0.28942363 -0.28942363 -0.28942363 -0.28942363 -0.28942363
 -0.28942363 -0.28942363 -0.28942363 -0.28942363 -0.28942363 -0.28942363
 -0.28942363 -0.28942363 -0.28942363 -0.28942363 -0.28942363 -0.28942363
 -0.28942363 -0.28942363 -0.28942363 -0.28942363 -0.28942363 -0.28942363
 -0.28942363 -0.28942363 -0.28942363 -0.28942363 -0.28942363 -0.28942363
 -0.28942363 -0.28942363 -0.28942363 -0.28942363 -0.28942363 -0.28942363
 -0.28942363 -0.28942363 -0.28942363 -0.28942363 -0.28942363 -0.28942363
 -0.28942363  0.97091142 -0.28942363 -0.28942363 -0.28942363 -0.28942363
 -0.28942363 -0.28942363 -0.28942363 -0.28942363 -0.28942363 -0.28942363
  3.16275716 -0.28942363 -0.28942363 -0.28942363 -0.28942363  3.0984384
 -0.28942363 -0.28942363 -0.28942363 -0.28942363 -0.28942363 -0.28942363
 -0.28942363 -0.28942363 -0.28942363 -0.28942363  4.13563596]",[0.04191038782287279]
13,"[-0.29892263 -0.29892263 -0.29892263 -0.29892263 -0.29892263 -0.29892263
 -0.29892263 -0.29892263 -0.29892263 -0.29892263 -0.29892263 -0.29892263
 -0.29892263 -0.29892263 -0.29892263 -0.29892263 -0.29892263 -0.29892263
 -0.29892263 -0.29892263 -0.29892263 -0.29892263 -0.29892263 -0.29892263
 -0.29892263 -0.29892263 -0.29892263 -0.29892263 -0.29892263 -0.29892263
 -0.29892263 -0.29892263 -0.29892263 -0.29892263 -0.29892263 -0.29892263
 -0.29892263 -0.29892263 -0.29892263 -0.29892263  4.32835368  0.03006406
 -0.29892263 -0.29892263 -0.29892263 -0.29892263 -0.29892263 -0.29892263
 -0.29892263 -0.29892263 -0.29892263 -0.29892263 -0.29892263  5.79672495
  2.73736211 -0.29892263 -0.29892263 -0.29892263 -0.29892263 -0.29892263
 -0.29892263 -0.29892263 -0.29892263 -0.29892263 -0.29892263 -0.29892263
 -0.29892263 -0.29892263 -0.29892263 -0.29892263 -0.29892263 -0.29892263
 -0.29892263 -0.29892263 -0.29892263 -0.29892263 -0.29892263  1.87069895
 -0.29892263 -0.29892263 -0.29892263 -0.29892263 -0.29892263 -0.29892263
 -0.29892263 -0.29892263 -0.29892263 -0.29892263 -0.29892263 -0.29892263
 -0.29892263  2.23901403 -0.29892263  0.81171577  0.36570214 -0.29892263
 -0.29892263 -0.29892263 -0.29892263 -0.29892263  2.67953565 -0.29892263
  1.88248992  2.41977136  3.33757137 -0.29892263  2.59271315  1.21681436
 -0.29892263 -0.29892263 -0.29892263 -0.29892263 -0.29892263 -0.29892263
 -0.29892263 -0.29892263 -0.29892263 -0.29892263 -0.29892263 -0.29892263
 -0.29892263 -0.29892263 -0.29892263 -0.29892263 -0.29892263 -0.29892263
 -0.29892263 -0.29892263 -0.29892263 -0.29892263 -0.29892263 -0.29892263
 -0.29892263 -0.29892263 -0.29892263 -0.29892263 -0.29892263 -0.29892263
 -0.29892263  2.31030596 -0.29892263 -0.29892263 -0.29892263 -0.29892263
 -0.29892263 -0.29892263 -0.29892263 -0.29892263 -0.29892263 -0.29892263
 -0.29892263  0.66386502 -0.29892263 -0.29892263 -0.29892263 -0.29892263
 -0.29892263 -0.29892263 -0.29892263 -0.29892263 -0.29892263 -0.29892263
  5.06756507 -0.29892263 -0.29892263 -0.29892263 -0.29892263  4.07941176
 -0.29892263 -0.29892263 -0.29892263 -0.29892263 -0.29892263 -0.29892263
 -0.29892263 -0.29892263 -0.29892263 -0.29892263  3.3979408 ]",[-0.003080141135714809]
13,"[-2.84352040e-01 -2.84352040e-01 -2.84352040e-01 -3.04243598e-03
 -2.84352040e-01 -2.84352040e-01 -2.84352040e-01 -2.84352040e-01
 -2.84352040e-01 -2.84352040e-01 -2.84352040e-01 -2.84352040e-01
 -2.84352040e-01 -2.84352040e-01 -2.84352040e-01 -2.84352040e-01
 -2.84352040e-01 -2.84352040e-01 -2.84352040e-01 -2.84352040e-01
 -2.84352040e-01 -2.84352040e-01 -2.84352040e-01 -2.84352040e-01
 -2.84352040e-01 -2.84352040e-01 -2.84352040e-01 -2.84352040e-01
 -2.84352040e-01 -2.84352040e-01 -2.84352040e-01 -2.84352040e-01
 -2.84352040e-01 -2.84352040e-01 -2.84352040e-01 -2.84352040e-01
 -2.84352040e-01 -2.84352040e-01 -2.84352040e-01 -2.84352040e-01
  4.93996338e+00 -2.84352040e-01 -2.84352040e-01 -2.84352040e-01
 -2.84352040e-01 -2.84352040e-01 -2.84352040e-01 -2.84352040e-01
 -2.84352040e-01 -2.84352040e-01 -2.84352040e-01 -2.84352040e-01
  1.64755209e+00  6.04018757e+00  2.31915881e+00  3.04172953e+00
  4.21491544e-01 -2.84352040e-01 -2.84352040e-01 -2.84352040e-01
 -2.84352040e-01 -2.84352040e-01 -2.84352040e-01 -2.84352040e-01
 -2.84352040e-01 -2.84352040e-01 -2.84352040e-01 -2.84352040e-01
 -2.84352040e-01 -2.84352040e-01 -2.84352040e-01 -2.84352040e-01
 -2.84352040e-01 -2.84352040e-01 -2.84352040e-01 -2.84352040e-01
 -2.84352040e-01 -2.84352040e-01 -2.84352040e-01 -2.84352040e-01
 -2.84352040e-01 -2.84352040e-01 -2.84352040e-01 -2.84352040e-01
 -2.84352040e-01 -2.84352040e-01 -2.84352040e-01 -2.84352040e-01
 -2.84352040e-01  3.52016963e-01 -2.84352040e-01  1.29119820e+00
 -2.84352040e-01  1.37676064e-01  7.23524417e-01 -2.84352040e-01
 -2.84352040e-01 -2.84352040e-01 -2.84352040e-01 -2.84352040e-01
  2.66822010e+00 -2.84352040e-01  1.84120492e+00  2.82643908e-01
  2.16018725e+00 -2.84352040e-01  3.85471908e+00  2.47988191e+00
 -2.84352040e-01 -2.84352040e-01 -2.84352040e-01 -2.84352040e-01
 -2.84352040e-01 -2.84352040e-01 -2.84352040e-01 -2.84352040e-01
 -2.84352040e-01 -2.84352040e-01 -2.84352040e-01 -2.84352040e-01
 -2.84352040e-01 -2.84352040e-01 -2.84352040e-01 -2.84352040e-01
 -2.84352040e-01 -2.84352040e-01 -2.84352040e-01 -2.84352040e-01
 -2.84352040e-01 -2.84352040e-01 -2.84352040e-01 -2.84352040e-01
 -2.84352040e-01 -2.84352040e-01 -2.84352040e-01 -2.84352040e-01
 -2.84352040e-01 -2.84352040e-01 -2.84352040e-01 -2.84352040e-01
 -2.84352040e-01 -2.84352040e-01 -2.84352040e-01 -2.84352040e-01
 -2.84352040e-01 -2.84352040e-01 -2.84352040e-01 -2.84352040e-01
 -2.84352040e-01 -2.84352040e-01 -2.84352040e-01 -2.84352040e-01
 -2.84352040e-01 -2.84352040e-01 -2.84352040e-01 -2.84352040e-01
 -2.84352040e-01 -2.84352040e-01 -2.84352040e-01 -2.84352040e-01
 -2.84352040e-01 -2.84352040e-01  3.17461811e+00 -2.84352040e-01
 -2.84352040e-01 -2.84352040e-01 -2.84352040e-01  1.87836776e+00
 -2.84352040e-01 -2.84352040e-01 -2.84352040e-01 -2.84352040e-01
 -2.84352040e-01 -2.84352040e-01 -2.84352040e-01 -2.84352040e-01
 -2.84352040e-01 -2.84352040e-01  5.96067527e+00]",[0.022256434353258137]
13,"[-0.26917623 -0.26917623 -0.26917623 -0.26917623 -0.26917623 -0.26917623
 -0.26917623 -0.26917623 -0.26917623 -0.26917623 -0.26917623 -0.26917623
 -0.26917623 -0.26917623 -0.26917623 -0.26917623  0.10677767 -0.26917623
 -0.26917623 -0.26917623 -0.26917623 -0.26917623 -0.26917623 -0.26917623
 -0.26917623 -0.26917623 -0.26917623 -0.26917623 -0.26917623 -0.26917623
 -0.26917623 -0.26917623 -0.26917623 -0.26917623 -0.26917623 -0.26917623
 -0.26917623 -0.26917623 -0.26917623 -0.26917623  1.87204854 -0.26917623
 -0.26917623 -0.26917623 -0.26917623 -0.26917623 -0.26917623 -0.26917623
 -0.26917623 -0.26917623 -0.26917623 -0.26917623 -0.26917623  5.42532688
  2.43622446  2.73565082 -0.26917623 -0.26917623 -0.26917623 -0.26917623
 -0.26917623 -0.26917623 -0.26917623 -0.26917623 -0.26917623 -0.26917623
 -0.26917623 -0.26917623 -0.26917623 -0.26917623 -0.26917623 -0.26917623
 -0.26917623 -0.26917623 -0.26917623 -0.26917623 -0.26917623 -0.26917623
 -0.26917623 -0.26917623 -0.26917623 -0.26917623 -0.26917623 -0.26917623
 -0.26917623 -0.26917623 -0.26917623 -0.26917623  0.95841589 -0.26917623
 -0.26917623 -0.26917623 -0.26917623 -0.26917623 -0.26917623 -0.26917623
 -0.26917623 -0.26917623 -0.26917623 -0.26917623  1.97266408 -0.26917623
  1.92315977 -0.14160583  4.35544924 -0.26917623  2.99161887 -0.26917623
 -0.26917623 -0.26917623 -0.26917623 -0.26917623 -0.26917623 -0.26917623
 -0.26917623 -0.26917623 -0.26917623 -0.26917623 -0.26917623 -0.26917623
 -0.26917623 -0.26917623 -0.26917623 -0.26917623 -0.26917623 -0.26917623
 -0.26917623 -0.26917623 -0.26917623 -0.26917623 -0.26917623 -0.26917623
 -0.26917623  2.67073131 -0.26917623 -0.26917623 -0.26917623 -0.26917623
 -0.26917623  4.50654853 -0.26917623 -0.26917623 -0.26917623 -0.26917623
 -0.26917623 -0.26917623 -0.26917623 -0.26917623  2.61161232 -0.26917623
 -0.26917623 -0.26917623 -0.26917623 -0.26917623 -0.26917623 -0.26917623
 -0.26917623 -0.26917623 -0.26917623 -0.26917623 -0.26917623 -0.26917623
  3.0750495  -0.26917623 -0.26917623 -0.26917623 -0.26917623 -0.26917623
 -0.26917623 -0.26917623 -0.26917623 -0.26917623 -0.26917623 -0.26917623
 -0.26917623 -0.26917623 -0.26917623 -0.26917623  6.37605424]",[-0.019552799353838968]
13,"[-0.30677188 -0.30677188 -0.30677188 -0.07788416 -0.30677188 -0.30677188
 -0.30677188 -0.30677188 -0.30677188 -0.30677188 -0.30677188 -0.30677188
 -0.30677188 -0.30677188 -0.30677188 -0.30677188 -0.30677188 -0.30677188
 -0.30677188 -0.30677188 -0.30677188 -0.30677188 -0.30677188 -0.30677188
 -0.30677188 -0.30677188 -0.30677188 -0.30677188 -0.30677188 -0.30677188
 -0.30677188 -0.30677188 -0.30677188 -0.30677188 -0.30677188 -0.30677188
 -0.30677188 -0.30677188 -0.30677188 -0.30677188  4.84554282  1.35886052
 -0.30677188 -0.30677188 -0.30677188 -0.30677188 -0.30677188 -0.30677188
 -0.30677188 -0.30677188 -0.30677188 -0.30677188 -0.30677188  6.09900628
  2.87541492 -0.30677188  2.36019035 -0.30677188 -0.30677188 -0.30677188
 -0.30677188 -0.30677188 -0.30677188 -0.30677188 -0.30677188 -0.30677188
 -0.30677188 -0.30677188 -0.30677188 -0.30677188 -0.30677188 -0.30677188
 -0.30677188 -0.30677188 -0.30677188 -0.30677188 -0.30677188 -0.30677188
 -0.30677188 -0.30677188 -0.30677188 -0.30677188 -0.30677188 -0.30677188
 -0.30677188 -0.30677188 -0.30677188 -0.30677188 -0.30677188 -0.30677188
 -0.30677188  1.08964277 -0.30677188  0.28463945  1.49866712 -0.30677188
 -0.30677188 -0.30677188  0.59107372 -0.30677188  3.08711636 -0.30677188
  2.04960989  2.93339079  2.37590666  3.03498331  1.15809271 -0.30677188
 -0.30677188 -0.30677188 -0.30677188 -0.30677188 -0.30677188 -0.30677188
 -0.30677188 -0.30677188 -0.30677188 -0.30677188 -0.30677188 -0.30677188
 -0.30677188 -0.30677188 -0.30677188 -0.30677188 -0.30677188 -0.30677188
 -0.30677188 -0.30677188 -0.30677188 -0.30677188 -0.30677188 -0.30677188
 -0.30677188 -0.30677188 -0.30677188 -0.30677188 -0.30677188 -0.30677188
 -0.30677188  5.35482339 -0.30677188 -0.30677188 -0.30677188 -0.30677188
 -0.30677188 -0.30677188 -0.30677188 -0.30677188  2.93018067 -0.30677188
 -0.30677188 -0.30677188 -0.30677188 -0.30677188 -0.30677188 -0.30677188
 -0.30677188 -0.30677188 -0.30677188 -0.30677188 -0.30677188 -0.30677188
  2.34835701 -0.30677188 -0.30677188 -0.30677188 -0.30677188  1.06916609
 -0.30677188 -0.30677188 -0.30677188 -0.30677188 -0.30677188 -0.30677188
 -0.30677188 -0.30677188 -0.30677188 -0.30677188  1.20317666]",[-0.0096656791422437]
13,"[-0.28212247 -0.28212247 -0.28212247 -0.28212247 -0.28212247 -0.28212247
 -0.28212247 -0.28212247 -0.28212247 -0.28212247 -0.28212247 -0.28212247
 -0.28212247 -0.28212247 -0.28212247 -0.28212247 -0.28212247 -0.28212247
 -0.28212247 -0.28212247 -0.28212247 -0.28212247 -0.28212247 -0.28212247
 -0.28212247 -0.28212247 -0.28212247 -0.28212247 -0.28212247 -0.28212247
 -0.28212247 -0.28212247 -0.28212247 -0.28212247 -0.28212247 -0.28212247
 -0.28212247 -0.28212247 -0.28212247 -0.28212247  4.16087596  0.33678952
 -0.28212247 -0.28212247 -0.28212247 -0.28212247 -0.28212247 -0.28212247
 -0.28212247 -0.28212247 -0.00577298 -0.28212247 -0.28212247  5.33681557
  0.03885699 -0.28212247 -0.28212247 -0.28212247 -0.28212247 -0.28212247
 -0.28212247 -0.28212247 -0.28212247 -0.28212247 -0.28212247 -0.28212247
 -0.28212247 -0.28212247 -0.28212247 -0.28212247 -0.28212247 -0.28212247
  0.26787174 -0.28212247 -0.28212247 -0.28212247 -0.28212247 -0.28212247
 -0.28212247 -0.28212247 -0.28212247 -0.28212247 -0.28212247 -0.28212247
 -0.28212247 -0.28212247 -0.28212247 -0.28212247 -0.28212247 -0.28212247
 -0.28212247  0.7723059  -0.28212247 -0.28212247  2.38405189 -0.28212247
 -0.28212247 -0.28212247 -0.28212247 -0.28212247  2.72144171 -0.28212247
  3.4339755   0.93786899  3.02725512  4.9102723   3.0441449  -0.28212247
 -0.28212247 -0.28212247 -0.28212247 -0.28212247 -0.28212247 -0.28212247
 -0.28212247 -0.28212247 -0.28212247 -0.28212247 -0.28212247 -0.28212247
 -0.28212247 -0.28212247 -0.28212247 -0.28212247 -0.28212247 -0.28212247
 -0.28212247 -0.28212247 -0.28212247 -0.28212247 -0.28212247 -0.28212247
 -0.28212247 -0.28212247 -0.28212247 -0.28212247 -0.28212247 -0.28212247
 -0.28212247  3.68790107 -0.28212247 -0.28212247 -0.28212247 -0.28212247
 -0.28212247 -0.28212247 -0.28212247 -0.28212247 -0.28212247 -0.28212247
 -0.28212247 -0.28212247 -0.28212247 -0.28212247 -0.28212247 -0.28212247
 -0.28212247 -0.28212247 -0.28212247 -0.28212247 -0.28212247 -0.28212247
  3.13896061 -0.28212247 -0.28212247 -0.28212247 -0.28212247  2.68458563
 -0.28212247 -0.28212247 -0.28212247 -0.28212247 -0.28212247 -0.28212247
 -0.28212247 -0.28212247 -0.28212247 -0.28212247  4.54351771]",[-0.0052841712742390246]
13,"[-0.28755261 -0.28755261 -0.28755261 -0.16708696 -0.28755261 -0.28755261
 -0.28755261 -0.28755261 -0.28755261 -0.28755261 -0.28755261 -0.28755261
 -0.28755261 -0.28755261 -0.28755261 -0.28755261 -0.28755261 -0.28755261
 -0.28755261 -0.28755261 -0.28755261 -0.28755261 -0.28755261 -0.28755261
 -0.28755261 -0.28755261 -0.28755261 -0.28755261 -0.28755261 -0.28755261
 -0.28755261 -0.28755261 -0.28755261 -0.28755261 -0.28755261 -0.28755261
 -0.28755261 -0.28755261 -0.28755261 -0.28755261  4.39658021 -0.28755261
 -0.28755261 -0.28755261 -0.28755261 -0.28755261 -0.28755261 -0.28755261
 -0.28755261 -0.28755261 -0.28755261 -0.28755261 -0.28755261  5.47867891
 -0.28755261 -0.06784529 -0.28755261 -0.28755261 -0.28755261 -0.28755261
 -0.28755261 -0.28755261 -0.28755261 -0.28755261 -0.28755261 -0.28755261
 -0.28755261 -0.28755261 -0.28755261 -0.28755261 -0.28755261 -0.28755261
 -0.18825101 -0.28755261 -0.28755261 -0.28755261 -0.28755261 -0.28755261
 -0.28755261 -0.28755261 -0.28755261 -0.28755261 -0.28755261 -0.28755261
 -0.28755261 -0.28755261 -0.28755261 -0.28755261 -0.28755261 -0.28755261
  0.85393548  2.90819455 -0.28755261  0.6463028   1.67635009 -0.28755261
 -0.28755261 -0.28755261 -0.28755261 -0.28755261  3.18504041 -0.28755261
  2.4047578   2.27543204  3.11755569  3.26873288  2.94151424 -0.28755261
 -0.28755261 -0.28755261 -0.28755261 -0.28755261 -0.28755261 -0.28755261
 -0.28755261 -0.28755261 -0.28755261 -0.28755261 -0.28755261 -0.28755261
 -0.28755261 -0.28755261 -0.28755261 -0.28755261 -0.28755261 -0.28755261
 -0.28755261 -0.28755261 -0.28755261 -0.28755261 -0.28755261 -0.28755261
 -0.28755261 -0.28755261 -0.28755261 -0.28755261 -0.28755261 -0.28755261
 -0.28755261 -0.28755261 -0.28755261 -0.28755261 -0.28755261 -0.28755261
 -0.28755261 -0.28755261 -0.28755261 -0.28755261  1.67009288 -0.28755261
 -0.28755261 -0.28755261 -0.28755261 -0.28755261 -0.28755261 -0.28755261
 -0.28755261 -0.28755261 -0.28755261 -0.28755261 -0.28755261 -0.28755261
  2.19998122 -0.28755261 -0.28755261 -0.28755261 -0.28755261  3.73163242
 -0.28755261 -0.28755261 -0.28755261 -0.28755261 -0.28755261 -0.28755261
 -0.28755261 -0.28755261 -0.28755261 -0.28755261  5.67682   ]",[-0.029156152141955438]
13,"[-0.28954189 -0.28954189 -0.28954189 -0.28954189 -0.28954189 -0.28954189
 -0.28954189 -0.28954189 -0.28954189 -0.28954189 -0.28954189 -0.28954189
 -0.28954189 -0.28954189 -0.28954189 -0.28954189 -0.28954189 -0.28954189
 -0.28954189 -0.28954189 -0.28954189 -0.28954189 -0.28954189 -0.28954189
 -0.28954189 -0.28954189 -0.28954189 -0.28954189 -0.28954189 -0.28954189
 -0.28954189 -0.28954189 -0.28954189 -0.28954189 -0.28954189 -0.28954189
 -0.28954189 -0.28954189  2.6046563  -0.28954189  4.15000518  0.34734215
 -0.28954189 -0.28954189 -0.28954189 -0.28954189 -0.28954189 -0.28954189
 -0.28954189 -0.28954189 -0.28954189 -0.28954189 -0.28954189  0.4354442
 -0.28954189 -0.28954189 -0.28954189 -0.28954189 -0.28954189 -0.28954189
 -0.28954189 -0.28954189 -0.28954189 -0.28954189 -0.28954189 -0.28954189
 -0.28954189 -0.28954189 -0.28954189 -0.28954189 -0.28954189 -0.28954189
 -0.28954189 -0.28954189 -0.28954189 -0.28954189 -0.28954189 -0.28954189
 -0.28954189 -0.28954189 -0.28954189 -0.28954189 -0.28954189 -0.28954189
 -0.28954189 -0.28954189  1.40057297 -0.28954189 -0.28954189  0.08849936
 -0.28954189  1.96124506 -0.28954189  3.31079296  4.30004671 -0.1565406
 -0.28954189 -0.28954189 -0.28954189 -0.28954189  3.86656099 -0.28954189
  4.04579625  0.32628042  4.46738741 -0.28954189  3.5343534  -0.28954189
 -0.28954189 -0.28954189 -0.28954189 -0.28954189 -0.28954189 -0.28954189
 -0.28954189 -0.28954189 -0.28954189 -0.28954189 -0.28954189 -0.28954189
 -0.28954189 -0.28954189 -0.28954189 -0.28954189 -0.28954189 -0.28954189
 -0.28954189 -0.28954189 -0.28954189 -0.28954189 -0.28954189 -0.28954189
 -0.28954189 -0.28954189 -0.28954189 -0.28954189 -0.28954189 -0.28954189
 -0.28954189 -0.28954189 -0.28954189 -0.28954189 -0.28954189 -0.28954189
 -0.28954189 -0.28954189 -0.28954189 -0.28954189 -0.28954189 -0.28954189
 -0.28954189 -0.28954189 -0.28954189 -0.28954189 -0.28954189 -0.28954189
 -0.28954189 -0.28954189 -0.28954189 -0.28954189 -0.28954189 -0.28954189
  5.33309522 -0.28954189 -0.28954189 -0.28954189 -0.28954189  2.13906617
  1.64893565 -0.28954189  2.52316196 -0.28954189 -0.28954189 -0.28954189
 -0.28954189 -0.28954189 -0.28954189 -0.28954189 -0.28954189]",[0.003437573372076841]
13,"[-0.30084069 -0.30084069 -0.30084069 -0.30084069 -0.30084069 -0.30084069
 -0.30084069 -0.30084069 -0.30084069 -0.30084069 -0.30084069 -0.30084069
 -0.30084069 -0.30084069 -0.30084069 -0.30084069 -0.30084069 -0.30084069
 -0.30084069 -0.30084069 -0.30084069 -0.30084069 -0.30084069 -0.30084069
 -0.30084069 -0.30084069 -0.30084069 -0.30084069 -0.30084069 -0.30084069
 -0.30084069 -0.30084069 -0.30084069 -0.30084069 -0.30084069 -0.30084069
 -0.30084069 -0.30084069 -0.30084069 -0.30084069  0.84668863  0.1157053
 -0.30084069 -0.30084069 -0.30084069 -0.30084069 -0.30084069 -0.30084069
 -0.30084069 -0.30084069 -0.30084069 -0.30084069 -0.30084069  5.99535721
  0.82029452  1.25687593  2.85332837 -0.30084069 -0.30084069 -0.30084069
 -0.30084069 -0.30084069 -0.30084069 -0.30084069 -0.30084069 -0.30084069
 -0.30084069 -0.30084069 -0.30084069 -0.30084069 -0.30084069 -0.30084069
  2.09219831 -0.30084069 -0.30084069 -0.30084069 -0.30084069 -0.30084069
 -0.30084069 -0.30084069 -0.30084069 -0.30084069 -0.30084069 -0.30084069
 -0.30084069 -0.30084069 -0.30084069 -0.30084069  0.84668863 -0.30084069
 -0.30084069  0.293425   -0.30084069 -0.30084069 -0.30084069 -0.30084069
 -0.30084069 -0.30084069 -0.30084069 -0.30084069  2.4835018  -0.30084069
  0.9504526   1.94873464  3.0911842   4.05233797  3.52913392 -0.30084069
 -0.30084069 -0.30084069 -0.30084069 -0.30084069 -0.30084069 -0.30084069
 -0.30084069 -0.30084069 -0.30084069 -0.30084069 -0.30084069 -0.30084069
 -0.30084069 -0.30084069 -0.30084069 -0.30084069 -0.30084069 -0.30084069
 -0.30084069 -0.30084069 -0.30084069 -0.30084069 -0.30084069 -0.30084069
 -0.30084069 -0.30084069 -0.30084069 -0.30084069 -0.30084069 -0.30084069
 -0.30084069  4.26857883 -0.30084069 -0.30084069 -0.30084069 -0.30084069
 -0.30084069 -0.30084069 -0.30084069 -0.30084069  2.52183615 -0.30084069
 -0.30084069 -0.30084069 -0.30084069 -0.30084069 -0.30084069 -0.30084069
 -0.30084069 -0.30084069 -0.30084069 -0.30084069 -0.30084069 -0.30084069
  3.76813559 -0.30084069 -0.30084069 -0.30084069 -0.30084069  1.36423986
 -0.30084069 -0.30084069 -0.30084069 -0.30084069 -0.30084069 -0.30084069
 -0.30084069 -0.30084069 -0.30084069 -0.30084069  4.7349716 ]",[-0.04323888926856845]
13,"[-0.31869329 -0.31869329 -0.31869329 -0.23419395 -0.31869329 -0.31869329
 -0.31869329 -0.31869329 -0.31869329 -0.31869329 -0.31869329 -0.31869329
 -0.31869329 -0.31869329 -0.31869329 -0.31869329 -0.31869329 -0.31869329
 -0.31869329 -0.31869329 -0.31869329 -0.31869329 -0.31869329 -0.31869329
 -0.31869329 -0.31869329 -0.31869329 -0.31869329 -0.31869329 -0.31869329
 -0.31869329 -0.31869329 -0.31869329 -0.31869329 -0.31869329 -0.31869329
 -0.31869329 -0.31869329 -0.31869329 -0.31869329  3.15638977  0.72555768
 -0.31869329 -0.31869329 -0.31869329 -0.31869329 -0.31869329 -0.31869329
 -0.31869329 -0.31869329 -0.31869329 -0.31869329 -0.31869329  5.61453349
  2.71305549 -0.31869329  3.71690138 -0.31869329 -0.31869329 -0.31869329
 -0.31869329 -0.31869329 -0.31869329 -0.31869329 -0.31869329 -0.31869329
 -0.31869329 -0.31869329 -0.31869329 -0.31869329 -0.31869329 -0.31869329
  0.15579784 -0.31869329 -0.31869329 -0.31869329 -0.31869329 -0.31869329
 -0.31869329 -0.31869329 -0.31869329 -0.31869329 -0.31869329 -0.31869329
 -0.31869329 -0.31869329 -0.31869329  0.87495271 -0.31869329 -0.31869329
 -0.31869329  1.39852839 -0.31869329  0.12619012  2.49512302 -0.31869329
 -0.31869329 -0.31869329 -0.31869329 -0.31869329  3.02841009 -0.31869329
  2.91163628  1.65560079  2.10156318 -0.31869329  2.67012941 -0.31869329
 -0.31869329 -0.31869329 -0.31869329 -0.31869329  1.6315985  -0.31869329
 -0.31869329 -0.31869329 -0.31869329 -0.31869329 -0.31869329 -0.31869329
 -0.31869329 -0.31869329 -0.31869329 -0.31869329 -0.31869329 -0.31869329
 -0.31869329 -0.31869329 -0.31869329 -0.31869329 -0.31869329 -0.31869329
 -0.31869329 -0.31869329 -0.31869329 -0.31869329 -0.31869329 -0.31869329
 -0.31869329  4.54270824 -0.31869329 -0.31869329 -0.31869329 -0.31869329
 -0.31869329 -0.31869329 -0.31869329 -0.31869329  2.89895998 -0.31869329
 -0.31869329 -0.31869329 -0.31869329 -0.31869329 -0.31869329 -0.31869329
 -0.31869329 -0.31869329 -0.31869329 -0.31869329 -0.31869329 -0.31869329
  0.83612285 -0.31869329 -0.31869329 -0.31869329 -0.31869329  2.53827467
 -0.31869329 -0.31869329 -0.31869329 -0.31869329 -0.31869329 -0.31869329
 -0.31869329 -0.31869329 -0.31869329 -0.31869329  4.47700723]",[0.008177429027886762]
13,"[-0.3190192  -0.3190192  -0.3190192  -0.04863109 -0.3190192  -0.3190192
 -0.3190192  -0.3190192  -0.3190192  -0.3190192  -0.3190192  -0.3190192
 -0.3190192  -0.3190192  -0.3190192  -0.3190192  -0.3190192  -0.3190192
 -0.3190192  -0.3190192  -0.3190192  -0.3190192  -0.3190192  -0.3190192
 -0.3190192  -0.3190192  -0.3190192  -0.3190192  -0.3190192  -0.3190192
 -0.3190192  -0.3190192  -0.3190192  -0.3190192  -0.3190192  -0.3190192
 -0.3190192  -0.3190192  -0.3190192  -0.3190192   3.58571271  0.94112852
 -0.3190192  -0.3190192  -0.3190192  -0.3190192  -0.3190192  -0.3190192
 -0.3190192  -0.3190192  -0.3190192  -0.3190192  -0.3190192   5.17745936
  2.92731474 -0.3190192   4.0938975  -0.3190192  -0.3190192  -0.3190192
 -0.3190192  -0.3190192  -0.3190192  -0.3190192  -0.3190192  -0.3190192
 -0.3190192  -0.3190192  -0.3190192  -0.3190192  -0.3190192  -0.3190192
  0.2069013  -0.3190192  -0.3190192  -0.3190192  -0.3190192  -0.3190192
 -0.3190192  -0.3190192  -0.3190192  -0.3190192  -0.3190192  -0.3190192
 -0.3190192  -0.3190192  -0.3190192  -0.3190192  -0.3190192  -0.3190192
 -0.3190192   2.35670713 -0.3190192  -0.1174592   0.72145346 -0.3190192
 -0.3190192  -0.3190192   0.81785239 -0.3190192   3.24332942 -0.3190192
  2.15950657  3.06960081  3.47498513 -0.3190192   1.04091683 -0.3190192
 -0.3190192  -0.3190192  -0.3190192  -0.3190192  -0.3190192  -0.3190192
 -0.3190192  -0.3190192  -0.3190192  -0.3190192  -0.3190192  -0.3190192
 -0.3190192  -0.3190192  -0.3190192  -0.3190192  -0.3190192  -0.3190192
 -0.3190192  -0.3190192  -0.3190192  -0.3190192  -0.3190192  -0.3190192
 -0.3190192  -0.3190192  -0.3190192  -0.3190192  -0.3190192  -0.3190192
 -0.3190192   4.44567416 -0.3190192  -0.3190192  -0.3190192  -0.3190192
 -0.3190192  -0.3190192  -0.3190192  -0.3190192   3.34341148 -0.3190192
 -0.3190192  -0.3190192  -0.3190192  -0.3190192  -0.3190192  -0.3190192
 -0.3190192  -0.3190192  -0.3190192  -0.3190192  -0.3190192  -0.3190192
  3.28135218 -0.3190192  -0.3190192  -0.3190192  -0.3190192   1.77982274
 -0.3190192   0.99476621 -0.3190192  -0.3190192  -0.3190192  -0.3190192
 -0.3190192  -0.3190192  -0.3190192  -0.3190192   2.59031242]",[-0.010768172712041835]
13,"[-0.30189799 -0.30189799 -0.30189799 -0.30189799 -0.30189799 -0.30189799
 -0.30189799 -0.30189799 -0.30189799 -0.30189799 -0.30189799 -0.30189799
 -0.30189799 -0.30189799 -0.30189799 -0.30189799 -0.30189799 -0.30189799
 -0.30189799 -0.30189799 -0.30189799 -0.30189799 -0.30189799 -0.30189799
 -0.30189799 -0.30189799 -0.30189799 -0.30189799 -0.30189799 -0.30189799
 -0.30189799 -0.30189799 -0.30189799 -0.30189799 -0.30189799 -0.30189799
 -0.30189799 -0.30189799 -0.30189799 -0.30189799  4.00046272  0.76349784
 -0.30189799 -0.30189799 -0.30189799 -0.30189799 -0.30189799 -0.30189799
 -0.30189799 -0.30189799 -0.30189799 -0.30189799 -0.30189799  5.62805085
  3.79944028 -0.0810957   2.82870185 -0.30189799 -0.30189799 -0.30189799
 -0.30189799 -0.30189799 -0.30189799 -0.30189799 -0.30189799 -0.30189799
 -0.30189799 -0.30189799 -0.30189799 -0.30189799 -0.30189799 -0.30189799
 -0.30189799 -0.30189799 -0.30189799 -0.30189799 -0.30189799 -0.30189799
 -0.30189799 -0.30189799 -0.30189799 -0.30189799 -0.30189799 -0.30189799
 -0.30189799 -0.30189799 -0.30189799 -0.30189799 -0.30189799 -0.30189799
 -0.30189799  1.80585714 -0.30189799  0.37542228  2.69547997 -0.30189799
 -0.30189799 -0.30189799  0.35119923 -0.30189799  3.22095528 -0.30189799
  3.4450605   3.13414612  1.44877701 -0.30189799  1.28412836 -0.30189799
 -0.30189799 -0.30189799 -0.30189799 -0.30189799 -0.30189799 -0.30189799
 -0.30189799 -0.30189799 -0.30189799 -0.30189799 -0.30189799 -0.30189799
 -0.30189799 -0.30189799 -0.30189799 -0.30189799 -0.30189799 -0.30189799
 -0.30189799 -0.30189799 -0.30189799 -0.30189799 -0.30189799 -0.30189799
 -0.30189799 -0.30189799 -0.30189799 -0.30189799 -0.30189799 -0.30189799
 -0.30189799  3.91241047 -0.30189799 -0.30189799 -0.30189799 -0.30189799
 -0.30189799 -0.30189799 -0.30189799 -0.30189799  3.11830268 -0.30189799
 -0.30189799 -0.30189799 -0.30189799 -0.30189799 -0.30189799 -0.30189799
 -0.30189799 -0.30189799 -0.30189799 -0.30189799 -0.30189799 -0.30189799
  4.27379914 -0.30189799 -0.30189799 -0.30189799 -0.30189799  1.97521215
  0.02197262 -0.30189799 -0.30189799 -0.30189799 -0.30189799 -0.30189799
 -0.30189799 -0.30189799 -0.30189799 -0.30189799 -0.30189799]",[-0.004662221630776731]
13,"[-0.28475618 -0.28475618 -0.28475618 -0.28475618 -0.28475618 -0.28475618
 -0.28475618 -0.28475618 -0.28475618 -0.28475618 -0.28475618 -0.28475618
 -0.28475618 -0.28475618 -0.28475618 -0.28475618 -0.28475618 -0.28475618
 -0.28475618 -0.28475618 -0.28475618 -0.28475618 -0.28475618 -0.28475618
 -0.28475618 -0.28475618 -0.28475618 -0.28475618 -0.28475618 -0.28475618
 -0.28475618 -0.28475618 -0.28475618 -0.28475618 -0.28475618 -0.28475618
 -0.28475618 -0.28475618 -0.28475618 -0.28475618  4.24360346  0.16527083
 -0.28475618 -0.28475618 -0.28475618 -0.28475618 -0.28475618 -0.28475618
 -0.28475618 -0.28475618 -0.28475618 -0.28475618 -0.28475618  5.70347422
  3.99568194 -0.28475618  2.72231802 -0.28475618 -0.28475618 -0.28475618
 -0.28475618 -0.28475618 -0.28475618 -0.28475618 -0.28475618 -0.28475618
 -0.28475618 -0.28475618 -0.28475618 -0.28475618 -0.28475618 -0.28475618
 -0.28475618 -0.28475618 -0.28475618 -0.28475618 -0.28475618 -0.28475618
 -0.28475618 -0.28475618 -0.28475618 -0.28475618 -0.28475618 -0.28475618
 -0.28475618 -0.28475618 -0.28475618 -0.28475618 -0.28475618 -0.28475618
 -0.28475618 -0.28475618 -0.28475618 -0.28475618  1.63011587 -0.28475618
 -0.28475618 -0.28475618 -0.28475618 -0.28475618  2.89759258 -0.28475618
  2.53128717  3.56890493  1.87324347  3.45383324  2.53568388 -0.28475618
 -0.28475618 -0.28475618 -0.28475618 -0.28475618  0.61381771 -0.28475618
 -0.28475618 -0.28475618 -0.28475618 -0.28475618 -0.28475618 -0.28475618
 -0.28475618 -0.28475618 -0.28475618 -0.28475618 -0.28475618 -0.28475618
 -0.28475618 -0.28475618 -0.28475618 -0.28475618 -0.28475618 -0.28475618
 -0.28475618 -0.28475618 -0.28475618 -0.28475618 -0.28475618 -0.28475618
 -0.28475618  4.65194284 -0.28475618 -0.28475618 -0.28475618 -0.28475618
 -0.28475618 -0.28475618 -0.28475618 -0.28475618 -0.28475618 -0.28475618
 -0.28475618 -0.28475618 -0.28475618 -0.28475618 -0.28475618 -0.28475618
 -0.28475618 -0.28475618 -0.28475618 -0.28475618 -0.28475618 -0.28475618
  0.88105422 -0.28475618 -0.28475618 -0.28475618 -0.28475618  0.57164051
 -0.28475618 -0.28475618 -0.28475618 -0.28475618 -0.28475618 -0.28475618
 -0.28475618 -0.28475618 -0.28475618 -0.28475618  4.0910357 ]",[-0.02483620390036345]
14,"[-0.28260233 -0.28260233 -0.28260233 -0.28260233 -0.28260233 -0.28260233
 -0.28260233 -0.28260233 -0.28260233 -0.28260233 -0.28260233 -0.28260233
 -0.28260233 -0.28260233 -0.28260233 -0.28260233  0.23056536 -0.28260233
 -0.28260233 -0.28260233 -0.28260233 -0.28260233 -0.28260233 -0.28260233
 -0.28260233 -0.28260233 -0.28260233 -0.28260233  0.65982817 -0.28260233
 -0.28260233 -0.28260233 -0.28260233 -0.28260233 -0.28260233 -0.28260233
 -0.28260233 -0.28260233 -0.28260233 -0.28260233  5.8943967   0.03758195
 -0.28260233 -0.28260233 -0.28260233 -0.28260233 -0.28260233 -0.28260233
 -0.28260233 -0.28260233 -0.28260233 -0.28260233 -0.28260233  0.41528186
 -0.28260233 -0.28260233 -0.28260233 -0.28260233 -0.28260233 -0.28260233
 -0.28260233 -0.28260233 -0.28260233 -0.28260233 -0.28260233 -0.28260233
 -0.28260233 -0.28260233 -0.28260233 -0.28260233 -0.28260233 -0.28260233
 -0.28260233 -0.28260233 -0.28260233 -0.28260233 -0.28260233  1.66281821
 -0.28260233 -0.28260233 -0.28260233 -0.28260233 -0.28260233 -0.28260233
 -0.28260233 -0.28260233 -0.28260233  1.54058702 -0.28260233  0.80690839
 -0.28260233  2.38716604 -0.28260233 -0.28260233  4.11640832 -0.28260233
 -0.28260233 -0.28260233 -0.28260233 -0.28260233  3.4540947  -0.28260233
  4.17368011  3.67090539  3.75217084 -0.28260233  3.68816567  1.23398144
 -0.28260233 -0.28260233 -0.28260233 -0.28260233 -0.28260233 -0.28260233
 -0.28260233 -0.28260233 -0.28260233 -0.28260233 -0.28260233 -0.28260233
 -0.28260233 -0.28260233 -0.28260233 -0.28260233 -0.28260233 -0.28260233
 -0.28260233 -0.28260233 -0.28260233 -0.28260233 -0.28260233 -0.28260233
 -0.28260233 -0.28260233 -0.28260233 -0.28260233 -0.28260233 -0.28260233
 -0.28260233 -0.28260233 -0.28260233 -0.28260233 -0.28260233 -0.28260233
 -0.28260233 -0.28260233 -0.28260233 -0.28260233 -0.28260233 -0.28260233
 -0.28260233 -0.28260233 -0.28260233 -0.28260233 -0.28260233 -0.28260233
 -0.28260233 -0.28260233 -0.28260233 -0.28260233 -0.28260233 -0.28260233
  4.04817082 -0.28260233 -0.28260233 -0.28260233 -0.28260233  3.7262638
 -0.28260233 -0.28260233 -0.28260233 -0.28260233 -0.28260233 -0.28260233
 -0.28260233 -0.28260233 -0.28260233 -0.28260233 -0.28260233]",[-0.015029939877637566]
14,"[-0.3564728  -0.3564728  -0.3564728  -0.3564728  -0.3564728  -0.3564728
 -0.3564728  -0.3564728  -0.3564728  -0.3564728  -0.3564728  -0.3564728
 -0.3564728  -0.3564728  -0.3564728  -0.3564728  -0.3564728  -0.3564728
 -0.3564728  -0.3564728  -0.3564728  -0.3564728  -0.3564728  -0.3564728
 -0.3564728  -0.3564728  -0.3564728  -0.3564728  -0.3564728  -0.3564728
 -0.3564728  -0.3564728  -0.3564728  -0.3564728  -0.3564728  -0.3564728
 -0.3564728  -0.3564728  -0.3564728  -0.3564728   4.61069634  0.93358568
 -0.3564728  -0.3564728  -0.3564728  -0.3564728  -0.3564728  -0.3564728
 -0.3564728  -0.3564728   0.02732891 -0.3564728  -0.3564728   0.29678191
  0.21946463  2.59718028  3.12336061 -0.3564728  -0.3564728  -0.3564728
 -0.3564728  -0.3564728  -0.3564728  -0.3564728  -0.3564728  -0.3564728
 -0.3564728  -0.3564728  -0.3564728  -0.3564728  -0.3564728  -0.3564728
 -0.3564728  -0.3564728  -0.3564728  -0.3564728  -0.3564728   1.25871504
 -0.3564728  -0.3564728  -0.3564728  -0.3564728  -0.3564728  -0.3564728
 -0.3564728  -0.3564728  -0.3564728  -0.3564728   1.78930366  0.53221831
  0.86599088  3.32232452 -0.3564728   0.06386268  2.0998297  -0.3564728
 -0.3564728   0.11027767 -0.3564728  -0.3564728   3.11613642 -0.3564728
  2.74666677  2.14800754  3.26359945  4.2188516   2.80227894  0.55263959
 -0.3564728  -0.3564728  -0.3564728  -0.3564728  -0.3564728  -0.3564728
 -0.3564728  -0.3564728  -0.3564728  -0.3564728  -0.3564728  -0.3564728
 -0.3564728  -0.3564728  -0.3564728  -0.3564728  -0.3564728  -0.3564728
 -0.3564728  -0.3564728  -0.3564728  -0.3564728  -0.3564728  -0.3564728
 -0.3564728  -0.3564728  -0.3564728  -0.3564728  -0.3564728  -0.3564728
 -0.3564728   4.1748484  -0.3564728  -0.3564728  -0.3564728  -0.3564728
 -0.3564728  -0.3564728  -0.3564728  -0.3564728   2.83312917 -0.3564728
 -0.3564728   0.54331429 -0.3564728  -0.3564728  -0.3564728  -0.3564728
 -0.3564728  -0.3564728  -0.3564728  -0.3564728  -0.3564728  -0.3564728
  2.19512439 -0.3564728  -0.3564728  -0.3564728  -0.3564728   3.27159803
 -0.3564728   0.11027767 -0.3564728  -0.3564728  -0.3564728  -0.3564728
 -0.3564728  -0.3564728  -0.3564728  -0.3564728  -0.3564728 ]",[0.0550032867096954]
14,"[-0.29768899 -0.29768899 -0.29768899  1.48778976 -0.29768899 -0.29768899
 -0.29768899 -0.29768899 -0.29768899 -0.29768899 -0.29768899 -0.29768899
 -0.29768899 -0.29768899 -0.29768899 -0.29768899 -0.29768899 -0.29768899
 -0.29768899 -0.29768899 -0.29768899 -0.29768899 -0.29768899 -0.29768899
 -0.29768899 -0.29768899 -0.29768899 -0.29768899 -0.29768899 -0.29768899
 -0.29768899 -0.29768899 -0.29768899 -0.29768899 -0.29768899 -0.29768899
 -0.29768899 -0.29768899 -0.29768899 -0.29768899  4.71069704  2.26329186
 -0.29768899 -0.29768899 -0.29768899 -0.29768899 -0.29768899 -0.29768899
 -0.29768899 -0.29768899 -0.29768899 -0.29768899 -0.29768899  5.2918065
  0.54195217 -0.29768899  4.89997525 -0.29768899 -0.29768899 -0.29768899
 -0.29768899 -0.29768899 -0.29768899 -0.29768899 -0.29768899 -0.29768899
 -0.29768899 -0.29768899 -0.29768899 -0.29768899 -0.29768899 -0.29768899
  2.3034131  -0.29768899 -0.29768899 -0.29768899 -0.29768899 -0.29768899
 -0.29768899 -0.29768899 -0.29768899 -0.29768899 -0.29768899 -0.29768899
 -0.29768899 -0.29768899 -0.29768899 -0.29768899 -0.29768899 -0.29768899
 -0.29768899  3.2813107  -0.29768899  1.30495445  1.42257242 -0.29768899
 -0.29768899 -0.29768899 -0.29768899 -0.29768899  2.97747139 -0.29768899
  2.48088347  3.35446844  3.44740044 -0.29768899 -0.29768899 -0.29768899
 -0.29768899 -0.29768899 -0.29768899 -0.29768899 -0.29768899 -0.29768899
 -0.29768899 -0.29768899 -0.29768899 -0.29768899 -0.29768899 -0.29768899
 -0.29768899 -0.29768899 -0.29768899 -0.29768899 -0.29768899 -0.29768899
 -0.29768899 -0.29768899 -0.29768899 -0.29768899 -0.29768899 -0.29768899
 -0.29768899 -0.29768899 -0.29768899 -0.29768899 -0.29768899 -0.29768899
 -0.29768899  4.20351618 -0.29768899 -0.29768899 -0.29768899 -0.29768899
 -0.29768899 -0.29768899 -0.29768899 -0.29768899  2.44193817 -0.29768899
 -0.29768899 -0.29768899 -0.29768899 -0.29768899 -0.29768899 -0.29768899
 -0.29768899 -0.29768899 -0.29768899 -0.29768899 -0.29768899 -0.29768899
  0.47167112 -0.29768899 -0.29768899 -0.29768899 -0.29768899  1.04281455
 -0.29768899 -0.29768899 -0.29768899 -0.29768899 -0.29768899 -0.29768899
 -0.29768899 -0.29768899 -0.29768899 -0.29768899 -0.29768899]",[0.03322264518347767]
14,"[-0.26514404 -0.26514404 -0.26514404 -0.26514404 -0.26514404 -0.26514404
 -0.26514404 -0.26514404 -0.26514404 -0.26514404 -0.26514404 -0.26514404
 -0.26514404 -0.26514404 -0.26514404 -0.26514404 -0.26514404 -0.26514404
 -0.26514404 -0.26514404 -0.26514404 -0.26514404 -0.26514404 -0.26514404
 -0.26514404 -0.26514404 -0.26514404 -0.26514404 -0.26514404 -0.26514404
 -0.26514404 -0.26514404 -0.26514404 -0.26514404 -0.26514404 -0.26514404
 -0.26514404 -0.26514404 -0.26514404 -0.26514404  7.10823513 -0.26514404
 -0.26514404 -0.26514404 -0.26514404 -0.26514404 -0.26514404 -0.26514404
 -0.26514404 -0.26514404 -0.26514404 -0.26514404 -0.26514404  0.21731054
 -0.26514404 -0.26514404 -0.26514404 -0.26514404 -0.26514404 -0.26514404
 -0.26514404 -0.26514404 -0.26514404 -0.26514404 -0.26514404 -0.26514404
 -0.26514404 -0.26514404 -0.26514404 -0.26514404 -0.26514404 -0.26514404
 -0.26514404 -0.26514404 -0.26514404 -0.26514404 -0.26514404  1.267731
 -0.26514404 -0.26514404 -0.26514404 -0.26514404 -0.26514404 -0.26514404
 -0.26514404 -0.26514404 -0.26514404  2.33948707  3.25176548  0.52197765
 -0.26514404  2.36713128 -0.26514404 -0.26514404  4.19766548 -0.26514404
 -0.26514404 -0.26514404 -0.26514404 -0.26514404  4.1870292  -0.26514404
  2.76324142  1.81446153  3.44767603 -0.26514404  3.03944437 -0.26514404
 -0.26514404 -0.26514404 -0.26514404 -0.26514404 -0.26514404 -0.26514404
 -0.26514404 -0.26514404 -0.26514404 -0.26514404 -0.26514404 -0.26514404
 -0.26514404 -0.26514404 -0.26514404 -0.26514404 -0.26514404 -0.26514404
 -0.26514404 -0.26514404 -0.26514404 -0.26514404 -0.26514404 -0.26514404
 -0.26514404 -0.26514404 -0.26514404 -0.26514404 -0.26514404 -0.26514404
 -0.26514404 -0.26514404 -0.26514404 -0.26514404 -0.26514404 -0.26514404
 -0.26514404 -0.26514404 -0.26514404 -0.26514404 -0.26514404 -0.26514404
 -0.26514404 -0.26514404 -0.26514404 -0.26514404 -0.26514404 -0.26514404
 -0.26514404 -0.26514404 -0.26514404 -0.26514404 -0.26514404 -0.26514404
  4.46464411 -0.26514404 -0.26514404 -0.26514404 -0.26514404  2.49582297
 -0.26514404 -0.26514404 -0.26514404 -0.26514404 -0.26514404 -0.26514404
 -0.26514404 -0.26514404 -0.26514404 -0.26514404 -0.26514404]",[-0.01399085614486928]
14,"[-0.31364411 -0.31364411 -0.31364411 -0.08962371 -0.31364411 -0.31364411
 -0.31364411 -0.31364411 -0.31364411 -0.31364411 -0.31364411 -0.31364411
 -0.31364411 -0.31364411 -0.31364411 -0.31364411 -0.31364411 -0.31364411
 -0.31364411 -0.31364411 -0.31364411 -0.31364411 -0.31364411 -0.31364411
 -0.31364411 -0.31364411 -0.31364411 -0.31364411 -0.31364411 -0.31364411
 -0.31364411 -0.31364411 -0.31364411 -0.31364411 -0.31364411 -0.31364411
 -0.31364411 -0.31364411 -0.31364411 -0.31364411  2.57937032  0.30660759
 -0.31364411 -0.31364411 -0.31364411 -0.31364411 -0.31364411 -0.31364411
 -0.31364411 -0.31364411 -0.31364411 -0.31364411 -0.31364411  5.58332775
  3.72932597 -0.31364411  0.61640279 -0.31364411 -0.31364411 -0.31364411
 -0.31364411 -0.31364411 -0.31364411 -0.31364411 -0.31364411 -0.31364411
 -0.31364411 -0.31364411 -0.31364411 -0.31364411 -0.31364411 -0.31364411
  1.11404793 -0.31364411 -0.31364411 -0.31364411 -0.31364411 -0.31364411
 -0.31364411 -0.31364411 -0.31364411 -0.31364411 -0.31364411 -0.31364411
 -0.31364411 -0.31364411 -0.31364411 -0.31364411 -0.31364411 -0.31364411
  1.03429595  2.62376675 -0.31364411  0.88303322  3.39870864 -0.31364411
 -0.31364411 -0.31364411 -0.31364411 -0.31364411  3.21921796 -0.31364411
  4.15893923  2.4263134   2.95198501  3.31637621  0.55120046 -0.31364411
 -0.31364411 -0.31364411 -0.31364411 -0.31364411  1.62216477 -0.31364411
 -0.31364411 -0.31364411 -0.31364411 -0.31364411 -0.31364411 -0.31364411
 -0.31364411 -0.31364411 -0.31364411 -0.31364411 -0.31364411 -0.31364411
 -0.31364411 -0.31364411 -0.31364411 -0.31364411 -0.31364411 -0.31364411
 -0.31364411 -0.31364411 -0.31364411 -0.31364411 -0.31364411 -0.31364411
 -0.31364411  4.58678035 -0.31364411 -0.31364411 -0.31364411 -0.31364411
 -0.31364411 -0.31364411 -0.31364411 -0.31364411 -0.31364411 -0.31364411
 -0.31364411 -0.31364411 -0.31364411 -0.31364411 -0.31364411 -0.31364411
 -0.31364411 -0.31364411 -0.31364411 -0.31364411 -0.31364411 -0.31364411
  2.10994344 -0.31364411 -0.31364411 -0.31364411 -0.31364411  2.83358594
 -0.31364411 -0.31364411 -0.31364411 -0.31364411 -0.31364411 -0.31364411
 -0.31364411 -0.31364411 -0.31364411 -0.31364411 -0.31364411]",[-0.03759747219350684]
14,"[-0.27967711 -0.27967711 -0.27967711 -0.27967711 -0.27967711 -0.27967711
 -0.27967711 -0.27967711 -0.27967711 -0.27967711 -0.27967711 -0.27967711
 -0.27967711 -0.27967711 -0.27967711 -0.27967711 -0.27967711 -0.27967711
 -0.27967711 -0.27967711 -0.27967711 -0.27967711 -0.27967711 -0.27967711
 -0.27967711 -0.27967711 -0.27967711 -0.27967711 -0.27967711 -0.27967711
 -0.27967711 -0.27967711 -0.27967711 -0.27967711 -0.27967711 -0.27967711
 -0.27967711 -0.27967711 -0.27967711 -0.27967711  5.3325016   0.64681982
 -0.27967711 -0.27967711 -0.27967711 -0.27967711 -0.27967711 -0.27967711
 -0.27967711 -0.27967711 -0.27967711 -0.27967711 -0.27967711  0.30746667
 -0.27967711  2.64781869 -0.27967711 -0.27967711 -0.27967711 -0.27967711
 -0.27967711 -0.27967711 -0.27967711 -0.27967711 -0.27967711 -0.27967711
 -0.27967711 -0.27967711 -0.27967711 -0.27967711 -0.27967711 -0.27967711
 -0.27967711 -0.27967711 -0.27967711 -0.27967711 -0.27967711 -0.27967711
 -0.27967711 -0.27967711 -0.27967711 -0.27967711 -0.27967711 -0.27967711
 -0.27967711 -0.27967711 -0.27967711 -0.27967711  1.847732   -0.27967711
 -0.27967711  1.59665803 -0.27967711 -0.27967711  1.81330459 -0.27967711
 -0.27967711 -0.27967711 -0.27967711 -0.27967711  3.94467677 -0.27967711
  4.58810053  3.69708902  3.74630885 -0.27967711  2.82870883  0.59243172
 -0.27967711 -0.27967711 -0.27967711 -0.27967711 -0.27967711 -0.27967711
 -0.27967711 -0.27967711 -0.27967711 -0.27967711 -0.27967711 -0.27967711
 -0.27967711 -0.27967711 -0.27967711 -0.27967711 -0.27967711 -0.27967711
 -0.27967711 -0.27967711 -0.27967711 -0.27967711 -0.27967711 -0.27967711
 -0.27967711 -0.27967711 -0.27967711 -0.27967711 -0.27967711 -0.27967711
 -0.27967711 -0.27967711 -0.27967711 -0.27967711 -0.27967711 -0.27967711
 -0.27967711 -0.27967711 -0.27967711 -0.27967711 -0.27967711 -0.27967711
 -0.27967711  0.63527031 -0.27967711 -0.27967711 -0.27967711 -0.27967711
 -0.27967711 -0.27967711 -0.27967711 -0.27967711 -0.27967711 -0.27967711
  2.86873713 -0.27967711 -0.27967711 -0.27967711 -0.27967711  2.36320601
 -0.27967711 -0.27967711 -0.27967711 -0.27967711 -0.27967711 -0.27967711
 -0.27967711 -0.27967711 -0.27967711 -0.27967711  5.8508608 ]",[-0.0004069578019361697]
14,"[-0.26512941 -0.26512941 -0.26512941 -0.01774672 -0.26512941 -0.26512941
 -0.26512941 -0.26512941 -0.26512941 -0.26512941 -0.26512941 -0.26512941
 -0.26512941 -0.26512941 -0.26512941 -0.26512941 -0.26512941 -0.26512941
 -0.26512941 -0.26512941 -0.26512941 -0.26512941 -0.26512941 -0.26512941
 -0.26512941 -0.26512941 -0.26512941 -0.26512941 -0.26512941 -0.26512941
 -0.26512941 -0.26512941 -0.26512941 -0.26512941 -0.26512941 -0.26512941
 -0.26512941 -0.26512941 -0.26512941 -0.26512941  6.57012762  1.66598158
 -0.26512941 -0.26512941 -0.26512941 -0.26512941 -0.26512941 -0.26512941
 -0.26512941 -0.26512941 -0.26512941 -0.26512941 -0.26512941  4.667867
 -0.26512941 -0.26512941  4.1998857  -0.26512941 -0.26512941 -0.26512941
 -0.26512941 -0.26512941 -0.26512941 -0.26512941 -0.26512941 -0.26512941
 -0.26512941 -0.26512941 -0.26512941 -0.26512941 -0.26512941 -0.26512941
 -0.26512941 -0.26512941 -0.26512941 -0.26512941 -0.26512941 -0.26512941
 -0.26512941 -0.26512941 -0.26512941 -0.26512941 -0.26512941 -0.26512941
 -0.26512941 -0.26512941 -0.26512941 -0.26512941 -0.26512941 -0.26512941
 -0.26512941 -0.26512941 -0.26512941 -0.26512941  0.55203228 -0.26512941
 -0.26512941 -0.26512941 -0.26512941 -0.26512941  2.80295504 -0.26512941
  1.29886944  3.27469191  2.4585889  -0.26512941  2.65484048 -0.26512941
 -0.26512941 -0.26512941 -0.26512941 -0.26512941 -0.26512941 -0.26512941
 -0.26512941 -0.26512941 -0.26512941 -0.26512941 -0.26512941 -0.26512941
 -0.26512941 -0.26512941 -0.26512941 -0.26512941 -0.26512941 -0.26512941
 -0.26512941 -0.26512941 -0.26512941 -0.26512941 -0.26512941 -0.26512941
 -0.26512941 -0.26512941 -0.26512941 -0.26512941 -0.26512941 -0.26512941
 -0.26512941  4.7565716  -0.26512941 -0.26512941 -0.26512941 -0.26512941
 -0.26512941 -0.26512941 -0.26512941 -0.26512941  2.79264573 -0.26512941
 -0.26512941 -0.26512941 -0.26512941 -0.26512941 -0.26512941 -0.26512941
 -0.26512941 -0.26512941 -0.26512941 -0.26512941 -0.26512941 -0.26512941
 -0.26512941 -0.26512941 -0.26512941 -0.26512941 -0.26512941  2.13707214
 -0.26512941 -0.26512941 -0.26512941 -0.26512941 -0.26512941 -0.26512941
 -0.26512941 -0.26512941 -0.26512941 -0.26512941  3.66684015]",[-0.03948658419105061]
14,"[-0.28724097 -0.28724097 -0.28724097  0.22396196 -0.28724097 -0.28724097
 -0.28724097 -0.28724097 -0.28724097 -0.28724097 -0.28724097 -0.28724097
 -0.28724097 -0.28724097 -0.28724097 -0.28724097 -0.28724097 -0.28724097
 -0.28724097 -0.28724097 -0.28724097 -0.28724097 -0.28724097 -0.28724097
 -0.28724097 -0.28724097 -0.28724097 -0.28724097 -0.28724097 -0.28724097
 -0.28724097 -0.28724097 -0.28724097 -0.28724097 -0.28724097 -0.28724097
 -0.28724097 -0.28724097 -0.28724097 -0.28724097  5.44150677  1.34488931
 -0.28724097 -0.28724097 -0.28724097 -0.28724097 -0.28724097 -0.28724097
 -0.28724097 -0.28724097 -0.28724097 -0.28724097 -0.28724097 -0.28724097
 -0.08731128 -0.28724097 -0.28724097 -0.28724097 -0.28724097 -0.28724097
 -0.28724097 -0.28724097 -0.28724097 -0.28724097 -0.28724097 -0.28724097
 -0.28724097 -0.28724097 -0.28724097 -0.28724097 -0.28724097 -0.28724097
  0.3040544  -0.28724097 -0.28724097 -0.28724097 -0.28724097 -0.28724097
 -0.28724097 -0.28724097 -0.28724097 -0.28724097 -0.28724097 -0.28724097
 -0.28724097 -0.28724097 -0.28724097 -0.28724097  2.83492504 -0.28724097
 -0.28724097  3.40017988 -0.28724097  1.92760682  3.66764037 -0.28724097
 -0.28724097 -0.28724097 -0.28724097 -0.28724097  3.95931045 -0.28724097
  4.25706814  3.72326285  3.13793916  3.30564436  0.49596165  0.13131405
 -0.28724097 -0.28724097 -0.28724097 -0.28724097 -0.28724097 -0.28724097
 -0.28724097 -0.28724097 -0.28724097 -0.28724097 -0.28724097 -0.28724097
 -0.28724097 -0.28724097 -0.28724097 -0.28724097 -0.28724097 -0.28724097
 -0.28724097 -0.28724097 -0.28724097 -0.28724097 -0.28724097 -0.28724097
 -0.28724097 -0.28724097 -0.28724097 -0.28724097 -0.28724097 -0.28724097
 -0.28724097  4.31750631 -0.28724097 -0.28724097 -0.28724097 -0.28724097
 -0.28724097 -0.28724097 -0.28724097 -0.28724097 -0.28724097 -0.28724097
 -0.28724097 -0.28724097 -0.28724097 -0.28724097 -0.28724097 -0.28724097
 -0.28724097 -0.28724097 -0.28724097 -0.28724097 -0.28724097 -0.28724097
  0.41877494 -0.28724097 -0.28724097 -0.28724097 -0.28724097  3.15431968
 -0.28724097 -0.28724097 -0.28724097 -0.28724097 -0.28724097 -0.28724097
 -0.28724097 -0.28724097 -0.28724097 -0.28724097 -0.28724097]",[-0.033594266582519294]
14,"[-0.27769655 -0.27769655 -0.27769655  0.53301142 -0.27769655 -0.27769655
 -0.27769655 -0.27769655 -0.27769655 -0.27769655 -0.27769655 -0.27769655
 -0.27769655 -0.27769655 -0.27769655 -0.27769655  0.11311071 -0.27769655
 -0.27769655 -0.27769655 -0.27769655 -0.27769655 -0.27769655 -0.27769655
 -0.27769655 -0.27769655 -0.27769655 -0.27769655 -0.27769655 -0.27769655
 -0.27769655 -0.27769655 -0.27769655 -0.27769655 -0.27769655 -0.27769655
 -0.27769655 -0.27769655 -0.27769655 -0.27769655  6.49102146 -0.27769655
 -0.27769655 -0.27769655 -0.27769655 -0.27769655 -0.27769655 -0.27769655
 -0.27769655 -0.27769655 -0.27769655 -0.27769655 -0.27769655 -0.27769655
 -0.27769655 -0.27769655  4.46211721 -0.27769655 -0.27769655 -0.27769655
 -0.27769655 -0.27769655 -0.27769655 -0.27769655 -0.27769655 -0.27769655
 -0.27769655 -0.27769655 -0.27769655 -0.27769655 -0.27769655 -0.27769655
 -0.27769655 -0.27769655 -0.27769655 -0.27769655 -0.27769655 -0.27769655
 -0.27769655 -0.27769655 -0.27769655 -0.27769655 -0.27769655 -0.27769655
 -0.27769655 -0.27769655 -0.27769655 -0.27769655  2.13876403 -0.27769655
 -0.27769655  2.41063929 -0.27769655 -0.27769655  0.73524431 -0.27769655
 -0.27769655 -0.27769655 -0.27769655 -0.27769655  3.2731553  -0.27769655
  1.97908169  3.29411106  2.83261816 -0.27769655  3.50806617 -0.27769655
 -0.27769655 -0.27769655 -0.27769655 -0.27769655 -0.27769655 -0.27769655
 -0.27769655 -0.27769655 -0.27769655 -0.27769655 -0.27769655 -0.27769655
 -0.27769655 -0.27769655 -0.27769655 -0.27769655 -0.27769655 -0.27769655
 -0.27769655 -0.27769655 -0.27769655 -0.27769655 -0.27769655 -0.27769655
 -0.27769655 -0.27769655 -0.27769655 -0.27769655 -0.27769655 -0.27769655
 -0.27769655  4.17836162 -0.27769655 -0.27769655 -0.27769655 -0.27769655
 -0.27769655 -0.27769655 -0.27769655 -0.27769655 -0.27769655 -0.27769655
 -0.27769655 -0.27769655 -0.27769655 -0.27769655 -0.27769655 -0.27769655
 -0.27769655 -0.27769655 -0.27769655 -0.27769655 -0.27769655 -0.27769655
  2.4573471  -0.27769655 -0.27769655 -0.27769655 -0.27769655  3.0171974
 -0.27769655 -0.27769655 -0.27769655 -0.27769655 -0.27769655 -0.27769655
 -0.27769655 -0.27769655 -0.27769655 -0.27769655  3.84069001]",[-0.050985896705950884]
14,"[-0.26990425 -0.26990425 -0.26990425 -0.26990425 -0.26990425 -0.26990425
 -0.26990425 -0.26990425 -0.26990425 -0.26990425 -0.26990425 -0.26990425
 -0.26990425 -0.26990425 -0.26990425 -0.26990425 -0.26990425 -0.26990425
 -0.26990425 -0.26990425 -0.26990425 -0.26990425 -0.26990425 -0.26990425
 -0.26990425 -0.26990425 -0.26990425 -0.26990425 -0.26990425 -0.26990425
 -0.26990425 -0.26990425 -0.26990425 -0.26990425 -0.26990425 -0.26990425
 -0.26990425 -0.26990425 -0.26990425 -0.26990425  4.95838195 -0.01858195
 -0.26990425 -0.26990425 -0.26990425 -0.26990425 -0.26990425 -0.26990425
 -0.26990425 -0.26990425 -0.26990425 -0.26990425 -0.26990425  4.25981854
 -0.26990425 -0.26990425 -0.26990425 -0.26990425 -0.26990425 -0.26990425
 -0.26990425 -0.26990425 -0.26990425 -0.26990425 -0.26990425 -0.26990425
 -0.26990425 -0.26990425 -0.26990425 -0.26990425 -0.26990425 -0.26990425
  3.89369509 -0.26990425 -0.26990425 -0.26990425 -0.26990425 -0.26990425
 -0.26990425 -0.26990425 -0.26990425 -0.26990425 -0.26990425 -0.26990425
 -0.26990425 -0.26990425 -0.26990425 -0.26990425 -0.26990425 -0.26990425
 -0.26990425  2.37361971 -0.26990425 -0.26990425  3.2405018  -0.26990425
 -0.26990425 -0.26990425 -0.26990425 -0.26990425  4.07357955 -0.26990425
  2.81694946  3.358708    3.75696484 -0.26990425  2.47621363 -0.26990425
 -0.26990425 -0.26990425 -0.26990425 -0.26990425 -0.26990425 -0.26990425
 -0.26990425 -0.26990425 -0.26990425 -0.26990425 -0.26990425 -0.26990425
 -0.26990425 -0.26990425 -0.26990425 -0.26990425 -0.26990425 -0.26990425
 -0.26990425 -0.26990425 -0.26990425 -0.26990425 -0.26990425 -0.26990425
 -0.26990425 -0.26990425 -0.26990425 -0.26990425 -0.26990425 -0.26990425
 -0.26990425 -0.26990425 -0.26990425 -0.26990425 -0.26990425 -0.26990425
 -0.26990425 -0.26990425 -0.26990425 -0.26990425 -0.26990425 -0.26990425
 -0.26990425  0.88371175 -0.26990425 -0.26990425 -0.26990425 -0.26990425
 -0.26990425 -0.26990425 -0.26990425 -0.26990425 -0.26990425 -0.26990425
  3.82810317 -0.26990425 -0.26990425 -0.26990425 -0.26990425  4.63253519
 -0.26990425 -0.26990425 -0.26990425 -0.26990425 -0.26990425 -0.26990425
 -0.26990425 -0.26990425 -0.26990425 -0.26990425 -0.26990425]",[-0.062378458258947334]
14,"[-0.27875839 -0.27875839 -0.27875839 -0.06258945 -0.27875839 -0.27875839
 -0.27875839 -0.27875839 -0.27875839 -0.27875839 -0.27875839 -0.27875839
 -0.27875839 -0.27875839 -0.27875839 -0.27875839 -0.27875839 -0.27875839
 -0.27875839 -0.27875839 -0.27875839 -0.27875839 -0.27875839 -0.27875839
 -0.27875839 -0.27875839 -0.27875839 -0.27875839 -0.27875839 -0.27875839
 -0.27875839 -0.27875839 -0.27875839 -0.27875839 -0.27875839 -0.27875839
 -0.27875839 -0.27875839 -0.27875839 -0.27875839  5.60690681 -0.27875839
 -0.27875839 -0.27875839 -0.27875839 -0.27875839 -0.27875839 -0.27875839
 -0.27875839 -0.27875839 -0.27875839 -0.27875839 -0.27875839  6.28699445
 -0.27875839 -0.27875839 -0.27875839 -0.27875839 -0.27875839 -0.27875839
 -0.27875839 -0.27875839 -0.27875839 -0.27875839 -0.27875839 -0.27875839
 -0.27875839 -0.27875839 -0.27875839 -0.27875839 -0.27875839 -0.27875839
  0.46291121 -0.27875839 -0.27875839 -0.27875839 -0.27875839 -0.27875839
 -0.27875839 -0.27875839 -0.27875839 -0.27875839 -0.27875839 -0.27875839
 -0.27875839 -0.27875839 -0.27875839 -0.27875839 -0.27875839 -0.27875839
 -0.27875839  2.09420105 -0.27875839  0.6546624   1.70734455 -0.27875839
 -0.27875839 -0.27875839 -0.27875839 -0.27875839  2.39004428 -0.27875839
  2.48574494  3.26722157  2.22061453 -0.27875839  3.37032281 -0.27875839
 -0.27875839 -0.27875839 -0.27875839 -0.27875839 -0.27875839 -0.27875839
 -0.27875839 -0.27875839 -0.27875839 -0.27875839 -0.27875839 -0.27875839
 -0.27875839 -0.27875839 -0.27875839 -0.27875839 -0.27875839 -0.27875839
 -0.27875839 -0.27875839 -0.27875839 -0.27875839 -0.27875839 -0.27875839
  3.06945879 -0.27875839 -0.27875839 -0.27875839 -0.27875839 -0.27875839
 -0.27875839  4.3142412  -0.27875839 -0.27875839 -0.27875839 -0.27875839
 -0.27875839 -0.27875839 -0.27875839 -0.27875839 -0.27875839 -0.27875839
 -0.27875839 -0.27875839 -0.27875839 -0.27875839 -0.27875839 -0.27875839
 -0.27875839 -0.27875839 -0.27875839 -0.27875839 -0.27875839 -0.27875839
  3.72951595 -0.27875839 -0.27875839 -0.27875839 -0.27875839  2.20452425
 -0.27875839 -0.27875839 -0.27875839 -0.27875839 -0.27875839 -0.27875839
 -0.27875839 -0.27875839 -0.27875839 -0.27875839  1.35674001]",[0.009216513498804924]
14,"[-0.33327283 -0.33327283 -0.33327283  0.11522182 -0.33327283 -0.33327283
 -0.33327283 -0.33327283 -0.33327283 -0.33327283 -0.33327283 -0.33327283
 -0.33327283 -0.33327283 -0.33327283 -0.33327283 -0.33327283 -0.33327283
 -0.33327283 -0.33327283 -0.33327283 -0.33327283 -0.33327283 -0.33327283
 -0.33327283 -0.33327283 -0.33327283 -0.33327283 -0.33327283 -0.33327283
 -0.33327283 -0.33327283 -0.33327283 -0.33327283 -0.33327283 -0.33327283
 -0.33327283 -0.33327283 -0.33327283 -0.33327283  5.01930515  1.91240393
 -0.33327283 -0.33327283 -0.33327283 -0.33327283 -0.33327283 -0.33327283
 -0.33327283 -0.33327283 -0.33327283 -0.33327283 -0.33327283  4.34076774
  2.27836655  2.35322304  3.27885369 -0.33327283 -0.33327283 -0.33327283
 -0.33327283 -0.33327283 -0.33327283 -0.33327283 -0.33327283 -0.33327283
 -0.33327283 -0.33327283 -0.33327283 -0.33327283 -0.33327283 -0.33327283
  1.33805649 -0.33327283 -0.33327283 -0.33327283 -0.33327283 -0.33327283
 -0.33327283 -0.33327283 -0.33327283 -0.33327283 -0.33327283 -0.33327283
 -0.33327283 -0.33327283 -0.33327283 -0.33327283  2.46681349 -0.33327283
 -0.33327283  2.37421383 -0.33327283  1.42072059  1.13718518 -0.33327283
 -0.33327283 -0.33327283 -0.33327283 -0.33327283  3.65112382 -0.33327283
  2.91162043  3.10752152  1.57691075 -0.33327283  1.83516034 -0.33327283
 -0.33327283 -0.33327283 -0.33327283 -0.33327283 -0.33327283 -0.33327283
 -0.33327283 -0.33327283 -0.33327283 -0.33327283 -0.33327283 -0.33327283
 -0.33327283 -0.33327283 -0.33327283 -0.33327283 -0.33327283 -0.33327283
 -0.33327283 -0.33327283 -0.33327283 -0.33327283 -0.33327283 -0.33327283
 -0.33327283 -0.33327283 -0.33327283 -0.33327283 -0.33327283 -0.33327283
 -0.33327283  3.42053749 -0.33327283 -0.33327283 -0.33327283 -0.33327283
 -0.33327283 -0.33327283 -0.33327283 -0.33327283  2.19967788 -0.33327283
 -0.33327283 -0.33327283 -0.33327283 -0.33327283 -0.33327283 -0.33327283
 -0.33327283 -0.33327283 -0.33327283 -0.33327283 -0.33327283 -0.33327283
  1.53437928 -0.33327283 -0.33327283 -0.33327283 -0.33327283 -0.33327283
 -0.33327283 -0.33327283 -0.33327283 -0.33327283 -0.33327283 -0.33327283
 -0.33327283 -0.33327283 -0.33327283 -0.33327283  4.38504364]",[0.040503964497590694]
14,"[-2.85340938e-01 -2.85340938e-01 -2.85340938e-01 -2.85340938e-01
 -2.85340938e-01 -2.85340938e-01 -2.85340938e-01 -2.85340938e-01
 -2.85340938e-01 -2.85340938e-01 -2.85340938e-01 -2.85340938e-01
 -2.85340938e-01 -2.85340938e-01 -2.85340938e-01 -2.85340938e-01
 -2.85340938e-01 -2.85340938e-01 -2.85340938e-01 -2.85340938e-01
 -2.85340938e-01 -2.85340938e-01 -2.85340938e-01 -2.85340938e-01
 -2.85340938e-01 -2.85340938e-01 -2.85340938e-01 -2.85340938e-01
 -2.85340938e-01 -2.85340938e-01 -2.85340938e-01 -2.85340938e-01
 -2.85340938e-01 -2.85340938e-01 -2.85340938e-01 -2.85340938e-01
 -2.85340938e-01 -2.85340938e-01 -2.85340938e-01 -2.85340938e-01
  5.82786726e+00  2.69827215e+00 -2.85340938e-01 -2.85340938e-01
 -2.85340938e-01 -2.85340938e-01 -2.85340938e-01 -2.85340938e-01
 -2.85340938e-01 -2.85340938e-01 -2.85340938e-01 -2.85340938e-01
 -2.85340938e-01  4.82815899e+00 -2.85340938e-01  9.87792571e-03
 -2.85340938e-01 -2.85340938e-01 -2.85340938e-01 -2.85340938e-01
 -2.85340938e-01 -2.85340938e-01 -2.85340938e-01 -2.85340938e-01
 -2.85340938e-01 -2.85340938e-01 -2.85340938e-01 -2.85340938e-01
 -2.85340938e-01 -2.85340938e-01 -2.85340938e-01 -2.85340938e-01
 -2.85340938e-01 -2.85340938e-01 -2.85340938e-01 -2.85340938e-01
 -2.85340938e-01 -2.85340938e-01 -2.85340938e-01 -2.85340938e-01
 -2.85340938e-01 -2.85340938e-01 -2.85340938e-01 -2.85340938e-01
 -2.85340938e-01 -2.85340938e-01 -2.85340938e-01  2.03888802e+00
 -2.85340938e-01 -2.85340938e-01 -2.85340938e-01  4.03586023e+00
 -2.85340938e-01  1.47852472e+00  2.96624511e+00  5.63096444e-03
 -2.85340938e-01 -2.85340938e-01 -2.85340938e-01 -2.85340938e-01
  3.36017013e+00 -2.85340938e-01  3.03941532e+00  9.87001767e-01
  3.59532590e+00 -2.85340938e-01  3.02149685e+00 -2.85340938e-01
 -2.85340938e-01 -2.85340938e-01 -2.85340938e-01 -2.85340938e-01
 -2.85340938e-01 -2.85340938e-01 -2.85340938e-01 -2.85340938e-01
 -2.85340938e-01 -2.85340938e-01 -2.85340938e-01 -2.85340938e-01
 -2.85340938e-01 -2.85340938e-01 -2.85340938e-01 -2.85340938e-01
 -2.85340938e-01 -2.85340938e-01 -2.85340938e-01 -2.85340938e-01
 -2.85340938e-01 -2.85340938e-01 -2.85340938e-01 -2.85340938e-01
 -2.85340938e-01 -2.85340938e-01 -2.85340938e-01 -2.85340938e-01
 -2.85340938e-01 -2.85340938e-01 -2.85340938e-01 -2.85340938e-01
 -2.85340938e-01 -2.85340938e-01 -2.85340938e-01 -2.85340938e-01
 -2.85340938e-01 -2.85340938e-01 -2.85340938e-01 -2.85340938e-01
 -2.85340938e-01 -2.85340938e-01 -2.85340938e-01  1.49548407e+00
 -2.85340938e-01 -2.85340938e-01 -2.85340938e-01 -2.85340938e-01
 -2.85340938e-01 -2.85340938e-01 -2.85340938e-01 -2.85340938e-01
 -2.85340938e-01 -2.85340938e-01  2.84553269e+00 -2.85340938e-01
 -2.85340938e-01 -2.85340938e-01 -2.85340938e-01  3.99147989e+00
 -2.85340938e-01 -2.85340938e-01 -2.85340938e-01 -2.85340938e-01
 -2.85340938e-01 -2.85340938e-01 -2.85340938e-01 -2.85340938e-01
 -2.85340938e-01 -2.85340938e-01 -2.85340938e-01]",[0.02592020635235809]
14,"[-3.40251397e-01 -3.40251397e-01 -3.40251397e-01  2.74066354e+00
 -3.40251397e-01 -3.40251397e-01 -3.40251397e-01 -3.40251397e-01
 -3.40251397e-01 -3.40251397e-01 -3.40251397e-01 -3.40251397e-01
 -3.40251397e-01 -3.40251397e-01 -3.40251397e-01 -3.40251397e-01
 -3.40251397e-01 -3.40251397e-01 -3.40251397e-01 -3.40251397e-01
 -3.40251397e-01 -3.40251397e-01 -3.40251397e-01 -3.40251397e-01
 -3.40251397e-01 -3.40251397e-01 -3.40251397e-01 -3.40251397e-01
 -3.40251397e-01 -3.40251397e-01 -3.40251397e-01 -3.40251397e-01
 -3.40251397e-01 -3.40251397e-01 -3.40251397e-01 -3.40251397e-01
 -3.40251397e-01 -3.40251397e-01 -3.40251397e-01 -3.40251397e-01
  3.29099080e+00  7.08454692e-01 -3.40251397e-01 -3.40251397e-01
 -3.40251397e-01 -3.40251397e-01 -3.40251397e-01 -3.40251397e-01
 -3.40251397e-01 -3.40251397e-01 -3.40251397e-01 -3.40251397e-01
  1.42790589e-01  5.08441179e+00  3.48290398e+00 -4.60302198e-04
  3.94116608e+00 -3.40251397e-01 -3.40251397e-01 -3.40251397e-01
 -3.40251397e-01 -3.40251397e-01 -3.40251397e-01 -3.40251397e-01
 -3.40251397e-01 -3.40251397e-01 -3.40251397e-01 -3.40251397e-01
 -3.40251397e-01 -3.40251397e-01 -3.40251397e-01 -3.40251397e-01
  1.65578363e+00 -3.40251397e-01 -3.40251397e-01 -3.40251397e-01
 -3.40251397e-01  8.72323152e-01 -3.40251397e-01 -3.40251397e-01
 -3.40251397e-01 -3.40251397e-01 -3.40251397e-01 -3.40251397e-01
 -3.40251397e-01 -3.40251397e-01 -3.40251397e-01 -3.40251397e-01
 -3.40251397e-01  1.72113818e-01 -3.40251397e-01  3.19940588e+00
 -3.40251397e-01  4.01598642e-01  5.19245429e-01 -3.40251397e-01
 -3.40251397e-01 -3.40251397e-01  1.02529447e+00 -3.40251397e-01
  3.05990691e+00 -3.40251397e-01  2.74049132e+00  3.15582059e+00
  2.60288796e+00 -3.40251397e-01  1.16466099e+00 -3.40251397e-01
 -3.40251397e-01 -3.40251397e-01 -3.40251397e-01 -3.40251397e-01
 -3.40251397e-01 -3.40251397e-01 -3.40251397e-01 -3.40251397e-01
 -3.40251397e-01 -3.40251397e-01 -3.40251397e-01 -3.40251397e-01
 -3.40251397e-01 -3.40251397e-01 -3.40251397e-01 -3.40251397e-01
 -3.40251397e-01 -3.40251397e-01 -3.40251397e-01 -3.40251397e-01
 -3.40251397e-01 -3.40251397e-01 -3.40251397e-01 -3.40251397e-01
 -3.40251397e-01 -3.40251397e-01 -3.40251397e-01 -3.40251397e-01
 -3.40251397e-01 -3.40251397e-01 -3.40251397e-01  3.70767510e+00
 -3.40251397e-01 -3.40251397e-01 -3.40251397e-01 -3.40251397e-01
 -3.40251397e-01 -3.40251397e-01 -3.40251397e-01 -3.40251397e-01
  2.68838992e+00 -3.40251397e-01 -3.40251397e-01 -3.40251397e-01
 -3.40251397e-01 -3.40251397e-01 -3.40251397e-01 -3.40251397e-01
 -3.40251397e-01 -3.40251397e-01 -3.40251397e-01 -3.40251397e-01
 -3.40251397e-01 -3.40251397e-01  6.65655894e-01 -3.40251397e-01
 -3.40251397e-01 -3.40251397e-01 -3.40251397e-01  1.52487676e+00
 -3.40251397e-01 -3.40251397e-01 -3.40251397e-01 -3.40251397e-01
 -3.40251397e-01 -3.40251397e-01 -3.40251397e-01 -3.40251397e-01
 -3.40251397e-01 -3.40251397e-01  3.85166357e+00]",[0.0329084326754584]
14,"[-0.25715973 -0.25715973 -0.25715973 -0.25715973 -0.25715973 -0.25715973
 -0.25715973 -0.25715973 -0.25715973 -0.25715973 -0.25715973 -0.25715973
 -0.25715973 -0.25715973 -0.25715973 -0.25715973  1.4371046  -0.25715973
 -0.25715973 -0.25715973 -0.25715973 -0.25715973 -0.25715973 -0.25715973
 -0.25715973 -0.25715973 -0.25715973 -0.25715973 -0.25715973 -0.25715973
 -0.25715973 -0.25715973 -0.25715973 -0.25715973 -0.25715973 -0.25715973
 -0.25715973 -0.25715973 -0.25715973 -0.25715973  6.25528316 -0.25715973
 -0.25715973 -0.25715973 -0.25715973 -0.25715973 -0.25715973 -0.25715973
 -0.25715973 -0.25715973 -0.25715973 -0.25715973 -0.25715973 -0.25715973
 -0.25715973 -0.25715973  0.22387775 -0.25715973 -0.25715973 -0.25715973
 -0.25715973 -0.25715973 -0.25715973 -0.25715973 -0.25715973 -0.25715973
 -0.25715973 -0.25715973 -0.25715973 -0.25715973 -0.25715973 -0.25715973
 -0.25715973 -0.25715973 -0.25715973 -0.25715973 -0.25715973 -0.25715973
 -0.25715973 -0.25715973 -0.25715973 -0.25715973 -0.25715973 -0.25715973
 -0.25715973 -0.25715973 -0.25715973 -0.25715973  2.23606748 -0.25715973
 -0.25715973  3.60450393 -0.25715973 -0.25715973  4.61303156 -0.25715973
 -0.25715973 -0.25715973 -0.25715973 -0.25715973  3.35581931 -0.25715973
  3.79913032  0.5462788   4.54688564 -0.25715973  2.62153739  1.1046551
 -0.25715973 -0.25715973 -0.25715973 -0.25715973 -0.25715973 -0.25715973
 -0.25715973 -0.25715973 -0.25715973 -0.25715973 -0.25715973 -0.25715973
 -0.25715973 -0.25715973 -0.25715973 -0.25715973 -0.25715973 -0.25715973
 -0.25715973 -0.25715973 -0.25715973 -0.25715973 -0.25715973 -0.25715973
 -0.25715973 -0.25715973 -0.25715973 -0.25715973 -0.25715973 -0.25715973
 -0.25715973 -0.25715973 -0.25715973 -0.25715973 -0.25715973 -0.25715973
 -0.25715973 -0.25715973 -0.25715973 -0.25715973 -0.25715973 -0.25715973
 -0.25715973 -0.25715973 -0.25715973 -0.25715973 -0.25715973 -0.25715973
 -0.25715973 -0.25715973 -0.25715973 -0.25715973 -0.25715973 -0.25715973
  3.80860385 -0.25715973 -0.25715973 -0.25715973 -0.25715973  4.27857583
 -0.25715973 -0.25715973 -0.25715973 -0.25715973 -0.25715973 -0.25715973
 -0.25715973 -0.25715973 -0.25715973 -0.25715973 -0.25715973]",[0.004182579868912739]
14,"[-0.24751324 -0.24751324 -0.24751324 -0.24751324 -0.24751324 -0.24751324
 -0.24751324 -0.24751324 -0.24751324 -0.24751324 -0.24751324 -0.24751324
 -0.24751324 -0.24751324 -0.24751324 -0.24751324 -0.24751324 -0.24751324
 -0.24751324 -0.24751324 -0.24751324 -0.24751324 -0.24751324 -0.24751324
 -0.24751324 -0.24751324 -0.24751324 -0.24751324  0.35028771 -0.24751324
 -0.24751324 -0.24751324 -0.24751324 -0.24751324 -0.24751324 -0.24751324
 -0.24751324 -0.24751324 -0.24751324 -0.24751324  5.53306025 -0.24751324
 -0.24751324 -0.24751324 -0.24751324 -0.24751324 -0.24751324 -0.24751324
 -0.24751324 -0.24751324 -0.24751324 -0.24751324 -0.24751324  5.64827753
  4.19801107 -0.24751324 -0.24751324 -0.24751324 -0.24751324 -0.24751324
 -0.24751324 -0.24751324 -0.24751324 -0.24751324 -0.24751324 -0.24751324
 -0.24751324 -0.24751324 -0.24751324 -0.24751324 -0.24751324 -0.24751324
 -0.24751324 -0.24751324 -0.24751324 -0.24751324 -0.24751324 -0.24751324
 -0.24751324 -0.24751324 -0.24751324 -0.24751324 -0.24751324 -0.24751324
 -0.24751324 -0.24751324 -0.24751324 -0.24751324 -0.24751324 -0.24751324
 -0.24751324  3.4778381  -0.24751324 -0.24751324 -0.24751324 -0.24751324
 -0.24751324 -0.24751324 -0.24751324 -0.24751324  3.03823817 -0.24751324
  0.42612649  3.55153378  1.81987476 -0.24751324  3.19697691  4.99726733
 -0.24751324 -0.24751324 -0.24751324 -0.24751324 -0.24751324 -0.24751324
 -0.24751324 -0.24751324 -0.24751324 -0.24751324 -0.24751324 -0.24751324
 -0.24751324 -0.24751324 -0.24751324 -0.24751324 -0.24751324 -0.24751324
 -0.24751324 -0.24751324 -0.24751324 -0.24751324 -0.24751324 -0.24751324
 -0.24751324 -0.24751324 -0.24751324 -0.24751324 -0.24751324 -0.24751324
 -0.24751324 -0.24751324 -0.24751324 -0.24751324 -0.24751324 -0.24751324
 -0.24751324 -0.24751324 -0.24751324 -0.24751324 -0.24751324 -0.24751324
 -0.24751324  0.97912646 -0.24751324 -0.24751324 -0.24751324 -0.24751324
 -0.24751324 -0.24751324 -0.24751324 -0.24751324 -0.24751324 -0.24751324
 -0.24751324 -0.24751324 -0.24751324 -0.24751324 -0.24751324  3.87057898
 -0.24751324 -0.24751324 -0.24751324 -0.24751324 -0.24751324 -0.24751324
 -0.24751324 -0.24751324 -0.24751324 -0.24751324 -0.24751324]",[-0.0211229953845479]
14,"[-0.30200277 -0.30200277 -0.30200277 -0.30200277 -0.30200277 -0.30200277
 -0.30200277 -0.30200277 -0.30200277 -0.30200277 -0.30200277 -0.30200277
 -0.30200277 -0.30200277 -0.30200277 -0.30200277 -0.30200277 -0.30200277
 -0.30200277 -0.30200277 -0.30200277 -0.30200277 -0.30200277 -0.30200277
 -0.30200277 -0.30200277 -0.30200277 -0.30200277 -0.30200277 -0.30200277
 -0.30200277 -0.30200277 -0.30200277 -0.30200277 -0.30200277 -0.30200277
 -0.30200277 -0.30200277 -0.30200277 -0.30200277  4.46411405  0.57738997
 -0.30200277 -0.30200277 -0.30200277 -0.30200277 -0.30200277 -0.30200277
 -0.30200277 -0.30200277 -0.30200277 -0.30200277 -0.30200277  5.81867367
  2.35168292 -0.30200277  0.19952369 -0.30200277 -0.30200277 -0.30200277
 -0.30200277 -0.30200277 -0.30200277 -0.30200277 -0.30200277 -0.30200277
 -0.30200277 -0.30200277 -0.30200277 -0.30200277 -0.30200277 -0.30200277
  0.83047618 -0.30200277 -0.30200277 -0.30200277 -0.30200277 -0.30200277
 -0.30200277 -0.30200277 -0.30200277 -0.30200277 -0.30200277 -0.30200277
 -0.30200277 -0.30200277 -0.30200277 -0.30200277 -0.30200277 -0.30200277
 -0.30200277  3.74339267 -0.30200277  1.82225492  2.52199292 -0.30200277
 -0.30200277 -0.30200277 -0.30200277 -0.30200277  3.40281383 -0.30200277
  2.57926182  2.64686518  3.11939714  1.87743282  2.29905531 -0.30200277
 -0.30200277 -0.30200277 -0.30200277 -0.30200277 -0.30200277 -0.30200277
 -0.30200277 -0.30200277 -0.30200277 -0.30200277 -0.30200277 -0.30200277
 -0.30200277 -0.30200277 -0.30200277 -0.30200277 -0.30200277 -0.30200277
 -0.30200277 -0.30200277 -0.30200277 -0.30200277 -0.30200277 -0.30200277
 -0.30200277 -0.30200277 -0.30200277 -0.30200277 -0.30200277 -0.30200277
 -0.30200277  3.95538906 -0.30200277 -0.30200277 -0.30200277 -0.30200277
 -0.30200277 -0.30200277 -0.30200277 -0.30200277 -0.30200277 -0.30200277
 -0.30200277 -0.30200277 -0.30200277 -0.30200277 -0.30200277 -0.30200277
 -0.30200277 -0.30200277 -0.30200277 -0.30200277 -0.30200277 -0.30200277
  2.84724101 -0.30200277 -0.30200277 -0.30200277 -0.30200277  3.56548829
 -0.30200277 -0.30200277 -0.30200277 -0.30200277 -0.30200277 -0.30200277
 -0.30200277 -0.30200277 -0.30200277 -0.30200277 -0.30200277]",[0.0033406414134880547]
14,"[-0.26209561 -0.26209561 -0.26209561 -0.22683149 -0.26209561 -0.26209561
 -0.26209561 -0.26209561 -0.26209561 -0.26209561 -0.26209561 -0.26209561
 -0.26209561 -0.26209561 -0.26209561 -0.26209561 -0.26209561 -0.26209561
 -0.26209561 -0.26209561 -0.26209561 -0.26209561 -0.26209561 -0.26209561
 -0.26209561 -0.26209561 -0.26209561 -0.26209561 -0.26209561 -0.26209561
 -0.26209561 -0.26209561 -0.26209561 -0.26209561 -0.26209561 -0.26209561
 -0.26209561 -0.26209561 -0.26209561 -0.26209561  4.86512528 -0.26209561
 -0.26209561 -0.26209561 -0.26209561 -0.26209561 -0.26209561 -0.26209561
 -0.26209561 -0.26209561 -0.26209561 -0.26209561 -0.26209561  6.18603493
 -0.26209561  0.27621416 -0.26209561 -0.26209561 -0.26209561 -0.26209561
 -0.26209561 -0.26209561 -0.26209561 -0.26209561 -0.26209561 -0.26209561
 -0.26209561 -0.26209561 -0.26209561 -0.26209561 -0.26209561 -0.26209561
 -0.26209561 -0.26209561 -0.26209561 -0.26209561 -0.26209561 -0.26209561
 -0.26209561 -0.26209561 -0.26209561 -0.26209561 -0.26209561 -0.26209561
 -0.26209561 -0.26209561 -0.26209561 -0.26209561 -0.26209561 -0.26209561
 -0.26209561  1.55247187 -0.26209561  0.09088188  1.69977794 -0.26209561
 -0.26209561 -0.26209561 -0.26209561 -0.26209561  2.61517739 -0.26209561
  2.30856111  0.40103346  2.39446956 -0.26209561  3.64227398  2.79347786
 -0.26209561 -0.26209561 -0.26209561 -0.26209561 -0.26209561 -0.26209561
 -0.26209561 -0.26209561 -0.26209561 -0.26209561 -0.26209561 -0.26209561
 -0.26209561 -0.26209561 -0.26209561 -0.26209561 -0.26209561 -0.26209561
 -0.26209561 -0.26209561 -0.26209561 -0.26209561 -0.26209561 -0.26209561
 -0.26209561 -0.26209561 -0.26209561 -0.26209561 -0.26209561 -0.26209561
 -0.26209561  4.59823071 -0.26209561 -0.26209561 -0.26209561 -0.26209561
 -0.26209561 -0.26209561 -0.26209561 -0.26209561 -0.26209561 -0.26209561
 -0.26209561 -0.26209561 -0.26209561 -0.26209561 -0.26209561 -0.26209561
 -0.26209561 -0.26209561 -0.26209561 -0.26209561 -0.26209561 -0.26209561
  0.71273612 -0.26209561 -0.26209561 -0.26209561 -0.26209561  3.01688276
 -0.26209561 -0.26209561 -0.26209561 -0.26209561 -0.26209561 -0.26209561
 -0.26209561 -0.26209561 -0.26209561 -0.26209561  5.53297068]",[0.006521551402986991]
14,"[-0.28872903 -0.28872903 -0.28872903 -0.28872903 -0.28872903 -0.28872903
 -0.28872903 -0.28872903 -0.28872903 -0.28872903 -0.28872903 -0.28872903
 -0.28872903 -0.28872903 -0.28872903 -0.28872903 -0.28872903 -0.28872903
 -0.28872903 -0.28872903 -0.28872903 -0.28872903 -0.28872903 -0.28872903
 -0.28872903 -0.28872903 -0.28872903 -0.28872903 -0.28872903 -0.28872903
 -0.28872903 -0.28872903 -0.28872903 -0.28872903 -0.28872903 -0.28872903
 -0.28872903 -0.28872903 -0.28872903 -0.28872903  3.79275895 -0.28872903
 -0.28872903 -0.28872903 -0.28872903 -0.28872903 -0.28872903 -0.28872903
 -0.28872903 -0.28872903 -0.28872903 -0.28872903 -0.28872903  4.91554451
 -0.28872903  2.6158704   3.85857244 -0.28872903 -0.28872903 -0.28872903
 -0.28872903 -0.28872903 -0.28872903 -0.28872903 -0.28872903 -0.28872903
 -0.28872903 -0.28872903 -0.28872903 -0.28872903 -0.28872903 -0.28872903
 -0.28872903 -0.28872903 -0.28872903 -0.28872903 -0.28872903 -0.28872903
 -0.28872903 -0.28872903 -0.28872903 -0.28872903 -0.28872903 -0.28872903
 -0.28872903 -0.28872903 -0.28872903  1.14930903 -0.28872903 -0.28872903
 -0.28872903  1.62736391 -0.28872903 -0.28872903  2.6513305  -0.28872903
 -0.28872903 -0.28872903 -0.28872903 -0.28872903  2.85872218 -0.28872903
  3.8171737   3.28884075  2.12973815 -0.28872903  0.58939072 -0.28872903
 -0.28872903 -0.28872903 -0.28872903 -0.28872903 -0.28872903 -0.28872903
 -0.28872903 -0.28872903 -0.28872903 -0.28872903 -0.28872903 -0.28872903
 -0.28872903 -0.28872903 -0.28872903 -0.28872903 -0.28872903 -0.28872903
 -0.28872903 -0.28872903 -0.28872903 -0.28872903 -0.28872903 -0.28872903
 -0.28872903 -0.28872903 -0.28872903 -0.28872903 -0.28872903 -0.28872903
 -0.28872903 -0.28872903 -0.28872903 -0.28872903 -0.28872903 -0.28872903
 -0.28872903 -0.28872903 -0.28872903 -0.28872903 -0.28872903 -0.28872903
 -0.28872903  0.96073146 -0.28872903 -0.28872903 -0.28872903 -0.28872903
 -0.28872903 -0.28872903 -0.28872903 -0.28872903 -0.28872903 -0.28872903
  4.02531582 -0.28872903 -0.28872903 -0.28872903 -0.28872903  4.36207304
 -0.28872903 -0.28872903 -0.28872903 -0.28872903 -0.28872903 -0.28872903
 -0.28872903 -0.28872903 -0.28872903 -0.28872903  4.42009703]",[-0.03668871355982095]
14,"[-0.31643756 -0.31643756 -0.31643756 -0.06555325 -0.31643756 -0.31643756
 -0.31643756 -0.31643756 -0.31643756 -0.31643756 -0.31643756 -0.31643756
 -0.31643756 -0.31643756 -0.31643756 -0.31643756  0.26655325 -0.31643756
 -0.31643756 -0.31643756 -0.31643756 -0.31643756 -0.31643756 -0.31643756
 -0.31643756 -0.31643756 -0.31643756 -0.31643756 -0.31643756 -0.31643756
 -0.31643756 -0.31643756 -0.31643756 -0.31643756 -0.31643756 -0.31643756
 -0.31643756 -0.31643756 -0.31643756 -0.31643756  4.89194572  1.17273861
 -0.31643756 -0.31643756 -0.31643756 -0.31643756 -0.31643756 -0.31643756
 -0.31643756 -0.31643756 -0.31643756 -0.31643756 -0.31643756  5.26767981
  2.75356095 -0.31643756  3.48534848 -0.31643756 -0.31643756 -0.31643756
 -0.31643756 -0.31643756 -0.31643756 -0.31643756 -0.31643756 -0.31643756
 -0.31643756 -0.31643756 -0.31643756 -0.31643756 -0.31643756 -0.31643756
 -0.02448302 -0.31643756 -0.31643756 -0.31643756 -0.31643756 -0.31643756
 -0.31643756 -0.31643756 -0.31643756 -0.31643756 -0.31643756 -0.31643756
 -0.31643756 -0.31643756 -0.31643756 -0.31643756 -0.31643756  0.82507643
 -0.31643756  3.1583969  -0.31643756  0.22194174  1.69007399 -0.31643756
 -0.31643756 -0.31643756  1.90102514 -0.31643756  3.10289538 -0.31643756
  3.23950322  3.46101199  2.5796978   2.95610701  1.21404367 -0.31643756
 -0.31643756 -0.31643756 -0.31643756 -0.31643756  0.05362324 -0.31643756
 -0.31643756 -0.31643756 -0.31643756 -0.31643756 -0.31643756 -0.31643756
 -0.31643756 -0.31643756 -0.31643756 -0.31643756 -0.31643756 -0.31643756
 -0.31643756 -0.31643756 -0.31643756 -0.31643756 -0.31643756 -0.31643756
 -0.31643756 -0.31643756 -0.31643756 -0.31643756 -0.31643756 -0.31643756
 -0.31643756  4.28235831 -0.31643756 -0.31643756 -0.31643756 -0.31643756
 -0.31643756 -0.31643756 -0.31643756 -0.31643756  2.39774687 -0.31643756
 -0.31643756 -0.31643756 -0.31643756 -0.31643756 -0.31643756 -0.31643756
 -0.31643756 -0.31643756 -0.31643756 -0.31643756 -0.31643756 -0.31643756
  0.53296724 -0.31643756 -0.31643756 -0.31643756 -0.31643756 -0.31643756
 -0.31643756 -0.31643756 -0.31643756 -0.31643756 -0.31643756 -0.31643756
 -0.31643756 -0.31643756 -0.31643756 -0.31643756 -0.31643756]",[0.006266557128474459]
14,"[-0.28740664 -0.28740664 -0.28740664 -0.28740664 -0.28740664 -0.28740664
 -0.28740664 -0.28740664 -0.28740664 -0.28740664 -0.28740664 -0.28740664
 -0.28740664 -0.28740664 -0.28740664 -0.28740664 -0.28740664 -0.28740664
 -0.28740664 -0.28740664 -0.28740664 -0.28740664 -0.28740664 -0.28740664
 -0.28740664 -0.28740664 -0.28740664 -0.28740664 -0.28740664 -0.28740664
 -0.28740664 -0.28740664 -0.28740664 -0.28740664 -0.28740664 -0.28740664
 -0.28740664 -0.28740664 -0.28740664 -0.28740664  5.52086507  0.32407153
 -0.28740664 -0.28740664 -0.28740664 -0.28740664 -0.28740664 -0.28740664
 -0.28740664 -0.28740664 -0.28740664 -0.28740664 -0.28740664  4.89209249
  0.2265268   0.03286294 -0.28740664 -0.28740664 -0.28740664 -0.28740664
 -0.28740664 -0.28740664 -0.28740664 -0.28740664 -0.28740664 -0.28740664
 -0.28740664 -0.28740664 -0.28740664 -0.28740664 -0.28740664 -0.28740664
 -0.10981591 -0.28740664 -0.28740664 -0.28740664 -0.28740664 -0.28740664
 -0.28740664 -0.28740664 -0.28740664 -0.28740664 -0.28740664 -0.28740664
 -0.28740664 -0.28740664 -0.28740664 -0.28740664 -0.28740664 -0.28740664
 -0.28740664  3.30991821 -0.28740664 -0.28740664  1.8679946   0.20164451
 -0.28740664 -0.28740664 -0.28740664 -0.28740664  3.01299524 -0.28740664
  2.85795205  2.72789918  2.52260772  3.55472089  2.50800851 -0.28740664
 -0.28740664 -0.28740664 -0.28740664 -0.28740664 -0.28740664 -0.28740664
 -0.28740664 -0.28740664 -0.28740664 -0.28740664 -0.28740664 -0.28740664
 -0.28740664 -0.28740664 -0.28740664 -0.28740664 -0.28740664 -0.28740664
 -0.28740664 -0.28740664 -0.28740664 -0.28740664 -0.28740664 -0.28740664
 -0.28740664 -0.28740664 -0.28740664 -0.28740664 -0.28740664 -0.28740664
 -0.28740664  2.78995896 -0.28740664 -0.28740664 -0.28740664 -0.28740664
 -0.28740664 -0.28740664 -0.28740664 -0.28740664 -0.28740664 -0.28740664
 -0.28740664 -0.28740664 -0.28740664 -0.28740664 -0.28740664 -0.28740664
 -0.28740664 -0.28740664 -0.28740664 -0.28740664 -0.28740664 -0.28740664
  3.7874062  -0.28740664 -0.28740664 -0.28740664 -0.28740664  1.1259147
 -0.28740664 -0.28740664 -0.28740664 -0.28740664 -0.28740664 -0.28740664
 -0.28740664 -0.28740664 -0.28740664 -0.28740664  4.83143935]",[0.0003628887981808604]
14,"[-0.31670877 -0.31670877 -0.31670877 -0.31670877 -0.31670877 -0.31670877
 -0.31670877 -0.31670877 -0.31670877 -0.31670877 -0.31670877 -0.31670877
 -0.31670877 -0.31670877 -0.31670877 -0.31670877 -0.31670877 -0.31670877
 -0.31670877 -0.31670877 -0.31670877 -0.31670877 -0.31670877 -0.31670877
 -0.31670877 -0.31670877 -0.31670877 -0.31670877 -0.31670877 -0.31670877
 -0.31670877 -0.31670877 -0.31670877 -0.31670877 -0.31670877 -0.31670877
 -0.31670877 -0.31670877 -0.31670877 -0.31670877  4.14509647 -0.31670877
 -0.31670877 -0.31670877 -0.31670877 -0.31670877 -0.31670877 -0.31670877
 -0.31670877 -0.31670877 -0.31670877 -0.31670877 -0.31670877  5.50245564
 -0.31670877 -0.31670877 -0.31670877 -0.31670877 -0.31670877 -0.31670877
  2.67535476 -0.31670877 -0.31670877 -0.31670877 -0.31670877 -0.31670877
 -0.31670877 -0.31670877 -0.31670877 -0.31670877 -0.31670877 -0.31670877
 -0.31670877 -0.31670877 -0.31670877 -0.31670877 -0.31670877 -0.31670877
 -0.31670877 -0.31670877 -0.31670877 -0.31670877 -0.31670877 -0.31670877
 -0.31670877 -0.31670877 -0.31670877 -0.31670877 -0.31670877 -0.31670877
 -0.31670877  1.77259867 -0.31670877 -0.31670877  2.4226358  -0.31670877
 -0.31670877 -0.31670877 -0.31670877 -0.31670877  2.36835773 -0.31670877
  5.06507563  3.38989538  2.60031312  0.90777867  1.70002322 -0.31670877
 -0.31670877 -0.31670877 -0.31670877 -0.31670877 -0.31670877 -0.31670877
 -0.31670877 -0.31670877 -0.31670877 -0.31670877 -0.31670877 -0.31670877
 -0.31670877 -0.31670877 -0.31670877 -0.31670877 -0.31670877 -0.31670877
 -0.31670877 -0.31670877 -0.31670877 -0.31670877 -0.31670877  0.91799343
 -0.31670877 -0.31670877 -0.31670877 -0.31670877 -0.31670877  1.07307174
 -0.31670877 -0.31670877 -0.31670877 -0.31670877 -0.31670877 -0.31670877
 -0.31670877 -0.31670877 -0.31670877 -0.31670877  0.58604733 -0.31670877
 -0.31670877  2.0871528  -0.31670877 -0.31670877 -0.31670877 -0.31670877
 -0.31670877 -0.31670877 -0.31670877 -0.31670877 -0.31670877 -0.31670877
  1.63759071 -0.31670877 -0.31670877 -0.31670877 -0.31670877  4.52994845
 -0.31670877  2.36008149  2.11194277 -0.31670877 -0.31670877 -0.31670877
 -0.31670877 -0.31670877 -0.31670877 -0.31670877  2.50328016]",[0.01054402367625612]
14,"[-0.34407958 -0.34407958 -0.34407958 -0.34407958 -0.34407958 -0.34407958
 -0.34407958 -0.34407958 -0.34407958 -0.34407958 -0.34407958 -0.34407958
 -0.34407958 -0.34407958 -0.34407958 -0.34407958 -0.34407958 -0.34407958
 -0.34407958 -0.34407958 -0.34407958 -0.34407958 -0.34407958 -0.34407958
 -0.34407958 -0.34407958 -0.34407958 -0.34407958  0.6411938  -0.34407958
 -0.34407958 -0.34407958 -0.34407958 -0.34407958 -0.34407958 -0.34407958
 -0.34407958 -0.34407958 -0.34407958 -0.34407958  3.05669357  0.07817962
 -0.34407958 -0.34407958 -0.34407958 -0.34407958 -0.34407958 -0.34407958
 -0.34407958 -0.34407958 -0.34407958 -0.34407958 -0.34407958  5.93092661
  0.59153368  1.48187051  3.71249814 -0.34407958 -0.34407958 -0.34407958
 -0.34407958 -0.34407958 -0.34407958 -0.34407958 -0.34407958 -0.34407958
 -0.34407958 -0.34407958 -0.34407958 -0.34407958 -0.34407958 -0.34407958
  1.44873929 -0.34407958 -0.34407958 -0.34407958 -0.34407958 -0.34407958
 -0.34407958 -0.34407958 -0.34407958 -0.34407958 -0.34407958 -0.34407958
 -0.34407958 -0.34407958 -0.34407958 -0.34407958  1.13303298 -0.34407958
 -0.34407958  0.98517773 -0.34407958 -0.22928504  0.4615836  -0.34407958
 -0.34407958 -0.34407958 -0.34407958 -0.34407958  3.59528786 -0.34407958
  0.56571511  3.0608887   2.65040111  3.5507929   3.06933162 -0.34407958
 -0.34407958 -0.34407958 -0.34407958 -0.34407958 -0.34407958 -0.34407958
 -0.34407958 -0.34407958 -0.34407958 -0.34407958 -0.34407958 -0.34407958
 -0.34407958 -0.34407958 -0.34407958 -0.34407958 -0.34407958 -0.34407958
 -0.34407958 -0.34407958 -0.34407958 -0.34407958 -0.34407958  1.38357357
 -0.34407958 -0.34407958 -0.34407958 -0.34407958 -0.34407958 -0.34407958
 -0.34407958  3.97896188 -0.34407958 -0.34407958 -0.34407958 -0.34407958
 -0.34407958 -0.34407958 -0.34407958 -0.34407958  2.29160194 -0.34407958
 -0.34407958 -0.34407958 -0.34407958 -0.34407958 -0.34407958 -0.34407958
 -0.34407958 -0.34407958 -0.34407958 -0.34407958 -0.34407958 -0.34407958
  2.1486379  -0.34407958 -0.34407958 -0.34407958 -0.34407958  2.17194116
 -0.34407958  0.42306687  1.57178633 -0.34407958  2.89004357 -0.34407958
 -0.34407958 -0.34407958 -0.34407958 -0.34407958 -0.34407958]",[1.9982553080384435]
14,"[-0.3110291  -0.3110291  -0.3110291   1.08556615 -0.3110291  -0.3110291
 -0.3110291  -0.3110291  -0.3110291  -0.3110291  -0.3110291  -0.3110291
 -0.3110291  -0.3110291  -0.3110291  -0.3110291  -0.3110291  -0.3110291
 -0.3110291  -0.3110291  -0.3110291  -0.3110291  -0.3110291  -0.3110291
 -0.3110291  -0.3110291  -0.3110291  -0.3110291  -0.3110291  -0.3110291
 -0.3110291  -0.3110291  -0.3110291  -0.3110291  -0.3110291  -0.3110291
 -0.3110291  -0.3110291  -0.3110291  -0.3110291   5.69123169  0.4430663
 -0.3110291  -0.3110291  -0.3110291  -0.3110291  -0.3110291  -0.3110291
 -0.3110291  -0.3110291   1.07410464 -0.3110291  -0.3110291   5.57920072
  1.61641609 -0.3110291   3.28545207 -0.3110291  -0.3110291  -0.3110291
 -0.3110291  -0.3110291  -0.3110291  -0.3110291  -0.3110291  -0.3110291
 -0.3110291  -0.3110291  -0.3110291  -0.3110291  -0.3110291  -0.3110291
  0.52154004 -0.3110291  -0.3110291  -0.3110291  -0.3110291  -0.3110291
 -0.3110291  -0.3110291  -0.3110291  -0.3110291  -0.3110291  -0.3110291
 -0.3110291  -0.3110291  -0.3110291  -0.3110291   1.27370237 -0.3110291
 -0.3110291   2.22173007 -0.3110291  -0.3110291   1.86086757 -0.3110291
 -0.3110291  -0.3110291  -0.3110291  -0.3110291   3.26848623 -0.3110291
  2.0176281   3.3040026   3.02328846 -0.3110291   1.66818303 -0.3110291
 -0.3110291  -0.3110291  -0.3110291  -0.3110291  -0.3110291  -0.3110291
 -0.3110291  -0.3110291  -0.3110291  -0.3110291  -0.3110291  -0.3110291
 -0.3110291  -0.3110291  -0.3110291  -0.3110291  -0.3110291  -0.3110291
 -0.3110291  -0.3110291  -0.3110291  -0.3110291  -0.3110291  -0.3110291
 -0.3110291  -0.3110291  -0.3110291  -0.3110291  -0.3110291  -0.3110291
 -0.3110291   4.19627794 -0.3110291  -0.3110291  -0.3110291  -0.3110291
 -0.3110291  -0.3110291  -0.3110291  -0.3110291  -0.3110291  -0.3110291
 -0.3110291  -0.3110291  -0.3110291  -0.3110291  -0.3110291  -0.3110291
 -0.3110291  -0.3110291  -0.3110291  -0.3110291  -0.3110291  -0.3110291
  2.26995693 -0.3110291  -0.3110291  -0.3110291  -0.3110291   1.91354266
 -0.3110291  -0.3110291  -0.3110291  -0.3110291  -0.3110291  -0.3110291
 -0.3110291  -0.3110291  -0.3110291  -0.3110291   3.13938311]",[0.004493025892985114]
14,"[-0.32978737 -0.32978737 -0.32978737 -0.32978737 -0.32978737 -0.32978737
 -0.32978737 -0.32978737 -0.32978737 -0.32978737 -0.32978737 -0.32978737
 -0.32978737 -0.32978737 -0.32978737 -0.32978737 -0.32978737 -0.32978737
 -0.32978737 -0.32978737 -0.32978737 -0.32978737 -0.32978737 -0.32978737
 -0.32978737 -0.32978737 -0.32978737 -0.32978737 -0.32978737 -0.32978737
 -0.32978737 -0.32978737 -0.32978737 -0.32978737 -0.32978737 -0.32978737
 -0.32978737 -0.32978737 -0.32978737 -0.32978737  4.20692354 -0.32978737
 -0.32978737  3.13562761 -0.32978737 -0.32978737 -0.32978737 -0.32978737
 -0.32978737 -0.32978737 -0.32978737 -0.32978737 -0.32978737  4.99721005
  2.28210622 -0.32978737  2.09061056 -0.32978737 -0.32978737 -0.32978737
 -0.32978737 -0.32978737 -0.32978737 -0.32978737 -0.32978737 -0.32978737
 -0.32978737 -0.32978737 -0.32978737 -0.32978737 -0.32978737 -0.32978737
 -0.32978737 -0.32978737 -0.32978737 -0.32978737  1.72266551 -0.32978737
 -0.32978737 -0.32978737 -0.32978737 -0.32978737 -0.32978737 -0.32978737
 -0.32978737 -0.32978737 -0.32978737 -0.32978737 -0.32978737 -0.32978737
 -0.32978737  2.57170931 -0.32978737 -0.32978737  2.73414049 -0.32978737
 -0.32978737 -0.32978737 -0.32978737 -0.32978737  2.5001199  -0.32978737
 -0.32978737  3.39578368  2.15783554 -0.32978737 -0.32978737 -0.32978737
 -0.32978737 -0.32978737 -0.32978737 -0.32978737 -0.32978737  2.00588024
 -0.32978737 -0.32978737 -0.32978737 -0.32978737 -0.32978737 -0.32978737
 -0.32978737  0.32852504 -0.32978737 -0.32978737 -0.32978737 -0.32978737
 -0.32978737 -0.32978737 -0.32978737 -0.32978737 -0.32978737 -0.32978737
 -0.32978737 -0.32978737 -0.32978737 -0.32978737 -0.32978737 -0.32978737
 -0.32978737  3.97264088 -0.32978737 -0.32978737 -0.32978737 -0.32978737
 -0.32978737  1.27647564 -0.32978737 -0.32978737  2.2666142  -0.32978737
 -0.32978737 -0.32978737 -0.32978737 -0.32978737 -0.32978737 -0.32978737
 -0.32978737 -0.32978737 -0.32978737 -0.32978737 -0.32978737 -0.32978737
  4.03493113 -0.32978737 -0.32978737 -0.32978737 -0.32978737  2.53549014
 -0.32978737 -0.32978737  3.06789595 -0.32978737 -0.32978737 -0.32978737
 -0.32978737 -0.32978737 -0.32978737 -0.32978737  1.15300698]",[-0.036664020152971044]
14,"[-3.06560214e-01 -3.06560214e-01 -3.06560214e-01 -2.54637157e-01
 -3.06560214e-01 -3.06560214e-01 -3.06560214e-01 -3.06560214e-01
 -3.06560214e-01 -3.06560214e-01 -3.06560214e-01 -3.06560214e-01
 -3.06560214e-01 -3.06560214e-01 -3.06560214e-01 -3.06560214e-01
 -3.06560214e-01 -3.06560214e-01 -3.06560214e-01 -3.06560214e-01
 -3.06560214e-01 -3.06560214e-01 -3.06560214e-01 -3.06560214e-01
 -3.06560214e-01 -3.06560214e-01 -3.06560214e-01 -3.06560214e-01
 -3.06560214e-01 -3.06560214e-01 -3.06560214e-01 -3.06560214e-01
 -3.06560214e-01 -3.06560214e-01 -3.06560214e-01 -3.06560214e-01
 -3.06560214e-01 -3.06560214e-01 -3.06560214e-01 -3.06560214e-01
  5.05617812e+00  1.73885772e+00 -3.06560214e-01 -3.06560214e-01
 -3.06560214e-01 -3.06560214e-01 -3.06560214e-01 -3.06560214e-01
 -3.06560214e-01 -3.06560214e-01 -3.06560214e-01 -3.06560214e-01
 -3.06560214e-01  5.85683427e+00  4.05829369e+00 -3.06560214e-01
  2.09955695e+00 -3.06560214e-01 -3.06560214e-01 -3.06560214e-01
 -3.06560214e-01 -3.06560214e-01 -3.06560214e-01 -3.06560214e-01
 -3.06560214e-01 -3.06560214e-01 -3.06560214e-01 -3.06560214e-01
 -3.06560214e-01 -3.06560214e-01 -3.06560214e-01 -3.06560214e-01
 -3.06560214e-01 -3.06560214e-01 -3.06560214e-01 -3.06560214e-01
 -3.06560214e-01 -3.06560214e-01 -3.06560214e-01 -3.06560214e-01
 -3.06560214e-01 -3.06560214e-01 -3.06560214e-01 -3.06560214e-01
 -3.06560214e-01 -3.06560214e-01 -3.06560214e-01 -3.06560214e-01
 -3.06560214e-01  4.11578697e-01 -3.06560214e-01  1.37815849e+00
 -3.06560214e-01  1.38616714e-03  2.85349155e+00 -3.06560214e-01
 -3.06560214e-01 -3.06560214e-01  7.88141359e-01 -3.06560214e-01
  3.13831797e+00 -3.06560214e-01  3.61376497e+00  2.83571364e+00
  3.18857924e+00 -3.06560214e-01  1.42272111e+00 -3.06560214e-01
 -3.06560214e-01 -3.06560214e-01 -3.06560214e-01 -3.06560214e-01
 -3.06560214e-01 -3.06560214e-01 -3.06560214e-01 -3.06560214e-01
 -3.06560214e-01 -3.06560214e-01 -3.06560214e-01 -3.06560214e-01
 -3.06560214e-01 -3.06560214e-01 -3.06560214e-01 -3.06560214e-01
 -3.06560214e-01 -3.06560214e-01 -3.06560214e-01 -3.06560214e-01
 -3.06560214e-01 -3.06560214e-01 -3.06560214e-01 -3.06560214e-01
 -3.06560214e-01 -3.06560214e-01 -3.06560214e-01 -3.06560214e-01
 -3.06560214e-01 -3.06560214e-01 -3.06560214e-01  3.77985822e+00
 -3.06560214e-01 -3.06560214e-01 -3.06560214e-01 -3.06560214e-01
 -3.06560214e-01 -3.06560214e-01 -3.06560214e-01 -3.06560214e-01
  2.34410011e+00 -3.06560214e-01 -3.06560214e-01 -3.06560214e-01
 -3.06560214e-01 -3.06560214e-01 -3.06560214e-01 -3.06560214e-01
 -3.06560214e-01 -3.06560214e-01 -3.06560214e-01 -3.06560214e-01
 -3.06560214e-01 -3.06560214e-01  7.29367326e-01 -3.06560214e-01
 -3.06560214e-01 -3.06560214e-01 -3.06560214e-01  2.42831524e+00
  3.97233090e-01 -3.06560214e-01  2.64142821e-01 -3.06560214e-01
 -3.06560214e-01 -3.06560214e-01 -3.06560214e-01 -3.06560214e-01
 -3.06560214e-01 -3.06560214e-01 -3.06560214e-01]",[-0.0376735732391596]
14,"[-0.30959238 -0.30959238 -0.30959238 -0.30959238 -0.30959238 -0.30959238
 -0.30959238 -0.30959238 -0.30959238 -0.30959238 -0.30959238 -0.30959238
 -0.30959238 -0.30959238 -0.30959238 -0.30959238 -0.30959238 -0.30959238
 -0.30959238 -0.30959238 -0.30959238 -0.30959238 -0.30959238 -0.30959238
 -0.30959238 -0.30959238 -0.30959238 -0.30959238 -0.30959238 -0.30959238
 -0.30959238 -0.30959238 -0.30959238 -0.30959238 -0.30959238 -0.30959238
 -0.30959238 -0.30959238 -0.30959238 -0.30959238  5.19756958  0.54932516
 -0.30959238 -0.30959238 -0.30959238 -0.30959238 -0.30959238 -0.30959238
 -0.30959238 -0.30959238 -0.30959238 -0.30959238 -0.30959238  5.4416238
  2.98661727 -0.30959238  2.95186377 -0.30959238 -0.30959238 -0.30959238
 -0.30959238 -0.30959238 -0.30959238 -0.30959238 -0.30959238 -0.30959238
 -0.30959238 -0.30959238 -0.30959238 -0.30959238 -0.30959238 -0.30959238
 -0.30959238 -0.30959238 -0.30959238 -0.30959238 -0.30959238 -0.30959238
 -0.30959238 -0.30959238 -0.30959238 -0.30959238 -0.30959238 -0.30959238
 -0.30959238 -0.30959238 -0.30959238 -0.30959238  1.07943291  0.63397277
 -0.30959238  2.39306694 -0.30959238 -0.30959238  1.91986768 -0.30959238
 -0.30959238 -0.30959238 -0.30959238 -0.30959238  3.03146287 -0.30959238
  2.70309475  2.65703778  1.96852614  2.8731722   0.4672239  -0.30959238
 -0.30959238 -0.30959238 -0.30959238 -0.30959238  0.65239624 -0.30959238
 -0.30959238 -0.30959238 -0.30959238 -0.30959238 -0.30959238 -0.30959238
 -0.30959238 -0.30959238 -0.30959238 -0.30959238 -0.30959238 -0.30959238
 -0.30959238 -0.30959238 -0.30959238 -0.30959238 -0.30959238 -0.30959238
 -0.30959238 -0.30959238 -0.30959238 -0.30959238 -0.30959238 -0.30959238
 -0.30959238  4.3360707  -0.30959238 -0.30959238 -0.30959238 -0.30959238
 -0.30959238 -0.30959238 -0.30959238 -0.30959238 -0.30959238 -0.30959238
 -0.30959238 -0.30959238 -0.30959238 -0.30959238 -0.30959238 -0.30959238
 -0.30959238 -0.30959238 -0.30959238 -0.30959238 -0.30959238 -0.30959238
  2.09848572 -0.30959238 -0.30959238 -0.30959238 -0.30959238  0.44604265
 -0.30959238 -0.30959238  0.22404421 -0.30959238 -0.30959238 -0.30959238
 -0.30959238 -0.30959238 -0.30959238 -0.30959238  4.30469909]",[-0.014637311944109332]
15,"[-0.29763227 -0.29763227 -0.29763227 -0.29763227 -0.29763227 -0.29763227
 -0.29763227 -0.29763227 -0.29763227 -0.29763227 -0.29763227 -0.29763227
 -0.29763227 -0.29763227 -0.29763227 -0.29763227  0.21884268 -0.29763227
 -0.29763227 -0.29763227 -0.29763227 -0.29763227 -0.29763227 -0.29763227
 -0.29763227 -0.29763227 -0.29763227 -0.29763227  1.40773274 -0.29763227
 -0.29763227 -0.29763227 -0.29763227 -0.29763227 -0.29763227 -0.29763227
 -0.29763227 -0.29763227 -0.29763227 -0.29763227  5.92649368  0.10886877
 -0.29763227 -0.29763227 -0.29763227 -0.29763227 -0.29763227 -0.29763227
 -0.29763227 -0.29763227 -0.29763227 -0.29763227 -0.29763227  0.23035954
 -0.14784804  4.19366907 -0.29763227 -0.29763227 -0.29763227 -0.29763227
 -0.29763227 -0.29763227 -0.29763227 -0.29763227 -0.29763227 -0.29763227
 -0.29763227 -0.29763227 -0.29763227 -0.29763227 -0.29763227 -0.29763227
 -0.29763227 -0.29763227 -0.29763227 -0.29763227 -0.29763227 -0.29763227
 -0.29763227 -0.29763227 -0.29763227 -0.29763227 -0.29763227 -0.29763227
 -0.29763227 -0.29763227 -0.29763227 -0.29763227  1.46380639  0.06862212
 -0.29763227  4.21070492 -0.29763227  0.34455314  2.9283018  -0.29763227
 -0.29763227 -0.29763227 -0.29763227 -0.29763227  3.38796246 -0.29763227
  3.04343495  3.73386691  2.8347449  -0.29763227  3.81269172 -0.29763227
  1.16539677 -0.29763227 -0.29763227 -0.29763227 -0.29763227 -0.29763227
 -0.29763227 -0.29763227 -0.29763227 -0.29763227 -0.29763227 -0.29763227
 -0.29763227 -0.29763227 -0.29763227 -0.29763227 -0.29763227 -0.29763227
 -0.29763227 -0.29763227 -0.29763227 -0.29763227 -0.29763227 -0.29763227
 -0.29763227 -0.29763227 -0.29763227 -0.29763227 -0.29763227 -0.29763227
 -0.29763227 -0.29763227 -0.29763227 -0.29763227 -0.29763227 -0.29763227
 -0.29763227 -0.29763227 -0.29763227 -0.29763227 -0.29763227 -0.29763227
 -0.29763227  2.01994323 -0.29763227 -0.29763227 -0.29763227 -0.29763227
 -0.29763227 -0.29763227 -0.29763227 -0.29763227 -0.29763227 -0.29763227
  2.553462   -0.29763227 -0.29763227 -0.29763227 -0.29763227  3.52028854
 -0.29763227 -0.29763227 -0.29763227 -0.29763227 -0.29763227 -0.29763227
 -0.29763227 -0.29763227 -0.29763227 -0.29763227 -0.29763227]",[0.027582289135228533]
15,"[-0.30146951 -0.30146951 -0.30146951 -0.30146951 -0.30146951 -0.30146951
 -0.30146951 -0.30146951 -0.30146951 -0.30146951 -0.30146951 -0.30146951
 -0.30146951 -0.30146951 -0.30146951 -0.30146951 -0.30146951 -0.30146951
 -0.30146951 -0.30146951 -0.30146951 -0.30146951 -0.30146951 -0.30146951
 -0.30146951 -0.30146951 -0.30146951 -0.30146951 -0.30146951 -0.30146951
 -0.30146951 -0.30146951 -0.30146951 -0.30146951 -0.30146951 -0.30146951
 -0.30146951 -0.30146951 -0.30146951 -0.30146951  5.83779206  0.42691355
 -0.30146951 -0.30146951 -0.30146951 -0.30146951 -0.30146951 -0.30146951
 -0.30146951 -0.30146951 -0.30146951 -0.30146951 -0.30146951  0.63198999
 -0.16235497  0.77816665  3.84296775 -0.30146951 -0.30146951 -0.30146951
 -0.30146951 -0.30146951 -0.30146951 -0.30146951 -0.30146951 -0.30146951
 -0.30146951 -0.30146951 -0.30146951 -0.30146951 -0.30146951 -0.30146951
 -0.30146951 -0.30146951 -0.30146951 -0.30146951 -0.30146951 -0.30146951
 -0.30146951 -0.30146951 -0.30146951 -0.30146951 -0.30146951 -0.30146951
 -0.30146951 -0.30146951 -0.30146951 -0.30146951  0.7386157  -0.30146951
 -0.30146951  1.95587531 -0.30146951  0.11185362  2.17644577 -0.30146951
 -0.30146951 -0.30146951 -0.30146951 -0.30146951  3.56130722 -0.30146951
  1.87079533  2.24030666  3.45959582  3.56289495  2.49417912 -0.30146951
 -0.30146951 -0.30146951 -0.30146951 -0.30146951 -0.30146951 -0.30146951
 -0.30146951 -0.30146951 -0.30146951 -0.30146951 -0.30146951 -0.30146951
 -0.30146951 -0.30146951 -0.30146951 -0.30146951 -0.30146951 -0.30146951
 -0.30146951 -0.30146951 -0.30146951 -0.30146951 -0.30146951 -0.30146951
 -0.30146951 -0.30146951 -0.30146951 -0.30146951 -0.30146951 -0.30146951
 -0.30146951  4.62389864 -0.30146951 -0.30146951 -0.30146951 -0.30146951
 -0.30146951 -0.30146951 -0.30146951 -0.30146951  3.29753174 -0.30146951
 -0.30146951 -0.30146951 -0.30146951 -0.30146951 -0.30146951 -0.30146951
 -0.30146951 -0.30146951 -0.30146951 -0.30146951 -0.30146951 -0.30146951
  3.2256582  -0.30146951 -0.30146951 -0.30146951 -0.30146951  3.25921976
 -0.30146951 -0.30146951 -0.30146951 -0.30146951 -0.30146951 -0.30146951
 -0.30146951 -0.30146951 -0.30146951 -0.30146951 -0.30146951]",[-0.03039886901693134]
15,"[-0.26446634 -0.26446634 -0.26446634 -0.10942798 -0.26446634 -0.26446634
 -0.26446634 -0.26446634 -0.26446634 -0.26446634 -0.26446634 -0.26446634
 -0.26446634 -0.26446634 -0.26446634 -0.26446634 -0.26446634 -0.26446634
 -0.26446634 -0.26446634 -0.26446634 -0.26446634 -0.26446634 -0.26446634
 -0.26446634 -0.26446634 -0.26446634 -0.26446634 -0.26446634 -0.26446634
 -0.26446634 -0.26446634 -0.26446634 -0.26446634 -0.26446634 -0.26446634
 -0.26446634 -0.26446634 -0.26446634 -0.26446634  4.93550798  2.25408354
 -0.26446634 -0.26446634 -0.26446634 -0.26446634 -0.26446634 -0.26446634
 -0.26446634 -0.26446634 -0.26446634 -0.26446634 -0.26446634  5.90945923
 -0.26446634 -0.26446634  5.11768051 -0.26446634 -0.26446634 -0.26446634
 -0.26446634 -0.26446634 -0.26446634 -0.26446634 -0.26446634 -0.26446634
 -0.26446634 -0.26446634 -0.26446634 -0.26446634 -0.26446634 -0.26446634
  0.33682022 -0.26446634 -0.26446634 -0.26446634 -0.26446634 -0.26446634
 -0.26446634 -0.26446634 -0.26446634 -0.26446634 -0.26446634 -0.26446634
 -0.26446634 -0.26446634 -0.26446634 -0.26446634 -0.26446634 -0.26446634
 -0.26446634  2.3619632  -0.26446634  0.73151724 -0.26446634 -0.26446634
 -0.26446634 -0.26446634 -0.26446634 -0.26446634  3.20494304 -0.26446634
  2.4381609   3.21114195  3.01236307 -0.26446634 -0.26446634 -0.26446634
 -0.26446634 -0.26446634 -0.26446634 -0.26446634 -0.26446634 -0.26446634
 -0.26446634 -0.26446634 -0.26446634 -0.26446634 -0.26446634 -0.26446634
 -0.26446634 -0.26446634 -0.26446634 -0.26446634 -0.26446634 -0.26446634
 -0.26446634 -0.26446634 -0.26446634 -0.26446634 -0.26446634 -0.26446634
 -0.26446634 -0.26446634 -0.26446634 -0.26446634 -0.26446634 -0.26446634
 -0.26446634  4.45289765 -0.26446634 -0.26446634 -0.26446634 -0.26446634
 -0.26446634 -0.26446634 -0.26446634 -0.26446634  2.97851763 -0.26446634
 -0.26446634 -0.26446634 -0.26446634 -0.26446634 -0.26446634 -0.26446634
 -0.26446634 -0.26446634 -0.26446634 -0.26446634 -0.26446634 -0.26446634
 -0.26446634 -0.26446634 -0.26446634 -0.26446634 -0.26446634  2.53685199
 -0.26446634 -0.26446634 -0.26446634 -0.26446634 -0.26446634 -0.26446634
 -0.26446634 -0.26446634 -0.26446634 -0.26446634 -0.26446634]",[-0.02231818409955799]
15,"[-0.2791349  -0.2791349  -0.2791349  -0.2791349  -0.2791349  -0.2791349
 -0.2791349  -0.2791349  -0.2791349  -0.2791349  -0.2791349  -0.2791349
 -0.2791349  -0.2791349  -0.2791349  -0.2791349   0.22463508 -0.2791349
 -0.2791349  -0.2791349  -0.2791349  -0.2791349  -0.2791349  -0.2791349
 -0.2791349  -0.2791349  -0.2791349  -0.2791349  -0.2791349  -0.2791349
 -0.2791349  -0.2791349  -0.2791349  -0.2791349  -0.2791349  -0.2791349
 -0.2791349  -0.2791349  -0.2791349  -0.2791349   6.63694156  1.85333308
 -0.2791349  -0.2791349  -0.2791349  -0.2791349  -0.2791349  -0.2791349
 -0.2791349  -0.2791349  -0.2791349  -0.2791349  -0.2791349  -0.2791349
 -0.2791349  -0.2791349  -0.2791349  -0.2791349  -0.2791349  -0.2791349
 -0.2791349  -0.2791349  -0.2791349  -0.2791349  -0.2791349  -0.2791349
 -0.2791349  -0.2791349  -0.2791349  -0.2791349  -0.2791349  -0.2791349
 -0.2791349  -0.2791349  -0.2791349  -0.2791349  -0.2791349  -0.2791349
 -0.2791349  -0.2791349  -0.2791349  -0.2791349  -0.2791349  -0.2791349
 -0.2791349  -0.2791349  -0.2791349  -0.2791349   1.18601925  1.6442042
 -0.2791349   2.80234881 -0.2791349  -0.01197788  3.24210257 -0.2791349
 -0.2791349  -0.2791349  -0.2791349  -0.2791349   3.47937535 -0.2791349
  3.80146027  2.06190363  3.61701583 -0.2791349   3.28612499 -0.2791349
 -0.2791349  -0.2791349  -0.2791349  -0.2791349  -0.2791349  -0.2791349
 -0.2791349  -0.2791349  -0.2791349  -0.2791349  -0.2791349  -0.2791349
 -0.2791349  -0.2791349  -0.2791349  -0.2791349  -0.2791349  -0.2791349
 -0.2791349  -0.2791349  -0.2791349  -0.2791349  -0.2791349  -0.2791349
 -0.2791349  -0.2791349  -0.2791349  -0.2791349  -0.2791349  -0.2791349
 -0.2791349  -0.2791349  -0.2791349  -0.2791349  -0.2791349  -0.2791349
 -0.2791349  -0.2791349  -0.2791349  -0.2791349   4.20892853 -0.2791349
 -0.2791349  -0.2791349  -0.2791349  -0.2791349  -0.2791349  -0.2791349
 -0.2791349  -0.2791349  -0.2791349  -0.2791349  -0.2791349  -0.2791349
  4.31292183 -0.2791349  -0.2791349  -0.2791349  -0.2791349   2.22175325
 -0.2791349  -0.2791349  -0.2791349  -0.2791349  -0.2791349  -0.2791349
 -0.2791349  -0.2791349  -0.2791349  -0.2791349   0.65276351]",[-0.05641779405971237]
15,"[-0.35124159 -0.35124159 -0.35124159  0.78765361 -0.35124159 -0.35124159
 -0.35124159 -0.35124159 -0.35124159 -0.35124159 -0.35124159 -0.35124159
 -0.35124159 -0.35124159 -0.35124159 -0.35124159 -0.35124159 -0.35124159
 -0.35124159 -0.35124159 -0.35124159 -0.35124159 -0.35124159 -0.35124159
 -0.35124159 -0.35124159 -0.35124159 -0.35124159  0.32994411 -0.35124159
 -0.35124159 -0.35124159 -0.35124159 -0.35124159 -0.35124159 -0.35124159
 -0.35124159 -0.35124159 -0.35124159 -0.35124159  4.55995589  0.6777003
 -0.35124159 -0.35124159 -0.35124159 -0.35124159 -0.35124159 -0.35124159
 -0.35124159 -0.35124159 -0.35124159 -0.35124159 -0.35124159  4.96592777
  3.1113267  -0.35124159  2.96662695 -0.35124159 -0.35124159 -0.35124159
 -0.35124159 -0.35124159 -0.35124159 -0.35124159 -0.35124159 -0.35124159
 -0.35124159 -0.35124159 -0.35124159 -0.35124159 -0.35124159 -0.35124159
  1.50588234 -0.35124159  1.94911747 -0.35124159 -0.35124159 -0.35124159
 -0.35124159 -0.35124159 -0.35124159 -0.35124159 -0.35124159 -0.35124159
 -0.35124159 -0.35124159 -0.35124159  0.35261867 -0.35124159 -0.35124159
 -0.35124159  2.26001148 -0.35124159  0.57147524  1.50920227 -0.35124159
 -0.35124159  1.03872227 -0.35124159 -0.35124159  3.15067286 -0.35124159
  2.48246605  3.10411625  2.56600662  3.70882724  1.49737201 -0.35124159
 -0.35124159 -0.35124159 -0.35124159 -0.35124159  1.97174111 -0.35124159
 -0.35124159 -0.35124159 -0.35124159 -0.35124159 -0.35124159 -0.35124159
 -0.35124159 -0.35124159 -0.35124159 -0.35124159 -0.35124159 -0.35124159
 -0.35124159 -0.35124159 -0.35124159 -0.35124159 -0.35124159 -0.35124159
 -0.35124159 -0.35124159 -0.35124159 -0.35124159 -0.35124159 -0.35124159
 -0.35124159  4.3012058  -0.35124159 -0.35124159 -0.35124159 -0.35124159
 -0.35124159 -0.35124159 -0.35124159 -0.35124159  1.94911747 -0.35124159
 -0.35124159 -0.35124159 -0.35124159 -0.35124159 -0.35124159 -0.35124159
 -0.35124159 -0.35124159 -0.35124159 -0.35124159 -0.35124159 -0.35124159
  0.50489706 -0.35124159 -0.35124159 -0.35124159 -0.35124159  2.2686167
 -0.35124159 -0.35124159 -0.35124159 -0.35124159 -0.35124159 -0.35124159
 -0.35124159 -0.35124159 -0.35124159 -0.35124159 -0.35124159]",[0.012491122069606675]
15,"[-0.28008406 -0.28008406 -0.28008406  0.43218632 -0.28008406 -0.28008406
 -0.28008406 -0.28008406 -0.28008406 -0.28008406 -0.28008406 -0.28008406
 -0.28008406 -0.28008406 -0.28008406 -0.28008406 -0.28008406 -0.28008406
 -0.28008406 -0.28008406 -0.28008406 -0.28008406 -0.28008406 -0.28008406
 -0.28008406 -0.28008406 -0.28008406 -0.28008406 -0.28008406 -0.28008406
 -0.28008406 -0.28008406 -0.28008406 -0.28008406 -0.28008406 -0.28008406
 -0.28008406 -0.28008406 -0.28008406 -0.28008406  5.17718298  1.23116578
 -0.28008406 -0.28008406 -0.28008406 -0.28008406 -0.28008406 -0.28008406
 -0.28008406 -0.28008406 -0.28008406 -0.28008406 -0.28008406  0.69476852
 -0.28008406  2.04052023 -0.28008406 -0.28008406 -0.28008406 -0.28008406
 -0.28008406 -0.28008406 -0.28008406 -0.28008406 -0.28008406 -0.28008406
 -0.28008406 -0.28008406 -0.28008406 -0.28008406 -0.28008406 -0.28008406
 -0.28008406 -0.28008406 -0.28008406 -0.28008406 -0.28008406 -0.28008406
 -0.28008406 -0.28008406 -0.28008406 -0.28008406 -0.28008406 -0.28008406
 -0.28008406 -0.28008406 -0.28008406 -0.28008406 -0.28008406 -0.28008406
 -0.28008406  2.44550766 -0.28008406 -0.28008406  1.45531344 -0.28008406
 -0.28008406 -0.28008406 -0.28008406 -0.28008406  3.45763126 -0.28008406
  3.47134193  3.83961087  3.61555015 -0.28008406  3.27848576 -0.28008406
 -0.28008406 -0.28008406 -0.28008406 -0.28008406 -0.28008406 -0.28008406
 -0.28008406 -0.28008406 -0.28008406 -0.28008406 -0.28008406 -0.28008406
 -0.28008406 -0.28008406 -0.28008406 -0.28008406 -0.28008406 -0.28008406
 -0.28008406 -0.28008406 -0.28008406 -0.28008406 -0.28008406 -0.28008406
 -0.28008406 -0.28008406 -0.28008406 -0.28008406 -0.28008406 -0.28008406
 -0.28008406 -0.28008406 -0.28008406 -0.28008406 -0.28008406 -0.28008406
 -0.28008406 -0.28008406 -0.28008406 -0.28008406 -0.28008406 -0.28008406
 -0.28008406  2.15084811 -0.28008406 -0.28008406 -0.28008406 -0.28008406
 -0.28008406 -0.28008406 -0.28008406 -0.28008406 -0.28008406 -0.28008406
  3.73085554 -0.28008406 -0.28008406 -0.28008406 -0.28008406  2.5016652
 -0.28008406 -0.28008406 -0.28008406 -0.28008406 -0.28008406 -0.28008406
 -0.28008406 -0.28008406 -0.28008406 -0.28008406  6.13106883]",[-0.02534238189518062]
15,"[-0.30461599 -0.30461599 -0.30461599  0.86592033 -0.30461599 -0.30461599
 -0.30461599 -0.30461599 -0.30461599 -0.30461599 -0.30461599 -0.30461599
 -0.30461599 -0.30461599 -0.30461599 -0.30461599 -0.30461599 -0.30461599
 -0.30461599 -0.30461599 -0.30461599 -0.30461599 -0.30461599 -0.30461599
 -0.30461599 -0.30461599 -0.30461599 -0.30461599 -0.30461599 -0.30461599
 -0.30461599 -0.30461599 -0.30461599 -0.30461599 -0.30461599 -0.30461599
 -0.30461599 -0.30461599 -0.30461599 -0.30461599  4.53698685  1.88592645
 -0.30461599 -0.30461599 -0.30461599 -0.30461599 -0.30461599 -0.30461599
 -0.30461599 -0.30461599 -0.30461599 -0.30461599 -0.30461599  5.34355887
 -0.30461599 -0.02339927  3.08224411 -0.30461599 -0.30461599 -0.30461599
 -0.30461599 -0.30461599 -0.30461599 -0.30461599 -0.30461599 -0.30461599
 -0.30461599 -0.30461599 -0.30461599 -0.30461599 -0.30461599 -0.30461599
  1.95304003 -0.30461599 -0.30461599 -0.30461599 -0.30461599 -0.30461599
 -0.30461599 -0.30461599 -0.30461599 -0.30461599 -0.30461599 -0.30461599
 -0.30461599 -0.30461599 -0.30461599 -0.30461599 -0.30461599 -0.30461599
 -0.30461599  3.51522617 -0.30461599 -0.25012071  0.0662357  -0.30461599
 -0.30461599 -0.30461599 -0.30461599 -0.30461599  3.18931723 -0.30461599
  3.9540521   3.33456959  3.3466152  -0.30461599  1.92420398 -0.30461599
 -0.30461599 -0.30461599 -0.30461599 -0.30461599 -0.30461599 -0.30461599
 -0.30461599 -0.30461599 -0.30461599 -0.30461599 -0.30461599 -0.30461599
 -0.30461599 -0.30461599 -0.30461599 -0.30461599 -0.30461599 -0.30461599
 -0.30461599 -0.30461599 -0.30461599 -0.30461599 -0.30461599 -0.30461599
 -0.30461599 -0.30461599 -0.30461599 -0.30461599 -0.30461599 -0.30461599
 -0.30461599  3.91994178 -0.30461599 -0.30461599 -0.30461599 -0.30461599
 -0.30461599 -0.30461599 -0.30461599 -0.30461599  2.39285453 -0.30461599
 -0.30461599 -0.30461599 -0.30461599 -0.30461599 -0.30461599 -0.30461599
 -0.30461599 -0.30461599 -0.30461599 -0.30461599 -0.30461599 -0.30461599
  0.64139334 -0.30461599 -0.30461599 -0.30461599 -0.30461599  1.91669495
 -0.30461599 -0.30461599 -0.30461599 -0.30461599 -0.30461599 -0.30461599
 -0.30461599 -0.30461599 -0.30461599 -0.30461599  2.83868145]",[0.03172674615515597]
15,"[-0.32083523 -0.32083523 -0.32083523 -0.32083523 -0.32083523 -0.32083523
 -0.32083523 -0.32083523 -0.32083523 -0.32083523 -0.32083523 -0.32083523
 -0.32083523 -0.32083523 -0.32083523 -0.32083523 -0.32083523 -0.32083523
 -0.32083523 -0.32083523 -0.32083523 -0.32083523 -0.32083523 -0.32083523
 -0.32083523 -0.32083523 -0.32083523 -0.32083523 -0.32083523 -0.32083523
 -0.32083523 -0.32083523 -0.32083523 -0.32083523 -0.32083523 -0.32083523
 -0.32083523 -0.32083523 -0.32083523 -0.32083523  5.79188865  1.44715258
 -0.32083523 -0.32083523 -0.32083523 -0.32083523 -0.32083523 -0.32083523
 -0.32083523 -0.32083523 -0.32083523 -0.32083523 -0.32083523  1.37384366
 -0.32083523 -0.32083523  3.54112116 -0.32083523 -0.32083523 -0.32083523
 -0.32083523 -0.32083523 -0.32083523 -0.32083523 -0.32083523 -0.32083523
 -0.32083523 -0.32083523 -0.32083523 -0.32083523 -0.32083523 -0.32083523
  0.26979816 -0.32083523 -0.32083523 -0.32083523 -0.32083523  0.68392903
 -0.32083523 -0.32083523 -0.32083523 -0.32083523 -0.32083523 -0.32083523
 -0.32083523 -0.32083523 -0.32083523  1.16605712 -0.32083523  0.90048472
 -0.32083523  1.82106909 -0.32083523  1.33524837  3.19274062 -0.32083523
 -0.32083523 -0.32083523 -0.32083523 -0.32083523  3.72599006 -0.32083523
  2.31566869  4.27333104  3.03233315  3.73525466  1.82484646 -0.32083523
 -0.32083523 -0.32083523 -0.32083523 -0.32083523 -0.32083523 -0.32083523
 -0.32083523 -0.32083523 -0.32083523 -0.32083523 -0.32083523 -0.32083523
 -0.32083523 -0.32083523 -0.32083523 -0.32083523 -0.32083523 -0.32083523
 -0.32083523 -0.32083523 -0.32083523 -0.32083523 -0.32083523 -0.32083523
 -0.32083523 -0.32083523 -0.32083523 -0.32083523 -0.32083523 -0.32083523
 -0.32083523  3.77615091 -0.32083523 -0.32083523 -0.32083523 -0.32083523
 -0.32083523 -0.32083523 -0.32083523 -0.32083523 -0.32083523 -0.32083523
 -0.32083523  0.34870475 -0.32083523 -0.32083523 -0.32083523 -0.32083523
 -0.32083523 -0.32083523 -0.32083523 -0.32083523 -0.32083523 -0.32083523
  1.47809472 -0.32083523 -0.32083523 -0.32083523 -0.32083523  3.71981712
 -0.32083523 -0.32083523 -0.32083523 -0.32083523 -0.32083523 -0.32083523
 -0.32083523 -0.32083523 -0.32083523 -0.32083523  0.61760708]",[0.03846206644467426]
15,"[-0.32868244 -0.32868244 -0.32868244 -0.01668003 -0.32868244 -0.32868244
 -0.32868244 -0.32868244 -0.32868244 -0.32868244 -0.32868244 -0.32868244
 -0.32868244 -0.32868244 -0.32868244 -0.32868244 -0.32868244 -0.32868244
 -0.32868244 -0.32868244 -0.32868244 -0.32868244 -0.32868244 -0.32868244
 -0.32868244 -0.32868244 -0.32868244 -0.32868244  0.75769926 -0.32868244
 -0.32868244 -0.32868244 -0.32868244 -0.32868244 -0.32868244 -0.32868244
 -0.32868244 -0.32868244 -0.32868244 -0.32868244  4.96437179  0.20892534
 -0.32868244 -0.32868244 -0.32868244 -0.32868244 -0.32868244 -0.32868244
 -0.32868244 -0.32868244 -0.32868244 -0.32868244 -0.32868244  4.91800413
 -0.32868244 -0.32868244  4.08684606 -0.32868244 -0.32868244 -0.32868244
 -0.32868244 -0.32868244 -0.32868244 -0.32868244 -0.32868244 -0.32868244
 -0.32868244 -0.32868244 -0.32868244 -0.32868244 -0.32868244 -0.32868244
  1.31678326 -0.32868244 -0.32868244 -0.32868244 -0.32868244  1.8087998
 -0.32868244 -0.32868244 -0.32868244 -0.32868244 -0.32868244 -0.32868244
 -0.32868244 -0.32868244 -0.32868244 -0.32868244 -0.32868244  1.44263648
 -0.32868244  4.13870795 -0.32868244  0.76658621  0.91393367 -0.32868244
 -0.32868244 -0.32868244 -0.32868244 -0.32868244  2.50939296 -0.32868244
  1.67978232  2.51716489  2.089387   -0.32868244  3.13748116  0.6094162
 -0.32868244 -0.32868244 -0.32868244 -0.32868244 -0.32868244 -0.32868244
 -0.32868244 -0.32868244 -0.32868244 -0.32868244 -0.32868244 -0.32868244
 -0.32868244 -0.32868244 -0.32868244 -0.32868244 -0.32868244 -0.32868244
 -0.32868244 -0.32868244 -0.32868244 -0.32868244 -0.32868244 -0.32868244
 -0.32868244 -0.32868244 -0.32868244 -0.32868244 -0.32868244 -0.32868244
 -0.32868244  4.08321591 -0.32868244 -0.32868244  0.51007265 -0.32868244
 -0.32868244 -0.32868244 -0.32868244 -0.32868244 -0.32868244 -0.32868244
 -0.32868244  0.33434397 -0.32868244 -0.32868244 -0.32868244 -0.32868244
 -0.32868244 -0.32868244 -0.32868244 -0.32868244 -0.32868244 -0.32868244
  1.86023573 -0.32868244 -0.32868244 -0.32868244 -0.32868244  3.0450282
 -0.32868244 -0.32868244 -0.32868244 -0.32868244 -0.32868244 -0.32868244
 -0.32868244 -0.32868244 -0.32868244 -0.32868244  3.26364365]",[0.004678103479018647]
15,"[-0.33228271 -0.33228271 -0.33228271 -0.33228271 -0.33228271 -0.33228271
 -0.33228271 -0.33228271 -0.33228271 -0.33228271 -0.33228271 -0.33228271
 -0.33228271 -0.33228271 -0.33228271 -0.33228271  1.08894787 -0.33228271
 -0.33228271 -0.33228271 -0.33228271 -0.33228271 -0.33228271 -0.33228271
 -0.33228271 -0.33228271 -0.33228271 -0.33228271 -0.33228271 -0.33228271
 -0.33228271 -0.33228271 -0.33228271 -0.33228271 -0.33228271 -0.33228271
 -0.33228271 -0.33228271 -0.33228271 -0.33228271  5.47755471  1.5895296
 -0.33228271 -0.33228271 -0.33228271 -0.33228271 -0.33228271 -0.33228271
 -0.33228271 -0.33228271 -0.33228271 -0.33228271 -0.33228271  4.02094362
  1.74124403  2.49369083  1.09286131 -0.33228271 -0.33228271 -0.33228271
 -0.33228271 -0.33228271 -0.33228271 -0.33228271 -0.33228271 -0.33228271
 -0.33228271 -0.33228271 -0.33228271 -0.33228271 -0.33228271 -0.33228271
 -0.33228271 -0.33228271 -0.33228271 -0.33228271 -0.33228271  0.7289197
 -0.33228271 -0.33228271 -0.33228271 -0.33228271 -0.33228271 -0.33228271
 -0.33228271 -0.33228271 -0.33228271 -0.33228271  3.28360316  1.44742781
 -0.33228271  1.72996781 -0.33228271 -0.33228271 -0.33228271  0.34655671
 -0.33228271 -0.33228271 -0.33228271 -0.33228271  1.79169246 -0.33228271
  2.46319399  1.30347287  2.77552324 -0.33228271  2.74401911 -0.33228271
 -0.33228271 -0.33228271 -0.33228271 -0.33228271 -0.33228271 -0.33228271
 -0.33228271 -0.33228271 -0.33228271 -0.33228271 -0.33228271 -0.33228271
 -0.33228271 -0.33228271 -0.33228271 -0.33228271 -0.33228271 -0.33228271
 -0.33228271 -0.33228271 -0.33228271 -0.33228271 -0.33228271 -0.33228271
 -0.33228271 -0.33228271 -0.33228271 -0.33228271 -0.33228271 -0.33228271
 -0.33228271  3.64087284 -0.33228271 -0.33228271 -0.33228271 -0.33228271
 -0.33228271 -0.33228271 -0.33228271 -0.33228271  2.48255922 -0.33228271
 -0.33228271  0.61924096 -0.33228271 -0.33228271 -0.33228271 -0.33228271
 -0.33228271 -0.33228271 -0.33228271 -0.33228271 -0.33228271 -0.33228271
  3.22294068 -0.33228271 -0.33228271 -0.33228271 -0.33228271 -0.33228271
  0.42749074 -0.33228271 -0.33228271 -0.33228271 -0.33228271 -0.33228271
 -0.33228271 -0.33228271 -0.33228271 -0.33228271  5.32384873]",[0.054022976639374554]
15,"[-0.26954188 -0.26954188 -0.26954188  0.02693704 -0.26954188 -0.26954188
 -0.26954188 -0.26954188 -0.26954188 -0.26954188 -0.26954188 -0.26954188
 -0.26954188 -0.26954188 -0.26954188 -0.26954188 -0.26954188 -0.26954188
 -0.26954188 -0.26954188 -0.26954188 -0.26954188 -0.26954188 -0.26954188
 -0.26954188 -0.26954188 -0.26954188 -0.26954188 -0.26954188 -0.26954188
 -0.26954188 -0.26954188 -0.26954188 -0.26954188 -0.26954188 -0.26954188
 -0.26954188 -0.26954188 -0.26954188 -0.26954188  5.01075404  0.11499428
 -0.26954188 -0.26954188 -0.26954188 -0.26954188 -0.26954188 -0.26954188
 -0.26954188 -0.26954188 -0.26954188 -0.26954188 -0.26954188  6.31202714
 -0.26954188 -0.26954188  5.31896466 -0.26954188 -0.26954188 -0.26954188
 -0.26954188 -0.26954188 -0.26954188 -0.26954188 -0.26954188 -0.26954188
 -0.26954188 -0.26954188 -0.26954188 -0.26954188 -0.26954188 -0.26954188
  0.06396889 -0.26954188 -0.26954188 -0.26954188 -0.26954188 -0.26954188
 -0.26954188 -0.26954188 -0.26954188 -0.26954188 -0.26954188 -0.26954188
 -0.26954188 -0.26954188 -0.26954188 -0.26954188 -0.26954188 -0.26954188
 -0.26954188  1.50388512 -0.26954188  1.52224995  1.17731298 -0.26954188
 -0.26954188 -0.26954188 -0.26954188 -0.26954188  2.40788062 -0.26954188
  2.16406983  3.25563952  3.14006592 -0.26954188  3.48052883 -0.26954188
 -0.26954188 -0.26954188 -0.26954188 -0.26954188 -0.26954188 -0.26954188
 -0.26954188 -0.26954188 -0.26954188 -0.26954188 -0.26954188 -0.26954188
 -0.26954188 -0.26954188 -0.26954188 -0.26954188 -0.26954188 -0.26954188
 -0.26954188 -0.26954188 -0.26954188 -0.26954188 -0.26954188 -0.26954188
  2.6439584  -0.26954188 -0.26954188 -0.26954188 -0.26954188 -0.26954188
 -0.26954188  3.92582125 -0.26954188 -0.26954188 -0.26954188 -0.26954188
 -0.26954188 -0.26954188 -0.26954188 -0.26954188 -0.26954188 -0.26954188
 -0.26954188 -0.26954188 -0.26954188 -0.26954188 -0.26954188 -0.26954188
 -0.26954188 -0.26954188 -0.26954188 -0.26954188 -0.26954188 -0.26954188
  1.59672572 -0.26954188 -0.26954188 -0.26954188 -0.26954188 -0.26954188
 -0.26954188 -0.26954188 -0.26954188 -0.26954188 -0.26954188 -0.26954188
 -0.26954188 -0.26954188 -0.26954188 -0.26954188 -0.26954188]",[-0.02587983328193566]
15,"[-0.29276886 -0.29276886 -0.29276886 -0.13730068 -0.29276886 -0.29276886
 -0.29276886 -0.29276886 -0.29276886 -0.29276886 -0.29276886 -0.29276886
 -0.29276886 -0.29276886 -0.29276886 -0.29276886 -0.29276886 -0.29276886
 -0.29276886 -0.29276886 -0.29276886 -0.29276886 -0.29276886 -0.29276886
 -0.29276886 -0.29276886 -0.29276886 -0.29276886 -0.29276886 -0.29276886
 -0.29276886 -0.29276886 -0.29276886 -0.29276886 -0.29276886 -0.29276886
 -0.29276886 -0.29276886 -0.29276886 -0.29276886  3.90746039 -0.04080447
 -0.29276886 -0.29276886 -0.29276886 -0.29276886 -0.29276886 -0.29276886
 -0.29276886 -0.29276886 -0.29276886 -0.29276886 -0.29276886  5.79736953
  2.75182438  1.44395175  2.84674257 -0.29276886 -0.29276886 -0.29276886
 -0.29276886 -0.29276886 -0.29276886 -0.29276886 -0.29276886 -0.29276886
 -0.29276886 -0.29276886 -0.29276886 -0.29276886 -0.29276886 -0.29276886
 -0.29276886 -0.29276886 -0.29276886 -0.29276886 -0.29276886  0.83623241
 -0.29276886 -0.29276886 -0.29276886 -0.29276886 -0.29276886 -0.29276886
 -0.29276886 -0.29276886 -0.29276886 -0.29276886 -0.29276886 -0.29276886
 -0.29276886 -0.29276886 -0.29276886 -0.29276886  0.26342244 -0.29276886
 -0.29276886 -0.29276886 -0.29276886 -0.29276886  3.41006194 -0.29276886
  3.11915108  3.6960886   2.1588594   0.9737385  -0.29276886  0.15588761
 -0.29276886 -0.29276886 -0.29276886 -0.29276886  3.4398432  -0.29276886
 -0.29276886 -0.29276886 -0.29276886 -0.29276886 -0.29276886 -0.29276886
 -0.29276886 -0.29276886 -0.29276886 -0.29276886 -0.29276886 -0.29276886
 -0.29276886 -0.29276886 -0.29276886 -0.29276886 -0.29276886 -0.29276886
 -0.29276886 -0.29276886 -0.29276886 -0.29276886 -0.29276886 -0.29276886
 -0.29276886  3.86641931 -0.29276886 -0.29276886 -0.29276886 -0.29276886
 -0.29276886 -0.29276886 -0.29276886 -0.29276886  2.73335304 -0.29276886
 -0.29276886 -0.29276886 -0.29276886 -0.29276886 -0.29276886 -0.29276886
 -0.29276886 -0.29276886 -0.29276886 -0.29276886 -0.29276886 -0.29276886
 -0.29276886 -0.29276886 -0.29276886 -0.29276886 -0.29276886  0.56101971
 -0.29276886 -0.29276886 -0.29276886 -0.29276886 -0.29276886 -0.29276886
 -0.29276886 -0.29276886 -0.29276886 -0.29276886  4.76692843]",[-0.07217680575357283]
15,"[-0.25942073 -0.25942073 -0.25942073 -0.25942073 -0.25942073 -0.25942073
 -0.25942073 -0.25942073 -0.25942073 -0.25942073 -0.25942073 -0.25942073
 -0.25942073 -0.25942073 -0.25942073 -0.25942073 -0.25942073 -0.25942073
 -0.25942073 -0.25942073 -0.25942073 -0.25942073 -0.25942073 -0.25942073
 -0.25942073 -0.25942073 -0.25942073 -0.25942073  0.11192876 -0.25942073
 -0.25942073 -0.25942073 -0.25942073 -0.25942073 -0.25942073 -0.25942073
 -0.25942073 -0.25942073 -0.25942073 -0.25942073  6.4011364   1.5331722
 -0.25942073 -0.25942073 -0.25942073 -0.25942073 -0.25942073 -0.25942073
 -0.25942073 -0.25942073 -0.01526819 -0.25942073 -0.25942073  6.15267909
 -0.25942073 -0.25942073 -0.25942073 -0.25942073 -0.25942073 -0.25942073
 -0.25942073 -0.25942073 -0.25942073 -0.25942073 -0.25942073 -0.25942073
 -0.25942073 -0.25942073 -0.25942073 -0.25942073 -0.25942073 -0.25942073
  3.02511519 -0.25942073 -0.25942073 -0.25942073 -0.25942073 -0.25942073
 -0.25942073 -0.25942073 -0.25942073 -0.25942073 -0.25942073 -0.25942073
 -0.25942073 -0.25942073 -0.25942073 -0.25942073 -0.25942073 -0.25942073
 -0.25942073  4.72899695 -0.25942073 -0.25942073  2.2502127  -0.25942073
 -0.25942073 -0.25942073 -0.25942073 -0.25942073  3.05978441 -0.25942073
  2.01396338  2.08108886  2.74308746 -0.25942073  2.86714716 -0.25942073
 -0.25942073 -0.25942073 -0.25942073 -0.25942073 -0.25942073 -0.25942073
 -0.25942073 -0.25942073 -0.25942073 -0.25942073 -0.25942073 -0.25942073
 -0.25942073 -0.25942073 -0.25942073 -0.25942073 -0.25942073 -0.25942073
 -0.25942073 -0.25942073 -0.25942073 -0.25942073 -0.25942073 -0.25942073
 -0.25942073 -0.25942073 -0.25942073 -0.25942073 -0.25942073 -0.25942073
 -0.25942073 -0.25942073 -0.25942073 -0.25942073 -0.25942073 -0.25942073
 -0.25942073 -0.25942073 -0.25942073 -0.25942073 -0.25942073 -0.25942073
 -0.25942073 -0.25942073 -0.25942073 -0.25942073 -0.25942073 -0.25942073
 -0.25942073 -0.25942073 -0.25942073 -0.25942073 -0.25942073 -0.25942073
  2.06725886 -0.25942073 -0.25942073 -0.25942073 -0.25942073  3.52469678
 -0.25942073 -0.25942073 -0.25942073 -0.25942073 -0.25942073 -0.25942073
 -0.25942073 -0.25942073 -0.25942073 -0.25942073 -0.25942073]",[0.006931150571457545]
15,"[-0.30734296 -0.30734296 -0.30734296  2.76406626 -0.30734296 -0.30734296
 -0.30734296 -0.30734296 -0.30734296 -0.30734296 -0.30734296 -0.30734296
 -0.30734296 -0.30734296 -0.30734296 -0.30734296 -0.30734296 -0.30734296
 -0.30734296 -0.30734296 -0.30734296 -0.30734296 -0.30734296 -0.30734296
 -0.30734296 -0.30734296 -0.30734296 -0.30734296 -0.30734296 -0.30734296
 -0.30734296 -0.30734296 -0.30734296 -0.30734296 -0.30734296 -0.30734296
 -0.30734296 -0.30734296 -0.30734296 -0.30734296  2.73488558 -0.30734296
 -0.30734296 -0.30734296 -0.30734296 -0.30734296 -0.30734296 -0.30734296
 -0.30734296 -0.30734296 -0.30734296 -0.30734296  0.01045314  6.13484744
  2.74102689 -0.30734296  4.29707785 -0.30734296 -0.30734296 -0.30734296
 -0.30734296 -0.30734296 -0.30734296 -0.30734296 -0.30734296 -0.30734296
 -0.30734296 -0.30734296 -0.30734296 -0.30734296 -0.30734296 -0.30734296
  1.38265632 -0.30734296 -0.30734296 -0.30734296 -0.30734296 -0.30734296
 -0.30734296 -0.30734296 -0.30734296 -0.30734296 -0.30734296 -0.30734296
 -0.30734296 -0.30734296 -0.30734296 -0.30734296 -0.30734296 -0.30734296
 -0.30734296  1.85144425 -0.30734296  0.29824936 -0.30734296 -0.30734296
 -0.30734296 -0.30734296 -0.30734296 -0.30734296  3.22485186 -0.30734296
  2.77939487  3.09872401  2.23554181 -0.30734296  0.58128057 -0.30734296
 -0.30734296 -0.30734296 -0.30734296 -0.30734296 -0.30734296 -0.30734296
 -0.30734296 -0.30734296 -0.30734296 -0.30734296 -0.30734296 -0.30734296
 -0.30734296 -0.30734296 -0.30734296 -0.30734296 -0.30734296 -0.30734296
 -0.30734296 -0.30734296 -0.30734296 -0.30734296 -0.30734296 -0.30734296
 -0.30734296 -0.30734296 -0.30734296 -0.30734296 -0.30734296 -0.30734296
 -0.30734296  3.9202902  -0.30734296 -0.30734296 -0.30734296 -0.30734296
 -0.30734296 -0.30734296 -0.30734296 -0.30734296  2.72702676 -0.30734296
 -0.30734296 -0.30734296 -0.30734296 -0.30734296 -0.30734296 -0.30734296
 -0.30734296 -0.30734296 -0.30734296 -0.30734296 -0.30734296 -0.30734296
  2.70156566 -0.30734296 -0.30734296 -0.30734296 -0.30734296  3.27060211
 -0.30734296 -0.30734296 -0.30734296 -0.30734296 -0.30734296 -0.30734296
 -0.30734296 -0.30734296 -0.30734296 -0.30734296  2.42088943]",[-0.0027745037035720177]
15,"[-0.25297715 -0.25297715 -0.25297715 -0.25297715 -0.25297715 -0.25297715
 -0.25297715 -0.25297715 -0.25297715 -0.25297715 -0.25297715 -0.25297715
 -0.25297715 -0.25297715 -0.25297715 -0.25297715  1.32199524 -0.25297715
 -0.25297715 -0.25297715 -0.25297715 -0.25297715 -0.25297715 -0.25297715
 -0.25297715 -0.25297715 -0.25297715 -0.25297715 -0.25297715 -0.25297715
 -0.25297715 -0.25297715 -0.25297715 -0.25297715 -0.25297715 -0.25297715
 -0.25297715 -0.25297715 -0.25297715 -0.25297715 -0.25297715  0.18462722
 -0.25297715 -0.25297715 -0.25297715 -0.25297715 -0.25297715 -0.25297715
 -0.25297715 -0.25297715 -0.25297715 -0.25297715 -0.25297715  0.44491356
 -0.25297715 -0.25297715 -0.25297715 -0.25297715 -0.25297715 -0.25297715
 -0.25297715 -0.25297715 -0.25297715 -0.25297715 -0.25297715 -0.25297715
 -0.25297715 -0.25297715 -0.25297715 -0.25297715 -0.25297715 -0.25297715
 -0.25297715 -0.25297715 -0.25297715 -0.25297715 -0.25297715 -0.25297715
 -0.25297715 -0.25297715 -0.25297715 -0.25297715 -0.25297715 -0.25297715
 -0.25297715 -0.25297715 -0.25297715 -0.25297715  4.76190363 -0.25297715
 -0.25297715  2.45158834 -0.25297715  0.90118092  1.14441205 -0.25297715
 -0.25297715 -0.25297715 -0.25297715 -0.25297715  3.94237642 -0.25297715
  4.82646717  1.35057677  5.53344514 -0.25297715  3.70035367  0.47545102
  0.52697019 -0.25297715 -0.25297715 -0.25297715 -0.25297715 -0.25297715
 -0.25297715 -0.25297715 -0.25297715 -0.25297715 -0.25297715 -0.25297715
 -0.25297715 -0.25297715 -0.25297715 -0.25297715 -0.25297715 -0.25297715
 -0.25297715 -0.25297715 -0.25297715 -0.25297715 -0.25297715 -0.25297715
 -0.25297715 -0.25297715 -0.25297715 -0.25297715 -0.25297715 -0.25297715
 -0.25297715 -0.25297715 -0.25297715 -0.25297715 -0.25297715 -0.25297715
 -0.25297715 -0.25297715 -0.25297715 -0.25297715 -0.25297715 -0.25297715
 -0.25297715 -0.25297715 -0.25297715 -0.25297715 -0.25297715 -0.25297715
 -0.25297715 -0.25297715 -0.25297715 -0.25297715 -0.25297715 -0.25297715
  6.16856536 -0.25297715 -0.25297715 -0.25297715 -0.25297715  3.50044805
 -0.25297715 -0.25297715 -0.25297715 -0.25297715 -0.25297715 -0.25297715
 -0.25297715 -0.25297715 -0.25297715 -0.25297715 -0.25297715]",[-0.02318438540734369]
15,"[-0.26863623 -0.26863623 -0.26863623 -0.26863623 -0.26863623 -0.26863623
 -0.26863623 -0.26863623 -0.26863623 -0.26863623 -0.26863623 -0.26863623
 -0.26863623 -0.26863623 -0.26863623 -0.26863623  0.24133836 -0.26863623
 -0.26863623 -0.26863623  0.0516904  -0.26863623 -0.26863623 -0.26863623
 -0.26863623 -0.26863623 -0.26863623 -0.26863623 -0.26863623 -0.26863623
 -0.26863623 -0.26863623 -0.26863623 -0.26863623 -0.26863623 -0.26863623
 -0.26863623 -0.26863623 -0.26863623 -0.26863623  5.78715446  0.50574119
 -0.26863623 -0.26863623 -0.26863623 -0.26863623 -0.26863623 -0.26863623
 -0.26863623 -0.26863623 -0.26863623 -0.26863623 -0.26863623  4.67166377
  2.74113435 -0.26863623 -0.26863623 -0.26863623 -0.26863623 -0.26863623
 -0.26863623 -0.26863623 -0.26863623 -0.26863623 -0.26863623 -0.26863623
 -0.26863623 -0.26863623 -0.26863623 -0.26863623 -0.26863623 -0.26863623
 -0.26863623 -0.26863623 -0.26863623 -0.26863623 -0.26863623 -0.26863623
 -0.26863623 -0.26863623 -0.26863623 -0.26863623 -0.26863623 -0.26863623
 -0.26863623 -0.26863623 -0.26863623  1.54320863 -0.26863623 -0.26863623
 -0.26863623  3.21384235 -0.26863623 -0.26863623 -0.09266816 -0.26863623
 -0.26863623 -0.26863623 -0.26863623 -0.26863623  3.0287324  -0.26863623
 -0.26863623  3.4335686   0.47386925 -0.26863623  3.55668166  1.23851086
  0.44675657 -0.26863623 -0.26863623 -0.26863623 -0.26863623 -0.26863623
 -0.26863623 -0.26863623 -0.26863623 -0.26863623 -0.26863623 -0.26863623
 -0.26863623 -0.26863623 -0.26863623 -0.26863623 -0.26863623 -0.26863623
 -0.26863623 -0.26863623 -0.26863623 -0.26863623 -0.26863623 -0.26863623
 -0.26863623 -0.26863623 -0.26863623 -0.26863623 -0.26863623 -0.26863623
 -0.26863623  4.98953842 -0.26863623 -0.26863623 -0.26863623 -0.26863623
 -0.26863623 -0.26863623 -0.26863623 -0.26863623 -0.26863623 -0.26863623
 -0.26863623 -0.26863623 -0.26863623 -0.26863623 -0.26863623 -0.26863623
 -0.26863623 -0.26863623 -0.26863623 -0.26863623 -0.26863623 -0.26863623
  5.03733241 -0.26863623 -0.26863623 -0.26863623 -0.26863623  2.3823381
 -0.26863623 -0.26863623 -0.26863623 -0.26863623 -0.26863623 -0.26863623
 -0.26863623 -0.26863623 -0.26863623 -0.26863623 -0.26863623]",[-0.012070852906353957]
15,"[-0.29866213 -0.29866213 -0.29866213 -0.29866213 -0.29866213 -0.29866213
 -0.29866213 -0.29866213 -0.29866213 -0.29866213 -0.29866213 -0.29866213
 -0.29866213 -0.29866213 -0.29866213 -0.29866213 -0.29866213 -0.29866213
 -0.29866213 -0.29866213 -0.29866213 -0.29866213 -0.29866213 -0.29866213
 -0.29866213 -0.29866213 -0.29866213 -0.29866213 -0.29866213 -0.29866213
 -0.29866213 -0.29866213 -0.29866213 -0.29866213 -0.29866213 -0.29866213
 -0.29866213 -0.29866213 -0.29866213 -0.29866213  1.28700146 -0.00857164
 -0.29866213 -0.29866213 -0.29866213 -0.29866213 -0.29866213 -0.29866213
 -0.29866213 -0.29866213  0.62997592 -0.29866213 -0.29866213  5.11218807
  2.36954124 -0.29866213  0.53422168 -0.29866213 -0.29866213 -0.29866213
 -0.29866213 -0.29866213 -0.29866213 -0.29866213 -0.29866213 -0.29866213
 -0.29866213 -0.29866213 -0.29866213 -0.29866213 -0.29866213 -0.29866213
 -0.29866213 -0.29866213 -0.29866213 -0.29866213 -0.29866213 -0.29866213
 -0.29866213 -0.29866213 -0.29866213 -0.29866213 -0.29866213 -0.29866213
 -0.29866213 -0.29866213 -0.29866213 -0.29866213 -0.29866213  0.0310435
 -0.29866213  1.62839265 -0.29866213  0.20280216  0.10495946 -0.29866213
 -0.29866213 -0.29866213 -0.29866213 -0.29866213  1.96430296 -0.29866213
  0.86138272  2.25704437  3.03924731  3.96447364  3.6929917   0.19888328
 -0.29866213 -0.29866213 -0.29866213 -0.29866213 -0.29866213 -0.29866213
 -0.29866213 -0.29866213 -0.29866213 -0.29866213 -0.29866213 -0.29866213
 -0.29866213 -0.29866213 -0.29866213 -0.29866213 -0.29866213 -0.29866213
 -0.29866213 -0.29866213 -0.29866213 -0.29866213 -0.29866213 -0.29866213
 -0.29866213 -0.29866213 -0.29866213 -0.29866213 -0.29866213 -0.29866213
 -0.29866213  3.73673943 -0.29866213 -0.29866213 -0.29866213 -0.29866213
 -0.29866213 -0.29866213 -0.29866213 -0.29866213 -0.29866213 -0.29866213
 -0.29866213 -0.29866213 -0.29866213 -0.29866213  2.16368422 -0.29866213
 -0.29866213 -0.29866213 -0.29866213 -0.29866213 -0.29866213 -0.29866213
  3.90147137 -0.29866213 -0.29866213 -0.29866213 -0.29866213  3.28189157
 -0.29866213 -0.29866213 -0.29866213 -0.29866213 -0.29866213 -0.29866213
 -0.29866213 -0.29866213 -0.29866213 -0.29866213  5.9362866 ]",[-0.02041279249172706]
15,"[-0.25557405 -0.25557405 -0.25557405 -0.25557405 -0.25557405 -0.25557405
 -0.25557405 -0.25557405 -0.25557405 -0.25557405 -0.25557405 -0.25557405
 -0.25557405 -0.25557405 -0.25557405 -0.25557405 -0.25557405 -0.25557405
 -0.25557405 -0.25557405 -0.25557405 -0.25557405 -0.25557405 -0.25557405
 -0.25557405 -0.25557405 -0.25557405 -0.25557405 -0.25557405 -0.25557405
 -0.25557405 -0.25557405 -0.25557405 -0.25557405 -0.25557405 -0.25557405
 -0.25557405 -0.25557405 -0.25557405 -0.25557405  5.62330584 -0.25557405
 -0.25557405 -0.25557405 -0.25557405 -0.25557405 -0.25557405 -0.25557405
 -0.25557405 -0.25557405 -0.25557405 -0.25557405 -0.25557405  5.8140218
  2.27141356  0.49252995 -0.25557405 -0.25557405 -0.25557405 -0.25557405
 -0.25557405 -0.25557405 -0.25557405 -0.25557405 -0.25557405 -0.25557405
 -0.25557405 -0.25557405 -0.25557405 -0.25557405 -0.25557405 -0.25557405
 -0.25557405 -0.25557405 -0.25557405 -0.25557405 -0.25557405 -0.25557405
 -0.25557405 -0.25557405 -0.25557405 -0.25557405 -0.25557405 -0.25557405
 -0.25557405 -0.25557405 -0.25557405 -0.25557405 -0.25557405 -0.25557405
 -0.25557405  2.79425264 -0.25557405  0.07626637  0.18854756 -0.25557405
 -0.25557405 -0.25557405 -0.25557405 -0.25557405  2.76627055 -0.25557405
  1.37822843  0.25422188  2.68355156 -0.25557405  3.80829603 -0.25557405
 -0.25557405 -0.25557405 -0.25557405 -0.25557405 -0.25557405 -0.25557405
 -0.25557405 -0.25557405 -0.25557405 -0.25557405 -0.25557405 -0.25557405
 -0.25557405 -0.25557405 -0.25557405 -0.25557405 -0.25557405 -0.25557405
 -0.25557405 -0.25557405 -0.25557405 -0.25557405 -0.25557405 -0.25557405
 -0.25557405 -0.25557405 -0.25557405 -0.25557405 -0.25557405 -0.25557405
 -0.25557405  4.03125116 -0.25557405 -0.25557405 -0.25557405 -0.25557405
 -0.25557405 -0.25557405 -0.25557405 -0.25557405 -0.25557405 -0.25557405
 -0.25557405 -0.25557405 -0.25557405 -0.25557405 -0.25557405 -0.25557405
 -0.25557405 -0.25557405 -0.25557405 -0.25557405 -0.25557405 -0.25557405
  1.29359119 -0.25557405 -0.25557405 -0.25557405 -0.25557405  2.2268745
 -0.25557405 -0.25557405 -0.25557405 -0.25557405 -0.25557405 -0.25557405
 -0.25557405 -0.25557405 -0.25557405 -0.25557405  5.9559479 ]",[-0.019671041829282976]
15,"[-0.310171   -0.310171   -0.310171    0.58105936 -0.310171   -0.310171
 -0.310171   -0.310171   -0.310171   -0.310171   -0.310171   -0.310171
 -0.310171   -0.310171   -0.310171   -0.310171   -0.310171   -0.310171
 -0.310171   -0.310171   -0.310171   -0.310171   -0.310171   -0.310171
 -0.310171   -0.310171   -0.310171   -0.310171   -0.310171   -0.310171
 -0.310171   -0.310171   -0.310171   -0.310171   -0.310171   -0.310171
 -0.310171   -0.310171   -0.310171   -0.310171    4.54349819  0.28289628
 -0.310171   -0.310171   -0.310171   -0.310171   -0.310171   -0.310171
 -0.310171   -0.310171   -0.310171   -0.310171   -0.310171    5.58175667
  3.4562961  -0.310171    3.7547671  -0.310171   -0.310171   -0.310171
 -0.310171   -0.310171   -0.310171   -0.310171   -0.310171   -0.310171
 -0.310171   -0.310171   -0.310171   -0.310171   -0.310171   -0.310171
 -0.21005768 -0.310171   -0.310171   -0.310171   -0.310171   -0.310171
 -0.310171   -0.310171   -0.310171   -0.310171   -0.310171   -0.310171
 -0.310171   -0.310171   -0.310171   -0.310171   -0.310171   -0.310171
 -0.310171    2.3117654  -0.310171   -0.0675121   2.97069312 -0.310171
 -0.310171   -0.310171   -0.310171   -0.310171    2.19906103 -0.310171
  1.65004546  3.1904833   2.57946159  3.23667368  1.41618147 -0.310171
 -0.310171   -0.310171   -0.310171   -0.310171   -0.310171   -0.310171
 -0.310171   -0.310171   -0.310171   -0.310171   -0.310171   -0.310171
 -0.310171   -0.310171   -0.310171   -0.310171   -0.310171   -0.310171
 -0.310171   -0.310171   -0.310171   -0.310171   -0.310171   -0.310171
 -0.310171   -0.310171   -0.310171   -0.310171   -0.310171   -0.310171
 -0.310171    4.46532381 -0.310171   -0.310171   -0.310171   -0.310171
 -0.310171   -0.310171   -0.310171   -0.310171    2.62154749 -0.310171
 -0.310171   -0.310171   -0.310171   -0.310171   -0.310171   -0.310171
 -0.310171   -0.310171   -0.310171   -0.310171   -0.310171   -0.310171
  1.33208742 -0.310171   -0.310171   -0.310171   -0.310171    2.27034292
 -0.310171   -0.310171   -0.310171   -0.310171   -0.310171   -0.310171
 -0.310171   -0.310171   -0.310171   -0.310171    0.84064798]",[0.0026764761749907273]
15,"[-0.39778268 -0.39778268 -0.39778268 -0.3373098  -0.39778268 -0.39778268
 -0.39778268 -0.39778268 -0.39778268 -0.39778268 -0.39778268 -0.39778268
 -0.39778268 -0.39778268 -0.39778268 -0.39778268  0.18742635 -0.39778268
 -0.39778268 -0.39778268 -0.39778268 -0.39778268 -0.39778268 -0.39778268
 -0.39778268  1.06648053 -0.39778268  0.3402741  -0.39778268 -0.39778268
 -0.39778268 -0.39778268 -0.39778268 -0.39778268 -0.39778268 -0.39778268
 -0.39778268 -0.39778268 -0.39778268 -0.39778268  3.20361336  0.37002037
 -0.39778268 -0.39778268 -0.39778268 -0.39778268 -0.39778268 -0.39778268
 -0.39778268 -0.39778268 -0.39778268 -0.39778268 -0.39778268  4.97667281
  0.92914245  0.38973227  3.55549687 -0.39778268 -0.39778268 -0.39778268
 -0.39778268 -0.39778268 -0.39778268 -0.39778268 -0.39778268 -0.39778268
 -0.39778268 -0.39778268 -0.39778268 -0.39778268 -0.39778268 -0.39778268
  1.53465554 -0.39778268 -0.39778268 -0.39778268 -0.39778268 -0.39778268
 -0.39778268 -0.39778268 -0.39778268 -0.39778268 -0.39778268 -0.39778268
 -0.39778268 -0.39778268 -0.39778268 -0.39778268 -0.39778268  0.17191869
 -0.39778268  1.59360138 -0.39778268 -0.39778268 -0.39778268 -0.39778268
 -0.39778268 -0.39778268 -0.39778268 -0.39778268  2.35963602 -0.39778268
  1.90682402  2.59775383  2.49265377  3.17671133  2.38030487  0.56204102
 -0.39778268 -0.39778268 -0.39778268 -0.39778268 -0.39778268 -0.39778268
  1.89316698 -0.39778268 -0.39778268 -0.39778268  0.18742635 -0.39778268
 -0.39778268 -0.39778268 -0.39778268  1.65417573 -0.39778268 -0.39778268
 -0.39778268 -0.39778268 -0.39778268 -0.39778268 -0.39778268  1.70788672
 -0.39778268 -0.39778268 -0.39778268 -0.39778268 -0.39778268  0.85510642
 -0.39778268  3.37137719 -0.39778268 -0.39778268 -0.39778268 -0.39778268
 -0.39778268 -0.39778268 -0.39778268 -0.39778268  2.09234348 -0.39778268
 -0.39778268 -0.39778268 -0.39778268 -0.39778268 -0.39778268 -0.39778268
 -0.39778268  3.14605608 -0.39778268 -0.39778268 -0.39778268 -0.39778268
  0.88140128 -0.39778268 -0.39778268 -0.39778268 -0.39778268  1.33090126
  0.78977409  1.11543974 -0.39778268 -0.39778268  0.46390926 -0.39778268
 -0.39778268 -0.39778268 -0.39778268 -0.39778268  4.73187447]",[-2.0068899699057474]
15,"[-0.30653607 -0.30653607 -0.30653607  2.73201591 -0.30653607 -0.30653607
 -0.30653607 -0.30653607 -0.30653607 -0.30653607 -0.30653607 -0.30653607
 -0.30653607 -0.30653607 -0.30653607 -0.30653607 -0.30653607 -0.30653607
 -0.30653607 -0.30653607 -0.30653607 -0.30653607 -0.30653607 -0.30653607
 -0.30653607 -0.30653607 -0.30653607 -0.30653607 -0.30653607 -0.30653607
 -0.30653607 -0.30653607 -0.30653607 -0.30653607 -0.30653607 -0.30653607
 -0.30653607 -0.30653607 -0.30653607 -0.30653607  3.93430858  0.02143528
 -0.30653607 -0.30653607 -0.30653607 -0.30653607 -0.30653607 -0.30653607
 -0.30653607 -0.30653607  1.88572588 -0.30653607 -0.30653607  5.50965271
  1.95649473 -0.30653607  3.93774178 -0.30653607 -0.30653607 -0.30653607
 -0.30653607 -0.30653607 -0.30653607 -0.30653607 -0.30653607 -0.30653607
 -0.30653607 -0.30653607 -0.30653607 -0.30653607 -0.30653607 -0.30653607
  3.29653506 -0.30653607 -0.30653607 -0.30653607 -0.30653607 -0.30653607
 -0.30653607 -0.30653607 -0.30653607 -0.30653607 -0.30653607 -0.30653607
 -0.30653607 -0.30653607 -0.30653607 -0.30653607 -0.30653607 -0.30653607
 -0.30653607  1.1582482  -0.30653607 -0.30653607  1.93169644 -0.30653607
 -0.30653607 -0.30653607 -0.30653607 -0.30653607  3.31548194 -0.30653607
  1.82009404  3.12465982  2.26398276  2.96094772 -0.30653607 -0.30653607
 -0.30653607 -0.30653607 -0.30653607 -0.30653607 -0.30653607 -0.30653607
 -0.30653607 -0.30653607 -0.30653607 -0.30653607 -0.30653607 -0.30653607
 -0.30653607 -0.30653607 -0.30653607 -0.30653607 -0.30653607 -0.30653607
 -0.30653607 -0.30653607 -0.30653607 -0.30653607 -0.30653607 -0.30653607
 -0.30653607 -0.30653607 -0.30653607 -0.30653607 -0.30653607 -0.30653607
 -0.30653607  3.98439258 -0.30653607 -0.30653607 -0.30653607 -0.30653607
 -0.30653607 -0.30653607 -0.30653607 -0.30653607 -0.30653607 -0.30653607
 -0.30653607 -0.30653607 -0.30653607 -0.30653607 -0.30653607 -0.30653607
 -0.30653607 -0.30653607 -0.30653607 -0.30653607 -0.30653607 -0.30653607
 -0.30653607 -0.30653607 -0.30653607 -0.30653607 -0.30653607  1.60260677
 -0.30653607 -0.30653607 -0.30653607 -0.30653607 -0.30653607 -0.30653607
 -0.30653607 -0.30653607 -0.30653607 -0.30653607  3.91628761]",[-0.08768914976987968]
15,"[-0.34423379 -0.34423379 -0.34423379  0.40051766 -0.34423379 -0.34423379
 -0.34423379 -0.34423379 -0.34423379 -0.34423379 -0.34423379 -0.34423379
 -0.34423379 -0.34423379 -0.34423379 -0.34423379 -0.34423379 -0.34423379
 -0.34423379 -0.34423379 -0.34423379 -0.34423379 -0.34423379 -0.34423379
 -0.34423379 -0.34423379 -0.34423379 -0.34423379 -0.34423379 -0.34423379
 -0.34423379 -0.34423379 -0.34423379 -0.34423379 -0.34423379 -0.34423379
 -0.34423379 -0.34423379 -0.34423379 -0.34423379  5.00710994  1.32386251
 -0.34423379 -0.34423379 -0.34423379 -0.34423379 -0.34423379 -0.34423379
 -0.34423379 -0.34423379 -0.34423379 -0.34423379 -0.34423379  5.26207466
  3.13547255 -0.34423379  3.05073985 -0.34423379 -0.34423379 -0.34423379
 -0.34423379 -0.34423379 -0.34423379 -0.34423379 -0.34423379 -0.34423379
 -0.34423379 -0.34423379 -0.34423379 -0.34423379 -0.34423379 -0.34423379
  0.08929364 -0.34423379 -0.34423379 -0.34423379 -0.34423379  1.04623594
 -0.34423379 -0.34423379 -0.34423379 -0.34423379 -0.34423379 -0.34423379
 -0.34423379 -0.34423379 -0.34423379 -0.34423379 -0.34423379 -0.34423379
 -0.34423379  2.34613759 -0.34423379 -0.34423379  2.47014957 -0.34423379
 -0.34423379 -0.34423379  1.41866961 -0.34423379  2.62868483 -0.34423379
  2.88878524  3.12981565  2.87213263 -0.34423379  1.59051274 -0.34423379
 -0.34423379 -0.34423379 -0.34423379 -0.34423379 -0.34423379 -0.34423379
 -0.34423379 -0.34423379 -0.34423379 -0.34423379 -0.34423379 -0.34423379
 -0.34423379 -0.34423379 -0.34423379 -0.34423379 -0.34423379 -0.34423379
 -0.34423379 -0.34423379 -0.34423379 -0.34423379 -0.34423379 -0.07393528
 -0.34423379 -0.34423379 -0.34423379 -0.34423379 -0.34423379 -0.34423379
 -0.34423379  3.74680776 -0.34423379 -0.34423379 -0.34423379 -0.34423379
 -0.34423379 -0.34423379 -0.34423379 -0.34423379  2.38609869 -0.34423379
 -0.34423379 -0.34423379 -0.34423379 -0.34423379 -0.34423379 -0.34423379
 -0.34423379 -0.34423379 -0.34423379 -0.34423379 -0.34423379 -0.34423379
  1.85684044  2.32066366 -0.34423379 -0.34423379 -0.34423379  2.23728811
 -0.34423379  0.77593743  1.44634161 -0.34423379 -0.34423379 -0.34423379
 -0.34423379 -0.34423379 -0.34423379 -0.34423379 -0.34423379]",[0.0306308403541517]
16,"[-0.27004998 -0.27004998 -0.27004998 -0.27004998 -0.27004998 -0.27004998
 -0.27004998 -0.27004998 -0.27004998 -0.27004998 -0.27004998 -0.27004998
 -0.27004998 -0.27004998 -0.27004998 -0.27004998 -0.27004998 -0.27004998
 -0.27004998 -0.27004998 -0.27004998 -0.27004998 -0.27004998 -0.27004998
 -0.27004998 -0.27004998 -0.27004998 -0.27004998 -0.27004998 -0.27004998
 -0.27004998 -0.27004998 -0.27004998 -0.27004998 -0.27004998 -0.27004998
 -0.27004998 -0.27004998 -0.27004998 -0.27004998  6.72748357  0.55374397
 -0.27004998 -0.27004998 -0.27004998 -0.27004998 -0.27004998 -0.27004998
 -0.27004998 -0.27004998 -0.27004998 -0.27004998 -0.27004998 -0.00692213
 -0.27004998  5.0013673  -0.27004998 -0.27004998 -0.27004998 -0.27004998
 -0.27004998 -0.27004998 -0.27004998 -0.27004998 -0.27004998 -0.27004998
 -0.27004998 -0.27004998 -0.27004998 -0.27004998 -0.27004998 -0.27004998
 -0.27004998 -0.27004998 -0.27004998 -0.27004998 -0.27004998 -0.27004998
 -0.27004998 -0.27004998 -0.27004998 -0.27004998 -0.27004998 -0.27004998
 -0.27004998 -0.27004998 -0.27004998 -0.27004998  1.46115298 -0.27004998
 -0.27004998  2.80427703 -0.27004998 -0.27004998  1.14959951 -0.27004998
 -0.27004998 -0.27004998 -0.27004998 -0.27004998  3.84764751 -0.27004998
  4.04509376  3.19195331  3.24964225 -0.27004998  3.60587285  0.80045651
 -0.27004998 -0.27004998 -0.27004998 -0.27004998 -0.27004998 -0.27004998
 -0.27004998 -0.27004998 -0.27004998 -0.27004998 -0.27004998 -0.27004998
 -0.27004998 -0.27004998 -0.27004998 -0.27004998 -0.27004998 -0.27004998
 -0.27004998 -0.27004998 -0.27004998 -0.27004998 -0.27004998 -0.27004998
 -0.27004998 -0.27004998 -0.27004998 -0.27004998 -0.27004998 -0.27004998
 -0.27004998  2.91980689 -0.27004998 -0.27004998 -0.27004998 -0.27004998
 -0.27004998 -0.27004998 -0.27004998 -0.27004998 -0.27004998 -0.27004998
 -0.27004998  1.98819881 -0.27004998 -0.27004998 -0.27004998 -0.27004998
 -0.27004998 -0.27004998 -0.27004998 -0.27004998 -0.27004998 -0.27004998
 -0.27004998 -0.27004998 -0.27004998 -0.27004998 -0.27004998  2.67877239
 -0.27004998 -0.27004998 -0.27004998 -0.27004998 -0.27004998 -0.27004998
 -0.27004998 -0.27004998 -0.27004998 -0.27004998 -0.27004998]",[0.01591043383766899]
16,"[-0.33186838 -0.33186838 -0.33186838 -0.33186838 -0.33186838 -0.33186838
 -0.33186838 -0.33186838 -0.33186838 -0.33186838 -0.33186838 -0.33186838
 -0.33186838 -0.33186838 -0.33186838 -0.33186838 -0.33186838 -0.33186838
 -0.33186838 -0.33186838 -0.33186838 -0.33186838 -0.33186838 -0.33186838
 -0.33186838 -0.33186838 -0.33186838 -0.33186838 -0.33186838 -0.33186838
 -0.33186838 -0.33186838 -0.33186838 -0.33186838 -0.33186838 -0.33186838
 -0.33186838 -0.33186838 -0.33186838 -0.33186838  3.93249972  0.7158097
 -0.33186838 -0.33186838 -0.33186838 -0.33186838 -0.33186838 -0.33186838
 -0.33186838 -0.33186838 -0.33186838 -0.33186838 -0.33186838  0.53229729
 -0.06321058  1.07615619  3.12814294 -0.33186838 -0.33186838 -0.33186838
 -0.33186838 -0.33186838 -0.33186838 -0.33186838 -0.33186838 -0.33186838
 -0.33186838 -0.33186838 -0.33186838 -0.33186838 -0.33186838 -0.33186838
 -0.33186838 -0.33186838 -0.33186838 -0.33186838 -0.33186838 -0.33186838
 -0.33186838 -0.33186838 -0.33186838 -0.33186838 -0.33186838 -0.33186838
 -0.33186838 -0.33186838 -0.33186838  0.61787613 -0.33186838 -0.0776764
 -0.33186838  1.43655324 -0.33186838  0.01272966  2.22834144 -0.33186838
 -0.33186838 -0.33186838 -0.33186838 -0.33186838  3.80690712 -0.33186838
  2.5625388   1.95017556  3.99383507  2.02487808  1.20554281  2.90194822
 -0.33186838 -0.33186838 -0.33186838 -0.33186838 -0.33186838 -0.33186838
 -0.33186838 -0.33186838 -0.33186838 -0.33186838 -0.33186838 -0.33186838
 -0.33186838 -0.33186838 -0.33186838 -0.33186838 -0.33186838 -0.33186838
 -0.33186838 -0.33186838 -0.33186838 -0.33186838 -0.33186838 -0.33186838
 -0.33186838 -0.33186838 -0.33186838 -0.33186838 -0.33186838 -0.33186838
 -0.33186838  4.87251318 -0.33186838 -0.33186838 -0.33186838 -0.33186838
 -0.33186838 -0.33186838 -0.33186838 -0.33186838  3.58681759 -0.33186838
 -0.33186838  0.68702435 -0.33186838 -0.33186838 -0.33186838 -0.33186838
 -0.33186838 -0.33186838 -0.33186838 -0.33186838 -0.33186838 -0.33186838
  3.45467875 -0.33186838 -0.33186838 -0.33186838 -0.33186838  3.32808609
 -0.33186838 -0.33186838 -0.33186838 -0.33186838 -0.33186838 -0.33186838
 -0.33186838 -0.33186838 -0.33186838 -0.33186838  3.52513456]",[0.01672848599918647]
16,"[-0.28678453 -0.28678453 -0.28678453  2.93369212 -0.28678453 -0.28678453
 -0.28678453 -0.28678453 -0.28678453 -0.28678453 -0.28678453 -0.28678453
 -0.28678453 -0.28678453 -0.28678453 -0.28678453 -0.28678453 -0.28678453
 -0.28678453 -0.28678453 -0.28678453 -0.28678453 -0.28678453 -0.28678453
 -0.28678453 -0.28678453 -0.28678453 -0.28678453 -0.28678453 -0.28678453
 -0.28678453 -0.28678453 -0.28678453 -0.28678453 -0.28678453 -0.28678453
 -0.28678453 -0.28678453 -0.28678453 -0.28678453  3.22782006  0.15693217
 -0.28678453 -0.28678453 -0.28678453 -0.28678453 -0.28678453 -0.28678453
 -0.28678453 -0.28678453 -0.28678453 -0.28678453 -0.28678453  5.57526081
 -0.28678453 -0.28678453  5.43588158 -0.28678453 -0.28678453 -0.28678453
 -0.28678453 -0.28678453 -0.28678453 -0.28678453 -0.28678453 -0.28678453
 -0.28678453 -0.28678453 -0.28678453 -0.28678453 -0.28678453 -0.28678453
  0.27792119 -0.28678453 -0.28678453 -0.28678453 -0.28678453 -0.28678453
 -0.28678453 -0.28678453 -0.28678453 -0.28678453 -0.28678453 -0.28678453
 -0.28678453 -0.28678453 -0.28678453 -0.28678453 -0.28678453 -0.28678453
 -0.28678453  0.71265121 -0.28678453  0.9259043   0.20262788 -0.28678453
 -0.28678453  1.05958587 -0.28678453 -0.28678453  3.74345003 -0.28678453
  2.26621334  4.33328505  2.53359824 -0.28678453  0.10351019 -0.28678453
 -0.28678453 -0.28678453 -0.28678453 -0.28678453 -0.28678453 -0.28678453
 -0.28678453 -0.28678453 -0.28678453 -0.28678453 -0.28678453 -0.28678453
 -0.28678453 -0.28678453 -0.28678453 -0.28678453 -0.28678453 -0.28678453
 -0.28678453 -0.28678453 -0.28678453 -0.28678453 -0.28678453 -0.28678453
 -0.28678453 -0.28678453 -0.28678453 -0.28678453 -0.28678453 -0.28678453
 -0.28678453  4.86068731 -0.28678453 -0.28678453 -0.28678453 -0.28678453
 -0.28678453 -0.28678453 -0.28678453 -0.28678453  2.73378746 -0.28678453
 -0.28678453 -0.28678453 -0.28678453 -0.28678453 -0.28678453 -0.28678453
 -0.28678453 -0.28678453 -0.28678453 -0.28678453 -0.28678453 -0.28678453
  0.5576037  -0.28678453 -0.28678453 -0.28678453 -0.28678453  2.10789993
 -0.28678453 -0.28678453 -0.28678453 -0.28678453 -0.28678453 -0.28678453
 -0.28678453 -0.28678453 -0.28678453 -0.28678453  1.85042727]",[-0.0045128436134142524]
16,"[-0.33555269 -0.33555269 -0.33555269  1.18995168 -0.33555269 -0.33555269
 -0.33555269 -0.33555269 -0.33555269 -0.33555269 -0.33555269 -0.33555269
 -0.33555269 -0.33555269 -0.33555269 -0.33555269 -0.33555269 -0.33555269
 -0.33555269 -0.33555269 -0.33555269 -0.33555269 -0.33555269 -0.33555269
 -0.33555269 -0.33555269 -0.33555269 -0.33555269 -0.33555269 -0.33555269
 -0.33555269 -0.33555269 -0.33555269 -0.33555269 -0.33555269 -0.33555269
 -0.33555269 -0.33555269 -0.33555269 -0.33555269  4.52462255  2.56136691
 -0.33555269 -0.33555269 -0.33555269 -0.33555269 -0.33555269 -0.33555269
 -0.33555269 -0.33555269  0.07693758 -0.33555269 -0.33555269  4.3047053
  4.18207162  2.31491559 -0.33555269 -0.33555269 -0.33555269 -0.33555269
 -0.33555269 -0.33555269 -0.33555269 -0.33555269 -0.33555269 -0.33555269
 -0.33555269 -0.33555269 -0.33555269 -0.33555269 -0.33555269 -0.33555269
  0.07312577 -0.33555269 -0.33555269 -0.33555269 -0.33555269 -0.33555269
 -0.33555269 -0.33555269 -0.33555269 -0.33555269 -0.33555269 -0.33555269
 -0.33555269 -0.33555269 -0.33555269 -0.33555269 -0.33555269 -0.33555269
  0.90406554  0.96854442 -0.33555269  0.28828322  2.63348228 -0.23376315
 -0.33555269 -0.33555269 -0.33555269 -0.33555269  2.92741522 -0.33555269
  3.23734039  2.36299395  2.16738144 -0.33555269  2.75902529 -0.33555269
 -0.33555269 -0.33555269 -0.33555269 -0.33555269 -0.33555269 -0.33555269
 -0.33555269 -0.33555269 -0.33555269 -0.33555269 -0.33555269 -0.33555269
 -0.33555269 -0.33555269 -0.33555269 -0.33555269 -0.33555269 -0.33555269
 -0.33555269 -0.33555269 -0.33555269 -0.33555269 -0.33555269 -0.33555269
 -0.33555269 -0.33555269 -0.33555269 -0.33555269 -0.33555269 -0.33555269
 -0.33555269  4.0648511  -0.33555269 -0.33555269 -0.33555269 -0.33555269
 -0.33555269 -0.33555269 -0.33555269 -0.33555269  3.26262989 -0.33555269
 -0.33555269 -0.33555269 -0.33555269 -0.33555269 -0.33555269 -0.33555269
 -0.33555269 -0.33555269 -0.33555269 -0.33555269 -0.33555269 -0.33555269
  3.06549263 -0.33555269 -0.33555269 -0.33555269 -0.33555269  1.61186998
 -0.33555269  0.16608662 -0.33555269 -0.33555269 -0.33555269 -0.33555269
 -0.33555269 -0.33555269 -0.33555269 -0.33555269  2.59727181]",[0.030067882950184643]
16,"[-0.30542645 -0.30542645 -0.30542645  0.87494188 -0.30542645 -0.30542645
 -0.30542645 -0.30542645 -0.30542645 -0.30542645 -0.30542645 -0.30542645
 -0.30542645 -0.30542645 -0.30542645 -0.30542645 -0.30542645 -0.30542645
 -0.30542645 -0.30542645 -0.30542645 -0.30542645 -0.30542645 -0.30542645
 -0.30542645 -0.30542645 -0.30542645 -0.30542645 -0.30542645 -0.30542645
 -0.30542645 -0.30542645 -0.30542645 -0.30542645 -0.30542645 -0.30542645
 -0.30542645 -0.30542645 -0.30542645 -0.30542645  4.59043553  0.58075671
 -0.30542645 -0.30542645 -0.30542645 -0.30542645 -0.30542645 -0.30542645
 -0.30542645 -0.30542645 -0.30542645 -0.30542645 -0.30542645  1.24951614
 -0.30542645  1.26015958 -0.30542645 -0.30542645 -0.30542645 -0.30542645
 -0.30542645 -0.30542645 -0.30542645 -0.30542645 -0.30542645 -0.30542645
 -0.30542645 -0.30542645 -0.30542645 -0.30542645 -0.30542645 -0.30542645
  3.70797054 -0.30542645 -0.30542645 -0.30542645 -0.30542645 -0.30542645
 -0.30542645 -0.30542645 -0.30542645 -0.30542645 -0.30542645 -0.30542645
 -0.30542645 -0.30542645 -0.30542645 -0.30542645 -0.30542645 -0.30542645
  1.66913442  1.14055154 -0.30542645  2.21216263  2.38364791 -0.30542645
 -0.30542645 -0.30542645 -0.30542645 -0.30542645  4.04183116 -0.30542645
  3.63753514  4.15225913  2.34820713 -0.30542645  3.17847121 -0.30542645
 -0.30542645 -0.30542645 -0.30542645 -0.30542645 -0.30542645 -0.30542645
 -0.30542645 -0.30542645 -0.30542645 -0.30542645 -0.30542645 -0.30542645
 -0.30542645 -0.30542645 -0.30542645 -0.30542645 -0.30542645 -0.30542645
 -0.30542645 -0.30542645 -0.30542645 -0.30542645 -0.30542645 -0.30542645
 -0.30542645 -0.30542645 -0.30542645 -0.30542645 -0.30542645 -0.30542645
 -0.30542645  0.44278924 -0.30542645 -0.30542645 -0.30542645 -0.30542645
 -0.30542645 -0.30542645 -0.30542645 -0.30542645 -0.30542645 -0.30542645
 -0.30542645 -0.30542645 -0.30542645 -0.30542645 -0.30542645 -0.30542645
 -0.30542645 -0.30542645 -0.30542645 -0.30542645 -0.30542645 -0.30542645
  2.93091714 -0.30542645 -0.30542645 -0.30542645 -0.30542645  2.95249248
 -0.30542645 -0.30542645 -0.30542645 -0.30542645 -0.30542645 -0.30542645
 -0.30542645 -0.30542645 -0.30542645 -0.30542645  5.51445199]",[3.290347301820098]
16,"[-0.27288925 -0.27288925 -0.27288925  0.45749215 -0.27288925 -0.27288925
 -0.27288925 -0.27288925 -0.27288925 -0.27288925 -0.27288925 -0.27288925
 -0.27288925 -0.27288925 -0.27288925 -0.27288925 -0.27288925 -0.27288925
 -0.27288925 -0.27288925 -0.27288925 -0.27288925 -0.27288925 -0.27288925
 -0.27288925 -0.27288925 -0.27288925 -0.27288925 -0.27288925 -0.27288925
 -0.27288925 -0.27288925 -0.27288925 -0.27288925 -0.27288925 -0.27288925
 -0.27288925 -0.27288925 -0.27288925 -0.27288925  5.33902446  0.95372675
 -0.27288925 -0.27288925 -0.27288925 -0.27288925 -0.27288925 -0.27288925
 -0.27288925 -0.27288925 -0.27288925 -0.27288925 -0.27288925  5.37771485
 -0.27288925  0.01944818  4.30864654 -0.27288925 -0.27288925 -0.27288925
 -0.27288925 -0.27288925 -0.27288925 -0.27288925 -0.27288925 -0.27288925
 -0.27288925 -0.27288925 -0.27288925 -0.27288925 -0.27288925 -0.27288925
  1.11603185 -0.27288925 -0.27288925 -0.27288925 -0.27288925 -0.27288925
 -0.27288925 -0.27288925 -0.27288925 -0.27288925 -0.27288925 -0.27288925
 -0.27288925 -0.27288925 -0.27288925 -0.27288925 -0.27288925 -0.27288925
 -0.27288925  1.1050205  -0.27288925  0.03964297  0.27846393 -0.27288925
 -0.27288925 -0.27288925 -0.27288925 -0.27288925  2.63564188 -0.27288925
  2.09820522  2.92965582  2.6104145  -0.27288925  2.284498   -0.27288925
 -0.27288925 -0.27288925 -0.27288925 -0.27288925 -0.27288925 -0.27288925
 -0.27288925 -0.27288925 -0.27288925 -0.27288925 -0.27288925 -0.27288925
 -0.27288925 -0.27288925 -0.27288925 -0.27288925 -0.27288925 -0.27288925
 -0.27288925 -0.27288925 -0.27288925 -0.27288925 -0.27288925 -0.27288925
 -0.27288925 -0.27288925 -0.27288925 -0.27288925 -0.27288925 -0.27288925
 -0.27288925  4.21939824 -0.27288925 -0.27288925 -0.27288925 -0.27288925
 -0.27288925 -0.27288925 -0.27288925 -0.27288925  2.61864393 -0.27288925
 -0.27288925 -0.27288925 -0.27288925 -0.27288925 -0.27288925 -0.27288925
 -0.27288925 -0.27288925 -0.27288925 -0.27288925 -0.27288925 -0.27288925
 -0.27288925 -0.27288925 -0.27288925 -0.27288925 -0.27288925 -0.27288925
 -0.27288925 -0.27288925 -0.27288925 -0.27288925 -0.27288925 -0.27288925
 -0.27288925 -0.27288925 -0.27288925 -0.27288925  5.54349878]",[-0.0384225664918984]
16,"[-0.28237317 -0.28237317 -0.28237317 -0.28237317 -0.28237317 -0.28237317
 -0.28237317 -0.28237317 -0.28237317 -0.28237317 -0.28237317 -0.28237317
 -0.28237317 -0.28237317 -0.28237317 -0.28237317 -0.28237317 -0.28237317
 -0.28237317 -0.28237317 -0.28237317 -0.28237317 -0.28237317 -0.28237317
 -0.28237317 -0.28237317 -0.28237317 -0.28237317 -0.28237317 -0.28237317
 -0.28237317 -0.28237317 -0.28237317 -0.28237317 -0.28237317 -0.28237317
 -0.28237317 -0.28237317 -0.28237317 -0.28237317  6.07673353  1.26715721
 -0.28237317 -0.28237317 -0.28237317 -0.28237317 -0.28237317 -0.28237317
 -0.28237317 -0.28237317 -0.28237317 -0.28237317 -0.28237317  4.87415793
 -0.28237317 -0.28237317  3.4492043  -0.28237317 -0.28237317 -0.28237317
 -0.28237317 -0.28237317 -0.28237317 -0.28237317 -0.28237317 -0.28237317
 -0.28237317 -0.28237317 -0.28237317 -0.28237317 -0.28237317 -0.28237317
 -0.28237317 -0.28237317 -0.28237317 -0.28237317 -0.28237317 -0.28237317
 -0.28237317 -0.28237317 -0.28237317 -0.28237317 -0.28237317 -0.28237317
 -0.28237317 -0.28237317 -0.28237317 -0.28237317  1.35564758 -0.28237317
 -0.28237317  1.9430858  -0.28237317 -0.28237317  2.69433679 -0.28237317
 -0.28237317 -0.28237317 -0.28237317 -0.28237317  3.81850844 -0.28237317
  3.12757966  4.58172157  2.05852308  3.31087927  0.5938334  -0.28237317
 -0.28237317 -0.28237317 -0.28237317 -0.28237317 -0.28237317 -0.28237317
 -0.28237317 -0.28237317 -0.28237317 -0.28237317 -0.28237317 -0.28237317
 -0.28237317 -0.28237317 -0.28237317 -0.28237317 -0.28237317 -0.28237317
 -0.28237317 -0.28237317 -0.28237317 -0.28237317 -0.28237317 -0.28237317
 -0.28237317 -0.28237317 -0.28237317 -0.28237317 -0.28237317 -0.28237317
 -0.28237317  3.15136904 -0.28237317 -0.28237317 -0.28237317 -0.28237317
 -0.28237317 -0.28237317 -0.28237317 -0.28237317 -0.28237317 -0.28237317
 -0.28237317 -0.28237317 -0.28237317 -0.28237317 -0.28237317 -0.28237317
 -0.28237317 -0.28237317 -0.28237317 -0.28237317 -0.28237317 -0.28237317
 -0.28237317 -0.28237317 -0.28237317 -0.28237317 -0.28237317  2.6272522
 -0.28237317 -0.28237317 -0.28237317 -0.28237317 -0.28237317 -0.28237317
 -0.28237317 -0.28237317 -0.28237317 -0.28237317  1.09683659]",[-0.017936464792490114]
16,"[-3.24004339e-01 -3.24004339e-01 -3.24004339e-01 -2.76544638e-01
 -3.24004339e-01 -3.24004339e-01 -3.24004339e-01 -3.24004339e-01
 -3.24004339e-01 -3.24004339e-01 -3.24004339e-01 -3.24004339e-01
 -3.24004339e-01 -3.24004339e-01 -3.24004339e-01 -3.24004339e-01
  3.81182456e-01 -3.24004339e-01 -3.24004339e-01 -3.24004339e-01
 -1.42359300e-02 -3.24004339e-01 -3.24004339e-01 -3.24004339e-01
 -3.24004339e-01 -3.24004339e-01 -3.24004339e-01 -3.24004339e-01
 -3.24004339e-01 -3.24004339e-01 -3.24004339e-01 -3.24004339e-01
 -3.24004339e-01 -3.24004339e-01 -3.24004339e-01 -3.24004339e-01
 -3.24004339e-01 -3.24004339e-01 -3.24004339e-01 -3.24004339e-01
  5.21676411e+00  4.71550386e-01 -3.24004339e-01 -3.24004339e-01
 -3.24004339e-01 -3.24004339e-01 -3.24004339e-01 -3.24004339e-01
 -3.24004339e-01 -3.24004339e-01 -3.24004339e-01 -3.24004339e-01
 -3.24004339e-01  4.66249216e+00 -3.24004339e-01 -3.24004339e-01
  2.79968818e+00 -3.24004339e-01 -3.24004339e-01 -3.24004339e-01
 -3.24004339e-01 -3.24004339e-01 -3.24004339e-01 -3.24004339e-01
 -3.24004339e-01 -3.24004339e-01 -3.24004339e-01 -3.24004339e-01
 -3.24004339e-01 -3.24004339e-01 -3.24004339e-01 -3.24004339e-01
 -3.24004339e-01 -3.24004339e-01 -3.24004339e-01 -3.24004339e-01
 -3.24004339e-01  1.07299533e+00 -3.24004339e-01 -3.24004339e-01
 -3.24004339e-01 -3.24004339e-01 -3.24004339e-01 -3.24004339e-01
 -3.24004339e-01 -3.24004339e-01 -3.24004339e-01 -3.24004339e-01
 -3.24004339e-01  9.54032023e-01 -3.24004339e-01  4.02172048e+00
 -3.24004339e-01 -4.11365404e-03  3.00751751e+00 -3.24004339e-01
 -3.24004339e-01 -3.24004339e-01  1.20280939e+00 -3.24004339e-01
  3.26042078e+00 -3.24004339e-01  2.96498046e+00  2.68754774e+00
  3.67309771e+00 -3.24004339e-01  2.50376275e+00  7.99678887e-01
 -3.24004339e-01 -3.24004339e-01 -3.24004339e-01 -3.24004339e-01
 -3.24004339e-01 -3.24004339e-01 -3.24004339e-01 -3.24004339e-01
 -3.24004339e-01 -3.24004339e-01 -3.24004339e-01 -3.24004339e-01
 -3.24004339e-01 -3.24004339e-01 -3.24004339e-01 -3.24004339e-01
 -3.24004339e-01 -3.24004339e-01 -3.24004339e-01 -3.24004339e-01
 -3.24004339e-01 -3.24004339e-01 -3.24004339e-01 -3.24004339e-01
 -3.24004339e-01 -3.24004339e-01 -3.24004339e-01 -3.24004339e-01
 -3.24004339e-01 -3.24004339e-01 -3.24004339e-01  2.07261618e+00
 -3.24004339e-01 -3.24004339e-01  8.90850419e-01 -3.24004339e-01
 -3.24004339e-01 -3.24004339e-01 -3.24004339e-01 -3.24004339e-01
 -3.24004339e-01 -3.24004339e-01 -3.24004339e-01  3.26871031e-01
 -3.24004339e-01 -3.24004339e-01 -3.24004339e-01 -3.24004339e-01
 -3.24004339e-01 -3.24004339e-01 -3.24004339e-01 -3.24004339e-01
 -3.24004339e-01 -3.24004339e-01  4.90406936e-01 -3.24004339e-01
 -3.24004339e-01 -3.24004339e-01 -3.24004339e-01  4.29754108e+00
 -3.24004339e-01 -3.24004339e-01 -3.24004339e-01 -3.24004339e-01
 -3.24004339e-01 -3.24004339e-01 -3.24004339e-01 -3.24004339e-01
 -3.24004339e-01 -3.24004339e-01  2.43303641e+00]",[0.01747176118416416]
16,"[-0.27825973 -0.27825973 -0.27825973 -0.22895914 -0.27825973 -0.27825973
 -0.27825973 -0.27825973 -0.27825973 -0.27825973 -0.27825973 -0.27825973
 -0.27825973 -0.27825973 -0.27825973 -0.27825973 -0.27825973 -0.27825973
 -0.27825973 -0.27825973 -0.27825973 -0.27825973 -0.27825973 -0.27825973
 -0.27825973 -0.27825973 -0.27825973 -0.27825973 -0.27825973 -0.27825973
 -0.27825973 -0.27825973 -0.27825973 -0.27825973 -0.27825973 -0.27825973
 -0.27825973 -0.27825973 -0.27825973 -0.27825973  4.31011984  0.20069997
 -0.27825973 -0.27825973 -0.27825973 -0.27825973 -0.27825973 -0.27825973
 -0.27825973 -0.27825973 -0.27825973 -0.27825973 -0.27825973  5.41846878
  2.94978776 -0.27825973  4.40606213 -0.27825973 -0.27825973 -0.27825973
 -0.27825973 -0.27825973 -0.27825973 -0.27825973 -0.27825973 -0.27825973
 -0.27825973 -0.27825973 -0.27825973 -0.27825973 -0.27825973 -0.27825973
 -0.27825973 -0.27825973 -0.27825973 -0.27825973 -0.27825973 -0.27825973
 -0.27825973 -0.27825973 -0.27825973 -0.27825973 -0.27825973 -0.27825973
 -0.27825973 -0.27825973 -0.27825973 -0.27825973 -0.27825973 -0.27825973
 -0.27825973  2.04229292 -0.27825973 -0.27825973 -0.27825973 -0.27825973
 -0.27825973 -0.27825973 -0.27825973 -0.27825973  2.65486803 -0.27825973
  3.68441807  3.12660088  3.3083401  -0.27825973  1.91267552 -0.27825973
 -0.27825973 -0.27825973 -0.27825973 -0.27825973 -0.27825973 -0.27825973
 -0.27825973 -0.27825973 -0.27825973 -0.27825973 -0.27825973 -0.27825973
 -0.27825973 -0.27825973 -0.27825973 -0.27825973 -0.27825973 -0.27825973
 -0.27825973 -0.27825973 -0.27825973 -0.27825973 -0.27825973 -0.27825973
 -0.27825973 -0.27825973 -0.27825973 -0.27825973 -0.27825973 -0.27825973
 -0.27825973  4.10520871 -0.27825973 -0.27825973 -0.27825973 -0.27825973
 -0.27825973 -0.27825973 -0.27825973 -0.27825973 -0.27825973 -0.27825973
 -0.27825973 -0.27825973 -0.27825973 -0.27825973 -0.27825973 -0.27825973
 -0.27825973 -0.27825973 -0.27825973 -0.27825973 -0.27825973 -0.27825973
  0.76627166 -0.27825973 -0.27825973 -0.27825973 -0.27825973  2.58157331
 -0.27825973 -0.27825973 -0.27825973 -0.27825973 -0.27825973 -0.27825973
 -0.27825973 -0.27825973 -0.27825973 -0.27825973  4.1179072 ]",[-0.06291505963996119]
16,"[-0.29542171 -0.29542171 -0.29542171 -0.02273206 -0.29542171 -0.29542171
 -0.29542171 -0.29542171 -0.29542171 -0.29542171 -0.29542171 -0.29542171
 -0.29542171 -0.29542171 -0.29542171 -0.29542171 -0.29542171 -0.29542171
 -0.29542171 -0.29542171 -0.29542171 -0.29542171 -0.29542171 -0.29542171
 -0.29542171 -0.29542171 -0.29542171 -0.29542171 -0.29542171 -0.29542171
 -0.29542171 -0.29542171 -0.29542171 -0.29542171 -0.29542171 -0.29542171
 -0.29542171 -0.29542171 -0.29542171 -0.29542171  4.16898027  0.15073119
 -0.29542171 -0.29542171 -0.29542171 -0.29542171 -0.29542171 -0.29542171
 -0.29542171 -0.29542171 -0.29542171 -0.29542171 -0.29542171  5.6294642
 -0.29542171 -0.29542171  3.91876887 -0.29542171 -0.29542171 -0.29542171
 -0.29542171 -0.29542171 -0.29542171 -0.29542171 -0.29542171 -0.29542171
 -0.29542171 -0.29542171 -0.29542171 -0.29542171 -0.29542171 -0.29542171
  0.13261861 -0.29542171 -0.29542171 -0.29542171 -0.29542171 -0.29542171
 -0.29542171 -0.29542171 -0.29542171 -0.29542171 -0.29542171 -0.29542171
 -0.29542171 -0.29542171 -0.29542171  1.46794722 -0.29542171 -0.29542171
 -0.29542171  2.87657102 -0.29542171  0.99591424  2.2677503  -0.29542171
 -0.29542171 -0.29542171 -0.29542171 -0.29542171  2.82790821 -0.29542171
  3.96167495  3.26334532  2.86850284 -0.29542171  3.20472533 -0.29542171
 -0.29542171 -0.29542171 -0.29542171 -0.29542171 -0.29542171 -0.29542171
 -0.29542171 -0.29542171 -0.29542171 -0.29542171 -0.29542171 -0.29542171
 -0.29542171 -0.29542171 -0.29542171 -0.29542171 -0.29542171 -0.29542171
 -0.29542171 -0.29542171 -0.29542171 -0.29542171 -0.29542171 -0.29542171
  1.75809598 -0.29542171 -0.29542171 -0.29542171 -0.29542171 -0.29542171
 -0.29542171  4.74753739 -0.29542171 -0.29542171 -0.29542171 -0.29542171
 -0.29542171 -0.29542171 -0.29542171 -0.29542171 -0.29542171 -0.29542171
 -0.29542171 -0.29542171 -0.29542171 -0.29542171 -0.29542171 -0.29542171
 -0.29542171 -0.29542171 -0.29542171 -0.29542171 -0.29542171 -0.29542171
  2.18931717 -0.29542171 -0.29542171 -0.29542171 -0.29542171  0.86035268
 -0.29542171 -0.29542171 -0.29542171 -0.29542171 -0.29542171 -0.29542171
 -0.29542171 -0.29542171 -0.29542171 -0.29542171 -0.29542171]",[0.012858236308290194]
16,"[-0.36494567 -0.36494567 -0.36494567  0.7523176  -0.36494567 -0.36494567
 -0.36494567 -0.36494567 -0.36494567 -0.36494567 -0.36494567 -0.36494567
 -0.36494567 -0.36494567 -0.36494567 -0.36494567 -0.36494567 -0.36494567
 -0.36494567 -0.36494567  0.09056941 -0.36494567 -0.36494567 -0.36494567
 -0.36494567 -0.36494567 -0.36494567 -0.36494567 -0.36494567 -0.36494567
 -0.36494567 -0.36494567 -0.36494567 -0.36494567 -0.36494567 -0.36494567
 -0.36494567 -0.36494567 -0.36494567 -0.36494567  4.37748218  1.22603357
 -0.36494567 -0.36494567 -0.36494567 -0.36494567 -0.36494567 -0.36494567
 -0.36494567 -0.36494567 -0.36494567 -0.36494567 -0.36494567  5.22772457
  2.40465228  1.22045945  3.26416084 -0.36494567 -0.36494567 -0.36494567
 -0.36494567 -0.36494567 -0.36494567 -0.36494567 -0.36494567 -0.36494567
 -0.36494567 -0.36494567 -0.36494567 -0.36494567 -0.36494567 -0.36494567
  1.57673354 -0.36494567 -0.36494567 -0.36494567 -0.36494567  1.41035672
 -0.36494567 -0.36494567 -0.36494567 -0.36494567 -0.36494567 -0.36494567
 -0.36494567 -0.36494567 -0.36494567 -0.36494567 -0.36494567 -0.36494567
 -0.36494567  2.01185538 -0.36494567 -0.20176368  1.3291466  -0.36494567
 -0.36494567 -0.36494567 -0.36494567 -0.36494567  3.59555971 -0.36494567
  2.79004893  2.88511917  1.88538011  2.87131009  0.15834093 -0.36494567
 -0.36494567 -0.36494567 -0.36494567 -0.36494567  0.68680238 -0.36494567
 -0.36494567 -0.36494567 -0.36494567 -0.36494567 -0.36494567 -0.36494567
 -0.36494567 -0.36494567 -0.36494567 -0.36494567 -0.36494567 -0.36494567
  0.54641355 -0.36494567 -0.36494567 -0.36494567 -0.36494567  0.30776547
 -0.36494567 -0.36494567 -0.36494567 -0.36494567 -0.36494567 -0.36494567
 -0.36494567  3.51817857 -0.36494567 -0.36494567 -0.36494567 -0.36494567
 -0.36494567 -0.36494567 -0.36494567 -0.36494567  2.22953514 -0.36494567
 -0.36494567 -0.36494567 -0.36494567 -0.36494567 -0.36494567 -0.36494567
 -0.36494567 -0.36494567 -0.36494567 -0.36494567 -0.36494567 -0.36494567
  1.60415306 -0.36494567 -0.36494567 -0.36494567 -0.36494567  1.97502309
 -0.36494567  0.15976652  0.85146144 -0.36494567 -0.36494567 -0.36494567
 -0.36494567 -0.36494567 -0.36494567 -0.36494567  3.98726363]",[-0.054128052840725305]
16,"[-0.25248958 -0.25248958 -0.25248958 -0.25248958 -0.25248958 -0.25248958
 -0.25248958 -0.25248958 -0.25248958 -0.25248958 -0.25248958 -0.25248958
 -0.25248958 -0.25248958 -0.25248958 -0.25248958 -0.25248958 -0.25248958
 -0.25248958 -0.25248958 -0.25248958 -0.25248958 -0.25248958 -0.25248958
 -0.25248958 -0.25248958 -0.25248958 -0.25248958 -0.25248958 -0.25248958
 -0.25248958 -0.25248958 -0.25248958 -0.25248958 -0.25248958 -0.25248958
 -0.25248958 -0.25248958 -0.25248958 -0.25248958  6.39651313  1.91868553
 -0.25248958 -0.25248958 -0.25248958 -0.25248958 -0.25248958 -0.25248958
 -0.25248958 -0.25248958 -0.25248958 -0.25248958 -0.25248958  6.28442175
 -0.25248958 -0.25248958 -0.25248958 -0.25248958 -0.25248958 -0.25248958
 -0.25248958 -0.25248958 -0.25248958 -0.25248958 -0.25248958 -0.25248958
 -0.25248958 -0.25248958 -0.25248958 -0.25248958 -0.25248958 -0.25248958
 -0.25248958 -0.25248958 -0.25248958 -0.25248958 -0.25248958 -0.25248958
 -0.25248958 -0.25248958 -0.25248958 -0.25248958 -0.25248958 -0.25248958
 -0.25248958 -0.25248958 -0.25248958 -0.25248958 -0.25248958 -0.25248958
 -0.25248958  3.30433184 -0.25248958 -0.25248958  3.45792253 -0.25248958
 -0.25248958 -0.25248958 -0.25248958 -0.25248958  2.4248572  -0.25248958
  3.54666679  3.71172369  3.506826   -0.25248958  1.86307584 -0.25248958
 -0.25248958 -0.25248958 -0.25248958 -0.25248958 -0.25248958 -0.25248958
 -0.25248958 -0.25248958 -0.25248958 -0.25248958 -0.25248958 -0.25248958
 -0.25248958 -0.25248958 -0.25248958 -0.25248958 -0.25248958 -0.25248958
 -0.25248958 -0.25248958 -0.25248958 -0.25248958 -0.25248958 -0.25248958
 -0.25248958 -0.25248958 -0.25248958 -0.25248958 -0.25248958 -0.25248958
 -0.25248958 -0.25248958 -0.25248958 -0.25248958 -0.25248958 -0.25248958
 -0.25248958 -0.25248958 -0.25248958 -0.25248958 -0.25248958 -0.25248958
 -0.25248958  0.51782966 -0.25248958 -0.25248958 -0.25248958 -0.25248958
 -0.25248958 -0.25248958 -0.25248958 -0.25248958 -0.25248958 -0.25248958
  1.86737801 -0.25248958 -0.25248958 -0.25248958 -0.25248958  3.11303852
 -0.25248958 -0.25248958 -0.25248958 -0.25248958 -0.25248958 -0.25248958
 -0.25248958 -0.25248958 -0.25248958 -0.25248958 -0.25248958]",[-0.02566347362139415]
16,"[-0.27379378 -0.27379378 -0.27379378 -0.27379378 -0.27379378 -0.27379378
 -0.27379378 -0.27379378 -0.27379378 -0.27379378 -0.27379378 -0.27379378
 -0.27379378 -0.27379378 -0.27379378 -0.27379378  0.26314351 -0.27379378
 -0.27379378 -0.27379378 -0.27379378 -0.27379378 -0.27379378 -0.27379378
 -0.27379378 -0.27379378 -0.27379378 -0.27379378 -0.27379378 -0.27379378
 -0.27379378 -0.27379378 -0.27379378 -0.27379378 -0.27379378 -0.27379378
 -0.27379378 -0.27379378 -0.27379378 -0.27379378  6.15099943  1.01207015
 -0.27379378 -0.27379378 -0.27379378 -0.27379378 -0.27379378 -0.27379378
 -0.27379378 -0.27379378 -0.27379378 -0.27379378 -0.27379378  6.10564007
 -0.27379378 -0.03421159 -0.27379378 -0.27379378 -0.27379378 -0.27379378
 -0.27379378 -0.27379378 -0.27379378 -0.27379378 -0.27379378 -0.27379378
 -0.27379378 -0.27379378 -0.27379378 -0.27379378 -0.27379378 -0.27379378
  0.74302438 -0.27379378 -0.27379378 -0.27379378 -0.27379378 -0.27379378
 -0.27379378 -0.27379378 -0.27379378 -0.27379378 -0.27379378 -0.27379378
 -0.27379378 -0.27379378 -0.27379378  1.81911617 -0.27379378  0.10697133
 -0.27379378  1.58486168 -0.27379378 -0.27379378  1.76173741 -0.1398342
 -0.27379378 -0.27379378  2.0681953  -0.27379378  3.81561268 -0.27379378
  3.52247492  2.29095401  3.81582679 -0.27379378  2.7105691  -0.27379378
 -0.27379378 -0.27379378 -0.27379378 -0.27379378 -0.27379378 -0.27379378
 -0.27379378 -0.27379378 -0.27379378 -0.27379378 -0.27379378 -0.27379378
 -0.27379378 -0.27379378 -0.27379378 -0.27379378 -0.27379378 -0.27379378
 -0.27379378 -0.27379378 -0.27379378 -0.27379378 -0.27379378 -0.27379378
 -0.27379378 -0.27379378 -0.27379378 -0.27379378 -0.27379378 -0.27379378
 -0.27379378 -0.27379378 -0.27379378 -0.27379378 -0.27379378 -0.27379378
 -0.27379378 -0.27379378 -0.27379378 -0.27379378 -0.27379378 -0.27379378
 -0.27379378 -0.27379378 -0.27379378 -0.27379378 -0.27379378 -0.27379378
 -0.27379378 -0.27379378 -0.27379378 -0.27379378 -0.27379378 -0.27379378
  4.44811635 -0.27379378 -0.27379378 -0.27379378 -0.27379378  1.76173741
 -0.27379378 -0.27379378 -0.27379378 -0.27379378 -0.27379378 -0.27379378
 -0.27379378 -0.27379378 -0.27379378 -0.27379378 -0.27379378]",[-0.006960624097157253]
16,"[-0.31011747 -0.31011747 -0.31011747  2.83472428 -0.31011747 -0.31011747
 -0.31011747 -0.31011747 -0.31011747 -0.31011747 -0.31011747 -0.31011747
 -0.31011747 -0.31011747 -0.31011747 -0.31011747 -0.31011747 -0.31011747
 -0.31011747 -0.31011747 -0.31011747 -0.31011747 -0.31011747 -0.31011747
 -0.31011747 -0.31011747 -0.31011747 -0.31011747 -0.31011747 -0.31011747
 -0.31011747 -0.31011747 -0.31011747 -0.31011747 -0.31011747 -0.31011747
 -0.31011747 -0.31011747 -0.31011747 -0.31011747  3.1915706   0.14752226
 -0.31011747 -0.31011747 -0.31011747 -0.31011747 -0.31011747 -0.31011747
 -0.31011747 -0.31011747 -0.31011747 -0.31011747 -0.31011747  6.01180379
  2.5754099  -0.31011747  4.11034781 -0.31011747 -0.31011747 -0.31011747
 -0.31011747 -0.31011747 -0.31011747 -0.31011747 -0.31011747 -0.31011747
 -0.31011747 -0.31011747 -0.31011747 -0.31011747 -0.31011747 -0.31011747
  0.62603249 -0.31011747 -0.31011747 -0.31011747 -0.31011747 -0.31011747
 -0.31011747 -0.31011747 -0.31011747 -0.31011747 -0.31011747 -0.31011747
 -0.31011747 -0.31011747 -0.31011747 -0.31011747 -0.31011747 -0.31011747
 -0.31011747  2.77207005 -0.31011747  0.15143232 -0.31011747 -0.31011747
 -0.31011747 -0.31011747  1.15323635 -0.31011747  3.57541437 -0.31011747
  2.6983981   3.46239187  3.08516368 -0.31011747  0.72633644 -0.31011747
 -0.31011747 -0.31011747 -0.31011747 -0.31011747 -0.31011747 -0.31011747
 -0.31011747 -0.31011747 -0.31011747 -0.31011747 -0.31011747 -0.31011747
 -0.31011747 -0.31011747 -0.31011747 -0.31011747 -0.31011747 -0.31011747
 -0.31011747 -0.31011747 -0.31011747 -0.31011747 -0.31011747 -0.31011747
 -0.31011747 -0.31011747 -0.31011747 -0.31011747 -0.31011747 -0.31011747
 -0.31011747  3.35889564 -0.31011747 -0.31011747 -0.31011747 -0.31011747
 -0.31011747 -0.31011747 -0.31011747 -0.31011747  2.06680682 -0.31011747
 -0.31011747 -0.31011747 -0.31011747 -0.31011747 -0.31011747 -0.31011747
 -0.31011747 -0.31011747 -0.31011747 -0.31011747 -0.31011747 -0.31011747
  0.7314873  -0.31011747 -0.31011747 -0.31011747 -0.31011747  3.00398617
 -0.31011747 -0.31011747 -0.31011747 -0.31011747 -0.31011747 -0.31011747
 -0.31011747 -0.31011747 -0.31011747 -0.31011747  3.02564725]",[-0.003642922000893223]
16,"[-0.27616153 -0.27616153 -0.27616153 -0.27616153 -0.27616153 -0.27616153
 -0.27616153 -0.27616153 -0.27616153 -0.27616153 -0.27616153 -0.27616153
 -0.27616153 -0.27616153 -0.27616153 -0.27616153 -0.27616153 -0.27616153
 -0.27616153 -0.27616153 -0.27616153 -0.27616153 -0.27616153 -0.27616153
 -0.27616153 -0.27616153 -0.27616153 -0.27616153 -0.27616153 -0.27616153
 -0.27616153 -0.27616153 -0.27616153 -0.27616153 -0.27616153 -0.27616153
 -0.27616153 -0.27616153 -0.27616153 -0.27616153  1.01430124 -0.27616153
 -0.27616153 -0.27616153 -0.27616153 -0.27616153 -0.27616153 -0.27616153
 -0.27616153 -0.27616153 -0.27616153 -0.27616153 -0.27616153  1.25449583
 -0.16856339 -0.27616153 -0.27616153 -0.27616153 -0.27616153 -0.27616153
 -0.27616153 -0.27616153 -0.27616153 -0.27616153 -0.27616153 -0.27616153
 -0.27616153 -0.27616153 -0.27616153 -0.27616153 -0.27616153 -0.27616153
 -0.27616153 -0.27616153 -0.27616153 -0.27616153 -0.27616153 -0.27616153
 -0.27616153 -0.27616153 -0.27616153 -0.27616153 -0.27616153 -0.27616153
 -0.27616153 -0.27616153 -0.27616153 -0.27616153  3.53199769 -0.27616153
 -0.27616153  2.97839387 -0.27616153 -0.27616153  4.39936881 -0.27616153
 -0.27616153 -0.27616153 -0.27616153 -0.27616153  4.39353094 -0.27616153
  4.49492046  1.15629322  5.15094582 -0.27616153  3.69656051  0.95502988
  0.70209767 -0.27616153 -0.27616153 -0.27616153 -0.27616153 -0.27616153
 -0.27616153 -0.27616153 -0.27616153 -0.27616153  0.75737414 -0.27616153
 -0.27616153  0.7104977  -0.27616153 -0.27616153 -0.27616153 -0.27616153
 -0.27616153 -0.27616153 -0.27616153 -0.27616153 -0.27616153 -0.27616153
 -0.27616153 -0.27616153 -0.27616153 -0.27616153 -0.27616153 -0.27616153
 -0.27616153 -0.27616153 -0.27616153 -0.27616153 -0.27616153 -0.27616153
 -0.27616153 -0.27616153 -0.27616153 -0.27616153 -0.27616153 -0.27616153
 -0.27616153  0.82017067 -0.27616153 -0.27616153 -0.27616153 -0.27616153
 -0.27616153 -0.27616153 -0.27616153 -0.27616153 -0.27616153 -0.27616153
  5.328834   -0.27616153 -0.27616153 -0.27616153 -0.27616153  3.28575746
 -0.27616153 -0.27616153 -0.27616153 -0.27616153 -0.27616153 -0.27616153
 -0.27616153 -0.27616153 -0.27616153 -0.27616153 -0.27616153]",[0.00895869485208961]
16,"[-0.28070709 -0.28070709 -0.28070709 -0.28070709 -0.28070709 -0.28070709
 -0.28070709 -0.28070709 -0.28070709 -0.28070709 -0.28070709 -0.28070709
 -0.28070709 -0.28070709 -0.28070709 -0.28070709 -0.28070709 -0.28070709
 -0.28070709 -0.28070709 -0.28070709 -0.28070709 -0.28070709 -0.28070709
 -0.28070709 -0.28070709 -0.28070709 -0.28070709 -0.28070709 -0.28070709
 -0.28070709 -0.28070709 -0.28070709 -0.28070709 -0.28070709 -0.28070709
 -0.28070709 -0.28070709 -0.28070709 -0.28070709  4.54305616  1.19406801
 -0.28070709 -0.28070709 -0.28070709 -0.28070709 -0.28070709 -0.28070709
 -0.28070709 -0.28070709 -0.28070709 -0.28070709 -0.28070709  4.85974295
  3.59527779 -0.28070709 -0.28070709 -0.28070709 -0.28070709 -0.28070709
 -0.28070709 -0.28070709 -0.28070709 -0.28070709 -0.28070709 -0.28070709
 -0.28070709 -0.28070709 -0.28070709 -0.28070709 -0.28070709 -0.28070709
 -0.28070709 -0.28070709 -0.28070709 -0.28070709 -0.28070709 -0.28070709
 -0.28070709 -0.28070709 -0.28070709 -0.28070709 -0.28070709 -0.28070709
 -0.28070709 -0.28070709 -0.28070709 -0.28070709 -0.28070709 -0.28070709
 -0.28070709  1.95135622 -0.28070709 -0.28070709  3.33622781 -0.28070709
 -0.28070709 -0.28070709 -0.28070709 -0.28070709  3.31744828 -0.28070709
  4.59168544  3.60585895  2.22603269 -0.28070709  1.96159578  0.85748644
 -0.28070709 -0.28070709 -0.28070709 -0.28070709 -0.28070709 -0.28070709
 -0.28070709 -0.28070709 -0.28070709 -0.28070709 -0.28070709 -0.28070709
 -0.28070709 -0.28070709 -0.28070709 -0.28070709 -0.28070709 -0.28070709
 -0.28070709 -0.28070709 -0.28070709 -0.28070709 -0.28070709 -0.28070709
 -0.28070709 -0.28070709 -0.28070709 -0.28070709 -0.28070709 -0.28070709
 -0.28070709  3.65079297 -0.28070709 -0.28070709 -0.28070709 -0.28070709
 -0.28070709 -0.28070709 -0.28070709 -0.28070709 -0.28070709 -0.28070709
 -0.28070709 -0.28070709 -0.28070709 -0.28070709 -0.28070709 -0.28070709
 -0.28070709 -0.28070709 -0.28070709 -0.28070709 -0.28070709 -0.28070709
  1.68247204 -0.28070709 -0.28070709 -0.28070709 -0.28070709  4.66286064
 -0.28070709 -0.28070709 -0.28070709 -0.28070709 -0.28070709 -0.28070709
 -0.28070709 -0.28070709 -0.28070709 -0.28070709 -0.28070709]",[-0.028186263693046165]
16,"[-0.31907492 -0.31907492 -0.31907492 -0.31907492 -0.31907492 -0.31907492
 -0.31907492 -0.31907492 -0.31907492 -0.31907492 -0.31907492 -0.31907492
 -0.31907492 -0.31907492 -0.31907492 -0.31907492  0.52201008 -0.31907492
 -0.31907492 -0.31907492 -0.31907492 -0.31907492 -0.31907492 -0.31907492
 -0.31907492 -0.31907492 -0.31907492 -0.31907492 -0.31907492 -0.31907492
 -0.31907492 -0.31907492 -0.31907492 -0.31907492 -0.31907492 -0.31907492
 -0.31907492 -0.31907492 -0.31907492 -0.31907492  5.00496947  0.12580369
 -0.31907492 -0.31907492 -0.31907492 -0.31907492 -0.31907492 -0.31907492
 -0.31907492 -0.31907492 -0.31907492 -0.31907492 -0.31907492  4.70449894
  2.06179562 -0.31907492 -0.31907492 -0.31907492 -0.31907492 -0.31907492
 -0.31907492 -0.31907492 -0.31907492 -0.31907492 -0.31907492 -0.31907492
 -0.31907492 -0.31907492 -0.31907492 -0.31907492 -0.31907492 -0.31907492
 -0.09882561 -0.31907492 -0.31907492 -0.31907492 -0.31907492  1.17121609
 -0.31907492 -0.31907492 -0.31907492 -0.31907492 -0.31907492 -0.31907492
 -0.31907492 -0.31907492 -0.31907492  1.23800316 -0.31907492 -0.31907492
 -0.31907492  3.19285369 -0.31907492 -0.0287262   2.22790626 -0.31907492
 -0.31907492 -0.31907492 -0.31907492 -0.31907492  2.89018313 -0.31907492
  3.75361007  2.79706032  1.77216809  0.97901203  3.44435311  0.70539846
 -0.31907492 -0.31907492 -0.31907492 -0.31907492 -0.31907492 -0.31907492
 -0.31907492 -0.31907492 -0.31907492 -0.31907492 -0.31907492 -0.31907492
 -0.31907492 -0.31907492 -0.31907492 -0.31907492 -0.31907492 -0.31907492
 -0.31907492 -0.31907492 -0.31907492 -0.31907492 -0.31907492 -0.31907492
 -0.31907492 -0.31907492 -0.31907492 -0.31907492 -0.31907492 -0.31907492
 -0.31907492  3.55987481 -0.31907492 -0.31907492 -0.31907492 -0.31907492
 -0.31907492 -0.31907492 -0.31907492 -0.31907492 -0.31907492 -0.31907492
 -0.31907492 -0.31907492 -0.31907492 -0.31907492 -0.31907492 -0.31907492
 -0.31907492 -0.31907492 -0.31907492 -0.31907492 -0.31907492 -0.31907492
  3.41912436 -0.31907492 -0.31907492 -0.31907492 -0.31907492  3.27887723
 -0.31907492 -0.31907492 -0.31907492 -0.31907492 -0.31907492 -0.31907492
 -0.31907492 -0.31907492 -0.31907492 -0.31907492  3.3735953 ]",[0.011487311188378535]
16,"[-0.2752451  -0.2752451  -0.2752451  -0.2752451  -0.2752451  -0.2752451
 -0.2752451  -0.2752451  -0.2752451  -0.2752451  -0.2752451  -0.2752451
 -0.2752451  -0.2752451  -0.2752451  -0.2752451  -0.2752451  -0.2752451
 -0.2752451  -0.2752451  -0.2752451  -0.2752451  -0.2752451  -0.2752451
 -0.2752451  -0.2752451  -0.2752451  -0.2752451  -0.2752451  -0.2752451
 -0.2752451  -0.2752451  -0.2752451  -0.2752451  -0.2752451  -0.2752451
 -0.2752451  -0.2752451  -0.2752451  -0.2752451   5.01696755 -0.2752451
 -0.2752451  -0.2752451  -0.2752451  -0.2752451  -0.2752451  -0.2752451
 -0.2752451  -0.2752451  -0.2752451  -0.2752451  -0.2752451   5.73050154
  2.0207623  -0.2752451  -0.2752451  -0.2752451  -0.2752451  -0.2752451
 -0.2752451  -0.2752451  -0.2752451  -0.2752451  -0.2752451  -0.2752451
 -0.2752451  -0.2752451  -0.2752451  -0.2752451  -0.2752451  -0.2752451
 -0.2752451  -0.2752451  -0.2752451  -0.2752451  -0.2752451  -0.2752451
 -0.2752451  -0.2752451  -0.2752451  -0.2752451  -0.2752451  -0.2752451
 -0.2752451  -0.2752451  -0.2752451  -0.2752451  -0.2752451  -0.2752451
 -0.2752451  -0.2752451  -0.2752451   0.86155723  1.86727694 -0.2752451
 -0.2752451  -0.2752451  -0.2752451  -0.2752451   3.67671403 -0.2752451
  3.82532114  0.45686171  2.60764711 -0.2752451   3.53065976  0.69205619
 -0.2752451  -0.2752451  -0.2752451  -0.2752451  -0.2752451  -0.2752451
 -0.2752451  -0.2752451  -0.2752451  -0.2752451  -0.2752451  -0.2752451
 -0.2752451  -0.2752451  -0.2752451  -0.2752451  -0.2752451  -0.2752451
 -0.2752451  -0.2752451  -0.2752451  -0.2752451  -0.2752451  -0.2752451
 -0.2752451  -0.2752451  -0.2752451  -0.2752451  -0.2752451  -0.2752451
 -0.2752451   3.70156789 -0.2752451  -0.2752451  -0.2752451  -0.2752451
 -0.2752451  -0.2752451  -0.2752451  -0.2752451   2.4616364  -0.2752451
 -0.2752451  -0.2752451  -0.2752451  -0.2752451  -0.2752451  -0.2752451
 -0.2752451  -0.2752451  -0.2752451  -0.2752451  -0.2752451  -0.2752451
  0.8917806  -0.2752451  -0.2752451  -0.2752451  -0.2752451   2.46440362
 -0.2752451  -0.2752451  -0.2752451  -0.2752451  -0.2752451  -0.2752451
 -0.2752451  -0.2752451  -0.2752451  -0.2752451   5.05923671]",[-0.05086373315998055]
16,"[-0.30749453 -0.30749453 -0.30749453 -0.01514402 -0.30749453 -0.30749453
 -0.30749453 -0.30749453 -0.30749453 -0.30749453 -0.30749453 -0.30749453
 -0.30749453 -0.30749453 -0.30749453 -0.30749453 -0.30749453 -0.30749453
 -0.30749453 -0.30749453 -0.30749453 -0.30749453 -0.30749453 -0.30749453
 -0.30749453 -0.30749453 -0.30749453 -0.30749453 -0.30749453 -0.30749453
 -0.30749453 -0.30749453 -0.30749453 -0.30749453 -0.30749453 -0.30749453
 -0.30749453 -0.30749453 -0.30749453 -0.30749453  4.13042865  0.43414659
 -0.30749453 -0.30749453 -0.30749453 -0.30749453 -0.30749453 -0.30749453
 -0.30749453 -0.30749453 -0.30749453 -0.30749453 -0.30749453  5.02126342
  3.57012919 -0.30749453  3.66748902 -0.30749453 -0.30749453 -0.30749453
 -0.30749453 -0.30749453 -0.30749453 -0.30749453 -0.30749453 -0.30749453
 -0.30749453 -0.30749453 -0.30749453 -0.30749453 -0.30749453 -0.30749453
  0.2611441  -0.30749453 -0.30749453 -0.30749453 -0.30749453 -0.30749453
 -0.30749453 -0.30749453 -0.30749453 -0.30749453 -0.30749453 -0.30749453
 -0.30749453 -0.30749453 -0.30749453  0.61621593 -0.30749453 -0.30749453
 -0.30749453  1.61349468 -0.30749453  0.19047899 -0.06674726 -0.30749453
 -0.30749453 -0.30749453 -0.30749453 -0.30749453  2.54641242 -0.30749453
  2.72270285  2.99184102  2.76801458  2.58846325  1.35245411 -0.30749453
 -0.30749453 -0.30749453 -0.30749453 -0.30749453 -0.30749453 -0.30749453
 -0.30749453 -0.30749453 -0.30749453 -0.30749453 -0.30749453 -0.30749453
 -0.30749453 -0.30749453 -0.30749453 -0.30749453 -0.30749453 -0.30749453
 -0.30749453 -0.30749453 -0.30749453 -0.30749453 -0.30749453 -0.30749453
 -0.30749453 -0.30749453 -0.30749453 -0.30749453 -0.30749453 -0.30749453
 -0.30749453  4.36188426 -0.30749453 -0.30749453 -0.30749453 -0.30749453
 -0.30749453 -0.30749453 -0.30749453 -0.30749453  2.57695336 -0.30749453
 -0.30749453 -0.30749453 -0.30749453 -0.30749453 -0.30749453 -0.30749453
 -0.30749453 -0.30749453 -0.30749453 -0.30749453 -0.30749453 -0.30749453
  4.43381059 -0.30749453 -0.30749453 -0.30749453 -0.30749453  2.81869962
 -0.30749453 -0.30749453 -0.30749453 -0.30749453 -0.30749453 -0.30749453
 -0.30749453 -0.30749453 -0.30749453 -0.30749453 -0.30749453]",[-0.06196051073297165]
16,"[-0.39422522 -0.39422522 -0.39422522  1.58673604 -0.39422522 -0.39422522
 -0.39422522 -0.39422522 -0.39422522 -0.39422522 -0.39422522 -0.39422522
 -0.39422522 -0.39422522 -0.39422522 -0.39422522 -0.39422522 -0.39422522
 -0.39422522 -0.39422522 -0.39422522 -0.39422522 -0.39422522 -0.39422522
 -0.39422522 -0.39422522 -0.39422522 -0.39422522 -0.39422522 -0.39422522
 -0.39422522 -0.39422522 -0.39422522 -0.39422522 -0.39422522 -0.39422522
 -0.39422522  2.65152935 -0.39422522 -0.39422522  3.18028742  0.40363159
 -0.39422522 -0.39422522 -0.39422522 -0.39422522 -0.39422522 -0.39422522
 -0.39422522 -0.39422522 -0.39422522 -0.39422522 -0.39422522  4.35208888
  2.53048073 -0.39422522  3.15575573 -0.39422522 -0.39422522 -0.39422522
 -0.39422522 -0.39422522 -0.39422522 -0.39422522 -0.39422522 -0.39422522
 -0.39422522 -0.39422522 -0.39422522 -0.39422522 -0.39422522 -0.39422522
  2.57499911 -0.39422522 -0.39422522 -0.39422522 -0.39422522 -0.39422522
 -0.39422522 -0.39422522 -0.39422522 -0.39422522 -0.39422522 -0.39422522
 -0.39422522 -0.39422522 -0.39422522 -0.39422522 -0.39422522 -0.39422522
 -0.39422522  0.58676756 -0.39422522  1.03356758  1.3313805  -0.39422522
 -0.39422522  1.61796285 -0.39422522 -0.39422522  3.08536449 -0.39422522
  2.74777202  2.64980696  2.60489803  2.58305963 -0.39422522 -0.39422522
  1.09153038 -0.39422522  2.89734387 -0.39422522 -0.39422522 -0.39422522
 -0.39422522 -0.39422522 -0.39422522 -0.39422522 -0.39422522 -0.39422522
 -0.39422522  1.51599684 -0.39422522 -0.39422522 -0.39422522 -0.39422522
 -0.39422522 -0.39422522 -0.39422522 -0.39422522 -0.39422522 -0.39422522
 -0.39422522 -0.39422522 -0.39422522 -0.39422522 -0.39422522 -0.39422522
  1.31528435  3.609463   -0.39422522 -0.39422522 -0.39422522 -0.39422522
 -0.39422522 -0.39422522 -0.39422522 -0.39422522  2.18191722 -0.39422522
 -0.39422522 -0.39422522 -0.39422522 -0.39422522 -0.39422522 -0.39422522
 -0.39422522 -0.39422522 -0.39422522 -0.39422522 -0.39422522 -0.39422522
  0.70703504 -0.39422522 -0.39422522 -0.39422522 -0.39422522  2.09791672
 -0.39422522  1.03494549  0.90329278 -0.39422522 -0.39422522 -0.39422522
 -0.39422522 -0.39422522 -0.39422522 -0.39422522  3.49719454]",[0.03729321728620327]
16,"[-0.31360295 -0.31360295 -0.31360295 -0.20046267 -0.31360295 -0.31360295
 -0.31360295 -0.31360295 -0.31360295 -0.31360295 -0.31360295 -0.31360295
 -0.31360295 -0.31360295 -0.31360295 -0.31360295 -0.31360295 -0.31360295
 -0.31360295 -0.31360295  0.01531068 -0.31360295 -0.31360295 -0.31360295
 -0.31360295 -0.31360295 -0.31360295 -0.31360295 -0.31360295 -0.31360295
 -0.31360295 -0.31360295 -0.31360295 -0.31360295 -0.31360295 -0.31360295
 -0.31360295 -0.31360295 -0.31360295 -0.31360295  5.20110041 -0.31360295
 -0.31360295 -0.31360295 -0.31360295 -0.31360295 -0.31360295 -0.31360295
 -0.31360295 -0.31360295 -0.31360295 -0.31360295 -0.31360295  5.56401644
  4.21524526 -0.31360295  3.12804242 -0.31360295 -0.31360295 -0.31360295
 -0.31360295 -0.31360295 -0.31360295 -0.31360295 -0.31360295 -0.31360295
 -0.31360295 -0.31360295 -0.31360295 -0.31360295 -0.31360295 -0.31360295
 -0.31360295 -0.31360295 -0.31360295 -0.31360295 -0.31360295 -0.31360295
 -0.31360295 -0.31360295 -0.31360295 -0.31360295 -0.31360295 -0.31360295
 -0.31360295 -0.31360295 -0.31360295  1.22117514 -0.31360295 -0.31360295
 -0.31360295  2.65703476 -0.31360295  0.04572382  1.86685118 -0.31360295
 -0.31360295 -0.31360295 -0.31360295 -0.31360295  2.52405433 -0.31360295
  3.35149246  3.2633006   2.25580905 -0.31360295 -0.31360295 -0.31360295
 -0.31360295 -0.31360295 -0.31360295 -0.31360295 -0.31360295 -0.31360295
 -0.31360295 -0.31360295 -0.31360295 -0.31360295 -0.31360295 -0.31360295
 -0.31360295 -0.31360295 -0.31360295 -0.31360295 -0.31360295 -0.31360295
 -0.31360295 -0.31360295 -0.31360295 -0.31360295 -0.31360295 -0.31360295
 -0.31360295 -0.31360295 -0.31360295 -0.31360295 -0.31360295  0.87726936
 -0.31360295  2.01345877 -0.31360295 -0.31360295 -0.31360295 -0.31360295
 -0.31360295 -0.31360295 -0.31360295 -0.31360295  2.66346678 -0.31360295
 -0.31360295 -0.31360295 -0.31360295 -0.31360295 -0.31360295 -0.31360295
 -0.31360295 -0.31360295 -0.31360295 -0.31360295  2.52928673 -0.31360295
  2.52222899 -0.31360295 -0.31360295 -0.31360295 -0.31360295 -0.31360295
 -0.31360295  1.44364199  2.39121911 -0.31360295 -0.31360295 -0.31360295
 -0.31360295 -0.31360295 -0.31360295 -0.31360295 -0.31360295]",[0.0006737783211375747]
17,"[-0.25413954 -0.25413954 -0.25413954 -0.25413954 -0.25413954 -0.25413954
 -0.25413954 -0.25413954 -0.25413954 -0.25413954 -0.25413954 -0.25413954
 -0.25413954 -0.25413954 -0.25413954 -0.25413954  0.8746808  -0.25413954
 -0.25413954 -0.25413954 -0.25413954 -0.25413954 -0.25413954 -0.25413954
 -0.25413954 -0.25413954 -0.25413954 -0.25413954 -0.25413954 -0.25413954
 -0.25413954 -0.25413954 -0.25413954 -0.25413954 -0.25413954 -0.25413954
 -0.25413954 -0.25413954 -0.25413954 -0.25413954  4.85083842 -0.25413954
 -0.25413954 -0.25413954 -0.25413954 -0.25413954 -0.25413954 -0.25413954
 -0.25413954 -0.25413954 -0.25413954 -0.25413954 -0.25413954  0.55611325
 -0.25413954 -0.25413954  5.31294787 -0.25413954 -0.25413954 -0.25413954
 -0.25413954 -0.25413954 -0.25413954 -0.25413954 -0.25413954 -0.25413954
 -0.25413954 -0.25413954 -0.25413954 -0.25413954 -0.25413954 -0.25413954
 -0.25413954 -0.25413954 -0.25413954 -0.25413954 -0.25413954 -0.25413954
 -0.25413954 -0.25413954 -0.25413954 -0.25413954 -0.25413954 -0.25413954
 -0.25413954 -0.25413954 -0.25413954 -0.25413954  3.8676037   0.57492421
 -0.25413954 -0.25413954 -0.25413954  1.09331436  4.30037807 -0.25413954
 -0.25413954 -0.25413954 -0.25413954 -0.25413954  1.54430284 -0.25413954
  2.57294394  1.25549672  3.02777915 -0.25413954  1.3198502  -0.25413954
 -0.25413954 -0.25413954 -0.25413954 -0.25413954 -0.25413954 -0.25413954
 -0.25413954 -0.25413954 -0.25413954 -0.25413954 -0.25413954 -0.25413954
 -0.25413954 -0.25413954 -0.25413954 -0.25413954 -0.25413954 -0.25413954
 -0.25413954 -0.25413954 -0.25413954 -0.25413954 -0.25413954 -0.25413954
 -0.25413954 -0.25413954 -0.25413954 -0.25413954 -0.25413954 -0.25413954
 -0.25413954 -0.25413954 -0.25413954 -0.25413954 -0.25413954 -0.25413954
 -0.25413954 -0.25413954 -0.25413954 -0.25413954 -0.25413954 -0.25413954
 -0.25413954 -0.25413954 -0.25413954 -0.25413954 -0.25413954 -0.25413954
 -0.25413954 -0.25413954 -0.25413954 -0.25413954 -0.25413954 -0.25413954
  3.90538372 -0.25413954 -0.25413954 -0.25413954 -0.25413954 -0.25413954
 -0.25413954 -0.25413954 -0.25413954 -0.25413954 -0.25413954 -0.25413954
 -0.25413954 -0.25413954 -0.25413954 -0.25413954  6.62232808]",[-0.01219152047190264]
17,"[-0.3151399  -0.3151399  -0.3151399  -0.3151399  -0.3151399  -0.3151399
 -0.3151399  -0.3151399  -0.3151399  -0.3151399  -0.3151399  -0.3151399
 -0.3151399  -0.3151399  -0.3151399  -0.3151399  -0.3151399  -0.3151399
 -0.3151399  -0.3151399  -0.3151399  -0.3151399  -0.3151399  -0.3151399
 -0.3151399  -0.3151399  -0.3151399  -0.3151399  -0.3151399  -0.3151399
 -0.3151399  -0.3151399  -0.3151399  -0.3151399  -0.3151399  -0.3151399
 -0.3151399  -0.3151399  -0.3151399  -0.3151399   4.75321828  1.47233167
 -0.3151399  -0.3151399  -0.3151399  -0.3151399  -0.3151399  -0.3151399
 -0.3151399  -0.3151399  -0.3151399  -0.3151399  -0.3151399   0.81759592
  0.07245621  1.10273329  4.04547804 -0.3151399  -0.3151399  -0.3151399
 -0.3151399  -0.3151399  -0.3151399  -0.3151399  -0.3151399  -0.3151399
 -0.3151399  -0.3151399  -0.3151399  -0.3151399  -0.3151399  -0.3151399
 -0.3151399  -0.3151399  -0.3151399  -0.3151399  -0.3151399  -0.3151399
 -0.3151399  -0.3151399  -0.3151399  -0.3151399  -0.3151399  -0.3151399
 -0.3151399  -0.3151399  -0.3151399  -0.3151399  -0.3151399   0.02342582
 -0.3151399   2.94162627 -0.3151399   0.30300532  1.98724417 -0.3151399
 -0.3151399  -0.3151399  -0.3151399  -0.3151399   3.21139053 -0.3151399
  0.9872796   3.38955688  3.26527798  3.07679867  2.92308277 -0.3151399
 -0.3151399  -0.3151399  -0.3151399  -0.3151399  -0.3151399  -0.3151399
 -0.3151399  -0.3151399  -0.3151399  -0.3151399  -0.3151399  -0.3151399
 -0.3151399  -0.3151399  -0.3151399  -0.3151399  -0.3151399  -0.3151399
 -0.3151399  -0.3151399  -0.3151399  -0.3151399  -0.3151399  -0.3151399
 -0.3151399  -0.3151399  -0.3151399  -0.3151399  -0.3151399  -0.3151399
 -0.3151399   5.19686698 -0.3151399  -0.3151399  -0.3151399  -0.3151399
 -0.3151399  -0.3151399  -0.3151399  -0.3151399   3.04701303 -0.3151399
 -0.3151399  -0.3151399  -0.3151399  -0.3151399  -0.3151399  -0.3151399
 -0.3151399  -0.3151399  -0.3151399  -0.3151399  -0.3151399  -0.3151399
  2.71607848 -0.3151399  -0.3151399  -0.3151399  -0.3151399   3.35551879
 -0.3151399  -0.3151399  -0.3151399  -0.3151399  -0.3151399  -0.3151399
 -0.3151399  -0.3151399  -0.3151399  -0.3151399   1.10412515]",[-0.020131555582916516]
17,"[-0.29129737 -0.29129737 -0.29129737  2.73712827 -0.29129737 -0.29129737
 -0.29129737 -0.29129737 -0.29129737 -0.29129737 -0.29129737 -0.29129737
 -0.29129737 -0.29129737 -0.29129737 -0.29129737 -0.29129737 -0.29129737
 -0.29129737 -0.29129737 -0.29129737 -0.29129737 -0.29129737 -0.29129737
 -0.29129737 -0.29129737 -0.29129737 -0.29129737 -0.29129737 -0.29129737
 -0.29129737 -0.29129737 -0.29129737 -0.29129737 -0.29129737 -0.29129737
 -0.29129737 -0.29129737 -0.29129737 -0.29129737  2.95025718  0.74828066
 -0.29129737 -0.29129737 -0.29129737 -0.29129737 -0.29129737 -0.29129737
 -0.29129737 -0.29129737 -0.29129737 -0.29129737 -0.29129737  5.9219263
 -0.29129737 -0.29129737  5.08068546 -0.29129737 -0.29129737 -0.29129737
 -0.29129737 -0.29129737 -0.29129737 -0.29129737 -0.29129737 -0.29129737
 -0.29129737 -0.29129737 -0.29129737 -0.29129737 -0.29129737 -0.29129737
 -0.12049577 -0.29129737 -0.29129737 -0.29129737 -0.29129737 -0.29129737
 -0.29129737 -0.29129737 -0.29129737 -0.29129737 -0.29129737 -0.29129737
 -0.29129737 -0.29129737 -0.29129737 -0.29129737 -0.29129737 -0.29129737
 -0.29129737  1.75722722 -0.29129737  2.49753466  0.70400464 -0.29129737
 -0.29129737  0.97003396 -0.29129737 -0.29129737  3.62649944 -0.29129737
  1.46750005  4.06328669  1.96138334 -0.29129737  0.0437793  -0.29129737
 -0.29129737 -0.29129737 -0.29129737 -0.29129737 -0.29129737 -0.29129737
 -0.29129737 -0.29129737 -0.29129737 -0.29129737 -0.29129737 -0.29129737
 -0.29129737 -0.29129737 -0.29129737 -0.29129737 -0.29129737 -0.29129737
 -0.29129737 -0.29129737 -0.29129737 -0.29129737 -0.29129737 -0.29129737
 -0.29129737 -0.29129737 -0.29129737 -0.29129737 -0.29129737 -0.29129737
 -0.29129737  4.72883223 -0.29129737 -0.29129737 -0.29129737 -0.29129737
 -0.29129737 -0.29129737 -0.29129737 -0.29129737  2.17669041 -0.29129737
 -0.29129737 -0.29129737 -0.29129737 -0.29129737 -0.29129737 -0.29129737
 -0.29129737 -0.29129737 -0.29129737 -0.29129737 -0.29129737 -0.29129737
 -0.29129737 -0.29129737 -0.29129737 -0.29129737 -0.29129737  2.30291101
 -0.29129737 -0.29129737 -0.29129737 -0.29129737 -0.29129737 -0.29129737
 -0.29129737 -0.29129737 -0.29129737 -0.29129737  2.9901142 ]",[0.007086444966152128]
17,"[-0.30548481 -0.30548481 -0.30548481 -0.23997066 -0.30548481 -0.30548481
 -0.30548481 -0.30548481 -0.30548481 -0.30548481 -0.30548481 -0.30548481
 -0.30548481 -0.30548481 -0.30548481 -0.30548481 -0.30548481 -0.30548481
 -0.30548481 -0.30548481 -0.30548481 -0.30548481 -0.30548481 -0.30548481
 -0.30548481 -0.30548481 -0.30548481 -0.30548481 -0.30548481 -0.30548481
 -0.30548481 -0.30548481 -0.30548481 -0.30548481 -0.30548481 -0.30548481
 -0.30548481 -0.30548481 -0.30548481 -0.30548481  4.50444802  1.93816051
 -0.30548481 -0.30548481 -0.30548481 -0.30548481 -0.30548481 -0.30548481
 -0.30548481 -0.30548481 -0.30548481 -0.30548481 -0.30548481  4.71150783
  4.35336005  1.64121388 -0.30548481 -0.30548481 -0.30548481 -0.30548481
 -0.30548481 -0.30548481 -0.30548481 -0.30548481 -0.30548481 -0.30548481
 -0.30548481 -0.30548481 -0.30548481 -0.30548481 -0.30548481 -0.30548481
 -0.1092827  -0.30548481 -0.30548481 -0.30548481 -0.30548481 -0.30548481
 -0.30548481 -0.30548481 -0.30548481 -0.30548481 -0.30548481 -0.30548481
 -0.30548481 -0.30548481 -0.30548481 -0.30548481 -0.30548481 -0.30548481
 -0.30548481  1.59652641 -0.30548481  0.87614392  1.78242927 -0.30548481
 -0.30548481 -0.30548481 -0.30548481 -0.30548481  3.38110292 -0.30548481
  3.08095995  2.90137195  2.51208797 -0.30548481  2.56845756 -0.30548481
 -0.30548481 -0.30548481 -0.30548481 -0.30548481 -0.30548481 -0.30548481
 -0.30548481 -0.30548481 -0.30548481 -0.30548481 -0.30548481 -0.30548481
 -0.30548481 -0.30548481 -0.30548481 -0.30548481 -0.30548481 -0.30548481
 -0.30548481 -0.30548481 -0.30548481 -0.30548481 -0.30548481 -0.30548481
 -0.30548481 -0.30548481 -0.30548481 -0.30548481 -0.30548481 -0.30548481
 -0.30548481  4.28002002 -0.30548481 -0.30548481 -0.30548481 -0.30548481
 -0.30548481 -0.30548481 -0.30548481 -0.30548481  2.44467196 -0.30548481
 -0.30548481 -0.30548481 -0.30548481 -0.30548481 -0.30548481 -0.30548481
 -0.30548481 -0.30548481 -0.30548481 -0.30548481 -0.30548481 -0.30548481
  4.00925216 -0.30548481 -0.30548481 -0.30548481 -0.30548481  2.64510883
 -0.30548481 -0.30548481 -0.30548481 -0.30548481 -0.30548481 -0.30548481
 -0.30548481 -0.30548481 -0.30548481 -0.30548481 -0.30548481]",[-0.0217001604972899]
17,"[-0.44400133 -0.44400133 -0.44400133  1.2314018  -0.44400133 -0.44400133
 -0.44400133 -0.44400133 -0.44400133 -0.44400133 -0.44400133 -0.44400133
 -0.44400133 -0.44400133 -0.44400133 -0.44400133 -0.44400133 -0.44400133
 -0.44400133 -0.44400133 -0.44400133 -0.44400133 -0.44400133 -0.44400133
 -0.44400133  1.45801221 -0.44400133 -0.44400133 -0.44400133 -0.44400133
 -0.44400133 -0.44400133 -0.44400133 -0.44400133 -0.44400133 -0.44400133
 -0.44400133 -0.44400133 -0.44400133 -0.44400133  2.0585843   0.59630053
 -0.44400133 -0.44400133 -0.44400133 -0.44400133 -0.44400133 -0.44400133
 -0.44400133 -0.44400133  0.16912272 -0.44400133 -0.44400133  2.5173202
  0.94462286  1.1523711   0.78767252 -0.44400133 -0.44400133 -0.44400133
 -0.44400133 -0.44400133 -0.44400133 -0.44400133 -0.44400133 -0.44400133
 -0.44400133 -0.44400133 -0.44400133 -0.44400133 -0.44400133 -0.44400133
  1.52153236 -0.44400133 -0.44400133  0.54039081 -0.44400133 -0.44400133
 -0.44400133 -0.44400133 -0.44400133 -0.44400133 -0.44400133 -0.44400133
 -0.44400133 -0.44400133 -0.44400133 -0.44400133 -0.44400133 -0.44400133
  0.84616398  3.1788845  -0.44400133  1.87067823  2.13861442 -0.44400133
 -0.44400133 -0.44400133 -0.44400133 -0.44400133  2.64167529 -0.44400133
  2.89630336  2.48790659  2.06779543 -0.44400133  1.61720874 -0.44400133
 -0.44400133 -0.44400133 -0.44400133 -0.44400133 -0.44400133 -0.44400133
  0.83436531  2.38537058 -0.44400133  4.34638057  1.91044159 -0.44400133
 -0.44400133  3.09410876 -0.44400133  2.98492085 -0.44400133 -0.44400133
 -0.44400133 -0.44400133  1.38140483 -0.44400133 -0.44400133  1.46781278
 -0.44400133 -0.44400133 -0.44400133  1.01427151 -0.44400133 -0.44400133
  2.53696579  0.60202373 -0.44400133 -0.44400133 -0.44400133 -0.44400133
 -0.44400133 -0.44400133 -0.44400133 -0.44400133 -0.44400133 -0.44400133
 -0.44400133  0.23245528 -0.44400133 -0.44400133 -0.44400133 -0.44400133
 -0.44400133 -0.44400133 -0.44400133 -0.44400133 -0.44400133 -0.44400133
  3.27516842 -0.44400133 -0.44400133 -0.44400133 -0.44400133  1.16577129
 -0.44400133  0.078093   -0.44400133 -0.44400133 -0.44400133 -0.44400133
 -0.44400133 -0.44400133 -0.44400133 -0.44400133  3.46007343]",[-3.335449007727011]
17,"[-0.31131181 -0.31131181 -0.31131181 -0.1556482  -0.31131181 -0.31131181
 -0.31131181 -0.31131181 -0.31131181 -0.31131181 -0.31131181 -0.31131181
 -0.31131181 -0.31131181 -0.31131181 -0.31131181  0.16407708 -0.31131181
 -0.31131181 -0.31131181 -0.31131181 -0.31131181 -0.31131181 -0.31131181
 -0.31131181 -0.31131181 -0.31131181 -0.31131181 -0.31131181 -0.31131181
 -0.31131181 -0.31131181 -0.31131181 -0.31131181 -0.31131181 -0.31131181
 -0.31131181 -0.31131181 -0.31131181 -0.31131181  4.95591387  1.91681675
 -0.31131181 -0.31131181 -0.31131181 -0.31131181 -0.31131181 -0.31131181
 -0.31131181 -0.31131181 -0.31131181 -0.31131181 -0.31131181  4.76618972
 -0.31131181 -0.31131181  2.76853254 -0.31131181 -0.31131181 -0.31131181
 -0.31131181 -0.31131181 -0.31131181 -0.31131181 -0.31131181 -0.31131181
 -0.31131181 -0.31131181 -0.31131181 -0.31131181 -0.31131181 -0.31131181
  1.3916581  -0.31131181 -0.31131181 -0.31131181 -0.31131181 -0.31131181
 -0.31131181 -0.31131181 -0.31131181 -0.31131181 -0.31131181 -0.31131181
 -0.31131181 -0.31131181 -0.31131181  0.98554047 -0.31131181 -0.31131181
 -0.31131181  1.89892539 -0.31131181 -0.16346904  2.64015173 -0.31131181
 -0.31131181 -0.31131181 -0.31131181 -0.31131181  3.10421513 -0.31131181
  3.72727995  3.23911343  2.73861015 -0.31131181  1.37765649  0.19742008
 -0.31131181 -0.31131181 -0.31131181 -0.31131181 -0.31131181 -0.31131181
 -0.31131181 -0.31131181 -0.31131181 -0.31131181 -0.31131181 -0.31131181
 -0.31131181 -0.31131181 -0.31131181 -0.31131181 -0.31131181 -0.31131181
 -0.31131181 -0.31131181 -0.31131181 -0.31131181 -0.31131181 -0.31131181
 -0.31131181 -0.31131181 -0.31131181 -0.31131181 -0.31131181 -0.31131181
 -0.31131181  4.68857911 -0.31131181 -0.31131181 -0.31131181 -0.31131181
 -0.31131181 -0.31131181 -0.31131181 -0.31131181  2.40071919 -0.31131181
 -0.31131181 -0.31131181 -0.31131181 -0.31131181 -0.31131181 -0.31131181
 -0.31131181 -0.31131181 -0.31131181 -0.31131181 -0.31131181 -0.31131181
  2.3249243  -0.31131181 -0.31131181 -0.31131181 -0.31131181  3.87236325
 -0.31131181  0.03638501 -0.31131181 -0.31131181 -0.31131181 -0.31131181
 -0.31131181 -0.31131181 -0.31131181 -0.31131181 -0.31131181]",[-0.018951969832523174]
17,"[-0.30030963 -0.30030963 -0.30030963 -0.30030963 -0.30030963 -0.30030963
 -0.30030963 -0.30030963 -0.30030963 -0.30030963 -0.30030963 -0.30030963
 -0.30030963 -0.30030963 -0.30030963 -0.30030963 -0.30030963 -0.30030963
 -0.30030963 -0.30030963 -0.30030963 -0.30030963 -0.30030963 -0.30030963
 -0.30030963 -0.30030963 -0.30030963 -0.30030963 -0.30030963 -0.30030963
 -0.30030963 -0.30030963 -0.30030963 -0.30030963 -0.30030963 -0.30030963
 -0.30030963 -0.30030963 -0.30030963 -0.30030963  4.7577537   0.21436325
 -0.30030963 -0.30030963 -0.30030963 -0.30030963 -0.30030963 -0.30030963
 -0.30030963 -0.30030963 -0.30030963 -0.30030963 -0.30030963  4.46920503
  0.36832672  1.2339289   1.46630939 -0.30030963 -0.30030963 -0.30030963
 -0.30030963 -0.30030963 -0.30030963 -0.30030963 -0.30030963 -0.30030963
 -0.30030963 -0.30030963 -0.30030963 -0.30030963 -0.30030963 -0.30030963
 -0.15909902 -0.30030963 -0.30030963 -0.30030963 -0.30030963  1.52293752
 -0.30030963 -0.30030963 -0.30030963 -0.30030963 -0.30030963 -0.30030963
 -0.30030963 -0.30030963 -0.30030963 -0.30030963 -0.30030963 -0.05686925
 -0.30030963  3.51805957 -0.30030963 -0.30030963  2.53007122 -0.30030963
 -0.30030963 -0.30030963 -0.30030963 -0.30030963  3.23520676 -0.30030963
  3.02644294  2.85467342  2.25451665  1.40838251  1.29425816 -0.30030963
 -0.30030963 -0.30030963 -0.30030963 -0.30030963 -0.30030963 -0.30030963
 -0.30030963 -0.30030963 -0.30030963 -0.30030963 -0.30030963 -0.30030963
 -0.30030963 -0.30030963 -0.30030963 -0.30030963 -0.30030963 -0.30030963
 -0.30030963 -0.30030963 -0.30030963 -0.30030963 -0.30030963 -0.30030963
 -0.30030963 -0.30030963 -0.30030963 -0.30030963 -0.30030963 -0.30030963
 -0.30030963  2.80966328 -0.30030963 -0.30030963 -0.30030963 -0.30030963
 -0.30030963 -0.30030963 -0.30030963 -0.30030963 -0.30030963 -0.30030963
 -0.30030963  0.46585297 -0.30030963 -0.30030963 -0.30030963 -0.30030963
 -0.30030963 -0.30030963 -0.30030963 -0.30030963 -0.30030963 -0.30030963
  4.83846098 -0.30030963 -0.30030963 -0.30030963 -0.30030963  5.39647726
 -0.30030963 -0.30030963 -0.30030963 -0.30030963 -0.30030963 -0.30030963
 -0.30030963 -0.30030963 -0.30030963 -0.30030963 -0.30030963]",[-0.0033631417742426284]
17,"[-0.30653258 -0.30653258 -0.30653258 -0.30653258 -0.30653258 -0.30653258
 -0.30653258 -0.30653258 -0.30653258 -0.30653258 -0.30653258 -0.30653258
 -0.30653258 -0.30653258 -0.30653258 -0.30653258 -0.30653258 -0.30653258
 -0.30653258 -0.30653258 -0.30653258 -0.30653258 -0.30653258 -0.30653258
 -0.30653258 -0.30653258 -0.30653258 -0.30653258 -0.30653258 -0.30653258
 -0.30653258 -0.30653258 -0.30653258 -0.30653258 -0.30653258 -0.30653258
 -0.30653258 -0.30653258 -0.30653258 -0.30653258  4.82919557  0.4019551
 -0.30653258 -0.30653258 -0.30653258 -0.30653258 -0.30653258 -0.30653258
 -0.30653258 -0.30653258 -0.30653258 -0.30653258 -0.30653258  5.11969009
  1.38612731 -0.30653258  1.61106637 -0.30653258 -0.30653258 -0.30653258
 -0.30653258 -0.30653258 -0.30653258 -0.30653258 -0.30653258 -0.30653258
 -0.30653258 -0.30653258 -0.30653258 -0.30653258 -0.30653258 -0.30653258
 -0.30653258 -0.30653258 -0.30653258 -0.30653258 -0.30653258  0.76451241
 -0.30653258 -0.30653258 -0.30653258 -0.30653258 -0.30653258 -0.30653258
 -0.30653258 -0.30653258 -0.30653258  1.16868577 -0.30653258 -0.30653258
 -0.30653258  3.06645061 -0.30653258  0.36586479  1.13370184 -0.30653258
 -0.30653258 -0.30653258 -0.30653258 -0.30653258  3.65897546 -0.30653258
  1.99989079  2.82256728  3.20314039 -0.30653258  1.76045239  0.61413534
 -0.30653258 -0.30653258 -0.30653258 -0.30653258 -0.30653258 -0.30653258
 -0.30653258 -0.30653258 -0.30653258 -0.30653258 -0.30653258 -0.30653258
 -0.30653258 -0.30653258 -0.30653258 -0.30653258 -0.30653258 -0.30653258
 -0.30653258 -0.30653258 -0.30653258 -0.30653258 -0.30653258 -0.30653258
 -0.30653258 -0.30653258 -0.30653258 -0.30653258 -0.30653258 -0.30653258
 -0.30653258  3.5201344  -0.30653258 -0.30653258  0.90498268 -0.30653258
 -0.30653258 -0.30653258 -0.30653258 -0.30653258 -0.30653258 -0.30653258
 -0.30653258 -0.30653258 -0.30653258 -0.30653258 -0.30653258 -0.30653258
 -0.30653258 -0.30653258 -0.30653258 -0.30653258 -0.30653258 -0.30653258
  4.4351744  -0.30653258 -0.30653258 -0.30653258 -0.30653258  4.97162886
 -0.30653258 -0.30653258 -0.30653258 -0.30653258 -0.30653258 -0.30653258
 -0.30653258 -0.30653258 -0.30653258 -0.30653258  0.69381543]",[0.04225952662456944]
17,"[-0.34117479 -0.34117479 -0.34117479  2.01169318 -0.34117479 -0.34117479
 -0.34117479 -0.34117479 -0.34117479 -0.34117479 -0.34117479 -0.34117479
 -0.34117479 -0.34117479 -0.34117479 -0.34117479  0.02885208 -0.34117479
 -0.34117479 -0.34117479  0.05713957 -0.34117479 -0.34117479 -0.34117479
 -0.34117479 -0.34117479 -0.34117479 -0.34117479 -0.34117479 -0.34117479
 -0.34117479 -0.34117479 -0.34117479 -0.34117479 -0.34117479 -0.34117479
 -0.34117479 -0.34117479 -0.34117479 -0.34117479  3.29760826  0.73764319
 -0.34117479 -0.34117479 -0.34117479 -0.34117479 -0.34117479 -0.34117479
 -0.34117479 -0.34117479 -0.34117479 -0.34117479 -0.34117479  4.43664566
  2.40535785 -0.34117479  3.68597895 -0.34117479 -0.34117479 -0.34117479
 -0.34117479 -0.34117479 -0.34117479 -0.34117479 -0.34117479 -0.34117479
 -0.34117479 -0.34117479 -0.34117479 -0.34117479 -0.34117479 -0.34117479
 -0.26655123 -0.34117479 -0.34117479 -0.34117479 -0.34117479 -0.34117479
 -0.34117479 -0.34117479 -0.34117479 -0.34117479 -0.34117479 -0.34117479
 -0.34117479 -0.34117479 -0.34117479  0.97346185 -0.34117479 -0.34117479
 -0.34117479  1.62029215 -0.34117479  0.37945489  3.22959887 -0.20764305
 -0.34117479 -0.34117479 -0.34117479 -0.34117479  3.05711149 -0.34117479
  3.18732787  2.79735778  1.94818163 -0.34117479  2.41506626  0.22069723
 -0.34117479 -0.34117479 -0.34117479 -0.34117479 -0.34117479 -0.34117479
 -0.34117479 -0.34117479 -0.34117479 -0.34117479 -0.34117479 -0.34117479
 -0.34117479 -0.34117479 -0.34117479 -0.34117479 -0.34117479 -0.34117479
 -0.34117479 -0.34117479 -0.34117479 -0.34117479 -0.34117479 -0.34117479
 -0.34117479 -0.34117479 -0.34117479 -0.34117479 -0.34117479 -0.34117479
 -0.34117479  3.96505761 -0.34117479 -0.34117479 -0.34117479 -0.34117479
 -0.34117479 -0.34117479 -0.34117479 -0.34117479  2.32897736 -0.34117479
 -0.34117479  0.47613439 -0.34117479 -0.34117479 -0.34117479 -0.34117479
 -0.34117479 -0.34117479 -0.34117479 -0.34117479 -0.34117479 -0.34117479
  1.41745987 -0.34117479 -0.34117479 -0.34117479 -0.34117479  4.14103556
 -0.34117479 -0.34117479 -0.34117479 -0.34117479 -0.34117479 -0.34117479
 -0.34117479 -0.34117479 -0.34117479 -0.34117479  3.85580331]",[0.01599961438493147]
17,"[-0.28256347 -0.28256347 -0.28256347  0.10380137 -0.28256347 -0.28256347
 -0.28256347 -0.28256347 -0.28256347 -0.28256347 -0.28256347 -0.28256347
 -0.28256347 -0.28256347 -0.28256347 -0.28256347 -0.28256347 -0.28256347
 -0.28256347 -0.28256347 -0.28256347 -0.28256347 -0.28256347 -0.28256347
 -0.28256347 -0.28256347 -0.28256347 -0.28256347 -0.28256347 -0.28256347
 -0.28256347 -0.28256347 -0.28256347 -0.28256347 -0.28256347 -0.28256347
 -0.28256347 -0.28256347 -0.28256347 -0.28256347  5.33409957  0.5461439
 -0.28256347 -0.28256347 -0.28256347 -0.28256347 -0.28256347 -0.28256347
 -0.28256347 -0.28256347 -0.28256347 -0.28256347 -0.28256347  5.41684288
 -0.28256347 -0.28256347  4.73926487 -0.28256347 -0.28256347 -0.28256347
 -0.28256347 -0.28256347 -0.28256347 -0.28256347 -0.28256347 -0.28256347
 -0.28256347 -0.28256347 -0.28256347 -0.28256347 -0.28256347 -0.28256347
 -0.28256347 -0.28256347 -0.28256347 -0.28256347 -0.28256347 -0.28256347
 -0.28256347 -0.28256347 -0.28256347 -0.28256347 -0.28256347 -0.28256347
 -0.28256347 -0.28256347 -0.28256347 -0.28256347 -0.28256347 -0.28256347
 -0.28256347  1.75891178 -0.28256347  1.0716535   0.65119807 -0.08561697
 -0.28256347 -0.28256347 -0.28256347 -0.28256347  3.45674379 -0.28256347
  3.16656156  3.81163675  1.9133825  -0.28256347  3.00945946 -0.28256347
 -0.28256347 -0.28256347 -0.28256347 -0.28256347  1.89595527 -0.28256347
 -0.28256347 -0.28256347 -0.28256347 -0.28256347 -0.28256347 -0.28256347
 -0.28256347 -0.28256347 -0.28256347 -0.28256347 -0.28256347 -0.28256347
 -0.28256347 -0.28256347 -0.28256347 -0.28256347 -0.28256347 -0.28256347
 -0.28256347 -0.28256347 -0.28256347 -0.28256347 -0.28256347 -0.28256347
 -0.28256347  3.80958899 -0.28256347 -0.28256347 -0.28256347 -0.28256347
 -0.28256347 -0.28256347 -0.28256347 -0.28256347 -0.28256347 -0.28256347
 -0.28256347 -0.28256347 -0.28256347 -0.28256347 -0.28256347 -0.28256347
 -0.28256347 -0.28256347 -0.28256347 -0.28256347 -0.28256347 -0.28256347
  1.55047113 -0.28256347 -0.28256347 -0.28256347 -0.28256347  3.34262097
 -0.28256347 -0.28256347 -0.28256347 -0.28256347 -0.28256347 -0.28256347
 -0.28256347 -0.28256347 -0.28256347 -0.28256347 -0.28256347]",[-0.029870137098310323]
17,"[-0.27815305 -0.27815305 -0.27815305 -0.17694217 -0.27815305 -0.27815305
 -0.27815305 -0.27815305 -0.27815305 -0.27815305 -0.27815305 -0.27815305
 -0.27815305 -0.27815305 -0.27815305 -0.27815305 -0.27815305 -0.27815305
 -0.27815305 -0.27815305 -0.27815305 -0.27815305 -0.27815305 -0.27815305
 -0.27815305 -0.27815305 -0.27815305 -0.27815305 -0.27815305 -0.27815305
 -0.27815305 -0.27815305 -0.27815305 -0.27815305 -0.27815305 -0.27815305
 -0.27815305 -0.27815305 -0.27815305 -0.27815305  6.36644967  0.92210143
 -0.27815305 -0.27815305 -0.27815305 -0.27815305 -0.27815305 -0.27815305
 -0.27815305 -0.27815305 -0.27815305 -0.27815305 -0.27815305  5.85876829
 -0.27815305 -0.27815305  2.16260937 -0.27815305 -0.27815305 -0.27815305
 -0.27815305 -0.27815305 -0.27815305 -0.27815305 -0.27815305 -0.27815305
 -0.27815305 -0.27815305 -0.27815305 -0.27815305 -0.27815305 -0.27815305
  0.65437417 -0.27815305 -0.27815305 -0.27815305 -0.27815305 -0.27815305
 -0.27815305 -0.27815305 -0.27815305 -0.27815305 -0.27815305 -0.27815305
 -0.27815305 -0.27815305 -0.27815305 -0.27815305 -0.27815305 -0.27815305
 -0.27815305  2.51617966 -0.27815305  2.32476121 -0.27815305 -0.27815305
 -0.27815305 -0.27815305 -0.27815305 -0.27815305  2.9991065  -0.27815305
  1.00187244  3.12780291  2.08872276 -0.27815305  2.57830899  0.14795767
 -0.27815305 -0.27815305 -0.27815305 -0.27815305 -0.27815305 -0.27815305
 -0.27815305 -0.27815305 -0.27815305 -0.27815305 -0.27815305 -0.27815305
 -0.27815305 -0.27815305 -0.27815305 -0.27815305 -0.27815305 -0.27815305
 -0.27815305 -0.27815305 -0.27815305 -0.27815305 -0.27815305 -0.27815305
 -0.27815305 -0.27815305 -0.27815305 -0.27815305 -0.27815305 -0.27815305
 -0.27815305  3.90679814 -0.27815305 -0.27815305 -0.27815305 -0.27815305
 -0.27815305 -0.27815305 -0.27815305 -0.27815305 -0.27815305 -0.27815305
 -0.27815305 -0.27815305 -0.27815305 -0.27815305 -0.27815305 -0.27815305
 -0.27815305 -0.27815305 -0.27815305 -0.27815305 -0.27815305 -0.27815305
  1.17687271 -0.27815305 -0.27815305 -0.27815305 -0.27815305  2.81978416
 -0.27815305 -0.27815305 -0.27815305 -0.27815305 -0.27815305 -0.27815305
 -0.27815305 -0.27815305 -0.27815305 -0.27815305  4.30711393]",[-0.012465309704759564]
17,"[-0.2807544  -0.2807544  -0.2807544   0.69105308 -0.2807544  -0.2807544
 -0.2807544  -0.2807544  -0.2807544  -0.2807544  -0.2807544  -0.2807544
 -0.2807544  -0.2807544  -0.2807544  -0.2807544  -0.2807544  -0.2807544
 -0.2807544  -0.2807544  -0.2807544  -0.2807544  -0.2807544  -0.2807544
  2.99128059 -0.2807544  -0.2807544  -0.2807544  -0.2807544  -0.2807544
 -0.2807544  -0.2807544  -0.2807544  -0.2807544  -0.2807544  -0.2807544
 -0.2807544  -0.2807544  -0.2807544  -0.2807544   6.13434329  1.51867039
 -0.2807544  -0.2807544  -0.2807544  -0.2807544  -0.2807544  -0.2807544
 -0.2807544  -0.2807544  -0.2807544  -0.2807544  -0.2807544   5.77059674
 -0.2807544   0.64815141 -0.2807544  -0.2807544  -0.2807544  -0.2807544
 -0.2807544  -0.2807544  -0.2807544  -0.2807544  -0.2807544  -0.2807544
 -0.2807544  -0.2807544  -0.2807544  -0.2807544  -0.2807544  -0.2807544
 -0.2807544  -0.2807544  -0.2807544  -0.2807544  -0.2807544  -0.2807544
 -0.2807544  -0.2807544  -0.2807544  -0.2807544  -0.2807544  -0.2807544
 -0.2807544  -0.2807544  -0.2807544  -0.2807544  -0.2807544  -0.2807544
 -0.2807544   2.65416774 -0.2807544  -0.2807544  -0.2807544  -0.2807544
 -0.2807544  -0.2807544   0.55761464 -0.2807544   3.7699579  -0.2807544
  1.93441722  2.78421643  4.6724746  -0.2807544  -0.2807544  -0.2807544
 -0.2807544  -0.2807544  -0.2807544  -0.2807544   1.25553977 -0.2807544
 -0.2807544  -0.2807544  -0.2807544  -0.2807544  -0.2807544  -0.2807544
 -0.2807544  -0.2807544  -0.2807544  -0.2807544  -0.2807544  -0.2807544
 -0.2807544  -0.2807544  -0.2807544  -0.2807544  -0.2807544   0.20683046
 -0.2807544  -0.2807544  -0.2807544   2.31219013 -0.2807544  -0.2807544
 -0.2807544  -0.2807544  -0.2807544  -0.2807544  -0.2807544  -0.2807544
 -0.2807544  -0.2807544  -0.2807544  -0.2807544  -0.2807544  -0.2807544
 -0.2807544  -0.2807544  -0.2807544  -0.2807544  -0.2807544  -0.2807544
 -0.2807544  -0.2807544  -0.2807544  -0.2807544  -0.2807544  -0.2807544
  3.90250624 -0.2807544  -0.2807544  -0.2807544  -0.2807544   1.27004921
 -0.2807544  -0.2807544   2.1273993  -0.2807544  -0.2807544  -0.2807544
 -0.2807544  -0.2807544  -0.2807544  -0.2807544  -0.2807544 ]",[-0.07955390123029227]
17,"[-0.31376039 -0.31376039 -0.31376039  3.21257014 -0.31376039 -0.31376039
 -0.31376039 -0.31376039 -0.31376039 -0.31376039 -0.31376039 -0.31376039
 -0.31376039 -0.31376039 -0.31376039 -0.31376039  0.22601419 -0.31376039
 -0.31376039 -0.31376039 -0.31376039 -0.31376039 -0.31376039 -0.31376039
 -0.31376039 -0.31376039 -0.31376039 -0.31376039 -0.31376039 -0.31376039
 -0.31376039 -0.31376039 -0.31376039 -0.31376039 -0.31376039 -0.31376039
 -0.31376039 -0.31376039 -0.31376039 -0.31376039  2.56667843 -0.31376039
 -0.31376039 -0.31376039 -0.31376039 -0.31376039 -0.31376039 -0.31376039
 -0.31376039 -0.31376039 -0.31376039 -0.31376039 -0.31376039  5.60689948
  3.63197641 -0.31376039  4.21969615 -0.31376039 -0.31376039 -0.31376039
 -0.31376039 -0.31376039 -0.31376039 -0.31376039 -0.31376039 -0.31376039
 -0.31376039 -0.31376039 -0.31376039 -0.31376039 -0.31376039 -0.31376039
  1.4687138  -0.31376039 -0.31376039 -0.31376039 -0.31376039 -0.31376039
 -0.31376039 -0.31376039 -0.31376039 -0.31376039 -0.31376039 -0.31376039
 -0.31376039 -0.31376039 -0.31376039 -0.31376039 -0.31376039  0.40468377
 -0.31376039  2.77244038 -0.31376039  0.77279524 -0.0476976  -0.31376039
 -0.31376039 -0.31376039 -0.31376039 -0.31376039  3.21288715 -0.31376039
  1.87002108  3.55535846  3.22468908 -0.31376039  1.32510881 -0.31376039
 -0.31376039 -0.31376039 -0.31376039 -0.31376039 -0.31376039 -0.31376039
 -0.31376039 -0.31376039 -0.31376039 -0.31376039 -0.31376039 -0.31376039
 -0.31376039 -0.31376039 -0.31376039 -0.31376039 -0.31376039 -0.31376039
 -0.31376039 -0.31376039 -0.31376039 -0.31376039 -0.31376039 -0.31376039
 -0.31376039 -0.31376039 -0.31376039 -0.31376039 -0.31376039 -0.31376039
 -0.31376039  4.13997082 -0.31376039 -0.31376039 -0.31376039 -0.31376039
 -0.31376039 -0.31376039 -0.31376039 -0.31376039  2.80661772 -0.31376039
 -0.31376039 -0.31376039 -0.31376039 -0.31376039 -0.31376039 -0.31376039
 -0.31376039 -0.31376039 -0.31376039 -0.31376039 -0.31376039 -0.31376039
  0.72260748 -0.31376039 -0.31376039 -0.31376039 -0.31376039  1.00400842
 -0.31376039 -0.31376039 -0.31376039 -0.31376039 -0.31376039 -0.31376039
 -0.31376039 -0.31376039 -0.31376039 -0.31376039  2.87810228]",[-0.10593507932267204]
17,"[-0.26720284 -0.26720284 -0.26720284 -0.26720284 -0.26720284 -0.26720284
 -0.26720284 -0.26720284 -0.26720284 -0.26720284 -0.26720284 -0.26720284
 -0.26720284 -0.26720284 -0.26720284 -0.26720284 -0.26720284 -0.26720284
 -0.26720284 -0.26720284 -0.26720284 -0.26720284 -0.26720284 -0.26720284
 -0.26720284 -0.26720284 -0.26720284 -0.26720284 -0.26720284 -0.26720284
 -0.26720284 -0.26720284 -0.26720284 -0.26720284 -0.26720284 -0.26720284
 -0.26720284 -0.26720284 -0.26720284 -0.26720284  2.02127414 -0.26720284
 -0.26720284 -0.26720284 -0.26720284 -0.26720284 -0.26720284 -0.26720284
 -0.26720284 -0.26720284 -0.26720284 -0.26720284 -0.26720284  3.71954069
 -0.26720284 -0.26720284 -0.26720284 -0.26720284 -0.26720284 -0.26720284
 -0.26720284 -0.26720284 -0.26720284 -0.26720284 -0.26720284 -0.26720284
 -0.26720284 -0.26720284 -0.26720284 -0.26720284 -0.26720284 -0.26720284
 -0.26720284 -0.26720284 -0.26720284 -0.26720284 -0.26720284 -0.26720284
 -0.26720284 -0.26720284 -0.26720284 -0.26720284 -0.26720284 -0.26720284
 -0.26720284 -0.26720284 -0.26720284 -0.26720284  2.38212754 -0.26720284
 -0.26720284  2.67230078 -0.26720284 -0.26720284  3.77667822 -0.26720284
 -0.26720284 -0.26720284 -0.26720284 -0.26720284  4.66729348 -0.26720284
  4.88376767  1.68066678  4.45640564 -0.26720284  4.06797937  1.57165972
 -0.26720284 -0.26720284 -0.26720284 -0.26720284 -0.26720284 -0.26720284
 -0.26720284 -0.26720284 -0.26720284 -0.26720284 -0.26720284 -0.26720284
 -0.26720284 -0.26720284 -0.26720284 -0.26720284 -0.26720284 -0.26720284
 -0.26720284 -0.26720284 -0.26720284 -0.26720284 -0.26720284 -0.26720284
 -0.26720284 -0.26720284 -0.26720284 -0.26720284 -0.26720284 -0.26720284
 -0.26720284 -0.26720284 -0.26720284 -0.26720284 -0.26720284 -0.26720284
 -0.26720284 -0.26720284 -0.26720284 -0.26720284 -0.26720284 -0.26720284
 -0.26720284  0.49711449 -0.26720284 -0.26720284 -0.26720284 -0.26720284
 -0.26720284 -0.26720284 -0.26720284 -0.26720284 -0.26720284 -0.26720284
  5.43554192 -0.26720284 -0.26720284 -0.26720284 -0.26720284  2.25611755
 -0.26720284 -0.26720284 -0.26720284 -0.26720284 -0.26720284 -0.26720284
 -0.26720284 -0.26720284 -0.26720284 -0.26720284 -0.26720284]",[0.002709923194327446]
17,"[-0.30889335 -0.30889335 -0.30889335 -0.26211964 -0.30889335 -0.30889335
 -0.30889335 -0.30889335 -0.30889335 -0.30889335 -0.30889335 -0.30889335
 -0.30889335 -0.30889335 -0.30889335 -0.30889335 -0.30889335 -0.30889335
 -0.30889335 -0.30889335 -0.30889335 -0.30889335 -0.30889335 -0.30889335
 -0.30889335 -0.30889335 -0.30889335 -0.30889335 -0.30889335 -0.30889335
 -0.30889335 -0.30889335 -0.30889335 -0.30889335 -0.30889335 -0.30889335
 -0.30889335 -0.30889335 -0.30889335 -0.30889335  4.14540869  1.14639116
 -0.30889335 -0.30889335 -0.30889335 -0.30889335 -0.30889335 -0.30889335
 -0.30889335 -0.30889335 -0.30889335 -0.30889335 -0.30889335  4.67567413
  3.25856619 -0.30889335 -0.30889335 -0.30889335 -0.30889335 -0.30889335
 -0.30889335 -0.30889335 -0.30889335 -0.30889335 -0.30889335 -0.30889335
 -0.30889335 -0.30889335 -0.30889335 -0.30889335 -0.30889335 -0.30889335
 -0.30889335 -0.30889335 -0.30889335 -0.30889335 -0.30889335 -0.30889335
 -0.30889335 -0.30889335 -0.30889335 -0.30889335 -0.30889335 -0.30889335
 -0.30889335 -0.30889335 -0.30889335  0.61031851 -0.30889335 -0.30889335
 -0.30889335  1.82982943 -0.30889335 -0.01232349  3.87877698 -0.30889335
 -0.30889335 -0.30889335 -0.30889335 -0.30889335  2.70030212 -0.30889335
  3.01498981  3.10316958  1.87550128 -0.30889335  3.30077657  1.04697485
 -0.30889335 -0.30889335 -0.30889335 -0.30889335 -0.30889335 -0.30889335
 -0.30889335 -0.30889335 -0.30889335 -0.30889335 -0.30889335 -0.30889335
 -0.30889335 -0.30889335 -0.30889335 -0.30889335 -0.30889335 -0.30889335
 -0.30889335 -0.30889335 -0.30889335 -0.30889335 -0.30889335 -0.30889335
 -0.30889335  1.44098316 -0.30889335 -0.30889335 -0.30889335 -0.30889335
 -0.30889335  4.4154501  -0.30889335 -0.30889335 -0.30889335 -0.30889335
 -0.30889335 -0.30889335 -0.30889335 -0.30889335 -0.30889335 -0.30889335
 -0.30889335 -0.30889335 -0.30889335 -0.30889335 -0.30889335 -0.30889335
 -0.30889335 -0.30889335 -0.30889335 -0.30889335 -0.30889335 -0.30889335
  1.29901647 -0.30889335 -0.30889335 -0.30889335 -0.30889335  3.79194439
 -0.30889335 -0.30889335 -0.30889335 -0.30889335 -0.30889335 -0.30889335
 -0.30889335 -0.30889335 -0.30889335 -0.30889335  3.8544124 ]",[-0.005844147843014402]
17,"[-0.30758761 -0.30758761 -0.30758761 -0.30758761 -0.30758761 -0.30758761
 -0.30758761 -0.30758761 -0.30758761 -0.30758761 -0.30758761 -0.30758761
 -0.30758761 -0.30758761 -0.30758761 -0.30758761 -0.30758761 -0.30758761
 -0.30758761 -0.30758761 -0.30758761 -0.30758761 -0.30758761 -0.30758761
 -0.30758761 -0.30758761 -0.30758761 -0.30758761 -0.30758761 -0.30758761
 -0.30758761 -0.30758761 -0.30758761 -0.30758761 -0.30758761 -0.30758761
 -0.30758761 -0.30758761 -0.30758761 -0.30758761  5.67361777  1.99837102
 -0.30758761 -0.30758761 -0.30758761 -0.30758761 -0.30758761 -0.30758761
 -0.30758761 -0.30758761 -0.30758761 -0.30758761 -0.30758761  4.77090067
  1.11442953 -0.30758761  2.27747535 -0.30758761 -0.30758761 -0.30758761
 -0.30758761 -0.30758761 -0.30758761 -0.30758761 -0.30758761 -0.30758761
 -0.30758761 -0.30758761 -0.30758761 -0.30758761 -0.30758761 -0.30758761
  2.11778025 -0.30758761 -0.30758761 -0.30758761 -0.30758761 -0.30758761
 -0.30758761 -0.30758761 -0.30758761 -0.30758761 -0.30758761 -0.30758761
 -0.30758761 -0.30758761 -0.30758761 -0.30758761 -0.30758761 -0.30758761
 -0.30758761  2.80329449 -0.30758761  1.8223529   0.33959915 -0.30758761
 -0.30758761 -0.30758761 -0.30758761 -0.30758761  2.94872169 -0.30758761
  3.17854618  2.93892813  2.47685226 -0.30758761  3.52885451 -0.30758761
 -0.30758761 -0.30758761 -0.30758761 -0.30758761 -0.30758761 -0.30758761
 -0.30758761 -0.30758761 -0.30758761 -0.30758761 -0.30758761 -0.30758761
 -0.30758761 -0.30758761 -0.30758761 -0.30758761 -0.30758761 -0.30758761
 -0.30758761 -0.30758761 -0.30758761 -0.30758761 -0.30758761 -0.30758761
 -0.30758761 -0.30758761 -0.30758761 -0.30758761 -0.30758761 -0.30758761
 -0.30758761  3.89235685 -0.30758761 -0.30758761 -0.30758761 -0.30758761
 -0.30758761 -0.30758761 -0.30758761 -0.30758761 -0.30758761 -0.30758761
 -0.30758761 -0.30758761 -0.30758761 -0.30758761 -0.30758761 -0.30758761
 -0.30758761 -0.30758761 -0.30758761 -0.30758761 -0.30758761 -0.30758761
  3.6130935  -0.30758761 -0.30758761 -0.30758761 -0.30758761  1.63886984
 -0.30758761 -0.30758761 -0.30758761 -0.30758761 -0.30758761 -0.30758761
 -0.30758761 -0.30758761 -0.30758761 -0.30758761  2.38756059]",[0.010095606993391293]
17,"[-0.32610883 -0.32610883 -0.32610883  0.56157345 -0.32610883 -0.32610883
 -0.32610883 -0.32610883 -0.32610883 -0.32610883 -0.32610883 -0.32610883
 -0.32610883 -0.32610883 -0.32610883 -0.32610883 -0.32610883 -0.32610883
 -0.32610883 -0.32610883 -0.32610883 -0.32610883 -0.32610883 -0.32610883
 -0.32610883 -0.32610883 -0.32610883 -0.32610883 -0.32610883 -0.32610883
 -0.32610883 -0.32610883 -0.32610883 -0.32610883 -0.32610883 -0.32610883
 -0.32610883 -0.32610883 -0.32610883 -0.32610883  4.39951377  0.35129736
 -0.32610883 -0.32610883 -0.32610883 -0.32610883 -0.32610883 -0.32610883
 -0.32610883 -0.32610883  2.05509703 -0.32610883 -0.32610883  5.24719892
  3.03191575 -0.32610883  3.68888134 -0.32610883 -0.32610883 -0.32610883
 -0.32610883 -0.32610883 -0.32610883 -0.32610883 -0.32610883 -0.32610883
 -0.32610883 -0.32610883 -0.32610883 -0.32610883 -0.32610883 -0.32610883
 -0.32610883 -0.32610883 -0.32610883 -0.32610883 -0.32610883 -0.32610883
 -0.32610883 -0.32610883 -0.32610883 -0.32610883 -0.32610883 -0.32610883
 -0.32610883 -0.32610883 -0.32610883 -0.32610883 -0.32610883 -0.32610883
 -0.32610883  0.43092146 -0.32610883 -0.17751296 -0.32610883 -0.32610883
 -0.32610883 -0.32610883  0.64333699 -0.32610883  2.91874108 -0.32610883
  2.16787371  2.81053215  2.6508685   3.44447727  0.49823352 -0.32610883
 -0.32610883 -0.32610883  3.98506873 -0.32610883  2.20301307 -0.32610883
 -0.32610883 -0.32610883 -0.32610883 -0.32610883 -0.32610883 -0.32610883
 -0.32610883 -0.32610883 -0.32610883 -0.32610883 -0.32610883 -0.32610883
 -0.32610883 -0.32610883 -0.32610883 -0.32610883 -0.32610883 -0.32610883
 -0.32610883 -0.32610883 -0.32610883 -0.32610883 -0.32610883 -0.32610883
 -0.32610883  3.48857582 -0.32610883 -0.32610883 -0.32610883 -0.32610883
 -0.32610883 -0.32610883 -0.32610883 -0.32610883  2.89876004 -0.32610883
 -0.32610883 -0.32610883 -0.32610883 -0.32610883 -0.32610883 -0.32610883
 -0.32610883 -0.32610883 -0.32610883 -0.32610883 -0.32610883 -0.32610883
  0.38954741 -0.32610883 -0.32610883 -0.32610883 -0.32610883  2.15766845
 -0.32610883 -0.32610883 -0.32610883 -0.32610883  1.02739458 -0.32610883
 -0.32610883 -0.32610883 -0.32610883 -0.32610883 -0.32610883]",[-0.10614954840086493]
17,"[-0.34046719 -0.34046719 -0.34046719  0.21831299 -0.34046719 -0.34046719
 -0.34046719 -0.34046719 -0.34046719 -0.34046719 -0.34046719 -0.34046719
 -0.34046719 -0.34046719 -0.34046719 -0.34046719 -0.34046719 -0.34046719
 -0.34046719 -0.34046719 -0.34046719 -0.34046719 -0.34046719 -0.34046719
 -0.34046719 -0.34046719 -0.34046719 -0.34046719 -0.34046719 -0.34046719
 -0.34046719 -0.34046719 -0.34046719 -0.34046719 -0.34046719 -0.34046719
 -0.34046719 -0.34046719 -0.34046719 -0.34046719  4.50964733  0.33501462
 -0.34046719 -0.34046719 -0.34046719 -0.34046719 -0.34046719 -0.34046719
 -0.34046719 -0.34046719 -0.34046719 -0.34046719 -0.34046719  4.42383936
  3.16201696  3.70989487  4.00333366 -0.34046719 -0.34046719 -0.34046719
 -0.34046719 -0.34046719 -0.34046719 -0.34046719 -0.34046719 -0.34046719
 -0.34046719 -0.34046719 -0.34046719 -0.34046719 -0.34046719 -0.34046719
 -0.34046719 -0.34046719 -0.34046719 -0.34046719 -0.34046719 -0.34046719
 -0.34046719 -0.34046719 -0.34046719 -0.34046719 -0.34046719 -0.34046719
 -0.34046719 -0.34046719 -0.34046719 -0.34046719  1.67130267 -0.34046719
 -0.34046719  1.9174865  -0.34046719  1.73991321  1.7672539  -0.34046719
 -0.34046719  0.95331316 -0.34046719 -0.34046719  2.47764417 -0.34046719
  2.94940973  2.9546135   1.65402062  3.29740977  0.52382749 -0.34046719
 -0.34046719 -0.34046719 -0.34046719 -0.34046719  0.46148208 -0.34046719
 -0.34046719 -0.34046719 -0.34046719 -0.34046719 -0.34046719 -0.34046719
 -0.34046719 -0.34046719 -0.34046719 -0.34046719 -0.34046719 -0.34046719
 -0.34046719 -0.34046719 -0.34046719 -0.34046719 -0.34046719 -0.34046719
 -0.34046719 -0.34046719 -0.34046719 -0.34046719 -0.34046719 -0.34046719
 -0.34046719  3.92779338 -0.34046719 -0.34046719 -0.34046719 -0.34046719
 -0.34046719 -0.34046719 -0.34046719 -0.34046719  2.73008294 -0.34046719
 -0.34046719 -0.34046719 -0.34046719 -0.34046719 -0.34046719 -0.34046719
 -0.34046719 -0.34046719 -0.34046719 -0.34046719 -0.34046719 -0.34046719
  2.01872117 -0.34046719 -0.34046719 -0.34046719 -0.34046719  1.70654737
 -0.34046719 -0.34046719 -0.34046719 -0.34046719 -0.34046719 -0.34046719
 -0.34046719 -0.34046719 -0.34046719 -0.34046719 -0.34046719]",[-0.09239524410013611]
18,"[-0.26633107 -0.26633107 -0.26633107 -0.26633107 -0.26633107 -0.26633107
 -0.26633107 -0.26633107 -0.26633107 -0.26633107 -0.26633107 -0.26633107
 -0.26633107 -0.26633107 -0.26633107 -0.26633107 -0.26633107 -0.26633107
 -0.26633107 -0.26633107 -0.26633107 -0.26633107 -0.26633107 -0.26633107
 -0.26633107 -0.26633107 -0.26633107 -0.26633107 -0.26633107 -0.26633107
 -0.26633107 -0.26633107 -0.26633107 -0.26633107 -0.26633107 -0.26633107
 -0.26633107 -0.26633107 -0.26633107 -0.26633107  6.59564901  0.48329958
 -0.26633107 -0.26633107 -0.26633107 -0.26633107 -0.26633107 -0.26633107
 -0.26633107 -0.26633107 -0.26633107 -0.26633107 -0.26633107 -0.26633107
 -0.26633107  0.89457673 -0.26633107 -0.26633107 -0.26633107 -0.26633107
 -0.26633107 -0.26633107 -0.26633107 -0.26633107 -0.26633107 -0.26633107
 -0.26633107 -0.26633107 -0.26633107 -0.26633107 -0.26633107 -0.26633107
 -0.26633107 -0.26633107 -0.26633107 -0.26633107 -0.26633107 -0.26633107
 -0.26633107 -0.26633107 -0.26633107 -0.26633107 -0.26633107 -0.26633107
 -0.26633107 -0.26633107 -0.26633107  1.60597973 -0.26633107 -0.26633107
 -0.26633107  4.62524525 -0.26633107 -0.20304693  2.13966149  0.05554156
 -0.26633107 -0.26633107 -0.26633107 -0.26633107  3.16551022 -0.26633107
  2.50414426  3.38385859  3.9581236  -0.26633107  3.15388342  1.10392363
 -0.26633107 -0.26633107 -0.26633107 -0.26633107 -0.26633107 -0.26633107
 -0.26633107 -0.26633107 -0.26633107 -0.26633107 -0.26633107 -0.26633107
 -0.26633107 -0.26633107 -0.26633107 -0.26633107 -0.26633107 -0.26633107
 -0.26633107 -0.26633107 -0.26633107 -0.26633107 -0.26633107 -0.26633107
 -0.26633107 -0.26633107 -0.26633107 -0.26633107 -0.26633107 -0.26633107
 -0.26633107 -0.26633107 -0.26633107 -0.26633107  0.86691114 -0.26633107
 -0.26633107 -0.26633107 -0.26633107 -0.26633107 -0.26633107 -0.26633107
 -0.26633107 -0.26633107 -0.26633107 -0.26633107 -0.26633107 -0.26633107
 -0.26633107 -0.26633107 -0.26633107 -0.26633107 -0.26633107 -0.26633107
  4.74045769 -0.26633107 -0.26633107 -0.26633107 -0.26633107  4.07191359
 -0.26633107 -0.26633107 -0.26633107 -0.26633107 -0.26633107 -0.26633107
 -0.26633107 -0.26633107 -0.26633107 -0.26633107 -0.26633107]",[-0.031643335043780196]
18,"[-0.33527145 -0.33527145 -0.33527145 -0.14142718 -0.33527145 -0.33527145
 -0.33527145 -0.33527145 -0.33527145 -0.33527145 -0.33527145 -0.33527145
 -0.33527145 -0.33527145 -0.33527145 -0.33527145 -0.33527145 -0.33527145
 -0.33527145 -0.33527145 -0.33527145 -0.33527145 -0.33527145 -0.33527145
 -0.33527145 -0.33527145 -0.33527145 -0.33527145  0.3050406  -0.33527145
 -0.33527145 -0.33527145 -0.33527145 -0.33527145 -0.33527145 -0.33527145
 -0.33527145 -0.33527145 -0.33527145 -0.33527145  3.56540979  0.83478331
 -0.33527145 -0.33527145 -0.33527145 -0.33527145 -0.33527145 -0.33527145
 -0.33527145 -0.33527145 -0.33527145 -0.33527145 -0.33527145  4.15609075
 -0.03002934  2.67015048  3.10553827 -0.33527145 -0.33527145 -0.33527145
 -0.33527145 -0.33527145 -0.33527145 -0.33527145 -0.33527145 -0.33527145
 -0.33527145 -0.33527145 -0.33527145 -0.33527145 -0.33527145 -0.33527145
 -0.33527145 -0.33527145 -0.33527145 -0.33527145 -0.33527145  1.07170685
 -0.33527145 -0.33527145 -0.33527145 -0.33527145 -0.33527145 -0.33527145
 -0.33527145 -0.33527145 -0.33527145  1.46077362 -0.33527145 -0.33527145
 -0.33527145  3.00960584 -0.33527145  0.94157636  2.99541956 -0.33527145
 -0.33527145 -0.33527145 -0.33527145 -0.33527145  3.6747652  -0.33527145
  1.81392902  3.57399414  2.97920377  0.51434875  2.35892875 -0.33527145
 -0.33527145 -0.33527145 -0.33527145 -0.33527145 -0.33527145 -0.33527145
 -0.33527145 -0.33527145 -0.33527145 -0.33527145 -0.33527145 -0.33527145
 -0.33527145 -0.33527145 -0.33527145 -0.33527145 -0.33527145 -0.33527145
 -0.33527145 -0.33527145 -0.33527145 -0.33527145 -0.33527145 -0.33527145
 -0.33527145 -0.33527145 -0.33527145 -0.33527145 -0.33527145 -0.33527145
 -0.33527145  4.72134918 -0.33527145 -0.33527145 -0.33527145 -0.33527145
 -0.33527145 -0.33527145 -0.33527145 -0.33527145  3.4084763  -0.33527145
 -0.33527145 -0.33527145 -0.33527145 -0.33527145 -0.33527145 -0.33527145
 -0.33527145 -0.33527145 -0.33527145 -0.33527145 -0.33527145 -0.33527145
  0.72040739 -0.33527145 -0.33527145 -0.33527145 -0.33527145  3.55086014
 -0.33527145 -0.33527145 -0.33527145 -0.33527145 -0.33527145 -0.33527145
 -0.33527145 -0.33527145 -0.33527145 -0.33527145  0.70617373]",[-0.015264461527572604]
18,"[-0.28421093 -0.28421093 -0.28421093  2.39950251 -0.28421093 -0.28421093
 -0.28421093 -0.28421093 -0.28421093 -0.28421093 -0.28421093 -0.28421093
 -0.28421093 -0.28421093 -0.28421093 -0.28421093 -0.28421093 -0.28421093
 -0.28421093 -0.28421093 -0.28421093 -0.28421093 -0.28421093 -0.28421093
 -0.28421093 -0.28421093 -0.28421093 -0.28421093 -0.28421093 -0.28421093
 -0.28421093 -0.28421093 -0.28421093 -0.28421093 -0.28421093 -0.28421093
 -0.28421093 -0.28421093 -0.28421093 -0.28421093  2.44493109  0.86357355
 -0.28421093 -0.28421093 -0.28421093 -0.28421093 -0.28421093 -0.28421093
 -0.28421093 -0.28421093 -0.28421093 -0.28421093 -0.28421093  5.57782031
 -0.08956998 -0.28421093  4.86178856 -0.28421093 -0.28421093 -0.28421093
 -0.28421093 -0.28421093 -0.28421093 -0.28421093 -0.28421093 -0.28421093
 -0.28421093 -0.28421093 -0.28421093 -0.28421093 -0.28421093 -0.28421093
  0.31854817 -0.28421093 -0.28421093 -0.28421093 -0.28421093 -0.28421093
 -0.28421093 -0.28421093 -0.28421093 -0.28421093 -0.28421093 -0.28421093
 -0.28421093 -0.28421093 -0.28421093 -0.28421093 -0.28421093 -0.28421093
 -0.28421093  1.62548092 -0.28421093  1.22566942  0.53098526 -0.28421093
 -0.28421093 -0.28421093 -0.28421093 -0.28421093  3.00214045 -0.28421093
  1.55516096  3.72193689  2.54773676 -0.28421093 -0.28421093 -0.28421093
 -0.28421093 -0.28421093 -0.28421093 -0.28421093 -0.28421093 -0.28421093
 -0.28421093 -0.28421093 -0.28421093 -0.28421093 -0.28421093 -0.28421093
 -0.28421093 -0.28421093 -0.28421093 -0.28421093 -0.28421093 -0.28421093
 -0.28421093 -0.28421093 -0.28421093 -0.28421093 -0.28421093 -0.28421093
 -0.28421093 -0.28421093 -0.28421093 -0.28421093 -0.28421093 -0.28421093
 -0.28421093  4.21356683 -0.28421093 -0.28421093 -0.28421093 -0.28421093
 -0.28421093 -0.28421093 -0.28421093 -0.28421093  2.42439633 -0.28421093
 -0.28421093 -0.28421093 -0.28421093 -0.28421093 -0.28421093 -0.28421093
 -0.28421093 -0.28421093 -0.28421093 -0.28421093 -0.28421093 -0.28421093
  1.06687874 -0.28421093 -0.28421093 -0.28421093 -0.28421093  1.14564181
 -0.28421093 -0.28421093 -0.28421093 -0.28421093 -0.28421093 -0.28421093
 -0.28421093 -0.28421093 -0.28421093 -0.28421093  6.03755945]",[-0.034768480527915424]
18,"[-0.32718497 -0.32718497 -0.32718497  0.17430209 -0.32718497 -0.32718497
 -0.32718497 -0.32718497 -0.32718497 -0.32718497 -0.32718497 -0.32718497
 -0.32718497 -0.32718497 -0.32718497 -0.32718497 -0.32718497 -0.32718497
 -0.32718497 -0.32718497 -0.32718497 -0.32718497 -0.32718497 -0.32718497
 -0.32718497 -0.32718497 -0.32718497 -0.32718497 -0.32718497 -0.32718497
 -0.32718497 -0.32718497 -0.32718497 -0.32718497 -0.32718497 -0.32718497
 -0.32718497 -0.32718497 -0.32718497 -0.32718497  3.82364753  1.49090147
 -0.32718497 -0.32718497 -0.32718497 -0.32718497 -0.32718497 -0.32718497
 -0.32718497 -0.32718497  0.98028916 -0.32718497 -0.32718497  5.41230762
  4.00875681 -0.32718497  4.3285251  -0.32718497 -0.32718497 -0.32718497
 -0.32718497 -0.32718497 -0.32718497 -0.32718497 -0.32718497 -0.32718497
 -0.32718497 -0.32718497 -0.32718497 -0.32718497 -0.32718497 -0.32718497
  1.23496565 -0.32718497 -0.32718497 -0.32718497 -0.32718497 -0.32718497
 -0.32718497 -0.32718497 -0.32718497 -0.32718497 -0.32718497  0.97444802
 -0.32718497 -0.32718497 -0.32718497 -0.32718497 -0.32718497 -0.32718497
 -0.32718497  1.412384   -0.32718497  0.73127498  1.11636904 -0.32718497
 -0.32718497 -0.32718497 -0.32718497 -0.32718497  3.27039047 -0.32718497
  3.79605668  2.93466984  1.9773394   2.05316201  0.50961678 -0.32718497
 -0.32718497 -0.32718497 -0.32718497 -0.32718497  0.3513342  -0.32718497
 -0.32718497 -0.32718497 -0.32718497 -0.32718497 -0.32718497 -0.32718497
 -0.32718497 -0.32718497 -0.32718497 -0.32718497 -0.32718497 -0.32718497
 -0.32718497 -0.32718497 -0.32718497 -0.32718497 -0.32718497 -0.32718497
 -0.32718497 -0.32718497 -0.32718497 -0.32718497 -0.32718497 -0.32718497
 -0.32718497  3.9104622  -0.32718497 -0.32718497 -0.32718497 -0.32718497
 -0.32718497 -0.32718497 -0.32718497 -0.32718497  2.84668746 -0.32718497
 -0.32718497 -0.32718497 -0.32718497 -0.32718497 -0.32718497 -0.32718497
 -0.32718497 -0.32718497 -0.32718497 -0.32718497 -0.32718497 -0.32718497
  0.9464159  -0.32718497 -0.32718497 -0.32718497 -0.32718497  2.75654922
 -0.32718497 -0.32718497 -0.32718497 -0.32718497 -0.32718497 -0.32718497
 -0.32718497 -0.32718497 -0.32718497 -0.32718497 -0.32718497]",[-0.014285913583169052]
18,"[-0.35052815 -0.35052815 -0.35052815  0.95626665 -0.35052815 -0.35052815
 -0.35052815 -0.35052815 -0.35052815 -0.35052815 -0.35052815 -0.35052815
 -0.35052815 -0.35052815 -0.35052815 -0.35052815 -0.35052815 -0.35052815
 -0.35052815 -0.35052815 -0.35052815 -0.35052815 -0.35052815 -0.35052815
 -0.35052815 -0.35052815 -0.35052815 -0.35052815 -0.35052815 -0.35052815
 -0.35052815 -0.35052815 -0.35052815 -0.35052815 -0.35052815 -0.35052815
 -0.35052815 -0.35052815 -0.35052815 -0.35052815  3.46146227  0.80831476
 -0.35052815 -0.35052815 -0.35052815 -0.35052815 -0.35052815 -0.35052815
 -0.35052815 -0.35052815 -0.35052815 -0.35052815 -0.35052815  4.54773561
 -0.35052815  1.55336593 -0.35052815 -0.35052815 -0.35052815 -0.35052815
 -0.35052815 -0.35052815 -0.35052815 -0.35052815 -0.35052815 -0.35052815
 -0.35052815 -0.35052815 -0.35052815 -0.35052815 -0.35052815 -0.35052815
  2.39281826 -0.35052815 -0.35052815 -0.35052815 -0.35052815 -0.35052815
 -0.35052815 -0.35052815 -0.35052815 -0.35052815 -0.35052815 -0.35052815
 -0.35052815 -0.35052815 -0.35052815 -0.35052815 -0.35052815 -0.35052815
 -0.35052815  3.29759743 -0.35052815  0.05319208  2.64733742 -0.35052815
 -0.35052815 -0.35052815 -0.35052815 -0.35052815  3.54935161 -0.35052815
  3.85468947  3.17871498  2.98057145 -0.35052815  1.97010772  1.47723625
 -0.35052815 -0.35052815 -0.35052815 -0.35052815 -0.35052815 -0.35052815
 -0.35052815 -0.35052815 -0.35052815 -0.35052815  0.75224584 -0.35052815
 -0.35052815 -0.35052815 -0.35052815 -0.35052815 -0.35052815 -0.35052815
 -0.35052815 -0.35052815 -0.35052815 -0.35052815 -0.35052815  1.09018319
 -0.35052815 -0.35052815 -0.35052815 -0.35052815 -0.35052815 -0.35052815
 -0.35052815  3.72904152 -0.35052815 -0.35052815  0.78890106 -0.35052815
 -0.35052815  1.69100059 -0.35052815 -0.35052815 -0.35052815 -0.35052815
 -0.35052815 -0.35052815 -0.35052815 -0.35052815 -0.35052815 -0.35052815
 -0.35052815 -0.35052815 -0.35052815 -0.35052815 -0.35052815 -0.35052815
  0.32469545 -0.35052815 -0.35052815 -0.35052815 -0.35052815  4.1602252
  0.21705822 -0.35052815  1.70597451 -0.35052815 -0.35052815 -0.35052815
 -0.35052815 -0.35052815 -0.35052815 -0.35052815  2.79324804]",[0.024681274380445928]
18,"[-0.26427305 -0.26427305 -0.26427305 -0.26427305 -0.26427305 -0.26427305
 -0.26427305 -0.26427305 -0.26427305 -0.26427305 -0.26427305 -0.26427305
 -0.26427305 -0.26427305 -0.26427305 -0.26427305 -0.26427305 -0.26427305
 -0.26427305 -0.26427305 -0.26427305 -0.26427305 -0.26427305 -0.26427305
 -0.26427305 -0.26427305 -0.26427305 -0.26427305 -0.26427305 -0.26427305
 -0.26427305 -0.26427305 -0.26427305 -0.26427305 -0.26427305 -0.26427305
 -0.26427305 -0.26427305 -0.26427305 -0.26427305  3.75689288  0.27165694
 -0.26427305 -0.26427305 -0.26427305 -0.26427305 -0.26427305 -0.26427305
 -0.26427305 -0.26427305 -0.26427305 -0.26427305 -0.26427305  6.15066072
  2.67782095 -0.26427305  4.09370963 -0.26427305 -0.26427305 -0.26427305
 -0.26427305 -0.26427305 -0.26427305 -0.26427305 -0.26427305 -0.26427305
 -0.26427305 -0.26427305 -0.26427305 -0.26427305 -0.26427305 -0.26427305
 -0.26427305 -0.26427305 -0.26427305 -0.26427305 -0.26427305 -0.26427305
 -0.26427305 -0.26427305 -0.26427305 -0.26427305 -0.26427305 -0.26427305
 -0.26427305 -0.26427305 -0.26427305 -0.26427305 -0.26427305 -0.26427305
 -0.26427305 -0.26427305 -0.26427305 -0.1707613   0.09578568 -0.26427305
 -0.26427305 -0.26427305 -0.26427305 -0.26427305  2.4651548  -0.26427305
  1.65444424  3.22479792  2.28709311 -0.26427305  2.87002564 -0.26427305
 -0.26427305 -0.26427305 -0.26427305 -0.26427305 -0.26427305 -0.26427305
 -0.26427305 -0.26427305 -0.26427305 -0.26427305 -0.26427305 -0.26427305
 -0.26427305 -0.26427305 -0.26427305 -0.26427305 -0.26427305 -0.26427305
 -0.26427305 -0.26427305 -0.26427305 -0.26427305 -0.26427305 -0.26427305
 -0.26427305 -0.26427305 -0.26427305 -0.26427305 -0.26427305 -0.26427305
 -0.26427305  3.44248377 -0.26427305 -0.26427305 -0.26427305 -0.26427305
 -0.26427305 -0.26427305 -0.26427305 -0.26427305 -0.26427305 -0.26427305
 -0.26427305 -0.26427305 -0.26427305 -0.26427305 -0.26427305 -0.26427305
 -0.26427305 -0.26427305 -0.26427305 -0.26427305 -0.26427305 -0.26427305
  4.65340214 -0.26427305 -0.26427305 -0.26427305 -0.26427305  0.59430076
 -0.26427305 -0.26427305 -0.26427305 -0.26427305 -0.26427305 -0.26427305
 -0.26427305 -0.26427305 -0.26427305 -0.26427305  5.00903945]",[-0.02594074480000308]
18,"[-0.32517517 -0.32517517 -0.32517517 -0.27345793 -0.32517517 -0.32517517
 -0.32517517 -0.32517517 -0.32517517 -0.32517517 -0.32517517 -0.32517517
 -0.32517517 -0.32517517 -0.32517517 -0.32517517 -0.32517517 -0.32517517
 -0.32517517 -0.32517517 -0.32517517 -0.32517517 -0.32517517 -0.32517517
 -0.32517517 -0.32517517 -0.32517517 -0.32517517 -0.32517517 -0.32517517
 -0.32517517 -0.32517517 -0.32517517 -0.32517517 -0.32517517 -0.32517517
 -0.32517517 -0.32517517 -0.32517517 -0.32517517  3.77387309  0.5417476
 -0.32517517 -0.32517517 -0.32517517 -0.32517517 -0.32517517 -0.32517517
 -0.32517517 -0.32517517 -0.32517517 -0.32517517 -0.32517517  4.84939241
  1.08015849 -0.32517517  3.33045388 -0.32517517 -0.32517517 -0.32517517
 -0.32517517 -0.32517517 -0.32517517 -0.32517517 -0.32517517 -0.32517517
 -0.32517517 -0.32517517 -0.32517517 -0.32517517 -0.32517517 -0.32517517
 -0.12069096 -0.32517517 -0.32517517 -0.32517517 -0.32517517 -0.32517517
 -0.32517517 -0.32517517 -0.32517517 -0.32517517 -0.32517517 -0.32517517
 -0.32517517 -0.32517517 -0.32517517 -0.32517517 -0.32517517 -0.32517517
 -0.32517517  3.8794117  -0.32517517  0.23874879  2.62198479 -0.32517517
 -0.32517517 -0.32517517 -0.32517517 -0.32517517  3.79812623 -0.32517517
  3.45934672  3.20590285  3.26098277 -0.32517517  2.47987548 -0.32517517
 -0.32517517 -0.32517517 -0.32517517 -0.32517517  1.21207956  1.4054093
 -0.32517517 -0.32517517 -0.32517517 -0.32517517 -0.32517517 -0.32517517
 -0.32517517 -0.32517517 -0.32517517 -0.32517517 -0.32517517 -0.32517517
 -0.32517517 -0.32517517 -0.32517517 -0.32517517 -0.32517517 -0.32517517
 -0.32517517 -0.32517517 -0.32517517 -0.32517517 -0.32517517 -0.32517517
 -0.32517517  3.23445749 -0.32517517 -0.32517517 -0.32517517 -0.32517517
 -0.32517517 -0.32517517 -0.32517517 -0.32517517 -0.32517517 -0.32517517
 -0.32517517 -0.32517517 -0.32517517 -0.32517517 -0.32517517 -0.32517517
 -0.32517517 -0.32517517 -0.32517517 -0.32517517 -0.32517517 -0.32517517
  1.82609454 -0.32517517 -0.32517517 -0.32517517 -0.32517517  4.00040145
  0.46629935  1.53606899  0.9206605  -0.32517517 -0.32517517 -0.32517517
 -0.32517517 -0.32517517 -0.32517517 -0.32517517 -0.32517517]",[0.06638398153991087]
18,"[-0.31243361 -0.31243361 -0.31243361  2.14212971 -0.31243361 -0.31243361
 -0.31243361 -0.31243361 -0.31243361 -0.31243361 -0.31243361 -0.31243361
 -0.31243361 -0.31243361 -0.31243361 -0.31243361 -0.31243361 -0.31243361
 -0.31243361 -0.31243361 -0.31243361 -0.31243361 -0.31243361 -0.31243361
 -0.31243361 -0.31243361 -0.31243361 -0.31243361 -0.31243361 -0.31243361
 -0.31243361 -0.31243361 -0.31243361 -0.31243361 -0.31243361 -0.31243361
 -0.31243361 -0.31243361 -0.31243361 -0.31243361  4.29105211 -0.03520351
 -0.31243361 -0.31243361 -0.31243361 -0.31243361 -0.31243361 -0.31243361
 -0.31243361 -0.31243361 -0.31243361 -0.31243361 -0.31243361  4.76244262
 -0.31243361 -0.31243361  4.41902919 -0.31243361 -0.31243361 -0.31243361
 -0.31243361 -0.31243361 -0.31243361 -0.31243361 -0.31243361 -0.31243361
 -0.31243361 -0.31243361 -0.31243361 -0.31243361 -0.31243361 -0.31243361
  0.33027064 -0.31243361 -0.31243361 -0.31243361 -0.31243361 -0.31243361
 -0.31243361 -0.31243361 -0.31243361 -0.31243361 -0.31243361 -0.31243361
 -0.31243361 -0.31243361 -0.31243361 -0.31243361  0.53743316 -0.31243361
 -0.31243361  1.72730396 -0.31243361  2.57195866  1.77986162 -0.31243361
 -0.31243361 -0.31243361 -0.31243361 -0.31243361  2.45826316 -0.31243361
  3.51416533  2.48676409  1.98251501 -0.31243361  1.63279184 -0.31243361
 -0.31243361 -0.31243361 -0.31243361 -0.31243361  4.23202385 -0.31243361
 -0.31243361 -0.31243361 -0.31243361 -0.31243361 -0.31243361 -0.31243361
 -0.31243361 -0.31243361 -0.31243361 -0.31243361 -0.31243361 -0.31243361
 -0.31243361 -0.31243361 -0.31243361 -0.31243361 -0.31243361 -0.31243361
  2.77450577 -0.31243361 -0.31243361 -0.31243361 -0.31243361 -0.31243361
 -0.31243361  4.66573991 -0.31243361 -0.31243361 -0.31243361 -0.31243361
 -0.31243361 -0.31243361 -0.31243361 -0.31243361 -0.31243361 -0.31243361
 -0.31243361 -0.31243361 -0.31243361 -0.31243361 -0.31243361 -0.31243361
 -0.31243361 -0.31243361 -0.31243361 -0.31243361 -0.31243361 -0.31243361
  2.31840416 -0.31243361 -0.31243361 -0.31243361 -0.31243361  1.08549297
 -0.31243361 -0.31243361 -0.31243361 -0.31243361 -0.31243361 -0.31243361
 -0.31243361 -0.31243361 -0.31243361 -0.31243361 -0.31243361]",[-0.0053614097944525985]
18,"[-0.29061836 -0.29061836 -0.29061836 -0.29061836 -0.29061836 -0.29061836
 -0.29061836 -0.29061836 -0.29061836 -0.29061836 -0.29061836 -0.29061836
 -0.29061836 -0.29061836 -0.29061836 -0.29061836 -0.29061836 -0.29061836
 -0.29061836 -0.29061836 -0.29061836 -0.29061836 -0.29061836 -0.29061836
 -0.29061836 -0.29061836 -0.29061836 -0.29061836  0.04438295 -0.29061836
 -0.29061836 -0.29061836 -0.29061836 -0.29061836 -0.29061836 -0.29061836
 -0.29061836 -0.29061836 -0.29061836 -0.29061836  5.1456921  -0.05487492
 -0.29061836 -0.29061836 -0.29061836 -0.29061836 -0.29061836 -0.29061836
 -0.29061836 -0.29061836 -0.29061836 -0.29061836 -0.29061836  4.81802169
 -0.29061836  5.07765838  1.55214168 -0.29061836 -0.29061836 -0.29061836
 -0.29061836 -0.29061836 -0.29061836 -0.29061836 -0.29061836 -0.29061836
 -0.29061836 -0.29061836 -0.29061836 -0.29061836 -0.29061836 -0.29061836
 -0.0876825  -0.29061836 -0.29061836 -0.29061836 -0.29061836 -0.29061836
 -0.29061836 -0.29061836 -0.29061836 -0.29061836 -0.29061836 -0.29061836
 -0.29061836 -0.29061836 -0.29061836 -0.29061836 -0.29061836 -0.29061836
 -0.29061836  3.33970863 -0.29061836  0.32972301  0.33399666 -0.29061836
 -0.29061836 -0.29061836 -0.29061836 -0.29061836  3.63510536 -0.29061836
  3.09771094  2.89423821  1.58569407 -0.29061836  2.50336798 -0.29061836
 -0.29061836 -0.29061836 -0.29061836 -0.29061836 -0.29061836 -0.29061836
 -0.29061836 -0.29061836 -0.29061836 -0.29061836 -0.29061836 -0.29061836
 -0.29061836 -0.29061836 -0.29061836 -0.29061836 -0.29061836 -0.29061836
 -0.29061836 -0.29061836 -0.29061836 -0.29061836 -0.29061836 -0.29061836
 -0.29061836  2.32524859 -0.29061836 -0.29061836 -0.29061836 -0.29061836
 -0.29061836  3.55799909 -0.29061836 -0.29061836 -0.29061836 -0.29061836
 -0.29061836 -0.29061836 -0.29061836 -0.29061836 -0.29061836 -0.29061836
 -0.29061836 -0.29061836 -0.29061836 -0.29061836 -0.29061836 -0.29061836
 -0.29061836 -0.29061836 -0.29061836 -0.29061836 -0.29061836 -0.29061836
  0.20005266 -0.29061836 -0.29061836 -0.29061836 -0.29061836  2.3376232
 -0.29061836 -0.29061836 -0.29061836 -0.29061836 -0.29061836 -0.29061836
 -0.29061836 -0.29061836 -0.29061836 -0.29061836  3.5725122 ]",[-0.004268370002380839]
18,"[-0.41969547 -0.41969547 -0.41969547  2.14770529 -0.41969547 -0.41969547
 -0.41969547 -0.41969547 -0.41969547 -0.41969547 -0.41969547 -0.41969547
 -0.41969547 -0.41969547 -0.41969547 -0.41969547 -0.41969547 -0.41969547
 -0.41969547 -0.41969547 -0.41969547 -0.41969547 -0.41969547 -0.41969547
  2.06378472 -0.41969547 -0.41969547 -0.41969547  1.17258309 -0.41969547
 -0.41969547 -0.41969547 -0.41969547 -0.41969547 -0.41969547 -0.41969547
 -0.41969547 -0.41969547 -0.41969547 -0.41969547  1.74458157  0.68908656
 -0.41969547 -0.41969547 -0.41969547 -0.41969547 -0.41969547 -0.41969547
 -0.41969547 -0.41969547 -0.41969547 -0.41969547 -0.41969547  4.2077726
  2.55474751 -0.41969547  3.40647705 -0.41969547 -0.41969547 -0.41969547
 -0.41969547 -0.41969547 -0.41969547 -0.41969547 -0.41969547 -0.41969547
 -0.41969547 -0.41969547 -0.41969547 -0.41969547 -0.41969547 -0.41969547
  1.56980782 -0.41969547 -0.41969547 -0.41969547  2.92131225 -0.41969547
 -0.41969547 -0.41969547 -0.41969547 -0.41969547 -0.41969547 -0.41969547
 -0.41969547 -0.41969547 -0.41969547 -0.41969547 -0.41969547 -0.41969547
 -0.41969547  2.62175433 -0.41969547 -0.41969547  0.8457835  -0.41969547
 -0.41969547 -0.41969547 -0.41969547 -0.41969547  2.43631313 -0.41969547
  1.98650529  2.77274597  2.51760143 -0.41969547 -0.41969547 -0.41969547
 -0.41969547 -0.41969547 -0.41969547 -0.41969547  0.46314327 -0.41969547
  3.34542225 -0.41969547 -0.41969547 -0.41969547  1.47740174 -0.41969547
 -0.41969547 -0.41969547 -0.41969547 -0.41969547 -0.41969547 -0.41969547
  1.48541912 -0.41969547 -0.41969547 -0.41969547 -0.41969547  2.5893785
 -0.41969547 -0.41969547 -0.41969547  1.63476632 -0.41969547  1.20585095
  1.07125964 -0.41969547 -0.41969547 -0.41969547 -0.41969547 -0.41969547
 -0.41969547 -0.41969547 -0.41969547 -0.41969547  2.62139435 -0.41969547
 -0.41969547 -0.41969547 -0.41969547 -0.41969547 -0.41969547 -0.41969547
 -0.41969547 -0.41969547 -0.41969547 -0.41969547 -0.41969547 -0.41969547
  1.53372934 -0.41969547 -0.41969547 -0.41969547 -0.41969547  2.26981553
  1.4606758  -0.41969547  2.74339902 -0.41969547 -0.41969547 -0.41969547
 -0.41969547 -0.41969547 -0.41969547 -0.41969547  2.97440707]",[0.04337134736024778]
18,"[-0.3147375  -0.3147375  -0.3147375  -0.3147375  -0.3147375  -0.3147375
 -0.3147375  -0.3147375  -0.3147375  -0.3147375  -0.3147375  -0.3147375
 -0.3147375  -0.3147375  -0.3147375  -0.3147375  -0.3147375  -0.3147375
 -0.3147375  -0.3147375  -0.3147375  -0.3147375  -0.3147375  -0.3147375
 -0.3147375  -0.3147375  -0.3147375  -0.3147375  -0.3147375  -0.3147375
 -0.3147375  -0.3147375  -0.3147375  -0.3147375  -0.3147375  -0.3147375
 -0.3147375  -0.3147375  -0.3147375  -0.3147375   4.17503183  0.07571788
 -0.3147375  -0.3147375  -0.3147375  -0.3147375  -0.3147375  -0.3147375
 -0.3147375  -0.3147375  -0.3147375  -0.3147375  -0.3147375   4.80082861
  1.66471979 -0.3147375   3.50888661 -0.3147375  -0.3147375  -0.3147375
 -0.3147375  -0.3147375  -0.3147375  -0.3147375  -0.3147375  -0.3147375
 -0.3147375  -0.3147375  -0.3147375  -0.3147375  -0.3147375  -0.3147375
 -0.3147375  -0.3147375  -0.3147375  -0.3147375  -0.3147375  -0.3147375
 -0.3147375  -0.3147375  -0.3147375  -0.3147375  -0.3147375  -0.3147375
 -0.3147375  -0.3147375  -0.3147375  -0.3147375  -0.3147375  -0.3147375
 -0.3147375   2.49956871 -0.3147375   2.42912677  2.61398451 -0.3147375
 -0.3147375  -0.3147375  -0.3147375  -0.3147375   3.14198149 -0.3147375
  3.1646559   3.3780524   2.96287976 -0.3147375   2.50415629 -0.3147375
 -0.3147375  -0.3147375  -0.3147375  -0.3147375  -0.3147375   2.68807133
 -0.3147375  -0.3147375  -0.3147375  -0.3147375  -0.3147375  -0.3147375
 -0.3147375  -0.3147375  -0.3147375  -0.3147375  -0.3147375  -0.3147375
 -0.3147375  -0.3147375  -0.3147375  -0.3147375  -0.3147375   1.82855653
 -0.3147375  -0.3147375  -0.3147375  -0.3147375  -0.3147375  -0.3147375
 -0.3147375   3.76515459 -0.3147375  -0.3147375  -0.3147375  -0.3147375
 -0.3147375  -0.3147375  -0.3147375  -0.3147375  -0.3147375  -0.3147375
 -0.3147375  -0.3147375  -0.3147375  -0.3147375  -0.3147375  -0.3147375
 -0.3147375  -0.3147375  -0.3147375  -0.3147375  -0.3147375  -0.3147375
 -0.3147375  -0.3147375  -0.3147375  -0.3147375  -0.3147375  -0.3147375
 -0.3147375  -0.3147375   1.63105978 -0.3147375  -0.3147375  -0.3147375
 -0.3147375  -0.3147375  -0.3147375  -0.3147375   3.84030441]",[-0.050012224856945675]
18,"[-0.43286243 -0.43286243 -0.43286243  1.47446566  1.56708052 -0.43286243
 -0.43286243 -0.43286243 -0.43286243 -0.43286243 -0.43286243 -0.43286243
 -0.43286243 -0.43286243 -0.43286243 -0.43286243 -0.43286243 -0.43286243
 -0.43286243 -0.43286243  0.33020773 -0.43286243 -0.43286243 -0.43286243
 -0.43286243 -0.43286243 -0.43286243 -0.43286243 -0.43286243 -0.43286243
 -0.43286243 -0.43286243 -0.43286243 -0.43286243 -0.43286243 -0.43286243
 -0.43286243 -0.43286243 -0.43286243 -0.43286243  4.03506373  0.27453363
 -0.43286243 -0.43286243 -0.43286243 -0.43286243 -0.43286243 -0.43286243
 -0.43286243 -0.43286243 -0.43286243 -0.43286243 -0.43286243  3.38154191
  2.00765279  2.49402242  3.42685756 -0.43286243 -0.43286243 -0.43286243
 -0.43286243 -0.43286243 -0.43286243 -0.43286243 -0.43286243 -0.43286243
 -0.43286243 -0.43286243 -0.43286243 -0.43286243 -0.43286243 -0.43286243
 -0.43286243 -0.43286243 -0.43286243 -0.43286243 -0.43286243 -0.43286243
 -0.43286243 -0.43286243 -0.43286243 -0.43286243 -0.43286243 -0.43286243
 -0.43286243 -0.43286243 -0.43286243 -0.43286243 -0.43286243  0.06447291
 -0.43286243  1.76169716 -0.43286243  1.20813907  2.46948221 -0.43286243
 -0.43286243  0.63965271 -0.43286243 -0.43286243  2.29797903 -0.43286243
  2.75205723  2.44482411  2.21410836  1.22830365  1.4549009   0.96668214
 -0.43286243 -0.43286243 -0.43286243 -0.43286243  0.75568719 -0.43286243
  2.85673804 -0.43286243 -0.43286243 -0.43286243  0.88814368 -0.43286243
 -0.43286243 -0.43286243 -0.43286243 -0.43286243 -0.43286243 -0.43286243
 -0.43286243 -0.43286243 -0.43286243 -0.43286243 -0.43286243  2.95737171
 -0.43286243 -0.43286243 -0.43286243 -0.43286243 -0.43286243  1.63090726
  1.82291943  2.31931649 -0.43286243 -0.43286243 -0.43286243 -0.43286243
 -0.43286243 -0.43286243 -0.43286243 -0.43286243  2.41590796 -0.43286243
 -0.43286243 -0.43286243 -0.43286243 -0.43286243 -0.43286243 -0.43286243
 -0.43286243 -0.43286243 -0.43286243 -0.43286243 -0.43286243 -0.43286243
  2.44525303 -0.43286243 -0.43286243 -0.43286243 -0.43286243 -0.43286243
  1.93732154 -0.43286243  1.43559112 -0.43286243 -0.43286243 -0.43286243
 -0.43286243 -0.43286243 -0.43286243 -0.43286243  3.23903232]",[0.02483094219518528]
19,"[-0.2979744  -0.2979744  -0.2979744  -0.24707646 -0.2979744  -0.2979744
 -0.2979744  -0.2979744  -0.2979744  -0.2979744  -0.2979744  -0.2979744
 -0.2979744  -0.2979744  -0.2979744  -0.2979744  -0.2979744  -0.2979744
 -0.2979744  -0.2979744  -0.2979744  -0.2979744  -0.2979744  -0.2979744
 -0.2979744  -0.2979744  -0.2979744  -0.2979744  -0.2979744  -0.2979744
 -0.2979744  -0.2979744  -0.2979744  -0.2979744  -0.2979744  -0.2979744
 -0.2979744  -0.2979744  -0.2979744  -0.2979744   5.73937508  0.96862499
 -0.2979744  -0.2979744  -0.2979744  -0.2979744  -0.2979744  -0.2979744
 -0.2979744  -0.2979744  -0.2979744  -0.2979744  -0.2979744  -0.2979744
 -0.2979744   4.9750438  -0.2979744  -0.2979744  -0.2979744  -0.2979744
 -0.2979744  -0.2979744  -0.2979744  -0.2979744  -0.2979744  -0.2979744
 -0.2979744  -0.2979744  -0.2979744  -0.2979744  -0.2979744  -0.2979744
 -0.2979744  -0.2979744  -0.2979744  -0.2979744  -0.2979744  -0.2979744
 -0.2979744  -0.2979744  -0.2979744  -0.2979744  -0.2979744  -0.2979744
 -0.2979744  -0.2979744  -0.2979744  -0.2979744   1.61247829 -0.2979744
 -0.2979744   1.62447758 -0.2979744  -0.2979744   1.50927734 -0.2979744
 -0.2979744  -0.2979744  -0.2979744  -0.2979744   3.64894391 -0.2979744
  2.3068652   3.76803101  3.09352843 -0.2979744   3.4918275   1.17744636
  1.20023155 -0.2979744  -0.2979744  -0.2979744  -0.2979744  -0.2979744
 -0.2979744  -0.2979744  -0.2979744  -0.2979744  -0.2979744  -0.2979744
 -0.2979744  -0.2979744  -0.2979744  -0.2979744  -0.2979744  -0.2979744
 -0.2979744  -0.2979744  -0.2979744  -0.2979744  -0.2979744  -0.2979744
 -0.2979744  -0.2979744  -0.2979744  -0.2979744  -0.2979744  -0.2979744
 -0.2979744   1.87830274 -0.2979744  -0.2979744   0.88692613 -0.2979744
 -0.2979744  -0.2979744  -0.2979744  -0.2979744  -0.2979744  -0.2979744
 -0.2979744   2.03165076 -0.2979744  -0.2979744  -0.2979744  -0.2979744
 -0.2979744  -0.2979744  -0.2979744  -0.2979744  -0.2979744  -0.2979744
  4.5706601  -0.2979744  -0.2979744  -0.2979744  -0.2979744   3.43928974
 -0.2979744  -0.2979744  -0.2979744  -0.2979744  -0.2979744  -0.2979744
 -0.2979744  -0.2979744  -0.2979744  -0.2979744  -0.2979744 ]",[0.0041624124447609545]
19,"[-0.35053592 -0.35053592 -0.35053592 -0.0429624  -0.35053592 -0.35053592
 -0.35053592 -0.35053592 -0.35053592 -0.35053592 -0.35053592 -0.35053592
 -0.35053592 -0.35053592 -0.35053592 -0.35053592  0.38422544 -0.35053592
 -0.35053592 -0.35053592 -0.35053592 -0.35053592 -0.35053592 -0.35053592
 -0.35053592  2.38498477 -0.35053592 -0.35053592  1.97860939 -0.35053592
 -0.35053592 -0.35053592 -0.35053592 -0.35053592 -0.35053592 -0.35053592
 -0.35053592 -0.35053592 -0.35053592 -0.35053592  3.41276303  0.98779132
 -0.35053592 -0.35053592 -0.35053592 -0.35053592 -0.35053592 -0.35053592
 -0.35053592 -0.35053592 -0.35053592 -0.35053592 -0.35053592  5.62539475
 -0.35053592 -0.35053592  3.48875912 -0.35053592 -0.35053592 -0.35053592
 -0.35053592 -0.35053592 -0.35053592 -0.35053592 -0.35053592 -0.35053592
 -0.35053592 -0.35053592 -0.35053592 -0.35053592 -0.35053592 -0.35053592
 -0.35053592 -0.35053592 -0.35053592 -0.35053592 -0.35053592 -0.35053592
 -0.35053592 -0.35053592 -0.35053592 -0.35053592 -0.35053592  2.66629234
 -0.35053592 -0.35053592 -0.35053592 -0.35053592 -0.35053592 -0.35053592
 -0.35053592  1.08136579 -0.35053592 -0.35053592 -0.35053592 -0.35053592
 -0.35053592 -0.35053592 -0.35053592 -0.35053592  2.89269097 -0.35053592
 -0.35053592  3.35768476  2.82106074 -0.35053592  2.17224562 -0.35053592
 -0.35053592 -0.35053592 -0.35053592 -0.35053592 -0.35053592 -0.35053592
 -0.35053592 -0.35053592 -0.35053592 -0.35053592  1.06422033 -0.35053592
 -0.35053592 -0.35053592 -0.35053592 -0.35053592 -0.35053592 -0.35053592
 -0.35053592 -0.35053592 -0.35053592 -0.35053592 -0.35053592  0.87883251
 -0.35053592 -0.35053592 -0.35053592 -0.35053592 -0.35053592 -0.35053592
 -0.35053592  3.8641549  -0.35053592 -0.35053592 -0.35053592 -0.35053592
 -0.35053592 -0.35053592 -0.35053592 -0.35053592  1.96830118 -0.35053592
 -0.35053592 -0.35053592 -0.35053592 -0.35053592 -0.35053592 -0.35053592
 -0.35053592 -0.35053592 -0.35053592 -0.35053592 -0.35053592 -0.35053592
  1.92815004 -0.35053592 -0.35053592 -0.35053592 -0.35053592  1.20547339
  1.826899    2.87574732  2.25819821 -0.35053592 -0.35053592 -0.35053592
 -0.35053592 -0.35053592 -0.35053592 -0.35053592  3.25218431]",[0.02707334836364822]
19,"[-0.31897941 -0.31897941 -0.31897941  1.10868705 -0.31897941 -0.31897941
 -0.31897941 -0.31897941 -0.31897941 -0.31897941 -0.31897941 -0.31897941
 -0.31897941 -0.31897941 -0.31897941 -0.31897941 -0.31897941 -0.31897941
 -0.31897941 -0.31897941 -0.31897941 -0.31897941 -0.31897941 -0.31897941
 -0.31897941 -0.31897941 -0.31897941 -0.31897941 -0.31897941 -0.31897941
 -0.31897941 -0.31897941  2.01394105 -0.31897941 -0.31897941 -0.31897941
 -0.31897941 -0.31897941 -0.31897941 -0.31897941  3.10690662  1.18864857
 -0.31897941 -0.31897941 -0.31897941 -0.31897941 -0.31897941 -0.31897941
 -0.31897941 -0.31897941 -0.31897941 -0.31897941 -0.31897941  5.43730582
 -0.31897941 -0.31897941  5.06568332 -0.31897941 -0.31897941 -0.31897941
 -0.31897941 -0.31897941 -0.31897941 -0.31897941 -0.31897941 -0.31897941
 -0.31897941 -0.31897941 -0.31897941 -0.31897941 -0.31897941 -0.31897941
 -0.31897941 -0.31897941 -0.31897941 -0.31897941 -0.31897941 -0.31897941
 -0.31897941 -0.31897941 -0.31897941 -0.31897941 -0.31897941 -0.31897941
 -0.31897941 -0.31897941 -0.31897941  0.68757373 -0.31897941  0.31805865
 -0.31897941  2.88660983 -0.31897941  2.11440029 -0.31897941 -0.31897941
 -0.31897941 -0.31897941 -0.31897941 -0.31897941  3.2456943  -0.31897941
  3.34602623  3.77379334  2.671454   -0.31897941  1.11627534 -0.31897941
 -0.31897941 -0.31897941 -0.31897941 -0.31897941 -0.31897941 -0.31897941
 -0.31897941 -0.31897941 -0.31897941 -0.31897941 -0.31897941 -0.31897941
 -0.31897941 -0.31897941 -0.31897941 -0.31897941 -0.31897941 -0.31897941
 -0.31897941 -0.31897941 -0.31897941 -0.31897941 -0.31897941 -0.31897941
 -0.31897941 -0.31897941 -0.31897941 -0.31897941 -0.31897941 -0.31897941
 -0.31897941  3.77099441 -0.31897941 -0.31897941 -0.31897941 -0.31897941
 -0.31897941 -0.31897941 -0.31897941 -0.31897941  2.79632575 -0.31897941
 -0.31897941 -0.31897941 -0.31897941 -0.31897941 -0.31897941 -0.31897941
 -0.31897941 -0.31897941 -0.31897941 -0.31897941 -0.31897941 -0.31897941
  0.38760627 -0.31897941 -0.31897941 -0.31897941 -0.31897941  1.8115248
 -0.31897941 -0.31897941  0.81688024 -0.31897941 -0.31897941 -0.31897941
 -0.31897941 -0.31897941 -0.31897941 -0.31897941  2.73435649]",[-0.006656961840011633]
19,"[ 2.31845251 -0.34147089 -0.34147089 -0.34147089 -0.34147089 -0.34147089
 -0.34147089 -0.34147089 -0.34147089 -0.34147089 -0.34147089 -0.34147089
 -0.34147089 -0.34147089 -0.34147089 -0.34147089 -0.34147089 -0.34147089
 -0.34147089 -0.34147089 -0.34147089 -0.34147089 -0.34147089 -0.34147089
 -0.34147089 -0.34147089 -0.34147089 -0.34147089 -0.34147089 -0.34147089
 -0.34147089 -0.34147089 -0.34147089 -0.34147089 -0.34147089 -0.34147089
 -0.34147089 -0.34147089 -0.34147089 -0.34147089  4.35736115  1.64289166
 -0.34147089 -0.34147089 -0.34147089 -0.34147089 -0.34147089 -0.34147089
 -0.34147089 -0.34147089  1.46626781 -0.34147089 -0.34147089  4.63284528
  2.94494566  0.34903601  4.0021843  -0.34147089 -0.34147089 -0.34147089
 -0.34147089 -0.34147089 -0.34147089 -0.34147089 -0.34147089 -0.34147089
 -0.34147089 -0.34147089 -0.34147089 -0.34147089 -0.34147089 -0.34147089
 -0.04370866 -0.34147089 -0.34147089 -0.34147089 -0.34147089 -0.34147089
 -0.34147089 -0.34147089 -0.34147089 -0.34147089 -0.34147089 -0.34147089
 -0.34147089 -0.34147089 -0.34147089 -0.34147089 -0.34147089 -0.34147089
 -0.34147089  1.50475978 -0.34147089  1.413919    1.48699952 -0.13995194
 -0.34147089 -0.34147089  0.08730727 -0.34147089  2.43180243 -0.34147089
  2.40750789  1.94330852  2.26286184  2.96638893  0.77040784 -0.34147089
 -0.34147089 -0.34147089 -0.34147089 -0.34147089 -0.34147089 -0.34147089
 -0.34147089 -0.34147089 -0.34147089 -0.34147089 -0.34147089 -0.34147089
 -0.34147089 -0.34147089 -0.34147089 -0.34147089 -0.34147089 -0.34147089
 -0.34147089 -0.34147089 -0.34147089 -0.34147089 -0.34147089 -0.34147089
 -0.34147089 -0.34147089 -0.34147089 -0.34147089 -0.34147089 -0.34147089
 -0.34147089  3.35189512 -0.34147089 -0.34147089 -0.34147089 -0.34147089
 -0.34147089 -0.34147089 -0.34147089 -0.34147089  2.9602198  -0.34147089
 -0.34147089 -0.34147089 -0.34147089 -0.34147089 -0.34147089 -0.34147089
 -0.34147089 -0.34147089 -0.34147089 -0.34147089 -0.34147089 -0.34147089
  1.9184053  -0.34147089 -0.34147089 -0.34147089 -0.34147089  0.54230097
 -0.34147089 -0.34147089 -0.34147089 -0.34147089 -0.34147089 -0.34147089
 -0.34147089 -0.34147089 -0.34147089 -0.34147089  5.00810837]",[-0.00413709282686503]
19,"[-0.31779502 -0.31779502 -0.31779502  0.68440656 -0.31779502 -0.31779502
 -0.31779502 -0.31779502 -0.31779502 -0.31779502 -0.31779502 -0.31779502
 -0.31779502 -0.31779502 -0.31779502 -0.31779502 -0.31779502 -0.31779502
 -0.31779502 -0.31779502 -0.31779502 -0.31779502 -0.31779502 -0.31779502
 -0.31779502 -0.31779502 -0.31779502 -0.31779502 -0.31779502 -0.31779502
 -0.31779502 -0.31779502 -0.31779502 -0.31779502 -0.31779502 -0.31779502
 -0.31779502 -0.31779502 -0.31779502 -0.31779502  3.6129847   0.07044782
 -0.31779502 -0.31779502 -0.31779502 -0.31779502 -0.31779502 -0.31779502
 -0.31779502 -0.31779502 -0.31779502 -0.31779502 -0.31779502  4.93954505
 -0.31779502  0.07376496  4.7565842  -0.31779502 -0.31779502 -0.31779502
 -0.31779502 -0.31779502 -0.31779502 -0.31779502 -0.31779502 -0.31779502
 -0.31779502 -0.31779502 -0.31779502 -0.31779502 -0.31779502 -0.31779502
 -0.08947536 -0.31779502 -0.31779502 -0.31779502 -0.31779502 -0.31779502
 -0.31779502 -0.31779502 -0.31779502 -0.31779502 -0.31779502 -0.31779502
 -0.31779502 -0.31779502 -0.31779502 -0.31779502 -0.31779502 -0.31779502
 -0.31779502  2.47309383 -0.31779502  2.20658063  1.01339218 -0.31779502
 -0.31779502 -0.31779502 -0.31779502 -0.31779502  2.78426817 -0.31779502
  3.18337377  3.35047459  2.72132957 -0.31779502  2.55707329 -0.31779502
 -0.31779502 -0.31779502 -0.31779502 -0.31779502  2.17365939 -0.31779502
 -0.31779502 -0.31779502 -0.31779502 -0.31779502 -0.31779502 -0.31779502
 -0.31779502 -0.31779502 -0.31779502 -0.31779502 -0.31779502 -0.31779502
 -0.31779502 -0.31779502 -0.31779502 -0.31779502 -0.31779502 -0.31779502
  1.62726481 -0.31779502 -0.31779502 -0.31779502 -0.31779502 -0.31779502
 -0.31779502  3.71720823 -0.31779502 -0.31779502 -0.31779502 -0.31779502
 -0.31779502 -0.31779502 -0.31779502 -0.31779502 -0.31779502 -0.31779502
 -0.31779502 -0.31779502 -0.31779502 -0.31779502 -0.31779502 -0.31779502
 -0.31779502 -0.31779502 -0.31779502 -0.31779502 -0.31779502 -0.31779502
  3.40335274 -0.31779502 -0.31779502 -0.31779502 -0.31779502  1.38655132
 -0.31779502 -0.31779502 -0.31779502 -0.31779502 -0.31779502 -0.31779502
 -0.31779502 -0.31779502 -0.31779502 -0.31779502  3.56573295]",[-0.021679147147166344]
19,"[-0.29488673 -0.29488673 -0.29488673 -0.01254904 -0.29488673 -0.29488673
 -0.29488673 -0.29488673 -0.29488673 -0.29488673 -0.29488673 -0.29488673
 -0.29488673 -0.29488673 -0.29488673 -0.29488673 -0.29488673 -0.29488673
 -0.29488673 -0.29488673 -0.29488673 -0.29488673 -0.29488673 -0.29488673
 -0.29488673 -0.29488673 -0.29488673 -0.29488673 -0.29488673 -0.29488673
 -0.29488673 -0.29488673 -0.29488673 -0.29488673 -0.29488673 -0.29488673
 -0.29488673 -0.29488673 -0.29488673 -0.29488673  4.59261955 -0.29488673
 -0.29488673 -0.29488673 -0.29488673 -0.29488673 -0.29488673 -0.29488673
 -0.29488673 -0.29488673 -0.29488673 -0.29488673 -0.29488673  5.64010256
 -0.0705547   3.38167964  3.08118386 -0.29488673 -0.29488673 -0.29488673
 -0.29488673 -0.29488673 -0.29488673 -0.29488673 -0.29488673 -0.29488673
 -0.29488673 -0.29488673 -0.29488673 -0.29488673 -0.29488673 -0.29488673
  1.45075801 -0.29488673 -0.29488673 -0.29488673 -0.29488673 -0.29488673
 -0.29488673 -0.29488673 -0.29488673 -0.29488673 -0.29488673 -0.29488673
 -0.29488673 -0.29488673 -0.29488673 -0.29488673 -0.29488673 -0.29488673
 -0.29488673  1.23630852 -0.29488673 -0.29488673  0.40406003 -0.29488673
 -0.29488673 -0.29488673 -0.29488673 -0.29488673  3.1971441  -0.29488673
  1.59078262  2.89000221  2.67921511 -0.29488673  1.79084079 -0.29488673
 -0.29488673 -0.29488673 -0.29488673 -0.29488673 -0.29488673 -0.29488673
 -0.29488673 -0.29488673 -0.29488673 -0.29488673 -0.29488673 -0.29488673
 -0.29488673 -0.29488673 -0.29488673 -0.29488673 -0.29488673 -0.29488673
 -0.29488673 -0.29488673 -0.29488673 -0.29488673 -0.29488673 -0.29488673
 -0.29488673  1.47061859 -0.29488673 -0.29488673 -0.29488673 -0.29488673
 -0.29488673  3.8473478  -0.29488673 -0.29488673 -0.29488673 -0.29488673
 -0.29488673 -0.29488673 -0.29488673 -0.29488673  0.37200464 -0.29488673
 -0.29488673 -0.29488673 -0.29488673 -0.29488673 -0.29488673 -0.29488673
 -0.29488673 -0.29488673 -0.29488673 -0.29488673 -0.29488673 -0.29488673
  1.63498881 -0.29488673 -0.29488673 -0.29488673 -0.29488673  2.04577324
 -0.29488673 -0.29488673 -0.29488673 -0.29488673 -0.29488673 -0.29488673
 -0.29488673 -0.29488673 -0.29488673 -0.29488673  5.66466446]",[-0.007469910459688867]
19,"[-0.40803149 -0.40803149 -0.40803149  1.02638961 -0.40803149 -0.40803149
 -0.40803149 -0.40803149 -0.40803149 -0.40803149 -0.40803149 -0.40803149
 -0.40803149 -0.40803149 -0.40803149 -0.40803149 -0.40803149 -0.40803149
 -0.40803149 -0.40803149 -0.40803149 -0.40803149 -0.40803149 -0.40803149
 -0.40803149 -0.40803149 -0.40803149 -0.40803149 -0.40803149 -0.40803149
 -0.40803149 -0.40803149 -0.40803149 -0.40803149 -0.40803149 -0.40803149
 -0.40803149 -0.40803149 -0.40803149 -0.40803149  4.01867399 -0.40803149
 -0.40803149 -0.40803149 -0.40803149 -0.40803149 -0.40803149 -0.40803149
 -0.40803149 -0.40803149 -0.40803149 -0.40803149 -0.40803149  3.90822562
  2.20161539  2.53906885  3.41307888 -0.40803149 -0.40803149 -0.40803149
 -0.40803149 -0.40803149 -0.40803149 -0.40803149 -0.40803149 -0.40803149
 -0.40803149 -0.40803149 -0.40803149 -0.40803149 -0.40803149 -0.40803149
  1.39618105 -0.40803149 -0.40803149 -0.40803149 -0.40803149  1.74190625
 -0.40803149 -0.40803149 -0.40803149 -0.40803149 -0.40803149 -0.40803149
 -0.40803149 -0.40803149 -0.40803149 -0.40803149 -0.40803149 -0.40803149
 -0.40803149  1.74972805  1.77750327  0.9615558   1.34369462 -0.40803149
 -0.40803149  1.74458442 -0.40803149 -0.40803149  2.65232615 -0.40803149
  2.08448387  2.71215674  1.80192241  2.74519708  2.05652683 -0.40803149
 -0.40803149 -0.40803149 -0.40803149 -0.40803149  0.41376388 -0.40803149
 -0.40803149 -0.40803149 -0.40803149 -0.40803149 -0.40803149 -0.40803149
 -0.40803149 -0.40803149 -0.40803149 -0.40803149 -0.40803149 -0.40803149
 -0.40803149 -0.40803149 -0.40803149 -0.40803149 -0.40803149 -0.40803149
 -0.40803149 -0.40803149 -0.40803149 -0.40803149 -0.40803149 -0.40803149
 -0.40803149  3.08455737 -0.40803149 -0.40803149  0.80400009 -0.40803149
 -0.40803149 -0.40803149 -0.40803149 -0.40803149  2.76706065 -0.40803149
 -0.40803149 -0.40803149 -0.40803149 -0.40803149 -0.40803149 -0.40803149
 -0.40803149 -0.40803149 -0.40803149 -0.40803149 -0.40803149 -0.40803149
  3.25762623 -0.40803149 -0.40803149 -0.40803149 -0.40803149  1.62486473
  0.86771063  1.33913152  1.98483371 -0.40803149 -0.40803149 -0.40803149
 -0.40803149 -0.40803149 -0.40803149 -0.40803149  3.18635592]",[0.053282006826528394]
20,"[-0.29381199 -0.29381199 -0.29381199 -0.29381199 -0.29381199 -0.29381199
 -0.29381199 -0.29381199 -0.29381199 -0.29381199 -0.29381199 -0.29381199
 -0.29381199 -0.29381199 -0.29381199 -0.29381199 -0.29381199 -0.29381199
 -0.29381199 -0.29381199 -0.29381199 -0.29381199 -0.29381199 -0.29381199
 -0.29381199 -0.29381199 -0.29381199 -0.29381199 -0.29381199 -0.29381199
 -0.29381199 -0.29381199 -0.29381199 -0.29381199 -0.29381199 -0.29381199
 -0.29381199 -0.29381199 -0.29381199 -0.29381199  6.28676266  0.76474243
 -0.29381199 -0.29381199 -0.29381199 -0.29381199 -0.29381199 -0.29381199
 -0.29381199 -0.29381199 -0.29381199 -0.29381199 -0.29381199 -0.29381199
 -0.14666114  0.68581759 -0.29381199 -0.29381199 -0.29381199 -0.29381199
 -0.29381199 -0.29381199 -0.29381199 -0.29381199 -0.29381199 -0.29381199
 -0.29381199 -0.29381199 -0.29381199 -0.29381199 -0.29381199 -0.29381199
 -0.29381199 -0.29381199 -0.29381199 -0.29381199 -0.29381199  1.93029334
 -0.29381199 -0.29381199 -0.29381199 -0.29381199 -0.29381199 -0.29381199
 -0.29381199 -0.29381199 -0.29381199  1.50886696 -0.29381199  0.3135125
 -0.29381199  3.58243959 -0.29381199 -0.29381199  2.93172884 -0.29381199
 -0.29381199 -0.29381199 -0.29381199 -0.29381199  2.75393231 -0.29381199
  2.82937285  3.22143171  3.9823455  -0.29381199  1.53634144  1.81761335
 -0.29381199 -0.29381199 -0.29381199 -0.29381199 -0.29381199 -0.29381199
 -0.29381199 -0.29381199 -0.29381199 -0.29381199 -0.29381199 -0.29381199
 -0.29381199 -0.29381199 -0.29381199 -0.29381199 -0.29381199 -0.29381199
 -0.29381199 -0.29381199 -0.29381199 -0.29381199 -0.29381199 -0.29381199
 -0.29381199 -0.29381199 -0.29381199 -0.29381199 -0.29381199 -0.29381199
 -0.29381199  3.25569569 -0.29381199 -0.29381199 -0.29381199 -0.29381199
 -0.29381199 -0.29381199 -0.29381199 -0.29381199 -0.29381199 -0.29381199
 -0.29381199  1.11389126 -0.29381199 -0.29381199 -0.29381199 -0.29381199
 -0.29381199 -0.29381199 -0.29381199 -0.29381199 -0.29381199 -0.29381199
  4.76083969 -0.29381199 -0.29381199 -0.29381199 -0.29381199  3.88095147
 -0.29381199 -0.29381199 -0.29381199 -0.29381199 -0.29381199 -0.29381199
 -0.29381199 -0.29381199 -0.29381199 -0.29381199 -0.29381199]",[0.04880359379755231]
20,"[-0.32563637 -0.32563637 -0.32563637  0.71214557 -0.32563637 -0.32563637
 -0.32563637 -0.32563637 -0.32563637 -0.32563637 -0.32563637 -0.32563637
 -0.32563637 -0.32563637 -0.32563637 -0.32563637 -0.32563637 -0.32563637
 -0.32563637 -0.32563637 -0.32563637 -0.32563637 -0.32563637 -0.32563637
 -0.32563637 -0.32563637 -0.32563637 -0.32563637 -0.32563637 -0.32563637
 -0.32563637 -0.32563637 -0.32563637 -0.32563637 -0.32563637 -0.32563637
 -0.32563637 -0.32563637 -0.32563637 -0.32563637  2.71712278  0.81784166
 -0.32563637 -0.32563637 -0.32563637 -0.32563637 -0.32563637 -0.32563637
 -0.32563637 -0.32563637 -0.32563637 -0.32563637 -0.32563637  4.99756908
 -0.32563637 -0.32563637  4.70791498 -0.32563637 -0.32563637 -0.32563637
 -0.32563637 -0.32563637 -0.32563637 -0.32563637 -0.32563637 -0.32563637
 -0.32563637 -0.32563637 -0.32563637 -0.32563637 -0.32563637 -0.32563637
 -0.32563637 -0.32563637 -0.32563637 -0.32563637 -0.32563637 -0.32563637
 -0.32563637 -0.32563637 -0.32563637 -0.32563637 -0.32563637 -0.32563637
 -0.32563637 -0.32563637  1.52362086 -0.32563637 -0.32563637  1.30336857
 -0.32563637  2.63400311 -0.32563637  1.99709895  1.06304633 -0.32563637
 -0.32563637 -0.32563637 -0.32563637 -0.32563637  2.83959028 -0.32563637
  3.31152353  3.43716684  2.95097532 -0.32563637 -0.32563637 -0.32563637
 -0.32563637 -0.32563637 -0.32563637 -0.32563637 -0.32563637 -0.32563637
 -0.32563637 -0.32563637 -0.32563637 -0.32563637 -0.32563637 -0.32563637
 -0.32563637 -0.32563637 -0.32563637 -0.32563637 -0.32563637 -0.32563637
 -0.32563637 -0.32563637 -0.32563637  1.57689021 -0.32563637 -0.32563637
 -0.32563637 -0.32563637 -0.32563637 -0.32563637 -0.32563637 -0.32563637
 -0.32563637  3.94148371 -0.32563637 -0.32563637 -0.32563637 -0.32563637
 -0.32563637 -0.32563637 -0.32563637 -0.32563637  2.86813888 -0.32563637
 -0.32563637 -0.32563637 -0.32563637 -0.32563637 -0.32563637 -0.32563637
 -0.32563637 -0.32563637 -0.32563637 -0.32563637 -0.32563637 -0.32563637
  1.13003023 -0.32563637 -0.32563637 -0.32563637 -0.32563637 -0.32563637
  0.96742665  1.43815139 -0.32563637 -0.32563637 -0.32563637 -0.32563637
 -0.32563637 -0.32563637 -0.32563637 -0.32563637  4.51543715]",[0.04539107222436023]
20,"[ 3.00876286 -0.34560798 -0.34560798  0.04570482 -0.34560798 -0.34560798
 -0.34560798 -0.34560798 -0.34560798 -0.34560798 -0.34560798 -0.34560798
 -0.34560798 -0.34560798 -0.34560798 -0.34560798 -0.34560798 -0.34560798
 -0.34560798 -0.34560798 -0.34560798 -0.34560798 -0.34560798 -0.34560798
 -0.34560798 -0.34560798 -0.34560798 -0.34560798 -0.34560798 -0.34560798
 -0.34560798 -0.34560798 -0.34560798 -0.34560798 -0.34560798 -0.34560798
 -0.34560798 -0.34560798 -0.34560798 -0.34560798  4.22286962  0.33848267
 -0.34560798 -0.34560798 -0.34560798 -0.34560798 -0.34560798 -0.34560798
 -0.34560798 -0.34560798  2.16573553 -0.34560798 -0.34560798  4.82387387
  2.97072934 -0.34560798  4.27645313 -0.34560798 -0.34560798 -0.34560798
 -0.34560798 -0.34560798 -0.34560798 -0.34560798 -0.34560798 -0.34560798
 -0.34560798 -0.34560798 -0.34560798 -0.34560798 -0.34560798 -0.34560798
  0.41390263 -0.34560798 -0.34560798 -0.34560798 -0.34560798 -0.34560798
 -0.34560798 -0.34560798 -0.34560798 -0.34560798 -0.34560798 -0.34560798
 -0.34560798 -0.34560798 -0.34560798 -0.34560798 -0.34560798 -0.34560798
 -0.34560798  1.76184053 -0.34560798  0.50882019  2.22345174 -0.34560798
 -0.34560798 -0.34560798 -0.34560798 -0.34560798  2.70086675 -0.34560798
  2.64261929  2.05386652  1.23032687  2.84275986  1.31066194 -0.34560798
 -0.34560798 -0.34560798 -0.34560798 -0.34560798 -0.34560798 -0.34560798
 -0.34560798 -0.34560798 -0.34560798 -0.34560798 -0.34560798 -0.34560798
 -0.34560798 -0.34560798 -0.34560798 -0.34560798 -0.34560798 -0.34560798
 -0.34560798 -0.34560798 -0.34560798 -0.34560798 -0.34560798 -0.34560798
 -0.34560798 -0.34560798 -0.34560798 -0.34560798 -0.34560798 -0.34560798
 -0.34560798  3.76511071 -0.34560798 -0.34560798 -0.34560798 -0.34560798
 -0.34560798 -0.34560798 -0.34560798 -0.34560798  2.93507947 -0.34560798
 -0.34560798  0.24897809 -0.34560798 -0.34560798 -0.34560798 -0.34560798
 -0.34560798 -0.34560798 -0.34560798 -0.34560798 -0.34560798 -0.34560798
  1.93035353 -0.34560798 -0.34560798 -0.34560798 -0.34560798  2.19096607
 -0.34560798 -0.34560798 -0.34560798 -0.34560798 -0.34560798 -0.34560798
 -0.34560798 -0.34560798 -0.34560798 -0.34560798  2.9570206 ]",[-0.006123776261554359]
20,"[-0.33947417 -0.33947417 -0.33947417  0.58057738 -0.33947417 -0.33947417
 -0.33947417 -0.33947417 -0.33947417 -0.33947417 -0.33947417 -0.33947417
 -0.33947417 -0.33947417 -0.33947417 -0.33947417 -0.33947417 -0.33947417
 -0.33947417 -0.33947417 -0.33947417 -0.33947417 -0.33947417 -0.33947417
  2.59949883 -0.33947417 -0.33947417 -0.33947417  1.90371055 -0.33947417
 -0.33947417 -0.33947417 -0.33947417 -0.33947417 -0.33947417 -0.33947417
 -0.33947417 -0.33947417 -0.33947417 -0.33947417  2.05185583 -0.33947417
 -0.33947417 -0.33947417 -0.33947417 -0.33947417 -0.33947417 -0.33947417
 -0.33947417 -0.33947417 -0.33947417 -0.33947417 -0.33947417  4.24005183
 -0.33947417 -0.33947417  4.63758591 -0.33947417 -0.33947417 -0.33947417
 -0.33947417 -0.33947417 -0.33947417 -0.33947417 -0.33947417 -0.33947417
 -0.33947417 -0.33947417 -0.33947417 -0.33947417 -0.33947417 -0.33947417
 -0.33947417 -0.33947417 -0.33947417 -0.33947417 -0.33947417 -0.33947417
 -0.33947417 -0.33947417 -0.33947417 -0.33947417 -0.33947417 -0.33947417
 -0.33947417 -0.33947417 -0.33947417 -0.33947417 -0.33947417 -0.33947417
 -0.33947417  3.13877098 -0.33947417  1.51346259 -0.33947417 -0.33947417
 -0.33947417 -0.33947417 -0.33947417 -0.33947417  3.12969209 -0.33947417
  3.22009244  3.2050649   2.96181913 -0.33947417  2.14298585 -0.33947417
 -0.33947417 -0.33947417 -0.33947417 -0.33947417 -0.33947417 -0.33947417
 -0.33947417 -0.33947417 -0.33947417 -0.33947417 -0.33947417 -0.33947417
 -0.33947417 -0.33947417 -0.33947417 -0.33947417 -0.33947417 -0.33947417
 -0.33947417 -0.33947417  2.58849596 -0.33947417 -0.33947417 -0.33947417
 -0.33947417 -0.33947417 -0.33947417 -0.33947417 -0.33947417 -0.33947417
 -0.33947417  3.26721533 -0.33947417 -0.33947417 -0.33947417 -0.33947417
 -0.33947417 -0.33947417 -0.33947417 -0.33947417 -0.33947417 -0.33947417
 -0.33947417 -0.33947417 -0.33947417 -0.33947417 -0.33947417 -0.33947417
 -0.33947417 -0.33947417 -0.33947417 -0.33947417 -0.33947417 -0.33947417
  2.36421936 -0.33947417 -0.33947417 -0.33947417 -0.33947417  2.40862139
 -0.33947417  2.64274418  2.4697991  -0.33947417 -0.33947417 -0.33947417
 -0.33947417 -0.33947417 -0.33947417 -0.33947417  2.91012919]",[-0.051872329178574705]
20,"[-0.30235665 -0.30235665 -0.30235665  0.17721906 -0.30235665 -0.30235665
 -0.30235665 -0.30235665 -0.30235665 -0.30235665 -0.30235665 -0.30235665
 -0.30235665 -0.30235665 -0.30235665 -0.30235665 -0.30235665 -0.30235665
 -0.30235665 -0.30235665 -0.30235665 -0.30235665 -0.30235665 -0.30235665
 -0.30235665 -0.30235665 -0.30235665 -0.30235665 -0.01972023 -0.30235665
 -0.30235665 -0.30235665 -0.30235665 -0.30235665 -0.30235665 -0.30235665
 -0.30235665 -0.30235665 -0.30235665 -0.30235665  5.02328502  0.2871668
 -0.30235665 -0.30235665 -0.30235665 -0.30235665 -0.30235665 -0.30235665
 -0.30235665 -0.30235665 -0.30235665 -0.30235665 -0.30235665  5.36153577
 -0.30235665  3.73385286  2.85545192 -0.30235665 -0.30235665 -0.30235665
 -0.30235665 -0.30235665 -0.30235665 -0.30235665 -0.30235665 -0.30235665
 -0.30235665 -0.30235665 -0.30235665 -0.30235665 -0.30235665 -0.30235665
  1.4980892  -0.30235665 -0.30235665 -0.30235665 -0.30235665 -0.30235665
 -0.30235665 -0.30235665 -0.30235665 -0.30235665 -0.30235665 -0.30235665
 -0.30235665 -0.30235665 -0.30235665 -0.30235665 -0.30235665 -0.30235665
 -0.30235665  1.10266538 -0.30235665  0.02292017  0.08827301 -0.30235665
 -0.30235665 -0.30235665 -0.30235665 -0.30235665  3.11518971 -0.30235665
  1.92581848  2.89456203  2.83896517 -0.30235665  1.98626662  0.46371924
 -0.30235665 -0.30235665 -0.30235665 -0.30235665 -0.30235665 -0.30235665
 -0.30235665 -0.30235665 -0.30235665 -0.30235665 -0.30235665 -0.30235665
 -0.30235665 -0.30235665 -0.30235665 -0.30235665 -0.30235665 -0.30235665
 -0.30235665 -0.30235665 -0.30235665 -0.30235665 -0.30235665 -0.30235665
 -0.30235665  2.11126711 -0.30235665 -0.30235665 -0.30235665 -0.30235665
 -0.30235665  3.78087301 -0.30235665 -0.30235665 -0.30235665 -0.30235665
 -0.30235665 -0.30235665 -0.30235665 -0.30235665 -0.30235665 -0.30235665
 -0.30235665 -0.30235665 -0.30235665 -0.30235665 -0.30235665 -0.30235665
 -0.30235665 -0.30235665 -0.30235665 -0.30235665 -0.30235665 -0.30235665
  0.66486739 -0.30235665 -0.30235665 -0.30235665 -0.30235665  2.50923717
 -0.30235665 -0.30235665 -0.30235665 -0.30235665 -0.30235665 -0.30235665
 -0.30235665 -0.30235665 -0.30235665 -0.30235665  5.04848836]",[0.028207240808855394]
21,"[-0.24500839 -0.24500839 -0.24500839 -0.24500839 -0.24500839 -0.24500839
 -0.24500839 -0.24500839 -0.24500839 -0.24500839 -0.24500839 -0.24500839
 -0.24500839 -0.24500839 -0.24500839 -0.24500839 -0.24500839 -0.24500839
 -0.24500839 -0.24500839 -0.24500839 -0.24500839 -0.24500839 -0.24500839
 -0.24500839 -0.24500839 -0.24500839 -0.24500839 -0.24500839 -0.24500839
 -0.24500839 -0.24500839 -0.24500839 -0.24500839 -0.24500839 -0.24500839
 -0.24500839 -0.24500839 -0.24500839 -0.24500839  6.06645973 -0.24500839
 -0.24500839 -0.24500839 -0.24500839 -0.24500839 -0.24500839 -0.24500839
 -0.24500839 -0.24500839 -0.24500839 -0.24500839 -0.24500839 -0.24500839
 -0.24500839  0.03907614 -0.24500839 -0.24500839 -0.24500839 -0.24500839
 -0.24500839 -0.24500839 -0.24500839 -0.24500839 -0.24500839 -0.24500839
 -0.24500839 -0.24500839 -0.24500839 -0.24500839 -0.24500839 -0.24500839
 -0.24500839 -0.24500839 -0.24500839 -0.24500839 -0.24500839 -0.24500839
 -0.24500839 -0.24500839 -0.24500839 -0.24500839 -0.24500839 -0.24500839
 -0.24500839 -0.24500839 -0.24500839 -0.24500839  4.45182215  4.64463184
  4.61633089  2.69658885 -0.24500839 -0.24500839  1.03336038 -0.24500839
 -0.24500839 -0.24500839 -0.24500839 -0.24500839  3.06671212 -0.24500839
  1.67992853  0.19768494  2.69506767 -0.24500839  1.29681673 -0.24500839
 -0.24500839 -0.24500839 -0.24500839 -0.24500839 -0.24500839 -0.24500839
 -0.24500839 -0.24500839 -0.24500839 -0.24500839 -0.24500839 -0.24500839
 -0.24500839 -0.24500839 -0.24500839 -0.24500839 -0.24500839 -0.24500839
 -0.24500839 -0.24500839 -0.24500839 -0.24500839 -0.24500839 -0.24500839
 -0.24500839 -0.24500839 -0.24500839 -0.24500839 -0.24500839 -0.24500839
 -0.24500839  1.90910131 -0.24500839 -0.24500839 -0.24500839 -0.24500839
 -0.24500839 -0.24500839 -0.24500839 -0.24500839 -0.24500839 -0.24500839
 -0.24500839 -0.24500839 -0.24500839 -0.24500839 -0.24500839 -0.24500839
 -0.24500839 -0.24500839 -0.24500839 -0.24500839 -0.24500839 -0.24500839
  6.03280373 -0.24500839 -0.24500839 -0.24500839 -0.24500839 -0.24500839
 -0.24500839 -0.24500839 -0.24500839 -0.24500839 -0.24500839 -0.24500839
 -0.24500839 -0.24500839 -0.24500839 -0.24500839 -0.24500839]",[0.017381450504403484]
21,"[ 2.34269348 -0.35173175 -0.35173175  0.77593683 -0.35173175 -0.35173175
 -0.35173175 -0.35173175 -0.35173175 -0.35173175 -0.35173175 -0.35173175
 -0.35173175 -0.35173175 -0.35173175 -0.35173175 -0.35173175 -0.35173175
 -0.35173175 -0.35173175 -0.35173175 -0.35173175 -0.35173175 -0.35173175
 -0.35173175 -0.35173175 -0.35173175 -0.35173175 -0.35173175 -0.35173175
 -0.35173175 -0.35173175 -0.35173175 -0.35173175 -0.35173175 -0.35173175
 -0.35173175 -0.35173175 -0.35173175 -0.35173175  4.62382639  2.21626687
 -0.35173175 -0.35173175 -0.35173175 -0.35173175 -0.35173175 -0.35173175
 -0.35173175 -0.35173175  2.31424404 -0.35173175 -0.35173175  4.32416735
  2.95658661 -0.21854995  4.44779978 -0.35173175 -0.35173175 -0.35173175
 -0.35173175 -0.35173175 -0.35173175 -0.35173175 -0.35173175 -0.35173175
 -0.35173175 -0.35173175 -0.35173175 -0.35173175 -0.35173175 -0.35173175
  1.02732983 -0.35173175 -0.35173175 -0.35173175 -0.35173175 -0.35173175
 -0.35173175 -0.35173175 -0.35173175 -0.35173175 -0.35173175 -0.35173175
 -0.35173175 -0.35173175 -0.35173175 -0.35173175 -0.35173175 -0.35173175
 -0.35173175  1.15632974 -0.35173175  1.26951852  1.00913836 -0.35173175
 -0.35173175  1.51287524 -0.35173175 -0.35173175  1.97437011 -0.35173175
  2.07447333  2.19159724  2.13309234  2.4229245   1.27175226 -0.35173175
 -0.35173175 -0.35173175 -0.35173175 -0.35173175 -0.35173175 -0.35173175
 -0.35173175 -0.35173175 -0.35173175 -0.35173175 -0.35173175 -0.35173175
 -0.35173175 -0.35173175 -0.35173175 -0.35173175 -0.35173175 -0.35173175
 -0.35173175 -0.35173175 -0.35173175 -0.35173175 -0.35173175 -0.35173175
 -0.35173175 -0.35173175 -0.35173175 -0.35173175 -0.35173175 -0.35173175
 -0.35173175  3.60534875 -0.35173175 -0.35173175 -0.35173175 -0.35173175
 -0.35173175 -0.35173175 -0.35173175 -0.35173175  3.29887906 -0.35173175
 -0.35173175 -0.35173175 -0.35173175 -0.35173175 -0.35173175 -0.35173175
 -0.35173175 -0.35173175 -0.35173175 -0.35173175 -0.35173175 -0.35173175
  1.12792375 -0.35173175 -0.35173175 -0.35173175 -0.35173175  0.13514695
 -0.35173175 -0.35173175 -0.35173175 -0.35173175 -0.35173175 -0.35173175
 -0.35173175 -0.35173175 -0.35173175 -0.35173175  4.17301883]",[0.03413696257967547]
21,"[-0.2741494  -0.2741494  -0.2741494  -0.22182871 -0.2741494  -0.2741494
 -0.2741494  -0.2741494  -0.2741494  -0.2741494  -0.2741494  -0.2741494
 -0.2741494  -0.2741494  -0.2741494  -0.2741494  -0.2741494  -0.2741494
 -0.2741494  -0.2741494  -0.2741494  -0.2741494  -0.2741494  -0.2741494
 -0.2741494  -0.2741494  -0.2741494  -0.2741494  -0.2741494  -0.2741494
 -0.2741494  -0.2741494  -0.2741494  -0.2741494  -0.2741494  -0.2741494
 -0.2741494  -0.2741494  -0.2741494  -0.2741494   5.02153637 -0.2741494
 -0.2741494  -0.2741494  -0.2741494  -0.2741494  -0.2741494  -0.2741494
 -0.2741494  -0.2741494  -0.2741494  -0.2741494  -0.2741494   5.73603933
 -0.16588851  5.14983941  2.55201965 -0.2741494  -0.2741494  -0.2741494
 -0.2741494  -0.2741494  -0.2741494  -0.2741494  -0.2741494  -0.2741494
 -0.2741494  -0.2741494  -0.2741494  -0.2741494  -0.2741494  -0.2741494
  0.75543244 -0.2741494  -0.2741494  -0.2741494  -0.2741494  -0.2741494
 -0.2741494  -0.2741494  -0.2741494  -0.2741494  -0.2741494  -0.2741494
 -0.2741494  -0.2741494  -0.2741494   0.7540737  -0.2741494  -0.2741494
 -0.2741494   1.00872546 -0.2741494  -0.2741494  -0.00616294 -0.2741494
 -0.2741494  -0.2741494  -0.2741494  -0.2741494   2.51504331 -0.2741494
  1.26593613  3.58170335  1.68068204 -0.2741494   4.26715727 -0.2741494
 -0.2741494  -0.2741494  -0.2741494  -0.2741494  -0.2741494  -0.2741494
 -0.2741494  -0.2741494  -0.2741494  -0.2741494  -0.2741494  -0.2741494
 -0.2741494  -0.2741494  -0.2741494  -0.2741494  -0.2741494  -0.2741494
 -0.2741494  -0.2741494  -0.2741494  -0.2741494  -0.2741494  -0.2741494
 -0.2741494  -0.2741494  -0.2741494  -0.2741494  -0.2741494  -0.2741494
 -0.2741494   4.24598666 -0.2741494  -0.2741494  -0.2741494  -0.2741494
 -0.2741494  -0.2741494  -0.2741494  -0.2741494  -0.2741494  -0.2741494
 -0.2741494  -0.2741494  -0.2741494  -0.2741494  -0.2741494  -0.2741494
 -0.2741494  -0.2741494  -0.2741494  -0.2741494  -0.2741494  -0.2741494
  3.19383439 -0.2741494  -0.2741494  -0.2741494  -0.2741494   0.83436897
 -0.2741494  -0.2741494  -0.2741494  -0.2741494  -0.2741494  -0.2741494
 -0.2741494  -0.2741494  -0.2741494  -0.2741494   1.69540634]",[-0.012077191755180183]
22,"[-0.22762694 -0.22762694 -0.22762694 -0.22762694 -0.22762694 -0.22762694
 -0.22762694 -0.22762694 -0.22762694 -0.22762694 -0.22762694 -0.22762694
 -0.22762694 -0.22762694 -0.22762694 -0.22762694 -0.22762694 -0.22762694
 -0.22762694 -0.22762694 -0.22762694 -0.22762694 -0.22762694 -0.22762694
 -0.22762694 -0.22762694 -0.22762694 -0.22762694 -0.22762694 -0.22762694
 -0.22762694 -0.22762694 -0.22762694 -0.22762694 -0.22762694 -0.22762694
 -0.22762694 -0.22762694 -0.22762694 -0.22762694  7.19676081  0.46913072
 -0.22762694 -0.22762694 -0.22762694 -0.22762694 -0.22762694 -0.22762694
 -0.22762694 -0.22762694 -0.22762694 -0.22762694 -0.22762694 -0.22762694
 -0.05848791 -0.22762694 -0.22762694 -0.22762694 -0.22762694 -0.22762694
 -0.22762694 -0.22762694 -0.22762694 -0.22762694 -0.22762694 -0.22762694
 -0.22762694 -0.22762694 -0.22762694 -0.22762694 -0.22762694 -0.22762694
 -0.22762694 -0.22762694 -0.22762694 -0.22762694 -0.22762694 -0.22762694
 -0.22762694 -0.22762694 -0.22762694 -0.22762694 -0.22762694 -0.22762694
 -0.22762694 -0.22762694 -0.22762694 -0.22762694  1.8221037   3.19644472
 -0.22762694  1.59344263 -0.22762694 -0.22762694  0.13870224 -0.22762694
 -0.22762694 -0.22762694 -0.22762694 -0.22762694  3.00441556 -0.22762694
  2.77647688  3.591026    3.39978365 -0.22762694  3.8586189  -0.22762694
 -0.22762694 -0.22762694 -0.22762694 -0.22762694 -0.22762694 -0.22762694
 -0.22762694 -0.22762694 -0.22762694 -0.22762694 -0.22762694 -0.22762694
 -0.22762694 -0.22762694 -0.22762694 -0.22762694 -0.22762694 -0.22762694
 -0.22762694 -0.22762694 -0.22762694 -0.22762694 -0.22762694 -0.22762694
 -0.22762694 -0.22762694 -0.22762694 -0.22762694 -0.22762694 -0.22762694
 -0.22762694 -0.22762694 -0.22762694 -0.22762694 -0.22762694 -0.22762694
 -0.22762694 -0.22762694 -0.22762694 -0.22762694 -0.22762694 -0.22762694
 -0.22762694 -0.22762694 -0.22762694 -0.22762694 -0.22762694 -0.22762694
 -0.22762694 -0.22762694 -0.22762694 -0.22762694 -0.22762694 -0.22762694
  6.79765471 -0.22762694 -0.22762694 -0.22762694 -0.22762694 -0.22762694
 -0.22762694 -0.22762694 -0.22762694 -0.22762694 -0.22762694 -0.22762694
 -0.22762694 -0.22762694 -0.22762694 -0.22762694 -0.22762694]",[-0.028050455584929274]
22,"[ 2.38434582 -0.31759479 -0.31759479 -0.15182175 -0.31759479 -0.31759479
 -0.31759479 -0.31759479 -0.31759479 -0.31759479 -0.31759479 -0.31759479
 -0.31759479 -0.31759479 -0.31759479 -0.31759479  0.02480408 -0.31759479
 -0.31759479 -0.31759479 -0.31759479 -0.31759479 -0.31759479 -0.31759479
 -0.31759479 -0.31759479 -0.31759479 -0.31759479  0.48338132 -0.31759479
 -0.31759479 -0.31759479 -0.31759479 -0.31759479 -0.31759479 -0.31759479
 -0.31759479 -0.31759479 -0.31759479 -0.31759479  4.30318781  0.34610875
 -0.31759479 -0.31759479 -0.31759479 -0.31759479 -0.31759479 -0.31759479
 -0.31759479 -0.31759479 -0.31759479 -0.31759479 -0.31759479  4.64326683
  4.54059981 -0.31759479  3.76569282 -0.31759479 -0.31759479 -0.31759479
 -0.31759479 -0.31759479 -0.31759479 -0.31759479 -0.31759479 -0.31759479
 -0.31759479 -0.31759479 -0.31759479 -0.31759479 -0.31759479 -0.31759479
  1.56749973 -0.31759479 -0.31759479 -0.31759479 -0.31759479 -0.31759479
 -0.31759479 -0.31759479 -0.31759479 -0.31759479 -0.31759479 -0.31759479
 -0.31759479 -0.31759479 -0.31759479 -0.31759479  1.53234975 -0.31759479
 -0.31759479 -0.31759479 -0.31759479 -0.31759479  2.44831512 -0.31759479
 -0.31759479 -0.31759479  0.30025921 -0.31759479  2.17813658 -0.31759479
  3.95576009  2.62285034  2.91109185  1.63969096 -0.31759479 -0.31759479
 -0.31759479 -0.31759479 -0.31759479 -0.31759479 -0.31759479 -0.31759479
 -0.31759479 -0.31759479 -0.31759479 -0.31759479 -0.31759479 -0.31759479
 -0.31759479 -0.31759479 -0.31759479 -0.31759479 -0.31759479 -0.31759479
 -0.31759479 -0.31759479 -0.31759479 -0.31759479 -0.31759479 -0.31759479
 -0.31759479 -0.31759479 -0.31759479 -0.31759479 -0.31759479 -0.31759479
 -0.31759479 -0.31759479 -0.31759479 -0.31759479 -0.31759479 -0.31759479
 -0.31759479 -0.31759479 -0.31759479 -0.31759479  2.02610119 -0.31759479
 -0.31759479 -0.31759479 -0.31759479 -0.31759479 -0.31759479 -0.31759479
 -0.31759479 -0.31759479 -0.31759479 -0.31759479 -0.31759479 -0.31759479
 -0.31759479 -0.31759479 -0.31759479 -0.31759479 -0.31759479  2.76836585
  1.11169591 -0.31759479 -0.31759479 -0.31759479 -0.31759479 -0.31759479
 -0.31759479 -0.31759479 -0.31759479 -0.31759479  4.46070029]",[-0.045222223278301055]
22,"[-0.2862266  -0.2862266  -0.2862266  -0.2862266  -0.2862266  -0.2862266
 -0.2862266  -0.2862266  -0.2862266  -0.2862266  -0.2862266  -0.2862266
 -0.2862266  -0.2862266  -0.2862266  -0.2862266  -0.2862266  -0.2862266
 -0.2862266  -0.2862266  -0.2862266  -0.2862266  -0.2862266  -0.2862266
 -0.2862266  -0.2862266  -0.2862266  -0.2862266  -0.2862266  -0.2862266
 -0.2862266  -0.2862266  -0.2862266  -0.2862266  -0.2862266  -0.2862266
 -0.2862266  -0.2862266  -0.2862266  -0.2862266   5.02312097  1.19580517
 -0.2862266  -0.2862266  -0.2862266  -0.2862266  -0.2862266  -0.2862266
 -0.2862266  -0.2862266  -0.2862266  -0.2862266  -0.2862266   4.72515104
 -0.2862266   5.38313549  0.30858686 -0.2862266  -0.2862266  -0.2862266
 -0.2862266  -0.2862266  -0.2862266  -0.2862266  -0.2862266  -0.2862266
 -0.2862266  -0.2862266  -0.2862266  -0.2862266  -0.2862266  -0.2862266
  0.20742246 -0.2862266  -0.2862266  -0.2862266  -0.2862266  -0.2862266
 -0.2862266  -0.2862266  -0.2862266  -0.2862266  -0.2862266  -0.2862266
 -0.2862266  -0.2862266  -0.2862266  -0.2862266  -0.2862266  -0.2862266
 -0.2862266   3.66628701 -0.2862266  -0.2862266   0.22425075 -0.2862266
 -0.2862266  -0.2862266  -0.2862266  -0.2862266   2.27644209 -0.2862266
  2.27625513  3.38550274  1.76431035 -0.2862266   2.57728374 -0.2862266
 -0.2862266  -0.2862266  -0.2862266  -0.2862266  -0.2862266  -0.2862266
 -0.2862266  -0.2862266  -0.2862266  -0.2862266  -0.2862266  -0.2862266
 -0.2862266  -0.2862266  -0.2862266  -0.2862266  -0.2862266  -0.2862266
 -0.2862266  -0.2862266  -0.2862266  -0.2862266  -0.2862266  -0.2862266
 -0.2862266   1.78618831 -0.2862266  -0.2862266  -0.2862266  -0.2862266
 -0.2862266   4.00214198 -0.2862266  -0.2862266  -0.2862266  -0.2862266
 -0.2862266  -0.2862266  -0.2862266  -0.2862266  -0.2862266  -0.2862266
 -0.2862266  -0.2862266  -0.2862266  -0.2862266  -0.2862266  -0.2862266
 -0.2862266  -0.2862266  -0.2862266  -0.2862266  -0.2862266  -0.2862266
  0.89245193 -0.2862266  -0.2862266  -0.2862266  -0.2862266   4.24864726
 -0.2862266  -0.2862266  -0.2862266  -0.2862266  -0.2862266  -0.2862266
 -0.2862266  -0.2862266  -0.2862266  -0.2862266   2.13949868]",[-0.06594671678460051]
23,"[-0.2556774  -0.2556774  -0.2556774  -0.2556774  -0.2556774  -0.2556774
 -0.2556774  -0.2556774  -0.2556774  -0.2556774  -0.2556774  -0.2556774
 -0.2556774  -0.2556774  -0.2556774  -0.2556774  -0.2556774  -0.2556774
 -0.2556774  -0.2556774  -0.2556774  -0.2556774  -0.2556774  -0.2556774
 -0.2556774  -0.2556774  -0.2556774  -0.2556774  -0.2556774  -0.2556774
 -0.2556774  -0.2556774  -0.2556774  -0.2556774  -0.2556774  -0.2556774
 -0.2556774  -0.2556774  -0.2556774  -0.2556774   6.58924293  1.05406212
 -0.2556774  -0.2556774  -0.2556774  -0.2556774  -0.2556774  -0.2556774
 -0.2556774  -0.2556774  -0.2556774  -0.2556774  -0.2556774   0.19999345
 -0.2556774   3.13401839 -0.2556774  -0.2556774  -0.2556774  -0.2556774
 -0.2556774  -0.2556774  -0.2556774  -0.2556774  -0.2556774  -0.2556774
 -0.2556774  -0.2556774  -0.2556774  -0.2556774  -0.2556774  -0.2556774
 -0.2556774  -0.2556774  -0.2556774  -0.2556774  -0.2556774  -0.2556774
 -0.2556774  -0.2556774  -0.2556774  -0.2556774  -0.2556774  -0.2556774
 -0.2556774  -0.2556774  -0.2556774  -0.2556774  -0.2556774  -0.2556774
 -0.2556774   2.76282164 -0.2556774  -0.2556774   1.11781597 -0.2556774
 -0.2556774  -0.2556774  -0.2556774  -0.2556774   3.07920038 -0.2556774
  3.37708761  4.43593735  3.94132536 -0.2556774   3.00876999  0.66806463
 -0.2556774  -0.2556774  -0.2556774  -0.2556774  -0.2556774  -0.2556774
 -0.2556774  -0.2556774  -0.2556774  -0.2556774  -0.2556774  -0.2556774
 -0.2556774  -0.2556774  -0.2556774  -0.2556774  -0.2556774  -0.2556774
 -0.2556774  -0.2556774  -0.2556774  -0.2556774  -0.2556774  -0.2556774
 -0.2556774  -0.2556774  -0.2556774  -0.2556774  -0.2556774  -0.2556774
 -0.2556774  -0.2556774  -0.2556774  -0.2556774  -0.2556774  -0.2556774
 -0.2556774  -0.2556774  -0.2556774  -0.2556774  -0.2556774  -0.2556774
 -0.2556774  -0.2556774  -0.2556774  -0.2556774  -0.2556774  -0.2556774
 -0.2556774  -0.2556774  -0.2556774  -0.2556774  -0.2556774  -0.2556774
  3.92926201 -0.2556774  -0.2556774  -0.2556774  -0.2556774   4.88916901
 -0.2556774  -0.2556774  -0.2556774  -0.2556774  -0.2556774  -0.2556774
 -0.2556774  -0.2556774  -0.2556774  -0.2556774  -0.2556774 ]",[-0.02444424818733476]
23,"[-0.36281702 -0.36281702 -0.36281702  0.76873621 -0.36281702 -0.36281702
 -0.36281702 -0.36281702 -0.36281702 -0.36281702 -0.36281702 -0.36281702
 -0.36281702 -0.36281702 -0.36281702 -0.36281702 -0.36281702 -0.36281702
 -0.36281702 -0.36281702  0.2697245  -0.36281702 -0.36281702 -0.36281702
 -0.36281702 -0.36281702 -0.36281702 -0.36281702 -0.36281702 -0.36281702
 -0.36281702 -0.36281702 -0.36281702 -0.36281702 -0.36281702 -0.36281702
 -0.36281702 -0.36281702 -0.36281702 -0.36281702  3.90183187  1.90548868
 -0.36281702 -0.36281702 -0.36281702 -0.36281702 -0.36281702 -0.36281702
 -0.36281702 -0.36281702  2.43959602 -0.36281702 -0.36281702  4.42395952
  2.98145618 -0.36281702  4.12746556 -0.36281702 -0.36281702 -0.36281702
 -0.36281702 -0.36281702 -0.36281702 -0.36281702 -0.36281702 -0.36281702
 -0.36281702 -0.36281702 -0.36281702 -0.36281702 -0.36281702 -0.36281702
  0.05591915 -0.36281702 -0.36281702 -0.36281702 -0.36281702 -0.36281702
 -0.36281702 -0.36281702 -0.36281702 -0.36281702 -0.36281702 -0.36281702
 -0.36281702 -0.36281702 -0.36281702 -0.36281702 -0.36281702 -0.36281702
 -0.36281702  1.11701044 -0.36281702  1.42257203  1.91650533 -0.36281702
 -0.36281702  1.62014063  1.09233052 -0.36281702  2.04416446 -0.36281702
  2.74334363  2.17638802  2.40060048  2.97932607 -0.36281702 -0.36281702
 -0.36281702 -0.36281702 -0.36281702 -0.36281702 -0.36281702 -0.36281702
 -0.36281702 -0.36281702 -0.36281702 -0.36281702 -0.36281702 -0.36281702
 -0.36281702  0.68907125 -0.36281702 -0.36281702 -0.36281702 -0.36281702
 -0.36281702 -0.36281702 -0.36281702 -0.36281702 -0.36281702  0.37812726
 -0.36281702 -0.36281702 -0.36281702 -0.36281702 -0.36281702 -0.36281702
 -0.36281702  3.38166746 -0.36281702 -0.36281702 -0.36281702 -0.36281702
 -0.36281702 -0.36281702 -0.36281702 -0.36281702  2.83293048 -0.36281702
 -0.36281702 -0.36281702 -0.36281702 -0.36281702 -0.36281702 -0.36281702
 -0.36281702 -0.36281702 -0.36281702 -0.36281702 -0.36281702 -0.36281702
  2.55685395 -0.36281702 -0.36281702 -0.36281702 -0.36281702 -0.36281702
 -0.36281702  0.99057409 -0.36281702 -0.36281702 -0.36281702 -0.36281702
 -0.36281702 -0.36281702 -0.36281702 -0.36281702  4.29521955]",[0.02304844055668953]
23,"[-0.35217331 -0.35217331 -0.35217331  1.63105964 -0.35217331 -0.35217331
 -0.35217331 -0.35217331 -0.35217331 -0.35217331 -0.35217331 -0.35217331
 -0.35217331 -0.35217331 -0.35217331 -0.35217331 -0.35217331 -0.35217331
 -0.35217331 -0.35217331 -0.35217331 -0.35217331 -0.35217331 -0.35217331
 -0.35217331 -0.35217331 -0.35217331 -0.35217331 -0.35217331 -0.35217331
 -0.35217331 -0.35217331 -0.35217331 -0.35217331 -0.35217331 -0.35217331
 -0.35217331 -0.35217331 -0.35217331 -0.35217331  3.28981117  0.07809936
 -0.35217331 -0.35217331 -0.35217331 -0.35217331 -0.35217331 -0.35217331
 -0.35217331 -0.35217331 -0.35217331 -0.35217331 -0.35217331  4.46683517
 -0.35217331  4.88118891  3.0847249  -0.35217331 -0.35217331 -0.35217331
 -0.35217331 -0.35217331 -0.35217331 -0.35217331 -0.35217331 -0.35217331
 -0.35217331 -0.35217331 -0.35217331 -0.35217331 -0.35217331 -0.35217331
  2.04914687 -0.35217331 -0.35217331 -0.35217331 -0.35217331 -0.35217331
 -0.35217331 -0.35217331 -0.35217331 -0.35217331 -0.35217331 -0.35217331
 -0.35217331 -0.35217331 -0.35217331 -0.35217331 -0.35217331  0.508569
 -0.35217331  2.18575334  2.49781622  1.00648507  2.34108723 -0.35217331
 -0.35217331 -0.35217331  0.38097889 -0.35217331  2.83007    -0.35217331
  2.12808962  2.50148834  1.8342376  -0.35217331  3.2973047  -0.35217331
 -0.35217331 -0.35217331 -0.35217331 -0.35217331 -0.35217331 -0.35217331
 -0.35217331 -0.35217331 -0.35217331 -0.35217331 -0.35217331 -0.35217331
 -0.35217331 -0.35217331 -0.35217331 -0.35217331 -0.35217331 -0.35217331
 -0.35217331 -0.35217331 -0.35217331 -0.35217331 -0.35217331 -0.35217331
 -0.35217331  2.62380525 -0.35217331 -0.35217331 -0.35217331 -0.35217331
 -0.35217331  3.8269785  -0.35217331 -0.35217331 -0.35217331 -0.35217331
 -0.35217331 -0.35217331 -0.35217331 -0.35217331  2.4888764  -0.35217331
 -0.35217331 -0.35217331 -0.35217331 -0.35217331 -0.35217331 -0.35217331
 -0.35217331 -0.35217331 -0.35217331 -0.35217331 -0.35217331 -0.35217331
  0.17105532 -0.35217331 -0.35217331 -0.35217331 -0.35217331  2.09520184
 -0.35217331 -0.35217331 -0.35217331 -0.35217331 -0.35217331 -0.35217331
 -0.35217331 -0.35217331 -0.35217331 -0.35217331  2.38820013]",[0.01348534221102382]
24,"[-0.28012165 -0.28012165 -0.28012165 -0.28012165 -0.28012165 -0.28012165
 -0.28012165 -0.28012165 -0.28012165 -0.28012165 -0.28012165 -0.28012165
 -0.28012165 -0.28012165 -0.28012165 -0.28012165 -0.28012165 -0.28012165
 -0.28012165 -0.28012165 -0.28012165 -0.28012165 -0.28012165 -0.28012165
 -0.28012165 -0.28012165 -0.28012165 -0.28012165  0.05447633 -0.28012165
 -0.28012165 -0.28012165 -0.28012165 -0.28012165 -0.28012165 -0.28012165
 -0.28012165 -0.28012165 -0.28012165 -0.28012165  6.05677513  0.28993595
 -0.28012165 -0.28012165 -0.28012165 -0.28012165 -0.28012165 -0.28012165
 -0.28012165 -0.28012165 -0.28012165 -0.28012165 -0.28012165 -0.28012165
 -0.28012165  4.09234528 -0.28012165 -0.28012165 -0.28012165 -0.28012165
 -0.28012165 -0.28012165 -0.28012165 -0.28012165 -0.28012165 -0.28012165
 -0.28012165 -0.28012165 -0.28012165 -0.28012165 -0.28012165 -0.28012165
 -0.28012165 -0.28012165 -0.28012165 -0.28012165 -0.28012165 -0.28012165
 -0.28012165 -0.28012165 -0.28012165 -0.28012165 -0.28012165 -0.28012165
 -0.28012165 -0.28012165 -0.28012165 -0.28012165 -0.28012165  1.67946777
 -0.28012165  2.84024604 -0.28012165 -0.28012165  0.29329659 -0.28012165
 -0.28012165 -0.28012165 -0.28012165 -0.28012165  2.69791043 -0.28012165
  2.29918653  3.47482075  3.56488162 -0.28012165  3.07879006  1.25119509
 -0.28012165 -0.28012165 -0.28012165 -0.28012165 -0.28012165 -0.28012165
 -0.28012165 -0.28012165 -0.28012165 -0.28012165 -0.28012165 -0.28012165
 -0.28012165 -0.28012165 -0.28012165 -0.28012165 -0.28012165 -0.28012165
 -0.28012165 -0.28012165 -0.28012165 -0.28012165 -0.28012165 -0.28012165
 -0.28012165 -0.28012165 -0.28012165 -0.28012165 -0.28012165 -0.28012165
 -0.28012165 -0.28012165 -0.28012165 -0.28012165 -0.28012165 -0.28012165
 -0.28012165 -0.28012165 -0.28012165 -0.28012165 -0.28012165 -0.28012165
 -0.28012165  0.89648667 -0.28012165 -0.28012165 -0.28012165 -0.28012165
 -0.28012165 -0.28012165 -0.28012165 -0.28012165 -0.28012165 -0.28012165
  3.29405054 -0.28012165 -0.28012165 -0.28012165 -0.28012165  4.85592756
 -0.28012165  0.10948871 -0.28012165 -0.28012165 -0.28012165 -0.28012165
 -0.28012165 -0.28012165 -0.28012165 -0.28012165  4.27030415]",[-0.004379291011413489]
24,"[-0.33868797 -0.33868797 -0.33868797  0.80838495 -0.33868797 -0.33868797
 -0.33868797 -0.33868797 -0.33868797 -0.33868797 -0.33868797 -0.33868797
 -0.33868797 -0.33868797 -0.33868797 -0.33868797 -0.33868797 -0.33868797
 -0.33868797 -0.33868797 -0.33868797 -0.33868797 -0.33868797 -0.33868797
 -0.33868797 -0.33868797 -0.33868797 -0.33868797 -0.33868797 -0.33868797
 -0.33868797 -0.33868797 -0.33868797 -0.33868797 -0.33868797 -0.33868797
 -0.33868797 -0.33868797 -0.33868797 -0.33868797  3.3598975   0.27707559
 -0.33868797 -0.33868797 -0.33868797 -0.33868797 -0.33868797 -0.33868797
 -0.33868797 -0.33868797 -0.33868797 -0.33868797 -0.33868797  4.3455297
 -0.33868797  4.48333927  2.48024673 -0.33868797 -0.33868797 -0.33868797
 -0.33868797 -0.33868797 -0.33868797 -0.33868797 -0.33868797 -0.33868797
 -0.33868797 -0.33868797 -0.33868797 -0.33868797 -0.33868797 -0.33868797
  1.48766585 -0.33868797 -0.33868797 -0.33868797 -0.33868797 -0.33868797
 -0.33868797 -0.33868797 -0.33868797 -0.33868797 -0.33868797 -0.33868797
 -0.33868797 -0.33868797 -0.33868797 -0.33868797 -0.33868797 -0.33868797
 -0.33868797  1.71344518  2.1102974   0.22077159  2.00132775 -0.33868797
 -0.33868797 -0.33868797 -0.33868797 -0.33868797  2.52160369 -0.33868797
  2.6420889   2.35498288  2.34768177 -0.33868797  3.24874941 -0.33868797
 -0.33868797 -0.33868797 -0.33868797 -0.33868797 -0.33868797 -0.33868797
 -0.33868797 -0.33868797 -0.33868797 -0.33868797 -0.33868797 -0.33868797
 -0.33868797 -0.33868797 -0.33868797 -0.33868797 -0.33868797 -0.33868797
 -0.33868797 -0.33868797 -0.33868797 -0.33868797 -0.33868797 -0.33868797
 -0.33868797  3.07197275 -0.33868797 -0.33868797 -0.33868797 -0.33868797
 -0.33868797  3.52919095 -0.33868797 -0.33868797 -0.33868797 -0.33868797
 -0.33868797 -0.33868797 -0.33868797 -0.33868797  2.33338403 -0.33868797
 -0.33868797 -0.33868797 -0.33868797 -0.33868797 -0.33868797 -0.33868797
 -0.33868797 -0.33868797 -0.33868797 -0.33868797 -0.33868797 -0.33868797
  0.84934852 -0.33868797 -0.33868797 -0.33868797 -0.33868797  2.31860914
 -0.33868797 -0.33868797 -0.33868797 -0.33868797 -0.33868797 -0.33868797
 -0.33868797 -0.33868797 -0.33868797 -0.33868797  4.66841784]",[-0.013336056101836746]
25,"[-0.28450094 -0.28450094 -0.28450094 -0.28450094 -0.28450094 -0.28450094
 -0.28450094 -0.28450094 -0.28450094 -0.28450094 -0.28450094 -0.28450094
 -0.28450094 -0.28450094 -0.28450094 -0.28450094 -0.28450094 -0.28450094
 -0.28450094 -0.28450094 -0.28450094 -0.28450094 -0.28450094 -0.28450094
 -0.28450094 -0.28450094 -0.28450094 -0.28450094 -0.28450094 -0.28450094
 -0.28450094 -0.28450094 -0.28450094 -0.28450094 -0.28450094 -0.28450094
 -0.28450094 -0.28450094 -0.28450094 -0.28450094  6.43746362  0.8088718
 -0.28450094 -0.28450094 -0.28450094 -0.28450094 -0.28450094 -0.28450094
 -0.28450094 -0.28450094 -0.28450094 -0.28450094 -0.28450094 -0.28450094
 -0.28450094  3.34947857 -0.28450094 -0.28450094 -0.28450094 -0.28450094
 -0.28450094 -0.28450094 -0.28450094 -0.28450094 -0.28450094 -0.28450094
 -0.28450094 -0.28450094 -0.28450094 -0.28450094 -0.28450094 -0.28450094
 -0.28450094 -0.28450094 -0.28450094 -0.28450094 -0.28450094 -0.28450094
 -0.28450094 -0.28450094 -0.28450094 -0.28450094 -0.28450094 -0.28450094
 -0.28450094 -0.28450094 -0.28450094 -0.28450094 -0.28450094  1.66128886
 -0.28450094  3.81653793 -0.28450094 -0.28450094  2.30506325 -0.28450094
 -0.28450094 -0.28450094 -0.28450094 -0.28450094  2.17007392 -0.28450094
  2.37105901  3.21176095  3.95252528 -0.28450094  2.24534837  1.01393523
 -0.28450094 -0.28450094 -0.28450094 -0.28450094 -0.28450094 -0.28450094
 -0.28450094 -0.28450094 -0.28450094 -0.28450094 -0.28450094 -0.28450094
 -0.28450094 -0.28450094 -0.28450094 -0.28450094 -0.28450094 -0.28450094
 -0.28450094 -0.28450094 -0.28450094 -0.28450094 -0.28450094 -0.28450094
 -0.28450094 -0.28450094 -0.28450094 -0.28450094 -0.28450094 -0.28450094
 -0.28450094  1.66753202 -0.28450094 -0.28450094 -0.28450094 -0.28450094
 -0.28450094 -0.28450094 -0.28450094 -0.28450094 -0.28450094 -0.28450094
 -0.28450094 -0.28450094 -0.28450094 -0.28450094 -0.28450094 -0.28450094
 -0.28450094 -0.28450094 -0.28450094 -0.28450094 -0.28450094 -0.28450094
  3.32035977 -0.28450094 -0.28450094 -0.28450094 -0.28450094  3.19370178
 -0.28450094 -0.28450094 -0.28450094 -0.28450094 -0.28450094 -0.28450094
 -0.28450094 -0.28450094 -0.28450094 -0.28450094  4.84865257]",[-0.037201485881914964]
25,"[-0.35202403 -0.35202403 -0.35202403  0.79967994 -0.35202403 -0.35202403
 -0.35202403 -0.35202403 -0.35202403 -0.35202403 -0.35202403 -0.35202403
 -0.35202403 -0.35202403 -0.35202403 -0.35202403 -0.35202403 -0.35202403
 -0.35202403 -0.35202403 -0.03962847 -0.35202403 -0.35202403 -0.35202403
 -0.35202403 -0.35202403 -0.35202403 -0.35202403 -0.35202403 -0.35202403
 -0.35202403 -0.35202403 -0.35202403 -0.35202403 -0.35202403 -0.35202403
 -0.35202403 -0.35202403 -0.35202403 -0.35202403  3.18460085 -0.13218845
 -0.35202403 -0.35202403 -0.35202403 -0.35202403 -0.35202403 -0.35202403
 -0.35202403 -0.35202403 -0.35202403 -0.35202403 -0.35202403  4.29436525
 -0.35202403  5.10067585  2.48833257 -0.35202403 -0.35202403 -0.35202403
 -0.35202403 -0.35202403 -0.35202403 -0.35202403 -0.35202403 -0.35202403
 -0.35202403 -0.35202403 -0.35202403 -0.35202403 -0.35202403 -0.35202403
  1.15319066 -0.35202403 -0.35202403 -0.35202403 -0.35202403 -0.35202403
 -0.35202403 -0.35202403 -0.35202403 -0.35202403 -0.35202403 -0.35202403
 -0.35202403 -0.35202403 -0.35202403 -0.35202403 -0.35202403 -0.35202403
 -0.35202403  3.27681221  1.97344575  0.16986471  2.98744073 -0.35202403
 -0.35202403 -0.35202403 -0.35202403 -0.35202403  2.85750831 -0.35202403
  2.48229542  2.67422869  2.24082226 -0.35202403  2.49972541 -0.35202403
 -0.35202403 -0.35202403 -0.35202403 -0.35202403 -0.35202403 -0.35202403
 -0.35202403 -0.35202403 -0.35202403 -0.35202403 -0.35202403 -0.35202403
 -0.35202403 -0.35202403 -0.35202403 -0.35202403 -0.35202403 -0.35202403
 -0.35202403 -0.35202403 -0.35202403 -0.35202403 -0.35202403 -0.35202403
 -0.35202403  2.20979396 -0.35202403 -0.35202403 -0.35202403 -0.35202403
 -0.35202403  3.45847191 -0.35202403 -0.35202403  0.2856046  -0.35202403
 -0.35202403 -0.35202403 -0.35202403 -0.35202403  2.16743402 -0.35202403
 -0.35202403 -0.35202403 -0.35202403 -0.35202403 -0.35202403 -0.35202403
 -0.35202403 -0.35202403 -0.35202403 -0.35202403 -0.35202403 -0.35202403
  0.46929428 -0.35202403 -0.35202403 -0.35202403 -0.35202403  2.83852979
  0.29672632 -0.35202403  0.95715966 -0.35202403 -0.35202403 -0.35202403
 -0.35202403 -0.35202403 -0.35202403 -0.35202403  3.16548983]",[0.013524719611121061]
26,"[-0.32170242 -0.32170242 -0.32170242 -0.32170242 -0.32170242 -0.32170242
 -0.32170242 -0.32170242 -0.32170242 -0.32170242 -0.32170242 -0.32170242
 -0.32170242 -0.32170242 -0.32170242 -0.32170242 -0.32170242 -0.32170242
 -0.32170242 -0.32170242 -0.32170242 -0.32170242 -0.32170242 -0.32170242
 -0.32170242 -0.32170242 -0.32170242 -0.32170242 -0.32170242 -0.32170242
 -0.32170242 -0.32170242 -0.32170242 -0.32170242 -0.32170242 -0.32170242
 -0.32170242 -0.32170242 -0.32170242 -0.32170242  5.22075589 -0.13397043
 -0.32170242 -0.32170242 -0.32170242 -0.32170242 -0.32170242 -0.32170242
 -0.32170242 -0.32170242 -0.32170242 -0.32170242 -0.32170242 -0.32170242
  2.53288606  0.7472015  -0.32170242 -0.32170242 -0.32170242  0.18002734
 -0.32170242 -0.32170242 -0.32170242 -0.32170242 -0.32170242 -0.32170242
 -0.32170242 -0.32170242 -0.32170242 -0.32170242 -0.32170242 -0.32170242
 -0.06018971 -0.32170242 -0.32170242 -0.32170242 -0.32170242  0.72454017
 -0.32170242 -0.32170242 -0.32170242 -0.32170242 -0.32170242 -0.32170242
 -0.32170242 -0.32170242 -0.32170242  1.28840498 -0.32170242 -0.32170242
  0.88140482  2.54379942 -0.32170242 -0.32170242  1.85328413 -0.32170242
 -0.32170242 -0.32170242 -0.32170242 -0.32170242  2.98560608 -0.32170242
  2.47165664  3.04635273  3.69874723 -0.32170242  2.73186796  1.36288201
 -0.32170242 -0.32170242 -0.32170242 -0.32170242 -0.32170242 -0.32170242
 -0.32170242 -0.32170242 -0.32170242 -0.32170242 -0.32170242 -0.32170242
 -0.32170242 -0.32170242 -0.32170242 -0.32170242 -0.32170242 -0.32170242
 -0.32170242 -0.32170242 -0.32170242 -0.32170242 -0.32170242 -0.32170242
 -0.32170242 -0.32170242 -0.32170242 -0.32170242 -0.32170242 -0.32170242
 -0.32170242  4.0911332  -0.32170242 -0.32170242  1.00847457 -0.32170242
 -0.32170242 -0.32170242 -0.32170242 -0.32170242 -0.32170242 -0.32170242
 -0.32170242  0.35489487 -0.32170242 -0.32170242 -0.32170242 -0.32170242
 -0.32170242 -0.32170242 -0.32170242 -0.32170242 -0.32170242 -0.32170242
  2.66512255 -0.32170242 -0.32170242 -0.32170242 -0.32170242  4.46558338
 -0.32170242  0.36113531 -0.32170242 -0.32170242 -0.32170242 -0.32170242
 -0.32170242 -0.32170242 -0.32170242 -0.32170242  4.84227505]",[-0.015687681377656748]
27,"[-0.33739011 -0.33739011 -0.33739011 -0.33739011 -0.33739011 -0.33739011
 -0.33739011 -0.33739011 -0.33739011 -0.33739011 -0.33739011 -0.33739011
 -0.33739011 -0.33739011 -0.33739011 -0.33739011 -0.33739011 -0.33739011
 -0.33739011 -0.33739011  0.24596686 -0.33739011 -0.33739011 -0.33739011
 -0.33739011 -0.33739011 -0.33739011 -0.33739011 -0.33739011 -0.33739011
 -0.33739011 -0.33739011 -0.33739011 -0.33739011 -0.33739011 -0.33739011
 -0.33739011 -0.33739011 -0.33739011 -0.33739011  5.05200647  0.02686687
 -0.33739011 -0.33739011 -0.33739011 -0.33739011 -0.33739011 -0.33739011
 -0.33739011 -0.33739011 -0.33739011 -0.33739011 -0.33739011  5.04297557
  1.29071405  2.30849468  3.74720206 -0.33739011 -0.33739011 -0.33739011
 -0.33739011 -0.33739011 -0.33739011 -0.33739011 -0.33739011 -0.33739011
 -0.33739011 -0.33739011 -0.33739011 -0.33739011 -0.33739011 -0.33739011
  0.63730085 -0.33739011 -0.33739011 -0.33739011 -0.33739011 -0.33739011
 -0.33739011 -0.33739011 -0.33739011 -0.33739011 -0.33739011 -0.33739011
 -0.33739011 -0.33739011 -0.33739011  0.81733199 -0.33739011 -0.33739011
 -0.33739011  3.54542283 -0.33739011  0.95116719  0.74909549 -0.33739011
 -0.33739011 -0.33739011  0.39987738 -0.33739011  2.87698616 -0.33739011
  1.9165394   2.77152141  2.95274529  2.84959204  2.21799477  0.95366133
 -0.33739011 -0.33739011 -0.33739011 -0.33739011 -0.33739011 -0.33739011
 -0.33739011 -0.33739011 -0.33739011 -0.33739011 -0.33739011 -0.33739011
 -0.33739011 -0.33739011 -0.33739011 -0.33739011 -0.33739011 -0.33739011
 -0.33739011 -0.33739011 -0.33739011 -0.33739011 -0.33739011 -0.33739011
 -0.33739011 -0.33739011 -0.33739011 -0.33739011 -0.33739011 -0.33739011
 -0.33739011  4.13928294 -0.33739011 -0.33739011  0.25594896 -0.33739011
 -0.33739011 -0.33739011 -0.33739011 -0.33739011  1.24775388 -0.33739011
 -0.33739011 -0.33739011 -0.33739011 -0.33739011 -0.33739011 -0.33739011
 -0.33739011 -0.33739011 -0.33739011 -0.33739011 -0.33739011 -0.33739011
  0.55119083 -0.33739011 -0.33739011 -0.33739011 -0.33739011  3.5543226
 -0.33739011 -0.33739011 -0.33739011 -0.33739011 -0.33739011 -0.33739011
 -0.33739011 -0.33739011 -0.33739011 -0.33739011  0.51872424]",[0.027500036238720604]
28,"[-0.30989007 -0.30989007 -0.30989007 -0.30989007 -0.30989007 -0.30989007
 -0.30989007 -0.30989007 -0.30989007 -0.30989007 -0.30989007 -0.30989007
 -0.30989007 -0.30989007 -0.30989007 -0.30989007 -0.30989007 -0.30989007
 -0.30989007 -0.30989007 -0.30989007 -0.30989007 -0.30989007 -0.30989007
 -0.30989007 -0.30989007 -0.30989007 -0.30989007 -0.30989007 -0.30989007
 -0.30989007 -0.30989007 -0.30989007 -0.30989007 -0.30989007 -0.30989007
 -0.30989007 -0.30989007 -0.30989007 -0.30989007  5.08005614  0.74150547
 -0.30989007 -0.30989007 -0.30989007 -0.30989007 -0.30989007 -0.30989007
 -0.30989007 -0.30989007 -0.30989007 -0.30989007 -0.30989007  5.41109811
 -0.30989007  2.47227467  3.9269183  -0.30989007 -0.30989007 -0.30989007
 -0.30989007 -0.30989007 -0.30989007 -0.30989007 -0.30989007 -0.30989007
 -0.30989007 -0.30989007 -0.30989007 -0.30989007 -0.30989007 -0.30989007
 -0.1181311  -0.30989007 -0.30989007 -0.30989007 -0.30989007 -0.30989007
 -0.30989007 -0.30989007 -0.30989007 -0.30989007 -0.30989007 -0.30989007
 -0.30989007 -0.30989007 -0.30989007 -0.30989007 -0.30989007 -0.30989007
 -0.30989007  2.96994575 -0.30989007  0.15714574  1.66018659 -0.30989007
 -0.30989007 -0.30989007 -0.30989007 -0.30989007  2.58710499 -0.30989007
  2.08610449  3.12609226  2.46122317  2.72034503  2.44842449 -0.30989007
 -0.30989007 -0.30989007 -0.30989007 -0.30989007 -0.30989007 -0.30989007
 -0.30989007 -0.30989007 -0.30989007 -0.30989007 -0.30989007 -0.30989007
 -0.30989007 -0.30989007 -0.30989007 -0.30989007 -0.30989007 -0.30989007
 -0.30989007 -0.30989007 -0.30989007 -0.30989007 -0.30989007 -0.30989007
 -0.30989007 -0.30989007 -0.30989007 -0.30989007 -0.30989007 -0.30989007
 -0.30989007  4.51516109 -0.30989007 -0.30989007  1.26847564 -0.30989007
 -0.30989007 -0.30989007 -0.30989007 -0.30989007  0.3754765  -0.30989007
 -0.30989007 -0.30989007 -0.30989007 -0.30989007 -0.30989007 -0.30989007
 -0.30989007 -0.30989007 -0.30989007 -0.30989007 -0.30989007 -0.30989007
 -0.30989007 -0.30989007 -0.30989007 -0.30989007 -0.30989007  2.67901124
 -0.30989007  0.05870587 -0.30989007 -0.30989007 -0.30989007 -0.30989007
 -0.30989007 -0.30989007 -0.30989007 -0.30989007  2.33550652]",[0.020699525185440548]
29,"[-0.28919054 -0.28919054 -0.28919054 -0.28919054 -0.28919054 -0.28919054
 -0.28919054 -0.28919054 -0.28919054 -0.28919054 -0.28919054 -0.28919054
 -0.28919054 -0.28919054 -0.28919054 -0.28919054 -0.28919054 -0.28919054
 -0.28919054 -0.28919054 -0.28919054 -0.28919054 -0.28919054 -0.28919054
 -0.28919054 -0.28919054 -0.28919054 -0.28919054 -0.28919054 -0.28919054
 -0.28919054 -0.28919054 -0.28919054 -0.28919054 -0.28919054 -0.28919054
 -0.28919054 -0.28919054 -0.28919054 -0.28919054  4.14962787  0.23946924
 -0.28919054 -0.28919054 -0.28919054 -0.28919054 -0.28919054 -0.28919054
 -0.28919054 -0.28919054 -0.28919054 -0.28919054 -0.28919054  6.03333766
 -0.28919054  2.96166464  3.90385156 -0.28919054 -0.28919054 -0.28919054
 -0.28919054 -0.28919054 -0.28919054 -0.28919054 -0.28919054 -0.28919054
 -0.28919054 -0.28919054 -0.28919054 -0.28919054 -0.28919054 -0.28919054
 -0.02746308 -0.28919054 -0.28919054 -0.28919054 -0.28919054 -0.28919054
 -0.28919054 -0.28919054 -0.28919054 -0.28919054 -0.28919054 -0.28919054
 -0.28919054 -0.28919054 -0.28919054 -0.28919054 -0.28919054 -0.28919054
 -0.28919054  1.17391945 -0.28919054 -0.28919054  1.65545912 -0.28919054
 -0.28919054 -0.28919054 -0.28919054 -0.28919054  3.53839049 -0.28919054
  1.75538219  3.6236861   2.56136004  3.83657061  1.28767846 -0.28919054
 -0.28919054 -0.28919054 -0.28919054 -0.28919054 -0.28919054 -0.28919054
 -0.28919054 -0.28919054 -0.28919054 -0.28919054 -0.28919054 -0.28919054
 -0.28919054 -0.28919054 -0.28919054 -0.28919054 -0.28919054 -0.28919054
 -0.28919054 -0.28919054 -0.28919054 -0.28919054 -0.28919054 -0.28919054
 -0.28919054 -0.28919054 -0.28919054 -0.28919054 -0.28919054 -0.28919054
 -0.28919054  4.2568762  -0.28919054 -0.28919054 -0.28919054 -0.28919054
 -0.28919054 -0.28919054 -0.28919054 -0.28919054 -0.28919054 -0.28919054
 -0.28919054 -0.28919054 -0.28919054 -0.28919054 -0.28919054 -0.28919054
 -0.28919054 -0.28919054 -0.28919054 -0.28919054 -0.28919054 -0.28919054
  0.86372847 -0.28919054 -0.28919054 -0.28919054 -0.28919054  3.35439322
 -0.28919054 -0.28919054 -0.28919054 -0.28919054 -0.28919054 -0.28919054
 -0.28919054 -0.28919054 -0.28919054 -0.28919054  1.39174536]",[-0.02582618768685585]
30,"[-0.31501673 -0.31501673 -0.31501673 -0.31501673 -0.31501673 -0.31501673
 -0.31501673 -0.31501673 -0.31501673 -0.31501673 -0.31501673 -0.31501673
 -0.31501673 -0.31501673 -0.31501673 -0.31501673 -0.31501673 -0.31501673
 -0.31501673 -0.31501673 -0.31501673 -0.31501673 -0.31501673 -0.31501673
 -0.31501673 -0.31501673 -0.31501673 -0.31501673 -0.31501673 -0.31501673
 -0.31501673 -0.31501673 -0.31501673 -0.31501673 -0.31501673 -0.31501673
 -0.31501673 -0.31501673 -0.31501673 -0.31501673  5.38452932  0.69350305
 -0.31501673 -0.31501673 -0.31501673 -0.31501673 -0.31501673 -0.31501673
 -0.31501673 -0.31501673 -0.31501673 -0.31501673 -0.31501673  5.10188484
 -0.31501673  2.94229661  1.79500683 -0.31501673 -0.31501673 -0.31501673
 -0.31501673 -0.31501673 -0.31501673 -0.31501673 -0.31501673 -0.31501673
 -0.31501673 -0.31501673 -0.31501673 -0.31501673 -0.31501673 -0.31501673
 -0.31501673 -0.31501673 -0.31501673 -0.31501673 -0.31501673  1.10165435
 -0.31501673 -0.31501673 -0.31501673 -0.31501673 -0.31501673 -0.31501673
 -0.31501673 -0.31501673 -0.31501673 -0.31501673  0.97588838 -0.31501673
 -0.31501673  3.72764414 -0.31501673 -0.31501673  0.63304911 -0.03368448
 -0.31501673 -0.31501673 -0.31501673 -0.31501673  3.28790677 -0.31501673
  2.76949921  3.19107067  3.10790673  1.68440288  2.60833481  0.07860379
 -0.31501673 -0.31501673 -0.31501673 -0.31501673 -0.31501673 -0.31501673
 -0.31501673 -0.31501673 -0.31501673 -0.31501673 -0.31501673 -0.31501673
 -0.31501673 -0.31501673 -0.31501673 -0.31501673 -0.31501673 -0.31501673
 -0.31501673 -0.31501673 -0.31501673 -0.31501673 -0.31501673 -0.31501673
 -0.31501673 -0.31501673 -0.31501673 -0.31501673 -0.31501673 -0.31501673
 -0.31501673  3.77307392 -0.31501673 -0.31501673  1.01468113 -0.31501673
 -0.31501673 -0.31501673 -0.31501673 -0.31501673 -0.31501673 -0.31501673
 -0.31501673 -0.31501673 -0.31501673 -0.31501673 -0.31501673 -0.31501673
 -0.31501673 -0.31501673 -0.31501673 -0.31501673 -0.31501673 -0.31501673
  0.75998414 -0.31501673 -0.31501673 -0.31501673 -0.31501673  3.83555975
 -0.31501673 -0.31501673 -0.31501673 -0.31501673 -0.31501673 -0.31501673
 -0.31501673 -0.31501673 -0.31501673 -0.31501673  1.02483094]",[0.027591081954917274]
31,"[-0.28742565 -0.28742565 -0.28742565 -0.28742565 -0.28742565 -0.28742565
 -0.28742565 -0.28742565 -0.28742565 -0.28742565 -0.28742565 -0.28742565
 -0.28742565 -0.28742565 -0.28742565 -0.28742565 -0.28742565 -0.28742565
 -0.28742565 -0.28742565 -0.28742565 -0.28742565 -0.28742565 -0.28742565
 -0.28742565 -0.28742565 -0.28742565 -0.28742565 -0.28742565 -0.28742565
 -0.28742565 -0.28742565 -0.28742565 -0.28742565 -0.28742565 -0.28742565
 -0.28742565 -0.28742565 -0.28742565 -0.28742565  3.79994156  0.04195246
 -0.28742565 -0.28742565 -0.28742565 -0.28742565 -0.28742565 -0.28742565
 -0.28742565 -0.28742565 -0.28742565 -0.28742565 -0.28742565  5.63985727
 -0.18230586  2.71090249  4.02910364 -0.28742565 -0.28742565 -0.28742565
 -0.28742565 -0.28742565 -0.28742565 -0.28742565 -0.28742565 -0.28742565
 -0.28742565 -0.28742565 -0.28742565 -0.28742565 -0.28742565 -0.28742565
 -0.18096314 -0.28742565 -0.28742565 -0.28742565 -0.28742565 -0.28742565
 -0.28742565 -0.28742565 -0.28742565 -0.28742565 -0.28742565 -0.28742565
 -0.28742565 -0.28742565 -0.28742565 -0.28742565 -0.28742565 -0.28742565
 -0.28742565  3.52646084 -0.28742565 -0.00747058 -0.28742565 -0.28742565
 -0.28742565 -0.28742565  0.67650752 -0.28742565  3.27234407 -0.28742565
  1.09346759  3.67326684  1.93024225  3.71513778  2.3483798  -0.28742565
 -0.28742565 -0.28742565 -0.28742565 -0.28742565 -0.28742565 -0.28742565
 -0.28742565 -0.28742565 -0.28742565 -0.28742565 -0.28742565 -0.28742565
 -0.28742565 -0.28742565 -0.28742565 -0.28742565 -0.28742565 -0.28742565
 -0.28742565 -0.28742565 -0.28742565 -0.28742565 -0.28742565 -0.28742565
 -0.28742565 -0.28742565 -0.28742565 -0.28742565 -0.28742565 -0.28742565
 -0.28742565  4.35271246 -0.28742565 -0.28742565 -0.28742565 -0.28742565
 -0.28742565 -0.28742565 -0.28742565 -0.28742565 -0.28742565 -0.28742565
 -0.28742565 -0.28742565 -0.28742565 -0.28742565 -0.28742565 -0.28742565
 -0.28742565 -0.28742565 -0.28742565 -0.28742565 -0.28742565 -0.28742565
 -0.28742565 -0.28742565 -0.28742565 -0.28742565 -0.28742565  3.09914209
 -0.28742565 -0.28742565 -0.28742565 -0.28742565 -0.28742565 -0.28742565
 -0.28742565 -0.28742565 -0.28742565 -0.28742565  2.4494249 ]",[-0.008552422734740828]
32,"[-0.29597807 -0.29597807 -0.29597807 -0.29597807 -0.29597807 -0.29597807
 -0.29597807 -0.29597807 -0.29597807 -0.29597807 -0.29597807 -0.29597807
 -0.29597807 -0.29597807 -0.29597807 -0.29597807 -0.29597807 -0.29597807
 -0.29597807 -0.29597807 -0.29597807 -0.29597807 -0.29597807 -0.29597807
 -0.29597807 -0.29597807 -0.29597807 -0.29597807 -0.29597807 -0.29597807
 -0.29597807 -0.29597807 -0.29597807 -0.29597807 -0.29597807 -0.29597807
 -0.29597807 -0.29597807 -0.29597807 -0.29597807  3.78970029  0.37275462
 -0.29597807 -0.29597807 -0.29597807 -0.29597807 -0.29597807 -0.29597807
 -0.29597807 -0.29597807 -0.29597807 -0.29597807 -0.29597807  5.41150423
 -0.19433787  2.75456521  4.00244311 -0.29597807 -0.29597807 -0.29597807
 -0.29597807 -0.29597807 -0.29597807 -0.29597807 -0.29597807 -0.29597807
 -0.29597807 -0.29597807 -0.29597807 -0.29597807 -0.29597807 -0.29597807
 -0.10175899 -0.29597807 -0.29597807 -0.29597807 -0.29597807 -0.29597807
 -0.29597807 -0.29597807 -0.29597807 -0.29597807 -0.29597807 -0.29597807
 -0.29597807 -0.29597807 -0.29597807 -0.29597807 -0.29597807 -0.29597807
 -0.29597807  3.13204566 -0.29597807 -0.06822406  0.80782579 -0.29597807
 -0.29597807 -0.29597807 -0.29597807 -0.29597807  3.39169439 -0.29597807
  2.73776433  3.33073881  2.24159172  3.25022416  2.58216219 -0.29597807
 -0.29597807 -0.29597807 -0.29597807 -0.29597807 -0.29597807 -0.29597807
 -0.29597807 -0.29597807 -0.29597807 -0.29597807 -0.29597807 -0.29597807
 -0.29597807 -0.29597807 -0.29597807 -0.29597807 -0.29597807 -0.29597807
 -0.29597807 -0.29597807 -0.29597807 -0.29597807 -0.29597807 -0.29597807
 -0.29597807 -0.29597807 -0.29597807 -0.29597807 -0.29597807 -0.29597807
 -0.29597807  4.36768012 -0.29597807 -0.29597807 -0.29597807 -0.29597807
 -0.29597807 -0.29597807 -0.29597807 -0.29597807  0.7657377  -0.29597807
 -0.29597807 -0.29597807 -0.29597807 -0.29597807 -0.29597807 -0.29597807
 -0.29597807 -0.29597807 -0.29597807 -0.29597807 -0.29597807 -0.29597807
 -0.29597807 -0.29597807 -0.29597807 -0.29597807 -0.29597807  3.8381642
 -0.29597807 -0.29597807 -0.29597807 -0.29597807 -0.29597807 -0.29597807
 -0.29597807 -0.29597807 -0.29597807 -0.29597807  0.64823795]",[-0.06218861444132806]
33,"[-0.35816669 -0.35816669 -0.35816669 -0.11852099 -0.35816669 -0.35816669
 -0.35816669 -0.35816669 -0.35816669 -0.35816669 -0.35816669 -0.35816669
 -0.35816669 -0.35816669 -0.35816669 -0.35816669 -0.35816669 -0.35816669
 -0.35816669 -0.35816669 -0.35816669  1.51663709 -0.35816669 -0.35816669
 -0.35816669 -0.35816669 -0.35816669 -0.35816669  0.87433045 -0.35816669
 -0.35816669 -0.35816669 -0.35816669 -0.35816669 -0.35816669 -0.35816669
 -0.35816669 -0.35816669 -0.35816669 -0.35816669  3.94302078 -0.35816669
 -0.35816669 -0.35816669 -0.35816669 -0.35816669 -0.35816669 -0.35816669
 -0.35816669 -0.35816669 -0.35816669 -0.35816669 -0.35816669  5.6346422
  0.19169623  1.97626     4.41079961 -0.35816669 -0.35816669 -0.35816669
 -0.35816669 -0.35816669 -0.35816669 -0.35816669 -0.35816669 -0.35816669
 -0.35816669 -0.35816669 -0.35816669 -0.35816669 -0.35816669 -0.35816669
 -0.35816669 -0.35816669 -0.35816669  1.04835851 -0.35816669 -0.35816669
 -0.35816669 -0.35816669 -0.35816669 -0.35816669 -0.35816669  1.07401763
 -0.35816669 -0.35816669 -0.35816669 -0.35816669 -0.35816669 -0.35816669
 -0.35816669  1.49060235 -0.35816669  0.37297661  1.09456    -0.35816669
 -0.35816669 -0.35816669 -0.35816669 -0.35816669  2.82431557 -0.35816669
  2.83339489  3.11013871  2.26421461  2.82654096  1.74799674 -0.35816669
 -0.35816669 -0.35816669 -0.35816669 -0.35816669 -0.35816669 -0.35816669
 -0.35816669 -0.35816669 -0.35816669 -0.35816669  1.7555972  -0.35816669
 -0.35816669 -0.35816669 -0.35816669 -0.35816669 -0.35816669 -0.35816669
 -0.35816669 -0.35816669 -0.35816669 -0.35816669 -0.35816669 -0.35816669
 -0.35816669 -0.35816669 -0.35816669 -0.35816669 -0.35816669 -0.35816669
 -0.35816669  3.4028033  -0.35816669 -0.35816669 -0.35816669 -0.35816669
 -0.35816669 -0.35816669 -0.35816669 -0.35816669  2.49206448 -0.35816669
 -0.35816669 -0.35816669 -0.35816669 -0.35816669 -0.35816669 -0.35816669
 -0.35816669 -0.35816669 -0.35816669 -0.35816669 -0.35816669 -0.35816669
  2.38705017 -0.35816669 -0.35816669 -0.35816669 -0.35816669  2.28508084
  1.18057481  2.18035034 -0.35816669 -0.35816669 -0.35816669 -0.35816669
 -0.35816669 -0.35816669 -0.35816669 -0.35816669 -0.35816669]",[0.07401780326745472]
34,"[-0.28414888 -0.28414888 -0.28414888 -0.09510707 -0.28414888 -0.28414888
 -0.28414888 -0.28414888 -0.28414888 -0.28414888 -0.28414888 -0.28414888
 -0.28414888 -0.28414888 -0.28414888 -0.28414888 -0.28414888 -0.28414888
 -0.28414888 -0.28414888 -0.28414888 -0.28414888 -0.28414888 -0.28414888
 -0.28414888 -0.28414888 -0.28414888 -0.28414888 -0.28414888 -0.28414888
 -0.28414888 -0.28414888 -0.28414888 -0.28414888 -0.28414888 -0.28414888
 -0.28414888 -0.28414888 -0.28414888 -0.28414888  4.35938403  0.04894397
 -0.28414888 -0.28414888 -0.28414888 -0.28414888 -0.28414888 -0.28414888
 -0.28414888 -0.28414888 -0.28414888 -0.28414888 -0.28414888  6.12960616
 -0.28414888  1.91932071  3.53036116 -0.28414888 -0.28414888 -0.28414888
 -0.28414888 -0.28414888 -0.28414888 -0.28414888 -0.28414888 -0.28414888
 -0.28414888 -0.28414888 -0.28414888 -0.28414888 -0.28414888 -0.28414888
  0.18735291 -0.28414888 -0.28414888 -0.28414888 -0.28414888 -0.28414888
 -0.28414888 -0.28414888 -0.28414888 -0.28414888 -0.28414888 -0.28414888
 -0.28414888 -0.28414888 -0.28414888 -0.28414888 -0.28414888 -0.28414888
 -0.28414888 -0.28414888 -0.28414888 -0.14362383 -0.28414888 -0.28414888
 -0.28414888 -0.28414888 -0.28414888 -0.28414888  2.70452684 -0.28414888
  1.17220226  3.67564609  1.78317398  3.84531461  3.42824692 -0.28414888
  0.99860223 -0.28414888 -0.28414888 -0.28414888 -0.28414888 -0.28414888
 -0.28414888 -0.28414888 -0.28414888 -0.28414888 -0.28414888 -0.28414888
 -0.28414888 -0.28414888 -0.28414888 -0.28414888 -0.28414888 -0.28414888
 -0.28414888 -0.28414888 -0.28414888 -0.28414888 -0.28414888 -0.28414888
 -0.28414888 -0.28414888 -0.28414888  1.43500382 -0.28414888 -0.28414888
 -0.28414888  3.48148513 -0.28414888 -0.28414888 -0.28414888 -0.28414888
 -0.28414888 -0.28414888 -0.28414888 -0.28414888 -0.28414888 -0.28414888
 -0.28414888 -0.28414888 -0.28414888 -0.28414888 -0.28414888 -0.28414888
 -0.28414888 -0.28414888 -0.28414888 -0.28414888 -0.28414888 -0.28414888
  4.86059982 -0.28414888 -0.28414888 -0.28414888 -0.28414888  1.60892506
 -0.28414888  0.24970772 -0.28414888 -0.28414888 -0.28414888 -0.28414888
 -0.28414888 -0.28414888 -0.28414888 -0.28414888 -0.28414888]",[0.003729512078316566]
35,"[-0.28041937 -0.28041937 -0.28041937  0.40898501 -0.28041937 -0.28041937
 -0.28041937 -0.28041937 -0.28041937 -0.28041937 -0.28041937 -0.28041937
 -0.28041937 -0.28041937 -0.28041937 -0.28041937 -0.28041937 -0.28041937
 -0.28041937 -0.28041937 -0.28041937 -0.28041937 -0.28041937 -0.28041937
 -0.28041937 -0.28041937 -0.28041937 -0.28041937 -0.28041937 -0.28041937
 -0.28041937 -0.28041937 -0.28041937 -0.28041937 -0.28041937 -0.28041937
 -0.28041937 -0.28041937 -0.28041937 -0.28041937  4.74850829  0.83975059
 -0.28041937 -0.28041937 -0.28041937 -0.28041937 -0.28041937 -0.28041937
 -0.28041937 -0.28041937 -0.28041937 -0.28041937 -0.28041937  6.00514694
 -0.28041937 -0.10767023  4.01493438 -0.28041937 -0.28041937 -0.28041937
 -0.28041937 -0.28041937 -0.28041937 -0.28041937 -0.28041937 -0.28041937
 -0.28041937 -0.28041937 -0.28041937 -0.28041937 -0.28041937 -0.28041937
 -0.28041937 -0.28041937 -0.28041937 -0.28041937 -0.28041937 -0.28041937
 -0.28041937 -0.28041937 -0.28041937 -0.28041937 -0.28041937 -0.28041937
 -0.28041937 -0.28041937 -0.28041937 -0.28041937 -0.28041937 -0.28041937
 -0.28041937  0.95943451 -0.28041937  0.56892199 -0.28041937 -0.28041937
 -0.28041937 -0.28041937 -0.28041937 -0.28041937  2.87355379 -0.28041937
 -0.28041937  3.9557312   1.97835686  3.44378808  3.46844644 -0.28041937
 -0.28041937 -0.28041937 -0.28041937 -0.28041937 -0.28041937 -0.28041937
 -0.28041937 -0.28041937 -0.28041937 -0.28041937 -0.28041937 -0.28041937
 -0.28041937  0.94650545 -0.28041937 -0.28041937 -0.28041937 -0.28041937
 -0.28041937 -0.28041937 -0.28041937 -0.28041937 -0.28041937 -0.28041937
 -0.28041937 -0.28041937 -0.28041937 -0.28041937 -0.28041937 -0.28041937
 -0.28041937  3.37358649 -0.28041937 -0.28041937 -0.28041937 -0.28041937
 -0.28041937 -0.28041937 -0.28041937 -0.28041937 -0.28041937 -0.28041937
 -0.28041937 -0.28041937 -0.28041937 -0.28041937 -0.28041937 -0.28041937
 -0.28041937 -0.28041937 -0.28041937 -0.28041937 -0.28041937 -0.28041937
  4.51688695 -0.28041937 -0.28041937 -0.28041937 -0.28041937  1.82538988
 -0.28041937 -0.28041937  1.32726223 -0.28041937 -0.28041937 -0.28041937
 -0.28041937 -0.28041937 -0.28041937 -0.28041937 -0.28041937]",[-0.09623849587397659]
