Time Point,X,y
0,"[-0.15955315 -0.15955315 -0.15955315 -0.15955315 -0.15955315 -0.15955315
 -0.15955315 -0.15955315 -0.15955315 -0.15955315 -0.15955315 -0.15955315
 -0.15955315 -0.15955315 -0.15955315 -0.15955315 -0.15955315 -0.15955315
 -0.15955315 -0.15955315 -0.15955315  2.03434644 -0.15955315 -0.15955315
 -0.15955315 -0.15955315 -0.15955315 -0.15955315 -0.15955315 -0.15955315
 -0.15955315 -0.15955315 -0.15955315 -0.15955315 -0.15955315 -0.15955315
 -0.15955315 -0.15955315 -0.15955315 -0.15955315 -0.15955315 -0.15955315
 -0.15955315 -0.15955315 -0.15955315 -0.15955315 -0.15955315 -0.15955315
 -0.15955315 -0.15955315 -0.15955315 -0.15955315 -0.15955315 -0.15955315
 -0.15955315 -0.15955315 -0.15955315 -0.15955315 -0.15955315 -0.15955315
 -0.15955315 -0.15955315 -0.15955315 -0.15955315 -0.15955315 -0.15955315
 -0.15955315 -0.15955315 -0.15955315 -0.15955315 -0.15955315 -0.15955315
 -0.15955315 -0.15955315 -0.15955315 -0.15955315 -0.15955315 -0.15955315
 -0.15955315 -0.15955315 -0.15955315 -0.15955315 -0.15955315 10.68266346
 -0.15955315 -0.15955315 -0.15955315 -0.15955315 -0.15955315 -0.15955315
 -0.15955315 -0.15955315 -0.15955315 -0.15955315 -0.15955315 -0.15955315
 -0.15955315 -0.15955315 -0.15955315 -0.15955315 -0.15955315 -0.15955315
 -0.15955315 -0.15955315 -0.15955315 -0.15955315 -0.15955315 -0.15955315
 -0.15955315 -0.15955315  8.68300436 -0.15955315 -0.15955315 -0.15955315
 -0.15955315 -0.15955315  7.68632317 -0.15955315 -0.15955315 -0.15955315
 -0.15955315 -0.15955315 -0.15955315 -0.15955315 -0.15955315 -0.15955315
 -0.15955315 -0.15955315 -0.15955315 -0.15955315 -0.15955315 -0.15955315
 -0.15955315 -0.15955315 -0.15955315 -0.15955315 -0.15955315 -0.15955315
 -0.15955315 -0.15955315 -0.15955315 -0.15955315 -0.15955315 -0.15955315
 -0.15955315 -0.15955315 -0.15955315 -0.15955315 -0.15955315 -0.15955315
 -0.15955315 -0.15955315 -0.15955315 -0.15955315 -0.15955315 -0.15955315
 -0.15955315 -0.15955315 -0.15955315 -0.15955315 -0.15955315 -0.15955315
 -0.15955315 -0.15955315 -0.15955315 -0.15955315 -0.15955315 -0.15955315
 -0.15955315 -0.15955315 -0.15955315 -0.15955315 -0.15955315 -0.15955315
 -0.15955315 -0.15955315 -0.15955315 -0.15955315 -0.15955315 -0.15955315
 -0.15955315 -0.15955315 -0.15955315 -0.15955315 -0.15955315 -0.15955315
 -0.15955315 -0.15955315 -0.15955315 -0.15955315 -0.15955315 -0.15955315
 -0.15955315 -0.15955315 -0.15955315 -0.15955315 -0.15955315 -0.15955315
 -0.15955315 -0.15955315  3.79567714 -0.15955315 -0.15955315  4.51526529
 -0.15955315 -0.15955315 -0.15955315 -0.15955315 -0.15955315 -0.15955315
 -0.15955315 -0.15955315 -0.15955315 -0.15955315 -0.15955315  1.01647361
 -0.15955315 -0.15955315 -0.15955315 -0.15955315 -0.15955315 -0.15955315
 -0.15955315 -0.15955315 -0.15955315 -0.15955315 -0.15955315 -0.15955315
 -0.15955315 -0.15955315 -0.15955315  3.86297092 -0.15955315 -0.15955315
 -0.15955315  0.3981487  -0.15955315 -0.15955315 -0.15955315 -0.15955315
  5.10431092 -0.15955315 -0.15955315 -0.15955315 -0.15955315 -0.15955315
 -0.15955315 -0.15955315 -0.15955315 -0.15955315 -0.15955315 -0.15955315
 -0.15955315 -0.15955315 -0.15955315 -0.15955315 -0.15955315 -0.15955315
 -0.15955315 -0.15955315 -0.15955315 -0.15955315 -0.15955315  0.10768495
 -0.15955315 -0.15955315 -0.15955315 -0.15955315 -0.15955315 -0.15955315
 -0.15955315 -0.15955315 -0.15955315 -0.15955315 -0.15955315 -0.15955315
 -0.15955315 -0.15955315 -0.15955315 -0.15955315 -0.15955315 -0.15955315
 -0.15955315 -0.15955315 -0.15955315 -0.15955315 -0.15955315 -0.15955315
 -0.15955315 -0.15955315 -0.15955315 -0.15955315 -0.15955315 -0.15955315
 -0.15955315 -0.15955315  6.15387014 -0.15955315 -0.15955315 -0.15955315
 -0.15955315 -0.15955315 -0.15955315 -0.15955315 -0.15955315 -0.15955315
 -0.15955315 -0.15955315  4.26179441 -0.15955315 -0.15955315  4.07209503
 -0.15955315 -0.15955315 -0.15955315 -0.15955315 -0.15955315 -0.15955315
 -0.15955315 -0.15955315 -0.15955315 -0.15955315 -0.15955315 -0.15955315
 -0.15955315 -0.15955315 -0.15955315 -0.15955315 -0.15955315 -0.15955315
 -0.15955315 -0.15955315 -0.15955315 -0.15955315 -0.15955315 -0.15955315
 -0.15955315 -0.15955315 -0.15955315 -0.15955315 -0.15955315 -0.15955315
 -0.15955315 -0.15955315 -0.15955315 -0.15955315 -0.15955315 -0.15955315
 -0.15955315 -0.15955315 -0.15955315 -0.15955315 -0.15955315 -0.15955315
 -0.15955315 -0.15955315 -0.15955315 -0.15955315 -0.15955315 -0.15955315
 -0.15955315 -0.15955315 -0.15955315 -0.15955315 -0.15955315 -0.15955315
 -0.15955315 -0.15955315 -0.15955315 -0.15955315 -0.15955315 -0.15955315
 -0.15955315 -0.15955315 -0.15955315 -0.15955315 -0.15955315 -0.15955315
 -0.15955315 -0.15955315 -0.15955315 -0.15955315 -0.15955315 -0.15955315
 -0.15955315 -0.15955315 -0.15955315 -0.15955315 -0.15955315 -0.15955315
 -0.15955315 -0.15955315 -0.15955315 -0.15955315 -0.15955315 -0.15955315
 -0.15955315 -0.15955315 -0.15955315 -0.15955315 -0.15955315 -0.15955315
 -0.15955315 -0.15955315 -0.15955315 -0.15955315 -0.15955315 -0.15955315
 -0.15955315 -0.15955315 -0.15955315 -0.15955315 -0.15955315 -0.15955315
 -0.15955315 -0.15955315 -0.15955315 -0.15955315 -0.15955315 -0.15955315
 -0.15955315 -0.15955315 -0.15955315 -0.15955315 -0.15955315 -0.15955315
 -0.15955315 -0.15955315 -0.15955315 -0.15955315 -0.15955315 -0.15955315
 -0.15955315 -0.15955315 -0.15955315 -0.15955315 -0.15955315 -0.15955315
 -0.15955315 -0.15955315 -0.15955315 -0.15955315 -0.15955315 -0.15955315
  5.58471465 -0.15955315 -0.15955315 -0.15955315 -0.15955315 -0.15955315
  3.51409033 -0.15955315 -0.15955315 -0.15955315 -0.15955315 -0.15955315
 -0.15955315 -0.15955315 -0.15955315 -0.15955315 -0.15955315 -0.15955315
 -0.15955315 -0.15955315  7.78886846 -0.15955315 -0.15955315 -0.15955315
 -0.15955315 -0.15955315 -0.15955315 -0.15955315 -0.15955315 -0.15955315
 -0.15955315 -0.15955315 -0.15955315 -0.15955315 -0.15955315 -0.15955315
 -0.15955315 -0.15955315 -0.15955315 -0.15955315 -0.15955315 -0.15955315
 -0.15955315 -0.15955315 -0.15955315 -0.15955315 -0.15955315 -0.15955315
 -0.15955315 -0.15955315 -0.15955315 -0.15955315 -0.15955315  0.83338117
 -0.15955315 -0.15955315 -0.15955315 -0.15955315 -0.15955315 -0.15955315
 -0.15955315 -0.15955315 -0.15955315 -0.15955315 -0.15955315 -0.15955315
 -0.15955315 -0.15955315 -0.15955315 -0.15955315 -0.15955315 -0.15955315
 -0.15955315 -0.15955315 -0.15955315 -0.15955315]",[-0.015386793276450095]
0,"[-0.16332174 -0.16332174 -0.16332174 -0.16332174 -0.09609163 -0.16332174
 -0.16332174 -0.16332174 -0.16332174 -0.16332174 -0.16332174 -0.16332174
 -0.16332174 -0.16332174 -0.16332174 -0.16332174 -0.16332174 -0.16332174
 -0.16332174 -0.16332174 -0.16332174 -0.16332174 -0.16332174 -0.16332174
 -0.16332174 -0.16332174 -0.16332174 -0.16332174 -0.16332174 -0.16332174
 -0.16332174 -0.16332174 -0.16332174 -0.16332174 -0.16332174 -0.16332174
 -0.16332174 -0.16332174 -0.16332174 -0.16332174 -0.16332174 -0.16332174
 -0.16332174 -0.16332174 -0.16332174 -0.16332174 -0.16332174 -0.16332174
 -0.16332174 -0.16332174 -0.16332174 -0.16332174 -0.16332174 -0.16332174
 -0.16332174 -0.16332174 -0.16332174 -0.16332174 -0.16332174 -0.16332174
 -0.16332174 -0.16332174 -0.16332174 -0.16332174 -0.16332174 -0.16332174
 -0.16332174 -0.16332174 -0.16332174 -0.16332174 -0.16332174 -0.16332174
 -0.16332174 -0.16332174 -0.16332174 -0.16332174 -0.16332174 -0.16332174
 -0.16332174 -0.16332174 -0.16332174 -0.16332174 -0.16332174  9.70497367
 -0.16332174 -0.16332174 -0.16332174 -0.16332174 -0.16332174 -0.16332174
 -0.16332174 -0.16332174 -0.16332174 -0.16332174 -0.16332174 -0.16332174
 -0.16332174 -0.16332174 -0.16332174 -0.16332174 -0.16332174 -0.16332174
 -0.16332174 -0.16332174 -0.16332174 -0.16332174 -0.16332174 -0.16332174
 -0.16332174 -0.16332174  0.72284897 -0.16332174 -0.16332174 -0.16332174
 -0.16332174 -0.16332174 -0.16332174 -0.16332174 -0.16332174 -0.16332174
 -0.16332174 -0.16332174 -0.16332174 -0.16332174  2.23584208 -0.16332174
 -0.16332174 -0.16332174 -0.16332174 -0.16332174 -0.16332174 -0.16332174
 -0.16332174 -0.16332174 -0.16332174 -0.16332174 -0.16332174 -0.16332174
 -0.16332174 -0.16332174 -0.16332174 -0.16332174 -0.16332174 -0.16332174
 -0.16332174 -0.16332174 -0.16332174 -0.16332174 -0.16332174 -0.16332174
 -0.16332174 -0.16332174 -0.16332174 -0.16332174 -0.16332174 -0.16332174
 -0.16332174 -0.16332174 -0.16332174 -0.16332174 -0.16332174 -0.16332174
 -0.16332174 -0.16332174 -0.16332174 -0.16332174 -0.16332174 -0.16332174
 -0.16332174 -0.16332174 -0.16332174 -0.16332174 -0.16332174  1.55760826
 -0.16332174 -0.16332174 -0.16332174 -0.16332174 -0.16332174 -0.16332174
 -0.16332174 -0.16332174 -0.16332174 -0.16332174 -0.16332174 -0.16332174
 -0.16332174 -0.16332174 -0.16332174 -0.16332174 -0.16332174 -0.16332174
 -0.16332174 -0.16332174 -0.16332174 -0.16332174 -0.16332174 -0.16332174
 -0.16332174 -0.16332174  1.51528608 -0.16332174 -0.16332174 -0.16332174
 -0.16332174 -0.16332174 -0.16332174 -0.16332174 -0.16332174  1.70831494
 -0.16332174 -0.16332174 -0.16332174 -0.16332174 -0.16332174  5.04940862
 -0.16332174 -0.16332174 -0.16332174 -0.16332174 -0.16332174 -0.16332174
 -0.16332174 -0.16332174 -0.16332174 -0.16332174 -0.16332174 -0.16332174
 -0.16332174 -0.16332174 -0.16332174 -0.16332174 -0.16332174 -0.16332174
 -0.16332174  5.60078755 -0.16332174 -0.16332174  5.92062128 -0.16332174
  3.1559342  -0.16332174 -0.16332174 -0.16332174 -0.16332174 -0.16332174
 -0.16332174 -0.16332174 -0.16332174 -0.16332174 -0.16332174 -0.16332174
 -0.16332174 -0.16332174 -0.16332174 -0.16332174 -0.16332174 -0.16332174
 -0.16332174 -0.16332174 -0.16332174  3.14538625 -0.16332174 -0.16332174
 -0.16332174 -0.16332174 -0.16332174 -0.16332174 -0.16332174 -0.16332174
 -0.16332174 -0.16332174 -0.16332174 -0.16332174 -0.16332174 -0.16332174
 -0.16332174 -0.16332174 -0.16332174 -0.16332174 -0.16332174 -0.16332174
 -0.16332174 -0.16332174 -0.16332174 -0.16332174 -0.16332174 10.15837955
 -0.16332174 -0.16332174 -0.16332174 -0.16332174 -0.16332174 -0.16332174
 -0.16332174 -0.16332174 -0.16332174 -0.16332174 -0.16332174 -0.16332174
 -0.16332174 -0.16332174 -0.16332174 -0.16332174 -0.16332174 -0.16332174
  3.75554985 -0.16332174 -0.16332174 -0.16332174 -0.16332174  5.93025481
 -0.16332174  0.40087181 -0.16332174 -0.16332174 -0.16332174 -0.16332174
 -0.16332174 -0.16332174 -0.16332174 -0.16332174 -0.16332174 -0.16332174
 -0.16332174 -0.16332174 -0.16332174 -0.16332174 -0.16332174 -0.16332174
 -0.16332174 -0.16332174 -0.16332174 -0.16332174 -0.16332174 -0.16332174
 -0.16332174 -0.16332174 -0.16332174 -0.16332174 -0.16332174 -0.16332174
 -0.16332174 -0.16332174 -0.16332174 -0.16332174 -0.16332174 -0.16332174
 -0.16332174 -0.16332174 -0.16332174 -0.16332174 -0.16332174 -0.16332174
 -0.16332174 -0.16332174 -0.16332174 -0.16332174 -0.16332174 -0.16332174
 -0.16332174 -0.16332174 -0.16332174 -0.16332174 -0.16332174 -0.16332174
 -0.16332174 -0.16332174 -0.16332174 -0.16332174 -0.16332174 -0.16332174
 -0.16332174 -0.16332174 -0.16332174 -0.16332174 -0.16332174 -0.16332174
 -0.16332174 -0.16332174 -0.16332174 -0.16332174 -0.16332174 -0.16332174
 -0.16332174 -0.16332174 -0.16332174 -0.16332174 -0.16332174 -0.16332174
 -0.16332174 -0.16332174 -0.16332174 -0.16332174 -0.16332174 -0.16332174
 -0.16332174 -0.16332174 -0.16332174 -0.16332174 -0.16332174 -0.16332174
 -0.16332174 -0.16332174 -0.16332174 -0.16332174 -0.16332174 -0.16332174
 -0.16332174 -0.16332174 -0.16332174 -0.16332174 -0.16332174 -0.16332174
 -0.16332174 -0.16332174 -0.16332174 -0.16332174 -0.16332174 -0.16332174
 -0.16332174 -0.16332174 -0.16332174 -0.16332174 -0.16332174 -0.16332174
 -0.16332174 -0.16332174 -0.16332174 -0.16332174 -0.16332174 -0.16332174
 -0.16332174 -0.16332174 -0.16332174 -0.16332174 -0.16332174 -0.16332174
 -0.16332174 -0.16332174 -0.16332174 -0.16332174 -0.16332174 -0.16332174
 -0.16332174 -0.16332174 -0.16332174 -0.16332174 -0.16332174 -0.16332174
  0.55086106 -0.16332174 -0.16332174 -0.16332174 -0.16332174 -0.16332174
 -0.16332174 -0.16332174 -0.16332174 -0.16332174 -0.16332174 -0.16332174
 -0.16332174 -0.16332174  6.52105254 -0.16332174 -0.16332174 -0.16332174
  7.72224647 -0.16332174 -0.16332174 -0.16332174 -0.16332174 -0.16332174
 -0.16332174 -0.16332174 -0.16332174 -0.16332174 -0.16332174 -0.16332174
 -0.16332174 -0.16332174 -0.16332174 -0.16332174 -0.16332174 -0.16332174
 -0.16332174  5.67023566 -0.16332174 -0.16332174 -0.16332174 -0.16332174
 -0.16332174 -0.16332174 -0.16332174 -0.16332174 -0.16332174  0.5671756
 -0.16332174 -0.16332174 -0.16332174 -0.16332174 -0.16332174 -0.16332174
 -0.16332174 -0.16332174 -0.16332174 -0.16332174 -0.16332174 -0.16332174
 -0.16332174 -0.16332174 -0.16332174 -0.16332174 -0.16332174 -0.16332174
 -0.16332174 -0.16332174 -0.16332174 -0.16332174]",[-0.10734368187986987]
0,"[-0.16319628 -0.16319628 -0.16319628 -0.16319628 -0.16319628 -0.16319628
 -0.16319628 -0.16319628 -0.16319628 -0.16319628 -0.16319628 -0.16319628
 -0.16319628 -0.16319628 -0.16319628 -0.16319628 -0.16319628 -0.16319628
 -0.16319628 -0.16319628 -0.16319628 -0.16319628 -0.16319628 -0.16319628
 -0.16319628 -0.16319628 -0.16319628 -0.16319628 -0.16319628 -0.16319628
 -0.16319628 -0.16319628 -0.16319628 -0.16319628 -0.16319628 -0.16319628
 -0.16319628 -0.16319628 -0.16319628 -0.16319628 -0.16319628 -0.16319628
 -0.16319628 -0.16319628 -0.16319628 -0.16319628 -0.16319628 -0.16319628
 -0.16319628 -0.16319628 -0.16319628 -0.16319628 -0.16319628 -0.16319628
 -0.16319628 -0.16319628 -0.16319628 -0.16319628 -0.16319628 -0.16319628
 -0.16319628 -0.16319628 -0.16319628 -0.16319628 -0.16319628 -0.16319628
 -0.16319628 -0.16319628 -0.16319628 -0.16319628 -0.16319628 -0.16319628
 -0.16319628 -0.16319628 -0.16319628 -0.16319628 -0.16319628 -0.16319628
 -0.16319628 -0.16319628 -0.16319628 -0.16319628 -0.16319628  2.41553646
 -0.16319628 -0.16319628 -0.16319628 -0.16319628 -0.16319628 -0.16319628
 -0.16319628 -0.16319628 -0.16319628 -0.16319628 -0.16319628 -0.16319628
 -0.16319628 -0.16319628 -0.16319628 -0.16319628 -0.16319628 -0.16319628
 -0.16319628 -0.16319628 -0.16319628 -0.16319628 -0.16319628 -0.16319628
 -0.16319628 -0.16319628  0.45037626 -0.16319628 -0.16319628 -0.16319628
 -0.16319628 -0.16319628 -0.16319628 -0.16319628 -0.16319628 -0.16319628
 -0.16319628 -0.16319628 -0.16319628 -0.16319628  0.77330567 -0.16319628
 -0.16319628 -0.16319628 -0.16319628 -0.16319628 -0.16319628 -0.16319628
 -0.16319628 -0.16319628 -0.16319628 -0.16319628 -0.16319628 -0.16319628
 -0.16319628 -0.16319628 -0.16319628 -0.16319628 -0.16319628 -0.16319628
 -0.16319628 -0.16319628 -0.16319628 -0.16319628 -0.16319628 -0.16319628
 -0.16319628 -0.16319628 -0.16319628 -0.16319628 -0.16319628 -0.16319628
 -0.16319628 -0.16319628 -0.16319628 -0.16319628 -0.16319628 -0.16319628
 -0.16319628 -0.16319628 -0.16319628 -0.16319628 -0.16319628 -0.16319628
 -0.16319628 -0.16319628 -0.16319628 -0.16319628 -0.16319628 -0.16319628
 -0.16319628 -0.16319628 -0.16319628 -0.16319628 -0.16319628 -0.16319628
 -0.16319628 -0.16319628 -0.16319628 -0.16319628 -0.16319628 -0.16319628
  3.65256955 -0.16319628 -0.16319628 -0.16319628 -0.16319628 -0.16319628
 -0.16319628 -0.16319628 -0.16319628 -0.16319628 -0.16319628 -0.16319628
 -0.16319628 -0.16319628  2.60694223 -0.16319628 -0.16319628  2.55889849
 -0.16319628 -0.16319628 -0.16319628 -0.16319628 -0.16319628 -0.16319628
  4.66997573 -0.16319628 -0.16319628 -0.16319628 -0.16319628  7.67191379
 -0.16319628 -0.16319628 -0.16319628 -0.16319628 -0.16319628 -0.16319628
 -0.16319628 -0.16319628 -0.16319628 -0.16319628 -0.16319628 -0.16319628
 -0.16319628 -0.16319628 -0.16319628 -0.16319628 -0.16319628 -0.16319628
 -0.16319628  3.42656664 -0.16319628  2.22748636 -0.16319628 -0.16319628
  4.26125516  0.69421866 -0.16319628 -0.16319628 -0.16319628 -0.16319628
 -0.16319628 -0.16319628 -0.16319628 -0.16319628 -0.16319628 -0.16319628
 -0.16319628 -0.16319628 -0.16319628 -0.16319628 -0.16319628 -0.16319628
 -0.16319628 -0.16319628 -0.16319628  2.19973217 -0.16319628  0.07151689
 -0.16319628 -0.16319628 -0.16319628 -0.16319628 -0.16319628 -0.16319628
 -0.16319628 -0.16319628 -0.16319628 -0.16319628 -0.16319628 -0.16319628
 -0.16319628 -0.16319628 -0.16319628 -0.16319628 -0.16319628 -0.16319628
 -0.16319628 -0.16319628 -0.16319628 -0.16319628 -0.16319628 -0.16319628
 -0.16319628 -0.16319628 -0.16319628 -0.16319628 -0.16319628 -0.16319628
 -0.16319628 -0.16319628 -0.16319628 -0.16319628 -0.16319628 -0.16319628
 -0.16319628 -0.16319628 -0.16319628 -0.16319628 -0.16319628 -0.16319628
 -0.16319628 -0.16319628 -0.16319628 -0.16319628 -0.16319628  2.60087899
 -0.16319628 -0.16319628 -0.16319628 -0.16319628 -0.16319628 -0.16319628
 -0.16319628 -0.16319628 -0.16319628 -0.16319628 -0.16319628 -0.16319628
 -0.16319628 -0.16319628 -0.16319628 -0.16319628 -0.16319628 -0.16319628
 -0.16319628 -0.16319628 -0.16319628 -0.16319628 -0.16319628 -0.16319628
 -0.16319628 -0.16319628 -0.16319628 -0.16319628 -0.16319628 -0.16319628
 -0.16319628 -0.16319628 -0.16319628 -0.16319628 -0.16319628 -0.16319628
 -0.16319628 -0.16319628 -0.16319628 -0.16319628 -0.16319628 -0.16319628
 -0.16319628 -0.16319628 -0.16319628 -0.16319628 -0.16319628 -0.16319628
 -0.16319628 -0.16319628 -0.16319628 -0.16319628 -0.16319628 -0.16319628
 -0.16319628 -0.16319628 -0.16319628 -0.16319628 -0.16319628 -0.16319628
 -0.16319628 -0.16319628 -0.16319628 -0.16319628 -0.16319628 -0.16319628
 -0.16319628 -0.16319628 -0.16319628 -0.16319628 -0.16319628 -0.16319628
 -0.16319628 -0.16319628 -0.16319628 -0.16319628 -0.16319628 -0.16319628
 -0.16319628 -0.16319628 -0.16319628 -0.16319628 -0.16319628 -0.16319628
 -0.16319628 -0.16319628 -0.16319628 -0.16319628 -0.16319628 -0.16319628
 -0.16319628 -0.16319628 -0.16319628 -0.16319628 -0.16319628 -0.16319628
 -0.16319628 -0.16319628 -0.16319628 -0.16319628 -0.16319628 -0.16319628
 -0.16319628 -0.16319628 -0.16319628 -0.16319628 -0.16319628 -0.16319628
 -0.16319628 -0.16319628 -0.16319628 -0.16319628 -0.16319628 -0.16319628
 -0.16319628 -0.16319628 -0.16319628 -0.16319628 -0.16319628 -0.16319628
 -0.16319628 -0.16319628 -0.16319628 -0.16319628 -0.16319628 -0.16319628
 -0.16319628 -0.16319628 -0.16319628 -0.16319628 -0.16319628 -0.16319628
 -0.16319628 -0.16319628 -0.16319628 -0.16319628 -0.16319628 -0.16319628
 -0.16319628 -0.16319628 -0.16319628 -0.16319628 -0.16319628 -0.16319628
 -0.16319628 -0.16319628 -0.16319628 -0.16319628 -0.16319628 -0.16319628
 -0.16319628 -0.16319628  5.82508539 -0.16319628 10.57643118 -0.16319628
  8.52674582 -0.16319628 -0.16319628 -0.16319628 -0.16319628 -0.16319628
 10.79913258 -0.16319628 -0.16319628 -0.16319628 -0.16319628 -0.16319628
 -0.16319628 -0.16319628 -0.16319628 -0.16319628 -0.16319628 -0.16319628
 -0.16319628 -0.16319628 -0.16319628 -0.16319628 -0.16319628  1.3481303
 -0.16319628 -0.16319628 -0.16319628 -0.16319628 -0.16319628  1.18404391
 -0.16319628 -0.16319628 -0.16319628 -0.16319628 -0.16319628 -0.16319628
 -0.16319628 -0.16319628 -0.16319628 -0.16319628 -0.16319628 -0.16319628
 -0.16319628 -0.16319628 -0.16319628 -0.16319628 -0.16319628 -0.16319628
 -0.16319628 -0.16319628  2.73100712 -0.16319628]",[0.03316949363921173]
0,"[-0.22702053 -0.22702053 -0.22702053 -0.22702053 -0.22702053 -0.22702053
 -0.22702053 -0.22702053 -0.22702053 -0.22702053 -0.22702053 -0.22702053
 -0.22702053 -0.22702053 -0.22702053 -0.22702053 -0.22702053 -0.22702053
  0.40559163 -0.22702053 -0.22702053 -0.22702053 -0.22702053 -0.22702053
 -0.22702053 -0.22702053 -0.22702053 -0.22702053 -0.22702053 -0.22702053
 -0.22702053 -0.22702053 -0.22702053 -0.22702053 -0.22702053 -0.22702053
 -0.22702053 -0.22702053 -0.22702053 -0.22702053 -0.22702053 -0.22702053
 -0.22702053 -0.22702053 -0.22702053 -0.22702053 -0.22702053 -0.22702053
 -0.22702053 -0.22702053 -0.22702053 -0.22702053 -0.22702053 -0.22702053
 -0.22702053 -0.22702053 -0.22702053 -0.22702053 -0.22702053 -0.22702053
 -0.22702053 -0.22702053 -0.22702053 -0.22702053 -0.22702053 -0.22702053
 -0.22702053 -0.22702053 -0.22702053 -0.22702053 -0.22702053 -0.22702053
 -0.22702053 -0.22702053 -0.22702053 -0.22702053 -0.22702053 -0.22702053
 -0.22702053 -0.22702053 -0.22702053 -0.22702053 -0.22702053  7.76298403
 -0.22702053 -0.22702053 -0.22702053 -0.22702053 -0.22702053 -0.22702053
 -0.22702053 -0.22702053  3.08638238 -0.22702053 -0.22702053 -0.22702053
 -0.22702053 -0.22702053 -0.22702053 -0.22702053 -0.22702053 -0.22702053
 -0.22702053 -0.22702053 -0.22702053 -0.22702053 -0.22702053 -0.22702053
 -0.22702053 -0.22702053  6.33032842 -0.22702053 -0.22702053 -0.22702053
  3.72348538 -0.22702053 -0.22702053 -0.22702053 -0.22702053 -0.22702053
 -0.22702053 -0.22702053 -0.22702053 -0.22702053  5.1411515  -0.22702053
 -0.22702053 -0.22702053 -0.22702053 -0.22702053 -0.22702053 -0.22702053
 -0.22702053 -0.22702053 -0.22702053 -0.22702053 -0.22702053 -0.22702053
 -0.22702053 -0.22702053 -0.22702053 -0.22702053 -0.22702053 -0.22702053
 -0.22702053 -0.22702053 -0.22702053 -0.22702053 -0.22702053 -0.22702053
 -0.22702053 -0.22702053 -0.22702053 -0.22702053 -0.22702053 -0.22702053
 -0.22702053 -0.22702053 -0.22702053 -0.22702053 -0.22702053 -0.22702053
 -0.22702053 -0.22702053 -0.22702053 -0.22702053 -0.22702053 -0.22702053
 -0.22702053 -0.22702053 -0.22702053 -0.22702053 -0.22702053 -0.22702053
 -0.22702053 -0.22702053 -0.22702053 -0.22702053 -0.22702053 -0.22702053
 -0.22702053 -0.22702053 -0.22702053 -0.22702053 -0.22702053 -0.22702053
 -0.22702053 -0.22702053 -0.22702053 -0.22702053 -0.22702053 -0.22702053
 -0.22702053 -0.22702053  2.31925843 -0.22702053 -0.22702053 -0.22702053
 -0.22702053 -0.22702053 -0.22702053 -0.22702053 -0.22702053 -0.22702053
 -0.22702053 -0.22702053 -0.22702053 -0.22702053 -0.22702053 -0.22702053
  0.99859004 -0.22702053  1.41332901 -0.22702053 -0.22702053  0.92851289
 -0.22702053 -0.22702053 -0.22702053 -0.22702053 -0.22702053 -0.22702053
 -0.22702053 -0.22702053 -0.22702053 -0.22702053 -0.22702053 -0.22702053
 -0.22702053 -0.22702053 -0.22702053 -0.22702053 -0.22702053 -0.22702053
 -0.22702053  3.06420603 -0.22702053 -0.22702053  2.11890273 -0.22702053
  3.29651107  3.47352225 -0.22702053 -0.22702053 -0.22702053 -0.22702053
 -0.22702053 -0.22702053 -0.22702053 -0.22702053 -0.22702053 -0.22702053
 -0.22702053 -0.22702053 -0.22702053 -0.22702053  1.09364786 -0.22702053
 -0.22702053 -0.22702053 -0.22702053  4.40222516 -0.22702053  0.86703254
  1.88854922 -0.22702053 -0.22702053 -0.22702053  1.17695996 -0.22702053
 -0.22702053 -0.22702053  5.57867026 -0.22702053  4.48366771 -0.22702053
 -0.22702053  2.79594141 -0.22702053  4.34326741 -0.22702053 -0.22702053
 -0.22702053  3.70524487 -0.22702053 -0.22702053 -0.22702053  5.71172907
  2.58241828 -0.22702053 -0.22702053 -0.22702053 -0.22702053 -0.22702053
 -0.22702053 -0.22702053 -0.22702053 -0.22702053 -0.22702053 -0.22702053
 -0.22702053 -0.22702053 -0.22702053 -0.22702053 -0.22702053 -0.22702053
 -0.22702053 -0.22702053 -0.22702053 -0.22702053 -0.22702053  5.40236898
 -0.22702053 -0.22702053 -0.22702053 -0.22702053 -0.22702053 -0.22702053
 -0.22702053 -0.22702053 -0.22702053 -0.22702053 -0.22702053 -0.22702053
 -0.22702053 -0.22702053 -0.22702053 -0.22702053 -0.22702053 -0.22702053
 -0.22702053 -0.22702053 -0.22702053 -0.22702053 -0.22702053 -0.22702053
 -0.22702053 -0.22702053 -0.22702053 -0.22702053 -0.22702053 -0.22702053
 -0.22702053 -0.22702053 -0.22702053 -0.22702053 -0.22702053 -0.22702053
 -0.22702053 -0.22702053 -0.22702053 -0.22702053 -0.22702053 -0.22702053
 -0.22702053 -0.22702053 -0.22702053 -0.22702053 -0.22702053 -0.22702053
 -0.22702053 -0.22702053 -0.22702053 -0.22702053 -0.22702053 -0.22702053
 -0.22702053 -0.22702053 -0.22702053 -0.22702053 -0.22702053 -0.22702053
 -0.22702053 -0.22702053 -0.22702053 -0.22702053 -0.22702053 -0.22702053
 -0.22702053 -0.22702053 -0.22702053 -0.22702053 -0.22702053 -0.22702053
 -0.22702053 -0.22702053 -0.22702053 -0.22702053 -0.22702053 -0.22702053
 -0.22702053 -0.22702053 -0.22702053 -0.22702053 -0.22702053 -0.22702053
 -0.22702053 -0.22702053 -0.22702053 -0.22702053 -0.22702053 -0.22702053
 -0.22702053 -0.22702053 -0.22702053 -0.22702053 -0.22702053 -0.22702053
 -0.22702053 -0.22702053 -0.22702053 -0.22702053 -0.22702053 -0.22702053
 -0.22702053 -0.22702053 -0.22702053 -0.22702053 -0.22702053 -0.22702053
 -0.22702053 -0.22702053 -0.22702053 -0.22702053 -0.22702053  6.13702563
 -0.22702053 -0.22702053 -0.22702053 -0.22702053 -0.22702053 -0.22702053
 -0.22702053 -0.22702053 -0.22702053 -0.22702053 -0.22702053 -0.22702053
 -0.22702053 -0.22702053 -0.22702053 -0.22702053 -0.22702053 -0.22702053
  4.48086449 -0.22702053 -0.22702053 -0.22702053 -0.22702053 -0.22702053
 -0.22702053 -0.22702053 -0.22702053 -0.22702053 -0.22702053 -0.22702053
 -0.22702053 -0.22702053 -0.22702053 -0.22702053 -0.22702053 -0.22702053
 -0.22702053 -0.22702053  2.96045999 -0.22702053 -0.22702053 -0.22702053
 -0.22702053 -0.22702053 -0.22702053 -0.22702053 -0.22702053 -0.22702053
 -0.22702053 -0.22702053 -0.22702053 -0.22702053 -0.22702053 -0.22702053
 -0.22702053 -0.22702053 -0.22702053 -0.22702053 -0.22702053 -0.22702053
 -0.22702053  3.1325384  -0.22702053 -0.22702053 -0.22702053 -0.22702053
 -0.22702053 -0.22702053 -0.22702053 -0.22702053 -0.22702053 -0.22702053
 -0.22702053 -0.22702053 -0.22702053 -0.22702053 -0.22702053 -0.22702053
 -0.22702053 -0.22702053 -0.22702053 -0.22702053 -0.22702053 -0.22702053
 -0.22702053 -0.22702053 -0.22702053 -0.22702053 -0.22702053 -0.22702053
 -0.22702053 -0.22702053  5.98065125 -0.22702053]",[-0.014671877867459604]
0,"[-0.14910641 -0.14910641 -0.14910641 -0.14910641 -0.14910641 -0.14910641
 -0.14910641 -0.14910641 -0.14910641 -0.14910641 -0.14910641 -0.14910641
 -0.14910641 -0.14910641 -0.14910641 -0.14910641 -0.14910641 -0.14910641
  1.9911708  -0.14910641 -0.14910641 -0.14910641 -0.14910641 -0.14910641
 -0.14910641 -0.14910641 -0.14910641 -0.14910641 -0.14910641 -0.14910641
 -0.14910641 -0.14910641 -0.14910641 -0.14910641 -0.14910641 -0.14910641
 -0.14910641 -0.14910641 -0.14910641 -0.14910641 -0.14910641 -0.14910641
 -0.14910641 -0.14910641 -0.14910641 -0.14910641 -0.14910641 -0.14910641
 -0.14910641 -0.14910641 -0.14910641 -0.14910641 -0.14910641 -0.14910641
 -0.14910641 -0.14910641 -0.14910641 -0.14910641 -0.14910641 -0.14910641
 -0.14910641 -0.14910641 -0.14910641 -0.14910641 -0.14910641 -0.14910641
 -0.14910641 -0.14910641 -0.14910641 -0.14910641 -0.14910641 -0.14910641
 -0.14910641 -0.14910641 -0.14910641 -0.14910641 -0.14910641 -0.14910641
 -0.14910641 -0.14910641 -0.14910641 -0.14910641 -0.14910641  8.18221003
 -0.14910641 -0.14910641 -0.14910641 -0.14910641 -0.14910641 -0.14910641
 -0.14910641 -0.14910641  2.50785647 -0.14910641 -0.14910641 -0.14910641
 -0.14910641 -0.14910641 -0.14910641 -0.14910641 -0.14910641 -0.14910641
 -0.14910641 -0.14910641 -0.14910641 -0.14910641 -0.14910641 -0.14910641
 -0.14910641 -0.14910641  9.99553424 -0.14910641 -0.14910641 -0.14910641
 -0.14910641 -0.14910641 -0.14910641 -0.14910641 -0.14910641 -0.14910641
 -0.14910641 -0.14910641 -0.14910641 -0.14910641 -0.14910641 -0.14910641
 -0.14910641 -0.14910641 -0.14910641 -0.14910641 -0.14910641 -0.14910641
 -0.14910641 -0.14910641 -0.14910641 -0.14910641 -0.14910641 -0.14910641
 -0.14910641 -0.14910641 -0.14910641 -0.14910641 -0.14910641 -0.14910641
 -0.14910641 -0.14910641 -0.14910641 -0.14910641 -0.14910641 -0.14910641
 -0.14910641 -0.14910641 -0.14910641 -0.14910641 -0.14910641 -0.14910641
 -0.14910641 -0.14910641 -0.14910641 -0.14910641 -0.14910641 -0.14910641
 -0.14910641  2.74159762 -0.14910641 -0.14910641 -0.14910641 -0.14910641
 -0.14910641 -0.14910641 -0.14910641 -0.14910641 -0.14910641 -0.14910641
 -0.14910641 -0.14910641 -0.14910641 -0.14910641 -0.14910641 -0.14910641
 -0.14910641 -0.14910641 -0.14910641 -0.14910641 -0.14910641 -0.14910641
 -0.14910641 -0.14910641 -0.14910641 -0.14910641 -0.14910641 -0.14910641
 -0.14910641 -0.14910641 -0.14910641 -0.14910641 -0.14910641 -0.14910641
 -0.14910641 -0.14910641 -0.14910641 -0.14910641 -0.14910641  1.69330078
 -0.14910641 -0.14910641 -0.14910641 -0.14910641 -0.14910641 -0.14910641
  5.35054203 -0.14910641 -0.14910641 -0.14910641 -0.14910641  7.92942765
 -0.14910641 -0.14910641 -0.14910641 -0.14910641 -0.14910641 -0.14910641
 -0.14910641 -0.14910641 -0.14910641 -0.14910641 -0.14910641 -0.14910641
 -0.14910641 -0.14910641 -0.14910641 -0.14910641 -0.14910641 -0.14910641
 -0.14910641  4.42624157 -0.14910641 -0.14910641 -0.14910641 -0.14910641
 -0.14910641 -0.14910641 -0.14910641 -0.14910641 -0.14910641 -0.14910641
 -0.14910641 -0.14910641 -0.14910641 -0.14910641 -0.14910641 -0.14910641
 -0.14910641 -0.14910641 -0.14910641 -0.14910641 -0.14910641 -0.14910641
 -0.14910641 -0.14910641 -0.14910641  5.1622905  -0.14910641 -0.14910641
 -0.14910641 -0.14910641 -0.14910641 -0.14910641 -0.14910641 -0.14910641
  2.4859634  -0.14910641 -0.14910641 -0.14910641 -0.14910641 -0.14910641
 -0.14910641 -0.14910641 -0.14910641 -0.14910641 -0.14910641 -0.14910641
 -0.14910641 -0.14910641 -0.14910641 -0.14910641 -0.14910641 -0.14910641
 -0.14910641 -0.14910641 -0.14910641 -0.14910641 -0.14910641 -0.14910641
 -0.14910641 -0.14910641 -0.14910641 -0.14910641 -0.14910641 -0.14910641
 -0.14910641 -0.14910641 -0.14910641 -0.14910641 -0.14910641 -0.14910641
 -0.14910641 -0.14910641 -0.14910641 -0.14910641 -0.14910641  6.73868055
 -0.14910641 -0.14910641 -0.14910641 -0.14910641 -0.14910641 -0.14910641
 -0.14910641 -0.14910641 -0.14910641 -0.14910641 -0.14910641 -0.14910641
 -0.14910641 -0.14910641 -0.14910641 -0.14910641 -0.14910641 -0.14910641
 -0.14910641 -0.14910641 -0.14910641 -0.14910641 -0.14910641 -0.14910641
 -0.14910641 -0.14910641 -0.14910641 -0.14910641 -0.14910641 -0.14910641
 -0.14910641 -0.14910641 -0.14910641 -0.14910641 -0.14910641 -0.14910641
 -0.14910641 -0.14910641 -0.14910641 -0.14910641 -0.14910641 -0.14910641
 -0.14910641 -0.14910641 -0.14910641 -0.14910641 -0.14910641 -0.14910641
 -0.14910641 -0.14910641 -0.14910641 -0.14910641 -0.14910641 -0.14910641
 -0.14910641 -0.14910641 -0.14910641 -0.14910641 -0.14910641 -0.14910641
 -0.14910641 -0.14910641 -0.14910641 -0.14910641 -0.14910641 -0.14910641
 -0.14910641 -0.14910641 -0.14910641 -0.14910641 -0.14910641 -0.14910641
 -0.14910641 -0.14910641 -0.14910641 -0.14910641 -0.14910641 -0.14910641
 -0.14910641 -0.14910641 -0.14910641 -0.14910641 -0.14910641 -0.14910641
 -0.14910641 -0.14910641 -0.14910641 -0.14910641 -0.14910641 -0.14910641
 -0.14910641 -0.14910641 -0.14910641 -0.14910641 -0.14910641 -0.14910641
 -0.14910641 -0.14910641 -0.14910641 -0.14910641 -0.14910641 -0.14910641
 -0.14910641 -0.14910641 -0.14910641 -0.14910641 -0.14910641 -0.14910641
 -0.14910641 -0.14910641 -0.14910641 -0.14910641 -0.14910641 -0.14910641
 -0.14910641 -0.14910641 -0.14910641 -0.14910641 -0.14910641 -0.14910641
 -0.14910641 -0.14910641 -0.14910641 -0.14910641 -0.14910641 -0.14910641
 -0.14910641 -0.14910641 -0.14910641 -0.14910641 -0.14910641 -0.14910641
 -0.14910641 -0.14910641 -0.14910641 -0.14910641 -0.14910641 -0.14910641
 -0.14910641 -0.14910641 -0.14910641 -0.14910641 -0.14910641 -0.14910641
 -0.14910641 -0.14910641 -0.14910641 -0.14910641 -0.14910641 -0.14910641
 -0.14910641 -0.14910641  8.13731615 -0.14910641 -0.14910641 -0.14910641
  8.10570931 -0.14910641 -0.14910641 -0.14910641 -0.14910641 -0.14910641
 -0.14910641 -0.14910641 -0.14910641 -0.14910641 -0.14910641 -0.14910641
 -0.14910641 -0.14910641 -0.14910641 -0.14910641 -0.14910641 -0.14910641
 -0.14910641 -0.14910641 -0.14910641 -0.14910641 -0.14910641 -0.14910641
 -0.14910641 -0.14910641 -0.14910641 -0.14910641 -0.14910641 -0.14910641
 -0.14910641 -0.14910641 -0.14910641 -0.14910641 -0.14910641 -0.14910641
 -0.14910641 -0.14910641 -0.14910641 -0.14910641 -0.14910641 -0.14910641
 -0.14910641 -0.14910641 -0.14910641 -0.14910641 -0.14910641 -0.14910641
 -0.14910641 -0.14910641 -0.14910641 -0.14910641]",[-0.1256865574548602]
0,"[-0.25112666 -0.25112666 -0.25112666 -0.25112666 -0.18061627 -0.25112666
 -0.25112666 -0.25112666 -0.25112666 -0.25112666 -0.25112666 -0.25112666
 -0.25112666 -0.25112666 -0.25112666 -0.25112666 -0.25112666 -0.25112666
  3.2590159  -0.25112666 -0.25112666 -0.25112666 -0.25112666 -0.25112666
 -0.25112666 -0.25112666 -0.25112666 -0.25112666 -0.25112666 -0.25112666
 -0.25112666 -0.25112666 -0.25112666 -0.25112666 -0.25112666 -0.25112666
 -0.25112666 -0.25112666 -0.25112666 -0.25112666 -0.25112666 -0.25112666
 -0.25112666 -0.25112666 -0.25112666 -0.25112666 -0.25112666 -0.25112666
 -0.25112666 -0.25112666 -0.25112666 -0.25112666 -0.25112666 -0.25112666
 -0.25112666 -0.25112666 -0.25112666 -0.25112666  2.66856452 -0.25112666
 -0.25112666 -0.25112666 -0.25112666 -0.25112666 -0.25112666 -0.25112666
 -0.25112666 -0.25112666 -0.25112666 -0.25112666 -0.25112666 -0.25112666
 -0.25112666 -0.25112666 -0.25112666 -0.25112666 -0.25112666 -0.25112666
 -0.25112666 -0.25112666 -0.25112666 -0.25112666 -0.25112666  8.06220645
 -0.25112666 -0.25112666 -0.25112666 -0.25112666  0.71277618  3.26483604
 -0.25112666 -0.25112666  2.72039887 -0.25112666 -0.25112666 -0.25112666
 -0.25112666 -0.25112666 -0.25112666 -0.25112666 -0.25112666 -0.25112666
 -0.25112666 -0.25112666 -0.25112666 -0.25112666 -0.25112666 -0.25112666
 -0.25112666 -0.25112666  5.05185322 -0.25112666 -0.25112666 -0.25112666
 -0.25112666 -0.25112666  5.04263085 -0.25112666  1.88408231 -0.25112666
 -0.25112666 -0.25112666 -0.25112666  0.33298895 -0.25112666 -0.25112666
 -0.25112666 -0.25112666 -0.25112666 -0.25112666 -0.25112666 -0.25112666
 -0.25112666 -0.25112666 -0.25112666 -0.25112666 -0.25112666 -0.25112666
 -0.25112666 -0.25112666 -0.25112666 -0.25112666 -0.25112666 -0.25112666
 -0.25112666 -0.25112666 -0.25112666 -0.25112666 -0.25112666 -0.25112666
 -0.25112666 -0.25112666 -0.25112666 -0.25112666 -0.25112666 -0.25112666
 -0.25112666 -0.25112666 -0.25112666 -0.25112666 -0.25112666 -0.25112666
 -0.25112666 -0.25112666 -0.25112666 -0.25112666 -0.25112666 -0.25112666
 -0.25112666 -0.25112666 -0.25112666 -0.25112666 -0.25112666  2.11012204
 -0.25112666 -0.25112666 -0.25112666 -0.25112666 -0.25112666 -0.25112666
 -0.25112666 -0.25112666 -0.25112666 -0.25112666 -0.25112666 -0.25112666
  1.32093116 -0.25112666 -0.25112666 -0.25112666 -0.25112666 -0.25112666
 -0.25112666 -0.25112666  3.10805505 -0.25112666 -0.25112666 -0.25112666
 -0.25112666 -0.25112666  3.17365975 -0.25112666 -0.25112666  3.94083379
 -0.25112666 -0.25112666 -0.25112666 -0.25112666 -0.25112666 -0.25112666
  5.1837342  -0.25112666 -0.25112666 -0.25112666 -0.25112666  3.41184163
 -0.25112666 -0.25112666  1.33703036  3.78936756 -0.25112666 -0.25112666
 -0.25112666  2.11448497 -0.25112666 -0.25112666 -0.25112666 -0.25112666
 -0.25112666 -0.25112666 -0.25112666 -0.25112666 -0.25112666 -0.25112666
  2.46531896  4.17736113 -0.25112666  1.94189486  1.23223123 -0.25112666
 -0.25112666 -0.25112666 -0.25112666 -0.25112666 -0.25112666 -0.25112666
 -0.25112666 -0.25112666 -0.25112666 -0.25112666 -0.25112666 -0.25112666
 -0.25112666 -0.25112666 -0.25112666  1.06099281 -0.25112666 -0.25112666
 -0.25112666 -0.25112666 -0.25112666  0.9651833  -0.25112666 -0.25112666
 -0.25112666 -0.25112666 -0.25112666 -0.25112666  2.93579659 -0.25112666
 -0.25112666 -0.25112666 -0.25112666 -0.25112666 -0.25112666 -0.25112666
 -0.25112666 -0.25112666 -0.25112666 -0.25112666 -0.25112666 -0.25112666
 -0.25112666  5.25147948 -0.25112666 -0.25112666 -0.25112666  2.9467011
 -0.25112666 -0.25112666 -0.25112666 -0.25112666 -0.25112666 -0.25112666
 -0.25112666 -0.25112666  5.25423768 -0.25112666 -0.25112666 -0.25112666
 -0.25112666 -0.25112666 -0.25112666 -0.25112666 -0.25112666 -0.25112666
 -0.25112666 -0.25112666  1.67667901 -0.25112666 -0.25112666  4.45021505
 -0.25112666  4.01051604 -0.25112666 -0.25112666 -0.25112666 -0.25112666
 -0.25112666 -0.25112666 -0.25112666 -0.25112666 -0.25112666 -0.25112666
 -0.25112666 -0.25112666 -0.25112666 -0.25112666 -0.25112666 -0.25112666
 -0.25112666 -0.25112666 -0.25112666 -0.25112666 -0.25112666 -0.25112666
 -0.25112666 -0.25112666 -0.25112666 -0.25112666 -0.25112666 -0.25112666
 -0.25112666 -0.25112666 -0.25112666 -0.25112666 -0.25112666 -0.25112666
 -0.25112666 -0.25112666 -0.25112666 -0.25112666 -0.25112666 -0.25112666
 -0.25112666 -0.25112666 -0.25112666 -0.25112666 -0.25112666 -0.25112666
 -0.25112666 -0.25112666 -0.25112666 -0.25112666 -0.25112666 -0.25112666
 -0.25112666 -0.25112666 -0.25112666 -0.25112666 -0.25112666 -0.25112666
 -0.25112666 -0.25112666 -0.25112666 -0.25112666 -0.25112666 -0.25112666
 -0.25112666 -0.25112666 -0.25112666 -0.25112666 -0.25112666 -0.25112666
 -0.25112666 -0.25112666 -0.25112666 -0.25112666 -0.25112666 -0.25112666
 -0.25112666 -0.25112666 -0.25112666 -0.25112666 -0.25112666 -0.25112666
 -0.25112666 -0.25112666 -0.25112666 -0.25112666 -0.25112666 -0.25112666
 -0.25112666 -0.25112666 -0.25112666 -0.25112666 -0.25112666 -0.25112666
 -0.25112666 -0.25112666 -0.25112666 -0.25112666 -0.25112666 -0.25112666
 -0.25112666 -0.25112666 -0.25112666 -0.25112666 -0.25112666 -0.25112666
 -0.25112666 -0.25112666 -0.25112666 -0.25112666  6.29356431 -0.25112666
 -0.25112666 -0.25112666 -0.25112666 -0.25112666  3.28064515 -0.25112666
 -0.25112666 -0.25112666 -0.25112666 -0.25112666 -0.25112666 -0.25112666
 -0.25112666 -0.25112666 -0.25112666 -0.25112666 -0.25112666 -0.25112666
 -0.25112666 -0.25112666 -0.25112666 -0.25112666 -0.25112666 -0.25112666
  1.00418448 -0.25112666 -0.25112666 -0.25112666 -0.25112666 -0.25112666
 -0.25112666 -0.25112666 -0.25112666 -0.25112666 -0.25112666 -0.25112666
  2.7617925  -0.25112666  5.58993021 -0.25112666 -0.25112666 -0.25112666
 -0.25112666 -0.25112666 -0.25112666 -0.25112666 -0.25112666 -0.25112666
 -0.25112666 -0.25112666 -0.25112666 -0.25112666 -0.25112666 -0.25112666
 -0.25112666 -0.25112666 -0.25112666 -0.25112666 -0.25112666 -0.25112666
 -0.25112666 -0.25112666 -0.25112666 -0.25112666 -0.25112666 -0.25112666
 -0.25112666 -0.25112666 -0.25112666  0.93327498 -0.25112666 -0.25112666
 -0.25112666 -0.25112666 -0.25112666 -0.25112666 -0.25112666 -0.25112666
 -0.25112666 -0.25112666 -0.25112666 -0.25112666 -0.25112666 -0.25112666
 -0.25112666 -0.25112666 -0.25112666 -0.25112666 -0.25112666 -0.25112666
 -0.25112666 -0.25112666 -0.25112666 -0.25112666]",[0.103794866153472]
0,"[-0.19702347 -0.19702347 -0.19702347 -0.19702347 -0.19702347 -0.19702347
 -0.19702347 -0.19702347 -0.19702347 -0.19702347 -0.19702347 -0.19702347
 -0.19702347 -0.19702347 -0.19702347 -0.19702347 -0.19702347 -0.19702347
  2.92243369 -0.19702347 -0.19702347 -0.19702347 -0.19702347 -0.19702347
 -0.19702347 -0.19702347 -0.19702347 -0.19702347 -0.19702347 -0.19702347
 -0.19702347 -0.19702347 -0.19702347 -0.19702347 -0.19702347 -0.19702347
 -0.19702347 -0.19702347 -0.19702347 -0.19702347 -0.19702347 -0.19702347
 -0.19702347 -0.19702347 -0.19702347 -0.19702347 -0.19702347 -0.19702347
 -0.19702347 -0.19702347 -0.19702347 -0.19702347 -0.19702347 -0.19702347
 -0.19702347 -0.19702347 -0.19702347 -0.19702347  3.94881717 -0.19702347
 -0.19702347 -0.19702347 -0.19702347 -0.19702347 -0.19702347 -0.19702347
 -0.19702347 -0.19702347 -0.19702347 -0.19702347 -0.19702347 -0.19702347
 -0.19702347 -0.19702347 -0.19702347 -0.19702347 -0.19702347 -0.19702347
 -0.19702347 -0.19702347 -0.19702347 -0.19702347 -0.19702347  5.27618225
 -0.19702347 -0.19702347 -0.19702347 -0.19702347  0.73764706 -0.19702347
 -0.19702347 -0.19702347 -0.19702347 -0.19702347 -0.19702347 -0.19702347
 -0.19702347 -0.19702347 -0.19702347 -0.19702347 -0.19702347 -0.19702347
 -0.19702347 -0.19702347 -0.19702347 -0.19702347 -0.19702347 -0.19702347
 -0.19702347 -0.19702347 -0.19702347 -0.19702347 -0.19702347 -0.19702347
 -0.19702347 -0.19702347 -0.19702347 -0.19702347 -0.19702347 -0.19702347
 -0.19702347 -0.19702347 -0.19702347 -0.19702347 -0.19702347 -0.19702347
 -0.19702347 -0.19702347 -0.19702347 -0.19702347 -0.19702347 -0.19702347
 -0.19702347 -0.19702347 -0.19702347 -0.19702347 -0.19702347 -0.19702347
 -0.19702347 -0.19702347 -0.19702347 -0.19702347 -0.19702347 -0.19702347
 -0.19702347 -0.19702347 -0.19702347 -0.19702347 -0.19702347 -0.19702347
 -0.19702347 -0.19702347 -0.19702347 -0.19702347 -0.19702347 -0.19702347
 -0.19702347 -0.19702347 -0.19702347 -0.19702347 -0.19702347 -0.19702347
 -0.19702347 -0.19702347 -0.19702347 -0.19702347 -0.19702347 -0.19702347
 -0.19702347 -0.19702347 -0.19702347 -0.19702347 -0.19702347  2.44814083
 -0.19702347 -0.19702347 -0.19702347 -0.19702347 -0.19702347 -0.19702347
 -0.19702347 -0.19702347 -0.19702347 -0.19702347 -0.19702347 -0.19702347
 -0.19702347 -0.19702347 -0.19702347 -0.19702347 -0.19702347 -0.19702347
 -0.19702347 -0.19702347  2.86147237 -0.19702347 -0.19702347 -0.19702347
  2.44814083 -0.19702347 -0.19702347 -0.19702347 -0.19702347  1.96183852
 -0.19702347 -0.19702347 -0.19702347 -0.19702347 -0.19702347  3.70373474
  8.06376546 -0.19702347 -0.19702347 -0.19702347 -0.19702347  6.31574209
 -0.19702347 -0.19702347 -0.19702347 -0.19702347 -0.19702347 -0.19702347
 -0.19702347 -0.19702347 -0.19702347 -0.19702347 -0.19702347 -0.19702347
 -0.19702347 -0.19702347 -0.19702347 -0.19702347 -0.19702347 -0.19702347
 -0.19702347  4.3682009  -0.19702347 -0.19702347  1.45268428 -0.19702347
  4.91260182 -0.19702347 -0.19702347 -0.19702347 -0.19702347 -0.19702347
 -0.19702347 -0.19702347 -0.19702347 -0.19702347 -0.19702347 -0.19702347
 -0.19702347 -0.19702347 -0.19702347 -0.19702347 -0.19702347 -0.19702347
 -0.19702347 -0.19702347  3.80594848  2.67405348 -0.19702347 -0.19702347
 -0.19702347 -0.19702347 -0.19702347 -0.19702347 -0.19702347 -0.19702347
 -0.19702347 -0.19702347 -0.19702347 -0.19702347 -0.19702347 -0.19702347
 -0.19702347 -0.19702347 -0.19702347 -0.19702347 -0.19702347 -0.19702347
 -0.19702347 -0.19702347 -0.19702347 -0.19702347 -0.19702347  6.88287086
 -0.19702347 -0.19702347 -0.19702347 -0.19702347 -0.19702347 -0.19702347
 -0.19702347 -0.19702347 -0.19702347 -0.19702347 -0.19702347 -0.19702347
 -0.19702347 -0.19702347 -0.19702347 -0.19702347 -0.19702347 -0.19702347
 -0.19702347 -0.19702347 -0.19702347 -0.19702347 -0.19702347  5.59884993
 -0.19702347 -0.19702347 -0.19702347  2.94445277 -0.19702347 -0.19702347
 -0.19702347 -0.19702347 -0.19702347 -0.19702347 -0.19702347 -0.19702347
 -0.19702347 -0.19702347 -0.19702347 -0.19702347 -0.19702347 -0.19702347
 -0.19702347 -0.19702347 -0.19702347 -0.19702347 -0.19702347 -0.19702347
 -0.19702347 -0.19702347 -0.19702347 -0.19702347 -0.19702347 -0.19702347
 -0.19702347 -0.19702347 -0.19702347 -0.19702347 -0.19702347 -0.19702347
 -0.19702347 -0.19702347 -0.19702347 -0.19702347 -0.19702347 -0.19702347
 -0.19702347 -0.19702347 -0.19702347 -0.19702347 -0.19702347 -0.19702347
 -0.19702347 -0.19702347 -0.19702347 -0.19702347 -0.19702347 -0.19702347
 -0.19702347 -0.19702347 -0.19702347 -0.19702347 -0.19702347 -0.19702347
 -0.19702347 -0.19702347 -0.19702347 -0.19702347 -0.19702347 -0.19702347
 -0.19702347 -0.19702347 -0.19702347 -0.19702347 -0.19702347 -0.19702347
 -0.19702347 -0.19702347 -0.19702347 -0.19702347 -0.19702347 -0.19702347
 -0.19702347 -0.19702347 -0.19702347 -0.19702347 -0.19702347 -0.19702347
 -0.19702347 -0.19702347 -0.19702347 -0.19702347 -0.19702347 -0.19702347
 -0.19702347 -0.19702347 -0.19702347 -0.19702347 -0.19702347 -0.19702347
 -0.19702347 -0.19702347 -0.19702347 -0.19702347 -0.19702347 -0.19702347
 -0.19702347 -0.19702347 -0.19702347 -0.19702347 -0.19702347 -0.19702347
 -0.19702347 -0.19702347 -0.19702347 -0.19702347 -0.19702347 -0.19702347
 -0.19702347 -0.19702347 -0.19702347 -0.19702347 -0.19702347 -0.19702347
 -0.19702347  1.4205211  -0.19702347 -0.19702347 -0.19702347 -0.19702347
 -0.19702347 -0.19702347 -0.19702347 -0.19702347 -0.19702347 -0.19702347
 -0.19702347 -0.19702347 -0.19702347 -0.19702347 -0.19702347 -0.19702347
  2.30214141 -0.19702347 -0.19702347 -0.19702347 -0.19702347 -0.19702347
 -0.19702347 -0.19702347 -0.19702347 -0.19702347 -0.19702347 -0.19702347
 -0.19702347 -0.19702347  7.15391031 -0.19702347 -0.19702347 -0.19702347
  5.94130581 -0.19702347 -0.19702347 -0.19702347 -0.19702347 -0.19702347
 -0.19702347 -0.19702347 -0.19702347 -0.19702347 -0.19702347 -0.19702347
 -0.19702347 -0.19702347 -0.19702347 -0.19702347 -0.19702347 -0.19702347
 -0.19702347  7.57818688 -0.19702347 -0.19702347 -0.19702347 -0.19702347
 -0.19702347 -0.19702347 -0.19702347 -0.19702347 -0.19702347 -0.19702347
 -0.19702347 -0.19702347 -0.19702347 -0.19702347 -0.19702347 -0.19702347
 -0.19702347 -0.19702347 -0.19702347 -0.19702347 -0.19702347 -0.19702347
 -0.19702347 -0.19702347 -0.19702347 -0.19702347 -0.19702347 -0.19702347
 -0.19702347 -0.19702347 -0.19702347 -0.19702347]",[-0.048575289013688905]
0,"[-1.19290256e-01 -1.19290256e-01 -1.19290256e-01 -1.19290256e-01
 -1.19290256e-01 -1.19290256e-01 -1.19290256e-01 -1.19290256e-01
 -1.19290256e-01 -1.19290256e-01 -1.19290256e-01 -1.19290256e-01
 -1.19290256e-01 -1.19290256e-01 -1.19290256e-01 -1.19290256e-01
 -1.19290256e-01 -1.19290256e-01 -1.19290256e-01 -1.19290256e-01
 -1.19290256e-01 -1.19290256e-01 -1.19290256e-01 -1.19290256e-01
 -1.19290256e-01 -1.19290256e-01 -1.19290256e-01 -1.19290256e-01
 -1.19290256e-01 -1.19290256e-01 -1.19290256e-01 -1.19290256e-01
 -1.19290256e-01 -1.19290256e-01 -1.19290256e-01 -1.19290256e-01
 -1.19290256e-01 -1.19290256e-01 -1.19290256e-01 -1.19290256e-01
 -1.19290256e-01 -1.19290256e-01 -1.19290256e-01 -1.19290256e-01
 -1.19290256e-01 -1.19290256e-01 -1.19290256e-01 -1.19290256e-01
 -1.19290256e-01 -1.19290256e-01 -1.19290256e-01 -1.19290256e-01
 -1.19290256e-01 -1.19290256e-01 -1.19290256e-01 -1.19290256e-01
 -1.19290256e-01 -1.19290256e-01 -1.19290256e-01 -1.19290256e-01
 -1.19290256e-01 -1.19290256e-01 -1.19290256e-01 -1.19290256e-01
 -1.19290256e-01 -1.19290256e-01 -1.19290256e-01 -1.19290256e-01
 -1.19290256e-01 -1.19290256e-01 -1.19290256e-01 -1.19290256e-01
 -1.19290256e-01 -1.19290256e-01 -1.19290256e-01 -1.19290256e-01
 -1.19290256e-01 -1.19290256e-01 -1.19290256e-01 -1.19290256e-01
 -1.19290256e-01 -1.19290256e-01 -1.19290256e-01  7.10702943e+00
 -1.19290256e-01 -1.19290256e-01 -1.19290256e-01 -1.19290256e-01
 -1.19290256e-01 -1.19290256e-01 -1.19290256e-01 -1.19290256e-01
 -1.19290256e-01 -1.19290256e-01 -1.19290256e-01 -1.19290256e-01
 -1.19290256e-01 -1.19290256e-01 -1.19290256e-01 -1.19290256e-01
 -1.19290256e-01 -1.19290256e-01 -1.19290256e-01 -1.19290256e-01
 -1.19290256e-01 -1.19290256e-01 -1.19290256e-01 -1.19290256e-01
 -1.19290256e-01 -1.19290256e-01  8.46581130e+00 -1.19290256e-01
 -1.19290256e-01 -1.19290256e-01 -1.19290256e-01 -1.19290256e-01
 -1.19290256e-01 -1.19290256e-01 -1.19290256e-01 -1.19290256e-01
 -1.19290256e-01 -1.19290256e-01 -1.19290256e-01 -1.19290256e-01
 -1.19290256e-01 -1.19290256e-01 -1.19290256e-01 -1.19290256e-01
 -1.19290256e-01 -1.19290256e-01 -1.19290256e-01 -1.19290256e-01
 -1.19290256e-01 -1.19290256e-01 -1.19290256e-01 -1.19290256e-01
 -1.19290256e-01 -1.19290256e-01 -1.19290256e-01 -1.19290256e-01
 -1.19290256e-01 -1.19290256e-01 -1.19290256e-01 -1.19290256e-01
 -1.19290256e-01 -1.19290256e-01 -1.19290256e-01 -1.19290256e-01
 -1.19290256e-01 -1.19290256e-01 -1.19290256e-01 -1.19290256e-01
 -1.19290256e-01 -1.19290256e-01 -1.19290256e-01 -1.19290256e-01
 -1.19290256e-01 -1.19290256e-01 -1.19290256e-01 -1.19290256e-01
 -1.19290256e-01 -1.19290256e-01 -1.19290256e-01 -1.19290256e-01
 -1.19290256e-01 -1.19290256e-01 -1.19290256e-01 -1.19290256e-01
 -1.19290256e-01 -1.19290256e-01 -1.19290256e-01 -1.19290256e-01
 -1.19290256e-01 -1.19290256e-01 -1.19290256e-01 -1.19290256e-01
 -1.19290256e-01 -1.19290256e-01 -1.19290256e-01 -1.19290256e-01
 -1.19290256e-01 -1.19290256e-01 -1.19290256e-01 -1.19290256e-01
 -1.19290256e-01 -1.19290256e-01  4.22244876e+00 -1.19290256e-01
 -1.19290256e-01 -1.19290256e-01 -1.19290256e-01 -1.19290256e-01
 -1.19290256e-01 -1.19290256e-01 -1.19290256e-01 -1.19290256e-01
 -1.19290256e-01 -1.19290256e-01 -1.19290256e-01 -1.19290256e-01
 -1.19290256e-01 -1.19290256e-01 -1.19290256e-01 -1.19290256e-01
 -1.19290256e-01 -1.19290256e-01 -1.19290256e-01 -1.19290256e-01
 -1.19290256e-01 -1.19290256e-01  4.61314251e+00 -1.19290256e-01
 -3.93811194e-02 -1.19290256e-01 -1.19290256e-01  7.58648011e+00
 -1.19290256e-01 -1.19290256e-01 -1.19290256e-01 -1.19290256e-01
 -1.19290256e-01 -1.19290256e-01 -1.19290256e-01 -1.19290256e-01
 -1.19290256e-01 -1.19290256e-01 -1.19290256e-01 -1.19290256e-01
 -1.19290256e-01 -1.19290256e-01 -1.19290256e-01 -1.19290256e-01
 -1.19290256e-01 -1.19290256e-01 -1.19290256e-01  1.03538240e-02
 -1.19290256e-01 -1.19290256e-01 -1.19290256e-01 -1.19290256e-01
 -1.19290256e-01 -1.19290256e-01 -1.19290256e-01 -1.19290256e-01
 -1.19290256e-01 -1.19290256e-01 -1.19290256e-01 -1.19290256e-01
 -1.19290256e-01 -1.19290256e-01 -1.19290256e-01 -1.19290256e-01
 -1.19290256e-01 -1.19290256e-01 -1.19290256e-01 -1.19290256e-01
 -1.19290256e-01 -1.19290256e-01 -1.19290256e-01 -1.19290256e-01
 -1.19290256e-01 -1.19290256e-01 -1.19290256e-01 -1.19290256e-01
 -1.19290256e-01 -1.19290256e-01 -1.19290256e-01 -1.19290256e-01
 -1.19290256e-01 -1.19290256e-01 -1.19290256e-01 -1.19290256e-01
 -1.19290256e-01 -1.19290256e-01 -1.19290256e-01 -1.19290256e-01
 -1.19290256e-01 -1.19290256e-01 -1.19290256e-01 -1.19290256e-01
 -1.19290256e-01 -1.19290256e-01 -1.19290256e-01 -1.19290256e-01
 -1.19290256e-01 -1.19290256e-01 -1.19290256e-01 -1.19290256e-01
 -1.19290256e-01 -1.19290256e-01 -1.19290256e-01 -1.19290256e-01
 -1.19290256e-01 -1.19290256e-01 -1.19290256e-01 -1.19290256e-01
 -1.19290256e-01 -1.19290256e-01 -1.19290256e-01 -1.19290256e-01
 -1.19290256e-01 -1.19290256e-01 -1.19290256e-01 -1.19290256e-01
 -1.19290256e-01 -1.19290256e-01  8.95356401e+00 -1.19290256e-01
 -1.19290256e-01 -1.19290256e-01 -1.19290256e-01 -1.19290256e-01
 -1.19290256e-01 -1.19290256e-01 -1.19290256e-01 -1.19290256e-01
 -1.19290256e-01 -1.19290256e-01 -1.19290256e-01 -1.19290256e-01
 -1.19290256e-01 -1.19290256e-01 -1.19290256e-01 -1.19290256e-01
 -1.19290256e-01 -1.19290256e-01 -1.19290256e-01 -1.19290256e-01
 -1.19290256e-01 -1.19290256e-01 -1.19290256e-01 -1.19290256e-01
 -1.19290256e-01 -1.19290256e-01 -1.19290256e-01 -1.19290256e-01
 -1.19290256e-01 -1.19290256e-01 -1.19290256e-01 -1.19290256e-01
 -1.19290256e-01 -1.19290256e-01 -1.19290256e-01 -1.19290256e-01
 -1.19290256e-01 -1.19290256e-01 -1.19290256e-01 -1.19290256e-01
 -1.19290256e-01 -1.19290256e-01 -1.19290256e-01 -1.19290256e-01
 -1.19290256e-01 -1.19290256e-01 -1.19290256e-01 -1.19290256e-01
 -1.19290256e-01 -1.19290256e-01 -1.19290256e-01 -1.19290256e-01
 -1.19290256e-01 -1.19290256e-01 -1.19290256e-01 -1.19290256e-01
 -1.19290256e-01 -1.19290256e-01 -1.19290256e-01 -1.19290256e-01
 -1.19290256e-01 -1.19290256e-01 -1.19290256e-01 -1.19290256e-01
 -1.19290256e-01 -1.19290256e-01 -1.19290256e-01 -1.19290256e-01
 -1.19290256e-01 -1.19290256e-01 -1.19290256e-01 -1.19290256e-01
 -1.19290256e-01 -1.19290256e-01 -1.19290256e-01 -1.19290256e-01
 -1.19290256e-01 -1.19290256e-01 -1.19290256e-01 -1.19290256e-01
 -1.19290256e-01 -1.19290256e-01 -1.19290256e-01 -1.19290256e-01
 -1.19290256e-01 -1.19290256e-01 -1.19290256e-01 -1.19290256e-01
 -1.19290256e-01 -1.19290256e-01 -1.19290256e-01 -1.19290256e-01
 -1.19290256e-01 -1.19290256e-01 -1.19290256e-01 -1.19290256e-01
 -1.19290256e-01 -1.19290256e-01 -1.19290256e-01 -1.19290256e-01
 -1.19290256e-01 -1.19290256e-01 -1.19290256e-01 -1.19290256e-01
 -1.19290256e-01 -1.19290256e-01 -1.19290256e-01 -1.19290256e-01
 -1.19290256e-01 -1.19290256e-01 -1.19290256e-01 -1.19290256e-01
 -1.19290256e-01 -1.19290256e-01 -1.19290256e-01 -1.19290256e-01
 -1.19290256e-01 -1.19290256e-01 -1.19290256e-01 -1.19290256e-01
 -1.19290256e-01 -1.19290256e-01 -1.19290256e-01 -1.19290256e-01
 -1.19290256e-01 -1.19290256e-01 -1.19290256e-01 -1.19290256e-01
 -1.19290256e-01 -1.19290256e-01 -1.19290256e-01 -1.19290256e-01
 -1.19290256e-01 -1.19290256e-01 -1.19290256e-01 -1.19290256e-01
 -1.19290256e-01 -1.19290256e-01 -1.19290256e-01 -1.19290256e-01
 -1.19290256e-01 -1.19290256e-01 -1.19290256e-01 -1.19290256e-01
 -1.19290256e-01 -1.19290256e-01 -1.19290256e-01 -1.19290256e-01
 -1.19290256e-01 -1.19290256e-01 -1.19290256e-01 -1.19290256e-01
 -1.19290256e-01 -1.19290256e-01 -1.19290256e-01 -1.19290256e-01
  7.18845703e+00 -1.19290256e-01 -1.19290256e-01 -1.19290256e-01
  1.27301245e+01 -1.19290256e-01 -1.19290256e-01 -1.19290256e-01
 -1.19290256e-01 -1.19290256e-01 -1.19290256e-01 -1.19290256e-01
 -1.19290256e-01 -1.19290256e-01 -1.19290256e-01 -1.19290256e-01
 -1.19290256e-01 -1.19290256e-01 -1.19290256e-01 -1.19290256e-01
 -1.19290256e-01 -1.19290256e-01 -1.19290256e-01 -1.19290256e-01
 -1.19290256e-01 -1.19290256e-01 -1.19290256e-01 -1.19290256e-01
 -1.19290256e-01 -1.19290256e-01 -1.19290256e-01 -1.19290256e-01
 -1.19290256e-01 -1.19290256e-01 -1.19290256e-01 -1.19290256e-01
 -1.19290256e-01 -1.19290256e-01 -1.19290256e-01 -1.19290256e-01
 -1.19290256e-01 -1.19290256e-01 -1.19290256e-01 -1.19290256e-01
 -1.19290256e-01 -1.19290256e-01 -1.19290256e-01 -1.19290256e-01
 -1.19290256e-01 -1.19290256e-01 -1.19290256e-01 -1.19290256e-01
 -1.19290256e-01 -1.19290256e-01 -1.19290256e-01 -1.19290256e-01]",[-0.1441448938368476]
0,"[-0.22274906 -0.22274906 -0.22274906 -0.22274906 -0.22274906 -0.22274906
 -0.22274906 -0.22274906 -0.22274906 -0.22274906 -0.22274906 -0.22274906
 -0.22274906 -0.22274906 -0.22274906 -0.22274906 -0.22274906 -0.22274906
  0.57628544 -0.22274906 -0.22274906 -0.22274906 -0.22274906 -0.22274906
 -0.22274906 -0.22274906 -0.22274906 -0.22274906 -0.22274906 -0.22274906
 -0.22274906 -0.22274906 -0.22274906 -0.22274906 -0.22274906 -0.22274906
 -0.22274906 -0.22274906 -0.22274906 -0.22274906 -0.22274906 -0.22274906
 -0.22274906 -0.22274906 -0.22274906 -0.22274906 -0.22274906 -0.22274906
 -0.22274906 -0.22274906 -0.22274906 -0.22274906 -0.22274906 -0.22274906
 -0.22274906 -0.22274906 -0.22274906 -0.22274906 -0.22274906 -0.22274906
 -0.22274906 -0.22274906 -0.22274906 -0.22274906 -0.22274906 -0.22274906
 -0.22274906 -0.22274906 -0.22274906 -0.22274906 -0.22274906 -0.22274906
 -0.22274906 -0.22274906 -0.22274906 -0.22274906 -0.22274906 -0.22274906
 -0.22274906 -0.22274906 -0.22274906 -0.22274906 -0.22274906  6.95422091
 -0.22274906 -0.22274906 -0.22274906 -0.22274906 -0.22274906 -0.22274906
 -0.22274906 -0.22274906  3.04894965 -0.22274906  1.32386416 -0.22274906
 -0.22274906 -0.22274906 -0.22274906 -0.22274906 -0.22274906 -0.22274906
 -0.22274906 -0.22274906 -0.22274906 -0.22274906 -0.22274906 -0.22274906
 -0.22274906 -0.22274906  2.46605675 -0.22274906 -0.22274906 -0.22274906
 -0.22274906 -0.22274906 -0.22274906 -0.22274906 -0.22274906 -0.22274906
 -0.22274906 -0.22274906 -0.22274906 -0.22274906 -0.22274906 -0.22274906
 -0.22274906 -0.22274906 -0.22274906 -0.22274906 -0.22274906 -0.22274906
 -0.22274906 -0.22274906 -0.22274906 -0.22274906 -0.22274906 -0.22274906
 -0.22274906 -0.22274906 -0.22274906 -0.22274906 -0.22274906 -0.22274906
 -0.22274906 -0.22274906 -0.22274906 -0.22274906 -0.22274906 -0.22274906
 -0.22274906 -0.22274906 -0.22274906 -0.22274906 -0.22274906 -0.22274906
 -0.22274906 -0.22274906 -0.22274906 -0.22274906 -0.22274906 -0.22274906
 -0.22274906 -0.22274906 -0.22274906 -0.22274906 -0.22274906 -0.22274906
 -0.22274906 -0.22274906 -0.22274906 -0.22274906 -0.22274906 -0.22274906
 -0.22274906 -0.22274906 -0.22274906 -0.22274906 -0.22274906 -0.22274906
 -0.22274906 -0.22274906 -0.22274906 -0.22274906 -0.22274906 -0.22274906
 -0.22274906 -0.22274906 -0.22274906 -0.22274906 -0.22274906 -0.22274906
 -0.22274906 -0.22274906 -0.22274906 -0.22274906 -0.22274906 -0.22274906
 -0.22274906 -0.22274906 -0.22274906 -0.22274906 -0.22274906 -0.22274906
 -0.22274906 -0.22274906 -0.22274906 -0.22274906 -0.22274906 -0.22274906
  3.73025767 -0.22274906 -0.22274906 -0.22274906 -0.22274906  3.71547733
 -0.22274906 -0.22274906 -0.22274906 -0.22274906 -0.22274906 -0.22274906
 -0.22274906 -0.22274906 -0.22274906 -0.22274906 -0.22274906 -0.22274906
 -0.22274906 -0.22274906 -0.22274906 -0.22274906 -0.22274906 -0.22274906
 -0.22274906  4.32951317 -0.22274906 -0.22274906  4.08863853 -0.22274906
  2.29523716 -0.22274906 -0.22274906  5.22569156 -0.22274906 -0.22274906
 -0.22274906 -0.22274906 -0.22274906 -0.22274906 -0.22274906 -0.22274906
 -0.22274906 -0.22274906 -0.22274906  6.34105619  3.65888206 -0.22274906
 -0.22274906 -0.22274906 -0.22274906  3.53281094 -0.22274906  0.28731307
 -0.22274906 -0.22274906 -0.22274906 -0.22274906 -0.22274906 -0.22274906
  4.39320112 -0.22274906 -0.22274906 -0.22274906  4.12695331 -0.22274906
 -0.22274906  2.7544658  -0.22274906 -0.22274906 -0.22274906 -0.22274906
 -0.22274906  3.79595361 -0.22274906 -0.22274906 -0.22274906  6.82110077
  2.4447326  -0.22274906 -0.22274906 -0.22274906 -0.22274906 -0.22274906
 -0.22274906 -0.22274906 -0.22274906 -0.22274906 -0.22274906 -0.22274906
 -0.22274906 -0.22274906 -0.22274906 -0.22274906 -0.22274906 -0.22274906
 -0.22274906 -0.22274906 -0.22274906 -0.22274906  2.74213382  5.55818119
 -0.22274906  0.98414516 -0.22274906 -0.22274906 -0.22274906 -0.22274906
 -0.22274906 -0.22274906 -0.22274906 -0.22274906 -0.22274906 -0.22274906
 -0.22274906 -0.22274906 -0.22274906 -0.22274906 -0.22274906 -0.22274906
 -0.22274906 -0.22274906 -0.22274906 -0.22274906 -0.22274906 -0.22274906
 -0.22274906 -0.22274906 -0.22274906 -0.22274906 -0.22274906 -0.22274906
 -0.22274906 -0.22274906 -0.22274906 -0.22274906 -0.22274906 -0.22274906
 -0.22274906 -0.22274906 -0.22274906 -0.22274906 -0.22274906 -0.22274906
 -0.22274906 -0.22274906 -0.22274906 -0.22274906 -0.22274906 -0.22274906
 -0.22274906 -0.22274906 -0.22274906 -0.22274906 -0.22274906 -0.22274906
 -0.22274906 -0.22274906 -0.22274906 -0.22274906 -0.22274906 -0.22274906
 -0.22274906 -0.22274906 -0.22274906 -0.22274906 -0.22274906 -0.22274906
 -0.22274906 -0.22274906 -0.22274906 -0.22274906 -0.22274906 -0.22274906
 -0.22274906 -0.22274906 -0.22274906 -0.22274906 -0.22274906 -0.22274906
 -0.22274906 -0.22274906 -0.22274906 -0.22274906 -0.22274906 -0.22274906
 -0.22274906 -0.22274906 -0.22274906 -0.22274906 -0.22274906 -0.22274906
 -0.22274906 -0.22274906 -0.22274906 -0.22274906 -0.22274906 -0.22274906
 -0.22274906 -0.22274906 -0.22274906 -0.22274906 -0.22274906 -0.22274906
 -0.22274906 -0.22274906 -0.22274906 -0.22274906 -0.22274906 -0.22274906
 -0.22274906 -0.22274906 -0.22274906 -0.22274906 -0.22274906  5.37538025
 -0.22274906 -0.22274906 -0.22274906 -0.22274906 -0.22274906 -0.22274906
 -0.22274906 -0.22274906 -0.22274906 -0.22274906 -0.22274906 -0.22274906
 -0.22274906 -0.22274906 -0.22274906 -0.22274906 -0.22274906 -0.22274906
 -0.22274906 -0.22274906 -0.22274906 -0.22274906 -0.22274906 -0.22274906
  0.37789806 -0.22274906 -0.22274906 -0.22274906 -0.22274906 -0.22274906
 -0.22274906 -0.22274906 -0.22274906 -0.22274906 -0.22274906 -0.22274906
 -0.22274906 -0.22274906  4.84067967 -0.22274906  6.39437716 -0.22274906
 -0.22274906 -0.22274906 -0.22274906 -0.22274906  3.22676018 -0.22274906
 -0.22274906 -0.22274906 -0.22274906 -0.22274906 -0.22274906 -0.22274906
 -0.22274906 -0.22274906 -0.22274906 -0.22274906 -0.22274906 -0.22274906
 -0.22274906  3.73682231 -0.22274906 -0.22274906 -0.22274906 -0.22274906
 -0.22274906 -0.22274906 -0.22274906 -0.22274906 -0.22274906 -0.22274906
 -0.22274906 -0.22274906 -0.22274906 -0.22274906 -0.22274906 -0.22274906
 -0.22274906 -0.22274906 -0.22274906 -0.22274906 -0.22274906 -0.22274906
 -0.22274906 -0.22274906 -0.22274906 -0.22274906 -0.22274906 -0.22274906
 -0.22274906 -0.22274906 -0.22274906 -0.22274906]",[-0.011034117949828032]
0,"[-0.14078754 -0.14078754 -0.14078754 -0.14078754 -0.14078754 -0.14078754
 -0.14078754 -0.14078754 -0.14078754 -0.14078754 -0.14078754 -0.14078754
 -0.14078754 -0.14078754 -0.14078754 -0.14078754 -0.14078754 -0.14078754
  1.93265009 -0.14078754 -0.14078754 -0.14078754 -0.14078754 -0.14078754
 -0.14078754 -0.14078754 -0.14078754 -0.14078754 -0.14078754 -0.14078754
 -0.14078754 -0.14078754 -0.14078754 -0.14078754 -0.14078754 -0.14078754
 -0.14078754 -0.14078754 -0.14078754 -0.14078754 -0.14078754 -0.14078754
 -0.14078754 -0.14078754 -0.14078754 -0.14078754 -0.14078754 -0.14078754
 -0.14078754 -0.14078754 -0.14078754 -0.14078754 -0.14078754 -0.14078754
 -0.14078754 -0.14078754 -0.14078754 -0.14078754  4.08764651 -0.14078754
 -0.14078754 -0.14078754 -0.14078754 -0.14078754 -0.14078754 -0.14078754
 -0.14078754 -0.14078754 -0.14078754 -0.14078754 -0.14078754 -0.14078754
 -0.14078754 -0.14078754 -0.14078754 -0.14078754 -0.14078754 -0.14078754
 -0.14078754 -0.14078754 -0.14078754 -0.14078754 -0.14078754 12.04644772
 -0.14078754 -0.14078754 -0.14078754 -0.14078754  1.08711672 -0.14078754
 -0.14078754 -0.14078754 -0.14078754 -0.14078754 -0.14078754 -0.14078754
 -0.14078754 -0.14078754 -0.14078754 -0.14078754 -0.14078754 -0.14078754
 -0.14078754 -0.14078754 -0.14078754 -0.14078754 -0.14078754 -0.14078754
 -0.14078754 -0.14078754  0.24798069 -0.14078754 -0.14078754 -0.14078754
 -0.14078754 -0.14078754 -0.14078754 -0.14078754 -0.14078754 -0.14078754
 -0.14078754 -0.14078754 -0.14078754 -0.14078754 -0.14078754 -0.14078754
 -0.14078754 -0.14078754 -0.14078754 -0.14078754 -0.14078754 -0.14078754
 -0.14078754 -0.14078754 -0.14078754 -0.14078754 -0.14078754 -0.14078754
 -0.14078754 -0.14078754 -0.14078754 -0.14078754 -0.14078754 -0.14078754
 -0.14078754 -0.14078754 -0.14078754 -0.14078754 -0.14078754 -0.14078754
 -0.14078754 -0.14078754 -0.14078754 -0.14078754 -0.14078754 -0.14078754
 -0.14078754 -0.14078754 -0.14078754 -0.14078754 -0.14078754 -0.14078754
 -0.14078754 -0.14078754 -0.14078754 -0.14078754 -0.14078754 -0.14078754
 -0.14078754 -0.14078754 -0.14078754 -0.14078754 -0.14078754  2.11727601
 -0.14078754 -0.14078754 -0.14078754 -0.14078754 -0.14078754 -0.14078754
 -0.14078754 -0.14078754 -0.14078754 -0.14078754 -0.14078754 -0.14078754
 -0.14078754 -0.14078754 -0.14078754 -0.14078754 -0.14078754 -0.14078754
 -0.14078754 -0.14078754 -0.14078754 -0.14078754 -0.14078754 -0.14078754
 -0.14078754 -0.14078754  6.62720227 -0.14078754 -0.14078754 -0.14078754
 -0.14078754 -0.14078754 -0.14078754 -0.14078754 -0.14078754 -0.14078754
  7.16814536 -0.14078754 -0.14078754 -0.14078754 -0.14078754  1.33791855
 -0.14078754 -0.14078754 -0.14078754 -0.14078754 -0.14078754 -0.14078754
 -0.14078754 -0.14078754 -0.14078754 -0.14078754 -0.14078754 -0.14078754
 -0.14078754 -0.14078754 -0.14078754 -0.14078754 -0.14078754 -0.14078754
 -0.14078754  0.14304037 -0.14078754 -0.14078754 -0.14078754 -0.14078754
 -0.14078754 -0.14078754 -0.14078754 -0.14078754 -0.14078754 -0.14078754
 -0.14078754 -0.14078754 -0.14078754 -0.14078754 -0.14078754 -0.14078754
 -0.14078754 -0.14078754 -0.14078754 -0.14078754 -0.14078754 -0.14078754
 -0.14078754 -0.14078754 -0.14078754  1.86823058 -0.14078754 -0.14078754
 -0.14078754 -0.14078754 -0.14078754 -0.14078754 -0.14078754 -0.14078754
 -0.14078754 -0.14078754 -0.14078754 -0.14078754 -0.14078754 -0.14078754
 -0.14078754 -0.14078754 -0.14078754 -0.14078754 -0.14078754 -0.14078754
 -0.14078754 -0.14078754 -0.14078754 -0.14078754 -0.14078754  4.7926134
 -0.14078754 -0.14078754 -0.14078754 -0.14078754 -0.14078754 -0.14078754
 -0.14078754 -0.14078754 -0.14078754 -0.14078754 -0.14078754 -0.14078754
 -0.14078754 -0.14078754 -0.14078754 -0.14078754 -0.14078754 -0.14078754
 -0.14078754 -0.14078754 -0.14078754 -0.14078754 -0.14078754  9.31316053
 -0.14078754 -0.14078754 -0.14078754 -0.14078754 -0.14078754 -0.14078754
 -0.14078754 -0.14078754 -0.14078754 -0.14078754 -0.14078754 -0.14078754
 -0.14078754 -0.14078754 -0.14078754 -0.14078754 -0.14078754 -0.14078754
 -0.14078754 -0.14078754 -0.14078754 -0.14078754 -0.14078754 -0.14078754
 -0.14078754 -0.14078754 -0.14078754 -0.14078754 -0.14078754 -0.14078754
 -0.14078754 -0.14078754 -0.14078754 -0.14078754 -0.14078754 -0.14078754
 -0.14078754 -0.14078754 -0.14078754 -0.14078754 -0.14078754 -0.14078754
 -0.14078754 -0.14078754 -0.14078754 -0.14078754 -0.14078754 -0.14078754
 -0.14078754 -0.14078754 -0.14078754 -0.14078754 -0.14078754 -0.14078754
 -0.14078754 -0.14078754 -0.14078754 -0.14078754 -0.14078754 -0.14078754
 -0.14078754 -0.14078754 -0.14078754 -0.14078754 -0.14078754 -0.14078754
 -0.14078754 -0.14078754 -0.14078754 -0.14078754 -0.14078754 -0.14078754
 -0.14078754 -0.14078754 -0.14078754 -0.14078754 -0.14078754 -0.14078754
 -0.14078754 -0.14078754 -0.14078754 -0.14078754 -0.14078754 -0.14078754
 -0.14078754 -0.14078754 -0.14078754 -0.14078754 -0.14078754 -0.14078754
 -0.14078754 -0.14078754 -0.14078754 -0.14078754 -0.14078754 -0.14078754
 -0.14078754 -0.14078754 -0.14078754 -0.14078754 -0.14078754 -0.14078754
 -0.14078754 -0.14078754 -0.14078754 -0.14078754 -0.14078754 -0.14078754
 -0.14078754 -0.14078754 -0.14078754 -0.14078754 -0.14078754 -0.14078754
 -0.14078754 -0.14078754 -0.14078754 -0.14078754 -0.14078754 -0.14078754
 -0.14078754 -0.14078754 -0.14078754 -0.14078754 -0.14078754 -0.14078754
 -0.14078754 -0.14078754 -0.14078754 -0.14078754 -0.14078754 -0.14078754
 -0.14078754 -0.14078754 -0.14078754 -0.14078754 -0.14078754 -0.14078754
 -0.14078754 -0.14078754 -0.14078754 -0.14078754 -0.14078754 -0.14078754
 -0.14078754 -0.14078754 -0.14078754 -0.14078754 -0.14078754 -0.14078754
 -0.14078754 -0.14078754  9.29603537 -0.14078754 -0.14078754 -0.14078754
  5.55721512 -0.14078754 -0.14078754 -0.14078754 -0.14078754 -0.14078754
 -0.14078754 -0.14078754 -0.14078754 -0.14078754 -0.14078754 -0.14078754
 -0.14078754 -0.14078754 -0.14078754 -0.14078754 -0.14078754 -0.14078754
 -0.14078754  3.33424287 -0.14078754 -0.14078754 -0.14078754 -0.14078754
 -0.14078754 -0.14078754 -0.14078754 -0.14078754 -0.14078754 -0.14078754
 -0.14078754 -0.14078754 -0.14078754 -0.14078754 -0.14078754 -0.14078754
 -0.14078754 -0.14078754 -0.14078754 -0.14078754 -0.14078754 -0.14078754
 -0.14078754 -0.14078754 -0.14078754 -0.14078754 -0.14078754 -0.14078754
 -0.14078754 -0.14078754 -0.14078754 -0.14078754]",[-0.11047609354630547]
0,"[-0.25328499 -0.25328499 -0.25328499 -0.25328499  0.02176982 -0.25328499
 -0.25328499 -0.25328499 -0.25328499 -0.25328499 -0.25328499 -0.25328499
 -0.25328499 -0.25328499 -0.25328499 -0.25328499 -0.25328499 -0.25328499
  0.59822764 -0.25328499 -0.25328499 -0.25328499 -0.25328499 -0.25328499
 -0.25328499 -0.25328499 -0.25328499 -0.25328499 -0.25328499 -0.25328499
 -0.25328499 -0.25328499 -0.25328499 -0.25328499 -0.25328499 -0.25328499
 -0.25328499 -0.25328499 -0.25328499 -0.25328499 -0.25328499 -0.25328499
 -0.25328499 -0.25328499 -0.25328499 -0.25328499 -0.25328499 -0.25328499
 -0.25328499 -0.25328499 -0.25328499 -0.25328499 -0.25328499 -0.25328499
 -0.25328499 -0.25328499 -0.25328499 -0.25328499 -0.25328499 -0.25328499
 -0.25328499 -0.25328499 -0.25328499 -0.25328499 -0.25328499 -0.25328499
 -0.25328499 -0.25328499 -0.25328499 -0.25328499 -0.25328499 -0.25328499
 -0.25328499 -0.25328499 -0.25328499 -0.25328499 -0.25328499 -0.25328499
 -0.25328499 -0.25328499 -0.25328499 -0.25328499 -0.25328499  5.72151299
 -0.25328499 -0.25328499 -0.25328499 -0.25328499  0.44306715 -0.25328499
 -0.25328499 -0.25328499  3.23329558 -0.25328499  1.11510241 -0.25328499
 -0.25328499 -0.25328499 -0.25328499 -0.25328499 -0.25328499 -0.25328499
 -0.25328499 -0.25328499 -0.25328499 -0.25328499 -0.25328499 -0.25328499
 -0.25328499 -0.25328499  1.61990759 -0.25328499 -0.25328499 -0.25328499
 -0.25328499 -0.25328499  0.8348878  -0.25328499 -0.25328499 -0.25328499
 -0.25328499 -0.25328499 -0.25328499 -0.25328499 -0.25328499 -0.25328499
 -0.25328499 -0.25328499 -0.25328499 -0.25328499 -0.25328499 -0.25328499
 -0.25328499 -0.25328499 -0.25328499 -0.25328499 -0.25328499 -0.25328499
 -0.25328499 -0.25328499 -0.25328499 -0.25328499 -0.25328499 -0.25328499
 -0.25328499 -0.25328499 -0.25328499 -0.25328499 -0.25328499 -0.25328499
 -0.25328499 -0.25328499 -0.25328499 -0.25328499 -0.25328499 -0.25328499
 -0.25328499 -0.25328499 -0.25328499 -0.25328499 -0.25328499 -0.25328499
 -0.25328499 -0.25328499 -0.25328499 -0.25328499 -0.25328499 -0.25328499
 -0.25328499 -0.25328499 -0.25328499 -0.25328499 -0.25328499 -0.25328499
 -0.25328499 -0.25328499 -0.25328499 -0.25328499 -0.25328499 -0.25328499
 -0.25328499 -0.25328499 -0.25328499 -0.25328499 -0.25328499 -0.25328499
  1.02727688 -0.25328499 -0.25328499 -0.25328499 -0.25328499 -0.25328499
 -0.25328499 -0.25328499 -0.25328499 -0.25328499 -0.25328499 -0.25328499
 -0.25328499 -0.25328499  2.4014889  -0.25328499 -0.25328499 -0.25328499
 -0.25328499 -0.25328499 -0.25328499 -0.25328499 -0.25328499 -0.25328499
  3.07667634 -0.25328499 -0.16848298 -0.25328499 -0.25328499  3.76145363
 -0.25328499 -0.25328499 -0.25328499 -0.25328499 -0.25328499 -0.25328499
 -0.25328499 -0.25328499 -0.25328499 -0.25328499 -0.25328499 -0.25328499
 -0.25328499 -0.25328499 -0.25328499 -0.25328499 -0.25328499 -0.25328499
 -0.25328499  3.70574448 -0.25328499 -0.25328499  3.44171861 -0.25328499
  2.91378179  0.76185469 -0.25328499  4.35753071 -0.25328499 -0.25328499
 -0.25328499 -0.25328499 -0.25328499 -0.25328499 -0.25328499 -0.25328499
 -0.25328499 -0.25328499 -0.25328499  5.84675847  4.9232935  -0.25328499
 -0.25328499 -0.25328499  2.65287415  4.41496749 -0.25328499  0.52304495
 -0.25328499 -0.25328499 -0.25328499 -0.25328499 -0.25328499 -0.25328499
  4.43643999 -0.25328499  2.40541445 -0.25328499  4.33278332  3.6089764
 -0.25328499  3.06030392 -0.25328499 -0.25328499 -0.25328499 -0.25328499
 -0.25328499  1.12247332 -0.25328499 -0.25328499  1.29205101  6.00616117
  3.87619408 -0.25328499 -0.25328499 -0.25328499 -0.25328499 -0.25328499
 -0.25328499 -0.25328499 -0.25328499 -0.25328499 -0.25328499 -0.25328499
 -0.25328499 -0.25328499 -0.25328499 -0.25328499 -0.25328499 -0.25328499
 -0.25328499 -0.25328499 -0.25328499 -0.25328499 -0.25328499  4.5841336
 -0.25328499  2.85675301 -0.25328499 -0.25328499 -0.25328499 -0.25328499
 -0.25328499 -0.25328499 -0.25328499 -0.25328499 -0.25328499 -0.25328499
 -0.25328499 -0.25328499 -0.25328499 -0.25328499 -0.25328499 -0.25328499
 -0.25328499 -0.25328499 -0.25328499 -0.25328499 -0.25328499 -0.25328499
 -0.25328499 -0.25328499 -0.25328499 -0.25328499 -0.25328499 -0.25328499
 -0.25328499 -0.25328499 -0.25328499 -0.25328499 -0.25328499 -0.25328499
 -0.25328499 -0.25328499 -0.25328499 -0.25328499 -0.25328499 -0.25328499
 -0.25328499 -0.25328499 -0.25328499 -0.25328499 -0.25328499 -0.25328499
 -0.25328499 -0.25328499 -0.25328499 -0.25328499 -0.25328499 -0.25328499
 -0.25328499 -0.25328499 -0.25328499 -0.25328499 -0.25328499 -0.25328499
 -0.25328499 -0.25328499 -0.25328499 -0.25328499 -0.25328499 -0.25328499
 -0.25328499 -0.25328499 -0.25328499 -0.25328499 -0.25328499 -0.25328499
 -0.25328499 -0.25328499 -0.25328499 -0.25328499 -0.25328499 -0.25328499
 -0.25328499 -0.25328499 -0.25328499 -0.25328499 -0.25328499 -0.25328499
 -0.25328499 -0.25328499 -0.25328499 -0.25328499 -0.25328499 -0.25328499
 -0.25328499 -0.25328499 -0.25328499 -0.25328499 -0.25328499 -0.25328499
 -0.25328499 -0.25328499 -0.25328499 -0.25328499 -0.25328499 -0.25328499
 -0.25328499 -0.25328499 -0.25328499 -0.25328499 -0.25328499 -0.25328499
 -0.25328499 -0.25328499 -0.25328499 -0.25328499 -0.25328499  5.38328595
 -0.25328499 -0.25328499 -0.25328499 -0.25328499 -0.25328499 -0.25328499
 -0.25328499 -0.25328499 -0.25328499 -0.25328499 -0.25328499 -0.25328499
 -0.25328499 -0.25328499 -0.25328499 -0.25328499 -0.25328499 -0.25328499
 -0.25328499 -0.25328499 -0.25328499 -0.25328499 -0.25328499 -0.25328499
 -0.25328499 -0.25328499 -0.25328499 -0.25328499 -0.25328499 -0.25328499
 -0.25328499 -0.25328499 -0.25328499 -0.25328499 -0.25328499 -0.25328499
 -0.25328499 -0.25328499  4.63080742 -0.25328499 -0.25328499 -0.25328499
  5.9298916  -0.25328499 -0.25328499  3.25000043  3.12523859 -0.25328499
 -0.25328499 -0.25328499 -0.25328499 -0.25328499 -0.25328499 -0.25328499
 -0.25328499 -0.25328499 -0.25328499 -0.25328499 -0.25328499 -0.25328499
 -0.25328499  3.97923097 -0.25328499 -0.25328499 -0.25328499  0.21561757
 -0.25328499 -0.25328499 -0.25328499 -0.25328499 -0.25328499 -0.25328499
 -0.25328499 -0.25328499 -0.25328499 -0.25328499 -0.25328499 -0.25328499
 -0.25328499 -0.25328499 -0.25328499 -0.25328499 -0.25328499 -0.25328499
 -0.25328499 -0.25328499 -0.25328499 -0.25328499 -0.25328499 -0.25328499
 -0.25328499 -0.25328499 -0.25328499 -0.25328499]",[-0.014382884482668445]
0,"[-0.10558771 -0.10558771 -0.10558771 -0.10558771 -0.10558771 -0.10558771
 -0.10558771 -0.10558771 -0.10558771 -0.10558771 -0.10558771 -0.10558771
 -0.10558771 -0.10558771 -0.10558771 -0.10558771 -0.10558771 -0.10558771
 -0.10558771 -0.10558771 -0.10558771 -0.10558771 -0.10558771 -0.10558771
 -0.10558771 -0.10558771 -0.10558771 -0.10558771 -0.10558771 -0.10558771
 -0.10558771 -0.10558771 -0.10558771 -0.10558771 -0.10558771 -0.10558771
 -0.10558771 -0.10558771 -0.10558771 -0.10558771 -0.10558771 -0.10558771
 -0.10558771 -0.10558771 -0.10558771 -0.10558771 -0.10558771 -0.10558771
 -0.10558771 -0.10558771 -0.10558771 -0.10558771 -0.10558771 -0.10558771
 -0.10558771 -0.10558771 -0.10558771 -0.10558771  2.26553246 -0.10558771
 -0.10558771 -0.10558771 -0.10558771 -0.10558771 -0.10558771 -0.10558771
 -0.10558771 -0.10558771 -0.10558771 -0.10558771 -0.10558771 -0.10558771
 -0.10558771 -0.10558771 -0.10558771 -0.10558771 -0.10558771 -0.10558771
 -0.10558771 -0.10558771 -0.10558771 -0.10558771 -0.10558771 13.41772723
 -0.10558771 -0.10558771 -0.10558771 -0.10558771 -0.10558771 -0.10558771
 -0.10558771 -0.10558771 -0.10558771 -0.10558771 -0.10558771 -0.10558771
 -0.10558771 -0.10558771 -0.10558771 -0.10558771 -0.10558771 -0.10558771
 -0.10558771 -0.10558771 -0.10558771 -0.10558771 -0.10558771 -0.10558771
 -0.10558771 -0.10558771 -0.10558771 -0.10558771 -0.10558771 -0.10558771
 -0.10558771 -0.10558771 -0.10558771 -0.10558771 -0.10558771 -0.10558771
 -0.10558771 -0.10558771 -0.10558771 -0.10558771 -0.10558771 -0.10558771
 -0.10558771 -0.10558771 -0.10558771 -0.10558771 -0.10558771 -0.10558771
 -0.10558771 -0.10558771 -0.10558771 -0.10558771 -0.10558771 -0.10558771
 -0.10558771 -0.10558771 -0.10558771 -0.10558771 -0.10558771 -0.10558771
 -0.10558771 -0.10558771 -0.10558771 -0.10558771 -0.10558771 -0.10558771
 -0.10558771 -0.10558771 -0.10558771 -0.10558771 -0.10558771 -0.10558771
 -0.10558771 -0.10558771 -0.10558771 -0.10558771 -0.10558771 -0.10558771
 -0.10558771 -0.10558771 -0.10558771 -0.10558771 -0.10558771 -0.10558771
 -0.10558771 -0.10558771 -0.10558771 -0.10558771 -0.10558771 -0.10558771
 -0.10558771 -0.10558771 -0.10558771 -0.10558771 -0.10558771 -0.10558771
 -0.10558771 -0.10558771 -0.10558771 -0.10558771 -0.10558771 -0.10558771
 -0.10558771 -0.10558771 -0.10558771 -0.10558771 -0.10558771 -0.10558771
 -0.10558771 -0.10558771 -0.10558771 -0.10558771 -0.10558771 -0.10558771
 -0.10558771 -0.10558771 -0.10558771 -0.10558771 -0.10558771 -0.10558771
 -0.10558771 -0.10558771 -0.10558771 -0.10558771 -0.10558771 -0.10558771
  4.45319402 -0.10558771 -0.10558771 -0.10558771 -0.10558771  0.79432636
 -0.10558771 -0.10558771 -0.10558771 -0.10558771 -0.10558771 -0.10558771
 -0.10558771 -0.10558771 -0.10558771 -0.10558771 -0.10558771 -0.10558771
 -0.10558771 -0.10558771 -0.10558771 -0.10558771 -0.10558771 -0.10558771
 -0.10558771  0.19245088 -0.10558771 -0.10558771 -0.10558771 -0.10558771
 -0.10558771  0.73002189 -0.10558771 -0.10558771 -0.10558771 -0.10558771
 -0.10558771 -0.10558771 -0.10558771 -0.10558771 -0.10558771 -0.10558771
 -0.10558771 -0.10558771 -0.10558771 -0.10558771 -0.10558771 -0.10558771
 -0.10558771 -0.10558771 -0.10558771 -0.10558771 -0.10558771 -0.10558771
 -0.10558771 -0.10558771 -0.10558771 -0.10558771 -0.10558771 -0.10558771
 -0.10558771 -0.10558771 -0.10558771 -0.10558771 -0.10558771 -0.10558771
 -0.10558771 -0.10558771 -0.10558771 -0.10558771 -0.10558771 -0.10558771
 -0.10558771 -0.10558771 -0.10558771 -0.10558771 -0.10558771 -0.10558771
 -0.10558771 -0.10558771 -0.10558771 -0.10558771 -0.10558771 -0.10558771
 -0.10558771 -0.10558771 -0.10558771 -0.10558771 -0.10558771 -0.10558771
 -0.10558771 -0.10558771 -0.10558771 -0.10558771 -0.10558771 -0.10558771
 -0.10558771 -0.10558771 -0.10558771 -0.10558771 -0.10558771  6.58170364
 -0.10558771 -0.10558771 -0.10558771 -0.10558771 -0.10558771 -0.10558771
 -0.10558771 -0.10558771 -0.10558771 -0.10558771 -0.10558771 -0.10558771
 -0.10558771 -0.10558771 -0.10558771 -0.10558771 -0.10558771 -0.10558771
 -0.10558771 -0.10558771 -0.10558771 -0.10558771 -0.10558771 -0.10558771
 -0.10558771 -0.10558771 -0.10558771 -0.10558771 -0.10558771 -0.10558771
 -0.10558771 -0.10558771 -0.10558771 -0.10558771 -0.10558771 -0.10558771
 -0.10558771 -0.10558771 -0.10558771 -0.10558771 -0.10558771 -0.10558771
 -0.10558771 -0.10558771 -0.10558771 -0.10558771 -0.10558771 -0.10558771
 -0.10558771 -0.10558771 -0.10558771 -0.10558771 -0.10558771 -0.10558771
 -0.10558771 -0.10558771 -0.10558771 -0.10558771 -0.10558771 -0.10558771
 -0.10558771 -0.10558771 -0.10558771 -0.10558771 -0.10558771 -0.10558771
 -0.10558771 -0.10558771 -0.10558771 -0.10558771 -0.10558771 -0.10558771
 -0.10558771 -0.10558771 -0.10558771 -0.10558771 -0.10558771 -0.10558771
 -0.10558771 -0.10558771 -0.10558771 -0.10558771 -0.10558771 -0.10558771
 -0.10558771 -0.10558771 -0.10558771 -0.10558771 -0.10558771 -0.10558771
 -0.10558771 -0.10558771 -0.10558771 -0.10558771 -0.10558771 -0.10558771
 -0.10558771 -0.10558771 -0.10558771 -0.10558771 -0.10558771 -0.10558771
 -0.10558771 -0.10558771 -0.10558771 -0.10558771 -0.10558771 -0.10558771
 -0.10558771 -0.10558771 -0.10558771 -0.10558771 -0.10558771 -0.10558771
 -0.10558771 -0.10558771 -0.10558771 -0.10558771 -0.10558771 -0.10558771
 -0.10558771 -0.10558771 -0.10558771 -0.10558771 -0.10558771 -0.10558771
 -0.10558771 -0.10558771 -0.10558771 -0.10558771 -0.10558771 -0.10558771
 -0.10558771 -0.10558771 -0.10558771 -0.10558771 -0.10558771 -0.10558771
 -0.10558771 -0.10558771 -0.10558771 -0.10558771 -0.10558771 -0.10558771
 -0.10558771 -0.10558771 -0.10558771 -0.10558771 -0.10558771 -0.10558771
 -0.10558771 -0.10558771 13.87203463 -0.10558771 -0.10558771 -0.10558771
  8.17645894 -0.10558771 -0.10558771 -0.10558771 -0.10558771 -0.10558771
 -0.10558771 -0.10558771 -0.10558771 -0.10558771 -0.10558771 -0.10558771
 -0.10558771 -0.10558771 -0.10558771 -0.10558771 -0.10558771 -0.10558771
 -0.10558771  1.94867505 -0.10558771 -0.10558771 -0.10558771  1.31201912
 -0.10558771 -0.10558771 -0.10558771 -0.10558771 -0.10558771 -0.10558771
 -0.10558771 -0.10558771 -0.10558771 -0.10558771 -0.10558771 -0.10558771
 -0.10558771 -0.10558771 -0.10558771 -0.10558771 -0.10558771 -0.10558771
 -0.10558771 -0.10558771 -0.10558771 -0.10558771 -0.10558771 -0.10558771
 -0.10558771 -0.10558771 -0.10558771 -0.10558771]",[-0.1536121855162305]
0,"[-0.14988698 -0.14988698 -0.14988698 -0.14988698 -0.14988698 -0.14988698
 -0.14988698 -0.14988698 -0.14988698 -0.14988698 -0.14988698 -0.14988698
 -0.14988698 -0.14988698 -0.14988698 -0.14988698 -0.14988698 -0.14988698
 -0.14988698 -0.14988698 -0.14988698 -0.14988698 -0.14988698 -0.14988698
 -0.14988698 -0.14988698 -0.14988698 -0.14988698 -0.14988698 -0.14988698
 -0.14988698 -0.14988698 -0.14988698 -0.14988698 -0.14988698 -0.14988698
 -0.14988698 -0.14988698 -0.14988698 -0.14988698 -0.14988698 -0.14988698
 -0.14988698 -0.14988698 -0.14988698 -0.14988698 -0.14988698 -0.14988698
 -0.14988698 -0.14988698 -0.14988698 -0.14988698 -0.14988698 -0.14988698
 -0.14988698 -0.14988698 -0.14988698 -0.14988698 -0.14988698 -0.14988698
 -0.14988698 -0.14988698 -0.14988698 -0.14988698 -0.14988698 -0.14988698
 -0.14988698 -0.14988698 -0.14988698 -0.14988698 -0.14988698 -0.14988698
 -0.14988698 -0.14988698 -0.14988698 -0.14988698 -0.14988698 -0.14988698
 -0.14988698 -0.14988698 -0.14988698 -0.14988698 -0.14988698 12.00076544
 -0.14988698  4.77454572 -0.14988698 -0.14988698 -0.14988698 -0.14988698
 -0.14988698 -0.14988698 -0.14988698 -0.14988698 -0.14988698 -0.14988698
 -0.14988698 -0.14988698 -0.14988698 -0.14988698 -0.14988698 -0.14988698
 -0.14988698 -0.14988698 -0.14988698 -0.14988698 -0.14988698 -0.14988698
 -0.14988698 -0.14988698  9.13327248 -0.14988698 -0.14988698 -0.14988698
 -0.14988698 -0.14988698  3.96415679 -0.14988698 -0.14988698 -0.14988698
 -0.14988698 -0.14988698 -0.14988698 -0.14988698  3.0230426  -0.14988698
 -0.14988698 -0.14988698 -0.14988698 -0.14988698 -0.14988698 -0.14988698
 -0.14988698 -0.14988698 -0.14988698 -0.14988698 -0.14988698 -0.14988698
 -0.14988698 -0.14988698 -0.14988698 -0.14988698 -0.14988698 -0.14988698
 -0.14988698 -0.14988698 -0.14988698 -0.14988698 -0.14988698 -0.14988698
 -0.14988698 -0.14988698 -0.14988698 -0.14988698 -0.14988698 -0.14988698
 -0.14988698 -0.14988698 -0.14988698 -0.14988698 -0.14988698 -0.14988698
 -0.14988698 -0.14988698 -0.14988698 -0.14988698 -0.14988698 -0.14988698
 -0.14988698 -0.14988698 -0.14988698 -0.14988698 -0.14988698 -0.14988698
 -0.14988698 -0.14988698 -0.14988698 -0.14988698 -0.14988698 -0.14988698
 -0.14988698 -0.14988698 -0.14988698 -0.14988698 -0.14988698 -0.14988698
 -0.14988698 -0.14988698 -0.14988698 -0.14988698 -0.14988698 -0.14988698
 -0.14988698 -0.14988698 -0.14988698 -0.14988698 -0.14988698 -0.14988698
 -0.14988698 -0.14988698 -0.14988698 -0.14988698 -0.14988698  2.29345485
 -0.14988698 -0.14988698 -0.14988698 -0.14988698 -0.14988698 -0.14988698
 -0.14988698 -0.14988698 -0.14988698 -0.14988698 -0.14988698  3.84308137
 -0.14988698 -0.14988698 -0.14988698 -0.14988698 -0.14988698 -0.14988698
 -0.14988698 -0.14988698 -0.14988698 -0.14988698 -0.14988698 -0.14988698
 -0.14988698 -0.14988698 -0.14988698 -0.14988698 -0.14988698 -0.14988698
 -0.14988698  1.8540512  -0.14988698 -0.14988698 -0.14988698 -0.14988698
 -0.14988698 -0.14988698 -0.14988698 -0.14988698 -0.14988698 -0.14988698
 -0.14988698 -0.14988698 -0.14988698 -0.14988698 -0.14988698 -0.14988698
 -0.14988698 -0.14988698 -0.14988698 -0.14988698 -0.14988698 -0.14988698
 -0.14988698 -0.14988698 -0.14988698 -0.14988698 -0.14988698 -0.14988698
 -0.14988698 -0.14988698 -0.14988698 -0.14988698 -0.14988698 -0.14988698
 -0.14988698 -0.14988698 -0.14988698 -0.14988698 -0.14988698 -0.14988698
 -0.14988698 -0.14988698 -0.14988698 -0.14988698 -0.14988698 -0.14988698
 -0.14988698 -0.14988698 -0.14988698 -0.14988698 -0.14988698  3.58912
 -0.14988698 -0.14988698 -0.14988698 -0.14988698 -0.14988698 -0.14988698
 -0.14988698 -0.14988698  5.52994279 -0.14988698 -0.14988698 -0.14988698
 -0.14988698 -0.14988698 -0.14988698 -0.14988698 -0.14988698 -0.14988698
 -0.14988698 -0.14988698 -0.14988698 -0.14988698 -0.14988698  1.83608516
 -0.14988698  0.97125984 -0.14988698 -0.14988698 -0.14988698 -0.14988698
 -0.14988698 -0.14988698 -0.14988698 -0.14988698 -0.14988698 -0.14988698
 -0.14988698 -0.14988698 -0.14988698 -0.14988698 -0.14988698 -0.14988698
 -0.14988698 -0.14988698 -0.14988698 -0.14988698 -0.14988698 -0.14988698
 -0.14988698 -0.14988698 -0.14988698 -0.14988698 -0.14988698 -0.14988698
 -0.14988698 -0.14988698 -0.14988698 -0.14988698 -0.14988698 -0.14988698
 -0.14988698 -0.14988698 -0.14988698 -0.14988698 -0.14988698 -0.14988698
 -0.14988698 -0.14988698 -0.14988698 -0.14988698 -0.14988698 -0.14988698
 -0.14988698 -0.14988698 -0.14988698 -0.14988698 -0.14988698 -0.14988698
 -0.14988698 -0.14988698 -0.14988698 -0.14988698 -0.14988698 -0.14988698
 -0.14988698 -0.14988698 -0.14988698 -0.14988698 -0.14988698 -0.14988698
 -0.14988698 -0.14988698 -0.14988698 -0.14988698 -0.14988698 -0.14988698
 -0.14988698 -0.14988698 -0.14988698 -0.14988698 -0.14988698 -0.14988698
 -0.14988698 -0.14988698 -0.14988698 -0.14988698 -0.14988698 -0.14988698
 -0.14988698 -0.14988698 -0.14988698 -0.14988698 -0.14988698 -0.14988698
 -0.14988698 -0.14988698 -0.14988698 -0.14988698 -0.14988698 -0.14988698
 -0.14988698 -0.14988698 -0.14988698 -0.14988698 -0.14988698 -0.14988698
 -0.14988698 -0.14988698 -0.14988698 -0.14988698 -0.14988698 -0.14988698
 -0.14988698 -0.14988698 -0.14988698 -0.14988698 -0.14988698 -0.14988698
 -0.14988698 -0.14988698 -0.14988698 -0.14988698 -0.14988698 -0.14988698
 -0.14988698 -0.14988698 -0.14988698 -0.14988698 -0.14988698 -0.14988698
 -0.14988698 -0.14988698 -0.14988698 -0.14988698 -0.14988698 -0.14988698
 -0.14988698 -0.14988698 -0.14988698 -0.14988698 -0.14988698 -0.14988698
 -0.14988698 -0.14988698 -0.14988698 -0.14988698 -0.14988698 -0.14988698
 -0.14988698 -0.14988698 -0.14988698 -0.14988698 -0.14988698 -0.14988698
 -0.14988698 -0.14988698  8.72832134 -0.14988698 -0.14988698 -0.14988698
  8.25854137 -0.14988698 -0.14988698 -0.14988698 -0.14988698 -0.14988698
 -0.14988698 -0.14988698 -0.14988698 -0.14988698 -0.14988698 -0.14988698
 -0.14988698 -0.14988698 -0.14988698 -0.14988698 -0.14988698 -0.14988698
 -0.14988698 -0.14988698 -0.14988698 -0.14988698 -0.14988698 -0.14988698
 -0.14988698 -0.14988698 -0.14988698 -0.14988698 -0.14988698  2.01475304
 -0.14988698 -0.14988698 -0.14988698 -0.14988698 -0.14988698 -0.14988698
 -0.14988698 -0.14988698 -0.14988698 -0.14988698 -0.14988698 -0.14988698
 -0.14988698 -0.14988698 -0.14988698 -0.14988698 -0.14988698 -0.14988698
 -0.14988698 -0.14988698  3.72864377 -0.14988698]",[-0.04796627386537722]
0,"[-0.23617751 -0.23617751 -0.23617751 -0.23617751 -0.17905459 -0.23617751
 -0.23617751 -0.23617751 -0.23617751 -0.23617751 -0.23617751 -0.23617751
 -0.23617751 -0.23617751 -0.23617751 -0.23617751 -0.23617751 -0.23617751
 -0.23617751 -0.23617751 -0.23617751 -0.23617751 -0.23617751 -0.23617751
 -0.23617751 -0.23617751 -0.23617751 -0.23617751 -0.23617751 -0.23617751
 -0.23617751 -0.23617751 -0.23617751 -0.23617751 -0.23617751 -0.23617751
 -0.23617751 -0.23617751 -0.23617751 -0.23617751 -0.23617751 -0.23617751
 -0.23617751 -0.23617751 -0.23617751 -0.23617751 -0.23617751 -0.23617751
 -0.23617751 -0.23617751 -0.23617751 -0.23617751 -0.23617751 -0.23617751
 -0.23617751 -0.23617751 -0.23617751 -0.23617751 -0.23617751 -0.23617751
 -0.23617751 -0.23617751 -0.23617751 -0.23617751 -0.23617751 -0.23617751
 -0.23617751 -0.23617751 -0.23617751 -0.23617751 -0.23617751 -0.23617751
 -0.23617751 -0.23617751 -0.23617751 -0.23617751 -0.23617751 -0.23617751
 -0.23617751 -0.23617751 -0.23617751 -0.23617751 -0.23617751  7.34579581
 -0.23617751 -0.23617751 -0.23617751 -0.23617751 -0.23617751  5.32582943
 -0.23617751 -0.23617751  1.32631622 -0.23617751 -0.23617751 -0.23617751
 -0.23617751 -0.23617751 -0.23617751 -0.23617751 -0.23617751 -0.23617751
 -0.23617751 -0.23617751 -0.23617751 -0.23617751  0.00895503 -0.23617751
 -0.23617751 -0.23617751  6.34855107 -0.23617751 -0.23617751 -0.23617751
 -0.23617751 -0.23617751  4.81931586 -0.23617751 -0.23617751 -0.23617751
 -0.23617751 -0.23617751 -0.23617751 -0.23617751  3.12670523 -0.23617751
 -0.23617751 -0.23617751 -0.23617751 -0.23617751 -0.23617751 -0.23617751
 -0.23617751 -0.23617751 -0.23617751 -0.23617751 -0.23617751 -0.23617751
 -0.23617751 -0.23617751 -0.23617751 -0.23617751 -0.23617751 -0.23617751
 -0.23617751 -0.23617751 -0.23617751 -0.23617751 -0.23617751 -0.23617751
 -0.23617751 -0.23617751 -0.23617751 -0.23617751 -0.23617751 -0.23617751
 -0.23617751 -0.23617751 -0.23617751 -0.23617751 -0.23617751 -0.23617751
 -0.23617751 -0.23617751 -0.23617751 -0.23617751 -0.23617751 -0.23617751
 -0.23617751 -0.23617751 -0.23617751 -0.23617751 -0.23617751 -0.23617751
 -0.23617751 -0.23617751 -0.23617751 -0.23617751 -0.23617751 -0.23617751
 -0.23617751 -0.23617751 -0.23617751 -0.23617751 -0.23617751 -0.23617751
 -0.23617751 -0.23617751 -0.23617751 -0.23617751 -0.23617751 -0.23617751
 -0.23617751 -0.23617751 -0.23617751 -0.23617751 -0.23617751 -0.23617751
 -0.23617751 -0.23617751  1.03063462 -0.23617751 -0.23617751 -0.23617751
 -0.23617751 -0.23617751 -0.23617751 -0.23617751 -0.23617751 -0.23617751
  1.52037836 -0.23617751 -0.10916909 -0.23617751 -0.23617751  0.87223377
 -0.23617751 -0.23617751 -0.23617751 -0.23617751 -0.23617751 -0.23617751
 -0.23617751 -0.23617751 -0.23617751 -0.23617751 -0.23617751 -0.23617751
 -0.23617751 -0.23617751 -0.23617751 -0.23617751 -0.23617751 -0.23617751
 -0.23617751  3.43209147 -0.23617751  3.87397669  2.06205117 -0.23617751
  3.25336362  0.92296016 -0.23617751  2.33254021 -0.23617751 -0.23617751
 -0.23617751 -0.23617751 -0.23617751 -0.23617751 -0.23617751 -0.23617751
 -0.23617751 -0.23617751 -0.23617751  4.48406591  2.01408006 -0.23617751
 -0.23617751 -0.23617751 -0.23617751  2.90747397 -0.23617751  0.9080523
 -0.23617751 -0.23617751 -0.23617751  2.6826557  -0.23617751 -0.23617751
 -0.23617751 -0.23617751 -0.23617751 -0.23617751  4.64529447  6.31742928
 -0.23617751  3.34421296 -0.23617751 -0.23617751  1.39397075 -0.23617751
  2.42259573  1.39162467 -0.23617751 -0.23617751 -0.23617751  4.3833692
 -0.23617751 -0.23617751 -0.23617751 -0.23617751 -0.23617751 -0.23617751
 -0.23617751 -0.23617751 -0.23617751 -0.23617751 -0.23617751 -0.23617751
 -0.23617751 -0.23617751 -0.23617751 -0.23617751 -0.23617751 -0.23617751
 -0.23617751 -0.23617751 -0.23617751 -0.23617751 -0.23617751  1.52286427
 -0.23617751 -0.23617751 -0.23617751 -0.23617751 -0.23617751 -0.23617751
 -0.23617751 -0.23617751 -0.23617751 -0.23617751 -0.23617751 -0.23617751
 -0.23617751 -0.23617751 -0.23617751 -0.23617751 -0.23617751 -0.23617751
 -0.23617751 -0.23617751 -0.23617751 -0.23617751 -0.23617751 -0.23617751
 -0.23617751 -0.23617751 -0.23617751 -0.23617751 -0.23617751 -0.23617751
 -0.23617751 -0.23617751 -0.23617751 -0.23617751 -0.23617751 -0.23617751
 -0.23617751 -0.23617751 -0.23617751 -0.23617751 -0.23617751 -0.23617751
 -0.23617751 -0.23617751 -0.23617751 -0.23617751 -0.23617751 -0.23617751
 -0.23617751 -0.23617751 -0.23617751 -0.23617751 -0.23617751 -0.23617751
 -0.23617751 -0.23617751 -0.23617751 -0.23617751 -0.23617751 -0.23617751
 -0.23617751 -0.23617751 -0.23617751 -0.23617751 -0.23617751 -0.23617751
 -0.23617751 -0.23617751 -0.23617751 -0.23617751 -0.23617751 -0.23617751
 -0.23617751 -0.23617751 -0.23617751 -0.23617751 -0.23617751 -0.23617751
 -0.23617751 -0.23617751 -0.23617751 -0.23617751 -0.23617751 -0.23617751
 -0.23617751 -0.23617751 -0.23617751 -0.23617751 -0.23617751 -0.23617751
 -0.23617751 -0.23617751 -0.23617751 -0.23617751 -0.23617751 -0.23617751
 -0.23617751 -0.23617751 -0.23617751 -0.23617751 -0.23617751 -0.23617751
 -0.23617751 -0.23617751 -0.23617751 -0.23617751 -0.23617751 -0.23617751
 -0.23617751 -0.23617751 -0.23617751 -0.23617751 -0.23617751  5.61007907
 -0.23617751 -0.23617751 -0.23617751 -0.23617751 -0.23617751 -0.23617751
 -0.23617751 -0.23617751 -0.23617751 -0.23617751 -0.23617751 -0.23617751
 -0.23617751 -0.23617751 -0.23617751 -0.23617751 -0.23617751 -0.23617751
  4.9712436  -0.23617751 -0.23617751 -0.23617751 -0.23617751 -0.23617751
 -0.23617751 -0.23617751 -0.23617751 -0.23617751 -0.23617751 -0.23617751
 -0.23617751 -0.23617751 -0.23617751 -0.23617751 -0.23617751 -0.23617751
 -0.23617751 -0.23617751  2.78451308 -0.23617751 -0.23617751 -0.23617751
  6.70534316 -0.23617751 -0.23617751 -0.23617751 -0.23617751 -0.23617751
 -0.23617751 -0.23617751 -0.23617751 -0.23617751 -0.23617751 -0.23617751
 -0.23617751 -0.23617751 -0.23617751 -0.23617751 -0.23617751 -0.23617751
 -0.23617751  2.94210633 -0.23617751 -0.23617751 -0.23617751  0.48383797
 -0.23617751 -0.23617751 -0.23617751 -0.23617751 -0.23617751 -0.23617751
 -0.23617751 -0.23617751 -0.23617751 -0.23617751 -0.23617751 -0.23617751
 -0.23617751 -0.23617751 -0.23617751 -0.23617751 -0.23617751 -0.23617751
 -0.23617751 -0.23617751 -0.23617751 -0.23617751 -0.23617751 -0.23617751
 -0.23617751 -0.23617751  4.60927255 -0.23617751]",[0.04386631949099706]
0,"[-0.15996056 -0.15996056 -0.15996056 -0.15996056 -0.15996056 -0.15996056
 -0.15996056 -0.15996056 -0.15996056 -0.15996056 -0.15996056 -0.15996056
 -0.15996056 -0.15996056 -0.15996056 -0.15996056 -0.15996056 -0.15996056
  1.15019945 -0.15996056 -0.15996056 -0.15996056 -0.15996056 -0.15996056
 -0.15996056 -0.15996056 -0.15996056 -0.15996056 -0.15996056 -0.15996056
 -0.15996056 -0.15996056 -0.15996056 -0.15996056 -0.15996056 -0.15996056
 -0.15996056 -0.15996056 -0.15996056 -0.15996056 -0.15996056 -0.15996056
 -0.15996056 -0.15996056 -0.15996056 -0.15996056 -0.15996056 -0.15996056
 -0.15996056 -0.15996056 -0.15996056 -0.15996056 -0.15996056 -0.15996056
 -0.15996056 -0.15996056 -0.15996056 -0.15996056 -0.15996056 -0.15996056
 -0.15996056 -0.15996056 -0.15996056 -0.15996056 -0.15996056 -0.15996056
 -0.15996056 -0.15996056 -0.15996056 -0.15996056 -0.15996056 -0.15996056
 -0.15996056 -0.15996056 -0.15996056 -0.15996056 -0.15996056 -0.15996056
 -0.15996056 -0.15996056 -0.15996056 -0.15996056 -0.15996056  8.98401056
 -0.15996056 -0.15996056 -0.15996056 -0.15996056 -0.15996056 -0.15996056
 -0.15996056 -0.15996056 -0.15996056 -0.15996056 -0.15996056 -0.15996056
 -0.15996056 -0.15996056 -0.15996056 -0.15996056 -0.15996056 -0.15996056
 -0.15996056 -0.15996056 -0.15996056 -0.15996056 -0.15996056 -0.15996056
 -0.15996056 -0.15996056  0.36998624 -0.15996056 -0.15996056 -0.15996056
 -0.15996056 -0.15996056 -0.15996056 -0.15996056 -0.15996056 -0.15996056
 -0.15996056 -0.15996056 -0.15996056 -0.15996056 -0.15996056 -0.15996056
 -0.15996056 -0.15996056 -0.15996056 -0.15996056 -0.15996056 -0.15996056
 -0.15996056 -0.15996056 -0.15996056 -0.15996056 -0.15996056 -0.15996056
 -0.15996056 -0.15996056 -0.15996056 -0.15996056 -0.15996056 -0.15996056
 -0.15996056 -0.15996056 -0.15996056 -0.15996056 -0.15996056 -0.15996056
 -0.15996056 -0.15996056 -0.15996056 -0.15996056 -0.15996056 -0.15996056
 -0.15996056 -0.15996056 -0.15996056 -0.15996056 -0.15996056 -0.15996056
 -0.15996056 -0.15996056 -0.15996056 -0.15996056 -0.15996056 -0.15996056
 -0.15996056 -0.15996056 -0.15996056 -0.15996056 -0.15996056  2.98698202
 -0.15996056 -0.15996056 -0.15996056 -0.15996056 -0.15996056 -0.15996056
 -0.15996056 -0.15996056 -0.15996056 -0.15996056 -0.15996056 -0.15996056
 -0.15996056 -0.15996056 -0.15996056 -0.15996056 -0.15996056 -0.15996056
 -0.15996056 -0.15996056  5.61469166 -0.15996056 -0.15996056 -0.15996056
 -0.15996056 -0.15996056  3.2043545  -0.15996056 -0.15996056 -0.15996056
 -0.15996056 -0.15996056 -0.15996056 -0.15996056 -0.15996056 -0.15996056
  5.59369979 -0.15996056 -0.15996056 -0.15996056 -0.15996056  5.37365325
 -0.15996056 -0.15996056 -0.15996056 -0.15996056 -0.15996056 -0.15996056
 -0.15996056 -0.15996056 -0.15996056 -0.15996056 -0.15996056 -0.15996056
 -0.15996056 -0.15996056 -0.15996056 -0.15996056 -0.15996056 -0.15996056
 -0.15996056  3.33989319 -0.15996056 -0.15996056 -0.15996056 -0.15996056
  5.23411662 -0.15996056 -0.15996056 -0.15996056 -0.15996056 -0.15996056
 -0.15996056 -0.15996056 -0.15996056 -0.15996056 -0.15996056 -0.15996056
 -0.15996056 -0.15996056 -0.15996056 -0.15996056 -0.15996056 -0.15996056
 -0.15996056 -0.15996056 -0.15996056 -0.15996056 -0.15996056 -0.15996056
 -0.15996056 -0.15996056 -0.15996056 -0.15996056 -0.15996056 -0.15996056
 -0.15996056 -0.15996056 -0.15996056 -0.15996056 -0.15996056 -0.15996056
 -0.15996056 -0.15996056 -0.15996056 -0.15996056 -0.15996056 -0.15996056
 -0.15996056 -0.15996056 -0.15996056 -0.15996056 -0.15996056  5.336748
 -0.15996056 -0.15996056 -0.15996056 -0.15996056 -0.15996056 -0.15996056
 -0.15996056 -0.15996056 -0.15996056 -0.15996056 -0.15996056 -0.15996056
 -0.15996056 -0.15996056 -0.15996056 -0.15996056 -0.15996056 -0.15996056
 -0.15996056 -0.15996056 -0.15996056 -0.15996056 -0.15996056  6.20816757
 -0.15996056 -0.15996056 -0.15996056 -0.15996056 -0.15996056 -0.15996056
 -0.15996056 -0.15996056 -0.15996056 -0.15996056 -0.15996056 -0.15996056
 -0.15996056 -0.15996056 -0.15996056 -0.15996056 -0.15996056 -0.15996056
 -0.15996056 -0.15996056 -0.15996056 -0.15996056 -0.15996056 -0.15996056
 -0.15996056 -0.15996056 -0.15996056 -0.15996056 -0.15996056 -0.15996056
 -0.15996056 -0.15996056 -0.15996056 -0.15996056 -0.15996056 -0.15996056
 -0.15996056 -0.15996056 -0.15996056 -0.15996056 -0.15996056 -0.15996056
 -0.15996056 -0.15996056 -0.15996056 -0.15996056 -0.15996056 -0.15996056
 -0.15996056 -0.15996056 -0.15996056 -0.15996056 -0.15996056 -0.15996056
 -0.15996056 -0.15996056 -0.15996056 -0.15996056 -0.15996056 -0.15996056
 -0.15996056 -0.15996056 -0.15996056 -0.15996056 -0.15996056 -0.15996056
 -0.15996056 -0.15996056 -0.15996056 -0.15996056 -0.15996056 -0.15996056
 -0.15996056 -0.15996056 -0.15996056 -0.15996056 -0.15996056 -0.15996056
 -0.15996056 -0.15996056 -0.15996056 -0.15996056 -0.15996056 -0.15996056
 -0.15996056 -0.15996056 -0.15996056 -0.15996056 -0.15996056 -0.15996056
 -0.15996056 -0.15996056 -0.15996056 -0.15996056 -0.15996056 -0.15996056
 -0.15996056 -0.15996056 -0.15996056 -0.15996056 -0.15996056 -0.15996056
 -0.15996056 -0.15996056 -0.15996056 -0.15996056 -0.15996056 -0.15996056
 -0.15996056 -0.15996056 -0.15996056 -0.15996056 -0.15996056 -0.15996056
 -0.15996056 -0.15996056 -0.15996056 -0.15996056 -0.15996056 -0.15996056
 -0.15996056 -0.15996056 -0.15996056 -0.15996056 -0.15996056 -0.15996056
 -0.15996056 -0.15996056 -0.15996056 -0.15996056 -0.15996056 -0.15996056
 -0.15996056 -0.15996056 -0.15996056 -0.15996056 -0.15996056 -0.15996056
 -0.15996056 -0.15996056 -0.15996056 -0.15996056 -0.15996056 -0.15996056
 -0.15996056 -0.15996056 -0.15996056 -0.15996056 -0.15996056 -0.15996056
 -0.15996056 -0.15996056  9.35215446 -0.15996056 -0.15996056 -0.15996056
  5.52177656 -0.15996056 -0.15996056 -0.15996056 -0.15996056 -0.15996056
 -0.15996056 -0.15996056 -0.15996056 -0.15996056 -0.15996056 -0.15996056
 -0.15996056 -0.15996056 -0.15996056 -0.15996056 -0.15996056 -0.15996056
 -0.15996056  8.84580139 -0.15996056 -0.15996056 -0.15996056  3.5038876
 -0.15996056 -0.15996056 -0.15996056 -0.15996056 -0.15996056 -0.15996056
 -0.15996056 -0.15996056 -0.15996056 -0.15996056 -0.15996056 -0.15996056
 -0.15996056 -0.15996056 -0.15996056 -0.15996056 -0.15996056 -0.15996056
 -0.15996056 -0.15996056 -0.15996056 -0.15996056 -0.15996056 -0.15996056
 -0.15996056 -0.15996056 -0.15996056 -0.15996056]",[-0.037102085347409136]
0,"[-0.22750498 -0.22750498 -0.22750498 -0.22750498 -0.07337785 -0.22750498
 -0.22750498 -0.22750498 -0.22750498 -0.22750498 -0.22750498 -0.22750498
 -0.22750498 -0.22750498 -0.22750498 -0.22750498 -0.22750498 -0.22750498
  1.69757543 -0.22750498 -0.22750498 -0.22750498 -0.22750498 -0.22750498
 -0.22750498 -0.22750498 -0.22750498 -0.22750498 -0.22750498 -0.22750498
 -0.22750498 -0.22750498 -0.22750498 -0.22750498 -0.22750498 -0.22750498
 -0.22750498 -0.22750498 -0.22750498 -0.22750498 -0.22750498 -0.22750498
 -0.22750498 -0.22750498 -0.22750498 -0.22750498 -0.22750498 -0.22750498
 -0.22750498 -0.22750498 -0.22750498 -0.22750498 -0.22750498 -0.22750498
 -0.22750498 -0.22750498 -0.22750498 -0.22750498 -0.22750498 -0.22750498
 -0.22750498 -0.22750498 -0.22750498 -0.22750498 -0.22750498 -0.22750498
 -0.22750498 -0.22750498 -0.22750498 -0.22750498 -0.22750498 -0.22750498
 -0.22750498 -0.22750498 -0.22750498 -0.22750498 -0.22750498 -0.22750498
 -0.22750498 -0.22750498 -0.22750498 -0.22750498 -0.22750498  5.11989145
 -0.22750498 -0.22750498 -0.22750498 -0.22750498 -0.22750498  5.56328992
 -0.22750498 -0.22750498  1.86121904 -0.22750498 -0.22750498 -0.22750498
 -0.22750498 -0.22750498 -0.22750498 -0.22750498 -0.22750498 -0.22750498
 -0.22750498 -0.22750498 -0.22750498 -0.22750498 -0.22750498 -0.22750498
 -0.22750498 -0.22750498  6.2919044  -0.22750498 -0.22750498 -0.22750498
  0.91303121 -0.22750498  6.57947005 -0.22750498 -0.22750498 -0.22750498
 -0.22750498 -0.22750498 -0.22750498 -0.22750498 -0.22750498 -0.22750498
 -0.22750498 -0.22750498 -0.22750498 -0.22750498 -0.22750498 -0.22750498
 -0.22750498 -0.22750498 -0.22750498 -0.22750498 -0.22750498 -0.22750498
 -0.22750498 -0.22750498 -0.22750498 -0.22750498 -0.22750498 -0.22750498
 -0.22750498 -0.22750498 -0.22750498 -0.22750498 -0.22750498 -0.22750498
 -0.22750498 -0.22750498 -0.22750498 -0.22750498 -0.22750498 -0.22750498
 -0.22750498 -0.22750498 -0.22750498 -0.22750498 -0.22750498 -0.22750498
 -0.22750498  0.20526847 -0.22750498 -0.22750498 -0.22750498 -0.22750498
 -0.22750498 -0.22750498 -0.22750498 -0.22750498 -0.22750498 -0.22750498
 -0.22750498 -0.22750498 -0.22750498 -0.22750498 -0.22750498 -0.22750498
 -0.22750498 -0.22750498 -0.22750498 -0.22750498 -0.22750498 -0.22750498
 -0.22750498 -0.22750498 -0.22750498 -0.22750498 -0.22750498 -0.22750498
 -0.22750498 -0.22750498  2.16076608 -0.22750498 -0.22750498 -0.22750498
 -0.22750498 -0.22750498 -0.22750498 -0.22750498 -0.22750498 -0.22750498
 -0.22750498 -0.22750498 -0.22750498 -0.22750498 -0.22750498 -0.22750498
  4.49838286 -0.22750498  0.47005145 -0.22750498 -0.22750498 -0.22750498
 -0.22750498 -0.22750498 -0.22750498 -0.22750498 -0.22750498 -0.22750498
 -0.22750498 -0.22750498 -0.22750498 -0.22750498 -0.22750498 -0.22750498
 -0.22750498 -0.22750498 -0.22750498 -0.22750498 -0.22750498 -0.22750498
 -0.22750498  3.45229833 -0.22750498  3.5131342   4.7108563  -0.22750498
  3.86190935 -0.22750498 -0.22750498 -0.22750498 -0.22750498 -0.22750498
 -0.22750498 -0.22750498 -0.22750498 -0.22750498 -0.22750498 -0.22750498
 -0.22750498 -0.22750498 -0.22750498  4.25254023 -0.22750498 -0.22750498
 -0.22750498 -0.22750498 -0.22750498  3.65880671 -0.22750498  1.28748521
 -0.22750498 -0.22750498 -0.22750498  3.09639402  0.72417142 -0.22750498
  1.07097022 -0.22750498  5.51602754 -0.22750498  4.66758407 -0.22750498
 -0.22750498 -0.22750498 -0.22750498 -0.22750498  3.74899447 -0.22750498
  3.34163112  0.97163555 -0.22750498 -0.22750498  6.82196027  3.70613724
 -0.22750498 -0.22750498 -0.22750498 -0.22750498 -0.22750498  1.30026879
 -0.22750498 -0.22750498 -0.22750498 -0.22750498 -0.22750498 -0.22750498
 -0.22750498 -0.22750498 -0.22750498 -0.22750498 -0.22750498 -0.22750498
 -0.22750498 -0.22750498 -0.22750498 -0.22750498 -0.22750498  0.7706248
 -0.22750498 -0.22750498 -0.22750498 -0.22750498 -0.22750498 -0.22750498
 -0.22750498 -0.22750498 -0.22750498 -0.22750498 -0.22750498 -0.22750498
 -0.22750498 -0.22750498 -0.22750498 -0.22750498 -0.22750498 -0.22750498
 -0.22750498 -0.22750498 -0.22750498 -0.22750498 -0.22750498 -0.22750498
 -0.22750498 -0.22750498 -0.22750498 -0.22750498 -0.22750498 -0.22750498
 -0.22750498 -0.22750498 -0.22750498 -0.22750498 -0.22750498 -0.22750498
 -0.22750498 -0.22750498 -0.22750498 -0.22750498 -0.22750498 -0.22750498
 -0.22750498 -0.22750498 -0.22750498 -0.22750498 -0.22750498 -0.22750498
 -0.22750498 -0.22750498 -0.22750498 -0.22750498 -0.22750498 -0.22750498
 -0.22750498 -0.22750498 -0.22750498 -0.22750498 -0.22750498 -0.22750498
 -0.22750498 -0.22750498 -0.22750498 -0.22750498 -0.22750498 -0.22750498
 -0.22750498 -0.22750498 -0.22750498 -0.22750498 -0.22750498 -0.22750498
 -0.22750498 -0.22750498 -0.22750498 -0.22750498 -0.22750498 -0.22750498
 -0.22750498 -0.22750498 -0.22750498 -0.22750498 -0.22750498 -0.22750498
 -0.22750498 -0.22750498 -0.22750498 -0.22750498 -0.22750498 -0.22750498
 -0.22750498 -0.22750498 -0.22750498 -0.22750498 -0.22750498 -0.22750498
 -0.22750498 -0.22750498 -0.22750498 -0.22750498 -0.22750498 -0.22750498
 -0.22750498 -0.22750498 -0.22750498 -0.22750498 -0.22750498 -0.22750498
 -0.22750498 -0.22750498 -0.22750498 -0.22750498 -0.22750498 -0.22750498
 -0.22750498 -0.22750498 -0.22750498 -0.22750498 -0.22750498 -0.22750498
 -0.22750498 -0.22750498 -0.22750498 -0.22750498 -0.22750498 -0.22750498
 -0.22750498 -0.22750498 -0.22750498 -0.22750498 -0.22750498 -0.22750498
 -0.22750498 -0.22750498 -0.22750498 -0.22750498 -0.22750498 -0.22750498
 -0.22750498 -0.22750498 -0.22750498 -0.22750498 -0.22750498 -0.22750498
 -0.22750498 -0.22750498 -0.22750498 -0.22750498 -0.22750498 -0.22750498
 -0.22750498 -0.22750498  3.78169053 -0.22750498 -0.22750498 -0.22750498
  7.22738374 -0.22750498 -0.22750498 -0.22750498 -0.22750498 -0.22750498
 -0.22750498 -0.22750498 -0.22750498 -0.22750498 -0.22750498 -0.22750498
 -0.22750498 -0.22750498 -0.22750498 -0.22750498 -0.22750498 -0.22750498
 -0.22750498  2.98976969 -0.22750498 -0.22750498 -0.22750498 -0.22750498
 -0.22750498 -0.22750498 -0.22750498 -0.22750498 -0.22750498  0.58017048
 -0.22750498 -0.22750498 -0.22750498 -0.22750498 -0.22750498 -0.22750498
 -0.22750498 -0.22750498 -0.22750498 -0.22750498 -0.22750498 -0.22750498
 -0.22750498 -0.22750498 -0.22750498 -0.22750498 -0.22750498 -0.22750498
 -0.22750498 -0.22750498 -0.22750498 -0.22750498]",[-0.03477762465232989]
0,"[-0.17107822 -0.17107822 -0.17107822 -0.17107822 -0.17107822 -0.17107822
 -0.17107822 -0.17107822 -0.17107822 -0.17107822 -0.17107822 -0.17107822
 -0.17107822 -0.17107822 -0.17107822 -0.17107822 -0.17107822 -0.17107822
  1.2759061  -0.17107822 -0.17107822 -0.17107822 -0.17107822 -0.17107822
 -0.17107822 -0.17107822 -0.17107822 -0.17107822 -0.17107822 -0.17107822
 -0.17107822 -0.17107822 -0.17107822 -0.17107822 -0.17107822 -0.17107822
 -0.17107822 -0.17107822 -0.17107822 -0.17107822 -0.17107822 -0.17107822
 -0.17107822 -0.17107822 -0.17107822 -0.17107822 -0.17107822 -0.17107822
 -0.17107822 -0.17107822 -0.17107822 -0.17107822 -0.17107822 -0.17107822
 -0.17107822 -0.17107822 -0.17107822 -0.17107822 -0.17107822 -0.17107822
 -0.17107822 -0.17107822 -0.17107822 -0.17107822 -0.17107822 -0.17107822
 -0.17107822 -0.17107822 -0.17107822 -0.17107822 -0.17107822 -0.17107822
 -0.17107822 -0.17107822 -0.17107822 -0.17107822 -0.17107822 -0.17107822
 -0.17107822 -0.17107822 -0.17107822 -0.17107822 -0.17107822 10.0408033
 -0.17107822 -0.17107822 -0.17107822 -0.17107822 -0.17107822 -0.17107822
 -0.17107822 -0.17107822  5.57008224 -0.17107822 -0.17107822 -0.17107822
 -0.17107822 -0.17107822 -0.17107822 -0.17107822 -0.17107822 -0.17107822
 -0.17107822 -0.17107822 -0.17107822 -0.17107822 -0.17107822 -0.17107822
 -0.17107822 -0.17107822  8.3602528  -0.17107822 -0.17107822 -0.17107822
 -0.17107822 -0.17107822  0.56146168 -0.17107822 -0.17107822 -0.17107822
 -0.17107822 -0.17107822 -0.17107822 -0.17107822 -0.17107822 -0.17107822
 -0.17107822 -0.17107822 -0.17107822 -0.17107822 -0.17107822 -0.17107822
 -0.17107822 -0.17107822 -0.17107822 -0.17107822 -0.17107822 -0.17107822
 -0.17107822 -0.17107822 -0.17107822 -0.17107822 -0.17107822 -0.17107822
 -0.17107822 -0.17107822 -0.17107822 -0.17107822 -0.17107822 -0.17107822
 -0.17107822 -0.17107822 -0.17107822 -0.17107822 -0.17107822 -0.17107822
 -0.17107822 -0.17107822 -0.17107822 -0.17107822 -0.17107822 -0.17107822
 -0.17107822  1.41299273 -0.17107822 -0.17107822 -0.17107822 -0.17107822
 -0.17107822 -0.17107822 -0.17107822 -0.17107822 -0.17107822 -0.17107822
 -0.17107822 -0.17107822 -0.17107822 -0.17107822 -0.17107822 -0.17107822
 -0.17107822 -0.17107822 -0.17107822 -0.17107822 -0.17107822 -0.17107822
 -0.17107822 -0.17107822 -0.17107822 -0.17107822 -0.17107822 -0.17107822
 -0.17107822 -0.17107822  2.81769342 -0.17107822 -0.17107822 -0.17107822
 -0.17107822 -0.17107822 -0.17107822 -0.17107822 -0.17107822 -0.17107822
 -0.17107822 -0.17107822 -0.17107822 -0.17107822 -0.17107822 -0.17107822
 -0.17107822 -0.17107822 -0.17107822 -0.17107822 -0.17107822  3.11494692
 -0.17107822 -0.17107822 -0.17107822 -0.17107822 -0.17107822 -0.17107822
 -0.17107822 -0.17107822 -0.17107822 -0.17107822 -0.17107822 -0.17107822
 -0.17107822 -0.17107822 -0.17107822 -0.17107822 -0.17107822 -0.17107822
 -0.17107822  4.96435578 -0.17107822 -0.17107822 -0.17107822 -0.17107822
  5.90561161 -0.17107822 -0.17107822 -0.17107822 -0.17107822 -0.17107822
 -0.17107822 -0.17107822 -0.17107822 -0.17107822 -0.17107822 -0.17107822
 -0.17107822 -0.17107822 -0.17107822 -0.17107822 -0.17107822 -0.17107822
 -0.17107822 -0.17107822  5.01521886  4.96316641 -0.17107822  0.48200342
 -0.17107822 -0.17107822 -0.17107822 -0.17107822 -0.17107822 -0.17107822
  2.94221401 -0.17107822 -0.17107822 -0.17107822  4.95377585 -0.17107822
 -0.17107822 -0.17107822 -0.17107822 -0.17107822 -0.17107822 -0.17107822
 -0.17107822 -0.17107822 -0.17107822 -0.17107822 -0.17107822 -0.17107822
 -0.17107822 -0.17107822 -0.17107822 -0.17107822 -0.17107822 -0.17107822
 -0.17107822 -0.17107822 -0.17107822 -0.17107822 -0.17107822 -0.17107822
 -0.17107822 -0.17107822 -0.17107822 -0.17107822 -0.17107822 -0.17107822
 -0.17107822 -0.17107822 -0.17107822 -0.17107822 -0.17107822  5.79559148
 -0.17107822 -0.17107822 -0.17107822 -0.17107822 -0.17107822 -0.17107822
 -0.17107822 -0.17107822 -0.17107822 -0.17107822 -0.17107822 -0.17107822
 -0.17107822 -0.17107822 -0.17107822 -0.17107822 -0.17107822 -0.17107822
 -0.17107822 -0.17107822 -0.17107822 -0.17107822 -0.17107822 -0.17107822
 -0.17107822 -0.17107822 -0.17107822 -0.17107822 -0.17107822 -0.17107822
 -0.17107822 -0.17107822 -0.17107822 -0.17107822 -0.17107822 -0.17107822
 -0.17107822 -0.17107822 -0.17107822 -0.17107822 -0.17107822 -0.17107822
 -0.17107822 -0.17107822 -0.17107822 -0.17107822 -0.17107822 -0.17107822
 -0.17107822 -0.17107822 -0.17107822 -0.17107822 -0.17107822 -0.17107822
 -0.17107822 -0.17107822 -0.17107822 -0.17107822 -0.17107822 -0.17107822
 -0.17107822 -0.17107822 -0.17107822 -0.17107822 -0.17107822 -0.17107822
 -0.17107822 -0.17107822 -0.17107822 -0.17107822 -0.17107822 -0.17107822
 -0.17107822 -0.17107822 -0.17107822 -0.17107822 -0.17107822 -0.17107822
 -0.17107822 -0.17107822 -0.17107822 -0.17107822 -0.17107822 -0.17107822
 -0.17107822 -0.17107822 -0.17107822 -0.17107822 -0.17107822 -0.17107822
 -0.17107822 -0.17107822 -0.17107822 -0.17107822 -0.17107822 -0.17107822
 -0.17107822 -0.17107822 -0.17107822 -0.17107822 -0.17107822 -0.17107822
 -0.17107822 -0.17107822 -0.17107822 -0.17107822 -0.17107822 -0.17107822
 -0.17107822 -0.17107822 -0.17107822 -0.17107822 -0.17107822 -0.17107822
 -0.17107822 -0.17107822 -0.17107822 -0.17107822 -0.17107822 -0.17107822
 -0.17107822 -0.17107822 -0.17107822 -0.17107822 -0.17107822 -0.17107822
 -0.17107822 -0.17107822 -0.17107822 -0.17107822 -0.17107822 -0.17107822
 -0.17107822 -0.17107822 -0.17107822 -0.17107822 -0.17107822 -0.17107822
 -0.17107822 -0.17107822 -0.17107822 -0.17107822 -0.17107822 -0.17107822
 -0.17107822 -0.17107822 -0.17107822 -0.17107822 -0.17107822 -0.17107822
 -0.17107822 -0.17107822  6.28119927 -0.17107822 -0.17107822 -0.17107822
  6.83594986 -0.17107822 -0.17107822 -0.17107822 -0.17107822 -0.17107822
 -0.17107822 -0.17107822 -0.17107822 -0.17107822 -0.17107822 -0.17107822
 -0.17107822 -0.17107822 -0.17107822 -0.17107822 -0.17107822 -0.17107822
 -0.17107822  4.41696125 -0.17107822 -0.17107822 -0.17107822 -0.17107822
 -0.17107822 -0.17107822 -0.17107822 -0.17107822 -0.17107822 -0.17107822
 -0.17107822 -0.17107822 -0.17107822 -0.17107822 -0.17107822 -0.17107822
 -0.17107822 -0.17107822 -0.17107822 -0.17107822 -0.17107822 -0.17107822
 -0.17107822 -0.17107822 -0.17107822 -0.17107822 -0.17107822 -0.17107822
 -0.17107822 -0.17107822 -0.17107822 -0.17107822]",[-0.08715115151292427]
0,"[-0.22716536 -0.22716536 -0.22716536 -0.22716536 -0.22716536 -0.22716536
 -0.22716536 -0.22716536 -0.22716536 -0.22716536 -0.22716536 -0.22716536
 -0.22716536 -0.22716536 -0.22716536 -0.22716536 -0.22716536 -0.22716536
 -0.22716536 -0.22716536 -0.22716536 -0.22716536 -0.22716536 -0.22716536
 -0.22716536 -0.22716536 -0.22716536 -0.22716536 -0.22716536 -0.22716536
 -0.22716536 -0.22716536 -0.22716536 -0.22716536 -0.22716536 -0.22716536
 -0.22716536 -0.22716536 -0.22716536 -0.22716536 -0.22716536 -0.22716536
 -0.22716536 -0.22716536 -0.22716536 -0.22716536 -0.22716536 -0.22716536
 -0.22716536 -0.22716536 -0.22716536 -0.22716536 -0.22716536 -0.22716536
 -0.22716536 -0.22716536 -0.22716536 -0.22716536 -0.22716536 -0.22716536
 -0.22716536 -0.22716536 -0.22716536 -0.22716536 -0.22716536 -0.22716536
 -0.22716536 -0.22716536 -0.22716536 -0.22716536 -0.22716536 -0.22716536
 -0.22716536 -0.22716536 -0.22716536 -0.22716536 -0.22716536 -0.22716536
 -0.22716536 -0.22716536 -0.22716536 -0.22716536 -0.22716536  5.71177503
 -0.22716536 -0.22716536 -0.22716536 -0.22716536 -0.22716536  3.67746329
 -0.22716536  4.1158918   1.7067863  -0.22716536 -0.22716536 -0.22716536
 -0.22716536 -0.22716536 -0.22716536 -0.22716536 -0.22716536 -0.22716536
 -0.22716536 -0.22716536 -0.22716536 -0.22716536 -0.22716536 -0.22716536
 -0.22716536 -0.22716536  6.71408833 -0.22716536 -0.22716536 -0.22716536
 -0.22716536  3.96881402  4.25151692 -0.22716536 -0.22716536 -0.22716536
 -0.22716536 -0.22716536 -0.22716536 -0.22716536  2.09378935 -0.22716536
 -0.22716536 -0.22716536 -0.22716536 -0.22716536 -0.22716536 -0.22716536
 -0.22716536 -0.22716536 -0.22716536 -0.22716536 -0.22716536 -0.22716536
 -0.22716536 -0.22716536 -0.22716536 -0.22716536 -0.22716536 -0.22716536
 -0.22716536 -0.22716536 -0.22716536 -0.22716536 -0.22716536 -0.22716536
 -0.22716536 -0.22716536 -0.22716536 -0.22716536 -0.22716536 -0.22716536
 -0.22716536 -0.22716536 -0.22716536 -0.22716536 -0.22716536 -0.22716536
 -0.22716536 -0.22716536 -0.22716536 -0.22716536 -0.22716536 -0.22716536
 -0.22716536 -0.22716536 -0.22716536 -0.22716536 -0.22716536 -0.22716536
 -0.22716536 -0.22716536 -0.22716536 -0.22716536 -0.22716536 -0.22716536
 -0.22716536 -0.22716536 -0.22716536 -0.22716536 -0.22716536 -0.22716536
 -0.22716536 -0.22716536 -0.22716536 -0.22716536 -0.22716536 -0.22716536
 -0.22716536 -0.22716536 -0.22716536 -0.22716536 -0.22716536 -0.22716536
 -0.22716536 -0.22716536 -0.22716536 -0.22716536 -0.22716536 -0.22716536
 -0.22716536 -0.22716536 -0.22716536 -0.22716536 -0.22716536 -0.22716536
  2.06437778 -0.22716536 -0.22716536 -0.22716536 -0.22716536  2.31089139
 -0.22716536 -0.22716536 -0.22716536 -0.22716536 -0.22716536 -0.22716536
 -0.22716536 -0.22716536 -0.22716536 -0.22716536 -0.22716536 -0.22716536
 -0.22716536 -0.22716536 -0.22716536 -0.22716536 -0.22716536 -0.22716536
 -0.22716536  2.83843033 -0.22716536 -0.22716536  4.45330444  2.58044695
  2.26642382 -0.22716536 -0.22716536 -0.22716536 -0.22716536 -0.22716536
 -0.22716536 -0.22716536 -0.22716536 -0.22716536 -0.22716536 -0.22716536
 -0.22716536 -0.22716536 -0.22716536  5.45475602 -0.22716536 -0.22716536
 -0.22716536 -0.22716536 -0.22716536  3.98679774 -0.22716536  1.5478399
 -0.22716536 -0.22716536 -0.22716536 -0.22716536 -0.22716536 -0.22716536
 -0.22716536 -0.22716536 -0.22716536 -0.22716536  3.49936972 -0.22716536
 -0.22716536  2.59109585 -0.22716536 -0.22716536  1.87037697 -0.22716536
 -0.22716536  5.10753565 -0.22716536 -0.22716536 -0.22716536  4.0120764
 -0.22716536 -0.22716536 -0.22716536 -0.22716536 -0.22716536 -0.22716536
 -0.22716536 -0.22716536 -0.22716536 -0.22716536 -0.22716536  3.93268071
 -0.22716536 -0.22716536 -0.22716536 -0.22716536 -0.22716536 -0.22716536
  6.14398328  7.30994817 -0.22716536 -0.22716536 -0.22716536  5.32617947
 -0.22716536 -0.22716536 -0.22716536 -0.22716536 -0.22716536 -0.22716536
 -0.22716536 -0.22716536 -0.22716536 -0.22716536 -0.22716536 -0.22716536
 -0.22716536 -0.22716536 -0.22716536 -0.22716536 -0.22716536 -0.22716536
 -0.22716536 -0.22716536 -0.22716536 -0.22716536 -0.22716536 -0.22716536
 -0.22716536 -0.22716536 -0.22716536 -0.22716536 -0.22716536 -0.22716536
 -0.22716536 -0.22716536 -0.22716536 -0.22716536 -0.22716536 -0.22716536
 -0.22716536 -0.22716536 -0.22716536 -0.22716536 -0.22716536 -0.22716536
 -0.22716536 -0.22716536 -0.22716536 -0.22716536 -0.22716536 -0.22716536
 -0.22716536 -0.22716536 -0.22716536 -0.22716536 -0.22716536 -0.22716536
 -0.22716536 -0.22716536 -0.22716536 -0.22716536 -0.22716536 -0.22716536
 -0.22716536 -0.22716536 -0.22716536 -0.22716536 -0.22716536 -0.22716536
 -0.22716536 -0.22716536 -0.22716536 -0.22716536 -0.22716536 -0.22716536
 -0.22716536 -0.22716536 -0.22716536 -0.22716536 -0.22716536 -0.22716536
 -0.22716536 -0.22716536 -0.22716536 -0.22716536 -0.22716536 -0.22716536
 -0.22716536 -0.22716536 -0.22716536 -0.22716536 -0.22716536 -0.22716536
 -0.22716536 -0.22716536 -0.22716536 -0.22716536 -0.22716536 -0.22716536
 -0.22716536 -0.22716536 -0.22716536 -0.22716536 -0.22716536 -0.22716536
 -0.22716536 -0.22716536 -0.22716536 -0.22716536 -0.22716536 -0.22716536
 -0.22716536 -0.22716536 -0.22716536 -0.22716536 -0.22716536 -0.22716536
 -0.22716536 -0.22716536 -0.22716536 -0.22716536 -0.22716536 -0.22716536
 -0.22716536 -0.22716536 -0.22716536 -0.22716536 -0.22716536 -0.22716536
 -0.22716536 -0.22716536 -0.22716536 -0.22716536 -0.22716536 -0.22716536
  3.91218687 -0.22716536 -0.22716536 -0.22716536 -0.22716536 -0.22716536
 -0.22716536 -0.22716536 -0.22716536 -0.22716536 -0.22716536 -0.22716536
 -0.22716536 -0.22716536 -0.22716536 -0.22716536 -0.22716536 -0.22716536
 -0.22716536 -0.22716536  3.62239112 -0.22716536 -0.22716536 -0.22716536
 -0.22716536 -0.22716536 -0.22716536 -0.22716536 -0.22716536 -0.22716536
 -0.22716536 -0.22716536 -0.22716536 -0.22716536 -0.22716536 -0.22716536
 -0.22716536 -0.22716536 -0.22716536 -0.22716536 -0.22716536 -0.22716536
 -0.22716536  4.46697506 -0.22716536 -0.22716536 -0.22716536 -0.22716536
 -0.22716536 -0.22716536 -0.22716536 -0.22716536 -0.22716536 -0.22716536
 -0.22716536 -0.22716536 -0.22716536 -0.22716536 -0.22716536 -0.22716536
 -0.22716536 -0.22716536 -0.22716536 -0.22716536 -0.22716536 -0.22716536
 -0.22716536 -0.22716536 -0.22716536 -0.22716536 -0.22716536 -0.22716536
 -0.22716536 -0.22716536 -0.22716536 -0.22716536]",[-0.06087428713740345]
0,"[-0.15130752 -0.15130752 -0.15130752 -0.15130752 -0.15130752 -0.15130752
 -0.15130752 -0.15130752 -0.15130752 -0.15130752 -0.15130752 -0.15130752
 -0.15130752 -0.15130752 -0.15130752 -0.15130752 -0.15130752 -0.15130752
  2.93457059 -0.15130752 -0.15130752 -0.15130752 -0.15130752 -0.15130752
 -0.15130752 -0.15130752 -0.15130752 -0.15130752 -0.15130752 -0.15130752
 -0.15130752 -0.15130752 -0.15130752 -0.15130752 -0.15130752 -0.15130752
 -0.15130752 -0.15130752 -0.15130752 -0.15130752 -0.15130752 -0.15130752
 -0.15130752 -0.15130752 -0.15130752 -0.15130752 -0.15130752 -0.15130752
 -0.15130752 -0.15130752 -0.15130752 -0.15130752 -0.15130752 -0.15130752
 -0.15130752 -0.15130752 -0.15130752 -0.15130752 -0.15130752 -0.15130752
 -0.15130752 -0.15130752 -0.15130752 -0.15130752 -0.15130752 -0.15130752
 -0.15130752 -0.15130752 -0.15130752 -0.15130752 -0.15130752 -0.15130752
 -0.15130752 -0.15130752 -0.15130752 -0.15130752 -0.15130752 -0.15130752
 -0.15130752 -0.15130752 -0.15130752 -0.15130752 -0.15130752  7.68113757
 -0.15130752 -0.15130752 -0.15130752 -0.15130752 -0.15130752 -0.15130752
 -0.15130752 -0.15130752 -0.15130752 -0.15130752 -0.15130752 -0.15130752
 -0.15130752 -0.15130752 -0.15130752 -0.15130752 -0.15130752 -0.15130752
 -0.15130752 -0.15130752 -0.15130752 -0.15130752 -0.15130752 -0.15130752
 -0.15130752 -0.15130752 -0.15130752 -0.15130752 -0.15130752 -0.15130752
 -0.15130752 -0.15130752 -0.15130752 -0.15130752 -0.15130752 -0.15130752
 -0.15130752 -0.15130752 -0.15130752 -0.15130752 -0.15130752 -0.15130752
 -0.15130752 -0.15130752 -0.15130752 -0.15130752 -0.15130752 -0.15130752
 -0.15130752 -0.15130752 -0.15130752 -0.15130752 -0.15130752 -0.15130752
 -0.15130752 -0.15130752 -0.15130752 -0.15130752 -0.15130752 -0.15130752
 -0.15130752 -0.15130752 -0.15130752 -0.15130752 -0.15130752 -0.15130752
 -0.15130752 -0.15130752 -0.15130752 -0.15130752 -0.15130752 -0.15130752
 -0.15130752 -0.15130752 -0.15130752 -0.15130752 -0.15130752 -0.15130752
 -0.15130752 -0.15130752 -0.15130752 -0.15130752 -0.15130752 -0.15130752
 -0.15130752 -0.15130752 -0.15130752 -0.15130752 -0.15130752 -0.15130752
 -0.15130752 -0.15130752 -0.15130752 -0.15130752 -0.15130752 -0.15130752
 -0.15130752 -0.15130752 -0.15130752 -0.15130752 -0.15130752 -0.15130752
 -0.15130752 -0.15130752 -0.15130752 -0.15130752 -0.15130752 -0.15130752
 -0.15130752 -0.15130752 -0.15130752 -0.15130752 -0.15130752 -0.15130752
 -0.15130752 -0.15130752  1.84291228 -0.15130752 -0.15130752 -0.15130752
 -0.15130752 -0.15130752 -0.15130752 -0.15130752 -0.15130752 -0.15130752
 -0.15130752 -0.15130752  2.56771425 -0.15130752 -0.15130752  5.55441486
 -0.15130752 -0.15130752 -0.15130752 -0.15130752 -0.15130752 -0.15130752
 -0.15130752 -0.15130752 -0.15130752 -0.15130752 -0.15130752 -0.15130752
 -0.15130752 -0.15130752 -0.15130752 -0.15130752 -0.15130752 -0.15130752
 -0.15130752  5.2956038  -0.15130752 -0.15130752 -0.15130752 -0.15130752
  4.923508   -0.15130752 -0.15130752 -0.15130752 -0.15130752 -0.15130752
 -0.15130752 -0.15130752 -0.15130752 -0.15130752 -0.15130752 -0.15130752
 -0.15130752 -0.15130752 -0.15130752 -0.15130752 -0.15130752 -0.15130752
 -0.15130752 -0.15130752 -0.15130752  6.00071033 -0.15130752 -0.15130752
 -0.15130752 -0.15130752 -0.15130752 -0.15130752 -0.15130752 -0.15130752
 -0.15130752 -0.15130752 -0.15130752 -0.15130752 -0.15130752 -0.15130752
 -0.15130752 -0.15130752 -0.15130752 -0.15130752 -0.15130752 -0.15130752
 -0.15130752  3.1829283  -0.15130752 -0.15130752 -0.15130752  9.50166534
 -0.15130752 -0.15130752 -0.15130752 -0.15130752 -0.15130752 -0.15130752
 -0.15130752 -0.15130752 -0.15130752 -0.15130752 -0.15130752 -0.15130752
 -0.15130752 -0.15130752 -0.15130752 -0.15130752 -0.15130752 -0.15130752
 -0.15130752 -0.15130752 -0.15130752 -0.15130752 -0.15130752  5.93881993
 -0.15130752 -0.15130752 -0.15130752 -0.15130752 -0.15130752 -0.15130752
 -0.15130752 -0.15130752 -0.15130752 -0.15130752 -0.15130752 -0.15130752
 -0.15130752 -0.15130752 -0.15130752 -0.15130752 -0.15130752 -0.15130752
 -0.15130752 -0.15130752 -0.15130752 -0.15130752 -0.15130752 -0.15130752
 -0.15130752 -0.15130752 -0.15130752 -0.15130752 -0.15130752 -0.15130752
 -0.15130752 -0.15130752 -0.15130752 -0.15130752 -0.15130752 -0.15130752
 -0.15130752 -0.15130752 -0.15130752 -0.15130752 -0.15130752 -0.15130752
 -0.15130752 -0.15130752 -0.15130752 -0.15130752 -0.15130752 -0.15130752
 -0.15130752 -0.15130752 -0.15130752 -0.15130752 -0.15130752 -0.15130752
 -0.15130752 -0.15130752 -0.15130752 -0.15130752 -0.15130752 -0.15130752
 -0.15130752 -0.15130752 -0.15130752 -0.15130752 -0.15130752 -0.15130752
 -0.15130752 -0.15130752 -0.15130752 -0.15130752 -0.15130752 -0.15130752
 -0.15130752 -0.15130752 -0.15130752 -0.15130752 -0.15130752 -0.15130752
 -0.15130752 -0.15130752 -0.15130752 -0.15130752 -0.15130752 -0.15130752
 -0.15130752 -0.15130752 -0.15130752 -0.15130752 -0.15130752 -0.15130752
 -0.15130752 -0.15130752 -0.15130752 -0.15130752 -0.15130752 -0.15130752
 -0.15130752 -0.15130752 -0.15130752 -0.15130752 -0.15130752 -0.15130752
 -0.15130752 -0.15130752 -0.15130752 -0.15130752 -0.15130752 -0.15130752
 -0.15130752 -0.15130752 -0.15130752 -0.15130752 -0.15130752 -0.15130752
 -0.15130752 -0.15130752 -0.15130752 -0.15130752 -0.15130752 -0.15130752
 -0.15130752 -0.15130752 -0.15130752 -0.15130752 -0.15130752 -0.15130752
 -0.15130752 -0.15130752 -0.15130752 -0.15130752 -0.15130752 -0.15130752
 -0.15130752 -0.15130752 -0.15130752 -0.15130752 -0.15130752 -0.15130752
 -0.15130752 -0.15130752 -0.15130752 -0.15130752 -0.15130752 -0.15130752
 -0.15130752 -0.15130752 -0.15130752 -0.15130752 -0.15130752 -0.15130752
 -0.15130752 -0.15130752  7.32288236 -0.15130752 -0.15130752 -0.15130752
 10.57750725 -0.15130752 -0.15130752 -0.15130752  3.23723152 -0.15130752
 -0.15130752 -0.15130752 -0.15130752 -0.15130752 -0.15130752 -0.15130752
 -0.15130752 -0.15130752 -0.15130752 -0.15130752 -0.15130752 -0.15130752
 -0.15130752 -0.15130752 -0.15130752 -0.15130752 -0.15130752 -0.15130752
 -0.15130752 -0.15130752 -0.15130752 -0.15130752 -0.15130752 -0.15130752
 -0.15130752 -0.15130752 -0.15130752 -0.15130752 -0.15130752 -0.15130752
 -0.15130752 -0.15130752 -0.15130752 -0.15130752 -0.15130752 -0.15130752
 -0.15130752 -0.15130752 -0.15130752 -0.15130752 -0.15130752 -0.15130752
 -0.15130752 -0.15130752 -0.15130752 -0.15130752]",[-0.03164744092916999]
0,"[-0.19764866 -0.19764866 -0.19764866 -0.19764866 -0.19764866 -0.19764866
 -0.19764866 -0.19764866 -0.19764866 -0.19764866 -0.19764866 -0.19764866
 -0.19764866 -0.19764866 -0.19764866 -0.19764866 -0.19764866 -0.19764866
 -0.19764866 -0.19764866 -0.19764866 -0.19764866 -0.19764866 -0.19764866
 -0.19764866 -0.19764866 -0.19764866 -0.19764866 -0.19764866 -0.19764866
 -0.19764866 -0.19764866 -0.19764866 -0.19764866 -0.19764866 -0.19764866
 -0.19764866 -0.19764866 -0.19764866 -0.19764866 -0.19764866 -0.19764866
 -0.19764866 -0.19764866 -0.19764866 -0.19764866 -0.19764866 -0.19764866
 -0.19764866 -0.19764866 -0.19764866 -0.19764866 -0.19764866 -0.19764866
 -0.19764866 -0.19764866 -0.19764866 -0.19764866 -0.19764866 -0.19764866
 -0.19764866 -0.19764866 -0.19764866 -0.19764866 -0.19764866 -0.19764866
 -0.19764866 -0.19764866 -0.19764866 -0.19764866 -0.19764866 -0.19764866
 -0.19764866 -0.19764866 -0.19764866 -0.19764866 -0.19764866 -0.19764866
 -0.19764866 -0.19764866 -0.19764866 -0.19764866 -0.19764866  6.16842403
 -0.19764866 -0.19764866 -0.19764866 -0.19764866 -0.19764866 -0.19764866
 -0.19764866 -0.19764866  4.38775319 -0.19764866 -0.19764866 -0.19764866
 -0.19764866 -0.19764866 -0.19764866 -0.19764866 -0.19764866 -0.19764866
 -0.19764866 -0.19764866 -0.19764866 -0.19764866 -0.19764866 -0.19764866
 -0.19764866 -0.19764866  0.28492612 -0.19764866 -0.19764866 -0.19764866
 -0.19764866 -0.19764866 -0.19764866 -0.19764866 -0.19764866 -0.19764866
 -0.19764866 -0.19764866 -0.19764866 -0.19764866 -0.19764866 -0.19764866
 -0.19764866 -0.19764866 -0.19764866 -0.19764866 -0.19764866 -0.19764866
 -0.19764866 -0.19764866 -0.19764866 -0.19764866 -0.19764866 -0.19764866
 -0.19764866 -0.19764866 -0.19764866 -0.19764866 -0.19764866 -0.19764866
 -0.19764866 -0.19764866 -0.19764866 -0.19764866 -0.19764866 -0.19764866
 -0.19764866 -0.19764866 -0.19764866 -0.19764866 -0.19764866 -0.19764866
 -0.19764866 -0.19764866 -0.19764866 -0.19764866 -0.19764866 -0.19764866
 -0.19764866 -0.19764866 -0.19764866 -0.19764866 -0.19764866 -0.19764866
 -0.19764866 -0.19764866 -0.19764866 -0.19764866 -0.19764866 -0.19764866
 -0.19764866 -0.19764866 -0.19764866 -0.19764866 -0.19764866  2.21525527
 -0.19764866 -0.19764866 -0.19764866 -0.19764866 -0.19764866 -0.19764866
 -0.19764866 -0.19764866 -0.19764866 -0.19764866 -0.19764866 -0.19764866
 -0.19764866 -0.19764866 -0.19764866 -0.19764866 -0.19764866 -0.19764866
 -0.19764866 -0.19764866 -0.19764866 -0.19764866 -0.19764866 -0.19764866
 -0.19764866 -0.19764866 -0.19764866 -0.19764866 -0.19764866 -0.19764866
 -0.19764866 -0.19764866 -0.19764866 -0.19764866 -0.19764866  3.74597605
 -0.19764866 -0.19764866 -0.19764866 -0.19764866 -0.19764866 -0.19764866
 -0.19764866 -0.19764866 -0.19764866 -0.19764866 -0.19764866 -0.19764866
 -0.19764866 -0.19764866 -0.19764866 -0.19764866 -0.19764866 -0.19764866
 -0.19764866  3.77665026 -0.19764866  6.34832472  2.97911173 -0.19764866
  5.17363959  2.62992958 -0.19764866 -0.19764866 -0.19764866 -0.19764866
 -0.19764866 -0.19764866 -0.19764866 -0.19764866 -0.19764866 -0.19764866
 -0.19764866 -0.19764866 -0.19764866 -0.19764866  5.33921525 -0.19764866
 -0.19764866 -0.19764866 -0.19764866  5.54518295 -0.19764866  1.55165195
 -0.19764866 -0.19764866 -0.19764866 -0.19764866  2.846578   -0.19764866
 -0.19764866 -0.19764866 -0.19764866 -0.19764866  5.49270919 -0.19764866
 -0.19764866 -0.19764866 -0.19764866 -0.19764866 -0.19764866 -0.19764866
 -0.19764866  4.69517858 -0.19764866 -0.19764866 -0.19764866  6.67251712
 -0.19764866 -0.19764866 -0.19764866 -0.19764866 -0.19764866 -0.19764866
 -0.19764866 -0.19764866 -0.19764866 -0.19764866 -0.19764866 -0.19764866
 -0.19764866 -0.19764866 -0.19764866 -0.19764866 -0.19764866 -0.19764866
 -0.19764866 -0.19764866 -0.19764866 -0.19764866 -0.19764866  4.42553126
 -0.19764866 -0.19764866 -0.19764866 -0.19764866 -0.19764866 -0.19764866
 -0.19764866 -0.19764866 -0.19764866 -0.19764866 -0.19764866 -0.19764866
 -0.19764866 -0.19764866 -0.19764866 -0.19764866 -0.19764866 -0.19764866
 -0.19764866 -0.19764866 -0.19764866 -0.19764866 -0.19764866 -0.19764866
 -0.19764866 -0.19764866 -0.19764866 -0.19764866 -0.19764866 -0.19764866
 -0.19764866 -0.19764866 -0.19764866 -0.19764866 -0.19764866 -0.19764866
 -0.19764866 -0.19764866 -0.19764866 -0.19764866 -0.19764866 -0.19764866
 -0.19764866 -0.19764866 -0.19764866 -0.19764866 -0.19764866 -0.19764866
 -0.19764866 -0.19764866 -0.19764866 -0.19764866 -0.19764866 -0.19764866
 -0.19764866 -0.19764866 -0.19764866 -0.19764866 -0.19764866 -0.19764866
 -0.19764866 -0.19764866 -0.19764866 -0.19764866 -0.19764866 -0.19764866
 -0.19764866 -0.19764866 -0.19764866 -0.19764866 -0.19764866 -0.19764866
 -0.19764866 -0.19764866 -0.19764866 -0.19764866 -0.19764866 -0.19764866
 -0.19764866 -0.19764866 -0.19764866 -0.19764866 -0.19764866 -0.19764866
 -0.19764866 -0.19764866 -0.19764866 -0.19764866 -0.19764866 -0.19764866
 -0.19764866 -0.19764866 -0.19764866 -0.19764866 -0.19764866 -0.19764866
 -0.19764866 -0.19764866 -0.19764866 -0.19764866 -0.19764866 -0.19764866
 -0.19764866 -0.19764866 -0.19764866 -0.19764866 -0.19764866 -0.19764866
 -0.19764866 -0.19764866 -0.19764866 -0.19764866 -0.19764866 -0.19764866
 -0.19764866 -0.19764866 -0.19764866 -0.19764866 -0.19764866 -0.19764866
 -0.19764866 -0.19764866 -0.19764866 -0.19764866 -0.19764866 -0.19764866
 -0.19764866 -0.19764866 -0.19764866 -0.19764866 -0.19764866 -0.19764866
 -0.19764866 -0.19764866 -0.19764866 -0.19764866 -0.19764866 -0.19764866
 -0.19764866 -0.19764866 -0.19764866 -0.19764866 -0.19764866 -0.19764866
 -0.19764866 -0.19764866 -0.19764866 -0.19764866 -0.19764866 -0.19764866
 -0.19764866 -0.19764866  7.25755749 -0.19764866  5.54518295 -0.19764866
  6.55487626 -0.19764866 -0.19764866 -0.19764866 -0.19764866 -0.19764866
 -0.19764866 -0.19764866 -0.19764866 -0.19764866 -0.19764866 -0.19764866
 -0.19764866 -0.19764866 -0.19764866 -0.19764866 -0.19764866 -0.19764866
 -0.19764866  3.73019782 -0.19764866 -0.19764866 -0.19764866 -0.19764866
 -0.19764866 -0.19764866 -0.19764866 -0.19764866 -0.19764866  0.86501395
 -0.19764866 -0.19764866 -0.19764866 -0.19764866 -0.19764866 -0.19764866
 -0.19764866 -0.19764866 -0.19764866 -0.19764866 -0.19764866 -0.19764866
 -0.19764866 -0.19764866 -0.19764866 -0.19764866 -0.19764866 -0.19764866
 -0.19764866 -0.19764866 -0.19764866 -0.19764866]",[-0.056533307151852674]
0,"[-0.1939362  -0.1939362  -0.1939362  -0.1939362   0.16504682 -0.1939362
 -0.1939362  -0.1939362  -0.1939362  -0.1939362  -0.1939362  -0.1939362
 -0.1939362  -0.1939362  -0.1939362  -0.1939362  -0.1939362  -0.1939362
  0.82737563 -0.1939362  -0.1939362  -0.1939362  -0.1939362  -0.1939362
 -0.1939362  -0.1939362  -0.1939362  -0.1939362  -0.1939362  -0.1939362
 -0.1939362  -0.1939362  -0.1939362  -0.1939362  -0.1939362  -0.1939362
 -0.1939362  -0.1939362  -0.1939362  -0.1939362  -0.1939362  -0.1939362
 -0.1939362  -0.1939362  -0.1939362  -0.1939362  -0.1939362  -0.1939362
 -0.1939362  -0.1939362  -0.1939362  -0.1939362  -0.1939362  -0.1939362
 -0.1939362  -0.1939362  -0.1939362  -0.1939362   0.84705163 -0.1939362
 -0.1939362  -0.1939362  -0.1939362  -0.1939362  -0.1939362  -0.1939362
 -0.1939362  -0.1939362  -0.1939362  -0.1939362  -0.1939362  -0.1939362
 -0.1939362  -0.1939362  -0.1939362  -0.1939362  -0.1939362  -0.1939362
 -0.1939362  -0.1939362  -0.1939362  -0.1939362  -0.1939362   6.79507365
 -0.1939362  -0.1939362  -0.1939362  -0.1939362  -0.1939362  -0.1939362
 -0.1939362  -0.1939362   3.27796947 -0.1939362  -0.1939362  -0.1939362
 -0.1939362  -0.1939362  -0.1939362  -0.1939362  -0.1939362  -0.1939362
 -0.1939362  -0.1939362  -0.1939362  -0.1939362  -0.1939362  -0.1939362
 -0.1939362  -0.1939362   7.06814352 -0.1939362  -0.1939362  -0.1939362
 -0.1939362  -0.1939362  -0.1939362  -0.1939362  -0.1939362  -0.1939362
 -0.1939362  -0.1939362  -0.1939362   0.04188082 -0.1939362  -0.1939362
 -0.1939362  -0.1939362  -0.1939362  -0.1939362  -0.1939362  -0.1939362
 -0.1939362  -0.1939362  -0.1939362  -0.1939362  -0.1939362  -0.1939362
 -0.1939362  -0.1939362  -0.1939362  -0.1939362  -0.1939362  -0.1939362
 -0.1939362  -0.1939362  -0.1939362  -0.1939362  -0.1939362  -0.1939362
 -0.1939362  -0.1939362  -0.1939362  -0.1939362  -0.1939362  -0.1939362
 -0.1939362  -0.1939362  -0.1939362  -0.1939362  -0.1939362  -0.1939362
 -0.1939362  -0.1939362  -0.1939362  -0.1939362  -0.1939362  -0.1939362
 -0.1939362  -0.1939362  -0.1939362  -0.1939362  -0.1939362  -0.1939362
 -0.1939362  -0.1939362  -0.1939362  -0.1939362  -0.1939362  -0.1939362
 -0.1939362  -0.1939362  -0.1939362  -0.1939362  -0.1939362  -0.1939362
 -0.1939362  -0.1939362  -0.1939362  -0.1939362  -0.1939362  -0.1939362
 -0.1939362  -0.1939362  -0.1939362  -0.1939362  -0.1939362  -0.1939362
 -0.1939362  -0.1939362  -0.1939362  -0.1939362  -0.1939362   0.57267423
 -0.1939362  -0.1939362  -0.1939362  -0.1939362  -0.1939362  -0.1939362
  2.91802885 -0.1939362   0.42284386 -0.1939362  -0.1939362   4.84608515
 -0.1939362  -0.1939362  -0.1939362  -0.1939362  -0.1939362  -0.1939362
 -0.1939362  -0.1939362  -0.1939362  -0.1939362  -0.1939362  -0.1939362
 -0.1939362  -0.1939362  -0.1939362  -0.1939362  -0.1939362  -0.1939362
 -0.1939362   2.52116706 -0.1939362  -0.1939362   4.37761756 -0.1939362
  4.08219764 -0.1939362  -0.1939362  -0.1939362  -0.1939362  -0.1939362
 -0.1939362  -0.1939362  -0.1939362  -0.1939362  -0.1939362  -0.1939362
 -0.1939362  -0.1939362  -0.1939362  -0.1939362  -0.1939362  -0.1939362
 -0.1939362  -0.1939362  -0.1939362   2.02524038  2.80715539 -0.1939362
 -0.1939362  -0.1939362  -0.1939362  -0.1939362  -0.1939362  -0.1939362
 -0.1939362  -0.1939362  -0.1939362  -0.1939362   4.83987432 -0.1939362
 -0.1939362  -0.1939362  -0.1939362  -0.1939362  -0.1939362  -0.1939362
 -0.1939362   2.63677822 -0.1939362  -0.1939362  -0.1939362   6.95910114
 -0.1939362  -0.1939362  -0.1939362  -0.1939362  -0.1939362  -0.1939362
 -0.1939362  -0.1939362  -0.1939362  -0.1939362  -0.1939362  -0.1939362
 -0.1939362  -0.1939362  -0.1939362  -0.1939362   3.9584218  -0.1939362
  5.99131483 -0.1939362  -0.1939362  -0.1939362  -0.1939362   5.47051318
 -0.1939362  -0.1939362  -0.1939362  -0.1939362  -0.1939362  -0.1939362
 -0.1939362  -0.1939362  -0.1939362  -0.1939362  -0.1939362  -0.1939362
 -0.1939362  -0.1939362  -0.1939362  -0.1939362  -0.1939362  -0.1939362
 -0.1939362  -0.1939362  -0.1939362  -0.1939362  -0.1939362  -0.1939362
 -0.1939362  -0.1939362  -0.1939362  -0.1939362  -0.1939362  -0.1939362
 -0.1939362  -0.1939362  -0.1939362  -0.1939362  -0.1939362  -0.1939362
 -0.1939362  -0.1939362  -0.1939362  -0.1939362  -0.1939362  -0.1939362
 -0.1939362  -0.1939362  -0.1939362  -0.1939362  -0.1939362  -0.1939362
 -0.1939362  -0.1939362  -0.1939362  -0.1939362  -0.1939362  -0.1939362
 -0.1939362  -0.1939362  -0.1939362  -0.1939362  -0.1939362  -0.1939362
 -0.1939362  -0.1939362  -0.1939362  -0.1939362  -0.1939362  -0.1939362
 -0.1939362  -0.1939362  -0.1939362  -0.1939362  -0.1939362  -0.1939362
 -0.1939362  -0.1939362  -0.1939362  -0.1939362  -0.1939362  -0.1939362
 -0.1939362  -0.1939362  -0.1939362  -0.1939362  -0.1939362  -0.1939362
 -0.1939362  -0.1939362  -0.1939362  -0.1939362  -0.1939362  -0.1939362
 -0.1939362  -0.1939362  -0.1939362  -0.1939362  -0.1939362  -0.1939362
 -0.1939362  -0.1939362  -0.1939362  -0.1939362  -0.1939362  -0.1939362
 -0.1939362  -0.1939362  -0.1939362  -0.1939362  -0.1939362  -0.1939362
 -0.1939362  -0.1939362  -0.1939362  -0.1939362   4.16778893 -0.1939362
 -0.1939362  -0.1939362  -0.1939362  -0.1939362  -0.1939362  -0.1939362
 -0.1939362  -0.1939362  -0.1939362  -0.1939362  -0.1939362  -0.1939362
 -0.1939362  -0.1939362  -0.1939362  -0.1939362  -0.1939362  -0.1939362
 -0.1939362  -0.1939362  -0.1939362  -0.1939362  -0.1939362  -0.1939362
 -0.1939362  -0.1939362  -0.1939362  -0.1939362  -0.1939362  -0.1939362
 -0.1939362  -0.1939362  -0.1939362  -0.1939362  -0.1939362  -0.1939362
 -0.1939362  -0.1939362   6.41544188 -0.1939362  -0.1939362  -0.1939362
  9.21181854 -0.1939362  -0.1939362  -0.1939362  -0.1939362  -0.1939362
 -0.1939362  -0.1939362  -0.1939362  -0.1939362  -0.1939362  -0.1939362
 -0.1939362  -0.1939362  -0.1939362  -0.1939362  -0.1939362  -0.1939362
 -0.1939362  -0.1939362  -0.1939362  -0.1939362  -0.1939362   1.19135881
 -0.1939362  -0.1939362  -0.1939362  -0.1939362  -0.1939362  -0.1939362
 -0.1939362  -0.1939362  -0.1939362  -0.1939362  -0.1939362  -0.1939362
 -0.1939362   1.17258234 -0.1939362  -0.1939362  -0.1939362  -0.1939362
 -0.1939362  -0.1939362  -0.1939362  -0.1939362  -0.1939362  -0.1939362
 -0.1939362  -0.1939362  -0.1939362  -0.1939362 ]",[-0.10891808270094994]
0,"[-0.17842388 -0.17842388 -0.17842388 -0.17842388 -0.13309663 -0.17842388
 -0.17842388 -0.17842388 -0.17842388 -0.17842388 -0.17842388 -0.17842388
 -0.17842388 -0.17842388 -0.17842388 -0.17842388 -0.17842388 -0.17842388
 -0.17842388 -0.17842388 -0.17842388 -0.17842388 -0.17842388 -0.17842388
 -0.17842388 -0.17842388 -0.17842388 -0.17842388 -0.17842388 -0.17842388
 -0.17842388 -0.17842388 -0.17842388 -0.17842388 -0.17842388 -0.17842388
 -0.17842388 -0.17842388 -0.17842388 -0.17842388 -0.17842388 -0.17842388
 -0.17842388 -0.17842388 -0.17842388 -0.17842388 -0.17842388 -0.17842388
 -0.17842388 -0.17842388 -0.17842388 -0.17842388 -0.17842388 -0.17842388
 -0.17842388 -0.17842388 -0.17842388 -0.17842388 -0.17842388 -0.17842388
 -0.17842388 -0.17842388 -0.17842388 -0.17842388 -0.17842388 -0.17842388
 -0.17842388 -0.17842388 -0.17842388 -0.17842388 -0.17842388 -0.17842388
 -0.17842388 -0.17842388 -0.17842388 -0.17842388 -0.17842388 -0.17842388
 -0.17842388 -0.17842388 -0.17842388 -0.17842388 -0.17842388  9.31310276
 -0.17842388 -0.17842388 -0.17842388 -0.17842388 -0.17842388 -0.17842388
 -0.17842388 -0.17842388  2.14065811 -0.17842388 -0.17842388 -0.17842388
 -0.17842388 -0.17842388 -0.17842388 -0.17842388 -0.17842388 -0.17842388
 -0.17842388 -0.17842388 -0.17842388 -0.17842388 -0.17842388 -0.17842388
 -0.17842388 -0.17842388  0.6298136  -0.17842388 -0.17842388 -0.17842388
 -0.17842388 -0.17842388 -0.17842388 -0.17842388 -0.17842388 -0.17842388
 -0.17842388 -0.17842388 -0.17842388 -0.17842388 -0.17842388 -0.17842388
 -0.17842388 -0.17842388 -0.17842388 -0.17842388 -0.17842388 -0.17842388
 -0.17842388 -0.17842388 -0.17842388 -0.17842388 -0.17842388 -0.17842388
 -0.17842388 -0.17842388 -0.17842388 -0.17842388 -0.17842388 -0.17842388
 -0.17842388 -0.17842388 -0.17842388 -0.17842388 -0.17842388 -0.17842388
 -0.17842388 -0.17842388 -0.17842388 -0.17842388 -0.17842388 -0.17842388
 -0.17842388 -0.17842388 -0.17842388 -0.17842388 -0.17842388 -0.17842388
 -0.17842388 -0.17842388 -0.17842388 -0.17842388 -0.17842388 -0.17842388
 -0.17842388 -0.17842388 -0.17842388 -0.17842388 -0.17842388 -0.17842388
 -0.17842388 -0.17842388 -0.17842388 -0.17842388 -0.17842388 -0.17842388
 -0.17842388 -0.17842388 -0.17842388 -0.17842388 -0.17842388 -0.17842388
 -0.17842388 -0.17842388 -0.17842388 -0.17842388 -0.17842388 -0.17842388
 -0.17842388 -0.17842388 -0.17842388 -0.17842388 -0.17842388 -0.17842388
 -0.17842388 -0.17842388  3.22528873 -0.17842388 -0.17842388 -0.17842388
 -0.17842388 -0.17842388 -0.17842388 -0.17842388 -0.17842388 -0.17842388
 -0.17842388 -0.17842388 -0.17842388 -0.17842388 -0.17842388  5.18094957
 -0.17842388 -0.17842388 -0.17842388 -0.17842388 -0.17842388 -0.17842388
 -0.17842388  0.33315918 -0.17842388 -0.17842388 -0.17842388 -0.17842388
 -0.17842388 -0.17842388 -0.17842388 -0.17842388 -0.17842388 -0.17842388
 -0.17842388  4.29595002 -0.17842388  2.58560475 -0.17842388 -0.17842388
  4.34156671  1.57955071 -0.17842388 -0.17842388 -0.17842388 -0.17842388
 -0.17842388 -0.17842388 -0.17842388 -0.17842388 -0.17842388 -0.17842388
 -0.17842388 -0.17842388 -0.17842388 -0.17842388 -0.17842388 -0.17842388
 -0.17842388 -0.17842388 -0.17842388  4.66735354 -0.17842388  0.15532613
 -0.17842388 -0.17842388 -0.17842388 -0.17842388 -0.17842388 -0.17842388
 -0.17842388 -0.17842388 -0.17842388 -0.17842388  6.25721351 -0.17842388
 -0.17842388 -0.17842388 -0.17842388 -0.17842388 -0.17842388 -0.17842388
 -0.17842388  4.70806354 -0.17842388 -0.17842388 -0.17842388  6.03496247
 -0.17842388 -0.17842388 -0.17842388 -0.17842388 -0.17842388 -0.17842388
 -0.17842388 -0.17842388 -0.17842388 -0.17842388 -0.17842388 -0.17842388
 -0.17842388 -0.17842388 -0.17842388 -0.17842388 -0.17842388 -0.17842388
  2.88758848 -0.17842388 -0.17842388 -0.17842388 -0.17842388  6.45272882
 -0.17842388 -0.17842388 -0.17842388 -0.17842388 -0.17842388 -0.17842388
 -0.17842388 -0.17842388 -0.17842388 -0.17842388 -0.17842388 -0.17842388
 -0.17842388 -0.17842388 -0.17842388 -0.17842388 -0.17842388 -0.17842388
 -0.17842388 -0.17842388 -0.17842388 -0.17842388 -0.17842388 -0.17842388
 -0.17842388 -0.17842388 -0.17842388 -0.17842388 -0.17842388 -0.17842388
 -0.17842388 -0.17842388 -0.17842388 -0.17842388 -0.17842388 -0.17842388
 -0.17842388 -0.17842388 -0.17842388 -0.17842388 -0.17842388 -0.17842388
 -0.17842388 -0.17842388 -0.17842388 -0.17842388 -0.17842388 -0.17842388
 -0.17842388 -0.17842388 -0.17842388 -0.17842388 -0.17842388 -0.17842388
 -0.17842388 -0.17842388 -0.17842388 -0.17842388 -0.17842388 -0.17842388
 -0.17842388 -0.17842388 -0.17842388 -0.17842388 -0.17842388 -0.17842388
 -0.17842388 -0.17842388 -0.17842388 -0.17842388 -0.17842388 -0.17842388
 -0.17842388 -0.17842388 -0.17842388 -0.17842388 -0.17842388 -0.17842388
 -0.17842388 -0.17842388 -0.17842388 -0.17842388 -0.17842388 -0.17842388
 -0.17842388 -0.17842388 -0.17842388 -0.17842388 -0.17842388 -0.17842388
 -0.17842388 -0.17842388 -0.17842388 -0.17842388 -0.17842388 -0.17842388
 -0.17842388 -0.17842388 -0.17842388 -0.17842388 -0.17842388 -0.17842388
 -0.17842388 -0.17842388 -0.17842388 -0.17842388 -0.17842388 -0.17842388
 -0.17842388 -0.17842388 -0.17842388 -0.17842388 -0.17842388 -0.17842388
 -0.17842388 -0.17842388 -0.17842388 -0.17842388 -0.17842388 -0.17842388
 -0.17842388 -0.17842388 -0.17842388 -0.17842388 -0.17842388 -0.17842388
 -0.17842388 -0.17842388 -0.17842388 -0.17842388 -0.17842388 -0.17842388
 -0.17842388 -0.17842388 -0.17842388 -0.17842388 -0.17842388 -0.17842388
  1.13267458 -0.17842388 -0.17842388 -0.17842388 -0.17842388 -0.17842388
 -0.17842388 -0.17842388 -0.17842388 -0.17842388 -0.17842388 -0.17842388
 -0.17842388 -0.17842388  6.60167157 -0.17842388 -0.17842388 -0.17842388
  8.26010735 -0.17842388 -0.17842388 -0.17842388 -0.17842388 -0.17842388
 -0.17842388 -0.17842388 -0.17842388 -0.17842388 -0.17842388 -0.17842388
 -0.17842388 -0.17842388 -0.17842388 -0.17842388 -0.17842388 -0.17842388
 -0.17842388  6.63782076 -0.17842388 -0.17842388 -0.17842388 -0.17842388
 -0.17842388 -0.17842388 -0.17842388 -0.17842388 -0.17842388  1.38861053
 -0.17842388 -0.17842388 -0.17842388 -0.17842388 -0.17842388 -0.17842388
 -0.17842388 -0.17842388 -0.17842388 -0.17842388 -0.17842388 -0.17842388
 -0.17842388 -0.17842388 -0.17842388 -0.17842388 -0.17842388 -0.17842388
 -0.17842388 -0.17842388 -0.17842388 -0.17842388]",[-0.07513389464874093]
0,"[-0.16700301 -0.16700301 -0.16700301 -0.16700301 -0.16700301 -0.16700301
 -0.16700301 -0.16700301 -0.16700301 -0.16700301 -0.16700301 -0.16700301
 -0.16700301 -0.16700301 -0.16700301 -0.16700301 -0.16700301 -0.16700301
 -0.16700301 -0.16700301 -0.16700301 -0.16700301 -0.16700301 -0.16700301
 -0.16700301 -0.16700301 -0.16700301 -0.16700301 -0.16700301 -0.16700301
 -0.16700301 -0.16700301 -0.16700301 -0.16700301 -0.16700301 -0.16700301
 -0.16700301 -0.16700301 -0.16700301 -0.16700301 -0.16700301 -0.16700301
 -0.16700301 -0.16700301 -0.16700301 -0.16700301 -0.16700301 -0.16700301
 -0.16700301 -0.16700301 -0.16700301 -0.16700301 -0.16700301 -0.16700301
 -0.16700301 -0.16700301 -0.16700301 -0.16700301 -0.16700301 -0.16700301
 -0.16700301 -0.16700301 -0.16700301 -0.16700301 -0.16700301 -0.16700301
 -0.16700301 -0.16700301 -0.16700301 -0.16700301 -0.16700301 -0.16700301
 -0.16700301 -0.16700301 -0.16700301 -0.16700301 -0.16700301 -0.16700301
 -0.16700301 -0.16700301 -0.16700301 -0.16700301 -0.16700301  8.62446671
 -0.16700301 -0.16700301 -0.16700301 -0.16700301 -0.16700301 -0.16700301
 -0.16700301 -0.16700301  2.09899257 -0.16700301 -0.16700301 -0.16700301
 -0.16700301 -0.16700301 -0.16700301 -0.16700301 -0.16700301 -0.16700301
 -0.16700301 -0.16700301 -0.16700301 -0.16700301  0.11524465 -0.16700301
 -0.16700301 -0.16700301  7.41007759 -0.16700301 -0.16700301 -0.16700301
 -0.16700301 -0.16700301  7.24343737 -0.16700301 -0.16700301 -0.16700301
 -0.16700301 -0.16700301 -0.16700301  3.85620448 -0.16700301 -0.16700301
 -0.16700301 -0.16700301 -0.16700301 -0.16700301 -0.16700301 -0.16700301
 -0.16700301 -0.16700301 -0.16700301 -0.16700301 -0.16700301 -0.16700301
 -0.16700301 -0.16700301 -0.16700301 -0.16700301 -0.16700301 -0.16700301
 -0.16700301 -0.16700301 -0.16700301 -0.16700301 -0.16700301 -0.16700301
 -0.16700301 -0.16700301 -0.16700301 -0.16700301 -0.16700301 -0.16700301
 -0.16700301 -0.16700301 -0.16700301 -0.16700301 -0.16700301 -0.16700301
 -0.16700301 -0.16700301 -0.16700301 -0.16700301 -0.16700301 -0.16700301
 -0.16700301 -0.16700301 -0.16700301 -0.16700301 -0.16700301 -0.16700301
 -0.16700301 -0.16700301 -0.16700301 -0.16700301 -0.16700301 -0.16700301
 -0.16700301 -0.16700301 -0.16700301 -0.16700301 -0.16700301 -0.16700301
 -0.16700301 -0.16700301 -0.16700301 -0.16700301 -0.16700301 -0.16700301
 -0.16700301 -0.16700301 -0.16700301 -0.16700301 -0.16700301 -0.16700301
 -0.16700301 -0.16700301 -0.16700301 -0.16700301 -0.16700301  3.22829446
 -0.16700301 -0.16700301 -0.16700301 -0.16700301 -0.16700301 -0.16700301
  1.93558501 -0.16700301 -0.02076445 -0.16700301 -0.16700301  1.97949466
 -0.16700301 -0.16700301 -0.16700301 -0.16700301 -0.16700301 -0.16700301
 -0.16700301 -0.16700301 -0.16700301 -0.16700301 -0.16700301 -0.16700301
 -0.16700301 -0.16700301 -0.16700301 -0.16700301 -0.16700301 -0.16700301
 -0.16700301 -0.04436398 -0.16700301 -0.16700301 -0.16700301 -0.16700301
  1.81356798 -0.16700301 -0.16700301 -0.16700301 -0.16700301 -0.16700301
 -0.16700301 -0.16700301 -0.16700301 -0.16700301 -0.16700301 -0.16700301
 -0.16700301 -0.16700301 -0.16700301  5.05537606 -0.16700301 -0.16700301
 -0.16700301 -0.16700301 -0.16700301 -0.16700301 -0.16700301 -0.16700301
 -0.16700301 -0.16700301 -0.16700301 -0.16700301 -0.16700301 -0.16700301
 -0.16700301 -0.16700301 -0.16700301 -0.16700301  2.84850693 -0.16700301
 -0.16700301 -0.16700301 -0.16700301 -0.16700301 -0.16700301 -0.16700301
 -0.16700301 -0.16700301 -0.16700301 -0.16700301 -0.16700301  7.80852571
 -0.16700301 -0.16700301 -0.16700301 -0.16700301 -0.16700301 -0.16700301
 -0.16700301 -0.16700301 -0.16700301 -0.16700301 -0.16700301 -0.16700301
 -0.16700301 -0.16700301 -0.16700301 -0.16700301 -0.16700301 -0.16700301
 -0.16700301 -0.16700301 -0.16700301 -0.16700301 -0.16700301  7.6792106
 -0.16700301 -0.16700301 -0.16700301 -0.16700301 -0.16700301 -0.16700301
 -0.16700301 -0.16700301 -0.16700301 -0.16700301 -0.16700301 -0.16700301
 -0.16700301 -0.16700301 -0.16700301 -0.16700301 -0.16700301 -0.16700301
 -0.16700301 -0.16700301 -0.16700301 -0.16700301 -0.16700301 -0.16700301
 -0.16700301 -0.16700301 -0.16700301 -0.16700301 -0.16700301 -0.16700301
 -0.16700301 -0.16700301 -0.16700301 -0.16700301 -0.16700301 -0.16700301
 -0.16700301 -0.16700301 -0.16700301 -0.16700301 -0.16700301 -0.16700301
 -0.16700301 -0.16700301 -0.16700301 -0.16700301 -0.16700301 -0.16700301
 -0.16700301 -0.16700301 -0.16700301 -0.16700301 -0.16700301 -0.16700301
 -0.16700301 -0.16700301 -0.16700301 -0.16700301 -0.16700301 -0.16700301
 -0.16700301 -0.16700301 -0.16700301 -0.16700301 -0.16700301 -0.16700301
 -0.16700301 -0.16700301 -0.16700301 -0.16700301 -0.16700301 -0.16700301
 -0.16700301 -0.16700301 -0.16700301 -0.16700301 -0.16700301 -0.16700301
 -0.16700301 -0.16700301 -0.16700301 -0.16700301 -0.16700301 -0.16700301
 -0.16700301 -0.16700301 -0.16700301 -0.16700301 -0.16700301 -0.16700301
 -0.16700301 -0.16700301 -0.16700301 -0.16700301 -0.16700301 -0.16700301
 -0.16700301 -0.16700301 -0.16700301 -0.16700301 -0.16700301 -0.16700301
 -0.16700301 -0.16700301 -0.16700301 -0.16700301 -0.16700301 -0.16700301
 -0.16700301 -0.16700301 -0.16700301 -0.16700301 -0.16700301 -0.16700301
 -0.16700301 -0.16700301 -0.16700301 -0.16700301 -0.16700301 -0.16700301
 -0.16700301 -0.16700301 -0.16700301 -0.16700301 -0.16700301 -0.16700301
 -0.16700301 -0.16700301 -0.16700301 -0.16700301 -0.16700301 -0.16700301
  4.14316007 -0.16700301 -0.16700301 -0.16700301 -0.16700301 -0.16700301
 -0.16700301 -0.16700301 -0.16700301 -0.16700301 -0.16700301 -0.16700301
 -0.16700301 -0.16700301 -0.16700301 -0.16700301 -0.16700301 -0.16700301
 -0.16700301 -0.16700301  5.79686341 -0.16700301 -0.16700301 -0.16700301
  8.35849714 -0.16700301 -0.16700301 -0.16700301 -0.16700301 -0.16700301
 -0.16700301 -0.16700301 -0.16700301 -0.16700301 -0.16700301 -0.16700301
 -0.16700301 -0.16700301 -0.16700301 -0.16700301 -0.16700301 -0.16700301
 -0.16700301  3.04652953 -0.16700301 -0.16700301 -0.16700301 -0.16700301
 -0.16700301 -0.16700301 -0.16700301 -0.16700301 -0.16700301  0.35759619
 -0.16700301 -0.16700301 -0.16700301 -0.16700301 -0.16700301 -0.16700301
 -0.16700301 -0.16700301 -0.16700301 -0.16700301 -0.16700301 -0.16700301
 -0.16700301 -0.16700301 -0.16700301 -0.16700301 -0.16700301 -0.16700301
 -0.16700301 -0.16700301 -0.16700301 -0.16700301]",[-0.10512133656045572]
0,"[-0.17449496 -0.17449496 -0.17449496 -0.17449496 -0.17449496 -0.17449496
 -0.17449496 -0.17449496 -0.17449496 -0.17449496 -0.17449496 -0.17449496
 -0.17449496 -0.17449496 -0.17449496 -0.17449496 -0.17449496 -0.17449496
 -0.17449496 -0.17449496 -0.17449496  3.54500949 -0.17449496 -0.17449496
 -0.17449496 -0.17449496 -0.17449496 -0.17449496 -0.17449496 -0.17449496
 -0.17449496 -0.17449496 -0.17449496 -0.17449496 -0.17449496 -0.17449496
 -0.17449496 -0.17449496 -0.17449496 -0.17449496 -0.17449496 -0.17449496
 -0.17449496 -0.17449496 -0.17449496 -0.17449496 -0.17449496 -0.17449496
 -0.17449496 -0.17449496 -0.17449496 -0.17449496 -0.17449496 -0.17449496
 -0.17449496 -0.17449496 -0.17449496 -0.17449496 -0.17449496 -0.17449496
 -0.17449496 -0.17449496 -0.17449496 -0.17449496 -0.17449496 -0.17449496
 -0.17449496 -0.17449496 -0.17449496 -0.17449496 -0.17449496 -0.17449496
 -0.17449496 -0.17449496 -0.17449496 -0.17449496 -0.17449496 -0.17449496
 -0.17449496 -0.17449496 -0.17449496 -0.17449496 -0.17449496  8.95777549
 -0.17449496 -0.17449496 -0.17449496 -0.17449496  1.07970155 -0.17449496
 -0.17449496 -0.17449496  2.40417371 -0.17449496 -0.17449496 -0.17449496
 -0.17449496 -0.17449496 -0.17449496 -0.17449496 -0.17449496 -0.17449496
 -0.17449496 -0.17449496 -0.17449496 -0.17449496 -0.17449496 -0.17449496
 -0.17449496 -0.17449496  7.96353045 -0.17449496 -0.17449496 -0.17449496
 -0.17449496 -0.17449496  8.45785408 -0.17449496  0.49653338 -0.17449496
 -0.17449496 -0.17449496 -0.17449496 -0.17449496 -0.17449496 -0.17449496
 -0.17449496 -0.17449496 -0.17449496 -0.17449496 -0.17449496 -0.17449496
 -0.17449496 -0.17449496 -0.17449496 -0.17449496 -0.17449496 -0.17449496
 -0.17449496 -0.17449496 -0.17449496 -0.17449496 -0.17449496 -0.17449496
 -0.17449496 -0.17449496 -0.17449496 -0.17449496 -0.17449496 -0.17449496
 -0.17449496 -0.17449496 -0.17449496 -0.17449496 -0.17449496 -0.17449496
 -0.17449496 -0.17449496 -0.17449496 -0.17449496 -0.17449496 -0.17449496
 -0.17449496 -0.17449496 -0.17449496 -0.17449496 -0.17449496 -0.17449496
 -0.17449496 -0.17449496 -0.17449496 -0.17449496 -0.17449496 -0.17449496
 -0.17449496 -0.17449496 -0.17449496 -0.17449496 -0.17449496 -0.17449496
 -0.17449496 -0.17449496 -0.17449496 -0.17449496 -0.17449496 -0.17449496
 -0.17449496 -0.17449496 -0.17449496 -0.17449496 -0.17449496 -0.17449496
 -0.17449496 -0.17449496 -0.17449496 -0.17449496 -0.17449496 -0.17449496
 -0.17449496 -0.17449496  1.7263093  -0.17449496 -0.17449496 -0.17449496
 -0.17449496 -0.17449496 -0.17449496 -0.17449496 -0.17449496 -0.17449496
  1.9623897  -0.17449496 -0.17449496 -0.17449496 -0.17449496  4.18022943
 -0.17449496 -0.17449496 -0.17449496 -0.17449496 -0.17449496 -0.17449496
 -0.17449496  0.98645636 -0.17449496 -0.17449496 -0.17449496 -0.17449496
 -0.17449496 -0.17449496 -0.17449496  1.87101144 -0.17449496 -0.17449496
 -0.17449496  0.29204483 -0.17449496 -0.17449496  3.40121985 -0.17449496
  1.93637133 -0.17449496 -0.17449496 -0.17449496 -0.17449496 -0.17449496
 -0.17449496 -0.17449496 -0.17449496 -0.17449496 -0.17449496 -0.17449496
 -0.17449496 -0.17449496 -0.17449496 -0.17449496 -0.17449496 -0.17449496
 -0.17449496 -0.17449496 -0.17449496  0.87155982 -0.17449496  0.07466742
 -0.17449496 -0.17449496 -0.17449496 -0.17449496 -0.17449496 -0.17449496
 -0.17449496 -0.17449496  3.35517658 -0.17449496 -0.17449496 -0.17449496
 -0.17449496 -0.17449496 -0.17449496 -0.17449496 -0.17449496 -0.17449496
 -0.17449496 -0.17449496 -0.17449496 -0.17449496 -0.17449496  1.00832713
 -0.17449496 -0.17449496 -0.17449496 -0.17449496 -0.17449496 -0.17449496
 -0.17449496 -0.17449496  5.12212749 -0.17449496 -0.17449496 -0.17449496
 -0.17449496 -0.17449496 -0.17449496 -0.17449496 -0.17449496 -0.17449496
 -0.17449496 -0.17449496 -0.17449496 -0.17449496 -0.17449496  4.24247808
 -0.17449496 -0.17449496 -0.17449496 -0.17449496 -0.17449496 -0.17449496
 -0.17449496 -0.17449496 -0.17449496 -0.17449496 -0.17449496 -0.17449496
 -0.17449496 -0.17449496 -0.17449496 -0.17449496 -0.17449496 -0.17449496
 -0.17449496 -0.17449496 -0.17449496 -0.17449496 -0.17449496 -0.17449496
 -0.17449496 -0.17449496 -0.17449496 -0.17449496 -0.17449496 -0.17449496
 -0.17449496 -0.17449496 -0.17449496 -0.17449496 -0.17449496 -0.17449496
 -0.17449496 -0.17449496 -0.17449496 -0.17449496 -0.17449496 -0.17449496
 -0.17449496 -0.17449496 -0.17449496 -0.17449496 -0.17449496 -0.17449496
 -0.17449496 -0.17449496 -0.17449496 -0.17449496 -0.17449496 -0.17449496
 -0.17449496 -0.17449496 -0.17449496 -0.17449496 -0.17449496 -0.17449496
 -0.17449496 -0.17449496 -0.17449496 -0.17449496 -0.17449496 -0.17449496
 -0.17449496 -0.17449496 -0.17449496 -0.17449496 -0.17449496 -0.17449496
 -0.17449496 -0.17449496 -0.17449496 -0.17449496 -0.17449496 -0.17449496
 -0.17449496 -0.17449496 -0.17449496 -0.17449496 -0.17449496 -0.17449496
 -0.17449496 -0.17449496 -0.17449496 -0.17449496 -0.17449496 -0.17449496
 -0.17449496 -0.17449496 -0.17449496 -0.17449496 -0.17449496 -0.17449496
 -0.17449496 -0.17449496 -0.17449496 -0.17449496 -0.17449496 -0.17449496
 -0.17449496 -0.17449496 -0.17449496 -0.17449496 -0.17449496 -0.17449496
 -0.17449496 -0.17449496 -0.17449496 -0.17449496 -0.17449496 -0.17449496
 -0.17449496 -0.17449496 -0.17449496 -0.17449496 -0.17449496 -0.17449496
 -0.17449496 -0.17449496 -0.17449496 -0.17449496 -0.17449496 -0.17449496
 -0.17449496 -0.17449496 -0.17449496 -0.17449496 -0.17449496 -0.17449496
  4.87013681 -0.17449496 -0.17449496 -0.17449496 -0.17449496 -0.17449496
 -0.17449496 -0.17449496 -0.17449496 -0.17449496 -0.17449496 -0.17449496
 -0.17449496 -0.17449496 -0.17449496 -0.17449496 -0.17449496 -0.17449496
 -0.17449496 -0.17449496  8.76214089 -0.17449496 -0.17449496 -0.17449496
  8.22721209 -0.17449496 -0.17449496 -0.17449496 -0.17449496 -0.17449496
 -0.17449496 -0.17449496 -0.17449496 -0.17449496 -0.17449496 -0.17449496
 -0.17449496 -0.17449496 -0.17449496 -0.17449496 -0.17449496 -0.17449496
 -0.17449496 -0.17449496 -0.17449496 -0.17449496 -0.17449496 -0.17449496
 -0.17449496 -0.17449496 -0.17449496 -0.17449496 -0.17449496  0.58057002
 -0.17449496 -0.17449496 -0.17449496 -0.17449496 -0.17449496 -0.17449496
 -0.17449496 -0.17449496 -0.17449496 -0.17449496 -0.17449496 -0.17449496
 -0.17449496 -0.17449496 -0.17449496 -0.17449496 -0.17449496 -0.17449496
 -0.17449496 -0.17449496 -0.17449496 -0.17449496]",[-0.10319968517413827]
0,"[-0.20602438 -0.20602438 -0.20602438 -0.20602438 -0.20602438 -0.20602438
 -0.20602438 -0.20602438 -0.20602438 -0.20602438 -0.20602438 -0.20602438
 -0.20602438 -0.20602438 -0.20602438 -0.20602438 -0.20602438 -0.20602438
 -0.20602438 -0.20602438 -0.20602438 -0.20602438 -0.20602438 -0.20602438
 -0.20602438 -0.20602438 -0.20602438 -0.20602438 -0.20602438 -0.20602438
 -0.20602438 -0.20602438 -0.20602438 -0.20602438 -0.20602438 -0.20602438
 -0.20602438 -0.20602438 -0.20602438 -0.20602438 -0.20602438 -0.20602438
 -0.20602438 -0.20602438 -0.20602438 -0.20602438 -0.20602438 -0.20602438
 -0.20602438 -0.20602438 -0.20602438 -0.20602438 -0.20602438 -0.20602438
 -0.20602438 -0.20602438 -0.20602438 -0.20602438 -0.20602438 -0.20602438
 -0.20602438 -0.20602438 -0.20602438 -0.20602438 -0.20602438 -0.20602438
 -0.20602438 -0.20602438 -0.20602438 -0.20602438 -0.20602438 -0.20602438
 -0.20602438 -0.20602438 -0.20602438 -0.20602438 -0.20602438 -0.20602438
 -0.20602438 -0.20602438 -0.20602438 -0.20602438 -0.20602438  2.52162657
 -0.20602438 -0.20602438 -0.20602438 -0.20602438 -0.20602438 -0.20602438
 -0.20602438 -0.20602438 -0.20602438 -0.20602438 -0.20602438 -0.20602438
 -0.20602438 -0.20602438 -0.20602438 -0.20602438 -0.20602438 -0.20602438
 -0.20602438 -0.20602438 -0.20602438 -0.20602438 -0.20602438 -0.20602438
 -0.20602438 -0.20602438  7.26309909 -0.20602438 -0.20602438 -0.20602438
 -0.20602438 -0.20602438 -0.20602438 -0.20602438 -0.20602438 -0.20602438
 -0.20602438 -0.20602438 -0.20602438 -0.20602438 -0.20602438 -0.20602438
 -0.20602438 -0.20602438 -0.20602438 -0.20602438 -0.20602438 -0.20602438
 -0.20602438 -0.20602438 -0.20602438 -0.20602438 -0.20602438 -0.20602438
 -0.20602438 -0.20602438 -0.20602438 -0.20602438 -0.20602438 -0.20602438
 -0.20602438 -0.20602438 -0.20602438 -0.20602438 -0.20602438 -0.20602438
 -0.20602438 -0.20602438 -0.20602438 -0.20602438 -0.20602438 -0.20602438
 -0.20602438 -0.20602438 -0.20602438 -0.20602438 -0.20602438 -0.20602438
 -0.20602438  2.27462822 -0.20602438 -0.20602438 -0.20602438 -0.20602438
 -0.20602438 -0.20602438 -0.20602438 -0.20602438 -0.20602438 -0.20602438
 -0.20602438 -0.20602438 -0.20602438 -0.20602438 -0.20602438 -0.20602438
 -0.20602438 -0.20602438 -0.20602438 -0.20602438 -0.20602438 -0.20602438
 -0.20602438 -0.20602438 -0.20602438 -0.20602438 -0.20602438 -0.20602438
 -0.20602438 -0.20602438 -0.20602438 -0.20602438 -0.20602438 -0.20602438
 -0.20602438 -0.20602438  3.24471349 -0.20602438 -0.20602438 -0.20602438
 -0.20602438 -0.20602438 -0.20602438 -0.20602438 -0.20602438  4.47374689
  4.09771312 -0.20602438 -0.20602438 -0.20602438 -0.20602438  1.51252303
 -0.20602438 -0.20602438 -0.20602438 -0.20602438 -0.20602438 -0.20602438
 -0.20602438 -0.20602438 -0.20602438 -0.20602438 -0.20602438 -0.20602438
 -0.20602438 -0.20602438 -0.20602438 -0.20602438 -0.20602438 -0.20602438
 -0.20602438  3.74735858 -0.20602438 -0.20602438  1.01410629 -0.20602438
  5.37981818  0.57049511 -0.20602438 -0.20602438 -0.20602438 -0.20602438
 -0.20602438 -0.20602438 -0.20602438 -0.20602438 -0.20602438 -0.20602438
 -0.20602438 -0.20602438 -0.20602438 -0.20602438 -0.20602438 -0.20602438
 -0.20602438 -0.20602438 -0.20602438  6.22787577 -0.20602438 -0.15461658
 -0.20602438 -0.20602438 -0.20602438  2.12940989 -0.20602438 -0.20602438
 -0.20602438 -0.20602438 -0.20602438 -0.20602438  4.52453    -0.20602438
 -0.20602438  2.59977611 -0.20602438 -0.20602438 -0.20602438 -0.20602438
 -0.20602438  4.12851258 -0.20602438 -0.20602438 -0.20602438  7.47467161
  3.48694431 -0.20602438 -0.20602438 -0.20602438 -0.20602438 -0.20602438
 -0.20602438  1.53906287 -0.20602438 -0.20602438 -0.20602438 -0.20602438
 -0.20602438 -0.20602438 -0.20602438 -0.20602438 -0.20602438 -0.20602438
  1.53906287 -0.20602438 -0.20602438 -0.20602438 -0.20602438  5.02845965
 -0.20602438  0.96658703 -0.20602438  2.23423696 -0.20602438 -0.20602438
 -0.20602438 -0.20602438 -0.20602438 -0.20602438 -0.20602438 -0.20602438
 -0.20602438 -0.20602438 -0.20602438 -0.20602438 -0.20602438 -0.20602438
 -0.20602438 -0.20602438 -0.20602438 -0.20602438 -0.20602438 -0.20602438
 -0.20602438 -0.20602438 -0.20602438 -0.20602438 -0.20602438 -0.20602438
 -0.20602438 -0.20602438 -0.20602438 -0.20602438 -0.20602438 -0.20602438
 -0.20602438 -0.20602438 -0.20602438 -0.20602438 -0.20602438 -0.20602438
 -0.20602438 -0.20602438 -0.20602438 -0.20602438 -0.20602438 -0.20602438
 -0.20602438 -0.20602438 -0.20602438 -0.20602438 -0.20602438 -0.20602438
 -0.20602438 -0.20602438 -0.20602438 -0.20602438 -0.20602438 -0.20602438
 -0.20602438 -0.20602438 -0.20602438 -0.20602438 -0.20602438 -0.20602438
 -0.20602438 -0.20602438 -0.20602438 -0.20602438 -0.20602438 -0.20602438
 -0.20602438 -0.20602438 -0.20602438 -0.20602438 -0.20602438 -0.20602438
 -0.20602438 -0.20602438 -0.20602438 -0.20602438 -0.20602438 -0.20602438
 -0.20602438 -0.20602438 -0.20602438 -0.20602438 -0.20602438 -0.20602438
 -0.20602438 -0.20602438 -0.20602438 -0.20602438 -0.20602438 -0.20602438
 -0.20602438 -0.20602438 -0.20602438 -0.20602438 -0.20602438 -0.20602438
 -0.20602438 -0.20602438 -0.20602438 -0.20602438 -0.20602438 -0.20602438
 -0.20602438 -0.20602438 -0.20602438 -0.20602438 -0.20602438 -0.20602438
 -0.20602438 -0.20602438 -0.20602438 -0.20602438 -0.20602438 -0.20602438
 -0.20602438 -0.20602438 -0.20602438 -0.20602438 -0.20602438 -0.20602438
 -0.20602438 -0.20602438 -0.20602438 -0.20602438 -0.20602438 -0.20602438
 -0.20602438 -0.20602438 -0.20602438 -0.20602438 -0.20602438 -0.20602438
  1.07538132 -0.20602438 -0.20602438 -0.20602438 -0.20602438 -0.20602438
 -0.20602438 -0.20602438 -0.20602438 -0.20602438 -0.20602438 -0.20602438
 -0.20602438 -0.20602438  6.63347609 -0.20602438 -0.20602438 -0.20602438
  8.21195811 -0.20602438 -0.20602438 -0.20602438 -0.20602438 -0.20602438
 -0.20602438 -0.20602438 -0.20602438 -0.20602438 -0.20602438 -0.20602438
 -0.20602438 -0.20602438 -0.20602438 -0.20602438 -0.20602438 -0.20602438
 -0.20602438  5.98088765 -0.20602438 -0.20602438 -0.20602438  0.95906612
 -0.20602438 -0.20602438 -0.20602438 -0.20602438 -0.20602438  0.2668368
 -0.20602438 -0.20602438 -0.20602438 -0.20602438 -0.20602438 -0.20602438
 -0.20602438 -0.20602438 -0.20602438 -0.20602438 -0.20602438 -0.20602438
 -0.20602438 -0.20602438 -0.20602438 -0.20602438 -0.20602438 -0.20602438
 -0.20602438 -0.20602438 -0.20602438 -0.20602438]",[0.03770809008091125]
0,"[-0.17069948 -0.17069948 -0.17069948 -0.17069948 -0.17069948 -0.17069948
 -0.17069948 -0.17069948 -0.17069948 -0.17069948 -0.17069948 -0.17069948
 -0.17069948 -0.17069948 -0.17069948 -0.17069948 -0.17069948 -0.17069948
 -0.17069948 -0.17069948 -0.17069948 -0.17069948 -0.17069948 -0.17069948
 -0.17069948 -0.17069948 -0.17069948 -0.17069948 -0.17069948 -0.17069948
 -0.17069948 -0.17069948 -0.17069948 -0.17069948 -0.17069948 -0.17069948
 -0.17069948 -0.17069948 -0.17069948 -0.17069948 -0.17069948 -0.17069948
 -0.17069948 -0.17069948 -0.17069948 -0.17069948 -0.17069948 -0.17069948
 -0.17069948 -0.17069948 -0.17069948 -0.17069948 -0.17069948 -0.17069948
 -0.17069948 -0.17069948 -0.17069948 -0.17069948 -0.17069948 -0.17069948
 -0.17069948 -0.17069948 -0.17069948 -0.17069948 -0.17069948 -0.17069948
 -0.17069948 -0.17069948 -0.17069948 -0.17069948 -0.17069948 -0.17069948
 -0.17069948 -0.17069948 -0.17069948 -0.17069948 -0.17069948 -0.17069948
 -0.17069948 -0.17069948 -0.17069948 -0.17069948 -0.17069948  7.63608052
 -0.17069948 -0.17069948 -0.17069948 -0.17069948 -0.17069948 -0.17069948
 -0.17069948 -0.17069948 -0.17069948 -0.17069948 -0.17069948 -0.17069948
 -0.17069948 -0.17069948 -0.17069948 -0.17069948 -0.17069948 -0.17069948
 -0.17069948 -0.17069948 -0.17069948 -0.17069948 -0.17069948 -0.17069948
 -0.17069948 -0.17069948  7.5564943  -0.17069948 -0.17069948 -0.17069948
 -0.17069948 -0.17069948  3.66954482 -0.17069948 -0.17069948 -0.17069948
 -0.17069948 -0.17069948 -0.17069948 -0.17069948 -0.17069948 -0.17069948
 -0.17069948 -0.17069948 -0.17069948 -0.17069948 -0.17069948 -0.17069948
 -0.17069948 -0.17069948 -0.17069948 -0.17069948 -0.17069948 -0.17069948
 -0.17069948 -0.17069948 -0.17069948 -0.17069948 -0.17069948 -0.17069948
 -0.17069948 -0.17069948 -0.17069948 -0.17069948 -0.17069948 -0.17069948
 -0.17069948 -0.17069948 -0.17069948 -0.17069948 -0.17069948 -0.17069948
 -0.17069948 -0.17069948 -0.17069948 -0.17069948 -0.17069948 -0.17069948
 -0.17069948 -0.17069948 -0.17069948 -0.17069948 -0.17069948 -0.17069948
 -0.17069948 -0.17069948 -0.17069948 -0.17069948 -0.17069948 -0.17069948
 -0.17069948 -0.17069948 -0.17069948 -0.17069948 -0.17069948 -0.17069948
 -0.17069948 -0.17069948 -0.17069948 -0.17069948 -0.17069948 -0.17069948
 -0.17069948 -0.17069948 -0.17069948 -0.17069948 -0.17069948 -0.17069948
 -0.17069948 -0.17069948 -0.17069948 -0.17069948 -0.17069948 -0.17069948
 -0.17069948 -0.17069948  3.04205999 -0.17069948 -0.17069948  0.6594157
 -0.17069948 -0.17069948 -0.17069948 -0.17069948 -0.17069948 -0.17069948
  5.43832265 -0.17069948 -0.17069948 -0.17069948 -0.17069948  4.83427485
 -0.17069948 -0.17069948 -0.17069948 -0.17069948 -0.17069948 -0.17069948
 -0.17069948 -0.17069948 -0.17069948 -0.17069948 -0.17069948 -0.17069948
 -0.17069948 -0.17069948 -0.17069948 -0.17069948 -0.17069948 -0.17069948
 -0.17069948 -0.17069948 -0.17069948 -0.17069948 -0.17069948 -0.17069948
  3.94486277 -0.17069948 -0.17069948 -0.17069948 -0.17069948 -0.17069948
 -0.17069948 -0.17069948 -0.17069948 -0.17069948 -0.17069948 -0.17069948
 -0.17069948 -0.17069948 -0.17069948 -0.17069948 -0.17069948 -0.17069948
 -0.17069948 -0.17069948 -0.17069948  3.52859727 -0.17069948 -0.17069948
 -0.17069948 -0.17069948 -0.17069948 -0.17069948 -0.17069948 -0.17069948
 -0.17069948 -0.17069948 -0.17069948 -0.17069948  1.29320572 -0.17069948
 -0.17069948 -0.17069948 -0.17069948 -0.17069948 -0.17069948 -0.17069948
 -0.17069948 -0.17069948 -0.17069948 -0.17069948 -0.17069948 -0.17069948
 -0.17069948 -0.17069948 -0.17069948 -0.17069948 -0.17069948 -0.17069948
 -0.17069948  5.77561619 -0.17069948 -0.17069948 -0.17069948 -0.17069948
 -0.17069948 -0.17069948 -0.17069948 -0.17069948 -0.17069948 -0.17069948
  2.11358877 -0.17069948 -0.17069948 -0.17069948 -0.17069948  4.61545818
 -0.17069948 -0.17069948 -0.17069948 -0.17069948 -0.17069948 -0.17069948
 -0.17069948 -0.17069948 -0.17069948 -0.17069948 -0.17069948 -0.17069948
 -0.17069948 -0.17069948 -0.17069948 -0.17069948 -0.17069948 -0.17069948
 -0.17069948 -0.17069948 -0.17069948 -0.17069948 -0.17069948 -0.17069948
 -0.17069948 -0.17069948 -0.17069948 -0.17069948 -0.17069948 -0.17069948
 -0.17069948 -0.17069948 -0.17069948 -0.17069948 -0.17069948 -0.17069948
 -0.17069948 -0.17069948 -0.17069948 -0.17069948 -0.17069948 -0.17069948
 -0.17069948 -0.17069948 -0.17069948 -0.17069948 -0.17069948 -0.17069948
 -0.17069948 -0.17069948 -0.17069948 -0.17069948 -0.17069948 -0.17069948
 -0.17069948 -0.17069948 -0.17069948 -0.17069948 -0.17069948 -0.17069948
 -0.17069948 -0.17069948 -0.17069948 -0.17069948 -0.17069948 -0.17069948
 -0.17069948 -0.17069948 -0.17069948 -0.17069948 -0.17069948 -0.17069948
 -0.17069948 -0.17069948 -0.17069948 -0.17069948 -0.17069948 -0.17069948
 -0.17069948 -0.17069948 -0.17069948 -0.17069948 -0.17069948 -0.17069948
 -0.17069948 -0.17069948 -0.17069948 -0.17069948 -0.17069948 -0.17069948
 -0.17069948 -0.17069948 -0.17069948 -0.17069948 -0.17069948 -0.17069948
 -0.17069948 -0.17069948 -0.17069948 -0.17069948 -0.17069948 -0.17069948
 -0.17069948 -0.17069948 -0.17069948 -0.17069948 -0.17069948 -0.17069948
 -0.17069948 -0.17069948 -0.17069948 -0.17069948 -0.17069948 -0.17069948
 -0.17069948 -0.17069948 -0.17069948 -0.17069948 -0.17069948 -0.17069948
 -0.17069948 -0.17069948 -0.17069948 -0.17069948 -0.17069948 -0.17069948
 -0.17069948 -0.17069948 -0.17069948 -0.17069948 -0.17069948 -0.17069948
  3.98339609 -0.17069948 -0.17069948 -0.17069948 -0.17069948 -0.17069948
 -0.17069948 -0.17069948 -0.17069948 -0.17069948 -0.17069948 -0.17069948
 -0.17069948 -0.17069948 -0.17069948 -0.17069948 -0.17069948 -0.17069948
 -0.17069948 -0.17069948  7.13482927 -0.17069948 -0.17069948 -0.17069948
  8.09671199 -0.17069948 -0.17069948 -0.17069948 -0.17069948 -0.17069948
 -0.17069948 -0.17069948 -0.17069948 -0.17069948 -0.17069948 -0.17069948
 -0.17069948 -0.17069948 -0.17069948 -0.17069948 -0.17069948 -0.17069948
 -0.17069948  3.33589316 -0.17069948 -0.17069948 -0.17069948 -0.17069948
 -0.17069948 -0.17069948 -0.17069948 -0.17069948 -0.17069948 -0.17069948
 -0.17069948 -0.17069948 -0.17069948 -0.17069948 -0.17069948 -0.17069948
 -0.17069948 -0.17069948 -0.17069948 -0.17069948 -0.17069948 -0.17069948
 -0.17069948 -0.17069948 -0.17069948 -0.17069948 -0.17069948 -0.17069948
 -0.17069948 -0.17069948  9.03278553 -0.17069948]",[0.04513485285392524]
0,"[-0.16371852 -0.16371852 -0.16371852 -0.16371852 -0.16371852 -0.16371852
 -0.16371852 -0.16371852 -0.16371852 -0.16371852 -0.16371852 -0.16371852
 -0.16371852 -0.16371852 -0.16371852 -0.16371852 -0.16371852 -0.16371852
 -0.16371852 -0.16371852 -0.16371852 -0.16371852 -0.16371852 -0.16371852
 -0.16371852 -0.16371852 -0.16371852 -0.16371852 -0.16371852 -0.16371852
 -0.16371852 -0.16371852 -0.16371852 -0.16371852 -0.16371852 -0.16371852
 -0.16371852 -0.16371852 -0.16371852 -0.16371852 -0.16371852 -0.16371852
 -0.16371852 -0.16371852 -0.16371852 -0.16371852 -0.16371852 -0.16371852
 -0.16371852 -0.16371852 -0.16371852 -0.16371852 -0.16371852 -0.16371852
 -0.16371852 -0.16371852 -0.16371852 -0.16371852 -0.16371852 -0.16371852
 -0.16371852 -0.16371852 -0.16371852 -0.16371852 -0.16371852 -0.16371852
 -0.16371852 -0.16371852 -0.16371852 -0.16371852 -0.16371852 -0.16371852
 -0.16371852 -0.16371852 -0.16371852 -0.16371852 -0.16371852 -0.16371852
 -0.16371852 -0.16371852 -0.16371852 -0.16371852 -0.16371852  1.53770694
 -0.16371852 -0.16371852 -0.16371852 -0.16371852 -0.16371852 -0.16371852
 -0.16371852 -0.16371852  1.33361131 -0.16371852 -0.16371852 -0.16371852
 -0.16371852 -0.16371852 -0.16371852 -0.16371852 -0.16371852 -0.16371852
 -0.16371852 -0.16371852 -0.16371852 -0.16371852 -0.16371852 -0.16371852
 -0.16371852 -0.16371852  0.64697709 -0.16371852 -0.16371852 -0.16371852
 -0.16371852 -0.16371852 -0.16371852 -0.16371852 -0.16371852 -0.16371852
 -0.16371852 -0.16371852 -0.16371852 -0.16371852 -0.16371852 -0.16371852
 -0.16371852 -0.16371852 -0.16371852 -0.16371852 -0.16371852 -0.16371852
 -0.16371852 -0.16371852 -0.16371852 -0.16371852 -0.16371852 -0.16371852
 -0.16371852 -0.16371852 -0.16371852 -0.16371852 -0.16371852 -0.16371852
 -0.16371852 -0.16371852 -0.16371852 -0.16371852 -0.16371852 -0.16371852
 -0.16371852 -0.16371852 -0.16371852 -0.16371852 -0.16371852 -0.16371852
 -0.16371852 -0.16371852 -0.16371852 -0.16371852 -0.16371852 -0.16371852
 -0.16371852 -0.16371852 -0.16371852 -0.16371852 -0.16371852 -0.16371852
 -0.16371852 -0.16371852 -0.16371852 -0.16371852 -0.16371852 -0.16371852
 -0.16371852 -0.16371852 -0.16371852 -0.16371852 -0.16371852 -0.16371852
 -0.16371852 -0.16371852 -0.16371852 -0.16371852 -0.16371852 -0.16371852
 -0.16371852 -0.16371852 -0.16371852 -0.16371852 -0.16371852 -0.16371852
 -0.16371852 -0.16371852 -0.16371852 -0.16371852 -0.16371852 -0.16371852
 -0.16371852 -0.16371852  2.34170812 -0.16371852 -0.16371852 -0.16371852
 -0.16371852 -0.16371852 -0.16371852 -0.16371852 -0.16371852 -0.16371852
 -0.16371852 -0.16371852 -0.16371852 -0.16371852 -0.16371852  4.19039852
 -0.16371852 -0.16371852 -0.16371852 -0.16371852 -0.16371852 -0.16371852
 -0.16371852 -0.16371852 -0.16371852 -0.16371852 -0.16371852 -0.16371852
 -0.16371852 -0.16371852 -0.16371852 -0.16371852 -0.16371852 -0.16371852
 -0.16371852  5.06557247 -0.16371852 -0.16371852 -0.16371852 -0.16371852
  3.16415835 -0.16371852 -0.16371852 -0.16371852 -0.16371852 -0.16371852
 -0.16371852 -0.16371852 -0.16371852 -0.16371852 -0.16371852 -0.16371852
 -0.16371852 -0.16371852 -0.16371852 -0.16371852 -0.16371852 -0.16371852
 -0.16371852 -0.16371852  7.43086571  5.33325221 -0.16371852  0.0783669
 -0.16371852 -0.16371852 -0.16371852 -0.16371852  1.054855   -0.16371852
 -0.16371852 -0.16371852 -0.16371852 -0.16371852  3.27370719 -0.16371852
 -0.16371852 -0.16371852 -0.16371852 -0.16371852 -0.16371852 -0.16371852
 -0.16371852  4.60028412 -0.16371852 -0.16371852 -0.16371852 -0.16371852
 -0.16371852 -0.16371852 -0.16371852 -0.16371852 -0.16371852 -0.16371852
 -0.16371852 -0.16371852 -0.16371852 -0.16371852 -0.16371852 -0.16371852
 -0.16371852 -0.16371852 -0.16371852 -0.16371852 -0.16371852 -0.16371852
 -0.16371852 -0.16371852 -0.16371852 -0.16371852 -0.16371852  5.47491485
 -0.16371852 -0.16371852 -0.16371852 -0.16371852 -0.16371852 -0.16371852
 -0.16371852 -0.16371852 -0.16371852 -0.16371852 -0.16371852 -0.16371852
 -0.16371852 -0.16371852 -0.16371852 -0.16371852 -0.16371852 -0.16371852
 -0.16371852 -0.16371852 -0.16371852 -0.16371852 -0.16371852 -0.16371852
 -0.16371852 -0.16371852 -0.16371852 -0.16371852 -0.16371852 -0.16371852
 -0.16371852 -0.16371852 -0.16371852 -0.16371852 -0.16371852 -0.16371852
 -0.16371852 -0.16371852 -0.16371852 -0.16371852 -0.16371852 -0.16371852
 -0.16371852 -0.16371852 -0.16371852 -0.16371852 -0.16371852 -0.16371852
 -0.16371852 -0.16371852 -0.16371852 -0.16371852 -0.16371852 -0.16371852
 -0.16371852 -0.16371852 -0.16371852 -0.16371852 -0.16371852 -0.16371852
 -0.16371852 -0.16371852 -0.16371852 -0.16371852 -0.16371852 -0.16371852
 -0.16371852 -0.16371852 -0.16371852 -0.16371852 -0.16371852 -0.16371852
 -0.16371852 -0.16371852 -0.16371852 -0.16371852 -0.16371852 -0.16371852
 -0.16371852 -0.16371852 -0.16371852 -0.16371852 -0.16371852 -0.16371852
 -0.16371852 -0.16371852 -0.16371852 -0.16371852 -0.16371852 -0.16371852
 -0.16371852 -0.16371852 -0.16371852 -0.16371852 -0.16371852 -0.16371852
 -0.16371852 -0.16371852 -0.16371852 -0.16371852 -0.16371852 -0.16371852
 -0.16371852 -0.16371852 -0.16371852 -0.16371852 -0.16371852 -0.16371852
 -0.16371852 -0.16371852 -0.16371852 -0.16371852 -0.16371852 -0.16371852
 -0.16371852 -0.16371852 -0.16371852 -0.16371852 -0.16371852 -0.16371852
 -0.16371852 -0.16371852 -0.16371852 -0.16371852 -0.16371852 -0.16371852
 -0.16371852 -0.16371852 -0.16371852 -0.16371852 -0.16371852 -0.16371852
 -0.16371852 -0.16371852 -0.16371852 -0.16371852 -0.16371852 -0.16371852
 -0.16371852 -0.16371852 -0.16371852 -0.16371852 -0.16371852 -0.16371852
 -0.16371852 -0.16371852 -0.16371852 -0.16371852 -0.16371852 -0.16371852
 -0.16371852 -0.16371852  8.96661718 -0.16371852 -0.16371852 -0.16371852
 11.05037751 -0.16371852 -0.16371852 -0.16371852 -0.16371852 -0.16371852
 -0.16371852 -0.16371852 -0.16371852 -0.16371852 -0.16371852 -0.16371852
 -0.16371852 -0.16371852 -0.16371852 -0.16371852 -0.16371852  6.45673259
 -0.16371852  6.0675188   3.95535116 -0.16371852 -0.16371852 -0.16371852
 -0.16371852 -0.16371852 -0.16371852 -0.16371852 -0.16371852 -0.16371852
 -0.16371852 -0.16371852 -0.16371852 -0.16371852 -0.16371852 -0.16371852
 -0.16371852 -0.16371852 -0.16371852 -0.16371852 -0.16371852 -0.16371852
 -0.16371852 -0.16371852 -0.16371852 -0.16371852 -0.16371852 -0.16371852
 -0.16371852 -0.16371852 -0.16371852 -0.16371852]",[0.025845338482714725]
0,"[-0.20408906 -0.20408906 -0.20408906 -0.20408906 -0.20408906 -0.20408906
 -0.20408906 -0.20408906 -0.20408906 -0.20408906 -0.20408906 -0.20408906
 -0.20408906 -0.20408906 -0.20408906 -0.20408906 -0.20408906 -0.20408906
 -0.20408906 -0.20408906 -0.20408906 -0.20408906 -0.20408906 -0.20408906
 -0.20408906 -0.20408906 -0.20408906 -0.20408906 -0.20408906 -0.20408906
 -0.20408906 -0.20408906 -0.20408906 -0.20408906 -0.20408906 -0.20408906
 -0.20408906 -0.20408906 -0.20408906 -0.20408906 -0.20408906 -0.20408906
 -0.20408906 -0.20408906 -0.20408906 -0.20408906 -0.20408906 -0.20408906
 -0.20408906 -0.20408906 -0.20408906 -0.20408906 -0.20408906 -0.20408906
 -0.20408906 -0.20408906 -0.20408906 -0.20408906 -0.20408906 -0.20408906
 -0.20408906 -0.20408906 -0.20408906 -0.20408906 -0.20408906 -0.20408906
 -0.20408906 -0.20408906 -0.20408906 -0.20408906 -0.20408906 -0.20408906
 -0.20408906 -0.20408906 -0.20408906 -0.20408906 -0.20408906 -0.20408906
 -0.20408906 -0.20408906 -0.20408906 -0.20408906 -0.20408906  4.93668549
 -0.20408906 -0.20408906 -0.20408906 -0.20408906 -0.20408906 -0.20408906
 -0.20408906 -0.20408906  2.84542416 -0.20408906 -0.20408906 -0.20408906
 -0.20408906 -0.20408906 -0.20408906 -0.20408906 -0.20408906 -0.20408906
 -0.20408906 -0.20408906 -0.20408906 -0.20408906 -0.20408906 -0.20408906
 -0.20408906 -0.20408906  7.63670682 -0.20408906 -0.20408906 -0.20408906
  1.79963559 -0.20408906 -0.20408906 -0.20408906 -0.20408906 -0.20408906
 -0.20408906 -0.20408906 -0.20408906 -0.20408906 -0.20408906 -0.20408906
 -0.20408906 -0.20408906 -0.20408906 -0.20408906 -0.20408906 -0.20408906
 -0.20408906 -0.20408906 -0.20408906 -0.20408906 -0.20408906 -0.20408906
 -0.20408906 -0.20408906 -0.20408906 -0.20408906 -0.20408906 -0.20408906
 -0.20408906 -0.20408906 -0.20408906 -0.20408906 -0.20408906 -0.20408906
 -0.20408906 -0.20408906 -0.20408906 -0.20408906 -0.20408906 -0.20408906
 -0.20408906 -0.20408906 -0.20408906 -0.20408906 -0.20408906 -0.20408906
 -0.20408906  0.54410915 -0.20408906 -0.20408906 -0.20408906 -0.20408906
 -0.20408906 -0.20408906 -0.20408906 -0.20408906 -0.20408906 -0.20408906
 -0.20408906 -0.20408906 -0.20408906 -0.20408906 -0.20408906 -0.20408906
 -0.20408906 -0.20408906 -0.20408906 -0.20408906 -0.20408906 -0.20408906
 -0.20408906 -0.20408906 -0.20408906 -0.20408906 -0.20408906 -0.20408906
 -0.20408906 -0.20408906 -0.20408906 -0.20408906 -0.20408906 -0.20408906
 -0.20408906 -0.20408906  3.92914438 -0.20408906 -0.20408906 -0.20408906
 -0.20408906 -0.20408906 -0.20408906 -0.20408906 -0.20408906 -0.20408906
  1.88914735 -0.20408906 -0.20408906 -0.20408906 -0.20408906 -0.20408906
 -0.20408906 -0.20408906 -0.20408906 -0.20408906 -0.20408906 -0.20408906
 -0.20408906 -0.20408906 -0.20408906 -0.20408906 -0.20408906 -0.20408906
 -0.20408906 -0.20408906 -0.20408906 -0.20408906 -0.20408906 -0.20408906
 -0.20408906  3.79812089 -0.20408906  2.47747727  4.91579398 -0.20408906
  3.46308395 -0.20408906  4.7593335  -0.20408906 -0.20408906 -0.20408906
 -0.20408906 -0.20408906 -0.20408906 -0.20408906 -0.20408906 -0.20408906
 -0.20408906 -0.20408906 -0.20408906  6.5400264  -0.20408906 -0.20408906
 -0.20408906 -0.20408906 -0.20408906  3.02821374 -0.20408906  0.31886106
 -0.20408906 -0.20408906 -0.20408906  2.1411439  -0.20408906 -0.20408906
  2.50200238 -0.20408906 -0.20408906 -0.20408906 -0.20408906 -0.20408906
 -0.20408906 -0.20408906 -0.20408906 -0.20408906 -0.20408906 -0.20408906
 -0.20408906  1.59574539 -0.20408906 -0.20408906 -0.20408906 -0.20408906
  1.89866486 -0.20408906 -0.20408906 -0.20408906 -0.20408906 -0.20408906
 -0.20408906 -0.20408906  7.19690011 -0.20408906 -0.20408906 -0.20408906
 -0.20408906 -0.20408906 -0.20408906 -0.20408906 -0.20408906 -0.20408906
  8.51366757 -0.20408906 -0.20408906 -0.20408906 -0.20408906  4.13864979
 -0.20408906 -0.20408906 -0.20408906 -0.20408906 -0.20408906 -0.20408906
 -0.20408906 -0.20408906 -0.20408906 -0.20408906 -0.20408906 -0.20408906
 -0.20408906 -0.20408906 -0.20408906 -0.20408906 -0.20408906 -0.20408906
 -0.20408906 -0.20408906 -0.20408906 -0.20408906 -0.20408906 -0.20408906
 -0.20408906 -0.20408906 -0.20408906 -0.20408906 -0.20408906 -0.20408906
 -0.20408906 -0.20408906 -0.20408906 -0.20408906 -0.20408906 -0.20408906
 -0.20408906 -0.20408906 -0.20408906 -0.20408906 -0.20408906 -0.20408906
 -0.20408906 -0.20408906 -0.20408906 -0.20408906 -0.20408906 -0.20408906
 -0.20408906 -0.20408906 -0.20408906 -0.20408906 -0.20408906 -0.20408906
 -0.20408906 -0.20408906 -0.20408906 -0.20408906 -0.20408906 -0.20408906
 -0.20408906 -0.20408906 -0.20408906 -0.20408906 -0.20408906 -0.20408906
 -0.20408906 -0.20408906 -0.20408906 -0.20408906 -0.20408906 -0.20408906
 -0.20408906 -0.20408906 -0.20408906 -0.20408906 -0.20408906 -0.20408906
 -0.20408906 -0.20408906 -0.20408906 -0.20408906 -0.20408906 -0.20408906
 -0.20408906 -0.20408906 -0.20408906 -0.20408906 -0.20408906 -0.20408906
 -0.20408906 -0.20408906 -0.20408906 -0.20408906 -0.20408906 -0.20408906
 -0.20408906 -0.20408906 -0.20408906 -0.20408906 -0.20408906 -0.20408906
 -0.20408906 -0.20408906 -0.20408906 -0.20408906 -0.20408906 -0.20408906
 -0.20408906 -0.20408906 -0.20408906 -0.20408906 -0.20408906 -0.20408906
 -0.20408906 -0.20408906 -0.20408906 -0.20408906 -0.20408906 -0.20408906
 -0.20408906 -0.20408906 -0.20408906 -0.20408906 -0.20408906 -0.20408906
 -0.20408906 -0.20408906 -0.20408906 -0.20408906 -0.20408906 -0.20408906
 -0.20408906 -0.20408906 -0.20408906 -0.20408906 -0.20408906 -0.20408906
 -0.20408906 -0.20408906 -0.20408906 -0.20408906 -0.20408906 -0.20408906
 -0.20408906 -0.20408906 -0.20408906 -0.20408906 -0.20408906 -0.20408906
 -0.20408906 -0.20408906  5.94339428 -0.20408906 -0.20408906 -0.20408906
  6.52650386 -0.20408906 -0.20408906 -0.20408906  2.70649887 -0.20408906
 -0.20408906 -0.20408906 -0.20408906 -0.20408906 -0.20408906 -0.20408906
 -0.20408906 -0.20408906 -0.20408906 -0.20408906 -0.20408906 -0.20408906
 -0.20408906  2.84542416 -0.20408906 -0.20408906 -0.20408906  1.7255489
 -0.20408906 -0.20408906 -0.20408906 -0.20408906 -0.20408906 -0.20408906
 -0.20408906 -0.20408906 -0.20408906 -0.20408906 -0.20408906 -0.20408906
 -0.20408906 -0.20408906 -0.20408906 -0.20408906 -0.20408906 -0.20408906
 -0.20408906 -0.20408906 -0.20408906 -0.20408906 -0.20408906 -0.20408906
 -0.20408906 -0.20408906 -0.20408906 -0.20408906]",[0.034004789366379296]
0,"[-0.21435784 -0.21435784 -0.21435784 -0.21435784 -0.21435784 -0.21435784
 -0.21435784 -0.21435784 -0.21435784 -0.21435784 -0.21435784 -0.21435784
 -0.21435784 -0.21435784 -0.21435784 -0.21435784 -0.21435784 -0.21435784
 -0.21435784 -0.21435784 -0.21435784  1.83062768 -0.21435784 -0.21435784
 -0.21435784 -0.21435784 -0.21435784 -0.21435784 -0.21435784 -0.21435784
 -0.21435784 -0.21435784 -0.21435784 -0.21435784 -0.21435784 -0.21435784
 -0.21435784 -0.21435784 -0.21435784 -0.21435784 -0.21435784 -0.21435784
 -0.21435784 -0.21435784 -0.21435784 -0.21435784 -0.21435784 -0.21435784
 -0.21435784 -0.21435784 -0.21435784 -0.21435784 -0.21435784 -0.21435784
 -0.21435784 -0.21435784 -0.21435784 -0.21435784 -0.21435784 -0.21435784
 -0.21435784 -0.21435784 -0.21435784 -0.21435784 -0.21435784 -0.21435784
 -0.21435784 -0.21435784 -0.21435784 -0.21435784 -0.21435784 -0.21435784
 -0.21435784 -0.21435784 -0.21435784 -0.21435784 -0.21435784 -0.21435784
 -0.21435784 -0.21435784 -0.21435784 -0.21435784 -0.21435784  8.29480387
 -0.21435784 -0.21435784  1.67343572 -0.21435784 -0.21435784  5.86652268
 -0.21435784 -0.21435784 -0.21435784 -0.21435784 -0.21435784 -0.21435784
 -0.21435784 -0.21435784 -0.21435784 -0.21435784 -0.21435784 -0.21435784
 -0.21435784 -0.21435784 -0.21435784 -0.21435784 -0.21435784 -0.21435784
 -0.21435784 -0.21435784  6.56522699 -0.21435784 -0.21435784 -0.21435784
 -0.21435784 -0.21435784  4.83654578 -0.21435784 -0.21435784 -0.21435784
 -0.21435784 -0.21435784 -0.21435784 -0.21435784  4.91460197 -0.21435784
 -0.21435784 -0.21435784 -0.21435784 -0.21435784 -0.21435784 -0.21435784
 -0.21435784 -0.21435784 -0.21435784 -0.21435784 -0.21435784 -0.21435784
 -0.21435784 -0.21435784 -0.21435784 -0.21435784 -0.21435784 -0.21435784
 -0.21435784 -0.21435784 -0.21435784 -0.21435784 -0.21435784 -0.21435784
 -0.21435784 -0.21435784 -0.21435784 -0.21435784 -0.21435784 -0.21435784
 -0.21435784 -0.21435784 -0.21435784 -0.21435784 -0.21435784 -0.21435784
 -0.21435784 -0.21435784 -0.21435784 -0.21435784 -0.21435784 -0.21435784
 -0.21435784 -0.21435784 -0.21435784 -0.21435784 -0.21435784 -0.21435784
 -0.21435784 -0.21435784 -0.21435784 -0.21435784 -0.21435784 -0.21435784
 -0.21435784 -0.21435784 -0.21435784 -0.21435784 -0.21435784 -0.21435784
 -0.21435784 -0.21435784 -0.21435784 -0.21435784 -0.21435784 -0.21435784
 -0.21435784 -0.21435784 -0.21435784 -0.21435784 -0.21435784 -0.21435784
 -0.21435784 -0.21435784  1.79895381 -0.21435784 -0.21435784 -0.21435784
 -0.21435784 -0.21435784 -0.21435784 -0.21435784 -0.21435784 -0.21435784
  0.8886252  -0.21435784 -0.14412093 -0.21435784 -0.21435784  0.61763173
 -0.21435784 -0.21435784 -0.21435784 -0.21435784 -0.21435784 -0.21435784
 -0.21435784 -0.21435784 -0.21435784 -0.21435784 -0.21435784 -0.21435784
 -0.21435784 -0.21435784 -0.21435784 -0.21435784 -0.21435784 -0.21435784
 -0.21435784  2.80002766 -0.21435784 -0.21435784  4.3801444  -0.21435784
  3.458042    0.46922807 -0.21435784 -0.21435784 -0.21435784 -0.21435784
 -0.21435784 -0.21435784 -0.21435784 -0.21435784 -0.21435784 -0.21435784
 -0.21435784 -0.21435784 -0.21435784 -0.21435784  4.95194647 -0.21435784
 -0.21435784  4.56676208 -0.21435784  3.53818184 -0.21435784 -0.21435784
 -0.21435784 -0.21435784 -0.21435784  3.93611213 -0.21435784 -0.21435784
 -0.21435784 -0.21435784 -0.21435784 -0.21435784  5.18093774 -0.21435784
 -0.21435784 -0.21435784 -0.21435784 -0.21435784 -0.21435784 -0.21435784
  4.60877567  2.64962259 -0.21435784 -0.21435784 -0.21435784  4.51390891
 -0.21435784 -0.21435784 -0.21435784 -0.21435784 -0.21435784 -0.21435784
 -0.21435784 -0.21435784 -0.21435784 -0.21435784 -0.21435784 -0.21435784
 -0.21435784 -0.21435784 -0.21435784 -0.21435784  5.18129479 -0.21435784
 -0.21435784 -0.21435784 -0.21435784 -0.21435784 -0.21435784  2.16110076
 -0.21435784 -0.21435784 -0.21435784 -0.21435784 -0.21435784 -0.21435784
 -0.21435784 -0.21435784 -0.21435784 -0.21435784 -0.21435784 -0.21435784
 -0.21435784 -0.21435784 -0.21435784 -0.21435784 -0.21435784 -0.21435784
 -0.21435784 -0.21435784 -0.21435784 -0.21435784 -0.21435784 -0.21435784
 -0.21435784 -0.21435784 -0.21435784 -0.21435784 -0.21435784 -0.21435784
 -0.21435784 -0.21435784 -0.21435784 -0.21435784 -0.21435784 -0.21435784
 -0.21435784 -0.21435784 -0.21435784 -0.21435784 -0.21435784 -0.21435784
 -0.21435784 -0.21435784 -0.21435784 -0.21435784 -0.21435784 -0.21435784
 -0.21435784 -0.21435784 -0.21435784 -0.21435784 -0.21435784 -0.21435784
 -0.21435784 -0.21435784 -0.21435784 -0.21435784 -0.21435784 -0.21435784
 -0.21435784 -0.21435784 -0.21435784 -0.21435784 -0.21435784 -0.21435784
 -0.21435784 -0.21435784 -0.21435784 -0.21435784 -0.21435784 -0.21435784
 -0.21435784 -0.21435784 -0.21435784 -0.21435784 -0.21435784 -0.21435784
 -0.21435784 -0.21435784 -0.21435784 -0.21435784 -0.21435784 -0.21435784
 -0.21435784 -0.21435784 -0.21435784 -0.21435784 -0.21435784 -0.21435784
 -0.21435784 -0.21435784 -0.21435784 -0.21435784 -0.21435784 -0.21435784
 -0.21435784 -0.21435784 -0.21435784 -0.21435784 -0.21435784 -0.21435784
 -0.21435784 -0.21435784 -0.21435784 -0.21435784 -0.21435784 -0.21435784
 -0.21435784 -0.21435784 -0.21435784 -0.21435784  2.39868647  5.65534059
 -0.21435784 -0.21435784 -0.21435784 -0.21435784 -0.21435784 -0.21435784
 -0.21435784 -0.21435784 -0.21435784 -0.21435784 -0.21435784 -0.21435784
 -0.21435784 -0.21435784 -0.21435784 -0.21435784 -0.21435784 -0.21435784
 -0.21435784 -0.21435784 -0.21435784 -0.21435784 -0.21435784 -0.21435784
 -0.21435784 -0.21435784 -0.21435784 -0.21435784 -0.21435784 -0.21435784
 -0.21435784 -0.21435784 -0.21435784 -0.21435784 -0.21435784 -0.21435784
 -0.21435784 -0.21435784  2.04589057 -0.21435784 -0.21435784 -0.21435784
  5.61084387 -0.21435784 -0.21435784 -0.21435784 -0.21435784 -0.21435784
 -0.21435784 -0.21435784 -0.21435784 -0.21435784 -0.21435784 -0.21435784
 -0.21435784 -0.21435784 -0.21435784 -0.21435784 -0.21435784 -0.21435784
 -0.21435784 -0.21435784 -0.21435784 -0.21435784 -0.21435784 -0.21435784
 -0.21435784 -0.21435784 -0.21435784 -0.21435784 -0.21435784 -0.21435784
 -0.21435784 -0.21435784 -0.21435784 -0.21435784 -0.21435784 -0.21435784
 -0.21435784 -0.21435784 -0.21435784 -0.21435784 -0.21435784 -0.21435784
 -0.21435784 -0.21435784 -0.21435784 -0.21435784 -0.21435784 -0.21435784
 -0.21435784 -0.21435784 -0.21435784 -0.21435784]",[0.07062498660332225]
0,"[-0.24271121 -0.24271121 -0.24271121 -0.24271121 -0.19452083 -0.24271121
 -0.24271121 -0.24271121 -0.24271121 -0.24271121 -0.24271121 -0.24271121
 -0.24271121 -0.24271121 -0.24271121 -0.24271121 -0.24271121 -0.24271121
 -0.24271121 -0.24271121 -0.24271121 -0.24271121 -0.24271121 -0.24271121
 -0.24271121 -0.24271121 -0.24271121 -0.24271121 -0.24271121 -0.24271121
 -0.24271121 -0.24271121 -0.24271121 -0.24271121 -0.24271121 -0.24271121
 -0.24271121 -0.24271121 -0.24271121 -0.24271121 -0.24271121 -0.24271121
 -0.24271121 -0.24271121 -0.24271121 -0.24271121 -0.24271121 -0.24271121
 -0.24271121 -0.24271121 -0.24271121 -0.24271121 -0.24271121 -0.24271121
 -0.24271121 -0.24271121 -0.24271121 -0.24271121  0.99084718 -0.24271121
 -0.24271121 -0.24271121 -0.24271121 -0.24271121 -0.24271121 -0.24271121
 -0.24271121 -0.24271121 -0.24271121 -0.24271121 -0.24271121 -0.24271121
 -0.24271121 -0.24271121 -0.24271121 -0.24271121 -0.24271121 -0.24271121
 -0.24271121 -0.24271121 -0.24271121 -0.24271121 -0.24271121  7.08753391
 -0.24271121 -0.24271121  3.86798153 -0.24271121  0.42808107  2.16758893
 -0.24271121 -0.24271121  1.07544904 -0.24271121 -0.24271121 -0.24271121
 -0.24271121 -0.24271121 -0.24271121 -0.24271121 -0.24271121 -0.24271121
 -0.24271121 -0.24271121 -0.24271121 -0.24271121 -0.24271121 -0.24271121
 -0.24271121 -0.24271121  5.92256198 -0.24271121 -0.24271121 -0.24271121
 -0.24271121 -0.24271121  4.02348207 -0.24271121 -0.24271121 -0.24271121
 -0.24271121 -0.24271121 -0.24271121  0.52030848  0.44670979 -0.24271121
 -0.24271121 -0.24271121 -0.24271121 -0.24271121 -0.24271121 -0.24271121
 -0.24271121 -0.24271121 -0.24271121 -0.24271121 -0.24271121 -0.24271121
 -0.24271121 -0.24271121 -0.24271121 -0.24271121 -0.24271121 -0.24271121
 -0.24271121 -0.24271121 -0.24271121 -0.24271121 -0.24271121 -0.24271121
 -0.24271121 -0.24271121 -0.24271121 -0.24271121 -0.24271121 -0.24271121
 -0.24271121 -0.24271121 -0.24271121 -0.24271121 -0.24271121 -0.24271121
 -0.24271121 -0.24271121 -0.24271121 -0.24271121 -0.24271121 -0.24271121
 -0.24271121 -0.24271121 -0.24271121 -0.24271121 -0.24271121 -0.24271121
 -0.24271121 -0.24271121 -0.24271121 -0.24271121 -0.24271121 -0.24271121
 -0.24271121 -0.24271121 -0.24271121 -0.24271121 -0.24271121 -0.24271121
 -0.24271121 -0.24271121 -0.24271121 -0.24271121 -0.24271121 -0.24271121
 -0.24271121 -0.24271121 -0.24271121 -0.24271121 -0.24271121 -0.24271121
 -0.24271121 -0.24271121 -0.24271121 -0.24271121 -0.24271121  2.82625032
 -0.24271121 -0.24271121 -0.24271121 -0.24271121 -0.24271121 -0.24271121
  2.97187713 -0.24271121 -0.24271121 -0.24271121 -0.24271121  4.99662551
 -0.24271121 -0.24271121 -0.24271121  0.85479606 -0.24271121 -0.24271121
 -0.24271121 -0.24271121 -0.24271121 -0.24271121 -0.24271121 -0.24271121
 -0.24271121 -0.24271121 -0.24271121 -0.24271121 -0.24271121 -0.24271121
 -0.24271121  4.21782725 -0.24271121 -0.24271121  3.39424906  3.2363045
  0.54864956 -0.24271121 -0.24271121 -0.24271121 -0.24271121 -0.24271121
 -0.24271121 -0.24271121 -0.24271121 -0.24271121 -0.24271121 -0.24271121
 -0.24271121 -0.24271121 -0.24271121  4.46768352  5.51821861 -0.24271121
 -0.24271121 -0.24271121 -0.24271121  2.7797111  -0.24271121 -0.087362
 -0.24271121 -0.24271121 -0.24271121 -0.24271121 -0.24271121 -0.24271121
 -0.24271121 -0.24271121  0.24323278 -0.24271121  3.00413102 -0.24271121
 -0.24271121 -0.24271121 -0.24271121 -0.24271121 -0.24271121 -0.24271121
 -0.24271121  3.52063076 -0.24271121 -0.24271121  0.9181646   4.10842431
 -0.24271121 -0.24271121 -0.24271121 -0.24271121  1.65566445 -0.24271121
 -0.24271121 -0.24271121 -0.24271121 -0.24271121 -0.24271121 -0.24271121
 -0.24271121 -0.24271121 -0.24271121 -0.24271121 -0.24271121 -0.24271121
  1.65566445  4.34272083 -0.24271121 -0.24271121 -0.24271121  4.97009972
 -0.24271121  0.42808107 -0.24271121 -0.24271121 -0.24271121 -0.24271121
 -0.24271121 -0.24271121 -0.24271121 -0.24271121 -0.24271121 -0.24271121
 -0.24271121 -0.24271121 -0.24271121 -0.24271121 -0.24271121 -0.24271121
 -0.24271121 -0.24271121 -0.24271121 -0.24271121 -0.24271121 -0.24271121
 -0.24271121  1.17579635 -0.24271121 -0.24271121 -0.24271121 -0.24271121
 -0.24271121 -0.24271121 -0.24271121 -0.24271121 -0.24271121 -0.24271121
 -0.24271121 -0.24271121 -0.24271121 -0.24271121 -0.24271121 -0.24271121
 -0.24271121 -0.24271121 -0.24271121 -0.24271121 -0.24271121 -0.24271121
 -0.24271121 -0.24271121 -0.24271121 -0.24271121 -0.24271121 -0.24271121
 -0.24271121 -0.24271121 -0.24271121 -0.24271121 -0.24271121 -0.24271121
 -0.24271121 -0.24271121 -0.24271121 -0.24271121 -0.24271121 -0.24271121
 -0.24271121 -0.24271121 -0.24271121 -0.24271121 -0.24271121 -0.24271121
 -0.24271121 -0.24271121 -0.24271121 -0.24271121 -0.24271121 -0.24271121
 -0.24271121 -0.24271121 -0.24271121 -0.24271121 -0.24271121 -0.24271121
 -0.24271121 -0.24271121 -0.24271121 -0.24271121 -0.24271121 -0.24271121
 -0.24271121 -0.24271121 -0.24271121 -0.24271121 -0.24271121 -0.24271121
 -0.24271121 -0.24271121 -0.24271121 -0.24271121 -0.24271121 -0.24271121
 -0.24271121 -0.24271121 -0.24271121 -0.24271121 -0.24271121 -0.24271121
 -0.24271121 -0.24271121 -0.24271121 -0.24271121 -0.24271121  1.27875735
 -0.24271121 -0.24271121 -0.24271121 -0.24271121 -0.24271121 -0.24271121
 -0.24271121 -0.24271121 -0.24271121 -0.24271121 -0.24271121 -0.24271121
 -0.24271121 -0.24271121 -0.24271121 -0.24271121 -0.24271121 -0.24271121
 -0.24271121 -0.24271121 -0.24271121 -0.24271121 -0.24271121 -0.24271121
  2.20113988 -0.24271121 -0.24271121 -0.24271121 -0.24271121 -0.24271121
 -0.24271121 -0.24271121 -0.24271121 -0.24271121 -0.24271121 -0.24271121
 -0.24271121 -0.24271121  5.01913076 -0.24271121 -0.24271121 -0.24271121
  5.44644528 -0.24271121 -0.24271121 -0.24271121 -0.24271121 -0.24271121
 -0.24271121 -0.24271121 -0.24271121 -0.24271121 -0.24271121 -0.24271121
 -0.24271121 -0.24271121 -0.24271121 -0.24271121 -0.24271121  6.25344638
 -0.24271121  5.5669291  -0.24271121 -0.24271121 -0.24271121 -0.24271121
 -0.24271121 -0.24271121 -0.24271121 -0.24271121 -0.24271121 -0.24271121
 -0.24271121 -0.24271121 -0.24271121 -0.24271121 -0.24271121 -0.24271121
 -0.24271121 -0.24271121 -0.24271121 -0.24271121 -0.24271121 -0.24271121
 -0.24271121 -0.24271121 -0.24271121 -0.24271121 -0.24271121 -0.24271121
 -0.24271121 -0.24271121  2.40935474 -0.24271121]",[-0.033008977298165876]
0,"[-0.22405196 -0.22405196 -0.22405196 -0.22405196 -0.22405196 -0.22405196
 -0.22405196 -0.22405196 -0.22405196 -0.22405196 -0.22405196 -0.22405196
 -0.22405196 -0.22405196 -0.22405196 -0.22405196 -0.22405196 -0.22405196
 -0.22405196 -0.22405196 -0.22405196 -0.22405196 -0.22405196 -0.22405196
 -0.22405196 -0.22405196 -0.22405196 -0.22405196 -0.22405196 -0.22405196
 -0.22405196 -0.22405196 -0.22405196 -0.22405196 -0.22405196 -0.22405196
 -0.22405196 -0.22405196 -0.22405196 -0.22405196 -0.22405196 -0.22405196
 -0.22405196 -0.22405196 -0.22405196 -0.22405196 -0.22405196 -0.22405196
 -0.22405196 -0.22405196 -0.22405196 -0.22405196 -0.22405196 -0.22405196
 -0.22405196 -0.22405196 -0.22405196 -0.22405196 -0.22405196 -0.22405196
 -0.22405196 -0.22405196 -0.22405196 -0.22405196 -0.22405196 -0.22405196
 -0.22405196 -0.22405196 -0.22405196 -0.22405196 -0.22405196 -0.22405196
 -0.22405196 -0.22405196 -0.22405196 -0.22405196 -0.22405196 -0.22405196
 -0.22405196 -0.22405196 -0.22405196 -0.22405196 -0.22405196  7.029881
 -0.22405196 -0.22405196 -0.22405196 -0.22405196 -0.22405196  5.9124838
 -0.22405196 -0.22405196  2.01436665 -0.22405196 -0.22405196 -0.22405196
 -0.22405196 -0.22405196 -0.22405196 -0.22405196 -0.22405196 -0.22405196
 -0.22405196 -0.22405196 -0.22405196 -0.22405196 -0.22405196 -0.22405196
 -0.22405196 -0.22405196  6.45254008  0.96675923 -0.22405196 -0.22405196
 -0.22405196 -0.22405196  6.88271315 -0.22405196 -0.22405196 -0.22405196
 -0.22405196 -0.22405196 -0.22405196 -0.22405196  4.25816693 -0.22405196
 -0.22405196 -0.22405196 -0.22405196 -0.22405196 -0.22405196 -0.22405196
 -0.22405196 -0.22405196 -0.22405196 -0.22405196 -0.22405196 -0.22405196
 -0.22405196 -0.22405196 -0.22405196 -0.22405196 -0.22405196 -0.22405196
 -0.22405196 -0.22405196 -0.22405196 -0.22405196 -0.22405196 -0.22405196
 -0.22405196 -0.22405196 -0.22405196 -0.22405196 -0.22405196 -0.22405196
 -0.22405196 -0.22405196 -0.22405196 -0.22405196 -0.22405196 -0.22405196
 -0.22405196 -0.22405196 -0.22405196 -0.22405196 -0.22405196 -0.22405196
 -0.22405196 -0.22405196 -0.22405196 -0.22405196 -0.22405196 -0.22405196
 -0.22405196 -0.22405196 -0.22405196 -0.22405196 -0.22405196 -0.22405196
 -0.22405196 -0.22405196 -0.22405196 -0.22405196 -0.22405196 -0.22405196
 -0.22405196 -0.22405196 -0.22405196 -0.22405196 -0.22405196 -0.22405196
 -0.22405196 -0.22405196 -0.22405196 -0.22405196 -0.22405196 -0.22405196
 -0.22405196 -0.22405196 -0.22405196 -0.22405196 -0.22405196 -0.22405196
 -0.22405196 -0.22405196 -0.22405196 -0.22405196 -0.22405196 -0.22405196
  1.95336373 -0.22405196 -0.22405196 -0.22405196 -0.22405196  3.2676923
 -0.22405196 -0.22405196 -0.22405196 -0.22405196 -0.22405196 -0.22405196
 -0.22405196 -0.22405196 -0.22405196 -0.22405196 -0.22405196 -0.22405196
 -0.22405196 -0.22405196 -0.22405196  0.65525183 -0.22405196 -0.22405196
 -0.22405196  3.5517796  -0.22405196  4.05606547  3.83083613 -0.22405196
  4.50421659  0.84840987 -0.22405196 -0.22405196 -0.22405196 -0.22405196
 -0.22405196 -0.22405196 -0.22405196 -0.22405196 -0.22405196 -0.22405196
 -0.22405196 -0.22405196 -0.22405196 -0.22405196 -0.22405196 -0.22405196
 -0.22405196 -0.22405196  3.28018518  3.19483251 -0.22405196  0.11398006
 -0.22405196 -0.22405196 -0.22405196 -0.22405196  1.51795814 -0.22405196
  1.75151366 -0.22405196  5.68394808 -0.22405196  3.56371608 -0.22405196
 -0.22405196  1.13144876 -0.22405196 -0.22405196 -0.22405196 -0.22405196
  1.14974438  1.49491095 -0.22405196 -0.22405196 -0.22405196  5.17319241
 -0.22405196 -0.22405196 -0.22405196 -0.22405196 -0.22405196 -0.22405196
 -0.22405196 -0.22405196 -0.22405196 -0.22405196 -0.22405196 -0.22405196
 -0.22405196 -0.22405196 -0.22405196 -0.22405196 -0.22405196 -0.22405196
 -0.22405196 -0.22405196 -0.22405196 -0.22405196 -0.22405196  2.67202095
 -0.22405196 -0.22405196 -0.22405196 -0.22405196 -0.22405196 -0.22405196
 -0.22405196 -0.22405196 -0.22405196 -0.22405196 -0.22405196 -0.22405196
 -0.22405196 -0.22405196 -0.22405196 -0.22405196 -0.22405196 -0.22405196
 -0.22405196 -0.22405196 -0.22405196 -0.22405196 -0.22405196 -0.22405196
 -0.22405196 -0.22405196 -0.22405196 -0.22405196 -0.22405196 -0.22405196
 -0.22405196 -0.22405196 -0.22405196 -0.22405196 -0.22405196 -0.22405196
 -0.22405196 -0.22405196 -0.22405196 -0.22405196 -0.22405196 -0.22405196
 -0.22405196 -0.22405196 -0.22405196 -0.22405196 -0.22405196 -0.22405196
 -0.22405196 -0.22405196 -0.22405196 -0.22405196 -0.22405196 -0.22405196
 -0.22405196 -0.22405196 -0.22405196 -0.22405196 -0.22405196 -0.22405196
 -0.22405196 -0.22405196 -0.22405196 -0.22405196 -0.22405196 -0.22405196
 -0.22405196 -0.22405196 -0.22405196 -0.22405196 -0.22405196 -0.22405196
 -0.22405196 -0.22405196 -0.22405196 -0.22405196 -0.22405196 -0.22405196
 -0.22405196 -0.22405196 -0.22405196 -0.22405196 -0.22405196 -0.22405196
 -0.22405196 -0.22405196 -0.22405196 -0.22405196 -0.22405196 -0.22405196
 -0.22405196 -0.22405196 -0.22405196 -0.22405196 -0.22405196 -0.22405196
 -0.22405196 -0.22405196 -0.22405196 -0.22405196 -0.22405196 -0.22405196
 -0.22405196 -0.22405196 -0.22405196 -0.22405196 -0.22405196 -0.22405196
 -0.22405196 -0.22405196 -0.22405196 -0.22405196 -0.22405196  6.04269811
 -0.22405196 -0.22405196 -0.22405196 -0.22405196 -0.22405196 -0.22405196
 -0.22405196 -0.22405196 -0.22405196 -0.22405196 -0.22405196 -0.22405196
 -0.22405196 -0.22405196 -0.22405196 -0.22405196 -0.22405196 -0.22405196
  4.40664938 -0.22405196 -0.22405196 -0.22405196 -0.22405196 -0.22405196
 -0.22405196 -0.22405196 -0.22405196 -0.22405196 -0.22405196 -0.22405196
 -0.22405196 -0.22405196 -0.22405196 -0.22405196 -0.22405196 -0.22405196
 -0.22405196 -0.22405196  1.704315   -0.22405196 -0.22405196 -0.22405196
 -0.22405196 -0.22405196 -0.22405196 -0.22405196 -0.22405196 -0.22405196
 -0.22405196 -0.22405196 -0.22405196 -0.22405196 -0.22405196 -0.22405196
 -0.22405196 -0.22405196 -0.22405196 -0.22405196 -0.22405196 -0.22405196
 -0.22405196  3.58534235 -0.22405196 -0.22405196 -0.22405196  0.3413492
 -0.22405196 -0.22405196 -0.22405196 -0.22405196 -0.22405196 -0.22405196
 -0.22405196 -0.22405196 -0.22405196 -0.22405196 -0.22405196 -0.22405196
 -0.22405196 -0.22405196 -0.22405196 -0.22405196 -0.22405196 -0.22405196
 -0.22405196 -0.22405196 -0.22405196 -0.22405196 -0.22405196 -0.22405196
 -0.22405196 -0.22405196  6.12097066 -0.22405196]",[0.09511306792941923]
0,"[-0.20971392 -0.20971392 -0.20971392 -0.20971392 -0.20971392 -0.20971392
 -0.20971392 -0.20971392 -0.20971392 -0.20971392 -0.20971392 -0.20971392
 -0.20971392 -0.20971392 -0.20971392 -0.20971392 -0.20971392 -0.20971392
 -0.20971392 -0.20971392 -0.20971392 -0.20971392 -0.20971392 -0.20971392
 -0.20971392 -0.20971392 -0.20971392 -0.20971392 -0.20971392 -0.20971392
 -0.20971392 -0.20971392 -0.20971392 -0.20971392 -0.20971392 -0.20971392
 -0.20971392 -0.20971392 -0.20971392 -0.20971392 -0.20971392 -0.20971392
 -0.20971392 -0.20971392 -0.20971392 -0.20971392 -0.20971392 -0.20971392
 -0.20971392 -0.20971392 -0.20971392 -0.20971392 -0.20971392 -0.20971392
 -0.20971392 -0.20971392 -0.20971392 -0.20971392 -0.20971392 -0.20971392
 -0.20971392 -0.20971392 -0.20971392 -0.20971392 -0.20971392 -0.20971392
 -0.20971392 -0.20971392 -0.20971392 -0.20971392 -0.20971392 -0.20971392
 -0.20971392 -0.20971392 -0.20971392 -0.20971392 -0.20971392 -0.20971392
 -0.20971392 -0.20971392 -0.20971392 -0.20971392 -0.20971392  7.09583711
 -0.20971392 -0.20971392 -0.20971392 -0.20971392 -0.20971392 -0.20971392
 -0.20971392 -0.20971392  1.71339832 -0.20971392 -0.20971392 -0.20971392
 -0.20971392 -0.20971392 -0.20971392 -0.20971392 -0.20971392 -0.20971392
 -0.20971392 -0.20971392 -0.20971392 -0.20971392 -0.20971392 -0.20971392
 -0.20971392 -0.20971392  6.84473825 -0.20971392 -0.20971392 -0.20971392
 -0.20971392 -0.20971392  0.32000963 -0.20971392 -0.20971392 -0.20971392
 -0.20971392 -0.20971392 -0.20971392 -0.20971392 -0.20971392 -0.20971392
 -0.20971392 -0.20971392 -0.20971392 -0.20971392 -0.20971392 -0.20971392
 -0.20971392 -0.20971392 -0.20971392 -0.20971392 -0.20971392 -0.20971392
 -0.20971392 -0.20971392 -0.20971392 -0.20971392 -0.20971392 -0.20971392
 -0.20971392 -0.20971392 -0.20971392 -0.20971392 -0.20971392 -0.20971392
 -0.20971392 -0.20971392 -0.20971392 -0.20971392 -0.20971392 -0.20971392
 -0.20971392 -0.20971392 -0.20971392 -0.20971392 -0.20971392 -0.20971392
 -0.20971392 -0.20971392 -0.20971392 -0.20971392 -0.20971392 -0.20971392
 -0.20971392 -0.20971392 -0.20971392 -0.20971392 -0.20971392 -0.20971392
 -0.20971392 -0.20971392 -0.20971392 -0.20971392 -0.20971392 -0.20971392
 -0.20971392 -0.20971392 -0.20971392 -0.20971392 -0.20971392 -0.20971392
 -0.20971392 -0.20971392 -0.20971392 -0.20971392 -0.20971392 -0.20971392
 -0.20971392 -0.20971392 -0.20971392 -0.20971392 -0.20971392 -0.20971392
 -0.20971392 -0.20971392 -0.20971392 -0.20971392 -0.20971392 -0.20971392
 -0.20971392 -0.20971392 -0.20971392 -0.20971392 -0.20971392 -0.20971392
  4.21574733 -0.20971392 -0.20971392 -0.20971392  0.99839406  5.11320994
  6.88186428 -0.20971392 -0.20971392 -0.20971392 -0.20971392 -0.20971392
 -0.20971392 -0.20971392 -0.20971392 -0.20971392 -0.20971392 -0.20971392
 -0.20971392 -0.20971392 -0.20971392  0.94676892 -0.20971392 -0.20971392
 -0.20971392  2.00982887 -0.20971392  2.40771203  3.9545626   2.59035668
  3.36441958  0.59547622 -0.20971392 -0.20971392 -0.20971392 -0.20971392
 -0.20971392 -0.20971392 -0.20971392 -0.20971392 -0.20971392 -0.20971392
 -0.20971392 -0.20971392 -0.20971392  5.49689282 -0.20971392 -0.20971392
 -0.20971392 -0.20971392  5.77416276  3.98247106 -0.20971392  1.11432027
 -0.20971392 -0.20971392 -0.20971392 -0.20971392 -0.20971392 -0.20971392
 -0.20971392 -0.20971392  6.3507339  -0.20971392  3.74936789 -0.20971392
 -0.20971392  0.34483664 -0.20971392  1.21610777 -0.20971392 -0.20971392
 -0.20971392  1.00619265 -0.20971392 -0.20971392 -0.20971392  5.51033369
 -0.20971392 -0.20971392 -0.20971392 -0.20971392 -0.20971392 -0.20971392
 -0.20971392 -0.20971392 -0.20971392 -0.20971392 -0.20971392 -0.20971392
 -0.20971392 -0.20971392 -0.20971392 -0.20971392 -0.20971392 -0.20971392
 -0.20971392 -0.20971392 -0.20971392 -0.20971392 -0.20971392  4.21531193
 -0.20971392 -0.20971392 -0.20971392 -0.20971392 -0.20971392 -0.20971392
 -0.20971392 -0.20971392 -0.20971392 -0.20971392 -0.20971392 -0.20971392
 -0.20971392 -0.20971392 -0.20971392 -0.20971392 -0.20971392 -0.20971392
 -0.20971392 -0.20971392 -0.20971392 -0.20971392 -0.20971392 -0.20971392
 -0.20971392 -0.20971392 -0.20971392 -0.20971392 -0.20971392 -0.20971392
 -0.20971392 -0.20971392 -0.20971392 -0.20971392 -0.20971392 -0.20971392
 -0.20971392 -0.20971392 -0.20971392 -0.20971392 -0.20971392 -0.20971392
 -0.20971392 -0.20971392 -0.20971392 -0.20971392 -0.20971392 -0.20971392
 -0.20971392 -0.20971392 -0.20971392 -0.20971392 -0.20971392 -0.20971392
 -0.20971392 -0.20971392 -0.20971392 -0.20971392 -0.20971392 -0.20971392
 -0.20971392 -0.20971392 -0.20971392 -0.20971392 -0.20971392 -0.20971392
 -0.20971392 -0.20971392 -0.20971392 -0.20971392 -0.20971392 -0.20971392
 -0.20971392 -0.20971392 -0.20971392 -0.20971392 -0.20971392 -0.20971392
 -0.20971392 -0.20971392 -0.20971392 -0.20971392 -0.20971392 -0.20971392
 -0.20971392 -0.20971392 -0.20971392 -0.20971392 -0.20971392 -0.20971392
 -0.20971392 -0.20971392 -0.20971392 -0.20971392 -0.20971392 -0.20971392
 -0.20971392 -0.20971392 -0.20971392 -0.20971392 -0.20971392 -0.20971392
 -0.20971392 -0.20971392 -0.20971392 -0.20971392 -0.20971392 -0.20971392
 -0.20971392 -0.20971392 -0.20971392 -0.20971392  7.30299271 -0.20971392
 -0.20971392 -0.20971392 -0.20971392 -0.20971392 -0.20971392 -0.20971392
 -0.20971392 -0.20971392 -0.20971392 -0.20971392 -0.20971392 -0.20971392
 -0.20971392 -0.20971392 -0.20971392 -0.20971392 -0.20971392 -0.20971392
 -0.20971392 -0.20971392 -0.20971392 -0.20971392 -0.20971392 -0.20971392
 -0.20971392 -0.20971392 -0.20971392 -0.20971392 -0.20971392 -0.20971392
 -0.20971392 -0.20971392 -0.20971392 -0.20971392 -0.20971392 -0.20971392
 -0.20971392 -0.20971392  1.30927188 -0.20971392 -0.20971392 -0.20971392
 -0.20971392 -0.20971392 -0.20971392 -0.20971392 -0.20971392 -0.20971392
 -0.20971392 -0.20971392 -0.20971392 -0.20971392 -0.20971392 -0.20971392
 -0.20971392 -0.20971392 -0.20971392 -0.20971392 -0.20971392 -0.20971392
 -0.20971392  2.79383582 -0.20971392 -0.20971392 -0.20971392 -0.20971392
 -0.20971392 -0.20971392 -0.20971392 -0.20971392 -0.20971392 -0.20971392
 -0.20971392 -0.20971392 -0.20971392 -0.20971392 -0.20971392 -0.20971392
 -0.20971392 -0.20971392 -0.20971392 -0.20971392 -0.20971392 -0.20971392
 -0.20971392 -0.20971392 -0.20971392 -0.20971392 -0.20971392 -0.20971392
 -0.20971392 -0.20971392  3.54066704 -0.20971392]",[-0.07983496881893448]
0,"[-1.88169421e-01 -1.88169421e-01 -1.88169421e-01 -1.88169421e-01
 -1.88169421e-01 -1.88169421e-01 -1.88169421e-01 -1.88169421e-01
 -1.88169421e-01 -1.88169421e-01 -1.88169421e-01 -1.88169421e-01
 -1.88169421e-01 -1.88169421e-01 -1.88169421e-01 -1.88169421e-01
 -1.88169421e-01 -1.88169421e-01  1.11333611e+00 -1.88169421e-01
 -1.88169421e-01 -1.88169421e-01 -1.88169421e-01 -1.88169421e-01
 -1.88169421e-01 -1.88169421e-01 -1.88169421e-01 -1.88169421e-01
 -1.88169421e-01 -1.88169421e-01 -1.88169421e-01 -1.88169421e-01
 -1.88169421e-01 -1.88169421e-01 -1.88169421e-01 -1.88169421e-01
 -1.88169421e-01 -1.88169421e-01 -1.88169421e-01 -1.88169421e-01
 -1.88169421e-01 -1.88169421e-01 -1.88169421e-01 -1.88169421e-01
 -1.88169421e-01 -1.88169421e-01 -1.88169421e-01 -1.88169421e-01
 -1.88169421e-01 -1.88169421e-01 -1.88169421e-01 -1.88169421e-01
 -1.88169421e-01 -1.88169421e-01 -1.88169421e-01 -1.88169421e-01
 -1.88169421e-01 -1.88169421e-01 -1.88169421e-01 -1.88169421e-01
 -1.88169421e-01 -1.88169421e-01 -1.88169421e-01 -1.88169421e-01
 -1.88169421e-01 -1.88169421e-01 -1.88169421e-01 -1.88169421e-01
 -1.88169421e-01 -1.88169421e-01 -1.88169421e-01 -1.88169421e-01
 -1.88169421e-01 -1.88169421e-01 -1.88169421e-01 -1.88169421e-01
 -1.88169421e-01 -1.88169421e-01 -1.88169421e-01 -1.88169421e-01
 -1.88169421e-01 -1.88169421e-01 -1.88169421e-01  8.67776827e+00
 -1.88169421e-01 -1.88169421e-01 -1.88169421e-01 -1.88169421e-01
 -1.88169421e-01 -1.88169421e-01 -1.88169421e-01 -1.88169421e-01
  1.69555733e+00 -1.88169421e-01 -1.88169421e-01 -1.88169421e-01
 -1.88169421e-01 -1.88169421e-01 -1.88169421e-01 -1.88169421e-01
 -1.88169421e-01 -1.88169421e-01 -1.88169421e-01 -1.88169421e-01
 -1.88169421e-01 -1.88169421e-01 -1.88169421e-01 -1.88169421e-01
 -1.88169421e-01 -1.88169421e-01  6.80730003e+00 -1.88169421e-01
 -1.88169421e-01 -1.88169421e-01 -1.88169421e-01 -1.88169421e-01
  6.84409725e+00 -1.88169421e-01 -1.88169421e-01 -1.88169421e-01
 -1.88169421e-01 -1.88169421e-01 -1.88169421e-01 -1.88169421e-01
 -1.88169421e-01 -1.88169421e-01 -1.88169421e-01 -1.88169421e-01
 -1.88169421e-01 -1.88169421e-01 -1.88169421e-01 -1.88169421e-01
 -1.88169421e-01 -1.88169421e-01 -1.88169421e-01 -1.88169421e-01
 -1.88169421e-01 -1.88169421e-01 -1.88169421e-01 -1.88169421e-01
 -1.88169421e-01 -1.88169421e-01 -1.88169421e-01 -1.88169421e-01
 -1.88169421e-01 -1.88169421e-01 -1.88169421e-01 -1.88169421e-01
 -1.88169421e-01 -1.88169421e-01 -1.88169421e-01 -1.88169421e-01
 -1.88169421e-01 -1.88169421e-01 -1.88169421e-01 -1.88169421e-01
 -1.88169421e-01 -1.88169421e-01 -1.88169421e-01 -1.88169421e-01
 -1.88169421e-01 -1.88169421e-01 -1.88169421e-01 -1.88169421e-01
 -1.88169421e-01 -1.88169421e-01 -1.88169421e-01 -1.88169421e-01
 -1.88169421e-01 -1.88169421e-01 -1.88169421e-01 -1.88169421e-01
 -1.88169421e-01 -1.88169421e-01 -1.88169421e-01 -1.88169421e-01
 -1.88169421e-01 -1.88169421e-01 -1.88169421e-01 -1.88169421e-01
 -1.88169421e-01 -1.88169421e-01 -1.88169421e-01 -1.88169421e-01
 -1.88169421e-01 -1.88169421e-01 -1.88169421e-01 -1.88169421e-01
 -1.88169421e-01 -1.88169421e-01 -1.88169421e-01 -1.88169421e-01
 -1.88169421e-01 -1.88169421e-01 -1.88169421e-01 -1.88169421e-01
 -1.88169421e-01 -1.88169421e-01 -1.88169421e-01 -1.88169421e-01
 -1.88169421e-01 -1.88169421e-01 -1.88169421e-01  2.12953100e+00
 -1.88169421e-01 -1.88169421e-01 -1.88169421e-01 -1.88169421e-01
 -1.88169421e-01 -1.88169421e-01 -1.88169421e-01 -1.88169421e-01
 -1.88169421e-01 -1.88169421e-01 -1.88169421e-01  1.77698110e+00
 -1.88169421e-01 -1.88169421e-01 -1.88169421e-01 -1.88169421e-01
 -1.88169421e-01 -1.88169421e-01 -1.88169421e-01 -1.88169421e-01
 -1.88169421e-01 -1.88169421e-01 -1.88169421e-01 -1.88169421e-01
 -1.88169421e-01 -1.88169421e-01 -1.88169421e-01 -1.88169421e-01
 -1.88169421e-01 -1.88169421e-01 -1.88169421e-01  2.11218327e+00
 -1.88169421e-01 -1.88169421e-01 -1.88169421e-01 -1.88169421e-01
  3.03291044e+00 -1.88169421e-01 -1.88169421e-01 -1.88169421e-01
 -1.88169421e-01 -1.88169421e-01 -1.88169421e-01 -1.88169421e-01
 -1.88169421e-01 -1.88169421e-01 -1.88169421e-01 -1.88169421e-01
 -1.88169421e-01 -1.88169421e-01 -1.88169421e-01 -1.88169421e-01
 -1.88169421e-01 -1.88169421e-01 -1.88169421e-01 -1.88169421e-01
 -1.88169421e-01  4.01456492e+00 -1.88169421e-01  5.94325319e-03
 -1.88169421e-01 -1.88169421e-01 -1.88169421e-01 -1.88169421e-01
 -1.88169421e-01 -1.88169421e-01 -1.88169421e-01 -1.88169421e-01
 -1.88169421e-01 -1.88169421e-01  2.87748249e+00 -1.88169421e-01
 -1.88169421e-01 -1.88169421e-01 -1.88169421e-01 -1.88169421e-01
 -1.88169421e-01 -1.88169421e-01  4.48829931e+00  3.17154057e-01
 -1.88169421e-01 -1.88169421e-01 -1.88169421e-01  6.45335474e+00
 -1.88169421e-01 -1.88169421e-01 -1.88169421e-01 -1.88169421e-01
 -1.88169421e-01 -1.88169421e-01 -1.88169421e-01 -1.88169421e-01
  5.83528984e+00 -1.88169421e-01 -1.88169421e-01 -1.88169421e-01
 -1.88169421e-01 -1.88169421e-01 -1.88169421e-01 -1.88169421e-01
 -1.88169421e-01 -1.88169421e-01 -1.88169421e-01 -1.88169421e-01
 -1.88169421e-01 -1.88169421e-01 -1.88169421e-01  3.32301868e+00
 -1.88169421e-01 -1.88169421e-01 -1.88169421e-01 -1.88169421e-01
 -1.88169421e-01 -1.88169421e-01 -1.88169421e-01 -1.88169421e-01
 -1.88169421e-01 -1.88169421e-01  4.12457671e+00 -1.88169421e-01
 -1.88169421e-01 -1.88169421e-01 -1.88169421e-01 -1.88169421e-01
 -1.88169421e-01 -1.88169421e-01 -1.88169421e-01 -1.88169421e-01
 -1.88169421e-01 -1.88169421e-01 -1.88169421e-01 -1.88169421e-01
 -1.88169421e-01 -1.88169421e-01 -1.88169421e-01 -1.88169421e-01
 -1.88169421e-01 -1.88169421e-01 -1.88169421e-01 -1.88169421e-01
 -1.88169421e-01 -1.88169421e-01 -1.88169421e-01 -1.88169421e-01
 -1.88169421e-01 -1.88169421e-01 -1.88169421e-01 -1.88169421e-01
 -1.88169421e-01 -1.88169421e-01 -1.88169421e-01 -1.88169421e-01
 -1.88169421e-01 -1.88169421e-01 -1.88169421e-01 -1.88169421e-01
 -1.88169421e-01 -1.88169421e-01 -1.88169421e-01 -1.88169421e-01
 -1.88169421e-01 -1.88169421e-01 -1.88169421e-01 -1.88169421e-01
 -1.88169421e-01 -1.88169421e-01 -1.88169421e-01 -1.88169421e-01
 -1.88169421e-01 -1.88169421e-01 -1.88169421e-01 -1.88169421e-01
 -1.88169421e-01 -1.88169421e-01 -1.88169421e-01 -1.88169421e-01
 -1.88169421e-01 -1.88169421e-01 -1.88169421e-01 -1.88169421e-01
 -1.88169421e-01 -1.88169421e-01 -1.88169421e-01 -1.88169421e-01
 -1.88169421e-01 -1.88169421e-01 -1.88169421e-01 -1.88169421e-01
 -1.88169421e-01 -1.88169421e-01 -1.88169421e-01 -1.88169421e-01
 -1.88169421e-01 -1.88169421e-01 -1.88169421e-01 -1.88169421e-01
 -1.88169421e-01 -1.88169421e-01 -1.88169421e-01 -1.88169421e-01
 -1.88169421e-01 -1.88169421e-01 -1.88169421e-01 -1.88169421e-01
 -1.88169421e-01 -1.88169421e-01 -1.88169421e-01 -1.88169421e-01
 -1.88169421e-01 -1.88169421e-01 -1.88169421e-01 -1.88169421e-01
 -1.88169421e-01 -1.88169421e-01 -1.88169421e-01 -1.88169421e-01
 -1.88169421e-01 -1.88169421e-01 -1.88169421e-01 -1.88169421e-01
  6.69908313e+00 -1.88169421e-01 -1.88169421e-01 -1.88169421e-01
 -1.88169421e-01 -1.88169421e-01 -1.88169421e-01 -1.88169421e-01
 -1.88169421e-01 -1.88169421e-01 -1.88169421e-01 -1.88169421e-01
 -1.88169421e-01 -1.88169421e-01 -1.88169421e-01 -1.88169421e-01
 -1.88169421e-01 -1.88169421e-01 -1.88169421e-01 -1.88169421e-01
 -1.88169421e-01 -1.88169421e-01 -1.88169421e-01 -1.88169421e-01
 -1.88169421e-01 -1.88169421e-01 -1.88169421e-01 -1.88169421e-01
 -1.88169421e-01 -1.88169421e-01 -1.88169421e-01 -1.88169421e-01
 -1.88169421e-01 -1.88169421e-01 -1.88169421e-01 -1.88169421e-01
 -1.88169421e-01 -1.88169421e-01 -1.88169421e-01 -1.88169421e-01
  5.66297464e+00 -1.88169421e-01 -1.88169421e-01 -1.88169421e-01
  4.63451674e+00  4.37724124e+00 -1.88169421e-01 -1.88169421e-01
 -1.88169421e-01 -1.88169421e-01 -1.88169421e-01 -1.88169421e-01
 -1.88169421e-01 -1.88169421e-01 -1.88169421e-01 -1.88169421e-01
 -1.88169421e-01 -1.88169421e-01 -1.88169421e-01 -1.88169421e-01
 -1.88169421e-01 -1.88169421e-01 -1.88169421e-01 -1.88169421e-01
 -1.88169421e-01 -1.88169421e-01 -1.88169421e-01 -1.88169421e-01
 -1.88169421e-01 -1.88169421e-01 -1.88169421e-01 -1.88169421e-01
 -1.88169421e-01 -1.88169421e-01 -1.88169421e-01 -1.88169421e-01
 -1.88169421e-01 -1.88169421e-01 -1.88169421e-01 -1.88169421e-01
 -1.88169421e-01 -1.88169421e-01 -1.88169421e-01 -1.88169421e-01
 -1.88169421e-01 -1.88169421e-01 -1.88169421e-01 -1.88169421e-01
 -1.88169421e-01 -1.88169421e-01 -1.88169421e-01 -1.88169421e-01
 -1.88169421e-01 -1.88169421e-01  6.51703775e+00 -1.88169421e-01]",[0.053425900199477294]
0,"[-0.22197373 -0.22197373 -0.22197373 -0.22197373 -0.22197373 -0.22197373
 -0.22197373 -0.22197373 -0.22197373 -0.22197373 -0.22197373 -0.22197373
 -0.22197373 -0.22197373 -0.22197373 -0.22197373 -0.22197373 -0.22197373
 -0.22197373 -0.22197373 -0.22197373 -0.22197373 -0.22197373 -0.22197373
 -0.22197373 -0.22197373 -0.22197373 -0.22197373 -0.22197373 -0.22197373
 -0.22197373 -0.22197373 -0.22197373 -0.22197373 -0.22197373 -0.22197373
 -0.22197373 -0.22197373 -0.22197373 -0.22197373 -0.22197373 -0.22197373
 -0.22197373 -0.22197373 -0.22197373 -0.22197373 -0.22197373 -0.22197373
 -0.22197373 -0.22197373 -0.22197373 -0.22197373 -0.22197373 -0.22197373
 -0.22197373 -0.22197373 -0.22197373 -0.22197373 -0.22197373 -0.22197373
 -0.22197373 -0.22197373 -0.22197373 -0.22197373 -0.22197373 -0.22197373
 -0.22197373 -0.22197373 -0.22197373 -0.22197373 -0.22197373 -0.22197373
 -0.22197373 -0.22197373 -0.22197373 -0.22197373 -0.22197373 -0.22197373
 -0.22197373 -0.22197373 -0.22197373 -0.22197373 -0.22197373  6.85858643
 -0.22197373 -0.22197373 -0.22197373  2.06369228 -0.22197373 -0.22197373
 -0.22197373 -0.22197373  1.77701439 -0.22197373 -0.22197373 -0.22197373
 -0.22197373 -0.22197373 -0.22197373 -0.22197373 -0.22197373 -0.22197373
 -0.22197373 -0.22197373 -0.22197373 -0.22197373 -0.22197373 -0.22197373
 -0.22197373 -0.22197373  6.82517046 -0.22197373 -0.22197373 -0.22197373
 -0.22197373 -0.22197373 -0.22197373 -0.22197373 -0.22197373 -0.22197373
 -0.22197373 -0.22197373 -0.22197373  0.10242373 -0.22197373 -0.22197373
 -0.22197373 -0.22197373 -0.22197373 -0.22197373 -0.22197373 -0.22197373
 -0.22197373 -0.22197373 -0.22197373 -0.22197373 -0.22197373 -0.22197373
 -0.22197373 -0.22197373 -0.22197373 -0.22197373 -0.22197373 -0.22197373
 -0.22197373 -0.22197373 -0.22197373 -0.22197373 -0.22197373 -0.22197373
 -0.22197373 -0.22197373 -0.22197373 -0.22197373 -0.22197373 -0.22197373
 -0.22197373 -0.22197373 -0.22197373 -0.22197373 -0.22197373 -0.22197373
 -0.22197373 -0.22197373 -0.22197373 -0.22197373 -0.22197373 -0.22197373
 -0.22197373 -0.22197373 -0.22197373 -0.22197373 -0.22197373 -0.22197373
 -0.22197373 -0.22197373 -0.22197373 -0.22197373 -0.22197373 -0.22197373
 -0.22197373 -0.22197373 -0.22197373 -0.22197373 -0.22197373 -0.22197373
 -0.22197373 -0.22197373 -0.22197373 -0.22197373 -0.22197373 -0.22197373
 -0.22197373 -0.22197373 -0.22197373 -0.22197373 -0.22197373 -0.22197373
 -0.22197373 -0.22197373 -0.22197373 -0.22197373 -0.22197373 -0.22197373
 -0.22197373 -0.22197373 -0.22197373 -0.22197373 -0.22197373 -0.22197373
  2.93709764 -0.22197373 -0.06326979 -0.22197373 -0.22197373  2.64272871
 -0.22197373 -0.22197373 -0.22197373 -0.22197373 -0.22197373 -0.22197373
 -0.22197373 -0.22197373 -0.22197373 -0.22197373 -0.22197373 -0.22197373
 -0.22197373 -0.22197373 -0.22197373 -0.22197373 -0.22197373 -0.22197373
 -0.22197373  4.21908532 -0.22197373  3.93870176  3.69949823 -0.22197373
  3.67897543  0.30143406  3.76500418 -0.22197373 -0.22197373 -0.22197373
 -0.22197373 -0.22197373 -0.22197373 -0.22197373 -0.22197373 -0.22197373
 -0.22197373 -0.22197373 -0.22197373  2.58850728  4.42764372 -0.22197373
 -0.22197373 -0.22197373 -0.22197373  3.29425422 -0.22197373  3.15911687
 -0.22197373 -0.22197373 -0.22197373 -0.22197373  1.99171873 -0.22197373
 -0.22197373 -0.22197373  5.19300985 -0.22197373  4.68231666  6.38848979
 -0.22197373  2.4975923  -0.22197373 -0.22197373 -0.22197373 -0.22197373
 -0.22197373  2.24706054 -0.22197373 -0.22197373 -0.22197373  5.85526959
 -0.22197373 -0.22197373 -0.22197373 -0.22197373 -0.22197373 -0.22197373
 -0.22197373 -0.22197373 -0.22197373 -0.22197373 -0.22197373 -0.22197373
 -0.22197373 -0.22197373 -0.22197373 -0.22197373  2.23559495 -0.22197373
 -0.22197373 -0.22197373 -0.22197373 -0.22197373 -0.22197373  2.50908006
 -0.22197373 -0.22197373 -0.22197373 -0.22197373 -0.22197373 -0.22197373
 -0.22197373 -0.22197373 -0.22197373 -0.22197373 -0.22197373 -0.22197373
 -0.22197373 -0.22197373 -0.22197373 -0.22197373 -0.22197373 -0.22197373
 -0.22197373 -0.22197373 -0.22197373 -0.22197373 -0.22197373 -0.22197373
 -0.22197373 -0.22197373 -0.22197373 -0.22197373 -0.22197373 -0.22197373
 -0.22197373 -0.22197373 -0.22197373 -0.22197373 -0.22197373 -0.22197373
 -0.22197373 -0.22197373 -0.22197373 -0.22197373 -0.22197373 -0.22197373
 -0.22197373 -0.22197373 -0.22197373 -0.22197373 -0.22197373 -0.22197373
 -0.22197373 -0.22197373 -0.22197373 -0.22197373 -0.22197373 -0.22197373
 -0.22197373 -0.22197373 -0.22197373 -0.22197373 -0.22197373 -0.22197373
 -0.22197373 -0.22197373 -0.22197373 -0.22197373 -0.22197373 -0.22197373
 -0.22197373 -0.22197373 -0.22197373 -0.22197373 -0.22197373 -0.22197373
 -0.22197373 -0.22197373 -0.22197373 -0.22197373 -0.22197373 -0.22197373
 -0.22197373 -0.22197373 -0.22197373 -0.22197373 -0.22197373 -0.22197373
 -0.22197373 -0.22197373 -0.22197373 -0.22197373 -0.22197373 -0.22197373
 -0.22197373 -0.22197373 -0.22197373 -0.22197373 -0.22197373 -0.22197373
 -0.22197373 -0.22197373 -0.22197373 -0.22197373 -0.22197373 -0.22197373
 -0.22197373 -0.22197373 -0.22197373 -0.22197373 -0.22197373 -0.22197373
 -0.22197373 -0.22197373 -0.22197373 -0.22197373  6.55669659 -0.22197373
 -0.22197373 -0.22197373 -0.22197373 -0.22197373 -0.22197373 -0.22197373
 -0.22197373 -0.22197373 -0.22197373 -0.22197373 -0.22197373 -0.22197373
 -0.22197373 -0.22197373 -0.22197373 -0.22197373 -0.22197373 -0.22197373
 -0.22197373 -0.22197373 -0.22197373 -0.22197373 -0.22197373 -0.22197373
 -0.22197373 -0.22197373 -0.22197373 -0.22197373 -0.22197373 -0.22197373
 -0.22197373 -0.22197373 -0.22197373 -0.22197373 -0.22197373 -0.22197373
 -0.22197373 -0.22197373  2.18554264 -0.22197373 -0.22197373 -0.22197373
 -0.22197373 -0.22197373 -0.22197373 -0.22197373 -0.22197373 -0.22197373
 -0.22197373 -0.22197373 -0.22197373 -0.22197373 -0.22197373 -0.22197373
 -0.22197373 -0.22197373 -0.22197373 -0.22197373 -0.22197373 -0.22197373
 -0.22197373  2.85708018 -0.22197373 -0.22197373 -0.22197373 -0.22197373
 -0.22197373 -0.22197373 -0.22197373 -0.22197373 -0.22197373 -0.22197373
 -0.22197373 -0.22197373 -0.22197373 -0.22197373 -0.22197373 -0.22197373
 -0.22197373 -0.22197373 -0.22197373 -0.22197373 -0.22197373 -0.22197373
 -0.22197373 -0.22197373 -0.22197373 -0.22197373 -0.22197373 -0.22197373
 -0.22197373 -0.22197373  7.13003547 -0.22197373]",[0.08859665045198978]
0,"[-0.22090212 -0.22090212 -0.22090212 -0.22090212 -0.10283917 -0.22090212
 -0.22090212 -0.22090212 -0.22090212 -0.22090212 -0.22090212 -0.22090212
 -0.22090212 -0.22090212 -0.22090212 -0.22090212 -0.22090212 -0.22090212
 -0.22090212 -0.22090212 -0.22090212 -0.22090212 -0.22090212 -0.22090212
 -0.22090212 -0.22090212 -0.22090212 -0.22090212 -0.22090212 -0.22090212
 -0.22090212 -0.22090212 -0.22090212 -0.22090212 -0.22090212 -0.22090212
 -0.22090212 -0.22090212 -0.22090212 -0.22090212 -0.22090212 -0.22090212
 -0.22090212 -0.22090212 -0.22090212 -0.22090212 -0.22090212 -0.22090212
 -0.22090212 -0.22090212 -0.22090212 -0.22090212 -0.22090212 -0.22090212
 -0.22090212 -0.22090212 -0.22090212 -0.22090212 -0.22090212 -0.22090212
 -0.22090212 -0.22090212 -0.22090212 -0.22090212 -0.22090212 -0.22090212
 -0.22090212 -0.22090212 -0.22090212 -0.22090212 -0.22090212 -0.22090212
 -0.22090212 -0.22090212 -0.22090212 -0.22090212 -0.22090212 -0.22090212
 -0.22090212 -0.22090212 -0.22090212 -0.22090212 -0.22090212  2.32597421
 -0.22090212 -0.22090212 -0.22090212 -0.22090212 -0.22090212 -0.22090212
 -0.22090212 -0.22090212 -0.22090212 -0.22090212  1.4415024  -0.22090212
 -0.22090212 -0.22090212  1.38601943 -0.22090212 -0.22090212 -0.22090212
 -0.22090212 -0.22090212 -0.22090212 -0.22090212 -0.22090212 -0.22090212
 -0.22090212 -0.22090212  1.32260533 -0.22090212 -0.22090212 -0.22090212
 -0.22090212 -0.22090212 -0.22090212 -0.22090212 -0.22090212 -0.22090212
 -0.22090212 -0.22090212 -0.22090212 -0.22090212 -0.22090212 -0.22090212
 -0.22090212 -0.22090212 -0.22090212 -0.22090212 -0.22090212 -0.22090212
 -0.22090212 -0.22090212 -0.22090212 -0.22090212 -0.22090212 -0.22090212
 -0.22090212 -0.22090212 -0.22090212 -0.22090212 -0.22090212 -0.22090212
 -0.22090212 -0.22090212 -0.22090212 -0.22090212 -0.22090212 -0.22090212
 -0.22090212 -0.22090212 -0.22090212 -0.22090212 -0.22090212 -0.22090212
 -0.22090212 -0.22090212 -0.22090212 -0.22090212 -0.22090212 -0.22090212
 -0.22090212 -0.22090212 -0.22090212 -0.22090212 -0.22090212 -0.22090212
 -0.22090212 -0.22090212 -0.22090212 -0.22090212 -0.22090212 -0.22090212
 -0.22090212 -0.22090212 -0.22090212 -0.22090212 -0.22090212 -0.22090212
 -0.22090212 -0.22090212 -0.22090212 -0.22090212 -0.22090212 -0.22090212
 -0.22090212 -0.22090212 -0.22090212 -0.22090212 -0.22090212 -0.22090212
 -0.22090212 -0.22090212  2.54735164 -0.22090212 -0.22090212 -0.22090212
 -0.22090212 -0.22090212 -0.22090212 -0.22090212 -0.22090212 -0.22090212
 -0.22090212 -0.22090212  1.81279513 -0.22090212  1.56805592 -0.22090212
  1.16322476 -0.22090212  2.96744011 -0.22090212 -0.22090212  6.60863911
 -0.22090212 -0.22090212 -0.22090212 -0.22090212 -0.22090212 -0.22090212
 -0.22090212 -0.22090212 -0.22090212 -0.22090212 -0.22090212 -0.22090212
 -0.22090212 -0.22090212 -0.22090212 -0.22090212 -0.22090212 -0.22090212
 -0.22090212  3.94570225 -0.22090212  3.90261728  4.42431775 -0.22090212
  5.21344283  0.77349883 -0.22090212 -0.22090212 -0.22090212 -0.22090212
 -0.22090212 -0.22090212 -0.22090212 -0.22090212 -0.22090212 -0.22090212
 -0.22090212 -0.22090212 -0.22090212 -0.22090212 -0.22090212 -0.22090212
 -0.22090212 -0.22090212 -0.22090212  3.32888713 -0.22090212  1.72041822
 -0.22090212 -0.22090212 -0.22090212  3.00428697  0.87599248 -0.22090212
 -0.22090212 -0.22090212 -0.22090212 -0.22090212  4.81539511 -0.22090212
 -0.22090212  2.37319838 -0.22090212 -0.22090212 -0.22090212 -0.22090212
  5.0937853   2.52633115 -0.22090212 -0.22090212 -0.22090212  7.10308503
 -0.22090212 -0.22090212 -0.22090212 -0.22090212  1.81279513 -0.22090212
 -0.22090212 -0.22090212 -0.22090212 -0.22090212 -0.22090212 -0.22090212
 -0.22090212 -0.22090212 -0.22090212 -0.22090212 -0.22090212 -0.22090212
 -0.22090212 -0.22090212 -0.22090212 -0.22090212 -0.22090212  4.46247889
 -0.22090212 -0.22090212 -0.22090212 -0.22090212 -0.22090212 -0.22090212
 -0.22090212 -0.22090212 -0.22090212 -0.22090212 -0.22090212 -0.22090212
 -0.22090212 -0.22090212 -0.22090212 -0.22090212 -0.22090212 -0.22090212
 -0.22090212 -0.22090212 -0.22090212 -0.22090212 -0.22090212 -0.22090212
 -0.22090212 -0.22090212 -0.22090212 -0.22090212 -0.22090212 -0.22090212
 -0.22090212 -0.22090212 -0.22090212 -0.22090212 -0.22090212 -0.22090212
 -0.22090212  0.99535072 -0.22090212 -0.22090212 -0.22090212 -0.22090212
 -0.22090212 -0.22090212 -0.22090212 -0.22090212 -0.22090212 -0.22090212
 -0.22090212 -0.22090212 -0.22090212 -0.22090212 -0.22090212 -0.22090212
 -0.22090212 -0.22090212 -0.22090212 -0.22090212 -0.22090212 -0.22090212
 -0.22090212 -0.22090212 -0.22090212 -0.22090212 -0.22090212 -0.22090212
 -0.22090212 -0.22090212 -0.22090212 -0.22090212 -0.22090212 -0.22090212
 -0.22090212 -0.22090212 -0.22090212 -0.22090212 -0.22090212 -0.22090212
 -0.22090212 -0.22090212 -0.22090212 -0.22090212 -0.22090212 -0.22090212
 -0.22090212 -0.22090212 -0.22090212 -0.22090212 -0.22090212 -0.22090212
 -0.22090212 -0.22090212 -0.22090212 -0.22090212 -0.22090212 -0.22090212
 -0.22090212 -0.22090212 -0.22090212 -0.22090212 -0.22090212 -0.22090212
 -0.22090212 -0.22090212 -0.22090212 -0.22090212 -0.22090212 -0.22090212
 -0.22090212 -0.22090212 -0.22090212 -0.22090212 -0.22090212 -0.22090212
 -0.22090212 -0.22090212 -0.22090212 -0.22090212 -0.22090212 -0.22090212
 -0.22090212 -0.22090212 -0.22090212 -0.22090212 -0.22090212 -0.22090212
 -0.22090212 -0.22090212 -0.22090212 -0.22090212 -0.22090212 -0.22090212
 -0.22090212 -0.22090212 -0.22090212 -0.22090212 -0.22090212 -0.22090212
 -0.22090212 -0.22090212 -0.22090212 -0.22090212 -0.22090212 -0.22090212
 -0.22090212 -0.22090212 -0.22090212 -0.22090212 -0.22090212 -0.22090212
 -0.22090212 -0.22090212  6.45450544 -0.22090212  6.51496195 -0.22090212
  8.7037851  -0.22090212 -0.22090212 -0.22090212 -0.22090212 -0.22090212
 -0.22090212 -0.22090212 -0.22090212 -0.22090212 -0.22090212 -0.22090212
 -0.22090212 -0.22090212 -0.22090212 -0.22090212 -0.22090212 -0.22090212
 -0.22090212  3.61713771 -0.22090212 -0.22090212 -0.22090212 -0.22090212
 -0.22090212 -0.22090212 -0.22090212 -0.22090212 -0.22090212 -0.22090212
 -0.22090212 -0.22090212 -0.22090212 -0.22090212 -0.22090212 -0.22090212
 -0.22090212 -0.22090212 -0.22090212 -0.22090212 -0.22090212 -0.22090212
 -0.22090212 -0.22090212 -0.22090212 -0.22090212 -0.22090212 -0.22090212
 -0.22090212 -0.22090212  2.87658936 -0.22090212]",[0.05084317906470684]
0,"[-0.21685783 -0.21685783 -0.21685783  3.10056712 -0.21685783 -0.21685783
 -0.21685783 -0.21685783 -0.21685783 -0.21685783 -0.21685783 -0.21685783
  3.70881131 -0.21685783 -0.21685783 -0.21685783 -0.21685783 -0.21685783
 -0.21685783 -0.21685783 -0.21685783 -0.21685783 -0.21685783 -0.21685783
 -0.21685783 -0.21685783 -0.21685783 -0.21685783 -0.21685783 -0.21685783
 -0.21685783 -0.21685783 -0.21685783 -0.21685783 -0.21685783 -0.21685783
 -0.21685783 -0.21685783 -0.21685783 -0.21685783 -0.21685783 -0.21685783
 -0.21685783 -0.21685783 -0.21685783 -0.21685783 -0.21685783 -0.21685783
 -0.21685783 -0.21685783 -0.21685783 -0.21685783 -0.21685783 -0.21685783
 -0.21685783 -0.21685783 -0.21685783 -0.21685783 -0.21685783 -0.21685783
 -0.21685783 -0.21685783 -0.21685783 -0.21685783 -0.21685783 -0.21685783
 -0.21685783 -0.21685783 -0.21685783 -0.21685783 -0.21685783 -0.21685783
 -0.21685783 -0.21685783 -0.21685783 -0.21685783 -0.21685783 -0.21685783
 -0.21685783 -0.21685783 -0.21685783 -0.21685783 -0.21685783  7.09152823
 -0.21685783 -0.21685783 -0.21685783 -0.21685783 -0.21685783 -0.21685783
 -0.21685783 -0.21685783 -0.21685783 -0.21685783 -0.21685783 -0.21685783
 -0.21685783 -0.21685783 -0.21685783 -0.21685783 -0.21685783 -0.21685783
 -0.21685783 -0.21685783 -0.21685783 -0.21685783 -0.21685783 -0.21685783
 -0.21685783 -0.21685783 -0.21685783 -0.21685783 -0.21685783 -0.21685783
 -0.21685783 -0.21685783 -0.21685783 -0.21685783 -0.21685783 -0.21685783
 -0.21685783 -0.21685783 -0.21685783 -0.21685783  1.09305701 -0.21685783
 -0.21685783 -0.21685783 -0.21685783 -0.21685783 -0.21685783 -0.21685783
 -0.21685783 -0.21685783 -0.21685783 -0.21685783 -0.21685783 -0.21685783
 -0.21685783 -0.21685783 -0.21685783 -0.21685783 -0.21685783 -0.21685783
 -0.21685783 -0.21685783 -0.21685783 -0.21685783 -0.21685783 -0.21685783
 -0.21685783 -0.21685783 -0.21685783 -0.21685783 -0.21685783 -0.21685783
 -0.21685783 -0.21685783 -0.21685783 -0.21685783 -0.21685783 -0.21685783
 -0.21685783 -0.21685783 -0.21685783 -0.21685783 -0.21685783 -0.21685783
 -0.21685783 -0.21685783 -0.21685783 -0.21685783 -0.21685783 -0.21685783
 -0.21685783 -0.21685783 -0.21685783 -0.21685783 -0.21685783 -0.21685783
 -0.21685783 -0.21685783 -0.21685783 -0.21685783 -0.21685783 -0.21685783
 -0.21685783 -0.21685783 -0.21685783 -0.21685783 -0.21685783 -0.21685783
 -0.21685783 -0.21685783  3.4181035  -0.21685783 -0.21685783 -0.21685783
 -0.21685783 -0.21685783  3.50631508 -0.21685783 -0.21685783 -0.21685783
 -0.21685783 -0.21685783 -0.21685783 -0.21685783 -0.21685783 -0.21685783
  5.12648609 -0.21685783 -0.21685783 -0.21685783 -0.21685783  5.03378689
 -0.21685783 -0.21685783 -0.21685783 -0.21685783 -0.21685783 -0.21685783
 -0.21685783 -0.21685783 -0.21685783 -0.21685783 -0.21685783 -0.21685783
 -0.21685783 -0.21685783 -0.21685783 -0.21685783 -0.21685783 -0.21685783
 -0.21685783  2.09698394 -0.21685783 -0.21685783  3.47498615 -0.21685783
  3.428455   -0.21685783 -0.21685783 -0.21685783 -0.21685783 -0.21685783
 -0.21685783 -0.21685783 -0.21685783 -0.21685783 -0.21685783 -0.21685783
 -0.21685783 -0.21685783 -0.21685783 -0.21685783 -0.21685783 -0.21685783
 -0.21685783 -0.21685783 -0.21685783  5.05366508 -0.21685783 -0.21685783
 -0.21685783 -0.21685783 -0.21685783 -0.21685783 -0.21685783 -0.21685783
 -0.21685783 -0.21685783 -0.21685783 -0.21685783  3.85784518 -0.21685783
 -0.21685783 -0.21685783 -0.21685783 -0.21685783 -0.21685783 -0.21685783
 -0.21685783 -0.21685783 -0.21685783 -0.21685783 -0.21685783  6.00153059
 -0.21685783 -0.21685783 -0.21685783 -0.21685783 -0.21685783 -0.21685783
 -0.21685783 -0.21685783 -0.21685783 -0.21685783 -0.21685783 -0.21685783
 -0.21685783 -0.21685783 -0.21685783 -0.21685783 -0.21685783 -0.21685783
 -0.21685783 -0.21685783 -0.21685783 -0.21685783 -0.21685783  5.03954444
 -0.21685783 -0.21685783 -0.21685783 -0.21685783 -0.21685783 -0.21685783
 -0.21685783 -0.21685783 -0.21685783 -0.21685783 -0.21685783 -0.21685783
 -0.21685783 -0.21685783 -0.21685783 -0.21685783 -0.21685783 -0.21685783
 -0.21685783 -0.21685783 -0.21685783 -0.21685783 -0.21685783 -0.21685783
 -0.21685783 -0.21685783 -0.21685783 -0.21685783 -0.21685783 -0.21685783
 -0.21685783 -0.21685783 -0.21685783 -0.21685783 -0.21685783 -0.21685783
 -0.21685783  2.56168125 -0.21685783 -0.21685783 -0.21685783 -0.21685783
 -0.21685783 -0.21685783 -0.21685783 -0.21685783 -0.21685783 -0.21685783
 -0.21685783 -0.21685783 -0.21685783 -0.21685783 -0.21685783 -0.21685783
 -0.21685783 -0.21685783 -0.21685783 -0.21685783 -0.21685783 -0.21685783
 -0.21685783 -0.21685783 -0.21685783 -0.21685783 -0.21685783 -0.21685783
 -0.21685783 -0.21685783 -0.21685783 -0.21685783 -0.21685783  4.50577554
  2.22581969 -0.21685783 -0.21685783 -0.21685783  6.90698782 -0.21685783
 -0.21685783 -0.21685783 -0.21685783 -0.21685783 -0.21685783 -0.21685783
 -0.21685783 -0.21685783 -0.21685783 -0.21685783 -0.21685783 -0.21685783
 -0.21685783 -0.21685783 -0.21685783 -0.21685783 -0.21685783 -0.21685783
 -0.21685783 -0.21685783 -0.21685783 -0.21685783 -0.21685783 -0.21685783
 -0.21685783 -0.21685783 -0.21685783 -0.21685783 -0.21685783 -0.21685783
  2.34848396 -0.21685783 -0.21685783 -0.21685783 -0.21685783 -0.21685783
 -0.21685783 -0.21685783 -0.21685783 -0.21685783 -0.21685783 -0.21685783
 -0.21685783 -0.21685783 -0.21685783 -0.21685783 -0.21685783 -0.21685783
 -0.21685783 -0.21685783 -0.21685783 -0.21685783 -0.21685783 -0.21685783
 -0.21685783 -0.21685783 -0.21685783 -0.21685783 -0.21685783 -0.21685783
 -0.21685783 -0.21685783 -0.21685783 -0.21685783 -0.21685783 -0.21685783
 -0.21685783 -0.21685783 -0.21685783 -0.21685783 -0.21685783 -0.21685783
 -0.21685783 -0.21685783  5.04629235 -0.21685783 -0.21685783 -0.21685783
  6.13237955 -0.21685783 -0.21685783 -0.21685783 -0.21685783 -0.21685783
 -0.21685783 -0.21685783 -0.21685783 -0.21685783  4.26520122 -0.21685783
 -0.21685783 -0.21685783 -0.21685783 -0.21685783 -0.21685783 -0.21685783
 -0.21685783  4.82455265 -0.21685783 -0.21685783 -0.21685783 -0.21685783
 -0.21685783 -0.21685783 -0.21685783 -0.21685783 -0.21685783 -0.21685783
 -0.21685783 -0.21685783 -0.21685783 -0.21685783 -0.21685783 -0.21685783
 -0.21685783  3.94063902 -0.21685783 -0.21685783 -0.21685783 -0.21685783
 -0.21685783 -0.21685783 -0.21685783 -0.21685783 -0.21685783 -0.21685783
 -0.21685783 -0.21685783  3.33828933 -0.21685783]",[0.11979313396491185]
0,"[-0.18127478 -0.18127478 -0.18127478 -0.18127478 -0.18127478 -0.18127478
 -0.18127478 -0.18127478 -0.18127478 -0.18127478 -0.18127478 -0.18127478
 -0.18127478 -0.18127478 -0.18127478 -0.18127478 -0.18127478 -0.18127478
 -0.18127478 -0.18127478 -0.18127478 -0.18127478 -0.18127478 -0.18127478
 -0.18127478 -0.18127478 -0.18127478 -0.18127478 -0.18127478 -0.18127478
 -0.18127478 -0.18127478 -0.18127478 -0.18127478 -0.18127478 -0.18127478
 -0.18127478 -0.18127478 -0.18127478 -0.18127478 -0.18127478 -0.18127478
 -0.18127478 -0.18127478 -0.18127478 -0.18127478 -0.18127478 -0.18127478
 -0.18127478 -0.18127478 -0.18127478 -0.18127478 -0.18127478 -0.18127478
 -0.18127478 -0.18127478 -0.18127478 -0.18127478 -0.18127478 -0.18127478
 -0.18127478 -0.18127478 -0.18127478 -0.18127478 -0.18127478 -0.18127478
 -0.18127478 -0.18127478 -0.18127478 -0.18127478 -0.18127478 -0.18127478
 -0.18127478 -0.18127478 -0.18127478 -0.18127478 -0.18127478 -0.18127478
 -0.18127478 -0.18127478 -0.18127478 -0.18127478 -0.18127478  9.48005813
 -0.18127478 -0.18127478 -0.18127478 -0.18127478 -0.18127478  7.30526576
 -0.18127478 -0.18127478 -0.18127478 -0.18127478 -0.18127478 -0.18127478
 -0.18127478 -0.18127478 -0.18127478 -0.18127478 -0.18127478 -0.18127478
 -0.18127478 -0.18127478 -0.18127478 -0.18127478 -0.18127478 -0.18127478
 -0.18127478 -0.18127478  6.97432841 -0.18127478 -0.18127478 -0.18127478
 -0.18127478 -0.18127478 -0.18127478 -0.18127478 -0.18127478 -0.18127478
 -0.18127478 -0.18127478 -0.18127478 -0.18127478 -0.18127478 -0.18127478
 -0.18127478 -0.18127478 -0.18127478 -0.18127478 -0.18127478 -0.18127478
 -0.18127478 -0.18127478 -0.18127478 -0.18127478 -0.18127478 -0.18127478
 -0.18127478 -0.18127478 -0.18127478 -0.18127478 -0.18127478 -0.18127478
 -0.18127478 -0.18127478 -0.18127478 -0.18127478 -0.18127478 -0.18127478
 -0.18127478 -0.18127478 -0.18127478 -0.18127478 -0.18127478 -0.18127478
 -0.18127478 -0.18127478 -0.18127478 -0.18127478 -0.18127478 -0.18127478
 -0.18127478 -0.18127478 -0.18127478 -0.18127478 -0.18127478 -0.18127478
 -0.18127478 -0.18127478 -0.18127478 -0.18127478 -0.18127478 -0.18127478
 -0.18127478 -0.18127478 -0.18127478 -0.18127478 -0.18127478 -0.18127478
 -0.18127478 -0.18127478 -0.18127478 -0.18127478 -0.18127478 -0.18127478
 -0.18127478 -0.18127478 -0.18127478 -0.18127478 -0.18127478 -0.18127478
 -0.18127478 -0.18127478 -0.18127478 -0.18127478 -0.18127478 -0.18127478
  5.33860323 -0.18127478 -0.18127478 -0.18127478 -0.18127478 -0.18127478
 -0.18127478 -0.18127478 -0.18127478 -0.18127478 -0.18127478 -0.18127478
  3.55508173 -0.18127478 -0.18127478 -0.18127478 -0.18127478  1.33741851
 -0.18127478 -0.18127478 -0.18127478 -0.18127478 -0.18127478 -0.18127478
 -0.18127478 -0.18127478 -0.18127478 -0.18127478 -0.18127478 -0.18127478
 -0.18127478 -0.18127478 -0.18127478 -0.18127478 -0.18127478 -0.18127478
 -0.18127478  3.86129919 -0.18127478  4.05163967 -0.18127478 -0.18127478
  2.49243272  2.96792584 -0.18127478 -0.18127478 -0.18127478 -0.18127478
 -0.18127478 -0.18127478 -0.18127478 -0.18127478 -0.18127478 -0.18127478
 -0.18127478 -0.18127478 -0.18127478 -0.18127478 -0.18127478 -0.18127478
 -0.18127478 -0.18127478 -0.18127478  5.69397753 -0.18127478 -0.18127478
 -0.18127478 -0.18127478 -0.18127478 -0.18127478 -0.18127478 -0.18127478
 -0.18127478 -0.18127478 -0.18127478 -0.18127478 -0.18127478 -0.18127478
 -0.18127478 -0.18127478 -0.18127478 -0.18127478 -0.18127478 -0.18127478
 -0.18127478  3.30478639 -0.18127478 -0.18127478 -0.18127478  5.00442667
 -0.18127478 -0.18127478 -0.18127478 -0.18127478 -0.18127478 -0.18127478
 -0.18127478 -0.18127478 -0.18127478 -0.18127478 -0.18127478 -0.18127478
 -0.18127478 -0.18127478 -0.18127478 -0.18127478 -0.18127478 -0.18127478
 -0.18127478 -0.18127478 -0.18127478 -0.18127478 -0.18127478  7.6361347
 -0.18127478 -0.18127478 -0.18127478 -0.18127478 -0.18127478 -0.18127478
 -0.18127478 -0.18127478 -0.18127478 -0.18127478 -0.18127478 -0.18127478
 -0.18127478 -0.18127478 -0.18127478 -0.18127478 -0.18127478 -0.18127478
 -0.18127478 -0.18127478 -0.18127478 -0.18127478 -0.18127478 -0.18127478
 -0.18127478 -0.18127478 -0.18127478 -0.18127478 -0.18127478 -0.18127478
 -0.18127478 -0.18127478 -0.18127478 -0.18127478 -0.18127478 -0.18127478
 -0.18127478  0.97358999 -0.18127478 -0.18127478 -0.18127478 -0.18127478
 -0.18127478 -0.18127478 -0.18127478 -0.18127478 -0.18127478 -0.18127478
 -0.18127478 -0.18127478 -0.18127478 -0.18127478 -0.18127478 -0.18127478
 -0.18127478 -0.18127478 -0.18127478 -0.18127478 -0.18127478 -0.18127478
 -0.18127478 -0.18127478 -0.18127478 -0.18127478 -0.18127478 -0.18127478
 -0.18127478 -0.18127478 -0.18127478 -0.18127478 -0.18127478 -0.18127478
  3.35556159 -0.18127478 -0.18127478 -0.18127478 -0.18127478 -0.18127478
 -0.18127478 -0.18127478 -0.18127478 -0.18127478 -0.18127478 -0.18127478
 -0.18127478 -0.18127478 -0.18127478 -0.18127478 -0.18127478 -0.18127478
 -0.18127478 -0.18127478 -0.18127478 -0.18127478 -0.18127478 -0.18127478
 -0.18127478 -0.18127478 -0.18127478 -0.18127478 -0.18127478 -0.18127478
 -0.18127478 -0.18127478 -0.18127478 -0.18127478 -0.18127478 -0.18127478
 -0.18127478 -0.18127478 -0.18127478 -0.18127478 -0.18127478 -0.18127478
 -0.18127478 -0.18127478 -0.18127478 -0.18127478 -0.18127478 -0.18127478
 -0.18127478 -0.18127478 -0.18127478 -0.18127478 -0.18127478 -0.18127478
 -0.18127478 -0.18127478 -0.18127478 -0.18127478 -0.18127478 -0.18127478
 -0.18127478 -0.18127478 -0.18127478 -0.18127478 -0.18127478 -0.18127478
 -0.18127478 -0.18127478 -0.18127478 -0.18127478 -0.18127478 -0.18127478
 -0.18127478 -0.18127478 -0.18127478 -0.18127478 -0.18127478 -0.18127478
 -0.18127478 -0.18127478  4.45787429 -0.18127478 -0.18127478 -0.18127478
 -0.18127478 -0.18127478 -0.18127478 -0.18127478 -0.18127478 -0.18127478
 -0.18127478 -0.18127478 -0.18127478 -0.18127478 -0.18127478 -0.18127478
 -0.18127478 -0.18127478 -0.18127478 -0.18127478 -0.18127478 -0.18127478
 -0.18127478  6.58778326 -0.18127478 -0.18127478 -0.18127478 -0.18127478
 -0.18127478 -0.18127478 -0.18127478 -0.18127478 -0.18127478  2.55950552
 -0.18127478 -0.18127478 -0.18127478 -0.18127478 -0.18127478 -0.18127478
 -0.18127478  3.699697   -0.18127478 -0.18127478 -0.18127478 -0.18127478
 -0.18127478 -0.18127478 -0.18127478 -0.18127478 -0.18127478 -0.18127478
 -0.18127478 -0.18127478 -0.18127478 -0.18127478]",[0.09118812437767741]
0,"[ 1.69594138 -0.47490005  1.43280538 -0.47490005  0.70339702 -0.47490005
 -0.47490005 -0.47490005 -0.47490005 -0.47490005 -0.47490005 -0.47490005
 -0.47490005 -0.47490005 -0.47490005 -0.47490005 -0.47490005 -0.47490005
  0.20252062 -0.47490005 -0.47490005  0.85686007 -0.47490005 -0.47490005
 -0.47490005 -0.47490005 -0.47490005 -0.47490005 -0.47490005 -0.47490005
 -0.47490005 -0.47490005 -0.47490005  0.48382476 -0.47490005 -0.47490005
 -0.47490005 -0.47490005 -0.47490005 -0.47490005 -0.47490005 -0.47490005
 -0.47490005 -0.47490005 -0.47490005 -0.47490005 -0.47490005 -0.47490005
 -0.47490005 -0.47490005 -0.47490005 -0.47490005 -0.47490005 -0.47490005
 -0.47490005 -0.47490005  2.33476371 -0.47490005 -0.47490005 -0.47490005
 -0.47490005 -0.47490005 -0.47490005 -0.47490005 -0.47490005 -0.47490005
 -0.47490005 -0.47490005 -0.47490005 -0.47490005 -0.47490005 -0.47490005
 -0.47490005 -0.47490005  1.61200283 -0.47490005 -0.47490005 -0.47490005
 -0.47490005 -0.47490005 -0.47490005 -0.47490005 -0.47490005  3.56917325
 -0.47490005 -0.47490005 -0.47490005 -0.47490005 -0.47490005  2.12096787
 -0.47490005 -0.47490005 -0.47490005 -0.47490005 -0.47490005  0.92432429
 -0.47490005 -0.47490005 -0.47490005 -0.47490005 -0.47490005 -0.47490005
 -0.47490005 -0.47490005 -0.47490005 -0.47490005  0.40408869 -0.47490005
  0.82032415 -0.47490005  3.8987257   0.21225755  3.08911392  1.76019825
 -0.47490005  0.64508464  3.26620506 -0.47490005  1.65026934 -0.47490005
  1.33788205 -0.47490005  2.24281204  2.32079131  3.17980176  1.33788205
 -0.47490005 -0.47490005 -0.47490005 -0.47490005 -0.47490005 -0.47490005
 -0.47490005 -0.47490005 -0.47490005 -0.47490005 -0.47490005 -0.47490005
 -0.47490005 -0.47490005 -0.47490005 -0.47490005 -0.47490005 -0.47490005
 -0.47490005 -0.47490005 -0.47490005 -0.47490005 -0.47490005 -0.47490005
 -0.47490005 -0.47490005 -0.47490005 -0.47490005 -0.47490005 -0.47490005
 -0.47490005 -0.47490005 -0.47490005 -0.47490005 -0.47490005 -0.47490005
 -0.47490005  1.19731513 -0.47490005 -0.47490005 -0.47490005 -0.47490005
 -0.47490005 -0.47490005 -0.47490005 -0.47490005 -0.47490005 -0.47490005
 -0.47490005 -0.47490005 -0.47490005 -0.47490005 -0.47490005 -0.47490005
 -0.47490005 -0.47490005 -0.47490005 -0.47490005 -0.47490005 -0.47490005
  1.62310365 -0.47490005 -0.47490005 -0.47490005 -0.47490005 -0.47490005
 -0.47490005 -0.47490005 -0.47490005 -0.47490005 -0.47490005 -0.47490005
 -0.47490005 -0.47490005 -0.47490005 -0.47490005 -0.47490005  1.58511487
 -0.47490005 -0.47490005 -0.47490005  2.09581773 -0.47490005 -0.47490005
  1.91198404  0.90480574  1.63870876 -0.47490005 -0.47490005  1.86220179
 -0.47490005 -0.47490005  0.79738064  0.69659339 -0.47490005 -0.47490005
 -0.47490005  1.15933394 -0.47490005 -0.47490005 -0.47490005  1.77031955
 -0.47490005 -0.47490005 -0.47490005 -0.47490005 -0.47490005 -0.47490005
  0.6330655   1.9950613   1.95311854  2.17391536  2.15471808 -0.47490005
  1.49653156  1.41754373  1.50137113  2.182411    2.00422446 -0.47490005
 -0.47490005 -0.47490005 -0.47490005  1.40266995  1.77031955  1.64378663
 -0.47490005 -0.47490005 -0.47490005  2.98875823  1.8615681  -0.47490005
 -0.47490005 -0.47490005  2.34213496  1.92874965 -0.47490005  1.60908364
  0.93895181 -0.47490005 -0.47490005  1.36643781 -0.47490005  1.65531819
  1.81983775 -0.47490005  3.09536204 -0.47490005  2.53104681  3.21416576
 -0.47490005  2.40417134 -0.47490005 -0.47490005  2.18492821  1.61725023
  2.10851372  1.11241743 -0.47490005 -0.47490005  2.6842828   1.87629048
  1.26596094 -0.47490005 -0.47490005  0.92432429  0.85686007  1.14481685
 -0.47490005  2.65162938  2.23914505 -0.47490005 -0.47490005 -0.47490005
  1.09289888 -0.47490005 -0.47490005 -0.47490005  2.39123462  2.63310625
  1.84498114 -0.47490005 -0.47490005 -0.47490005 -0.47490005  1.71731878
  3.46019424  1.07277966 -0.47490005 -0.47490005 -0.47490005 -0.47490005
 -0.47490005  1.45024169 -0.47490005 -0.47490005  1.34221489 -0.47490005
 -0.47490005  0.54385064 -0.47490005 -0.47490005 -0.47490005 -0.47490005
 -0.47490005 -0.47490005 -0.47490005 -0.47490005 -0.47490005 -0.47490005
 -0.47490005 -0.47490005 -0.47490005 -0.47490005 -0.47490005 -0.47490005
 -0.47490005 -0.47490005 -0.47490005 -0.47490005 -0.47490005 -0.47490005
 -0.47490005 -0.03746006 -0.47490005 -0.47490005 -0.47490005 -0.47490005
 -0.47490005 -0.47490005 -0.47490005 -0.47490005 -0.47490005  0.85686007
 -0.47490005 -0.47490005 -0.47490005 -0.47490005 -0.47490005 -0.47490005
 -0.47490005 -0.47490005 -0.47490005 -0.47490005 -0.47490005 -0.47490005
 -0.47490005 -0.47490005 -0.47490005 -0.47490005 -0.47490005 -0.47490005
  1.51567855 -0.47490005 -0.47490005 -0.47490005 -0.47490005 -0.47490005
  0.86813316 -0.47490005 -0.47490005 -0.47490005 -0.47490005 -0.47490005
 -0.47490005 -0.47490005 -0.47490005 -0.47490005 -0.47490005 -0.47490005
 -0.47490005 -0.47490005 -0.47490005 -0.47490005 -0.47490005 -0.47490005
 -0.47490005 -0.47490005 -0.47490005 -0.47490005 -0.47490005 -0.47490005
 -0.47490005 -0.47490005 -0.47490005 -0.47490005 -0.47490005 -0.47490005
 -0.47490005 -0.47490005 -0.47490005 -0.47490005 -0.47490005 -0.47490005
 -0.47490005 -0.47490005 -0.47490005 -0.47490005  3.09051547  2.65617932
 -0.47490005 -0.47490005 -0.47490005 -0.47490005 -0.47490005 -0.47490005
 -0.47490005 -0.47490005 -0.47490005 -0.47490005 -0.47490005 -0.47490005
 -0.47490005 -0.47490005 -0.47490005 -0.47490005 -0.47490005 -0.47490005
  2.57416339  1.36019899 -0.47490005 -0.47490005 -0.47490005 -0.47490005
  1.67778855 -0.47490005 -0.47490005 -0.47490005 -0.47490005 -0.47490005
  3.49126056 -0.47490005 -0.47490005 -0.47490005 -0.47490005 -0.47490005
 -0.47490005 -0.47490005  2.57107203 -0.47490005 -0.47490005 -0.47490005
  4.19833814 -0.47490005 -0.47490005 -0.47490005  1.22679816 -0.47490005
 -0.47490005 -0.47490005 -0.47490005 -0.47490005 -0.47490005 -0.47490005
 -0.47490005 -0.47490005 -0.47490005 -0.47490005 -0.47490005 -0.47490005
 -0.47490005  2.57855443 -0.47490005 -0.47490005 -0.47490005  1.13709292
  2.31213782 -0.47490005 -0.47490005 -0.47490005 -0.47490005  1.09289888
 -0.47490005 -0.47490005 -0.47490005 -0.47490005 -0.47490005  2.31213782
 -0.47490005  1.33788205 -0.47490005 -0.47490005  1.09289888  1.43280538
 -0.47490005 -0.47490005 -0.47490005 -0.47490005  2.21288357 -0.47490005
 -0.47490005 -0.47490005  3.09400626  2.88683751]",[0.304728065408562]
0,"[-0.20967994 -0.20967994 -0.20967994 -0.20967994  0.14040838 -0.20967994
 -0.20967994 -0.20967994 -0.20967994 -0.20967994 -0.20967994 -0.20967994
 -0.20967994 -0.20967994 -0.20967994 -0.20967994 -0.20967994 -0.20967994
 -0.20967994 -0.20967994 -0.20967994 -0.20967994 -0.20967994 -0.20967994
 -0.20967994 -0.20967994 -0.20967994 -0.20967994 -0.20967994 -0.20967994
 -0.20967994 -0.20967994 -0.20967994 -0.20967994 -0.20967994  2.80298864
 -0.20967994 -0.20967994 -0.20967994 -0.20967994 -0.20967994 -0.20967994
 -0.20967994 -0.20967994 -0.20967994 -0.20967994 -0.20967994 -0.20967994
 -0.20967994 -0.20967994 -0.20967994 -0.20967994 -0.20967994 -0.20967994
 -0.20967994 -0.20967994 -0.20967994 -0.20967994 -0.20967994 -0.20967994
 -0.20967994 -0.20967994 -0.20967994 -0.20967994 -0.20967994 -0.20967994
 -0.20967994 -0.20967994 -0.20967994 -0.20967994 -0.20967994 -0.20967994
 -0.20967994 -0.20967994 -0.20967994 -0.20967994 -0.20967994 -0.20967994
 -0.20967994 -0.20967994 -0.20967994 -0.20967994 -0.20967994  7.13400657
 -0.20967994 -0.20967994 -0.20967994 -0.20967994 -0.20967994 -0.20967994
 -0.20967994 -0.20967994  3.6129328  -0.20967994 -0.20967994 -0.20967994
 -0.20967994 -0.20967994 -0.20967994 -0.20967994 -0.20967994 -0.20967994
 -0.20967994 -0.20967994 -0.20967994 -0.20967994 -0.20967994 -0.20967994
 -0.20967994 -0.20967994 -0.20967994 -0.20967994 -0.20967994 -0.20967994
 -0.20967994 -0.20967994 -0.20967994 -0.20967994 -0.20967994 -0.20967994
 -0.20967994 -0.20967994 -0.20967994 -0.20967994 -0.20967994 -0.20967994
 -0.20967994 -0.20967994 -0.20967994 -0.20967994  1.14619996 -0.20967994
 -0.20967994 -0.20967994 -0.20967994 -0.20967994 -0.20967994 -0.20967994
 -0.20967994 -0.20967994 -0.20967994 -0.20967994 -0.20967994 -0.20967994
 -0.20967994 -0.20967994 -0.20967994 -0.20967994 -0.20967994 -0.20967994
 -0.20967994 -0.20967994 -0.20967994 -0.20967994 -0.20967994 -0.20967994
 -0.20967994 -0.20967994 -0.20967994 -0.20967994 -0.20967994 -0.20967994
 -0.20967994 -0.20967994  3.66437383 -0.20967994 -0.20967994 -0.20967994
 -0.20967994 -0.20967994 -0.20967994 -0.20967994 -0.20967994  1.6220954
 -0.20967994 -0.20967994 -0.20967994 -0.20967994 -0.20967994 -0.20967994
 -0.20967994 -0.20967994 -0.20967994 -0.20967994 -0.20967994 -0.20967994
 -0.20967994 -0.20967994 -0.20967994 -0.20967994 -0.20967994 -0.20967994
 -0.20967994 -0.20967994 -0.20967994 -0.20967994 -0.20967994 -0.20967994
 -0.20967994 -0.20967994  3.15736151 -0.20967994 -0.20967994 -0.20967994
 -0.20967994 -0.20967994 -0.20967994 -0.20967994 -0.20967994 -0.20967994
  2.16205529 -0.20967994 -0.20967994 -0.20967994 -0.20967994  6.3679546
 -0.20967994 -0.20967994 -0.20967994 -0.20967994 -0.20967994 -0.20967994
 -0.20967994 -0.20967994 -0.20967994 -0.20967994 -0.20967994 -0.20967994
 -0.20967994 -0.20967994 -0.20967994 -0.20967994 -0.20967994 -0.20967994
 -0.20967994  3.08707455 -0.20967994  3.16950445 -0.20967994 -0.20967994
  4.05315443  2.02786385 -0.20967994 -0.20967994 -0.20967994 -0.20967994
 -0.20967994 -0.20967994 -0.20967994 -0.20967994 -0.20967994 -0.20967994
 -0.20967994 -0.20967994 -0.20967994 -0.20967994 -0.20967994 -0.20967994
 -0.20967994 -0.20967994 -0.20967994  5.28058977 -0.20967994 -0.20967994
 -0.20967994 -0.20967994 -0.20967994 -0.20967994 -0.20967994 -0.20967994
 -0.20967994 -0.20967994 -0.20967994 -0.20967994 -0.20967994 -0.20967994
 -0.20967994  1.53660517 -0.20967994 -0.20967994 -0.20967994 -0.20967994
 -0.20967994 -0.20967994 -0.20967994 -0.20967994 -0.20967994  5.93397049
 -0.20967994 -0.20967994 -0.20967994 -0.20967994 -0.20967994 -0.20967994
 -0.20967994 -0.20967994 -0.20967994 -0.20967994 -0.20967994 -0.20967994
 -0.20967994 -0.20967994 -0.20967994 -0.20967994 -0.20967994 -0.20967994
 -0.20967994 -0.20967994 -0.20967994 -0.20967994 -0.20967994  6.10921276
 -0.20967994 -0.20967994 -0.20967994 -0.20967994 -0.20967994 -0.20967994
 -0.20967994 -0.20967994 -0.20967994 -0.20967994 -0.20967994 -0.20967994
 -0.20967994 -0.20967994 -0.20967994  2.35405346 -0.20967994 -0.20967994
 -0.20967994 -0.20967994 -0.20967994 -0.20967994 -0.20967994 -0.20967994
 -0.20967994 -0.20967994 -0.20967994 -0.20967994 -0.20967994 -0.20967994
 -0.20967994 -0.20967994 -0.20967994 -0.20967994 -0.20967994 -0.20967994
 -0.20967994  1.14619996 -0.20967994 -0.20967994 -0.20967994 -0.20967994
 -0.20967994 -0.20967994 -0.20967994 -0.20967994 -0.20967994 -0.20967994
 -0.20967994 -0.20967994 -0.20967994 -0.20967994 -0.20967994 -0.20967994
 -0.20967994 -0.20967994 -0.20967994 -0.20967994 -0.20967994 -0.20967994
 -0.20967994 -0.20967994 -0.20967994 -0.20967994 -0.20967994 -0.20967994
 -0.20967994 -0.20967994 -0.20967994 -0.20967994 -0.20967994 -0.20967994
 -0.20967994 -0.20967994 -0.20967994 -0.20967994 -0.20967994 -0.20967994
 -0.20967994 -0.20967994 -0.20967994 -0.20967994 -0.20967994 -0.20967994
 -0.20967994 -0.20967994 -0.20967994 -0.20967994 -0.20967994 -0.20967994
 -0.20967994 -0.20967994 -0.20967994 -0.20967994 -0.20967994 -0.20967994
 -0.20967994 -0.20967994 -0.20967994 -0.20967994 -0.20967994 -0.20967994
 -0.20967994 -0.20967994 -0.20967994 -0.20967994 -0.20967994 -0.20967994
 -0.20967994 -0.20967994 -0.20967994 -0.20967994 -0.20967994 -0.20967994
 -0.20967994  4.22485025 -0.20967994 -0.20967994 -0.20967994 -0.20967994
 -0.20967994 -0.20967994 -0.20967994 -0.20967994 -0.20967994 -0.20967994
 -0.20967994 -0.20967994 -0.20967994 -0.20967994 -0.20967994 -0.20967994
 -0.20967994 -0.20967994 -0.20967994 -0.20967994 -0.20967994 -0.20967994
 -0.20967994 -0.20967994 -0.20967994 -0.20967994 -0.20967994 -0.20967994
 -0.20967994 -0.20967994 -0.20967994 -0.20967994 -0.20967994 -0.20967994
 -0.20967994 -0.20967994  4.7055642  -0.20967994  7.68803529 -0.20967994
  8.87625225 -0.20967994 -0.20967994 -0.20967994 -0.20967994 -0.20967994
 -0.20967994 -0.20967994 -0.20967994 -0.20967994 -0.20967994 -0.20967994
 -0.20967994 -0.20967994 -0.20967994 -0.20967994 -0.20967994 -0.20967994
 -0.20967994 -0.20967994 -0.20967994 -0.20967994 -0.20967994  1.50456022
 -0.20967994  3.10389741 -0.20967994 -0.20967994 -0.20967994  1.49405645
 -0.20967994 -0.20967994 -0.20967994 -0.20967994 -0.20967994 -0.20967994
 -0.20967994  1.91945456 -0.20967994 -0.20967994 -0.20967994 -0.20967994
 -0.20967994 -0.20967994 -0.20967994 -0.20967994 -0.20967994 -0.20967994
 -0.20967994 -0.20967994  2.92757201 -0.20967994]",[-0.04481244869413978]
0,"[-0.18113736 -0.18113736 -0.18113736 -0.18113736  0.04796109 -0.18113736
  3.92657382 -0.18113736 -0.18113736 -0.18113736 -0.18113736 -0.18113736
 -0.18113736 -0.18113736 -0.18113736 -0.18113736 -0.18113736 -0.18113736
 -0.18113736 -0.18113736 -0.18113736 -0.18113736 -0.18113736 -0.18113736
 -0.18113736 -0.18113736 -0.18113736 -0.18113736 -0.18113736 -0.18113736
 -0.18113736 -0.18113736 -0.18113736 -0.18113736 -0.18113736 -0.18113736
 -0.18113736 -0.18113736 -0.18113736 -0.18113736 -0.18113736 -0.18113736
 -0.18113736 -0.18113736 -0.18113736 -0.18113736 -0.18113736 -0.18113736
 -0.18113736 -0.18113736 -0.18113736 -0.18113736 -0.18113736 -0.18113736
 -0.18113736 -0.18113736 -0.18113736 -0.18113736 -0.18113736 -0.18113736
 -0.18113736 -0.18113736 -0.18113736 -0.18113736 -0.18113736 -0.18113736
 -0.18113736 -0.18113736 -0.18113736 -0.18113736 -0.18113736 -0.18113736
 -0.18113736 -0.18113736 -0.18113736 -0.18113736 -0.18113736 -0.18113736
 -0.18113736 -0.18113736  3.18651477 -0.18113736 -0.18113736  9.92788295
 -0.18113736 -0.18113736 -0.18113736 -0.18113736 -0.18113736 -0.18113736
 -0.18113736 -0.18113736 -0.18113736 -0.18113736 -0.18113736 -0.18113736
 -0.18113736 -0.18113736 -0.18113736 -0.18113736 -0.18113736 -0.18113736
 -0.18113736 -0.18113736 -0.18113736 -0.18113736 -0.18113736 -0.18113736
 -0.18113736 -0.18113736  7.3277094  -0.18113736 -0.18113736 -0.18113736
 -0.18113736 -0.18113736 -0.18113736 -0.18113736 -0.18113736 -0.18113736
 -0.18113736 -0.18113736 -0.18113736 -0.18113736 -0.18113736 -0.18113736
 -0.18113736 -0.18113736 -0.18113736 -0.18113736 -0.18113736 -0.18113736
 -0.18113736 -0.18113736 -0.18113736 -0.18113736 -0.18113736 -0.18113736
 -0.18113736 -0.18113736 -0.18113736 -0.18113736 -0.18113736 -0.18113736
 -0.18113736 -0.18113736 -0.18113736 -0.18113736 -0.18113736 -0.18113736
 -0.18113736 -0.18113736 -0.18113736 -0.18113736 -0.18113736 -0.18113736
 -0.18113736 -0.18113736 -0.18113736 -0.18113736 -0.18113736 -0.18113736
 -0.18113736 -0.18113736 -0.18113736 -0.18113736 -0.18113736 -0.18113736
 -0.18113736 -0.18113736 -0.18113736 -0.18113736 -0.18113736 -0.18113736
 -0.18113736 -0.18113736 -0.18113736 -0.18113736 -0.18113736 -0.18113736
 -0.18113736 -0.18113736 -0.18113736 -0.18113736 -0.18113736 -0.18113736
 -0.18113736 -0.18113736 -0.18113736 -0.18113736 -0.18113736 -0.18113736
 -0.18113736 -0.18113736 -0.18113736 -0.18113736 -0.18113736 -0.18113736
 -0.18113736 -0.18113736  2.39699286 -0.18113736 -0.18113736  1.38960996
 -0.18113736 -0.18113736 -0.18113736 -0.18113736 -0.18113736 -0.18113736
  2.18606423 -0.18113736 -0.18113736 -0.18113736 -0.18113736  5.49047381
 -0.18113736 -0.18113736 -0.18113736 -0.18113736 -0.18113736 -0.18113736
 -0.18113736 -0.18113736 -0.18113736 -0.18113736 -0.18113736 -0.18113736
 -0.18113736 -0.18113736 -0.18113736 -0.18113736 -0.18113736 -0.18113736
 -0.18113736  4.08069556 -0.18113736 -0.18113736 -0.18113736 -0.18113736
  1.94872655 -0.18113736 -0.18113736 -0.18113736 -0.18113736 -0.18113736
 -0.18113736  4.74597106 -0.18113736 -0.18113736 -0.18113736 -0.18113736
 -0.18113736 -0.18113736 -0.18113736 -0.18113736 -0.18113736 -0.18113736
 -0.18113736 -0.18113736 -0.18113736  4.15709371 -0.18113736  0.27829885
 -0.18113736 -0.18113736 -0.18113736 -0.18113736 -0.18113736 -0.18113736
 -0.18113736 -0.18113736 -0.18113736 -0.18113736 -0.18113736 -0.18113736
 -0.18113736 -0.18113736 -0.18113736 -0.18113736  0.21103721 -0.18113736
 -0.18113736 -0.18113736 -0.18113736 -0.18113736 -0.18113736  4.50526595
 -0.18113736 -0.18113736 -0.18113736 -0.18113736 -0.18113736 -0.18113736
 -0.18113736 -0.18113736 -0.18113736 -0.18113736 -0.18113736 -0.18113736
 -0.18113736 -0.18113736 -0.18113736 -0.18113736 -0.18113736 -0.18113736
 -0.18113736 -0.18113736 -0.18113736 -0.18113736 -0.18113736  6.651789
 -0.18113736 -0.18113736 -0.18113736 -0.18113736 -0.18113736 -0.18113736
 -0.18113736 -0.18113736 -0.18113736 -0.18113736 -0.18113736 -0.18113736
 -0.18113736 -0.18113736 -0.18113736 -0.18113736 -0.18113736 -0.18113736
 -0.18113736 -0.18113736 -0.18113736 -0.18113736 -0.18113736 -0.18113736
 -0.18113736 -0.18113736 -0.18113736 -0.18113736 -0.18113736 -0.18113736
 -0.18113736 -0.18113736 -0.18113736 -0.18113736 -0.18113736 -0.18113736
 -0.18113736 -0.18113736 -0.18113736 -0.18113736 -0.18113736 -0.18113736
 -0.18113736 -0.18113736 -0.18113736 -0.18113736 -0.18113736 -0.18113736
 -0.18113736 -0.18113736 -0.18113736 -0.18113736 -0.18113736 -0.18113736
 -0.18113736 -0.18113736  3.92657382 -0.18113736 -0.18113736 -0.18113736
 -0.18113736 -0.18113736 -0.18113736 -0.18113736 -0.18113736 -0.18113736
 -0.18113736 -0.18113736 -0.18113736 -0.18113736 -0.18113736 -0.18113736
 -0.18113736 -0.18113736 -0.18113736 -0.18113736 -0.18113736 -0.18113736
 -0.18113736 -0.18113736 -0.18113736 -0.18113736 -0.18113736 -0.18113736
 -0.18113736 -0.18113736 -0.18113736 -0.18113736 -0.18113736 -0.18113736
 -0.18113736 -0.18113736 -0.18113736 -0.18113736 -0.18113736 -0.18113736
 -0.18113736 -0.18113736 -0.18113736 -0.18113736 -0.18113736 -0.18113736
 -0.18113736 -0.18113736 -0.18113736 -0.18113736 -0.18113736 -0.18113736
 -0.18113736 -0.18113736 -0.18113736 -0.18113736 -0.18113736 -0.18113736
 -0.18113736 -0.18113736 -0.18113736 -0.18113736 -0.18113736 -0.18113736
 -0.18113736 -0.18113736 -0.18113736 -0.18113736 -0.18113736 -0.18113736
 -0.18113736 -0.18113736 -0.18113736 -0.18113736 -0.18113736 -0.18113736
 -0.18113736 -0.18113736 -0.18113736 -0.18113736 -0.18113736 -0.18113736
 -0.18113736 -0.18113736 -0.18113736 -0.18113736 -0.18113736 -0.18113736
 -0.18113736 -0.18113736 -0.18113736 -0.18113736 -0.18113736 -0.18113736
 -0.18113736 -0.18113736  7.3475213  -0.18113736 -0.18113736 -0.18113736
  6.98496741 -0.18113736 -0.18113736 -0.18113736 -0.18113736 -0.18113736
 -0.18113736 -0.18113736 -0.18113736 -0.18113736 -0.18113736 -0.18113736
 -0.18113736 -0.18113736 -0.18113736 -0.18113736 -0.18113736 -0.18113736
 -0.18113736  5.8389101  -0.18113736 -0.18113736 -0.18113736  1.86951621
 -0.18113736 -0.18113736 -0.18113736 -0.18113736 -0.18113736 -0.18113736
 -0.18113736 -0.18113736 -0.18113736 -0.18113736 -0.18113736 -0.18113736
 -0.18113736  1.59911788 -0.18113736 -0.18113736 -0.18113736 -0.18113736
 -0.18113736 -0.18113736 -0.18113736 -0.18113736 -0.18113736 -0.18113736
 -0.18113736 -0.18113736 -0.18113736 -0.18113736]",[-0.008722419884447163]
1,"[-0.17493995 -0.17493995 -0.17493995 -0.17493995 -0.17493995 -0.17493995
 -0.17493995 -0.17493995 -0.17493995 -0.17493995 -0.17493995 -0.17493995
 -0.17493995 -0.17493995 -0.17493995 -0.17493995 -0.17493995 -0.17493995
 -0.17493995 -0.17493995 -0.17493995 -0.17493995 -0.17493995 -0.17493995
 -0.17493995 -0.17493995 -0.17493995 -0.17493995 -0.17493995 -0.17493995
 -0.17493995 -0.17493995 -0.17493995 -0.17493995 -0.17493995 -0.17493995
 -0.17493995 -0.17493995 -0.17493995 -0.17493995 -0.17493995 -0.17493995
 -0.17493995 -0.17493995 -0.17493995 -0.17493995 -0.17493995 -0.17493995
 -0.17493995 -0.17493995 -0.17493995 -0.17493995 -0.17493995 -0.17493995
 -0.17493995 -0.17493995 -0.17493995 -0.17493995 -0.17493995 -0.17493995
 -0.17493995 -0.17493995 -0.17493995 -0.17493995 -0.17493995 -0.17493995
 -0.17493995 -0.17493995 -0.17493995 -0.17493995 -0.17493995 -0.17493995
 -0.17493995 -0.17493995 -0.17493995 -0.17493995 -0.17493995 -0.17493995
 -0.17493995 -0.17493995 -0.17493995 -0.17493995 -0.17493995 10.39347442
 -0.17493995 -0.17493995 -0.17493995 -0.17493995 -0.17493995 -0.17493995
 -0.17493995 -0.17493995  2.46004034 -0.17493995 -0.17493995 -0.17493995
 -0.17493995 -0.17493995 -0.17493995 -0.17493995 -0.17493995 -0.17493995
 -0.17493995 -0.17493995 -0.17493995 -0.17493995 -0.17493995 -0.17493995
 -0.17493995 -0.17493995 -0.17493995 -0.17493995 -0.17493995 -0.17493995
 -0.17493995 -0.17493995 -0.17493995 -0.17493995 -0.17493995 -0.17493995
 -0.17493995 -0.17493995 -0.17493995  2.77532378 -0.17493995 -0.17493995
 -0.17493995 -0.17493995 -0.17493995 -0.17493995 -0.17493995 -0.17493995
 -0.17493995 -0.17493995 -0.17493995 -0.17493995 -0.17493995 -0.17493995
 -0.17493995 -0.17493995 -0.17493995 -0.17493995 -0.17493995 -0.17493995
 -0.17493995 -0.17493995 -0.17493995 -0.17493995 -0.17493995 -0.17493995
 -0.17493995 -0.17493995 -0.17493995 -0.17493995 -0.17493995 -0.17493995
 -0.17493995 -0.17493995 -0.17493995 -0.17493995 -0.17493995 -0.17493995
 -0.17493995 -0.17493995 -0.17493995 -0.17493995 -0.17493995 -0.17493995
 -0.17493995 -0.17493995 -0.17493995 -0.17493995 -0.17493995 -0.17493995
 -0.17493995 -0.17493995 -0.17493995 -0.17493995 -0.17493995 -0.17493995
 -0.17493995 -0.17493995 -0.17493995 -0.17493995 -0.17493995 -0.17493995
 -0.17493995 -0.17493995 -0.17493995 -0.17493995 -0.17493995 -0.17493995
 -0.17493995 -0.17493995 -0.17493995 -0.17493995 -0.17493995 -0.17493995
 -0.17493995 -0.17493995 -0.17493995 -0.17493995 -0.17493995 -0.17493995
 -0.17493995 -0.17493995 -0.17493995 -0.17493995 -0.17493995 -0.17493995
  3.52540161 -0.17493995 -0.17493995 -0.17493995 -0.17493995  1.59008713
 -0.17493995 -0.17493995 -0.17493995 -0.17493995 -0.17493995 -0.17493995
 -0.17493995 -0.17493995 -0.17493995 -0.17493995 -0.17493995 -0.17493995
 -0.17493995 -0.17493995 -0.17493995 -0.17493995 -0.17493995 -0.17493995
 -0.17493995  3.08129735 -0.17493995  1.23223841  3.6279482  -0.17493995
  4.24176467 -0.17493995 -0.17493995 -0.17493995 -0.17493995 -0.17493995
 -0.17493995 -0.17493995 -0.17493995 -0.17493995 -0.17493995 -0.17493995
 -0.17493995 -0.17493995 -0.17493995 -0.17493995 -0.17493995 -0.17493995
 -0.17493995 -0.17493995 -0.17493995  3.26353882 -0.17493995  0.29706571
 -0.17493995 -0.17493995 -0.17493995 -0.17493995 -0.17493995 -0.17493995
 -0.17493995 -0.17493995  9.19762936 -0.17493995  5.3281184  -0.17493995
 -0.17493995 -0.17493995 -0.17493995 -0.17493995 -0.17493995 -0.17493995
  4.38565998  1.95664418 -0.17493995 -0.17493995 -0.17493995  7.26016318
 -0.17493995 -0.17493995 -0.17493995 -0.17493995 -0.17493995 -0.17493995
 -0.17493995 -0.17493995 -0.17493995 -0.17493995 -0.17493995 -0.17493995
 -0.17493995 -0.17493995 -0.17493995 -0.17493995 -0.17493995 -0.17493995
 -0.17493995 -0.17493995 -0.17493995 -0.17493995 -0.17493995  5.91759165
 -0.17493995  1.18227827 -0.17493995 -0.17493995 -0.17493995 -0.17493995
 -0.17493995 -0.17493995 -0.17493995 -0.17493995 -0.17493995 -0.17493995
 -0.17493995 -0.17493995 -0.17493995 -0.17493995 -0.17493995 -0.17493995
 -0.17493995 -0.17493995 -0.17493995 -0.17493995 -0.17493995 -0.17493995
 -0.17493995 -0.17493995 -0.17493995 -0.17493995 -0.17493995 -0.17493995
 -0.17493995 -0.17493995 -0.17493995 -0.17493995 -0.17493995 -0.17493995
 -0.17493995 -0.17493995 -0.17493995 -0.17493995 -0.17493995 -0.17493995
 -0.17493995 -0.17493995 -0.17493995 -0.17493995 -0.17493995 -0.17493995
 -0.17493995 -0.17493995 -0.17493995 -0.17493995 -0.17493995 -0.17493995
 -0.17493995 -0.17493995 -0.17493995 -0.17493995 -0.17493995 -0.17493995
 -0.17493995 -0.17493995 -0.17493995 -0.17493995 -0.17493995 -0.17493995
 -0.17493995 -0.17493995 -0.17493995 -0.17493995 -0.17493995 -0.17493995
 -0.17493995 -0.17493995 -0.17493995 -0.17493995 -0.17493995 -0.17493995
 -0.17493995 -0.17493995 -0.17493995 -0.17493995 -0.17493995 -0.17493995
 -0.17493995 -0.17493995 -0.17493995 -0.17493995 -0.17493995 -0.17493995
 -0.17493995 -0.17493995 -0.17493995 -0.17493995 -0.17493995 -0.17493995
 -0.17493995 -0.17493995 -0.17493995 -0.17493995 -0.17493995 -0.17493995
 -0.17493995 -0.17493995 -0.17493995 -0.17493995 -0.17493995 -0.17493995
 -0.17493995 -0.17493995 -0.17493995 -0.17493995 -0.17493995  2.30439942
 -0.17493995 -0.17493995 -0.17493995 -0.17493995 -0.17493995 -0.17493995
 -0.17493995 -0.17493995 -0.17493995 -0.17493995 -0.17493995 -0.17493995
 -0.17493995 -0.17493995 -0.17493995 -0.17493995 -0.17493995 -0.17493995
 -0.17493995 -0.17493995 -0.17493995 -0.17493995 -0.17493995 -0.17493995
 -0.17493995 -0.17493995 -0.17493995 -0.17493995 -0.17493995 -0.17493995
 -0.17493995 -0.17493995 -0.17493995 -0.17493995 -0.17493995 -0.17493995
 -0.17493995 -0.17493995  8.5271424  -0.17493995 -0.17493995 -0.17493995
 -0.17493995 -0.17493995 -0.17493995 -0.17493995 -0.17493995 -0.17493995
 -0.17493995 -0.17493995 -0.17493995 -0.17493995 -0.17493995 -0.17493995
 -0.17493995 -0.17493995 -0.17493995 -0.17493995 -0.17493995 -0.17493995
 -0.17493995  3.14313721 -0.17493995 -0.17493995 -0.17493995 -0.17493995
 -0.17493995 -0.17493995 -0.17493995 -0.17493995 -0.17493995  1.42914909
 -0.17493995 -0.17493995 -0.17493995 -0.17493995 -0.17493995 -0.17493995
 -0.17493995 -0.17493995 -0.17493995 -0.17493995 -0.17493995 -0.17493995
 -0.17493995 -0.17493995 -0.17493995 -0.17493995 -0.17493995 -0.17493995
 -0.17493995 -0.17493995 -0.17493995 -0.17493995]",[-0.041693357950495225]
1,"[-0.27066542 -0.27066542 -0.27066542 -0.27066542 -0.27066542 -0.27066542
 -0.27066542 -0.27066542 -0.27066542 -0.27066542 -0.27066542 -0.27066542
 -0.27066542 -0.27066542 -0.27066542 -0.27066542 -0.27066542 -0.27066542
 -0.27066542 -0.27066542 -0.27066542 -0.27066542 -0.27066542 -0.27066542
 -0.27066542 -0.27066542 -0.27066542 -0.27066542 -0.27066542 -0.27066542
 -0.27066542 -0.27066542 -0.27066542 -0.27066542 -0.27066542 -0.27066542
 -0.27066542 -0.27066542 -0.27066542 -0.27066542 -0.27066542 -0.27066542
 -0.27066542 -0.27066542 -0.27066542 -0.27066542 -0.27066542 -0.27066542
 -0.27066542 -0.27066542 -0.27066542 -0.27066542 -0.27066542 -0.27066542
 -0.27066542 -0.27066542 -0.27066542 -0.27066542 -0.27066542 -0.27066542
 -0.27066542 -0.27066542 -0.27066542 -0.27066542 -0.27066542 -0.27066542
 -0.27066542 -0.27066542 -0.27066542 -0.27066542 -0.27066542 -0.27066542
 -0.27066542 -0.27066542 -0.27066542 -0.27066542 -0.27066542 -0.27066542
 -0.27066542 -0.27066542 -0.27066542 -0.27066542 -0.27066542  5.64010494
 -0.27066542 -0.27066542 -0.27066542 -0.27066542 -0.27066542  1.90778577
 -0.27066542 -0.27066542 -0.27066542 -0.27066542 -0.27066542 -0.27066542
 -0.27066542 -0.27066542 -0.27066542 -0.27066542 -0.27066542 -0.27066542
 -0.27066542 -0.27066542 -0.27066542 -0.27066542 -0.27066542 -0.27066542
 -0.27066542 -0.27066542  1.49299186 -0.27066542 -0.27066542 -0.27066542
 -0.27066542 -0.27066542 -0.27066542 -0.27066542 -0.27066542 -0.27066542
 -0.27066542 -0.27066542 -0.27066542  3.30431778  4.04811268 -0.27066542
 -0.27066542 -0.27066542 -0.27066542 -0.27066542 -0.27066542 -0.27066542
 -0.27066542 -0.27066542 -0.27066542 -0.27066542 -0.27066542 -0.27066542
 -0.27066542 -0.27066542 -0.27066542 -0.27066542 -0.27066542 -0.27066542
 -0.27066542 -0.27066542 -0.27066542 -0.27066542 -0.27066542 -0.27066542
 -0.27066542 -0.27066542 -0.27066542 -0.27066542 -0.27066542 -0.27066542
 -0.27066542 -0.27066542 -0.27066542 -0.27066542 -0.27066542 -0.27066542
 -0.27066542 -0.27066542 -0.27066542 -0.27066542 -0.27066542 -0.27066542
 -0.27066542 -0.27066542 -0.27066542 -0.27066542 -0.27066542 -0.27066542
 -0.27066542 -0.27066542 -0.27066542 -0.27066542 -0.27066542 -0.27066542
 -0.27066542 -0.27066542 -0.27066542 -0.27066542 -0.27066542 -0.27066542
 -0.27066542 -0.27066542 -0.27066542 -0.27066542 -0.27066542 -0.27066542
 -0.27066542 -0.27066542  1.85111573 -0.27066542 -0.27066542 -0.27066542
 -0.27066542 -0.27066542 -0.27066542 -0.27066542 -0.27066542 -0.27066542
 -0.27066542 -0.27066542 -0.27066542 -0.27066542 -0.27066542 -0.27066542
  3.53598209 -0.27066542  0.13611345 -0.27066542  1.1226697   0.31564637
 -0.27066542 -0.27066542 -0.27066542 -0.27066542 -0.27066542 -0.27066542
 -0.27066542 -0.27066542 -0.27066542 -0.27066542 -0.27066542 -0.27066542
 -0.27066542 -0.27066542 -0.27066542 -0.27066542 -0.27066542 -0.27066542
 -0.27066542  3.85721641 -0.27066542  4.98732733  4.99676804 -0.27066542
  3.39641232  2.01466132  1.82424536 -0.27066542 -0.27066542 -0.27066542
 -0.27066542 -0.27066542 -0.27066542 -0.27066542 -0.27066542  4.23093009
 -0.27066542 -0.27066542 -0.27066542 -0.27066542  2.62217548 -0.27066542
 -0.27066542 -0.27066542  2.3691729   1.50578501 -0.27066542  1.8921388
  2.78351193 -0.27066542 -0.27066542 -0.27066542  2.49055031 -0.27066542
  3.1417514  -0.27066542  6.35091192 -0.27066542  2.59824538 -0.27066542
 -0.27066542  1.88605436 -0.27066542 -0.27066542  3.94062563  3.09562236
  1.65861861  1.25661785 -0.27066542 -0.27066542  4.80754959  2.83016997
 -0.27066542  2.74784421 -0.27066542 -0.27066542 -0.27066542  2.32633877
 -0.27066542  3.32710536 -0.27066542 -0.27066542 -0.27066542 -0.27066542
 -0.27066542 -0.27066542 -0.27066542 -0.27066542  3.4319852  -0.27066542
 -0.27066542 -0.27066542 -0.27066542 -0.27066542 -0.27066542  1.90015915
 -0.27066542 -0.27066542 -0.27066542 -0.27066542 -0.27066542 -0.27066542
 -0.27066542 -0.27066542 -0.27066542 -0.27066542 -0.27066542 -0.27066542
 -0.27066542 -0.27066542 -0.27066542 -0.27066542 -0.27066542 -0.27066542
 -0.27066542 -0.27066542 -0.27066542 -0.27066542 -0.27066542 -0.27066542
 -0.27066542 -0.27066542 -0.27066542 -0.27066542 -0.27066542 -0.27066542
 -0.27066542 -0.27066542 -0.27066542 -0.27066542 -0.27066542 -0.27066542
 -0.27066542 -0.27066542 -0.27066542 -0.27066542 -0.27066542 -0.27066542
 -0.27066542 -0.27066542 -0.27066542 -0.27066542 -0.27066542 -0.27066542
 -0.27066542 -0.27066542 -0.27066542 -0.27066542 -0.27066542 -0.27066542
 -0.27066542 -0.27066542 -0.27066542 -0.27066542 -0.27066542 -0.27066542
 -0.27066542 -0.27066542 -0.27066542 -0.27066542 -0.27066542 -0.27066542
 -0.27066542 -0.27066542 -0.27066542 -0.27066542 -0.27066542 -0.27066542
 -0.27066542 -0.27066542 -0.27066542 -0.27066542 -0.27066542 -0.27066542
 -0.27066542 -0.27066542 -0.27066542 -0.27066542 -0.27066542 -0.27066542
 -0.27066542 -0.27066542 -0.27066542 -0.27066542 -0.27066542 -0.27066542
 -0.27066542 -0.27066542 -0.27066542 -0.27066542 -0.27066542 -0.27066542
 -0.27066542 -0.27066542 -0.27066542 -0.27066542 -0.27066542 -0.27066542
 -0.27066542 -0.27066542 -0.27066542 -0.27066542 -0.27066542 -0.27066542
 -0.27066542 -0.27066542 -0.27066542 -0.27066542  6.52564733 -0.27066542
 -0.27066542 -0.27066542 -0.27066542 -0.27066542 -0.27066542 -0.27066542
 -0.27066542 -0.27066542 -0.27066542 -0.27066542 -0.27066542 -0.27066542
 -0.27066542 -0.27066542 -0.27066542 -0.27066542 -0.27066542 -0.27066542
  3.56745953 -0.27066542 -0.27066542 -0.27066542 -0.27066542 -0.27066542
 -0.27066542 -0.27066542 -0.27066542 -0.27066542 -0.27066542 -0.27066542
 -0.27066542 -0.27066542 -0.27066542 -0.27066542 -0.27066542 -0.27066542
 -0.27066542 -0.27066542  1.65861861 -0.27066542 -0.27066542 -0.27066542
 -0.27066542 -0.27066542 -0.27066542 -0.27066542 -0.27066542 -0.27066542
 -0.27066542 -0.27066542 -0.27066542 -0.27066542 -0.27066542 -0.27066542
 -0.27066542 -0.27066542 -0.27066542 -0.27066542 -0.27066542 -0.27066542
 -0.27066542  6.86049187 -0.27066542 -0.27066542 -0.27066542 -0.27066542
 -0.27066542 -0.27066542 -0.27066542 -0.27066542 -0.27066542 -0.27066542
 -0.27066542 -0.27066542 -0.27066542 -0.27066542 -0.27066542 -0.27066542
 -0.27066542 -0.27066542 -0.27066542 -0.27066542 -0.27066542 -0.27066542
  1.32502124 -0.27066542 -0.27066542 -0.27066542 -0.27066542 -0.27066542
 -0.27066542 -0.27066542  1.2741662  -0.27066542]",[0.17220584265520844]
1,"[-0.13002679 -0.13002679 -0.13002679 -0.13002679 -0.13002679 -0.13002679
 -0.13002679 -0.13002679 -0.13002679 -0.13002679 -0.13002679 -0.13002679
 -0.13002679 -0.13002679 -0.13002679 -0.13002679 -0.13002679 -0.13002679
  1.15837783 -0.13002679 -0.13002679 -0.13002679 -0.13002679 -0.13002679
 -0.13002679 -0.13002679 -0.13002679 -0.13002679 -0.13002679 -0.13002679
 -0.13002679 -0.13002679 -0.13002679 -0.13002679 -0.13002679 -0.13002679
 -0.13002679 -0.13002679 -0.13002679 -0.13002679 -0.13002679 -0.13002679
 -0.13002679 -0.13002679 -0.13002679 -0.13002679 -0.13002679 -0.13002679
 -0.13002679 -0.13002679 -0.13002679 -0.13002679 -0.13002679 -0.13002679
 -0.13002679 -0.13002679 -0.13002679 -0.13002679 -0.13002679 -0.13002679
 -0.13002679 -0.13002679 -0.13002679 -0.13002679 -0.13002679 -0.13002679
 -0.13002679 -0.13002679 -0.13002679 -0.13002679 -0.13002679 -0.13002679
 -0.13002679 -0.13002679 -0.13002679 -0.13002679 -0.13002679 -0.13002679
 -0.13002679 -0.13002679 -0.13002679 -0.13002679 -0.13002679  2.6630371
 -0.13002679 -0.13002679 -0.13002679 -0.13002679 -0.13002679 -0.13002679
 -0.13002679 -0.13002679 -0.13002679 -0.13002679 -0.13002679 -0.13002679
 -0.13002679 -0.13002679 -0.13002679 -0.13002679 -0.13002679 -0.13002679
 -0.13002679 -0.13002679 -0.13002679 -0.13002679 -0.13002679 -0.13002679
 -0.13002679 -0.13002679 10.72534812 -0.13002679 -0.13002679 -0.13002679
 -0.13002679 -0.13002679 -0.13002679 -0.13002679 -0.13002679 -0.13002679
 -0.13002679 -0.13002679 -0.13002679 -0.13002679 -0.13002679 -0.13002679
 -0.13002679 -0.13002679 -0.13002679 -0.13002679 -0.13002679 -0.13002679
 -0.13002679 -0.13002679 -0.13002679 -0.13002679 -0.13002679 -0.13002679
 -0.13002679 -0.13002679 -0.13002679 -0.13002679 -0.13002679 -0.13002679
 -0.13002679 -0.13002679 -0.13002679 -0.13002679 -0.13002679 -0.13002679
 -0.13002679 -0.13002679 -0.13002679 -0.13002679 -0.13002679 -0.13002679
 -0.13002679 -0.13002679 -0.13002679 -0.13002679 -0.13002679 -0.13002679
 -0.13002679 -0.13002679 -0.13002679 -0.13002679 -0.13002679 -0.13002679
 -0.13002679 -0.13002679 -0.13002679 -0.13002679 -0.13002679  1.74635454
 -0.13002679 -0.13002679 -0.13002679 -0.13002679 -0.13002679 -0.13002679
 -0.13002679 -0.13002679 -0.13002679 -0.13002679 -0.13002679 -0.13002679
 -0.13002679 -0.13002679 -0.13002679 -0.13002679 -0.13002679 -0.13002679
 -0.13002679 -0.13002679 -0.13002679 -0.13002679 -0.13002679 -0.13002679
 -0.13002679 -0.13002679  3.01105938 -0.13002679 -0.13002679  1.84773249
 -0.13002679 -0.13002679 -0.13002679 -0.13002679 -0.13002679 -0.13002679
  6.08737743 -0.13002679 -0.13002679 -0.13002679 -0.13002679 10.82370578
 -0.13002679 -0.13002679 -0.13002679 -0.13002679 -0.13002679 -0.13002679
 -0.13002679 -0.13002679 -0.13002679 -0.13002679 -0.13002679 -0.13002679
 -0.13002679 -0.13002679 -0.13002679 -0.13002679 -0.13002679 -0.13002679
 -0.13002679  5.43827512 -0.13002679 -0.13002679 -0.13002679 -0.13002679
 -0.13002679 -0.13002679 -0.13002679 -0.13002679 -0.13002679 -0.13002679
 -0.13002679 -0.13002679 -0.13002679 -0.13002679 -0.13002679 -0.13002679
 -0.13002679 -0.13002679 -0.13002679 -0.13002679 -0.13002679 -0.13002679
 -0.13002679 -0.13002679 -0.13002679 -0.13002679 -0.13002679 -0.13002679
 -0.13002679 -0.13002679 -0.13002679 -0.13002679 -0.13002679 -0.13002679
 -0.13002679 -0.13002679 -0.13002679 -0.13002679 -0.13002679 -0.13002679
 -0.13002679 -0.13002679 -0.13002679 -0.13002679 -0.13002679 -0.13002679
 -0.13002679 -0.13002679 -0.13002679 -0.13002679 -0.13002679 -0.13002679
 -0.13002679 -0.13002679 -0.13002679 -0.13002679 -0.13002679 -0.13002679
 -0.13002679 -0.13002679 -0.13002679 -0.13002679 -0.13002679 -0.13002679
 -0.13002679 -0.13002679 -0.13002679 -0.13002679 -0.13002679 -0.13002679
 -0.13002679 -0.13002679 -0.13002679 -0.13002679 -0.13002679  6.56845377
 -0.13002679 -0.13002679 -0.13002679 -0.13002679 -0.13002679 -0.13002679
 -0.13002679 -0.13002679 -0.13002679 -0.13002679 -0.13002679 -0.13002679
 -0.13002679 -0.13002679 -0.13002679 -0.13002679 -0.13002679 -0.13002679
 -0.13002679 -0.13002679 -0.13002679 -0.13002679 -0.13002679 -0.13002679
 -0.13002679 -0.13002679 -0.13002679 -0.13002679 -0.13002679 -0.13002679
 -0.13002679 -0.13002679 -0.13002679 -0.13002679 -0.13002679 -0.13002679
 -0.13002679 -0.13002679 -0.13002679 -0.13002679 -0.13002679 -0.13002679
 -0.13002679 -0.13002679 -0.13002679 -0.13002679 -0.13002679 -0.13002679
 -0.13002679 -0.13002679 -0.13002679 -0.13002679 -0.13002679 -0.13002679
 -0.13002679 -0.13002679 -0.13002679 -0.13002679 -0.13002679 -0.13002679
 -0.13002679 -0.13002679 -0.13002679 -0.13002679 -0.13002679 -0.13002679
 -0.13002679 -0.13002679 -0.13002679 -0.13002679 -0.13002679 -0.13002679
 -0.13002679 -0.13002679 -0.13002679 -0.13002679 -0.13002679 -0.13002679
 -0.13002679 -0.13002679 -0.13002679 -0.13002679 -0.13002679 -0.13002679
 -0.13002679 -0.13002679 -0.13002679 -0.13002679 -0.13002679 -0.13002679
 -0.13002679 -0.13002679 -0.13002679 -0.13002679 -0.13002679 -0.13002679
 -0.13002679 -0.13002679 -0.13002679 -0.13002679 -0.13002679 -0.13002679
 -0.13002679 -0.13002679 -0.13002679 -0.13002679 -0.13002679 -0.13002679
 -0.13002679 -0.13002679 -0.13002679 -0.13002679 -0.13002679 -0.13002679
 -0.13002679 -0.13002679 -0.13002679 -0.13002679 -0.13002679 -0.13002679
 -0.13002679 -0.13002679 -0.13002679 -0.13002679 -0.13002679 -0.13002679
 -0.13002679 -0.13002679 -0.13002679 -0.13002679 -0.13002679 -0.13002679
 -0.13002679 -0.13002679 -0.13002679 -0.13002679 -0.13002679 -0.13002679
 -0.13002679 -0.13002679 -0.13002679 -0.13002679 -0.13002679 -0.13002679
 -0.13002679 -0.13002679 -0.13002679 -0.13002679 -0.13002679 -0.13002679
 -0.13002679 -0.13002679 10.97050795 -0.13002679 -0.13002679 -0.13002679
  5.01337993 -0.13002679 -0.13002679 -0.13002679 -0.13002679 -0.13002679
 -0.13002679 -0.13002679 -0.13002679 -0.13002679 -0.13002679 -0.13002679
 -0.13002679 -0.13002679 -0.13002679 -0.13002679 -0.13002679 -0.13002679
 -0.13002679 -0.13002679 -0.13002679 -0.13002679 -0.13002679 -0.13002679
 -0.13002679 -0.13002679 -0.13002679 -0.13002679 -0.13002679 -0.13002679
 -0.13002679 -0.13002679 -0.13002679 -0.13002679 -0.13002679 -0.13002679
 -0.13002679 -0.13002679 -0.13002679 -0.13002679 -0.13002679 -0.13002679
 -0.13002679 -0.13002679 -0.13002679 -0.13002679 -0.13002679 -0.13002679
 -0.13002679 -0.13002679 -0.13002679 -0.13002679]",[0.001997206363222731]
1,"[-0.24169241 -0.24169241 -0.24169241 -0.24169241  2.50071888 -0.24169241
 -0.24169241 -0.24169241 -0.24169241 -0.24169241 -0.24169241 -0.24169241
 -0.24169241 -0.24169241 -0.24169241 -0.24169241 -0.24169241 -0.24169241
 -0.24169241 -0.24169241 -0.24169241 -0.24169241 -0.24169241 -0.24169241
 -0.24169241 -0.24169241 -0.24169241 -0.24169241 -0.24169241 -0.24169241
 -0.24169241 -0.24169241 -0.24169241 -0.24169241 -0.24169241 -0.24169241
 -0.24169241 -0.24169241 -0.24169241 -0.24169241 -0.24169241 -0.24169241
 -0.24169241 -0.24169241 -0.24169241 -0.24169241 -0.24169241 -0.24169241
 -0.24169241 -0.24169241 -0.24169241 -0.24169241 -0.24169241 -0.24169241
 -0.24169241 -0.24169241 -0.24169241 -0.24169241 -0.24169241 -0.24169241
 -0.24169241 -0.24169241 -0.24169241 -0.24169241 -0.24169241 -0.24169241
 -0.24169241 -0.24169241 -0.24169241 -0.24169241 -0.24169241 -0.24169241
 -0.24169241 -0.24169241 -0.24169241 -0.24169241 -0.24169241 -0.24169241
 -0.24169241 -0.24169241 -0.24169241 -0.24169241 -0.24169241  3.1547438
 -0.24169241 -0.24169241 -0.24169241 -0.24169241 -0.24169241  3.0089637
 -0.24169241 -0.24169241 -0.24169241 -0.24169241 -0.24169241 -0.24169241
 -0.24169241 -0.24169241 -0.24169241 -0.24169241 -0.24169241 -0.24169241
 -0.24169241 -0.24169241 -0.24169241 -0.24169241 -0.24169241 -0.24169241
 -0.24169241 -0.24169241  5.55971111 -0.24169241 -0.24169241 -0.24169241
 -0.24169241 -0.24169241 -0.24169241 -0.24169241 -0.24169241 -0.24169241
 -0.24169241 -0.24169241 -0.24169241 -0.24169241  6.16206627 -0.24169241
 -0.24169241 -0.24169241 -0.24169241 -0.24169241 -0.24169241 -0.24169241
 -0.24169241 -0.24169241 -0.24169241 -0.24169241 -0.24169241 -0.24169241
 -0.24169241 -0.24169241 -0.24169241 -0.24169241 -0.24169241 -0.24169241
 -0.24169241 -0.24169241 -0.24169241 -0.24169241 -0.24169241 -0.24169241
 -0.24169241 -0.24169241 -0.24169241 -0.24169241 -0.24169241 -0.24169241
 -0.24169241 -0.24169241 -0.24169241 -0.24169241 -0.24169241 -0.24169241
 -0.24169241  0.17777378 -0.24169241 -0.24169241 -0.24169241 -0.24169241
 -0.24169241 -0.24169241 -0.24169241 -0.24169241 -0.24169241 -0.24169241
 -0.24169241 -0.24169241 -0.24169241 -0.24169241 -0.24169241 -0.24169241
 -0.24169241 -0.24169241 -0.24169241 -0.24169241 -0.24169241 -0.24169241
 -0.24169241 -0.24169241 -0.24169241 -0.24169241 -0.24169241 -0.24169241
 -0.24169241 -0.24169241 -0.24169241 -0.24169241 -0.24169241 -0.24169241
 -0.24169241 -0.24169241 -0.24169241 -0.24169241 -0.24169241 -0.24169241
 -0.24169241 -0.24169241 -0.24169241 -0.24169241 -0.24169241 -0.24169241
  3.61801467 -0.24169241  2.77417962 -0.24169241 -0.24169241  0.2389014
 -0.24169241 -0.24169241 -0.24169241 -0.24169241 -0.24169241 -0.24169241
 -0.24169241 -0.24169241 -0.24169241 -0.24169241 -0.24169241 -0.24169241
 -0.24169241 -0.24169241 -0.24169241 -0.24169241 -0.24169241 -0.24169241
 -0.24169241  3.17418715 -0.24169241  5.59701006  3.32033578 -0.24169241
  3.69592455 -0.24169241 -0.24169241 -0.24169241 -0.24169241 -0.24169241
 -0.24169241 -0.24169241 -0.24169241 -0.24169241 -0.24169241  3.32159951
 -0.24169241 -0.24169241 -0.24169241  6.92042119  2.55619115 -0.24169241
 -0.24169241 -0.24169241 -0.24169241  5.41470598 -0.24169241  1.98609141
 -0.24169241 -0.24169241 -0.24169241  2.82051349 -0.24169241 -0.24169241
  0.5279778  -0.24169241  6.41392113 -0.24169241  3.65931711 -0.24169241
 -0.24169241  1.33984509 -0.24169241  2.35914567  4.87995297 -0.24169241
  1.98113347  3.75280704 -0.24169241 -0.24169241 -0.24169241  4.51679214
  1.39420423  4.11291549 -0.24169241  2.5750097  -0.24169241 -0.24169241
 -0.24169241 -0.24169241 -0.24169241 -0.24169241 -0.24169241 -0.24169241
 -0.24169241 -0.24169241 -0.24169241 -0.24169241 -0.24169241 -0.24169241
 -0.24169241 -0.24169241 -0.24169241 -0.24169241 -0.24169241 -0.24169241
 -0.24169241 -0.24169241 -0.24169241 -0.24169241 -0.24169241 -0.24169241
 -0.24169241 -0.24169241 -0.24169241 -0.24169241 -0.24169241 -0.24169241
 -0.24169241 -0.24169241 -0.24169241 -0.24169241 -0.24169241 -0.24169241
 -0.24169241 -0.24169241 -0.24169241 -0.24169241 -0.24169241 -0.24169241
 -0.24169241 -0.24169241 -0.24169241 -0.24169241 -0.24169241 -0.24169241
 -0.24169241 -0.24169241 -0.24169241 -0.24169241 -0.24169241 -0.24169241
 -0.24169241 -0.24169241 -0.24169241 -0.24169241 -0.24169241 -0.24169241
 -0.24169241 -0.24169241 -0.24169241 -0.24169241 -0.24169241 -0.24169241
 -0.24169241 -0.24169241 -0.24169241 -0.24169241 -0.24169241 -0.24169241
 -0.24169241 -0.24169241 -0.24169241 -0.24169241 -0.24169241 -0.24169241
 -0.24169241 -0.24169241 -0.24169241 -0.24169241 -0.24169241 -0.24169241
 -0.24169241 -0.24169241 -0.24169241 -0.24169241 -0.24169241 -0.24169241
 -0.24169241 -0.24169241 -0.24169241 -0.24169241 -0.24169241 -0.24169241
 -0.24169241 -0.24169241 -0.24169241 -0.24169241 -0.24169241 -0.24169241
 -0.24169241 -0.24169241 -0.24169241 -0.24169241 -0.24169241 -0.24169241
 -0.24169241 -0.24169241 -0.24169241 -0.24169241 -0.24169241 -0.24169241
 -0.24169241 -0.24169241 -0.24169241 -0.24169241 -0.24169241 -0.24169241
 -0.24169241 -0.24169241 -0.24169241 -0.24169241 -0.24169241 -0.24169241
 -0.24169241 -0.24169241 -0.24169241 -0.24169241 -0.24169241  4.4397512
 -0.24169241 -0.24169241 -0.24169241 -0.24169241 -0.24169241 -0.24169241
 -0.24169241 -0.24169241 -0.24169241 -0.24169241 -0.24169241 -0.24169241
 -0.24169241 -0.24169241 -0.24169241 -0.24169241 -0.24169241 -0.24169241
  3.59107261 -0.24169241 -0.24169241 -0.24169241 -0.24169241 -0.24169241
 -0.24169241 -0.24169241 -0.24169241 -0.24169241 -0.24169241 -0.24169241
 -0.24169241 -0.24169241 -0.24169241 -0.24169241 -0.24169241 -0.24169241
 -0.24169241 -0.24169241  1.21028527 -0.24169241 -0.24169241 -0.24169241
 -0.24169241 -0.24169241 -0.24169241 -0.24169241 -0.24169241 -0.24169241
 -0.24169241 -0.24169241 -0.24169241 -0.24169241 -0.24169241 -0.24169241
 -0.24169241 -0.24169241 -0.24169241 -0.24169241 -0.24169241 -0.24169241
 -0.24169241 -0.24169241 -0.24169241 -0.24169241 -0.24169241 -0.24169241
 -0.24169241 -0.24169241 -0.24169241 -0.24169241 -0.24169241 -0.24169241
 -0.24169241 -0.24169241 -0.24169241 -0.24169241 -0.24169241 -0.24169241
 -0.24169241 -0.24169241 -0.24169241 -0.24169241 -0.24169241 -0.24169241
 -0.24169241 -0.24169241 -0.24169241 -0.24169241 -0.24169241 -0.24169241
 -0.24169241 -0.24169241  4.46463302 -0.24169241]",[0.04758334781668172]
1,"[-0.27479296 -0.27479296 -0.27479296 -0.27479296  0.26360934 -0.27479296
 -0.27479296 -0.27479296 -0.27479296 -0.27479296 -0.27479296 -0.27479296
 -0.27479296 -0.27479296 -0.27479296 -0.27479296 -0.27479296 -0.27479296
 -0.27479296 -0.27479296 -0.27479296 -0.27479296 -0.27479296 -0.27479296
 -0.27479296 -0.27479296 -0.27479296 -0.27479296 -0.27479296 -0.27479296
 -0.27479296 -0.27479296 -0.27479296 -0.27479296 -0.27479296 -0.27479296
 -0.27479296 -0.27479296 -0.27479296 -0.27479296 -0.27479296 -0.27479296
 -0.27479296 -0.27479296 -0.27479296 -0.27479296 -0.27479296 -0.27479296
 -0.27479296 -0.27479296 -0.27479296 -0.27479296 -0.27479296 -0.27479296
 -0.27479296 -0.27479296 -0.27479296 -0.27479296 -0.27479296 -0.27479296
 -0.27479296 -0.27479296 -0.27479296 -0.27479296 -0.27479296 -0.27479296
 -0.27479296 -0.27479296 -0.27479296 -0.27479296 -0.27479296 -0.27479296
 -0.27479296 -0.27479296 -0.27479296 -0.27479296 -0.27479296 -0.27479296
 -0.27479296 -0.27479296 -0.27479296 -0.27479296 -0.27479296  5.01758057
 -0.27479296 -0.27479296 -0.27479296 -0.27479296 -0.27479296  3.16594238
 -0.27479296 -0.27479296 -0.27479296 -0.27479296  1.28894517 -0.27479296
 -0.27479296 -0.27479296 -0.27479296 -0.27479296 -0.27479296 -0.27479296
 -0.27479296 -0.27479296 -0.27479296 -0.27479296  2.01472893 -0.27479296
 -0.27479296 -0.27479296  5.47832103 -0.27479296 -0.27479296 -0.27479296
  0.99302809  4.63081373  5.53815    -0.27479296 -0.27479296 -0.27479296
 -0.27479296 -0.27479296 -0.27479296  0.21002603  4.84671395 -0.27479296
 -0.27479296 -0.27479296 -0.27479296 -0.27479296 -0.27479296 -0.27479296
 -0.27479296 -0.27479296 -0.27479296 -0.27479296 -0.27479296 -0.27479296
 -0.27479296 -0.27479296 -0.27479296 -0.27479296 -0.27479296 -0.27479296
 -0.27479296 -0.27479296 -0.27479296 -0.27479296 -0.27479296 -0.27479296
 -0.27479296 -0.27479296 -0.27479296 -0.27479296 -0.27479296 -0.27479296
 -0.27479296 -0.27479296 -0.27479296 -0.27479296 -0.27479296 -0.27479296
 -0.27479296  0.7267005  -0.27479296 -0.27479296 -0.27479296 -0.27479296
 -0.27479296 -0.27479296 -0.27479296 -0.27479296 -0.27479296 -0.27479296
 -0.27479296 -0.27479296 -0.27479296 -0.27479296 -0.27479296 -0.27479296
 -0.27479296 -0.27479296 -0.27479296 -0.27479296 -0.27479296 -0.27479296
 -0.27479296 -0.27479296 -0.27479296 -0.27479296 -0.27479296 -0.27479296
 -0.27479296 -0.27479296 -0.27479296 -0.27479296 -0.27479296 -0.27479296
 -0.27479296 -0.27479296 -0.27479296 -0.27479296 -0.27479296 -0.27479296
 -0.27479296 -0.27479296 -0.27479296 -0.27479296 -0.27479296 -0.27479296
  1.55276242 -0.27479296  0.67156052 -0.27479296 -0.27479296  1.68946498
 -0.27479296 -0.27479296 -0.27479296 -0.27479296 -0.27479296 -0.27479296
 -0.27479296 -0.27479296 -0.27479296 -0.27479296 -0.27479296 -0.27479296
 -0.27479296 -0.27479296 -0.27479296 -0.27479296 -0.27479296 -0.27479296
 -0.27479296  2.54278692 -0.27479296  1.97725677  2.7851386  -0.27479296
  2.11349192  0.24091684  1.80757551  2.74411995 -0.27479296 -0.27479296
 -0.27479296 -0.27479296 -0.27479296 -0.27479296 -0.27479296 -0.27479296
 -0.27479296 -0.27479296 -0.27479296  5.21813754  2.67580859 -0.27479296
 -0.27479296 -0.27479296  4.69024698  2.35806055 -0.27479296  0.33854537
  1.20740352 -0.27479296 -0.27479296  1.84660513  0.62260206 -0.27479296
 -0.27479296 -0.27479296  4.82621046 -0.27479296  3.60398894 -0.27479296
 -0.27479296  1.93465637 -0.27479296  0.87835196  4.31751264 -0.27479296
  2.13415023 -0.27479296 -0.27479296 -0.27479296  3.30956982  2.12092216
  2.47950914 -0.27479296 -0.27479296 -0.27479296 -0.27479296 -0.27479296
 -0.27479296 -0.27479296  4.14829271 -0.27479296 -0.27479296 -0.27479296
 -0.27479296 -0.27479296 -0.27479296 -0.27479296  3.47232771 -0.27479296
  5.35460185 -0.27479296 -0.27479296 -0.27479296 -0.27479296  1.19706574
 -0.27479296 -0.27479296 -0.27479296 -0.27479296 -0.27479296 -0.27479296
 -0.27479296 -0.27479296 -0.27479296 -0.27479296 -0.27479296 -0.27479296
 -0.27479296 -0.27479296 -0.27479296 -0.27479296 -0.27479296 -0.27479296
 -0.27479296 -0.27479296 -0.27479296 -0.27479296 -0.27479296 -0.27479296
 -0.27479296 -0.27479296 -0.27479296 -0.27479296 -0.27479296 -0.27479296
 -0.27479296 -0.27479296 -0.27479296 -0.27479296 -0.27479296 -0.27479296
 -0.27479296 -0.27479296 -0.27479296 -0.27479296 -0.27479296 -0.27479296
 -0.27479296 -0.27479296 -0.27479296 -0.27479296 -0.27479296 -0.27479296
 -0.27479296 -0.27479296 -0.27479296 -0.27479296 -0.27479296 -0.27479296
 -0.27479296 -0.27479296 -0.27479296 -0.27479296 -0.27479296 -0.27479296
 -0.27479296 -0.27479296 -0.27479296 -0.27479296 -0.27479296 -0.27479296
 -0.27479296 -0.27479296 -0.27479296 -0.27479296 -0.27479296 -0.27479296
 -0.27479296 -0.27479296 -0.27479296 -0.27479296 -0.27479296 -0.27479296
 -0.27479296 -0.27479296 -0.27479296 -0.27479296 -0.27479296 -0.27479296
 -0.27479296 -0.27479296 -0.27479296 -0.27479296 -0.27479296 -0.27479296
 -0.27479296 -0.27479296 -0.27479296 -0.27479296 -0.27479296 -0.27479296
 -0.27479296 -0.27479296 -0.27479296 -0.27479296 -0.27479296 -0.27479296
 -0.27479296 -0.27479296 -0.27479296 -0.27479296 -0.27479296 -0.27479296
 -0.27479296 -0.27479296 -0.27479296 -0.27479296  6.28813545 -0.27479296
 -0.27479296 -0.27479296 -0.27479296 -0.27479296 -0.27479296 -0.27479296
 -0.27479296 -0.27479296 -0.27479296 -0.27479296 -0.27479296 -0.27479296
 -0.27479296 -0.27479296 -0.27479296 -0.27479296 -0.27479296 -0.27479296
  4.05028011 -0.27479296 -0.27479296 -0.27479296 -0.27479296 -0.27479296
 -0.27479296 -0.27479296 -0.27479296 -0.27479296 -0.27479296 -0.27479296
 -0.27479296 -0.27479296 -0.27479296 -0.27479296 -0.27479296 -0.27479296
 -0.27479296 -0.27479296  1.23675521 -0.27479296 -0.27479296 -0.27479296
 -0.27479296 -0.27479296 -0.27479296 -0.27479296 -0.27479296 -0.27479296
 -0.27479296 -0.27479296 -0.27479296 -0.27479296 -0.27479296 -0.27479296
 -0.27479296 -0.27479296 -0.27479296 -0.27479296 -0.27479296 -0.27479296
 -0.27479296  2.51838794 -0.27479296 -0.27479296 -0.27479296 -0.27479296
 -0.27479296 -0.27479296 -0.27479296 -0.27479296 -0.27479296 -0.27479296
 -0.27479296 -0.27479296 -0.27479296 -0.27479296 -0.27479296 -0.27479296
 -0.27479296 -0.27479296 -0.27479296 -0.27479296 -0.27479296 -0.27479296
 -0.27479296 -0.27479296 -0.27479296 -0.27479296 -0.27479296 -0.27479296
 -0.27479296 -0.27479296  4.57451613 -0.27479296]",[-0.009984663332246069]
1,"[-1.47331793e-01 -1.47331793e-01 -1.47331793e-01 -1.47331793e-01
 -1.47331793e-01 -1.47331793e-01 -1.47331793e-01 -1.47331793e-01
 -1.47331793e-01 -1.47331793e-01 -1.47331793e-01 -1.47331793e-01
 -1.47331793e-01 -1.47331793e-01 -1.47331793e-01 -1.47331793e-01
 -1.47331793e-01 -1.47331793e-01 -1.47331793e-01 -1.47331793e-01
 -1.47331793e-01 -1.47331793e-01 -1.47331793e-01 -1.47331793e-01
 -1.47331793e-01 -1.47331793e-01 -1.47331793e-01  2.19054590e+00
 -1.47331793e-01 -1.47331793e-01 -1.47331793e-01 -1.47331793e-01
 -1.47331793e-01 -1.47331793e-01 -1.47331793e-01 -1.47331793e-01
 -1.47331793e-01 -1.47331793e-01 -1.47331793e-01 -1.47331793e-01
 -1.47331793e-01 -1.47331793e-01 -1.47331793e-01 -1.47331793e-01
 -1.47331793e-01 -1.47331793e-01 -1.47331793e-01 -1.47331793e-01
 -1.47331793e-01 -1.47331793e-01 -1.47331793e-01 -1.47331793e-01
 -1.47331793e-01 -1.47331793e-01 -1.47331793e-01 -1.47331793e-01
 -1.47331793e-01 -1.47331793e-01  6.14640760e+00 -1.47331793e-01
 -1.47331793e-01 -1.47331793e-01 -1.47331793e-01 -1.47331793e-01
 -1.47331793e-01 -1.47331793e-01 -1.47331793e-01 -1.47331793e-01
 -1.47331793e-01 -1.47331793e-01 -1.47331793e-01 -1.47331793e-01
 -1.47331793e-01 -1.47331793e-01 -1.47331793e-01 -1.47331793e-01
 -1.47331793e-01 -1.47331793e-01 -1.47331793e-01 -1.47331793e-01
 -1.47331793e-01 -1.47331793e-01 -1.47331793e-01  1.13536120e+01
 -1.47331793e-01 -1.47331793e-01 -1.47331793e-01 -1.47331793e-01
 -1.47331793e-01 -1.47331793e-01 -1.47331793e-01 -1.47331793e-01
 -1.47331793e-01 -1.47331793e-01 -1.47331793e-01 -1.47331793e-01
 -1.47331793e-01 -1.47331793e-01 -1.47331793e-01 -1.47331793e-01
 -1.47331793e-01 -1.47331793e-01 -1.47331793e-01 -1.47331793e-01
 -1.47331793e-01 -1.47331793e-01 -1.47331793e-01 -1.47331793e-01
 -1.47331793e-01 -1.47331793e-01  3.41652128e+00 -1.47331793e-01
 -1.47331793e-01 -1.47331793e-01 -1.47331793e-01 -1.47331793e-01
  1.36883221e+00 -1.47331793e-01 -1.47331793e-01 -1.47331793e-01
 -1.47331793e-01 -1.47331793e-01 -1.47331793e-01 -1.47331793e-01
 -1.47331793e-01 -1.47331793e-01 -1.47331793e-01 -1.47331793e-01
 -1.47331793e-01 -1.47331793e-01 -1.47331793e-01 -1.47331793e-01
 -1.47331793e-01 -1.47331793e-01 -1.47331793e-01 -1.47331793e-01
 -1.47331793e-01 -1.47331793e-01 -1.47331793e-01 -1.47331793e-01
 -1.47331793e-01 -1.47331793e-01 -1.47331793e-01 -1.47331793e-01
 -1.47331793e-01 -1.47331793e-01 -1.47331793e-01 -1.47331793e-01
 -1.47331793e-01 -1.47331793e-01 -1.47331793e-01 -1.47331793e-01
 -1.47331793e-01 -1.47331793e-01 -1.47331793e-01 -1.47331793e-01
 -1.47331793e-01 -1.47331793e-01 -1.47331793e-01 -1.47331793e-01
 -1.47331793e-01 -1.47331793e-01 -1.47331793e-01 -1.47331793e-01
 -1.47331793e-01 -1.47331793e-01 -1.47331793e-01 -1.47331793e-01
 -1.47331793e-01 -1.47331793e-01 -1.47331793e-01 -1.47331793e-01
 -1.47331793e-01 -1.47331793e-01 -1.47331793e-01 -1.47331793e-01
 -1.47331793e-01 -1.47331793e-01 -1.47331793e-01 -1.47331793e-01
 -1.47331793e-01 -1.47331793e-01 -1.47331793e-01 -1.47331793e-01
 -1.47331793e-01 -1.47331793e-01  5.35306642e+00 -1.47331793e-01
 -1.47331793e-01 -1.47331793e-01 -1.47331793e-01 -1.47331793e-01
 -1.47331793e-01 -1.47331793e-01 -1.47331793e-01 -1.47331793e-01
 -1.47331793e-01 -1.47331793e-01 -1.47331793e-01 -1.47331793e-01
  4.67275371e+00 -1.47331793e-01 -1.47331793e-01 -1.47331793e-01
 -1.47331793e-01 -1.47331793e-01 -1.47331793e-01 -1.47331793e-01
 -1.47331793e-01 -1.47331793e-01  9.40871797e+00 -1.47331793e-01
 -1.47331793e-01 -1.47331793e-01 -1.47331793e-01 -1.47331793e-01
 -1.47331793e-01 -1.47331793e-01  1.01127940e+00  2.06520125e+00
 -1.47331793e-01 -1.47331793e-01 -1.47331793e-01  9.69525367e-01
 -1.47331793e-01 -1.47331793e-01 -1.47331793e-01 -1.47331793e-01
 -1.47331793e-01 -1.47331793e-01 -1.47331793e-01 -1.47331793e-01
 -1.47331793e-01 -1.47331793e-01 -1.47331793e-01 -7.17719534e-03
 -1.47331793e-01 -1.47331793e-01 -1.47331793e-01 -1.47331793e-01
 -1.47331793e-01 -1.47331793e-01 -1.47331793e-01 -1.47331793e-01
 -1.47331793e-01 -1.47331793e-01 -1.47331793e-01 -1.47331793e-01
 -1.47331793e-01 -1.47331793e-01 -1.47331793e-01 -1.47331793e-01
 -1.47331793e-01 -1.47331793e-01 -1.47331793e-01  1.17720111e+00
 -1.47331793e-01 -1.47331793e-01 -1.47331793e-01 -1.47331793e-01
 -1.47331793e-01 -1.47331793e-01 -1.47331793e-01 -1.47331793e-01
 -1.47331793e-01 -1.47331793e-01 -1.47331793e-01 -1.47331793e-01
 -1.47331793e-01 -1.47331793e-01 -1.47331793e-01 -1.47331793e-01
 -1.47331793e-01 -1.47331793e-01 -1.47331793e-01 -1.47331793e-01
 -1.47331793e-01 -1.47331793e-01 -1.47331793e-01 -1.47331793e-01
 -1.47331793e-01 -1.47331793e-01 -1.47331793e-01 -1.47331793e-01
 -1.47331793e-01 -1.47331793e-01 -1.47331793e-01  1.47731617e+00
 -1.47331793e-01 -1.47331793e-01 -1.47331793e-01 -1.47331793e-01
 -1.47331793e-01 -1.47331793e-01 -1.47331793e-01 -1.47331793e-01
 -1.47331793e-01 -1.47331793e-01 -1.47331793e-01 -1.47331793e-01
 -1.47331793e-01 -1.47331793e-01 -1.47331793e-01 -1.47331793e-01
 -1.47331793e-01 -1.47331793e-01 -1.47331793e-01 -1.47331793e-01
  3.01996566e+00 -1.47331793e-01 -1.47331793e-01  2.45714909e+00
 -1.47331793e-01 -1.47331793e-01 -1.47331793e-01 -1.47331793e-01
 -1.47331793e-01 -1.47331793e-01 -1.47331793e-01 -1.47331793e-01
 -1.47331793e-01 -1.47331793e-01 -1.47331793e-01 -1.47331793e-01
 -1.47331793e-01 -1.47331793e-01 -1.47331793e-01 -1.47331793e-01
 -1.47331793e-01 -1.47331793e-01 -1.47331793e-01 -1.47331793e-01
 -1.47331793e-01 -1.47331793e-01 -1.47331793e-01 -1.47331793e-01
 -1.47331793e-01 -1.47331793e-01 -1.47331793e-01 -1.47331793e-01
 -1.47331793e-01 -1.47331793e-01 -1.47331793e-01 -1.47331793e-01
 -1.47331793e-01 -1.47331793e-01 -1.47331793e-01 -1.47331793e-01
 -1.47331793e-01 -1.47331793e-01 -1.47331793e-01 -1.47331793e-01
 -1.47331793e-01 -1.47331793e-01 -1.47331793e-01 -1.47331793e-01
 -1.47331793e-01 -1.47331793e-01 -1.47331793e-01 -1.47331793e-01
 -1.47331793e-01 -1.47331793e-01 -1.47331793e-01 -1.47331793e-01
 -1.47331793e-01 -1.47331793e-01 -1.47331793e-01 -1.47331793e-01
 -1.47331793e-01 -1.47331793e-01 -1.47331793e-01 -1.47331793e-01
 -1.47331793e-01 -1.47331793e-01 -1.47331793e-01 -1.47331793e-01
 -1.47331793e-01 -1.47331793e-01 -1.47331793e-01 -1.47331793e-01
 -1.47331793e-01 -1.47331793e-01 -1.47331793e-01 -1.47331793e-01
 -1.47331793e-01 -1.47331793e-01 -1.47331793e-01 -1.47331793e-01
 -1.47331793e-01 -1.47331793e-01 -1.47331793e-01 -1.47331793e-01
 -1.47331793e-01 -1.47331793e-01 -1.47331793e-01 -1.47331793e-01
 -1.47331793e-01 -1.47331793e-01 -1.47331793e-01 -1.47331793e-01
 -1.47331793e-01 -1.47331793e-01 -1.47331793e-01 -1.47331793e-01
 -1.47331793e-01 -1.47331793e-01 -1.47331793e-01 -1.47331793e-01
 -1.47331793e-01 -1.47331793e-01 -1.47331793e-01 -1.47331793e-01
 -1.47331793e-01 -1.47331793e-01 -1.47331793e-01 -1.47331793e-01
 -1.47331793e-01 -1.47331793e-01 -1.47331793e-01 -1.47331793e-01
 -1.47331793e-01 -1.47331793e-01 -1.47331793e-01 -1.47331793e-01
 -1.47331793e-01 -1.47331793e-01 -1.47331793e-01 -1.47331793e-01
 -1.47331793e-01 -1.47331793e-01 -1.47331793e-01 -1.47331793e-01
 -1.47331793e-01 -1.47331793e-01 -1.47331793e-01 -1.47331793e-01
 -1.47331793e-01 -1.47331793e-01 -1.47331793e-01 -1.47331793e-01
 -1.47331793e-01 -1.47331793e-01 -1.47331793e-01 -1.47331793e-01
 -1.47331793e-01 -1.47331793e-01 -1.47331793e-01 -1.47331793e-01
 -1.47331793e-01 -1.47331793e-01 -1.47331793e-01 -1.47331793e-01
 -1.47331793e-01 -1.47331793e-01 -1.47331793e-01 -1.47331793e-01
 -1.47331793e-01 -1.47331793e-01 -1.47331793e-01 -1.47331793e-01
 -1.47331793e-01 -1.47331793e-01 -1.47331793e-01 -1.47331793e-01
  8.57438991e+00 -1.47331793e-01 -1.47331793e-01 -1.47331793e-01
  9.30525222e+00 -1.47331793e-01 -1.47331793e-01 -1.47331793e-01
 -1.47331793e-01 -1.47331793e-01 -1.47331793e-01 -1.47331793e-01
 -1.47331793e-01 -1.47331793e-01 -1.47331793e-01 -1.47331793e-01
 -1.47331793e-01 -1.47331793e-01 -1.47331793e-01 -1.47331793e-01
 -1.47331793e-01 -1.47331793e-01 -1.47331793e-01 -1.47331793e-01
 -1.47331793e-01 -1.47331793e-01 -1.47331793e-01 -1.47331793e-01
 -1.47331793e-01 -1.47331793e-01 -1.47331793e-01 -1.47331793e-01
 -1.47331793e-01 -1.47331793e-01 -1.47331793e-01 -1.47331793e-01
 -1.47331793e-01 -1.47331793e-01 -1.47331793e-01 -1.47331793e-01
 -1.47331793e-01 -1.47331793e-01 -1.47331793e-01 -1.47331793e-01
 -1.47331793e-01 -1.47331793e-01 -1.47331793e-01 -1.47331793e-01
 -1.47331793e-01 -1.47331793e-01 -1.47331793e-01 -1.47331793e-01
 -1.47331793e-01 -1.47331793e-01 -1.47331793e-01 -1.47331793e-01]",[0.019854582862324416]
1,"[-0.24559876 -0.24559876 -0.24559876 -0.24559876 -0.24559876 -0.24559876
 -0.24559876 -0.24559876 -0.24559876 -0.24559876 -0.24559876 -0.24559876
 -0.24559876 -0.24559876 -0.24559876 -0.24559876 -0.24559876 -0.24559876
  0.3483887  -0.24559876 -0.24559876 -0.24559876 -0.24559876 -0.24559876
 -0.24559876 -0.24559876 -0.24559876 -0.24559876 -0.24559876 -0.24559876
 -0.24559876 -0.24559876 -0.24559876 -0.24559876 -0.24559876 -0.24559876
 -0.24559876 -0.24559876 -0.24559876 -0.24559876 -0.24559876 -0.24559876
 -0.24559876 -0.24559876 -0.24559876 -0.24559876 -0.24559876 -0.24559876
 -0.24559876 -0.24559876 -0.24559876 -0.24559876 -0.24559876 -0.24559876
 -0.24559876 -0.24559876 -0.24559876 -0.24559876 -0.24559876 -0.24559876
 -0.24559876 -0.24559876 -0.24559876 -0.24559876 -0.24559876 -0.24559876
 -0.24559876 -0.24559876 -0.24559876 -0.24559876 -0.24559876 -0.24559876
 -0.24559876 -0.24559876 -0.24559876 -0.24559876 -0.24559876 -0.24559876
 -0.24559876 -0.24559876 -0.24559876 -0.24559876 -0.24559876  4.74651156
 -0.24559876 -0.24559876 -0.24559876 -0.24559876 -0.24559876  1.5419015
 -0.24559876 -0.24559876 -0.24559876 -0.24559876 -0.24559876 -0.24559876
 -0.24559876 -0.24559876 -0.24559876 -0.24559876 -0.24559876 -0.24559876
 -0.24559876 -0.24559876 -0.24559876 -0.24559876 -0.24559876 -0.24559876
 -0.24559876 -0.24559876  5.81121242 -0.24559876 -0.24559876 -0.24559876
 -0.24559876 -0.24559876 -0.24559876 -0.24559876 -0.24559876 -0.24559876
 -0.24559876 -0.24559876 -0.24559876  3.75197836 -0.24559876 -0.24559876
 -0.24559876 -0.24559876 -0.24559876 -0.24559876 -0.24559876 -0.24559876
 -0.24559876 -0.24559876 -0.24559876 -0.24559876 -0.24559876 -0.24559876
 -0.24559876 -0.24559876 -0.24559876 -0.24559876 -0.24559876 -0.24559876
 -0.24559876 -0.24559876 -0.24559876 -0.24559876 -0.24559876 -0.24559876
 -0.24559876 -0.24559876 -0.24559876 -0.24559876 -0.24559876 -0.24559876
 -0.24559876 -0.24559876 -0.24559876 -0.24559876 -0.24559876 -0.24559876
 -0.24559876 -0.24559876 -0.24559876 -0.24559876 -0.24559876 -0.24559876
 -0.24559876 -0.24559876 -0.24559876 -0.24559876 -0.24559876 -0.24559876
 -0.24559876 -0.24559876 -0.24559876 -0.24559876 -0.24559876 -0.24559876
 -0.24559876 -0.24559876 -0.24559876 -0.24559876 -0.24559876 -0.24559876
 -0.24559876 -0.24559876 -0.24559876 -0.24559876 -0.24559876 -0.24559876
 -0.24559876 -0.24559876  2.301283   -0.24559876 -0.24559876 -0.24559876
 -0.24559876 -0.24559876 -0.24559876 -0.24559876 -0.24559876 -0.24559876
 -0.24559876 -0.24559876 -0.24559876 -0.24559876 -0.24559876 -0.24559876
 -0.24559876 -0.24559876 -0.24559876 -0.24559876 -0.24559876  3.67630998
 -0.24559876 -0.24559876 -0.24559876 -0.24559876 -0.24559876 -0.24559876
 -0.24559876 -0.24559876 -0.24559876 -0.24559876 -0.24559876 -0.24559876
 -0.24559876 -0.24559876 -0.24559876 -0.24559876 -0.24559876 -0.24559876
 -0.24559876  4.48303551 -0.24559876  3.83666198  2.92577757  1.72025194
  3.21629419 -0.24559876  2.06444287  4.45636765 -0.24559876 -0.24559876
 -0.24559876 -0.24559876 -0.24559876  3.62589927 -0.24559876 -0.24559876
 -0.24559876 -0.24559876 -0.24559876  6.18111885  3.63234105 -0.24559876
 -0.24559876 -0.24559876  3.8281584   4.63959128 -0.24559876  0.39236554
 -0.24559876 -0.24559876 -0.24559876 -0.24559876  1.88773132 -0.24559876
 -0.24559876 -0.24559876  6.07021759 -0.24559876  1.52633175  4.07130324
 -0.24559876 -0.24559876 -0.24559876 -0.24559876  2.08925399 -0.24559876
 -0.24559876 -0.24559876 -0.24559876 -0.24559876  4.06196786  2.0300346
 -0.24559876 -0.24559876 -0.24559876 -0.24559876 -0.24559876  4.91575041
 -0.24559876 -0.24559876 -0.24559876 -0.24559876 -0.24559876 -0.24559876
 -0.24559876 -0.24559876 -0.24559876 -0.24559876  3.96162829 -0.24559876
 -0.24559876 -0.24559876 -0.24559876 -0.24559876 -0.24559876  1.56865854
 -0.24559876  0.76357926 -0.24559876 -0.24559876 -0.24559876 -0.24559876
 -0.24559876 -0.24559876 -0.24559876 -0.24559876 -0.24559876 -0.24559876
 -0.24559876 -0.24559876 -0.24559876 -0.24559876 -0.24559876 -0.24559876
 -0.24559876 -0.24559876 -0.24559876 -0.24559876 -0.24559876 -0.24559876
 -0.24559876 -0.24559876 -0.24559876 -0.24559876 -0.24559876 -0.24559876
 -0.24559876 -0.24559876 -0.24559876 -0.24559876 -0.24559876 -0.24559876
 -0.24559876 -0.24559876 -0.24559876 -0.24559876 -0.24559876 -0.24559876
 -0.24559876 -0.24559876 -0.24559876 -0.24559876 -0.24559876 -0.24559876
 -0.24559876 -0.24559876 -0.24559876 -0.24559876 -0.24559876 -0.24559876
 -0.24559876 -0.24559876 -0.24559876 -0.24559876 -0.24559876 -0.24559876
 -0.24559876 -0.24559876 -0.24559876 -0.24559876 -0.24559876 -0.24559876
 -0.24559876 -0.24559876 -0.24559876 -0.24559876 -0.24559876 -0.24559876
 -0.24559876 -0.24559876 -0.24559876 -0.24559876 -0.24559876 -0.24559876
 -0.24559876 -0.24559876 -0.24559876 -0.24559876 -0.24559876 -0.24559876
 -0.24559876 -0.24559876 -0.24559876 -0.24559876 -0.24559876 -0.24559876
 -0.24559876 -0.24559876 -0.24559876 -0.24559876 -0.24559876 -0.24559876
 -0.24559876 -0.24559876 -0.24559876 -0.24559876 -0.24559876 -0.24559876
 -0.24559876 -0.24559876 -0.24559876 -0.24559876 -0.24559876 -0.24559876
 -0.24559876 -0.24559876 -0.24559876 -0.24559876 -0.24559876 -0.24559876
 -0.24559876 -0.24559876 -0.24559876 -0.24559876 -0.24559876 -0.24559876
 -0.24559876 -0.24559876 -0.24559876 -0.24559876 -0.24559876 -0.24559876
 -0.24559876 -0.24559876 -0.24559876 -0.24559876 -0.24559876 -0.24559876
 -0.24559876 -0.24559876 -0.24559876 -0.24559876 -0.24559876 -0.24559876
  0.54457646 -0.24559876 -0.24559876 -0.24559876 -0.24559876 -0.24559876
 -0.24559876 -0.24559876 -0.24559876 -0.24559876 -0.24559876 -0.24559876
 -0.24559876 -0.24559876  5.97768349 -0.24559876 -0.24559876 -0.24559876
  3.67007093 -0.24559876 -0.24559876 -0.24559876 -0.24559876 -0.24559876
 -0.24559876 -0.24559876 -0.24559876 -0.24559876 -0.24559876 -0.24559876
 -0.24559876 -0.24559876 -0.24559876 -0.24559876 -0.24559876 -0.24559876
 -0.24559876  5.71952079 -0.24559876 -0.24559876 -0.24559876 -0.24559876
 -0.24559876 -0.24559876 -0.24559876 -0.24559876 -0.24559876 -0.24559876
 -0.24559876 -0.24559876 -0.24559876 -0.24559876 -0.24559876 -0.24559876
 -0.24559876 -0.24559876 -0.24559876 -0.24559876 -0.24559876 -0.24559876
 -0.24559876 -0.24559876 -0.24559876 -0.24559876 -0.24559876 -0.24559876
 -0.24559876 -0.24559876  2.83160109 -0.24559876]",[0.12943505488221385]
1,"[-0.26343515 -0.26343515 -0.26343515 -0.26343515  0.27863574 -0.26343515
 -0.26343515 -0.26343515 -0.26343515 -0.26343515 -0.26343515 -0.26343515
 -0.26343515 -0.26343515 -0.26343515 -0.26343515 -0.26343515 -0.26343515
 -0.26343515 -0.26343515 -0.26343515 -0.26343515 -0.26343515 -0.26343515
 -0.26343515 -0.26343515 -0.26343515 -0.26343515 -0.26343515 -0.26343515
 -0.26343515 -0.26343515 -0.26343515 -0.26343515 -0.26343515 -0.26343515
 -0.26343515 -0.26343515 -0.26343515 -0.26343515 -0.26343515 -0.26343515
 -0.26343515 -0.26343515 -0.26343515 -0.26343515 -0.26343515 -0.26343515
 -0.26343515 -0.26343515 -0.26343515 -0.26343515 -0.26343515 -0.26343515
 -0.26343515 -0.26343515 -0.26343515 -0.26343515 -0.26343515 -0.26343515
 -0.26343515 -0.26343515 -0.26343515 -0.26343515 -0.26343515 -0.26343515
 -0.26343515 -0.26343515 -0.26343515 -0.26343515 -0.26343515 -0.26343515
 -0.26343515 -0.26343515 -0.26343515 -0.26343515 -0.26343515 -0.26343515
 -0.26343515 -0.26343515 -0.26343515 -0.26343515 -0.26343515  4.66800253
 -0.26343515 -0.26343515 -0.26343515 -0.26343515 -0.26343515  3.0244886
 -0.26343515 -0.26343515 -0.26343515 -0.26343515 -0.26343515 -0.26343515
 -0.26343515 -0.26343515 -0.26343515 -0.26343515 -0.26343515 -0.26343515
 -0.26343515 -0.26343515 -0.26343515 -0.26343515 -0.26343515 -0.26343515
 -0.26343515 -0.26343515  5.76080101 -0.26343515 -0.26343515 -0.26343515
 -0.26343515 -0.26343515 -0.26343515 -0.26343515 -0.26343515 -0.26343515
 -0.26343515 -0.26343515 -0.26343515 -0.26343515  4.26240846 -0.26343515
 -0.26343515 -0.26343515 -0.26343515 -0.26343515 -0.26343515 -0.26343515
 -0.26343515 -0.26343515 -0.26343515 -0.26343515 -0.26343515 -0.26343515
 -0.26343515 -0.26343515 -0.26343515 -0.26343515 -0.26343515 -0.26343515
 -0.26343515 -0.26343515 -0.26343515 -0.26343515 -0.26343515 -0.26343515
 -0.26343515 -0.26343515 -0.26343515 -0.26343515 -0.26343515 -0.26343515
 -0.26343515 -0.26343515 -0.26343515 -0.26343515 -0.26343515 -0.26343515
 -0.26343515  0.46218213 -0.26343515 -0.26343515 -0.26343515 -0.26343515
 -0.26343515 -0.26343515 -0.26343515 -0.26343515 -0.26343515 -0.26343515
 -0.26343515 -0.26343515 -0.26343515 -0.26343515 -0.26343515 -0.26343515
 -0.26343515 -0.26343515 -0.26343515 -0.26343515 -0.26343515 -0.26343515
 -0.26343515 -0.26343515 -0.26343515 -0.26343515 -0.26343515 -0.26343515
 -0.26343515 -0.26343515 -0.26343515 -0.26343515 -0.26343515 -0.26343515
 -0.26343515 -0.26343515 -0.26343515  2.6376978  -0.26343515 -0.26343515
 -0.26343515 -0.26343515 -0.26343515 -0.26343515 -0.26343515 -0.26343515
  3.2888123  -0.26343515  0.19701116 -0.26343515 -0.26343515  3.32425931
 -0.26343515 -0.26343515 -0.26343515 -0.26343515 -0.26343515 -0.26343515
 -0.26343515 -0.26343515 -0.26343515 -0.26343515 -0.26343515 -0.26343515
 -0.26343515 -0.26343515 -0.26343515 -0.26343515 -0.26343515 -0.26343515
 -0.26343515  2.82180216 -0.26343515  3.88509052  2.88960287 -0.26343515
  2.60686119 -0.26343515  2.83557845 -0.26343515 -0.26343515 -0.26343515
 -0.26343515 -0.26343515 -0.26343515 -0.26343515 -0.26343515 -0.26343515
 -0.26343515 -0.26343515 -0.26343515  5.01219837  2.23358794 -0.26343515
 -0.26343515 -0.26343515  5.1789629   3.81903826 -0.26343515  0.55222046
 -0.26343515 -0.26343515 -0.26343515 -0.26343515  1.33081655 -0.26343515
  3.35787659 -0.26343515  4.45715784 -0.26343515  3.49101523  5.41603936
 -0.26343515  1.74343384 -0.26343515 -0.26343515  2.35852346 -0.26343515
  0.90774692 -0.26343515 -0.26343515 -0.26343515  4.37028191  1.42331203
 -0.26343515 -0.26343515 -0.26343515  1.85330653 -0.26343515  4.60282227
 -0.26343515 -0.26343515 -0.26343515 -0.26343515 -0.26343515 -0.26343515
 -0.26343515 -0.26343515 -0.26343515 -0.26343515 -0.26343515 -0.26343515
 -0.26343515 -0.26343515 -0.26343515 -0.26343515 -0.26343515  2.10580812
 -0.26343515 -0.26343515 -0.26343515 -0.26343515 -0.26343515 -0.26343515
 -0.26343515 -0.26343515 -0.26343515 -0.26343515 -0.26343515 -0.26343515
 -0.26343515 -0.26343515 -0.26343515 -0.26343515 -0.26343515 -0.26343515
 -0.26343515 -0.26343515 -0.26343515 -0.26343515 -0.26343515 -0.26343515
 -0.26343515 -0.26343515 -0.26343515 -0.26343515 -0.26343515 -0.26343515
 -0.26343515 -0.26343515 -0.26343515 -0.26343515 -0.26343515 -0.26343515
 -0.26343515 -0.26343515 -0.26343515 -0.26343515 -0.26343515 -0.26343515
 -0.26343515 -0.26343515 -0.26343515 -0.26343515 -0.26343515 -0.26343515
 -0.26343515 -0.26343515 -0.26343515 -0.26343515 -0.26343515 -0.26343515
 -0.26343515 -0.26343515 -0.26343515 -0.26343515 -0.26343515 -0.26343515
 -0.26343515 -0.26343515 -0.26343515 -0.26343515 -0.26343515 -0.26343515
 -0.26343515 -0.26343515 -0.26343515 -0.26343515 -0.26343515 -0.26343515
 -0.26343515 -0.26343515 -0.26343515 -0.26343515 -0.26343515 -0.26343515
 -0.26343515 -0.26343515 -0.26343515 -0.26343515 -0.26343515 -0.26343515
 -0.26343515 -0.26343515 -0.26343515 -0.26343515 -0.26343515 -0.26343515
 -0.26343515 -0.26343515 -0.26343515 -0.26343515 -0.26343515 -0.26343515
 -0.26343515 -0.26343515 -0.26343515 -0.26343515 -0.26343515 -0.26343515
 -0.26343515 -0.26343515 -0.26343515 -0.26343515 -0.26343515 -0.26343515
 -0.26343515 -0.26343515 -0.26343515 -0.26343515  5.90279074 -0.26343515
 -0.26343515 -0.26343515 -0.26343515 -0.26343515 -0.26343515 -0.26343515
 -0.26343515 -0.26343515 -0.26343515 -0.26343515 -0.26343515 -0.26343515
 -0.26343515 -0.26343515 -0.26343515 -0.26343515 -0.26343515 -0.26343515
  3.70766831 -0.26343515 -0.26343515 -0.26343515 -0.26343515 -0.26343515
  0.46328807 -0.26343515 -0.26343515 -0.26343515 -0.26343515 -0.26343515
 -0.26343515 -0.26343515 -0.26343515 -0.26343515 -0.26343515 -0.26343515
 -0.26343515 -0.26343515  3.3670374  -0.26343515 -0.26343515 -0.26343515
  3.71531387 -0.26343515 -0.26343515 -0.26343515 -0.26343515 -0.26343515
 -0.26343515 -0.26343515 -0.26343515 -0.26343515 -0.26343515 -0.26343515
 -0.26343515 -0.26343515 -0.26343515 -0.26343515 -0.26343515 -0.26343515
 -0.26343515  5.46402987  3.85527431 -0.26343515 -0.26343515 -0.26343515
 -0.26343515 -0.26343515 -0.26343515 -0.26343515 -0.26343515  0.14673607
 -0.26343515 -0.26343515 -0.26343515 -0.26343515 -0.26343515 -0.26343515
 -0.26343515 -0.26343515 -0.26343515 -0.26343515 -0.26343515 -0.26343515
 -0.26343515 -0.26343515 -0.26343515 -0.26343515 -0.26343515 -0.26343515
 -0.26343515 -0.26343515  2.14247994 -0.26343515]",[0.14609680687405976]
1,"[-0.23378318 -0.23378318 -0.23378318 -0.23378318 -0.23378318 -0.23378318
 -0.23378318 -0.23378318 -0.23378318 -0.23378318 -0.23378318 -0.23378318
 -0.23378318 -0.23378318 -0.23378318 -0.23378318 -0.23378318 -0.23378318
 -0.23378318 -0.23378318 -0.23378318 -0.23378318 -0.23378318 -0.23378318
 -0.23378318 -0.23378318 -0.23378318 -0.23378318 -0.23378318 -0.23378318
 -0.23378318 -0.23378318 -0.23378318 -0.23378318 -0.23378318 -0.23378318
 -0.23378318 -0.23378318 -0.23378318 -0.23378318 -0.23378318 -0.23378318
 -0.23378318 -0.23378318 -0.23378318 -0.23378318 -0.23378318 -0.23378318
 -0.23378318 -0.23378318 -0.23378318 -0.23378318 -0.23378318 -0.23378318
 -0.23378318 -0.23378318 -0.23378318 -0.23378318 -0.23378318 -0.23378318
 -0.23378318 -0.23378318 -0.23378318 -0.23378318 -0.23378318 -0.23378318
 -0.23378318 -0.23378318 -0.23378318 -0.23378318 -0.23378318 -0.23378318
 -0.23378318 -0.23378318 -0.23378318 -0.23378318 -0.23378318 -0.23378318
 -0.23378318 -0.23378318 -0.23378318 -0.23378318 -0.23378318  6.80420144
 -0.23378318 -0.23378318 -0.23378318 -0.23378318 -0.23378318 -0.23378318
 -0.23378318 -0.23378318  2.51856985 -0.23378318 -0.23378318 -0.23378318
 -0.23378318 -0.23378318 -0.23378318 -0.23378318 -0.23378318 -0.23378318
 -0.23378318 -0.23378318 -0.23378318 -0.23378318 -0.23378318 -0.23378318
 -0.23378318 -0.23378318  5.14717319 -0.23378318 -0.23378318 -0.23378318
 -0.23378318 -0.23378318 -0.23378318 -0.23378318 -0.23378318 -0.23378318
 -0.23378318 -0.23378318 -0.23378318  3.9505898   2.68042744 -0.23378318
 -0.23378318 -0.23378318 -0.23378318 -0.23378318 -0.23378318 -0.23378318
 -0.23378318 -0.23378318 -0.23378318 -0.23378318 -0.23378318 -0.23378318
 -0.23378318 -0.23378318 -0.23378318 -0.23378318 -0.23378318 -0.23378318
 -0.23378318 -0.23378318 -0.23378318 -0.23378318 -0.23378318 -0.23378318
 -0.23378318 -0.23378318 -0.23378318 -0.23378318 -0.23378318 -0.23378318
 -0.23378318 -0.23378318 -0.23378318 -0.23378318 -0.23378318 -0.23378318
 -0.23378318 -0.23378318 -0.23378318 -0.23378318 -0.23378318 -0.23378318
 -0.23378318 -0.23378318 -0.23378318 -0.23378318 -0.23378318 -0.23378318
 -0.23378318 -0.23378318 -0.23378318 -0.23378318 -0.23378318 -0.23378318
 -0.23378318 -0.23378318 -0.23378318 -0.23378318 -0.23378318 -0.23378318
 -0.23378318 -0.23378318 -0.23378318 -0.23378318 -0.23378318 -0.23378318
 -0.23378318 -0.23378318  3.05470207 -0.23378318 -0.23378318 -0.23378318
 -0.23378318 -0.23378318 -0.23378318 -0.23378318 -0.23378318 -0.23378318
 -0.23378318 -0.23378318 -0.23378318 -0.23378318 -0.23378318 -0.23378318
  5.94912966 -0.23378318 -0.23378318 -0.23378318 -0.23378318 -0.23378318
 -0.23378318 -0.23378318 -0.23378318 -0.23378318 -0.23378318 -0.23378318
 -0.23378318 -0.23378318 -0.23378318 -0.23378318 -0.23378318 -0.23378318
 -0.23378318 -0.23378318 -0.23378318  1.88291826 -0.23378318 -0.23378318
 -0.23378318  4.17525136 -0.23378318  5.63493093  3.71937551 -0.23378318
  3.54383297  1.20762831 -0.23378318 -0.23378318 -0.23378318 -0.23378318
 -0.23378318 -0.23378318 -0.23378318 -0.23378318 -0.23378318 -0.23378318
 -0.23378318 -0.23378318 -0.23378318  4.75561297  1.51274693 -0.23378318
 -0.23378318 -0.23378318 -0.23378318  2.81481362 -0.23378318  0.77146439
 -0.23378318 -0.23378318 -0.23378318 -0.23378318 -0.23378318 -0.23378318
  2.09273721 -0.23378318  6.50045907 -0.23378318  2.65341606  6.19610667
 -0.23378318  2.82734459 -0.23378318 -0.23378318  4.37201819 -0.23378318
 -0.23378318 -0.23378318 -0.23378318 -0.23378318 -0.23378318  3.55822134
 -0.23378318 -0.23378318 -0.23378318 -0.23378318 -0.23378318 -0.23378318
 -0.23378318 -0.23378318  5.42058736 -0.23378318 -0.23378318 -0.23378318
 -0.23378318 -0.23378318 -0.23378318 -0.23378318 -0.23378318 -0.23378318
 -0.23378318 -0.23378318 -0.23378318 -0.23378318 -0.23378318  0.77771605
 -0.23378318 -0.23378318 -0.23378318 -0.23378318 -0.23378318 -0.23378318
 -0.23378318 -0.23378318 -0.23378318 -0.23378318 -0.23378318 -0.23378318
 -0.23378318 -0.23378318 -0.23378318 -0.23378318 -0.23378318 -0.23378318
 -0.23378318 -0.23378318 -0.23378318 -0.23378318 -0.23378318 -0.23378318
 -0.23378318 -0.23378318 -0.23378318 -0.23378318 -0.23378318 -0.23378318
 -0.23378318 -0.23378318 -0.23378318 -0.23378318 -0.23378318 -0.23378318
 -0.23378318 -0.23378318 -0.23378318 -0.23378318 -0.23378318 -0.23378318
 -0.23378318 -0.23378318 -0.23378318 -0.23378318 -0.23378318 -0.23378318
 -0.23378318 -0.23378318 -0.23378318 -0.23378318 -0.23378318 -0.23378318
 -0.23378318 -0.23378318 -0.23378318 -0.23378318 -0.23378318 -0.23378318
 -0.23378318 -0.23378318 -0.23378318 -0.23378318 -0.23378318 -0.23378318
 -0.23378318 -0.23378318 -0.23378318 -0.23378318 -0.23378318 -0.23378318
 -0.23378318 -0.23378318 -0.23378318 -0.23378318 -0.23378318 -0.23378318
 -0.23378318 -0.23378318 -0.23378318 -0.23378318 -0.23378318 -0.23378318
 -0.23378318 -0.23378318 -0.23378318 -0.23378318 -0.23378318 -0.23378318
 -0.23378318 -0.23378318 -0.23378318 -0.23378318 -0.23378318 -0.23378318
 -0.23378318 -0.23378318 -0.23378318 -0.23378318 -0.23378318 -0.23378318
 -0.23378318 -0.23378318 -0.23378318 -0.23378318 -0.23378318 -0.23378318
 -0.23378318 -0.23378318 -0.23378318 -0.23378318 -0.23378318  3.87319594
 -0.23378318 -0.23378318 -0.23378318 -0.23378318 -0.23378318 -0.23378318
 -0.23378318 -0.23378318 -0.23378318 -0.23378318 -0.23378318 -0.23378318
 -0.23378318 -0.23378318 -0.23378318 -0.23378318 -0.23378318 -0.23378318
 -0.23378318 -0.23378318 -0.23378318 -0.23378318 -0.23378318 -0.23378318
 -0.23378318 -0.23378318 -0.23378318 -0.23378318 -0.23378318 -0.23378318
 -0.23378318 -0.23378318 -0.23378318 -0.23378318 -0.23378318 -0.23378318
 -0.23378318 -0.23378318  1.92624367 -0.23378318 -0.23378318 -0.23378318
 -0.23378318 -0.23378318 -0.23378318 -0.23378318 -0.23378318 -0.23378318
 -0.23378318 -0.23378318 -0.23378318 -0.23378318 -0.23378318 -0.23378318
 -0.23378318 -0.23378318 -0.23378318 -0.23378318 -0.23378318 -0.23378318
 -0.23378318  5.1045362  -0.23378318 -0.23378318 -0.23378318  2.25470133
 -0.23378318 -0.23378318 -0.23378318 -0.23378318 -0.23378318 -0.23378318
 -0.23378318 -0.23378318 -0.23378318 -0.23378318 -0.23378318 -0.23378318
 -0.23378318  3.69433665 -0.23378318 -0.23378318 -0.23378318 -0.23378318
 -0.23378318 -0.23378318 -0.23378318 -0.23378318 -0.23378318 -0.23378318
 -0.23378318 -0.23378318  2.711202   -0.23378318]",[0.10190576406735394]
1,"[-0.25126364 -0.25126364 -0.25126364 -0.25126364 -0.19230671 -0.25126364
 -0.25126364 -0.25126364 -0.25126364 -0.25126364 -0.25126364 -0.25126364
 -0.25126364 -0.25126364 -0.25126364 -0.25126364 -0.25126364 -0.25126364
  0.37503346 -0.25126364 -0.25126364 -0.25126364 -0.25126364 -0.25126364
 -0.25126364 -0.25126364 -0.25126364 -0.25126364 -0.25126364 -0.25126364
 -0.25126364 -0.25126364 -0.25126364 -0.25126364 -0.25126364 -0.25126364
 -0.25126364 -0.25126364 -0.25126364 -0.25126364 -0.25126364 -0.25126364
 -0.25126364 -0.25126364 -0.25126364 -0.25126364 -0.25126364 -0.25126364
 -0.25126364 -0.25126364 -0.25126364 -0.25126364 -0.25126364 -0.25126364
 -0.25126364 -0.25126364 -0.25126364 -0.25126364 -0.25126364 -0.25126364
 -0.25126364 -0.25126364 -0.25126364 -0.25126364 -0.25126364 -0.25126364
 -0.25126364 -0.25126364 -0.25126364 -0.25126364 -0.25126364 -0.25126364
 -0.25126364 -0.25126364 -0.25126364 -0.25126364 -0.25126364 -0.25126364
 -0.25126364 -0.25126364 -0.25126364 -0.25126364 -0.25126364  7.01013248
 -0.25126364 -0.25126364 -0.25126364 -0.25126364 -0.25126364  3.93048194
 -0.25126364 -0.25126364  1.59310428 -0.25126364 -0.25126364 -0.25126364
 -0.25126364 -0.25126364 -0.25126364 -0.25126364 -0.25126364 -0.25126364
 -0.25126364 -0.25126364 -0.25126364 -0.25126364 -0.25126364 -0.25126364
 -0.25126364 -0.25126364  6.51419692 -0.25126364 -0.25126364 -0.25126364
 -0.25126364 -0.25126364  3.2242165  -0.25126364 -0.25126364 -0.25126364
 -0.25126364 -0.25126364 -0.25126364 -0.25126364  3.52476372 -0.25126364
 -0.25126364 -0.25126364 -0.25126364 -0.25126364 -0.25126364 -0.25126364
 -0.25126364 -0.25126364 -0.25126364 -0.25126364 -0.25126364 -0.25126364
 -0.25126364 -0.25126364 -0.25126364 -0.25126364 -0.25126364 -0.25126364
 -0.25126364 -0.25126364 -0.25126364 -0.25126364 -0.25126364 -0.25126364
 -0.25126364 -0.25126364 -0.25126364 -0.25126364 -0.25126364 -0.25126364
 -0.25126364 -0.25126364 -0.25126364 -0.25126364 -0.25126364 -0.25126364
 -0.25126364  0.08026103 -0.25126364 -0.25126364 -0.25126364 -0.25126364
 -0.25126364 -0.25126364 -0.25126364 -0.25126364 -0.25126364 -0.25126364
 -0.25126364 -0.25126364 -0.25126364 -0.25126364 -0.25126364 -0.25126364
 -0.25126364 -0.25126364 -0.25126364 -0.25126364 -0.25126364 -0.25126364
 -0.25126364 -0.25126364 -0.25126364 -0.25126364 -0.25126364 -0.25126364
 -0.25126364 -0.25126364 -0.25126364 -0.25126364 -0.25126364 -0.25126364
 -0.25126364 -0.25126364 -0.25126364 -0.25126364 -0.25126364 -0.25126364
 -0.25126364 -0.25126364 -0.25126364 -0.25126364 -0.25126364 -0.25126364
  4.25175223 -0.25126364 -0.18350456 -0.25126364 -0.25126364  0.73701617
 -0.25126364 -0.25126364 -0.25126364 -0.25126364 -0.25126364 -0.25126364
 -0.25126364 -0.25126364 -0.25126364 -0.25126364 -0.25126364 -0.25126364
 -0.25126364 -0.25126364 -0.25126364  1.86138255 -0.25126364 -0.25126364
 -0.25126364  2.61664346 -0.25126364  6.00411273  4.97380281 -0.25126364
  2.92855267  0.79692971  4.60242329 -0.25126364 -0.25126364 -0.25126364
 -0.25126364 -0.25126364 -0.25126364 -0.25126364 -0.25126364 -0.25126364
 -0.25126364 -0.25126364 -0.25126364  5.70929346 -0.25126364 -0.25126364
 -0.25126364 -0.25126364  3.4914766   2.97617582 -0.25126364  1.45530126
 -0.25126364 -0.25126364 -0.25126364  1.36139601  1.45132694 -0.25126364
  3.1759678  -0.25126364  6.00368887 -0.25126364  2.55139443 -0.25126364
 -0.25126364  2.11326796 -0.25126364  1.56425449  3.49865541 -0.25126364
 -0.25126364 -0.25126364 -0.25126364 -0.25126364  5.25837041  2.34787549
  2.58920674 -0.25126364 -0.25126364 -0.25126364 -0.25126364 -0.25126364
 -0.25126364 -0.25126364 -0.25126364 -0.25126364 -0.25126364 -0.25126364
 -0.25126364 -0.25126364 -0.25126364 -0.25126364  2.47285039 -0.25126364
 -0.25126364 -0.25126364 -0.25126364 -0.25126364 -0.25126364  2.13013857
 -0.25126364 -0.25126364 -0.25126364 -0.25126364 -0.25126364 -0.25126364
 -0.25126364 -0.25126364 -0.25126364 -0.25126364 -0.25126364 -0.25126364
 -0.25126364 -0.25126364 -0.25126364 -0.25126364 -0.25126364 -0.25126364
 -0.25126364 -0.25126364 -0.25126364 -0.25126364 -0.25126364 -0.25126364
 -0.25126364 -0.25126364 -0.25126364 -0.25126364 -0.25126364 -0.25126364
 -0.25126364 -0.25126364 -0.25126364 -0.25126364 -0.25126364 -0.25126364
 -0.25126364 -0.25126364 -0.25126364 -0.25126364 -0.25126364 -0.25126364
 -0.25126364 -0.25126364 -0.25126364 -0.25126364 -0.25126364 -0.25126364
 -0.25126364 -0.25126364 -0.25126364 -0.25126364 -0.25126364 -0.25126364
 -0.25126364 -0.25126364 -0.25126364 -0.25126364 -0.25126364 -0.25126364
 -0.25126364 -0.25126364 -0.25126364 -0.25126364 -0.25126364 -0.25126364
 -0.25126364 -0.25126364 -0.25126364 -0.25126364 -0.25126364 -0.25126364
 -0.25126364 -0.25126364 -0.25126364 -0.25126364 -0.25126364 -0.25126364
 -0.25126364 -0.25126364 -0.25126364 -0.25126364 -0.25126364 -0.25126364
 -0.25126364 -0.25126364 -0.25126364 -0.25126364 -0.25126364 -0.25126364
 -0.25126364 -0.25126364 -0.25126364 -0.25126364 -0.25126364 -0.25126364
 -0.25126364 -0.25126364 -0.25126364 -0.25126364 -0.25126364 -0.25126364
 -0.25126364 -0.25126364 -0.25126364 -0.25126364 -0.25126364 -0.25126364
 -0.25126364 -0.25126364 -0.25126364 -0.25126364 -0.25126364  3.73036368
 -0.25126364 -0.25126364 -0.25126364 -0.25126364 -0.25126364 -0.25126364
 -0.25126364 -0.25126364 -0.25126364 -0.25126364 -0.25126364 -0.25126364
 -0.25126364 -0.25126364 -0.25126364 -0.25126364 -0.25126364 -0.25126364
 -0.25126364 -0.25126364 -0.25126364 -0.25126364 -0.25126364 -0.25126364
 -0.25126364 -0.25126364 -0.25126364 -0.25126364 -0.25126364 -0.25126364
 -0.25126364 -0.25126364 -0.25126364 -0.25126364 -0.25126364 -0.25126364
 -0.25126364 -0.25126364  2.3048213  -0.25126364 -0.25126364 -0.25126364
  4.31019816 -0.25126364 -0.25126364 -0.25126364 -0.25126364 -0.25126364
 -0.25126364 -0.25126364 -0.25126364 -0.25126364 -0.25126364 -0.25126364
 -0.25126364 -0.25126364 -0.25126364 -0.25126364 -0.25126364 -0.25126364
 -0.25126364  3.95237123 -0.25126364 -0.25126364 -0.25126364 -0.25126364
 -0.25126364 -0.25126364 -0.25126364 -0.25126364 -0.25126364 -0.25126364
 -0.25126364 -0.25126364 -0.25126364 -0.25126364 -0.25126364 -0.25126364
 -0.25126364 -0.25126364 -0.25126364 -0.25126364 -0.25126364 -0.25126364
 -0.25126364 -0.25126364 -0.25126364 -0.25126364 -0.25126364 -0.25126364
 -0.25126364 -0.25126364  1.25789266 -0.25126364]",[0.03932935184746697]
1,"[-0.26766787 -0.26766787 -0.26766787 -0.26766787  0.01803116 -0.26766787
 -0.26766787 -0.26766787 -0.26766787 -0.26766787 -0.26766787 -0.26766787
 -0.26766787 -0.26766787 -0.26766787 -0.26766787 -0.26766787 -0.26766787
 -0.26766787 -0.26766787 -0.26766787 -0.26766787 -0.26766787 -0.26766787
 -0.26766787 -0.26766787 -0.26766787 -0.26766787 -0.26766787 -0.26766787
 -0.26766787 -0.26766787 -0.26766787 -0.26766787 -0.26766787 -0.26766787
 -0.26766787 -0.26766787 -0.26766787 -0.26766787 -0.26766787 -0.26766787
 -0.26766787 -0.26766787 -0.26766787 -0.26766787 -0.26766787 -0.26766787
 -0.26766787 -0.26766787 -0.26766787 -0.26766787 -0.26766787 -0.26766787
 -0.26766787 -0.26766787 -0.26766787 -0.26766787 -0.26766787 -0.26766787
 -0.26766787 -0.26766787 -0.26766787 -0.26766787 -0.26766787 -0.26766787
 -0.26766787 -0.26766787 -0.26766787 -0.26766787 -0.26766787 -0.26766787
 -0.26766787 -0.26766787 -0.26766787 -0.26766787 -0.26766787 -0.26766787
 -0.26766787 -0.26766787 -0.26766787 -0.26766787 -0.26766787  5.58291844
 -0.26766787 -0.26766787  2.1125342  -0.26766787 -0.26766787  2.45396202
 -0.26766787 -0.26766787 -0.26766787 -0.26766787 -0.26766787 -0.26766787
 -0.26766787 -0.26766787 -0.26766787 -0.26766787 -0.26766787 -0.26766787
 -0.26766787 -0.26766787 -0.26766787 -0.26766787 -0.26766787 -0.26766787
 -0.26766787 -0.26766787  5.17027454 -0.26766787 -0.26766787 -0.26766787
 -0.26766787 -0.26766787  3.20381693 -0.26766787 -0.26766787 -0.26766787
 -0.26766787 -0.26766787 -0.26766787 -0.26766787  3.05205434 -0.26766787
 -0.26766787 -0.26766787 -0.26766787 -0.26766787 -0.26766787 -0.26766787
 -0.26766787 -0.26766787 -0.26766787 -0.26766787 -0.26766787 -0.26766787
 -0.26766787 -0.26766787 -0.26766787 -0.26766787 -0.26766787 -0.26766787
 -0.26766787 -0.26766787 -0.26766787 -0.26766787 -0.26766787 -0.26766787
 -0.26766787 -0.26766787 -0.26766787 -0.26766787 -0.26766787 -0.26766787
 -0.26766787 -0.26766787 -0.26766787 -0.26766787 -0.26766787 -0.26766787
 -0.26766787 -0.26766787 -0.26766787 -0.26766787 -0.26766787 -0.26766787
 -0.26766787 -0.26766787 -0.26766787 -0.26766787 -0.26766787 -0.26766787
 -0.26766787 -0.26766787 -0.26766787 -0.26766787 -0.26766787 -0.26766787
 -0.26766787 -0.26766787 -0.26766787 -0.26766787 -0.26766787 -0.26766787
 -0.26766787 -0.26766787 -0.26766787 -0.26766787 -0.26766787 -0.26766787
 -0.26766787 -0.26766787 -0.26766787 -0.26766787 -0.26766787 -0.26766787
 -0.26766787 -0.26766787  2.21086875 -0.26766787 -0.26766787 -0.26766787
 -0.26766787 -0.26766787 -0.26766787 -0.26766787 -0.26766787 -0.26766787
  1.91565146 -0.26766787  1.53181173 -0.26766787 -0.26766787  4.40926232
 -0.26766787 -0.26766787 -0.26766787 -0.26766787 -0.26766787 -0.26766787
 -0.26766787 -0.26766787 -0.26766787 -0.26766787 -0.26766787 -0.26766787
 -0.26766787 -0.26766787 -0.26766787 -0.26766787 -0.26766787 -0.26766787
 -0.26766787  3.75194041 -0.26766787  3.25741237  3.61500048 -0.26766787
  2.90906178  0.44506175  4.57977826  2.42999428 -0.26766787 -0.26766787
 -0.26766787 -0.26766787 -0.26766787 -0.26766787 -0.26766787 -0.26766787
 -0.26766787 -0.26766787 -0.26766787  6.22470902  1.95900265 -0.26766787
 -0.26766787 -0.26766787  5.14814715  2.81642477 -0.26766787  0.99727135
 -0.26766787 -0.26766787 -0.26766787 -0.26766787  1.61330838 -0.26766787
 -0.26766787 -0.26766787  5.57354203 -0.26766787  1.826784   -0.26766787
 -0.26766787 -0.26766787 -0.26766787 -0.26766787  2.66298908 -0.26766787
  1.17107808  2.02525097 -0.26766787 -0.26766787  3.1219292   1.87591412
 -0.26766787 -0.26766787 -0.26766787  0.85223097 -0.26766787  3.6903232
 -0.26766787 -0.26766787 -0.26766787 -0.26766787 -0.26766787 -0.26766787
 -0.26766787 -0.26766787 -0.26766787 -0.26766787  3.67026539  5.27160074
 -0.26766787 -0.26766787 -0.26766787 -0.26766787 -0.26766787  1.81803351
 -0.26766787  0.48976822 -0.26766787 -0.26766787 -0.26766787 -0.26766787
 -0.26766787 -0.26766787 -0.26766787 -0.26766787 -0.26766787 -0.26766787
 -0.26766787 -0.26766787 -0.26766787 -0.26766787 -0.26766787 -0.26766787
 -0.26766787 -0.26766787 -0.26766787 -0.26766787 -0.26766787 -0.26766787
 -0.26766787 -0.26766787 -0.26766787 -0.26766787 -0.26766787 -0.26766787
 -0.26766787 -0.26766787 -0.26766787 -0.26766787 -0.26766787 -0.26766787
 -0.26766787 -0.26766787 -0.26766787 -0.26766787 -0.26766787 -0.26766787
 -0.26766787 -0.26766787 -0.26766787 -0.26766787 -0.26766787 -0.26766787
 -0.26766787 -0.26766787 -0.26766787 -0.26766787 -0.26766787 -0.26766787
 -0.26766787 -0.26766787 -0.26766787 -0.26766787 -0.26766787 -0.26766787
 -0.26766787 -0.26766787 -0.26766787 -0.26766787 -0.26766787 -0.26766787
 -0.26766787 -0.26766787 -0.26766787 -0.26766787 -0.26766787 -0.26766787
 -0.26766787 -0.26766787 -0.26766787 -0.26766787 -0.26766787 -0.26766787
 -0.26766787 -0.26766787 -0.26766787 -0.26766787 -0.26766787 -0.26766787
 -0.26766787 -0.26766787 -0.26766787 -0.26766787 -0.26766787 -0.26766787
 -0.26766787 -0.26766787 -0.26766787 -0.26766787 -0.26766787 -0.26766787
 -0.26766787 -0.26766787 -0.26766787 -0.26766787 -0.26766787 -0.26766787
 -0.26766787 -0.26766787 -0.26766787 -0.26766787 -0.26766787 -0.26766787
 -0.26766787 -0.26766787 -0.26766787 -0.26766787  3.24716061  4.71804149
 -0.26766787 -0.26766787 -0.26766787 -0.26766787 -0.26766787 -0.26766787
 -0.26766787 -0.26766787 -0.26766787 -0.26766787 -0.26766787 -0.26766787
 -0.26766787 -0.26766787 -0.26766787 -0.26766787 -0.26766787 -0.26766787
  1.47186512 -0.26766787 -0.26766787 -0.26766787 -0.26766787 -0.26766787
 -0.26766787 -0.26766787 -0.26766787 -0.26766787 -0.26766787 -0.26766787
 -0.26766787 -0.26766787 -0.26766787 -0.26766787 -0.26766787 -0.26766787
 -0.26766787 -0.26766787 -0.26766787 -0.26766787 -0.26766787 -0.26766787
  3.24716061 -0.26766787 -0.26766787 -0.26766787 -0.26766787 -0.26766787
 -0.26766787 -0.26766787 -0.26766787 -0.26766787 -0.26766787 -0.26766787
 -0.26766787 -0.26766787 -0.26766787 -0.26766787 -0.26766787 -0.26766787
 -0.26766787  6.04092181 -0.26766787 -0.26766787 -0.26766787 -0.26766787
 -0.26766787 -0.26766787 -0.26766787 -0.26766787 -0.26766787 -0.26766787
 -0.26766787 -0.26766787 -0.26766787 -0.26766787 -0.26766787 -0.26766787
 -0.26766787 -0.26766787 -0.26766787 -0.26766787 -0.26766787 -0.26766787
 -0.26766787 -0.26766787 -0.26766787 -0.26766787 -0.26766787 -0.26766787
 -0.26766787 -0.26766787  3.49441758 -0.26766787]",[0.10346870556307314]
1,"[-2.59199895e-01 -2.59199895e-01 -2.59199895e-01 -2.59199895e-01
  4.40371809e-03 -2.59199895e-01 -2.59199895e-01 -2.59199895e-01
 -2.59199895e-01 -2.59199895e-01 -2.59199895e-01 -2.59199895e-01
 -2.59199895e-01 -2.59199895e-01 -2.59199895e-01 -2.59199895e-01
 -2.59199895e-01 -2.59199895e-01 -2.59199895e-01 -2.59199895e-01
 -2.59199895e-01 -2.59199895e-01 -2.59199895e-01 -2.59199895e-01
 -2.59199895e-01 -2.59199895e-01 -2.59199895e-01 -2.59199895e-01
 -2.59199895e-01 -2.59199895e-01 -2.59199895e-01 -2.59199895e-01
 -2.59199895e-01 -2.59199895e-01 -2.59199895e-01 -2.59199895e-01
 -2.59199895e-01 -2.59199895e-01 -2.59199895e-01 -2.59199895e-01
 -2.59199895e-01 -2.59199895e-01 -2.59199895e-01 -2.59199895e-01
 -2.59199895e-01 -2.59199895e-01 -2.59199895e-01 -2.59199895e-01
 -2.59199895e-01 -2.59199895e-01 -2.59199895e-01 -2.59199895e-01
 -2.59199895e-01 -2.59199895e-01 -2.59199895e-01 -2.59199895e-01
 -2.59199895e-01 -2.59199895e-01 -2.59199895e-01 -2.59199895e-01
 -2.59199895e-01 -2.59199895e-01 -2.59199895e-01 -2.59199895e-01
 -2.59199895e-01 -2.59199895e-01 -2.59199895e-01 -2.59199895e-01
 -2.59199895e-01 -2.59199895e-01 -2.59199895e-01 -2.59199895e-01
 -2.59199895e-01 -2.59199895e-01 -2.59199895e-01 -2.59199895e-01
 -2.59199895e-01 -2.59199895e-01 -2.59199895e-01 -2.59199895e-01
 -2.59199895e-01 -2.59199895e-01 -2.59199895e-01  3.44811626e+00
 -2.59199895e-01 -2.59199895e-01 -2.59199895e-01 -2.59199895e-01
 -2.59199895e-01 -2.59199895e-01 -2.59199895e-01 -2.59199895e-01
  1.57997101e+00 -2.59199895e-01 -2.59199895e-01 -2.59199895e-01
 -2.59199895e-01 -2.59199895e-01 -2.59199895e-01 -2.59199895e-01
 -2.59199895e-01 -2.59199895e-01 -2.59199895e-01 -2.59199895e-01
 -2.59199895e-01 -2.59199895e-01 -2.59199895e-01 -2.59199895e-01
 -2.59199895e-01 -2.59199895e-01  7.10478200e+00 -2.59199895e-01
 -2.59199895e-01 -2.59199895e-01 -2.59199895e-01 -2.59199895e-01
 -2.59199895e-01 -2.59199895e-01  5.02316392e-01 -2.59199895e-01
 -2.59199895e-01 -2.59199895e-01 -2.59199895e-01 -2.59199895e-01
  5.11518448e+00 -2.59199895e-01 -2.59199895e-01 -2.59199895e-01
 -2.59199895e-01 -2.59199895e-01 -2.59199895e-01 -2.59199895e-01
 -2.59199895e-01 -2.59199895e-01 -2.59199895e-01 -2.59199895e-01
 -2.59199895e-01 -2.59199895e-01 -2.59199895e-01 -2.59199895e-01
 -2.59199895e-01 -2.59199895e-01 -2.59199895e-01 -2.59199895e-01
 -2.59199895e-01 -2.59199895e-01 -2.59199895e-01 -2.59199895e-01
 -2.59199895e-01 -2.59199895e-01 -2.59199895e-01 -2.59199895e-01
 -2.59199895e-01 -2.59199895e-01 -2.59199895e-01 -2.59199895e-01
 -2.59199895e-01 -2.59199895e-01 -2.59199895e-01 -2.59199895e-01
 -2.59199895e-01 -2.59199895e-01 -2.59199895e-01  5.70344512e-01
 -2.59199895e-01 -2.59199895e-01 -2.59199895e-01 -2.59199895e-01
 -2.59199895e-01 -2.59199895e-01 -2.59199895e-01 -2.59199895e-01
 -2.59199895e-01 -2.59199895e-01 -2.59199895e-01 -2.59199895e-01
 -2.59199895e-01 -2.59199895e-01 -2.59199895e-01 -2.59199895e-01
 -2.59199895e-01 -2.59199895e-01 -2.59199895e-01 -2.59199895e-01
 -2.59199895e-01 -2.59199895e-01 -2.59199895e-01 -2.59199895e-01
 -2.59199895e-01 -2.59199895e-01 -2.59199895e-01 -2.59199895e-01
 -2.59199895e-01 -2.59199895e-01 -2.59199895e-01 -2.59199895e-01
 -2.59199895e-01 -2.59199895e-01 -2.59199895e-01 -2.59199895e-01
 -2.59199895e-01 -2.59199895e-01 -2.59199895e-01 -2.59199895e-01
 -2.59199895e-01 -2.59199895e-01 -2.59199895e-01 -2.59199895e-01
 -2.59199895e-01 -2.59199895e-01  2.60971745e+00 -2.59199895e-01
  1.17305085e+00 -2.59199895e-01 -2.59199895e-01  1.86984577e+00
 -2.59199895e-01 -2.59199895e-01  2.34171150e-01  1.07972569e+00
 -2.59199895e-01 -2.59199895e-01 -2.59199895e-01 -2.59199895e-01
 -2.59199895e-01 -2.59199895e-01 -2.59199895e-01 -2.59199895e-01
 -2.59199895e-01 -2.59199895e-01 -2.59199895e-01 -2.59199895e-01
 -2.59199895e-01 -2.59199895e-01 -2.59199895e-01  2.72241700e+00
 -2.59199895e-01  3.83351789e+00  4.33036071e+00 -2.59199895e-01
  3.24816933e+00  1.59981414e+00  4.73958799e+00  3.21666350e+00
 -2.59199895e-01 -2.59199895e-01 -2.59199895e-01 -2.59199895e-01
 -2.59199895e-01 -2.59199895e-01 -2.59199895e-01 -2.59199895e-01
 -2.59199895e-01 -2.59199895e-01 -2.59199895e-01  2.78199168e+00
  4.48305312e+00 -2.59199895e-01 -2.59199895e-01 -2.59199895e-01
  4.06148385e+00  3.18836420e+00 -2.59199895e-01  3.58094512e+00
 -2.59199895e-01 -2.59199895e-01 -2.59199895e-01 -2.59199895e-01
  1.43859316e+00 -2.59199895e-01  4.60671350e+00 -2.59199895e-01
  5.22867112e+00 -2.59199895e-01  2.68129320e+00  6.69591168e+00
 -2.59199895e-01  3.48119588e+00 -2.59199895e-01 -2.59199895e-01
  3.16995574e+00  2.96117229e+00  3.22833531e+00  3.94450671e+00
 -2.59199895e-01 -2.59199895e-01  3.27366119e+00  4.15374977e+00
  3.30094636e+00 -2.59199895e-01 -2.59199895e-01 -2.59199895e-01
 -2.59199895e-01 -2.59199895e-01 -2.59199895e-01 -2.59199895e-01
 -2.59199895e-01 -2.59199895e-01 -2.59199895e-01 -2.59199895e-01
 -2.59199895e-01 -2.59199895e-01 -2.59199895e-01 -2.59199895e-01
  3.45126042e-01 -2.59199895e-01  2.68129320e+00 -2.59199895e-01
 -2.59199895e-01 -2.59199895e-01 -2.59199895e-01 -2.59199895e-01
 -2.59199895e-01 -2.59199895e-01 -2.59199895e-01 -2.59199895e-01
 -2.59199895e-01 -2.59199895e-01 -2.59199895e-01 -2.59199895e-01
 -2.59199895e-01 -2.59199895e-01 -2.59199895e-01 -2.59199895e-01
 -2.59199895e-01 -2.59199895e-01 -2.59199895e-01 -2.59199895e-01
 -2.59199895e-01 -2.59199895e-01 -2.59199895e-01 -2.59199895e-01
 -2.59199895e-01 -2.59199895e-01 -2.59199895e-01 -2.59199895e-01
 -2.59199895e-01 -2.59199895e-01 -2.59199895e-01 -2.59199895e-01
 -2.59199895e-01 -2.59199895e-01 -2.59199895e-01 -2.59199895e-01
 -2.59199895e-01 -2.59199895e-01 -2.59199895e-01 -2.59199895e-01
 -2.59199895e-01 -2.59199895e-01 -2.59199895e-01 -2.59199895e-01
 -2.59199895e-01 -2.59199895e-01 -2.59199895e-01 -2.59199895e-01
 -2.59199895e-01 -2.59199895e-01 -2.59199895e-01 -2.59199895e-01
 -2.59199895e-01 -2.59199895e-01 -2.59199895e-01 -2.59199895e-01
 -2.59199895e-01 -2.59199895e-01 -2.59199895e-01 -2.59199895e-01
 -2.59199895e-01 -2.59199895e-01 -2.59199895e-01 -2.59199895e-01
 -2.59199895e-01 -2.59199895e-01 -2.59199895e-01 -2.59199895e-01
 -2.59199895e-01 -2.59199895e-01 -2.59199895e-01 -2.59199895e-01
 -2.59199895e-01 -2.59199895e-01 -2.59199895e-01 -2.59199895e-01
 -2.59199895e-01 -2.59199895e-01 -2.59199895e-01  4.69414270e+00
 -2.59199895e-01 -2.59199895e-01 -2.59199895e-01 -2.59199895e-01
 -2.59199895e-01 -2.59199895e-01 -2.59199895e-01 -2.59199895e-01
 -2.59199895e-01 -2.59199895e-01 -2.59199895e-01 -2.59199895e-01
 -2.59199895e-01 -2.59199895e-01 -2.59199895e-01 -2.59199895e-01
 -2.59199895e-01 -2.59199895e-01 -2.59199895e-01 -2.59199895e-01
 -2.59199895e-01 -2.59199895e-01 -2.59199895e-01 -2.59199895e-01
 -2.59199895e-01 -2.59199895e-01 -2.59199895e-01 -2.59199895e-01
 -2.59199895e-01 -2.59199895e-01 -2.59199895e-01 -2.59199895e-01
 -2.59199895e-01 -2.59199895e-01 -2.59199895e-01 -2.59199895e-01
 -2.59199895e-01 -2.59199895e-01 -2.59199895e-01 -2.59199895e-01
 -2.59199895e-01 -2.59199895e-01 -2.59199895e-01 -2.59199895e-01
 -2.59199895e-01 -2.59199895e-01 -2.59199895e-01 -2.59199895e-01
 -2.59199895e-01 -2.59199895e-01 -2.59199895e-01 -2.59199895e-01
 -2.59199895e-01 -2.59199895e-01 -2.59199895e-01 -2.59199895e-01
 -2.59199895e-01 -2.59199895e-01 -2.59199895e-01 -2.59199895e-01
 -2.59199895e-01 -2.59199895e-01 -2.59199895e-01 -2.59199895e-01
 -2.59199895e-01 -2.59199895e-01 -2.59199895e-01 -2.59199895e-01
 -2.59199895e-01 -2.59199895e-01 -2.59199895e-01 -2.59199895e-01
 -2.59199895e-01 -2.59199895e-01 -2.59199895e-01 -2.59199895e-01
  1.19348416e+00 -2.59199895e-01 -2.59199895e-01 -2.59199895e-01
 -2.59199895e-01 -2.59199895e-01 -2.59199895e-01 -2.59199895e-01
 -2.59199895e-01 -2.59199895e-01 -2.59199895e-01 -2.59199895e-01
 -2.59199895e-01 -2.59199895e-01 -2.59199895e-01 -2.59199895e-01
 -2.59199895e-01 -2.59199895e-01 -2.59199895e-01 -2.59199895e-01
 -2.59199895e-01 -2.59199895e-01 -2.59199895e-01 -2.59199895e-01
 -2.59199895e-01 -2.59199895e-01 -2.59199895e-01 -2.59199895e-01
 -2.59199895e-01 -2.59199895e-01 -2.59199895e-01 -2.59199895e-01
 -2.59199895e-01 -2.59199895e-01 -2.59199895e-01 -2.59199895e-01
 -2.59199895e-01 -2.59199895e-01 -2.59199895e-01 -2.59199895e-01
 -2.59199895e-01 -2.59199895e-01 -2.59199895e-01 -2.59199895e-01
 -2.59199895e-01 -2.59199895e-01 -2.59199895e-01 -2.59199895e-01
 -2.59199895e-01 -2.59199895e-01 -2.59199895e-01 -2.59199895e-01
 -2.59199895e-01 -2.59199895e-01 -2.59199895e-01 -2.59199895e-01]",[0.08721959114539421]
1,"[-0.19785325 -0.19785325 -0.19785325 -0.19785325  0.041741   -0.19785325
 -0.19785325 -0.19785325 -0.19785325 -0.19785325 -0.19785325 -0.19785325
 -0.19785325 -0.19785325 -0.19785325 -0.19785325 -0.19785325 -0.19785325
 -0.19785325 -0.19785325 -0.19785325 -0.19785325 -0.19785325 -0.19785325
 -0.19785325 -0.19785325 -0.19785325 -0.19785325 -0.19785325 -0.19785325
 -0.19785325 -0.19785325 -0.19785325 -0.19785325 -0.19785325 -0.19785325
 -0.19785325 -0.19785325 -0.19785325 -0.19785325  6.32465561 -0.19785325
 -0.19785325 -0.19785325 -0.19785325 -0.19785325 -0.19785325 -0.19785325
 -0.19785325 -0.19785325 -0.19785325 -0.19785325 -0.19785325 -0.19785325
 -0.19785325 -0.19785325 -0.19785325  4.20573454 -0.19785325 -0.19785325
 -0.19785325 -0.19785325 -0.19785325 -0.19785325 -0.19785325 -0.19785325
 -0.19785325 -0.19785325 -0.19785325 -0.19785325 -0.19785325 -0.19785325
 -0.19785325 -0.19785325 -0.19785325 -0.19785325 -0.19785325 -0.19785325
 -0.19785325 -0.19785325 -0.19785325 -0.19785325 -0.19785325  8.31028973
 -0.19785325 -0.19785325 -0.19785325 -0.19785325 -0.19785325  4.04019396
 -0.19785325 -0.19785325 -0.19785325 -0.19785325 -0.19785325 -0.19785325
 -0.19785325 -0.19785325 -0.19785325 -0.19785325 -0.19785325 -0.19785325
 -0.19785325 -0.19785325 -0.19785325 -0.19785325 -0.19785325 -0.19785325
 -0.19785325 -0.19785325  3.23606997 -0.19785325 -0.19785325 -0.19785325
 -0.19785325 -0.19785325 -0.19785325 -0.19785325 -0.19785325 -0.19785325
 -0.19785325 -0.19785325 -0.19785325 -0.19785325 -0.19785325 -0.19785325
 -0.19785325 -0.19785325 -0.19785325 -0.19785325 -0.19785325 -0.19785325
 -0.19785325 -0.19785325 -0.19785325  3.52577666 -0.19785325 -0.19785325
 -0.19785325 -0.19785325 -0.19785325 -0.19785325 -0.19785325 -0.19785325
 -0.19785325 -0.19785325 -0.19785325 -0.19785325 -0.19785325 -0.19785325
 -0.19785325 -0.19785325 -0.19785325 -0.19785325 -0.19785325 -0.19785325
 -0.19785325 -0.19785325 -0.19785325 -0.19785325 -0.19785325 -0.19785325
 -0.19785325 -0.19785325 -0.19785325  5.34996844 -0.19785325 -0.19785325
 -0.19785325 -0.19785325 -0.19785325 -0.19785325 -0.19785325 -0.19785325
 -0.19785325 -0.19785325 -0.19785325 -0.19785325 -0.19785325 -0.19785325
 -0.19785325 -0.19785325 -0.19785325 -0.19785325 -0.19785325 -0.19785325
  4.71271253 -0.19785325 -0.19785325 -0.19785325 -0.19785325 -0.19785325
 -0.19785325 -0.19785325 -0.19785325 -0.19785325 -0.19785325 -0.19785325
 -0.19785325 -0.19785325 -0.19785325 -0.19785325 -0.19785325 -0.19785325
 -0.19785325 -0.19785325 -0.19785325 -0.19785325 -0.19785325 -0.19785325
  3.63603249 -0.19785325 -0.19785325 -0.19785325 -0.19785325 -0.19785325
 -0.19785325 -0.19785325  1.93741876 -0.19785325 -0.19785325 -0.19785325
 -0.19785325  1.8167298  -0.19785325 -0.19785325 -0.19785325 -0.19785325
 -0.19785325 -0.19785325 -0.19785325 -0.19785325 -0.19785325 -0.19785325
 -0.19785325  1.4346628  -0.19785325 -0.19785325  2.4702425  -0.19785325
  1.60154599 -0.19785325 -0.19785325 -0.19785325 -0.19785325 -0.19785325
 -0.19785325 -0.19785325 -0.19785325 -0.19785325 -0.19785325 -0.19785325
 -0.19785325 -0.19785325 -0.19785325 -0.19785325 -0.19785325 -0.19785325
 -0.19785325 -0.19785325 -0.19785325 -0.19785325 -0.19785325 -0.19785325
 -0.19785325 -0.19785325 -0.19785325 -0.19785325 -0.19785325 -0.19785325
 -0.19785325 -0.19785325 -0.19785325 -0.19785325 -0.19785325 -0.19785325
 -0.19785325 -0.19785325 -0.19785325 -0.19785325 -0.19785325 -0.19785325
 -0.19785325 -0.19785325 -0.19785325 -0.19785325 -0.19785325  3.55074476
 -0.19785325 -0.19785325 -0.19785325 -0.19785325 -0.19785325 -0.19785325
 -0.19785325 -0.19785325 -0.19785325 -0.19785325 -0.19785325 -0.19785325
 -0.19785325 -0.19785325 -0.19785325 -0.19785325 -0.19785325 -0.19785325
 -0.19785325 -0.19785325 -0.19785325 -0.19785325 -0.19785325 -0.19785325
 -0.19785325 -0.19785325 -0.19785325 -0.19785325 -0.19785325 -0.19785325
 -0.19785325 -0.19785325 -0.19785325 -0.19785325 -0.19785325 -0.19785325
 -0.19785325 -0.19785325 -0.19785325 -0.19785325 -0.19785325 -0.19785325
 -0.19785325 -0.19785325 -0.19785325 -0.19785325 -0.19785325 -0.19785325
 -0.19785325  5.25018155 -0.19785325 -0.19785325 -0.19785325 -0.19785325
 -0.19785325 -0.19785325 -0.19785325 -0.19785325 -0.19785325 -0.19785325
 -0.19785325 -0.19785325 -0.19785325 -0.19785325 -0.19785325 -0.19785325
 -0.19785325 -0.19785325 -0.19785325 -0.19785325 -0.19785325 -0.19785325
 -0.19785325 -0.19785325 -0.19785325 -0.19785325 -0.19785325 -0.19785325
  5.14096742 -0.19785325 -0.19785325 -0.19785325 -0.19785325 -0.19785325
 -0.19785325 -0.19785325 -0.19785325 -0.19785325 -0.19785325 -0.19785325
 -0.19785325 -0.19785325 -0.19785325 -0.19785325 -0.19785325 -0.19785325
  2.80436509 -0.19785325 -0.19785325 -0.19785325 -0.19785325 -0.19785325
 -0.19785325 -0.19785325 -0.19785325 -0.19785325 -0.19785325 -0.19785325
 -0.19785325 -0.19785325 -0.19785325 -0.19785325 -0.19785325 -0.19785325
 -0.19785325 -0.19785325 -0.19785325 -0.19785325 -0.19785325 -0.19785325
 -0.19785325 -0.19785325 -0.19785325 -0.19785325 -0.19785325 -0.19785325
 -0.19785325 -0.19785325 -0.19785325 -0.19785325 -0.19785325 -0.19785325
 -0.19785325 -0.19785325 -0.19785325 -0.19785325 -0.19785325 -0.19785325
 -0.19785325 -0.19785325 -0.19785325 -0.19785325 -0.19785325 -0.19785325
 -0.19785325 -0.19785325 -0.19785325 -0.19785325 -0.19785325 -0.19785325
 -0.19785325 -0.19785325 -0.19785325 -0.19785325 -0.19785325 -0.19785325
 -0.19785325 -0.19785325 -0.19785325 -0.19785325 -0.19785325 -0.19785325
 -0.19785325 -0.19785325 -0.19785325 -0.19785325 -0.19785325 -0.19785325
 -0.19785325 -0.19785325 -0.19785325 -0.19785325 -0.19785325 -0.19785325
 -0.19785325 -0.19785325  4.90691891 -0.19785325 -0.19785325 -0.19785325
 -0.19785325 -0.19785325 -0.19785325 -0.19785325 -0.19785325 -0.19785325
 -0.19785325 -0.19785325 -0.19785325  7.20410966 -0.19785325 -0.19785325
 -0.19785325 -0.19785325 -0.19785325 -0.19785325 -0.19785325 -0.19785325
 -0.19785325 -0.19785325 -0.19785325 -0.19785325 -0.19785325 -0.19785325
 -0.19785325 -0.19785325 -0.19785325 -0.19785325 -0.19785325  4.62106807
 -0.19785325 -0.19785325 -0.19785325 -0.19785325 -0.19785325 -0.19785325
 -0.19785325 -0.19785325  8.10636478 -0.19785325 -0.19785325 -0.19785325
 -0.19785325 -0.19785325 -0.19785325 -0.19785325 -0.19785325 -0.19785325
 -0.19785325 -0.19785325  3.90671875 -0.19785325]",[0.07601013144253331]
1,"[-0.19231119 -0.19231119 -0.19231119 -0.19231119 -0.19231119 -0.19231119
 -0.19231119 -0.19231119 -0.19231119 -0.19231119 -0.19231119 -0.19231119
 -0.19231119 -0.19231119 -0.19231119 -0.19231119 -0.19231119 -0.19231119
 -0.19231119 -0.19231119 -0.19231119 -0.19231119 -0.19231119 -0.19231119
 -0.19231119 -0.19231119 -0.19231119 -0.19231119 -0.19231119 -0.19231119
 -0.19231119 -0.19231119 -0.19231119 -0.19231119 -0.19231119 -0.19231119
 -0.19231119 -0.19231119 -0.19231119 -0.19231119 -0.19231119 -0.19231119
 -0.19231119 -0.19231119 -0.19231119 -0.19231119 -0.19231119 -0.19231119
 -0.19231119 -0.19231119 -0.19231119 -0.19231119 -0.19231119 -0.19231119
 -0.19231119 -0.19231119 -0.19231119 -0.19231119 -0.19231119 -0.19231119
 -0.19231119 -0.19231119 -0.19231119 -0.19231119 -0.19231119 -0.19231119
 -0.19231119 -0.19231119 -0.19231119 -0.19231119 -0.19231119 -0.19231119
 -0.19231119 -0.19231119 -0.19231119 -0.19231119 -0.19231119 -0.19231119
 -0.19231119 -0.19231119 -0.19231119 -0.19231119 -0.19231119  8.6049492
 -0.19231119 -0.19231119 -0.19231119 -0.19231119  1.49579447 -0.19231119
 -0.19231119 -0.19231119  2.83465296 -0.19231119 -0.19231119 -0.19231119
 -0.19231119 -0.19231119 -0.19231119 -0.19231119 -0.19231119 -0.19231119
 -0.19231119 -0.19231119 -0.19231119 -0.19231119 -0.19231119 -0.19231119
 -0.19231119 -0.19231119  5.22075681 -0.19231119 -0.19231119 -0.19231119
 -0.19231119 -0.19231119  0.31815357 -0.19231119 -0.19231119 -0.19231119
 -0.19231119 -0.19231119 -0.19231119 -0.19231119  1.82460974 -0.19231119
 -0.19231119 -0.19231119 -0.19231119 -0.19231119 -0.19231119 -0.19231119
 -0.19231119 -0.19231119 -0.19231119 -0.19231119 -0.19231119 -0.19231119
 -0.19231119 -0.19231119 -0.19231119 -0.19231119 -0.19231119 -0.19231119
 -0.19231119 -0.19231119 -0.19231119 -0.19231119 -0.19231119 -0.19231119
 -0.19231119 -0.19231119 -0.19231119 -0.19231119 -0.19231119 -0.19231119
 -0.19231119 -0.19231119 -0.19231119 -0.19231119 -0.19231119 -0.19231119
 -0.19231119 -0.19231119 -0.19231119 -0.19231119 -0.19231119 -0.19231119
 -0.19231119 -0.19231119 -0.19231119 -0.19231119 -0.19231119  1.55142077
 -0.19231119 -0.19231119 -0.19231119 -0.19231119 -0.19231119 -0.19231119
 -0.19231119 -0.19231119 -0.19231119 -0.19231119 -0.19231119 -0.19231119
 -0.19231119 -0.19231119 -0.19231119 -0.19231119 -0.19231119 -0.19231119
 -0.19231119 -0.19231119 -0.19231119 -0.19231119 -0.19231119 -0.19231119
 -0.19231119 -0.19231119  2.54846359 -0.19231119 -0.19231119  4.69174505
 -0.19231119 -0.19231119 -0.19231119 -0.19231119 -0.19231119 -0.19231119
  3.18052682 -0.19231119 -0.19231119 -0.19231119 -0.19231119  0.54310093
 -0.19231119 -0.19231119 -0.19231119 -0.19231119 -0.19231119 -0.19231119
 -0.19231119 -0.19231119 -0.19231119 -0.19231119 -0.19231119 -0.19231119
 -0.19231119 -0.19231119 -0.19231119 -0.19231119 -0.19231119 -0.19231119
 -0.19231119  3.00420292 -0.19231119 -0.19231119  1.99468743 -0.19231119
  3.39989839 -0.19231119 -0.19231119 -0.19231119 -0.19231119 -0.19231119
 -0.19231119 -0.19231119 -0.19231119 -0.19231119 -0.19231119 -0.19231119
 -0.19231119 -0.19231119 -0.19231119 -0.19231119  3.83090076 -0.19231119
 -0.19231119 -0.19231119 -0.19231119 -0.19231119 -0.19231119 -0.19231119
 -0.19231119 -0.19231119 -0.19231119  5.15693733 -0.19231119 -0.19231119
 -0.19231119 -0.19231119 -0.19231119 -0.19231119  4.01097349  6.8630521
 -0.19231119 -0.19231119 -0.19231119 -0.19231119 -0.19231119 -0.19231119
 -0.19231119  1.83139162 -0.19231119 -0.19231119 -0.19231119  1.62248849
 -0.19231119 -0.19231119 -0.19231119 -0.19231119 -0.19231119 -0.19231119
 -0.19231119 -0.19231119 -0.19231119 -0.19231119 -0.19231119 -0.19231119
 -0.19231119 -0.19231119 -0.19231119 -0.19231119 -0.19231119 -0.19231119
 -0.19231119 -0.19231119 -0.19231119 -0.19231119 -0.19231119  2.55703051
 -0.19231119 -0.19231119 -0.19231119 -0.19231119 -0.19231119 -0.19231119
 -0.19231119 -0.19231119 -0.19231119 -0.19231119 -0.19231119 -0.19231119
 -0.19231119 -0.19231119 -0.19231119 -0.19231119 -0.19231119 -0.19231119
 -0.19231119 -0.19231119 -0.19231119 -0.19231119 -0.19231119 -0.19231119
 -0.19231119 -0.19231119 -0.19231119 -0.19231119 -0.19231119 -0.19231119
 -0.19231119 -0.19231119 -0.19231119 -0.19231119 -0.19231119 -0.19231119
 -0.19231119 -0.19231119 -0.19231119 -0.19231119 -0.19231119 -0.19231119
 -0.19231119 -0.19231119 -0.19231119 -0.19231119 -0.19231119 -0.19231119
 -0.19231119 -0.19231119 -0.19231119 -0.19231119 -0.19231119 -0.19231119
 -0.19231119 -0.19231119 -0.19231119 -0.19231119 -0.19231119 -0.19231119
 -0.19231119 -0.19231119 -0.19231119 -0.19231119 -0.19231119 -0.19231119
 -0.19231119 -0.19231119 -0.19231119 -0.19231119 -0.19231119 -0.19231119
 -0.19231119 -0.19231119 -0.19231119 -0.19231119 -0.19231119 -0.19231119
 -0.19231119 -0.19231119 -0.19231119 -0.19231119 -0.19231119 -0.19231119
 -0.19231119 -0.19231119 -0.19231119 -0.19231119 -0.19231119 -0.19231119
 -0.19231119 -0.19231119 -0.19231119 -0.19231119 -0.19231119 -0.19231119
 -0.19231119 -0.19231119 -0.19231119 -0.19231119 -0.19231119 -0.19231119
 -0.19231119 -0.19231119 -0.19231119 -0.19231119 -0.19231119 -0.19231119
 -0.19231119 -0.19231119 -0.19231119 -0.19231119 -0.19231119  4.75288784
 -0.19231119 -0.19231119 -0.19231119 -0.19231119 -0.19231119 -0.19231119
 -0.19231119 -0.19231119 -0.19231119 -0.19231119 -0.19231119 -0.19231119
 -0.19231119 -0.19231119 -0.19231119 -0.19231119 -0.19231119 -0.19231119
 -0.19231119 -0.19231119 -0.19231119 -0.19231119 -0.19231119 -0.19231119
 -0.19231119 -0.19231119 -0.19231119 -0.19231119 -0.19231119 -0.19231119
 -0.19231119 -0.19231119 -0.19231119 -0.19231119 -0.19231119 -0.19231119
 -0.19231119 -0.19231119  1.55142077 -0.19231119  9.06400214 -0.19231119
  9.27203152 -0.19231119 -0.19231119 -0.19231119 -0.19231119 -0.19231119
 -0.19231119 -0.19231119 -0.19231119 -0.19231119 -0.19231119 -0.19231119
 -0.19231119 -0.19231119 -0.19231119 -0.19231119 -0.19231119 -0.19231119
 -0.19231119  3.27564916 -0.19231119 -0.19231119 -0.19231119 -0.19231119
 -0.19231119 -0.19231119 -0.19231119 -0.19231119 -0.19231119 -0.19231119
 -0.19231119 -0.19231119 -0.19231119 -0.19231119 -0.19231119 -0.19231119
 -0.19231119 -0.19231119 -0.19231119 -0.19231119 -0.19231119 -0.19231119
 -0.19231119 -0.19231119 -0.19231119 -0.19231119 -0.19231119 -0.19231119
 -0.19231119 -0.19231119 -0.19231119 -0.19231119]",[-0.00933343279566895]
1,"[-0.19706265 -0.19706265 -0.19706265 -0.19706265 -0.19706265 -0.19706265
 -0.19706265 -0.19706265 -0.19706265 -0.19706265 -0.19706265 -0.19706265
 -0.19706265 -0.19706265 -0.19706265 -0.19706265 -0.19706265 -0.19706265
 -0.19706265 -0.19706265 -0.19706265 -0.19706265 -0.19706265 -0.19706265
 -0.19706265 -0.19706265 -0.19706265 -0.19706265 -0.19706265 -0.19706265
 -0.19706265 -0.19706265 -0.19706265 -0.19706265 -0.19706265 -0.19706265
 -0.19706265 -0.19706265 -0.19706265 -0.19706265 -0.19706265 -0.19706265
 -0.19706265 -0.19706265 -0.19706265 -0.19706265 -0.19706265 -0.19706265
 -0.19706265 -0.19706265 -0.19706265 -0.19706265 -0.19706265 -0.19706265
 -0.19706265 -0.19706265 -0.19706265 -0.19706265 -0.19706265 -0.19706265
 -0.19706265 -0.19706265 -0.19706265 -0.19706265 -0.19706265 -0.19706265
 -0.19706265 -0.19706265 -0.19706265 -0.19706265 -0.19706265 -0.19706265
 -0.19706265 -0.19706265 -0.19706265 -0.19706265 -0.19706265 -0.19706265
 -0.19706265 -0.19706265 -0.19706265 -0.19706265 -0.19706265  7.81163414
 -0.19706265 -0.19706265 -0.19706265 -0.19706265 -0.19706265 -0.19706265
 -0.19706265 -0.19706265 -0.19706265 -0.19706265 -0.19706265 -0.19706265
 -0.19706265 -0.19706265 -0.19706265 -0.19706265 -0.19706265 -0.19706265
 -0.19706265 -0.19706265 -0.19706265 -0.19706265 -0.19706265 -0.19706265
 -0.19706265 -0.19706265  5.66956191 -0.19706265 -0.19706265 -0.19706265
 -0.19706265 -0.19706265 -0.19706265 -0.19706265 -0.19706265 -0.19706265
 -0.19706265 -0.19706265 -0.19706265  7.93120918 -0.19706265 -0.19706265
 -0.19706265 -0.19706265 -0.19706265 -0.19706265 -0.19706265 -0.19706265
 -0.19706265 -0.19706265 -0.19706265 -0.19706265 -0.19706265 -0.19706265
 -0.19706265 -0.19706265 -0.19706265 -0.19706265 -0.19706265 -0.19706265
 -0.19706265 -0.19706265 -0.19706265 -0.19706265 -0.19706265 -0.19706265
 -0.19706265 -0.19706265 -0.19706265 -0.19706265 -0.19706265 -0.19706265
 -0.19706265 -0.19706265 -0.19706265 -0.19706265 -0.19706265 -0.19706265
 -0.19706265 -0.19706265 -0.19706265 -0.19706265 -0.19706265 -0.19706265
 -0.19706265 -0.19706265 -0.19706265 -0.19706265 -0.19706265 -0.19706265
 -0.19706265 -0.19706265 -0.19706265 -0.19706265 -0.19706265 -0.19706265
 -0.19706265 -0.19706265 -0.19706265 -0.19706265 -0.19706265 -0.19706265
 -0.19706265 -0.19706265 -0.19706265 -0.19706265 -0.19706265 -0.19706265
 -0.19706265 -0.19706265 -0.19706265 -0.19706265 -0.19706265 -0.19706265
 -0.19706265 -0.19706265 -0.19706265 -0.19706265 -0.19706265 -0.19706265
 -0.19706265 -0.19706265 -0.19706265 -0.19706265 -0.19706265 -0.19706265
  2.08854247 -0.19706265 -0.19706265 -0.19706265 -0.19706265  0.47375162
 -0.19706265 -0.19706265 -0.19706265 -0.19706265 -0.19706265 -0.19706265
 -0.19706265 -0.19706265 -0.19706265 -0.19706265 -0.19706265 -0.19706265
 -0.19706265 -0.19706265 -0.19706265 -0.19706265 -0.19706265 -0.19706265
 -0.19706265  3.28596979 -0.19706265  5.45380375  3.71919721 -0.19706265
  2.37878655 -0.19706265 -0.19706265  2.94802319 -0.19706265 -0.19706265
 -0.19706265 -0.19706265 -0.19706265 -0.19706265 -0.19706265  4.396386
 -0.19706265 -0.19706265 -0.19706265  5.20639966 -0.19706265 -0.19706265
 -0.19706265 -0.19706265 -0.19706265  2.23052127 -0.19706265  0.82560878
 -0.19706265 -0.19706265 -0.19706265 -0.19706265  1.31729573 -0.19706265
 -0.19706265 -0.19706265  6.73163671 -0.19706265  1.65498457 -0.19706265
 -0.19706265 -0.19706265 -0.19706265 -0.19706265 -0.19706265 -0.19706265
  5.12456752 -0.19706265 -0.19706265 -0.19706265 -0.19706265  0.97822817
 -0.19706265 -0.19706265 -0.19706265 -0.19706265 -0.19706265 -0.19706265
 -0.19706265 -0.19706265 -0.19706265 -0.19706265 -0.19706265 -0.19706265
 -0.19706265 -0.19706265 -0.19706265 -0.19706265  4.0625517  -0.19706265
 -0.19706265 -0.19706265 -0.19706265 -0.19706265 -0.19706265  3.117984
 -0.19706265 -0.19706265 -0.19706265 -0.19706265 -0.19706265 -0.19706265
 -0.19706265 -0.19706265 -0.19706265 -0.19706265 -0.19706265 -0.19706265
 -0.19706265 -0.19706265 -0.19706265 -0.19706265 -0.19706265 -0.19706265
 -0.19706265 -0.19706265 -0.19706265 -0.19706265 -0.19706265 -0.19706265
 -0.19706265 -0.19706265 -0.19706265 -0.19706265 -0.19706265 -0.19706265
 -0.19706265 -0.19706265 -0.19706265 -0.19706265 -0.19706265 -0.19706265
 -0.19706265 -0.19706265 -0.19706265 -0.19706265 -0.19706265 -0.19706265
 -0.19706265 -0.19706265 -0.19706265 -0.19706265 -0.19706265 -0.19706265
 -0.19706265 -0.19706265 -0.19706265 -0.19706265 -0.19706265 -0.19706265
 -0.19706265 -0.19706265 -0.19706265 -0.19706265 -0.19706265 -0.19706265
 -0.19706265 -0.19706265 -0.19706265 -0.19706265 -0.19706265 -0.19706265
 -0.19706265 -0.19706265 -0.19706265 -0.19706265 -0.19706265 -0.19706265
 -0.19706265 -0.19706265 -0.19706265 -0.19706265  6.70035794 -0.19706265
 -0.19706265 -0.19706265 -0.19706265 -0.19706265 -0.19706265 -0.19706265
 -0.19706265 -0.19706265 -0.19706265 -0.19706265 -0.19706265 -0.19706265
 -0.19706265 -0.19706265 -0.19706265 -0.19706265 -0.19706265 -0.19706265
 -0.19706265 -0.19706265 -0.19706265 -0.19706265 -0.19706265 -0.19706265
 -0.19706265 -0.19706265 -0.19706265 -0.19706265 -0.19706265 -0.19706265
 -0.19706265 -0.19706265 -0.19706265 -0.19706265  6.29548575 -0.19706265
 -0.19706265 -0.19706265 -0.19706265 -0.19706265 -0.19706265 -0.19706265
 -0.19706265 -0.19706265 -0.19706265 -0.19706265 -0.19706265 -0.19706265
 -0.19706265 -0.19706265 -0.19706265 -0.19706265 -0.19706265 -0.19706265
 -0.19706265 -0.19706265 -0.19706265 -0.19706265 -0.19706265 -0.19706265
 -0.19706265 -0.19706265 -0.19706265 -0.19706265 -0.19706265 -0.19706265
 -0.19706265 -0.19706265 -0.19706265 -0.19706265 -0.19706265 -0.19706265
 -0.19706265 -0.19706265 -0.19706265 -0.19706265 -0.19706265 -0.19706265
 -0.19706265 -0.19706265 -0.19706265 -0.19706265 -0.19706265 -0.19706265
 -0.19706265 -0.19706265 -0.19706265 -0.19706265 -0.19706265 -0.19706265
 -0.19706265 -0.19706265 -0.19706265 -0.19706265 -0.19706265 -0.19706265
 -0.19706265  5.30810288 -0.19706265 -0.19706265 -0.19706265 -0.19706265
 -0.19706265 -0.19706265 -0.19706265 -0.19706265 -0.19706265 -0.19706265
 -0.19706265 -0.19706265 -0.19706265 -0.19706265 -0.19706265 -0.19706265
 -0.19706265 -0.19706265 -0.19706265 -0.19706265 -0.19706265 -0.19706265
 -0.19706265 -0.19706265 -0.19706265 -0.19706265 -0.19706265 -0.19706265
 -0.19706265 -0.19706265  1.83541959 -0.19706265]",[0.0828384404210962]
1,"[-2.62282608e-01 -2.62282608e-01 -2.62282608e-01 -2.62282608e-01
  5.69794213e-01 -2.62282608e-01 -2.62282608e-01 -2.62282608e-01
 -2.62282608e-01 -2.62282608e-01 -2.62282608e-01 -2.62282608e-01
 -2.62282608e-01 -2.62282608e-01 -2.62282608e-01 -2.62282608e-01
 -2.62282608e-01 -2.62282608e-01  2.37078832e+00 -2.62282608e-01
 -2.62282608e-01 -2.62282608e-01 -2.62282608e-01  2.37078832e+00
 -2.62282608e-01 -2.62282608e-01 -2.62282608e-01  5.21274018e-01
 -2.62282608e-01 -2.62282608e-01 -2.62282608e-01 -2.62282608e-01
 -2.62282608e-01 -2.62282608e-01 -2.62282608e-01 -2.62282608e-01
 -2.62282608e-01 -2.62282608e-01 -2.62282608e-01 -2.62282608e-01
 -2.62282608e-01 -2.62282608e-01 -2.62282608e-01 -2.62282608e-01
 -2.62282608e-01 -2.62282608e-01  2.53399100e+00 -2.62282608e-01
 -2.62282608e-01 -2.62282608e-01 -2.62282608e-01 -2.62282608e-01
 -2.62282608e-01 -2.62282608e-01 -2.62282608e-01 -2.62282608e-01
 -2.62282608e-01 -2.62282608e-01 -2.62282608e-01 -2.62282608e-01
 -2.62282608e-01 -2.62282608e-01 -2.62282608e-01 -2.62282608e-01
 -2.62282608e-01 -2.62282608e-01 -2.62282608e-01 -2.62282608e-01
 -2.62282608e-01 -2.62282608e-01 -2.62282608e-01 -2.62282608e-01
 -2.62282608e-01 -2.62282608e-01 -2.62282608e-01 -2.62282608e-01
 -2.62282608e-01 -2.62282608e-01 -2.62282608e-01 -2.62282608e-01
 -2.62282608e-01 -2.62282608e-01 -2.62282608e-01  7.00743588e+00
 -2.62282608e-01 -2.62282608e-01 -2.62282608e-01 -2.62282608e-01
 -2.62282608e-01 -2.62282608e-01 -2.62282608e-01 -2.62282608e-01
 -2.62282608e-01 -2.62282608e-01 -2.62282608e-01 -2.62282608e-01
 -2.62282608e-01 -2.62282608e-01 -2.62282608e-01 -2.62282608e-01
 -2.62282608e-01 -2.62282608e-01 -2.62282608e-01 -2.62282608e-01
 -2.62282608e-01 -2.62282608e-01 -2.62282608e-01 -2.62282608e-01
 -2.62282608e-01 -2.62282608e-01  4.07466586e+00 -2.62282608e-01
 -2.62282608e-01 -2.62282608e-01 -2.62282608e-01  9.87188792e-01
  2.51307978e+00 -2.62282608e-01 -2.62282608e-01 -2.62282608e-01
 -2.62282608e-01 -2.62282608e-01 -2.62282608e-01  7.89564424e-01
  1.56282359e+00 -2.62282608e-01 -2.62282608e-01 -2.62282608e-01
 -2.62282608e-01 -2.62282608e-01 -2.62282608e-01 -2.62282608e-01
 -2.62282608e-01 -2.62282608e-01 -2.62282608e-01 -2.62282608e-01
 -2.62282608e-01 -2.62282608e-01 -2.62282608e-01 -2.62282608e-01
 -2.62282608e-01 -2.62282608e-01 -2.62282608e-01 -2.62282608e-01
 -2.62282608e-01 -2.62282608e-01 -2.62282608e-01 -2.62282608e-01
 -2.62282608e-01 -2.62282608e-01 -2.62282608e-01 -2.62282608e-01
 -2.62282608e-01 -2.62282608e-01 -2.62282608e-01 -2.62282608e-01
 -2.62282608e-01 -2.62282608e-01 -2.62282608e-01 -2.62282608e-01
 -2.62282608e-01 -2.62282608e-01 -2.62282608e-01  6.27796168e-02
 -2.62282608e-01 -2.62282608e-01 -2.62282608e-01 -2.62282608e-01
 -2.62282608e-01 -2.62282608e-01 -2.62282608e-01 -2.62282608e-01
 -2.62282608e-01 -2.62282608e-01 -2.62282608e-01 -2.62282608e-01
 -2.62282608e-01 -2.62282608e-01 -2.62282608e-01 -2.62282608e-01
 -2.62282608e-01 -2.62282608e-01 -2.62282608e-01 -2.62282608e-01
 -2.62282608e-01 -2.62282608e-01  7.61197038e+00 -2.62282608e-01
 -2.62282608e-01 -2.62282608e-01 -2.62282608e-01 -2.62282608e-01
 -2.62282608e-01 -2.62282608e-01 -2.62282608e-01 -2.62282608e-01
 -2.62282608e-01 -2.62282608e-01 -2.62282608e-01 -2.62282608e-01
 -2.62282608e-01 -2.62282608e-01 -2.62282608e-01  2.15625122e+00
 -2.62282608e-01 -2.62282608e-01 -2.62282608e-01 -2.62282608e-01
 -2.62282608e-01 -2.62282608e-01  4.60101077e+00 -2.62282608e-01
  5.74780672e-03 -2.62282608e-01 -2.62282608e-01  3.45960166e+00
 -2.62282608e-01 -2.62282608e-01 -2.62282608e-01 -2.62282608e-01
 -2.62282608e-01 -2.62282608e-01 -2.62282608e-01 -2.62282608e-01
 -2.62282608e-01 -2.62282608e-01 -2.62282608e-01 -2.62282608e-01
 -2.62282608e-01 -2.62282608e-01 -2.62282608e-01 -2.62282608e-01
 -2.62282608e-01 -2.62282608e-01 -2.62282608e-01  1.84743077e+00
 -2.62282608e-01  2.54567951e+00  2.37078832e+00 -2.62282608e-01
  2.18969410e+00 -2.62282608e-01 -2.62282608e-01 -2.62282608e-01
 -2.62282608e-01 -2.62282608e-01 -2.62282608e-01 -2.62282608e-01
 -2.62282608e-01 -2.62282608e-01 -2.62282608e-01 -2.62282608e-01
 -2.62282608e-01 -2.62282608e-01 -2.62282608e-01  3.36572614e+00
  2.30496431e+00 -2.62282608e-01 -2.62282608e-01 -2.62282608e-01
 -2.62282608e-01  1.71252058e+00 -2.62282608e-01 -2.62282608e-01
 -2.62282608e-01 -2.62282608e-01 -2.62282608e-01 -2.62282608e-01
 -2.62282608e-01 -2.62282608e-01 -2.62282608e-01 -2.62282608e-01
  2.70275089e+00 -2.62282608e-01  2.79907667e+00  3.92397468e+00
 -2.62282608e-01 -2.62282608e-01 -2.62282608e-01 -2.62282608e-01
 -2.62282608e-01 -2.62282608e-01 -2.62282608e-01  1.13026778e+00
 -2.62282608e-01 -2.62282608e-01  2.40320373e+00  5.87417673e+00
 -2.62282608e-01 -2.62282608e-01 -2.62282608e-01 -2.62282608e-01
 -2.62282608e-01 -2.62282608e-01 -2.62282608e-01 -2.62282608e-01
 -2.62282608e-01 -2.62282608e-01 -2.62282608e-01 -2.62282608e-01
 -2.62282608e-01 -2.62282608e-01 -2.62282608e-01 -2.62282608e-01
 -2.62282608e-01 -2.62282608e-01  2.73585626e+00 -2.62282608e-01
 -2.62282608e-01 -2.62282608e-01 -2.62282608e-01  3.90698453e+00
 -2.62282608e-01  7.81047061e-01 -2.62282608e-01 -2.62282608e-01
 -2.62282608e-01 -2.62282608e-01 -2.62282608e-01 -2.62282608e-01
 -2.62282608e-01 -2.62282608e-01 -2.62282608e-01 -2.62282608e-01
 -2.62282608e-01 -2.62282608e-01 -2.62282608e-01 -2.62282608e-01
 -2.62282608e-01 -2.62282608e-01 -2.62282608e-01 -2.62282608e-01
 -2.62282608e-01 -2.62282608e-01 -2.62282608e-01 -2.62282608e-01
 -2.62282608e-01 -2.62282608e-01 -2.62282608e-01 -2.62282608e-01
 -2.62282608e-01 -2.62282608e-01 -2.62282608e-01 -2.62282608e-01
 -2.62282608e-01 -2.62282608e-01 -2.62282608e-01 -2.62282608e-01
 -2.62282608e-01 -2.62282608e-01 -2.62282608e-01 -2.62282608e-01
 -2.62282608e-01 -2.62282608e-01 -2.62282608e-01 -2.62282608e-01
 -2.62282608e-01 -2.62282608e-01 -2.62282608e-01 -2.62282608e-01
 -2.62282608e-01 -2.62282608e-01 -2.62282608e-01 -2.62282608e-01
 -2.62282608e-01 -2.62282608e-01 -2.62282608e-01 -2.62282608e-01
 -2.62282608e-01 -2.62282608e-01 -2.62282608e-01 -2.62282608e-01
 -2.62282608e-01 -2.62282608e-01 -2.62282608e-01 -2.62282608e-01
 -2.62282608e-01 -2.62282608e-01 -2.62282608e-01 -2.62282608e-01
 -2.62282608e-01 -2.62282608e-01 -2.62282608e-01 -2.62282608e-01
 -2.62282608e-01 -2.62282608e-01 -2.62282608e-01 -2.62282608e-01
 -2.62282608e-01 -2.62282608e-01 -2.62282608e-01 -2.62282608e-01
 -2.62282608e-01 -2.62282608e-01 -2.62282608e-01 -2.62282608e-01
 -2.62282608e-01 -2.62282608e-01 -2.62282608e-01 -2.62282608e-01
 -2.62282608e-01 -2.62282608e-01 -2.62282608e-01 -2.62282608e-01
 -2.62282608e-01 -2.62282608e-01 -2.62282608e-01 -2.62282608e-01
 -2.62282608e-01 -2.62282608e-01 -2.62282608e-01 -2.62282608e-01
 -2.62282608e-01 -2.62282608e-01 -2.62282608e-01 -2.62282608e-01
 -2.62282608e-01 -2.62282608e-01 -2.62282608e-01 -2.62282608e-01
 -2.62282608e-01 -2.62282608e-01 -2.62282608e-01 -2.62282608e-01
 -2.62282608e-01  2.66599539e+00 -2.62282608e-01 -2.62282608e-01
 -2.62282608e-01 -2.62282608e-01 -2.62282608e-01 -2.62282608e-01
 -2.62282608e-01 -2.62282608e-01 -2.62282608e-01 -2.62282608e-01
 -2.62282608e-01 -2.62282608e-01 -2.62282608e-01 -2.62282608e-01
 -2.62282608e-01  3.26442099e+00 -2.62282608e-01 -2.62282608e-01
 -2.62282608e-01 -2.62282608e-01 -2.62282608e-01 -2.62282608e-01
 -2.62282608e-01 -2.62282608e-01 -2.62282608e-01 -2.62282608e-01
 -2.62282608e-01 -2.62282608e-01 -2.62282608e-01 -2.62282608e-01
 -2.62282608e-01 -2.62282608e-01 -2.62282608e-01 -2.62282608e-01
 -2.62282608e-01 -2.62282608e-01 -2.62282608e-01 -2.62282608e-01
  4.12529294e+00 -2.62282608e-01 -2.62282608e-01 -2.62282608e-01
  6.61809052e+00 -2.62282608e-01 -2.62282608e-01 -2.62282608e-01
  2.62903822e+00 -2.62282608e-01 -2.62282608e-01 -2.62282608e-01
 -2.62282608e-01  4.02158860e+00 -2.62282608e-01 -2.62282608e-01
 -2.62282608e-01 -2.62282608e-01 -2.62282608e-01 -2.62282608e-01
 -2.62282608e-01 -2.62282608e-01  2.62903822e+00 -2.62282608e-01
 -2.62282608e-01 -2.62282608e-01 -2.62282608e-01  9.78237928e-01
 -2.62282608e-01  3.96792011e+00 -2.62282608e-01 -2.62282608e-01
 -2.62282608e-01 -2.62282608e-01 -2.62282608e-01 -2.62282608e-01
 -2.62282608e-01 -2.62282608e-01 -2.62282608e-01 -2.62282608e-01
 -2.62282608e-01 -2.62282608e-01  5.36892718e+00 -2.62282608e-01
 -2.62282608e-01 -2.62282608e-01 -2.62282608e-01 -2.62282608e-01
 -2.62282608e-01 -2.62282608e-01 -2.62282608e-01 -2.62282608e-01
 -2.62282608e-01 -2.62282608e-01  2.78507347e+00 -2.62282608e-01]",[0.09360658555469822]
1,"[-2.58229369e-01 -2.58229369e-01 -2.58229369e-01 -2.58229369e-01
  3.34894766e-01 -2.58229369e-01 -2.58229369e-01 -2.58229369e-01
 -2.58229369e-01 -2.58229369e-01 -2.58229369e-01 -2.58229369e-01
 -2.58229369e-01 -2.58229369e-01 -2.58229369e-01 -2.58229369e-01
 -2.58229369e-01 -2.58229369e-01  7.84911267e-01 -2.58229369e-01
 -2.58229369e-01 -2.58229369e-01 -2.58229369e-01 -2.58229369e-01
 -2.58229369e-01 -2.58229369e-01 -2.58229369e-01 -2.58229369e-01
 -2.58229369e-01 -2.58229369e-01 -2.58229369e-01 -2.58229369e-01
 -2.58229369e-01 -2.58229369e-01 -2.58229369e-01 -2.58229369e-01
 -2.58229369e-01 -2.58229369e-01 -2.58229369e-01 -2.58229369e-01
 -2.58229369e-01 -2.58229369e-01 -2.58229369e-01 -2.58229369e-01
 -2.58229369e-01 -2.58229369e-01 -2.58229369e-01 -2.58229369e-01
 -2.58229369e-01 -2.58229369e-01 -2.58229369e-01 -2.58229369e-01
 -2.58229369e-01 -2.58229369e-01 -2.58229369e-01 -2.58229369e-01
 -2.58229369e-01 -2.58229369e-01 -2.58229369e-01 -2.58229369e-01
 -2.58229369e-01 -2.58229369e-01 -2.58229369e-01 -2.58229369e-01
 -2.58229369e-01 -2.58229369e-01 -2.58229369e-01 -2.58229369e-01
 -2.58229369e-01 -2.58229369e-01 -2.58229369e-01 -2.58229369e-01
 -2.58229369e-01 -2.58229369e-01 -2.58229369e-01 -2.58229369e-01
 -2.58229369e-01 -2.58229369e-01 -2.58229369e-01 -2.58229369e-01
 -2.58229369e-01 -2.58229369e-01 -2.58229369e-01  6.95282090e+00
 -2.58229369e-01 -2.58229369e-01 -2.58229369e-01 -2.58229369e-01
 -2.58229369e-01 -2.58229369e-01 -2.58229369e-01 -2.58229369e-01
  3.89658134e+00 -2.58229369e-01 -2.58229369e-01 -2.58229369e-01
 -2.58229369e-01 -2.58229369e-01 -2.58229369e-01 -2.58229369e-01
 -2.58229369e-01 -2.58229369e-01 -2.58229369e-01 -2.58229369e-01
 -2.58229369e-01 -2.58229369e-01 -2.58229369e-01 -2.58229369e-01
 -2.58229369e-01 -2.58229369e-01  6.01684572e+00 -2.58229369e-01
 -2.58229369e-01 -2.58229369e-01 -2.58229369e-01 -2.58229369e-01
 -2.58229369e-01 -2.58229369e-01 -2.58229369e-01 -2.58229369e-01
 -2.58229369e-01 -2.58229369e-01 -2.58229369e-01  1.14340901e+00
  4.56336309e+00 -2.58229369e-01 -2.58229369e-01 -2.58229369e-01
 -2.58229369e-01 -2.58229369e-01 -2.58229369e-01 -2.58229369e-01
 -2.58229369e-01 -2.58229369e-01 -2.58229369e-01 -2.58229369e-01
 -2.58229369e-01 -2.58229369e-01 -2.58229369e-01 -2.58229369e-01
 -2.58229369e-01 -2.58229369e-01 -2.58229369e-01 -2.58229369e-01
 -2.58229369e-01 -2.58229369e-01 -2.58229369e-01 -2.58229369e-01
 -2.58229369e-01 -2.58229369e-01 -2.58229369e-01 -2.58229369e-01
 -2.58229369e-01 -2.58229369e-01 -2.58229369e-01 -2.58229369e-01
 -2.58229369e-01 -2.58229369e-01 -2.58229369e-01 -2.58229369e-01
 -2.58229369e-01 -2.58229369e-01 -2.58229369e-01 -6.42173371e-04
 -2.58229369e-01 -2.58229369e-01 -2.58229369e-01 -2.58229369e-01
 -2.58229369e-01 -2.58229369e-01 -2.58229369e-01 -2.58229369e-01
 -2.58229369e-01 -2.58229369e-01 -2.58229369e-01 -2.58229369e-01
 -2.58229369e-01 -2.58229369e-01 -2.58229369e-01 -2.58229369e-01
 -2.58229369e-01 -2.58229369e-01 -2.58229369e-01 -2.58229369e-01
 -2.58229369e-01 -2.58229369e-01 -2.58229369e-01 -2.58229369e-01
 -2.58229369e-01 -2.58229369e-01 -2.58229369e-01 -2.58229369e-01
 -2.58229369e-01 -2.58229369e-01 -2.58229369e-01 -2.58229369e-01
 -2.58229369e-01 -2.58229369e-01  3.11030277e+00 -2.58229369e-01
 -2.58229369e-01 -2.58229369e-01 -2.58229369e-01 -2.58229369e-01
 -2.58229369e-01 -2.58229369e-01 -2.58229369e-01 -2.58229369e-01
 -2.58229369e-01 -2.58229369e-01  2.83131401e+00 -2.58229369e-01
 -2.58229369e-01 -2.58229369e-01 -2.58229369e-01  4.70874668e-01
 -2.58229369e-01 -2.58229369e-01 -2.58229369e-01 -2.58229369e-01
 -2.58229369e-01 -2.58229369e-01 -2.58229369e-01 -2.58229369e-01
 -2.58229369e-01 -2.58229369e-01 -2.58229369e-01 -2.58229369e-01
 -2.58229369e-01  4.12646936e+00 -2.58229369e-01 -2.58229369e-01
 -2.58229369e-01 -2.58229369e-01 -2.58229369e-01  2.74863128e+00
 -2.58229369e-01  4.34919531e+00  4.12182157e+00 -2.58229369e-01
  4.79292281e+00  2.21406862e+00 -2.58229369e-01 -2.58229369e-01
 -2.58229369e-01 -2.58229369e-01 -2.58229369e-01 -2.58229369e-01
 -2.58229369e-01 -2.58229369e-01 -2.58229369e-01 -2.58229369e-01
 -2.58229369e-01 -2.58229369e-01 -2.58229369e-01  3.51104125e+00
  1.93327367e+00 -2.58229369e-01 -2.58229369e-01 -2.58229369e-01
  4.29918110e+00  1.81056797e+00 -2.58229369e-01  4.95381129e-01
 -2.58229369e-01 -2.58229369e-01 -2.58229369e-01  3.12385965e+00
 -2.58229369e-01 -2.58229369e-01  2.90941543e+00 -2.58229369e-01
  4.43549782e+00 -2.58229369e-01  3.86647950e+00 -2.58229369e-01
 -2.58229369e-01  3.31165377e+00 -2.58229369e-01 -2.58229369e-01
  4.40120415e+00 -2.58229369e-01  4.63419404e+00  2.73422709e+00
 -2.58229369e-01 -2.58229369e-01 -2.58229369e-01  6.06492104e+00
  2.58932005e+00 -2.58229369e-01 -2.58229369e-01 -2.58229369e-01
 -2.58229369e-01 -2.58229369e-01 -2.58229369e-01 -2.58229369e-01
 -2.58229369e-01 -2.58229369e-01 -2.58229369e-01 -2.58229369e-01
 -2.58229369e-01 -2.58229369e-01 -2.58229369e-01 -2.58229369e-01
  2.09323181e+00 -2.58229369e-01  1.48470407e+00 -2.58229369e-01
 -2.58229369e-01 -2.58229369e-01 -2.58229369e-01  3.80226629e+00
 -2.58229369e-01 -2.58229369e-01 -2.58229369e-01 -2.58229369e-01
 -2.58229369e-01 -2.58229369e-01 -2.58229369e-01 -2.58229369e-01
 -2.58229369e-01 -2.58229369e-01 -2.58229369e-01 -2.58229369e-01
 -2.58229369e-01 -2.58229369e-01 -2.58229369e-01 -2.58229369e-01
 -2.58229369e-01 -2.58229369e-01 -2.58229369e-01 -2.58229369e-01
 -2.58229369e-01 -2.58229369e-01 -2.58229369e-01 -2.58229369e-01
 -2.58229369e-01  2.30889653e+00 -2.58229369e-01 -2.58229369e-01
 -2.58229369e-01 -2.58229369e-01 -2.58229369e-01 -2.58229369e-01
 -2.58229369e-01 -2.58229369e-01 -2.58229369e-01 -2.58229369e-01
 -2.58229369e-01 -2.58229369e-01 -2.58229369e-01 -2.58229369e-01
 -2.58229369e-01 -2.58229369e-01 -2.58229369e-01 -2.58229369e-01
 -2.58229369e-01 -2.58229369e-01 -2.58229369e-01 -2.58229369e-01
 -2.58229369e-01 -2.58229369e-01 -2.58229369e-01 -2.58229369e-01
 -2.58229369e-01 -2.58229369e-01 -2.58229369e-01 -2.58229369e-01
 -2.58229369e-01 -2.58229369e-01 -2.58229369e-01 -2.58229369e-01
 -2.58229369e-01 -2.58229369e-01 -2.58229369e-01 -2.58229369e-01
 -2.58229369e-01 -2.58229369e-01 -2.58229369e-01 -2.58229369e-01
 -2.58229369e-01 -2.58229369e-01 -2.58229369e-01 -2.58229369e-01
 -2.58229369e-01 -2.58229369e-01 -2.58229369e-01 -2.58229369e-01
 -2.58229369e-01 -2.58229369e-01 -2.58229369e-01 -2.58229369e-01
 -2.58229369e-01 -2.58229369e-01 -2.58229369e-01 -2.58229369e-01
 -2.58229369e-01 -2.58229369e-01 -2.58229369e-01 -2.58229369e-01
 -2.58229369e-01 -2.58229369e-01 -2.58229369e-01 -2.58229369e-01
 -2.58229369e-01 -2.58229369e-01 -2.58229369e-01 -2.58229369e-01
 -2.58229369e-01 -2.58229369e-01 -2.58229369e-01 -2.58229369e-01
 -2.58229369e-01 -2.58229369e-01 -2.58229369e-01 -2.58229369e-01
 -2.58229369e-01 -2.58229369e-01 -2.58229369e-01 -2.58229369e-01
 -2.58229369e-01 -2.58229369e-01 -2.58229369e-01 -2.58229369e-01
 -2.58229369e-01 -2.58229369e-01 -2.58229369e-01 -2.58229369e-01
 -2.58229369e-01 -2.58229369e-01 -2.58229369e-01 -2.58229369e-01
 -2.58229369e-01 -2.58229369e-01 -2.58229369e-01 -2.58229369e-01
 -2.58229369e-01 -2.58229369e-01 -2.58229369e-01 -2.58229369e-01
 -2.58229369e-01 -2.58229369e-01 -2.58229369e-01 -2.58229369e-01
 -2.58229369e-01 -2.58229369e-01 -2.58229369e-01 -2.58229369e-01
 -2.58229369e-01 -2.58229369e-01 -2.58229369e-01 -2.58229369e-01
 -2.58229369e-01 -2.58229369e-01 -2.58229369e-01 -2.58229369e-01
 -2.58229369e-01 -2.58229369e-01 -2.58229369e-01 -2.58229369e-01
 -2.58229369e-01 -2.58229369e-01 -2.58229369e-01 -2.58229369e-01
  3.70081300e+00 -2.58229369e-01 -2.58229369e-01 -2.58229369e-01
 -2.58229369e-01 -2.58229369e-01 -2.58229369e-01 -2.58229369e-01
 -2.58229369e-01 -2.58229369e-01 -2.58229369e-01 -2.58229369e-01
 -2.58229369e-01 -2.58229369e-01 -2.58229369e-01 -2.58229369e-01
 -2.58229369e-01 -2.58229369e-01 -2.58229369e-01 -2.58229369e-01
 -2.58229369e-01 -2.58229369e-01 -2.58229369e-01  3.95077485e+00
 -2.58229369e-01 -2.58229369e-01 -2.58229369e-01 -2.58229369e-01
 -2.58229369e-01 -2.58229369e-01 -2.58229369e-01 -2.58229369e-01
 -2.58229369e-01  1.11266429e+00 -2.58229369e-01 -2.58229369e-01
 -2.58229369e-01 -2.58229369e-01 -2.58229369e-01 -2.58229369e-01
 -2.58229369e-01  2.91874433e+00 -2.58229369e-01 -2.58229369e-01
 -2.58229369e-01 -2.58229369e-01 -2.58229369e-01 -2.58229369e-01
 -2.58229369e-01 -2.58229369e-01 -2.58229369e-01 -2.58229369e-01
 -2.58229369e-01 -2.58229369e-01 -2.58229369e-01 -2.58229369e-01]",[0.057244302513335565]
1,"[-0.28803965 -0.28803965 -0.28803965 -0.28803965  1.94966994 -0.28803965
 -0.28803965 -0.28803965 -0.28803965 -0.28803965 -0.28803965 -0.28803965
 -0.28803965 -0.28803965 -0.28803965 -0.28803965 -0.28803965 -0.28803965
 -0.28803965 -0.28803965 -0.28803965 -0.28803965 -0.28803965 -0.28803965
 -0.28803965 -0.28803965 -0.28803965 -0.28803965 -0.28803965 -0.28803965
 -0.28803965 -0.28803965 -0.28803965 -0.28803965 -0.28803965 -0.28803965
 -0.28803965 -0.28803965 -0.28803965 -0.28803965 -0.28803965 -0.28803965
 -0.28803965 -0.28803965 -0.28803965 -0.28803965 -0.28803965 -0.28803965
 -0.28803965 -0.28803965 -0.28803965 -0.28803965 -0.28803965 -0.28803965
 -0.28803965 -0.28803965 -0.28803965 -0.28803965 -0.28803965 -0.28803965
 -0.28803965 -0.28803965 -0.28803965 -0.28803965 -0.28803965 -0.28803965
 -0.28803965 -0.28803965 -0.28803965 -0.28803965 -0.28803965 -0.28803965
 -0.28803965 -0.28803965 -0.28803965 -0.28803965 -0.28803965 -0.28803965
 -0.28803965 -0.28803965 -0.28803965 -0.28803965 -0.28803965  4.7950093
 -0.28803965 -0.28803965 -0.28803965 -0.28803965 -0.28803965  2.33109541
 -0.28803965 -0.28803965  1.06674396 -0.28803965 -0.28803965 -0.28803965
 -0.28803965 -0.28803965 -0.28803965 -0.28803965 -0.28803965 -0.28803965
 -0.28803965 -0.28803965 -0.28803965 -0.28803965 -0.28803965 -0.28803965
 -0.28803965 -0.28803965  5.80461501 -0.28803965 -0.28803965 -0.28803965
 -0.28803965  3.89129211  5.01716368 -0.28803965 -0.28803965 -0.28803965
 -0.28803965 -0.28803965 -0.28803965 -0.28803965  4.64783151 -0.28803965
 -0.28803965 -0.28803965 -0.28803965 -0.28803965 -0.28803965 -0.28803965
 -0.28803965 -0.28803965 -0.28803965 -0.28803965 -0.28803965 -0.28803965
 -0.28803965 -0.28803965 -0.28803965 -0.28803965 -0.28803965 -0.28803965
 -0.28803965 -0.28803965 -0.28803965 -0.28803965 -0.28803965 -0.28803965
 -0.28803965 -0.28803965 -0.28803965 -0.28803965 -0.28803965 -0.28803965
 -0.28803965 -0.28803965 -0.28803965 -0.28803965 -0.28803965 -0.28803965
 -0.28803965  1.14648262 -0.28803965 -0.28803965 -0.28803965 -0.28803965
 -0.28803965 -0.28803965 -0.28803965 -0.28803965 -0.28803965 -0.28803965
 -0.28803965 -0.28803965 -0.28803965 -0.28803965 -0.28803965 -0.28803965
 -0.28803965 -0.28803965 -0.28803965 -0.28803965 -0.28803965 -0.28803965
 -0.28803965 -0.28803965 -0.28803965 -0.28803965 -0.28803965 -0.28803965
 -0.28803965 -0.28803965 -0.28803965 -0.28803965 -0.28803965 -0.28803965
 -0.28803965 -0.28803965 -0.28803965 -0.28803965 -0.28803965 -0.28803965
 -0.28803965 -0.28803965 -0.28803965 -0.28803965 -0.28803965  1.09081909
  1.49979816 -0.28803965  0.63294    -0.28803965 -0.28803965  1.05243084
 -0.28803965 -0.28803965 -0.28803965 -0.28803965 -0.28803965 -0.28803965
 -0.28803965 -0.28803965 -0.28803965 -0.28803965 -0.28803965 -0.28803965
 -0.28803965 -0.28803965 -0.28803965 -0.28803965 -0.28803965 -0.28803965
 -0.28803965  2.97782313 -0.28803965  1.85588264  3.4436144  -0.28803965
  2.32581818 -0.28803965 -0.28803965  2.75537732 -0.28803965 -0.28803965
 -0.28803965 -0.28803965 -0.28803965  2.50612725 -0.28803965  2.88167054
 -0.28803965 -0.28803965  4.98755011  3.99701991 -0.28803965 -0.28803965
 -0.28803965 -0.28803965  2.85620913  2.4518618  -0.28803965  2.74906928
 -0.28803965 -0.28803965 -0.28803965  2.07023049  2.14135019 -0.28803965
  3.45730739 -0.28803965  5.35589728 -0.28803965  3.40312828  5.1020702
 -0.28803965  3.44326424 -0.28803965 -0.28803965  2.57566916 -0.28803965
  1.66307991  4.07941443 -0.28803965 -0.28803965 -0.28803965  3.2406437
  1.66307991 -0.28803965 -0.28803965  1.96796049  1.36933055  2.22371066
 -0.28803965 -0.28803965 -0.28803965 -0.28803965 -0.28803965  3.9418737
 -0.28803965 -0.28803965 -0.28803965 -0.28803965 -0.28803965 -0.28803965
 -0.28803965 -0.28803965 -0.28803965 -0.28803965 -0.28803965  1.84515735
 -0.28803965 -0.28803965 -0.28803965 -0.28803965 -0.28803965 -0.28803965
 -0.28803965 -0.28803965 -0.28803965 -0.28803965 -0.28803965 -0.28803965
 -0.28803965 -0.28803965 -0.28803965 -0.28803965 -0.28803965 -0.28803965
 -0.28803965 -0.28803965 -0.28803965 -0.28803965 -0.28803965 -0.28803965
 -0.28803965 -0.28803965 -0.28803965 -0.28803965 -0.28803965 -0.28803965
 -0.28803965 -0.28803965 -0.28803965 -0.28803965 -0.28803965 -0.28803965
 -0.28803965 -0.28803965 -0.28803965 -0.28803965 -0.28803965 -0.28803965
 -0.28803965 -0.28803965 -0.28803965 -0.28803965 -0.28803965 -0.28803965
 -0.28803965 -0.28803965 -0.28803965 -0.28803965 -0.28803965 -0.28803965
 -0.28803965 -0.28803965 -0.28803965 -0.28803965 -0.28803965 -0.28803965
 -0.28803965 -0.28803965 -0.28803965 -0.28803965 -0.28803965 -0.28803965
 -0.28803965 -0.28803965 -0.28803965 -0.28803965 -0.28803965 -0.28803965
 -0.28803965 -0.28803965 -0.28803965 -0.28803965 -0.28803965 -0.28803965
 -0.28803965 -0.28803965 -0.28803965 -0.28803965 -0.28803965 -0.28803965
 -0.28803965 -0.28803965 -0.28803965 -0.28803965 -0.28803965 -0.28803965
 -0.28803965 -0.28803965 -0.28803965 -0.28803965 -0.28803965 -0.28803965
 -0.28803965 -0.28803965 -0.28803965 -0.28803965 -0.28803965 -0.28803965
 -0.28803965 -0.28803965 -0.28803965 -0.28803965 -0.28803965 -0.28803965
 -0.28803965 -0.28803965 -0.28803965 -0.28803965  5.02600521 -0.28803965
 -0.28803965 -0.28803965 -0.28803965 -0.28803965 -0.28803965 -0.28803965
 -0.28803965 -0.28803965 -0.28803965 -0.28803965 -0.28803965 -0.28803965
 -0.28803965 -0.28803965 -0.28803965 -0.28803965 -0.28803965 -0.28803965
  3.67257605 -0.28803965 -0.28803965 -0.28803965 -0.28803965 -0.28803965
 -0.28803965 -0.28803965 -0.28803965 -0.28803965 -0.28803965 -0.28803965
 -0.28803965 -0.28803965 -0.28803965 -0.28803965 -0.28803965 -0.28803965
 -0.28803965 -0.28803965  0.60587926 -0.28803965 -0.28803965 -0.28803965
 -0.28803965 -0.28803965 -0.28803965 -0.28803965 -0.28803965 -0.28803965
 -0.28803965 -0.28803965 -0.28803965 -0.28803965 -0.28803965 -0.28803965
 -0.28803965 -0.28803965 -0.28803965 -0.28803965 -0.28803965 -0.28803965
 -0.28803965  2.38506082 -0.28803965 -0.28803965 -0.28803965 -0.28803965
 -0.28803965 -0.28803965 -0.28803965 -0.28803965 -0.28803965 -0.28803965
 -0.28803965 -0.28803965 -0.28803965 -0.28803965 -0.28803965 -0.28803965
 -0.28803965 -0.28803965 -0.28803965 -0.28803965 -0.28803965 -0.28803965
 -0.28803965 -0.28803965 -0.28803965 -0.28803965 -0.28803965 -0.28803965
 -0.28803965 -0.28803965  4.29614944 -0.28803965]",[0.09592898206423534]
1,"[-0.18295496 -0.18295496 -0.18295496 -0.18295496 -0.18295496 -0.18295496
 -0.18295496 -0.18295496 -0.18295496 -0.18295496 -0.18295496 -0.18295496
 -0.18295496 -0.18295496 -0.18295496 -0.18295496 -0.18295496 -0.18295496
  2.66503307 -0.18295496 -0.18295496 -0.18295496 -0.18295496 -0.18295496
 -0.18295496 -0.18295496 -0.18295496 -0.18295496 -0.18295496 -0.18295496
 -0.18295496 -0.18295496 -0.18295496 -0.18295496 -0.18295496 -0.18295496
 -0.18295496 -0.18295496 -0.18295496 -0.18295496 -0.18295496 -0.18295496
 -0.18295496 -0.18295496 -0.18295496 -0.18295496 -0.18295496 -0.18295496
 -0.18295496 -0.18295496 -0.18295496 -0.18295496 -0.18295496 -0.18295496
 -0.18295496 -0.18295496 -0.18295496 -0.18295496 -0.18295496 -0.18295496
 -0.18295496 -0.18295496 -0.18295496 -0.18295496 -0.18295496 -0.18295496
 -0.18295496 -0.18295496 -0.18295496 -0.18295496 -0.18295496 -0.18295496
 -0.18295496 -0.18295496 -0.18295496 -0.18295496 -0.18295496 -0.18295496
 -0.18295496 -0.18295496 -0.18295496 -0.18295496 -0.18295496  1.59039818
 -0.18295496 -0.18295496 -0.18295496 -0.18295496 -0.18295496 -0.18295496
 -0.18295496 -0.18295496  3.92064666 -0.18295496 -0.18295496 -0.18295496
 -0.18295496 -0.18295496 -0.18295496 -0.18295496 -0.18295496 -0.18295496
 -0.18295496 -0.18295496 -0.18295496 -0.18295496 -0.18295496 -0.18295496
 -0.18295496 -0.18295496  9.36839569 -0.18295496 -0.18295496 -0.18295496
 -0.18295496 -0.18295496 -0.18295496 -0.18295496 -0.18295496 -0.18295496
 -0.18295496 -0.18295496 -0.18295496 -0.18295496 -0.18295496 -0.18295496
 -0.18295496 -0.18295496 -0.18295496 -0.18295496 -0.18295496 -0.18295496
 -0.18295496 -0.18295496 -0.18295496 -0.18295496 -0.18295496 -0.18295496
 -0.18295496 -0.18295496 -0.18295496 -0.18295496 -0.18295496 -0.18295496
 -0.18295496 -0.18295496 -0.18295496 -0.18295496 -0.18295496 -0.18295496
 -0.18295496 -0.18295496 -0.18295496 -0.18295496 -0.18295496 -0.18295496
 -0.18295496 -0.18295496 -0.18295496 -0.18295496 -0.18295496 -0.18295496
 -0.18295496 -0.18295496 -0.18295496 -0.18295496 -0.18295496 -0.18295496
 -0.18295496 -0.18295496 -0.18295496 -0.18295496 -0.18295496 -0.18295496
 -0.18295496 -0.18295496 -0.18295496 -0.18295496 -0.18295496 -0.18295496
 -0.18295496 -0.18295496 -0.18295496 -0.18295496 -0.18295496 -0.18295496
 -0.18295496 -0.18295496 -0.18295496 -0.18295496 -0.18295496 -0.18295496
 -0.18295496 -0.18295496 -0.18295496 -0.18295496 -0.18295496 -0.18295496
 -0.18295496 -0.18295496 -0.18295496 -0.18295496 -0.18295496 -0.18295496
 -0.18295496 -0.18295496 -0.18295496 -0.18295496 -0.18295496 -0.18295496
  5.67190318 -0.18295496 -0.18295496 -0.18295496 -0.18295496 -0.18295496
 -0.18295496 -0.18295496 -0.18295496 -0.18295496 -0.18295496 -0.18295496
 -0.18295496 -0.18295496 -0.18295496 -0.18295496 -0.18295496 -0.18295496
 -0.18295496 -0.18295496 -0.18295496 -0.18295496 -0.18295496 -0.18295496
 -0.18295496  5.43785601 -0.18295496  3.47765815  3.63277786 -0.18295496
  5.08418891 -0.18295496 -0.18295496 -0.18295496 -0.18295496 -0.18295496
 -0.18295496 -0.18295496 -0.18295496 -0.18295496 -0.18295496 -0.18295496
 -0.18295496 -0.18295496  6.84850781 -0.18295496 -0.18295496 -0.18295496
 -0.18295496 -0.18295496 -0.18295496  3.95236257 -0.18295496 -0.18295496
 -0.18295496 -0.18295496 -0.18295496 -0.18295496 -0.18295496 -0.18295496
 -0.18295496 -0.18295496 -0.18295496 -0.18295496  1.85311744 -0.18295496
 -0.18295496 -0.18295496 -0.18295496 -0.18295496 -0.18295496 -0.18295496
 -0.18295496  5.11661053 -0.18295496 -0.18295496 -0.18295496  6.70361258
 -0.18295496 -0.18295496 -0.18295496 -0.18295496 -0.18295496 -0.18295496
 -0.18295496 -0.18295496 -0.18295496 -0.18295496 -0.18295496 -0.18295496
 -0.18295496 -0.18295496 -0.18295496 -0.18295496 -0.18295496 -0.18295496
 -0.18295496 -0.18295496 -0.18295496 -0.18295496 -0.18295496  5.00255827
 -0.18295496 -0.18295496 -0.18295496 -0.18295496 -0.18295496 -0.18295496
 -0.18295496 -0.18295496 -0.18295496 -0.18295496 -0.18295496 -0.18295496
 -0.18295496 -0.18295496 -0.18295496 -0.18295496 -0.18295496 -0.18295496
 -0.18295496 -0.18295496 -0.18295496 -0.18295496 -0.18295496 -0.18295496
 -0.18295496 -0.18295496 -0.18295496 -0.18295496 -0.18295496 -0.18295496
 -0.18295496 -0.18295496 -0.18295496 -0.18295496 -0.18295496 -0.18295496
 -0.18295496 -0.18295496 -0.18295496 -0.18295496 -0.18295496 -0.18295496
 -0.18295496 -0.18295496 -0.18295496 -0.18295496 -0.18295496 -0.18295496
 -0.18295496 -0.18295496 -0.18295496 -0.18295496 -0.18295496 -0.18295496
 -0.18295496 -0.18295496 -0.18295496 -0.18295496 -0.18295496 -0.18295496
 -0.18295496 -0.18295496 -0.18295496 -0.18295496 -0.18295496 -0.18295496
 -0.18295496 -0.18295496 -0.18295496 -0.18295496 -0.18295496 -0.18295496
 -0.18295496 -0.18295496 -0.18295496 -0.18295496 -0.18295496 -0.18295496
 -0.18295496 -0.18295496 -0.18295496 -0.18295496 -0.18295496 -0.18295496
 -0.18295496 -0.18295496 -0.18295496 -0.18295496 -0.18295496 -0.18295496
 -0.18295496 -0.18295496 -0.18295496 -0.18295496 -0.18295496 -0.18295496
 -0.18295496 -0.18295496 -0.18295496  3.0490813  -0.18295496 -0.18295496
 -0.18295496 -0.18295496 -0.18295496 -0.18295496 -0.18295496 -0.18295496
 -0.18295496 -0.18295496 -0.18295496 -0.18295496 -0.18295496 -0.18295496
 -0.18295496 -0.18295496 -0.18295496 -0.18295496 -0.18295496 -0.18295496
 -0.18295496 -0.18295496 -0.18295496 -0.18295496 -0.18295496 -0.18295496
 -0.18295496 -0.18295496 -0.18295496 -0.18295496 -0.18295496 -0.18295496
 -0.18295496 -0.18295496 -0.18295496 -0.18295496 -0.18295496 -0.18295496
  2.42224753 -0.18295496 -0.18295496 -0.18295496 -0.18295496 -0.18295496
 -0.18295496 -0.18295496 -0.18295496 -0.18295496 -0.18295496 -0.18295496
 -0.18295496 -0.18295496  8.55435997 -0.18295496 -0.18295496 -0.18295496
 -0.18295496 -0.18295496 -0.18295496 -0.18295496 -0.18295496 -0.18295496
 -0.18295496 -0.18295496 -0.18295496 -0.18295496 -0.18295496 -0.18295496
 -0.18295496 -0.18295496 -0.18295496 -0.18295496 -0.18295496 -0.18295496
 -0.18295496  4.50631698 -0.18295496 -0.18295496 -0.18295496 -0.18295496
 -0.18295496 -0.18295496 -0.18295496 -0.18295496 -0.18295496 -0.18295496
 -0.18295496 -0.18295496 -0.18295496 -0.18295496 -0.18295496 -0.18295496
 -0.18295496  2.61984904 -0.18295496 -0.18295496 -0.18295496 -0.18295496
 -0.18295496 -0.18295496 -0.18295496 -0.18295496 -0.18295496 -0.18295496
 -0.18295496 -0.18295496 -0.18295496 -0.18295496]",[-0.002909099997656567]
1,"[-0.25418197 -0.25418197 -0.25418197 -0.25418197 -0.10224917 -0.25418197
 -0.25418197 -0.25418197 -0.25418197 -0.25418197 -0.25418197 -0.25418197
 -0.25418197 -0.25418197 -0.25418197 -0.25418197 -0.25418197 -0.25418197
 -0.25418197 -0.25418197 -0.25418197 -0.25418197 -0.25418197 -0.25418197
 -0.25418197 -0.25418197 -0.25418197 -0.25418197 -0.25418197 -0.25418197
 -0.25418197 -0.25418197 -0.25418197 -0.25418197 -0.25418197 -0.25418197
 -0.25418197 -0.25418197 -0.25418197 -0.25418197 -0.25418197 -0.25418197
 -0.25418197 -0.25418197 -0.25418197 -0.25418197 -0.25418197 -0.25418197
 -0.25418197 -0.25418197 -0.25418197 -0.25418197 -0.25418197 -0.25418197
 -0.25418197 -0.25418197 -0.25418197 -0.25418197 -0.25418197 -0.25418197
 -0.25418197 -0.25418197 -0.25418197 -0.25418197 -0.25418197 -0.25418197
 -0.25418197 -0.25418197 -0.25418197 -0.25418197 -0.25418197 -0.25418197
 -0.25418197 -0.25418197 -0.25418197 -0.25418197 -0.25418197 -0.25418197
 -0.25418197 -0.25418197 -0.25418197 -0.25418197 -0.25418197  6.06157592
 -0.25418197 -0.25418197 -0.25418197 -0.25418197 -0.25418197  2.10008683
 -0.25418197 -0.25418197 -0.25418197 -0.25418197 -0.25418197 -0.25418197
 -0.25418197 -0.25418197 -0.25418197 -0.25418197 -0.25418197 -0.25418197
 -0.25418197 -0.25418197 -0.25418197 -0.25418197 -0.25418197 -0.25418197
 -0.25418197 -0.25418197  6.33259498 -0.25418197 -0.25418197 -0.25418197
 -0.25418197 -0.25418197  2.85612697 -0.25418197 -0.25418197 -0.25418197
 -0.25418197 -0.25418197 -0.25418197 -0.25418197  3.67327646 -0.25418197
 -0.25418197 -0.25418197 -0.25418197 -0.25418197 -0.25418197 -0.25418197
 -0.25418197 -0.25418197 -0.25418197 -0.25418197 -0.25418197 -0.25418197
 -0.25418197 -0.25418197 -0.25418197 -0.25418197 -0.25418197 -0.25418197
 -0.25418197 -0.25418197 -0.25418197 -0.25418197 -0.25418197 -0.25418197
 -0.25418197 -0.25418197 -0.25418197 -0.25418197 -0.25418197 -0.25418197
 -0.25418197 -0.25418197 -0.25418197 -0.25418197 -0.25418197 -0.25418197
 -0.25418197 -0.25418197 -0.25418197 -0.25418197 -0.25418197 -0.25418197
 -0.25418197 -0.25418197 -0.25418197 -0.25418197 -0.25418197 -0.25418197
 -0.25418197 -0.25418197 -0.25418197 -0.25418197 -0.25418197 -0.25418197
 -0.25418197 -0.25418197 -0.25418197 -0.25418197 -0.25418197 -0.25418197
 -0.25418197 -0.25418197 -0.25418197 -0.25418197 -0.25418197 -0.25418197
 -0.25418197 -0.25418197 -0.25418197 -0.25418197 -0.25418197 -0.25418197
 -0.25418197 -0.25418197 -0.25418197 -0.25418197 -0.25418197  0.50937331
 -0.25418197 -0.25418197 -0.25418197 -0.25418197 -0.25418197 -0.25418197
  1.7240626  -0.25418197  2.09033693 -0.25418197 -0.25418197  4.45957662
 -0.25418197 -0.25418197 -0.25418197 -0.25418197 -0.25418197 -0.25418197
 -0.25418197 -0.25418197 -0.25418197 -0.25418197 -0.25418197 -0.25418197
 -0.25418197 -0.25418197 -0.25418197 -0.25418197 -0.25418197 -0.25418197
 -0.25418197  3.83131953 -0.25418197  2.95568194  3.04137774 -0.25418197
  1.88975423  0.808347    2.2502731   2.50147523 -0.25418197 -0.25418197
 -0.25418197 -0.25418197 -0.25418197 -0.25418197 -0.25418197  3.25166419
 -0.25418197 -0.25418197 -0.25418197  6.69059111  1.15812694 -0.25418197
 -0.25418197 -0.25418197  5.04576842  4.07236295 -0.25418197  1.45727589
 -0.25418197 -0.25418197 -0.25418197 -0.25418197 -0.25418197 -0.25418197
  0.13589146 -0.25418197  5.40861999 -0.25418197  2.29040154  5.23386261
 -0.25418197  1.08876446 -0.25418197 -0.25418197  4.62361524 -0.25418197
  2.18551515  0.42635433 -0.25418197 -0.25418197  4.88524764  2.59836765
 -0.25418197 -0.25418197 -0.25418197 -0.25418197 -0.25418197  3.17328698
 -0.25418197 -0.25418197 -0.25418197 -0.25418197 -0.25418197 -0.25418197
 -0.25418197 -0.25418197 -0.25418197 -0.25418197  4.62254068 -0.25418197
 -0.25418197 -0.25418197 -0.25418197 -0.25418197 -0.25418197  0.84675729
 -0.25418197 -0.25418197 -0.25418197 -0.25418197 -0.25418197 -0.25418197
 -0.25418197 -0.25418197 -0.25418197 -0.25418197 -0.25418197 -0.25418197
 -0.25418197 -0.25418197 -0.25418197 -0.25418197 -0.25418197 -0.25418197
 -0.25418197 -0.25418197 -0.25418197 -0.25418197 -0.25418197 -0.25418197
 -0.25418197 -0.25418197 -0.25418197 -0.25418197 -0.25418197 -0.25418197
 -0.25418197 -0.25418197 -0.25418197 -0.25418197 -0.25418197 -0.25418197
 -0.25418197 -0.25418197 -0.25418197 -0.25418197 -0.25418197 -0.25418197
 -0.25418197 -0.25418197 -0.25418197 -0.25418197 -0.25418197 -0.25418197
 -0.25418197 -0.25418197 -0.25418197 -0.25418197 -0.25418197 -0.25418197
 -0.25418197 -0.25418197 -0.25418197 -0.25418197 -0.25418197 -0.25418197
 -0.25418197 -0.25418197 -0.25418197 -0.25418197 -0.25418197 -0.25418197
 -0.25418197 -0.25418197 -0.25418197 -0.25418197 -0.25418197 -0.25418197
 -0.25418197 -0.25418197 -0.25418197 -0.25418197  1.69077784 -0.25418197
 -0.25418197 -0.25418197 -0.25418197 -0.25418197 -0.25418197 -0.25418197
 -0.25418197 -0.25418197 -0.25418197 -0.25418197 -0.25418197 -0.25418197
 -0.25418197 -0.25418197 -0.25418197 -0.25418197 -0.25418197 -0.25418197
 -0.25418197 -0.25418197 -0.25418197 -0.25418197 -0.25418197 -0.25418197
 -0.25418197 -0.25418197 -0.25418197 -0.25418197 -0.25418197 -0.25418197
 -0.25418197 -0.25418197 -0.25418197 -0.25418197 -0.25418197  5.30461155
 -0.25418197 -0.25418197 -0.25418197 -0.25418197 -0.25418197 -0.25418197
 -0.25418197 -0.25418197 -0.25418197 -0.25418197 -0.25418197 -0.25418197
 -0.25418197 -0.25418197 -0.25418197 -0.25418197 -0.25418197 -0.25418197
 -0.25418197 -0.25418197 -0.25418197 -0.25418197 -0.25418197 -0.25418197
 -0.25418197 -0.25418197 -0.25418197 -0.25418197 -0.25418197 -0.25418197
 -0.25418197 -0.25418197 -0.25418197 -0.25418197 -0.25418197 -0.25418197
 -0.25418197 -0.25418197  1.84694857 -0.25418197 -0.25418197 -0.25418197
 -0.25418197 -0.25418197 -0.25418197 -0.25418197 -0.25418197 -0.25418197
 -0.25418197 -0.25418197 -0.25418197 -0.25418197 -0.25418197 -0.25418197
 -0.25418197 -0.25418197 -0.25418197 -0.25418197 -0.25418197 -0.25418197
 -0.25418197  2.97124673 -0.25418197 -0.25418197 -0.25418197 -0.25418197
 -0.25418197 -0.25418197 -0.25418197 -0.25418197 -0.25418197 -0.25418197
 -0.25418197 -0.25418197 -0.25418197 -0.25418197 -0.25418197 -0.25418197
 -0.25418197 -0.25418197 -0.25418197 -0.25418197 -0.25418197 -0.25418197
 -0.25418197 -0.25418197 -0.25418197 -0.25418197 -0.25418197 -0.25418197
 -0.25418197 -0.25418197  3.7615721  -0.25418197]",[0.08388880717279751]
1,"[-0.30285428 -0.30285428 -0.30285428 -0.30285428  0.87250993 -0.30285428
 -0.30285428 -0.30285428 -0.30285428 -0.30285428 -0.30285428 -0.30285428
 -0.30285428 -0.30285428 -0.30285428 -0.30285428 -0.30285428 -0.30285428
  1.12612459 -0.30285428 -0.30285428 -0.30285428 -0.30285428 -0.30285428
 -0.30285428 -0.30285428 -0.30285428 -0.30285428 -0.30285428 -0.30285428
 -0.30285428 -0.30285428 -0.30285428 -0.30285428 -0.30285428 -0.30285428
 -0.30285428 -0.30285428 -0.30285428 -0.30285428 -0.30285428 -0.30285428
 -0.30285428 -0.30285428 -0.30285428 -0.30285428 -0.30285428 -0.30285428
 -0.30285428 -0.30285428 -0.30285428 -0.30285428 -0.30285428 -0.30285428
 -0.30285428 -0.30285428 -0.30285428 -0.30285428 -0.30285428 -0.30285428
 -0.30285428 -0.30285428 -0.30285428 -0.30285428 -0.30285428 -0.30285428
 -0.30285428 -0.30285428 -0.30285428  3.26383155 -0.30285428 -0.30285428
 -0.30285428 -0.30285428 -0.30285428 -0.30285428 -0.30285428 -0.30285428
 -0.30285428 -0.30285428 -0.30285428 -0.30285428 -0.30285428  3.17706546
 -0.30285428 -0.30285428 -0.30285428 -0.30285428 -0.30285428 -0.30285428
 -0.30285428 -0.30285428 -0.30285428 -0.30285428 -0.30285428 -0.30285428
 -0.30285428 -0.30285428 -0.30285428 -0.30285428 -0.30285428 -0.30285428
 -0.30285428 -0.30285428 -0.30285428 -0.30285428 -0.30285428 -0.30285428
 -0.30285428 -0.30285428  4.86208209 -0.30285428 -0.30285428  2.29379464
 -0.30285428 -0.30285428  0.93060616 -0.30285428 -0.30285428 -0.30285428
 -0.30285428 -0.30285428 -0.30285428 -0.30285428  3.62337699 -0.30285428
 -0.30285428 -0.30285428 -0.30285428 -0.30285428 -0.30285428 -0.30285428
  3.52675368 -0.30285428 -0.30285428 -0.30285428 -0.30285428 -0.30285428
 -0.30285428 -0.30285428 -0.30285428 -0.30285428 -0.30285428 -0.30285428
 -0.30285428 -0.30285428 -0.30285428 -0.30285428 -0.30285428 -0.30285428
 -0.30285428 -0.30285428 -0.30285428 -0.30285428 -0.30285428 -0.30285428
 -0.30285428 -0.30285428 -0.30285428 -0.30285428 -0.30285428 -0.30285428
 -0.30285428  1.03343804 -0.30285428 -0.30285428 -0.30285428 -0.30285428
 -0.30285428 -0.30285428 -0.30285428 -0.30285428 -0.30285428 -0.30285428
 -0.30285428 -0.30285428 -0.30285428 -0.30285428 -0.30285428 -0.30285428
 -0.30285428 -0.30285428 -0.30285428 -0.30285428 -0.30285428 -0.30285428
  3.63477958 -0.30285428 -0.30285428 -0.30285428  2.73232336 -0.30285428
 -0.30285428 -0.30285428 -0.30285428 -0.30285428 -0.30285428 -0.30285428
 -0.30285428 -0.30285428 -0.30285428 -0.30285428 -0.30285428 -0.30285428
 -0.30285428 -0.30285428 -0.30285428 -0.30285428 -0.30285428  4.00669223
  2.55528253 -0.30285428  0.12310265 -0.30285428 -0.30285428  1.48379596
 -0.30285428 -0.30285428 -0.30285428 -0.30285428 -0.30285428 -0.30285428
 -0.30285428 -0.30285428 -0.30285428 -0.30285428 -0.30285428 -0.30285428
 -0.30285428 -0.30285428 -0.30285428 -0.30285428 -0.30285428 -0.30285428
 -0.30285428  2.15435828 -0.30285428  2.42265861  3.05029117 -0.30285428
  1.7419428   1.45647814  3.73712543 -0.30285428 -0.30285428 -0.30285428
 -0.30285428 -0.30285428 -0.30285428 -0.30285428 -0.30285428  2.13731204
 -0.30285428 -0.30285428 -0.30285428  5.21337772  2.80610174 -0.30285428
 -0.30285428 -0.30285428  3.0776405   4.22444986 -0.30285428  0.79496294
 -0.30285428 -0.30285428 -0.30285428  2.39712261  1.5616845  -0.30285428
  1.79798489 -0.30285428  3.78112881 -0.30285428  3.24578876 -0.30285428
 -0.30285428 -0.30285428 -0.30285428 -0.30285428  3.49368027 -0.30285428
  2.98223273 -0.30285428 -0.30285428 -0.30285428  4.48701676  2.30613036
  2.17755934 -0.30285428 -0.30285428 -0.30285428 -0.30285428  2.89617959
 -0.30285428 -0.30285428 -0.30285428 -0.30285428 -0.30285428 -0.30285428
 -0.30285428 -0.30285428 -0.30285428 -0.30285428  4.19769495 -0.30285428
 -0.30285428 -0.30285428 -0.30285428 -0.30285428 -0.30285428 -0.30285428
 -0.30285428 -0.30285428 -0.30285428 -0.30285428 -0.30285428 -0.30285428
 -0.30285428 -0.30285428 -0.30285428 -0.30285428  1.20436072 -0.30285428
 -0.30285428 -0.30285428 -0.30285428 -0.30285428 -0.30285428 -0.30285428
 -0.30285428 -0.30285428 -0.30285428 -0.30285428 -0.30285428 -0.30285428
 -0.30285428 -0.30285428 -0.30285428 -0.30285428 -0.30285428 -0.30285428
 -0.30285428 -0.30285428 -0.30285428 -0.30285428 -0.30285428 -0.30285428
 -0.30285428 -0.30285428 -0.30285428 -0.30285428 -0.30285428 -0.30285428
 -0.30285428 -0.30285428 -0.30285428 -0.30285428 -0.30285428 -0.30285428
 -0.30285428 -0.30285428 -0.30285428 -0.30285428 -0.30285428 -0.30285428
 -0.30285428 -0.30285428 -0.30285428 -0.30285428 -0.30285428 -0.30285428
 -0.30285428 -0.30285428 -0.30285428 -0.30285428 -0.30285428 -0.30285428
 -0.30285428 -0.30285428 -0.30285428 -0.30285428 -0.30285428 -0.30285428
  2.05748705 -0.30285428 -0.30285428 -0.30285428 -0.30285428 -0.30285428
 -0.30285428 -0.30285428 -0.30285428 -0.30285428 -0.30285428 -0.30285428
 -0.30285428 -0.30285428 -0.30285428 -0.30285428 -0.30285428 -0.30285428
 -0.30285428 -0.30285428 -0.30285428 -0.30285428 -0.30285428 -0.30285428
 -0.30285428 -0.30285428 -0.30285428  1.93097705 -0.30285428 -0.30285428
 -0.30285428 -0.30285428 -0.30285428 -0.30285428 -0.30285428 -0.30285428
  2.89617959 -0.30285428 -0.30285428 -0.30285428 -0.30285428  3.41893638
 -0.30285428 -0.30285428 -0.30285428 -0.30285428 -0.30285428 -0.30285428
 -0.30285428 -0.30285428 -0.30285428 -0.30285428 -0.30285428 -0.30285428
 -0.30285428 -0.30285428 -0.30285428 -0.30285428 -0.30285428 -0.30285428
 -0.30285428 -0.30285428 -0.30285428 -0.30285428 -0.30285428 -0.30285428
 -0.30285428 -0.30285428 -0.30285428 -0.30285428 -0.30285428 -0.30285428
 -0.30285428 -0.30285428 -0.30285428 -0.30285428 -0.30285428 -0.30285428
 -0.30285428 -0.30285428  2.57669911 -0.30285428 -0.30285428 -0.30285428
  6.52905212 -0.30285428 -0.30285428 -0.30285428 -0.30285428 -0.30285428
 -0.30285428 -0.30285428 -0.30285428 -0.30285428 -0.30285428 -0.30285428
 -0.30285428 -0.30285428 -0.30285428 -0.30285428 -0.30285428 -0.30285428
 -0.30285428  2.65219548 -0.30285428 -0.30285428 -0.30285428 -0.30285428
 -0.30285428 -0.30285428 -0.30285428 -0.30285428  4.33977408 -0.30285428
 -0.30285428 -0.30285428 -0.30285428 -0.30285428 -0.30285428 -0.30285428
 -0.30285428  2.33651066 -0.30285428 -0.30285428 -0.30285428 -0.30285428
 -0.30285428 -0.30285428 -0.30285428 -0.30285428 -0.30285428 -0.30285428
 -0.30285428 -0.30285428  4.71002323 -0.30285428]",[0.1283728732439688]
1,"[-0.25355778 -0.25355778 -0.25355778 -0.25355778 -0.25355778 -0.25355778
 -0.25355778 -0.25355778 -0.25355778 -0.25355778 -0.25355778 -0.25355778
 -0.25355778 -0.25355778 -0.25355778 -0.25355778 -0.25355778 -0.25355778
 -0.25355778 -0.25355778 -0.25355778 -0.25355778 -0.25355778 -0.25355778
 -0.25355778 -0.25355778 -0.25355778 -0.25355778 -0.25355778 -0.25355778
 -0.25355778 -0.25355778 -0.25355778 -0.25355778 -0.25355778 -0.25355778
 -0.25355778 -0.25355778 -0.25355778 -0.25355778 -0.25355778 -0.25355778
 -0.25355778 -0.25355778 -0.25355778 -0.25355778 -0.25355778 -0.25355778
 -0.25355778 -0.25355778 -0.25355778 -0.25355778 -0.25355778 -0.25355778
 -0.25355778 -0.25355778  4.13502228 -0.25355778 -0.25355778 -0.25355778
 -0.25355778 -0.25355778 -0.25355778 -0.25355778 -0.25355778 -0.25355778
 -0.25355778 -0.25355778 -0.25355778 -0.25355778 -0.25355778 -0.25355778
 -0.25355778 -0.25355778 -0.25355778 -0.25355778 -0.25355778 -0.25355778
 -0.25355778 -0.25355778 -0.25355778 -0.25355778 -0.25355778  4.51767634
 -0.25355778 -0.25355778 -0.25355778 -0.25355778 -0.25355778 -0.25355778
 -0.25355778 -0.25355778 -0.25355778 -0.25355778 -0.25355778 -0.25355778
 -0.25355778 -0.25355778 -0.25355778 -0.25355778 -0.25355778 -0.25355778
 -0.25355778 -0.25355778 -0.25355778 -0.25355778  2.70151811 -0.25355778
 -0.25355778 -0.25355778  6.20097942 -0.25355778 -0.25355778 -0.25355778
 -0.25355778  2.40629714  4.5320517  -0.25355778 -0.25355778 -0.25355778
 -0.25355778 -0.25355778 -0.25355778 -0.25355778  4.24488215 -0.25355778
 -0.25355778 -0.25355778 -0.25355778 -0.25355778 -0.25355778 -0.25355778
 -0.25355778 -0.25355778 -0.25355778 -0.25355778 -0.25355778 -0.25355778
 -0.25355778 -0.25355778 -0.25355778 -0.25355778 -0.25355778 -0.25355778
 -0.25355778 -0.25355778 -0.25355778 -0.25355778 -0.25355778 -0.25355778
 -0.25355778 -0.25355778 -0.25355778 -0.25355778 -0.25355778 -0.25355778
 -0.25355778 -0.25355778 -0.25355778 -0.25355778 -0.25355778 -0.25355778
 -0.25355778 -0.25355778 -0.25355778 -0.25355778 -0.25355778 -0.25355778
 -0.25355778 -0.25355778 -0.25355778 -0.25355778 -0.25355778 -0.25355778
 -0.25355778 -0.25355778 -0.25355778 -0.25355778 -0.25355778 -0.25355778
 -0.25355778 -0.25355778 -0.25355778 -0.25355778 -0.25355778  5.62803812
 -0.25355778 -0.25355778 -0.25355778 -0.25355778 -0.25355778 -0.25355778
 -0.25355778 -0.25355778 -0.25355778 -0.25355778 -0.25355778 -0.25355778
  1.98092314 -0.25355778 -0.25355778 -0.25355778 -0.25355778 -0.25355778
 -0.25355778 -0.25355778 -0.25355778 -0.25355778 -0.25355778 -0.25355778
  3.04608843 -0.25355778 -0.25355778 -0.25355778 -0.25355778 -0.25355778
 -0.25355778 -0.25355778 -0.25355778 -0.25355778 -0.25355778 -0.25355778
 -0.25355778 -0.25355778 -0.25355778 -0.25355778 -0.25355778 -0.25355778
 -0.25355778 -0.25355778 -0.25355778 -0.25355778 -0.25355778 -0.25355778
 -0.25355778  4.21595928 -0.25355778  4.09979694  3.06052004 -0.25355778
  3.406619   -0.25355778  1.94159871 -0.25355778 -0.25355778 -0.25355778
 -0.25355778 -0.25355778  6.06537702 -0.25355778 -0.25355778 -0.25355778
 -0.25355778 -0.25355778 -0.25355778  5.33013144  1.65887107 -0.25355778
 -0.25355778 -0.25355778 -0.25355778 -0.25355778 -0.25355778 -0.25355778
 -0.25355778 -0.25355778 -0.25355778 -0.25355778 -0.25355778 -0.25355778
 -0.25355778 -0.25355778  4.51242835 -0.25355778  3.41031756 -0.25355778
 -0.25355778 -0.25355778 -0.25355778  2.76377746  2.13047209 -0.25355778
 -0.25355778  1.36283182 -0.25355778 -0.25355778 -0.25355778  3.61792182
 -0.25355778 -0.25355778 -0.25355778 -0.25355778 -0.25355778 -0.25355778
 -0.25355778 -0.25355778  4.46697031 -0.25355778 -0.25355778 -0.25355778
 -0.25355778 -0.25355778 -0.25355778 -0.25355778 -0.25355778 -0.25355778
 -0.25355778 -0.25355778 -0.25355778 -0.25355778 -0.25355778  2.00968626
 -0.25355778 -0.25355778 -0.25355778 -0.25355778 -0.25355778 -0.25355778
 -0.25355778  4.91735389 -0.25355778 -0.25355778  3.17746191 -0.25355778
 -0.25355778  2.86805344 -0.25355778 -0.25355778 -0.25355778 -0.25355778
 -0.25355778 -0.25355778 -0.25355778 -0.25355778 -0.25355778 -0.25355778
 -0.25355778 -0.25355778 -0.25355778 -0.25355778 -0.25355778 -0.25355778
 -0.25355778 -0.25355778 -0.25355778 -0.25355778 -0.25355778 -0.25355778
 -0.25355778 -0.25355778 -0.25355778 -0.25355778 -0.25355778 -0.25355778
 -0.25355778 -0.25355778 -0.25355778 -0.25355778 -0.25355778 -0.25355778
 -0.25355778 -0.25355778 -0.25355778 -0.25355778 -0.25355778 -0.25355778
 -0.25355778 -0.25355778 -0.25355778 -0.25355778 -0.25355778 -0.25355778
 -0.25355778 -0.25355778 -0.25355778 -0.25355778 -0.25355778 -0.25355778
 -0.25355778 -0.25355778 -0.25355778 -0.25355778 -0.25355778 -0.25355778
 -0.25355778 -0.25355778 -0.25355778 -0.25355778 -0.25355778 -0.25355778
 -0.25355778 -0.25355778 -0.25355778 -0.25355778 -0.25355778 -0.25355778
 -0.25355778 -0.25355778 -0.25355778 -0.25355778 -0.25355778 -0.25355778
 -0.25355778 -0.25355778 -0.25355778 -0.25355778 -0.25355778 -0.25355778
 -0.25355778 -0.25355778 -0.25355778 -0.25355778 -0.25355778 -0.25355778
 -0.25355778 -0.25355778 -0.25355778 -0.25355778 -0.25355778 -0.25355778
 -0.25355778 -0.25355778 -0.25355778 -0.25355778 -0.25355778  3.86973964
 -0.25355778 -0.25355778 -0.25355778 -0.25355778 -0.25355778 -0.25355778
 -0.25355778 -0.25355778 -0.25355778 -0.25355778 -0.25355778 -0.25355778
 -0.25355778 -0.25355778 -0.25355778 -0.25355778 -0.25355778 -0.25355778
  3.2293931  -0.25355778 -0.25355778 -0.25355778 -0.25355778 -0.25355778
 -0.25355778 -0.25355778 -0.25355778 -0.25355778 -0.25355778 -0.25355778
 -0.25355778 -0.25355778 -0.25355778 -0.25355778 -0.25355778 -0.25355778
 -0.25355778 -0.25355778  1.55974039 -0.25355778 -0.25355778 -0.25355778
 -0.25355778 -0.25355778 -0.25355778 -0.25355778 -0.25355778 -0.25355778
 -0.25355778 -0.25355778 -0.25355778 -0.25355778 -0.25355778 -0.25355778
 -0.25355778 -0.25355778 -0.25355778 -0.25355778 -0.25355778 -0.25355778
 -0.25355778  3.8248323  -0.25355778 -0.25355778 -0.25355778 -0.25355778
 -0.25355778 -0.25355778 -0.25355778 -0.25355778 -0.25355778  1.9264134
 -0.25355778 -0.25355778 -0.25355778 -0.25355778 -0.25355778 -0.25355778
 -0.25355778 -0.25355778 -0.25355778 -0.25355778 -0.25355778 -0.25355778
 -0.25355778 -0.25355778 -0.25355778 -0.25355778 -0.25355778 -0.25355778
 -0.25355778 -0.25355778  4.15577706 -0.25355778]",[0.1487775764979236]
1,"[-0.27212435 -0.27212435 -0.27212435 -0.27212435  0.12987866 -0.27212435
 -0.27212435 -0.27212435 -0.27212435 -0.27212435 -0.27212435 -0.27212435
 -0.27212435 -0.27212435 -0.27212435 -0.27212435 -0.27212435 -0.27212435
 -0.27212435 -0.27212435 -0.27212435 -0.27212435 -0.27212435 -0.27212435
 -0.27212435 -0.27212435 -0.27212435 -0.27212435 -0.27212435 -0.27212435
 -0.27212435 -0.27212435 -0.27212435 -0.27212435 -0.27212435 -0.27212435
 -0.27212435 -0.27212435 -0.27212435 -0.27212435 -0.27212435 -0.27212435
 -0.27212435 -0.27212435 -0.27212435 -0.27212435 -0.27212435 -0.27212435
 -0.27212435 -0.27212435 -0.27212435 -0.27212435 -0.27212435 -0.27212435
 -0.27212435 -0.27212435 -0.27212435 -0.27212435 -0.27212435 -0.27212435
 -0.27212435 -0.27212435 -0.27212435 -0.27212435 -0.27212435 -0.27212435
 -0.27212435 -0.27212435 -0.27212435 -0.27212435 -0.27212435 -0.27212435
 -0.27212435 -0.27212435 -0.27212435 -0.27212435 -0.27212435 -0.27212435
 -0.27212435 -0.27212435 -0.27212435 -0.27212435 -0.27212435  5.94838839
 -0.27212435 -0.27212435 -0.27212435 -0.27212435 -0.27212435 -0.27212435
 -0.27212435 -0.27212435  1.65623232 -0.27212435 -0.27212435 -0.27212435
 -0.27212435 -0.27212435 -0.27212435 -0.27212435 -0.27212435 -0.27212435
 -0.27212435 -0.27212435 -0.27212435 -0.27212435 -0.27212435 -0.27212435
 -0.27212435 -0.27212435  4.69442902 -0.27212435 -0.27212435  2.82736758
 -0.27212435 -0.27212435  4.02384704 -0.27212435 -0.27212435 -0.27212435
 -0.27212435 -0.27212435  5.23287785  5.01404144  3.80730844 -0.27212435
 -0.27212435 -0.27212435 -0.27212435 -0.27212435 -0.27212435 -0.27212435
 -0.27212435 -0.27212435 -0.27212435 -0.27212435 -0.27212435 -0.27212435
 -0.27212435 -0.27212435 -0.27212435 -0.27212435 -0.27212435 -0.27212435
 -0.27212435 -0.27212435 -0.27212435 -0.27212435 -0.27212435 -0.27212435
 -0.27212435 -0.27212435 -0.27212435 -0.27212435 -0.27212435 -0.27212435
 -0.27212435 -0.27212435 -0.27212435 -0.27212435 -0.27212435 -0.27212435
 -0.27212435 -0.27212435 -0.27212435 -0.27212435 -0.27212435 -0.27212435
 -0.27212435 -0.27212435 -0.27212435 -0.27212435 -0.27212435 -0.27212435
 -0.27212435 -0.27212435 -0.27212435 -0.27212435 -0.27212435 -0.27212435
 -0.27212435 -0.27212435 -0.27212435 -0.27212435 -0.27212435 -0.27212435
 -0.27212435 -0.27212435 -0.27212435 -0.27212435 -0.27212435 -0.27212435
 -0.27212435 -0.27212435 -0.27212435 -0.27212435 -0.27212435 -0.27212435
 -0.27212435 -0.27212435 -0.27212435 -0.27212435 -0.27212435 -0.27212435
 -0.27212435 -0.27212435 -0.27212435 -0.27212435 -0.27212435 -0.27212435
  2.34799517 -0.27212435  1.45231008 -0.27212435 -0.27212435  2.58407081
 -0.27212435 -0.27212435  0.13867508 -0.27212435 -0.27212435 -0.27212435
 -0.27212435 -0.27212435 -0.27212435 -0.27212435  2.22916776 -0.27212435
 -0.27212435 -0.27212435 -0.27212435 -0.27212435 -0.27212435 -0.27212435
 -0.27212435  3.35736073 -0.27212435  3.47591918  3.34518911 -0.27212435
  2.29137305  0.66203981  2.3619329  -0.27212435 -0.27212435 -0.27212435
 -0.27212435 -0.27212435 -0.27212435 -0.27212435 -0.27212435 -0.27212435
 -0.27212435 -0.27212435 -0.27212435  4.14634296  2.46115802 -0.27212435
 -0.27212435 -0.27212435 -0.27212435  2.69442527 -0.27212435  1.07037994
 -0.27212435 -0.27212435 -0.27212435 -0.27212435 -0.27212435 -0.27212435
 -0.27212435 -0.27212435  4.14655839 -0.27212435  3.01812638  5.17398419
 -0.27212435  2.78739949 -0.27212435 -0.27212435  4.69229184 -0.27212435
  1.16878567  0.90708515 -0.27212435 -0.27212435 -0.27212435  2.76607235
 -0.27212435 -0.27212435 -0.27212435  2.07430951 -0.27212435  2.06436887
 -0.27212435 -0.27212435  4.31746064 -0.27212435 -0.27212435 -0.27212435
 -0.27212435 -0.27212435 -0.27212435 -0.27212435  4.61583859 -0.27212435
 -0.27212435 -0.27212435 -0.27212435 -0.27212435 -0.27212435  2.01603773
 -0.27212435 -0.27212435 -0.27212435 -0.27212435 -0.27212435 -0.27212435
 -0.27212435 -0.27212435 -0.27212435 -0.27212435  1.18291938 -0.27212435
 -0.27212435 -0.27212435 -0.27212435 -0.27212435 -0.27212435 -0.27212435
 -0.27212435 -0.27212435 -0.27212435 -0.27212435 -0.27212435 -0.27212435
 -0.27212435 -0.27212435 -0.27212435 -0.27212435 -0.27212435 -0.27212435
 -0.27212435 -0.27212435 -0.27212435 -0.27212435 -0.27212435 -0.27212435
 -0.27212435 -0.27212435 -0.27212435 -0.27212435 -0.27212435 -0.27212435
 -0.27212435 -0.27212435 -0.27212435 -0.27212435 -0.27212435 -0.27212435
 -0.27212435 -0.27212435 -0.27212435 -0.27212435 -0.27212435 -0.27212435
 -0.27212435 -0.27212435 -0.27212435 -0.27212435 -0.27212435 -0.27212435
 -0.27212435 -0.27212435 -0.27212435 -0.27212435 -0.27212435 -0.27212435
 -0.27212435 -0.27212435 -0.27212435 -0.27212435 -0.27212435 -0.27212435
 -0.27212435 -0.27212435 -0.27212435 -0.27212435 -0.27212435 -0.27212435
 -0.27212435 -0.27212435 -0.27212435 -0.27212435 -0.27212435 -0.27212435
 -0.27212435 -0.27212435 -0.27212435 -0.27212435 -0.27212435 -0.27212435
 -0.27212435 -0.27212435 -0.27212435 -0.27212435 -0.27212435 -0.27212435
 -0.27212435 -0.27212435 -0.27212435 -0.27212435 -0.27212435 -0.27212435
 -0.27212435 -0.27212435 -0.27212435 -0.27212435 -0.27212435 -0.27212435
 -0.27212435 -0.27212435 -0.27212435 -0.27212435  5.43029453 -0.27212435
 -0.27212435 -0.27212435 -0.27212435 -0.27212435 -0.27212435 -0.27212435
 -0.27212435 -0.27212435 -0.27212435 -0.27212435 -0.27212435 -0.27212435
 -0.27212435 -0.27212435 -0.27212435 -0.27212435 -0.27212435 -0.27212435
  3.49318563 -0.27212435 -0.27212435 -0.27212435 -0.27212435 -0.27212435
 -0.27212435 -0.27212435 -0.27212435 -0.27212435 -0.27212435 -0.27212435
 -0.27212435 -0.27212435 -0.27212435 -0.27212435 -0.27212435 -0.27212435
 -0.27212435 -0.27212435  1.72620576 -0.27212435 -0.27212435 -0.27212435
  5.58788835 -0.27212435 -0.27212435 -0.27212435 -0.27212435 -0.27212435
 -0.27212435 -0.27212435 -0.27212435 -0.27212435 -0.27212435 -0.27212435
 -0.27212435 -0.27212435 -0.27212435 -0.27212435 -0.27212435 -0.27212435
 -0.27212435  3.674335   -0.27212435 -0.27212435 -0.27212435 -0.27212435
 -0.27212435 -0.27212435 -0.27212435 -0.27212435 -0.27212435 -0.27212435
 -0.27212435 -0.27212435 -0.27212435 -0.27212435 -0.27212435 -0.27212435
 -0.27212435 -0.27212435 -0.27212435 -0.27212435 -0.27212435 -0.27212435
 -0.27212435 -0.27212435 -0.27212435 -0.27212435 -0.27212435 -0.27212435
 -0.27212435 -0.27212435  0.73533159 -0.27212435]",[0.08610842126044171]
1,"[-0.27769465 -0.27769465 -0.27769465 -0.27769465 -0.02391454 -0.27769465
 -0.27769465 -0.27769465 -0.27769465 -0.27769465 -0.27769465 -0.27769465
 -0.27769465 -0.27769465 -0.27769465 -0.27769465 -0.27769465 -0.27769465
  0.76442169 -0.27769465 -0.27769465 -0.27769465 -0.27769465 -0.27769465
 -0.27769465 -0.27769465 -0.27769465 -0.27769465 -0.27769465 -0.27769465
 -0.27769465 -0.27769465 -0.27769465 -0.27769465 -0.27769465 -0.27769465
 -0.27769465 -0.27769465 -0.27769465 -0.27769465 -0.27769465 -0.27769465
 -0.27769465 -0.27769465 -0.27769465 -0.27769465 -0.27769465 -0.27769465
 -0.27769465 -0.27769465 -0.27769465 -0.27769465 -0.27769465 -0.27769465
 -0.27769465 -0.27769465 -0.27769465 -0.27769465  0.65053391 -0.27769465
 -0.27769465 -0.27769465 -0.27769465 -0.27769465 -0.27769465 -0.27769465
 -0.27769465 -0.27769465 -0.27769465 -0.27769465 -0.27769465 -0.27769465
 -0.27769465 -0.27769465 -0.27769465 -0.27769465 -0.27769465 -0.27769465
 -0.27769465 -0.27769465 -0.27769465 -0.27769465 -0.27769465  4.80998409
 -0.27769465 -0.27769465 -0.27769465 -0.27769465 -0.27769465  2.47828082
 -0.27769465 -0.27769465 -0.27769465 -0.27769465 -0.27769465 -0.27769465
 -0.27769465 -0.27769465 -0.27769465 -0.27769465 -0.27769465 -0.27769465
 -0.27769465 -0.27769465 -0.27769465 -0.27769465  0.13377858 -0.27769465
 -0.27769465 -0.27769465  5.81301051 -0.27769465 -0.27769465 -0.27769465
 -0.27769465  3.62345186  5.48859157 -0.27769465  0.4153282  -0.27769465
 -0.27769465 -0.27769465 -0.27769465 -0.27769465  4.15148804 -0.27769465
 -0.27769465 -0.27769465 -0.27769465 -0.27769465 -0.27769465 -0.27769465
 -0.27769465 -0.27769465 -0.27769465 -0.27769465 -0.27769465 -0.27769465
 -0.27769465 -0.27769465 -0.27769465 -0.27769465 -0.27769465 -0.27769465
 -0.27769465 -0.27769465 -0.27769465 -0.27769465 -0.27769465 -0.27769465
 -0.27769465 -0.27769465 -0.27769465 -0.27769465 -0.27769465 -0.27769465
 -0.27769465 -0.27769465 -0.27769465 -0.27769465 -0.27769465 -0.27769465
 -0.27769465  0.06462949 -0.27769465 -0.27769465 -0.27769465 -0.27769465
 -0.27769465 -0.27769465 -0.27769465 -0.27769465 -0.27769465 -0.27769465
 -0.27769465 -0.27769465 -0.27769465 -0.27769465 -0.27769465 -0.27769465
 -0.27769465 -0.27769465 -0.27769465 -0.27769465 -0.27769465 -0.27769465
 -0.27769465 -0.27769465 -0.27769465 -0.27769465 -0.27769465 -0.27769465
 -0.27769465 -0.27769465 -0.27769465 -0.27769465 -0.27769465 -0.27769465
  2.0099667  -0.27769465 -0.27769465 -0.27769465 -0.27769465 -0.27769465
 -0.27769465 -0.27769465 -0.27769465 -0.27769465 -0.27769465  4.06511583
  1.74618663 -0.27769465  0.2722761  -0.27769465 -0.27769465  2.28307055
 -0.27769465 -0.27769465 -0.27769465 -0.27769465 -0.27769465 -0.27769465
 -0.27769465 -0.27769465 -0.27769465 -0.27769465  1.82996051 -0.27769465
 -0.27769465 -0.27769465 -0.27769465  0.72883138 -0.27769465 -0.27769465
 -0.27769465  3.13448203 -0.27769465  4.12196327  3.79210149 -0.27769465
  3.40954192  0.59771318  3.8581895   1.68554462 -0.27769465 -0.27769465
 -0.27769465 -0.27769465 -0.27769465 -0.27769465 -0.27769465 -0.27769465
 -0.27769465 -0.27769465 -0.27769465  5.90543297  1.12429052 -0.27769465
 -0.27769465 -0.27769465  2.52781283  3.50540843 -0.27769465  2.27557141
 -0.27769465 -0.27769465 -0.27769465 -0.27769465 -0.27769465 -0.27769465
  1.72667746 -0.27769465  5.88378307 -0.27769465  3.87566025 -0.27769465
 -0.27769465  0.86821295 -0.27769465 -0.27769465  0.72457078 -0.27769465
  2.7118234   1.24695111 -0.27769465 -0.27769465  5.61462192  3.37404561
  1.37502603 -0.27769465 -0.27769465  1.60333891 -0.27769465 -0.27769465
 -0.27769465 -0.27769465  4.37269983 -0.27769465 -0.27769465 -0.27769465
 -0.27769465 -0.27769465 -0.27769465 -0.27769465 -0.27769465 -0.27769465
  1.82996051 -0.27769465 -0.27769465 -0.27769465 -0.27769465 -0.27769465
 -0.27769465 -0.27769465 -0.27769465 -0.27769465 -0.27769465 -0.27769465
 -0.27769465 -0.27769465 -0.27769465 -0.27769465 -0.27769465 -0.27769465
 -0.27769465 -0.27769465 -0.27769465 -0.27769465 -0.27769465 -0.27769465
 -0.27769465 -0.27769465 -0.27769465 -0.27769465 -0.27769465 -0.27769465
 -0.27769465 -0.27769465 -0.27769465 -0.27769465 -0.27769465 -0.27769465
 -0.27769465 -0.27769465 -0.27769465 -0.27769465 -0.27769465 -0.27769465
 -0.27769465 -0.27769465 -0.27769465 -0.27769465 -0.27769465 -0.27769465
 -0.27769465 -0.27769465  2.49718393 -0.27769465 -0.27769465  1.01115767
 -0.27769465 -0.27769465 -0.27769465 -0.27769465 -0.27769465 -0.27769465
 -0.27769465 -0.27769465 -0.27769465 -0.27769465 -0.27769465 -0.27769465
 -0.27769465 -0.27769465 -0.27769465 -0.27769465 -0.27769465 -0.27769465
 -0.27769465 -0.27769465 -0.27769465 -0.27769465 -0.27769465 -0.27769465
 -0.27769465 -0.27769465 -0.27769465 -0.27769465 -0.27769465 -0.27769465
 -0.27769465 -0.27769465 -0.27769465 -0.27769465 -0.27769465 -0.27769465
 -0.27769465 -0.27769465 -0.27769465 -0.27769465 -0.27769465 -0.27769465
 -0.27769465 -0.27769465 -0.27769465 -0.27769465 -0.27769465 -0.27769465
 -0.27769465 -0.27769465 -0.27769465 -0.27769465 -0.27769465 -0.27769465
 -0.27769465 -0.27769465 -0.27769465 -0.27769465 -0.27769465 -0.27769465
 -0.27769465 -0.27769465 -0.27769465 -0.27769465 -0.27769465  5.30652575
 -0.27769465 -0.27769465 -0.27769465 -0.27769465 -0.27769465 -0.27769465
 -0.27769465 -0.27769465 -0.27769465 -0.27769465 -0.27769465 -0.27769465
 -0.27769465 -0.27769465 -0.27769465 -0.27769465 -0.27769465 -0.27769465
  2.55156996 -0.27769465 -0.27769465 -0.27769465 -0.27769465 -0.27769465
 -0.27769465 -0.27769465 -0.27769465 -0.27769465 -0.27769465 -0.27769465
 -0.27769465 -0.27769465 -0.27769465 -0.27769465 -0.27769465 -0.27769465
 -0.27769465 -0.27769465  1.82996051 -0.27769465 -0.27769465 -0.27769465
 -0.27769465 -0.27769465 -0.27769465 -0.27769465 -0.27769465 -0.27769465
 -0.27769465 -0.27769465 -0.27769465 -0.27769465 -0.27769465 -0.27769465
 -0.27769465 -0.27769465 -0.27769465 -0.27769465 -0.27769465 -0.27769465
 -0.27769465  4.15689538 -0.27769465 -0.27769465 -0.27769465 -0.27769465
 -0.27769465 -0.27769465 -0.27769465 -0.27769465 -0.27769465  0.43508096
 -0.27769465 -0.27769465 -0.27769465 -0.27769465 -0.27769465 -0.27769465
 -0.27769465 -0.27769465 -0.27769465 -0.27769465 -0.27769465 -0.27769465
 -0.27769465 -0.27769465 -0.27769465 -0.27769465 -0.27769465 -0.27769465
 -0.27769465 -0.27769465 -0.27769465 -0.27769465]",[0.12476649099340081]
1,"[-0.16831629 -0.16831629 -0.16831629 -0.16831629 -0.16831629 -0.16831629
 -0.16831629 -0.16831629 -0.16831629 -0.16831629 -0.16831629 -0.16831629
 -0.16831629 -0.16831629 -0.16831629 -0.16831629 -0.16831629 -0.16831629
  8.09415112 -0.16831629 -0.16831629  6.6414056  -0.16831629 -0.16831629
 -0.16831629 -0.16831629 -0.16831629 -0.16831629 -0.16831629 -0.16831629
  3.29745651 -0.16831629 -0.16831629 -0.16831629 -0.16831629 -0.16831629
 -0.16831629 -0.16831629 -0.16831629 -0.16831629 -0.16831629 -0.16831629
 -0.16831629 -0.16831629 -0.16831629 -0.16831629 -0.16831629 -0.16831629
 -0.16831629 -0.16831629 -0.16831629 -0.16831629 -0.16831629 -0.16831629
 -0.16831629 -0.16831629 -0.16831629 -0.16831629 -0.16831629 -0.16831629
 -0.16831629 -0.16831629 -0.16831629 -0.16831629 -0.16831629 -0.16831629
 -0.16831629 -0.16831629 -0.16831629 -0.16831629 -0.16831629 -0.16831629
 -0.16831629 -0.16831629 -0.16831629 -0.16831629 -0.16831629 -0.16831629
 -0.16831629 -0.16831629 -0.16831629 -0.16831629 -0.16831629  2.67929608
 -0.16831629 -0.16831629 -0.16831629 -0.16831629 -0.16831629 -0.16831629
 -0.16831629 -0.16831629 -0.16831629 -0.16831629  6.42394438 -0.16831629
 -0.16831629 -0.16831629 -0.16831629 -0.16831629 -0.16831629 -0.16831629
 -0.16831629 -0.16831629 -0.16831629 -0.16831629 -0.16831629 -0.16831629
 -0.16831629 -0.16831629  0.85684483 -0.16831629 -0.16831629 -0.16831629
 -0.16831629 -0.16831629 -0.16831629 -0.16831629  0.6044563  -0.16831629
 -0.16831629 -0.16831629 -0.16831629 -0.16831629 -0.16831629 -0.16831629
 -0.16831629 -0.16831629 -0.16831629 -0.16831629 -0.16831629 -0.16831629
 -0.16831629 -0.16831629 -0.16831629 -0.16831629 -0.16831629 -0.16831629
 -0.16831629 -0.16831629 -0.16831629 -0.16831629 -0.16831629 -0.16831629
 -0.16831629 -0.16831629 -0.16831629 -0.16831629 -0.16831629 -0.16831629
 -0.16831629 -0.16831629 -0.16831629 -0.16831629 -0.16831629 -0.16831629
 -0.16831629 -0.16831629 -0.16831629 -0.16831629 -0.16831629 -0.16831629
 -0.16831629 -0.16831629 -0.16831629 -0.16831629 -0.16831629 -0.16831629
 -0.16831629 -0.16831629 -0.16831629 -0.16831629 -0.16831629 -0.16831629
 -0.16831629 -0.16831629 -0.16831629 -0.16831629 -0.16831629 -0.16831629
 -0.16831629 -0.16831629 -0.16831629 -0.16831629 -0.16831629 -0.16831629
  3.37736977 -0.16831629 -0.16831629 -0.16831629 -0.16831629 -0.16831629
 -0.16831629 -0.16831629 -0.16831629 -0.16831629 -0.16831629 -0.16831629
 -0.16831629 -0.16831629  7.04697519 -0.16831629 -0.16831629  3.24573898
 -0.16831629 -0.16831629 -0.16831629 -0.16831629 -0.16831629 -0.16831629
  3.57345036 -0.16831629 -0.16831629 -0.16831629 -0.16831629  6.4127497
 -0.16831629 -0.16831629 -0.16831629 -0.16831629 -0.16831629 -0.16831629
 -0.16831629 -0.16831629 -0.16831629 -0.16831629 -0.16831629 -0.16831629
 -0.16831629 -0.16831629 -0.16831629 -0.16831629 -0.16831629 -0.16831629
 -0.16831629  0.08009075 -0.16831629 -0.16831629  0.39087873 -0.16831629
 -0.16831629 -0.16831629 -0.16831629 -0.16831629 -0.16831629 -0.16831629
 -0.16831629 -0.16831629 -0.16831629 -0.16831629 -0.16831629 -0.16831629
 -0.16831629 -0.16831629 -0.16831629 -0.16831629 -0.16831629 -0.16831629
 -0.16831629 -0.16831629 -0.16831629  6.15306056 -0.16831629  4.94075454
 -0.16831629 -0.16831629 -0.16831629 -0.16831629 -0.16831629 -0.16831629
 -0.16831629 -0.16831629  0.23460465 -0.16831629 -0.16831629 -0.16831629
 -0.16831629 -0.16831629 -0.16831629 -0.16831629 -0.16831629 -0.16831629
 -0.16831629 -0.16831629 -0.16831629 -0.16831629 -0.16831629 -0.16831629
 -0.16831629 -0.16831629 -0.16831629 -0.16831629 -0.16831629 -0.16831629
 -0.16831629 -0.16831629 -0.16831629 -0.16831629 -0.16831629 -0.16831629
 -0.16831629 -0.16831629 -0.16831629 -0.16831629 -0.16831629 -0.16831629
 -0.16831629 -0.16831629 -0.16831629 -0.16831629 -0.16831629  6.84421004
 -0.16831629 -0.16831629 -0.16831629 -0.16831629 -0.16831629 -0.16831629
 -0.16831629 -0.16831629 -0.16831629 -0.16831629 -0.16831629 -0.16831629
 -0.16831629 -0.16831629 -0.16831629 -0.16831629 -0.16831629 -0.16831629
 -0.16831629 -0.16831629 -0.16831629 -0.16831629 -0.16831629 -0.16831629
 -0.16831629 -0.16831629 -0.16831629 -0.16831629 -0.16831629 -0.16831629
 -0.16831629 -0.16831629 -0.16831629 -0.16831629 -0.16831629 -0.16831629
 -0.16831629 -0.16831629 -0.16831629 -0.16831629 -0.16831629 -0.16831629
 -0.16831629 -0.16831629 -0.16831629 -0.16831629 -0.16831629 -0.16831629
 -0.16831629 -0.16831629 -0.16831629 -0.16831629 -0.16831629 -0.16831629
 -0.16831629 -0.16831629 -0.16831629 -0.16831629 -0.16831629 -0.16831629
 -0.16831629 -0.16831629 -0.16831629 -0.16831629 -0.16831629 -0.16831629
 -0.16831629 -0.16831629 -0.16831629 -0.16831629 -0.16831629 -0.16831629
 -0.16831629 -0.16831629 -0.16831629 -0.16831629 -0.16831629 -0.16831629
 -0.16831629 -0.16831629 -0.16831629 -0.16831629 -0.16831629 -0.16831629
 -0.16831629 -0.16831629 -0.16831629 -0.16831629 -0.16831629 -0.16831629
 -0.16831629 -0.16831629 -0.16831629 -0.16831629 -0.16831629 -0.16831629
 -0.16831629 -0.16831629 -0.16831629 -0.16831629 -0.16831629 -0.16831629
 -0.16831629 -0.16831629 -0.16831629 -0.16831629 -0.16831629 -0.16831629
 -0.16831629 -0.16831629 -0.16831629 -0.16831629 -0.16831629 -0.16831629
 -0.16831629 -0.16831629 -0.16831629 -0.16831629 -0.16831629 -0.16831629
 -0.16831629 -0.16831629 -0.16831629 -0.16831629 -0.16831629 -0.16831629
 -0.16831629 -0.16831629 -0.16831629 -0.16831629 -0.16831629 -0.16831629
 -0.16831629 -0.16831629 -0.16831629 -0.16831629 -0.16831629 -0.16831629
 -0.16831629 -0.16831629 -0.16831629 -0.16831629 -0.16831629 -0.16831629
 -0.16831629 -0.16831629 -0.16831629 -0.16831629 -0.16831629 -0.16831629
 -0.16831629 -0.16831629  4.07626585 -0.16831629 -0.16831629 -0.16831629
 -0.16831629 -0.16831629 -0.16831629 -0.16831629 -0.16831629 -0.16831629
  9.18444258 -0.16831629 -0.16831629 -0.16831629 -0.16831629 -0.16831629
 -0.16831629 -0.16831629 -0.16831629 -0.16831629 -0.16831629 -0.16831629
 -0.16831629 -0.16831629 -0.16831629 -0.16831629 -0.16831629 -0.16831629
 -0.16831629 -0.16831629 -0.16831629 -0.16831629 -0.16831629 -0.16831629
 -0.16831629 -0.16831629 -0.16831629 -0.16831629 -0.16831629 -0.16831629
 -0.16831629 -0.16831629 -0.16831629 -0.16831629 -0.16831629 -0.16831629
 -0.16831629 -0.16831629 -0.16831629 -0.16831629 -0.16831629 -0.16831629
 -0.16831629 -0.16831629 -0.16831629 -0.16831629]",[0.001404898960453732]
1,"[-0.12556462 -0.12556462 -0.12556462 -0.12556462 -0.12556462 -0.12556462
 -0.12556462 -0.12556462 -0.12556462 -0.12556462 -0.12556462 -0.12556462
 -0.12556462 -0.12556462 -0.12556462 -0.12556462 -0.12556462 -0.12556462
 -0.12556462 -0.12556462 -0.12556462 -0.12556462 -0.12556462 -0.12556462
 -0.12556462 -0.12556462 -0.12556462 -0.12556462 -0.12556462 -0.12556462
 -0.12556462 -0.12556462 -0.12556462 -0.12556462 -0.12556462 -0.12556462
 -0.12556462 -0.12556462 -0.12556462 -0.12556462 -0.12556462 -0.12556462
 -0.12556462 -0.12556462 -0.12556462 -0.12556462 -0.12556462 -0.12556462
 -0.12556462 -0.12556462 -0.12556462 -0.12556462 -0.12556462 -0.12556462
 -0.12556462 -0.12556462 -0.12556462 -0.12556462 -0.12556462 -0.12556462
 -0.12556462 -0.12556462 -0.12556462 -0.12556462 -0.12556462 -0.12556462
 -0.12556462 -0.12556462 -0.12556462 -0.12556462 -0.12556462 -0.12556462
 -0.12556462 -0.12556462 -0.12556462 -0.12556462 -0.12556462 -0.12556462
 -0.12556462 -0.12556462 -0.12556462 -0.12556462 -0.12556462 12.62682614
 -0.12556462 -0.12556462 -0.12556462 -0.12556462 -0.12556462 -0.12556462
 -0.12556462 -0.12556462 -0.12556462 -0.12556462 -0.12556462 -0.12556462
 -0.12556462 -0.12556462 -0.12556462 -0.12556462 -0.12556462 -0.12556462
 -0.12556462 -0.12556462 -0.12556462 -0.12556462 -0.12556462 -0.12556462
 -0.12556462 -0.12556462 -0.12556462 -0.12556462 -0.12556462 -0.12556462
 -0.12556462 -0.12556462 -0.12556462 -0.12556462 -0.12556462 -0.12556462
 -0.12556462 -0.12556462 -0.12556462 -0.12556462 -0.12556462 -0.12556462
 -0.12556462 -0.12556462 -0.12556462 -0.12556462 -0.12556462 -0.12556462
 -0.12556462 -0.12556462 -0.12556462 -0.12556462 -0.12556462 -0.12556462
 -0.12556462 -0.12556462 -0.12556462 -0.12556462 -0.12556462 -0.12556462
 -0.12556462 -0.12556462 -0.12556462 -0.12556462 -0.12556462 -0.12556462
 -0.12556462 -0.12556462 -0.12556462 -0.12556462 -0.12556462 -0.12556462
 -0.12556462 -0.12556462 -0.12556462 -0.12556462 -0.12556462 -0.12556462
 -0.12556462 -0.12556462 -0.12556462 -0.12556462 -0.12556462 -0.12556462
 -0.12556462 -0.12556462 -0.12556462 -0.12556462 -0.12556462 -0.12556462
 -0.12556462 -0.12556462 -0.12556462 -0.12556462 -0.12556462 -0.12556462
 -0.12556462 -0.12556462 -0.12556462 -0.12556462 -0.12556462 -0.12556462
  4.45207897 -0.12556462 -0.12556462 -0.12556462 -0.12556462 -0.12556462
 -0.12556462 -0.12556462 -0.12556462 -0.12556462 -0.12556462 -0.12556462
 -0.12556462 -0.12556462  7.66469972 -0.12556462 -0.12556462 -0.12556462
 -0.12556462 -0.12556462 -0.12556462 -0.12556462 -0.12556462 -0.12556462
  3.87365089 -0.12556462 -0.12556462 -0.12556462 -0.12556462  6.09727466
 -0.12556462 -0.12556462  0.39902389 -0.12556462 -0.12556462 -0.12556462
 -0.12556462 -0.12556462 -0.12556462 -0.12556462 -0.12556462 -0.12556462
 -0.12556462 -0.12556462 -0.12556462 -0.12556462 -0.12556462 -0.12556462
 -0.12556462 -0.12556462 -0.12556462 -0.12556462 -0.12556462 -0.12556462
 -0.12556462 -0.12556462 -0.12556462 -0.12556462 -0.12556462 -0.12556462
 -0.12556462 -0.12556462 -0.12556462 -0.12556462 -0.12556462 -0.12556462
 -0.12556462 -0.12556462 -0.12556462 -0.12556462 -0.12556462 -0.12556462
 -0.12556462 -0.12556462 -0.12556462  7.10562851 -0.12556462 -0.12556462
 -0.12556462 -0.12556462 -0.12556462 -0.12556462 -0.12556462 -0.12556462
 -0.12556462 -0.12556462 -0.12556462 -0.12556462 -0.12556462 -0.12556462
 -0.12556462 -0.12556462 -0.12556462 -0.12556462 -0.12556462 -0.12556462
 -0.12556462 -0.12556462 -0.12556462 -0.12556462 -0.12556462 -0.12556462
 -0.12556462 -0.12556462 -0.12556462 -0.12556462 -0.12556462 -0.12556462
 -0.12556462 -0.12556462 -0.12556462 -0.12556462 -0.12556462 -0.12556462
 -0.12556462 -0.12556462 -0.12556462 -0.12556462 -0.12556462 -0.12556462
 -0.12556462 -0.12556462 -0.12556462 -0.12556462 -0.12556462  1.76330045
 -0.12556462 -0.12556462 -0.12556462 -0.12556462 -0.12556462 -0.12556462
 -0.12556462 -0.12556462 -0.12556462 -0.12556462 -0.12556462 -0.12556462
 -0.12556462 -0.12556462 -0.12556462 -0.12556462 -0.12556462 -0.12556462
 -0.12556462 -0.12556462 -0.12556462 -0.12556462 -0.12556462 -0.12556462
 -0.12556462 -0.12556462 -0.12556462 -0.12556462 -0.12556462 -0.12556462
 -0.12556462 -0.12556462 -0.12556462 -0.12556462 -0.12556462 -0.12556462
 -0.12556462 -0.12556462 -0.12556462 -0.12556462 -0.12556462 -0.12556462
 -0.12556462 -0.12556462 -0.12556462 -0.12556462 -0.12556462 -0.12556462
 -0.12556462 -0.12556462 -0.12556462 -0.12556462 -0.12556462 -0.12556462
 -0.12556462 -0.12556462 -0.12556462 -0.12556462 -0.12556462 -0.12556462
 -0.12556462 -0.12556462 -0.12556462 -0.12556462 -0.12556462 -0.12556462
 -0.12556462 -0.12556462 -0.12556462 -0.12556462 -0.12556462 -0.12556462
 -0.12556462 -0.12556462 -0.12556462 -0.12556462 -0.12556462 -0.12556462
 -0.12556462 -0.12556462 -0.12556462 -0.12556462 -0.12556462 -0.12556462
 -0.12556462 -0.12556462 -0.12556462 -0.12556462 -0.12556462 -0.12556462
 -0.12556462 -0.12556462 -0.12556462 -0.12556462 -0.12556462 -0.12556462
 -0.12556462 -0.12556462 -0.12556462 -0.12556462 -0.12556462 -0.12556462
 -0.12556462 -0.12556462 -0.12556462 -0.12556462 -0.12556462 -0.12556462
 -0.12556462 -0.12556462 -0.12556462 -0.12556462 -0.12556462 -0.12556462
 -0.12556462 -0.12556462 -0.12556462 -0.12556462 -0.12556462 -0.12556462
 -0.12556462 -0.12556462 -0.12556462 -0.12556462 -0.12556462 -0.12556462
 -0.12556462 -0.12556462 -0.12556462 -0.12556462 -0.12556462 -0.12556462
 -0.12556462 -0.12556462 -0.12556462 -0.12556462 -0.12556462 -0.12556462
 -0.12556462 -0.12556462 -0.12556462 -0.12556462 -0.12556462 -0.12556462
 -0.12556462 -0.12556462 -0.12556462 -0.12556462 -0.12556462 -0.12556462
 -0.12556462 -0.12556462  9.53677073 -0.12556462 -0.12556462 -0.12556462
  8.59292736 -0.12556462 -0.12556462 -0.12556462 -0.12556462 -0.12556462
 -0.12556462 -0.12556462 -0.12556462 -0.12556462 -0.12556462 -0.12556462
 -0.12556462 -0.12556462 -0.12556462 -0.12556462 -0.12556462 -0.12556462
 -0.12556462  1.80021271 -0.12556462 -0.12556462 -0.12556462 -0.12556462
 -0.12556462 -0.12556462 -0.12556462 -0.12556462 -0.12556462 -0.12556462
 -0.12556462 -0.12556462 -0.12556462 -0.12556462 -0.12556462 -0.12556462
 -0.12556462 -0.12556462 -0.12556462 -0.12556462 -0.12556462 -0.12556462
 -0.12556462 -0.12556462 -0.12556462 -0.12556462 -0.12556462 -0.12556462
 -0.12556462 -0.12556462 -0.12556462 -0.12556462]",[-0.004361554190379591]
1,"[-0.13787318 -0.13787318 -0.13787318 -0.13787318 -0.13787318 -0.13787318
 -0.13787318 -0.13787318 -0.13787318 -0.13787318 -0.13787318 -0.13787318
 -0.13787318 -0.13787318 -0.13787318 -0.13787318 -0.13787318 -0.13787318
  7.74364303 -0.13787318 -0.13787318  5.85914793 -0.13787318 -0.13787318
 -0.13787318 -0.13787318 -0.13787318 -0.13787318 -0.13787318 -0.13787318
 -0.13787318 -0.13787318 -0.13787318 -0.13787318 -0.13787318 -0.13787318
 -0.13787318 -0.13787318 -0.13787318 -0.13787318 -0.13787318 -0.13787318
 -0.13787318 -0.13787318 -0.13787318 -0.13787318 -0.13787318 -0.13787318
 -0.13787318 -0.13787318 -0.13787318 -0.13787318 -0.13787318 -0.13787318
 -0.13787318 -0.13787318 -0.13787318 -0.13787318 -0.13787318 -0.13787318
 -0.13787318 -0.13787318 -0.13787318 -0.13787318 -0.13787318 -0.13787318
 -0.13787318 -0.13787318 -0.13787318 -0.13787318 -0.13787318 -0.13787318
 -0.13787318 -0.13787318 -0.13787318 -0.13787318 -0.13787318 -0.13787318
 -0.13787318 -0.13787318 -0.13787318 -0.13787318 -0.13787318  2.22188074
 -0.13787318 -0.13787318 -0.13787318 -0.13787318 -0.13787318 -0.13787318
 -0.13787318 -0.13787318  4.31916021 -0.13787318 -0.13787318 -0.13787318
 -0.13787318 -0.13787318 -0.13787318 -0.13787318 -0.13787318 -0.13787318
 -0.13787318 -0.13787318 -0.13787318 -0.13787318 -0.13787318 -0.13787318
 -0.13787318 -0.13787318 -0.13787318 -0.13787318 -0.13787318 -0.13787318
 -0.13787318 -0.13787318  0.52587569 -0.13787318 -0.13787318 -0.13787318
 -0.13787318 -0.13787318 -0.13787318 -0.13787318 -0.13787318 -0.13787318
 -0.13787318 -0.13787318 -0.13787318 -0.13787318 -0.13787318 -0.13787318
 -0.13787318 -0.13787318 -0.13787318 -0.13787318 -0.13787318 -0.13787318
 -0.13787318 -0.13787318 -0.13787318 -0.13787318 -0.13787318 -0.13787318
 -0.13787318 -0.13787318 -0.13787318 -0.13787318 -0.13787318 -0.13787318
 -0.13787318 -0.13787318 -0.13787318 -0.13787318 -0.13787318 -0.13787318
 -0.13787318 -0.13787318 -0.13787318 -0.13787318 -0.13787318 -0.13787318
 -0.13787318 -0.13787318 -0.13787318 -0.13787318 -0.13787318 -0.13787318
 -0.13787318 -0.13787318 -0.13787318 -0.13787318 -0.13787318 -0.13787318
 -0.13787318 -0.13787318 -0.13787318 -0.13787318 -0.13787318 -0.13787318
 -0.13787318 -0.13787318 -0.13787318 -0.13787318 -0.13787318 -0.13787318
 -0.13787318 -0.13787318 -0.13787318 -0.13787318 -0.13787318 -0.13787318
 -0.13787318 -0.13787318 -0.13787318 -0.13787318 -0.13787318 -0.13787318
 -0.13787318 -0.13787318  3.91350688 -0.13787318 -0.13787318 -0.13787318
 -0.13787318 -0.13787318 -0.13787318 -0.13787318 -0.13787318 -0.13787318
 -0.13787318 -0.13787318 -0.13787318 -0.13787318 -0.13787318  6.91686112
 -0.13787318 -0.13787318 -0.13787318 -0.13787318 -0.13787318 -0.13787318
 -0.13787318 -0.13787318 -0.13787318 -0.13787318 -0.13787318 -0.13787318
 -0.13787318 -0.13787318 -0.13787318 -0.13787318 -0.13787318 -0.13787318
 -0.13787318 -0.02169717 -0.13787318 -0.13787318 -0.13787318 -0.13787318
 -0.13787318 -0.13787318 -0.13787318 -0.13787318 -0.13787318 -0.13787318
 -0.13787318 -0.13787318 -0.13787318 -0.13787318 -0.13787318 -0.13787318
 -0.13787318 -0.13787318 -0.13787318 -0.13787318 -0.13787318 -0.13787318
 -0.13787318 -0.13787318 -0.13787318  2.12947256 -0.13787318 -0.13787318
 -0.13787318 -0.13787318 -0.13787318 -0.13787318 -0.13787318 -0.13787318
 -0.13787318 -0.13787318 -0.13787318 -0.13787318 -0.13787318 -0.13787318
 -0.13787318 -0.13787318 -0.13787318 -0.13787318 -0.13787318 -0.13787318
 -0.13787318 -0.13787318 -0.13787318 -0.13787318 -0.13787318 -0.13787318
  8.05806401 -0.13787318 -0.13787318 -0.13787318 -0.13787318 -0.13787318
 -0.13787318 -0.13787318 -0.13787318 -0.13787318 -0.13787318 -0.13787318
 -0.13787318 -0.13787318 -0.13787318 -0.13787318 -0.13787318 -0.13787318
  1.44741035 -0.13787318 -0.13787318 -0.13787318 -0.13787318  6.0803497
 -0.13787318 -0.13787318 -0.13787318 -0.13787318 -0.13787318 -0.13787318
 -0.13787318 -0.13787318 -0.13787318 -0.13787318 -0.13787318 -0.13787318
 -0.13787318 -0.13787318 -0.13787318 -0.13787318 -0.13787318 -0.13787318
 -0.13787318 -0.13787318 -0.13787318 -0.13787318 -0.13787318 -0.13787318
 -0.13787318 -0.13787318 -0.13787318 -0.13787318 -0.13787318 -0.13787318
 -0.13787318 -0.13787318 -0.13787318 -0.13787318 -0.13787318 -0.13787318
 -0.13787318 -0.13787318 -0.13787318 -0.13787318 -0.13787318 -0.13787318
 -0.13787318 -0.13787318 -0.13787318 -0.13787318 -0.13787318 -0.13787318
 -0.13787318 -0.13787318 -0.13787318 -0.13787318 -0.13787318 -0.13787318
 -0.13787318 -0.13787318 -0.13787318 -0.13787318 -0.13787318 -0.13787318
 -0.13787318 -0.13787318 -0.13787318 -0.13787318 -0.13787318 -0.13787318
 -0.13787318 -0.13787318 -0.13787318 -0.13787318 -0.13787318 -0.13787318
 -0.13787318 -0.13787318 -0.13787318 -0.13787318 -0.13787318 -0.13787318
 -0.13787318 -0.13787318 -0.13787318 -0.13787318 -0.13787318 -0.13787318
 -0.13787318 -0.13787318 -0.13787318 -0.13787318 -0.13787318 -0.13787318
 -0.13787318 -0.13787318 -0.13787318 -0.13787318 -0.13787318 -0.13787318
 -0.13787318 -0.13787318 -0.13787318 -0.13787318 -0.13787318 -0.13787318
 -0.13787318 -0.13787318 -0.13787318 -0.13787318 -0.13787318 -0.13787318
 -0.13787318 -0.13787318 -0.13787318 -0.13787318 -0.13787318 -0.13787318
 -0.13787318 -0.13787318 -0.13787318 -0.13787318 -0.13787318 -0.13787318
 -0.13787318 -0.13787318 -0.13787318 -0.13787318 -0.13787318 -0.13787318
 -0.13787318 -0.13787318 -0.13787318 -0.13787318 -0.13787318 -0.13787318
 -0.13787318 -0.13787318 -0.13787318 -0.13787318 -0.13787318 -0.13787318
 -0.13787318 -0.13787318 -0.13787318 -0.13787318 -0.13787318 -0.13787318
 -0.13787318 -0.13787318 -0.13787318 -0.13787318 -0.13787318 -0.13787318
 -0.13787318 -0.13787318  8.16822488 -0.13787318 -0.13787318 -0.13787318
 12.40192739 -0.13787318 -0.13787318 -0.13787318 -0.13787318 -0.13787318
 -0.13787318 -0.13787318 -0.13787318 -0.13787318 -0.13787318 -0.13787318
 -0.13787318 -0.13787318 -0.13787318 -0.13787318 -0.13787318 -0.13787318
 -0.13787318 -0.13787318 -0.13787318 -0.13787318 -0.13787318 -0.13787318
 -0.13787318 -0.13787318 -0.13787318 -0.13787318 -0.13787318 -0.13787318
 -0.13787318 -0.13787318 -0.13787318 -0.13787318 -0.13787318 -0.13787318
 -0.13787318 -0.13787318 -0.13787318 -0.13787318 -0.13787318 -0.13787318
 -0.13787318 -0.13787318 -0.13787318 -0.13787318 -0.13787318 -0.13787318
 -0.13787318 -0.13787318 -0.13787318 -0.13787318]",[0.0084882503385241]
1,"[-0.27572018 -0.27572018 -0.27572018 -0.27572018  1.21220359 -0.27572018
 -0.27572018 -0.27572018 -0.27572018 -0.27572018 -0.27572018 -0.27572018
 -0.27572018 -0.27572018 -0.27572018 -0.27572018 -0.27572018 -0.27572018
 -0.27572018 -0.27572018 -0.27572018 -0.27572018 -0.27572018 -0.27572018
 -0.27572018 -0.27572018 -0.27572018 -0.27572018 -0.27572018 -0.27572018
 -0.27572018 -0.27572018 -0.27572018 -0.27572018 -0.27572018 -0.27572018
 -0.27572018 -0.27572018 -0.27572018 -0.27572018 -0.27572018 -0.27572018
 -0.27572018 -0.27572018 -0.27572018 -0.27572018 -0.27572018 -0.27572018
 -0.27572018 -0.27572018 -0.27572018 -0.27572018 -0.27572018 -0.27572018
 -0.27572018 -0.27572018 -0.27572018 -0.27572018 -0.27572018 -0.27572018
 -0.27572018 -0.27572018 -0.27572018 -0.27572018 -0.27572018 -0.27572018
 -0.27572018 -0.27572018 -0.27572018 -0.27572018 -0.27572018 -0.27572018
 -0.27572018 -0.27572018 -0.27572018 -0.27572018 -0.27572018 -0.27572018
 -0.27572018 -0.27572018 -0.27572018 -0.27572018 -0.27572018  3.69173257
 -0.27572018 -0.27572018  1.07709813 -0.27572018 -0.27572018 -0.27572018
 -0.27572018 -0.27572018 -0.27572018 -0.27572018 -0.27572018 -0.27572018
 -0.27572018 -0.27572018 -0.27572018 -0.27572018 -0.27572018 -0.27572018
 -0.27572018 -0.27572018 -0.27572018 -0.27572018 -0.27572018 -0.27572018
 -0.27572018 -0.27572018  5.5909033  -0.27572018 -0.27572018 -0.27572018
 -0.27572018  1.76985513  3.24608836 -0.27572018 -0.27572018 -0.27572018
 -0.27572018 -0.27572018 -0.27572018 -0.27572018  3.59346072 -0.27572018
 -0.27572018 -0.27572018 -0.27572018 -0.27572018 -0.27572018 -0.27572018
 -0.27572018 -0.27572018 -0.27572018 -0.27572018 -0.27572018 -0.27572018
 -0.27572018 -0.27572018 -0.27572018 -0.27572018 -0.27572018 -0.27572018
 -0.27572018 -0.27572018 -0.27572018 -0.27572018 -0.27572018 -0.27572018
 -0.27572018 -0.27572018 -0.27572018 -0.27572018 -0.27572018 -0.27572018
 -0.27572018 -0.27572018 -0.27572018 -0.27572018 -0.27572018 -0.27572018
 -0.27572018  2.06916917 -0.27572018 -0.27572018 -0.27572018 -0.27572018
 -0.27572018 -0.27572018 -0.27572018 -0.27572018 -0.27572018 -0.27572018
 -0.27572018 -0.27572018 -0.27572018 -0.27572018 -0.27572018 -0.27572018
 -0.27572018 -0.27572018 -0.27572018 -0.27572018 -0.27572018 -0.27572018
 -0.27572018 -0.27572018 -0.27572018 -0.27572018 -0.27572018 -0.27572018
 -0.27572018 -0.27572018 -0.27572018 -0.27572018 -0.27572018 -0.27572018
 -0.27572018 -0.27572018 -0.27572018 -0.27572018 -0.27572018 -0.27572018
 -0.27572018 -0.27572018 -0.27572018 -0.27572018 -0.27572018 -0.27572018
  3.73180281  0.73784133  0.56427061 -0.27572018  3.36552846  1.72456216
 -0.27572018 -0.27572018 -0.27572018 -0.27572018 -0.27572018 -0.27572018
 -0.27572018 -0.27572018 -0.27572018 -0.27572018  2.53310583 -0.27572018
 -0.27572018 -0.27572018 -0.27572018 -0.27572018 -0.27572018 -0.27572018
 -0.27572018  3.63322823 -0.27572018  4.66694531  5.51460694 -0.27572018
  3.15035995  0.45984401  3.67450898  4.37659877  2.78746751 -0.27572018
 -0.27572018 -0.27572018 -0.27572018 -0.27572018 -0.27572018  2.14088066
 -0.27572018 -0.27572018  4.89270192  6.36981129  4.48507434 -0.27572018
 -0.27572018 -0.27572018 -0.27572018  0.56963448 -0.27572018  1.63866633
 -0.27572018 -0.27572018 -0.27572018 -0.27572018 -0.27572018 -0.27572018
  3.57411464 -0.27572018  5.00194984 -0.27572018  2.29902955  3.73975616
 -0.27572018  2.73446296 -0.27572018 -0.27572018  3.75645345 -0.27572018
 -0.27572018  0.19555908 -0.27572018 -0.27572018  4.96890187 -0.27572018
 -0.27572018 -0.27572018 -0.27572018  1.16179825 -0.27572018 -0.27572018
 -0.27572018 -0.27572018  3.62388668 -0.27572018 -0.27572018 -0.27572018
 -0.27572018 -0.27572018 -0.27572018 -0.27572018 -0.27572018 -0.27572018
 -0.27572018 -0.27572018 -0.27572018 -0.27572018 -0.27572018  0.37953698
 -0.27572018 -0.27572018 -0.27572018 -0.27572018 -0.27572018 -0.27572018
 -0.27572018 -0.27572018 -0.27572018 -0.27572018  1.13560162 -0.27572018
 -0.27572018 -0.27572018 -0.27572018 -0.27572018 -0.27572018 -0.27572018
 -0.27572018 -0.27572018 -0.27572018 -0.27572018 -0.27572018 -0.27572018
 -0.27572018 -0.27572018 -0.27572018 -0.27572018 -0.27572018 -0.27572018
 -0.27572018 -0.27572018 -0.27572018 -0.27572018 -0.27572018 -0.27572018
 -0.27572018 -0.27572018 -0.27572018 -0.27572018 -0.27572018 -0.27572018
 -0.27572018 -0.27572018 -0.27572018 -0.27572018 -0.27572018 -0.27572018
 -0.27572018 -0.27572018 -0.27572018 -0.27572018 -0.27572018 -0.27572018
 -0.27572018 -0.27572018 -0.27572018 -0.27572018 -0.27572018 -0.27572018
 -0.27572018 -0.27572018 -0.27572018 -0.27572018 -0.27572018 -0.27572018
 -0.27572018 -0.27572018 -0.27572018 -0.27572018 -0.27572018 -0.27572018
 -0.27572018 -0.27572018 -0.27572018 -0.27572018 -0.27572018 -0.27572018
 -0.27572018 -0.27572018 -0.27572018 -0.27572018 -0.27572018 -0.27572018
 -0.27572018 -0.27572018 -0.27572018 -0.27572018 -0.27572018 -0.27572018
 -0.27572018 -0.27572018 -0.27572018 -0.27572018 -0.27572018 -0.27572018
 -0.27572018 -0.27572018 -0.27572018 -0.27572018 -0.27572018 -0.27572018
 -0.27572018 -0.27572018 -0.27572018 -0.27572018 -0.27572018 -0.27572018
 -0.27572018 -0.27572018 -0.27572018 -0.27572018  1.93653831  2.32906599
 -0.27572018 -0.27572018 -0.27572018 -0.27572018 -0.27572018 -0.27572018
 -0.27572018 -0.27572018 -0.27572018 -0.27572018 -0.27572018 -0.27572018
 -0.27572018 -0.27572018 -0.27572018 -0.27572018 -0.27572018 -0.27572018
  1.51954432 -0.27572018 -0.27572018 -0.27572018 -0.27572018 -0.27572018
 -0.27572018 -0.27572018 -0.27572018 -0.27572018 -0.27572018 -0.27572018
 -0.27572018 -0.27572018 -0.27572018 -0.27572018 -0.27572018 -0.27572018
 -0.27572018 -0.27572018 -0.27572018 -0.27572018 -0.27572018 -0.27572018
  3.51690401 -0.27572018 -0.27572018 -0.27572018 -0.27572018 -0.27572018
 -0.27572018 -0.27572018 -0.27572018 -0.27572018 -0.27572018 -0.27572018
 -0.27572018 -0.27572018 -0.27572018 -0.27572018 -0.27572018 -0.27572018
 -0.27572018  1.48109778 -0.27572018 -0.27572018 -0.27572018 -0.27572018
 -0.27572018 -0.27572018 -0.27572018 -0.27572018 -0.27572018 -0.27572018
 -0.27572018 -0.27572018 -0.27572018 -0.27572018 -0.27572018 -0.27572018
 -0.27572018 -0.27572018 -0.27572018 -0.27572018 -0.27572018 -0.27572018
 -0.27572018 -0.27572018 -0.27572018 -0.27572018 -0.27572018 -0.27572018
 -0.27572018 -0.27572018  4.06921444 -0.27572018]",[0.12175966891338902]
1,"[-0.12893889 -0.12893889 -0.12893889 -0.12893889 -0.12893889 -0.12893889
 -0.12893889 -0.12893889 -0.12893889 -0.12893889 -0.12893889 -0.12893889
 -0.12893889 -0.12893889 -0.12893889 -0.12893889 -0.12893889 -0.12893889
 -0.12893889 -0.12893889 -0.12893889 -0.12893889 -0.12893889 -0.12893889
 -0.12893889 -0.12893889 -0.12893889 -0.12893889 -0.12893889 -0.12893889
 -0.12893889 -0.12893889 -0.12893889 -0.12893889 -0.12893889 -0.12893889
 -0.12893889 -0.12893889 -0.12893889 -0.12893889 -0.12893889 -0.12893889
 -0.12893889 -0.12893889 -0.12893889 -0.12893889 -0.12893889 -0.12893889
 -0.12893889 -0.12893889 -0.12893889 -0.12893889 -0.12893889 -0.12893889
 -0.12893889 -0.12893889 -0.12893889 -0.12893889 -0.12893889 -0.12893889
 -0.12893889 -0.12893889 -0.12893889 -0.12893889 -0.12893889 -0.12893889
 -0.12893889 -0.12893889 -0.12893889 -0.12893889 -0.12893889 -0.12893889
 -0.12893889 -0.12893889 -0.12893889 -0.12893889 -0.12893889 -0.12893889
 -0.12893889 -0.12893889 -0.12893889 -0.12893889 -0.12893889  2.97141988
 -0.12893889 -0.12893889 -0.12893889 -0.12893889 -0.12893889 -0.12893889
 -0.12893889 -0.12893889 -0.12893889 -0.12893889 -0.12893889 -0.12893889
 -0.12893889 -0.12893889 -0.12893889 -0.12893889 -0.12893889 -0.12893889
 -0.12893889 -0.12893889 -0.12893889 -0.12893889 -0.12893889 -0.12893889
 -0.12893889 -0.12893889  1.33364494 -0.12893889 -0.12893889 -0.12893889
 -0.12893889 -0.12893889 -0.12893889 -0.12893889 -0.12893889 -0.12893889
 -0.12893889 -0.12893889 -0.12893889  0.34694064 -0.12893889 -0.12893889
 -0.12893889 -0.12893889 -0.12893889 -0.12893889 -0.12893889 -0.12893889
 -0.12893889 -0.12893889 -0.12893889 -0.12893889 -0.12893889 -0.12893889
 -0.12893889 -0.12893889 -0.12893889 -0.12893889 -0.12893889 -0.12893889
 -0.12893889 -0.12893889 -0.12893889 -0.12893889 -0.12893889 -0.12893889
 -0.12893889 -0.12893889 -0.12893889 -0.12893889 -0.12893889 -0.12893889
 -0.12893889 -0.12893889 -0.12893889 -0.12893889 -0.12893889 -0.12893889
 -0.12893889 -0.12893889 -0.12893889 -0.12893889 -0.12893889 -0.12893889
 -0.12893889 -0.12893889 -0.12893889 -0.12893889 -0.12893889 -0.12893889
 -0.12893889 -0.12893889 -0.12893889 -0.12893889 -0.12893889 -0.12893889
 -0.12893889 -0.12893889 -0.12893889 -0.12893889 -0.12893889 -0.12893889
  3.3745524  -0.12893889 -0.12893889 -0.12893889 -0.12893889 -0.12893889
 -0.12893889 -0.12893889 -0.12893889 -0.12893889 -0.12893889 -0.12893889
 -0.12893889 -0.12893889  5.803169   -0.12893889 -0.12893889 -0.12893889
 -0.12893889 -0.12893889 -0.12893889 -0.12893889 -0.12893889 -0.12893889
  8.23843352 -0.12893889 -0.12893889 -0.12893889 -0.12893889  9.41072624
 -0.12893889 -0.12893889 -0.12893889 -0.12893889 -0.12893889 -0.12893889
 -0.12893889 -0.12893889 -0.12893889 -0.12893889 -0.12893889 -0.12893889
 -0.12893889 -0.12893889 -0.12893889 -0.12893889 -0.12893889 -0.12893889
 -0.12893889 -0.0315697  -0.12893889 -0.12893889 -0.12893889 -0.12893889
 -0.12893889 -0.12893889 -0.12893889 -0.12893889 -0.12893889 -0.12893889
 -0.12893889 -0.12893889 -0.12893889 -0.12893889 -0.12893889 -0.12893889
 -0.12893889 -0.12893889 -0.12893889 -0.12893889 -0.12893889 -0.12893889
 -0.12893889 -0.12893889 -0.12893889  6.98938535 -0.12893889 -0.12893889
 -0.12893889 -0.12893889 -0.12893889 -0.12893889 -0.12893889 -0.12893889
 -0.12893889 -0.12893889  0.27924111 -0.12893889 -0.12893889 -0.12893889
 -0.12893889 -0.12893889 -0.12893889 -0.12893889 -0.12893889 -0.12893889
 -0.12893889 -0.12893889 -0.12893889 -0.12893889 -0.12893889 -0.12893889
 -0.12893889 -0.12893889 -0.12893889 -0.12893889 -0.12893889 -0.12893889
 -0.12893889 -0.12893889 -0.12893889 -0.12893889 -0.12893889 -0.12893889
 -0.12893889 -0.12893889 -0.12893889 -0.12893889 -0.12893889 -0.12893889
 -0.12893889 -0.12893889 -0.12893889 -0.12893889 -0.12893889  9.20966776
 -0.12893889 -0.12893889 -0.12893889 -0.12893889 -0.12893889 -0.12893889
 -0.12893889 -0.12893889 -0.12893889 -0.12893889 -0.12893889 -0.12893889
 -0.12893889 -0.12893889 -0.12893889 -0.12893889 -0.12893889 -0.12893889
 -0.12893889 -0.12893889 -0.12893889 -0.12893889 -0.12893889 -0.12893889
 -0.12893889 -0.12893889 -0.12893889 -0.12893889 -0.12893889 -0.12893889
 -0.12893889 -0.12893889 -0.12893889 -0.12893889 -0.12893889 -0.12893889
 -0.12893889 -0.12893889 -0.12893889 -0.12893889 -0.12893889 -0.12893889
 -0.12893889 -0.12893889 -0.12893889 -0.12893889 -0.12893889 -0.12893889
 -0.12893889 -0.12893889 -0.12893889 -0.12893889 -0.12893889 -0.12893889
 -0.12893889 -0.12893889 -0.12893889 -0.12893889 -0.12893889 -0.12893889
 -0.12893889 -0.12893889 -0.12893889 -0.12893889 -0.12893889 -0.12893889
 -0.12893889 -0.12893889 -0.12893889 -0.12893889 -0.12893889 -0.12893889
 -0.12893889 -0.12893889 -0.12893889 -0.12893889 -0.12893889 -0.12893889
 -0.12893889 -0.12893889 -0.12893889 -0.12893889 -0.12893889 -0.12893889
 -0.12893889 -0.12893889 -0.12893889 -0.12893889 -0.12893889 -0.12893889
 -0.12893889 -0.12893889 -0.12893889 -0.12893889 -0.12893889 -0.12893889
 -0.12893889 -0.12893889 -0.12893889 -0.12893889 -0.12893889 -0.12893889
 -0.12893889 -0.12893889 -0.12893889 -0.12893889 -0.12893889 -0.12893889
 -0.12893889 -0.12893889 -0.12893889 -0.12893889 -0.12893889 -0.12893889
 -0.12893889 -0.12893889 -0.12893889 -0.12893889 -0.12893889 -0.12893889
 -0.12893889 -0.12893889 -0.12893889 -0.12893889 -0.12893889 -0.12893889
 -0.12893889 -0.12893889 -0.12893889 -0.12893889 -0.12893889 -0.12893889
 -0.12893889 -0.12893889 -0.12893889 -0.12893889 -0.12893889 -0.12893889
 -0.12893889 -0.12893889 -0.12893889 -0.12893889 -0.12893889 -0.12893889
 -0.12893889 -0.12893889 -0.12893889 -0.12893889 -0.12893889 -0.12893889
 -0.12893889 -0.12893889 11.31238979 -0.12893889 -0.12893889 -0.12893889
 -0.12893889 -0.12893889 -0.12893889 -0.12893889 -0.12893889 -0.12893889
 -0.12893889 -0.12893889 -0.12893889 -0.12893889 -0.12893889 -0.12893889
 -0.12893889 -0.12893889 -0.12893889 -0.12893889 -0.12893889 -0.12893889
 -0.12893889  6.13401499 -0.12893889 -0.12893889 -0.12893889 -0.12893889
 -0.12893889 -0.12893889 -0.12893889 -0.12893889 -0.12893889 -0.12893889
 -0.12893889 -0.12893889 -0.12893889 -0.12893889 -0.12893889 -0.12893889
 -0.12893889 -0.12893889 -0.12893889 -0.12893889 -0.12893889 -0.12893889
 -0.12893889 -0.12893889 -0.12893889 -0.12893889 -0.12893889 -0.12893889
 -0.12893889 -0.12893889 -0.12893889 -0.12893889]",[-0.06024650383088101]
1,"[-0.28954889 -0.28954889 -0.28954889 -0.28954889  0.22167088 -0.28954889
 -0.28954889 -0.28954889 -0.28954889 -0.28954889 -0.28954889 -0.28954889
 -0.28954889 -0.28954889 -0.28954889 -0.28954889 -0.28954889 -0.28954889
 -0.28954889 -0.28954889 -0.28954889  1.6545211  -0.28954889 -0.28954889
 -0.28954889 -0.28954889 -0.28954889 -0.28954889 -0.28954889 -0.28954889
 -0.28954889 -0.28954889 -0.28954889 -0.28954889 -0.28954889 -0.28954889
 -0.28954889 -0.28954889 -0.28954889 -0.28954889 -0.28954889 -0.28954889
 -0.28954889 -0.28954889 -0.28954889 -0.28954889 -0.28954889 -0.28954889
 -0.28954889 -0.28954889 -0.28954889 -0.28954889 -0.28954889 -0.28954889
 -0.28954889 -0.28954889 -0.28954889 -0.28954889 -0.28954889 -0.28954889
 -0.28954889 -0.28954889 -0.28954889 -0.28954889 -0.28954889 -0.28954889
 -0.28954889 -0.28954889 -0.28954889 -0.28954889 -0.28954889 -0.28954889
 -0.28954889 -0.28954889 -0.28954889 -0.28954889 -0.28954889 -0.28954889
 -0.28954889 -0.28954889 -0.28954889 -0.28954889 -0.28954889  6.00952289
 -0.28954889 -0.28954889 -0.28954889  2.0386371  -0.28954889  4.34813758
 -0.28954889 -0.28954889  2.06020061 -0.28954889 -0.28954889 -0.28954889
 -0.28954889 -0.28954889 -0.28954889 -0.28954889 -0.28954889 -0.28954889
 -0.28954889 -0.28954889 -0.28954889 -0.28954889 -0.28954889 -0.28954889
 -0.28954889 -0.28954889  4.71201078 -0.28954889 -0.28954889 -0.28954889
 -0.28954889 -0.28954889  4.89151034 -0.28954889 -0.28954889 -0.28954889
 -0.28954889 -0.28954889 -0.28954889 -0.28954889  4.10110074 -0.28954889
 -0.28954889 -0.28954889 -0.28954889 -0.28954889 -0.28954889 -0.28954889
 -0.28954889 -0.28954889 -0.28954889 -0.28954889 -0.28954889 -0.28954889
 -0.28954889 -0.28954889 -0.28954889 -0.28954889 -0.28954889 -0.28954889
 -0.28954889 -0.28954889 -0.28954889 -0.28954889 -0.28954889 -0.28954889
 -0.28954889 -0.28954889 -0.28954889 -0.28954889 -0.28954889 -0.28954889
 -0.28954889 -0.28954889 -0.28954889 -0.28954889 -0.28954889 -0.28954889
 -0.28954889  0.51592445 -0.28954889 -0.28954889 -0.28954889 -0.28954889
 -0.28954889 -0.28954889 -0.28954889 -0.28954889 -0.28954889 -0.28954889
 -0.28954889 -0.28954889 -0.28954889 -0.28954889 -0.28954889 -0.28954889
 -0.28954889 -0.28954889 -0.28954889 -0.28954889 -0.28954889 -0.28954889
 -0.28954889 -0.28954889 -0.28954889 -0.28954889 -0.28954889 -0.28954889
 -0.28954889 -0.28954889 -0.28954889 -0.28954889 -0.28954889 -0.28954889
 -0.28954889 -0.28954889  1.25429288 -0.28954889 -0.28954889 -0.28954889
 -0.28954889 -0.28954889  2.35192081 -0.28954889 -0.28954889 -0.28954889
  3.57823671 -0.28954889  0.95176288 -0.28954889 -0.28954889  1.89897188
  3.27320751 -0.28954889 -0.28954889 -0.28954889 -0.28954889 -0.28954889
 -0.28954889 -0.28954889 -0.28954889 -0.28954889  1.06033976 -0.28954889
 -0.28954889 -0.28954889  1.52131402  1.70552786 -0.28954889 -0.28954889
 -0.28954889  3.22844485 -0.28954889  4.75335403  4.36892952 -0.28954889
  3.36848548  0.65222735  1.37769935 -0.28954889 -0.28954889 -0.28954889
 -0.28954889 -0.28954889 -0.28954889 -0.28954889 -0.28954889 -0.28954889
 -0.28954889 -0.28954889  1.86911798  4.22778299  4.05488802 -0.28954889
 -0.28954889 -0.28954889  4.14590441  3.52499613 -0.28954889  2.88160175
 -0.28954889 -0.28954889 -0.28954889  1.99370925 -0.28954889 -0.28954889
  2.54998982 -0.28954889  5.16257397 -0.28954889  3.25534908 -0.28954889
 -0.28954889  2.4280856  -0.28954889 -0.28954889  4.88619499 -0.28954889
  3.33114216  2.60821199 -0.28954889 -0.28954889 -0.28954889  4.17832618
  2.62816968 -0.28954889 -0.28954889 -0.28954889 -0.28954889  1.93493424
 -0.28954889 -0.28954889 -0.28954889 -0.28954889 -0.28954889 -0.28954889
 -0.28954889 -0.28954889 -0.28954889 -0.28954889  1.90126254 -0.28954889
 -0.28954889 -0.28954889 -0.28954889 -0.28954889 -0.28954889 -0.28954889
 -0.28954889 -0.28954889 -0.28954889 -0.28954889 -0.28954889 -0.28954889
 -0.28954889 -0.28954889 -0.28954889 -0.28954889 -0.28954889 -0.28954889
 -0.28954889 -0.28954889 -0.28954889 -0.28954889 -0.28954889 -0.28954889
 -0.28954889 -0.28954889 -0.28954889 -0.28954889 -0.28954889 -0.28954889
 -0.28954889 -0.28954889 -0.28954889 -0.28954889 -0.28954889 -0.28954889
 -0.28954889 -0.28954889 -0.28954889 -0.28954889 -0.28954889 -0.28954889
 -0.28954889 -0.28954889 -0.28954889 -0.28954889 -0.28954889 -0.28954889
 -0.28954889 -0.28954889 -0.28954889 -0.28954889 -0.28954889 -0.28954889
 -0.28954889 -0.28954889 -0.28954889 -0.28954889 -0.28954889 -0.28954889
 -0.28954889 -0.28954889 -0.28954889 -0.28954889 -0.28954889 -0.28954889
 -0.28954889 -0.28954889 -0.28954889 -0.28954889 -0.28954889 -0.28954889
 -0.28954889 -0.28954889 -0.28954889 -0.28954889 -0.28954889 -0.28954889
 -0.28954889 -0.28954889 -0.28954889 -0.28954889 -0.28954889 -0.28954889
 -0.28954889 -0.28954889 -0.28954889 -0.28954889 -0.28954889 -0.28954889
 -0.28954889 -0.28954889 -0.28954889 -0.28954889 -0.28954889 -0.28954889
 -0.28954889 -0.28954889 -0.28954889 -0.28954889 -0.28954889 -0.28954889
 -0.28954889 -0.28954889 -0.28954889 -0.28954889 -0.28954889 -0.28954889
 -0.28954889 -0.28954889 -0.28954889 -0.28954889 -0.28954889 -0.28954889
 -0.28954889 -0.28954889 -0.28954889 -0.28954889 -0.28954889  4.14019897
 -0.28954889 -0.28954889 -0.28954889 -0.28954889 -0.28954889 -0.28954889
 -0.28954889 -0.28954889 -0.28954889 -0.28954889 -0.28954889 -0.28954889
 -0.28954889 -0.28954889 -0.28954889 -0.28954889 -0.28954889 -0.28954889
  2.94448066 -0.28954889 -0.28954889 -0.28954889 -0.28954889 -0.28954889
 -0.28954889 -0.28954889 -0.28954889 -0.28954889 -0.28954889 -0.28954889
 -0.28954889 -0.28954889 -0.28954889 -0.28954889 -0.28954889 -0.28954889
 -0.28954889 -0.28954889  0.72611635 -0.28954889 -0.28954889 -0.28954889
 -0.28954889 -0.28954889 -0.28954889 -0.28954889 -0.28954889 -0.28954889
 -0.28954889 -0.28954889 -0.28954889 -0.28954889 -0.28954889 -0.28954889
 -0.28954889 -0.28954889 -0.28954889 -0.28954889 -0.28954889 -0.28954889
 -0.28954889  2.66263047 -0.28954889 -0.28954889 -0.28954889 -0.28954889
 -0.28954889 -0.28954889 -0.28954889 -0.28954889 -0.28954889  2.7334587
 -0.28954889 -0.28954889 -0.28954889 -0.28954889 -0.28954889 -0.28954889
 -0.28954889 -0.28954889 -0.28954889 -0.28954889 -0.28954889 -0.28954889
 -0.28954889 -0.28954889 -0.28954889 -0.28954889 -0.28954889 -0.28954889
 -0.28954889 -0.28954889 -0.28954889 -0.28954889]",[0.11391182086793694]
1,"[-0.13474352 -0.13474352 -0.13474352 -0.13474352 -0.13474352 -0.13474352
 -0.13474352 -0.13474352 -0.13474352 -0.13474352 -0.13474352 -0.13474352
 -0.13474352 -0.13474352 -0.13474352 -0.13474352 -0.13474352 -0.13474352
 -0.13474352 -0.13474352 -0.13474352 -0.13474352 -0.13474352 -0.13474352
 -0.13474352 -0.13474352 -0.13474352 -0.13474352 -0.13474352 -0.13474352
 -0.13474352 -0.13474352 -0.13474352 -0.13474352 -0.13474352 -0.13474352
 -0.13474352 -0.13474352 -0.13474352 -0.13474352 -0.13474352 -0.13474352
 -0.13474352 -0.13474352 -0.13474352 -0.13474352 -0.13474352 -0.13474352
 -0.13474352 -0.13474352 -0.13474352 -0.13474352 -0.13474352 -0.13474352
 -0.13474352 -0.13474352 -0.13474352 -0.13474352  3.23457947 -0.13474352
 -0.13474352 -0.13474352 -0.13474352 -0.13474352 -0.13474352 -0.13474352
 -0.13474352 -0.13474352 -0.13474352 -0.13474352 -0.13474352 -0.13474352
 -0.13474352 -0.13474352 -0.13474352 -0.13474352 -0.13474352 -0.13474352
 -0.13474352 -0.13474352 -0.13474352 -0.13474352 -0.13474352 10.33219135
 -0.13474352 -0.13474352 -0.13474352 -0.13474352 -0.13474352 -0.13474352
 -0.13474352 -0.13474352 -0.13474352 -0.13474352 -0.13474352 -0.13474352
 -0.13474352 -0.13474352 -0.13474352 -0.13474352 -0.13474352 -0.13474352
 -0.13474352 -0.13474352 -0.13474352 -0.13474352 -0.13474352 -0.13474352
 -0.13474352 -0.13474352  8.17516458 -0.13474352 -0.13474352 -0.13474352
 -0.13474352 -0.13474352  6.56807694 -0.13474352 -0.13474352 -0.13474352
 -0.13474352 -0.13474352 -0.13474352 -0.13474352 -0.13474352 -0.13474352
 -0.13474352 -0.13474352 -0.13474352 -0.13474352 -0.13474352 -0.13474352
 -0.13474352 -0.13474352 -0.13474352 -0.13474352 -0.13474352 -0.13474352
 -0.13474352 -0.13474352 -0.13474352 -0.13474352 -0.13474352 -0.13474352
 -0.13474352 -0.13474352 -0.13474352 -0.13474352 -0.13474352 -0.13474352
 -0.13474352 -0.13474352 -0.13474352 -0.13474352 -0.13474352 -0.13474352
 -0.13474352 -0.13474352 -0.13474352 -0.13474352 -0.13474352 -0.13474352
 -0.13474352 -0.13474352 -0.13474352 -0.13474352 -0.13474352 -0.13474352
 -0.13474352 -0.13474352 -0.13474352 -0.13474352 -0.13474352 -0.13474352
 -0.13474352 -0.13474352 -0.13474352 -0.13474352 -0.13474352 -0.13474352
 -0.13474352 -0.13474352 -0.13474352 -0.13474352 -0.13474352 -0.13474352
  2.8217307  -0.13474352 -0.13474352 -0.13474352 -0.13474352 -0.13474352
 -0.13474352 -0.13474352 -0.13474352 -0.13474352 -0.13474352 -0.13474352
 -0.13474352 -0.13474352 -0.13474352 -0.13474352 -0.13474352 -0.13474352
 -0.13474352 -0.13474352 -0.13474352 -0.13474352 -0.13474352 -0.13474352
  3.73115    -0.13474352 -0.13474352 -0.13474352 -0.13474352 -0.13474352
 -0.13474352 -0.13474352 -0.13474352 -0.13474352 -0.13474352 -0.13474352
 -0.13474352 -0.13474352 -0.13474352 -0.13474352 -0.13474352 -0.13474352
 -0.13474352 -0.13474352 -0.13474352 -0.13474352 -0.13474352 -0.13474352
 -0.13474352 -0.13474352 -0.13474352 -0.13474352 -0.13474352 -0.13474352
  1.88399289 -0.13474352 -0.13474352 -0.13474352 -0.13474352 -0.13474352
 -0.13474352 -0.13474352 -0.13474352 -0.13474352 -0.13474352 -0.13474352
 -0.13474352 -0.13474352 -0.13474352 -0.13474352 -0.13474352 -0.13474352
 -0.13474352 -0.13474352 -0.13474352 -0.13474352 -0.13474352 -0.13474352
 -0.13474352 -0.13474352 -0.13474352 -0.13474352 -0.13474352 -0.13474352
 -0.13474352 -0.13474352  0.22516611 -0.13474352 -0.13474352 -0.13474352
 -0.13474352 -0.13474352 -0.13474352 -0.13474352  0.30239117 -0.13474352
 -0.13474352 -0.13474352 -0.13474352 -0.13474352 -0.13474352  7.38031845
 -0.13474352 -0.13474352 -0.13474352 -0.13474352 -0.13474352 -0.13474352
 -0.13474352 -0.13474352  5.46031567 -0.13474352 -0.13474352 -0.13474352
 -0.13474352 -0.13474352 -0.13474352 -0.13474352 -0.13474352 -0.13474352
 -0.13474352 -0.13474352 -0.13474352 -0.13474352 -0.13474352  2.10932825
 -0.13474352 -0.13474352 -0.13474352 -0.13474352 -0.13474352 -0.13474352
 -0.13474352 -0.13474352 -0.13474352 -0.13474352 -0.13474352 -0.13474352
 -0.13474352 -0.13474352 -0.13474352 -0.13474352 -0.13474352 -0.13474352
 -0.13474352 -0.13474352 -0.13474352 -0.13474352 -0.13474352 -0.13474352
 -0.13474352 -0.13474352 -0.13474352 -0.13474352 -0.13474352 -0.13474352
 -0.13474352 -0.13474352 -0.13474352 -0.13474352 -0.13474352 -0.13474352
 -0.13474352 -0.13474352 -0.13474352 -0.13474352 -0.13474352 -0.13474352
 -0.13474352 -0.13474352 -0.13474352 -0.13474352 -0.13474352 -0.13474352
 -0.13474352 -0.13474352 -0.13474352 -0.13474352 -0.13474352 -0.13474352
 -0.13474352 -0.13474352 -0.13474352 -0.13474352 -0.13474352 -0.13474352
 -0.13474352 -0.13474352 -0.13474352 -0.13474352 -0.13474352 -0.13474352
 -0.13474352 -0.13474352 -0.13474352 -0.13474352 -0.13474352 -0.13474352
 -0.13474352 -0.13474352 -0.13474352 -0.13474352 -0.13474352 -0.13474352
 -0.13474352 -0.13474352 -0.13474352 -0.13474352 -0.13474352 -0.13474352
 -0.13474352 -0.13474352 -0.13474352 -0.13474352 -0.13474352 -0.13474352
 -0.13474352 -0.13474352 -0.13474352 -0.13474352 -0.13474352 -0.13474352
 -0.13474352 -0.13474352 -0.13474352 -0.13474352 -0.13474352 -0.13474352
 -0.13474352 -0.13474352 -0.13474352 -0.13474352 -0.13474352 -0.13474352
 -0.13474352 -0.13474352 -0.13474352 -0.13474352 -0.13474352 -0.13474352
 -0.13474352 -0.13474352 -0.13474352 -0.13474352 -0.13474352 -0.13474352
 -0.13474352 -0.13474352 -0.13474352 -0.13474352 -0.13474352 -0.13474352
 -0.13474352 -0.13474352 -0.13474352 -0.13474352 -0.13474352 -0.13474352
 -0.13474352 -0.13474352 -0.13474352 -0.13474352 -0.13474352 -0.13474352
 -0.13474352 -0.13474352 -0.13474352 -0.13474352 -0.13474352 -0.13474352
 -0.13474352 -0.13474352 -0.13474352 -0.13474352 -0.13474352 -0.13474352
 -0.13474352 -0.13474352  3.39419421 -0.13474352 -0.13474352 -0.13474352
 12.5616218  -0.13474352 -0.13474352 -0.13474352 -0.13474352 -0.13474352
 -0.13474352 -0.13474352 -0.13474352 -0.13474352 -0.13474352 -0.13474352
 -0.13474352 -0.13474352 -0.13474352 -0.13474352 -0.13474352 -0.13474352
 -0.13474352 -0.13474352 -0.13474352 -0.13474352 -0.13474352 -0.13474352
 -0.13474352 -0.13474352 -0.13474352 -0.13474352 -0.13474352 -0.13474352
 -0.13474352 -0.13474352 -0.13474352 -0.13474352 -0.13474352 -0.13474352
 -0.13474352 -0.13474352 -0.13474352 -0.13474352 -0.13474352 -0.13474352
 -0.13474352 -0.13474352 -0.13474352 -0.13474352 -0.13474352 -0.13474352
 -0.13474352 -0.13474352 -0.13474352 -0.13474352]",[-0.010535656002397142]
1,"[-0.13337708 -0.13337708 -0.13337708 -0.13337708 -0.13337708 -0.13337708
 -0.13337708 -0.13337708 -0.13337708 -0.13337708 -0.13337708 -0.13337708
 -0.13337708 -0.13337708 -0.13337708 -0.13337708 -0.13337708 -0.13337708
 -0.13337708 -0.13337708 -0.13337708 -0.13337708 -0.13337708 -0.13337708
 -0.13337708 -0.13337708 -0.13337708  0.62421055 -0.13337708 -0.13337708
 -0.13337708 -0.13337708 -0.13337708 -0.13337708 -0.13337708 -0.13337708
 -0.13337708 -0.13337708 -0.13337708 -0.13337708 -0.13337708 -0.13337708
 -0.13337708 -0.13337708 -0.13337708 -0.13337708 -0.13337708 -0.13337708
 -0.13337708 -0.13337708 -0.13337708 -0.13337708 -0.13337708 -0.13337708
 -0.13337708 -0.13337708 -0.13337708 -0.13337708 -0.13337708 -0.13337708
 -0.13337708 -0.13337708 -0.13337708 -0.13337708 -0.13337708 -0.13337708
 -0.13337708 -0.13337708 -0.13337708 -0.13337708 -0.13337708 -0.13337708
 -0.13337708 -0.13337708 -0.13337708 -0.13337708 -0.13337708 -0.13337708
 -0.13337708 -0.13337708 -0.13337708 -0.13337708 -0.13337708  9.68852673
 -0.13337708 -0.13337708 -0.13337708 -0.13337708 -0.13337708 -0.13337708
 -0.13337708 -0.13337708 -0.13337708 -0.13337708 -0.13337708 -0.13337708
 -0.13337708 -0.13337708 -0.13337708 -0.13337708 -0.13337708 -0.13337708
 -0.13337708 -0.13337708 -0.13337708 -0.13337708 -0.13337708 -0.13337708
 -0.13337708 -0.13337708 10.77987271 -0.13337708 -0.13337708 -0.13337708
 -0.13337708 -0.13337708 -0.13337708 -0.13337708 -0.13337708 -0.13337708
 -0.13337708 -0.13337708 -0.13337708 -0.13337708  5.05076364 -0.13337708
 -0.13337708 -0.13337708 -0.13337708 -0.13337708 -0.13337708 -0.13337708
 -0.13337708 -0.13337708 -0.13337708 -0.13337708 -0.13337708 -0.13337708
 -0.13337708 -0.13337708 -0.13337708 -0.13337708 -0.13337708 -0.13337708
 -0.13337708 -0.13337708 -0.13337708 -0.13337708 -0.13337708 -0.13337708
 -0.13337708 -0.13337708 -0.13337708 -0.13337708 -0.13337708 -0.13337708
 -0.13337708 -0.13337708 -0.13337708 -0.13337708 -0.13337708 -0.13337708
 -0.13337708 -0.13337708 -0.13337708 -0.13337708 -0.13337708 -0.13337708
 -0.13337708 -0.13337708 -0.13337708 -0.13337708 -0.13337708 -0.13337708
 -0.13337708 -0.13337708 -0.13337708 -0.13337708 -0.13337708 -0.13337708
 -0.13337708 -0.13337708 -0.13337708 -0.13337708 -0.13337708 -0.13337708
  6.02719379 -0.13337708 -0.13337708 -0.13337708 -0.13337708 -0.13337708
 -0.13337708 -0.13337708 -0.13337708 -0.13337708 -0.13337708 -0.13337708
 -0.13337708 -0.13337708 -0.13337708 -0.13337708 -0.13337708 -0.13337708
 -0.13337708 -0.13337708 -0.13337708 -0.13337708 -0.13337708 -0.13337708
  4.69672562 -0.13337708 -0.13337708 -0.13337708 -0.13337708  0.76541458
 -0.13337708 -0.13337708 -0.13337708 -0.13337708 -0.13337708 -0.13337708
 -0.13337708 -0.13337708 -0.13337708 -0.13337708 -0.13337708 -0.13337708
 -0.13337708 -0.13337708 -0.13337708 -0.13337708 -0.13337708 -0.13337708
 -0.13337708  0.47141783 -0.13337708 -0.13337708 -0.13337708 -0.13337708
 -0.13337708 -0.13337708 -0.13337708 -0.13337708 -0.13337708 -0.13337708
 -0.13337708 -0.13337708 -0.13337708 -0.13337708 -0.13337708 -0.13337708
 -0.13337708 -0.13337708 -0.13337708 -0.13337708 -0.13337708 -0.13337708
 -0.13337708 -0.13337708 -0.13337708  5.89227257 -0.13337708  2.31870623
 -0.13337708 -0.13337708 -0.13337708 -0.13337708 -0.13337708 -0.13337708
 -0.13337708 -0.13337708 -0.13337708 -0.13337708 -0.13337708 -0.13337708
 -0.13337708 -0.13337708 -0.13337708 -0.13337708 -0.13337708 -0.13337708
 -0.13337708 -0.13337708 -0.13337708 -0.13337708 -0.13337708  1.90342448
 -0.13337708 -0.13337708 -0.13337708 -0.13337708 -0.13337708 -0.13337708
 -0.13337708 -0.13337708 -0.13337708 -0.13337708 -0.13337708 -0.13337708
 -0.13337708 -0.13337708 -0.13337708 -0.13337708 -0.13337708 -0.13337708
 -0.13337708 -0.13337708 -0.13337708 -0.13337708 -0.13337708 -0.13337708
 -0.13337708 -0.13337708 -0.13337708 -0.13337708 -0.13337708 -0.13337708
 -0.13337708 -0.13337708 -0.13337708 -0.13337708 -0.13337708 -0.13337708
 -0.13337708 -0.13337708 -0.13337708 -0.13337708 -0.13337708 -0.13337708
 -0.13337708 -0.13337708 -0.13337708 -0.13337708 -0.13337708 -0.13337708
 -0.13337708  3.05062459 -0.13337708 -0.13337708 -0.13337708 -0.13337708
 -0.13337708 -0.13337708 -0.13337708 -0.13337708 -0.13337708 -0.13337708
 -0.13337708 -0.13337708 -0.13337708 -0.13337708 -0.13337708 -0.13337708
 -0.13337708 -0.13337708 -0.13337708 -0.13337708 -0.13337708 -0.13337708
 -0.13337708 -0.13337708 -0.13337708 -0.13337708 -0.13337708 -0.13337708
 -0.13337708 -0.13337708 -0.13337708 -0.13337708 -0.13337708 -0.13337708
 -0.13337708 -0.13337708 -0.13337708 -0.13337708 -0.13337708 -0.13337708
 -0.13337708 -0.13337708 -0.13337708 -0.13337708 -0.13337708 -0.13337708
 -0.13337708 -0.13337708 -0.13337708 -0.13337708 -0.13337708 -0.13337708
 -0.13337708 -0.13337708 -0.13337708 -0.13337708 -0.13337708 -0.13337708
 -0.13337708 -0.13337708 -0.13337708 -0.13337708 -0.13337708 -0.13337708
 -0.13337708 -0.13337708 -0.13337708 -0.13337708 -0.13337708 -0.13337708
 -0.13337708 -0.13337708 -0.13337708 -0.13337708 -0.13337708 -0.13337708
 -0.13337708 -0.13337708 -0.13337708 -0.13337708 -0.13337708 -0.13337708
 -0.13337708 -0.13337708 -0.13337708 -0.13337708 -0.13337708 -0.13337708
 -0.13337708 -0.13337708 -0.13337708 -0.13337708 -0.13337708 -0.13337708
 -0.13337708 -0.13337708 -0.13337708 -0.13337708 -0.13337708 -0.13337708
 -0.13337708 -0.13337708 -0.13337708 -0.13337708 -0.13337708 -0.13337708
 -0.13337708 -0.13337708 -0.13337708 -0.13337708 -0.13337708 -0.13337708
 -0.13337708 -0.13337708 -0.13337708 -0.13337708 -0.13337708 -0.13337708
 -0.13337708 -0.13337708 -0.13337708 -0.13337708 -0.13337708 -0.13337708
 -0.13337708 -0.13337708 12.06380927 -0.13337708 -0.13337708 -0.13337708
 -0.13337708 -0.13337708 -0.13337708 -0.13337708 -0.13337708 -0.13337708
 -0.13337708 -0.13337708 -0.13337708 -0.13337708 -0.13337708 -0.13337708
 -0.13337708 -0.13337708 -0.13337708 -0.13337708 -0.13337708 -0.13337708
 -0.13337708  4.15583787 -0.13337708 -0.13337708 -0.13337708 -0.13337708
 -0.13337708 -0.13337708 -0.13337708 -0.13337708 -0.13337708 -0.13337708
 -0.13337708 -0.13337708 -0.13337708 -0.13337708 -0.13337708 -0.13337708
 -0.13337708 -0.13337708 -0.13337708 -0.13337708 -0.13337708 -0.13337708
 -0.13337708 -0.13337708 -0.13337708 -0.13337708 -0.13337708 -0.13337708
 -0.13337708 -0.13337708 -0.13337708 -0.13337708]",[-0.0272109941172492]
1,"[-0.17005894 -0.17005894 -0.17005894 -0.17005894 -0.17005894 -0.17005894
 -0.17005894 -0.17005894 -0.17005894 -0.17005894 -0.17005894 -0.17005894
 -0.17005894 -0.17005894 -0.17005894 -0.17005894  1.2049392  -0.17005894
  6.56144708 -0.17005894 -0.17005894  4.02492318 -0.17005894 -0.17005894
 -0.17005894 -0.17005894 -0.17005894 -0.17005894 -0.17005894 -0.17005894
 -0.17005894 -0.17005894 -0.17005894 -0.17005894 -0.17005894 -0.17005894
 -0.17005894 -0.17005894 -0.17005894 -0.17005894 -0.17005894 -0.17005894
 -0.17005894 -0.17005894 -0.17005894 -0.17005894 -0.17005894 -0.17005894
 -0.17005894 -0.17005894 -0.17005894 -0.17005894 -0.17005894 -0.17005894
 -0.17005894 -0.17005894 -0.17005894 -0.17005894  4.57418864 -0.17005894
 -0.17005894 -0.17005894 -0.17005894 -0.17005894 -0.17005894 -0.17005894
 -0.17005894 -0.17005894 -0.17005894 -0.17005894 -0.17005894 -0.17005894
 -0.17005894 -0.17005894 -0.17005894 -0.17005894 -0.17005894 -0.17005894
 -0.17005894 -0.17005894 -0.17005894 -0.17005894 -0.17005894  2.66983048
 -0.17005894 -0.17005894 -0.17005894 -0.17005894 -0.17005894 -0.17005894
 -0.17005894 -0.17005894 -0.17005894 -0.17005894 -0.17005894 -0.17005894
 -0.17005894 -0.17005894 -0.17005894 -0.17005894 -0.17005894 -0.17005894
 -0.17005894 -0.17005894 -0.17005894 -0.17005894 -0.17005894 -0.17005894
 -0.17005894 -0.17005894 -0.17005894 -0.17005894 -0.17005894 -0.17005894
 -0.17005894 -0.17005894  0.5815717  -0.17005894 -0.17005894 -0.17005894
 -0.17005894 -0.17005894 -0.17005894 -0.17005894 -0.17005894 -0.17005894
 -0.17005894 -0.17005894 -0.17005894 -0.17005894 -0.17005894 -0.17005894
 -0.17005894 -0.17005894 -0.17005894 -0.17005894 -0.17005894 -0.17005894
 -0.17005894 -0.17005894 -0.17005894 -0.17005894 -0.17005894 -0.17005894
 -0.17005894 -0.17005894 -0.17005894 -0.17005894 -0.17005894 -0.17005894
 -0.17005894 -0.17005894 -0.17005894 -0.17005894 -0.17005894 -0.17005894
 -0.17005894 -0.17005894 -0.17005894 -0.17005894 -0.17005894 -0.17005894
 -0.17005894 -0.17005894 -0.17005894 -0.17005894 -0.17005894 -0.17005894
 -0.17005894 -0.17005894 -0.17005894 -0.17005894 -0.17005894  2.48147543
 -0.17005894 -0.17005894 -0.17005894 -0.17005894 -0.17005894 -0.17005894
 -0.17005894 -0.17005894 -0.17005894 -0.17005894 -0.17005894 -0.17005894
  3.32759514 -0.17005894 -0.17005894 -0.17005894 -0.17005894 -0.17005894
 -0.17005894 -0.17005894 -0.17005894 -0.17005894 -0.17005894 -0.17005894
 -0.17005894 -0.17005894  7.0035847  -0.17005894 -0.17005894  3.4437683
 -0.17005894 -0.17005894 -0.17005894 -0.17005894 -0.17005894 -0.17005894
  5.6277548  -0.17005894 -0.06086169 -0.17005894 -0.17005894  4.07760549
 -0.17005894 -0.17005894 -0.17005894 -0.17005894 -0.17005894 -0.17005894
 -0.17005894 -0.17005894 -0.17005894 -0.17005894 -0.17005894 -0.17005894
 -0.17005894 -0.17005894 -0.17005894 -0.17005894 -0.17005894 -0.17005894
 -0.17005894 -0.12036556 -0.17005894 -0.17005894  6.70794936 -0.17005894
 -0.17005894 -0.17005894 -0.17005894 -0.17005894 -0.17005894 -0.17005894
 -0.17005894 -0.17005894 -0.17005894 -0.17005894 -0.17005894 -0.17005894
 -0.17005894 -0.17005894 -0.17005894 -0.17005894 -0.17005894 -0.17005894
 -0.17005894 -0.17005894 -0.17005894 -0.17005894 -0.17005894 -0.17005894
 -0.17005894 -0.17005894 -0.17005894 -0.17005894 -0.17005894 -0.17005894
 -0.17005894 -0.17005894 -0.17005894 -0.17005894 -0.17005894 -0.17005894
 -0.17005894 -0.17005894 -0.17005894 -0.17005894 -0.17005894 -0.17005894
 -0.17005894 -0.17005894 -0.17005894 -0.17005894 -0.17005894  8.33013351
 -0.17005894 -0.17005894 -0.17005894 -0.17005894 -0.17005894 -0.17005894
 -0.17005894 -0.17005894 -0.17005894 -0.17005894 -0.17005894 -0.17005894
 -0.17005894 -0.17005894 -0.17005894 -0.17005894 -0.17005894 -0.17005894
 -0.17005894 -0.17005894 -0.17005894 -0.17005894 -0.17005894 -0.17005894
 -0.17005894 -0.17005894 -0.17005894 -0.17005894  1.9855214  -0.17005894
 -0.17005894 -0.17005894 -0.17005894 -0.17005894 -0.17005894 -0.17005894
 -0.17005894 -0.17005894 -0.17005894 -0.17005894 -0.17005894 -0.17005894
 -0.17005894 -0.17005894 -0.17005894 -0.17005894 -0.17005894 -0.17005894
 -0.17005894 -0.17005894 -0.17005894 -0.17005894 -0.17005894 -0.17005894
 -0.17005894 -0.17005894 -0.17005894 -0.17005894 -0.17005894 -0.17005894
 -0.17005894 -0.17005894 -0.17005894 -0.17005894 -0.17005894 -0.17005894
 -0.17005894 -0.17005894 -0.17005894 -0.17005894 -0.17005894 -0.17005894
 -0.17005894 -0.17005894 -0.17005894 -0.17005894 -0.17005894 -0.17005894
 -0.17005894 -0.17005894 -0.17005894 -0.17005894 -0.17005894 -0.17005894
 -0.17005894 -0.17005894 -0.17005894 -0.17005894 -0.17005894 -0.17005894
 -0.17005894 -0.17005894 -0.17005894 -0.17005894 -0.17005894 -0.17005894
 -0.17005894 -0.17005894 -0.17005894 -0.17005894 -0.17005894 -0.17005894
 -0.17005894 -0.17005894 -0.17005894 -0.17005894 -0.17005894 -0.17005894
 -0.17005894 -0.17005894 -0.17005894 -0.17005894 -0.17005894 -0.17005894
 -0.17005894 -0.17005894 -0.17005894 -0.17005894 -0.17005894 -0.17005894
 -0.17005894 -0.17005894 -0.17005894 -0.17005894 -0.17005894 -0.17005894
 -0.17005894 -0.17005894 -0.17005894 -0.17005894 -0.17005894 -0.17005894
 -0.17005894 -0.17005894 -0.17005894 -0.17005894 -0.17005894 -0.17005894
 -0.17005894 -0.17005894 -0.17005894 -0.17005894 -0.17005894 -0.17005894
 -0.17005894 -0.17005894 -0.17005894 -0.17005894 -0.17005894 -0.17005894
 -0.17005894 -0.17005894 -0.17005894 -0.17005894 -0.17005894 -0.17005894
 -0.17005894 -0.17005894 -0.17005894 -0.17005894 -0.17005894 -0.17005894
 -0.17005894 -0.17005894 -0.17005894 -0.17005894 -0.17005894 -0.17005894
 -0.17005894 -0.17005894 -0.17005894 -0.17005894 -0.17005894 -0.17005894
 -0.17005894 -0.17005894  7.73156245 -0.17005894 -0.17005894 -0.17005894
 10.00334833 -0.17005894 -0.17005894 -0.17005894 -0.17005894 -0.17005894
 -0.17005894 -0.17005894 -0.17005894 -0.17005894 -0.17005894 -0.17005894
 -0.17005894 -0.17005894 -0.17005894 -0.17005894 -0.17005894 -0.17005894
 -0.17005894  2.97732452 -0.17005894 -0.17005894 -0.17005894 -0.17005894
 -0.17005894 -0.17005894 -0.17005894 -0.17005894 -0.17005894  1.72611453
 -0.17005894 -0.17005894 -0.17005894 -0.17005894 -0.17005894 -0.17005894
 -0.17005894 -0.17005894 -0.17005894 -0.17005894 -0.17005894 -0.17005894
 -0.17005894 -0.17005894 -0.17005894 -0.17005894 -0.17005894 -0.17005894
 -0.17005894 -0.17005894 -0.17005894 -0.17005894]",[-0.030464046400947936]
1,"[-0.09008666 -0.09008666 -0.09008666 -0.09008666 -0.09008666 -0.09008666
 -0.09008666 -0.09008666 -0.09008666 -0.09008666 -0.09008666 -0.09008666
 -0.09008666 -0.09008666 -0.09008666 -0.09008666 -0.09008666 -0.09008666
 -0.09008666 -0.09008666 -0.09008666 -0.09008666 -0.09008666 -0.09008666
 -0.09008666 -0.09008666 -0.09008666 -0.09008666 -0.09008666 -0.09008666
 -0.09008666 -0.09008666 -0.09008666 -0.09008666 -0.09008666 -0.09008666
 -0.09008666 -0.09008666 -0.09008666 -0.09008666 -0.09008666 -0.09008666
 -0.09008666 -0.09008666 -0.09008666 -0.09008666 -0.09008666 -0.09008666
 -0.09008666 -0.09008666 -0.09008666 -0.09008666 -0.09008666 -0.09008666
 -0.09008666 -0.09008666 -0.09008666 -0.09008666 -0.09008666 -0.09008666
 -0.09008666 -0.09008666 -0.09008666 -0.09008666 -0.09008666 -0.09008666
 -0.09008666 -0.09008666 -0.09008666 -0.09008666 -0.09008666 -0.09008666
 -0.09008666 -0.09008666 -0.09008666 -0.09008666 -0.09008666 -0.09008666
 -0.09008666 -0.09008666 -0.09008666 -0.09008666 -0.09008666 -0.09008666
 -0.09008666 -0.09008666 -0.09008666 -0.09008666 -0.09008666 -0.09008666
 -0.09008666 -0.09008666 -0.09008666 -0.09008666 -0.09008666 -0.09008666
 -0.09008666 -0.09008666 -0.09008666 -0.09008666 -0.09008666 -0.09008666
 -0.09008666 -0.09008666 -0.09008666 -0.09008666 -0.09008666 -0.09008666
 -0.09008666 -0.09008666 17.4592712  -0.09008666 -0.09008666 -0.09008666
 -0.09008666 -0.09008666 -0.09008666 -0.09008666 -0.09008666 -0.09008666
 -0.09008666 -0.09008666 -0.09008666 -0.09008666 -0.09008666 -0.09008666
 -0.09008666 -0.09008666 -0.09008666 -0.09008666 -0.09008666 -0.09008666
 -0.09008666 -0.09008666 -0.09008666 -0.09008666 -0.09008666 -0.09008666
 -0.09008666 -0.09008666 -0.09008666 -0.09008666 -0.09008666 -0.09008666
 -0.09008666 -0.09008666 -0.09008666 -0.09008666 -0.09008666 -0.09008666
 -0.09008666 -0.09008666 -0.09008666 -0.09008666 -0.09008666 -0.09008666
 -0.09008666 -0.09008666 -0.09008666 -0.09008666 -0.09008666 -0.09008666
 -0.09008666 -0.09008666 -0.09008666 -0.09008666 -0.09008666 -0.09008666
 -0.09008666 -0.09008666 -0.09008666 -0.09008666 -0.09008666 -0.09008666
 -0.09008666 -0.09008666 -0.09008666 -0.09008666 -0.09008666 -0.09008666
 -0.09008666 -0.09008666 -0.09008666 -0.09008666 -0.09008666 -0.09008666
  8.81611225 -0.09008666 -0.09008666 -0.09008666 -0.09008666 -0.09008666
 -0.09008666 -0.09008666 -0.09008666 -0.09008666 -0.09008666 -0.09008666
 -0.09008666 -0.09008666  9.08334983 -0.09008666 -0.09008666 -0.09008666
 -0.09008666 -0.09008666 -0.09008666 -0.09008666 -0.09008666 -0.09008666
  6.25041085 -0.09008666 -0.09008666 -0.09008666 -0.09008666  1.76445911
 -0.09008666 -0.09008666 -0.09008666 -0.09008666 -0.09008666 -0.09008666
 -0.09008666 -0.09008666 -0.09008666 -0.09008666 -0.09008666 -0.09008666
 -0.09008666 -0.09008666 -0.09008666 -0.09008666 -0.09008666 -0.09008666
 -0.09008666 -0.09008666 -0.09008666 -0.09008666 -0.09008666 -0.09008666
 -0.09008666 -0.09008666 -0.09008666 -0.09008666 -0.09008666 -0.09008666
 -0.09008666 -0.09008666 -0.09008666 -0.09008666 -0.09008666 -0.09008666
 -0.09008666 -0.09008666 -0.09008666 -0.09008666 -0.09008666 -0.09008666
 -0.09008666 -0.09008666 -0.09008666 -0.09008666 -0.09008666 -0.09008666
 -0.09008666 -0.09008666 -0.09008666 -0.09008666 -0.09008666 -0.09008666
 -0.09008666 -0.09008666 -0.09008666 -0.09008666 -0.09008666 -0.09008666
 -0.09008666 -0.09008666 -0.09008666 -0.09008666 -0.09008666 -0.09008666
 -0.09008666 -0.09008666 -0.09008666 -0.09008666 -0.09008666 -0.09008666
 -0.09008666 -0.09008666 -0.09008666 -0.09008666 -0.09008666 -0.09008666
 -0.09008666 -0.09008666 -0.09008666 -0.09008666 -0.09008666 -0.09008666
 -0.09008666 -0.09008666 -0.09008666 -0.09008666 -0.09008666 -0.09008666
 -0.09008666 -0.09008666 -0.09008666 -0.09008666 -0.09008666 -0.09008666
 -0.09008666 -0.09008666 -0.09008666 -0.09008666 -0.09008666 -0.09008666
 -0.09008666 -0.09008666 -0.09008666 -0.09008666 -0.09008666 -0.09008666
 -0.09008666 -0.09008666 -0.09008666 -0.09008666 -0.09008666 -0.09008666
 -0.09008666 -0.09008666 -0.09008666 -0.09008666 -0.09008666 -0.09008666
 -0.09008666 -0.09008666 -0.09008666 -0.09008666 -0.09008666 -0.09008666
 -0.09008666 -0.09008666 -0.09008666 -0.09008666 -0.09008666 -0.09008666
 -0.09008666 -0.09008666 -0.09008666 -0.09008666 -0.09008666 -0.09008666
 -0.09008666 -0.09008666 -0.09008666 -0.09008666 -0.09008666 -0.09008666
 -0.09008666 -0.09008666 -0.09008666 -0.09008666 -0.09008666 -0.09008666
 -0.09008666 -0.09008666 -0.09008666 -0.09008666 -0.09008666 -0.09008666
 -0.09008666 -0.09008666 -0.09008666 -0.09008666 -0.09008666 -0.09008666
 -0.09008666 -0.09008666 -0.09008666 -0.09008666 -0.09008666 -0.09008666
 -0.09008666 -0.09008666 -0.09008666 -0.09008666 -0.09008666 -0.09008666
 -0.09008666 -0.09008666 -0.09008666 -0.09008666 -0.09008666 -0.09008666
 -0.09008666 -0.09008666 -0.09008666 -0.09008666 -0.09008666 -0.09008666
 -0.09008666 -0.09008666 -0.09008666 -0.09008666 -0.09008666 -0.09008666
 -0.09008666 -0.09008666 -0.09008666 -0.09008666 -0.09008666 -0.09008666
 -0.09008666 -0.09008666 -0.09008666 -0.09008666 -0.09008666 -0.09008666
 -0.09008666 -0.09008666 -0.09008666 -0.09008666 -0.09008666 -0.09008666
 -0.09008666 -0.09008666 -0.09008666 -0.09008666 -0.09008666 -0.09008666
 -0.09008666 -0.09008666 -0.09008666 -0.09008666 -0.09008666 -0.09008666
 -0.09008666 -0.09008666 -0.09008666 -0.09008666 -0.09008666 -0.09008666
 -0.09008666 -0.09008666 -0.09008666 -0.09008666 -0.09008666 -0.09008666
 -0.09008666 -0.09008666 -0.09008666 -0.09008666 -0.09008666 -0.09008666
 -0.09008666 -0.09008666 -0.09008666 -0.09008666 -0.09008666 -0.09008666
 -0.09008666 -0.09008666 -0.09008666 -0.09008666 -0.09008666 -0.09008666
 -0.09008666 -0.09008666 -0.09008666 -0.09008666 -0.09008666 -0.09008666
 -0.09008666 -0.09008666 -0.09008666 -0.09008666 -0.09008666 -0.09008666
 -0.09008666 -0.09008666 -0.09008666 -0.09008666 -0.09008666 -0.09008666
 -0.09008666  2.93093786 -0.09008666 -0.09008666 -0.09008666 -0.09008666
 -0.09008666 -0.09008666 -0.09008666 -0.09008666 -0.09008666 -0.09008666
 -0.09008666 -0.09008666 -0.09008666 -0.09008666 -0.09008666 -0.09008666
 -0.09008666 -0.09008666 -0.09008666 -0.09008666 -0.09008666 -0.09008666
 -0.09008666 -0.09008666 -0.09008666 -0.09008666 -0.09008666 -0.09008666
 -0.09008666 -0.09008666 -0.09008666 -0.09008666]",[-0.04208949042796696]
1,"[-0.0564905  -0.0564905  -0.0564905  -0.0564905  -0.0564905  -0.0564905
 -0.0564905  -0.0564905  -0.0564905  -0.0564905  -0.0564905  -0.0564905
 -0.0564905  -0.0564905  -0.0564905  -0.0564905  -0.0564905  -0.0564905
 -0.0564905  -0.0564905  -0.0564905  -0.0564905  -0.0564905  -0.0564905
 -0.0564905  -0.0564905  -0.0564905  -0.0564905  -0.0564905  -0.0564905
 -0.0564905  -0.0564905  -0.0564905  -0.0564905  -0.0564905  -0.0564905
 -0.0564905  -0.0564905  -0.0564905  -0.0564905  -0.0564905  -0.0564905
 -0.0564905  -0.0564905  -0.0564905  -0.0564905  -0.0564905  -0.0564905
 -0.0564905  -0.0564905  -0.0564905  -0.0564905  -0.0564905  -0.0564905
 -0.0564905  -0.0564905  -0.0564905  -0.0564905  -0.0564905  -0.0564905
 -0.0564905  -0.0564905  -0.0564905  -0.0564905  -0.0564905  -0.0564905
 -0.0564905  -0.0564905  -0.0564905  -0.0564905  -0.0564905  -0.0564905
 -0.0564905  -0.0564905  -0.0564905  -0.0564905  -0.0564905  -0.0564905
 -0.0564905  -0.0564905  -0.0564905  -0.0564905  -0.0564905  -0.0564905
 -0.0564905  -0.0564905  -0.0564905  -0.0564905  -0.0564905  -0.0564905
 -0.0564905  -0.0564905  -0.0564905  -0.0564905  -0.0564905  -0.0564905
 -0.0564905  -0.0564905  -0.0564905  -0.0564905  -0.0564905  -0.0564905
 -0.0564905  -0.0564905  -0.0564905  -0.0564905  -0.0564905  -0.0564905
 -0.0564905  -0.0564905   1.91101019 -0.0564905  -0.0564905  -0.0564905
 -0.0564905  -0.0564905  -0.0564905  -0.0564905  -0.0564905  -0.0564905
 -0.0564905  -0.0564905  -0.0564905  -0.0564905  -0.0564905  -0.0564905
 -0.0564905  -0.0564905  -0.0564905  -0.0564905  -0.0564905  -0.0564905
 -0.0564905  -0.0564905  -0.0564905  -0.0564905  -0.0564905  -0.0564905
 -0.0564905  -0.0564905  -0.0564905  -0.0564905  -0.0564905  -0.0564905
 -0.0564905  -0.0564905  -0.0564905  -0.0564905  -0.0564905  -0.0564905
 -0.0564905  -0.0564905  -0.0564905  -0.0564905  -0.0564905  -0.0564905
 -0.0564905  -0.0564905  -0.0564905  -0.0564905  -0.0564905  -0.0564905
 -0.0564905  -0.0564905  -0.0564905  -0.0564905  -0.0564905  -0.0564905
 -0.0564905  -0.0564905  -0.0564905  -0.0564905  -0.0564905  -0.0564905
 -0.0564905  -0.0564905  -0.0564905  -0.0564905  -0.0564905  -0.0564905
 -0.0564905  -0.0564905  -0.0564905  -0.0564905  -0.0564905  -0.0564905
 -0.0564905  -0.0564905  -0.0564905  -0.0564905  -0.0564905  -0.0564905
 -0.0564905  -0.0564905  -0.0564905  -0.0564905  -0.0564905  -0.0564905
 -0.0564905  -0.0564905  -0.0564905  -0.0564905  -0.0564905  -0.0564905
 -0.0564905  -0.0564905  -0.0564905  -0.0564905  -0.0564905  -0.0564905
 -0.0564905  -0.0564905   0.2753913  -0.0564905  -0.0564905  -0.0564905
 -0.0564905  -0.0564905   0.8452381  -0.0564905  -0.0564905  -0.0564905
 -0.0564905  -0.0564905  -0.0564905  -0.0564905  -0.0564905  -0.0564905
 -0.0564905  -0.0564905  -0.0564905  -0.0564905  -0.0564905  -0.0564905
 -0.0564905   0.42377307 -0.0564905  -0.0564905   1.34259012 -0.0564905
 -0.0564905   1.61314498 -0.0564905  -0.0564905  -0.0564905  -0.0564905
 -0.0564905  -0.0564905  -0.0564905  -0.0564905  -0.0564905  -0.0564905
 -0.0564905  -0.0564905  -0.0564905  -0.0564905  -0.0564905  -0.0564905
 -0.0564905  -0.0564905  -0.0564905  -0.0564905  -0.0564905  -0.0564905
 -0.0564905  -0.0564905  -0.0564905  -0.0564905  -0.0564905  -0.0564905
 -0.0564905  -0.0564905  -0.0564905  -0.0564905  -0.0564905  -0.0564905
 -0.0564905  -0.0564905  -0.0564905  -0.0564905  -0.0564905  -0.0564905
 -0.0564905  -0.0564905  -0.0564905  -0.0564905  -0.0564905  -0.0564905
 -0.0564905  -0.0564905  -0.0564905  -0.0564905  -0.0564905  -0.0564905
 -0.0564905  -0.0564905  -0.0564905  -0.0564905  -0.0564905  -0.0564905
 -0.0564905  -0.0564905  -0.0564905  -0.0564905  -0.0564905  -0.0564905
 -0.0564905  -0.0564905  -0.0564905  -0.0564905  -0.0564905  -0.0564905
 -0.0564905  -0.0564905  -0.0564905  -0.0564905  -0.0564905  -0.0564905
 -0.0564905  -0.0564905  -0.0564905  -0.0564905  -0.0564905  -0.0564905
 -0.0564905  -0.0564905  -0.0564905  -0.0564905  -0.0564905  -0.0564905
 -0.0564905  -0.0564905  -0.0564905  -0.0564905  -0.0564905  -0.0564905
 -0.0564905  -0.0564905  -0.0564905  -0.0564905  -0.0564905  -0.0564905
 -0.0564905  -0.0564905  -0.0564905  -0.0564905  -0.0564905  -0.0564905
 -0.0564905  -0.0564905  -0.0564905  -0.0564905  -0.0564905  -0.0564905
 -0.0564905  -0.0564905  -0.0564905  -0.0564905  -0.0564905  -0.0564905
 -0.0564905  -0.0564905  -0.0564905  -0.0564905  -0.0564905  -0.0564905
 -0.0564905  -0.0564905  -0.0564905  -0.0564905  -0.0564905  -0.0564905
 -0.0564905  -0.0564905  -0.0564905  -0.0564905  -0.0564905  -0.0564905
 -0.0564905  -0.0564905  -0.0564905  -0.0564905  -0.0564905  -0.0564905
 -0.0564905  -0.0564905  -0.0564905  -0.0564905  -0.0564905  -0.0564905
 -0.0564905  -0.0564905  -0.0564905  -0.0564905  -0.0564905  -0.0564905
 -0.0564905  -0.0564905  -0.0564905  -0.0564905  -0.0564905  -0.0564905
 -0.0564905  -0.0564905  -0.0564905  -0.0564905  -0.0564905  -0.0564905
 -0.0564905  -0.0564905  -0.0564905  -0.0564905  -0.0564905  -0.0564905
 -0.0564905  -0.0564905  -0.0564905  -0.0564905  -0.0564905  -0.0564905
 -0.0564905  -0.0564905  -0.0564905  -0.0564905  -0.0564905  -0.0564905
 -0.0564905  -0.0564905  -0.0564905  -0.0564905  -0.0564905  -0.0564905
 -0.0564905  -0.0564905  -0.0564905  -0.0564905  -0.0564905  -0.0564905
 -0.0564905  -0.0564905  -0.0564905  -0.0564905  -0.0564905  -0.0564905
 -0.0564905  -0.0564905  -0.0564905  -0.0564905  -0.0564905  -0.0564905
 -0.0564905  -0.0564905  -0.0564905  -0.0564905  -0.0564905  -0.0564905
 -0.0564905  -0.0564905  -0.0564905  -0.0564905  -0.0564905  -0.0564905
 -0.0564905  -0.0564905  22.56848089 -0.0564905  -0.0564905  -0.0564905
 -0.0564905  -0.0564905  -0.0564905  -0.0564905  -0.0564905  -0.0564905
 -0.0564905  -0.0564905  -0.0564905  -0.0564905  -0.0564905  -0.0564905
 -0.0564905  -0.0564905  -0.0564905  -0.0564905  -0.0564905  -0.0564905
 -0.0564905  -0.0564905  -0.0564905  -0.0564905  -0.0564905  -0.0564905
 -0.0564905  -0.0564905  -0.0564905  -0.0564905  -0.0564905  -0.0564905
 -0.0564905  -0.0564905  -0.0564905  -0.0564905  -0.0564905  -0.0564905
 -0.0564905  -0.0564905  -0.0564905  -0.0564905  -0.0564905  -0.0564905
 -0.0564905  -0.0564905  -0.0564905  -0.0564905  -0.0564905  -0.0564905
 -0.0564905  -0.0564905  -0.0564905  -0.0564905 ]",[-0.07264504070306316]
1,"[-0.15188524 -0.15188524 -0.15188524 -0.15188524 -0.15188524 -0.15188524
 -0.15188524 -0.15188524 -0.15188524 -0.15188524 -0.15188524 -0.15188524
 -0.15188524 -0.15188524 -0.15188524 -0.15188524 -0.15188524 -0.15188524
 -0.15188524 -0.15188524 -0.15188524 -0.15188524 -0.15188524 -0.15188524
 -0.15188524 -0.15188524 -0.15188524 -0.15188524 -0.15188524 -0.15188524
 -0.15188524 -0.15188524 -0.15188524 -0.15188524 -0.15188524 -0.15188524
 -0.15188524 -0.15188524 -0.15188524 -0.15188524 -0.15188524 -0.15188524
 -0.15188524 -0.15188524 -0.15188524 -0.15188524 -0.15188524 -0.15188524
 -0.15188524 -0.15188524 -0.15188524 -0.15188524 -0.15188524 -0.15188524
 -0.15188524 -0.15188524 -0.15188524 -0.15188524  4.35384843 -0.15188524
 -0.15188524 -0.15188524 -0.15188524 -0.15188524 -0.15188524 -0.15188524
 -0.15188524 -0.15188524 -0.15188524 -0.15188524 -0.15188524 -0.15188524
 -0.15188524 -0.15188524 -0.15188524 -0.15188524 -0.15188524 -0.15188524
 -0.15188524 -0.15188524 -0.15188524 -0.15188524 -0.15188524 -0.15188524
 -0.15188524 -0.15188524 -0.15188524 -0.15188524 -0.15188524 -0.15188524
 -0.15188524 -0.15188524 -0.15188524 -0.15188524 -0.15188524 -0.15188524
 -0.15188524 -0.15188524 -0.15188524 -0.15188524 -0.15188524 -0.15188524
 -0.15188524 -0.15188524 -0.15188524 -0.15188524 -0.15188524 -0.15188524
 -0.15188524 -0.15188524  2.09559178 -0.15188524 -0.15188524 -0.15188524
 -0.15188524 -0.15188524  0.92771503 -0.15188524 -0.15188524 -0.15188524
 -0.15188524 -0.15188524 -0.15188524  0.49105498 -0.15188524 -0.15188524
 -0.15188524 -0.15188524 -0.15188524 -0.15188524 -0.15188524 -0.15188524
 -0.15188524 -0.15188524 -0.15188524 -0.15188524 -0.15188524 -0.15188524
 -0.15188524 -0.15188524 -0.15188524 -0.15188524 -0.15188524 -0.15188524
 -0.15188524 -0.15188524 -0.15188524 -0.15188524 -0.15188524 -0.15188524
 -0.15188524 -0.15188524 -0.15188524 -0.15188524 -0.15188524 -0.15188524
 -0.15188524 -0.15188524 -0.15188524 -0.15188524 -0.15188524 -0.15188524
 -0.15188524 -0.15188524 -0.15188524 -0.15188524 -0.15188524 -0.15188524
 -0.15188524 -0.15188524 -0.15188524 -0.15188524 -0.15188524 -0.15188524
 -0.15188524 -0.15188524 -0.15188524 -0.15188524 -0.15188524 -0.15188524
 -0.15188524 -0.15188524 -0.15188524 -0.15188524 -0.15188524 -0.15188524
  4.47331557 -0.15188524 -0.15188524 -0.15188524 -0.15188524 -0.15188524
 -0.15188524 -0.15188524 -0.15188524 -0.15188524 -0.15188524 -0.15188524
 -0.15188524 -0.15188524  1.74103596 -0.15188524 -0.15188524 -0.15188524
 -0.15188524 -0.15188524 -0.15188524 -0.15188524 -0.15188524 -0.15188524
  4.34546129 -0.15188524 -0.06475282 -0.15188524 -0.15188524  9.15596633
 -0.15188524 -0.15188524 -0.15188524 -0.15188524 -0.15188524 -0.15188524
 -0.15188524 -0.15188524 -0.15188524 -0.15188524 -0.15188524 -0.15188524
 -0.15188524 -0.15188524 -0.15188524 -0.15188524 -0.15188524 -0.15188524
 -0.15188524 -0.15188524 -0.15188524  1.11469181  1.09930891 -0.15188524
  5.19044106 -0.15188524 -0.15188524 -0.15188524 -0.15188524 -0.15188524
 -0.15188524 -0.15188524 -0.15188524 -0.15188524 -0.15188524 -0.15188524
 -0.15188524 -0.15188524 -0.15188524 -0.15188524 -0.15188524 -0.15188524
 -0.15188524 -0.15188524 -0.15188524  4.02037231 -0.15188524 -0.15188524
 -0.15188524 -0.15188524 -0.15188524 -0.15188524 -0.15188524 -0.15188524
  2.1534444  -0.15188524  1.15881564 -0.15188524 -0.15188524 -0.15188524
 -0.15188524 -0.15188524 -0.15188524 -0.15188524 -0.15188524 -0.15188524
 -0.15188524  1.67441657 -0.15188524 -0.15188524 -0.15188524 -0.15188524
 -0.15188524 -0.15188524 -0.15188524 -0.15188524 -0.15188524 -0.15188524
 -0.15188524 -0.15188524 -0.15188524 -0.15188524 -0.15188524 -0.15188524
 -0.15188524 -0.15188524 -0.15188524 -0.15188524 -0.15188524 -0.15188524
 -0.15188524 -0.15188524 -0.15188524 -0.15188524 -0.15188524  1.09628074
 -0.15188524 -0.15188524 -0.15188524 -0.15188524 -0.15188524 -0.15188524
 -0.15188524 -0.15188524 -0.15188524 -0.15188524 -0.15188524 -0.15188524
 -0.15188524 -0.15188524 -0.15188524 -0.15188524 -0.15188524 -0.15188524
 -0.15188524 -0.15188524 -0.15188524 -0.15188524 -0.15188524 -0.15188524
 -0.15188524 -0.15188524 -0.15188524 -0.15188524 -0.15188524 -0.15188524
 -0.15188524 -0.15188524 -0.15188524 -0.15188524 -0.15188524 -0.15188524
 -0.15188524 -0.15188524 -0.15188524 -0.15188524 -0.15188524 -0.15188524
 -0.15188524 -0.15188524 -0.15188524 -0.15188524 -0.15188524 -0.15188524
 -0.15188524 -0.15188524 -0.15188524 -0.15188524 -0.15188524 -0.15188524
 -0.15188524 -0.15188524 -0.15188524 -0.15188524 -0.15188524 -0.15188524
 -0.15188524 -0.15188524 -0.15188524 -0.15188524 -0.15188524 -0.15188524
 -0.15188524 -0.15188524 -0.15188524 -0.15188524 -0.15188524 -0.15188524
 -0.15188524 -0.15188524 -0.15188524 -0.15188524 -0.15188524 -0.15188524
 -0.15188524 -0.15188524 -0.15188524 -0.15188524 -0.15188524 -0.15188524
 -0.15188524 -0.15188524 -0.15188524 -0.15188524 -0.15188524 -0.15188524
 -0.15188524 -0.15188524 -0.15188524 -0.15188524 -0.15188524 -0.15188524
 -0.15188524 -0.15188524 -0.15188524 -0.15188524 -0.15188524 -0.15188524
 -0.15188524 -0.15188524 -0.15188524 -0.15188524 -0.15188524 -0.15188524
 -0.15188524 -0.15188524 -0.15188524 -0.15188524  2.07972551 -0.15188524
 -0.15188524 -0.15188524 -0.15188524 -0.15188524 -0.15188524 -0.15188524
 -0.15188524 -0.15188524 -0.15188524 -0.15188524 -0.15188524 -0.15188524
 -0.15188524 -0.15188524 -0.15188524 -0.15188524 -0.15188524 -0.15188524
 -0.15188524 -0.15188524 -0.15188524 -0.15188524 -0.15188524 -0.15188524
 -0.15188524 -0.15188524 -0.15188524 -0.15188524 -0.15188524 -0.15188524
 -0.15188524 -0.15188524 -0.15188524 -0.15188524 -0.15188524 -0.15188524
 -0.15188524 -0.15188524  2.77671895 -0.15188524 -0.15188524 -0.15188524
 13.8696892   9.66589497 -0.15188524 -0.15188524 -0.15188524 -0.15188524
 -0.15188524 -0.15188524 -0.15188524 -0.15188524 -0.15188524 -0.15188524
 -0.15188524 -0.15188524 -0.15188524 -0.15188524 -0.15188524 -0.15188524
 -0.15188524  2.21981522 -0.15188524 -0.15188524 -0.15188524 -0.15188524
 -0.15188524 -0.15188524 -0.15188524 -0.15188524 -0.15188524 -0.15188524
 -0.15188524 -0.15188524 -0.15188524 -0.15188524 -0.15188524 -0.15188524
 -0.15188524 -0.15188524 -0.15188524 -0.15188524 -0.15188524 -0.15188524
 -0.15188524 -0.15188524 -0.15188524 -0.15188524 -0.15188524 -0.15188524
 -0.15188524 -0.15188524 -0.15188524 -0.15188524]",[-0.010079674866409233]
1,"[-0.17017199 -0.17017199 -0.17017199 -0.17017199 -0.17017199 -0.17017199
 -0.17017199 -0.17017199 -0.17017199 -0.17017199 -0.17017199 -0.17017199
 -0.17017199 -0.17017199 -0.17017199 -0.17017199 -0.17017199 -0.17017199
 -0.17017199 -0.17017199 -0.17017199 -0.17017199 -0.17017199 -0.17017199
 -0.17017199 -0.17017199 -0.17017199 -0.17017199 -0.17017199 -0.17017199
 -0.17017199 -0.17017199 -0.17017199 -0.17017199 -0.17017199 -0.17017199
 -0.17017199 -0.17017199 -0.17017199 -0.17017199 -0.17017199 -0.17017199
 -0.17017199 -0.17017199 -0.17017199 -0.17017199 -0.17017199 -0.17017199
 -0.17017199 -0.17017199 -0.17017199 -0.17017199 -0.17017199 -0.17017199
 -0.17017199 -0.17017199 -0.17017199 -0.17017199 -0.17017199 -0.17017199
 -0.17017199 -0.17017199 -0.17017199 -0.17017199 -0.17017199 -0.17017199
 -0.17017199 -0.17017199 -0.17017199 -0.17017199 -0.17017199 -0.17017199
 -0.17017199 -0.17017199 -0.17017199 -0.17017199 -0.17017199 -0.17017199
 -0.17017199 -0.17017199 -0.17017199 -0.17017199 -0.17017199  7.43792737
 -0.17017199 -0.17017199 -0.17017199 -0.17017199 -0.17017199 -0.17017199
 -0.17017199 -0.17017199 -0.17017199 -0.17017199 -0.17017199 -0.17017199
 -0.17017199 -0.17017199 -0.17017199 -0.17017199 -0.17017199 -0.17017199
 -0.17017199 -0.17017199 -0.17017199 -0.17017199 -0.17017199 -0.17017199
 -0.17017199 -0.17017199  1.33356071 -0.17017199 -0.17017199 -0.17017199
  5.94818911 -0.17017199 -0.17017199 -0.17017199 -0.17017199 -0.17017199
 -0.17017199 -0.17017199 -0.17017199  0.33176769 -0.17017199 -0.17017199
 -0.17017199 -0.17017199 -0.17017199 -0.17017199 -0.17017199 -0.17017199
 -0.17017199 -0.17017199 -0.17017199 -0.17017199 -0.17017199 -0.17017199
 -0.17017199 -0.17017199 -0.17017199 -0.17017199 -0.17017199 -0.17017199
 -0.17017199 -0.17017199 -0.17017199 -0.17017199 -0.17017199 -0.17017199
 -0.17017199 -0.17017199 -0.17017199 -0.17017199 -0.17017199 -0.17017199
 -0.17017199 -0.17017199 -0.17017199 -0.17017199 -0.17017199 -0.17017199
 -0.17017199 -0.17017199 -0.17017199 -0.17017199 -0.17017199 -0.17017199
 -0.17017199 -0.17017199 -0.17017199 -0.17017199 -0.17017199 -0.17017199
 -0.17017199 -0.17017199 -0.17017199 -0.17017199 -0.17017199 -0.17017199
 -0.17017199 -0.17017199 -0.17017199 -0.17017199 -0.17017199 -0.17017199
  1.14698518 -0.17017199 -0.17017199 -0.17017199 -0.17017199 -0.17017199
 -0.17017199 -0.17017199 -0.17017199 -0.17017199 -0.17017199 -0.17017199
 -0.17017199 -0.17017199  6.35401978 -0.17017199 -0.17017199  3.59621534
 -0.17017199 -0.17017199 -0.17017199 -0.17017199 -0.17017199 -0.17017199
  5.44386446 -0.17017199 -0.17017199 -0.17017199 -0.17017199  4.4963405
 -0.17017199 -0.17017199 -0.17017199  1.00171381 -0.17017199 -0.17017199
 -0.17017199 -0.17017199 -0.17017199 -0.17017199 -0.17017199 -0.17017199
 -0.17017199 -0.17017199 -0.17017199 -0.17017199 -0.17017199 -0.17017199
 -0.17017199  0.11946963 -0.17017199 -0.17017199 -0.17017199 -0.17017199
 -0.17017199 -0.17017199 -0.17017199 -0.17017199 -0.17017199 -0.17017199
 -0.17017199 -0.17017199 -0.17017199 -0.17017199 -0.17017199 -0.17017199
 -0.17017199 -0.17017199 -0.17017199 -0.17017199 -0.17017199 -0.17017199
 -0.17017199 -0.17017199 -0.17017199 -0.17017199 -0.17017199 -0.17017199
 -0.17017199 -0.17017199 -0.17017199 -0.17017199 -0.17017199 -0.17017199
 -0.17017199 -0.17017199 -0.17017199 -0.17017199 -0.17017199 -0.17017199
 -0.17017199 -0.17017199 -0.17017199 -0.17017199 -0.17017199 -0.17017199
 -0.17017199 -0.17017199 -0.17017199 -0.17017199 -0.17017199 -0.17017199
 -0.17017199 -0.17017199 -0.17017199 -0.17017199 -0.17017199 -0.17017199
 -0.17017199  1.34446844 -0.17017199 -0.17017199 -0.17017199 -0.17017199
 -0.17017199 -0.17017199 -0.17017199 -0.17017199 -0.17017199 -0.17017199
 -0.17017199 -0.17017199 -0.17017199 -0.17017199 -0.17017199  5.11073959
 -0.17017199 -0.17017199 -0.17017199 -0.17017199 -0.17017199 -0.17017199
 -0.17017199 -0.17017199 -0.17017199 -0.17017199 -0.17017199 -0.17017199
 -0.17017199 -0.17017199 -0.17017199 -0.17017199 -0.17017199 -0.17017199
 -0.17017199 -0.17017199 -0.17017199 -0.17017199 -0.17017199 -0.17017199
 -0.17017199 -0.17017199 -0.17017199 -0.17017199 -0.17017199 -0.17017199
 -0.17017199 -0.17017199 -0.17017199 -0.17017199 -0.17017199 -0.17017199
 -0.17017199 -0.17017199 -0.17017199 -0.17017199 -0.17017199 -0.17017199
 -0.17017199 -0.17017199 -0.17017199 -0.17017199 -0.17017199 -0.17017199
 -0.17017199 -0.17017199 -0.17017199 -0.17017199 -0.17017199 -0.17017199
 -0.17017199 -0.17017199 -0.17017199 -0.17017199 -0.17017199 -0.17017199
 -0.17017199 -0.17017199 -0.17017199 -0.17017199 -0.17017199 -0.17017199
 -0.17017199 -0.17017199 -0.17017199 -0.17017199 -0.17017199 -0.17017199
 -0.17017199 -0.17017199 -0.17017199 -0.17017199 -0.17017199 -0.17017199
 -0.17017199 -0.17017199 -0.17017199 -0.17017199 -0.17017199 -0.17017199
 -0.17017199 -0.17017199 -0.17017199 -0.17017199 -0.17017199 -0.17017199
 -0.17017199 -0.17017199 -0.17017199 -0.17017199 -0.17017199 -0.17017199
 -0.17017199 -0.17017199 -0.17017199 -0.17017199 -0.17017199 -0.17017199
 -0.17017199 -0.17017199 -0.17017199 -0.17017199 -0.17017199 -0.17017199
 -0.17017199 -0.17017199 -0.17017199 -0.17017199 -0.17017199 -0.17017199
 -0.17017199 -0.17017199 -0.17017199 -0.17017199 -0.17017199 -0.17017199
 -0.17017199 -0.17017199 -0.17017199 -0.17017199 -0.17017199 -0.17017199
 -0.17017199 -0.17017199 -0.17017199 -0.17017199 -0.17017199 -0.17017199
 -0.17017199 -0.17017199 -0.17017199 -0.17017199 -0.17017199 -0.17017199
  0.37644583 -0.17017199 -0.17017199 -0.17017199 -0.17017199 -0.17017199
 -0.17017199 -0.17017199 -0.17017199 -0.17017199 -0.17017199 -0.17017199
 -0.17017199 -0.17017199  3.60502501 -0.17017199  9.16239298 -0.17017199
  7.7138062   7.05978616 -0.17017199 -0.17017199 -0.17017199 -0.17017199
  6.69646995 -0.17017199  5.08495464 -0.17017199 -0.17017199 -0.17017199
 -0.17017199 -0.17017199 -0.17017199 -0.17017199 -0.17017199 -0.17017199
 -0.17017199 -0.17017199  1.5516795  -0.17017199 -0.17017199 -0.17017199
 -0.17017199 -0.17017199 -0.17017199 -0.17017199 -0.17017199 -0.17017199
 -0.17017199 -0.17017199 -0.17017199 -0.17017199 -0.17017199 -0.17017199
 -0.17017199 -0.17017199 -0.17017199 -0.17017199 -0.17017199 -0.17017199
 -0.17017199 -0.17017199 -0.17017199 -0.17017199 -0.17017199 -0.17017199
 -0.17017199 -0.17017199 -0.17017199 -0.17017199]",[-0.014539254483129982]
1,"[-0.25449238 -0.25449238 -0.25449238 -0.25449238 -0.18968864 -0.25449238
 -0.25449238 -0.25449238 -0.25449238 -0.25449238 -0.25449238 -0.25449238
 -0.25449238 -0.25449238 -0.25449238 -0.25449238 -0.25449238 -0.25449238
 -0.25449238 -0.25449238 -0.25449238 -0.25449238 -0.25449238 -0.25449238
 -0.25449238 -0.25449238 -0.25449238 -0.25449238 -0.25449238 -0.25449238
 -0.25449238 -0.25449238 -0.25449238  1.30658891 -0.25449238 -0.25449238
 -0.25449238 -0.25449238 -0.25449238 -0.25449238 -0.25449238 -0.25449238
 -0.25449238 -0.25449238 -0.25449238 -0.25449238 -0.25449238 -0.25449238
 -0.25449238 -0.25449238 -0.25449238 -0.25449238 -0.25449238  3.21411907
 -0.25449238 -0.25449238 -0.25449238 -0.25449238 -0.25449238 -0.25449238
 -0.25449238 -0.25449238 -0.25449238 -0.25449238 -0.25449238 -0.25449238
 -0.25449238 -0.25449238 -0.25449238 -0.25449238 -0.25449238 -0.25449238
 -0.25449238 -0.25449238 -0.25449238 -0.25449238 -0.25449238 -0.25449238
 -0.25449238 -0.25449238 -0.25449238 -0.25449238 -0.25449238  3.85262939
 -0.25449238 -0.25449238 -0.25449238 -0.25449238 -0.25449238 -0.25449238
 -0.25449238 -0.25449238  2.54416277 -0.25449238 -0.25449238 -0.25449238
 -0.25449238 -0.25449238 -0.25449238 -0.25449238 -0.25449238 -0.25449238
 -0.25449238 -0.25449238 -0.25449238 -0.25449238 -0.25449238 -0.25449238
 -0.25449238 -0.25449238  3.61597133 -0.25449238 -0.25449238 -0.25449238
  6.53062578 -0.25449238  0.6683254  -0.25449238 -0.25449238 -0.25449238
 -0.25449238 -0.25449238 -0.25449238 -0.25449238  1.79149401 -0.25449238
 -0.25449238 -0.25449238 -0.25449238 -0.25449238 -0.25449238 -0.25449238
 -0.25449238 -0.25449238 -0.25449238 -0.25449238 -0.25449238 -0.25449238
 -0.25449238 -0.25449238 -0.25449238 -0.25449238 -0.25449238 -0.25449238
 -0.25449238 -0.25449238 -0.25449238 -0.25449238 -0.25449238 -0.25449238
 -0.25449238 -0.25449238 -0.25449238 -0.25449238 -0.25449238 -0.25449238
 -0.25449238 -0.25449238 -0.25449238 -0.25449238 -0.25449238 -0.25449238
 -0.25449238 -0.25449238 -0.25449238 -0.25449238 -0.25449238 -0.25449238
 -0.25449238 -0.25449238 -0.25449238 -0.25449238 -0.25449238 -0.25449238
 -0.25449238 -0.25449238 -0.25449238 -0.25449238 -0.25449238 -0.25449238
 -0.25449238 -0.25449238 -0.25449238 -0.25449238 -0.25449238 -0.25449238
  2.98674534 -0.25449238 -0.25449238 -0.25449238 -0.25449238 -0.25449238
 -0.25449238 -0.25449238 -0.25449238 -0.25449238 -0.25449238 -0.25449238
 -0.25449238 -0.25449238  1.51809628 -0.25449238 -0.25449238 -0.25449238
 -0.25449238 -0.25449238 -0.25449238 -0.25449238 -0.25449238 -0.25449238
  2.82263454 -0.25449238 -0.25449238 -0.25449238 -0.25449238  6.07992246
 -0.25449238 -0.25449238 -0.25449238 -0.25449238 -0.25449238 -0.25449238
 -0.25449238 -0.25449238 -0.25449238 -0.25449238 -0.25449238 -0.25449238
 -0.25449238 -0.25449238 -0.25449238  1.88041151 -0.25449238 -0.25449238
 -0.25449238  3.91977537 -0.25449238  2.79085269  1.38255642 -0.25449238
  5.09265034 -0.25449238 -0.25449238 -0.25449238 -0.25449238 -0.25449238
 -0.25449238 -0.25449238 -0.25449238 -0.25449238 -0.25449238 -0.25449238
 -0.25449238 -0.25449238 -0.25449238  2.37029843 -0.25449238 -0.25449238
 -0.25449238 -0.25449238 -0.25449238  5.04380233 -0.25449238 -0.25449238
 -0.25449238 -0.25449238 -0.25449238 -0.25449238 -0.25449238 -0.25449238
  0.33009485 -0.25449238  2.51970081 -0.25449238  1.03351662 -0.25449238
 -0.25449238 -0.25449238 -0.25449238 -0.25449238  1.59484773 -0.25449238
  4.04979196  4.173108   -0.25449238 -0.25449238 -0.25449238 -0.25449238
 -0.25449238 -0.25449238 -0.25449238 -0.25449238 -0.25449238 -0.25449238
 -0.25449238 -0.25449238 -0.25449238 -0.25449238 -0.25449238 -0.25449238
 -0.25449238 -0.25449238 -0.25449238 -0.25449238  1.44025801 -0.25449238
 -0.25449238 -0.25449238 -0.25449238 -0.25449238 -0.25449238  1.05266485
 -0.25449238 -0.25449238 -0.25449238 -0.25449238 -0.25449238 -0.25449238
 -0.25449238 -0.25449238 -0.25449238 -0.25449238 -0.25449238 -0.25449238
 -0.25449238 -0.25449238 -0.25449238 -0.25449238 -0.25449238 -0.25449238
 -0.25449238 -0.25449238 -0.25449238 -0.25449238 -0.25449238 -0.25449238
 -0.25449238  4.35606199 -0.25449238 -0.25449238 -0.25449238 -0.25449238
 -0.25449238 -0.25449238 -0.25449238 -0.25449238 -0.25449238 -0.25449238
 -0.25449238  1.51809628 -0.25449238 -0.25449238 -0.25449238 -0.25449238
 -0.25449238 -0.25449238 -0.25449238 -0.25449238 -0.25449238 -0.25449238
 -0.25449238 -0.25449238 -0.25449238 -0.25449238 -0.25449238 -0.25449238
 -0.25449238 -0.25449238 -0.25449238 -0.25449238 -0.25449238 -0.25449238
 -0.25449238 -0.25449238 -0.25449238 -0.25449238 -0.25449238 -0.25449238
 -0.25449238 -0.25449238 -0.25449238 -0.25449238 -0.25449238 -0.25449238
  0.76275738 -0.25449238 -0.25449238 -0.25449238 -0.25449238 -0.25449238
 -0.25449238 -0.25449238 -0.25449238 -0.25449238 -0.25449238 -0.25449238
 -0.25449238 -0.25449238  5.014021   -0.25449238 -0.25449238 -0.25449238
 -0.25449238 -0.25449238 -0.25449238 -0.25449238 -0.25449238 -0.25449238
 -0.25449238 -0.25449238 -0.25449238 -0.25449238 -0.25449238 -0.25449238
  2.69724121 -0.25449238 -0.25449238 -0.25449238 -0.25449238 -0.25449238
  2.1234186  -0.25449238 -0.25449238 -0.25449238 -0.25449238  1.07921517
 -0.25449238 -0.25449238 -0.25449238 -0.25449238 -0.25449238 -0.25449238
 -0.25449238 -0.25449238 -0.25449238 -0.25449238 -0.25449238 -0.25449238
 -0.25449238 -0.25449238 -0.25449238 -0.25449238 -0.25449238 -0.25449238
 -0.25449238 -0.25449238 -0.25449238 -0.25449238 -0.25449238 -0.25449238
 -0.25449238 -0.25449238 -0.25449238 -0.25449238 -0.25449238 -0.25449238
 -0.25449238 -0.25449238 -0.25449238 -0.25449238 -0.25449238 -0.25449238
 -0.25449238 -0.25449238  6.60177278 -0.25449238 -0.25449238 -0.25449238
  6.64261225 -0.25449238 -0.25449238 -0.25449238  2.69724121 -0.25449238
 -0.25449238 -0.25449238 -0.25449238 -0.25449238 -0.25449238 -0.25449238
 -0.25449238 -0.25449238 -0.25449238 -0.25449238 -0.25449238 -0.25449238
 -0.25449238 -0.25449238 -0.25449238 -0.25449238 -0.25449238  2.72253011
  5.98497596 -0.25449238 -0.25449238 -0.25449238 -0.25449238  1.25413431
 -0.25449238 -0.25449238 -0.25449238 -0.25449238 -0.25449238 -0.25449238
 -0.25449238 -0.25449238 -0.25449238 -0.25449238 -0.25449238 -0.25449238
 -0.25449238 -0.25449238 -0.25449238 -0.25449238 -0.25449238 -0.25449238
 -0.25449238 -0.25449238  2.77732503 -0.25449238]",[0.09743510015645782]
1,"[-0.18985978 -0.18985978 -0.18985978 -0.18985978 -0.18985978 -0.18985978
 -0.18985978 -0.18985978 -0.18985978 -0.18985978 -0.18985978 -0.18985978
 -0.18985978 -0.18985978 -0.18985978 -0.18985978 -0.18985978 -0.18985978
  8.61421014 -0.18985978 -0.18985978 -0.18985978 -0.18985978 -0.18985978
 -0.18985978 -0.18985978 -0.18985978 -0.18985978 -0.18985978 -0.18985978
 -0.18985978 -0.18985978 -0.18985978 -0.18985978 -0.18985978 -0.18985978
 -0.18985978 -0.18985978 -0.18985978 -0.18985978 -0.18985978 -0.18985978
 -0.18985978 -0.18985978 -0.18985978 -0.18985978 -0.18985978 -0.18985978
 -0.18985978 -0.18985978 -0.18985978 -0.18985978 -0.18985978 -0.18985978
 -0.18985978 -0.18985978 -0.18985978 -0.18985978 -0.18985978 -0.18985978
 -0.18985978 -0.18985978 -0.18985978 -0.18985978 -0.18985978 -0.18985978
 -0.18985978 -0.18985978 -0.18985978 -0.18985978 -0.18985978 -0.18985978
 -0.18985978 -0.18985978 -0.18985978 -0.18985978 -0.18985978 -0.18985978
 -0.18985978 -0.18985978 -0.18985978 -0.18985978 -0.18985978  4.29205646
 -0.18985978 -0.18985978 -0.18985978 -0.18985978 -0.18985978 -0.18985978
 -0.18985978 -0.18985978 -0.18985978 -0.18985978 -0.18985978 -0.18985978
 -0.18985978 -0.18985978 -0.18985978 -0.18985978 -0.18985978 -0.18985978
 -0.18985978 -0.18985978 -0.18985978 -0.18985978 -0.18985978 -0.18985978
 -0.18985978 -0.18985978  3.75385423 -0.18985978 -0.18985978 -0.18985978
 -0.18985978  1.55807947  2.49616574 -0.18985978 -0.18985978 -0.18985978
 -0.18985978 -0.18985978 -0.18985978  1.22093943  1.75823881 -0.18985978
 -0.18985978 -0.18985978 -0.18985978 -0.18985978 -0.18985978 -0.18985978
 -0.18985978 -0.18985978 -0.18985978 -0.18985978 -0.18985978 -0.18985978
 -0.18985978 -0.18985978 -0.18985978 -0.18985978 -0.18985978 -0.18985978
 -0.18985978 -0.18985978 -0.18985978 -0.18985978 -0.18985978 -0.18985978
 -0.18985978 -0.18985978 -0.18985978 -0.18985978 -0.18985978 -0.18985978
 -0.18985978 -0.18985978 -0.18985978 -0.18985978 -0.18985978 -0.18985978
 -0.18985978  0.05687429 -0.18985978 -0.18985978 -0.18985978 -0.18985978
 -0.18985978 -0.18985978 -0.18985978 -0.18985978 -0.18985978 -0.18985978
 -0.18985978 -0.18985978 -0.18985978 -0.18985978 -0.18985978 -0.18985978
 -0.18985978 -0.18985978 -0.18985978 -0.18985978 -0.18985978 -0.18985978
  7.49320493 -0.18985978 -0.18985978 -0.18985978 -0.18985978 -0.18985978
 -0.18985978 -0.18985978 -0.18985978 -0.18985978 -0.18985978 -0.18985978
 -0.18985978 -0.18985978  4.87588109 -0.18985978 -0.18985978  7.12899193
 -0.18985978 -0.18985978 -0.18985978 -0.18985978 -0.18985978 -0.18985978
  9.4681721  -0.18985978  0.53422123 -0.18985978 -0.18985978  2.85198001
 -0.18985978 -0.18985978 -0.18985978 -0.18985978 -0.18985978 -0.18985978
 -0.18985978 -0.18985978 -0.18985978 -0.18985978 -0.18985978 -0.18985978
 -0.18985978 -0.18985978 -0.18985978 -0.18985978 -0.18985978 -0.18985978
 -0.18985978  7.19144185 -0.18985978  1.63221572  1.23518927 -0.18985978
 -0.18985978 -0.18985978 -0.18985978 -0.18985978 -0.18985978 -0.18985978
 -0.18985978 -0.18985978 -0.18985978 -0.18985978 -0.18985978 -0.18985978
 -0.18985978 -0.18985978 -0.18985978  2.94857396 -0.18985978 -0.18985978
 -0.18985978 -0.18985978 -0.18985978 -0.18985978 -0.18985978 -0.02103555
 -0.18985978 -0.18985978 -0.18985978 -0.18985978 -0.18985978 -0.18985978
 -0.18985978 -0.18985978  1.92105521 -0.18985978  2.12380272 -0.18985978
 -0.18985978  1.13331801 -0.18985978 -0.18985978  1.77980662 -0.18985978
 -0.18985978  0.48879638 -0.18985978 -0.18985978 -0.18985978 -0.18985978
 -0.18985978 -0.18985978 -0.18985978 -0.18985978 -0.18985978 -0.18985978
 -0.18985978  2.7775738  -0.18985978 -0.18985978 -0.18985978 -0.18985978
 -0.18985978 -0.18985978 -0.18985978 -0.18985978  1.80194498 -0.18985978
 -0.18985978 -0.18985978 -0.18985978 -0.18985978 -0.18985978  7.32359341
 -0.18985978 -0.18985978 -0.18985978 -0.18985978 -0.18985978 -0.18985978
 -0.18985978 -0.18985978 -0.18985978 -0.18985978 -0.18985978 -0.18985978
 -0.18985978 -0.18985978 -0.18985978 -0.18985978 -0.18985978 -0.18985978
 -0.18985978 -0.18985978 -0.18985978 -0.18985978 -0.18985978 -0.18985978
 -0.18985978 -0.18985978 -0.18985978 -0.18985978 -0.18985978 -0.18985978
 -0.18985978 -0.18985978 -0.18985978 -0.18985978 -0.18985978 -0.18985978
 -0.18985978 -0.18985978 -0.18985978 -0.18985978 -0.18985978 -0.18985978
 -0.18985978 -0.18985978 -0.18985978 -0.18985978 -0.18985978 -0.18985978
 -0.18985978 -0.18985978 -0.18985978 -0.18985978 -0.18985978 -0.18985978
 -0.18985978 -0.18985978 -0.18985978 -0.18985978 -0.18985978 -0.18985978
 -0.18985978 -0.18985978 -0.18985978 -0.18985978 -0.18985978 -0.18985978
 -0.18985978 -0.18985978 -0.18985978 -0.18985978 -0.18985978 -0.18985978
 -0.18985978 -0.18985978 -0.18985978 -0.18985978 -0.18985978 -0.18985978
 -0.18985978 -0.18985978 -0.18985978 -0.18985978 -0.18985978 -0.18985978
 -0.18985978 -0.18985978 -0.18985978 -0.18985978 -0.18985978 -0.18985978
 -0.18985978 -0.18985978 -0.18985978 -0.18985978 -0.18985978 -0.18985978
 -0.18985978 -0.18985978 -0.18985978 -0.18985978 -0.18985978 -0.18985978
 -0.18985978 -0.18985978 -0.18985978 -0.18985978 -0.18985978 -0.18985978
 -0.18985978 -0.18985978 -0.18985978 -0.18985978 -0.18985978 -0.18985978
 -0.18985978 -0.18985978 -0.18985978 -0.18985978 -0.18985978 -0.18985978
 -0.18985978 -0.18985978 -0.18985978 -0.18985978 -0.18985978 -0.18985978
 -0.18985978 -0.18985978 -0.18985978 -0.18985978 -0.18985978 -0.18985978
 -0.18985978 -0.18985978 -0.18985978 -0.18985978 -0.18985978 -0.18985978
 -0.18985978 -0.18985978 -0.18985978 -0.18985978 -0.18985978 -0.18985978
 -0.18985978 -0.18985978 -0.18985978 -0.18985978 -0.18985978 -0.18985978
 -0.18985978 -0.18985978 -0.18985978 -0.18985978 -0.18985978 -0.18985978
 -0.18985978 -0.18985978 -0.18985978 -0.18985978 -0.18985978 -0.18985978
 -0.18985978 -0.18985978 -0.18985978 -0.18985978 -0.18985978 -0.18985978
 -0.18985978 -0.18985978 -0.18985978 -0.18985978 -0.18985978 -0.18985978
 -0.18985978  2.34001032 -0.18985978 -0.18985978 -0.18985978 -0.18985978
 -0.18985978 -0.18985978 -0.18985978 -0.18985978 -0.18985978 -0.18985978
 -0.18985978 -0.18985978 -0.18985978 -0.18985978 -0.18985978 -0.18985978
 -0.18985978 -0.18985978 -0.18985978 -0.18985978 -0.18985978 -0.18985978
 -0.18985978 -0.18985978 -0.18985978 -0.18985978 -0.18985978 -0.18985978
 -0.18985978 -0.18985978  2.44199497 -0.18985978]",[0.012829784554705459]
2,"[-0.2166333  -0.2166333  -0.2166333  -0.2166333  -0.2166333  -0.2166333
 -0.2166333  -0.2166333  -0.2166333  -0.2166333  -0.2166333  -0.2166333
 -0.2166333  -0.2166333  -0.2166333  -0.2166333  -0.2166333  -0.2166333
 -0.2166333  -0.2166333  -0.2166333  -0.2166333  -0.2166333  -0.2166333
 -0.2166333  -0.2166333  -0.2166333  -0.2166333  -0.2166333  -0.2166333
 -0.2166333  -0.2166333  -0.2166333  -0.2166333  -0.2166333  -0.2166333
 -0.2166333  -0.2166333  -0.2166333  -0.2166333  -0.2166333  -0.2166333
 -0.2166333  -0.2166333  -0.2166333  -0.2166333  -0.2166333  -0.2166333
 -0.2166333  -0.2166333  -0.2166333  -0.2166333  -0.2166333  -0.2166333
 -0.2166333  -0.2166333  -0.2166333  -0.2166333  -0.2166333  -0.2166333
 -0.2166333  -0.2166333  -0.2166333  -0.2166333  -0.2166333  -0.2166333
 -0.2166333  -0.2166333  -0.2166333  -0.2166333  -0.2166333  -0.2166333
 -0.2166333  -0.2166333  -0.2166333  -0.2166333  -0.2166333  -0.2166333
 -0.2166333  -0.2166333  -0.2166333  -0.2166333  -0.2166333   7.64429762
 -0.2166333  -0.2166333  -0.2166333  -0.2166333  -0.2166333  -0.2166333
 -0.2166333  -0.2166333  -0.2166333  -0.2166333  -0.2166333  -0.2166333
 -0.2166333  -0.2166333  -0.2166333  -0.2166333  -0.2166333  -0.2166333
 -0.2166333  -0.2166333  -0.2166333  -0.2166333  -0.2166333  -0.2166333
 -0.2166333  -0.2166333   6.80378828 -0.2166333  -0.2166333  -0.2166333
  3.6879965  -0.2166333  -0.2166333  -0.2166333  -0.2166333  -0.2166333
 -0.2166333  -0.2166333  -0.2166333  -0.2166333  -0.2166333  -0.2166333
 -0.2166333  -0.2166333  -0.2166333  -0.2166333  -0.2166333  -0.2166333
 -0.2166333  -0.2166333  -0.2166333  -0.2166333  -0.2166333  -0.2166333
 -0.2166333  -0.2166333  -0.2166333  -0.2166333  -0.2166333  -0.2166333
 -0.2166333  -0.2166333  -0.2166333  -0.2166333  -0.2166333  -0.2166333
 -0.2166333  -0.2166333  -0.2166333  -0.2166333  -0.2166333  -0.2166333
 -0.2166333  -0.2166333  -0.2166333  -0.2166333  -0.2166333  -0.2166333
 -0.2166333   0.66971715 -0.2166333  -0.2166333  -0.2166333  -0.2166333
 -0.2166333  -0.2166333  -0.2166333  -0.2166333  -0.2166333  -0.2166333
 -0.2166333  -0.2166333  -0.2166333  -0.2166333  -0.2166333  -0.2166333
 -0.2166333  -0.2166333  -0.2166333  -0.2166333  -0.2166333  -0.2166333
 -0.2166333  -0.2166333  -0.2166333  -0.2166333  -0.2166333  -0.2166333
 -0.2166333  -0.2166333  -0.2166333  -0.2166333  -0.2166333  -0.2166333
 -0.2166333  -0.2166333  -0.2166333  -0.2166333  -0.2166333  -0.2166333
 -0.2166333  -0.2166333  -0.2166333  -0.2166333  -0.2166333  -0.2166333
  4.20552533 -0.2166333  -0.2166333  -0.2166333  -0.2166333   3.60173609
 -0.2166333  -0.2166333  -0.2166333  -0.2166333  -0.2166333  -0.2166333
 -0.2166333  -0.2166333  -0.2166333  -0.2166333  -0.2166333  -0.2166333
 -0.2166333  -0.2166333  -0.2166333  -0.2166333  -0.2166333  -0.2166333
 -0.2166333   1.63779152 -0.2166333   3.02676356  3.56240432 -0.2166333
  2.87439843  1.65089159 -0.2166333  -0.2166333  -0.2166333  -0.2166333
 -0.2166333  -0.2166333  -0.2166333  -0.2166333  -0.2166333  -0.2166333
 -0.2166333  -0.2166333  -0.2166333   4.28327295 -0.2166333  -0.2166333
 -0.2166333  -0.2166333   5.43929238  1.32020252 -0.2166333   0.7200968
 -0.2166333  -0.2166333  -0.2166333   1.89439045 -0.2166333  -0.2166333
 -0.2166333  -0.2166333   7.08407453 -0.2166333   4.30810729 -0.2166333
 -0.2166333   1.99338861 -0.2166333  -0.2166333  -0.2166333  -0.2166333
  3.35178897  1.9405885  -0.2166333  -0.2166333   5.80067774  5.04005287
 -0.2166333  -0.2166333  -0.2166333  -0.2166333  -0.2166333  -0.2166333
 -0.2166333  -0.2166333  -0.2166333  -0.2166333  -0.2166333  -0.2166333
 -0.2166333  -0.2166333  -0.2166333  -0.2166333   1.06375272 -0.2166333
 -0.2166333  -0.2166333  -0.2166333  -0.2166333  -0.2166333   2.79563878
 -0.2166333  -0.2166333  -0.2166333  -0.2166333  -0.2166333  -0.2166333
 -0.2166333  -0.2166333  -0.2166333  -0.2166333  -0.2166333  -0.2166333
 -0.2166333  -0.2166333  -0.2166333  -0.2166333  -0.2166333  -0.2166333
 -0.2166333  -0.2166333  -0.2166333  -0.2166333  -0.2166333  -0.2166333
 -0.2166333  -0.2166333  -0.2166333  -0.2166333  -0.2166333  -0.2166333
 -0.2166333  -0.2166333  -0.2166333  -0.2166333  -0.2166333  -0.2166333
 -0.2166333  -0.2166333  -0.2166333  -0.2166333  -0.2166333  -0.2166333
 -0.2166333  -0.2166333  -0.2166333  -0.2166333  -0.2166333  -0.2166333
 -0.2166333  -0.2166333  -0.2166333  -0.2166333  -0.2166333  -0.2166333
 -0.2166333  -0.2166333  -0.2166333  -0.2166333  -0.2166333  -0.2166333
 -0.2166333  -0.2166333  -0.2166333  -0.2166333  -0.2166333  -0.2166333
 -0.2166333  -0.2166333  -0.2166333  -0.2166333  -0.2166333  -0.2166333
 -0.2166333  -0.2166333  -0.2166333  -0.2166333  -0.2166333  -0.2166333
 -0.2166333  -0.2166333  -0.2166333  -0.2166333  -0.2166333  -0.2166333
 -0.2166333  -0.2166333  -0.2166333  -0.2166333  -0.2166333  -0.2166333
 -0.2166333  -0.2166333  -0.2166333  -0.2166333  -0.2166333  -0.2166333
 -0.2166333  -0.2166333  -0.2166333  -0.2166333  -0.2166333  -0.2166333
 -0.2166333  -0.2166333  -0.2166333  -0.2166333  -0.2166333  -0.2166333
 -0.2166333  -0.2166333  -0.2166333  -0.2166333   7.49375742 -0.2166333
 -0.2166333  -0.2166333  -0.2166333  -0.2166333  -0.2166333  -0.2166333
 -0.2166333  -0.2166333  -0.2166333  -0.2166333  -0.2166333  -0.2166333
 -0.2166333  -0.2166333  -0.2166333  -0.2166333  -0.2166333  -0.2166333
 -0.2166333  -0.2166333  -0.2166333  -0.2166333  -0.2166333  -0.2166333
 -0.2166333  -0.2166333  -0.2166333  -0.2166333  -0.2166333  -0.2166333
 -0.2166333  -0.2166333  -0.2166333  -0.2166333  -0.2166333  -0.2166333
 -0.2166333  -0.2166333   1.17217059 -0.2166333  -0.2166333  -0.2166333
 -0.2166333  -0.2166333  -0.2166333  -0.2166333  -0.2166333  -0.2166333
 -0.2166333  -0.2166333  -0.2166333  -0.2166333  -0.2166333  -0.2166333
 -0.2166333  -0.2166333  -0.2166333  -0.2166333  -0.2166333  -0.2166333
 -0.2166333   5.24683122 -0.2166333  -0.2166333  -0.2166333  -0.2166333
 -0.2166333  -0.2166333  -0.2166333  -0.2166333  -0.2166333   2.44165591
 -0.2166333  -0.2166333  -0.2166333  -0.2166333  -0.2166333  -0.2166333
 -0.2166333  -0.2166333  -0.2166333  -0.2166333  -0.2166333  -0.2166333
 -0.2166333  -0.2166333  -0.2166333  -0.2166333  -0.2166333  -0.2166333
 -0.2166333  -0.2166333   3.39526876 -0.2166333 ]",[-0.044275419592042314]
2,"[-0.09845958 -0.09845958 -0.09845958 -0.09845958 -0.09845958 -0.09845958
 -0.09845958 -0.09845958 -0.09845958 -0.09845958 -0.09845958 -0.09845958
 -0.09845958 -0.09845958 -0.09845958 -0.09845958 -0.09845958 -0.09845958
 -0.09845958 -0.09845958 -0.09845958 -0.09845958 -0.09845958 -0.09845958
 -0.09845958 -0.09845958 -0.09845958 -0.09845958 -0.09845958 -0.09845958
 -0.09845958 -0.09845958 -0.09845958 -0.09845958 -0.09845958 -0.09845958
 -0.09845958 -0.09845958 -0.09845958 -0.09845958 -0.09845958 -0.09845958
 -0.09845958 -0.09845958 -0.09845958 -0.09845958 -0.09845958 -0.09845958
 -0.09845958 -0.09845958 -0.09845958 -0.09845958 -0.09845958 -0.09845958
 -0.09845958 -0.09845958 -0.09845958 -0.09845958 -0.09845958 -0.09845958
 -0.09845958 -0.09845958 -0.09845958 -0.09845958 -0.09845958 -0.09845958
 -0.09845958 -0.09845958 -0.09845958 -0.09845958 -0.09845958 -0.09845958
 -0.09845958 -0.09845958 -0.09845958 -0.09845958 -0.09845958 -0.09845958
 -0.09845958 -0.09845958 -0.09845958 -0.09845958 -0.09845958  4.00785781
 -0.09845958 -0.09845958 -0.09845958 -0.09845958 -0.09845958 -0.09845958
 -0.09845958 -0.09845958 -0.09845958 -0.09845958 -0.09845958 -0.09845958
 -0.09845958 -0.09845958 -0.09845958 -0.09845958 -0.09845958 -0.09845958
 -0.09845958 -0.09845958 -0.09845958 -0.09845958 -0.09845958 -0.09845958
 -0.09845958 -0.09845958  1.23134595 -0.09845958 -0.09845958 -0.09845958
 -0.09845958 -0.09845958 -0.09845958 -0.09845958 -0.09845958 -0.09845958
 -0.09845958 -0.09845958 -0.09845958 -0.09845958 -0.09845958 -0.09845958
 -0.09845958 -0.09845958 -0.09845958 -0.09845958 -0.09845958 -0.09845958
 -0.09845958 -0.09845958 -0.09845958 -0.09845958 -0.09845958 -0.09845958
 -0.09845958 -0.09845958 -0.09845958 -0.09845958 -0.09845958 -0.09845958
 -0.09845958 -0.09845958 -0.09845958 -0.09845958 -0.09845958 -0.09845958
 -0.09845958 -0.09845958 -0.09845958 -0.09845958 -0.09845958 -0.09845958
 -0.09845958 -0.09845958 -0.09845958 -0.09845958 -0.09845958 -0.09845958
 -0.09845958 -0.09845958 -0.09845958 -0.09845958 -0.09845958 -0.09845958
 -0.09845958 -0.09845958 -0.09845958 -0.09845958 -0.09845958 -0.09845958
 -0.09845958 -0.09845958 -0.09845958 -0.09845958 -0.09845958 -0.09845958
 -0.09845958 -0.09845958 -0.09845958 -0.09845958 -0.09845958 -0.09845958
 -0.09845958 -0.09845958 -0.09845958 -0.09845958 -0.09845958 -0.09845958
 -0.09845958 -0.09845958 -0.09845958 -0.09845958 -0.09845958 -0.09845958
 -0.09845958 -0.09845958  8.42057599 -0.09845958 -0.09845958 -0.09845958
 -0.09845958 -0.09845958 -0.09845958 -0.09845958 -0.09845958 -0.09845958
 10.54938868 -0.09845958 -0.09845958 -0.09845958 -0.09845958  1.46289991
 -0.09845958 -0.09845958 -0.09845958 -0.09845958 -0.09845958 -0.09845958
 -0.09845958 -0.09845958 -0.09845958 -0.09845958 -0.09845958 -0.09845958
 -0.09845958 -0.09845958 -0.09845958 -0.09845958 -0.09845958 -0.09845958
 -0.09845958 -0.09845958 -0.09845958 -0.09845958 -0.09845958 -0.09845958
 -0.09845958 -0.09845958 -0.09845958 -0.09845958 -0.09845958 -0.09845958
 -0.09845958 -0.09845958 -0.09845958 -0.09845958 -0.09845958 -0.09845958
 -0.09845958 -0.09845958 -0.09845958 -0.09845958 -0.09845958 -0.09845958
 -0.09845958 -0.09845958 -0.09845958 -0.09845958 -0.09845958 -0.09845958
 -0.09845958 -0.09845958 -0.09845958 -0.09845958 -0.09845958 -0.09845958
 -0.09845958 -0.09845958 -0.09845958 -0.09845958 -0.09845958 -0.09845958
 -0.09845958 -0.09845958 -0.09845958 -0.09845958 -0.09845958 -0.09845958
 -0.09845958 -0.09845958 -0.09845958 -0.09845958 -0.09845958 -0.09845958
 -0.09845958 -0.09845958 -0.09845958 -0.09845958 -0.09845958 -0.09845958
 -0.09845958 -0.09845958 -0.09845958 -0.09845958 -0.09845958 -0.09845958
 -0.09845958 -0.09845958 -0.09845958 -0.09845958 -0.09845958 -0.09845958
 -0.09845958 -0.09845958 -0.09845958 -0.09845958 -0.09845958 10.89300919
 -0.09845958 -0.09845958 -0.09845958 -0.09845958 -0.09845958 -0.09845958
 -0.09845958 -0.09845958 -0.09845958 -0.09845958 -0.09845958 -0.09845958
 -0.09845958 -0.09845958 -0.09845958 -0.09845958 -0.09845958 -0.09845958
 -0.09845958 -0.09845958 -0.09845958 -0.09845958 -0.09845958 -0.09845958
 -0.09845958 -0.09845958 -0.09845958 -0.09845958 -0.09845958 -0.09845958
 -0.09845958 -0.09845958 -0.09845958 -0.09845958 -0.09845958 -0.09845958
 -0.09845958 -0.09845958 -0.09845958 -0.09845958 -0.09845958 -0.09845958
 -0.09845958 -0.09845958 -0.09845958 -0.09845958 -0.09845958 -0.09845958
 -0.09845958 -0.09845958 -0.09845958 -0.09845958 -0.09845958 -0.09845958
 -0.09845958 -0.09845958 -0.09845958 -0.09845958 -0.09845958 -0.09845958
 -0.09845958 -0.09845958 -0.09845958 -0.09845958 -0.09845958 -0.09845958
 -0.09845958 -0.09845958 -0.09845958 -0.09845958 -0.09845958 -0.09845958
 -0.09845958 -0.09845958 -0.09845958 -0.09845958 -0.09845958 -0.09845958
 -0.09845958 -0.09845958 -0.09845958 -0.09845958 -0.09845958 -0.09845958
 -0.09845958 -0.09845958 -0.09845958 -0.09845958 -0.09845958 -0.09845958
 -0.09845958 -0.09845958 -0.09845958 -0.09845958 -0.09845958 -0.09845958
 -0.09845958 -0.09845958 -0.09845958 -0.09845958 -0.09845958 -0.09845958
 -0.09845958 -0.09845958 -0.09845958 -0.09845958 -0.09845958 -0.09845958
 -0.09845958 -0.09845958 -0.09845958 -0.09845958 -0.09845958 -0.09845958
 -0.09845958 -0.09845958 -0.09845958 -0.09845958 -0.09845958 -0.09845958
 -0.09845958 -0.09845958 -0.09845958 -0.09845958 -0.09845958 -0.09845958
 -0.09845958 -0.09845958 -0.09845958 -0.09845958 -0.09845958 -0.09845958
 -0.09845958 -0.09845958 -0.09845958 -0.09845958 -0.09845958 -0.09845958
 -0.09845958 -0.09845958 -0.09845958 -0.09845958 -0.09845958 -0.09845958
 -0.09845958 -0.09845958 -0.09845958 -0.09845958 -0.09845958 -0.09845958
 -0.09845958 -0.09845958 13.94468594 -0.09845958 -0.09845958 -0.09845958
 -0.09845958 -0.09845958 -0.09845958 -0.09845958 -0.09845958 -0.09845958
 -0.09845958 -0.09845958 -0.09845958 -0.09845958 -0.09845958 -0.09845958
 -0.09845958 -0.09845958 -0.09845958 -0.09845958 -0.09845958 -0.09845958
 -0.09845958 -0.09845958 -0.09845958 -0.09845958 -0.09845958 -0.09845958
 -0.09845958 -0.09845958 -0.09845958 -0.09845958 -0.09845958 -0.09845958
 -0.09845958 -0.09845958 -0.09845958 -0.09845958 -0.09845958 -0.09845958
 -0.09845958 -0.09845958 -0.09845958 -0.09845958 -0.09845958 -0.09845958
 -0.09845958 -0.09845958 -0.09845958 -0.09845958 -0.09845958 -0.09845958
 -0.09845958 -0.09845958 -0.09845958 -0.09845958]",[-0.07550491685882674]
2,"[-0.12802958 -0.12802958 -0.12802958 -0.12802958 -0.12802958 -0.12802958
 -0.12802958 -0.12802958 -0.12802958 -0.12802958 -0.12802958 -0.12802958
 -0.12802958 -0.12802958 -0.12802958 -0.12802958 -0.12802958 -0.12802958
 -0.12802958 -0.12802958 -0.12802958 -0.12802958 -0.12802958 -0.12802958
 -0.12802958 -0.12802958 -0.12802958 -0.12802958 -0.12802958 -0.12802958
 -0.12802958 -0.12802958 -0.12802958 -0.12802958 -0.12802958 -0.12802958
 -0.12802958 -0.12802958 -0.12802958 -0.12802958 -0.12802958 -0.12802958
 -0.12802958 -0.12802958 -0.12802958 -0.12802958 -0.12802958 -0.12802958
 -0.12802958 -0.12802958 -0.12802958 -0.12802958 -0.12802958 -0.12802958
 -0.12802958 -0.12802958 -0.12802958 -0.12802958 -0.12802958 -0.12802958
 -0.12802958 -0.12802958 -0.12802958 -0.12802958 -0.12802958 -0.12802958
 -0.12802958 -0.12802958 -0.12802958 -0.12802958 -0.12802958 -0.12802958
 -0.12802958 -0.12802958 -0.12802958 -0.12802958 -0.12802958 -0.12802958
 -0.12802958 -0.12802958 -0.12802958 -0.12802958 -0.12802958  2.6815504
 -0.12802958 -0.12802958 -0.12802958 -0.12802958 -0.12802958 -0.12802958
 -0.12802958 -0.12802958 -0.12802958 -0.12802958 -0.12802958 -0.12802958
 -0.12802958 -0.12802958 -0.12802958 -0.12802958 -0.12802958 -0.12802958
 -0.12802958 -0.12802958 -0.12802958 -0.12802958 -0.12802958 -0.12802958
 -0.12802958 -0.12802958 10.3043658  -0.12802958 -0.12802958 -0.12802958
 -0.12802958 -0.12802958 -0.12802958 -0.12802958 -0.12802958 -0.12802958
 -0.12802958 -0.12802958 -0.12802958 -0.12802958 -0.12802958 -0.12802958
 -0.12802958 -0.12802958 -0.12802958 -0.12802958 -0.12802958 -0.12802958
 -0.12802958 -0.12802958 -0.12802958 -0.12802958 -0.12802958 -0.12802958
 -0.12802958 -0.12802958 -0.12802958 -0.12802958 -0.12802958 -0.12802958
 -0.12802958 -0.12802958 -0.12802958 -0.12802958 -0.12802958 -0.12802958
 -0.12802958 -0.12802958 -0.12802958 -0.12802958 -0.12802958 -0.12802958
 -0.12802958 -0.12802958 -0.12802958 -0.12802958 -0.12802958 -0.12802958
 -0.12802958 -0.12802958 -0.12802958 -0.12802958 -0.12802958 -0.12802958
 -0.12802958 -0.12802958 -0.12802958 -0.12802958 -0.12802958  3.07657443
 -0.12802958 -0.12802958 -0.12802958 -0.12802958 -0.12802958 -0.12802958
 -0.12802958 -0.12802958 -0.12802958 -0.12802958 -0.12802958 -0.12802958
  2.88350299 -0.12802958 -0.12802958 -0.12802958 -0.12802958 -0.12802958
 -0.12802958 -0.12802958 -0.12802958 -0.12802958 -0.12802958 -0.12802958
 -0.12802958 -0.12802958 -0.12802958 -0.12802958 -0.12802958  6.07283401
 -0.12802958 -0.12802958 -0.12802958 -0.12802958 -0.12802958 -0.12802958
  6.76428261 -0.12802958 -0.12802958 -0.12802958 -0.12802958  8.56698211
 -0.12802958 -0.12802958 -0.12802958 -0.12802958 -0.12802958 -0.12802958
 -0.12802958 -0.12802958 -0.12802958 -0.12802958 -0.12802958 -0.12802958
 -0.12802958 -0.12802958 -0.12802958 -0.12802958 -0.12802958 -0.12802958
 -0.12802958 -0.12802958 -0.12802958 -0.12802958 -0.12802958 -0.12802958
 -0.12802958 -0.12802958 -0.12802958 -0.12802958 -0.12802958 -0.12802958
 -0.12802958 -0.12802958 -0.12802958 -0.12802958 -0.12802958 -0.12802958
 -0.12802958 -0.12802958 -0.12802958 -0.12802958 -0.12802958 -0.12802958
 -0.12802958 -0.12802958 -0.12802958 -0.12802958 -0.12802958 -0.12802958
 -0.12802958 -0.12802958 -0.12802958 -0.12802958 -0.12802958 -0.12802958
 -0.12802958 -0.12802958 -0.12802958 -0.12802958 -0.12802958 -0.12802958
 -0.12802958 -0.12802958 -0.12802958 -0.12802958 -0.12802958 -0.12802958
 -0.12802958 -0.12802958 -0.12802958 -0.12802958 -0.12802958 -0.12802958
 -0.12802958 -0.12802958 -0.12802958 -0.12802958 -0.12802958 -0.12802958
 -0.12802958 -0.12802958 -0.12802958 -0.12802958 -0.12802958 -0.12802958
 -0.12802958 -0.12802958 -0.12802958 -0.12802958 -0.12802958 -0.12802958
 -0.12802958 -0.12802958 -0.12802958 -0.12802958 -0.12802958  7.84886844
 -0.12802958 -0.12802958 -0.12802958 -0.12802958 -0.12802958 -0.12802958
 -0.12802958 -0.12802958 -0.12802958 -0.12802958 -0.12802958 -0.12802958
 -0.12802958 -0.12802958 -0.12802958 -0.12802958 -0.12802958 -0.12802958
 -0.12802958 -0.12802958 -0.12802958 -0.12802958 -0.12802958 -0.12802958
 -0.12802958 -0.12802958 -0.12802958 -0.12802958 -0.12802958 -0.12802958
 -0.12802958 -0.12802958 -0.12802958 -0.12802958 -0.12802958 -0.12802958
 -0.12802958 -0.12802958 -0.12802958 -0.12802958 -0.12802958 -0.12802958
 -0.12802958 -0.12802958 -0.12802958 -0.12802958 -0.12802958 -0.12802958
 -0.12802958 -0.12802958 -0.12802958 -0.12802958 -0.12802958 -0.12802958
 -0.12802958 -0.12802958 -0.12802958 -0.12802958 -0.12802958 -0.12802958
 -0.12802958 -0.12802958 -0.12802958 -0.12802958 -0.12802958 -0.12802958
 -0.12802958 -0.12802958 -0.12802958 -0.12802958 -0.12802958 -0.12802958
 -0.12802958 -0.12802958 -0.12802958 -0.12802958 -0.12802958 -0.12802958
 -0.12802958 -0.12802958 -0.12802958 -0.12802958 -0.12802958 -0.12802958
 -0.12802958 -0.12802958 -0.12802958 -0.12802958 -0.12802958 -0.12802958
 -0.12802958 -0.12802958 -0.12802958 -0.12802958 -0.12802958 -0.12802958
 -0.12802958 -0.12802958 -0.12802958 -0.12802958 -0.12802958 -0.12802958
 -0.12802958 -0.12802958 -0.12802958 -0.12802958 -0.12802958 -0.12802958
 -0.12802958 -0.12802958 -0.12802958 -0.12802958 -0.12802958 -0.12802958
 -0.12802958 -0.12802958 -0.12802958 -0.12802958 -0.12802958 -0.12802958
 -0.12802958 -0.12802958 -0.12802958 -0.12802958 -0.12802958 -0.12802958
 -0.12802958 -0.12802958 -0.12802958 -0.12802958 -0.12802958 -0.12802958
 -0.12802958 -0.12802958 -0.12802958 -0.12802958 -0.12802958 -0.12802958
 -0.12802958 -0.12802958 -0.12802958 -0.12802958 -0.12802958 -0.12802958
 -0.12802958 -0.12802958 -0.12802958 -0.12802958 -0.12802958 -0.12802958
 -0.12802958 -0.12802958 11.4392744  -0.12802958 -0.12802958 -0.12802958
  5.65685257 -0.12802958 -0.12802958 -0.12802958 -0.12802958 -0.12802958
 -0.12802958 -0.12802958 -0.12802958 -0.12802958 -0.12802958 -0.12802958
 -0.12802958 -0.12802958 -0.12802958 -0.12802958 -0.12802958 -0.12802958
 -0.12802958 -0.12802958 -0.12802958 -0.12802958 -0.12802958 -0.12802958
 -0.12802958 -0.12802958 -0.12802958 -0.12802958 -0.12802958 -0.12802958
 -0.12802958 -0.12802958 -0.12802958 -0.12802958 -0.12802958 -0.12802958
 -0.12802958 -0.12802958 -0.12802958 -0.12802958 -0.12802958 -0.12802958
 -0.12802958 -0.12802958 -0.12802958 -0.12802958 -0.12802958 -0.12802958
 -0.12802958 -0.12802958 -0.12802958 -0.12802958]",[-0.020066423346703638]
2,"[-0.19410906 -0.19410906 -0.19410906 -0.19410906 -0.19410906 -0.19410906
 -0.19410906 -0.19410906 -0.19410906 -0.19410906 -0.19410906 -0.19410906
 -0.19410906 -0.19410906 -0.19410906 -0.19410906 -0.19410906 -0.19410906
 -0.19410906 -0.19410906 -0.19410906 -0.19410906 -0.19410906 -0.19410906
 -0.19410906 -0.19410906 -0.19410906 -0.19410906 -0.19410906 -0.19410906
 -0.19410906 -0.19410906 -0.19410906 -0.19410906 -0.19410906 -0.19410906
 -0.19410906 -0.19410906 -0.19410906 -0.19410906 -0.19410906 -0.19410906
 -0.19410906 -0.19410906 -0.19410906 -0.19410906 -0.19410906 -0.19410906
 -0.19410906 -0.19410906 -0.19410906 -0.19410906 -0.19410906 -0.19410906
 -0.19410906 -0.19410906 -0.19410906 -0.19410906 -0.19410906 -0.19410906
 -0.19410906 -0.19410906 -0.19410906 -0.19410906 -0.19410906 -0.19410906
 -0.19410906 -0.19410906 -0.19410906 -0.19410906 -0.19410906 -0.19410906
 -0.19410906 -0.19410906 -0.19410906 -0.19410906 -0.19410906 -0.19410906
 -0.19410906 -0.19410906 -0.19410906 -0.19410906 -0.19410906  4.81664533
 -0.19410906 -0.19410906 -0.19410906 -0.19410906 -0.19410906 -0.19410906
 -0.19410906 -0.19410906  1.88854281 -0.19410906 -0.19410906 -0.19410906
 -0.19410906 -0.19410906 -0.19410906 -0.19410906 -0.19410906 -0.19410906
 -0.19410906 -0.19410906 -0.19410906 -0.19410906 -0.19410906 -0.19410906
 -0.19410906 -0.19410906  0.66481005 -0.19410906 -0.19410906 -0.19410906
 -0.19410906 -0.19410906  0.46075082 -0.19410906 -0.19410906 -0.19410906
 -0.19410906 -0.19410906 -0.19410906 -0.19410906 -0.19410906 -0.19410906
 -0.19410906 -0.19410906 -0.19410906 -0.19410906 -0.19410906 -0.19410906
 -0.19410906 -0.19410906 -0.19410906 -0.19410906 -0.19410906 -0.19410906
 -0.19410906 -0.19410906 -0.19410906 -0.19410906 -0.19410906 -0.19410906
 -0.19410906 -0.19410906 -0.19410906 -0.19410906 -0.19410906 -0.19410906
 -0.19410906 -0.19410906 -0.19410906 -0.19410906 -0.19410906 -0.19410906
 -0.19410906 -0.19410906 -0.19410906 -0.19410906 -0.19410906 -0.19410906
 -0.19410906 -0.19410906 -0.19410906 -0.19410906 -0.19410906 -0.19410906
 -0.19410906 -0.19410906 -0.19410906 -0.19410906 -0.19410906 -0.19410906
 -0.19410906 -0.19410906 -0.19410906 -0.19410906 -0.19410906  4.03019995
 -0.19410906 -0.19410906 -0.19410906 -0.19410906 -0.19410906 -0.19410906
 -0.19410906 -0.19410906 -0.19410906 -0.19410906 -0.19410906 -0.19410906
 -0.19410906 -0.19410906 -0.19410906 -0.19410906 -0.19410906 -0.19410906
 -0.19410906 -0.19410906 -0.19410906 -0.19410906 -0.19410906 -0.19410906
 -0.19410906 -0.19410906 -0.19410906 -0.19410906 -0.19410906 -0.19410906
  6.32252307 -0.19410906  2.01071413 -0.19410906 -0.19410906  5.23845746
 -0.19410906 -0.19410906  0.14494205 -0.19410906 -0.19410906 -0.19410906
 -0.19410906  0.38909198 -0.19410906 -0.19410906 -0.19410906 -0.19410906
 -0.19410906 -0.19410906 -0.19410906 -0.19410906 -0.19410906 -0.19410906
 -0.19410906  2.56090837 -0.19410906 -0.19410906 -0.19410906 -0.19410906
  4.23691583 -0.19410906 -0.19410906 -0.19410906 -0.19410906 -0.19410906
 -0.19410906 -0.19410906 -0.19410906 -0.19410906 -0.19410906 -0.19410906
 -0.19410906 -0.19410906 -0.19410906 -0.19410906 -0.19410906 -0.19410906
 -0.19410906 -0.19410906 -0.19410906  4.80985423 -0.19410906  3.70212983
  3.1390701  -0.19410906 -0.19410906 -0.19410906  2.66425073 -0.19410906
 -0.19410906 -0.19410906  6.42765812 -0.19410906  5.7118452  -0.19410906
 -0.19410906  1.12262571 -0.19410906  2.5340253  -0.19410906 -0.19410906
 -0.19410906 -0.19410906 -0.19410906 -0.19410906 -0.19410906  0.76119267
 -0.19410906  9.14917401 -0.19410906 -0.19410906 -0.19410906 -0.19410906
 -0.19410906 -0.19410906 -0.19410906 -0.19410906  5.9272126  -0.19410906
 -0.19410906 -0.19410906 -0.19410906 -0.19410906 -0.19410906 -0.19410906
 -0.19410906 -0.19410906 -0.19410906  3.43112892 -0.19410906 -0.19410906
 -0.19410906 -0.19410906 -0.19410906 -0.19410906 -0.19410906 -0.19410906
 -0.19410906 -0.19410906 -0.19410906 -0.19410906 -0.19410906 -0.19410906
 -0.19410906 -0.19410906 -0.19410906 -0.19410906 -0.19410906 -0.19410906
 -0.19410906 -0.19410906 -0.19410906 -0.19410906 -0.19410906 -0.19410906
 -0.19410906 -0.19410906 -0.19410906 -0.19410906 -0.19410906 -0.19410906
 -0.19410906 -0.19410906 -0.19410906 -0.19410906 -0.19410906 -0.19410906
 -0.19410906 -0.19410906 -0.19410906 -0.19410906 -0.19410906 -0.19410906
 -0.19410906 -0.19410906 -0.19410906 -0.19410906 -0.19410906 -0.19410906
 -0.19410906 -0.19410906 -0.19410906 -0.19410906 -0.19410906 -0.19410906
 -0.19410906 -0.19410906 -0.19410906 -0.19410906 -0.19410906 -0.19410906
 -0.19410906 -0.19410906 -0.19410906 -0.19410906 -0.19410906 -0.19410906
 -0.19410906 -0.19410906 -0.19410906 -0.19410906 -0.19410906 -0.19410906
 -0.19410906 -0.19410906 -0.19410906 -0.19410906 -0.19410906 -0.19410906
 -0.19410906 -0.19410906 -0.19410906 -0.19410906 -0.19410906 -0.19410906
 -0.19410906 -0.19410906 -0.19410906 -0.19410906 -0.19410906 -0.19410906
 -0.19410906 -0.19410906 -0.19410906 -0.19410906 -0.19410906 -0.19410906
 -0.19410906 -0.19410906 -0.19410906 -0.19410906 -0.19410906 -0.19410906
 -0.19410906 -0.19410906 -0.19410906 -0.19410906 -0.19410906 -0.19410906
 -0.19410906 -0.19410906 -0.19410906 -0.19410906 -0.19410906 -0.19410906
 -0.19410906 -0.19410906 -0.19410906 -0.19410906 -0.19410906 -0.19410906
 -0.19410906 -0.19410906 -0.19410906 -0.19410906 -0.19410906 -0.19410906
 -0.19410906 -0.19410906 -0.19410906 -0.19410906 -0.19410906 -0.19410906
 -0.19410906 -0.19410906 -0.19410906 -0.19410906 -0.19410906 -0.19410906
 -0.19410906 -0.19410906 -0.19410906 -0.19410906 -0.19410906 -0.19410906
 -0.19410906 -0.19410906 -0.19410906 -0.19410906 -0.19410906 -0.19410906
 -0.19410906 -0.19410906  7.37857691 -0.19410906  6.36662912 -0.19410906
 -0.19410906 -0.19410906 -0.19410906 -0.19410906 -0.19410906 -0.19410906
 -0.19410906 -0.19410906 -0.19410906 -0.19410906 -0.19410906 -0.19410906
 -0.19410906 -0.19410906 -0.19410906 -0.19410906 -0.19410906 -0.19410906
 -0.19410906 -0.19410906 -0.19410906 -0.19410906 -0.19410906 -0.19410906
 -0.19410906 -0.19410906 -0.19410906 -0.19410906 -0.19410906 -0.19410906
 -0.19410906 -0.19410906 -0.19410906 -0.19410906 -0.19410906 -0.19410906
 -0.19410906 -0.19410906 -0.19410906 -0.19410906 -0.19410906 -0.19410906
 -0.19410906 -0.19410906 -0.19410906 -0.19410906 -0.19410906 -0.19410906
 -0.19410906 -0.19410906 -0.19410906 -0.19410906]",[-0.021721324631275685]
2,"[-0.28477763 -0.28477763 -0.28477763 -0.28477763  0.74415695 -0.28477763
 -0.28477763 -0.28477763 -0.28477763 -0.28477763 -0.28477763 -0.28477763
 -0.28477763 -0.28477763 -0.28477763 -0.28477763 -0.28477763 -0.28477763
 -0.28477763 -0.28477763 -0.28477763 -0.28477763 -0.28477763 -0.28477763
 -0.28477763 -0.28477763 -0.28477763 -0.28477763 -0.28477763  3.85451495
 -0.28477763 -0.28477763 -0.28477763 -0.28477763 -0.28477763  2.54647946
 -0.28477763 -0.28477763 -0.28477763 -0.28477763 -0.28477763 -0.28477763
 -0.28477763 -0.28477763 -0.28477763 -0.28477763 -0.28477763 -0.28477763
 -0.28477763 -0.28477763 -0.28477763 -0.28477763 -0.28477763 -0.28477763
 -0.28477763  3.18717704 -0.28477763 -0.28477763  2.02048689 -0.28477763
 -0.28477763 -0.28477763 -0.28477763 -0.28477763 -0.28477763 -0.28477763
 -0.28477763 -0.28477763 -0.28477763 -0.28477763 -0.28477763 -0.28477763
 -0.28477763 -0.28477763 -0.28477763 -0.28477763 -0.28477763 -0.28477763
 -0.28477763 -0.28477763 -0.28477763 -0.28477763 -0.28477763  5.77936396
 -0.28477763 -0.28477763 -0.28477763 -0.28477763 -0.28477763  3.67926145
 -0.28477763 -0.28477763  3.05061785 -0.28477763 -0.28477763 -0.28477763
 -0.28477763 -0.28477763 -0.28477763 -0.28477763 -0.28477763 -0.28477763
 -0.28477763 -0.28477763 -0.28477763 -0.28477763  2.81470147 -0.28477763
 -0.28477763 -0.28477763  5.32142605 -0.28477763 -0.28477763 -0.28477763
 -0.28477763  3.67449043  5.32683581 -0.28477763 -0.28477763 -0.28477763
 -0.28477763 -0.28477763 -0.28477763 -0.28477763  4.72358953  3.98018836
 -0.28477763 -0.28477763 -0.28477763 -0.28477763 -0.28477763 -0.28477763
 -0.28477763 -0.28477763 -0.28477763 -0.28477763 -0.28477763 -0.28477763
 -0.28477763 -0.28477763 -0.28477763 -0.28477763 -0.28477763 -0.28477763
 -0.28477763 -0.28477763 -0.28477763 -0.28477763 -0.28477763 -0.28477763
 -0.28477763 -0.28477763 -0.28477763 -0.28477763 -0.28477763 -0.28477763
 -0.28477763 -0.28477763 -0.28477763 -0.28477763 -0.28477763 -0.28477763
 -0.28477763  1.17016636 -0.28477763 -0.28477763 -0.28477763 -0.28477763
 -0.28477763 -0.28477763 -0.28477763 -0.28477763 -0.28477763 -0.28477763
 -0.28477763 -0.28477763 -0.28477763 -0.28477763 -0.28477763 -0.28477763
 -0.28477763 -0.28477763 -0.28477763 -0.28477763 -0.28477763 -0.28477763
 -0.28477763 -0.28477763 -0.28477763 -0.28477763 -0.28477763 -0.28477763
 -0.28477763 -0.28477763  1.7715485  -0.28477763 -0.28477763 -0.28477763
 -0.28477763 -0.28477763 -0.28477763 -0.28477763 -0.28477763 -0.28477763
 -0.28477763 -0.28477763 -0.28477763 -0.28477763 -0.28477763 -0.28477763
  2.45342175 -0.28477763  1.41274712 -0.28477763 -0.28477763 -0.28477763
 -0.28477763 -0.28477763 -0.28477763 -0.28477763 -0.28477763 -0.28477763
 -0.28477763 -0.28477763 -0.28477763 -0.28477763 -0.28477763 -0.28477763
 -0.28477763 -0.28477763 -0.28477763  1.65945186 -0.28477763 -0.28477763
 -0.28477763  1.10511322 -0.28477763  2.29825795  4.16180611 -0.28477763
  2.2500395   1.55536049  1.0010388  -0.28477763 -0.28477763 -0.28477763
 -0.28477763 -0.28477763 -0.28477763 -0.28477763 -0.28477763 -0.28477763
 -0.28477763 -0.28477763 -0.28477763 -0.28477763  2.85947864 -0.28477763
 -0.28477763 -0.28477763 -0.28477763 -0.28477763 -0.28477763  2.13176713
 -0.28477763 -0.28477763 -0.28477763  3.01677639  1.10406607 -0.28477763
  2.00204477 -0.28477763  3.04243425 -0.28477763  3.93696855 -0.28477763
 -0.28477763  2.24751753 -0.28477763 -0.28477763  0.50059044 -0.28477763
  2.04155687  2.31918837 -0.28477763 -0.28477763 -0.28477763  3.46782424
 -0.28477763 -0.28477763 -0.28477763 -0.28477763 -0.28477763 -0.28477763
 -0.28477763  3.20326879  4.46555595 -0.28477763 -0.28477763 -0.28477763
 -0.28477763 -0.28477763 -0.28477763 -0.28477763 -0.28477763 -0.28477763
  4.59668567 -0.28477763 -0.28477763 -0.28477763 -0.28477763 -0.28477763
 -0.28477763 -0.28477763 -0.28477763 -0.28477763 -0.28477763 -0.28477763
 -0.28477763 -0.28477763 -0.28477763 -0.28477763 -0.28477763 -0.28477763
 -0.28477763 -0.28477763 -0.28477763 -0.28477763 -0.28477763 -0.28477763
 -0.28477763 -0.28477763 -0.28477763 -0.28477763 -0.28477763 -0.28477763
 -0.28477763 -0.28477763 -0.28477763 -0.28477763 -0.28477763 -0.28477763
 -0.28477763 -0.28477763 -0.28477763 -0.28477763 -0.28477763 -0.28477763
 -0.28477763  2.55168763 -0.28477763 -0.28477763 -0.28477763 -0.28477763
 -0.28477763 -0.28477763 -0.28477763 -0.28477763 -0.28477763 -0.28477763
 -0.28477763 -0.28477763 -0.28477763 -0.28477763 -0.28477763 -0.28477763
 -0.28477763 -0.28477763 -0.28477763 -0.28477763 -0.28477763 -0.28477763
 -0.28477763 -0.28477763 -0.28477763 -0.28477763 -0.28477763 -0.28477763
 -0.28477763 -0.28477763 -0.28477763 -0.28477763 -0.28477763 -0.28477763
 -0.28477763 -0.28477763 -0.28477763 -0.28477763 -0.28477763 -0.28477763
 -0.28477763 -0.28477763 -0.28477763 -0.28477763 -0.28477763 -0.28477763
 -0.28477763 -0.28477763 -0.28477763 -0.28477763 -0.28477763 -0.28477763
 -0.28477763 -0.28477763 -0.28477763 -0.28477763 -0.28477763 -0.28477763
 -0.28477763 -0.28477763 -0.28477763 -0.28477763 -0.28477763 -0.28477763
 -0.28477763 -0.28477763 -0.28477763 -0.28477763 -0.28477763 -0.28477763
 -0.28477763 -0.28477763 -0.28477763 -0.28477763  4.68017433 -0.28477763
 -0.28477763 -0.28477763 -0.28477763 -0.28477763 -0.28477763 -0.28477763
 -0.28477763 -0.28477763 -0.28477763 -0.28477763 -0.28477763 -0.28477763
 -0.28477763 -0.28477763 -0.28477763 -0.28477763 -0.28477763 -0.28477763
  4.35464953 -0.28477763 -0.28477763 -0.28477763 -0.28477763 -0.28477763
 -0.28477763 -0.28477763 -0.28477763 -0.28477763 -0.28477763 -0.28477763
 -0.28477763 -0.28477763 -0.28477763 -0.28477763 -0.28477763 -0.28477763
 -0.28477763 -0.28477763  3.99786421 -0.28477763 -0.28477763 -0.28477763
 -0.28477763 -0.28477763 -0.28477763 -0.28477763 -0.28477763 -0.28477763
 -0.28477763 -0.28477763 -0.28477763 -0.28477763 -0.28477763 -0.28477763
 -0.28477763 -0.28477763 -0.28477763 -0.28477763 -0.28477763 -0.28477763
 -0.28477763 -0.28477763 -0.28477763 -0.28477763 -0.28477763 -0.28477763
 -0.28477763 -0.28477763 -0.28477763 -0.28477763 -0.28477763  1.4620975
 -0.28477763 -0.28477763 -0.28477763 -0.28477763 -0.28477763 -0.28477763
 -0.28477763 -0.28477763 -0.28477763 -0.28477763 -0.28477763 -0.28477763
 -0.28477763 -0.28477763 -0.28477763 -0.28477763 -0.28477763 -0.28477763
 -0.28477763 -0.28477763  5.46015607 -0.28477763]",[0.11068993533096758]
2,"[-0.12747721 -0.12747721 -0.12747721 -0.12747721 -0.12747721 -0.12747721
 -0.12747721 -0.12747721 -0.12747721 -0.12747721 -0.12747721 -0.12747721
 -0.12747721 -0.12747721 -0.12747721 -0.12747721 -0.12747721 -0.12747721
 -0.12747721 -0.12747721 -0.12747721 -0.12747721 -0.12747721 -0.12747721
 -0.12747721 -0.12747721 -0.12747721 -0.12747721 -0.12747721 -0.12747721
 -0.12747721 -0.12747721 -0.12747721 -0.12747721 -0.12747721 -0.12747721
 -0.12747721 -0.12747721 -0.12747721 -0.12747721 -0.12747721 -0.12747721
 -0.12747721 -0.12747721 -0.12747721 -0.12747721 -0.12747721 -0.12747721
 -0.12747721 -0.12747721 -0.12747721 -0.12747721 -0.12747721 -0.12747721
 -0.12747721 -0.12747721 -0.12747721 -0.12747721 -0.12747721 -0.12747721
 -0.12747721 -0.12747721 -0.12747721 -0.12747721 -0.12747721 -0.12747721
 -0.12747721 -0.12747721 -0.12747721 -0.12747721 -0.12747721 -0.12747721
 -0.12747721 -0.12747721 -0.12747721 -0.12747721 -0.12747721 -0.12747721
 -0.12747721 -0.12747721 -0.12747721 -0.12747721 -0.12747721 11.85332244
 -0.12747721 -0.12747721 -0.12747721 -0.12747721  2.14709958 -0.12747721
 -0.12747721 -0.12747721 -0.12747721 -0.12747721 -0.12747721 -0.12747721
 -0.12747721 -0.12747721 -0.12747721 -0.12747721 -0.12747721 -0.12747721
 -0.12747721 -0.12747721 -0.12747721 -0.12747721 -0.12747721 -0.12747721
 -0.12747721 -0.12747721  9.52982043 -0.12747721 -0.12747721 -0.12747721
 -0.12747721 -0.12747721  1.28883821 -0.12747721 -0.12747721 -0.12747721
 -0.12747721 -0.12747721 -0.12747721 -0.12747721 -0.12747721 -0.12747721
 -0.12747721 -0.12747721 -0.12747721 -0.12747721 -0.12747721 -0.12747721
 -0.12747721 -0.12747721 -0.12747721 -0.12747721 -0.12747721 -0.12747721
 -0.12747721 -0.12747721 -0.12747721 -0.12747721 -0.12747721 -0.12747721
 -0.12747721 -0.12747721 -0.12747721 -0.12747721 -0.12747721 -0.12747721
 -0.12747721 -0.12747721 -0.12747721 -0.12747721 -0.12747721 -0.12747721
 -0.12747721 -0.12747721 -0.12747721 -0.12747721 -0.12747721 -0.12747721
 -0.12747721 -0.12747721 -0.12747721 -0.12747721 -0.12747721 -0.12747721
 -0.12747721 -0.12747721 -0.12747721 -0.12747721 -0.12747721 -0.12747721
 -0.12747721 -0.12747721 -0.12747721 -0.12747721 -0.12747721 -0.12747721
 -0.12747721 -0.12747721 -0.12747721 -0.12747721 -0.12747721 -0.12747721
 -0.12747721 -0.12747721 -0.12747721 -0.12747721 -0.12747721 -0.12747721
 -0.12747721 -0.12747721 -0.12747721 -0.12747721 -0.12747721 -0.12747721
 -0.12747721 -0.12747721  5.69876677 -0.12747721 -0.12747721 -0.12747721
 -0.12747721 -0.12747721 -0.12747721 -0.12747721 -0.12747721 -0.12747721
  7.40911573 -0.12747721 -0.12747721 -0.12747721 -0.12747721 -0.12747721
 -0.12747721 -0.12747721 -0.12747721 -0.12747721 -0.12747721 -0.12747721
 -0.12747721 -0.12747721 -0.12747721 -0.12747721 -0.12747721 -0.12747721
 -0.12747721 -0.12747721 -0.12747721 -0.12747721 -0.12747721 -0.12747721
  1.5261541  -0.12747721 -0.12747721 -0.12747721 -0.12747721 -0.12747721
 -0.12747721 -0.12747721 -0.12747721 -0.12747721 -0.12747721 -0.12747721
 -0.12747721 -0.12747721 -0.12747721 -0.12747721 -0.12747721 -0.12747721
 -0.12747721 -0.12747721 -0.12747721 -0.12747721 -0.12747721 -0.12747721
 -0.12747721 -0.12747721 -0.12747721 -0.12747721 -0.12747721 -0.12747721
 -0.12747721 -0.12747721 -0.12747721 -0.12747721 -0.12747721 -0.12747721
 -0.12747721 -0.12747721  0.86405613 -0.12747721 -0.12747721 -0.12747721
 -0.12747721 -0.12747721 -0.12747721 -0.12747721  0.37359205 -0.12747721
 -0.12747721 -0.12747721 -0.12747721 -0.12747721 -0.12747721 -0.12747721
 -0.12747721 -0.12747721 -0.12747721 -0.12747721 -0.12747721 -0.12747721
 -0.12747721 -0.12747721  6.39495273 -0.12747721 -0.12747721 -0.12747721
 -0.12747721 -0.12747721 -0.12747721 -0.12747721 -0.12747721 -0.12747721
 -0.12747721 -0.12747721 -0.12747721 -0.12747721 -0.12747721  1.45728424
 -0.12747721 -0.12747721 -0.12747721 -0.12747721 -0.12747721 -0.12747721
 -0.12747721 -0.12747721 -0.12747721 -0.12747721 -0.12747721 -0.12747721
 -0.12747721 -0.12747721 -0.12747721 -0.12747721 -0.12747721 -0.12747721
 -0.12747721 -0.12747721 -0.12747721 -0.12747721 -0.12747721 -0.12747721
 -0.12747721 -0.12747721 -0.12747721 -0.12747721 -0.12747721 -0.12747721
 -0.12747721 -0.12747721 -0.12747721 -0.12747721 -0.12747721 -0.12747721
 -0.12747721 -0.12747721 -0.12747721 -0.12747721 -0.12747721 -0.12747721
 -0.12747721 -0.12747721 -0.12747721 -0.12747721 -0.12747721 -0.12747721
 -0.12747721 -0.12747721 -0.12747721 -0.12747721 -0.12747721 -0.12747721
 -0.12747721 -0.12747721 -0.12747721 -0.12747721 -0.12747721 -0.12747721
 -0.12747721 -0.12747721 -0.12747721 -0.12747721 -0.12747721 -0.12747721
 -0.12747721 -0.12747721 -0.12747721 -0.12747721 -0.12747721 -0.12747721
 -0.12747721 -0.12747721 -0.12747721 -0.12747721 -0.12747721 -0.12747721
 -0.12747721 -0.12747721 -0.12747721 -0.12747721 -0.12747721 -0.12747721
 -0.12747721 -0.12747721 -0.12747721 -0.12747721 -0.12747721 -0.12747721
 -0.12747721 -0.12747721 -0.12747721 -0.12747721 -0.12747721 -0.12747721
 -0.12747721 -0.12747721 -0.12747721 -0.12747721 -0.12747721 -0.12747721
 -0.12747721 -0.12747721 -0.12747721 -0.12747721 -0.12747721 -0.12747721
 -0.12747721 -0.12747721 -0.12747721 -0.12747721 -0.12747721 -0.12747721
 -0.12747721 -0.12747721 -0.12747721 -0.12747721 -0.12747721 -0.12747721
 -0.12747721 -0.12747721 -0.12747721 -0.12747721 -0.12747721 -0.12747721
 -0.12747721 -0.12747721 -0.12747721 -0.12747721 -0.12747721 -0.12747721
 -0.12747721 -0.12747721 -0.12747721 -0.12747721 -0.12747721 -0.12747721
 -0.12747721 -0.12747721 -0.12747721 -0.12747721 -0.12747721 -0.12747721
 -0.12747721 -0.12747721 -0.12747721 -0.12747721 -0.12747721 -0.12747721
 -0.12747721 -0.12747721 10.40562911 -0.12747721  5.68231403 -0.12747721
 -0.12747721 -0.12747721 -0.12747721 -0.12747721 -0.12747721 -0.12747721
 -0.12747721 -0.12747721 -0.12747721 -0.12747721 -0.12747721 -0.12747721
 -0.12747721 -0.12747721 -0.12747721 -0.12747721 -0.12747721 -0.12747721
 -0.12747721 -0.12747721 -0.12747721 -0.12747721 -0.12747721 -0.12747721
 -0.12747721 -0.12747721 -0.12747721 -0.12747721 -0.12747721 -0.12747721
 -0.12747721 -0.12747721 -0.12747721 -0.12747721 -0.12747721 -0.12747721
 -0.12747721 -0.12747721 -0.12747721 -0.12747721 -0.12747721 -0.12747721
 -0.12747721 -0.12747721 -0.12747721 -0.12747721 -0.12747721 -0.12747721
 -0.12747721 -0.12747721 -0.12747721 -0.12747721]",[-0.09056096679507994]
2,"[-0.11616371 -0.11616371 -0.11616371 -0.11616371 -0.11616371 -0.11616371
 -0.11616371 -0.11616371 -0.11616371 -0.11616371 -0.11616371 -0.11616371
 -0.11616371 -0.11616371 -0.11616371 -0.11616371 -0.11616371 -0.11616371
 -0.11616371 -0.11616371 -0.11616371 -0.11616371 -0.11616371 -0.11616371
 -0.11616371 -0.11616371 -0.11616371 -0.11616371 -0.11616371 -0.11616371
 -0.11616371 -0.11616371 -0.11616371 -0.11616371 -0.11616371 -0.11616371
 -0.11616371 -0.11616371 -0.11616371 -0.11616371 -0.11616371 -0.11616371
 -0.11616371 -0.11616371 -0.11616371 -0.11616371 -0.11616371 -0.11616371
 -0.11616371 -0.11616371 -0.11616371 -0.11616371 -0.11616371 -0.11616371
 -0.11616371 -0.11616371 -0.11616371 -0.11616371 -0.11616371 -0.11616371
 -0.11616371 -0.11616371 -0.11616371 -0.11616371 -0.11616371 -0.11616371
 -0.11616371 -0.11616371 -0.11616371 -0.11616371 -0.11616371 -0.11616371
 -0.11616371 -0.11616371 -0.11616371 -0.11616371 -0.11616371 -0.11616371
 -0.11616371 -0.11616371 -0.11616371 -0.11616371 -0.11616371  3.96709462
 -0.11616371 -0.11616371 -0.11616371 -0.11616371 -0.11616371 -0.11616371
 -0.11616371 -0.11616371 -0.11616371 -0.11616371 -0.11616371 -0.11616371
 -0.11616371 -0.11616371 -0.11616371 -0.11616371 -0.11616371 -0.11616371
 -0.11616371 -0.11616371 -0.11616371 -0.11616371 -0.11616371 -0.11616371
 -0.11616371 -0.11616371 -0.11616371 -0.11616371 -0.11616371 -0.11616371
 -0.11616371 -0.11616371 -0.11616371 -0.11616371 -0.11616371 -0.11616371
 -0.11616371 -0.11616371 -0.11616371 -0.11616371  0.87222846 -0.11616371
 -0.11616371 -0.11616371 -0.11616371 -0.11616371 -0.11616371 -0.11616371
 -0.11616371 -0.11616371 -0.11616371 -0.11616371 -0.11616371 -0.11616371
 -0.11616371 -0.11616371 -0.11616371 -0.11616371 -0.11616371 -0.11616371
 -0.11616371 -0.11616371 -0.11616371 -0.11616371 -0.11616371 -0.11616371
 -0.11616371 -0.11616371 -0.11616371 -0.11616371 -0.11616371 -0.11616371
 -0.11616371 -0.11616371 -0.11616371 -0.11616371 -0.11616371 -0.11616371
 -0.11616371 -0.11616371 -0.11616371 -0.11616371 -0.11616371 -0.11616371
 -0.11616371 -0.11616371 -0.11616371 -0.11616371 -0.11616371 -0.11616371
 -0.11616371 -0.11616371 -0.11616371 -0.11616371 -0.11616371 -0.11616371
 -0.11616371 -0.11616371 -0.11616371 -0.11616371 -0.11616371 -0.11616371
  4.79603491 -0.11616371 -0.11616371 -0.11616371 -0.11616371 -0.11616371
 -0.11616371 -0.11616371 -0.11616371 -0.11616371 -0.11616371 -0.11616371
 -0.11616371 -0.11616371  5.93122093 -0.11616371 -0.11616371 -0.11616371
 -0.11616371 -0.11616371 -0.11616371 -0.11616371 -0.11616371 -0.11616371
  3.22479226 -0.11616371 -0.11616371 -0.11616371 -0.11616371  7.24930782
 -0.11616371 -0.11616371 -0.11616371 -0.11616371 -0.11616371 -0.11616371
 -0.11616371 -0.11616371 -0.11616371 -0.11616371 -0.11616371 -0.11616371
 -0.11616371 -0.11616371 -0.11616371 -0.11616371 -0.11616371 -0.11616371
 -0.11616371  0.26754918 -0.11616371 -0.11616371 -0.11616371 -0.11616371
  0.51054362 -0.11616371 -0.11616371 -0.11616371 -0.11616371 -0.11616371
 -0.11616371 -0.11616371 -0.11616371 -0.11616371 -0.11616371 -0.11616371
 -0.11616371 -0.11616371 -0.11616371 -0.11616371 -0.11616371 -0.11616371
 -0.11616371 -0.11616371 -0.11616371 -0.11616371 -0.11616371 -0.11616371
 -0.11616371 -0.11616371 -0.11616371 -0.11616371 -0.11616371 -0.11616371
 -0.11616371 -0.11616371 -0.11616371 -0.11616371 -0.11616371  2.12539526
 -0.11616371 -0.11616371 -0.11616371 -0.11616371 -0.11616371 -0.11616371
 -0.11616371 -0.11616371 -0.11616371 -0.11616371 -0.11616371  1.91287207
 -0.11616371 -0.11616371 -0.11616371 -0.11616371 -0.11616371 -0.11616371
 -0.11616371 -0.11616371 -0.11616371 -0.11616371 -0.11616371 -0.11616371
 -0.11616371 -0.11616371 -0.11616371 -0.11616371 -0.11616371 -0.11616371
 -0.11616371 -0.11616371 -0.11616371 -0.11616371 -0.11616371  1.03042672
 -0.11616371 -0.11616371 -0.11616371 -0.11616371 -0.11616371 -0.11616371
 -0.11616371 -0.11616371 -0.11616371 -0.11616371 -0.11616371 -0.11616371
 -0.11616371 -0.11616371 -0.11616371 -0.11616371 -0.11616371 -0.11616371
 -0.11616371 -0.11616371 -0.11616371 -0.11616371 -0.11616371 -0.11616371
 -0.11616371 -0.11616371 -0.11616371 -0.11616371 -0.11616371 -0.11616371
 -0.11616371 -0.11616371 -0.11616371 -0.11616371 -0.11616371 -0.11616371
 -0.11616371 -0.11616371 -0.11616371 -0.11616371 -0.11616371 -0.11616371
 -0.11616371 -0.11616371 -0.11616371 -0.11616371 -0.11616371 -0.11616371
 -0.11616371 -0.11616371 -0.11616371 -0.11616371 -0.11616371 -0.11616371
 -0.11616371 -0.11616371 -0.11616371 -0.11616371 -0.11616371 -0.11616371
 -0.11616371 -0.11616371 -0.11616371 -0.11616371 -0.11616371 -0.11616371
 -0.11616371 -0.11616371 -0.11616371 -0.11616371 -0.11616371 -0.11616371
 -0.11616371 -0.11616371 -0.11616371 -0.11616371 -0.11616371 -0.11616371
 -0.11616371 -0.11616371 -0.11616371 -0.11616371 -0.11616371 -0.11616371
 -0.11616371 -0.11616371 -0.11616371 -0.11616371 -0.11616371 -0.11616371
 -0.11616371 -0.11616371 -0.11616371 -0.11616371 -0.11616371 -0.11616371
 -0.11616371 -0.11616371 -0.11616371 -0.11616371 -0.11616371 -0.11616371
 -0.11616371 -0.11616371 -0.11616371 -0.11616371 -0.11616371 -0.11616371
 -0.11616371 -0.11616371 -0.11616371 -0.11616371 -0.11616371 -0.11616371
 -0.11616371 -0.11616371 -0.11616371 -0.11616371 -0.11616371 -0.11616371
 -0.11616371 -0.11616371 -0.11616371 -0.11616371 -0.11616371 -0.11616371
 -0.11616371 -0.11616371 -0.11616371 -0.11616371 -0.11616371 -0.11616371
 -0.11616371 -0.11616371 -0.11616371 -0.11616371 -0.11616371 -0.11616371
 -0.11616371 -0.11616371 -0.11616371 -0.11616371 -0.11616371 -0.11616371
 -0.11616371 -0.11616371 -0.11616371 -0.11616371 -0.11616371 -0.11616371
 -0.11616371 -0.11616371 12.71225432 -0.11616371 -0.11616371 -0.11616371
 14.29527976 -0.11616371 -0.11616371 -0.11616371 -0.11616371 -0.11616371
 -0.11616371 -0.11616371 -0.11616371 -0.11616371 -0.11616371 -0.11616371
 -0.11616371 -0.11616371 -0.11616371 -0.11616371 -0.11616371 -0.11616371
 -0.11616371 -0.11616371 -0.11616371 -0.11616371 -0.11616371 -0.11616371
 -0.11616371 -0.11616371 -0.11616371 -0.11616371 -0.11616371 -0.11616371
 -0.11616371 -0.11616371 -0.11616371 -0.11616371 -0.11616371 -0.11616371
 -0.11616371 -0.11616371 -0.11616371 -0.11616371 -0.11616371 -0.11616371
 -0.11616371 -0.11616371 -0.11616371 -0.11616371 -0.11616371 -0.11616371
 -0.11616371 -0.11616371 -0.11616371 -0.11616371]",[-0.005232369120974009]
2,"[-0.11733834 -0.11733834 -0.11733834 -0.11733834 -0.11733834 -0.11733834
 -0.11733834 -0.11733834 -0.11733834 -0.11733834 -0.11733834 -0.11733834
 -0.11733834 -0.11733834 -0.11733834 -0.11733834 -0.11733834 -0.11733834
 -0.11733834 -0.11733834 -0.11733834 -0.11733834 -0.11733834 -0.11733834
 -0.11733834 -0.11733834 -0.11733834 -0.11733834 -0.11733834 -0.11733834
 -0.11733834 -0.11733834 -0.11733834 -0.11733834 -0.11733834 -0.11733834
 -0.11733834 -0.11733834 -0.11733834 -0.11733834 -0.11733834 -0.11733834
 -0.11733834 -0.11733834 -0.11733834 -0.11733834 -0.11733834 -0.11733834
 -0.11733834 -0.11733834 -0.11733834 -0.11733834 -0.11733834 -0.11733834
 -0.11733834 -0.11733834 -0.11733834 -0.11733834  2.00525121 -0.11733834
 -0.11733834 -0.11733834 -0.11733834 -0.11733834 -0.11733834 -0.11733834
 -0.11733834 -0.11733834 -0.11733834 -0.11733834 -0.11733834 -0.11733834
 -0.11733834 -0.11733834 -0.11733834 -0.11733834 -0.11733834 -0.11733834
 -0.11733834 -0.11733834 -0.11733834 -0.11733834 -0.11733834 12.60418677
 -0.11733834 -0.11733834 -0.11733834 -0.11733834 -0.11733834 -0.11733834
 -0.11733834 -0.11733834 -0.11733834 -0.11733834 -0.11733834 -0.11733834
 -0.11733834 -0.11733834 -0.11733834 -0.11733834 -0.11733834 -0.11733834
 -0.11733834 -0.11733834 -0.11733834 -0.11733834 -0.11733834 -0.11733834
 -0.11733834 -0.11733834  9.62061037 -0.11733834 -0.11733834 -0.11733834
 -0.11733834 -0.11733834  0.85019151 -0.11733834 -0.11733834 -0.11733834
 -0.11733834 -0.11733834 -0.11733834 -0.11733834  0.7083729  -0.11733834
 -0.11733834 -0.11733834 -0.11733834 -0.11733834 -0.11733834 -0.11733834
 -0.11733834 -0.11733834 -0.11733834 -0.11733834 -0.11733834 -0.11733834
 -0.11733834 -0.11733834 -0.11733834 -0.11733834 -0.11733834 -0.11733834
 -0.11733834 -0.11733834 -0.11733834 -0.11733834 -0.11733834 -0.11733834
 -0.11733834 -0.11733834 -0.11733834 -0.11733834 -0.11733834 -0.11733834
 -0.11733834 -0.11733834 -0.11733834 -0.11733834 -0.11733834 -0.11733834
 -0.11733834 -0.11733834 -0.11733834 -0.11733834 -0.11733834 -0.11733834
 -0.11733834 -0.11733834 -0.11733834 -0.11733834 -0.11733834 -0.11733834
 -0.11733834 -0.11733834 -0.11733834 -0.11733834 -0.11733834 -0.11733834
 -0.11733834 -0.11733834 -0.11733834 -0.11733834 -0.11733834 -0.11733834
 -0.11733834 -0.11733834 -0.11733834 -0.11733834 -0.11733834 -0.11733834
 -0.11733834 -0.11733834 -0.11733834 -0.11733834 -0.11733834 -0.11733834
 -0.11733834 -0.11733834 -0.11733834 -0.11733834 -0.11733834 -0.11733834
 -0.11733834 -0.11733834 -0.11733834 -0.11733834 -0.11733834 -0.11733834
  6.86685308 -0.11733834 -0.11733834 -0.11733834 -0.11733834  1.8969834
 -0.11733834 -0.11733834 -0.11733834 -0.11733834 -0.11733834 -0.11733834
 -0.11733834 -0.11733834 -0.11733834 -0.11733834 -0.11733834 -0.11733834
 -0.11733834 -0.11733834 -0.11733834 -0.11733834 -0.11733834 -0.11733834
 -0.11733834  0.17612058 -0.11733834 -0.11733834 -0.11733834 -0.11733834
 -0.11733834 -0.11733834 -0.11733834 -0.11733834 -0.11733834 -0.11733834
 -0.11733834 -0.11733834 -0.11733834 -0.11733834 -0.11733834 -0.11733834
 -0.11733834 -0.11733834 -0.11733834 -0.11733834 -0.11733834 -0.11733834
 -0.11733834 -0.11733834 -0.11733834 -0.11733834 -0.11733834 -0.11733834
 -0.11733834 -0.11733834 -0.11733834 -0.11733834 -0.11733834 -0.11733834
 -0.11733834 -0.11733834 -0.11733834 -0.11733834 -0.11733834 -0.11733834
 -0.11733834 -0.11733834 -0.11733834 -0.11733834 -0.11733834 -0.11733834
 -0.11733834 -0.11733834 -0.11733834 -0.11733834 -0.11733834  1.97226523
 -0.11733834 -0.11733834 -0.11733834 -0.11733834 -0.11733834 -0.11733834
 -0.11733834 -0.11733834 -0.11733834 -0.11733834 -0.11733834 -0.11733834
 -0.11733834 -0.11733834 -0.11733834 -0.11733834 -0.11733834 -0.11733834
 -0.11733834 -0.11733834 -0.11733834 -0.11733834 -0.11733834  1.55527048
 -0.11733834 -0.11733834 -0.11733834 -0.11733834 -0.11733834 -0.11733834
 -0.11733834 -0.11733834 -0.11733834 -0.11733834 -0.11733834 -0.11733834
 -0.11733834 -0.11733834 -0.11733834 -0.11733834 -0.11733834 -0.11733834
 -0.11733834 -0.11733834 -0.11733834 -0.11733834 -0.11733834 -0.11733834
 -0.11733834 -0.11733834 -0.11733834 -0.11733834 -0.11733834 -0.11733834
 -0.11733834 -0.11733834 -0.11733834 -0.11733834 -0.11733834 -0.11733834
 -0.11733834 -0.11733834 -0.11733834 -0.11733834 -0.11733834 -0.11733834
 -0.11733834 -0.11733834 -0.11733834 -0.11733834 -0.11733834 -0.11733834
 -0.11733834 -0.11733834 -0.11733834 -0.11733834 -0.11733834 -0.11733834
 -0.11733834 -0.11733834 -0.11733834 -0.11733834 -0.11733834 -0.11733834
 -0.11733834 -0.11733834 -0.11733834 -0.11733834 -0.11733834 -0.11733834
 -0.11733834 -0.11733834 -0.11733834 -0.11733834 -0.11733834 -0.11733834
 -0.11733834 -0.11733834 -0.11733834 -0.11733834 -0.11733834 -0.11733834
 -0.11733834 -0.11733834 -0.11733834 -0.11733834 -0.11733834 -0.11733834
 -0.11733834 -0.11733834 -0.11733834 -0.11733834 -0.11733834 -0.11733834
 -0.11733834 -0.11733834 -0.11733834 -0.11733834 -0.11733834 -0.11733834
 -0.11733834 -0.11733834 -0.11733834 -0.11733834 -0.11733834 -0.11733834
 -0.11733834 -0.11733834 -0.11733834 -0.11733834 -0.11733834 -0.11733834
 -0.11733834 -0.11733834 -0.11733834 -0.11733834 -0.11733834 -0.11733834
 -0.11733834 -0.11733834 -0.11733834 -0.11733834 -0.11733834 -0.11733834
 -0.11733834 -0.11733834 -0.11733834 -0.11733834 -0.11733834 -0.11733834
 -0.11733834 -0.11733834 -0.11733834 -0.11733834 -0.11733834 -0.11733834
 -0.11733834 -0.11733834 -0.11733834 -0.11733834 -0.11733834 -0.11733834
 -0.11733834 -0.11733834 -0.11733834 -0.11733834 -0.11733834 -0.11733834
 -0.11733834 -0.11733834 -0.11733834 -0.11733834 -0.11733834 -0.11733834
 -0.11733834 -0.11733834 12.0460132  -0.11733834 -0.11733834 -0.11733834
  7.0375949  -0.11733834 -0.11733834 -0.11733834 -0.11733834 -0.11733834
 -0.11733834 -0.11733834 -0.11733834 -0.11733834 -0.11733834 -0.11733834
 -0.11733834 -0.11733834 -0.11733834 -0.11733834 -0.11733834 -0.11733834
 -0.11733834  2.15082602 -0.11733834 -0.11733834 -0.11733834 -0.11733834
 -0.11733834 -0.11733834 -0.11733834 -0.11733834 -0.11733834 -0.11733834
 -0.11733834 -0.11733834 -0.11733834 -0.11733834 -0.11733834 -0.11733834
 -0.11733834 -0.11733834 -0.11733834 -0.11733834 -0.11733834 -0.11733834
 -0.11733834 -0.11733834 -0.11733834 -0.11733834 -0.11733834 -0.11733834
 -0.11733834 -0.11733834 -0.11733834 -0.11733834]",[-0.014061116368090876]
2,"[-0.13187741 -0.13187741 -0.13187741 -0.13187741 -0.13187741 -0.13187741
 -0.13187741 -0.13187741 -0.13187741 -0.13187741 -0.13187741 -0.13187741
 -0.13187741 -0.13187741 -0.13187741 -0.13187741 -0.13187741 -0.13187741
  0.7088766  -0.13187741 -0.13187741 -0.13187741 -0.13187741 -0.13187741
 -0.13187741 -0.13187741 -0.13187741 -0.13187741 -0.13187741 -0.13187741
 -0.13187741 -0.13187741 -0.13187741 -0.13187741 -0.13187741 -0.13187741
 -0.13187741 -0.13187741 -0.13187741 -0.13187741 -0.13187741 -0.13187741
 -0.13187741 -0.13187741 -0.13187741 -0.13187741 -0.13187741 -0.13187741
 -0.13187741 -0.13187741 -0.13187741 -0.13187741 -0.13187741 -0.13187741
 -0.13187741 -0.13187741 -0.13187741 -0.13187741 -0.13187741 -0.13187741
 -0.13187741 -0.13187741 -0.13187741 -0.13187741 -0.13187741 -0.13187741
 -0.13187741 -0.13187741 -0.13187741 -0.13187741 -0.13187741 -0.13187741
 -0.13187741 -0.13187741 -0.13187741 -0.13187741 -0.13187741 -0.13187741
 -0.13187741 -0.13187741 -0.13187741 -0.13187741 -0.13187741  2.75099099
 -0.13187741 -0.13187741 -0.13187741 -0.13187741 -0.13187741 -0.13187741
 -0.13187741 -0.13187741 -0.13187741 -0.13187741 -0.13187741 -0.13187741
 -0.13187741 -0.13187741 -0.13187741 -0.13187741 -0.13187741 -0.13187741
 -0.13187741 -0.13187741 -0.13187741 -0.13187741 -0.13187741 -0.13187741
 -0.13187741 -0.13187741 -0.13187741 -0.13187741 -0.13187741 -0.13187741
 -0.13187741 -0.13187741 -0.13187741 -0.13187741 -0.13187741 -0.13187741
 -0.13187741 -0.13187741 -0.13187741 -0.13187741 -0.13187741 -0.13187741
 -0.13187741 -0.13187741 -0.13187741 -0.13187741 -0.13187741 -0.13187741
 -0.13187741 -0.13187741 -0.13187741 -0.13187741 -0.13187741 -0.13187741
 -0.13187741 -0.13187741 -0.13187741 -0.13187741 -0.13187741 -0.13187741
 -0.13187741 -0.13187741 -0.13187741 -0.13187741 -0.13187741 -0.13187741
 -0.13187741 -0.13187741 -0.13187741 -0.13187741 -0.13187741 -0.13187741
 -0.13187741 -0.13187741 -0.13187741 -0.13187741 -0.13187741 -0.13187741
 -0.13187741 -0.13187741 -0.13187741 -0.13187741 -0.13187741 -0.13187741
 -0.13187741 -0.13187741 -0.13187741 -0.13187741 -0.13187741 -0.13187741
 -0.13187741 -0.13187741 -0.13187741 -0.13187741 -0.13187741 -0.13187741
 -0.13187741 -0.13187741 -0.13187741 -0.13187741 -0.13187741 -0.13187741
 -0.13187741 -0.13187741 -0.13187741 -0.13187741 -0.13187741 -0.13187741
 -0.13187741 -0.13187741 -0.13187741 -0.13187741 -0.13187741 -0.13187741
 -0.13187741 -0.13187741  5.91395144 -0.13187741 -0.13187741 -0.13187741
 -0.13187741 -0.13187741 -0.13187741 -0.13187741 -0.13187741 -0.13187741
  3.82665479 -0.13187741 -0.13187741 -0.13187741 -0.13187741  4.16732363
 -0.13187741 -0.13187741 -0.13187741 -0.13187741 -0.13187741 -0.13187741
 -0.13187741 -0.13187741 -0.13187741 -0.13187741 -0.13187741 -0.13187741
 -0.13187741 -0.13187741 -0.13187741 -0.13187741 -0.13187741 -0.13187741
 -0.13187741  6.91071483 -0.13187741 -0.13187741  6.95521248 -0.13187741
 -0.13187741 -0.13187741 -0.13187741 -0.13187741 -0.13187741 -0.13187741
 -0.13187741 -0.13187741 -0.13187741 -0.13187741 -0.13187741 -0.13187741
 -0.13187741 -0.13187741 -0.13187741 -0.13187741 -0.13187741 -0.13187741
 -0.13187741 -0.13187741 -0.13187741 -0.13187741 -0.13187741 -0.13187741
 -0.13187741 -0.13187741 -0.13187741 -0.13187741 -0.13187741 -0.13187741
 -0.13187741 -0.13187741 -0.13187741 -0.13187741 -0.13187741 -0.13187741
 -0.13187741 -0.13187741 -0.13187741 -0.13187741 -0.13187741 -0.13187741
 -0.13187741 -0.13187741 -0.13187741 -0.13187741 -0.13187741  1.21526433
 -0.13187741 -0.13187741 -0.13187741 -0.13187741 -0.13187741 -0.13187741
 -0.13187741 -0.13187741 -0.13187741 -0.13187741 -0.13187741 -0.13187741
 -0.13187741 -0.13187741 -0.13187741 -0.13187741 -0.13187741 -0.13187741
 -0.13187741 -0.13187741 -0.13187741 -0.13187741 -0.13187741  3.80512757
 -0.13187741 -0.13187741 -0.13187741 -0.13187741 -0.13187741 -0.13187741
 -0.13187741 -0.13187741 -0.13187741 -0.13187741 -0.13187741 -0.13187741
 -0.13187741 -0.13187741 -0.13187741 -0.13187741 -0.13187741 -0.13187741
 -0.13187741 -0.13187741 -0.13187741 -0.13187741 -0.13187741 -0.13187741
 -0.13187741 -0.13187741 -0.13187741 -0.13187741 -0.13187741 -0.13187741
 -0.13187741 -0.13187741 -0.13187741 -0.13187741 -0.13187741 -0.13187741
 -0.13187741 -0.13187741 -0.13187741 -0.13187741 -0.13187741 -0.13187741
 -0.13187741 -0.13187741 -0.13187741 -0.13187741 -0.13187741 -0.13187741
 -0.13187741 -0.13187741 -0.13187741 -0.13187741 -0.13187741 -0.13187741
 -0.13187741 -0.13187741 -0.13187741 -0.13187741 -0.13187741 -0.13187741
 -0.13187741 -0.13187741 -0.13187741 -0.13187741 -0.13187741 -0.13187741
 -0.13187741 -0.13187741 -0.13187741 -0.13187741 -0.13187741 -0.13187741
 -0.13187741 -0.13187741 -0.13187741 -0.13187741 -0.13187741 -0.13187741
 -0.13187741 -0.13187741 -0.13187741 -0.13187741 -0.13187741 -0.13187741
 -0.13187741 -0.13187741 -0.13187741 -0.13187741 -0.13187741 -0.13187741
 -0.13187741 -0.13187741 -0.13187741 -0.13187741 -0.13187741 -0.13187741
 -0.13187741 -0.13187741 -0.13187741 -0.13187741 -0.13187741 -0.13187741
 -0.13187741 -0.13187741 -0.13187741 -0.13187741 -0.13187741 -0.13187741
 -0.13187741 -0.13187741 -0.13187741 -0.13187741 -0.13187741 -0.13187741
 -0.13187741 -0.13187741 -0.13187741 -0.13187741 -0.13187741 -0.13187741
 -0.13187741 -0.13187741 -0.13187741 -0.13187741 -0.13187741 -0.13187741
 -0.13187741 -0.13187741 -0.13187741 -0.13187741 -0.13187741 -0.13187741
 -0.13187741 -0.13187741 -0.13187741 -0.13187741 -0.13187741 -0.13187741
 -0.13187741 -0.13187741 -0.13187741 -0.13187741 -0.13187741 -0.13187741
 -0.13187741 -0.13187741 -0.13187741 -0.13187741 -0.13187741 -0.13187741
 -0.13187741 -0.13187741  9.9046471  -0.13187741 -0.13187741 -0.13187741
 12.52356724 -0.13187741 -0.13187741 -0.13187741 -0.13187741 -0.13187741
  8.31139546 -0.13187741 -0.13187741 -0.13187741 -0.13187741 -0.13187741
 -0.13187741 -0.13187741 -0.13187741 -0.13187741 -0.13187741 -0.13187741
 -0.13187741 -0.13187741 -0.13187741 -0.13187741 -0.13187741 -0.13187741
 -0.13187741 -0.13187741 -0.13187741 -0.13187741 -0.13187741 -0.13187741
 -0.13187741 -0.13187741 -0.13187741 -0.13187741 -0.13187741 -0.13187741
 -0.13187741 -0.13187741 -0.13187741 -0.13187741 -0.13187741 -0.13187741
 -0.13187741 -0.13187741 -0.13187741 -0.13187741 -0.13187741 -0.13187741
 -0.13187741 -0.13187741 -0.13187741 -0.13187741]",[0.001177589917471522]
2,"[-0.21193429 -0.21193429 -0.21193429 -0.21193429 -0.15212101 -0.21193429
 -0.21193429 -0.21193429 -0.21193429 -0.21193429 -0.21193429 -0.21193429
 -0.21193429 -0.21193429 -0.21193429 -0.21193429 -0.21193429 -0.21193429
 -0.21193429 -0.21193429 -0.21193429 -0.21193429 -0.21193429 -0.21193429
 -0.21193429 -0.21193429 -0.21193429  0.3486991  -0.21193429 -0.21193429
 -0.21193429 -0.21193429 -0.21193429 -0.21193429 -0.21193429 -0.21193429
 -0.21193429 -0.21193429 -0.21193429 -0.21193429 -0.21193429 -0.21193429
 -0.21193429 -0.21193429 -0.21193429 -0.21193429 -0.21193429 -0.21193429
 -0.21193429 -0.21193429 -0.21193429 -0.21193429 -0.21193429 -0.21193429
 -0.21193429 -0.21193429 -0.21193429 -0.21193429  3.78640554 -0.21193429
 -0.21193429 -0.21193429 -0.21193429 -0.21193429 -0.21193429 -0.21193429
 -0.21193429 -0.21193429 -0.21193429 -0.21193429 -0.21193429 -0.21193429
 -0.21193429 -0.21193429 -0.21193429 -0.21193429 -0.21193429 -0.21193429
 -0.21193429 -0.21193429 -0.21193429 -0.21193429 -0.21193429  8.87342452
 -0.21193429 -0.21193429 -0.21193429 -0.21193429 -0.21193429  2.68135405
 -0.21193429 -0.21193429 -0.21193429 -0.21193429 -0.21193429  1.01906575
 -0.21193429 -0.21193429 -0.21193429 -0.21193429 -0.21193429 -0.21193429
 -0.21193429 -0.21193429 -0.21193429 -0.21193429  0.04474339 -0.21193429
 -0.21193429 -0.21193429  3.19595428  0.43428171 -0.21193429 -0.21193429
 -0.21193429  1.29534871  1.68061618 -0.21193429  0.56282603 -0.21193429
 -0.21193429 -0.21193429 -0.21193429 -0.21193429  1.54869883 -0.21193429
 -0.21193429 -0.21193429 -0.21193429 -0.21193429 -0.21193429 -0.21193429
 -0.21193429 -0.21193429 -0.21193429 -0.21193429 -0.21193429 -0.21193429
 -0.21193429 -0.21193429 -0.21193429 -0.21193429 -0.21193429 -0.21193429
 -0.21193429 -0.21193429 -0.21193429 -0.21193429 -0.21193429 -0.21193429
  1.01906575 -0.21193429 -0.21193429 -0.21193429 -0.21193429 -0.21193429
 -0.21193429 -0.21193429 -0.21193429 -0.21193429 -0.21193429 -0.21193429
 -0.21193429 -0.21193429 -0.21193429 -0.21193429 -0.21193429 -0.21193429
 -0.21193429 -0.21193429 -0.21193429 -0.21193429 -0.21193429  1.54869883
 -0.21193429 -0.21193429 -0.21193429 -0.21193429 -0.21193429 -0.21193429
 -0.21193429 -0.21193429 -0.21193429 -0.21193429 -0.21193429 -0.21193429
  5.08127275 -0.21193429 -0.21193429 -0.21193429 -0.21193429 -0.21193429
 -0.21193429 -0.21193429 -0.21193429 -0.21193429 -0.21193429 -0.21193429
 -0.21193429 -0.21193429  1.42414905 -0.21193429 -0.21193429  2.50644964
 -0.21193429 -0.21193429 -0.21193429 -0.21193429 -0.21193429 -0.21193429
  5.71280446 -0.21193429 -0.21193429 -0.21193429 -0.21193429 -0.21193429
 -0.21193429 -0.21193429  0.1494024   1.15027744 -0.21193429 -0.21193429
 -0.21193429  0.24265256 -0.21193429 -0.21193429 -0.21193429 -0.21193429
 -0.21193429 -0.21193429 -0.21193429 -0.21193429 -0.21193429 -0.21193429
 -0.21193429  0.41328397 -0.21193429 -0.21193429  0.54199215 -0.21193429
  1.29534871 -0.21193429 -0.21193429 -0.21193429 -0.21193429 -0.21193429
 -0.21193429 -0.21193429 -0.21193429 -0.21193429 -0.21193429 -0.21193429
 -0.21193429 -0.21193429 -0.21193429  3.729898    1.54869883 -0.21193429
 -0.21193429 -0.21193429 -0.21193429 -0.21193429 -0.21193429  0.16040208
 -0.21193429 -0.21193429 -0.21193429 -0.21193429 -0.21193429 -0.21193429
 -0.21193429 -0.21193429  1.99761497 -0.21193429  1.27241586  2.4043992
 -0.21193429 -0.21193429 -0.21193429 -0.21193429  0.90854173  0.97688639
 -0.21193429  0.2900173  -0.21193429 -0.21193429  1.78956303 -0.21193429
 -0.21193429 -0.21193429 -0.21193429 -0.21193429 -0.21193429 -0.21193429
 -0.21193429 -0.21193429 -0.21193429 -0.21193429 -0.21193429 -0.21193429
 -0.21193429 -0.21193429 -0.21193429 -0.21193429  1.35230502 -0.21193429
  2.3455416  -0.21193429 -0.21193429 -0.21193429 -0.21193429  0.6398182
 -0.21193429 -0.21193429 -0.21193429 -0.21193429 -0.21193429 -0.21193429
 -0.21193429 -0.21193429 -0.21193429 -0.21193429 -0.21193429 -0.21193429
 -0.21193429 -0.21193429 -0.21193429 -0.21193429 -0.21193429 -0.21193429
 -0.21193429 -0.21193429 -0.21193429 -0.21193429 -0.21193429 -0.21193429
 -0.21193429 -0.21193429 -0.21193429 -0.21193429 -0.21193429 -0.21193429
 -0.21193429 -0.21193429 -0.21193429 -0.21193429 -0.21193429 -0.21193429
 -0.21193429 -0.21193429 -0.21193429 -0.21193429 -0.21193429 -0.21193429
 -0.21193429 -0.21193429 -0.21193429 -0.21193429 -0.21193429 -0.21193429
 -0.21193429 -0.21193429 -0.21193429 -0.21193429 -0.21193429 -0.21193429
 -0.21193429 -0.21193429 -0.21193429 -0.21193429 -0.21193429 -0.21193429
 -0.21193429 -0.21193429 -0.21193429 -0.21193429 -0.21193429 -0.21193429
 -0.21193429 -0.21193429 -0.21193429 -0.21193429 -0.21193429 -0.21193429
 -0.21193429 -0.21193429 -0.21193429 -0.21193429  2.14430487 -0.21193429
 -0.21193429 -0.21193429 -0.21193429 -0.21193429 -0.21193429 -0.21193429
 -0.21193429 -0.21193429 -0.21193429 -0.21193429 -0.21193429 -0.21193429
 -0.21193429 -0.21193429 -0.21193429 -0.21193429 -0.21193429 -0.21193429
 -0.21193429 -0.21193429 -0.21193429 -0.21193429 -0.21193429 -0.21193429
 -0.21193429 -0.21193429 -0.21193429 -0.21193429 -0.21193429 -0.21193429
 -0.21193429 -0.21193429 -0.21193429 -0.21193429 -0.21193429 -0.21193429
 -0.21193429 -0.21193429 -0.21193429 -0.21193429 -0.21193429 -0.21193429
 -0.21193429 -0.21193429 -0.21193429 -0.21193429 -0.21193429 -0.21193429
 -0.21193429 -0.21193429 -0.21193429 -0.21193429 -0.21193429 -0.21193429
 -0.21193429 -0.21193429 -0.21193429 -0.21193429 -0.21193429 -0.21193429
 -0.21193429 -0.21193429 -0.21193429 -0.21193429 -0.21193429 -0.21193429
 -0.21193429 -0.21193429 -0.21193429 -0.21193429 -0.21193429 -0.21193429
 -0.21193429 -0.21193429  6.67792416 -0.21193429 10.81831784 -0.21193429
  8.92946498 -0.21193429 -0.21193429 -0.21193429 -0.21193429 -0.21193429
 -0.21193429 -0.21193429 -0.21193429 -0.21193429 -0.21193429 -0.21193429
 -0.21193429 -0.21193429 -0.21193429 -0.21193429 -0.21193429 -0.21193429
 -0.21193429  3.87250507 -0.21193429 -0.21193429 -0.21193429  0.3486991
 -0.21193429 -0.21193429 -0.21193429 -0.21193429 -0.21193429  2.05677273
 -0.21193429 -0.21193429 -0.21193429 -0.21193429 -0.21193429 -0.21193429
 -0.21193429 -0.21193429 -0.21193429 -0.21193429 -0.21193429 -0.21193429
 -0.21193429 -0.21193429 -0.21193429 -0.21193429 -0.21193429 -0.21193429
 -0.21193429 -0.21193429 -0.21193429 -0.21193429]",[0.06640718955945721]
2,"[-0.16419917 -0.16419917 -0.16419917 -0.16419917 -0.16419917 -0.16419917
 -0.16419917 -0.16419917 -0.16419917 -0.16419917 -0.16419917 -0.16419917
 -0.16419917 -0.16419917 -0.16419917 -0.16419917 -0.16419917 -0.16419917
  5.42941844 -0.16419917 -0.16419917 -0.16419917 -0.16419917 -0.16419917
 -0.16419917 -0.16419917 -0.16419917 -0.16419917 -0.16419917 -0.16419917
 -0.16419917 -0.16419917 -0.16419917 -0.16419917 -0.16419917 -0.16419917
 -0.16419917 -0.16419917 -0.16419917 -0.16419917 -0.16419917 -0.16419917
 -0.16419917 -0.16419917 -0.16419917 -0.16419917 -0.16419917 -0.16419917
 -0.16419917 -0.16419917 -0.16419917 -0.16419917 -0.16419917 -0.16419917
 -0.16419917 -0.16419917 -0.16419917 -0.16419917 -0.16419917 -0.16419917
 -0.16419917 -0.16419917 -0.16419917 -0.16419917 -0.16419917 -0.16419917
 -0.16419917 -0.16419917 -0.16419917 -0.16419917 -0.16419917 -0.16419917
 -0.16419917 -0.16419917 -0.16419917 -0.16419917 -0.16419917 -0.16419917
 -0.16419917 -0.16419917 -0.16419917 -0.16419917 -0.16419917  2.96847636
 -0.16419917 -0.16419917 -0.16419917 -0.16419917 -0.16419917 -0.16419917
 -0.16419917 -0.16419917 -0.16419917 -0.16419917 -0.16419917 -0.16419917
 -0.16419917 -0.16419917 -0.16419917 -0.16419917 -0.16419917 -0.16419917
 -0.16419917 -0.16419917 -0.16419917 -0.16419917 -0.16419917 -0.16419917
 -0.16419917 -0.16419917 -0.16419917 -0.16419917 -0.16419917 -0.16419917
 -0.16419917 -0.16419917 -0.16419917 -0.16419917 -0.16419917 -0.16419917
 -0.16419917 -0.16419917 -0.16419917 -0.16419917  5.67808937 -0.16419917
 -0.16419917 -0.16419917 -0.16419917 -0.16419917 -0.16419917 -0.16419917
 -0.16419917 -0.16419917 -0.16419917 -0.16419917 -0.16419917 -0.16419917
 -0.16419917 -0.16419917 -0.16419917 -0.16419917 -0.16419917 -0.16419917
 -0.16419917 -0.16419917 -0.16419917 -0.16419917 -0.16419917 -0.16419917
 -0.16419917 -0.16419917 -0.16419917 -0.16419917 -0.16419917 -0.16419917
 -0.16419917 -0.16419917 -0.16419917 -0.16419917 -0.16419917 -0.16419917
 -0.16419917 -0.16419917 -0.16419917 -0.16419917 -0.16419917 -0.16419917
 -0.16419917 -0.16419917 -0.16419917 -0.16419917 -0.16419917 -0.16419917
 -0.16419917 -0.16419917 -0.16419917 -0.16419917 -0.16419917 -0.16419917
 -0.16419917 -0.16419917 -0.16419917 -0.16419917 -0.16419917 -0.16419917
  2.57357861 -0.16419917 -0.16419917 -0.16419917 -0.16419917 -0.16419917
 -0.16419917 -0.16419917 -0.16419917 -0.16419917 -0.16419917 -0.16419917
 -0.16419917 -0.16419917  5.42665245 -0.16419917 -0.16419917  1.74284474
 -0.16419917 -0.16419917 -0.16419917 -0.16419917 -0.16419917 -0.16419917
  4.85312806 -0.16419917 -0.16419917 -0.16419917 -0.16419917  7.97112479
 -0.16419917 -0.16419917 -0.16419917 -0.16419917 -0.16419917 -0.16419917
 -0.16419917 -0.16419917 -0.16419917 -0.16419917 -0.16419917 -0.16419917
 -0.16419917 -0.16419917 -0.16419917 -0.16419917 -0.16419917 -0.16419917
 -0.16419917 -0.16419917 -0.16419917 -0.16419917 -0.16419917 -0.16419917
 -0.16419917 -0.16419917 -0.16419917 -0.16419917 -0.16419917 -0.16419917
 -0.16419917 -0.16419917 -0.16419917 -0.16419917 -0.16419917 -0.16419917
 -0.16419917 -0.16419917 -0.16419917  6.64602377 -0.16419917 -0.16419917
 -0.16419917 -0.16419917 -0.16419917  5.54901657 -0.16419917  0.28941699
 -0.16419917 -0.16419917 -0.16419917 -0.16419917 -0.16419917 -0.16419917
 -0.16419917 -0.16419917 -0.16419917 -0.16419917 -0.16419917 -0.16419917
 -0.16419917 -0.16419917 -0.16419917 -0.16419917 -0.16419917 -0.16419917
 -0.16419917 -0.16419917 -0.16419917 -0.16419917 -0.16419917 -0.16419917
 -0.16419917 -0.16419917 -0.16419917 -0.16419917 -0.16419917 -0.16419917
 -0.16419917 -0.16419917 -0.16419917 -0.16419917 -0.16419917 -0.16419917
 -0.16419917 -0.16419917 -0.16419917 -0.16419917 -0.16419917 -0.16419917
 -0.16419917 -0.16419917 -0.16419917 -0.16419917 -0.16419917  5.86305
 -0.16419917 -0.16419917 -0.16419917 -0.16419917 -0.16419917 -0.16419917
 -0.16419917  3.68038396 -0.16419917 -0.16419917 -0.16419917 -0.16419917
 -0.16419917 -0.16419917 -0.16419917 -0.16419917 -0.16419917 -0.16419917
 -0.16419917 -0.16419917 -0.16419917 -0.16419917 -0.16419917 -0.16419917
 -0.16419917 -0.16419917 -0.16419917 -0.16419917 -0.16419917 -0.16419917
 -0.16419917 -0.16419917 -0.16419917 -0.16419917 -0.16419917 -0.16419917
 -0.16419917 -0.16419917 -0.16419917 -0.16419917 -0.16419917 -0.16419917
 -0.16419917 -0.16419917 -0.16419917 -0.16419917 -0.16419917 -0.16419917
 -0.16419917 -0.16419917 -0.16419917 -0.16419917 -0.16419917 -0.16419917
 -0.16419917 -0.16419917 -0.16419917 -0.16419917 -0.16419917 -0.16419917
 -0.16419917 -0.16419917 -0.16419917 -0.16419917 -0.16419917 -0.16419917
 -0.16419917 -0.16419917 -0.16419917 -0.16419917 -0.16419917 -0.16419917
 -0.16419917 -0.16419917 -0.16419917 -0.16419917 -0.16419917 -0.16419917
 -0.16419917 -0.16419917 -0.16419917 -0.16419917 -0.16419917 -0.16419917
 -0.16419917 -0.16419917 -0.16419917 -0.16419917 -0.16419917 -0.16419917
 -0.16419917 -0.16419917 -0.16419917 -0.16419917 -0.16419917 -0.16419917
 -0.16419917 -0.16419917 -0.16419917 -0.16419917 -0.16419917 -0.16419917
 -0.16419917 -0.16419917 -0.16419917 -0.16419917 -0.16419917 -0.16419917
 -0.16419917 -0.16419917 -0.16419917 -0.16419917 -0.16419917 -0.16419917
 -0.16419917 -0.16419917 -0.16419917 -0.16419917 -0.16419917 -0.16419917
 -0.16419917 -0.16419917 -0.16419917 -0.16419917 -0.16419917 -0.16419917
 -0.16419917 -0.16419917 -0.16419917 -0.16419917 -0.16419917 -0.16419917
 -0.16419917 -0.16419917 -0.16419917 -0.16419917 -0.16419917 -0.16419917
 -0.16419917 -0.16419917 -0.16419917 -0.16419917 -0.16419917 -0.16419917
 -0.16419917 -0.16419917 -0.16419917 -0.16419917 -0.16419917 -0.16419917
 -0.16419917 -0.16419917  7.63428028 -0.16419917 -0.16419917 -0.16419917
 10.47704288 -0.16419917 -0.16419917 -0.16419917 -0.16419917 -0.16419917
 -0.16419917 -0.16419917 -0.16419917 -0.16419917 -0.16419917 -0.16419917
 -0.16419917 -0.16419917 -0.16419917 -0.16419917 -0.16419917 -0.16419917
 -0.16419917  3.85718746 -0.16419917 -0.16419917 -0.16419917  1.95246636
 -0.16419917 -0.16419917 -0.16419917 -0.16419917 -0.16419917 -0.16419917
 -0.16419917 -0.16419917 -0.16419917 -0.16419917 -0.16419917 -0.16419917
 -0.16419917 -0.16419917 -0.16419917 -0.16419917 -0.16419917 -0.16419917
 -0.16419917 -0.16419917 -0.16419917 -0.16419917 -0.16419917 -0.16419917
 -0.16419917 -0.16419917 -0.16419917 -0.16419917]",[-0.0042469677794115535]
2,"[-0.1719803  -0.1719803  -0.1719803  -0.1719803   0.21963631 -0.1719803
 -0.1719803  -0.1719803  -0.1719803  -0.1719803  -0.1719803  -0.1719803
 -0.1719803  -0.1719803  -0.1719803  -0.1719803  -0.1719803  -0.1719803
  2.16425024 -0.1719803  -0.1719803  -0.1719803  -0.1719803  -0.1719803
 -0.1719803  -0.1719803  -0.1719803  -0.1719803  -0.1719803  -0.1719803
 -0.1719803  -0.1719803  -0.1719803  -0.1719803  -0.1719803  -0.1719803
 -0.1719803  -0.1719803  -0.1719803  -0.1719803  -0.1719803  -0.1719803
 -0.1719803  -0.1719803  -0.1719803  -0.1719803  -0.1719803  -0.1719803
 -0.1719803  -0.1719803  -0.1719803  -0.1719803  -0.1719803  -0.1719803
 -0.1719803  -0.1719803  -0.1719803  -0.1719803   3.35515715 -0.1719803
 -0.1719803  -0.1719803  -0.1719803  -0.1719803  -0.1719803  -0.1719803
 -0.1719803  -0.1719803  -0.1719803  -0.1719803  -0.1719803  -0.1719803
 -0.1719803  -0.1719803  -0.1719803  -0.1719803  -0.1719803  -0.1719803
 -0.1719803  -0.1719803  -0.1719803  -0.1719803  -0.1719803   8.40451149
 -0.1719803  -0.1719803  -0.1719803  -0.1719803  -0.1719803  -0.1719803
 -0.1719803  -0.1719803  -0.1719803  -0.1719803  -0.1719803  -0.1719803
 -0.1719803  -0.1719803  -0.1719803  -0.1719803  -0.1719803  -0.1719803
 -0.1719803  -0.1719803  -0.1719803  -0.1719803  -0.1719803  -0.1719803
 -0.1719803  -0.1719803   0.49563219 -0.1719803  -0.1719803  -0.1719803
 -0.1719803  -0.1719803   0.84230215 -0.1719803  -0.1719803  -0.1719803
 -0.1719803  -0.1719803  -0.1719803  -0.1719803   0.53727828 -0.1719803
 -0.1719803  -0.1719803  -0.1719803  -0.1719803  -0.1719803  -0.1719803
 -0.1719803  -0.1719803  -0.1719803  -0.1719803  -0.1719803  -0.1719803
 -0.1719803  -0.1719803  -0.1719803  -0.1719803  -0.1719803  -0.1719803
 -0.1719803  -0.1719803  -0.1719803  -0.1719803  -0.1719803  -0.1719803
 -0.1719803  -0.1719803  -0.1719803  -0.1719803  -0.1719803  -0.1719803
 -0.1719803  -0.1719803  -0.1719803  -0.1719803  -0.1719803  -0.1719803
 -0.1719803  -0.1719803  -0.1719803  -0.1719803  -0.1719803  -0.1719803
 -0.1719803  -0.1719803  -0.1719803  -0.1719803  -0.1719803  -0.1719803
 -0.1719803  -0.1719803  -0.1719803  -0.1719803  -0.1719803  -0.1719803
 -0.1719803  -0.1719803  -0.1719803  -0.1719803  -0.1719803  -0.1719803
 -0.1719803  -0.1719803  -0.1719803  -0.1719803  -0.1719803  -0.1719803
 -0.1719803  -0.1719803  -0.1719803  -0.1719803  -0.1719803  -0.1719803
 -0.1719803  -0.1719803   4.36131122 -0.1719803  -0.1719803  -0.1719803
 -0.1719803  -0.1719803  -0.1719803  -0.1719803  -0.1719803  -0.1719803
  7.25324856 -0.1719803  -0.1719803  -0.1719803  -0.1719803   6.41754842
 -0.1719803  -0.1719803  -0.1719803  -0.1719803  -0.1719803  -0.1719803
 -0.1719803  -0.1719803  -0.1719803  -0.1719803  -0.1719803  -0.1719803
 -0.1719803  -0.1719803  -0.1719803  -0.1719803  -0.1719803  -0.1719803
 -0.1719803   3.26478228 -0.1719803  -0.1719803  -0.1719803  -0.1719803
  7.73257953 -0.1719803  -0.1719803  -0.1719803  -0.1719803  -0.1719803
 -0.1719803  -0.1719803  -0.1719803  -0.1719803  -0.1719803  -0.1719803
 -0.1719803  -0.1719803  -0.1719803  -0.1719803  -0.1719803  -0.1719803
 -0.1719803  -0.1719803   7.02170227  4.7304666  -0.1719803  -0.1719803
 -0.1719803  -0.1719803  -0.1719803  -0.1719803  -0.1719803  -0.1719803
 -0.1719803  -0.1719803  -0.1719803  -0.1719803   1.73848725 -0.1719803
 -0.1719803  -0.1719803  -0.1719803  -0.1719803  -0.1719803  -0.1719803
 -0.1719803   3.09644031 -0.1719803  -0.1719803  -0.1719803   8.21480665
 -0.1719803  -0.1719803  -0.1719803  -0.1719803  -0.1719803  -0.1719803
 -0.1719803  -0.1719803  -0.1719803  -0.1719803  -0.1719803  -0.1719803
 -0.1719803  -0.1719803  -0.1719803  -0.1719803  -0.1719803  -0.1719803
 -0.1719803  -0.1719803  -0.1719803  -0.1719803  -0.1719803   7.5254312
 -0.1719803  -0.1719803  -0.1719803  -0.1719803  -0.1719803  -0.1719803
 -0.1719803  -0.1719803  -0.1719803  -0.1719803  -0.1719803  -0.1719803
 -0.1719803  -0.1719803  -0.1719803  -0.1719803  -0.1719803  -0.1719803
 -0.1719803  -0.1719803  -0.1719803  -0.1719803  -0.1719803  -0.1719803
 -0.1719803  -0.1719803  -0.1719803  -0.1719803  -0.1719803  -0.1719803
 -0.1719803  -0.1719803  -0.1719803  -0.1719803  -0.1719803  -0.1719803
 -0.1719803  -0.1719803  -0.1719803  -0.1719803  -0.1719803  -0.1719803
 -0.1719803  -0.1719803  -0.1719803  -0.1719803  -0.1719803  -0.1719803
 -0.1719803  -0.1719803  -0.1719803  -0.1719803  -0.1719803  -0.1719803
 -0.1719803  -0.1719803  -0.1719803  -0.1719803  -0.1719803  -0.1719803
 -0.1719803  -0.1719803  -0.1719803  -0.1719803  -0.1719803  -0.1719803
 -0.1719803  -0.1719803  -0.1719803  -0.1719803  -0.1719803  -0.1719803
 -0.1719803  -0.1719803  -0.1719803  -0.1719803  -0.1719803  -0.1719803
 -0.1719803  -0.1719803  -0.1719803  -0.1719803  -0.1719803  -0.1719803
 -0.1719803  -0.1719803  -0.1719803  -0.1719803  -0.1719803  -0.1719803
 -0.1719803  -0.1719803  -0.1719803  -0.1719803  -0.1719803  -0.1719803
 -0.1719803  -0.1719803  -0.1719803  -0.1719803  -0.1719803  -0.1719803
 -0.1719803  -0.1719803  -0.1719803  -0.1719803  -0.1719803  -0.1719803
 -0.1719803  -0.1719803  -0.1719803  -0.1719803  -0.1719803  -0.1719803
 -0.1719803  -0.1719803  -0.1719803  -0.1719803  -0.1719803  -0.1719803
 -0.1719803  -0.1719803  -0.1719803  -0.1719803  -0.1719803  -0.1719803
 -0.1719803  -0.1719803  -0.1719803  -0.1719803  -0.1719803  -0.1719803
 -0.1719803  -0.1719803  -0.1719803  -0.1719803  -0.1719803  -0.1719803
  1.6229199  -0.1719803  -0.1719803  -0.1719803  -0.1719803  -0.1719803
 -0.1719803  -0.1719803  -0.1719803  -0.1719803  -0.1719803  -0.1719803
 -0.1719803  -0.1719803   1.8227991  -0.1719803  -0.1719803  -0.1719803
  4.42877264 -0.1719803  -0.1719803  -0.1719803  -0.1719803  -0.1719803
 -0.1719803  -0.1719803  -0.1719803  -0.1719803  -0.1719803  -0.1719803
 -0.1719803  -0.1719803  -0.1719803  -0.1719803  -0.1719803  -0.1719803
 -0.1719803  -0.1719803  -0.1719803  -0.1719803  -0.1719803  -0.1719803
 -0.1719803  -0.1719803  -0.1719803  -0.1719803  -0.1719803   0.39612767
 -0.1719803  -0.1719803  -0.1719803  -0.1719803  -0.1719803  -0.1719803
 -0.1719803  -0.1719803  -0.1719803  -0.1719803  -0.1719803  -0.1719803
 -0.1719803  -0.1719803  -0.1719803  -0.1719803  -0.1719803  -0.1719803
 -0.1719803  -0.1719803  -0.1719803  -0.1719803 ]",[0.049367143097315644]
2,"[-0.12184312 -0.12184312 -0.12184312 -0.12184312 -0.12184312 -0.12184312
 -0.12184312 -0.12184312 -0.12184312 -0.12184312 -0.12184312 -0.12184312
 -0.12184312 -0.12184312 -0.12184312 -0.12184312 -0.12184312 -0.12184312
 -0.12184312 -0.12184312 -0.12184312 -0.12184312 -0.12184312 -0.12184312
 -0.12184312 -0.12184312 -0.12184312 -0.12184312 -0.12184312 -0.12184312
 -0.12184312 -0.12184312 -0.12184312 -0.12184312 -0.12184312 -0.12184312
 -0.12184312 -0.12184312 -0.12184312 -0.12184312 -0.12184312 -0.12184312
 -0.12184312 -0.12184312 -0.12184312 -0.12184312 -0.12184312 -0.12184312
 -0.12184312 -0.12184312 -0.12184312 -0.12184312 -0.12184312 -0.12184312
 -0.12184312 -0.12184312 -0.12184312 -0.12184312 -0.12184312 -0.12184312
 -0.12184312 -0.12184312 -0.12184312 -0.12184312 -0.12184312 -0.12184312
 -0.12184312 -0.12184312 -0.12184312 -0.12184312 -0.12184312 -0.12184312
 -0.12184312 -0.12184312 -0.12184312 -0.12184312 -0.12184312 -0.12184312
 -0.12184312 -0.12184312 -0.12184312 -0.12184312 -0.12184312  4.10053268
 -0.12184312 -0.12184312 -0.12184312 -0.12184312 -0.12184312 -0.12184312
 -0.12184312 -0.12184312 -0.12184312 -0.12184312 -0.12184312 -0.12184312
 -0.12184312 -0.12184312 -0.12184312 -0.12184312 -0.12184312 -0.12184312
 -0.12184312 -0.12184312 -0.12184312 -0.12184312 -0.12184312 -0.12184312
 -0.12184312 -0.12184312  8.23718947 -0.12184312 -0.12184312 -0.12184312
 -0.12184312 -0.12184312 -0.12184312 -0.12184312 -0.12184312 -0.12184312
 -0.12184312 -0.12184312 -0.12184312 -0.12184312 -0.12184312 -0.12184312
 -0.12184312 -0.12184312 -0.12184312 -0.12184312 -0.12184312 -0.12184312
 -0.12184312 -0.12184312 -0.12184312 -0.12184312 -0.12184312 -0.12184312
 -0.12184312 -0.12184312 -0.12184312 -0.12184312 -0.12184312 -0.12184312
 -0.12184312 -0.12184312 -0.12184312 -0.12184312 -0.12184312 -0.12184312
 -0.12184312 -0.12184312 -0.12184312 -0.12184312 -0.12184312 -0.12184312
 -0.12184312 -0.12184312 -0.12184312 -0.12184312 -0.12184312 -0.12184312
 -0.12184312 -0.12184312 -0.12184312 -0.12184312 -0.12184312 -0.12184312
 -0.12184312 -0.12184312 -0.12184312 -0.12184312 -0.12184312 -0.12184312
 -0.12184312 -0.12184312 -0.12184312 -0.12184312 -0.12184312 -0.12184312
 -0.12184312 -0.12184312 -0.12184312 -0.12184312 -0.12184312 -0.12184312
 -0.12184312 -0.12184312 -0.12184312 -0.12184312 -0.12184312 -0.12184312
 -0.12184312 -0.12184312 -0.12184312 -0.12184312 -0.12184312 -0.12184312
 -0.12184312 -0.12184312  3.91928684 -0.12184312 -0.12184312 -0.12184312
 -0.12184312 -0.12184312 -0.12184312 -0.12184312 -0.12184312 -0.12184312
 -0.12184312 -0.12184312 -0.12184312 -0.12184312 -0.12184312  1.06945109
 -0.12184312 -0.12184312 -0.12184312 -0.12184312 -0.12184312 -0.12184312
 -0.12184312 -0.12184312 -0.12184312 -0.12184312 -0.12184312 -0.12184312
 -0.12184312 -0.12184312 -0.12184312 -0.12184312 -0.12184312 -0.12184312
 -0.12184312  0.07105789 -0.12184312 -0.12184312 -0.12184312 -0.12184312
  0.46580802 -0.12184312 -0.12184312 -0.12184312 -0.12184312 -0.12184312
 -0.12184312 -0.12184312 -0.12184312 -0.12184312 -0.12184312 -0.12184312
 -0.12184312 -0.12184312 -0.12184312 -0.12184312 -0.12184312 -0.12184312
 -0.12184312 -0.12184312 -0.12184312 -0.12184312 -0.12184312 -0.12184312
 -0.12184312 -0.12184312 -0.12184312 -0.12184312 -0.12184312 -0.12184312
 -0.12184312 -0.12184312 -0.12184312 -0.12184312  1.13949565 -0.12184312
 -0.12184312 -0.12184312 -0.12184312 -0.12184312 -0.12184312 -0.12184312
 -0.12184312 -0.12184312 -0.12184312 -0.12184312 -0.12184312  9.57721317
 -0.12184312 -0.12184312 -0.12184312 -0.12184312 -0.12184312 -0.12184312
 -0.12184312 -0.12184312  7.5888287  -0.12184312 -0.12184312 -0.12184312
 -0.12184312 -0.12184312 -0.12184312 -0.12184312 -0.12184312 -0.12184312
 -0.12184312 -0.12184312 -0.12184312 -0.12184312 -0.12184312 -0.12184312
 -0.12184312 -0.12184312 -0.12184312 -0.12184312 -0.12184312 -0.12184312
 -0.12184312 -0.12184312 -0.12184312 -0.12184312 -0.12184312 -0.12184312
 -0.12184312 -0.12184312 -0.12184312 -0.12184312 -0.12184312 -0.12184312
 -0.12184312 -0.12184312 -0.12184312 -0.12184312 -0.12184312 -0.12184312
 -0.12184312 -0.12184312 -0.12184312 -0.12184312 -0.12184312 -0.12184312
 -0.12184312 -0.12184312 -0.12184312 -0.12184312 -0.12184312 -0.12184312
 -0.12184312 -0.12184312 -0.12184312 -0.12184312 -0.12184312 -0.12184312
 -0.12184312 -0.12184312 -0.12184312 -0.12184312 -0.12184312 -0.12184312
 -0.12184312 -0.12184312 -0.12184312 -0.12184312 -0.12184312 -0.12184312
 -0.12184312 -0.12184312 -0.12184312 -0.12184312 -0.12184312 -0.12184312
 -0.12184312 -0.12184312 -0.12184312 -0.12184312 -0.12184312 -0.12184312
 -0.12184312 -0.12184312 -0.12184312 -0.12184312 -0.12184312 -0.12184312
 -0.12184312 -0.12184312 -0.12184312 -0.12184312 -0.12184312 -0.12184312
 -0.12184312 -0.12184312 -0.12184312 -0.12184312 -0.12184312 -0.12184312
 -0.12184312 -0.12184312 -0.12184312 -0.12184312 -0.12184312 -0.12184312
 -0.12184312 -0.12184312 -0.12184312 -0.12184312 -0.12184312 -0.12184312
 -0.12184312 -0.12184312 -0.12184312 -0.12184312 -0.12184312 -0.12184312
 -0.12184312 -0.12184312 -0.12184312 -0.12184312 -0.12184312 -0.12184312
 -0.12184312 -0.12184312 -0.12184312 -0.12184312 -0.12184312 -0.12184312
 -0.12184312 -0.12184312 -0.12184312 -0.12184312 -0.12184312 -0.12184312
 -0.12184312 -0.12184312 -0.12184312 -0.12184312 -0.12184312 -0.12184312
 -0.12184312 -0.12184312 -0.12184312 -0.12184312 -0.12184312 -0.12184312
  3.46318506 -0.12184312 -0.12184312 -0.12184312 -0.12184312 -0.12184312
 -0.12184312 -0.12184312 -0.12184312 -0.12184312 -0.12184312 -0.12184312
 -0.12184312 -0.12184312 -0.12184312 -0.12184312 -0.12184312 -0.12184312
 -0.12184312 -0.12184312 10.57889881 -0.12184312 -0.12184312 -0.12184312
 11.68535865 -0.12184312 -0.12184312 -0.12184312 -0.12184312 -0.12184312
 -0.12184312 -0.12184312 -0.12184312 -0.12184312 -0.12184312 -0.12184312
 -0.12184312 -0.12184312 -0.12184312 -0.12184312 -0.12184312 -0.12184312
 -0.12184312 -0.12184312 -0.12184312 -0.12184312 -0.12184312 -0.12184312
 -0.12184312 -0.12184312 -0.12184312 -0.12184312 -0.12184312 -0.12184312
 -0.12184312 -0.12184312 -0.12184312 -0.12184312 -0.12184312 -0.12184312
 -0.12184312 -0.12184312 -0.12184312 -0.12184312 -0.12184312 -0.12184312
 -0.12184312 -0.12184312 -0.12184312 -0.12184312 -0.12184312 -0.12184312
 -0.12184312 -0.12184312 -0.12184312 -0.12184312]",[0.004578579061636334]
2,"[-0.20164462 -0.20164462 -0.20164462 -0.20164462 -0.20164462 -0.20164462
 -0.20164462 -0.20164462 -0.20164462 -0.20164462 -0.20164462 -0.20164462
 -0.20164462 -0.20164462 -0.20164462 -0.20164462 -0.20164462 -0.20164462
  1.29497685 -0.20164462 -0.20164462 -0.20164462 -0.20164462 -0.20164462
 -0.20164462 -0.20164462 -0.20164462 -0.20164462 -0.20164462 -0.20164462
 -0.20164462 -0.20164462 -0.20164462 -0.20164462 -0.20164462 -0.20164462
 -0.20164462 -0.20164462 -0.20164462 -0.20164462 -0.20164462 -0.20164462
 -0.20164462 -0.20164462 -0.20164462 -0.20164462 -0.20164462 -0.20164462
 -0.20164462 -0.20164462 -0.20164462 -0.20164462 -0.20164462 -0.20164462
 -0.20164462 -0.20164462 -0.20164462 -0.20164462  5.73791626 -0.20164462
 -0.20164462 -0.20164462 -0.20164462 -0.20164462 -0.20164462 -0.20164462
 -0.20164462 -0.20164462 -0.20164462 -0.20164462 -0.20164462 -0.20164462
 -0.20164462 -0.20164462 -0.20164462 -0.20164462 -0.20164462 -0.20164462
 -0.20164462 -0.20164462 -0.20164462 -0.20164462 -0.20164462  8.2342218
 -0.20164462 -0.20164462 -0.20164462 -0.20164462  2.44053927 -0.20164462
 -0.20164462 -0.20164462 -0.20164462 -0.20164462 -0.20164462 -0.20164462
 -0.20164462 -0.20164462 -0.20164462 -0.20164462 -0.20164462 -0.20164462
 -0.20164462 -0.20164462 -0.20164462 -0.20164462 -0.20164462 -0.20164462
 -0.20164462 -0.20164462  4.91657342 -0.20164462 -0.20164462 -0.20164462
 -0.20164462 -0.20164462 -0.20164462 -0.20164462 -0.20164462 -0.20164462
 -0.20164462 -0.20164462 -0.20164462 -0.20164462  1.28964818 -0.20164462
 -0.20164462 -0.20164462 -0.20164462 -0.20164462 -0.20164462 -0.20164462
 -0.20164462 -0.20164462 -0.20164462 -0.20164462 -0.20164462 -0.20164462
 -0.20164462 -0.20164462 -0.20164462 -0.20164462 -0.20164462 -0.20164462
 -0.20164462 -0.20164462 -0.20164462 -0.20164462 -0.20164462 -0.20164462
 -0.20164462 -0.20164462 -0.20164462 -0.20164462 -0.20164462 -0.20164462
 -0.20164462 -0.20164462 -0.20164462 -0.20164462 -0.20164462 -0.20164462
 -0.20164462 -0.20164462 -0.20164462 -0.20164462 -0.20164462 -0.20164462
 -0.20164462 -0.20164462 -0.20164462 -0.20164462 -0.20164462 -0.20164462
 -0.20164462 -0.20164462 -0.20164462 -0.20164462 -0.20164462 -0.20164462
 -0.20164462 -0.20164462 -0.20164462 -0.20164462 -0.20164462 -0.20164462
  3.10866273 -0.20164462 -0.20164462 -0.20164462 -0.20164462 -0.20164462
 -0.20164462 -0.20164462 -0.20164462 -0.20164462 -0.20164462 -0.20164462
 -0.20164462 -0.20164462  3.56371455 -0.20164462 -0.20164462  4.51167858
 -0.20164462 -0.20164462 -0.20164462 -0.20164462 -0.20164462 -0.20164462
  5.30476606 -0.20164462 -0.20164462 -0.20164462 -0.20164462  0.18341063
 -0.20164462 -0.20164462 -0.20164462 -0.20164462 -0.20164462 -0.20164462
 -0.20164462 -0.20164462 -0.20164462 -0.20164462 -0.20164462 -0.20164462
 -0.20164462 -0.20164462 -0.20164462 -0.20164462 -0.20164462 -0.20164462
 -0.20164462  2.12505047 -0.20164462  2.0843059   2.98439715 -0.20164462
  0.57299643 -0.20164462 -0.20164462  4.47750074 -0.20164462 -0.20164462
 -0.20164462 -0.20164462 -0.20164462 -0.20164462 -0.20164462 -0.20164462
 -0.20164462 -0.20164462 -0.20164462  2.23525229  0.66407722 -0.20164462
 -0.20164462 -0.20164462 -0.20164462 -0.20164462 -0.20164462 -0.20164462
 -0.20164462 -0.20164462 -0.20164462 -0.20164462 -0.20164462 -0.20164462
 -0.20164462 -0.20164462 -0.20164462 -0.20164462  1.90310585  6.89077998
 -0.20164462 -0.20164462 -0.20164462 -0.20164462 -0.20164462 -0.20164462
 -0.20164462  1.30133308 -0.20164462 -0.20164462 -0.20164462 -0.20164462
 -0.20164462 -0.20164462 -0.20164462 -0.20164462 -0.20164462 -0.20164462
 -0.20164462 -0.20164462 -0.20164462 -0.20164462 -0.20164462 -0.20164462
 -0.20164462 -0.20164462 -0.20164462 -0.20164462  1.64720948 -0.20164462
  2.64515889 -0.20164462 -0.20164462 -0.20164462 -0.20164462  3.41336385
 -0.20164462 -0.20164462 -0.20164462 -0.20164462 -0.20164462 -0.20164462
 -0.20164462 -0.20164462 -0.20164462 -0.20164462 -0.20164462 -0.20164462
 -0.20164462 -0.20164462 -0.20164462 -0.20164462 -0.20164462 -0.20164462
 -0.20164462 -0.20164462 -0.20164462 -0.20164462 -0.20164462 -0.20164462
 -0.20164462 -0.20164462 -0.20164462 -0.20164462 -0.20164462 -0.20164462
 -0.20164462 -0.20164462 -0.20164462 -0.20164462 -0.20164462 -0.20164462
 -0.20164462 -0.20164462 -0.20164462 -0.20164462 -0.20164462 -0.20164462
 -0.20164462 -0.20164462 -0.20164462 -0.20164462 -0.20164462 -0.20164462
 -0.20164462 -0.20164462 -0.20164462 -0.20164462 -0.20164462 -0.20164462
 -0.20164462 -0.20164462 -0.20164462 -0.20164462 -0.20164462 -0.20164462
 -0.20164462 -0.20164462 -0.20164462 -0.20164462 -0.20164462 -0.20164462
 -0.20164462 -0.20164462 -0.20164462 -0.20164462 -0.20164462 -0.20164462
 -0.20164462 -0.20164462 -0.20164462 -0.20164462 -0.20164462 -0.20164462
 -0.20164462 -0.20164462 -0.20164462 -0.20164462 -0.20164462 -0.20164462
 -0.20164462 -0.20164462 -0.20164462 -0.20164462 -0.20164462 -0.20164462
 -0.20164462 -0.20164462 -0.20164462 -0.20164462 -0.20164462 -0.20164462
 -0.20164462 -0.20164462 -0.20164462 -0.20164462 -0.20164462 -0.20164462
 -0.20164462 -0.20164462 -0.20164462 -0.20164462 -0.20164462 -0.20164462
 -0.20164462 -0.20164462 -0.20164462 -0.20164462 -0.20164462  4.74089861
 -0.20164462 -0.20164462 -0.20164462 -0.20164462 -0.20164462 -0.20164462
 -0.20164462 -0.20164462 -0.20164462 -0.20164462 -0.20164462 -0.20164462
 -0.20164462 -0.20164462 -0.20164462 -0.20164462 -0.20164462 -0.20164462
 -0.20164462 -0.20164462 -0.20164462 -0.20164462 -0.20164462 -0.20164462
 -0.20164462 -0.20164462 -0.20164462 -0.20164462 -0.20164462 -0.20164462
 -0.20164462 -0.20164462 -0.20164462 -0.20164462 -0.20164462 -0.20164462
 -0.20164462 -0.20164462 -0.20164462 -0.20164462  7.85109868 -0.20164462
  8.4697042  -0.20164462 -0.20164462 -0.20164462 -0.20164462 -0.20164462
 -0.20164462 -0.20164462 -0.20164462 -0.20164462 -0.20164462 -0.20164462
 -0.20164462 -0.20164462 -0.20164462 -0.20164462 -0.20164462 -0.20164462
 -0.20164462  4.61681379 -0.20164462 -0.20164462 -0.20164462 -0.20164462
 -0.20164462 -0.20164462 -0.20164462 -0.20164462 -0.20164462 -0.20164462
 -0.20164462 -0.20164462 -0.20164462 -0.20164462 -0.20164462 -0.20164462
 -0.20164462 -0.20164462 -0.20164462 -0.20164462 -0.20164462 -0.20164462
 -0.20164462 -0.20164462 -0.20164462 -0.20164462 -0.20164462 -0.20164462
 -0.20164462 -0.20164462 -0.20164462 -0.20164462]",[-0.0002696666965806005]
2,"[-0.11422421 -0.11422421 -0.11422421 -0.11422421 -0.11422421 -0.11422421
 -0.11422421 -0.11422421 -0.11422421 -0.11422421 -0.11422421 -0.11422421
 -0.11422421 -0.11422421 -0.11422421 -0.11422421 -0.11422421 -0.11422421
 -0.11422421 -0.11422421 -0.11422421 -0.11422421 -0.11422421 -0.11422421
 -0.11422421 -0.11422421 -0.11422421 -0.11422421 -0.11422421 -0.11422421
 -0.11422421 -0.11422421 -0.11422421 -0.11422421 -0.11422421 -0.11422421
 -0.11422421 -0.11422421 -0.11422421 -0.11422421 -0.11422421 -0.11422421
 -0.11422421 -0.11422421 -0.11422421 -0.11422421 -0.11422421 -0.11422421
 -0.11422421 -0.11422421 -0.11422421 -0.11422421 -0.11422421 -0.11422421
 -0.11422421 -0.11422421 -0.11422421 -0.11422421 -0.11422421 -0.11422421
 -0.11422421 -0.11422421 -0.11422421 -0.11422421 -0.11422421 -0.11422421
 -0.11422421 -0.11422421 -0.11422421 -0.11422421 -0.11422421 -0.11422421
 -0.11422421 -0.11422421 -0.11422421 -0.11422421 -0.11422421 -0.11422421
 -0.11422421 -0.11422421 -0.11422421 -0.11422421 -0.11422421  4.10142449
 -0.11422421 -0.11422421 -0.11422421 -0.11422421 -0.11422421 -0.11422421
 -0.11422421 -0.11422421 -0.11422421 -0.11422421 -0.11422421 -0.11422421
 -0.11422421 -0.11422421 -0.11422421 -0.11422421 -0.11422421 -0.11422421
 -0.11422421 -0.11422421 -0.11422421 -0.11422421 -0.11422421 -0.11422421
 -0.11422421 -0.11422421  9.50808255 -0.11422421 -0.11422421 -0.11422421
 -0.11422421 -0.11422421  0.67532428 -0.11422421 -0.11422421 -0.11422421
 -0.11422421 -0.11422421 -0.11422421 -0.11422421 -0.11422421 -0.11422421
 -0.11422421 -0.11422421 -0.11422421 -0.11422421 -0.11422421 -0.11422421
 -0.11422421 -0.11422421 -0.11422421 -0.11422421 -0.11422421 -0.11422421
 -0.11422421 -0.11422421 -0.11422421 -0.11422421 -0.11422421 -0.11422421
 -0.11422421 -0.11422421 -0.11422421 -0.11422421 -0.11422421 -0.11422421
 -0.11422421 -0.11422421 -0.11422421 -0.11422421 -0.11422421 -0.11422421
 -0.11422421 -0.11422421 -0.11422421 -0.11422421 -0.11422421 -0.11422421
 -0.11422421 -0.11422421 -0.11422421 -0.11422421 -0.11422421 -0.11422421
 -0.11422421 -0.11422421 -0.11422421 -0.11422421 -0.11422421 -0.11422421
 -0.11422421 -0.11422421 -0.11422421 -0.11422421 -0.11422421 -0.11422421
 -0.11422421 -0.11422421 -0.11422421 -0.11422421 -0.11422421 -0.11422421
 -0.11422421 -0.11422421 -0.11422421 -0.11422421 -0.11422421 -0.11422421
 -0.11422421 -0.11422421 -0.11422421 -0.11422421 -0.11422421 -0.11422421
 -0.11422421 -0.11422421 -0.11422421 -0.11422421 -0.11422421 -0.11422421
 -0.11422421 -0.11422421 -0.11422421 -0.11422421 -0.11422421 -0.11422421
  2.30840687 -0.11422421 -0.11422421 -0.11422421 -0.11422421 11.34994464
 -0.11422421 -0.11422421 -0.11422421 -0.11422421 -0.11422421 -0.11422421
 -0.11422421 -0.11422421 -0.11422421 -0.11422421 -0.11422421 -0.11422421
 -0.11422421 -0.11422421 -0.11422421 -0.11422421 -0.11422421 -0.11422421
 -0.11422421  0.21004231 -0.11422421 -0.11422421 -0.11422421 -0.11422421
 -0.11422421 -0.11422421 -0.11422421 -0.11422421 -0.11422421 -0.11422421
 -0.11422421 -0.11422421 -0.11422421 -0.11422421 -0.11422421 -0.11422421
 -0.11422421 -0.11422421 -0.11422421 -0.11422421 -0.11422421 -0.11422421
 -0.11422421 -0.11422421 -0.11422421 -0.11422421 -0.11422421 -0.11422421
 -0.11422421 -0.11422421 -0.11422421 -0.11422421 -0.11422421 -0.11422421
 -0.11422421 -0.11422421  0.50458875 -0.11422421 -0.11422421 -0.11422421
 -0.11422421 -0.11422421 -0.11422421 -0.11422421 -0.11422421 -0.11422421
 -0.11422421 -0.11422421 -0.11422421 -0.11422421 -0.11422421 -0.11422421
 -0.11422421 -0.11422421 -0.11422421 -0.11422421 -0.11422421 -0.11422421
 -0.11422421 -0.11422421 -0.11422421 -0.11422421 -0.11422421 -0.11422421
 -0.11422421 -0.11422421 -0.11422421 -0.11422421 -0.11422421 -0.11422421
 -0.11422421 -0.11422421 -0.11422421 -0.11422421 -0.11422421  2.85873263
 -0.11422421 -0.11422421 -0.11422421 -0.11422421 -0.11422421 -0.11422421
 -0.11422421 -0.11422421 -0.11422421 -0.11422421 -0.11422421 -0.11422421
 -0.11422421 -0.11422421 -0.11422421 -0.11422421 -0.11422421 -0.11422421
 -0.11422421 -0.11422421 -0.11422421 -0.11422421 -0.11422421 -0.11422421
 -0.11422421 -0.11422421 -0.11422421 -0.11422421 -0.11422421 -0.11422421
 -0.11422421 -0.11422421 -0.11422421 -0.11422421 -0.11422421 -0.11422421
 -0.11422421 -0.11422421 -0.11422421 -0.11422421 -0.11422421 -0.11422421
 -0.11422421 -0.11422421 -0.11422421 -0.11422421 -0.11422421 -0.11422421
 -0.11422421 -0.11422421 -0.11422421 -0.11422421 -0.11422421 -0.11422421
 -0.11422421 -0.11422421 -0.11422421 -0.11422421 -0.11422421 -0.11422421
 -0.11422421 -0.11422421 -0.11422421 -0.11422421 -0.11422421 -0.11422421
 -0.11422421 -0.11422421 -0.11422421 -0.11422421 -0.11422421 -0.11422421
 -0.11422421 -0.11422421 -0.11422421 -0.11422421 -0.11422421 -0.11422421
 -0.11422421 -0.11422421 -0.11422421 -0.11422421 -0.11422421 -0.11422421
 -0.11422421 -0.11422421 -0.11422421 -0.11422421 -0.11422421 -0.11422421
 -0.11422421 -0.11422421 -0.11422421 -0.11422421 -0.11422421 -0.11422421
 -0.11422421 -0.11422421 -0.11422421 -0.11422421 -0.11422421 -0.11422421
 -0.11422421 -0.11422421 -0.11422421 -0.11422421 -0.11422421 -0.11422421
 -0.11422421 -0.11422421 -0.11422421 -0.11422421 -0.11422421 -0.11422421
 -0.11422421 -0.11422421 -0.11422421 -0.11422421 -0.11422421 -0.11422421
 -0.11422421 -0.11422421 -0.11422421 -0.11422421 -0.11422421 -0.11422421
 -0.11422421 -0.11422421 -0.11422421 -0.11422421 -0.11422421 -0.11422421
 -0.11422421 -0.11422421 -0.11422421 -0.11422421 -0.11422421 -0.11422421
 -0.11422421 -0.11422421 -0.11422421 -0.11422421 -0.11422421 -0.11422421
 -0.11422421 -0.11422421 -0.11422421 -0.11422421 -0.11422421 -0.11422421
 -0.11422421 -0.11422421 13.01520521 -0.11422421 -0.11422421 -0.11422421
  7.53463755 -0.11422421 -0.11422421 -0.11422421 -0.11422421 -0.11422421
 -0.11422421 -0.11422421 -0.11422421 -0.11422421 -0.11422421 -0.11422421
 -0.11422421 -0.11422421 -0.11422421 -0.11422421 -0.11422421 -0.11422421
 -0.11422421  6.07373165 -0.11422421 -0.11422421 -0.11422421 -0.11422421
 -0.11422421 -0.11422421 -0.11422421 -0.11422421 -0.11422421 -0.11422421
 -0.11422421 -0.11422421 -0.11422421 -0.11422421 -0.11422421 -0.11422421
 -0.11422421 -0.11422421 -0.11422421 -0.11422421 -0.11422421 -0.11422421
 -0.11422421 -0.11422421 -0.11422421 -0.11422421 -0.11422421 -0.11422421
 -0.11422421 -0.11422421 -0.11422421 -0.11422421]",[-0.010470859804381949]
2,"[-0.16867602 -0.16867602 -0.16867602 -0.16867602 -0.16867602 -0.16867602
 -0.16867602 -0.16867602 -0.16867602 -0.16867602 -0.16867602 -0.16867602
 -0.16867602 -0.16867602 -0.16867602 -0.16867602 -0.16867602 -0.16867602
  5.50234552 -0.16867602 -0.16867602 -0.16867602 -0.16867602 -0.16867602
 -0.16867602 -0.16867602 -0.16867602 -0.16867602 -0.16867602 -0.16867602
 -0.16867602 -0.16867602 -0.16867602 -0.16867602 -0.16867602 -0.16867602
 -0.16867602 -0.16867602 -0.16867602 -0.16867602 -0.16867602 -0.16867602
 -0.16867602 -0.16867602 -0.16867602 -0.16867602 -0.16867602 -0.16867602
 -0.16867602 -0.16867602 -0.16867602 -0.16867602 -0.16867602 -0.16867602
 -0.16867602 -0.16867602 -0.16867602 -0.16867602  1.39229631 -0.16867602
 -0.16867602 -0.16867602 -0.16867602 -0.16867602 -0.16867602 -0.16867602
 -0.16867602 -0.16867602 -0.16867602 -0.16867602 -0.16867602 -0.16867602
 -0.16867602 -0.16867602 -0.16867602 -0.16867602 -0.16867602 -0.16867602
 -0.16867602 -0.16867602 -0.16867602 -0.16867602 -0.16867602  1.54741128
 -0.16867602 -0.16867602 -0.16867602 -0.16867602  1.56907298 -0.16867602
 -0.16867602 -0.16867602 -0.16867602 -0.16867602 -0.16867602 -0.16867602
 -0.16867602 -0.16867602 -0.16867602 -0.16867602 -0.16867602 -0.16867602
 -0.16867602 -0.16867602 -0.16867602 -0.16867602 -0.16867602 -0.16867602
 -0.16867602 -0.16867602 -0.16867602 -0.16867602 -0.16867602 -0.16867602
 -0.16867602 -0.16867602 -0.16867602 -0.16867602 -0.16867602 -0.16867602
 -0.16867602 -0.16867602 -0.16867602 -0.16867602 -0.16867602 -0.16867602
 -0.16867602 -0.16867602 -0.16867602 -0.16867602 -0.16867602 -0.16867602
 -0.16867602 -0.16867602 -0.16867602 -0.16867602 -0.16867602 -0.16867602
 -0.16867602 -0.16867602 -0.16867602 -0.16867602 -0.16867602 -0.16867602
 -0.16867602 -0.16867602 -0.16867602 -0.16867602 -0.16867602 -0.16867602
 -0.16867602 -0.16867602 -0.16867602 -0.16867602 -0.16867602 -0.16867602
 -0.16867602 -0.16867602 -0.16867602 -0.16867602 -0.16867602 -0.16867602
 -0.16867602 -0.16867602 -0.16867602 -0.16867602 -0.16867602 -0.16867602
 -0.16867602 -0.16867602 -0.16867602 -0.16867602 -0.16867602 -0.16867602
 -0.16867602 -0.16867602 -0.16867602 -0.16867602 -0.16867602 -0.16867602
 -0.16867602 -0.16867602 -0.16867602 -0.16867602 -0.16867602 -0.16867602
 -0.16867602 -0.16867602 -0.16867602 -0.16867602 -0.16867602 -0.16867602
 -0.16867602 -0.16867602 -0.16867602 -0.16867602 -0.16867602 -0.16867602
 -0.16867602 -0.16867602  3.17467407 -0.16867602 -0.16867602 -0.16867602
 -0.16867602 -0.16867602 -0.16867602 -0.16867602 -0.16867602 -0.16867602
  5.72671771 -0.16867602 -0.16867602 -0.16867602  2.3012869   5.35057989
 -0.16867602 -0.16867602 -0.16867602 -0.16867602 -0.16867602 -0.16867602
 -0.16867602 -0.16867602 -0.16867602 -0.16867602 -0.16867602 -0.16867602
 -0.16867602 -0.16867602 -0.16867602 -0.16867602 -0.16867602 -0.16867602
 -0.16867602 -0.16867602 -0.16867602 -0.16867602  0.40290426 -0.16867602
 -0.16867602 -0.16867602 -0.16867602 -0.16867602 -0.16867602 -0.16867602
 -0.16867602 -0.16867602 -0.16867602 -0.16867602 -0.16867602 -0.16867602
 -0.16867602 -0.16867602 -0.16867602  7.31083666 -0.16867602 -0.16867602
 -0.16867602 -0.16867602 -0.16867602  4.39872411 -0.16867602 -0.16867602
 -0.16867602 -0.16867602 -0.16867602 -0.16867602 -0.16867602 -0.16867602
 -0.16867602 -0.16867602  0.44624836 -0.16867602 -0.16867602 -0.16867602
 -0.16867602 -0.16867602 -0.16867602 -0.16867602  1.039611   -0.16867602
 -0.16867602 -0.16867602 -0.16867602 -0.16867602 -0.16867602  8.4239113
 -0.16867602 -0.16867602 -0.16867602 -0.16867602 -0.16867602 -0.16867602
 -0.16867602 -0.16867602 -0.16867602 -0.16867602 -0.16867602 -0.16867602
 -0.16867602 -0.16867602 -0.16867602 -0.16867602 -0.16867602 -0.16867602
  1.39229631 -0.16867602 -0.16867602 -0.16867602 -0.16867602  7.35455213
 -0.16867602  1.91453928 -0.16867602 -0.16867602 -0.16867602 -0.16867602
 -0.16867602 -0.16867602 -0.16867602 -0.16867602 -0.16867602 -0.16867602
 -0.16867602 -0.16867602 -0.16867602 -0.16867602 -0.16867602 -0.16867602
 -0.16867602 -0.16867602 -0.16867602 -0.16867602 -0.16867602 -0.16867602
 -0.16867602 -0.16867602 -0.16867602 -0.16867602 -0.16867602 -0.16867602
 -0.16867602 -0.16867602 -0.16867602 -0.16867602 -0.16867602 -0.16867602
 -0.16867602 -0.16867602 -0.16867602 -0.16867602 -0.16867602 -0.16867602
 -0.16867602 -0.16867602 -0.16867602 -0.16867602 -0.16867602 -0.16867602
 -0.16867602 -0.16867602 -0.16867602 -0.16867602 -0.16867602 -0.16867602
 -0.16867602 -0.16867602 -0.16867602 -0.16867602 -0.16867602 -0.16867602
 -0.16867602 -0.16867602 -0.16867602 -0.16867602 -0.16867602 -0.16867602
 -0.16867602 -0.16867602 -0.16867602 -0.16867602 -0.16867602 -0.16867602
 -0.16867602 -0.16867602 -0.16867602 -0.16867602 -0.16867602 -0.16867602
 -0.16867602 -0.16867602 -0.16867602 -0.16867602 -0.16867602 -0.16867602
 -0.16867602 -0.16867602 -0.16867602 -0.16867602 -0.16867602 -0.16867602
 -0.16867602 -0.16867602 -0.16867602 -0.16867602 -0.16867602 -0.16867602
 -0.16867602 -0.16867602 -0.16867602 -0.16867602 -0.16867602 -0.16867602
 -0.16867602 -0.16867602 -0.16867602 -0.16867602 -0.16867602 -0.16867602
 -0.16867602 -0.16867602 -0.16867602 -0.16867602 -0.16867602 -0.16867602
 -0.16867602 -0.16867602 -0.16867602 -0.16867602 -0.16867602 -0.16867602
 -0.16867602 -0.16867602 -0.16867602 -0.16867602 -0.16867602 -0.16867602
 -0.16867602 -0.16867602 -0.16867602 -0.16867602 -0.16867602 -0.16867602
 -0.16867602 -0.16867602 -0.16867602 -0.16867602 -0.16867602 -0.16867602
 -0.16867602 -0.16867602 -0.16867602 -0.16867602 -0.16867602 -0.16867602
 -0.16867602 -0.16867602 -0.16867602 -0.16867602 -0.16867602 -0.16867602
 -0.16867602 -0.16867602  5.44175943 -0.16867602 -0.16867602 -0.16867602
 10.32397907 -0.16867602 -0.16867602 -0.16867602  6.69069293 -0.16867602
 -0.16867602 -0.16867602 -0.16867602 -0.16867602 -0.16867602 -0.16867602
 -0.16867602 -0.16867602 -0.16867602 -0.16867602 -0.16867602 -0.16867602
 -0.16867602  2.46489555 -0.16867602 -0.16867602 -0.16867602 -0.16867602
 -0.16867602 -0.16867602 -0.16867602 -0.16867602 -0.16867602 -0.16867602
 -0.16867602 -0.16867602 -0.16867602 -0.16867602 -0.16867602 -0.16867602
 -0.16867602 -0.16867602 -0.16867602 -0.16867602 -0.16867602 -0.16867602
 -0.16867602 -0.16867602 -0.16867602 -0.16867602 -0.16867602 -0.16867602
 -0.16867602 -0.16867602 -0.16867602 -0.16867602]",[-0.04054102834023404]
2,"[-0.20098507 -0.20098507 -0.20098507 -0.20098507 -0.02506531 -0.20098507
 -0.20098507 -0.20098507 -0.20098507 -0.20098507 -0.20098507 -0.20098507
 -0.20098507 -0.20098507 -0.20098507 -0.20098507 -0.20098507 -0.20098507
 -0.20098507 -0.20098507 -0.20098507 -0.20098507 -0.20098507 -0.20098507
 -0.20098507 -0.20098507 -0.20098507 -0.20098507 -0.20098507 -0.20098507
 -0.20098507 -0.20098507 -0.20098507 -0.20098507 -0.20098507 -0.20098507
 -0.20098507 -0.20098507 -0.20098507 -0.20098507 -0.20098507 -0.20098507
 -0.20098507 -0.20098507 -0.20098507 -0.20098507 -0.20098507 -0.20098507
 -0.20098507 -0.20098507 -0.20098507 -0.20098507 -0.20098507 -0.20098507
 -0.20098507 -0.20098507 -0.20098507 -0.20098507  7.10866728 -0.20098507
 -0.20098507 -0.20098507 -0.20098507 -0.20098507 -0.20098507 -0.20098507
 -0.20098507 -0.20098507 -0.20098507 -0.20098507 -0.20098507 -0.20098507
 -0.20098507 -0.20098507 -0.20098507 -0.20098507 -0.20098507 -0.20098507
 -0.20098507 -0.20098507 -0.20098507 -0.20098507 -0.20098507  6.19952
 -0.20098507 -0.20098507 -0.20098507 -0.20098507 -0.20098507 -0.20098507
 -0.20098507 -0.20098507 -0.20098507 -0.20098507 -0.20098507 -0.20098507
 -0.20098507 -0.20098507 -0.20098507 -0.20098507 -0.20098507 -0.20098507
 -0.20098507 -0.20098507 -0.20098507 -0.20098507 -0.20098507 -0.20098507
 -0.20098507 -0.20098507  0.46586396 -0.20098507 -0.20098507 -0.20098507
 -0.20098507 -0.20098507 -0.20098507 -0.20098507 -0.20098507 -0.20098507
 -0.20098507 -0.20098507 -0.20098507 -0.20098507 -0.20098507 -0.20098507
 -0.20098507 -0.20098507 -0.20098507 -0.20098507 -0.20098507 -0.20098507
 -0.20098507  2.03965995 -0.20098507  0.91933744 -0.20098507 -0.20098507
 -0.20098507 -0.20098507 -0.20098507 -0.20098507 -0.20098507 -0.20098507
 -0.20098507 -0.20098507 -0.20098507 -0.20098507 -0.20098507 -0.20098507
 -0.20098507 -0.20098507 -0.20098507 -0.20098507 -0.20098507 -0.20098507
 -0.20098507 -0.20098507 -0.20098507 -0.20098507 -0.20098507 -0.20098507
 -0.20098507 -0.20098507 -0.20098507 -0.20098507 -0.20098507 -0.20098507
 -0.20098507 -0.20098507 -0.20098507 -0.20098507 -0.20098507  3.99112581
 -0.20098507 -0.20098507 -0.20098507 -0.20098507 -0.20098507 -0.20098507
 -0.20098507 -0.20098507 -0.20098507 -0.20098507 -0.20098507 -0.20098507
  4.10937723 -0.20098507 -0.20098507 -0.20098507  5.07167542 -0.20098507
 -0.20098507 -0.20098507  7.7972697  -0.20098507 -0.20098507 -0.20098507
  3.45334956 -0.20098507 -0.20098507 -0.20098507 -0.20098507 -0.20098507
 -0.20098507 -0.20098507 -0.20098507 -0.20098507 -0.20098507 -0.20098507
  7.75665752 -0.20098507 -0.12964399 -0.20098507 -0.20098507  0.64408381
 -0.20098507 -0.20098507 -0.20098507  1.21270454 -0.20098507 -0.20098507
 -0.20098507 -0.20098507 -0.20098507 -0.20098507 -0.20098507 -0.20098507
  2.2442962  -0.20098507 -0.20098507 -0.20098507 -0.20098507 -0.20098507
 -0.20098507  1.72352445 -0.20098507 -0.20098507 -0.20098507 -0.20098507
 -0.20098507 -0.20098507 -0.20098507 -0.20098507 -0.20098507 -0.20098507
 -0.20098507 -0.20098507 -0.20098507 -0.20098507 -0.20098507  1.14069147
 -0.20098507 -0.20098507 -0.20098507  1.68954184 -0.20098507 -0.20098507
 -0.20098507 -0.20098507 -0.20098507 -0.20098507 -0.20098507 -0.20098507
 -0.20098507 -0.20098507 -0.20098507 -0.20098507 -0.20098507 -0.20098507
 -0.20098507 -0.20098507 -0.20098507 -0.20098507 -0.20098507 -0.20098507
 -0.20098507 -0.20098507 -0.20098507 -0.20098507 -0.20098507 -0.20098507
 -0.20098507 -0.20098507 -0.20098507 -0.20098507 -0.20098507 -0.20098507
 -0.20098507 -0.20098507 -0.20098507 -0.20098507 -0.20098507 -0.20098507
 -0.20098507 -0.20098507 -0.20098507 -0.20098507 -0.20098507 -0.20098507
 -0.20098507 -0.20098507 -0.20098507 -0.20098507 -0.20098507 -0.20098507
 -0.20098507 -0.20098507 -0.20098507 -0.20098507 -0.20098507  2.44660489
 -0.20098507 -0.20098507 -0.20098507 -0.20098507 -0.20098507 -0.20098507
 -0.20098507 -0.20098507 -0.20098507 -0.20098507 -0.20098507 -0.20098507
 -0.20098507  0.62597034 -0.20098507 -0.20098507 -0.20098507 -0.20098507
 -0.20098507 -0.20098507 -0.20098507 -0.20098507 -0.20098507 -0.20098507
 -0.20098507 -0.20098507 -0.20098507 -0.20098507 -0.20098507 -0.20098507
 -0.20098507 -0.20098507 -0.20098507 -0.20098507 -0.20098507 -0.20098507
 -0.20098507  0.70385257 -0.20098507 -0.20098507 -0.20098507 -0.20098507
 -0.20098507 -0.20098507  5.94272868 -0.20098507 -0.20098507 -0.20098507
 -0.20098507 -0.20098507 -0.20098507 -0.20098507 -0.20098507 -0.20098507
 -0.20098507 -0.20098507 -0.20098507 -0.20098507 -0.20098507 -0.20098507
 -0.20098507 -0.20098507 -0.20098507 -0.20098507 -0.20098507 -0.20098507
 -0.20098507 -0.20098507 -0.20098507 -0.20098507 -0.20098507  1.87614869
 -0.20098507 -0.20098507 -0.20098507 -0.20098507 -0.20098507  3.30086286
 -0.20098507 -0.20098507 -0.20098507 -0.20098507 -0.20098507 -0.20098507
 -0.20098507 -0.20098507  3.80853931 -0.20098507 -0.20098507 -0.20098507
 -0.20098507 -0.20098507 -0.20098507 -0.20098507 -0.20098507 -0.20098507
 -0.20098507 -0.20098507 -0.20098507 -0.20098507 -0.20098507 -0.20098507
 -0.20098507 -0.20098507 -0.20098507 -0.20098507 -0.20098507 -0.20098507
 -0.20098507 -0.20098507 -0.20098507 -0.20098507 -0.20098507 -0.20098507
 -0.20098507 -0.20098507 -0.20098507 -0.20098507 -0.20098507 -0.20098507
 -0.20098507 -0.20098507 -0.20098507 -0.20098507 -0.20098507 -0.20098507
 -0.20098507 -0.20098507 -0.20098507 -0.20098507 -0.20098507 -0.20098507
 -0.20098507 -0.20098507 -0.20098507 -0.20098507 -0.20098507 -0.20098507
  1.25803474 -0.20098507 -0.20098507 -0.20098507 -0.20098507 -0.20098507
 -0.20098507 -0.20098507 -0.20098507 -0.20098507 -0.20098507 -0.20098507
 -0.20098507 -0.20098507  2.37465575 -0.20098507 -0.20098507 -0.20098507
 -0.20098507 -0.20098507 -0.20098507 -0.20098507 -0.20098507 -0.20098507
 -0.20098507 -0.20098507 -0.20098507 -0.20098507 -0.20098507 -0.20098507
 -0.20098507 -0.20098507 -0.20098507 -0.20098507 -0.20098507 -0.20098507
 -0.20098507 -0.20098507 -0.20098507 -0.20098507 -0.20098507  7.25481871
 -0.20098507 -0.20098507 -0.20098507 -0.20098507 -0.20098507  7.37293053
 -0.20098507 -0.20098507 -0.20098507 -0.20098507 -0.20098507 -0.20098507
  3.90391359 -0.20098507 -0.20098507 -0.20098507 -0.20098507 -0.20098507
 -0.20098507 -0.20098507 -0.20098507 -0.20098507 -0.20098507 -0.20098507
 -0.20098507 -0.20098507 -0.20098507 -0.20098507]",[0.08717231804328132]
2,"[-1.92110667e-01 -1.92110667e-01 -1.92110667e-01 -1.92110667e-01
 -1.92110667e-01 -1.92110667e-01 -1.92110667e-01 -1.92110667e-01
 -1.92110667e-01 -1.92110667e-01 -1.92110667e-01 -1.92110667e-01
 -1.92110667e-01 -1.92110667e-01 -1.92110667e-01 -1.92110667e-01
 -1.92110667e-01 -1.92110667e-01 -1.92110667e-01 -1.92110667e-01
 -1.92110667e-01 -1.92110667e-01 -1.92110667e-01 -1.92110667e-01
 -1.92110667e-01 -1.92110667e-01 -1.92110667e-01 -1.92110667e-01
 -1.92110667e-01 -1.92110667e-01 -1.92110667e-01 -1.92110667e-01
 -1.92110667e-01 -1.92110667e-01 -1.92110667e-01 -1.92110667e-01
 -1.92110667e-01 -1.92110667e-01 -1.92110667e-01 -1.92110667e-01
 -1.92110667e-01 -1.92110667e-01 -1.92110667e-01 -1.92110667e-01
 -1.92110667e-01 -1.92110667e-01 -1.92110667e-01 -1.92110667e-01
 -1.92110667e-01 -1.92110667e-01 -1.92110667e-01 -1.92110667e-01
 -1.92110667e-01 -1.92110667e-01 -1.92110667e-01 -1.92110667e-01
 -1.92110667e-01 -1.92110667e-01  1.79884600e+00 -1.92110667e-01
 -1.92110667e-01 -1.92110667e-01 -1.92110667e-01 -1.92110667e-01
 -1.92110667e-01 -1.92110667e-01 -1.92110667e-01 -1.92110667e-01
 -1.92110667e-01 -1.92110667e-01 -1.92110667e-01 -1.92110667e-01
 -1.92110667e-01 -1.92110667e-01 -1.92110667e-01 -1.92110667e-01
 -1.92110667e-01 -1.92110667e-01 -1.92110667e-01 -1.92110667e-01
 -1.92110667e-01 -1.92110667e-01 -1.92110667e-01  8.23835398e+00
 -1.92110667e-01 -1.92110667e-01 -1.92110667e-01 -1.92110667e-01
 -1.92110667e-01  5.41131919e+00 -1.92110667e-01  5.66019259e+00
  1.41421256e+00 -1.92110667e-01  1.41421256e+00  2.31884514e+00
 -1.92110667e-01 -1.92110667e-01 -1.92110667e-01 -1.92110667e-01
 -1.92110667e-01 -1.92110667e-01 -1.92110667e-01 -1.92110667e-01
 -1.92110667e-01 -1.92110667e-01 -1.92110667e-01 -1.92110667e-01
 -1.92110667e-01 -1.92110667e-01  6.67892651e+00 -1.92110667e-01
 -1.92110667e-01 -1.92110667e-01 -1.92110667e-01  5.47452083e+00
  6.55069590e+00 -1.92110667e-01 -1.92110667e-01 -1.92110667e-01
 -1.92110667e-01 -1.92110667e-01 -1.92110667e-01 -1.92110667e-01
  4.59168281e+00 -1.92110667e-01 -1.92110667e-01 -1.92110667e-01
 -1.92110667e-01 -1.92110667e-01 -1.92110667e-01 -1.92110667e-01
 -1.92110667e-01 -1.92110667e-01 -1.92110667e-01 -1.92110667e-01
 -1.92110667e-01 -1.92110667e-01 -1.92110667e-01 -1.92110667e-01
 -1.92110667e-01 -1.92110667e-01 -1.92110667e-01 -1.92110667e-01
 -1.92110667e-01 -1.92110667e-01 -1.92110667e-01 -1.92110667e-01
 -1.92110667e-01 -1.92110667e-01 -1.92110667e-01 -1.92110667e-01
 -1.92110667e-01 -1.92110667e-01 -1.92110667e-01 -1.92110667e-01
 -1.92110667e-01 -1.92110667e-01 -1.92110667e-01 -1.92110667e-01
 -1.92110667e-01 -1.92110667e-01 -1.92110667e-01 -1.92110667e-01
 -1.92110667e-01 -1.92110667e-01 -1.92110667e-01 -1.92110667e-01
 -1.92110667e-01 -1.92110667e-01 -1.92110667e-01 -1.92110667e-01
 -1.92110667e-01 -1.92110667e-01 -1.92110667e-01 -1.92110667e-01
 -1.92110667e-01 -1.92110667e-01 -1.92110667e-01 -1.92110667e-01
 -1.92110667e-01 -1.92110667e-01 -1.92110667e-01 -1.92110667e-01
 -1.92110667e-01 -1.92110667e-01 -1.92110667e-01 -1.92110667e-01
 -1.92110667e-01 -1.92110667e-01 -1.92110667e-01 -1.92110667e-01
 -1.92110667e-01 -1.92110667e-01 -1.92110667e-01 -1.92110667e-01
 -1.92110667e-01 -1.92110667e-01 -1.92110667e-01 -1.92110667e-01
  3.92032764e+00 -1.92110667e-01 -1.92110667e-01 -1.92110667e-01
 -1.92110667e-01 -1.92110667e-01 -1.92110667e-01 -1.92110667e-01
 -1.92110667e-01 -1.92110667e-01 -1.92110667e-01 -1.92110667e-01
 -1.92110667e-01 -1.92110667e-01 -1.92110667e-01  7.34499033e-01
 -1.92110667e-01 -1.92110667e-01  3.00710499e-01 -1.92110667e-01
 -1.92110667e-01 -1.92110667e-01 -1.92110667e-01  1.78523852e+00
 -1.92110667e-01 -1.92110667e-01 -1.92110667e-01 -1.92110667e-01
 -1.92110667e-01 -1.92110667e-01 -1.92110667e-01 -1.92110667e-01
 -1.92110667e-01 -1.92110667e-01 -1.92110667e-01 -3.16219767e-03
 -1.92110667e-01 -1.92110667e-01 -1.92110667e-01 -1.92110667e-01
  1.35282610e-01 -1.92110667e-01 -1.92110667e-01 -1.92110667e-01
 -1.92110667e-01 -1.92110667e-01 -1.92110667e-01 -1.92110667e-01
 -1.92110667e-01 -1.92110667e-01 -1.92110667e-01 -1.92110667e-01
 -1.92110667e-01 -1.92110667e-01 -1.92110667e-01 -1.92110667e-01
 -1.92110667e-01 -1.92110667e-01 -1.92110667e-01 -1.92110667e-01
 -1.92110667e-01 -1.92110667e-01 -1.92110667e-01 -1.92110667e-01
 -1.92110667e-01 -1.92110667e-01 -1.92110667e-01 -1.92110667e-01
 -1.92110667e-01 -1.92110667e-01 -1.92110667e-01 -1.92110667e-01
 -1.92110667e-01 -1.92110667e-01 -1.92110667e-01 -1.92110667e-01
 -1.92110667e-01 -1.92110667e-01 -1.92110667e-01 -1.92110667e-01
 -1.92110667e-01 -1.92110667e-01 -1.92110667e-01  1.99661131e+00
 -1.92110667e-01 -1.92110667e-01 -1.92110667e-01  8.07463375e-01
 -1.92110667e-01 -1.92110667e-01 -1.92110667e-01 -1.92110667e-01
 -1.92110667e-01 -1.92110667e-01 -1.92110667e-01 -1.92110667e-01
 -1.92110667e-01 -1.92110667e-01 -1.92110667e-01  5.13859326e+00
 -1.92110667e-01 -1.92110667e-01 -1.92110667e-01 -1.92110667e-01
  1.95523725e+00 -1.92110667e-01  6.70162766e+00  5.97559494e+00
 -1.92110667e-01 -1.92110667e-01 -1.92110667e-01 -1.92110667e-01
 -1.92110667e-01 -1.92110667e-01 -1.92110667e-01 -1.92110667e-01
 -1.92110667e-01 -1.92110667e-01 -1.92110667e-01 -1.92110667e-01
 -1.92110667e-01 -1.92110667e-01 -1.92110667e-01 -1.92110667e-01
 -1.92110667e-01 -1.92110667e-01 -1.92110667e-01 -1.92110667e-01
 -1.92110667e-01 -1.92110667e-01 -1.92110667e-01 -1.92110667e-01
 -1.92110667e-01 -1.92110667e-01 -1.92110667e-01 -1.92110667e-01
 -1.92110667e-01 -1.92110667e-01 -1.92110667e-01 -1.92110667e-01
 -1.92110667e-01 -1.92110667e-01 -1.92110667e-01 -1.92110667e-01
 -1.92110667e-01 -1.92110667e-01 -1.92110667e-01 -1.92110667e-01
 -1.92110667e-01 -1.92110667e-01 -1.92110667e-01 -1.92110667e-01
 -1.92110667e-01 -1.92110667e-01 -1.92110667e-01 -1.92110667e-01
 -1.92110667e-01 -1.92110667e-01 -1.92110667e-01 -1.92110667e-01
 -1.92110667e-01 -1.92110667e-01 -1.92110667e-01 -1.92110667e-01
 -1.92110667e-01 -1.92110667e-01 -1.92110667e-01 -1.92110667e-01
 -1.92110667e-01 -1.92110667e-01 -1.92110667e-01 -1.92110667e-01
 -1.92110667e-01 -1.92110667e-01 -1.92110667e-01 -1.92110667e-01
 -1.92110667e-01 -1.92110667e-01 -1.92110667e-01 -1.92110667e-01
 -1.92110667e-01 -1.92110667e-01 -1.92110667e-01 -1.92110667e-01
 -1.92110667e-01 -1.92110667e-01 -1.92110667e-01 -1.92110667e-01
 -1.92110667e-01 -1.92110667e-01 -1.92110667e-01 -1.92110667e-01
 -1.92110667e-01 -1.92110667e-01 -1.92110667e-01 -1.92110667e-01
 -1.92110667e-01 -1.92110667e-01 -1.92110667e-01 -1.92110667e-01
 -1.92110667e-01 -1.92110667e-01 -1.92110667e-01 -1.92110667e-01
 -1.92110667e-01 -1.92110667e-01 -1.92110667e-01 -1.92110667e-01
 -1.92110667e-01 -1.92110667e-01 -1.92110667e-01 -1.92110667e-01
 -1.92110667e-01 -1.92110667e-01 -1.92110667e-01 -1.92110667e-01
 -1.92110667e-01 -1.92110667e-01 -1.92110667e-01 -1.92110667e-01
 -1.92110667e-01 -1.92110667e-01 -1.92110667e-01 -1.92110667e-01
 -1.92110667e-01 -1.92110667e-01 -1.92110667e-01 -1.92110667e-01
 -1.92110667e-01 -1.92110667e-01 -1.92110667e-01 -1.92110667e-01
 -1.92110667e-01 -1.92110667e-01 -1.92110667e-01 -1.92110667e-01
 -1.92110667e-01 -1.92110667e-01 -1.92110667e-01 -1.92110667e-01
 -1.92110667e-01 -1.92110667e-01 -1.92110667e-01 -1.92110667e-01
  5.19821094e+00 -1.92110667e-01 -1.92110667e-01 -1.92110667e-01
 -1.92110667e-01 -1.92110667e-01 -1.92110667e-01 -1.92110667e-01
 -1.92110667e-01 -1.92110667e-01 -1.92110667e-01 -1.92110667e-01
 -1.92110667e-01 -1.92110667e-01 -1.92110667e-01 -1.92110667e-01
 -1.92110667e-01 -1.92110667e-01 -1.92110667e-01 -1.92110667e-01
  6.44428033e+00 -1.92110667e-01 -1.92110667e-01 -1.92110667e-01
  4.26034623e+00 -1.92110667e-01 -1.92110667e-01 -1.92110667e-01
 -1.92110667e-01 -1.92110667e-01 -1.92110667e-01 -1.92110667e-01
 -1.92110667e-01 -1.92110667e-01 -1.92110667e-01 -1.92110667e-01
 -1.92110667e-01 -1.92110667e-01 -1.92110667e-01 -1.92110667e-01
 -1.92110667e-01 -1.92110667e-01 -1.92110667e-01 -1.92110667e-01
 -1.92110667e-01 -1.92110667e-01 -1.92110667e-01 -1.92110667e-01
 -1.92110667e-01 -1.92110667e-01 -1.92110667e-01 -1.92110667e-01
 -1.92110667e-01 -1.92110667e-01 -1.92110667e-01 -1.92110667e-01
 -1.92110667e-01 -1.92110667e-01 -1.92110667e-01 -1.92110667e-01
 -1.92110667e-01 -1.92110667e-01 -1.92110667e-01 -1.92110667e-01
 -1.92110667e-01 -1.92110667e-01 -1.92110667e-01 -1.92110667e-01
 -1.92110667e-01 -1.92110667e-01 -1.92110667e-01 -1.92110667e-01
 -1.92110667e-01 -1.92110667e-01 -1.92110667e-01 -1.92110667e-01]",[0.012880124883449723]
2,"[-0.18586406 -0.18586406 -0.18586406 -0.18586406  0.06690207 -0.18586406
 -0.18586406 -0.18586406 -0.18586406 -0.18586406 -0.18586406 -0.18586406
 -0.18586406 -0.18586406 -0.18586406 -0.18586406 -0.18586406 -0.18586406
 -0.18586406  4.61256455  6.25558548  5.20201007 -0.18586406 -0.18586406
 -0.18586406 -0.18586406 -0.18586406  1.17557573 -0.18586406 -0.18586406
 -0.18586406 -0.18586406 -0.18586406 -0.18586406 -0.18586406 -0.18586406
 -0.18586406 -0.18586406 -0.18586406 -0.18586406 -0.18586406 -0.18586406
 -0.18586406 -0.18586406 -0.18586406 -0.18586406 -0.18586406 -0.18586406
 -0.18586406 -0.18586406 -0.18586406 -0.18586406 -0.18586406 -0.18586406
 -0.18586406 -0.18586406 -0.18586406 -0.18586406 -0.18586406 -0.18586406
 -0.18586406 -0.18586406 -0.18586406 -0.18586406 -0.18586406 -0.18586406
 -0.18586406 -0.18586406 -0.18586406 -0.18586406 -0.18586406 -0.18586406
 -0.18586406 -0.18586406 -0.18586406 -0.18586406 -0.18586406 -0.18586406
 -0.18586406 -0.18586406 -0.18586406 -0.18586406 -0.18586406 -0.18586406
 -0.18586406 -0.18586406 -0.18586406 -0.18586406 -0.18586406 -0.18586406
 -0.18586406 -0.18586406 -0.18586406 -0.18586406 -0.18586406 -0.18586406
 -0.18586406 -0.18586406 -0.18586406 -0.18586406 -0.18586406 -0.18586406
 -0.18586406 -0.18586406 -0.18586406 -0.18586406  1.85592999 -0.18586406
 -0.18586406 -0.18586406 -0.18586406 -0.18586406 -0.18586406 -0.18586406
 -0.18586406 -0.18586406 -0.18586406 -0.18586406  8.28686607 -0.18586406
 -0.18586406 -0.18586406 -0.18586406  6.75590304 -0.18586406 -0.18586406
 -0.18586406 -0.18586406 -0.18586406 -0.18586406 -0.18586406 -0.18586406
 -0.18586406 -0.18586406 -0.18586406 -0.18586406 -0.18586406 -0.18586406
 -0.18586406 -0.18586406 -0.18586406 -0.18586406 -0.18586406 -0.18586406
 -0.18586406 -0.18586406 -0.18586406 -0.18586406 -0.18586406 -0.18586406
 -0.18586406 -0.18586406 -0.18586406 -0.18586406 -0.18586406 -0.18586406
 -0.18586406 -0.18586406 -0.18586406 -0.18586406 -0.18586406 -0.18586406
 -0.18586406  2.89622143 -0.18586406 -0.18586406 -0.18586406 -0.18586406
 -0.18586406 -0.18586406 -0.18586406 -0.18586406 -0.18586406 -0.18586406
 -0.18586406 -0.18586406 -0.18586406 -0.18586406 -0.18586406 -0.18586406
 -0.18586406 -0.18586406 -0.18586406 -0.18586406 -0.18586406 -0.18586406
  1.34301698 -0.18586406 -0.18586406 -0.18586406 -0.18586406 -0.18586406
 -0.18586406 -0.18586406 -0.18586406 -0.18586406 -0.18586406 -0.18586406
 -0.18586406 -0.18586406 -0.18586406 -0.18586406 -0.18586406 -0.18586406
 -0.18586406 -0.18586406 -0.18586406 -0.18586406 -0.18586406 -0.18586406
 -0.18586406 -0.18586406  4.57827379 -0.18586406 -0.18586406 -0.18586406
 -0.18586406 -0.18586406  4.80410489  1.77830568  5.13889325 -0.18586406
 -0.18586406  7.2533629  -0.18586406 -0.18586406 -0.18586406 -0.18586406
 -0.18586406 -0.18586406 -0.18586406  4.23498119 -0.18586406 -0.18586406
  1.60366437 -0.18586406 -0.18586406 -0.18586406 -0.18586406 -0.18586406
 -0.18586406 -0.18586406 -0.18586406 -0.18586406 -0.18586406  3.31875465
 -0.18586406 -0.18586406 -0.18586406 -0.18586406 -0.18586406 -0.18586406
 -0.18586406 -0.18586406 -0.18586406 -0.18586406 -0.18586406 -0.18586406
 -0.18586406  2.74054478 -0.18586406 -0.18586406 -0.18586406 -0.18586406
 -0.18586406 -0.18586406 -0.18586406 -0.18586406 -0.18586406 -0.18586406
 -0.18586406 -0.18586406 -0.18586406 -0.18586406 -0.18586406 -0.18586406
 -0.18586406 -0.18586406 -0.18586406 -0.18586406 -0.18586406 -0.18586406
 -0.18586406 -0.18586406 -0.18586406 -0.18586406 -0.18586406 -0.18586406
 -0.18586406 -0.18586406 -0.18586406 -0.18586406 -0.18586406 -0.18586406
 -0.18586406 -0.18586406 -0.18586406 -0.18586406 -0.18586406 -0.18586406
 -0.18586406 -0.18586406 -0.18586406 -0.18586406  6.53611377 -0.18586406
 -0.18586406 -0.18586406 -0.18586406 -0.18586406 -0.18586406 -0.18586406
 -0.18586406  4.5554113  -0.18586406 -0.18586406 -0.18586406 -0.18586406
 -0.18586406 -0.18586406 -0.18586406 -0.18586406 -0.18586406 -0.18586406
 -0.18586406 -0.18586406 -0.18586406 -0.18586406 -0.18586406 -0.18586406
 -0.18586406 -0.18586406 -0.18586406 -0.18586406 -0.18586406 -0.18586406
 -0.18586406 -0.18586406 -0.18586406 -0.18586406 -0.18586406 -0.18586406
 -0.18586406 -0.18586406 -0.18586406 -0.18586406 -0.18586406 -0.18586406
 -0.18586406 -0.18586406 -0.18586406 -0.18586406 -0.18586406 -0.18586406
 -0.18586406 -0.18586406 -0.18586406 -0.18586406 -0.18586406 -0.18586406
 -0.18586406 -0.18586406 -0.18586406 -0.18586406 -0.18586406 -0.18586406
 -0.18586406 -0.18586406 -0.18586406 -0.18586406 -0.18586406 -0.18586406
 -0.18586406 -0.18586406 -0.18586406 -0.18586406 -0.18586406 -0.18586406
 -0.18586406 -0.18586406 -0.18586406 -0.18586406 -0.18586406 -0.18586406
 -0.18586406 -0.18586406 -0.18586406 -0.18586406 -0.18586406 -0.18586406
 -0.18586406 -0.18586406 -0.18586406 -0.18586406 -0.18586406 -0.18586406
 -0.18586406 -0.18586406 -0.18586406 -0.18586406 -0.18586406 -0.18586406
 -0.18586406 -0.18586406 -0.18586406 -0.18586406 -0.18586406 -0.18586406
 -0.18586406 -0.18586406 -0.18586406 -0.18586406 -0.18586406 -0.18586406
 -0.18586406 -0.18586406 -0.18586406 -0.18586406 -0.18586406 -0.18586406
 -0.18586406 -0.18586406 -0.18586406 -0.18586406 -0.18586406 -0.18586406
 -0.18586406 -0.18586406 -0.18586406 -0.18586406 -0.18586406 -0.18586406
 -0.18586406 -0.18586406 -0.18586406 -0.18586406 -0.18586406 -0.18586406
 -0.18586406 -0.18586406 -0.18586406 -0.18586406 -0.18586406 -0.18586406
 -0.18586406 -0.18586406 -0.18586406 -0.18586406 -0.18586406 -0.18586406
  7.5673176  -0.18586406 -0.18586406 -0.18586406 -0.18586406 -0.18586406
 -0.18586406 -0.18586406 -0.18586406 -0.18586406 -0.18586406 -0.18586406
 -0.18586406 -0.18586406 -0.18586406 -0.18586406 -0.18586406 -0.18586406
 -0.18586406 -0.18586406 -0.18586406 -0.18586406 -0.18586406 -0.18586406
 -0.18586406 -0.18586406 -0.18586406 -0.18586406 -0.18586406 -0.18586406
 -0.18586406 -0.18586406 -0.18586406 -0.18586406 -0.18586406 -0.18586406
 -0.18586406 -0.18586406 -0.18586406 -0.18586406 -0.18586406 -0.18586406
 -0.18586406 -0.18586406 -0.18586406 -0.18586406 -0.18586406 -0.18586406
 -0.18586406 -0.18586406 -0.18586406 -0.18586406 -0.18586406 -0.18586406
 -0.18586406 -0.18586406 -0.18586406 -0.18586406 -0.18586406 -0.18586406
 -0.18586406 -0.18586406 -0.18586406 -0.18586406 -0.18586406 -0.18586406
 -0.18586406 -0.18586406 -0.18586406 -0.18586406]",[0.021742488449269598]
2,"[-0.17029316 -0.17029316 -0.17029316 -0.17029316 -0.10116454 -0.17029316
 -0.17029316 -0.17029316 -0.17029316 -0.17029316 -0.17029316 -0.17029316
 -0.17029316 -0.17029316 -0.17029316 -0.17029316 -0.17029316 -0.17029316
  1.94747386 -0.17029316 -0.17029316 -0.17029316 -0.17029316 -0.17029316
 -0.17029316 -0.17029316 -0.17029316 -0.17029316 -0.17029316 -0.17029316
 -0.17029316 -0.17029316 -0.17029316 -0.17029316 -0.17029316 -0.17029316
 -0.17029316 -0.17029316 -0.17029316 -0.17029316 -0.17029316 -0.17029316
 -0.17029316 -0.17029316 -0.17029316 -0.17029316 -0.17029316 -0.17029316
 -0.17029316 -0.17029316 -0.17029316 -0.17029316 -0.17029316 -0.17029316
 -0.17029316 -0.17029316 -0.17029316 -0.17029316 -0.17029316 -0.17029316
 -0.17029316 -0.17029316 -0.17029316 -0.17029316 -0.17029316 -0.17029316
 -0.17029316 -0.17029316 -0.17029316 -0.17029316 -0.17029316 -0.17029316
 -0.17029316 -0.17029316 -0.17029316 -0.17029316 -0.17029316 -0.17029316
 -0.17029316 -0.17029316 -0.17029316 -0.17029316 -0.17029316 10.35241755
 -0.17029316 -0.17029316 -0.17029316 -0.17029316  3.09096736 -0.17029316
 -0.17029316 -0.17029316 -0.17029316 -0.17029316 -0.17029316 -0.17029316
 -0.17029316 -0.17029316 -0.17029316 -0.17029316 -0.17029316 -0.17029316
 -0.17029316 -0.17029316 -0.17029316 -0.17029316 -0.17029316 -0.17029316
 -0.17029316 -0.17029316  0.57234698 -0.17029316 -0.17029316 -0.17029316
 -0.17029316 -0.17029316 -0.17029316 -0.17029316 -0.17029316 -0.17029316
 -0.17029316 -0.17029316 -0.17029316 -0.17029316 -0.17029316 -0.17029316
 -0.17029316 -0.17029316 -0.17029316 -0.17029316 -0.17029316 -0.17029316
 -0.17029316 -0.17029316 -0.17029316 -0.17029316 -0.17029316 -0.17029316
 -0.17029316 -0.17029316 -0.17029316 -0.17029316 -0.17029316 -0.17029316
 -0.17029316 -0.17029316 -0.17029316 -0.17029316 -0.17029316 -0.17029316
 -0.17029316 -0.17029316 -0.17029316 -0.17029316 -0.17029316 -0.17029316
 -0.17029316 -0.17029316 -0.17029316 -0.17029316 -0.17029316 -0.17029316
 -0.17029316 -0.17029316 -0.17029316 -0.17029316 -0.17029316 -0.17029316
 -0.17029316 -0.17029316 -0.17029316 -0.17029316 -0.17029316 -0.17029316
 -0.17029316 -0.17029316 -0.17029316 -0.17029316 -0.17029316 -0.17029316
 -0.17029316 -0.17029316 -0.17029316 -0.17029316 -0.17029316 -0.17029316
 -0.17029316 -0.17029316 -0.17029316 -0.17029316 -0.17029316 -0.17029316
 -0.17029316 -0.17029316 -0.17029316 -0.17029316 -0.17029316 -0.17029316
 -0.17029316 -0.17029316  2.75503686 -0.17029316 -0.17029316  2.44689232
 -0.17029316 -0.17029316 -0.17029316 -0.17029316 -0.17029316 -0.17029316
  4.97109053 -0.17029316 -0.17029316 -0.17029316 -0.17029316  7.83953858
 -0.17029316 -0.17029316 -0.17029316 -0.17029316 -0.17029316 -0.17029316
 -0.17029316 -0.17029316 -0.17029316 -0.17029316 -0.17029316 -0.17029316
 -0.17029316 -0.17029316 -0.17029316 -0.17029316 -0.17029316 -0.17029316
 -0.17029316  3.90240622 -0.17029316  3.34916288  0.8876431  -0.17029316
  1.44075315  0.45330831 -0.17029316 -0.17029316 -0.17029316 -0.17029316
 -0.17029316 -0.17029316 -0.17029316 -0.17029316 -0.17029316 -0.17029316
 -0.17029316 -0.17029316 -0.17029316 -0.17029316 -0.17029316 -0.17029316
 -0.17029316 -0.17029316 -0.17029316  5.34440599 -0.17029316 -0.17029316
 -0.17029316 -0.17029316 -0.17029316 -0.17029316 -0.17029316 -0.17029316
 -0.17029316 -0.17029316 -0.17029316 -0.17029316  5.34570493 -0.17029316
 -0.17029316 -0.17029316 -0.17029316 -0.17029316 -0.17029316 -0.17029316
 -0.17029316 -0.17029316 -0.17029316 -0.17029316 -0.17029316 -0.17029316
 -0.17029316 -0.17029316 -0.17029316 -0.17029316 -0.17029316 -0.17029316
 -0.17029316 -0.17029316 -0.17029316 -0.17029316 -0.17029316 -0.17029316
 -0.17029316 -0.17029316 -0.17029316 -0.17029316 -0.17029316 -0.17029316
 -0.17029316 -0.17029316 -0.17029316 -0.17029316 -0.17029316  4.74538149
 -0.17029316 -0.17029316 -0.17029316 -0.17029316 -0.17029316 -0.17029316
 -0.17029316 -0.17029316 -0.17029316 -0.17029316 -0.17029316 -0.17029316
 -0.17029316 -0.17029316 -0.17029316 -0.17029316 -0.17029316 -0.17029316
 -0.17029316 -0.17029316 -0.17029316 -0.17029316 -0.17029316 -0.17029316
 -0.17029316 -0.17029316 -0.17029316 -0.17029316 -0.17029316 -0.17029316
 -0.17029316 -0.17029316 -0.17029316 -0.17029316 -0.17029316 -0.17029316
 -0.17029316 -0.17029316 -0.17029316 -0.17029316 -0.17029316 -0.17029316
 -0.17029316 -0.17029316 -0.17029316 -0.17029316 -0.17029316 -0.17029316
 -0.17029316 -0.17029316 -0.17029316 -0.17029316 -0.17029316 -0.17029316
 -0.17029316 -0.17029316 -0.17029316 -0.17029316 -0.17029316 -0.17029316
 -0.17029316 -0.17029316 -0.17029316 -0.17029316 -0.17029316 -0.17029316
 -0.17029316 -0.17029316 -0.17029316 -0.17029316 -0.17029316 -0.17029316
 -0.17029316 -0.17029316 -0.17029316 -0.17029316 -0.17029316 -0.17029316
 -0.17029316 -0.17029316 -0.17029316 -0.17029316 -0.17029316 -0.17029316
 -0.17029316 -0.17029316 -0.17029316 -0.17029316 -0.17029316 -0.17029316
 -0.17029316 -0.17029316 -0.17029316 -0.17029316 -0.17029316 -0.17029316
 -0.17029316 -0.17029316 -0.17029316 -0.17029316 -0.17029316 -0.17029316
 -0.17029316 -0.17029316 -0.17029316 -0.17029316 -0.17029316 -0.17029316
 -0.17029316 -0.17029316 -0.17029316 -0.17029316 -0.17029316 -0.17029316
 -0.17029316 -0.17029316 -0.17029316 -0.17029316 -0.17029316 -0.17029316
 -0.17029316 -0.17029316 -0.17029316 -0.17029316 -0.17029316 -0.17029316
 -0.17029316 -0.17029316 -0.17029316 -0.17029316 -0.17029316 -0.17029316
 -0.17029316 -0.17029316 -0.17029316 -0.17029316 -0.17029316 -0.17029316
 -0.17029316 -0.17029316 -0.17029316 -0.17029316 -0.17029316 -0.17029316
 -0.17029316 -0.17029316 -0.17029316 -0.17029316 -0.17029316 -0.17029316
 -0.17029316 -0.17029316  7.60673357 -0.17029316  6.69210183 -0.17029316
  7.77349969 -0.17029316 -0.17029316 -0.17029316 -0.17029316 -0.17029316
 -0.17029316 -0.17029316 -0.17029316 -0.17029316 -0.17029316 -0.17029316
 -0.17029316 -0.17029316 -0.17029316 -0.17029316 -0.17029316 -0.17029316
 -0.17029316  3.56058544 -0.17029316 -0.17029316 -0.17029316 -0.17029316
 -0.17029316 -0.17029316 -0.17029316 -0.17029316 -0.17029316 -0.17029316
 -0.17029316 -0.17029316 -0.17029316 -0.17029316 -0.17029316 -0.17029316
 -0.17029316 -0.17029316 -0.17029316 -0.17029316 -0.17029316 -0.17029316
 -0.17029316 -0.17029316 -0.17029316 -0.17029316 -0.17029316 -0.17029316
 -0.17029316 -0.17029316 -0.17029316 -0.17029316]",[-0.010175309099041324]
2,"[-0.17448141 -0.17448141 -0.17448141 -0.17448141 -0.17448141 -0.17448141
 -0.17448141 -0.17448141 -0.17448141 -0.17448141 -0.17448141 -0.17448141
 -0.17448141 -0.17448141 -0.17448141 -0.17448141 -0.17448141 -0.17448141
  1.55337225 -0.17448141 -0.17448141 -0.17448141 -0.17448141 -0.17448141
 -0.17448141 -0.17448141 -0.17448141 -0.17448141 -0.17448141 -0.17448141
 -0.17448141 -0.17448141 -0.17448141 -0.17448141 -0.17448141 -0.17448141
 -0.17448141 -0.17448141 -0.17448141 -0.17448141 -0.17448141 -0.17448141
 -0.17448141 -0.17448141 -0.17448141 -0.17448141 -0.17448141 -0.17448141
 -0.17448141 -0.17448141 -0.17448141 -0.17448141 -0.17448141 -0.17448141
 -0.17448141 -0.17448141 -0.17448141 -0.17448141 -0.17448141 -0.17448141
 -0.17448141 -0.17448141 -0.17448141 -0.17448141 -0.17448141 -0.17448141
 -0.17448141 -0.17448141 -0.17448141 -0.17448141 -0.17448141 -0.17448141
 -0.17448141 -0.17448141 -0.17448141 -0.17448141 -0.17448141 -0.17448141
 -0.17448141 -0.17448141 -0.17448141 -0.17448141 -0.17448141  6.48960261
 -0.17448141 -0.17448141 -0.17448141 -0.17448141 -0.17448141 -0.17448141
 -0.17448141 -0.17448141 -0.17448141 -0.17448141 -0.17448141 -0.17448141
 -0.17448141 -0.17448141 -0.17448141 -0.17448141 -0.17448141 -0.17448141
 -0.17448141 -0.17448141 -0.17448141 -0.17448141 -0.17448141 -0.17448141
 -0.17448141 -0.17448141  8.51317873 -0.17448141 -0.17448141 -0.17448141
 -0.17448141 -0.17448141  1.30831151 -0.17448141 -0.17448141 -0.17448141
 -0.17448141 -0.17448141 -0.17448141 -0.17448141 -0.17448141 -0.17448141
 -0.17448141 -0.17448141 -0.17448141 -0.17448141 -0.17448141 -0.17448141
 -0.17448141 -0.17448141 -0.17448141 -0.17448141 -0.17448141 -0.17448141
 -0.17448141 -0.17448141 -0.17448141 -0.17448141 -0.17448141 -0.17448141
 -0.17448141 -0.17448141 -0.17448141 -0.17448141 -0.17448141 -0.17448141
 -0.17448141 -0.17448141 -0.17448141 -0.17448141 -0.17448141 -0.17448141
 -0.17448141 -0.17448141 -0.17448141 -0.17448141 -0.17448141 -0.17448141
 -0.17448141  0.35026755 -0.17448141 -0.17448141 -0.17448141 -0.17448141
 -0.17448141 -0.17448141 -0.17448141 -0.17448141 -0.17448141  2.72135878
 -0.17448141 -0.17448141 -0.17448141 -0.17448141 -0.17448141 -0.17448141
 -0.17448141 -0.17448141 -0.17448141 -0.17448141 -0.17448141 -0.17448141
  3.26470501 -0.17448141 -0.17448141 -0.17448141 -0.17448141 -0.17448141
 -0.17448141 -0.17448141 -0.17448141 -0.17448141 -0.17448141 -0.17448141
 -0.17448141 -0.17448141 -0.17448141 -0.17448141 -0.17448141  6.01675812
 -0.17448141 -0.17448141 -0.17448141 -0.17448141 -0.17448141 -0.17448141
  5.74043968 -0.17448141 -0.17448141 -0.17448141 -0.17448141  5.82112079
 -0.17448141 -0.17448141 -0.17448141 -0.17448141 -0.17448141 -0.17448141
 -0.17448141 -0.17448141 -0.17448141 -0.17448141 -0.17448141 -0.17448141
 -0.17448141 -0.17448141 -0.17448141 -0.17448141 -0.17448141 -0.17448141
 -0.17448141  1.65092947 -0.17448141 -0.17448141 -0.17448141 -0.17448141
  1.67798364 -0.17448141 -0.17448141 -0.17448141 -0.17448141 -0.17448141
 -0.17448141 -0.17448141 -0.17448141 -0.17448141 -0.17448141 -0.17448141
 -0.17448141 -0.17448141 -0.17448141 -0.17448141 -0.17448141 -0.17448141
 -0.17448141 -0.17448141 -0.17448141  2.08601763 -0.17448141 -0.17448141
 -0.17448141 -0.17448141 -0.17448141 -0.17448141 -0.17448141 -0.17448141
  0.64778604 -0.17448141 -0.17448141 -0.17448141  1.28659044 -0.17448141
 -0.17448141 -0.17448141 -0.17448141 -0.17448141 -0.17448141 -0.17448141
 -0.17448141 -0.17448141 -0.17448141 -0.17448141  1.59635398  5.5030944
 -0.17448141 -0.17448141 -0.17448141 -0.17448141 -0.17448141 -0.17448141
 -0.17448141 -0.17448141 -0.17448141 -0.17448141 -0.17448141 -0.17448141
 -0.17448141 -0.17448141 -0.17448141 -0.17448141 -0.17448141 -0.17448141
 -0.17448141 -0.17448141 -0.17448141 -0.17448141 -0.17448141  5.05282556
 -0.17448141 -0.17448141 -0.17448141 -0.17448141 -0.17448141 -0.17448141
 -0.17448141 -0.17448141 -0.17448141 -0.17448141 -0.17448141 -0.17448141
 -0.17448141 -0.17448141 -0.17448141 -0.17448141 -0.17448141 -0.17448141
 -0.17448141 -0.17448141 -0.17448141 -0.17448141 -0.17448141 -0.17448141
 -0.17448141 -0.17448141 -0.17448141 -0.17448141 -0.17448141 -0.17448141
 -0.17448141 -0.17448141 -0.17448141 -0.17448141 -0.17448141 -0.17448141
 -0.17448141 -0.17448141 -0.17448141 -0.17448141 -0.17448141 -0.17448141
 -0.17448141 -0.17448141 -0.17448141 -0.17448141 -0.17448141 -0.17448141
 -0.17448141 -0.17448141 -0.17448141 -0.17448141 -0.17448141 -0.17448141
 -0.17448141 -0.17448141 -0.17448141 -0.17448141 -0.17448141 -0.17448141
 -0.17448141 -0.17448141 -0.17448141 -0.17448141 -0.17448141 -0.17448141
 -0.17448141 -0.17448141 -0.17448141 -0.17448141 -0.17448141 -0.17448141
 -0.17448141 -0.17448141 -0.17448141 -0.17448141 -0.17448141 -0.17448141
 -0.17448141 -0.17448141 -0.17448141 -0.17448141 -0.17448141 -0.17448141
 -0.17448141 -0.17448141 -0.17448141 -0.17448141 -0.17448141 -0.17448141
 -0.17448141 -0.17448141 -0.17448141 -0.17448141 -0.17448141 -0.17448141
 -0.17448141 -0.17448141 -0.17448141 -0.17448141 -0.17448141 -0.17448141
 -0.17448141 -0.17448141 -0.17448141 -0.17448141 -0.17448141 -0.17448141
 -0.17448141 -0.17448141 -0.17448141 -0.17448141 -0.17448141 -0.17448141
 -0.17448141 -0.17448141 -0.17448141 -0.17448141 -0.17448141 -0.17448141
 -0.17448141 -0.17448141 -0.17448141 -0.17448141 -0.17448141 -0.17448141
 -0.17448141 -0.17448141 -0.17448141 -0.17448141 -0.17448141 -0.17448141
 -0.17448141 -0.17448141 -0.17448141 -0.17448141 -0.17448141 -0.17448141
 -0.17448141 -0.17448141 -0.17448141 -0.17448141 -0.17448141 -0.17448141
 -0.17448141 -0.17448141 -0.17448141 -0.17448141 -0.17448141 -0.17448141
 -0.17448141 -0.17448141 10.03743115 -0.17448141 -0.17448141 -0.17448141
  7.91474335 -0.17448141 -0.17448141 -0.17448141  4.79005306 -0.17448141
 -0.17448141 -0.17448141 -0.17448141 -0.17448141 -0.17448141 -0.17448141
 -0.17448141 -0.17448141 -0.17448141 -0.17448141 -0.17448141 -0.17448141
 -0.17448141  2.86881722 -0.17448141 -0.17448141 -0.17448141 -0.17448141
 -0.17448141 -0.17448141 -0.17448141 -0.17448141 -0.17448141 -0.17448141
 -0.17448141 -0.17448141 -0.17448141 -0.17448141 -0.17448141 -0.17448141
 -0.17448141 -0.17448141 -0.17448141 -0.17448141 -0.17448141 -0.17448141
 -0.17448141 -0.17448141 -0.17448141 -0.17448141 -0.17448141 -0.17448141
 -0.17448141 -0.17448141 -0.17448141 -0.17448141]",[0.05456490336075556]
2,"[-1.04780199e-01 -1.04780199e-01 -1.04780199e-01 -1.04780199e-01
 -1.04780199e-01 -1.04780199e-01 -1.04780199e-01 -1.04780199e-01
 -1.04780199e-01 -1.04780199e-01 -1.04780199e-01 -1.04780199e-01
 -1.04780199e-01 -1.04780199e-01 -1.04780199e-01 -1.04780199e-01
 -1.04780199e-01 -1.04780199e-01 -1.04780199e-01 -1.04780199e-01
 -1.04780199e-01 -1.04780199e-01 -1.04780199e-01 -1.04780199e-01
 -1.04780199e-01 -1.04780199e-01 -1.04780199e-01 -1.04780199e-01
 -1.04780199e-01 -1.04780199e-01 -1.04780199e-01 -1.04780199e-01
 -1.04780199e-01 -1.04780199e-01 -1.04780199e-01 -1.04780199e-01
 -1.04780199e-01 -1.04780199e-01 -1.04780199e-01 -1.04780199e-01
 -1.04780199e-01 -1.04780199e-01 -1.04780199e-01 -1.04780199e-01
 -1.04780199e-01 -1.04780199e-01 -1.04780199e-01 -1.04780199e-01
 -1.04780199e-01 -1.04780199e-01 -1.04780199e-01 -1.04780199e-01
 -1.04780199e-01 -1.04780199e-01 -1.04780199e-01 -1.04780199e-01
 -1.04780199e-01 -1.04780199e-01 -1.04780199e-01 -1.04780199e-01
 -1.04780199e-01 -1.04780199e-01 -1.04780199e-01 -1.04780199e-01
 -1.04780199e-01 -1.04780199e-01 -1.04780199e-01 -1.04780199e-01
 -1.04780199e-01 -1.04780199e-01 -1.04780199e-01 -1.04780199e-01
 -1.04780199e-01 -1.04780199e-01 -1.04780199e-01 -1.04780199e-01
 -1.04780199e-01 -1.04780199e-01 -1.04780199e-01 -1.04780199e-01
 -1.04780199e-01 -1.04780199e-01 -1.04780199e-01  3.68598434e+00
 -1.04780199e-01 -1.04780199e-01 -1.04780199e-01 -1.04780199e-01
 -1.04780199e-01 -1.04780199e-01 -1.04780199e-01 -1.04780199e-01
 -1.04780199e-01 -1.04780199e-01 -1.04780199e-01 -1.04780199e-01
 -1.04780199e-01 -1.04780199e-01 -1.04780199e-01 -1.04780199e-01
 -1.04780199e-01 -1.04780199e-01 -1.04780199e-01 -1.04780199e-01
 -1.04780199e-01 -1.04780199e-01 -1.04780199e-01 -1.04780199e-01
 -1.04780199e-01 -1.04780199e-01  1.12296938e+00 -1.04780199e-01
 -1.04780199e-01 -1.04780199e-01 -1.04780199e-01 -1.04780199e-01
 -1.04780199e-01 -1.04780199e-01 -1.04780199e-01 -1.04780199e-01
 -1.04780199e-01 -1.04780199e-01 -1.04780199e-01 -1.04780199e-01
 -1.04780199e-01 -1.04780199e-01 -1.04780199e-01 -1.04780199e-01
 -1.04780199e-01 -1.04780199e-01 -1.04780199e-01 -1.04780199e-01
 -1.04780199e-01 -1.04780199e-01 -1.04780199e-01 -1.04780199e-01
 -1.04780199e-01 -1.04780199e-01 -1.04780199e-01 -1.04780199e-01
 -1.04780199e-01 -1.04780199e-01 -1.04780199e-01 -1.04780199e-01
 -1.04780199e-01 -1.04780199e-01 -1.04780199e-01 -1.04780199e-01
 -1.04780199e-01 -1.04780199e-01 -1.04780199e-01 -1.04780199e-01
 -1.04780199e-01 -1.04780199e-01 -1.04780199e-01 -1.04780199e-01
 -1.04780199e-01 -1.04780199e-01 -1.04780199e-01 -1.04780199e-01
 -1.04780199e-01 -1.04780199e-01 -1.04780199e-01 -1.04780199e-01
 -1.04780199e-01 -1.04780199e-01 -1.04780199e-01 -1.04780199e-01
 -1.04780199e-01 -1.04780199e-01 -1.04780199e-01 -1.04780199e-01
 -1.04780199e-01 -1.04780199e-01 -1.04780199e-01 -1.04780199e-01
 -1.04780199e-01 -1.04780199e-01 -1.04780199e-01 -1.04780199e-01
 -1.04780199e-01 -1.04780199e-01 -1.04780199e-01 -1.04780199e-01
 -1.04780199e-01 -1.04780199e-01 -1.04780199e-01 -1.04780199e-01
 -1.04780199e-01 -1.04780199e-01 -1.04780199e-01 -1.04780199e-01
 -1.04780199e-01 -1.04780199e-01 -1.04780199e-01 -1.04780199e-01
 -1.04780199e-01 -1.04780199e-01 -1.04780199e-01 -1.04780199e-01
  8.44318246e+00 -1.04780199e-01 -1.04780199e-01 -1.04780199e-01
 -1.04780199e-01 -1.04780199e-01 -1.04780199e-01 -1.04780199e-01
 -1.04780199e-01 -1.04780199e-01  8.24621159e+00 -1.04780199e-01
 -1.04780199e-01 -1.04780199e-01 -1.04780199e-01 -1.04780199e-01
 -1.04780199e-01 -1.04780199e-01  4.57911805e-01 -1.04780199e-01
 -1.04780199e-01 -1.04780199e-01 -1.04780199e-01 -1.04780199e-01
 -1.04780199e-01 -1.04780199e-01 -1.04780199e-01 -1.04780199e-01
 -1.04780199e-01 -1.04780199e-01 -1.04780199e-01 -1.04780199e-01
 -1.04780199e-01 -1.04780199e-01 -1.04780199e-01  1.77319001e-03
 -1.04780199e-01 -1.04780199e-01 -1.04780199e-01 -1.04780199e-01
 -1.04780199e-01 -1.04780199e-01 -1.04780199e-01 -1.04780199e-01
 -1.04780199e-01 -1.04780199e-01 -1.04780199e-01 -1.04780199e-01
 -1.04780199e-01 -1.04780199e-01 -1.04780199e-01 -1.04780199e-01
 -1.04780199e-01 -1.04780199e-01 -1.04780199e-01 -1.04780199e-01
 -1.04780199e-01 -1.04780199e-01 -1.04780199e-01 -1.04780199e-01
 -1.04780199e-01 -1.04780199e-01 -1.04780199e-01 -1.04780199e-01
 -1.04780199e-01 -1.04780199e-01 -1.04780199e-01 -1.04780199e-01
 -1.04780199e-01 -1.04780199e-01 -1.04780199e-01 -1.04780199e-01
 -1.04780199e-01 -1.04780199e-01 -1.04780199e-01 -1.04780199e-01
 -1.04780199e-01 -1.04780199e-01 -1.04780199e-01 -1.04780199e-01
 -1.04780199e-01 -1.04780199e-01 -1.04780199e-01 -1.04780199e-01
 -1.04780199e-01 -1.04780199e-01 -1.04780199e-01 -1.04780199e-01
 -1.04780199e-01 -1.04780199e-01 -1.04780199e-01 -1.04780199e-01
 -1.04780199e-01 -1.04780199e-01 -1.04780199e-01 -1.04780199e-01
 -1.04780199e-01 -1.04780199e-01 -1.04780199e-01 -1.04780199e-01
 -1.04780199e-01 -1.04780199e-01 -1.04780199e-01 -1.04780199e-01
 -1.04780199e-01 -1.04780199e-01 -1.04780199e-01 -1.04780199e-01
 -1.04780199e-01 -1.04780199e-01 -1.04780199e-01  1.16531075e+01
 -1.04780199e-01 -1.04780199e-01 -1.04780199e-01 -1.04780199e-01
 -1.04780199e-01 -1.04780199e-01 -1.04780199e-01 -1.04780199e-01
 -1.04780199e-01 -1.04780199e-01 -1.04780199e-01 -1.04780199e-01
 -1.04780199e-01 -1.04780199e-01 -1.04780199e-01 -1.04780199e-01
 -1.04780199e-01 -1.04780199e-01 -1.04780199e-01 -1.04780199e-01
 -1.04780199e-01 -1.04780199e-01 -1.04780199e-01 -1.04780199e-01
 -1.04780199e-01 -1.04780199e-01 -1.04780199e-01 -1.04780199e-01
 -1.04780199e-01 -1.04780199e-01 -1.04780199e-01 -1.04780199e-01
 -1.04780199e-01 -1.04780199e-01 -1.04780199e-01 -1.04780199e-01
 -1.04780199e-01 -1.04780199e-01 -1.04780199e-01 -1.04780199e-01
 -1.04780199e-01 -1.04780199e-01 -1.04780199e-01 -1.04780199e-01
 -1.04780199e-01 -1.04780199e-01 -1.04780199e-01 -1.04780199e-01
 -1.04780199e-01 -1.04780199e-01 -1.04780199e-01 -1.04780199e-01
 -1.04780199e-01 -1.04780199e-01 -1.04780199e-01 -1.04780199e-01
 -1.04780199e-01 -1.04780199e-01 -1.04780199e-01 -1.04780199e-01
 -1.04780199e-01 -1.04780199e-01 -1.04780199e-01 -1.04780199e-01
 -1.04780199e-01 -1.04780199e-01 -1.04780199e-01 -1.04780199e-01
 -1.04780199e-01 -1.04780199e-01 -1.04780199e-01 -1.04780199e-01
 -1.04780199e-01 -1.04780199e-01 -1.04780199e-01 -1.04780199e-01
 -1.04780199e-01 -1.04780199e-01 -1.04780199e-01 -1.04780199e-01
 -1.04780199e-01 -1.04780199e-01 -1.04780199e-01 -1.04780199e-01
 -1.04780199e-01 -1.04780199e-01 -1.04780199e-01 -1.04780199e-01
 -1.04780199e-01 -1.04780199e-01 -1.04780199e-01 -1.04780199e-01
 -1.04780199e-01 -1.04780199e-01 -1.04780199e-01 -1.04780199e-01
 -1.04780199e-01 -1.04780199e-01 -1.04780199e-01 -1.04780199e-01
 -1.04780199e-01 -1.04780199e-01 -1.04780199e-01 -1.04780199e-01
 -1.04780199e-01 -1.04780199e-01 -1.04780199e-01 -1.04780199e-01
 -1.04780199e-01 -1.04780199e-01 -1.04780199e-01 -1.04780199e-01
 -1.04780199e-01 -1.04780199e-01 -1.04780199e-01 -1.04780199e-01
 -1.04780199e-01 -1.04780199e-01 -1.04780199e-01 -1.04780199e-01
 -1.04780199e-01 -1.04780199e-01 -1.04780199e-01 -1.04780199e-01
 -1.04780199e-01 -1.04780199e-01 -1.04780199e-01 -1.04780199e-01
 -1.04780199e-01 -1.04780199e-01 -1.04780199e-01 -1.04780199e-01
 -1.04780199e-01 -1.04780199e-01 -1.04780199e-01 -1.04780199e-01
 -1.04780199e-01 -1.04780199e-01 -1.04780199e-01 -1.04780199e-01
 -1.04780199e-01 -1.04780199e-01 -1.04780199e-01 -1.04780199e-01
 -1.04780199e-01 -1.04780199e-01 -1.04780199e-01 -1.04780199e-01
 -1.04780199e-01 -1.04780199e-01 -1.04780199e-01 -1.04780199e-01
  1.35446768e+01 -1.04780199e-01 -1.04780199e-01 -1.04780199e-01
 -1.04780199e-01 -1.04780199e-01 -1.04780199e-01 -1.04780199e-01
 -1.04780199e-01 -1.04780199e-01 -1.04780199e-01 -1.04780199e-01
 -1.04780199e-01 -1.04780199e-01 -1.04780199e-01 -1.04780199e-01
 -1.04780199e-01 -1.04780199e-01 -1.04780199e-01 -1.04780199e-01
 -1.04780199e-01 -1.04780199e-01 -1.04780199e-01  6.38686461e+00
 -1.04780199e-01 -1.04780199e-01 -1.04780199e-01 -1.04780199e-01
 -1.04780199e-01 -1.04780199e-01 -1.04780199e-01 -1.04780199e-01
 -1.04780199e-01 -1.04780199e-01 -1.04780199e-01 -1.04780199e-01
 -1.04780199e-01 -1.04780199e-01 -1.04780199e-01 -1.04780199e-01
 -1.04780199e-01 -1.04780199e-01 -1.04780199e-01 -1.04780199e-01
 -1.04780199e-01 -1.04780199e-01 -1.04780199e-01 -1.04780199e-01
 -1.04780199e-01 -1.04780199e-01 -1.04780199e-01 -1.04780199e-01
 -1.04780199e-01 -1.04780199e-01 -1.04780199e-01 -1.04780199e-01]",[-0.04537313335373909]
2,"[-0.18601593 -0.18601593 -0.18601593 -0.18601593 -0.18601593 -0.18601593
 -0.18601593 -0.18601593 -0.18601593 -0.18601593 -0.18601593 -0.18601593
 -0.18601593 -0.18601593 -0.18601593 -0.18601593 -0.18601593 -0.18601593
  3.81688306 -0.18601593 -0.18601593 -0.18601593 -0.18601593 -0.18601593
 -0.18601593 -0.18601593 -0.18601593  0.59971514 -0.18601593 -0.18601593
 -0.18601593 -0.18601593 -0.18601593 -0.18601593 -0.18601593 -0.18601593
 -0.18601593 -0.18601593 -0.18601593 -0.18601593 -0.18601593 -0.18601593
 -0.18601593 -0.18601593 -0.18601593 -0.18601593 -0.18601593 -0.18601593
 -0.18601593 -0.18601593 -0.18601593 -0.18601593 -0.18601593 -0.18601593
 -0.18601593 -0.18601593 -0.18601593 -0.18601593 -0.18601593 -0.18601593
 -0.18601593 -0.18601593 -0.18601593 -0.18601593 -0.18601593 -0.18601593
 -0.18601593 -0.18601593 -0.18601593 -0.18601593 -0.18601593 -0.18601593
 -0.18601593 -0.18601593 -0.18601593 -0.18601593 -0.18601593 -0.18601593
 -0.18601593 -0.18601593 -0.18601593 -0.18601593 -0.18601593  7.65455096
 -0.18601593 -0.18601593 -0.18601593 -0.18601593  3.71836597 -0.18601593
 -0.18601593 -0.18601593  3.7724229  -0.18601593 -0.18601593 -0.18601593
 -0.18601593 -0.18601593 -0.18601593 -0.18601593 -0.18601593 -0.18601593
 -0.18601593 -0.18601593 -0.18601593 -0.18601593 -0.18601593 -0.18601593
 -0.18601593 -0.18601593  0.64158188 -0.18601593 -0.18601593 -0.18601593
 -0.18601593 -0.18601593  7.693117   -0.18601593 -0.18601593 -0.18601593
 -0.18601593 -0.18601593 -0.18601593  1.22024714 -0.18601593 -0.18601593
 -0.18601593 -0.18601593 -0.18601593 -0.18601593 -0.18601593 -0.18601593
 -0.18601593 -0.18601593 -0.18601593 -0.18601593 -0.18601593 -0.18601593
 -0.18601593 -0.18601593 -0.18601593 -0.18601593 -0.18601593 -0.18601593
 -0.18601593 -0.18601593 -0.18601593 -0.18601593 -0.18601593 -0.18601593
 -0.18601593 -0.18601593 -0.18601593 -0.18601593 -0.18601593 -0.18601593
 -0.18601593 -0.18601593 -0.18601593 -0.18601593 -0.18601593 -0.18601593
 -0.18601593 -0.18601593 -0.18601593 -0.18601593 -0.18601593 -0.18601593
 -0.18601593 -0.18601593 -0.18601593 -0.18601593 -0.18601593 -0.18601593
 -0.18601593 -0.18601593 -0.18601593 -0.18601593 -0.18601593 -0.18601593
 -0.18601593 -0.18601593 -0.18601593 -0.18601593 -0.18601593 -0.18601593
  2.2925646  -0.18601593 -0.18601593 -0.18601593 -0.18601593 -0.18601593
 -0.18601593 -0.18601593  4.66775573 -0.18601593 -0.18601593 -0.18601593
 -0.18601593 -0.18601593 -0.18601593 -0.18601593 -0.18601593 -0.18601593
 -0.18601593 -0.18601593 -0.18601593 -0.18601593 -0.18601593 -0.18601593
  5.05485652 -0.18601593 -0.18601593 -0.18601593 -0.18601593  6.54398473
 -0.18601593 -0.18601593  0.16417391 -0.18601593 -0.18601593 -0.18601593
 -0.18601593 -0.18601593 -0.18601593 -0.18601593 -0.18601593 -0.18601593
 -0.18601593 -0.18601593 -0.18601593 -0.18601593 -0.18601593 -0.18601593
 -0.18601593  0.96693382 -0.18601593 -0.18601593 -0.18601593 -0.18601593
  4.55631697 -0.18601593 -0.18601593 -0.18601593 -0.18601593 -0.18601593
 -0.18601593  3.64738702 -0.18601593 -0.18601593 -0.18601593 -0.18601593
 -0.18601593 -0.18601593 -0.18601593 -0.18601593 -0.18601593 -0.18601593
 -0.18601593 -0.18601593 -0.18601593 -0.18601593 -0.18601593 -0.18601593
 -0.18601593 -0.18601593 -0.18601593 -0.18601593 -0.18601593 -0.18601593
 -0.18601593 -0.18601593 -0.18601593 -0.18601593 -0.18601593 -0.18601593
 -0.18601593 -0.18601593 -0.18601593 -0.18601593 -0.18601593 -0.18601593
 -0.18601593 -0.18601593 -0.18601593 -0.18601593 -0.18601593 -0.18601593
 -0.18601593 -0.18601593 -0.18601593 -0.18601593 -0.18601593 -0.18601593
 -0.18601593 -0.18601593 -0.18601593 -0.18601593 -0.18601593 -0.18601593
 -0.18601593 -0.18601593 -0.18601593 -0.18601593 -0.18601593 -0.18601593
 -0.18601593 -0.18601593  2.39290101 -0.18601593 -0.18601593  5.54877151
 -0.18601593 -0.18601593 -0.18601593 -0.18601593 -0.18601593 -0.18601593
 -0.18601593 -0.18601593 -0.18601593 -0.18601593 -0.18601593 -0.18601593
 -0.18601593 -0.18601593 -0.18601593 -0.18601593 -0.18601593 -0.18601593
 -0.18601593 -0.18601593 -0.18601593 -0.18601593 -0.18601593 -0.18601593
 -0.18601593 -0.18601593 -0.18601593 -0.18601593 -0.18601593 -0.18601593
 -0.18601593 -0.18601593 -0.18601593 -0.18601593 -0.18601593 -0.18601593
 -0.18601593 -0.18601593 -0.18601593 -0.18601593 -0.18601593 -0.18601593
 -0.18601593 -0.18601593 -0.18601593 -0.18601593 -0.18601593 -0.18601593
 -0.18601593 -0.18601593 -0.18601593 -0.18601593 -0.18601593 -0.18601593
 -0.18601593 -0.18601593 -0.18601593 -0.18601593 -0.18601593 -0.18601593
 -0.18601593 -0.18601593 -0.18601593 -0.18601593 -0.18601593 -0.18601593
 -0.18601593 -0.18601593 -0.18601593 -0.18601593 -0.18601593 -0.18601593
 -0.18601593 -0.18601593 -0.18601593 -0.18601593 -0.18601593 -0.18601593
 -0.18601593 -0.18601593 -0.18601593 -0.18601593 -0.18601593 -0.18601593
 -0.18601593 -0.18601593 -0.18601593 -0.18601593 -0.18601593 -0.18601593
 -0.18601593 -0.18601593 -0.18601593 -0.18601593 -0.18601593 -0.18601593
 -0.18601593 -0.18601593 -0.18601593 -0.18601593 -0.18601593 -0.18601593
 -0.18601593 -0.18601593 -0.18601593 -0.18601593 -0.18601593 -0.18601593
 -0.18601593 -0.18601593 -0.18601593 -0.18601593 -0.18601593 -0.18601593
 -0.18601593 -0.18601593 -0.18601593 -0.18601593 -0.18601593 -0.18601593
 -0.18601593 -0.18601593 -0.18601593 -0.18601593 -0.18601593 -0.18601593
 -0.18601593 -0.18601593 -0.18601593 -0.18601593 -0.18601593 -0.18601593
  4.83064462 -0.18601593 -0.18601593 -0.18601593 -0.18601593 -0.18601593
  1.92548102 -0.18601593 -0.18601593 -0.18601593 -0.18601593 -0.18601593
 -0.18601593 -0.18601593 -0.18601593 -0.18601593 -0.18601593 -0.18601593
 -0.18601593 -0.18601593  6.26898102 -0.18601593 -0.18601593 -0.18601593
  8.26445451 -0.18601593 -0.18601593 -0.18601593 -0.18601593 -0.18601593
 -0.18601593 -0.18601593 -0.18601593 -0.18601593 -0.18601593 -0.18601593
 -0.18601593 -0.18601593 -0.18601593 -0.18601593 -0.18601593 -0.18601593
 -0.18601593  6.20782452 -0.18601593 -0.18601593 -0.18601593 -0.18601593
 -0.18601593 -0.18601593 -0.18601593 -0.18601593 -0.18601593 -0.18601593
 -0.18601593 -0.18601593 -0.18601593 -0.18601593 -0.18601593 -0.18601593
 -0.18601593 -0.18601593 -0.18601593 -0.18601593 -0.18601593 -0.18601593
 -0.18601593 -0.18601593 -0.18601593 -0.18601593 -0.18601593 -0.18601593
 -0.18601593 -0.18601593 -0.18601593 -0.18601593]",[-0.013627264625984764]
2,"[-0.15292816 -0.15292816 -0.15292816 -0.15292816 -0.15292816 -0.15292816
 -0.15292816 -0.15292816 -0.15292816 -0.15292816 -0.15292816 -0.15292816
 -0.15292816 -0.15292816 -0.15292816 -0.15292816 -0.15292816 -0.15292816
  2.06013941 -0.15292816 -0.15292816  2.06013941 -0.15292816 -0.15292816
 -0.15292816 -0.15292816 -0.15292816 -0.15292816 -0.15292816 -0.15292816
 -0.15292816 -0.15292816 -0.15292816 -0.15292816 -0.15292816 -0.15292816
 -0.15292816 -0.15292816 -0.15292816 -0.15292816 -0.15292816 -0.15292816
 -0.15292816 -0.15292816 -0.15292816 -0.15292816 -0.15292816 -0.15292816
 -0.15292816 -0.15292816 -0.15292816 -0.15292816 -0.15292816 -0.15292816
 -0.15292816 -0.15292816 -0.15292816 -0.15292816 -0.15292816 -0.15292816
 -0.15292816 -0.15292816 -0.15292816 -0.15292816 -0.15292816 -0.15292816
 -0.15292816 -0.15292816 -0.15292816 -0.15292816 -0.15292816 -0.15292816
 -0.15292816 -0.15292816 -0.15292816 -0.15292816 -0.15292816 -0.15292816
 -0.15292816 -0.15292816 -0.15292816 -0.15292816 -0.15292816 11.98075706
 -0.15292816  5.48466502 -0.15292816 -0.15292816 -0.15292816  1.8349474
 -0.15292816 -0.15292816 -0.15292816 -0.15292816 -0.15292816 -0.15292816
 -0.15292816 -0.15292816 -0.15292816 -0.15292816 -0.15292816 -0.15292816
 -0.15292816 -0.15292816 -0.15292816 -0.15292816 -0.15292816 -0.15292816
 -0.15292816 -0.15292816  8.75573056 -0.15292816 -0.15292816 -0.15292816
 -0.15292816 -0.15292816  8.27002553 -0.15292816 -0.15292816 -0.15292816
 -0.15292816 -0.15292816 -0.15292816 -0.15292816  0.92266376 -0.15292816
 -0.15292816 -0.15292816 -0.15292816 -0.15292816 -0.15292816 -0.15292816
 -0.15292816 -0.15292816 -0.15292816 -0.15292816 -0.15292816 -0.15292816
 -0.15292816 -0.15292816 -0.15292816 -0.15292816 -0.15292816 -0.15292816
 -0.15292816 -0.15292816 -0.15292816 -0.15292816 -0.15292816 -0.15292816
 -0.15292816 -0.15292816 -0.15292816 -0.15292816 -0.15292816 -0.15292816
 -0.15292816 -0.15292816 -0.15292816 -0.15292816 -0.15292816 -0.15292816
 -0.15292816 -0.15292816 -0.15292816 -0.15292816 -0.15292816 -0.15292816
 -0.15292816 -0.15292816 -0.15292816 -0.15292816 -0.15292816 -0.15292816
 -0.15292816 -0.15292816 -0.15292816 -0.15292816 -0.15292816 -0.15292816
 -0.15292816 -0.15292816 -0.15292816 -0.15292816 -0.15292816 -0.15292816
 -0.15292816 -0.15292816 -0.15292816 -0.15292816 -0.15292816 -0.15292816
 -0.15292816 -0.15292816 -0.15292816 -0.15292816 -0.15292816 -0.15292816
 -0.15292816 -0.15292816  4.57596668 -0.15292816 -0.15292816  4.00781102
 -0.15292816 -0.15292816 -0.15292816 -0.15292816 -0.15292816 -0.15292816
 -0.15292816 -0.15292816 -0.15292816 -0.15292816 -0.15292816  1.03337348
 -0.15292816 -0.15292816  0.6326048  -0.15292816 -0.15292816 -0.15292816
 -0.15292816 -0.15292816 -0.15292816 -0.15292816 -0.15292816 -0.15292816
 -0.15292816 -0.15292816 -0.15292816 -0.15292816 -0.15292816 -0.15292816
 -0.15292816 -0.15292816 -0.15292816 -0.15292816 -0.15292816 -0.15292816
  5.26243254 -0.15292816 -0.15292816 -0.15292816 -0.15292816 -0.15292816
 -0.15292816 -0.15292816 -0.15292816 -0.15292816 -0.15292816 -0.15292816
 -0.15292816 -0.15292816 -0.15292816 -0.15292816 -0.15292816 -0.15292816
 -0.15292816 -0.15292816 -0.15292816 -0.15292816 -0.15292816  0.21984772
 -0.15292816 -0.15292816 -0.15292816 -0.15292816 -0.15292816 -0.15292816
 -0.15292816 -0.15292816 -0.15292816 -0.15292816 -0.15292816 -0.15292816
 -0.15292816 -0.15292816 -0.15292816 -0.15292816 -0.15292816 -0.15292816
 -0.15292816 -0.15292816 -0.15292816 -0.15292816 -0.15292816  1.12678683
 -0.15292816 -0.15292816 -0.15292816 -0.15292816 -0.15292816 -0.15292816
 -0.15292816 -0.15292816  3.74639838 -0.15292816 -0.15292816 -0.15292816
 -0.15292816 -0.15292816 -0.15292816 -0.15292816 -0.15292816 -0.15292816
 -0.15292816 -0.15292816 -0.15292816 -0.15292816 -0.15292816  1.36360214
 -0.15292816 -0.15292816 -0.15292816 -0.15292816 -0.15292816 -0.15292816
 -0.15292816 -0.15292816 -0.15292816 -0.15292816 -0.15292816 -0.15292816
 -0.15292816 -0.15292816 -0.15292816 -0.15292816 -0.15292816 -0.15292816
 -0.15292816 -0.15292816 -0.15292816 -0.15292816 -0.15292816 -0.15292816
 -0.15292816 -0.15292816 -0.15292816 -0.15292816 -0.15292816 -0.15292816
 -0.15292816 -0.15292816 -0.15292816 -0.15292816 -0.15292816 -0.15292816
 -0.15292816 -0.15292816 -0.15292816 -0.15292816 -0.15292816 -0.15292816
 -0.15292816 -0.15292816 -0.15292816 -0.15292816 -0.15292816 -0.15292816
 -0.15292816 -0.15292816 -0.15292816 -0.15292816 -0.15292816 -0.15292816
 -0.15292816 -0.15292816 -0.15292816 -0.15292816 -0.15292816 -0.15292816
 -0.15292816 -0.15292816 -0.15292816 -0.15292816 -0.15292816 -0.15292816
 -0.15292816 -0.15292816 -0.15292816 -0.15292816 -0.15292816 -0.15292816
 -0.15292816 -0.15292816 -0.15292816 -0.15292816 -0.15292816 -0.15292816
 -0.15292816 -0.15292816 -0.15292816 -0.15292816 -0.15292816 -0.15292816
 -0.15292816 -0.15292816 -0.15292816 -0.15292816 -0.15292816 -0.15292816
 -0.15292816 -0.15292816 -0.15292816 -0.15292816 -0.15292816 -0.15292816
 -0.15292816 -0.15292816 -0.15292816 -0.15292816 -0.15292816 -0.15292816
 -0.15292816 -0.15292816 -0.15292816 -0.15292816 -0.15292816 -0.15292816
 -0.15292816 -0.15292816 -0.15292816 -0.15292816 -0.15292816 -0.15292816
 -0.15292816 -0.15292816 -0.15292816 -0.15292816 -0.15292816 -0.15292816
 -0.15292816 -0.15292816 -0.15292816 -0.15292816 -0.15292816 -0.15292816
 -0.15292816 -0.15292816 -0.15292816 -0.15292816 -0.15292816 -0.15292816
  5.00301004 -0.15292816 -0.15292816 -0.15292816 -0.15292816 -0.15292816
 -0.15292816 -0.15292816 -0.15292816 -0.15292816 -0.15292816 -0.15292816
 -0.15292816 -0.15292816 -0.15292816 -0.15292816 -0.15292816 -0.15292816
 -0.15292816 -0.15292816  8.27610504 -0.15292816 -0.15292816 -0.15292816
 -0.15292816 -0.15292816 -0.15292816 -0.15292816 -0.15292816 -0.15292816
 -0.15292816 -0.15292816 -0.15292816 -0.15292816 -0.15292816 -0.15292816
 -0.15292816 -0.15292816 -0.15292816 -0.15292816 -0.15292816 -0.15292816
 -0.15292816 -0.15292816 -0.15292816 -0.15292816 -0.15292816 -0.15292816
 -0.15292816 -0.15292816 -0.15292816 -0.15292816 -0.15292816 -0.15292816
 -0.15292816 -0.15292816 -0.15292816 -0.15292816 -0.15292816 -0.15292816
 -0.15292816 -0.15292816 -0.15292816 -0.15292816 -0.15292816 -0.15292816
 -0.15292816 -0.15292816 -0.15292816 -0.15292816 -0.15292816 -0.15292816
 -0.15292816 -0.15292816 -0.15292816 -0.15292816]",[-0.02369608617456445]
2,"[-0.16691139 -0.16691139 -0.16691139 -0.16691139 -0.16691139 -0.16691139
 -0.16691139 -0.16691139 -0.16691139 -0.16691139 -0.16691139 -0.16691139
 -0.16691139 -0.16691139 -0.16691139 -0.16691139 -0.16691139 -0.16691139
  8.17889871 -0.16691139 -0.16691139  4.95326848 -0.16691139 -0.16691139
 -0.16691139 -0.16691139 -0.16691139 -0.16691139 -0.16691139 -0.16691139
  3.06258888 -0.16691139 -0.16691139 -0.16691139 -0.16691139 -0.16691139
 -0.16691139 -0.16691139 -0.16691139 -0.16691139 -0.16691139 -0.16691139
 -0.16691139 -0.16691139 -0.16691139 -0.16691139 -0.16691139 -0.16691139
 -0.16691139 -0.16691139 -0.16691139 -0.16691139 -0.16691139 -0.16691139
 -0.16691139 -0.16691139 -0.16691139 -0.16691139 -0.16691139 -0.16691139
 -0.16691139 -0.16691139 -0.16691139 -0.16691139 -0.16691139 -0.16691139
 -0.16691139 -0.16691139 -0.16691139 -0.16691139 -0.16691139 -0.16691139
 -0.16691139 -0.16691139 -0.16691139 -0.16691139 -0.16691139 -0.16691139
 -0.16691139 -0.16691139 -0.16691139 -0.16691139 -0.16691139  2.72113887
 -0.16691139 -0.16691139 -0.16691139 -0.16691139 -0.16691139 -0.16691139
 -0.16691139 -0.16691139 -0.16691139 -0.16691139  6.55167058 -0.16691139
 -0.16691139 -0.16691139 -0.16691139 -0.16691139 -0.16691139 -0.16691139
 -0.16691139 -0.16691139 -0.16691139 -0.16691139 -0.16691139 -0.16691139
 -0.16691139 -0.16691139  1.52193622 -0.16691139 -0.16691139 -0.16691139
 -0.16691139 -0.16691139  0.96765721 -0.16691139 -0.16691139 -0.16691139
 -0.16691139 -0.16691139 -0.16691139 -0.16691139 -0.16691139 -0.16691139
 -0.16691139 -0.16691139 -0.16691139 -0.16691139 -0.16691139 -0.16691139
 -0.16691139 -0.16691139 -0.16691139 -0.16691139 -0.16691139 -0.16691139
 -0.16691139 -0.16691139 -0.16691139 -0.16691139 -0.16691139 -0.16691139
 -0.16691139 -0.16691139 -0.16691139 -0.16691139 -0.16691139 -0.16691139
 -0.16691139 -0.16691139 -0.16691139 -0.16691139 -0.16691139 -0.16691139
 -0.16691139 -0.16691139 -0.16691139 -0.16691139 -0.16691139 -0.16691139
 -0.16691139 -0.16691139 -0.16691139 -0.16691139 -0.16691139 -0.16691139
 -0.16691139 -0.16691139 -0.16691139 -0.16691139 -0.16691139 -0.16691139
 -0.16691139 -0.16691139 -0.16691139 -0.16691139 -0.16691139 -0.16691139
 -0.16691139 -0.16691139 -0.16691139 -0.16691139 -0.16691139 -0.16691139
 -0.16691139 -0.16691139 -0.16691139 -0.16691139 -0.16691139 -0.16691139
 -0.16691139 -0.16691139 -0.16691139 -0.16691139 -0.16691139 -0.16691139
 -0.16691139 -0.16691139  6.02304046 -0.16691139 -0.16691139  5.78647745
 -0.16691139 -0.16691139 -0.16691139 -0.16691139 -0.16691139 -0.16691139
  2.53878326 -0.16691139 -0.16691139 -0.16691139 -0.16691139  6.86283131
 -0.16691139 -0.16691139 -0.16691139 -0.16691139 -0.16691139 -0.16691139
 -0.16691139 -0.16691139 -0.16691139 -0.16691139 -0.16691139 -0.16691139
 -0.16691139 -0.16691139 -0.16691139 -0.16691139 -0.16691139 -0.16691139
 -0.16691139  0.17976508 -0.16691139 -0.16691139 -0.16691139 -0.16691139
 -0.16691139 -0.16691139 -0.16691139 -0.16691139 -0.16691139 -0.16691139
 -0.16691139 -0.16691139 -0.16691139 -0.16691139 -0.16691139 -0.16691139
 -0.16691139 -0.16691139 -0.16691139 -0.16691139 -0.16691139 -0.16691139
 -0.16691139 -0.16691139 -0.16691139  5.35922944 -0.16691139  5.6200175
 -0.16691139 -0.16691139 -0.16691139 -0.16691139 -0.16691139 -0.16691139
 -0.16691139 -0.16691139 -0.16691139 -0.16691139 -0.16691139 -0.16691139
 -0.16691139 -0.16691139 -0.16691139 -0.16691139 -0.16691139 -0.16691139
 -0.16691139 -0.16691139 -0.16691139 -0.16691139 -0.16691139 -0.16691139
 -0.16691139 -0.16691139 -0.16691139 -0.16691139 -0.16691139 -0.16691139
 -0.16691139 -0.16691139 -0.16691139 -0.16691139 -0.16691139 -0.16691139
 -0.16691139 -0.16691139 -0.16691139 -0.16691139 -0.16691139 -0.16691139
 -0.16691139 -0.16691139 -0.16691139 -0.16691139 -0.16691139  7.05918408
 -0.16691139 -0.16691139 -0.16691139 -0.16691139 -0.16691139 -0.16691139
 -0.16691139 -0.16691139 -0.16691139 -0.16691139 -0.16691139 -0.16691139
 -0.16691139 -0.16691139 -0.16691139 -0.16691139 -0.16691139 -0.16691139
 -0.16691139 -0.16691139 -0.16691139 -0.16691139 -0.16691139 -0.16691139
 -0.16691139 -0.16691139 -0.16691139 -0.16691139 -0.16691139 -0.16691139
 -0.16691139 -0.16691139 -0.16691139 -0.16691139 -0.16691139 -0.16691139
 -0.16691139 -0.16691139 -0.16691139 -0.16691139 -0.16691139 -0.16691139
 -0.16691139 -0.16691139 -0.16691139 -0.16691139 -0.16691139 -0.16691139
 -0.16691139 -0.16691139 -0.16691139 -0.16691139 -0.16691139 -0.16691139
 -0.16691139 -0.16691139 -0.16691139 -0.16691139 -0.16691139 -0.16691139
 -0.16691139 -0.16691139 -0.16691139 -0.16691139 -0.16691139 -0.16691139
 -0.16691139 -0.16691139 -0.16691139 -0.16691139 -0.16691139 -0.16691139
 -0.16691139 -0.16691139 -0.16691139 -0.16691139 -0.16691139 -0.16691139
 -0.16691139 -0.16691139 -0.16691139 -0.16691139 -0.16691139 -0.16691139
 -0.16691139 -0.16691139 -0.16691139 -0.16691139 -0.16691139 -0.16691139
 -0.16691139 -0.16691139 -0.16691139 -0.16691139 -0.16691139 -0.16691139
 -0.16691139 -0.16691139 -0.16691139 -0.16691139 -0.16691139 -0.16691139
 -0.16691139 -0.16691139 -0.16691139 -0.16691139 -0.16691139 -0.16691139
 -0.16691139 -0.16691139 -0.16691139 -0.16691139 -0.16691139 -0.16691139
 -0.16691139 -0.16691139 -0.16691139 -0.16691139 -0.16691139 -0.16691139
 -0.16691139 -0.16691139 -0.16691139 -0.16691139 -0.16691139 -0.16691139
 -0.16691139 -0.16691139 -0.16691139 -0.16691139 -0.16691139 -0.16691139
 -0.16691139 -0.16691139 -0.16691139 -0.16691139 -0.16691139 -0.16691139
 -0.16691139 -0.16691139 -0.16691139 -0.16691139 -0.16691139 -0.16691139
 -0.16691139 -0.16691139 -0.16691139 -0.16691139 -0.16691139 -0.16691139
 -0.16691139 -0.16691139  5.56810917 -0.16691139 -0.16691139 -0.16691139
 -0.16691139 -0.16691139 -0.16691139 -0.16691139 -0.16691139 -0.16691139
  9.18893827 -0.16691139 -0.16691139 -0.16691139 -0.16691139 -0.16691139
 -0.16691139 -0.16691139 -0.16691139 -0.16691139 -0.16691139 -0.16691139
 -0.16691139 -0.16691139 -0.16691139 -0.16691139 -0.16691139  1.64598484
 -0.16691139 -0.16691139 -0.16691139 -0.16691139 -0.16691139 -0.16691139
 -0.16691139 -0.16691139 -0.16691139 -0.16691139 -0.16691139 -0.16691139
 -0.16691139 -0.16691139 -0.16691139 -0.16691139 -0.16691139 -0.16691139
 -0.16691139 -0.16691139 -0.16691139 -0.16691139 -0.16691139 -0.16691139
 -0.16691139 -0.16691139 -0.16691139 -0.16691139]",[0.008890134687896373]
2,"[-0.12992618 -0.12992618 -0.12992618 -0.12992618 -0.06316313 -0.12992618
 -0.12992618 -0.12992618 -0.12992618 -0.12992618 -0.12992618 -0.12992618
 -0.12992618 -0.12992618 -0.12992618 -0.12992618 -0.12992618 -0.12992618
 -0.12992618 -0.12992618 -0.12992618 -0.12992618 -0.12992618 -0.12992618
 -0.12992618 -0.12992618 -0.12992618 -0.12992618 -0.12992618 -0.12992618
 -0.12992618 -0.12992618 -0.12992618 -0.12992618 -0.12992618 -0.12992618
 -0.12992618 -0.12992618 -0.12992618 -0.12992618 -0.12992618 -0.12992618
 -0.12992618 -0.12992618 -0.12992618 -0.12992618 -0.12992618 -0.12992618
 -0.12992618 -0.12992618 -0.12992618 -0.12992618 -0.12992618 -0.12992618
 -0.12992618 -0.12992618 -0.12992618 -0.12992618 -0.12992618 -0.12992618
 -0.12992618 -0.12992618 -0.12992618 -0.12992618 -0.12992618 -0.12992618
 -0.12992618 -0.12992618 -0.12992618 -0.12992618 -0.12992618 -0.12992618
 -0.12992618 -0.12992618 -0.12992618 -0.12992618 -0.12992618 -0.12992618
 -0.12992618 -0.12992618 -0.12992618 -0.12992618 -0.12992618  3.05672928
 -0.12992618 -0.12992618 -0.12992618 -0.12992618 -0.12992618 -0.12992618
 -0.12992618 -0.12992618 -0.12992618 -0.12992618 -0.12992618 -0.12992618
 -0.12992618 -0.12992618 -0.12992618 -0.12992618 -0.12992618 -0.12992618
 -0.12992618 -0.12992618 -0.12992618 -0.12992618 -0.12992618 -0.12992618
 -0.12992618 -0.12992618  7.65229548 -0.12992618 -0.12992618 -0.12992618
 -0.12992618 -0.12992618  8.49507781 -0.12992618 -0.12992618 -0.12992618
 -0.12992618 -0.12992618 -0.12992618 -0.12992618 -0.12992618 -0.12992618
 -0.12992618 -0.12992618 -0.12992618 -0.12992618 -0.12992618 -0.12992618
 -0.12992618 -0.12992618 -0.12992618 -0.12992618 -0.12992618 -0.12992618
 -0.12992618 -0.12992618 -0.12992618 -0.12992618 -0.12992618 -0.12992618
 -0.12992618 -0.12992618 -0.12992618 -0.12992618 -0.12992618 -0.12992618
 -0.12992618 -0.12992618 -0.12992618 -0.12992618 -0.12992618 -0.12992618
 -0.12992618 -0.12992618 -0.12992618 -0.12992618 -0.12992618 -0.12992618
 -0.12992618 -0.12992618 -0.12992618 -0.12992618 -0.12992618 -0.12992618
 -0.12992618 -0.12992618 -0.12992618 -0.12992618 -0.12992618  4.89044342
 -0.12992618 -0.12992618 -0.12992618 -0.12992618 -0.12992618 -0.12992618
 -0.12992618 -0.12992618 -0.12992618 -0.12992618 -0.12992618 -0.12992618
  3.27272486 -0.12992618 -0.12992618 -0.12992618 -0.12992618 -0.12992618
 -0.12992618 -0.12992618 -0.12992618 -0.12992618 -0.12992618 -0.12992618
 -0.12992618 -0.12992618 -0.12992618 -0.12992618 -0.12992618 -0.12992618
 -0.12992618 -0.12992618 -0.12992618 -0.12992618 -0.12992618 -0.12992618
  6.16724491 -0.12992618 -0.12992618 -0.12992618 -0.12992618  1.1098546
 -0.12992618 -0.12992618 -0.12992618 -0.12992618 -0.12992618 -0.12992618
 -0.12992618 -0.12992618 -0.12992618 -0.12992618 -0.12992618 -0.12992618
 -0.12992618 -0.12992618 -0.12992618 -0.12992618 -0.12992618 -0.12992618
 -0.12992618 -0.12992618 -0.12992618 -0.12992618 -0.12992618 -0.12992618
  1.18726341 -0.12992618 -0.12992618 -0.12992618 -0.12992618 -0.12992618
 -0.12992618 -0.12992618 -0.12992618 -0.12992618 -0.12992618 -0.12992618
 -0.12992618 -0.12992618 -0.12992618 -0.12992618 -0.12992618 -0.12992618
 -0.12992618 -0.12992618 -0.12992618 -0.12992618 -0.12992618 -0.12992618
 -0.12992618 -0.12992618 -0.12992618 -0.12992618 -0.12992618 -0.12992618
 -0.12992618 -0.12992618 -0.12992618 -0.12992618 -0.12992618 -0.12992618
 -0.12992618 -0.12992618 -0.12992618 -0.12992618 -0.12992618 -0.12992618
 -0.12992618 -0.12992618 -0.12992618 -0.12992618 -0.12992618 -0.12992618
 -0.12992618 -0.12992618 -0.12992618 -0.12992618 -0.12992618 -0.12992618
 -0.12992618  7.54537647 -0.12992618 -0.12992618 -0.12992618 -0.12992618
 -0.12992618 -0.12992618 -0.12992618 -0.12992618 -0.12992618 -0.12992618
 -0.12992618 -0.12992618 -0.12992618 -0.12992618 -0.12992618  1.09996096
 -0.12992618 -0.12992618 -0.12992618 -0.12992618 -0.12992618 -0.12992618
 -0.12992618 -0.12992618 -0.12992618 -0.12992618 -0.12992618 -0.12992618
 -0.12992618 -0.12992618 -0.12992618 -0.12992618 -0.12992618 -0.12992618
 -0.12992618 -0.12992618 -0.12992618 -0.12992618 -0.12992618 -0.12992618
 -0.12992618 -0.12992618 -0.12992618 -0.12992618 -0.12992618 -0.12992618
 -0.12992618 -0.12992618 -0.12992618 -0.12992618 -0.12992618 -0.12992618
 -0.12992618 -0.12992618 -0.12992618 -0.12992618 -0.12992618 -0.12992618
 -0.12992618 -0.12992618 -0.12992618 -0.12992618 -0.12992618 -0.12992618
 -0.12992618 -0.12992618 -0.12992618 -0.12992618 -0.12992618 -0.12992618
 -0.12992618 -0.12992618 -0.12992618 -0.12992618 -0.12992618 -0.12992618
 -0.12992618 -0.12992618 -0.12992618 -0.12992618 -0.12992618 -0.12992618
 -0.12992618 -0.12992618 -0.12992618 -0.12992618 -0.12992618 -0.12992618
 -0.12992618 -0.12992618 -0.12992618 -0.12992618 -0.12992618 -0.12992618
 -0.12992618 -0.12992618 -0.12992618 -0.12992618 -0.12992618 -0.12992618
 -0.12992618 -0.12992618 -0.12992618 -0.12992618 -0.12992618 -0.12992618
 -0.12992618 -0.12992618 -0.12992618 -0.12992618 -0.12992618 -0.12992618
 -0.12992618 -0.12992618 -0.12992618 -0.12992618 -0.12992618 -0.12992618
 -0.12992618 -0.12992618 -0.12992618 -0.12992618 -0.12992618 -0.12992618
 -0.12992618 -0.12992618 -0.12992618 -0.12992618 -0.12992618 -0.12992618
 -0.12992618 -0.12992618 -0.12992618 -0.12992618 -0.12992618 -0.12992618
 -0.12992618 -0.12992618 -0.12992618 -0.12992618 -0.12992618 -0.12992618
 -0.12992618 -0.12992618 -0.12992618 -0.12992618 -0.12992618 -0.12992618
 -0.12992618 -0.12992618 -0.12992618 -0.12992618 -0.12992618 -0.12992618
 -0.12992618 -0.12992618 -0.12992618 -0.12992618 -0.12992618 -0.12992618
 -0.12992618 -0.12992618 -0.12992618 -0.12992618 -0.12992618 -0.12992618
 -0.12992618 -0.12992618  8.76921467 -0.12992618 -0.12992618 -0.12992618
 12.68955001 -0.12992618 -0.12992618 -0.12992618 -0.12992618 -0.12992618
 -0.12992618 -0.12992618 -0.12992618 -0.12992618 -0.12992618 -0.12992618
 -0.12992618 -0.12992618 -0.12992618 -0.12992618 -0.12992618 -0.12992618
 -0.12992618 -0.12992618 -0.12992618 -0.12992618 -0.12992618 -0.12992618
 -0.12992618 -0.12992618 -0.12992618 -0.12992618 -0.12992618 -0.12992618
 -0.12992618 -0.12992618 -0.12992618 -0.12992618 -0.12992618 -0.12992618
 -0.12992618 -0.12992618 -0.12992618 -0.12992618 -0.12992618 -0.12992618
 -0.12992618 -0.12992618 -0.12992618 -0.12992618 -0.12992618 -0.12992618
 -0.12992618 -0.12992618 -0.12992618 -0.12992618]",[0.0074284134274796715]
2,"[-0.12938493 -0.12938493 -0.12938493 -0.12938493 -0.12938493 -0.12938493
 -0.12938493 -0.12938493 -0.12938493 -0.12938493 -0.12938493 -0.12938493
 -0.12938493 -0.12938493 -0.12938493 -0.12938493 -0.12938493 -0.12938493
  1.87192864 -0.12938493 -0.12938493 -0.12938493 -0.12938493 -0.12938493
 -0.12938493 -0.12938493 -0.12938493 -0.12938493 -0.12938493 -0.12938493
 -0.12938493 -0.12938493 -0.12938493 -0.12938493 -0.12938493 -0.12938493
 -0.12938493 -0.12938493 -0.12938493 -0.12938493 -0.12938493 -0.12938493
 -0.12938493 -0.12938493 -0.12938493 -0.12938493 -0.12938493 -0.12938493
 -0.12938493 -0.12938493 -0.12938493 -0.12938493 -0.12938493 -0.12938493
 -0.12938493 -0.12938493 -0.12938493 -0.12938493 -0.12938493 -0.12938493
 -0.12938493 -0.12938493 -0.12938493 -0.12938493 -0.12938493 -0.12938493
 -0.12938493 -0.12938493 -0.12938493 -0.12938493 -0.12938493 -0.12938493
 -0.12938493 -0.12938493 -0.12938493 -0.12938493 -0.12938493 -0.12938493
 -0.12938493 -0.12938493 -0.12938493 -0.12938493 -0.12938493  3.00746096
 -0.12938493 -0.12938493 -0.12938493 -0.12938493 -0.12938493 -0.12938493
 -0.12938493 -0.12938493 -0.12938493 -0.12938493 -0.12938493 -0.12938493
 -0.12938493 -0.12938493 -0.12938493 -0.12938493 -0.12938493 -0.12938493
 -0.12938493 -0.12938493 -0.12938493 -0.12938493 -0.12938493 -0.12938493
 -0.12938493 -0.12938493 -0.12938493 -0.12938493 -0.12938493 -0.12938493
 -0.12938493 -0.12938493 -0.12938493 -0.12938493 -0.12938493 -0.12938493
 -0.12938493 -0.12938493 -0.12938493 -0.12938493 -0.12938493 -0.12938493
 -0.12938493 -0.12938493 -0.12938493 -0.12938493 -0.12938493 -0.12938493
 -0.12938493 -0.12938493 -0.12938493 -0.12938493 -0.12938493 -0.12938493
 -0.12938493 -0.12938493 -0.12938493 -0.12938493 -0.12938493 -0.12938493
 -0.12938493 -0.12938493 -0.12938493 -0.12938493 -0.12938493 -0.12938493
 -0.12938493 -0.12938493 -0.12938493 -0.12938493 -0.12938493 -0.12938493
 -0.12938493 -0.12938493 -0.12938493 -0.12938493 -0.12938493 -0.12938493
 -0.12938493 -0.12938493 -0.12938493 -0.12938493 -0.12938493 -0.12938493
 -0.12938493 -0.12938493 -0.12938493 -0.12938493 -0.12938493 -0.12938493
 -0.12938493 -0.12938493 -0.12938493 -0.12938493 -0.12938493 -0.12938493
 -0.12938493 -0.12938493 -0.12938493 -0.12938493 -0.12938493 -0.12938493
 -0.12938493 -0.12938493 -0.12938493 -0.12938493 -0.12938493 -0.12938493
 -0.12938493 -0.12938493 -0.12938493 -0.12938493 -0.12938493 -0.12938493
 -0.12938493 -0.12938493  4.85164219 -0.12938493 -0.12938493 -0.12938493
 -0.12938493 -0.12938493 -0.12938493 -0.12938493 -0.12938493 -0.12938493
  5.13822152 -0.12938493 -0.12938493 -0.12938493 -0.12938493  8.40352243
 -0.12938493 -0.12938493 -0.12938493 -0.12938493 -0.12938493 -0.12938493
 -0.12938493 -0.12938493 -0.12938493 -0.12938493 -0.12938493 -0.12938493
 -0.12938493 -0.12938493 -0.12938493 -0.12938493 -0.12938493 -0.12938493
 -0.12938493  0.03629826 -0.12938493 -0.12938493 -0.12938493 -0.12938493
 -0.12938493 -0.12938493 -0.12938493 -0.12938493 -0.12938493 -0.12938493
 -0.12938493 -0.12938493 -0.12938493 -0.12938493 -0.12938493 -0.12938493
 -0.12938493 -0.12938493 -0.12938493 -0.12938493 -0.12938493 -0.12938493
 -0.12938493 -0.12938493  8.3582226  -0.12938493 -0.12938493 -0.12938493
 -0.12938493 -0.12938493 -0.12938493 -0.12938493 -0.12938493 -0.12938493
 -0.12938493 -0.12938493 -0.12938493 -0.12938493 -0.12938493 -0.12938493
 -0.12938493 -0.12938493 -0.12938493 -0.12938493 -0.12938493 -0.12938493
 -0.12938493 -0.12938493 -0.12938493 -0.12938493 -0.12938493 -0.12938493
  5.25756598 -0.12938493 -0.12938493 -0.12938493 -0.12938493 -0.12938493
 -0.12938493 -0.12938493 -0.12938493 -0.12938493 -0.12938493 -0.12938493
 -0.12938493 -0.12938493 -0.12938493 -0.12938493 -0.12938493 -0.12938493
 -0.12938493 -0.12938493 -0.12938493 -0.12938493 -0.12938493  8.56077948
 -0.12938493 -0.12938493 -0.12938493 -0.12938493 -0.12938493 -0.12938493
 -0.12938493 -0.12938493 -0.12938493 -0.12938493 -0.12938493 -0.12938493
 -0.12938493 -0.12938493 -0.12938493 -0.12938493 -0.12938493 -0.12938493
 -0.12938493 -0.12938493 -0.12938493 -0.12938493 -0.12938493 -0.12938493
 -0.12938493 -0.12938493 -0.12938493 -0.12938493 -0.12938493 -0.12938493
 -0.12938493 -0.12938493 -0.12938493 -0.12938493 -0.12938493 -0.12938493
 -0.12938493 -0.12938493 -0.12938493 -0.12938493 -0.12938493 -0.12938493
 -0.12938493 -0.12938493 -0.12938493 -0.12938493 -0.12938493 -0.12938493
 -0.12938493 -0.12938493 -0.12938493 -0.12938493 -0.12938493 -0.12938493
 -0.12938493 -0.12938493 -0.12938493 -0.12938493 -0.12938493 -0.12938493
 -0.12938493 -0.12938493 -0.12938493 -0.12938493 -0.12938493 -0.12938493
 -0.12938493 -0.12938493 -0.12938493 -0.12938493 -0.12938493 -0.12938493
 -0.12938493 -0.12938493 -0.12938493 -0.12938493 -0.12938493 -0.12938493
 -0.12938493 -0.12938493 -0.12938493 -0.12938493 -0.12938493 -0.12938493
 -0.12938493 -0.12938493 -0.12938493 -0.12938493 -0.12938493 -0.12938493
 -0.12938493 -0.12938493 -0.12938493 -0.12938493 -0.12938493 -0.12938493
 -0.12938493 -0.12938493 -0.12938493 -0.12938493 -0.12938493 -0.12938493
 -0.12938493 -0.12938493 -0.12938493 -0.12938493 -0.12938493 -0.12938493
 -0.12938493 -0.12938493 -0.12938493 -0.12938493 -0.12938493 -0.12938493
 -0.12938493 -0.12938493 -0.12938493 -0.12938493 -0.12938493 -0.12938493
 -0.12938493 -0.12938493 -0.12938493 -0.12938493 -0.12938493 -0.12938493
 -0.12938493 -0.12938493 -0.12938493 -0.12938493 -0.12938493 -0.12938493
 -0.12938493 -0.12938493 -0.12938493 -0.12938493 -0.12938493 -0.12938493
 -0.12938493 -0.12938493 -0.12938493 -0.12938493 -0.12938493 -0.12938493
 -0.12938493 -0.12938493 -0.12938493 -0.12938493 -0.12938493 -0.12938493
 -0.12938493 -0.12938493 10.39354272 -0.12938493 -0.12938493 -0.12938493
  9.97774264 -0.12938493 -0.12938493 -0.12938493 -0.12938493 -0.12938493
 -0.12938493 -0.12938493 -0.12938493 -0.12938493 -0.12938493 -0.12938493
 -0.12938493 -0.12938493 -0.12938493 -0.12938493 -0.12938493 -0.12938493
 -0.12938493 -0.12938493 -0.12938493 -0.12938493 -0.12938493 -0.12938493
 -0.12938493 -0.12938493 -0.12938493 -0.12938493 -0.12938493 -0.12938493
 -0.12938493 -0.12938493 -0.12938493 -0.12938493 -0.12938493 -0.12938493
 -0.12938493 -0.12938493 -0.12938493 -0.12938493 -0.12938493 -0.12938493
 -0.12938493 -0.12938493 -0.12938493 -0.12938493 -0.12938493 -0.12938493
 -0.12938493 -0.12938493 -0.12938493 -0.12938493]",[-0.02948060369257058]
2,"[-0.15396051 -0.15396051 -0.15396051 -0.15396051 -0.15396051 -0.15396051
 -0.15396051 -0.15396051 -0.15396051 -0.15396051 -0.15396051 -0.15396051
 -0.15396051 -0.15396051 -0.15396051 -0.15396051 -0.15396051 -0.15396051
  2.49429925 -0.15396051 -0.15396051 -0.15396051 -0.15396051 -0.15396051
 -0.15396051 -0.15396051 -0.15396051 -0.15396051 -0.15396051 -0.15396051
 -0.15396051 -0.15396051 -0.15396051 -0.15396051 -0.15396051 -0.15396051
 -0.15396051 -0.15396051 -0.15396051 -0.15396051 -0.15396051 -0.15396051
 -0.15396051 -0.15396051 -0.15396051 -0.15396051 -0.15396051 -0.15396051
 -0.15396051 -0.15396051 -0.15396051 -0.15396051 -0.15396051 -0.15396051
 -0.15396051 -0.15396051 -0.15396051 -0.15396051 -0.15396051 -0.15396051
 -0.15396051 -0.15396051 -0.15396051 -0.15396051 -0.15396051 -0.15396051
 -0.15396051 -0.15396051 -0.15396051 -0.15396051 -0.15396051 -0.15396051
 -0.15396051 -0.15396051 -0.15396051 -0.15396051 -0.15396051 -0.15396051
 -0.15396051 -0.15396051 -0.15396051 -0.15396051 -0.15396051 10.25791292
 -0.15396051 -0.15396051  4.77694666 -0.15396051 -0.15396051 -0.15396051
 -0.15396051 -0.15396051 -0.15396051 -0.15396051 -0.15396051 -0.15396051
 -0.15396051 -0.15396051 -0.15396051 -0.15396051 -0.15396051 -0.15396051
 -0.15396051 -0.15396051 -0.15396051 -0.15396051 -0.15396051 -0.15396051
 -0.15396051 -0.15396051  7.41332313 -0.15396051 -0.15396051 -0.15396051
 -0.15396051 -0.15396051  8.82322193 -0.15396051 -0.15396051 -0.15396051
 -0.15396051 -0.15396051 -0.15396051 -0.15396051 -0.15396051 -0.15396051
 -0.15396051 -0.15396051 -0.15396051 -0.15396051 -0.15396051 -0.15396051
 -0.15396051 -0.15396051 -0.15396051 -0.15396051 -0.15396051 -0.15396051
 -0.15396051 -0.15396051 -0.15396051 -0.15396051 -0.15396051 -0.15396051
 -0.15396051 -0.15396051 -0.15396051 -0.15396051 -0.15396051 -0.15396051
 -0.15396051 -0.15396051 -0.15396051 -0.15396051 -0.15396051 -0.15396051
 -0.15396051 -0.15396051 -0.15396051 -0.15396051 -0.15396051 -0.15396051
 -0.15396051 -0.15396051 -0.15396051 -0.15396051 -0.15396051 -0.15396051
 -0.15396051 -0.15396051 -0.15396051 -0.15396051 -0.15396051 -0.15396051
 -0.15396051 -0.15396051 -0.15396051 -0.15396051 -0.15396051 -0.15396051
 -0.15396051 -0.15396051 -0.15396051 -0.15396051 -0.15396051 -0.15396051
 -0.15396051 -0.15396051 -0.15396051 -0.15396051 -0.15396051 -0.15396051
 -0.15396051 -0.15396051 -0.15396051 -0.15396051 -0.15396051 -0.15396051
 -0.15396051 -0.15396051  2.30100174 -0.15396051 -0.15396051  3.08175464
 -0.15396051 -0.15396051 -0.15396051 -0.15396051 -0.15396051 -0.15396051
  1.3512927  -0.15396051 -0.15396051 -0.15396051 -0.15396051 -0.15396051
 -0.15396051 -0.15396051 -0.15396051 -0.15396051 -0.15396051 -0.15396051
 -0.15396051 -0.15396051 -0.15396051 -0.15396051 -0.15396051 -0.15396051
 -0.15396051 -0.15396051 -0.15396051 -0.15396051 -0.15396051 -0.15396051
 -0.15396051  4.32645944 -0.15396051 -0.15396051 -0.15396051 -0.15396051
 -0.15396051 -0.15396051 -0.15396051 -0.15396051 -0.15396051 -0.15396051
 -0.15396051 -0.15396051 -0.15396051 -0.15396051 -0.15396051 -0.15396051
 -0.15396051 -0.15396051 -0.15396051 -0.15396051  7.23784541 -0.15396051
 -0.15396051 -0.15396051 -0.15396051 -0.15396051 -0.15396051  0.53250952
 -0.15396051 -0.15396051 -0.15396051 -0.15396051 -0.15396051 -0.15396051
 -0.15396051 -0.15396051 -0.15396051 -0.15396051 -0.15396051 -0.15396051
 -0.15396051 -0.15396051 -0.15396051 -0.15396051 -0.15396051 -0.15396051
 -0.15396051 -0.15396051 -0.15396051 -0.15396051 -0.15396051 -0.15396051
 -0.15396051 -0.15396051 -0.15396051 -0.15396051 -0.15396051 -0.15396051
 -0.15396051 -0.15396051 -0.15396051 -0.15396051 -0.15396051 -0.15396051
 -0.15396051 -0.15396051 -0.15396051 -0.15396051 -0.15396051 -0.15396051
 -0.15396051  8.51048126 -0.15396051 -0.15396051 -0.15396051  1.3824336
 -0.15396051 -0.15396051 -0.15396051 -0.15396051 -0.15396051 -0.15396051
 -0.15396051 -0.15396051 -0.15396051 -0.15396051 -0.15396051 -0.15396051
 -0.15396051 -0.15396051 -0.15396051 -0.15396051 -0.15396051 -0.15396051
 -0.15396051 -0.15396051 -0.15396051 -0.15396051 -0.15396051 -0.15396051
 -0.15396051 -0.15396051 -0.15396051 -0.15396051 -0.15396051 -0.15396051
 -0.15396051 -0.15396051 -0.15396051 -0.15396051 -0.15396051 -0.15396051
 -0.15396051 -0.15396051 -0.15396051 -0.15396051 -0.15396051 -0.15396051
 -0.15396051 -0.15396051 -0.15396051 -0.15396051 -0.15396051 -0.15396051
 -0.15396051 -0.15396051 -0.15396051 -0.15396051 -0.15396051 -0.15396051
 -0.15396051 -0.15396051 -0.15396051 -0.15396051 -0.15396051 -0.15396051
 -0.15396051 -0.15396051 -0.15396051 -0.15396051 -0.15396051 -0.15396051
 -0.15396051 -0.15396051 -0.15396051 -0.15396051 -0.15396051 -0.15396051
 -0.15396051 -0.15396051 -0.15396051 -0.15396051 -0.15396051 -0.15396051
 -0.15396051 -0.15396051 -0.15396051 -0.15396051 -0.15396051 -0.15396051
 -0.15396051 -0.15396051 -0.15396051 -0.15396051 -0.15396051 -0.15396051
 -0.15396051 -0.15396051 -0.15396051 -0.15396051 -0.15396051 -0.15396051
 -0.15396051 -0.15396051 -0.15396051 -0.15396051 -0.15396051 -0.15396051
 -0.15396051 -0.15396051 -0.15396051 -0.15396051 -0.15396051 -0.15396051
 -0.15396051 -0.15396051 -0.15396051 -0.15396051 -0.15396051 -0.15396051
 -0.15396051 -0.15396051 -0.15396051 -0.15396051 -0.15396051 -0.15396051
 -0.15396051 -0.15396051 -0.15396051 -0.15396051 -0.15396051 -0.15396051
 -0.15396051 -0.15396051 -0.15396051 -0.15396051 -0.15396051 -0.15396051
 -0.15396051 -0.15396051 -0.15396051 -0.15396051 -0.15396051 -0.15396051
 -0.15396051 -0.15396051 -0.15396051 -0.15396051 -0.15396051 -0.15396051
 -0.15396051 -0.15396051 -0.15396051 -0.15396051 -0.15396051 -0.15396051
 -0.15396051 -0.15396051  6.05633773 -0.15396051 -0.15396051 -0.15396051
  5.23319312 -0.15396051 -0.15396051 -0.15396051 -0.15396051 -0.15396051
 -0.15396051 -0.15396051 -0.15396051 -0.15396051 -0.15396051 -0.15396051
 -0.15396051 -0.15396051 -0.15396051 -0.15396051 -0.15396051 -0.15396051
 -0.15396051  3.81708617 -0.15396051 -0.15396051 -0.15396051 -0.15396051
 -0.15396051 -0.15396051 -0.15396051 -0.15396051 -0.15396051 -0.15396051
 -0.15396051 -0.15396051 -0.15396051 -0.15396051 -0.15396051 -0.15396051
 -0.15396051 -0.15396051 -0.15396051 -0.15396051 -0.15396051 -0.15396051
 -0.15396051 -0.15396051 -0.15396051 -0.15396051 -0.15396051 -0.15396051
 -0.15396051 -0.15396051 -0.15396051 -0.15396051]",[-0.0419763937103117]
2,"[-0.18918539 -0.18918539 -0.18918539 -0.18918539 -0.18918539 -0.18918539
 -0.18918539 -0.18918539 -0.18918539 -0.18918539 -0.18918539 -0.18918539
 -0.18918539 -0.18918539 -0.18918539 -0.18918539 -0.18918539 -0.18918539
 -0.18918539 -0.18918539 -0.18918539  1.89812508 -0.18918539 -0.18918539
 -0.18918539 -0.18918539 -0.18918539 -0.18918539 -0.18918539 -0.18918539
 -0.18918539 -0.18918539 -0.18918539 -0.18918539 -0.18918539 -0.18918539
 -0.18918539 -0.18918539 -0.18918539 -0.18918539 -0.18918539 -0.18918539
 -0.18918539 -0.18918539 -0.18918539 -0.18918539 -0.18918539 -0.18918539
 -0.18918539 -0.18918539 -0.18918539 -0.18918539 -0.18918539 -0.18918539
 -0.18918539 -0.18918539 -0.18918539 -0.18918539 -0.18918539 -0.18918539
 -0.18918539 -0.18918539 -0.18918539 -0.18918539 -0.18918539 -0.18918539
 -0.18918539 -0.18918539 -0.18918539 -0.18918539 -0.18918539 -0.18918539
 -0.18918539 -0.18918539 -0.18918539 -0.18918539 -0.18918539 -0.18918539
 -0.18918539 -0.18918539 -0.18918539 -0.18918539 -0.18918539  8.24905087
 -0.18918539 -0.18918539 -0.18918539 -0.18918539 -0.18918539  6.53717621
 -0.18918539 -0.18918539  1.51704416 -0.18918539 -0.18918539 -0.18918539
 -0.18918539 -0.18918539 -0.18918539 -0.18918539 -0.18918539 -0.18918539
 -0.18918539 -0.18918539 -0.18918539 -0.18918539 -0.18918539 -0.18918539
 -0.18918539 -0.18918539  6.8704144  -0.18918539 -0.18918539 -0.18918539
 -0.18918539 -0.18918539  6.33678478 -0.18918539 -0.18918539 -0.18918539
 -0.18918539 -0.18918539 -0.18918539 -0.18918539  4.73470511 -0.18918539
 -0.18918539 -0.18918539 -0.18918539 -0.18918539 -0.18918539 -0.18918539
 -0.18918539 -0.18918539 -0.18918539 -0.18918539 -0.18918539 -0.18918539
 -0.18918539 -0.18918539 -0.18918539 -0.18918539 -0.18918539 -0.18918539
 -0.18918539 -0.18918539 -0.18918539 -0.18918539 -0.18918539 -0.18918539
 -0.18918539 -0.18918539 -0.18918539 -0.18918539 -0.18918539 -0.18918539
 -0.18918539 -0.18918539 -0.18918539 -0.18918539 -0.18918539 -0.18918539
 -0.18918539 -0.18918539 -0.18918539 -0.18918539 -0.18918539 -0.18918539
 -0.18918539 -0.18918539 -0.18918539 -0.18918539 -0.18918539 -0.18918539
 -0.18918539 -0.18918539 -0.18918539 -0.18918539 -0.18918539 -0.18918539
 -0.18918539 -0.18918539 -0.18918539 -0.18918539 -0.18918539 -0.18918539
 -0.18918539 -0.18918539 -0.18918539 -0.18918539 -0.18918539 -0.18918539
 -0.18918539 -0.18918539 -0.18918539 -0.18918539 -0.18918539 -0.18918539
 -0.18918539 -0.18918539  2.60524557 -0.18918539 -0.18918539 -0.18918539
 -0.18918539 -0.18918539 -0.18918539 -0.18918539 -0.18918539 -0.18918539
  1.72895833 -0.18918539 -0.18918539 -0.18918539 -0.18918539  2.77824006
 -0.18918539 -0.18918539 -0.18918539 -0.18918539 -0.18918539 -0.18918539
 -0.18918539 -0.18918539 -0.18918539 -0.18918539 -0.18918539 -0.18918539
 -0.18918539 -0.18918539 -0.18918539  3.52293217 -0.18918539 -0.18918539
 -0.18918539  1.74101444 -0.18918539 -0.18918539  0.97530072 -0.18918539
  3.79856491 -0.18918539 -0.18918539 -0.18918539 -0.18918539 -0.18918539
 -0.18918539 -0.18918539 -0.18918539 -0.18918539 -0.18918539 -0.18918539
 -0.18918539 -0.18918539 -0.18918539 -0.18918539 -0.18918539 -0.18918539
 -0.18918539 -0.18918539 -0.18918539  4.25548676 -0.18918539 -0.08371885
 -0.18918539 -0.18918539 -0.18918539 -0.18918539 -0.18918539 -0.18918539
 -0.18918539 -0.18918539 -0.18918539 -0.18918539 -0.18918539 -0.18918539
 -0.18918539 -0.18918539 -0.18918539 -0.18918539 -0.18918539 -0.18918539
  5.50125279 -0.18918539 -0.18918539 -0.18918539 -0.18918539  5.27735795
 -0.18918539 -0.18918539 -0.18918539 -0.18918539 -0.18918539 -0.18918539
 -0.18918539 -0.18918539 -0.18918539 -0.18918539 -0.18918539 -0.18918539
 -0.18918539 -0.18918539 -0.18918539 -0.18918539 -0.18918539 -0.18918539
 -0.18918539 -0.18918539 -0.18918539 -0.18918539 -0.18918539  2.54750704
 -0.18918539 -0.18918539 -0.18918539 -0.18918539 -0.18918539 -0.18918539
 -0.18918539 -0.18918539 -0.18918539 -0.18918539 -0.18918539 -0.18918539
 -0.18918539 -0.18918539 -0.18918539 -0.18918539 -0.18918539 -0.18918539
 -0.18918539 -0.18918539 -0.18918539 -0.18918539 -0.18918539 -0.18918539
 -0.18918539 -0.18918539 -0.18918539 -0.18918539 -0.18918539 -0.18918539
 -0.18918539 -0.18918539 -0.18918539 -0.18918539 -0.18918539 -0.18918539
 -0.18918539 -0.18918539 -0.18918539 -0.18918539 -0.18918539 -0.18918539
 -0.18918539 -0.18918539 -0.18918539 -0.18918539 -0.18918539 -0.18918539
 -0.18918539 -0.18918539 -0.18918539 -0.18918539 -0.18918539 -0.18918539
 -0.18918539 -0.18918539 -0.18918539 -0.18918539 -0.18918539 -0.18918539
 -0.18918539 -0.18918539 -0.18918539 -0.18918539 -0.18918539 -0.18918539
 -0.18918539 -0.18918539 -0.18918539 -0.18918539 -0.18918539 -0.18918539
 -0.18918539 -0.18918539 -0.18918539 -0.18918539 -0.18918539 -0.18918539
 -0.18918539 -0.18918539 -0.18918539 -0.18918539 -0.18918539 -0.18918539
 -0.18918539 -0.18918539 -0.18918539 -0.18918539 -0.18918539 -0.18918539
 -0.18918539 -0.18918539 -0.18918539 -0.18918539 -0.18918539 -0.18918539
 -0.18918539 -0.18918539 -0.18918539 -0.18918539 -0.18918539 -0.18918539
 -0.18918539 -0.18918539 -0.18918539 -0.18918539 -0.18918539 -0.18918539
 -0.18918539 -0.18918539 -0.18918539 -0.18918539 -0.18918539  6.26162185
 -0.18918539 -0.18918539 -0.18918539 -0.18918539 -0.18918539 -0.18918539
 -0.18918539 -0.18918539 -0.18918539 -0.18918539 -0.18918539 -0.18918539
 -0.18918539 -0.18918539 -0.18918539 -0.18918539 -0.18918539 -0.18918539
  4.61830955 -0.18918539 -0.18918539 -0.18918539 -0.18918539 -0.18918539
 -0.18918539 -0.18918539 -0.18918539 -0.18918539 -0.18918539 -0.18918539
 -0.18918539 -0.18918539 -0.18918539 -0.18918539 -0.18918539 -0.18918539
 -0.18918539 -0.18918539  4.19336121 -0.18918539 -0.18918539 -0.18918539
 -0.18918539 -0.18918539 -0.18918539 -0.18918539 -0.18918539 -0.18918539
 -0.18918539 -0.18918539 -0.18918539 -0.18918539 -0.18918539 -0.18918539
 -0.18918539 -0.18918539 -0.18918539 -0.18918539 -0.18918539 -0.18918539
 -0.18918539 -0.18918539 -0.18918539 -0.18918539 -0.18918539 -0.18918539
 -0.18918539 -0.18918539 -0.18918539 -0.18918539 -0.18918539 -0.18918539
 -0.18918539 -0.18918539 -0.18918539 -0.18918539 -0.18918539 -0.18918539
 -0.18918539 -0.18918539 -0.18918539 -0.18918539 -0.18918539 -0.18918539
 -0.18918539 -0.18918539 -0.18918539 -0.18918539 -0.18918539 -0.18918539
 -0.18918539 -0.18918539  8.16040432 -0.18918539]",[-0.023069182183390352]
2,"[-0.17563707 -0.17563707 -0.17563707 -0.17563707 -0.17563707 -0.17563707
 -0.17563707 -0.17563707 -0.17563707 -0.17563707 -0.17563707 -0.17563707
 -0.17563707 -0.17563707 -0.17563707 -0.17563707 -0.17563707 -0.17563707
 -0.17563707 -0.17563707 -0.17563707 -0.17563707 -0.17563707 -0.17563707
 -0.17563707 -0.17563707 -0.17563707 -0.17563707 -0.17563707 -0.17563707
 -0.17563707 -0.17563707 -0.17563707 -0.17563707 -0.17563707 -0.17563707
 -0.17563707 -0.17563707 -0.17563707 -0.17563707 -0.17563707 -0.17563707
 -0.17563707 -0.17563707 -0.17563707 -0.17563707 -0.17563707 -0.17563707
 -0.17563707 -0.17563707 -0.17563707 -0.17563707 -0.17563707 -0.17563707
 -0.17563707 -0.17563707 -0.17563707 -0.17563707 -0.17563707 -0.17563707
 -0.17563707 -0.17563707 -0.17563707 -0.17563707 -0.17563707 -0.17563707
 -0.17563707 -0.17563707 -0.17563707 -0.17563707 -0.17563707 -0.17563707
 -0.17563707 -0.17563707 -0.17563707 -0.17563707 -0.17563707 -0.17563707
 -0.17563707 -0.17563707 -0.17563707 -0.17563707 -0.17563707 10.82801537
 -0.17563707 -0.17563707 -0.17563707 -0.17563707 -0.17563707 -0.17563707
 -0.17563707 -0.17563707  2.86405244 -0.17563707 -0.17563707 -0.17563707
 -0.17563707 -0.17563707 -0.17563707 -0.17563707 -0.17563707 -0.17563707
 -0.17563707 -0.17563707 -0.17563707 -0.17563707 -0.17563707 -0.17563707
 -0.17563707 -0.17563707  8.78842942 -0.17563707 -0.17563707 -0.17563707
 -0.17563707 -0.17563707 -0.17563707 -0.17563707  0.6153594  -0.17563707
 -0.17563707 -0.17563707 -0.17563707 -0.17563707 -0.17563707 -0.17563707
 -0.17563707 -0.17563707 -0.17563707 -0.17563707 -0.17563707 -0.17563707
 -0.17563707 -0.17563707 -0.17563707 -0.17563707 -0.17563707 -0.17563707
 -0.17563707 -0.17563707 -0.17563707 -0.17563707 -0.17563707 -0.17563707
 -0.17563707 -0.17563707 -0.17563707 -0.17563707 -0.17563707 -0.17563707
 -0.17563707 -0.17563707 -0.17563707 -0.17563707 -0.17563707 -0.17563707
 -0.17563707 -0.17563707 -0.17563707 -0.17563707 -0.17563707 -0.17563707
 -0.17563707 -0.17563707 -0.17563707 -0.17563707 -0.17563707 -0.17563707
 -0.17563707 -0.17563707 -0.17563707 -0.17563707 -0.17563707 -0.17563707
 -0.17563707 -0.17563707 -0.17563707 -0.17563707 -0.17563707 -0.17563707
 -0.17563707 -0.17563707 -0.17563707 -0.17563707 -0.17563707 -0.17563707
 -0.17563707 -0.17563707 -0.17563707 -0.17563707 -0.17563707 -0.17563707
 -0.17563707 -0.17563707 -0.17563707 -0.17563707 -0.17563707 -0.17563707
 -0.17563707 -0.17563707  2.23557009 -0.17563707 -0.17563707  0.60358059
 -0.17563707 -0.17563707 -0.17563707 -0.17563707 -0.17563707 -0.17563707
  1.30278783 -0.17563707 -0.17563707 -0.17563707 -0.17563707  0.62017415
 -0.17563707 -0.17563707 -0.17563707 -0.17563707 -0.17563707 -0.17563707
 -0.17563707 -0.17563707 -0.17563707 -0.17563707 -0.17563707 -0.17563707
 -0.17563707 -0.17563707 -0.17563707 -0.17563707 -0.17563707 -0.17563707
 -0.17563707  4.06174486 -0.17563707  2.63256851  3.34588993 -0.17563707
  3.82066406 -0.17563707 -0.17563707 -0.17563707 -0.17563707 -0.17563707
 -0.17563707 -0.17563707 -0.17563707 -0.17563707 -0.17563707 -0.17563707
 -0.17563707 -0.17563707 -0.17563707 -0.17563707  1.36539076 -0.17563707
 -0.17563707 -0.17563707  3.05125937  3.22328734 -0.17563707  1.44347909
 -0.17563707 -0.17563707 -0.17563707 -0.17563707 -0.17563707 -0.17563707
 -0.17563707 -0.17563707 -0.17563707 -0.17563707  6.11858927 -0.17563707
 -0.17563707 -0.17563707 -0.17563707  3.24720371 -0.17563707 -0.17563707
 -0.17563707  1.30278783 -0.17563707 -0.17563707 -0.17563707  7.45063495
 -0.17563707 -0.17563707 -0.17563707 -0.17563707 -0.17563707 -0.17563707
 -0.17563707 -0.17563707 -0.17563707 -0.17563707 -0.17563707 -0.17563707
 -0.17563707 -0.17563707 -0.17563707 -0.17563707 -0.17563707 -0.17563707
 -0.17563707 -0.17563707 -0.17563707 -0.17563707 -0.17563707  6.4473121
 -0.17563707 -0.17563707 -0.17563707 -0.17563707 -0.17563707 -0.17563707
 -0.17563707 -0.17563707 -0.17563707 -0.17563707 -0.17563707 -0.17563707
 -0.17563707 -0.17563707 -0.17563707 -0.17563707 -0.17563707 -0.17563707
 -0.17563707 -0.17563707 -0.17563707 -0.17563707 -0.17563707 -0.17563707
 -0.17563707 -0.17563707 -0.17563707 -0.17563707 -0.17563707 -0.17563707
 -0.17563707 -0.17563707 -0.17563707 -0.17563707 -0.17563707 -0.17563707
 -0.17563707 -0.17563707 -0.17563707 -0.17563707 -0.17563707 -0.17563707
 -0.17563707 -0.17563707 -0.17563707 -0.17563707 -0.17563707 -0.17563707
 -0.17563707 -0.17563707 -0.17563707 -0.17563707 -0.17563707 -0.17563707
 -0.17563707 -0.17563707 -0.17563707 -0.17563707 -0.17563707 -0.17563707
 -0.17563707 -0.17563707 -0.17563707 -0.17563707 -0.17563707 -0.17563707
 -0.17563707 -0.17563707 -0.17563707 -0.17563707 -0.17563707 -0.17563707
 -0.17563707 -0.17563707 -0.17563707 -0.17563707 -0.17563707 -0.17563707
 -0.17563707 -0.17563707 -0.17563707 -0.17563707 -0.17563707 -0.17563707
 -0.17563707 -0.17563707 -0.17563707 -0.17563707 -0.17563707 -0.17563707
 -0.17563707 -0.17563707 -0.17563707 -0.17563707 -0.17563707 -0.17563707
 -0.17563707 -0.17563707 -0.17563707 -0.17563707 -0.17563707 -0.17563707
 -0.17563707 -0.17563707 -0.17563707 -0.17563707 -0.17563707 -0.17563707
 -0.17563707 -0.17563707 -0.17563707 -0.17563707 -0.17563707 -0.17563707
 -0.17563707 -0.17563707 -0.17563707 -0.17563707 -0.17563707 -0.17563707
 -0.17563707 -0.17563707 -0.17563707 -0.17563707 -0.17563707 -0.17563707
 -0.17563707 -0.17563707 -0.17563707 -0.17563707 -0.17563707 -0.17563707
 -0.17563707 -0.17563707 -0.17563707 -0.17563707 -0.17563707 -0.17563707
 -0.17563707 -0.17563707 -0.17563707 -0.17563707 -0.17563707 -0.17563707
 -0.17563707 -0.17563707 -0.17563707 -0.17563707 -0.17563707 -0.17563707
 -0.17563707 -0.17563707  7.27606629 -0.17563707 -0.17563707 -0.17563707
 -0.17563707 -0.17563707 -0.17563707  4.64677726 -0.17563707 -0.17563707
 -0.17563707 -0.17563707 -0.17563707 -0.17563707 -0.17563707 -0.17563707
 -0.17563707 -0.17563707 -0.17563707 -0.17563707 -0.17563707 -0.17563707
 -0.17563707 -0.17563707 -0.17563707 -0.17563707 -0.17563707 -0.17563707
 -0.17563707 -0.17563707 -0.17563707 -0.17563707 -0.17563707 -0.17563707
 -0.17563707 -0.17563707 -0.17563707 -0.17563707 -0.17563707 -0.17563707
 -0.17563707 -0.17563707 -0.17563707 -0.17563707 -0.17563707 -0.17563707
 -0.17563707 -0.17563707 -0.17563707 -0.17563707 -0.17563707 -0.17563707
 -0.17563707 -0.17563707 -0.17563707 -0.17563707]",[0.030087285207459374]
2,"[-0.14527918 -0.14527918 -0.14527918 -0.14527918 -0.14527918 -0.14527918
 -0.14527918 -0.14527918 -0.14527918 -0.14527918 -0.14527918 -0.14527918
 -0.14527918 -0.14527918 -0.14527918 -0.14527918 -0.14527918 -0.14527918
  1.98016679 -0.14527918 -0.14527918 -0.14527918 -0.14527918 -0.14527918
 -0.14527918 -0.14527918 -0.14527918 -0.14527918 -0.14527918 -0.14527918
 -0.14527918 -0.14527918 -0.14527918 -0.14527918 -0.14527918 -0.14527918
 -0.14527918 -0.14527918 -0.14527918 -0.14527918 -0.14527918 -0.14527918
 -0.14527918 -0.14527918 -0.14527918 -0.14527918 -0.14527918 -0.14527918
 -0.14527918 -0.14527918 -0.14527918 -0.14527918 -0.14527918 -0.14527918
 -0.14527918 -0.14527918 -0.14527918 -0.14527918  3.57394228 -0.14527918
 -0.14527918 -0.14527918 -0.14527918 -0.14527918 -0.14527918 -0.14527918
 -0.14527918 -0.14527918 -0.14527918 -0.14527918 -0.14527918 -0.14527918
 -0.14527918 -0.14527918 -0.14527918 -0.14527918 -0.14527918 -0.14527918
 -0.14527918 -0.14527918 -0.14527918 -0.14527918 -0.14527918  9.81490688
 -0.14527918 -0.14527918 -0.14527918 -0.14527918  1.28950029 -0.14527918
 -0.14527918 -0.14527918 -0.14527918 -0.14527918 -0.14527918 -0.14527918
 -0.14527918 -0.14527918 -0.14527918 -0.14527918 -0.14527918 -0.14527918
 -0.14527918 -0.14527918 -0.14527918 -0.14527918 -0.14527918 -0.14527918
 -0.14527918 -0.14527918  8.73692233 -0.14527918 -0.14527918 -0.14527918
 -0.14527918 -0.14527918  6.4909971  -0.14527918 -0.14527918 -0.14527918
 -0.14527918 -0.14527918 -0.14527918 -0.14527918 -0.14527918 -0.14527918
 -0.14527918 -0.14527918 -0.14527918 -0.14527918 -0.14527918 -0.14527918
 -0.14527918 -0.14527918 -0.14527918 -0.14527918 -0.14527918 -0.14527918
 -0.14527918 -0.14527918 -0.14527918 -0.14527918 -0.14527918 -0.14527918
 -0.14527918 -0.14527918 -0.14527918 -0.14527918 -0.14527918 -0.14527918
 -0.14527918 -0.14527918 -0.14527918 -0.14527918 -0.14527918 -0.14527918
 -0.14527918 -0.14527918 -0.14527918 -0.14527918 -0.14527918 -0.14527918
 -0.14527918 -0.14527918 -0.14527918 -0.14527918 -0.14527918 -0.14527918
 -0.14527918 -0.14527918 -0.14527918 -0.14527918 -0.14527918  2.6496313
 -0.14527918 -0.14527918 -0.14527918 -0.14527918 -0.14527918 -0.14527918
 -0.14527918 -0.14527918 -0.14527918 -0.14527918 -0.14527918 -0.14527918
  3.90635639 -0.14527918 -0.14527918 -0.14527918 -0.14527918 -0.14527918
 -0.14527918 -0.14527918 -0.14527918 -0.14527918 -0.14527918 -0.14527918
 -0.14527918 -0.14527918 -0.14527918 -0.14527918 -0.14527918 -0.14527918
 -0.14527918 -0.14527918 -0.14527918 -0.14527918 -0.14527918 -0.14527918
  4.25238411 -0.14527918 -0.14527918 -0.14527918 -0.14527918 -0.14527918
 -0.14527918 -0.14527918 -0.14527918 -0.14527918 -0.14527918 -0.14527918
 -0.14527918 -0.14527918 -0.14527918 -0.14527918 -0.14527918 -0.14527918
 -0.14527918 -0.14527918 -0.14527918 -0.14527918 -0.14527918 -0.14527918
 -0.14527918 -0.14527918 -0.14527918 -0.14527918 -0.14527918 -0.14527918
  1.73894298 -0.14527918 -0.14527918 -0.14527918 -0.14527918 -0.14527918
 -0.14527918 -0.14527918 -0.14527918 -0.14527918 -0.14527918 -0.14527918
 -0.14527918 -0.14527918 -0.14527918  1.2555765  -0.14527918 -0.14527918
 -0.14527918 -0.14527918 -0.14527918 -0.14527918 -0.14527918 -0.14527918
 -0.14527918 -0.14527918 -0.14527918 -0.14527918 -0.14527918 -0.14527918
 -0.14527918 -0.14527918 -0.14527918 -0.14527918 -0.14527918 -0.14527918
 -0.14527918 -0.14527918 -0.14527918 -0.14527918 -0.14527918 -0.14527918
 -0.14527918 -0.14527918 -0.14527918 -0.14527918 -0.14527918  6.65697276
 -0.14527918 -0.14527918 -0.14527918 -0.14527918 -0.14527918 -0.14527918
 -0.14527918 -0.14527918  5.63353759 -0.14527918 -0.14527918 -0.14527918
 -0.14527918 -0.14527918 -0.14527918 -0.14527918 -0.14527918 -0.14527918
 -0.14527918 -0.14527918 -0.14527918 -0.14527918 -0.14527918  3.40336848
 -0.14527918 -0.14527918 -0.14527918 -0.14527918 -0.14527918 -0.14527918
 -0.14527918 -0.14527918 -0.14527918 -0.14527918 -0.14527918 -0.14527918
 -0.14527918 -0.14527918 -0.14527918 -0.14527918 -0.14527918 -0.14527918
 -0.14527918 -0.14527918 -0.14527918 -0.14527918 -0.14527918 -0.14527918
 -0.14527918 -0.14527918 -0.14527918 -0.14527918 -0.14527918 -0.14527918
 -0.14527918 -0.14527918 -0.14527918 -0.14527918 -0.14527918 -0.14527918
 -0.14527918 -0.14527918 -0.14527918 -0.14527918 -0.14527918 -0.14527918
 -0.14527918 -0.14527918 -0.14527918 -0.14527918 -0.14527918 -0.14527918
 -0.14527918 -0.14527918 -0.14527918 -0.14527918 -0.14527918 -0.14527918
 -0.14527918 -0.14527918 -0.14527918 -0.14527918 -0.14527918 -0.14527918
 -0.14527918 -0.14527918 -0.14527918 -0.14527918 -0.14527918 -0.14527918
 -0.14527918 -0.14527918 -0.14527918 -0.14527918 -0.14527918 -0.14527918
 -0.14527918 -0.14527918 -0.14527918 -0.14527918 -0.14527918 -0.14527918
 -0.14527918 -0.14527918 -0.14527918 -0.14527918 -0.14527918 -0.14527918
 -0.14527918 -0.14527918 -0.14527918 -0.14527918 -0.14527918 -0.14527918
 -0.14527918 -0.14527918 -0.14527918 -0.14527918 -0.14527918 -0.14527918
 -0.14527918 -0.14527918 -0.14527918 -0.14527918 -0.14527918 -0.14527918
 -0.14527918 -0.14527918 -0.14527918 -0.14527918 -0.14527918 -0.14527918
 -0.14527918 -0.14527918 -0.14527918 -0.14527918 -0.14527918 -0.14527918
 -0.14527918 -0.14527918 -0.14527918 -0.14527918 -0.14527918 -0.14527918
 -0.14527918 -0.14527918 -0.14527918 -0.14527918 -0.14527918 -0.14527918
 -0.14527918 -0.14527918 -0.14527918 -0.14527918 -0.14527918 -0.14527918
 -0.14527918 -0.14527918 -0.14527918 -0.14527918 -0.14527918 -0.14527918
 -0.14527918 -0.14527918 -0.14527918 -0.14527918 -0.14527918 -0.14527918
 -0.14527918 -0.14527918 -0.14527918 -0.14527918 -0.14527918 -0.14527918
 -0.14527918 -0.14527918 -0.14527918 -0.14527918 -0.14527918 -0.14527918
 11.98277856 -0.14527918 -0.14527918 -0.14527918 -0.14527918 -0.14527918
 -0.14527918 -0.14527918 -0.14527918 -0.14527918 -0.14527918 -0.14527918
 -0.14527918 -0.14527918 -0.14527918 -0.14527918 -0.14527918 -0.14527918
 -0.14527918 -0.14527918 -0.14527918 -0.14527918 -0.14527918 -0.14527918
 -0.14527918 -0.14527918 -0.14527918 -0.14527918 -0.14527918 -0.14527918
 -0.14527918 -0.14527918 -0.14527918 -0.14527918 -0.14527918 -0.14527918
 -0.14527918 -0.14527918 -0.14527918 -0.14527918 -0.14527918 -0.14527918
 -0.14527918 -0.14527918 -0.14527918 -0.14527918 -0.14527918 -0.14527918
 -0.14527918 -0.14527918 -0.14527918 -0.14527918]",[-0.009827976448605447]
2,"[-0.16058807 -0.16058807 -0.16058807 -0.16058807 -0.16058807 -0.16058807
 -0.16058807 -0.16058807 -0.16058807 -0.16058807 -0.16058807 -0.16058807
 -0.16058807 -0.16058807 -0.16058807 -0.16058807 -0.16058807 -0.16058807
 -0.16058807 -0.16058807 -0.16058807 -0.16058807 -0.16058807 -0.16058807
 -0.16058807 -0.16058807 -0.16058807 -0.16058807 -0.16058807 -0.16058807
 -0.16058807 -0.16058807 -0.16058807 -0.16058807 -0.16058807 -0.16058807
 -0.16058807 -0.16058807 -0.16058807 -0.16058807 -0.16058807 -0.16058807
 -0.16058807 -0.16058807 -0.16058807 -0.16058807 -0.16058807 -0.16058807
 -0.16058807 -0.16058807 -0.16058807 -0.16058807 -0.16058807 -0.16058807
 -0.16058807 -0.16058807 -0.16058807 -0.16058807 -0.16058807 -0.16058807
 -0.16058807 -0.16058807 -0.16058807 -0.16058807 -0.16058807 -0.16058807
 -0.16058807 -0.16058807 -0.16058807 -0.16058807 -0.16058807 -0.16058807
 -0.16058807 -0.16058807 -0.16058807 -0.16058807 -0.16058807 -0.16058807
 -0.16058807 -0.16058807 -0.16058807 -0.16058807 -0.16058807  9.02097608
 -0.16058807 -0.16058807 -0.16058807 -0.16058807 -0.16058807 -0.16058807
 -0.16058807 -0.16058807 -0.16058807 -0.16058807 -0.16058807 -0.16058807
 -0.16058807 -0.16058807 -0.16058807 -0.16058807 -0.16058807 -0.16058807
 -0.16058807 -0.16058807 -0.16058807 -0.16058807 -0.16058807 -0.16058807
 -0.16058807 -0.16058807  8.62734354  0.31856087 -0.16058807 -0.16058807
 -0.16058807 -0.16058807 -0.16058807 -0.16058807 -0.16058807 -0.16058807
 -0.16058807 -0.16058807 -0.16058807 -0.16058807  0.77681582 -0.16058807
 -0.16058807 -0.16058807 -0.16058807 -0.16058807 -0.16058807 -0.16058807
 -0.16058807 -0.16058807 -0.16058807 -0.16058807 -0.16058807 -0.16058807
 -0.16058807 -0.16058807 -0.16058807 -0.16058807 -0.16058807 -0.16058807
 -0.16058807 -0.16058807 -0.16058807 -0.16058807 -0.16058807 -0.16058807
 -0.16058807 -0.16058807 -0.16058807 -0.16058807 -0.16058807 -0.16058807
 -0.16058807 -0.16058807 -0.16058807 -0.16058807 -0.16058807 -0.16058807
 -0.16058807 -0.16058807 -0.16058807 -0.16058807 -0.16058807 -0.16058807
 -0.16058807 -0.16058807 -0.16058807 -0.16058807 -0.16058807  2.08723035
 -0.16058807 -0.16058807 -0.16058807 -0.16058807 -0.16058807 -0.16058807
 -0.16058807 -0.16058807 -0.16058807 -0.16058807 -0.16058807 -0.16058807
  6.02534333 -0.16058807 -0.16058807 -0.16058807 -0.16058807 -0.16058807
 -0.16058807 -0.16058807 -0.16058807 -0.16058807 -0.16058807  3.65886077
 -0.16058807 -0.16058807  2.76341836 -0.16058807 -0.16058807 -0.16058807
 -0.16058807 -0.16058807 -0.16058807 -0.16058807 -0.16058807 -0.16058807
  4.78424987 -0.16058807 -0.16058807 -0.16058807 -0.16058807  3.00315202
 -0.16058807 -0.16058807 -0.16058807 -0.16058807 -0.16058807 -0.16058807
 -0.16058807 -0.16058807 -0.16058807 -0.16058807 -0.16058807 -0.16058807
 -0.16058807 -0.16058807 -0.16058807 -0.16058807 -0.16058807 -0.16058807
 -0.16058807  3.16773227 -0.16058807 -0.16058807  0.41082026 -0.16058807
 -0.16058807 -0.16058807 -0.16058807 -0.16058807 -0.16058807 -0.16058807
 -0.16058807 -0.16058807 -0.16058807 -0.16058807 -0.16058807 -0.16058807
 -0.16058807 -0.16058807 -0.16058807 -0.16058807 -0.16058807 -0.16058807
 -0.16058807 -0.16058807 -0.16058807  2.08723035 -0.16058807 -0.16058807
 -0.16058807 -0.16058807 -0.16058807 -0.16058807 -0.16058807 -0.16058807
 -0.16058807 -0.16058807  0.71957362 -0.16058807 -0.16058807 -0.16058807
 -0.16058807  0.52828489 -0.16058807 -0.16058807  1.08646562 -0.16058807
 -0.16058807 -0.16058807 -0.16058807 -0.16058807 -0.16058807  7.67202892
 -0.16058807 -0.16058807 -0.16058807 -0.16058807 -0.16058807 -0.16058807
 -0.16058807 -0.16058807 -0.16058807 -0.16058807 -0.16058807 -0.16058807
 -0.16058807 -0.16058807 -0.16058807 -0.16058807  0.88669181 -0.16058807
 -0.16058807 -0.16058807 -0.16058807 -0.16058807 -0.16058807 -0.16058807
 -0.16058807 -0.16058807 -0.16058807 -0.16058807 -0.16058807 -0.16058807
 -0.16058807 -0.16058807 -0.16058807 -0.16058807 -0.16058807 -0.16058807
 -0.16058807 -0.16058807 -0.16058807 -0.16058807 -0.16058807 -0.16058807
 -0.16058807 -0.16058807 -0.16058807 -0.16058807 -0.16058807 -0.16058807
 -0.16058807 -0.16058807 -0.16058807 -0.16058807 -0.16058807 -0.16058807
 -0.16058807 -0.16058807 -0.16058807 -0.16058807 -0.16058807 -0.16058807
 -0.16058807 -0.16058807 -0.16058807 -0.16058807 -0.16058807 -0.16058807
 -0.16058807 -0.16058807 -0.16058807 -0.16058807 -0.16058807 -0.16058807
 -0.16058807 -0.16058807 -0.16058807 -0.16058807 -0.16058807 -0.16058807
 -0.16058807 -0.16058807 -0.16058807 -0.16058807 -0.16058807 -0.16058807
 -0.16058807 -0.16058807 -0.16058807 -0.16058807 -0.16058807 -0.16058807
 -0.16058807 -0.16058807 -0.16058807 -0.16058807 -0.16058807 -0.16058807
 -0.16058807 -0.16058807 -0.16058807 -0.16058807 -0.16058807 -0.16058807
 -0.16058807 -0.16058807 -0.16058807 -0.16058807 -0.16058807 -0.16058807
 -0.16058807 -0.16058807 -0.16058807 -0.16058807 -0.16058807 -0.16058807
 -0.16058807 -0.16058807 -0.16058807 -0.16058807 -0.16058807 -0.16058807
 -0.16058807 -0.16058807 -0.16058807 -0.16058807 -0.16058807 -0.16058807
 -0.16058807 -0.16058807 -0.16058807 -0.16058807 -0.16058807 -0.16058807
 -0.16058807 -0.16058807 -0.16058807 -0.16058807 -0.16058807 -0.16058807
 -0.16058807 -0.16058807 -0.16058807 -0.16058807 -0.16058807 -0.16058807
 -0.16058807 -0.16058807 -0.16058807 -0.16058807 -0.16058807 -0.16058807
 -0.16058807 -0.16058807 -0.16058807 -0.16058807 -0.16058807 -0.16058807
 -0.16058807 -0.16058807 -0.16058807 -0.16058807 -0.16058807 -0.16058807
 -0.16058807 -0.16058807 -0.16058807 -0.16058807 -0.16058807 -0.16058807
 -0.16058807 -0.16058807 -0.16058807 -0.16058807 -0.16058807 -0.16058807
 -0.16058807 -0.16058807 10.16308969 -0.16058807 -0.16058807 -0.16058807
  5.35238615 -0.16058807 -0.16058807 -0.16058807 -0.16058807 -0.16058807
 -0.16058807 -0.16058807 -0.16058807 -0.16058807 -0.16058807 -0.16058807
 -0.16058807 -0.16058807 -0.16058807 -0.16058807 -0.16058807 -0.16058807
 -0.16058807  6.99319238 -0.16058807 -0.16058807 -0.16058807 -0.16058807
 -0.16058807 -0.16058807 -0.16058807 -0.16058807 -0.16058807 -0.16058807
 -0.16058807 -0.16058807 -0.16058807 -0.16058807 -0.16058807 -0.16058807
 -0.16058807 -0.16058807 -0.16058807 -0.16058807 -0.16058807 -0.16058807
 -0.16058807 -0.16058807 -0.16058807 -0.16058807 -0.16058807 -0.16058807
 -0.16058807 -0.16058807 -0.16058807 -0.16058807]",[0.06101313378023282]
2,"[-0.20052299 -0.20052299 -0.20052299 -0.20052299 -0.20052299 -0.20052299
 -0.20052299 -0.20052299 -0.20052299 -0.20052299 -0.20052299 -0.20052299
 -0.20052299 -0.20052299 -0.20052299 -0.20052299 -0.20052299 -0.20052299
  0.87718848 -0.20052299 -0.20052299 -0.20052299 -0.20052299 -0.20052299
 -0.20052299 -0.20052299 -0.20052299  0.64136844 -0.20052299 -0.20052299
 -0.20052299 -0.20052299 -0.20052299 -0.20052299 -0.20052299 -0.20052299
 -0.20052299 -0.20052299 -0.20052299 -0.20052299 -0.20052299 -0.20052299
 -0.20052299 -0.20052299 -0.20052299 -0.20052299 -0.20052299 -0.20052299
 -0.20052299 -0.20052299 -0.20052299 -0.20052299 -0.20052299 -0.20052299
 -0.20052299 -0.20052299 -0.20052299 -0.20052299  5.28623507 -0.20052299
 -0.20052299 -0.20052299 -0.20052299 -0.20052299 -0.20052299 -0.20052299
 -0.20052299 -0.20052299 -0.20052299 -0.20052299 -0.20052299 -0.20052299
 -0.20052299 -0.20052299 -0.20052299 -0.20052299 -0.20052299 -0.20052299
 -0.20052299 -0.20052299 -0.20052299 -0.20052299 -0.20052299  1.94509574
 -0.20052299 -0.20052299 -0.20052299 -0.20052299 -0.20052299 -0.20052299
 -0.20052299 -0.20052299  0.90524364 -0.20052299 -0.20052299 -0.20052299
 -0.20052299 -0.20052299 -0.20052299 -0.20052299 -0.20052299 -0.20052299
 -0.20052299 -0.20052299 -0.20052299 -0.20052299 -0.20052299 -0.20052299
 -0.20052299 -0.20052299  2.1276291   0.23300966 -0.20052299 -0.20052299
 -0.20052299 -0.20052299  0.71800165 -0.20052299 -0.20052299 -0.20052299
 -0.20052299 -0.20052299 -0.20052299 -0.20052299  0.75791848 -0.20052299
 -0.20052299 -0.20052299 -0.20052299 -0.20052299 -0.20052299 -0.20052299
 -0.20052299 -0.20052299 -0.20052299 -0.20052299 -0.20052299 -0.20052299
 -0.20052299 -0.20052299 -0.20052299 -0.20052299 -0.20052299 -0.20052299
 -0.20052299 -0.20052299 -0.20052299 -0.20052299 -0.20052299 -0.20052299
 -0.20052299 -0.20052299 -0.20052299 -0.20052299 -0.20052299 -0.20052299
 -0.20052299 -0.20052299 -0.20052299 -0.20052299 -0.20052299 -0.20052299
 -0.20052299 -0.09603365 -0.20052299 -0.20052299 -0.20052299 -0.20052299
 -0.20052299 -0.20052299 -0.20052299 -0.20052299 -0.20052299  3.43617699
 -0.20052299 -0.20052299 -0.20052299 -0.20052299 -0.20052299 -0.20052299
 -0.20052299 -0.20052299 -0.20052299 -0.20052299 -0.20052299 -0.20052299
  3.36027729 -0.20052299 -0.20052299 -0.20052299 -0.20052299 -0.20052299
 -0.20052299 -0.20052299 -0.20052299 -0.20052299 -0.20052299  3.29116964
 -0.20052299 -0.20052299  4.56965973 -0.20052299 -0.20052299  3.14277399
 -0.20052299 -0.20052299 -0.20052299 -0.20052299 -0.20052299 -0.20052299
  3.69681258 -0.20052299 -0.20052299 -0.20052299 -0.20052299  0.68157635
 -0.20052299 -0.20052299 -0.20052299 -0.20052299 -0.20052299 -0.20052299
 -0.20052299 -0.20052299 -0.20052299 -0.20052299 -0.20052299 -0.20052299
 -0.20052299 -0.20052299 -0.20052299 -0.20052299 -0.20052299 -0.20052299
 -0.20052299  0.38092403 -0.20052299  1.37954816  5.48085127 -0.20052299
 -0.20052299 -0.20052299 -0.20052299 -0.20052299 -0.20052299 -0.20052299
 -0.20052299 -0.20052299 -0.20052299 -0.20052299 -0.20052299 -0.20052299
 -0.20052299 -0.20052299 -0.20052299  1.73451339 -0.20052299 -0.20052299
 -0.20052299 -0.20052299 -0.20052299  0.82565382 -0.20052299 -0.20052299
 -0.20052299 -0.20052299 -0.20052299 -0.20052299 -0.20052299 -0.20052299
 -0.20052299 -0.20052299  1.07213961 -0.20052299 -0.20052299 -0.20052299
 -0.20052299 -0.20052299 -0.20052299 -0.20052299 -0.20052299 -0.20052299
 -0.20052299  0.21791005 -0.20052299 -0.20052299 -0.20052299  8.18246531
 -0.20052299 -0.20052299 -0.20052299 -0.20052299 -0.20052299 -0.20052299
 -0.20052299 -0.20052299 -0.20052299 -0.20052299 -0.20052299 -0.20052299
 -0.20052299 -0.20052299 -0.20052299 -0.20052299 -0.20052299 -0.20052299
 -0.20052299 -0.20052299 -0.20052299 -0.20052299 -0.20052299  1.33489782
 -0.20052299 -0.20052299 -0.20052299 -0.20052299 -0.20052299 -0.20052299
 -0.20052299 -0.20052299 -0.20052299 -0.20052299 -0.20052299 -0.20052299
 -0.20052299 -0.20052299 -0.20052299 -0.20052299 -0.20052299 -0.20052299
 -0.20052299 -0.20052299 -0.20052299 -0.20052299 -0.20052299 -0.20052299
 -0.20052299  1.93142045 -0.20052299 -0.20052299 -0.20052299 -0.20052299
 -0.20052299 -0.20052299 -0.20052299 -0.20052299 -0.20052299 -0.20052299
 -0.20052299  0.90524364 -0.20052299 -0.20052299 -0.20052299 -0.20052299
 -0.20052299 -0.20052299 -0.20052299 -0.20052299 -0.20052299 -0.20052299
 -0.20052299 -0.20052299 -0.20052299 -0.20052299 -0.20052299 -0.20052299
 -0.20052299 -0.20052299 -0.20052299 -0.20052299 -0.20052299 -0.20052299
 -0.20052299 -0.20052299 -0.20052299 -0.20052299 -0.20052299 -0.20052299
 -0.20052299 -0.20052299 -0.20052299 -0.20052299 -0.20052299 -0.20052299
 -0.20052299 -0.20052299 -0.20052299 -0.20052299 -0.20052299 -0.20052299
 -0.20052299 -0.20052299 -0.20052299 -0.20052299 -0.20052299 -0.20052299
 -0.20052299 -0.20052299 -0.20052299 -0.20052299 -0.20052299 -0.20052299
 -0.20052299 -0.20052299 -0.20052299 -0.20052299 -0.20052299 -0.20052299
 -0.20052299 -0.20052299 -0.20052299 -0.20052299 -0.20052299 -0.20052299
 -0.20052299 -0.20052299 -0.20052299 -0.20052299 -0.20052299 -0.20052299
 -0.20052299 -0.20052299 -0.20052299 -0.20052299  1.93142045 -0.20052299
 -0.20052299 -0.20052299 -0.20052299 -0.20052299 -0.20052299 -0.20052299
 -0.20052299 -0.20052299 -0.20052299 -0.20052299 -0.20052299 -0.20052299
 -0.20052299 -0.20052299 -0.20052299 -0.20052299 -0.20052299 -0.20052299
 -0.20052299 -0.20052299 -0.20052299 -0.20052299 -0.20052299 -0.20052299
  0.50409441 -0.20052299 -0.20052299 -0.20052299 -0.20052299 -0.20052299
 -0.20052299 -0.20052299 -0.20052299 -0.20052299 -0.20052299 -0.20052299
 -0.20052299 -0.20052299  5.70789383 -0.20052299 -0.20052299 -0.20052299
 10.52686595 -0.20052299 -0.20052299 -0.20052299 -0.20052299 -0.20052299
  8.77593368 -0.20052299 -0.20052299 -0.20052299 -0.20052299 -0.20052299
 -0.20052299 -0.20052299 -0.20052299 -0.20052299 -0.20052299 -0.20052299
 -0.20052299  4.51232942 -0.20052299 -0.20052299 -0.20052299  5.13988338
 -0.20052299 -0.20052299 -0.20052299 -0.20052299 -0.20052299 -0.20052299
 -0.20052299 -0.20052299 -0.20052299 -0.20052299 -0.20052299 -0.20052299
 -0.20052299  0.9350335  -0.20052299 -0.20052299 -0.20052299 -0.20052299
 -0.20052299 -0.20052299 -0.20052299 -0.20052299 -0.20052299 -0.20052299
 -0.20052299 -0.20052299 -0.20052299 -0.20052299]",[0.042174077261319]
2,"[-0.13217615 -0.13217615 -0.13217615 -0.13217615 -0.13217615 -0.13217615
 -0.13217615 -0.13217615 -0.13217615 -0.13217615 -0.13217615 -0.13217615
 -0.13217615 -0.13217615 -0.13217615 -0.13217615 -0.13217615 -0.13217615
  2.72428393 -0.13217615 -0.13217615 -0.13217615 -0.13217615 -0.13217615
 -0.13217615 -0.13217615 -0.13217615 -0.13217615 -0.13217615 -0.13217615
 -0.13217615 -0.13217615 -0.13217615 -0.13217615 -0.13217615 -0.13217615
 -0.13217615 -0.13217615 -0.13217615 -0.13217615 -0.13217615 -0.13217615
 -0.13217615 -0.13217615 -0.13217615 -0.13217615 -0.13217615 -0.13217615
 -0.13217615 -0.13217615 -0.13217615 -0.13217615 -0.13217615 -0.13217615
 -0.13217615 -0.13217615 -0.13217615 -0.13217615 -0.13217615 -0.13217615
 -0.13217615 -0.13217615 -0.13217615 -0.13217615 -0.13217615 -0.13217615
 -0.13217615 -0.13217615 -0.13217615 -0.13217615 -0.13217615 -0.13217615
 -0.13217615 -0.13217615 -0.13217615 -0.13217615 -0.13217615 -0.13217615
 -0.13217615 -0.13217615 -0.13217615 -0.13217615 -0.13217615  2.31857412
 -0.13217615 -0.13217615 -0.13217615 -0.13217615 -0.13217615 -0.13217615
 -0.13217615 -0.13217615 -0.13217615 -0.13217615 -0.13217615 -0.13217615
 -0.13217615 -0.13217615 -0.13217615 -0.13217615 -0.13217615 -0.13217615
 -0.13217615 -0.13217615 -0.13217615 -0.13217615 -0.13217615 -0.13217615
 -0.13217615 -0.13217615 11.17318272 -0.13217615 -0.13217615 -0.13217615
 -0.13217615 -0.13217615 -0.13217615 -0.13217615 -0.13217615 -0.13217615
 -0.13217615 -0.13217615 -0.13217615 -0.13217615 -0.13217615 -0.13217615
 -0.13217615 -0.13217615 -0.13217615 -0.13217615 -0.13217615 -0.13217615
 -0.13217615 -0.13217615 -0.13217615 -0.13217615 -0.13217615 -0.13217615
 -0.13217615 -0.13217615 -0.13217615 -0.13217615 -0.13217615 -0.13217615
 -0.13217615 -0.13217615 -0.13217615 -0.13217615 -0.13217615 -0.13217615
 -0.13217615 -0.13217615 -0.13217615 -0.13217615 -0.13217615 -0.13217615
 -0.13217615 -0.13217615 -0.13217615 -0.13217615 -0.13217615 -0.13217615
 -0.13217615 -0.13217615 -0.13217615 -0.13217615 -0.13217615 -0.13217615
 -0.13217615 -0.13217615 -0.13217615 -0.13217615 -0.13217615 -0.13217615
 -0.13217615 -0.13217615 -0.13217615 -0.13217615 -0.13217615 -0.13217615
 -0.13217615 -0.13217615 -0.13217615 -0.13217615 -0.13217615 -0.13217615
  4.99474724 -0.13217615 -0.13217615 -0.13217615 -0.13217615 -0.13217615
 -0.13217615 -0.13217615 -0.13217615 -0.13217615 -0.13217615 -0.13217615
 -0.13217615 -0.13217615  6.77075553 -0.13217615 -0.13217615 -0.13217615
 -0.13217615 -0.13217615 -0.13217615 -0.13217615 -0.13217615 -0.13217615
  5.65219794 -0.13217615 -0.13217615 -0.13217615 -0.13217615 11.26570936
 -0.13217615 -0.13217615 -0.13217615 -0.13217615 -0.13217615 -0.13217615
 -0.13217615 -0.13217615 -0.13217615 -0.13217615 -0.13217615 -0.13217615
 -0.13217615 -0.13217615 -0.13217615 -0.13217615 -0.13217615 -0.13217615
 -0.13217615  0.42946    -0.13217615 -0.13217615 -0.13217615 -0.13217615
 -0.13217615 -0.13217615 -0.13217615 -0.13217615 -0.13217615 -0.13217615
 -0.13217615 -0.13217615 -0.13217615 -0.13217615 -0.13217615 -0.13217615
 -0.13217615 -0.13217615 -0.13217615 -0.13217615 -0.13217615 -0.13217615
 -0.13217615 -0.13217615 -0.13217615 -0.13217615 -0.13217615 -0.13217615
 -0.13217615 -0.13217615 -0.13217615 -0.13217615 -0.13217615 -0.13217615
 -0.13217615 -0.13217615  1.28616753 -0.13217615 -0.13217615 -0.13217615
 -0.13217615 -0.13217615 -0.13217615 -0.13217615 -0.13217615 -0.13217615
 -0.13217615 -0.13217615 -0.13217615 -0.13217615 -0.13217615 -0.13217615
 -0.13217615 -0.13217615 -0.13217615 -0.13217615 -0.13217615 -0.13217615
 -0.13217615 -0.13217615 -0.13217615 -0.13217615 -0.13217615 -0.13217615
 -0.13217615 -0.13217615 -0.13217615 -0.13217615 -0.13217615 -0.13217615
 -0.13217615 -0.13217615 -0.13217615 -0.13217615 -0.13217615  5.93124827
 -0.13217615 -0.13217615 -0.13217615 -0.13217615 -0.13217615 -0.13217615
 -0.13217615 -0.13217615 -0.13217615 -0.13217615 -0.13217615 -0.13217615
 -0.13217615 -0.13217615 -0.13217615 -0.13217615 -0.13217615 -0.13217615
 -0.13217615 -0.13217615 -0.13217615 -0.13217615 -0.13217615 -0.13217615
 -0.13217615 -0.13217615 -0.13217615 -0.13217615 -0.13217615 -0.13217615
 -0.13217615 -0.13217615 -0.13217615 -0.13217615 -0.13217615 -0.13217615
 -0.13217615 -0.13217615 -0.13217615 -0.13217615 -0.13217615 -0.13217615
 -0.13217615 -0.13217615 -0.13217615 -0.13217615 -0.13217615 -0.13217615
 -0.13217615 -0.13217615 -0.13217615 -0.13217615 -0.13217615 -0.13217615
 -0.13217615 -0.13217615 -0.13217615 -0.13217615 -0.13217615 -0.13217615
 -0.13217615 -0.13217615 -0.13217615 -0.13217615 -0.13217615 -0.13217615
 -0.13217615 -0.13217615 -0.13217615 -0.13217615 -0.13217615 -0.13217615
 -0.13217615 -0.13217615 -0.13217615 -0.13217615 -0.13217615 -0.13217615
 -0.13217615 -0.13217615 -0.13217615 -0.13217615 -0.13217615 -0.13217615
 -0.13217615 -0.13217615 -0.13217615 -0.13217615 -0.13217615 -0.13217615
 -0.13217615 -0.13217615 -0.13217615 -0.13217615 -0.13217615 -0.13217615
 -0.13217615 -0.13217615 -0.13217615 -0.13217615 -0.13217615 -0.13217615
 -0.13217615 -0.13217615 -0.13217615 -0.13217615 -0.13217615 -0.13217615
 -0.13217615 -0.13217615 -0.13217615 -0.13217615 -0.13217615 -0.13217615
 -0.13217615 -0.13217615 -0.13217615 -0.13217615 -0.13217615 -0.13217615
 -0.13217615 -0.13217615 -0.13217615 -0.13217615 -0.13217615 -0.13217615
 -0.13217615 -0.13217615 -0.13217615 -0.13217615 -0.13217615 -0.13217615
 -0.13217615 -0.13217615 -0.13217615 -0.13217615 -0.13217615 -0.13217615
 -0.13217615 -0.13217615 -0.13217615 -0.13217615 -0.13217615 -0.13217615
 -0.13217615 -0.13217615 -0.13217615 -0.13217615 -0.13217615 -0.13217615
 -0.13217615 -0.13217615  7.65116472 -0.13217615 -0.13217615 -0.13217615
 -0.13217615 -0.13217615 -0.13217615 -0.13217615 -0.13217615 -0.13217615
 -0.13217615 -0.13217615 -0.13217615 -0.13217615 -0.13217615 -0.13217615
 -0.13217615 -0.13217615 -0.13217615 -0.13217615 -0.13217615 -0.13217615
 -0.13217615  6.94799093 -0.13217615 -0.13217615 -0.13217615 -0.13217615
 -0.13217615 -0.13217615 -0.13217615 -0.13217615 -0.13217615 -0.13217615
 -0.13217615 -0.13217615 -0.13217615 -0.13217615 -0.13217615 -0.13217615
 -0.13217615 -0.13217615 -0.13217615 -0.13217615 -0.13217615 -0.13217615
 -0.13217615 -0.13217615 -0.13217615 -0.13217615 -0.13217615 -0.13217615
 -0.13217615 -0.13217615 -0.13217615 -0.13217615]",[-0.030974591590502337]
2,"[-0.12913554 -0.12913554 -0.12913554 -0.12913554 -0.06341923 -0.12913554
 -0.12913554 -0.12913554 -0.12913554 -0.12913554 -0.12913554 -0.12913554
 -0.12913554 -0.12913554 -0.12913554 -0.12913554 -0.12913554 -0.12913554
 -0.12913554 -0.12913554 -0.12913554 -0.12913554 -0.12913554 -0.12913554
 -0.12913554 -0.12913554 -0.12913554 -0.12913554 -0.12913554 -0.12913554
 -0.12913554 -0.12913554 -0.12913554 -0.12913554 -0.12913554 -0.12913554
 -0.12913554 -0.12913554 -0.12913554 -0.12913554 -0.12913554 -0.12913554
 -0.12913554 -0.12913554 -0.12913554 -0.12913554 -0.12913554 -0.12913554
 -0.12913554 -0.12913554 -0.12913554 -0.12913554 -0.12913554 -0.12913554
 -0.12913554 -0.12913554 -0.12913554 -0.12913554  2.7435094  -0.12913554
 -0.12913554 -0.12913554 -0.12913554 -0.12913554 -0.12913554 -0.12913554
 -0.12913554 -0.12913554 -0.12913554 -0.12913554 -0.12913554 -0.12913554
 -0.12913554 -0.12913554 -0.12913554 -0.12913554 -0.12913554 -0.12913554
 -0.12913554 -0.12913554 -0.12913554 -0.12913554 -0.12913554  1.53198265
 -0.12913554 -0.12913554 -0.12913554 -0.12913554 -0.12913554 -0.12913554
 -0.12913554 -0.12913554 -0.12913554 -0.12913554 -0.12913554 -0.12913554
 -0.12913554 -0.12913554 -0.12913554 -0.12913554 -0.12913554 -0.12913554
 -0.12913554 -0.12913554 -0.12913554 -0.12913554 -0.12913554 -0.12913554
 -0.12913554 -0.12913554  2.4512017  -0.12913554 -0.12913554 -0.12913554
 -0.12913554 -0.12913554 -0.12913554 -0.12913554 -0.12913554 -0.12913554
 -0.12913554 -0.12913554 -0.12913554 -0.12913554 -0.12913554 -0.12913554
 -0.12913554 -0.12913554 -0.12913554 -0.12913554 -0.12913554 -0.12913554
 -0.12913554 -0.12913554 -0.12913554 -0.12913554 -0.12913554 -0.12913554
 -0.12913554 -0.12913554 -0.12913554 -0.12913554 -0.12913554 -0.12913554
 -0.12913554 -0.12913554 -0.12913554 -0.12913554 -0.12913554 -0.12913554
 -0.12913554 -0.12913554 -0.12913554 -0.12913554 -0.12913554 -0.12913554
 -0.12913554 -0.12913554 -0.12913554 -0.12913554 -0.12913554 -0.12913554
 -0.12913554 -0.12913554 -0.12913554 -0.12913554 -0.12913554 -0.12913554
 -0.12913554 -0.12913554 -0.12913554 -0.12913554 -0.12913554 -0.12913554
 -0.12913554 -0.12913554 -0.12913554 -0.12913554 -0.12913554 -0.12913554
 -0.12913554 -0.12913554 -0.12913554 -0.12913554 -0.12913554 -0.12913554
  1.87936128 -0.12913554 -0.12913554 -0.12913554 -0.12913554 -0.12913554
 -0.12913554 -0.12913554 -0.12913554 -0.12913554 -0.12913554 -0.12913554
 -0.12913554 -0.12913554 -0.12913554 -0.12913554 -0.12913554 -0.12913554
 -0.12913554 -0.12913554 -0.12913554 -0.12913554 -0.12913554 -0.12913554
  8.53993245 -0.12913554 -0.12913554 -0.12913554 -0.12913554 11.30023228
 -0.12913554 -0.12913554  1.06883869  1.63221864 -0.12913554 -0.12913554
 -0.12913554 -0.12913554 -0.12913554 -0.12913554 -0.12913554 -0.12913554
 -0.12913554 -0.12913554 -0.12913554 -0.12913554 -0.12913554 -0.12913554
 -0.12913554  0.05283435 -0.12913554 -0.12913554 -0.12913554 -0.12913554
 -0.12913554 -0.12913554 -0.12913554 -0.12913554 -0.12913554 -0.12913554
 -0.12913554 -0.12913554 -0.12913554 -0.12913554 -0.12913554 -0.12913554
 -0.12913554 -0.12913554 -0.12913554 -0.12913554 -0.12913554 -0.12913554
 -0.12913554 -0.12913554 -0.12913554  5.32384665 -0.12913554 -0.12913554
 -0.12913554 -0.12913554 -0.12913554 -0.12913554 -0.12913554 -0.12913554
 -0.12913554 -0.12913554  1.46027685 -0.12913554 -0.12913554 -0.12913554
 -0.12913554 -0.12913554 -0.12913554 -0.12913554 -0.12913554 -0.12913554
 -0.12913554  0.68984751 -0.12913554 -0.12913554 -0.12913554 -0.12913554
 -0.12913554 -0.12913554 -0.12913554 -0.12913554 -0.12913554 -0.12913554
 -0.12913554 -0.12913554 -0.12913554 -0.12913554 -0.12913554 -0.12913554
 -0.12913554 -0.12913554 -0.12913554 -0.12913554 -0.12913554 -0.12913554
 -0.12913554 -0.12913554 -0.12913554 -0.12913554 -0.12913554  1.99365577
 -0.12913554 -0.12913554 -0.12913554 -0.12913554 -0.12913554 -0.12913554
 -0.12913554 -0.12913554 -0.12913554 -0.12913554 -0.12913554 -0.12913554
 -0.12913554 -0.12913554 -0.12913554 -0.12913554 -0.12913554 -0.12913554
 -0.12913554 -0.12913554 -0.12913554 -0.12913554 -0.12913554 -0.12913554
 -0.12913554  4.04363625 -0.12913554 -0.12913554 -0.12913554 -0.12913554
 -0.12913554 -0.12913554 -0.12913554 -0.12913554 -0.12913554 -0.12913554
 -0.12913554 -0.12913554 -0.12913554 -0.12913554 -0.12913554 -0.12913554
 -0.12913554 -0.12913554 -0.12913554 -0.12913554 -0.12913554 -0.12913554
 -0.12913554 -0.12913554 -0.12913554 -0.12913554 -0.12913554 -0.12913554
 -0.12913554 -0.12913554 -0.12913554 -0.12913554 -0.12913554 -0.12913554
 -0.12913554 -0.12913554 -0.12913554 -0.12913554 -0.12913554 -0.12913554
 -0.12913554 -0.12913554 -0.12913554 -0.12913554 -0.12913554 -0.12913554
 -0.12913554 -0.12913554 -0.12913554 -0.12913554 -0.12913554 -0.12913554
 -0.12913554 -0.12913554 -0.12913554 -0.12913554 -0.12913554 -0.12913554
 -0.12913554 -0.12913554 -0.12913554 -0.12913554 -0.12913554 -0.12913554
 -0.12913554 -0.12913554 -0.12913554 -0.12913554 -0.12913554 -0.12913554
 -0.12913554 -0.12913554 -0.12913554 -0.12913554 -0.12913554 -0.12913554
 -0.12913554 -0.12913554 -0.12913554 -0.12913554 -0.12913554 -0.12913554
 -0.12913554 -0.12913554 -0.12913554 -0.12913554 -0.12913554 -0.12913554
 -0.12913554 -0.12913554 -0.12913554 -0.12913554 -0.12913554 -0.12913554
 -0.12913554 -0.12913554 -0.12913554 -0.12913554 -0.12913554 -0.12913554
 -0.12913554 -0.12913554 -0.12913554 -0.12913554 -0.12913554 -0.12913554
 -0.12913554 -0.12913554 -0.12913554 -0.12913554 -0.12913554 -0.12913554
 -0.12913554 -0.12913554 -0.12913554 -0.12913554 -0.12913554 -0.12913554
 -0.12913554 -0.12913554 -0.12913554 -0.12913554 -0.12913554 -0.12913554
 -0.12913554 -0.12913554 14.04525311 -0.12913554 -0.12913554 -0.12913554
 -0.12913554 -0.12913554 -0.12913554 -0.12913554 -0.12913554 -0.12913554
 -0.12913554 -0.12913554 -0.12913554 -0.12913554 -0.12913554 -0.12913554
 -0.12913554 -0.12913554 -0.12913554 -0.12913554 -0.12913554 -0.12913554
 -0.12913554  6.26197074 -0.12913554 -0.12913554 -0.12913554 -0.12913554
 -0.12913554 -0.12913554 -0.12913554 -0.12913554 -0.12913554 -0.12913554
 -0.12913554 -0.12913554 -0.12913554 -0.12913554 -0.12913554 -0.12913554
 -0.12913554 -0.12913554 -0.12913554 -0.12913554 -0.12913554 -0.12913554
 -0.12913554 -0.12913554 -0.12913554 -0.12913554 -0.12913554 -0.12913554
 -0.12913554 -0.12913554 -0.12913554 -0.12913554]",[-0.01201156162236558]
2,"[-0.16196492 -0.16196492 -0.16196492 -0.16196492 -0.16196492 -0.16196492
 -0.16196492 -0.16196492 -0.16196492 -0.16196492 -0.16196492 -0.16196492
 -0.16196492 -0.16196492 -0.16196492 -0.16196492 -0.16196492 -0.16196492
 -0.16196492 -0.16196492 -0.16196492 -0.16196492 -0.16196492 -0.16196492
 -0.16196492 -0.16196492 -0.16196492 -0.16196492 -0.16196492 -0.16196492
 -0.16196492 -0.16196492 -0.16196492 -0.16196492 -0.16196492 -0.16196492
 -0.16196492 -0.16196492 -0.16196492 -0.16196492 -0.16196492 -0.16196492
 -0.16196492 -0.16196492 -0.16196492 -0.16196492 -0.16196492 -0.16196492
 -0.16196492 -0.16196492 -0.16196492 -0.16196492 -0.16196492 -0.16196492
 -0.16196492 -0.16196492 -0.16196492 -0.16196492  4.84290218 -0.16196492
 -0.16196492 -0.16196492 -0.16196492 -0.16196492 -0.16196492 -0.16196492
 -0.16196492 -0.16196492 -0.16196492 -0.16196492 -0.16196492 -0.16196492
 -0.16196492 -0.16196492 -0.16196492 -0.16196492 -0.16196492 -0.16196492
 -0.16196492 -0.16196492 -0.16196492 -0.16196492 -0.16196492  1.73482442
 -0.16196492 -0.16196492 -0.16196492 -0.16196492 -0.16196492 -0.16196492
 -0.16196492 -0.16196492 -0.16196492 -0.16196492 -0.16196492 -0.16196492
 -0.16196492 -0.16196492 -0.16196492 -0.16196492 -0.16196492 -0.16196492
 -0.16196492 -0.16196492 -0.16196492 -0.16196492 -0.16196492 -0.16196492
 -0.16196492 -0.16196492  1.70843352 -0.16196492 -0.16196492 -0.16196492
 -0.16196492 -0.16196492 -0.16196492 -0.16196492 -0.16196492 -0.16196492
 -0.16196492 -0.16196492 -0.16196492 -0.16196492 -0.16196492 -0.16196492
 -0.16196492 -0.16196492 -0.16196492 -0.16196492 -0.16196492 -0.16196492
 -0.16196492 -0.16196492 -0.16196492 -0.16196492 -0.16196492 -0.16196492
 -0.16196492 -0.16196492 -0.16196492 -0.16196492 -0.16196492 -0.16196492
 -0.16196492 -0.16196492 -0.16196492 -0.16196492 -0.16196492 -0.16196492
 -0.16196492 -0.16196492 -0.16196492 -0.16196492 -0.16196492 -0.16196492
 -0.16196492 -0.16196492 -0.16196492 -0.16196492 -0.16196492 -0.16196492
 -0.16196492 -0.16196492 -0.16196492 -0.16196492 -0.16196492 -0.16196492
 -0.16196492 -0.16196492 -0.16196492 -0.16196492 -0.16196492 -0.16196492
 -0.16196492 -0.16196492 -0.16196492 -0.16196492 -0.16196492 -0.16196492
 -0.16196492 -0.16196492 -0.16196492 -0.16196492 -0.16196492 -0.16196492
  3.35951157 -0.16196492 -0.16196492 -0.16196492 -0.16196492 -0.16196492
 -0.16196492 -0.16196492 -0.16196492 -0.16196492 -0.16196492 -0.16196492
 -0.16196492 -0.16196492 -0.16196492 -0.16196492 -0.16196492 -0.16196492
 -0.16196492 -0.16196492 -0.16196492 -0.16196492 -0.16196492 -0.16196492
  5.35324918 -0.16196492 -0.16196492 -0.16196492 -0.16196492  9.65012624
 -0.16196492 -0.16196492 -0.16196492 -0.16196492 -0.16196492 -0.16196492
 -0.16196492 -0.16196492 -0.16196492 -0.16196492 -0.16196492 -0.16196492
 -0.16196492 -0.16196492 -0.16196492 -0.16196492 -0.16196492 -0.16196492
 -0.16196492 -0.16196492 -0.16196492  1.85695205  0.54354521 -0.16196492
  4.53514985 -0.16196492 -0.16196492 -0.16196492 -0.16196492 -0.16196492
 -0.16196492 -0.16196492 -0.16196492 -0.16196492 -0.16196492 -0.16196492
 -0.16196492 -0.16196492 -0.16196492 -0.16196492 -0.16196492 -0.16196492
 -0.16196492 -0.16196492 -0.16196492  4.31973217 -0.16196492 -0.16196492
 -0.16196492 -0.16196492 -0.16196492 -0.16196492 -0.16196492 -0.16196492
  2.45744252 -0.16196492  0.19899837 -0.16196492 -0.16196492 -0.16196492
 -0.16196492 -0.16196492 -0.16196492 -0.16196492 -0.16196492 -0.16196492
 -0.16196492  2.91075895 -0.16196492 -0.16196492 -0.16196492  2.1439439
 -0.16196492 -0.16196492 -0.16196492 -0.16196492 -0.16196492 -0.16196492
 -0.16196492 -0.16196492 -0.16196492 -0.16196492 -0.16196492 -0.16196492
 -0.16196492 -0.16196492 -0.16196492 -0.16196492 -0.16196492 -0.16196492
 -0.16196492 -0.16196492 -0.16196492 -0.16196492 -0.16196492  3.4744994
 -0.16196492 -0.16196492 -0.16196492 -0.16196492 -0.16196492 -0.16196492
 -0.16196492 -0.16196492 -0.16196492 -0.16196492 -0.16196492 -0.16196492
 -0.16196492 -0.16196492 -0.16196492 -0.16196492 -0.16196492 -0.16196492
 -0.16196492 -0.16196492 -0.16196492 -0.16196492 -0.16196492 -0.16196492
 -0.16196492  2.80316459 -0.16196492 -0.16196492 -0.16196492 -0.16196492
 -0.16196492 -0.16196492 -0.16196492 -0.16196492 -0.16196492 -0.16196492
 -0.16196492 -0.16196492 -0.16196492 -0.16196492 -0.16196492 -0.16196492
 -0.16196492 -0.16196492 -0.16196492 -0.16196492 -0.16196492 -0.16196492
 -0.16196492 -0.16196492 -0.16196492 -0.16196492 -0.16196492 -0.16196492
 -0.16196492 -0.16196492 -0.16196492 -0.16196492 -0.16196492 -0.16196492
 -0.16196492 -0.16196492 -0.16196492 -0.16196492 -0.16196492 -0.16196492
 -0.16196492 -0.16196492 -0.16196492 -0.16196492 -0.16196492 -0.16196492
 -0.16196492 -0.16196492 -0.16196492 -0.16196492 -0.16196492 -0.16196492
 -0.16196492 -0.16196492 -0.16196492 -0.16196492 -0.16196492 -0.16196492
 -0.16196492 -0.16196492 -0.16196492 -0.16196492 -0.16196492 -0.16196492
 -0.16196492 -0.16196492 -0.16196492 -0.16196492 -0.16196492 -0.16196492
 -0.16196492 -0.16196492 -0.16196492 -0.16196492 -0.16196492 -0.16196492
 -0.16196492 -0.16196492 -0.16196492 -0.16196492 -0.16196492 -0.16196492
 -0.16196492 -0.16196492 -0.16196492 -0.16196492 -0.16196492 -0.16196492
 -0.16196492 -0.16196492 -0.16196492 -0.16196492 -0.16196492 -0.16196492
 -0.16196492 -0.16196492 -0.16196492 -0.16196492 -0.16196492 -0.16196492
 -0.16196492 -0.16196492 -0.16196492 -0.16196492 -0.16196492 -0.16196492
 -0.16196492 -0.16196492 -0.16196492 -0.16196492 -0.16196492 -0.16196492
 -0.16196492 -0.16196492 -0.16196492 -0.16196492 -0.16196492 -0.16196492
 -0.16196492 -0.16196492 -0.16196492 -0.16196492 -0.16196492 -0.16196492
 -0.16196492 -0.16196492  3.81835224 -0.16196492 -0.16196492 -0.16196492
 12.69297989  8.23714289 -0.16196492 -0.16196492 -0.16196492 -0.16196492
 -0.16196492 -0.16196492 -0.16196492 -0.16196492 -0.16196492 -0.16196492
 -0.16196492 -0.16196492 -0.16196492 -0.16196492 -0.16196492 -0.16196492
 -0.16196492  4.34075061 -0.16196492 -0.16196492 -0.16196492 -0.16196492
 -0.16196492 -0.16196492 -0.16196492 -0.16196492 -0.16196492 -0.16196492
 -0.16196492 -0.16196492 -0.16196492 -0.16196492 -0.16196492 -0.16196492
 -0.16196492 -0.16196492 -0.16196492 -0.16196492 -0.16196492 -0.16196492
 -0.16196492 -0.16196492 -0.16196492 -0.16196492 -0.16196492 -0.16196492
 -0.16196492 -0.16196492 -0.16196492 -0.16196492]",[0.0025487278518361023]
2,"[-0.18471124 -0.18471124 -0.18471124 -0.18471124 -0.18471124 -0.18471124
 -0.18471124 -0.18471124 -0.18471124 -0.18471124 -0.18471124 -0.18471124
 -0.18471124 -0.18471124 -0.18471124 -0.18471124 -0.18471124 -0.18471124
 -0.18471124 -0.18471124 -0.18471124 -0.18471124 -0.18471124 -0.18471124
 -0.18471124 -0.18471124 -0.18471124 -0.18471124 -0.18471124 -0.18471124
 -0.18471124 -0.18471124 -0.18471124 -0.18471124 -0.18471124 -0.18471124
 -0.18471124 -0.18471124 -0.18471124 -0.18471124 -0.18471124 -0.18471124
 -0.18471124 -0.18471124 -0.18471124 -0.18471124 -0.18471124 -0.18471124
 -0.18471124 -0.18471124 -0.18471124 -0.18471124 -0.18471124 -0.18471124
 -0.18471124 -0.18471124 -0.18471124 -0.18471124  1.25470778 -0.18471124
 -0.18471124 -0.18471124 -0.18471124 -0.18471124 -0.18471124 -0.18471124
 -0.18471124 -0.18471124 -0.18471124 -0.18471124 -0.18471124 -0.18471124
 -0.18471124 -0.18471124 -0.18471124 -0.18471124 -0.18471124 -0.18471124
 -0.18471124 -0.18471124 -0.18471124 -0.18471124 -0.18471124  8.21910658
 -0.18471124 -0.18471124 -0.18471124 -0.18471124 -0.18471124 -0.18471124
 -0.18471124 -0.18471124 -0.18471124 -0.18471124 -0.18471124 -0.18471124
 -0.18471124 -0.18471124 -0.18471124 -0.18471124 -0.18471124 -0.18471124
 -0.18471124 -0.18471124 -0.18471124 -0.18471124 -0.18471124 -0.18471124
 -0.18471124 -0.18471124  1.00255904 -0.18471124 -0.18471124 -0.18471124
  5.27534404 -0.18471124 -0.18471124 -0.18471124 -0.18471124 -0.18471124
 -0.18471124 -0.18471124 -0.18471124  0.2921712  -0.18471124 -0.18471124
 -0.18471124 -0.18471124 -0.18471124 -0.18471124 -0.18471124 -0.18471124
 -0.18471124 -0.18471124 -0.18471124 -0.18471124 -0.18471124 -0.18471124
 -0.18471124 -0.18471124 -0.18471124 -0.18471124 -0.18471124 -0.18471124
 -0.18471124 -0.18471124 -0.18471124 -0.18471124 -0.18471124 -0.18471124
 -0.18471124 -0.18471124 -0.18471124 -0.18471124 -0.18471124 -0.18471124
 -0.18471124 -0.18471124 -0.18471124 -0.18471124 -0.18471124 -0.18471124
 -0.18471124 -0.18471124 -0.18471124 -0.18471124 -0.18471124 -0.18471124
 -0.18471124 -0.18471124 -0.18471124 -0.18471124 -0.18471124 -0.18471124
 -0.18471124 -0.18471124 -0.18471124 -0.18471124 -0.18471124 -0.18471124
 -0.18471124 -0.18471124 -0.18471124 -0.18471124 -0.18471124 -0.18471124
 -0.18471124 -0.18471124 -0.18471124 -0.18471124 -0.18471124 -0.18471124
 -0.18471124 -0.18471124 -0.18471124 -0.18471124 -0.18471124 -0.18471124
 -0.18471124 -0.18471124  2.5958597  -0.18471124 -0.18471124  0.93294093
 -0.18471124 -0.18471124 -0.18471124 -0.18471124 -0.18471124 -0.18471124
  3.69267745 -0.18471124 -0.18471124 -0.18471124 -0.18471124  5.54834261
 -0.18471124 -0.18471124 -0.18471124 -0.18471124 -0.18471124 -0.18471124
 -0.18471124 -0.18471124 -0.18471124 -0.18471124 -0.18471124 -0.18471124
 -0.18471124 -0.18471124 -0.18471124 -0.18471124 -0.18471124 -0.18471124
 -0.18471124 -0.18471124 -0.18471124 -0.18471124 -0.18471124 -0.18471124
 -0.18471124 -0.18471124 -0.18471124 -0.18471124 -0.18471124 -0.18471124
 -0.18471124 -0.18471124 -0.18471124 -0.18471124 -0.18471124 -0.18471124
 -0.18471124 -0.18471124 -0.18471124 -0.18471124 -0.18471124 -0.18471124
 -0.18471124 -0.18471124 -0.18471124  4.31193278 -0.18471124 -0.18471124
 -0.18471124 -0.18471124 -0.18471124 -0.18471124 -0.18471124 -0.18471124
 -0.18471124 -0.18471124  0.78746349 -0.18471124 -0.18471124 -0.18471124
 -0.18471124 -0.18471124 -0.18471124 -0.18471124 -0.18471124 -0.18471124
  4.57591615  3.63290219 -0.18471124 -0.18471124 -0.18471124 -0.18471124
 -0.18471124 -0.18471124 -0.18471124 -0.18471124 -0.18471124 -0.18471124
 -0.18471124 -0.18471124 -0.18471124 -0.18471124 -0.18471124 -0.18471124
 -0.18471124 -0.18471124 -0.18471124 -0.18471124 -0.18471124 -0.18471124
 -0.18471124 -0.18471124 -0.18471124 -0.18471124 -0.18471124  5.26598199
 -0.18471124 -0.18471124 -0.18471124 -0.18471124 -0.18471124 -0.18471124
 -0.18471124 -0.18471124 -0.18471124 -0.18471124 -0.18471124 -0.18471124
 -0.18471124 -0.18471124 -0.18471124 -0.18471124 -0.18471124 -0.18471124
 -0.18471124 -0.18471124 -0.18471124 -0.18471124 -0.18471124 -0.18471124
 -0.18471124 -0.18471124 -0.18471124 -0.18471124 -0.18471124 -0.18471124
 -0.18471124 -0.18471124 -0.18471124 -0.18471124 -0.18471124 -0.18471124
 -0.18471124 -0.18471124 -0.18471124 -0.18471124 -0.18471124 -0.18471124
 -0.18471124 -0.18471124 -0.18471124 -0.18471124 -0.18471124 -0.18471124
 -0.18471124 -0.18471124 -0.18471124 -0.18471124 -0.18471124 -0.18471124
 -0.18471124 -0.18471124 -0.18471124 -0.18471124 -0.18471124 -0.18471124
 -0.18471124 -0.18471124 -0.18471124 -0.18471124 -0.18471124 -0.18471124
 -0.18471124 -0.18471124 -0.18471124 -0.18471124 -0.18471124 -0.18471124
 -0.18471124 -0.18471124 -0.18471124 -0.18471124 -0.18471124 -0.18471124
 -0.18471124 -0.18471124 -0.18471124 -0.18471124 -0.18471124 -0.18471124
 -0.18471124 -0.18471124 -0.18471124 -0.18471124 -0.18471124 -0.18471124
 -0.18471124 -0.18471124 -0.18471124 -0.18471124 -0.18471124 -0.18471124
 -0.18471124 -0.18471124 -0.18471124 -0.18471124 -0.18471124 -0.18471124
 -0.18471124 -0.18471124 -0.18471124 -0.18471124 -0.18471124 -0.18471124
 -0.18471124 -0.18471124 -0.18471124 -0.18471124 -0.18471124 -0.18471124
 -0.18471124 -0.18471124 -0.18471124 -0.18471124 -0.18471124 -0.18471124
 -0.18471124 -0.18471124 -0.18471124 -0.18471124 -0.18471124 -0.18471124
 -0.18471124 -0.18471124 -0.18471124 -0.18471124 -0.18471124 -0.18471124
 -0.18471124 -0.18471124 -0.18471124 -0.18471124 -0.18471124 -0.18471124
 -0.18471124 -0.18471124 -0.18471124 -0.18471124  5.77133071 -0.18471124
 -0.18471124 -0.18471124 -0.18471124 -0.18471124 -0.18471124 -0.18471124
 -0.18471124 -0.18471124  3.90849161 -0.18471124  9.23525522 -0.18471124
  8.56556407  5.14696468 -0.18471124 -0.18471124  4.53775956  3.61292729
 -0.18471124 -0.18471124 -0.18471124 -0.18471124 -0.18471124 -0.18471124
 -0.18471124 -0.18471124 -0.18471124 -0.18471124 -0.18471124 -0.18471124
 -0.18471124 -0.18471124 -0.18471124 -0.18471124 -0.18471124  1.27322149
 -0.18471124 -0.18471124 -0.18471124 -0.18471124 -0.18471124  0.56442871
 -0.18471124 -0.18471124 -0.18471124 -0.18471124 -0.18471124 -0.18471124
 -0.18471124  1.61292683 -0.18471124 -0.18471124 -0.18471124 -0.18471124
 -0.18471124 -0.18471124 -0.18471124 -0.18471124 -0.18471124 -0.18471124
 -0.18471124 -0.18471124 -0.18471124 -0.18471124]",[0.02045495166814343]
2,"[-0.15705728 -0.15705728 -0.15705728 -0.15705728 -0.15705728 -0.15705728
 -0.15705728 -0.15705728 -0.15705728 -0.15705728 -0.15705728 -0.15705728
 -0.15705728 -0.15705728 -0.15705728 -0.15705728 -0.15705728 -0.15705728
 -0.15705728 -0.15705728 -0.15705728 -0.15705728 -0.15705728 -0.15705728
 -0.15705728 -0.15705728 -0.15705728 -0.15705728 -0.15705728 -0.15705728
 -0.15705728 -0.15705728 -0.15705728 -0.15705728 -0.15705728 -0.15705728
 -0.15705728 -0.15705728 -0.15705728 -0.15705728 -0.15705728 -0.15705728
 -0.15705728 -0.15705728 -0.15705728 -0.15705728 -0.15705728 -0.15705728
 -0.15705728 -0.15705728 -0.15705728 -0.15705728 -0.15705728 -0.15705728
 -0.15705728 -0.15705728 -0.15705728 -0.15705728 -0.15705728 -0.15705728
 -0.15705728 -0.15705728 -0.15705728 -0.15705728 -0.15705728 -0.15705728
 -0.15705728 -0.15705728 -0.15705728 -0.15705728 -0.15705728 -0.15705728
 -0.15705728 -0.15705728 -0.15705728 -0.15705728 -0.15705728 -0.15705728
 -0.15705728 -0.15705728 -0.15705728 -0.15705728 -0.15705728 -0.15705728
 -0.15705728 -0.15705728 -0.15705728 -0.15705728 -0.15705728 -0.15705728
 -0.15705728 -0.15705728  3.73119448 -0.15705728 -0.15705728 -0.15705728
 -0.15705728 -0.15705728 -0.15705728 -0.15705728 -0.15705728 -0.15705728
 -0.15705728 -0.15705728 -0.15705728 -0.15705728 -0.15705728 -0.15705728
 -0.15705728 -0.15705728  1.61242399 -0.15705728 -0.15705728 -0.15705728
 -0.15705728 -0.15705728 -0.15705728 -0.15705728 -0.15705728 -0.15705728
 -0.15705728 -0.15705728 -0.15705728 -0.15705728 -0.15705728 -0.15705728
 -0.15705728 -0.15705728 -0.15705728 -0.15705728 -0.15705728 -0.15705728
 -0.15705728 -0.15705728 -0.15705728 -0.15705728 -0.15705728 -0.15705728
 -0.15705728 -0.15705728 -0.15705728 -0.15705728 -0.15705728 -0.15705728
 -0.15705728 -0.15705728 -0.15705728 -0.15705728 -0.15705728 -0.15705728
 -0.15705728 -0.15705728 -0.15705728 -0.15705728 -0.15705728 -0.15705728
 -0.15705728 -0.15705728 -0.15705728 -0.15705728 -0.15705728 -0.15705728
 -0.15705728 -0.15705728 -0.15705728 -0.15705728 -0.15705728 -0.15705728
 -0.15705728 -0.15705728 -0.15705728 -0.15705728 -0.15705728 -0.15705728
 -0.15705728 -0.15705728 -0.15705728 -0.15705728 -0.15705728 -0.15705728
 -0.15705728 -0.15705728 -0.15705728 -0.15705728 -0.15705728 -0.15705728
  2.1523329  -0.15705728 -0.15705728 -0.15705728 -0.15705728 -0.15705728
 -0.15705728 -0.15705728 -0.15705728 -0.15705728 -0.15705728 -0.15705728
 -0.15705728 -0.15705728  1.8978452  -0.15705728 -0.15705728 -0.15705728
 -0.15705728 -0.15705728 -0.15705728 -0.15705728 -0.15705728 -0.15705728
  3.92654094 -0.15705728 -0.15705728 -0.15705728 -0.15705728  7.64307112
 -0.15705728 -0.15705728 -0.15705728 -0.15705728 -0.15705728 -0.15705728
 -0.15705728 -0.15705728 -0.15705728 -0.15705728 -0.15705728 -0.15705728
 -0.15705728 -0.15705728 -0.15705728 -0.15705728 -0.15705728 -0.15705728
 -0.15705728  5.08650358 -0.15705728 -0.15705728  5.8088767  -0.15705728
  5.93860034 -0.15705728 -0.15705728 -0.15705728 -0.15705728 -0.15705728
 -0.15705728 -0.15705728 -0.15705728 -0.15705728 -0.15705728 -0.15705728
 -0.15705728 -0.15705728 -0.15705728 -0.15705728 -0.15705728 -0.15705728
 -0.15705728 -0.15705728 -0.15705728  6.40639243 -0.15705728 -0.15705728
 -0.15705728 -0.15705728 -0.15705728 -0.15705728 -0.15705728 -0.15705728
 -0.15705728 -0.15705728  0.15794935 -0.15705728 -0.15705728 -0.15705728
 -0.15705728 -0.15705728 -0.15705728 -0.15705728 -0.15705728 -0.15705728
 -0.15705728 -0.15705728 -0.15705728 -0.15705728 -0.15705728 -0.15705728
 -0.15705728 -0.15705728 -0.15705728 -0.15705728 -0.15705728 -0.15705728
 -0.15705728 -0.15705728 -0.15705728 -0.15705728 -0.15705728 -0.15705728
 -0.15705728 -0.15705728 -0.15705728 -0.15705728 -0.15705728 -0.15705728
 -0.15705728 -0.15705728  4.84437576 -0.15705728 -0.15705728  2.75026833
 -0.15705728 -0.15705728 -0.15705728 -0.15705728 -0.15705728 -0.15705728
 -0.15705728 -0.15705728 -0.15705728 -0.15705728 -0.15705728 -0.15705728
 -0.15705728 -0.15705728 -0.15705728 -0.15705728 -0.15705728 -0.15705728
 -0.15705728 -0.15705728 -0.15705728 -0.15705728 -0.15705728 -0.15705728
 -0.15705728 -0.15705728 -0.15705728 -0.15705728 -0.15705728 -0.15705728
 -0.15705728 -0.15705728 -0.15705728 -0.15705728 -0.15705728 -0.15705728
 -0.15705728 -0.15705728 -0.15705728 -0.15705728 -0.15705728 -0.15705728
 -0.15705728 -0.15705728 -0.15705728 -0.15705728 -0.15705728 -0.15705728
 -0.15705728 -0.15705728 -0.15705728 -0.15705728 -0.15705728 -0.15705728
 -0.15705728 -0.15705728 -0.15705728 -0.15705728 -0.15705728 -0.15705728
 -0.15705728 -0.15705728 -0.15705728 -0.15705728 -0.15705728 -0.15705728
 -0.15705728 -0.15705728 -0.15705728 -0.15705728 -0.15705728 -0.15705728
 -0.15705728 -0.15705728 -0.15705728 -0.15705728 -0.15705728 -0.15705728
 -0.15705728 -0.15705728 -0.15705728 -0.15705728 -0.15705728 -0.15705728
 -0.15705728 -0.15705728 -0.15705728 -0.15705728 -0.15705728 -0.15705728
 -0.15705728 -0.15705728 -0.15705728 -0.15705728 -0.15705728 -0.15705728
 -0.15705728 -0.15705728 -0.15705728 -0.15705728 -0.15705728 -0.15705728
 -0.15705728 -0.15705728 -0.15705728 -0.15705728 -0.15705728 -0.15705728
 -0.15705728 -0.15705728 -0.15705728 -0.15705728 -0.15705728 -0.15705728
 -0.15705728 -0.15705728 -0.15705728 -0.15705728 -0.15705728 -0.15705728
 -0.15705728 -0.15705728 -0.15705728 -0.15705728 -0.15705728 -0.15705728
 -0.15705728 -0.15705728 -0.15705728 -0.15705728 -0.15705728 -0.15705728
 -0.15705728 -0.15705728 -0.15705728 -0.15705728 -0.15705728 -0.15705728
 -0.15705728 -0.15705728 -0.15705728 -0.15705728 -0.15705728 -0.15705728
 -0.15705728 -0.15705728 -0.15705728 -0.15705728 -0.15705728 -0.15705728
 -0.15705728 -0.15705728  2.1523329  -0.15705728  9.81296795 -0.15705728
 11.64072106 -0.15705728 -0.15705728 -0.15705728 -0.15705728 -0.15705728
 -0.15705728 -0.15705728 -0.15705728 -0.15705728 -0.15705728 -0.15705728
 -0.15705728 -0.15705728 -0.15705728 -0.15705728 -0.15705728 -0.15705728
 -0.15705728  1.29967689 -0.15705728 -0.15705728 -0.15705728 -0.15705728
 -0.15705728 -0.15705728 -0.15705728 -0.15705728 -0.15705728 -0.15705728
 -0.15705728 -0.15705728 -0.15705728 -0.15705728 -0.15705728 -0.15705728
 -0.15705728 -0.15705728 -0.15705728 -0.15705728 -0.15705728 -0.15705728
 -0.15705728 -0.15705728 -0.15705728 -0.15705728 -0.15705728 -0.15705728
 -0.15705728 -0.15705728  1.98068286 -0.15705728]",[0.009907229326891254]
2,"[-0.17702999 -0.17702999 -0.17702999 -0.17702999 -0.17702999 -0.17702999
 -0.17702999 -0.17702999 -0.17702999 -0.17702999 -0.17702999 -0.17702999
 -0.17702999 -0.17702999 -0.17702999 -0.17702999 -0.17702999 -0.17702999
 -0.17702999 -0.17702999 -0.17702999 -0.17702999 -0.17702999 -0.17702999
 -0.17702999 -0.17702999 -0.17702999 -0.17702999 -0.17702999 -0.17702999
 -0.17702999 -0.17702999 -0.17702999 -0.17702999 -0.17702999 -0.17702999
 -0.17702999 -0.17702999 -0.17702999 -0.17702999 -0.17702999 -0.17702999
 -0.17702999 -0.17702999 -0.17702999 -0.17702999 -0.17702999 -0.17702999
 -0.17702999 -0.17702999 -0.17702999 -0.17702999 -0.17702999 -0.17702999
 -0.17702999 -0.17702999 -0.17702999 -0.17702999 -0.17702999 -0.17702999
 -0.17702999 -0.17702999 -0.17702999 -0.17702999 -0.17702999 -0.17702999
 -0.17702999 -0.17702999 -0.17702999 -0.17702999 -0.17702999 -0.17702999
 -0.17702999 -0.17702999 -0.17702999 -0.17702999 -0.17702999 -0.17702999
 -0.17702999 -0.17702999 -0.17702999 -0.17702999 -0.17702999  8.67527843
 -0.17702999 -0.17702999 -0.17702999 -0.17702999 -0.17702999 -0.17702999
 -0.17702999 -0.17702999 -0.17702999 -0.17702999 -0.17702999 -0.17702999
 -0.17702999 -0.17702999 -0.17702999 -0.17702999 -0.17702999 -0.17702999
 -0.17702999 -0.17702999 -0.17702999 -0.17702999  0.36156971 -0.17702999
 -0.17702999 -0.17702999  3.54739509 -0.17702999 -0.17702999 -0.17702999
 -0.17702999 -0.17702999  2.65175647 -0.17702999 -0.17702999 -0.17702999
 -0.17702999 -0.17702999 -0.17702999 -0.17702999  2.24693046 -0.17702999
 -0.17702999 -0.17702999 -0.17702999 -0.17702999 -0.17702999 -0.17702999
 -0.17702999 -0.17702999 -0.17702999 -0.17702999 -0.17702999 -0.17702999
 -0.17702999 -0.17702999 -0.17702999 -0.17702999 -0.17702999 -0.17702999
 -0.17702999 -0.17702999 -0.17702999 -0.17702999 -0.17702999 -0.17702999
 -0.17702999 -0.17702999 -0.17702999 -0.17702999 -0.17702999 -0.17702999
 -0.17702999 -0.17702999 -0.17702999 -0.17702999 -0.17702999 -0.17702999
 -0.17702999 -0.17702999 -0.17702999 -0.17702999 -0.17702999 -0.17702999
 -0.17702999 -0.17702999 -0.17702999 -0.17702999 -0.17702999 -0.17702999
 -0.17702999 -0.17702999 -0.17702999 -0.17702999 -0.17702999 -0.17702999
 -0.17702999 -0.17702999 -0.17702999 -0.17702999 -0.17702999 -0.17702999
 -0.17702999 -0.17702999 -0.17702999 -0.17702999 -0.17702999 -0.17702999
 -0.17702999 -0.17702999 -0.17702999 -0.17702999 -0.17702999 -0.17702999
 -0.17702999 -0.17702999 -0.17702999 -0.17702999 -0.17702999  3.42845294
 -0.17702999 -0.17702999 -0.17702999 -0.17702999 -0.17702999 -0.17702999
  5.70441007 -0.17702999 -0.17702999 -0.17702999 -0.17702999  8.59175582
 -0.17702999 -0.17702999 -0.17702999 -0.17702999 -0.17702999 -0.17702999
 -0.17702999 -0.17702999 -0.17702999 -0.17702999 -0.17702999 -0.17702999
 -0.17702999 -0.17702999 -0.17702999 -0.17702999 -0.17702999 -0.17702999
 -0.17702999  5.56707681 -0.17702999 -0.17702999 -0.17702999 -0.17702999
 -0.17702999 -0.17702999 -0.17702999 -0.17702999 -0.17702999 -0.17702999
 -0.17702999 -0.17702999 -0.17702999 -0.17702999 -0.17702999 -0.17702999
 -0.17702999 -0.17702999 -0.17702999  3.81588377 -0.17702999 -0.17702999
 -0.17702999 -0.17702999  2.8863284  -0.17702999 -0.17702999  0.2589235
 -0.17702999 -0.17702999 -0.17702999 -0.17702999 -0.17702999 -0.17702999
 -0.17702999 -0.17702999  1.65101758 -0.17702999 -0.17702999 -0.17702999
 -0.17702999  0.45472908 -0.17702999 -0.17702999 -0.17702999 -0.17702999
 -0.17702999 -0.17702999 -0.17702999 -0.17702999  1.16915944 -0.17702999
 -0.17702999 -0.17702999 -0.17702999 -0.17702999 -0.17702999 -0.17702999
 -0.17702999 -0.17702999  2.2851572  -0.17702999 -0.17702999 -0.17702999
 -0.17702999 -0.17702999 -0.17702999 -0.17702999 -0.17702999 -0.17702999
 -0.17702999 -0.17702999 -0.17702999 -0.17702999 -0.17702999  1.3463173
 -0.17702999 -0.17702999 -0.17702999 -0.17702999 -0.17702999 -0.17702999
 -0.17702999 -0.17702999 -0.17702999 -0.17702999 -0.17702999 -0.17702999
 -0.17702999 -0.17702999 -0.17702999 -0.17702999 -0.17702999 -0.17702999
 -0.17702999 -0.17702999 -0.17702999 -0.17702999 -0.17702999 -0.17702999
 -0.17702999  2.81741444 -0.17702999 -0.17702999 -0.17702999 -0.17702999
 -0.17702999 -0.17702999 -0.17702999 -0.17702999 -0.17702999 -0.17702999
 -0.17702999 -0.17702999 -0.17702999 -0.17702999 -0.17702999 -0.17702999
 -0.17702999 -0.17702999 -0.17702999 -0.17702999 -0.17702999 -0.17702999
 -0.17702999 -0.17702999 -0.17702999 -0.17702999 -0.17702999 -0.17702999
 -0.17702999 -0.17702999 -0.17702999 -0.17702999 -0.17702999 -0.17702999
 -0.17702999 -0.17702999 -0.17702999 -0.17702999 -0.17702999 -0.17702999
 -0.17702999 -0.17702999 -0.17702999 -0.17702999 -0.17702999 -0.17702999
  0.49922984 -0.17702999 -0.17702999 -0.17702999 -0.17702999 -0.17702999
 -0.17702999 -0.17702999 -0.17702999 -0.17702999 -0.17702999 -0.17702999
 -0.17702999 -0.17702999 -0.17702999 -0.17702999 -0.17702999 -0.17702999
 -0.17702999 -0.17702999 -0.17702999 -0.17702999 -0.17702999 -0.17702999
 -0.17702999 -0.17702999 -0.17702999 -0.17702999 -0.17702999 -0.17702999
 -0.17702999 -0.17702999 -0.17702999 -0.17702999 -0.17702999 -0.17702999
 -0.17702999 -0.17702999 -0.17702999 -0.17702999  2.2851572  -0.17702999
 -0.17702999 -0.17702999 -0.17702999 -0.17702999 -0.17702999 -0.17702999
 -0.17702999 -0.17702999 -0.17702999 -0.17702999 -0.17702999 -0.17702999
 -0.17702999 -0.17702999 -0.17702999 -0.17702999 -0.17702999 -0.17702999
  1.41792828 -0.17702999 -0.17702999 -0.17702999 -0.17702999 -0.17702999
 -0.17702999 -0.17702999 -0.17702999 -0.17702999 -0.17702999 -0.17702999
 -0.17702999 -0.17702999 -0.17702999 -0.17702999 -0.17702999 -0.17702999
 -0.17702999 -0.17702999  2.63293715 -0.17702999 -0.17702999 -0.17702999
 11.47067363 -0.17702999 -0.17702999 -0.17702999 -0.17702999 -0.17702999
  7.6632324  -0.17702999 -0.17702999 -0.17702999 -0.17702999 -0.17702999
 -0.17702999 -0.17702999 -0.17702999 -0.17702999 -0.17702999 -0.17702999
 -0.17702999 -0.17702999 -0.17702999 -0.17702999 -0.17702999  2.408457
 -0.17702999 -0.17702999 -0.17702999 -0.17702999 -0.17702999 -0.17702999
 -0.17702999 -0.17702999 -0.17702999 -0.17702999 -0.17702999 -0.17702999
 -0.17702999 -0.17702999 -0.17702999 -0.17702999 -0.17702999 -0.17702999
 -0.17702999 -0.17702999 -0.17702999 -0.17702999 -0.17702999 -0.17702999
 -0.17702999 -0.17702999  1.61564529 -0.17702999]",[-0.0029292593761205687]
3,"[-0.26090872 -0.26090872 -0.26090872 -0.26090872  0.17667441 -0.26090872
 -0.26090872 -0.26090872 -0.26090872 -0.26090872 -0.26090872 -0.26090872
 -0.26090872 -0.26090872 -0.26090872 -0.26090872 -0.26090872 -0.26090872
 -0.26090872 -0.26090872 -0.26090872 -0.26090872 -0.26090872 -0.26090872
 -0.26090872 -0.26090872 -0.26090872 -0.26090872 -0.26090872 -0.26090872
 -0.26090872 -0.26090872 -0.26090872 -0.26090872 -0.26090872  1.95192343
 -0.26090872 -0.26090872 -0.26090872 -0.26090872 -0.26090872 -0.26090872
 -0.26090872 -0.26090872 -0.26090872 -0.26090872 -0.26090872 -0.26090872
 -0.26090872 -0.26090872 -0.26090872 -0.26090872 -0.26090872 -0.26090872
 -0.26090872 -0.26090872 -0.26090872 -0.26090872 -0.26090872 -0.26090872
 -0.26090872 -0.26090872 -0.26090872 -0.26090872 -0.26090872 -0.26090872
 -0.26090872 -0.26090872 -0.26090872 -0.26090872 -0.26090872 -0.26090872
 -0.26090872 -0.26090872 -0.26090872 -0.26090872 -0.26090872 -0.26090872
 -0.26090872 -0.26090872 -0.26090872 -0.26090872 -0.26090872  6.31297811
 -0.26090872 -0.26090872 -0.26090872 -0.26090872 -0.26090872  2.23814143
 -0.26090872 -0.26090872 -0.26090872 -0.26090872 -0.26090872 -0.26090872
 -0.26090872 -0.26090872 -0.26090872 -0.26090872 -0.26090872 -0.26090872
 -0.26090872 -0.26090872 -0.26090872 -0.26090872 -0.26090872 -0.26090872
 -0.26090872 -0.26090872  6.85691239 -0.26090872 -0.26090872 -0.26090872
 -0.26090872 -0.26090872 -0.26090872 -0.26090872 -0.26090872 -0.26090872
 -0.26090872 -0.26090872  5.00135186  0.41541649  4.89743238 -0.26090872
 -0.26090872 -0.26090872 -0.26090872 -0.26090872 -0.26090872 -0.26090872
 -0.26090872 -0.26090872 -0.26090872 -0.26090872 -0.26090872 -0.26090872
 -0.26090872 -0.26090872 -0.26090872 -0.26090872 -0.26090872 -0.26090872
 -0.26090872 -0.26090872 -0.26090872 -0.26090872 -0.26090872 -0.26090872
 -0.26090872 -0.26090872 -0.26090872 -0.26090872 -0.26090872 -0.26090872
 -0.26090872 -0.26090872 -0.26090872 -0.26090872 -0.26090872 -0.26090872
 -0.26090872 -0.26090872 -0.26090872 -0.26090872 -0.26090872 -0.26090872
 -0.26090872 -0.26090872 -0.26090872 -0.26090872 -0.26090872 -0.26090872
 -0.26090872 -0.26090872 -0.26090872 -0.26090872 -0.26090872 -0.26090872
 -0.26090872 -0.26090872 -0.26090872 -0.26090872 -0.26090872 -0.26090872
 -0.26090872 -0.26090872 -0.26090872 -0.26090872 -0.26090872 -0.26090872
 -0.26090872 -0.26090872 -0.26090872 -0.26090872 -0.26090872 -0.26090872
 -0.26090872 -0.26090872 -0.26090872 -0.26090872 -0.26090872 -0.26090872
 -0.26090872 -0.26090872 -0.26090872 -0.26090872 -0.26090872 -0.26090872
  1.71399288 -0.26090872  0.11771102 -0.26090872 -0.26090872 -0.26090872
 -0.26090872 -0.26090872 -0.26090872 -0.26090872 -0.26090872 -0.26090872
 -0.26090872 -0.26090872 -0.26090872 -0.26090872 -0.26090872 -0.26090872
 -0.26090872 -0.26090872 -0.26090872  0.79584534 -0.26090872 -0.26090872
 -0.26090872  2.37352455 -0.26090872  3.26632906  3.29133933 -0.26090872
  3.16605982  0.47484621 -0.26090872  1.95192343 -0.26090872 -0.26090872
 -0.26090872 -0.26090872 -0.26090872 -0.26090872 -0.26090872 -0.26090872
 -0.26090872  3.42589516 -0.26090872  3.92872111  4.11149564 -0.26090872
 -0.26090872 -0.26090872 -0.26090872  2.06989096 -0.26090872  1.71766332
 -0.26090872 -0.26090872 -0.26090872 -0.26090872  1.42282675 -0.26090872
  0.57106064 -0.26090872  6.00704522 -0.26090872  3.19216687 -0.26090872
 -0.26090872  1.66644918 -0.26090872 -0.26090872  3.92524872 -0.26090872
  1.22431709  1.39256756 -0.26090872 -0.26090872  3.91301419  2.72946071
  1.85365805 -0.26090872 -0.26090872  1.39256756 -0.26090872 -0.26090872
 -0.26090872 -0.26090872  4.90030096 -0.26090872 -0.26090872 -0.26090872
 -0.26090872 -0.26090872 -0.26090872 -0.26090872 -0.26090872 -0.26090872
  6.47144801 -0.26090872 -0.26090872 -0.26090872 -0.26090872  0.87215513
 -0.26090872 -0.26090872 -0.26090872 -0.26090872 -0.26090872 -0.26090872
 -0.26090872 -0.26090872 -0.26090872 -0.26090872 -0.26090872 -0.26090872
 -0.26090872 -0.26090872 -0.26090872 -0.26090872 -0.26090872 -0.26090872
 -0.26090872 -0.26090872 -0.26090872 -0.26090872 -0.26090872 -0.26090872
 -0.26090872 -0.26090872 -0.26090872 -0.26090872 -0.26090872 -0.26090872
 -0.26090872 -0.26090872 -0.26090872 -0.26090872 -0.26090872 -0.26090872
 -0.26090872 -0.26090872 -0.26090872 -0.26090872 -0.26090872 -0.26090872
 -0.26090872 -0.26090872 -0.26090872 -0.26090872 -0.26090872 -0.26090872
 -0.26090872 -0.26090872 -0.26090872 -0.26090872 -0.26090872 -0.26090872
 -0.26090872 -0.26090872 -0.26090872 -0.26090872 -0.26090872 -0.26090872
 -0.26090872 -0.26090872 -0.26090872 -0.26090872 -0.26090872 -0.26090872
 -0.26090872 -0.26090872 -0.26090872 -0.26090872 -0.26090872 -0.26090872
 -0.26090872 -0.26090872 -0.26090872 -0.26090872 -0.26090872 -0.26090872
 -0.26090872 -0.26090872 -0.26090872 -0.26090872 -0.26090872 -0.26090872
 -0.26090872 -0.26090872 -0.26090872 -0.26090872 -0.26090872 -0.26090872
 -0.26090872 -0.26090872 -0.26090872 -0.26090872 -0.26090872 -0.26090872
 -0.26090872 -0.26090872 -0.26090872 -0.26090872 -0.26090872 -0.26090872
 -0.26090872 -0.26090872 -0.26090872 -0.26090872 -0.26090872 -0.26090872
 -0.26090872 -0.26090872 -0.26090872 -0.26090872  3.82244012  4.14548927
 -0.26090872 -0.26090872 -0.26090872 -0.26090872 -0.26090872 -0.26090872
 -0.26090872 -0.26090872 -0.26090872 -0.26090872 -0.26090872 -0.26090872
 -0.26090872 -0.26090872 -0.26090872 -0.26090872 -0.26090872 -0.26090872
 -0.26090872  2.26508707 -0.26090872 -0.26090872 -0.26090872 -0.26090872
 -0.26090872 -0.26090872 -0.26090872 -0.26090872 -0.26090872 -0.26090872
 -0.26090872 -0.26090872 -0.26090872 -0.26090872 -0.26090872 -0.26090872
 -0.26090872 -0.26090872  4.10163199 -0.26090872 -0.26090872 -0.26090872
 -0.26090872 -0.26090872 -0.26090872 -0.26090872 -0.26090872 -0.26090872
 -0.26090872 -0.26090872 -0.26090872 -0.26090872 -0.26090872 -0.26090872
 -0.26090872 -0.26090872 -0.26090872 -0.26090872 -0.26090872 -0.26090872
 -0.26090872  4.04881628  3.30509253 -0.26090872 -0.26090872 -0.26090872
 -0.26090872 -0.26090872 -0.26090872 -0.26090872 -0.26090872  0.71364064
 -0.26090872 -0.26090872 -0.26090872 -0.26090872 -0.26090872 -0.26090872
 -0.26090872 -0.26090872 -0.26090872 -0.26090872 -0.26090872 -0.26090872
 -0.26090872 -0.26090872 -0.26090872 -0.26090872 -0.26090872 -0.26090872
 -0.26090872 -0.26090872 -0.26090872 -0.26090872]",[0.11775728576208255]
3,"[-0.17396449 -0.17396449 -0.17396449 -0.17396449 -0.12715653 -0.17396449
 -0.17396449 -0.17396449 -0.17396449 -0.17396449 -0.17396449 -0.17396449
 -0.17396449 -0.17396449 -0.17396449 -0.17396449 -0.17396449 -0.17396449
  3.60500855 -0.17396449 -0.17396449 -0.17396449 -0.17396449 -0.17396449
 -0.17396449 -0.17396449 -0.17396449 -0.17396449 -0.17396449 -0.17396449
 -0.17396449 -0.17396449 -0.17396449 -0.17396449 -0.17396449 -0.17396449
 -0.17396449 -0.17396449 -0.17396449 -0.17396449 -0.17396449 -0.17396449
 -0.17396449 -0.17396449 -0.17396449 -0.17396449 -0.17396449 -0.17396449
 -0.17396449 -0.17396449 -0.17396449 -0.17396449 -0.17396449 -0.17396449
 -0.17396449 -0.17396449 -0.17396449 -0.17396449  3.11875072 -0.17396449
 -0.17396449 -0.17396449 -0.17396449 -0.17396449 -0.17396449 -0.17396449
 -0.17396449 -0.17396449 -0.17396449 -0.17396449 -0.17396449 -0.17396449
 -0.17396449 -0.17396449 -0.17396449 -0.17396449 -0.17396449 -0.17396449
 -0.17396449 -0.17396449 -0.17396449 -0.17396449 -0.17396449  9.71928107
 -0.17396449 -0.17396449 -0.17396449 -0.17396449 -0.17396449 -0.17396449
 -0.17396449 -0.17396449  3.63707302 -0.17396449 -0.17396449 -0.17396449
 -0.17396449 -0.17396449 -0.17396449 -0.17396449 -0.17396449 -0.17396449
 -0.17396449 -0.17396449 -0.17396449 -0.17396449 -0.17396449 -0.17396449
 -0.17396449 -0.17396449  7.94066427 -0.17396449 -0.17396449 -0.17396449
 -0.17396449 -0.17396449 -0.17396449 -0.17396449 -0.17396449 -0.17396449
 -0.17396449 -0.17396449 -0.17396449 -0.17396449 -0.17396449 -0.17396449
 -0.17396449 -0.17396449 -0.17396449 -0.17396449 -0.17396449 -0.17396449
 -0.17396449 -0.17396449 -0.17396449 -0.17396449 -0.17396449 -0.17396449
 -0.17396449 -0.17396449 -0.17396449 -0.17396449 -0.17396449 -0.17396449
 -0.17396449 -0.17396449 -0.17396449 -0.17396449 -0.17396449 -0.17396449
 -0.17396449 -0.17396449 -0.17396449 -0.17396449 -0.17396449 -0.17396449
 -0.17396449 -0.17396449 -0.17396449 -0.17396449 -0.17396449 -0.17396449
 -0.17396449 -0.17396449 -0.17396449 -0.17396449 -0.17396449 -0.17396449
 -0.17396449 -0.17396449 -0.17396449 -0.17396449 -0.17396449  2.42657119
 -0.17396449 -0.17396449 -0.17396449 -0.17396449 -0.17396449 -0.17396449
 -0.17396449 -0.17396449 -0.17396449 -0.17396449 -0.17396449 -0.17396449
 -0.17396449 -0.17396449 -0.17396449 -0.17396449 -0.17396449 -0.17396449
 -0.17396449 -0.17396449  4.97723195 -0.17396449 -0.17396449 -0.17396449
 -0.17396449 -0.17396449 -0.17396449 -0.17396449 -0.17396449  4.82478032
 -0.17396449 -0.17396449 -0.17396449 -0.17396449 -0.17396449 -0.17396449
  6.64202813 -0.17396449 -0.17396449 -0.17396449 -0.17396449  2.59732964
 -0.17396449 -0.17396449 -0.17396449 -0.17396449 -0.17396449 -0.17396449
 -0.17396449 -0.17396449 -0.17396449 -0.17396449 -0.17396449 -0.17396449
 -0.17396449 -0.17396449 -0.17396449 -0.17396449 -0.17396449 -0.17396449
 -0.17396449  4.0747722  -0.17396449 -0.17396449  4.92286642 -0.17396449
 -0.17396449 -0.17396449 -0.17396449 -0.17396449 -0.17396449 -0.17396449
 -0.17396449 -0.17396449 -0.17396449 -0.17396449 -0.17396449 -0.17396449
 -0.17396449 -0.17396449 -0.17396449 -0.17396449 -0.17396449 -0.17396449
 -0.17396449 -0.17396449 -0.17396449  2.04817641 -0.17396449 -0.17396449
 -0.17396449 -0.17396449 -0.17396449 -0.17396449 -0.17396449 -0.17396449
 -0.17396449 -0.17396449 -0.17396449 -0.17396449  3.65735094 -0.17396449
 -0.17396449 -0.17396449 -0.17396449 -0.17396449 -0.17396449 -0.17396449
 -0.17396449 -0.17396449 -0.17396449 -0.17396449 -0.17396449  5.61579871
 -0.17396449 -0.17396449 -0.17396449 -0.17396449 -0.17396449 -0.17396449
 -0.17396449 -0.17396449 -0.17396449 -0.17396449 -0.17396449 -0.17396449
 -0.17396449 -0.17396449 -0.17396449 -0.17396449 -0.17396449 -0.17396449
 -0.17396449 -0.17396449 -0.17396449 -0.17396449 -0.17396449  7.69247202
 -0.17396449 -0.17396449 -0.17396449 -0.17396449 -0.17396449 -0.17396449
 -0.17396449 -0.17396449 -0.17396449 -0.17396449 -0.17396449 -0.17396449
 -0.17396449 -0.17396449 -0.17396449 -0.17396449 -0.17396449 -0.17396449
 -0.17396449 -0.17396449 -0.17396449 -0.17396449 -0.17396449 -0.17396449
 -0.17396449 -0.17396449 -0.17396449 -0.17396449 -0.17396449 -0.17396449
 -0.17396449 -0.17396449 -0.17396449 -0.17396449 -0.17396449 -0.17396449
 -0.17396449 -0.17396449 -0.17396449 -0.17396449 -0.17396449 -0.17396449
 -0.17396449 -0.17396449 -0.17396449 -0.17396449 -0.17396449 -0.17396449
 -0.17396449 -0.17396449 -0.17396449 -0.17396449 -0.17396449 -0.17396449
 -0.17396449 -0.17396449 -0.17396449 -0.17396449 -0.17396449 -0.17396449
 -0.17396449 -0.17396449 -0.17396449 -0.17396449 -0.17396449 -0.17396449
 -0.17396449 -0.17396449 -0.17396449 -0.17396449 -0.17396449 -0.17396449
 -0.17396449 -0.17396449 -0.17396449 -0.17396449 -0.17396449 -0.17396449
 -0.17396449 -0.17396449 -0.17396449 -0.17396449 -0.17396449 -0.17396449
 -0.17396449 -0.17396449 -0.17396449 -0.17396449 -0.17396449 -0.17396449
 -0.17396449 -0.17396449 -0.17396449 -0.17396449 -0.17396449 -0.17396449
 -0.17396449 -0.17396449 -0.17396449 -0.17396449 -0.17396449 -0.17396449
 -0.17396449 -0.17396449 -0.17396449 -0.17396449 -0.17396449 -0.17396449
 -0.17396449 -0.17396449 -0.17396449 -0.17396449 -0.17396449 -0.17396449
 -0.17396449 -0.17396449 -0.17396449 -0.17396449 -0.17396449 -0.17396449
 -0.17396449 -0.17396449 -0.17396449 -0.17396449 -0.17396449 -0.17396449
 -0.17396449 -0.17396449 -0.17396449 -0.17396449 -0.17396449 -0.17396449
 -0.17396449 -0.17396449 -0.17396449 -0.17396449 -0.17396449 -0.17396449
 -0.17396449 -0.17396449 -0.17396449 -0.17396449 -0.17396449 -0.17396449
 -0.17396449 -0.17396449 -0.17396449 -0.17396449 -0.17396449 -0.17396449
 -0.17396449 -0.17396449  7.07945425 -0.17396449 -0.17396449 -0.17396449
 -0.17396449 -0.17396449 -0.17396449 -0.17396449 -0.17396449 -0.17396449
 -0.17396449 -0.17396449 -0.17396449 -0.17396449 -0.17396449 -0.17396449
 -0.17396449 -0.17396449 -0.17396449 -0.17396449 -0.17396449 -0.17396449
 -0.17396449  2.7037586  -0.17396449 -0.17396449 -0.17396449 -0.17396449
 -0.17396449 -0.17396449 -0.17396449 -0.17396449 -0.17396449 -0.17396449
 -0.17396449 -0.17396449 -0.17396449 -0.17396449 -0.17396449 -0.17396449
 -0.17396449 -0.17396449 -0.17396449 -0.17396449 -0.17396449 -0.17396449
 -0.17396449 -0.17396449 -0.17396449 -0.17396449 -0.17396449 -0.17396449
 -0.17396449 -0.17396449 -0.17396449 -0.17396449]",[0.06321561429544863]
3,"[-0.14809601 -0.14809601 -0.14809601 -0.14809601 -0.14809601 -0.14809601
 -0.14809601 -0.14809601 -0.14809601 -0.14809601 -0.14809601 -0.14809601
 -0.14809601 -0.14809601 -0.14809601 -0.14809601 -0.14809601 -0.14809601
  4.61187677 -0.14809601 -0.14809601 -0.14809601 -0.14809601 -0.14809601
 -0.14809601 -0.14809601 -0.14809601 -0.14809601 -0.14809601 -0.14809601
 -0.14809601 -0.14809601 -0.14809601 -0.14809601 -0.14809601 -0.14809601
 -0.14809601 -0.14809601 -0.14809601 -0.14809601 -0.14809601 -0.14809601
 -0.14809601 -0.14809601 -0.14809601 -0.14809601 -0.14809601 -0.14809601
 -0.14809601 -0.14809601 -0.14809601 -0.14809601 -0.14809601 -0.14809601
 -0.14809601 -0.14809601 -0.14809601 -0.14809601 -0.14809601 -0.14809601
 -0.14809601 -0.14809601 -0.14809601 -0.14809601 -0.14809601 -0.14809601
 -0.14809601 -0.14809601 -0.14809601 -0.14809601 -0.14809601 -0.14809601
 -0.14809601 -0.14809601 -0.14809601 -0.14809601 -0.14809601 -0.14809601
 -0.14809601 -0.14809601 -0.14809601 -0.14809601 -0.14809601 10.12877946
 -0.14809601 -0.14809601 -0.14809601 -0.14809601 -0.14809601 -0.14809601
 -0.14809601 -0.14809601  1.95664759 -0.14809601 -0.14809601 -0.14809601
 -0.14809601 -0.14809601 -0.14809601 -0.14809601 -0.14809601 -0.14809601
 -0.14809601 -0.14809601 -0.14809601 -0.14809601 -0.14809601 -0.14809601
 -0.14809601 -0.14809601  0.81244693 -0.14809601 -0.14809601 -0.14809601
 -0.14809601 -0.14809601 -0.14809601 -0.14809601 -0.14809601 -0.14809601
 -0.14809601 -0.14809601 -0.14809601 -0.14809601 -0.14809601 -0.14809601
 -0.14809601 -0.14809601 -0.14809601 -0.14809601 -0.14809601 -0.14809601
 -0.14809601 -0.14809601 -0.14809601 -0.14809601 -0.14809601 -0.14809601
 -0.14809601 -0.14809601 -0.14809601 -0.14809601 -0.14809601 -0.14809601
 -0.14809601 -0.14809601 -0.14809601 -0.14809601 -0.14809601 -0.14809601
 -0.14809601 -0.14809601 -0.14809601 -0.14809601 -0.14809601 -0.14809601
 -0.14809601 -0.14809601 -0.14809601 -0.14809601 -0.14809601 -0.14809601
 -0.14809601 -0.14809601 -0.14809601 -0.14809601 -0.14809601 -0.14809601
 -0.14809601 -0.14809601 -0.14809601 -0.14809601 -0.14809601  4.48270724
 -0.14809601 -0.14809601 -0.14809601 -0.14809601 -0.14809601 -0.14809601
 -0.14809601 -0.14809601 -0.14809601 -0.14809601 -0.14809601 -0.14809601
  5.41562663 -0.14809601 -0.14809601 -0.14809601 -0.14809601 -0.14809601
 -0.14809601 -0.14809601 -0.14809601 -0.14809601 -0.14809601 -0.14809601
 -0.14809601 -0.14809601 -0.14809601 -0.14809601 -0.14809601  4.99507585
 -0.14809601 -0.14809601 -0.14809601 -0.14809601 -0.14809601 -0.14809601
  5.45453702 -0.14809601 -0.14809601 -0.14809601 -0.14809601  4.6935507
 -0.14809601 -0.14809601 -0.14809601 -0.14809601 -0.14809601 -0.14809601
 -0.14809601 -0.14809601 -0.14809601 -0.14809601 -0.14809601 -0.14809601
 -0.14809601 -0.14809601 -0.14809601 -0.14809601 -0.14809601 -0.14809601
 -0.14809601 -0.14809601 -0.14809601 -0.14809601 -0.14809601 -0.14809601
 -0.14809601 -0.14809601 -0.14809601 -0.14809601 -0.14809601 -0.14809601
 -0.14809601 -0.14809601 -0.14809601 -0.14809601 -0.14809601 -0.14809601
 -0.14809601 -0.14809601 -0.14809601 -0.14809601 -0.14809601 -0.14809601
 -0.14809601 -0.14809601 -0.14809601  5.41202044 -0.14809601 -0.14809601
 -0.14809601 -0.14809601 -0.14809601 -0.14809601 -0.14809601 -0.14809601
 -0.14809601 -0.14809601  1.81660346 -0.14809601 -0.14809601 -0.14809601
 -0.14809601 -0.14809601 -0.14809601 -0.14809601 -0.14809601 -0.14809601
 -0.14809601 -0.14809601 -0.14809601 -0.14809601 -0.14809601 -0.14809601
 -0.14809601 -0.14809601 -0.14809601 -0.14809601 -0.14809601 -0.14809601
 -0.14809601 -0.14809601 -0.14809601 -0.14809601 -0.14809601 -0.14809601
 -0.14809601 -0.14809601 -0.14809601 -0.14809601 -0.14809601 -0.14809601
 -0.14809601 -0.14809601 -0.14809601 -0.14809601 -0.14809601  6.98109307
 -0.14809601 -0.14809601 -0.14809601 -0.14809601 -0.14809601 -0.14809601
 -0.14809601 -0.14809601 -0.14809601 -0.14809601 -0.14809601 -0.14809601
 -0.14809601 -0.14809601 -0.14809601 -0.14809601 -0.14809601 -0.14809601
 -0.14809601 -0.14809601 -0.14809601 -0.14809601 -0.14809601 -0.14809601
 -0.14809601 -0.14809601 -0.14809601 -0.14809601 -0.14809601 -0.14809601
 -0.14809601 -0.14809601 -0.14809601 -0.14809601 -0.14809601 -0.14809601
 -0.14809601 -0.14809601 -0.14809601 -0.14809601 -0.14809601 -0.14809601
 -0.14809601 -0.14809601 -0.14809601 -0.14809601 -0.14809601 -0.14809601
 -0.14809601 -0.14809601 -0.14809601 -0.14809601 -0.14809601 -0.14809601
 -0.14809601 -0.14809601 -0.14809601 -0.14809601 -0.14809601 -0.14809601
 -0.14809601 -0.14809601 -0.14809601 -0.14809601 -0.14809601 -0.14809601
 -0.14809601 -0.14809601 -0.14809601 -0.14809601 -0.14809601 -0.14809601
 -0.14809601 -0.14809601 -0.14809601 -0.14809601 -0.14809601 -0.14809601
 -0.14809601 -0.14809601 -0.14809601 -0.14809601 -0.14809601 -0.14809601
 -0.14809601 -0.14809601 -0.14809601 -0.14809601 -0.14809601 -0.14809601
 -0.14809601 -0.14809601 -0.14809601 -0.14809601 -0.14809601 -0.14809601
 -0.14809601 -0.14809601 -0.14809601 -0.14809601 -0.14809601 -0.14809601
 -0.14809601 -0.14809601 -0.14809601 -0.14809601 -0.14809601 -0.14809601
 -0.14809601 -0.14809601 -0.14809601 -0.14809601 -0.14809601 -0.14809601
 -0.14809601 -0.14809601 -0.14809601 -0.14809601 -0.14809601 -0.14809601
 -0.14809601 -0.14809601 -0.14809601 -0.14809601 -0.14809601 -0.14809601
 -0.14809601 -0.14809601 -0.14809601 -0.14809601 -0.14809601 -0.14809601
 -0.14809601 -0.14809601 -0.14809601 -0.14809601 -0.14809601 -0.14809601
 -0.14809601 -0.14809601 -0.14809601 -0.14809601 -0.14809601 -0.14809601
 -0.14809601 -0.14809601 -0.14809601 -0.14809601 -0.14809601 -0.14809601
 -0.14809601 -0.14809601 -0.14809601 -0.14809601 -0.14809601 -0.14809601
 11.07452129 -0.14809601 -0.14809601 -0.14809601 -0.14809601 -0.14809601
 -0.14809601 -0.14809601 -0.14809601 -0.14809601 -0.14809601 -0.14809601
 -0.14809601 -0.14809601 -0.14809601 -0.14809601 -0.14809601 -0.14809601
 -0.14809601  7.10109321 -0.14809601 -0.14809601 -0.14809601 -0.14809601
 -0.14809601 -0.14809601 -0.14809601 -0.14809601 -0.14809601 -0.14809601
 -0.14809601 -0.14809601 -0.14809601 -0.14809601 -0.14809601 -0.14809601
 -0.14809601 -0.14809601 -0.14809601 -0.14809601 -0.14809601 -0.14809601
 -0.14809601 -0.14809601 -0.14809601 -0.14809601 -0.14809601 -0.14809601
 -0.14809601 -0.14809601 -0.14809601 -0.14809601]",[0.013438006025094706]
3,"[-0.21583038 -0.21583038 -0.21583038 -0.21583038 -0.21583038 -0.21583038
 -0.21583038 -0.21583038 -0.21583038 -0.21583038 -0.21583038 -0.21583038
 -0.21583038 -0.21583038 -0.21583038 -0.21583038 -0.21583038 -0.21583038
 -0.21583038 -0.21583038 -0.21583038  2.32304319 -0.21583038 -0.21583038
 -0.21583038 -0.21583038 -0.21583038 -0.21583038 -0.21583038 -0.21583038
 -0.21583038 -0.21583038 -0.21583038 -0.21583038 -0.21583038 -0.21583038
 -0.21583038 -0.21583038 -0.21583038 -0.21583038 -0.21583038 -0.21583038
 -0.21583038 -0.21583038 -0.21583038 -0.21583038 -0.21583038 -0.21583038
 -0.21583038 -0.21583038 -0.21583038 -0.21583038 -0.21583038 -0.21583038
 -0.21583038 -0.21583038 -0.21583038 -0.21583038  1.55316204 -0.21583038
 -0.21583038 -0.21583038 -0.21583038 -0.21583038 -0.21583038 -0.21583038
 -0.21583038 -0.21583038 -0.21583038 -0.21583038 -0.21583038 -0.21583038
 -0.21583038 -0.21583038 -0.21583038 -0.21583038 -0.21583038 -0.21583038
 -0.21583038 -0.21583038 -0.21583038 -0.21583038 -0.21583038  7.40198571
 -0.21583038 -0.21583038 -0.21583038 -0.21583038 -0.21583038 -0.21583038
 -0.21583038 -0.21583038 -0.21583038 -0.21583038 -0.21583038 -0.21583038
 -0.21583038 -0.21583038 -0.21583038 -0.21583038 -0.21583038 -0.21583038
 -0.21583038 -0.21583038 -0.21583038 -0.21583038 -0.21583038 -0.21583038
 -0.21583038 -0.21583038  0.58269888 -0.21583038 -0.21583038 -0.21583038
 -0.21583038 -0.21583038 -0.21583038 -0.21583038 -0.21583038 -0.21583038
 -0.21583038 -0.21583038 -0.21583038 -0.21583038 -0.21583038 -0.21583038
 -0.21583038 -0.21583038 -0.21583038 -0.21583038 -0.21583038 -0.21583038
 -0.21583038 -0.21583038 -0.21583038 -0.21583038 -0.21583038 -0.21583038
 -0.21583038 -0.21583038 -0.21583038 -0.21583038 -0.21583038 -0.21583038
 -0.21583038 -0.21583038 -0.21583038 -0.21583038 -0.21583038 -0.21583038
 -0.21583038 -0.21583038 -0.21583038 -0.21583038 -0.21583038 -0.21583038
 -0.21583038 -0.21583038 -0.21583038 -0.21583038 -0.21583038 -0.21583038
 -0.21583038 -0.21583038 -0.21583038 -0.21583038 -0.21583038 -0.21583038
 -0.21583038 -0.21583038 -0.21583038 -0.21583038 -0.21583038 -0.21583038
 -0.21583038 -0.21583038 -0.21583038 -0.21583038  4.28640472  2.39392632
 -0.21583038 -0.21583038 -0.21583038 -0.21583038 -0.21583038 -0.21583038
 -0.21583038 -0.21583038 -0.21583038 -0.21583038 -0.21583038 -0.21583038
 -0.21583038 -0.21583038 -0.21583038 -0.21583038 -0.21583038 -0.21583038
 -0.21583038 -0.21583038  3.01110367 -0.21583038 -0.21583038 -0.21583038
 -0.21583038 -0.21583038 -0.21583038 -0.21583038 -0.21583038 -0.21583038
  2.69966715 -0.21583038  3.50540657 -0.21583038 -0.21583038  4.30076106
 -0.21583038 -0.21583038 -0.21583038 -0.21583038 -0.21583038 -0.21583038
 -0.21583038 -0.21583038 -0.21583038 -0.21583038 -0.21583038 -0.21583038
 -0.21583038 -0.21583038 -0.21583038 -0.21583038 -0.21583038 -0.21583038
 -0.21583038  2.61346366 -0.21583038 -0.21583038  0.17460205 -0.21583038
  3.96449696 -0.21583038 -0.21583038 -0.21583038 -0.21583038 -0.21583038
 -0.21583038 -0.21583038 -0.21583038 -0.21583038 -0.21583038 -0.21583038
 -0.21583038 -0.21583038 -0.21583038 -0.21583038 -0.21583038 -0.21583038
 -0.21583038 -0.21583038 -0.21583038  3.46779147 -0.21583038  1.70252438
  5.05447972 -0.21583038 -0.21583038 -0.21583038  1.77491432 -0.21583038
  2.38391222 -0.21583038  5.81561444 -0.21583038  6.12943953 -0.21583038
 -0.21583038  3.80596433 -0.21583038  6.0290437  -0.21583038 -0.21583038
 -0.21583038 -0.21583038 -0.21583038 -0.21583038 -0.21583038 -0.21583038
 -0.21583038  4.85552261 -0.21583038 -0.21583038 -0.21583038 -0.21583038
 -0.21583038 -0.21583038 -0.21583038 -0.21583038  5.32202992 -0.21583038
 -0.21583038 -0.21583038 -0.21583038 -0.21583038 -0.21583038 -0.21583038
 -0.21583038 -0.21583038 -0.21583038 -0.21583038 -0.21583038  2.25684812
 -0.21583038 -0.21583038 -0.21583038 -0.21583038 -0.21583038 -0.21583038
 -0.21583038 -0.21583038 -0.21583038 -0.21583038 -0.21583038 -0.21583038
 -0.21583038 -0.21583038 -0.21583038 -0.21583038 -0.21583038 -0.21583038
 -0.21583038 -0.21583038 -0.21583038 -0.21583038 -0.21583038 -0.21583038
 -0.21583038 -0.21583038 -0.21583038 -0.21583038 -0.21583038 -0.21583038
 -0.21583038 -0.21583038 -0.21583038 -0.21583038 -0.21583038 -0.21583038
 -0.21583038 -0.21583038 -0.21583038 -0.21583038 -0.21583038 -0.21583038
 -0.21583038 -0.21583038 -0.21583038 -0.21583038 -0.21583038 -0.21583038
 -0.21583038 -0.21583038 -0.21583038 -0.21583038 -0.21583038 -0.21583038
 -0.21583038 -0.21583038 -0.21583038 -0.21583038 -0.21583038 -0.21583038
 -0.21583038 -0.21583038 -0.21583038 -0.21583038 -0.21583038 -0.21583038
 -0.21583038 -0.21583038 -0.21583038 -0.21583038 -0.21583038 -0.21583038
 -0.21583038 -0.21583038 -0.21583038 -0.21583038 -0.21583038 -0.21583038
 -0.21583038 -0.21583038 -0.21583038 -0.21583038 -0.21583038 -0.21583038
 -0.21583038 -0.21583038 -0.21583038 -0.21583038 -0.21583038 -0.21583038
 -0.21583038 -0.21583038 -0.21583038 -0.21583038 -0.21583038 -0.21583038
 -0.21583038 -0.21583038 -0.21583038 -0.21583038 -0.21583038 -0.21583038
 -0.21583038 -0.21583038 -0.21583038 -0.21583038 -0.21583038 -0.21583038
 -0.21583038 -0.21583038 -0.21583038 -0.21583038 -0.21583038 -0.21583038
 -0.21583038 -0.21583038 -0.21583038 -0.21583038 -0.21583038 -0.21583038
 -0.21583038 -0.21583038 -0.21583038 -0.21583038 -0.21583038 -0.21583038
 -0.21583038 -0.21583038 -0.21583038 -0.21583038 -0.21583038 -0.21583038
 -0.21583038 -0.21583038 -0.21583038 -0.21583038 -0.21583038 -0.21583038
 -0.21583038 -0.21583038 -0.21583038 -0.21583038 -0.21583038 -0.21583038
 -0.21583038 -0.21583038 -0.21583038 -0.21583038 -0.21583038 -0.21583038
 -0.21583038 -0.21583038  5.30942385 -0.21583038  6.82721057 -0.21583038
 -0.21583038 -0.21583038 -0.21583038 -0.21583038 -0.21583038  6.07615865
 -0.21583038 -0.21583038 -0.21583038 -0.21583038 -0.21583038 -0.21583038
 -0.21583038 -0.21583038 -0.21583038 -0.21583038 -0.21583038 -0.21583038
 -0.21583038 -0.21583038 -0.21583038 -0.21583038 -0.21583038 -0.21583038
 -0.21583038 -0.21583038 -0.21583038 -0.21583038 -0.21583038  0.35111867
 -0.21583038 -0.21583038 -0.21583038 -0.21583038 -0.21583038 -0.21583038
 -0.21583038 -0.21583038 -0.21583038 -0.21583038 -0.21583038 -0.21583038
 -0.21583038 -0.21583038 -0.21583038 -0.21583038 -0.21583038 -0.21583038
 -0.21583038 -0.21583038 -0.21583038 -0.21583038]",[0.015831186343354814]
3,"[-0.17408769 -0.17408769 -0.17408769 -0.17408769 -0.17408769 -0.17408769
 -0.17408769 -0.17408769 -0.17408769 -0.17408769 -0.17408769 -0.17408769
 -0.17408769 -0.17408769 -0.17408769 -0.17408769 -0.17408769 -0.17408769
  1.71894993 -0.17408769 -0.17408769 -0.17408769 -0.17408769 -0.17408769
 -0.17408769 -0.17408769 -0.17408769 -0.17408769 -0.17408769 -0.17408769
 -0.17408769 -0.17408769 -0.17408769 -0.17408769 -0.17408769 -0.17408769
 -0.17408769 -0.17408769 -0.17408769 -0.17408769 -0.17408769 -0.17408769
 -0.17408769 -0.17408769 -0.17408769 -0.17408769 -0.17408769 -0.17408769
 -0.17408769 -0.17408769 -0.17408769 -0.17408769 -0.17408769 -0.17408769
 -0.17408769 -0.17408769 -0.17408769 -0.17408769  1.55690322 -0.17408769
 -0.17408769 -0.17408769 -0.17408769 -0.17408769 -0.17408769 -0.17408769
 -0.17408769 -0.17408769 -0.17408769 -0.17408769 -0.17408769 -0.17408769
 -0.17408769 -0.17408769 -0.17408769 -0.17408769 -0.17408769 -0.17408769
 -0.17408769 -0.17408769 -0.17408769 -0.17408769 -0.17408769  1.67221174
 -0.17408769 -0.17408769 -0.17408769 -0.17408769 -0.17408769 -0.17408769
 -0.17408769 -0.17408769 -0.17408769 -0.17408769 -0.17408769 -0.17408769
 -0.17408769 -0.17408769 -0.17408769 -0.17408769 -0.17408769 -0.17408769
 -0.17408769 -0.17408769 -0.17408769 -0.17408769 -0.17408769 -0.17408769
 -0.17408769 -0.17408769  0.39731056 -0.17408769 -0.17408769 -0.17408769
 -0.17408769 -0.17408769  0.4465185  -0.17408769 -0.17408769 -0.17408769
 -0.17408769 -0.17408769 -0.17408769 -0.17408769 -0.17408769 -0.17408769
 -0.17408769 -0.17408769 -0.17408769 -0.17408769 -0.17408769 -0.17408769
 -0.17408769 -0.17408769 -0.17408769 -0.17408769 -0.17408769 -0.17408769
 -0.17408769 -0.17408769 -0.17408769 -0.17408769 -0.17408769 -0.17408769
 -0.17408769 -0.17408769 -0.17408769 -0.17408769 -0.17408769 -0.17408769
 -0.17408769 -0.17408769 -0.17408769 -0.17408769 -0.17408769 -0.17408769
 -0.17408769 -0.17408769 -0.17408769 -0.17408769 -0.17408769 -0.17408769
 -0.17408769 -0.17408769 -0.17408769 -0.17408769 -0.17408769 -0.17408769
 -0.17408769 -0.17408769 -0.17408769 -0.17408769 -0.17408769  2.98700165
 -0.17408769 -0.17408769 -0.17408769 -0.17408769 -0.17408769 -0.17408769
 -0.17408769 -0.17408769 -0.17408769 -0.17408769 -0.17408769 -0.17408769
  4.57673327 -0.17408769 -0.17408769 -0.17408769 -0.17408769 -0.17408769
 -0.17408769 -0.17408769 -0.17408769 -0.17408769 -0.17408769 -0.17408769
 -0.17408769 -0.17408769 -0.17408769 -0.17408769 -0.17408769  3.46446639
 -0.17408769 -0.17408769 -0.17408769 -0.17408769 -0.17408769 -0.17408769
  6.1571358  -0.17408769 -0.17408769 -0.17408769 -0.17408769  6.85612317
 -0.17408769 -0.17408769 -0.17408769 -0.17408769 -0.17408769 -0.17408769
 -0.17408769 -0.17408769 -0.17408769 -0.17408769 -0.17408769 -0.17408769
 -0.17408769 -0.17408769 -0.17408769 -0.17408769 -0.17408769 -0.17408769
 -0.17408769 -0.17408769 -0.17408769 -0.17408769 -0.17408769 -0.17408769
 -0.17408769 -0.17408769 -0.17408769 -0.17408769 -0.17408769 -0.17408769
 -0.17408769 -0.17408769 -0.17408769 -0.17408769 -0.17408769 -0.17408769
 -0.17408769 -0.17408769 -0.17408769 -0.17408769 -0.17408769 -0.17408769
 -0.17408769 -0.17408769 -0.17408769  5.55519817 -0.17408769 -0.17408769
 -0.17408769 -0.17408769 -0.17408769 -0.17408769 -0.17408769 -0.17408769
 -0.17408769 -0.17408769  0.08098242 -0.17408769 -0.17408769 -0.17408769
 -0.17408769 -0.17408769 -0.17408769 -0.17408769 -0.17408769 -0.17408769
 -0.17408769 -0.17408769 -0.17408769 -0.17408769 -0.17408769  1.32270593
 -0.17408769 -0.17408769 -0.17408769 -0.17408769 -0.17408769 -0.17408769
 -0.17408769 -0.17408769 -0.17408769 -0.17408769 -0.17408769 -0.17408769
 -0.17408769 -0.17408769 -0.17408769 -0.17408769 -0.17408769 -0.17408769
  0.92057142 -0.17408769 -0.17408769 -0.17408769 -0.17408769  2.4717363
 -0.17408769 -0.17408769 -0.17408769 -0.17408769 -0.17408769 -0.17408769
 -0.17408769 -0.17408769 -0.17408769 -0.17408769 -0.17408769 -0.17408769
 -0.17408769 -0.17408769 -0.17408769 -0.17408769 -0.17408769 -0.17408769
 -0.17408769 -0.17408769 -0.17408769 -0.17408769 -0.17408769 -0.17408769
 -0.17408769 -0.17408769 -0.17408769 -0.17408769 -0.17408769 -0.17408769
 -0.17408769 -0.17408769 -0.17408769 -0.17408769 -0.17408769 -0.17408769
 -0.17408769 -0.17408769 -0.17408769 -0.17408769 -0.17408769 -0.17408769
 -0.17408769 -0.17408769 -0.17408769 -0.17408769 -0.17408769 -0.17408769
 -0.17408769 -0.17408769 -0.17408769 -0.17408769 -0.17408769 -0.17408769
 -0.17408769 -0.17408769 -0.17408769 -0.17408769 -0.17408769 -0.17408769
 -0.17408769 -0.17408769 -0.17408769 -0.17408769 -0.17408769 -0.17408769
 -0.17408769 -0.17408769 -0.17408769 -0.17408769 -0.17408769 -0.17408769
 -0.17408769 -0.17408769 -0.17408769 -0.17408769 -0.17408769 -0.17408769
 -0.17408769 -0.17408769 -0.17408769 -0.17408769 -0.17408769 -0.17408769
 -0.17408769 -0.17408769 -0.17408769 -0.17408769 -0.17408769 -0.17408769
 -0.17408769 -0.17408769 -0.17408769 -0.17408769 -0.17408769 -0.17408769
 -0.17408769 -0.17408769 -0.17408769 -0.17408769 -0.17408769 -0.17408769
 -0.17408769 -0.17408769 -0.17408769 -0.17408769 -0.17408769 -0.17408769
 -0.17408769 -0.17408769 -0.17408769 -0.17408769 -0.17408769 -0.17408769
 -0.17408769 -0.17408769 -0.17408769 -0.17408769 -0.17408769 -0.17408769
 -0.17408769 -0.17408769 -0.17408769 -0.17408769 -0.17408769 -0.17408769
 -0.17408769 -0.17408769 -0.17408769 -0.17408769 -0.17408769 -0.17408769
 -0.17408769 -0.17408769 -0.17408769 -0.17408769 -0.17408769 -0.17408769
 -0.17408769 -0.17408769 -0.17408769 -0.17408769 -0.17408769 -0.17408769
 -0.17408769 -0.17408769 -0.17408769 -0.17408769 -0.17408769 -0.17408769
 -0.17408769 -0.17408769  5.83930955 -0.17408769  7.80205534 -0.17408769
 10.14919532  6.4323344  -0.17408769  4.34385988 -0.17408769 -0.17408769
 -0.17408769 -0.17408769 -0.17408769 -0.17408769 -0.17408769 -0.17408769
 -0.17408769 -0.17408769 -0.17408769 -0.17408769 -0.17408769 -0.17408769
 -0.17408769  5.49254088  6.45182619 -0.17408769 -0.17408769 -0.17408769
 -0.17408769 -0.17408769 -0.17408769 -0.17408769 -0.17408769 -0.17408769
 -0.17408769 -0.17408769 -0.17408769 -0.17408769 -0.17408769 -0.17408769
 -0.17408769 -0.17408769 -0.17408769 -0.17408769 -0.17408769 -0.17408769
 -0.17408769 -0.17408769 -0.17408769 -0.17408769 -0.17408769 -0.17408769
 -0.17408769 -0.17408769 -0.17408769 -0.17408769]",[0.011018330609783966]
3,"[-0.21803818 -0.21803818 -0.21803818 -0.21803818 -0.21803818 -0.21803818
 -0.21803818 -0.21803818 -0.21803818 -0.21803818 -0.21803818 -0.21803818
 -0.21803818 -0.21803818 -0.21803818 -0.21803818 -0.21803818 -0.21803818
 -0.21803818 -0.21803818 -0.21803818  1.76392072 -0.21803818 -0.21803818
 -0.21803818 -0.21803818 -0.21803818 -0.21803818 -0.21803818 -0.21803818
 -0.21803818 -0.21803818 -0.21803818 -0.21803818 -0.21803818 -0.21803818
 -0.21803818 -0.21803818 -0.21803818 -0.21803818 -0.21803818 -0.21803818
 -0.21803818 -0.21803818 -0.21803818 -0.21803818 -0.21803818 -0.21803818
 -0.21803818 -0.21803818 -0.21803818 -0.21803818 -0.21803818 -0.21803818
 -0.21803818 -0.21803818 -0.21803818 -0.21803818 -0.21803818 -0.21803818
 -0.21803818 -0.21803818 -0.21803818 -0.21803818 -0.21803818 -0.21803818
 -0.21803818 -0.21803818 -0.21803818 -0.21803818 -0.21803818 -0.21803818
 -0.21803818 -0.21803818 -0.21803818 -0.21803818 -0.21803818 -0.21803818
 -0.21803818 -0.21803818 -0.21803818 -0.21803818 -0.21803818  8.16369782
 -0.21803818 -0.21803818 -0.21803818 -0.21803818 -0.21803818 -0.21803818
 -0.21803818 -0.21803818  4.58737322 -0.21803818 -0.21803818 -0.21803818
 -0.21803818 -0.21803818 -0.21803818 -0.21803818 -0.21803818 -0.21803818
 -0.21803818 -0.21803818 -0.21803818 -0.21803818 -0.21803818 -0.21803818
 -0.21803818 -0.21803818  0.56267361 -0.21803818 -0.21803818 -0.21803818
 -0.21803818 -0.21803818 -0.21803818 -0.21803818 -0.21803818 -0.21803818
 -0.21803818 -0.21803818 -0.21803818 -0.21803818 -0.21803818 -0.21803818
 -0.21803818 -0.21803818 -0.21803818 -0.21803818 -0.21803818 -0.21803818
 -0.21803818 -0.21803818 -0.21803818 -0.21803818 -0.21803818 -0.21803818
 -0.21803818 -0.21803818 -0.21803818 -0.21803818 -0.21803818 -0.21803818
 -0.21803818 -0.21803818 -0.21803818 -0.21803818 -0.21803818 -0.21803818
 -0.21803818 -0.21803818 -0.21803818 -0.21803818 -0.21803818 -0.21803818
 -0.21803818 -0.21803818 -0.21803818 -0.21803818 -0.21803818 -0.21803818
 -0.21803818 -0.21803818 -0.21803818 -0.21803818 -0.21803818 -0.21803818
 -0.21803818 -0.21803818 -0.21803818 -0.21803818 -0.21803818 -0.21803818
 -0.21803818 -0.21803818 -0.21803818 -0.21803818 -0.21803818 -0.21803818
 -0.21803818 -0.21803818 -0.21803818 -0.21803818 -0.21803818 -0.21803818
 -0.21803818 -0.21803818 -0.21803818 -0.21803818 -0.21803818 -0.21803818
 -0.21803818 -0.21803818  2.95220617 -0.21803818 -0.21803818 -0.21803818
 -0.21803818 -0.21803818 -0.21803818 -0.21803818 -0.21803818  3.40926128
 -0.21803818 -0.21803818 -0.21803818 -0.21803818 -0.21803818  4.27263899
  4.25807958 -0.21803818 -0.21803818 -0.21803818 -0.21803818  5.17700437
 -0.21803818 -0.21803818 -0.21803818  1.13087577 -0.21803818 -0.21803818
 -0.21803818 -0.21803818 -0.21803818 -0.21803818 -0.21803818 -0.21803818
 -0.21803818 -0.21803818 -0.21803818 -0.21803818 -0.21803818 -0.21803818
 -0.21803818  2.94407566 -0.21803818  3.02635793  4.10965139 -0.21803818
  4.44355143 -0.21803818 -0.21803818 -0.21803818 -0.21803818 -0.21803818
 -0.21803818 -0.21803818 -0.21803818 -0.21803818 -0.21803818 -0.21803818
 -0.21803818 -0.21803818 -0.21803818 -0.21803818  3.46094921 -0.21803818
 -0.21803818 -0.21803818  3.54199797  3.25524468 -0.21803818 -0.21803818
 -0.21803818 -0.21803818 -0.21803818 -0.21803818 -0.21803818 -0.21803818
 -0.21803818 -0.21803818  6.94843043 -0.21803818  3.40926128 -0.21803818
 -0.21803818 -0.21803818 -0.21803818 -0.21803818  1.85821445 -0.21803818
 -0.21803818  2.17245351 -0.21803818 -0.21803818 -0.21803818  5.08145055
 -0.21803818 -0.21803818 -0.21803818 -0.21803818 -0.21803818 -0.21803818
 -0.21803818 -0.21803818 -0.21803818 -0.21803818 -0.21803818 -0.21803818
 -0.21803818 -0.21803818 -0.21803818 -0.21803818 -0.21803818 -0.21803818
  3.42462262 -0.21803818 -0.21803818 -0.21803818 -0.21803818  5.20028805
 -0.21803818 -0.21803818 -0.21803818 -0.21803818 -0.21803818 -0.21803818
 -0.21803818 -0.21803818 -0.21803818 -0.21803818 -0.21803818 -0.21803818
 -0.21803818 -0.21803818 -0.21803818 -0.21803818 -0.21803818 -0.21803818
 -0.21803818 -0.21803818 -0.21803818 -0.21803818 -0.21803818 -0.21803818
 -0.21803818 -0.21803818 -0.21803818 -0.21803818 -0.21803818 -0.21803818
 -0.21803818 -0.21803818 -0.21803818 -0.21803818 -0.21803818 -0.21803818
 -0.21803818 -0.21803818 -0.21803818 -0.21803818 -0.21803818 -0.21803818
 -0.21803818 -0.21803818 -0.21803818 -0.21803818 -0.21803818 -0.21803818
 -0.21803818 -0.21803818 -0.21803818 -0.21803818 -0.21803818 -0.21803818
 -0.21803818 -0.21803818 -0.21803818 -0.21803818 -0.21803818 -0.21803818
 -0.21803818 -0.21803818 -0.21803818 -0.21803818 -0.21803818 -0.21803818
 -0.21803818 -0.21803818 -0.21803818 -0.21803818 -0.21803818 -0.21803818
 -0.21803818 -0.21803818 -0.21803818 -0.21803818 -0.21803818 -0.21803818
 -0.21803818 -0.21803818 -0.21803818 -0.21803818 -0.21803818 -0.21803818
 -0.21803818 -0.21803818 -0.21803818 -0.21803818 -0.21803818 -0.21803818
 -0.21803818 -0.21803818 -0.21803818 -0.21803818 -0.21803818 -0.21803818
 -0.21803818 -0.21803818 -0.21803818 -0.21803818 -0.21803818 -0.21803818
 -0.21803818 -0.21803818 -0.21803818 -0.21803818 -0.21803818 -0.21803818
 -0.21803818 -0.21803818 -0.21803818 -0.21803818 -0.21803818  5.96103434
 -0.21803818 -0.21803818 -0.21803818 -0.21803818 -0.21803818 -0.21803818
 -0.21803818 -0.21803818 -0.21803818 -0.21803818 -0.21803818 -0.21803818
 -0.21803818 -0.21803818 -0.21803818 -0.21803818 -0.21803818 -0.21803818
 -0.21803818 -0.21803818 -0.21803818 -0.21803818 -0.21803818 -0.21803818
  0.61896839 -0.21803818 -0.21803818 -0.21803818 -0.21803818 -0.21803818
 -0.21803818 -0.21803818 -0.21803818 -0.21803818 -0.21803818 -0.21803818
 -0.21803818 -0.21803818  4.46438915 -0.21803818 -0.21803818 -0.21803818
 -0.21803818 -0.21803818 -0.21803818 -0.21803818 -0.21803818 -0.21803818
 -0.21803818 -0.21803818 -0.21803818 -0.21803818 -0.21803818 -0.21803818
 -0.21803818 -0.21803818 -0.21803818 -0.21803818 -0.21803818 -0.21803818
 -0.21803818  6.52094995 -0.21803818 -0.21803818 -0.21803818  0.33712236
 -0.21803818 -0.21803818 -0.21803818 -0.21803818 -0.21803818 -0.21803818
 -0.21803818 -0.21803818 -0.21803818 -0.21803818 -0.21803818 -0.21803818
 -0.21803818 -0.21803818 -0.21803818 -0.21803818 -0.21803818 -0.21803818
 -0.21803818 -0.21803818 -0.21803818 -0.21803818 -0.21803818 -0.21803818
 -0.21803818 -0.21803818 -0.21803818 -0.21803818]",[0.06411896732185579]
3,"[-0.12139608 -0.12139608 -0.12139608 -0.12139608 -0.12139608 -0.12139608
 -0.12139608 -0.12139608 -0.12139608 -0.12139608 -0.12139608 -0.12139608
 -0.12139608 -0.12139608 -0.12139608 -0.12139608 -0.12139608 -0.12139608
 -0.12139608 -0.12139608 -0.12139608 -0.12139608 -0.12139608 -0.12139608
 -0.12139608 -0.12139608 -0.12139608 -0.12139608 -0.12139608 -0.12139608
 -0.12139608 -0.12139608 -0.12139608 -0.12139608 -0.12139608 -0.12139608
 -0.12139608 -0.12139608 -0.12139608 -0.12139608 -0.12139608 -0.12139608
 -0.12139608 -0.12139608 -0.12139608 -0.12139608 -0.12139608 -0.12139608
 -0.12139608 -0.12139608 -0.12139608 -0.12139608 -0.12139608 -0.12139608
 -0.12139608 -0.12139608 -0.12139608 -0.12139608  2.41276441 -0.12139608
 -0.12139608 -0.12139608 -0.12139608 -0.12139608 -0.12139608 -0.12139608
 -0.12139608 -0.12139608 -0.12139608 -0.12139608 -0.12139608 -0.12139608
 -0.12139608 -0.12139608 -0.12139608 -0.12139608 -0.12139608 -0.12139608
 -0.12139608 -0.12139608 -0.12139608 -0.12139608 -0.12139608  3.83961232
 -0.12139608 -0.12139608 -0.12139608 -0.12139608 -0.12139608 -0.12139608
 -0.12139608 -0.12139608 -0.12139608 -0.12139608 -0.12139608 -0.12139608
 -0.12139608 -0.12139608 -0.12139608 -0.12139608 -0.12139608 -0.12139608
 -0.12139608 -0.12139608 -0.12139608 -0.12139608 -0.12139608 -0.12139608
 -0.12139608 -0.12139608 10.32134605 -0.12139608 -0.12139608 -0.12139608
 -0.12139608 -0.12139608  1.10457058 -0.12139608 -0.12139608 -0.12139608
 -0.12139608 -0.12139608 -0.12139608 -0.12139608 -0.12139608 -0.12139608
 -0.12139608 -0.12139608 -0.12139608 -0.12139608 -0.12139608 -0.12139608
 -0.12139608 -0.12139608 -0.12139608 -0.12139608 -0.12139608 -0.12139608
 -0.12139608 -0.12139608 -0.12139608 -0.12139608 -0.12139608 -0.12139608
 -0.12139608 -0.12139608 -0.12139608 -0.12139608 -0.12139608 -0.12139608
 -0.12139608 -0.12139608 -0.12139608 -0.12139608 -0.12139608 -0.12139608
 -0.12139608 -0.12139608 -0.12139608 -0.12139608 -0.12139608 -0.12139608
 -0.12139608 -0.12139608 -0.12139608 -0.12139608 -0.12139608 -0.12139608
 -0.12139608 -0.12139608 -0.12139608 -0.12139608 -0.12139608 -0.12139608
 -0.12139608 -0.12139608 -0.12139608 -0.12139608 -0.12139608 -0.12139608
 -0.12139608 -0.12139608 -0.12139608 -0.12139608 -0.12139608 -0.12139608
 -0.12139608 -0.12139608 -0.12139608 -0.12139608 -0.12139608 -0.12139608
 -0.12139608 -0.12139608 -0.12139608 -0.12139608 -0.12139608 -0.12139608
 -0.12139608 -0.12139608 -0.12139608 -0.12139608 -0.12139608 -0.12139608
 -0.12139608 -0.12139608 -0.12139608 -0.12139608 -0.12139608 -0.12139608
  3.55969699 -0.12139608 -0.12139608 -0.12139608 -0.12139608 11.63366183
 -0.12139608 -0.12139608 -0.12139608 -0.12139608 -0.12139608 -0.12139608
 -0.12139608 -0.12139608 -0.12139608 -0.12139608 -0.12139608 -0.12139608
 -0.12139608 -0.12139608 -0.12139608 -0.12139608 -0.12139608 -0.12139608
 -0.12139608  0.28888051 -0.12139608 -0.12139608 -0.12139608 -0.12139608
 -0.12139608 -0.12139608 -0.12139608 -0.12139608 -0.12139608 -0.12139608
 -0.12139608 -0.12139608 -0.12139608 -0.12139608 -0.12139608 -0.12139608
 -0.12139608 -0.12139608 -0.12139608 -0.12139608 -0.12139608 -0.12139608
 -0.12139608 -0.12139608 -0.12139608 -0.12139608 -0.12139608 -0.12139608
 -0.12139608 -0.12139608 -0.12139608 -0.12139608 -0.12139608 -0.12139608
 -0.12139608 -0.12139608 -0.12139608 -0.12139608 -0.12139608 -0.12139608
 -0.12139608 -0.12139608 -0.12139608 -0.12139608 -0.12139608 -0.12139608
 -0.12139608 -0.12139608 -0.12139608 -0.12139608 -0.12139608  1.73942073
 -0.12139608 -0.12139608 -0.12139608 -0.12139608 -0.12139608 -0.12139608
 -0.12139608 -0.12139608 -0.12139608 -0.12139608 -0.12139608 -0.12139608
 -0.12139608 -0.12139608 -0.12139608 -0.12139608 -0.12139608 -0.12139608
 -0.12139608 -0.12139608 -0.12139608 -0.12139608 -0.12139608  1.61516687
 -0.12139608 -0.12139608 -0.12139608 -0.12139608 -0.12139608 -0.12139608
 -0.12139608 -0.12139608 -0.12139608 -0.12139608 -0.12139608 -0.12139608
 -0.12139608 -0.12139608 -0.12139608 -0.12139608 -0.12139608 -0.12139608
 -0.12139608 -0.12139608 -0.12139608 -0.12139608 -0.12139608 -0.12139608
 -0.12139608 -0.12139608 -0.12139608 -0.12139608 -0.12139608 -0.12139608
 -0.12139608 -0.12139608 -0.12139608 -0.12139608 -0.12139608 -0.12139608
 -0.12139608 -0.12139608 -0.12139608 -0.12139608 -0.12139608 -0.12139608
 -0.12139608 -0.12139608 -0.12139608 -0.12139608 -0.12139608 -0.12139608
 -0.12139608 -0.12139608 -0.12139608 -0.12139608 -0.12139608 -0.12139608
 -0.12139608 -0.12139608 -0.12139608 -0.12139608 -0.12139608 -0.12139608
 -0.12139608 -0.12139608 -0.12139608 -0.12139608 -0.12139608 -0.12139608
 -0.12139608 -0.12139608 -0.12139608 -0.12139608 -0.12139608 -0.12139608
 -0.12139608 -0.12139608 -0.12139608 -0.12139608 -0.12139608 -0.12139608
 -0.12139608 -0.12139608 -0.12139608 -0.12139608 -0.12139608 -0.12139608
 -0.12139608 -0.12139608 -0.12139608 -0.12139608 -0.12139608 -0.12139608
 -0.12139608 -0.12139608 -0.12139608 -0.12139608 -0.12139608 -0.12139608
 -0.12139608 -0.12139608 -0.12139608 -0.12139608 -0.12139608 -0.12139608
 -0.12139608 -0.12139608 -0.12139608 -0.12139608 -0.12139608 -0.12139608
 -0.12139608 -0.12139608 -0.12139608 -0.12139608 -0.12139608 -0.12139608
 -0.12139608 -0.12139608 -0.12139608 -0.12139608 -0.12139608 -0.12139608
 -0.12139608 -0.12139608 -0.12139608 -0.12139608 -0.12139608 -0.12139608
 -0.12139608 -0.12139608 -0.12139608 -0.12139608 -0.12139608 -0.12139608
 -0.12139608 -0.12139608 -0.12139608 -0.12139608 -0.12139608 -0.12139608
 -0.12139608 -0.12139608 -0.12139608 -0.12139608 -0.12139608 -0.12139608
 -0.12139608 -0.12139608 -0.12139608 -0.12139608 -0.12139608 -0.12139608
 -0.12139608 -0.12139608 11.97539429 -0.12139608 -0.12139608 -0.12139608
  6.25850151 -0.12139608 -0.12139608 -0.12139608 -0.12139608 -0.12139608
 -0.12139608 -0.12139608 -0.12139608 -0.12139608 -0.12139608 -0.12139608
 -0.12139608 -0.12139608 -0.12139608 -0.12139608 -0.12139608 -0.12139608
 -0.12139608  6.9201911  -0.12139608 -0.12139608 -0.12139608 -0.12139608
 -0.12139608 -0.12139608 -0.12139608 -0.12139608 -0.12139608 -0.12139608
 -0.12139608 -0.12139608 -0.12139608 -0.12139608 -0.12139608 -0.12139608
 -0.12139608 -0.12139608 -0.12139608 -0.12139608 -0.12139608 -0.12139608
 -0.12139608 -0.12139608 -0.12139608 -0.12139608 -0.12139608 -0.12139608
 -0.12139608 -0.12139608 -0.12139608 -0.12139608]",[-0.03435457486733079]
3,"[-0.13139946 -0.13139946 -0.13139946 -0.13139946 -0.07627979 -0.13139946
 -0.13139946 -0.13139946 -0.13139946 -0.13139946 -0.13139946 -0.13139946
 -0.13139946 -0.13139946 -0.13139946 -0.13139946 -0.13139946 -0.13139946
  1.79257016 -0.13139946 -0.13139946 -0.13139946 -0.13139946 -0.13139946
 -0.13139946 -0.13139946 -0.13139946 -0.13139946 -0.13139946 -0.13139946
 -0.13139946 -0.13139946 -0.13139946 -0.13139946 -0.13139946 -0.13139946
 -0.13139946 -0.13139946 -0.13139946 -0.13139946 -0.13139946 -0.13139946
 -0.13139946 -0.13139946 -0.13139946 -0.13139946 -0.13139946 -0.13139946
 -0.13139946 -0.13139946 -0.13139946 -0.13139946 -0.13139946 -0.13139946
 -0.13139946 -0.13139946 -0.13139946 -0.13139946  4.00210405 -0.13139946
 -0.13139946 -0.13139946 -0.13139946 -0.13139946 -0.13139946 -0.13139946
 -0.13139946 -0.13139946 -0.13139946 -0.13139946 -0.13139946 -0.13139946
 -0.13139946 -0.13139946 -0.13139946 -0.13139946 -0.13139946 -0.13139946
 -0.13139946 -0.13139946 -0.13139946 -0.13139946 -0.13139946 12.03550694
 -0.13139946 -0.13139946 -0.13139946 -0.13139946 -0.13139946 -0.13139946
 -0.13139946 -0.13139946 -0.13139946 -0.13139946 -0.13139946 -0.13139946
 -0.13139946 -0.13139946 -0.13139946 -0.13139946 -0.13139946 -0.13139946
 -0.13139946 -0.13139946 -0.13139946 -0.13139946 -0.13139946 -0.13139946
 -0.13139946 -0.13139946  9.56712502 -0.13139946 -0.13139946 -0.13139946
 -0.13139946 -0.13139946  1.2162261  -0.13139946 -0.13139946 -0.13139946
 -0.13139946 -0.13139946 -0.13139946 -0.13139946 -0.13139946 -0.13139946
 -0.13139946 -0.13139946 -0.13139946 -0.13139946 -0.13139946 -0.13139946
 -0.13139946 -0.13139946 -0.13139946 -0.13139946 -0.13139946 -0.13139946
 -0.13139946 -0.13139946 -0.13139946 -0.13139946 -0.13139946 -0.13139946
 -0.13139946 -0.13139946 -0.13139946 -0.13139946 -0.13139946 -0.13139946
 -0.13139946 -0.13139946 -0.13139946 -0.13139946 -0.13139946 -0.13139946
 -0.13139946 -0.13139946 -0.13139946 -0.13139946 -0.13139946 -0.13139946
 -0.13139946 -0.13139946 -0.13139946 -0.13139946 -0.13139946 -0.13139946
 -0.13139946 -0.13139946 -0.13139946 -0.13139946 -0.13139946 -0.13139946
 -0.13139946 -0.13139946 -0.13139946 -0.13139946 -0.13139946 -0.13139946
 -0.13139946 -0.13139946 -0.13139946 -0.13139946 -0.13139946 -0.13139946
 -0.13139946 -0.13139946 -0.13139946 -0.13139946 -0.13139946 -0.13139946
 -0.13139946 -0.13139946 -0.13139946 -0.13139946 -0.13139946 -0.13139946
 -0.13139946 -0.13139946  2.42928895 -0.13139946 -0.13139946  0.49070504
 -0.13139946 -0.13139946 -0.13139946 -0.13139946 -0.13139946 -0.13139946
  7.58924205 -0.13139946 -0.13139946 -0.13139946 -0.13139946  0.88477061
 -0.13139946 -0.13139946 -0.13139946 -0.13139946 -0.13139946 -0.13139946
 -0.13139946 -0.13139946 -0.13139946 -0.13139946 -0.13139946 -0.13139946
 -0.13139946 -0.13139946 -0.13139946 -0.13139946 -0.13139946 -0.13139946
 -0.13139946  0.10512629 -0.13139946 -0.13139946 -0.13139946 -0.13139946
  0.99629541 -0.13139946 -0.13139946 -0.13139946 -0.13139946 -0.13139946
 -0.13139946 -0.13139946 -0.13139946 -0.13139946 -0.13139946 -0.13139946
 -0.13139946 -0.13139946 -0.13139946 -0.13139946 -0.13139946 -0.13139946
 -0.13139946 -0.13139946 -0.13139946 -0.13139946 -0.13139946 -0.13139946
 -0.13139946 -0.13139946 -0.13139946 -0.13139946 -0.13139946 -0.13139946
 -0.13139946 -0.13139946 -0.13139946 -0.13139946 -0.13139946 -0.13139946
 -0.13139946 -0.13139946 -0.13139946 -0.13139946 -0.13139946 -0.13139946
 -0.13139946 -0.13139946 -0.13139946 -0.13139946 -0.13139946  1.26186617
 -0.13139946 -0.13139946 -0.13139946 -0.13139946 -0.13139946 -0.13139946
 -0.13139946 -0.13139946 -0.13139946 -0.13139946 -0.13139946 -0.13139946
 -0.13139946 -0.13139946 -0.13139946 -0.13139946 -0.13139946 -0.13139946
 -0.13139946 -0.13139946 -0.13139946 -0.13139946 -0.13139946  2.64738926
 -0.13139946 -0.13139946 -0.13139946 -0.13139946 -0.13139946 -0.13139946
 -0.13139946 -0.13139946 -0.13139946 -0.13139946 -0.13139946 -0.13139946
 -0.13139946 -0.13139946 -0.13139946 -0.13139946 -0.13139946 -0.13139946
 -0.13139946 -0.13139946 -0.13139946 -0.13139946 -0.13139946 -0.13139946
 -0.13139946 -0.13139946 -0.13139946 -0.13139946 -0.13139946 -0.13139946
 -0.13139946 -0.13139946 -0.13139946 -0.13139946 -0.13139946 -0.13139946
 -0.13139946 -0.13139946 -0.13139946 -0.13139946 -0.13139946 -0.13139946
 -0.13139946 -0.13139946 -0.13139946 -0.13139946 -0.13139946 -0.13139946
 -0.13139946 -0.13139946 -0.13139946 -0.13139946 -0.13139946 -0.13139946
 -0.13139946 -0.13139946 -0.13139946 -0.13139946 -0.13139946 -0.13139946
 -0.13139946 -0.13139946 -0.13139946 -0.13139946 -0.13139946 -0.13139946
 -0.13139946 -0.13139946 -0.13139946 -0.13139946 -0.13139946 -0.13139946
 -0.13139946 -0.13139946 -0.13139946 -0.13139946 -0.13139946 -0.13139946
 -0.13139946 -0.13139946 -0.13139946 -0.13139946 -0.13139946 -0.13139946
 -0.13139946 -0.13139946 -0.13139946 -0.13139946 -0.13139946 -0.13139946
 -0.13139946 -0.13139946 -0.13139946 -0.13139946 -0.13139946 -0.13139946
 -0.13139946 -0.13139946 -0.13139946 -0.13139946 -0.13139946 -0.13139946
 -0.13139946 -0.13139946 -0.13139946 -0.13139946 -0.13139946 -0.13139946
 -0.13139946 -0.13139946 -0.13139946 -0.13139946 -0.13139946 -0.13139946
 -0.13139946 -0.13139946 -0.13139946 -0.13139946 -0.13139946 -0.13139946
 -0.13139946 -0.13139946 -0.13139946 -0.13139946 -0.13139946 -0.13139946
 -0.13139946 -0.13139946 -0.13139946 -0.13139946 -0.13139946 -0.13139946
 -0.13139946 -0.13139946 -0.13139946 -0.13139946 -0.13139946 -0.13139946
 -0.13139946 -0.13139946 -0.13139946 -0.13139946 -0.13139946 -0.13139946
 -0.13139946 -0.13139946 -0.13139946 -0.13139946 -0.13139946 -0.13139946
 -0.13139946 -0.13139946 11.11191157 -0.13139946 -0.13139946 -0.13139946
  6.78275835 -0.13139946 -0.13139946 -0.13139946 -0.13139946 -0.13139946
 -0.13139946 -0.13139946 -0.13139946 -0.13139946 -0.13139946 -0.13139946
 -0.13139946 -0.13139946 -0.13139946 -0.13139946 -0.13139946 -0.13139946
 -0.13139946  3.25732161 -0.13139946 -0.13139946 -0.13139946 -0.13139946
 -0.13139946 -0.13139946 -0.13139946 -0.13139946 -0.13139946 -0.13139946
 -0.13139946 -0.13139946 -0.13139946 -0.13139946 -0.13139946 -0.13139946
 -0.13139946 -0.13139946 -0.13139946 -0.13139946 -0.13139946 -0.13139946
 -0.13139946 -0.13139946 -0.13139946 -0.13139946 -0.13139946 -0.13139946
 -0.13139946 -0.13139946 -0.13139946 -0.13139946]",[-0.04163057086567229]
3,"[-0.13069982 -0.13069982 -0.13069982 -0.13069982 -0.13069982 -0.13069982
 -0.13069982 -0.13069982 -0.13069982 -0.13069982 -0.13069982 -0.13069982
 -0.13069982 -0.13069982 -0.13069982 -0.13069982 -0.13069982 -0.13069982
  1.91177201 -0.13069982 -0.13069982 -0.13069982 -0.13069982 -0.13069982
 -0.13069982 -0.13069982 -0.13069982 -0.13069982 -0.13069982 -0.13069982
 -0.13069982 -0.13069982 -0.13069982 -0.13069982 -0.13069982 -0.13069982
 -0.13069982 -0.13069982 -0.13069982 -0.13069982 -0.13069982 -0.13069982
 -0.13069982 -0.13069982 -0.13069982 -0.13069982 -0.13069982 -0.13069982
 -0.13069982 -0.13069982 -0.13069982 -0.13069982 -0.13069982 -0.13069982
 -0.13069982 -0.13069982 -0.13069982 -0.13069982 -0.13069982 -0.13069982
 -0.13069982 -0.13069982 -0.13069982 -0.13069982 -0.13069982 -0.13069982
 -0.13069982 -0.13069982 -0.13069982 -0.13069982 -0.13069982 -0.13069982
 -0.13069982 -0.13069982 -0.13069982 -0.13069982 -0.13069982 -0.13069982
 -0.13069982 -0.13069982 -0.13069982 -0.13069982 -0.13069982  3.94408806
 -0.13069982 -0.13069982 -0.13069982 -0.13069982 -0.13069982 -0.13069982
 -0.13069982 -0.13069982 -0.13069982 -0.13069982 -0.13069982 -0.13069982
 -0.13069982 -0.13069982 -0.13069982 -0.13069982 -0.13069982 -0.13069982
 -0.13069982 -0.13069982 -0.13069982 -0.13069982 -0.13069982 -0.13069982
 -0.13069982 -0.13069982  0.55391815 -0.13069982 -0.13069982 -0.13069982
 -0.13069982 -0.13069982 -0.13069982 -0.13069982 -0.13069982 -0.13069982
 -0.13069982 -0.13069982 -0.13069982 -0.13069982 -0.13069982 -0.13069982
 -0.13069982 -0.13069982 -0.13069982 -0.13069982 -0.13069982 -0.13069982
 -0.13069982 -0.13069982 -0.13069982 -0.13069982 -0.13069982 -0.13069982
 -0.13069982 -0.13069982 -0.13069982 -0.13069982 -0.13069982 -0.13069982
 -0.13069982 -0.13069982 -0.13069982 -0.13069982 -0.13069982 -0.13069982
 -0.13069982 -0.13069982 -0.13069982 -0.13069982 -0.13069982 -0.13069982
 -0.13069982 -0.13069982 -0.13069982 -0.13069982 -0.13069982 -0.13069982
 -0.13069982 -0.13069982 -0.13069982 -0.13069982 -0.13069982 -0.13069982
 -0.13069982 -0.13069982 -0.13069982 -0.13069982 -0.13069982 -0.13069982
 -0.13069982 -0.13069982 -0.13069982 -0.13069982 -0.13069982 -0.13069982
 -0.13069982 -0.13069982 -0.13069982 -0.13069982 -0.13069982 -0.13069982
 -0.13069982 -0.13069982 -0.13069982 -0.13069982 -0.13069982 -0.13069982
 -0.13069982 -0.13069982 -0.13069982 -0.13069982 -0.13069982 -0.13069982
 -0.13069982 -0.13069982 -0.13069982 -0.13069982 -0.13069982 -0.13069982
 -0.13069982 -0.13069982 -0.13069982 -0.13069982 -0.13069982 -0.13069982
 -0.13069982 -0.13069982 -0.13069982 -0.13069982 -0.13069982 10.02850888
 -0.13069982 -0.13069982 -0.13069982 -0.13069982 -0.13069982 -0.13069982
 -0.13069982 -0.13069982 -0.13069982 -0.13069982 -0.13069982 -0.13069982
 -0.13069982 -0.13069982 -0.13069982 -0.13069982 -0.13069982 -0.13069982
 -0.13069982  4.95609098 -0.13069982 -0.13069982  5.5658349  -0.13069982
 -0.13069982 -0.13069982 -0.13069982 -0.13069982 -0.13069982 -0.13069982
 -0.13069982 -0.13069982 -0.13069982 -0.13069982 -0.13069982 -0.13069982
 -0.13069982 -0.13069982 -0.13069982  7.97206189 -0.13069982 -0.13069982
 -0.13069982 -0.13069982 -0.13069982 -0.13069982 -0.13069982 -0.05534951
 -0.13069982 -0.13069982 -0.13069982 -0.13069982 -0.13069982 -0.13069982
 -0.13069982 -0.13069982 -0.13069982 -0.13069982  7.60928019 -0.13069982
 -0.13069982 -0.13069982 -0.13069982 -0.13069982 -0.13069982 -0.13069982
 -0.13069982 -0.13069982 -0.13069982 -0.13069982 -0.13069982 -0.13069982
  7.55379002 -0.13069982 -0.13069982 -0.13069982 -0.13069982 -0.13069982
 -0.13069982 -0.13069982 -0.13069982 -0.13069982 -0.13069982 -0.13069982
 -0.13069982 -0.13069982 -0.13069982 -0.13069982 -0.13069982 -0.13069982
 -0.13069982 -0.13069982 -0.13069982 -0.13069982 -0.13069982  4.75554473
 -0.13069982 -0.13069982 -0.13069982 -0.13069982 -0.13069982 -0.13069982
 -0.13069982 -0.13069982 -0.13069982 -0.13069982 -0.13069982 -0.13069982
 -0.13069982 -0.13069982 -0.13069982 -0.13069982 -0.13069982 -0.13069982
 -0.13069982 -0.13069982 -0.13069982 -0.13069982 -0.13069982 -0.13069982
 -0.13069982 -0.13069982 -0.13069982 -0.13069982 -0.13069982 -0.13069982
 -0.13069982 -0.13069982 -0.13069982 -0.13069982 -0.13069982 -0.13069982
 -0.13069982 -0.13069982 -0.13069982 -0.13069982 -0.13069982 -0.13069982
 -0.13069982 -0.13069982 -0.13069982 -0.13069982 -0.13069982 -0.13069982
 -0.13069982 -0.13069982 -0.13069982 -0.13069982 -0.13069982 -0.13069982
 -0.13069982 -0.13069982 -0.13069982 -0.13069982 -0.13069982 -0.13069982
 -0.13069982 -0.13069982 -0.13069982 -0.13069982 -0.13069982 -0.13069982
 -0.13069982 -0.13069982 -0.13069982 -0.13069982 -0.13069982 -0.13069982
 -0.13069982 -0.13069982 -0.13069982 -0.13069982 -0.13069982 -0.13069982
 -0.13069982 -0.13069982 -0.13069982 -0.13069982 -0.13069982 -0.13069982
 -0.13069982 -0.13069982 -0.13069982 -0.13069982 -0.13069982 -0.13069982
 -0.13069982 -0.13069982 -0.13069982 -0.13069982 -0.13069982 -0.13069982
 -0.13069982 -0.13069982 -0.13069982 -0.13069982 -0.13069982 -0.13069982
 -0.13069982 -0.13069982 -0.13069982 -0.13069982 -0.13069982 -0.13069982
 -0.13069982 -0.13069982 -0.13069982 -0.13069982 -0.13069982 -0.13069982
 -0.13069982 -0.13069982 -0.13069982 -0.13069982 -0.13069982 -0.13069982
 -0.13069982 -0.13069982 -0.13069982 -0.13069982 -0.13069982 -0.13069982
 -0.13069982 -0.13069982 -0.13069982 -0.13069982 -0.13069982 -0.13069982
 -0.13069982 -0.13069982 -0.13069982 -0.13069982 -0.13069982 -0.13069982
 -0.13069982 -0.13069982 -0.13069982 -0.13069982 -0.13069982 -0.13069982
 -0.13069982 -0.13069982 -0.13069982 -0.13069982 -0.13069982 -0.13069982
 -0.13069982 -0.13069982 11.59997049 -0.13069982 -0.13069982 -0.13069982
 -0.13069982 -0.13069982 -0.13069982 -0.13069982 -0.13069982 -0.13069982
 -0.13069982 -0.13069982 -0.13069982 -0.13069982 -0.13069982 -0.13069982
 -0.13069982 -0.13069982 -0.13069982 -0.13069982 -0.13069982 -0.13069982
 -0.13069982 -0.13069982 -0.13069982 -0.13069982 -0.13069982 -0.13069982
 -0.13069982 -0.13069982 -0.13069982 -0.13069982 -0.13069982 -0.13069982
 -0.13069982 -0.13069982 -0.13069982 -0.13069982 -0.13069982 -0.13069982
 -0.13069982 -0.13069982 -0.13069982 -0.13069982 -0.13069982 -0.13069982
 -0.13069982 -0.13069982 -0.13069982 -0.13069982 -0.13069982 -0.13069982
 -0.13069982 -0.13069982 -0.13069982 -0.13069982]",[-0.05281544376044725]
3,"[-1.45527096e-01 -1.45527096e-01 -1.45527096e-01 -1.45527096e-01
 -1.45527096e-01 -1.45527096e-01 -1.45527096e-01 -1.45527096e-01
 -1.45527096e-01 -1.45527096e-01 -1.45527096e-01 -1.45527096e-01
 -1.45527096e-01 -1.45527096e-01 -1.45527096e-01 -1.45527096e-01
 -1.45527096e-01 -1.45527096e-01 -1.45527096e-01 -1.45527096e-01
 -1.45527096e-01 -1.45527096e-01 -1.45527096e-01 -1.45527096e-01
 -1.45527096e-01 -1.45527096e-01 -1.45527096e-01  8.73656235e-01
 -1.45527096e-01 -1.45527096e-01 -1.45527096e-01 -1.45527096e-01
 -1.45527096e-01 -1.45527096e-01 -1.45527096e-01 -1.45527096e-01
 -1.45527096e-01 -1.45527096e-01 -1.45527096e-01 -1.45527096e-01
 -1.45527096e-01 -1.45527096e-01 -1.45527096e-01 -1.45527096e-01
 -1.45527096e-01 -1.45527096e-01 -1.45527096e-01 -1.45527096e-01
 -1.45527096e-01 -1.45527096e-01 -1.45527096e-01 -1.45527096e-01
 -1.45527096e-01 -1.45527096e-01 -1.45527096e-01 -1.45527096e-01
 -1.45527096e-01 -1.45527096e-01 -1.45527096e-01 -1.45527096e-01
 -1.45527096e-01 -1.45527096e-01 -1.45527096e-01 -1.45527096e-01
 -1.45527096e-01 -1.45527096e-01 -1.45527096e-01 -1.45527096e-01
 -1.45527096e-01 -1.45527096e-01 -1.45527096e-01 -1.45527096e-01
 -1.45527096e-01 -1.45527096e-01 -1.45527096e-01 -1.45527096e-01
 -1.45527096e-01 -1.45527096e-01 -1.45527096e-01 -1.45527096e-01
 -1.45527096e-01 -1.45527096e-01 -1.45527096e-01  9.39673064e+00
 -1.45527096e-01 -1.45527096e-01 -1.45527096e-01 -1.45527096e-01
 -1.45527096e-01 -1.45527096e-01 -1.45527096e-01 -1.45527096e-01
 -1.45527096e-01 -1.45527096e-01 -1.45527096e-01 -1.45527096e-01
 -1.45527096e-01 -1.45527096e-01 -1.45527096e-01 -1.45527096e-01
 -1.45527096e-01 -1.45527096e-01 -1.45527096e-01 -1.45527096e-01
 -1.45527096e-01 -1.45527096e-01 -1.45527096e-01 -1.45527096e-01
 -1.45527096e-01 -1.45527096e-01  7.32290465e-01 -1.45527096e-01
 -1.45527096e-01 -1.45527096e-01 -1.45527096e-01 -1.45527096e-01
 -1.45527096e-01 -1.45527096e-01 -1.45527096e-01 -1.45527096e-01
 -1.45527096e-01 -1.45527096e-01 -1.45527096e-01 -1.45527096e-01
 -1.45527096e-01 -1.45527096e-01 -1.45527096e-01 -1.45527096e-01
 -1.45527096e-01 -1.45527096e-01 -1.45527096e-01 -1.45527096e-01
 -1.45527096e-01 -1.45527096e-01 -1.45527096e-01 -1.45527096e-01
 -1.45527096e-01 -1.45527096e-01 -1.45527096e-01 -1.45527096e-01
 -1.45527096e-01 -1.45527096e-01 -1.45527096e-01 -1.45527096e-01
 -1.45527096e-01 -1.45527096e-01 -1.45527096e-01 -1.45527096e-01
 -1.45527096e-01 -1.45527096e-01 -1.45527096e-01 -1.45527096e-01
 -1.45527096e-01 -1.45527096e-01 -1.45527096e-01 -1.45527096e-01
 -1.45527096e-01 -1.45527096e-01 -1.45527096e-01 -1.45527096e-01
 -1.45527096e-01 -1.45527096e-01 -1.45527096e-01 -1.45527096e-01
 -1.45527096e-01 -1.45527096e-01 -1.45527096e-01 -1.45527096e-01
 -1.45527096e-01 -1.45527096e-01 -1.45527096e-01 -1.45527096e-01
 -1.45527096e-01  4.12898836e+00 -1.45527096e-01 -1.45527096e-01
 -1.45527096e-01 -1.45527096e-01 -1.45527096e-01 -1.45527096e-01
 -1.45527096e-01 -1.45527096e-01 -1.45527096e-01 -1.45527096e-01
 -1.45527096e-01 -1.45527096e-01  3.95021178e+00 -1.45527096e-01
 -1.45527096e-01 -1.45527096e-01 -1.45527096e-01 -1.45527096e-01
 -1.45527096e-01 -1.45527096e-01 -1.45527096e-01 -1.45527096e-01
 -1.45527096e-01 -1.45527096e-01 -1.45527096e-01 -1.45527096e-01
  5.03480036e+00 -1.45527096e-01 -1.45527096e-01 -1.45527096e-01
 -1.45527096e-01 -1.45527096e-01 -1.45527096e-01 -1.45527096e-01
 -1.45527096e-01 -1.45527096e-01  7.25205926e+00 -1.45527096e-01
 -1.45527096e-01 -1.45527096e-01 -1.45527096e-01  8.35569640e-01
 -1.45527096e-01 -1.45527096e-01 -1.45527096e-01 -1.45527096e-01
 -1.45527096e-01 -1.45527096e-01 -1.45527096e-01 -1.45527096e-01
 -1.45527096e-01 -1.45527096e-01 -1.45527096e-01 -1.45527096e-01
 -1.45527096e-01 -1.45527096e-01 -1.45527096e-01 -1.45527096e-01
 -1.45527096e-01 -1.45527096e-01 -1.45527096e-01  1.87884516e-03
 -1.45527096e-01 -1.45527096e-01 -1.45527096e-01 -1.45527096e-01
 -1.45527096e-01 -1.45527096e-01 -1.45527096e-01 -1.45527096e-01
 -1.45527096e-01 -1.45527096e-01 -1.45527096e-01 -1.45527096e-01
 -1.45527096e-01 -1.45527096e-01 -1.45527096e-01 -1.45527096e-01
 -1.45527096e-01 -1.45527096e-01 -1.45527096e-01 -1.45527096e-01
 -1.45527096e-01 -1.45527096e-01 -1.45527096e-01 -1.45527096e-01
 -1.45527096e-01  4.40455286e+00 -1.45527096e-01 -1.45527096e-01
 -1.45527096e-01 -1.45527096e-01 -1.45527096e-01 -1.45527096e-01
 -1.45527096e-01 -1.45527096e-01 -1.45527096e-01 -1.45527096e-01
  6.22052217e-01 -1.45527096e-01 -1.45527096e-01 -1.45527096e-01
 -1.45527096e-01 -1.45527096e-01 -1.45527096e-01 -1.45527096e-01
 -1.45527096e-01 -1.45527096e-01 -1.45527096e-01 -1.45527096e-01
 -1.45527096e-01 -1.45527096e-01 -1.45527096e-01  1.29390616e+00
 -1.45527096e-01 -1.45527096e-01 -1.45527096e-01 -1.45527096e-01
 -1.45527096e-01 -1.45527096e-01 -1.45527096e-01 -1.45527096e-01
 -1.45527096e-01 -1.45527096e-01 -1.45527096e-01 -1.45527096e-01
 -1.45527096e-01 -1.45527096e-01 -1.45527096e-01 -1.45527096e-01
 -1.45527096e-01 -1.45527096e-01 -1.45527096e-01 -1.45527096e-01
 -1.45527096e-01 -1.45527096e-01 -1.45527096e-01 -1.45527096e-01
 -1.45527096e-01 -1.45527096e-01 -1.45527096e-01 -1.45527096e-01
 -1.45527096e-01 -1.45527096e-01 -1.45527096e-01 -1.45527096e-01
 -1.45527096e-01 -1.45527096e-01 -1.45527096e-01 -1.45527096e-01
 -1.45527096e-01 -1.45527096e-01 -1.45527096e-01 -1.45527096e-01
 -1.45527096e-01 -1.45527096e-01 -1.45527096e-01 -1.45527096e-01
 -1.45527096e-01 -1.45527096e-01 -1.45527096e-01 -1.45527096e-01
 -1.45527096e-01 -1.45527096e-01 -1.45527096e-01 -1.45527096e-01
 -1.45527096e-01 -1.45527096e-01 -1.45527096e-01 -1.45527096e-01
 -1.45527096e-01 -1.45527096e-01 -1.45527096e-01 -1.45527096e-01
 -1.45527096e-01 -1.45527096e-01 -1.45527096e-01 -1.45527096e-01
 -1.45527096e-01 -1.45527096e-01 -1.45527096e-01 -1.45527096e-01
 -1.45527096e-01 -1.45527096e-01 -1.45527096e-01 -1.45527096e-01
 -1.45527096e-01 -1.45527096e-01 -1.45527096e-01 -1.45527096e-01
 -1.45527096e-01 -1.45527096e-01 -1.45527096e-01 -1.45527096e-01
 -1.45527096e-01 -1.45527096e-01 -1.45527096e-01 -1.45527096e-01
 -1.45527096e-01 -1.45527096e-01 -1.45527096e-01 -1.45527096e-01
 -1.45527096e-01 -1.45527096e-01 -1.45527096e-01 -1.45527096e-01
 -1.45527096e-01 -1.45527096e-01 -1.45527096e-01 -1.45527096e-01
 -1.45527096e-01 -1.45527096e-01 -1.45527096e-01 -1.45527096e-01
 -1.45527096e-01 -1.45527096e-01 -1.45527096e-01 -1.45527096e-01
 -1.45527096e-01 -1.45527096e-01 -1.45527096e-01 -1.45527096e-01
 -1.45527096e-01 -1.45527096e-01 -1.45527096e-01 -1.45527096e-01
 -1.45527096e-01 -1.45527096e-01 -1.45527096e-01 -1.45527096e-01
 -1.45527096e-01 -1.45527096e-01 -1.45527096e-01 -1.45527096e-01
 -1.45527096e-01 -1.45527096e-01 -1.45527096e-01 -1.45527096e-01
 -1.45527096e-01 -1.45527096e-01 -1.45527096e-01 -1.45527096e-01
 -1.45527096e-01 -1.45527096e-01 -1.45527096e-01 -1.45527096e-01
 -1.45527096e-01 -1.45527096e-01 -1.45527096e-01 -1.45527096e-01
 -1.45527096e-01 -1.45527096e-01 -1.45527096e-01 -1.45527096e-01
 -1.45527096e-01 -1.45527096e-01 -1.45527096e-01 -1.45527096e-01
 -1.45527096e-01 -1.45527096e-01 -1.45527096e-01 -1.45527096e-01
 -1.45527096e-01 -1.45527096e-01 -1.45527096e-01 -1.45527096e-01
 -1.45527096e-01 -1.45527096e-01 -1.45527096e-01 -1.45527096e-01
 -1.45527096e-01 -1.45527096e-01 -1.45527096e-01 -1.45527096e-01
 -1.45527096e-01 -1.45527096e-01 -1.45527096e-01 -1.45527096e-01
 -1.45527096e-01 -1.45527096e-01 -1.45527096e-01 -1.45527096e-01
 -1.45527096e-01 -1.45527096e-01 -1.45527096e-01 -1.45527096e-01
 -1.45527096e-01 -1.45527096e-01 -1.45527096e-01 -1.45527096e-01
  8.47904713e+00 -1.45527096e-01  7.53695725e+00 -1.45527096e-01
  1.07502127e+01 -1.45527096e-01 -1.45527096e-01 -1.45527096e-01
 -1.45527096e-01 -1.45527096e-01 -1.45527096e-01 -1.45527096e-01
 -1.45527096e-01 -1.45527096e-01 -1.45527096e-01 -1.45527096e-01
 -1.45527096e-01 -1.45527096e-01 -1.45527096e-01 -1.45527096e-01
 -1.45527096e-01 -1.45527096e-01 -1.45527096e-01  6.34803425e+00
 -1.45527096e-01 -1.45527096e-01 -1.45527096e-01 -1.45527096e-01
 -1.45527096e-01 -1.45527096e-01 -1.45527096e-01 -1.45527096e-01
 -1.45527096e-01 -1.45527096e-01 -1.45527096e-01 -1.45527096e-01
 -1.45527096e-01 -1.45527096e-01 -1.45527096e-01 -1.45527096e-01
 -1.45527096e-01 -1.45527096e-01 -1.45527096e-01 -1.45527096e-01
 -1.45527096e-01 -1.45527096e-01 -1.45527096e-01 -1.45527096e-01
 -1.45527096e-01 -1.45527096e-01 -1.45527096e-01 -1.45527096e-01
 -1.45527096e-01 -1.45527096e-01  1.55918122e+00 -1.45527096e-01]",[-0.020317903511933688]
3,"[-0.16844613 -0.16844613 -0.16844613 -0.16844613 -0.16844613 -0.16844613
 -0.16844613 -0.16844613 -0.16844613 -0.16844613 -0.16844613 -0.16844613
 -0.16844613 -0.16844613 -0.16844613 -0.16844613 -0.16844613 -0.16844613
  7.21897101 -0.16844613 -0.16844613 -0.16844613 -0.16844613 -0.16844613
 -0.16844613 -0.16844613 -0.16844613 -0.16844613 -0.16844613 -0.16844613
 -0.16844613 -0.16844613 -0.16844613 -0.16844613 -0.16844613 -0.16844613
 -0.16844613 -0.16844613 -0.16844613 -0.16844613 -0.16844613 -0.16844613
 -0.16844613 -0.16844613 -0.16844613 -0.16844613 -0.16844613 -0.16844613
 -0.16844613 -0.16844613 -0.16844613 -0.16844613 -0.16844613 -0.16844613
 -0.16844613 -0.16844613 -0.16844613 -0.16844613 -0.16844613 -0.16844613
 -0.16844613 -0.16844613 -0.16844613 -0.16844613 -0.16844613 -0.16844613
 -0.16844613 -0.16844613 -0.16844613 -0.16844613 -0.16844613 -0.16844613
 -0.16844613 -0.16844613 -0.16844613 -0.16844613 -0.16844613 -0.16844613
 -0.16844613 -0.16844613 -0.16844613 -0.16844613 -0.16844613  5.9407952
 -0.16844613 -0.16844613 -0.16844613 -0.16844613 -0.16844613 -0.16844613
 -0.16844613 -0.16844613 -0.16844613 -0.16844613 -0.16844613 -0.16844613
 -0.16844613 -0.16844613 -0.16844613 -0.16844613 -0.16844613 -0.16844613
 -0.16844613 -0.16844613 -0.16844613 -0.16844613 -0.16844613 -0.16844613
 -0.16844613 -0.16844613  0.83265828 -0.16844613 -0.16844613 -0.16844613
 -0.16844613 -0.16844613 -0.16844613 -0.16844613 -0.16844613 -0.16844613
 -0.16844613 -0.16844613 -0.16844613 -0.16844613  6.28737862 -0.16844613
 -0.16844613 -0.16844613 -0.16844613 -0.16844613 -0.16844613 -0.16844613
 -0.16844613 -0.16844613 -0.16844613 -0.16844613 -0.16844613 -0.16844613
 -0.16844613 -0.16844613 -0.16844613 -0.16844613 -0.16844613 -0.16844613
 -0.16844613 -0.16844613 -0.16844613 -0.16844613 -0.16844613 -0.16844613
 -0.16844613 -0.16844613 -0.16844613 -0.16844613 -0.16844613 -0.16844613
 -0.16844613 -0.16844613 -0.16844613 -0.16844613 -0.16844613 -0.16844613
 -0.16844613 -0.16844613 -0.16844613 -0.16844613 -0.16844613 -0.16844613
 -0.16844613 -0.16844613 -0.16844613 -0.16844613 -0.16844613 -0.16844613
 -0.16844613 -0.16844613 -0.16844613 -0.16844613 -0.16844613 -0.16844613
 -0.16844613 -0.16844613 -0.16844613 -0.16844613 -0.16844613 -0.16844613
  4.36089398 -0.16844613 -0.16844613 -0.16844613 -0.16844613 -0.16844613
 -0.16844613 -0.16844613 -0.16844613 -0.16844613 -0.16844613 -0.16844613
 -0.16844613 -0.16844613  4.43886479 -0.16844613 -0.16844613 -0.16844613
 -0.16844613 -0.16844613 -0.16844613 -0.16844613 -0.16844613 -0.16844613
  4.31480909 -0.16844613  4.63555586 -0.16844613 -0.16844613  7.84919826
 -0.16844613 -0.16844613 -0.16844613  1.4285216  -0.16844613 -0.16844613
 -0.16844613 -0.16844613 -0.16844613 -0.16844613 -0.16844613 -0.16844613
 -0.16844613 -0.16844613 -0.16844613 -0.16844613 -0.16844613 -0.16844613
 -0.16844613 -0.16844613 -0.16844613 -0.16844613 -0.16844613 -0.16844613
 -0.16844613 -0.16844613 -0.16844613 -0.16844613 -0.16844613 -0.16844613
 -0.16844613 -0.16844613 -0.16844613 -0.16844613 -0.16844613 -0.16844613
 -0.16844613 -0.16844613 -0.16844613  7.1160643  -0.16844613 -0.16844613
 -0.16844613 -0.16844613 -0.16844613  6.20128318 -0.16844613  0.55089454
 -0.16844613 -0.16844613 -0.16844613 -0.16844613 -0.16844613 -0.16844613
 -0.16844613 -0.16844613 -0.16844613 -0.16844613 -0.16844613 -0.16844613
 -0.16844613 -0.16844613 -0.16844613 -0.16844613 -0.16844613 -0.16844613
 -0.16844613 -0.16844613 -0.16844613 -0.16844613 -0.16844613 -0.16844613
 -0.16844613 -0.16844613 -0.16844613 -0.16844613 -0.16844613 -0.16844613
 -0.16844613 -0.16844613 -0.16844613 -0.16844613 -0.16844613 -0.16844613
 -0.16844613 -0.16844613 -0.16844613 -0.16844613 -0.16844613 -0.16844613
 -0.16844613 -0.16844613 -0.16844613 -0.16844613 -0.16844613  5.42311124
 -0.16844613 -0.16844613 -0.16844613 -0.16844613 -0.16844613 -0.16844613
 -0.16844613 -0.16844613 -0.16844613 -0.16844613 -0.16844613 -0.16844613
 -0.16844613 -0.16844613 -0.16844613 -0.16844613 -0.16844613 -0.16844613
 -0.16844613 -0.16844613 -0.16844613 -0.16844613 -0.16844613 -0.16844613
 -0.16844613 -0.16844613 -0.16844613 -0.16844613 -0.16844613 -0.16844613
 -0.16844613 -0.16844613 -0.16844613 -0.16844613 -0.16844613 -0.16844613
 -0.16844613 -0.16844613 -0.16844613 -0.16844613 -0.16844613 -0.16844613
 -0.16844613 -0.16844613 -0.16844613 -0.16844613 -0.16844613 -0.16844613
 -0.16844613 -0.16844613 -0.16844613 -0.16844613 -0.16844613 -0.16844613
 -0.16844613 -0.16844613 -0.16844613 -0.16844613 -0.16844613 -0.16844613
 -0.16844613 -0.16844613 -0.16844613 -0.16844613 -0.16844613 -0.16844613
 -0.16844613 -0.16844613 -0.16844613 -0.16844613 -0.16844613 -0.16844613
 -0.16844613 -0.16844613 -0.16844613 -0.16844613 -0.16844613 -0.16844613
 -0.16844613 -0.16844613 -0.16844613 -0.16844613 -0.16844613 -0.16844613
 -0.16844613 -0.16844613 -0.16844613 -0.16844613 -0.16844613 -0.16844613
 -0.16844613 -0.16844613 -0.16844613 -0.16844613 -0.16844613 -0.16844613
 -0.16844613 -0.16844613 -0.16844613 -0.16844613 -0.16844613 -0.16844613
 -0.16844613 -0.16844613 -0.16844613 -0.16844613 -0.16844613 -0.16844613
 -0.16844613 -0.16844613 -0.16844613 -0.16844613 -0.16844613 -0.16844613
 -0.16844613 -0.16844613 -0.16844613 -0.16844613 -0.16844613 -0.16844613
 -0.16844613 -0.16844613 -0.16844613 -0.16844613 -0.16844613 -0.16844613
 -0.16844613 -0.16844613 -0.16844613 -0.16844613 -0.16844613 -0.16844613
 -0.16844613 -0.16844613 -0.16844613 -0.16844613 -0.16844613 -0.16844613
 -0.16844613 -0.16844613 -0.16844613 -0.16844613 -0.16844613 -0.16844613
 -0.16844613 -0.16844613 -0.16844613 -0.16844613 -0.16844613 -0.16844613
 -0.16844613 -0.16844613  8.21471557 -0.16844613 -0.16844613 -0.16844613
 -0.16844613 -0.16844613 -0.16844613  4.65790505 -0.16844613 -0.16844613
 -0.16844613 -0.16844613 -0.16844613 -0.16844613 -0.16844613 -0.16844613
 -0.16844613 -0.16844613 -0.16844613 -0.16844613 -0.16844613 -0.16844613
 -0.16844613  5.25678532 -0.16844613 -0.16844613 -0.16844613 -0.16844613
 -0.16844613 -0.16844613 -0.16844613 -0.16844613 -0.16844613 -0.16844613
 -0.16844613 -0.16844613 -0.16844613 -0.16844613 -0.16844613 -0.16844613
 -0.16844613 -0.16844613 -0.16844613 -0.16844613 -0.16844613 -0.16844613
 -0.16844613 -0.16844613 -0.16844613 -0.16844613 -0.16844613 -0.16844613
 -0.16844613 -0.16844613 -0.16844613 -0.16844613]",[0.032080207294815116]
3,"[-0.12261316 -0.12261316 -0.12261316 -0.12261316 -0.12261316 -0.12261316
 -0.12261316 -0.12261316 -0.12261316 -0.12261316 -0.12261316 -0.12261316
 -0.12261316 -0.12261316 -0.12261316 -0.12261316 -0.12261316 -0.12261316
 -0.12261316 -0.12261316 -0.12261316 -0.12261316 -0.12261316 -0.12261316
 -0.12261316 -0.12261316 -0.12261316 -0.12261316 -0.12261316 -0.12261316
 -0.12261316 -0.12261316 -0.12261316 -0.12261316 -0.12261316 -0.12261316
 -0.12261316 -0.12261316 -0.12261316 -0.12261316 -0.12261316 -0.12261316
 -0.12261316 -0.12261316 -0.12261316 -0.12261316 -0.12261316 -0.12261316
 -0.12261316 -0.12261316 -0.12261316 -0.12261316 -0.12261316 -0.12261316
 -0.12261316 -0.12261316 -0.12261316 -0.12261316 -0.12261316 -0.12261316
 -0.12261316 -0.12261316 -0.12261316 -0.12261316 -0.12261316 -0.12261316
 -0.12261316 -0.12261316 -0.12261316 -0.12261316 -0.12261316 -0.12261316
 -0.12261316 -0.12261316 -0.12261316 -0.12261316 -0.12261316 -0.12261316
 -0.12261316 -0.12261316 -0.12261316 -0.12261316 -0.12261316  7.70624792
 -0.12261316 -0.12261316 -0.12261316 -0.12261316 -0.12261316 -0.12261316
 -0.12261316 -0.12261316 -0.12261316 -0.12261316 -0.12261316 -0.12261316
 -0.12261316 -0.12261316 -0.12261316 -0.12261316 -0.12261316 -0.12261316
 -0.12261316 -0.12261316 -0.12261316 -0.12261316 -0.12261316 -0.12261316
 -0.12261316 -0.12261316  9.22216749 -0.12261316 -0.12261316 -0.12261316
 -0.12261316 -0.12261316 -0.12261316 -0.12261316 -0.12261316 -0.12261316
 -0.12261316 -0.12261316 -0.12261316 -0.12261316 -0.12261316 -0.12261316
 -0.12261316 -0.12261316 -0.12261316 -0.12261316 -0.12261316 -0.12261316
 -0.12261316 -0.12261316 -0.12261316 -0.12261316 -0.12261316 -0.12261316
 -0.12261316 -0.12261316 -0.12261316 -0.12261316 -0.12261316 -0.12261316
 -0.12261316 -0.12261316 -0.12261316 -0.12261316 -0.12261316 -0.12261316
 -0.12261316 -0.12261316 -0.12261316 -0.12261316 -0.12261316 -0.12261316
 -0.12261316 -0.12261316 -0.12261316 -0.12261316 -0.12261316 -0.12261316
 -0.12261316 -0.12261316 -0.12261316 -0.12261316 -0.12261316 -0.12261316
 -0.12261316 -0.12261316 -0.12261316 -0.12261316 -0.12261316 -0.12261316
 -0.12261316 -0.12261316 -0.12261316 -0.12261316 -0.12261316 -0.12261316
 -0.12261316 -0.12261316 -0.12261316 -0.12261316 -0.12261316 -0.12261316
  3.6801246  -0.12261316 -0.12261316 -0.12261316 -0.12261316 -0.12261316
 -0.12261316 -0.12261316 -0.12261316 -0.12261316 -0.12261316 -0.12261316
 -0.12261316 -0.12261316 -0.12261316 -0.12261316 -0.12261316 -0.12261316
 -0.12261316 -0.12261316 -0.12261316 -0.12261316 -0.12261316 -0.12261316
  3.70951519 -0.12261316 -0.12261316 -0.12261316 -0.12261316  7.47553174
 -0.12261316 -0.12261316 -0.12261316 -0.12261316 -0.12261316 -0.12261316
 -0.12261316 -0.12261316 -0.12261316 -0.12261316 -0.12261316 -0.12261316
 -0.12261316 -0.12261316 -0.12261316 -0.12261316 -0.12261316 -0.12261316
 -0.12261316  0.09708175 -0.12261316 -0.12261316 -0.12261316 -0.12261316
 -0.12261316 -0.12261316 -0.12261316 -0.12261316 -0.12261316 -0.12261316
 -0.12261316 -0.12261316 -0.12261316 -0.12261316 -0.12261316 -0.12261316
 -0.12261316 -0.12261316 -0.12261316 -0.12261316 -0.12261316 -0.12261316
 -0.12261316 -0.12261316 -0.12261316 -0.12261316 -0.12261316 -0.12261316
 -0.12261316 -0.12261316 -0.12261316 -0.12261316 -0.12261316 -0.12261316
 -0.12261316 -0.12261316  0.39086685 -0.12261316 -0.12261316 -0.12261316
 -0.12261316 -0.12261316 -0.12261316 -0.12261316 -0.12261316 -0.12261316
 -0.12261316 -0.12261316 -0.12261316 -0.12261316 -0.12261316  2.20658197
 -0.12261316 -0.12261316 -0.12261316 -0.12261316 -0.12261316 -0.12261316
 -0.12261316 -0.12261316 -0.12261316 -0.12261316 -0.12261316 -0.12261316
 -0.12261316 -0.12261316 -0.12261316 -0.12261316 -0.12261316 -0.12261316
  9.50074252 -0.12261316 -0.12261316 -0.12261316 -0.12261316 -0.12261316
 -0.12261316 -0.12261316 -0.12261316 -0.12261316 -0.12261316 -0.12261316
 -0.12261316 -0.12261316 -0.12261316 -0.12261316 -0.12261316 -0.12261316
 -0.12261316 -0.12261316 -0.12261316 -0.12261316 -0.12261316 -0.12261316
 -0.12261316 -0.12261316 -0.12261316 -0.12261316 -0.12261316 -0.12261316
 -0.12261316 -0.12261316 -0.12261316 -0.12261316 -0.12261316 -0.12261316
 -0.12261316 -0.12261316 -0.12261316 -0.12261316 -0.12261316 -0.12261316
 -0.12261316 -0.12261316 -0.12261316 -0.12261316 -0.12261316 -0.12261316
 -0.12261316 -0.12261316 -0.12261316 -0.12261316 -0.12261316 -0.12261316
 -0.12261316 -0.12261316 -0.12261316 -0.12261316 -0.12261316 -0.12261316
 -0.12261316 -0.12261316 -0.12261316 -0.12261316 -0.12261316 -0.12261316
 -0.12261316 -0.12261316 -0.12261316 -0.12261316 -0.12261316 -0.12261316
 -0.12261316 -0.12261316 -0.12261316 -0.12261316 -0.12261316 -0.12261316
 -0.12261316 -0.12261316 -0.12261316 -0.12261316 -0.12261316 -0.12261316
 -0.12261316 -0.12261316 -0.12261316 -0.12261316 -0.12261316 -0.12261316
 -0.12261316 -0.12261316 -0.12261316 -0.12261316 -0.12261316 -0.12261316
 -0.12261316 -0.12261316 -0.12261316 -0.12261316 -0.12261316 -0.12261316
 -0.12261316 -0.12261316 -0.12261316 -0.12261316 -0.12261316 -0.12261316
 -0.12261316 -0.12261316 -0.12261316 -0.12261316 -0.12261316 -0.12261316
 -0.12261316 -0.12261316 -0.12261316 -0.12261316 -0.12261316 -0.12261316
 -0.12261316 -0.12261316 -0.12261316 -0.12261316 -0.12261316 -0.12261316
 -0.12261316 -0.12261316 -0.12261316 -0.12261316 -0.12261316 -0.12261316
 -0.12261316 -0.12261316 -0.12261316 -0.12261316 -0.12261316 -0.12261316
 -0.12261316 -0.12261316 -0.12261316 -0.12261316 -0.12261316 -0.12261316
 -0.12261316 -0.12261316 -0.12261316 -0.12261316 -0.12261316 -0.12261316
 -0.12261316 -0.12261316 -0.12261316 -0.12261316 -0.12261316 -0.12261316
 -0.12261316 -0.12261316  6.0674252  -0.12261316 -0.12261316 -0.12261316
 12.35381369 -0.12261316 -0.12261316 -0.12261316 -0.12261316 -0.12261316
 -0.12261316 -0.12261316 -0.12261316 -0.12261316 -0.12261316 -0.12261316
 -0.12261316 -0.12261316 -0.12261316 -0.12261316 -0.12261316 -0.12261316
 -0.12261316 -0.12261316 -0.12261316 -0.12261316 -0.12261316 -0.12261316
 -0.12261316 -0.12261316 -0.12261316 -0.12261316 -0.12261316 -0.12261316
 -0.12261316 -0.12261316 -0.12261316 -0.12261316 -0.12261316 -0.12261316
 -0.12261316 -0.12261316 -0.12261316 -0.12261316 -0.12261316 -0.12261316
 -0.12261316 -0.12261316 -0.12261316 -0.12261316 -0.12261316 -0.12261316
 -0.12261316 -0.12261316 -0.12261316 -0.12261316]",[0.0010672475096024647]
3,"[-1.17264543e-01 -1.17264543e-01 -1.17264543e-01 -1.17264543e-01
  7.36922424e-03 -1.17264543e-01 -1.17264543e-01 -1.17264543e-01
 -1.17264543e-01 -1.17264543e-01 -1.17264543e-01 -1.17264543e-01
 -1.17264543e-01 -1.17264543e-01 -1.17264543e-01 -1.17264543e-01
 -1.17264543e-01 -1.17264543e-01 -1.17264543e-01 -1.17264543e-01
 -1.17264543e-01 -1.17264543e-01 -1.17264543e-01 -1.17264543e-01
 -1.17264543e-01 -1.17264543e-01 -1.17264543e-01  1.04977536e+00
 -1.17264543e-01 -1.17264543e-01 -1.17264543e-01 -1.17264543e-01
 -1.17264543e-01 -1.17264543e-01 -1.17264543e-01 -1.17264543e-01
 -1.17264543e-01 -1.17264543e-01 -1.17264543e-01 -1.17264543e-01
 -1.17264543e-01 -1.17264543e-01 -1.17264543e-01 -1.17264543e-01
 -1.17264543e-01 -1.17264543e-01 -1.17264543e-01 -1.17264543e-01
 -1.17264543e-01 -1.17264543e-01 -1.17264543e-01 -1.17264543e-01
 -1.17264543e-01 -1.17264543e-01 -1.17264543e-01 -1.17264543e-01
 -1.17264543e-01 -1.17264543e-01 -1.17264543e-01 -1.17264543e-01
 -1.17264543e-01 -1.17264543e-01 -1.17264543e-01 -1.17264543e-01
 -1.17264543e-01 -1.17264543e-01 -1.17264543e-01 -1.17264543e-01
 -1.17264543e-01 -1.17264543e-01 -1.17264543e-01 -1.17264543e-01
 -1.17264543e-01 -1.17264543e-01 -1.17264543e-01 -1.17264543e-01
 -1.17264543e-01 -1.17264543e-01 -1.17264543e-01 -1.17264543e-01
 -1.17264543e-01 -1.17264543e-01 -1.17264543e-01  2.21890516e+00
 -1.17264543e-01 -1.17264543e-01 -1.17264543e-01 -1.17264543e-01
 -1.17264543e-01 -1.17264543e-01 -1.17264543e-01 -1.17264543e-01
 -1.17264543e-01 -1.17264543e-01 -1.17264543e-01 -1.17264543e-01
 -1.17264543e-01 -1.17264543e-01 -1.17264543e-01 -1.17264543e-01
 -1.17264543e-01 -1.17264543e-01 -1.17264543e-01 -1.17264543e-01
 -1.17264543e-01 -1.17264543e-01 -1.17264543e-01 -1.17264543e-01
 -1.17264543e-01 -1.17264543e-01  9.71450948e-01 -1.17264543e-01
 -1.17264543e-01 -1.17264543e-01 -1.17264543e-01 -1.17264543e-01
  3.47214826e+00 -1.17264543e-01 -1.17264543e-01 -1.17264543e-01
 -1.17264543e-01 -1.17264543e-01 -1.17264543e-01 -1.17264543e-01
 -1.17264543e-01 -1.17264543e-01 -1.17264543e-01 -1.17264543e-01
 -1.17264543e-01 -1.17264543e-01 -1.17264543e-01 -1.17264543e-01
 -1.17264543e-01 -1.17264543e-01 -1.17264543e-01 -1.17264543e-01
 -1.17264543e-01 -1.17264543e-01 -1.17264543e-01 -1.17264543e-01
 -1.17264543e-01 -1.17264543e-01 -1.17264543e-01 -1.17264543e-01
 -1.17264543e-01 -1.17264543e-01 -1.17264543e-01 -1.17264543e-01
 -1.17264543e-01 -1.17264543e-01 -1.17264543e-01 -1.17264543e-01
 -1.17264543e-01 -1.17264543e-01 -1.17264543e-01 -1.17264543e-01
 -1.17264543e-01 -1.17264543e-01 -1.17264543e-01 -1.17264543e-01
 -1.17264543e-01 -1.17264543e-01 -1.17264543e-01 -1.17264543e-01
 -1.17264543e-01 -1.17264543e-01 -1.17264543e-01 -1.17264543e-01
 -1.17264543e-01 -1.17264543e-01 -1.17264543e-01 -1.17264543e-01
 -1.17264543e-01 -1.17264543e-01 -1.17264543e-01 -1.17264543e-01
 -1.17264543e-01 -1.17264543e-01 -1.17264543e-01 -1.17264543e-01
 -1.17264543e-01 -1.17264543e-01 -1.17264543e-01 -1.17264543e-01
 -1.17264543e-01 -1.17264543e-01  8.41815606e+00 -1.17264543e-01
 -1.17264543e-01 -1.17264543e-01 -1.17264543e-01 -1.17264543e-01
 -1.17264543e-01 -1.17264543e-01 -1.17264543e-01 -1.17264543e-01
 -1.17264543e-01 -1.17264543e-01 -1.17264543e-01 -1.17264543e-01
 -1.17264543e-01 -1.17264543e-01 -1.17264543e-01 -1.17264543e-01
 -1.17264543e-01 -1.17264543e-01 -1.17264543e-01 -1.17264543e-01
 -1.17264543e-01 -1.17264543e-01  7.77739907e+00 -1.17264543e-01
 -1.17264543e-01 -1.17264543e-01 -1.17264543e-01 -1.17264543e-01
 -1.17264543e-01 -1.17264543e-01 -1.17264543e-01 -1.17264543e-01
 -1.17264543e-01 -1.17264543e-01 -1.17264543e-01 -1.17264543e-01
 -1.17264543e-01 -1.17264543e-01 -1.17264543e-01 -1.17264543e-01
 -1.17264543e-01 -1.17264543e-01 -1.17264543e-01 -1.17264543e-01
 -1.17264543e-01 -1.17264543e-01 -1.17264543e-01  1.28094694e-01
 -1.17264543e-01  8.57030207e-01 -1.17264543e-01 -1.17264543e-01
 -1.17264543e-01 -1.17264543e-01 -1.17264543e-01 -1.17264543e-01
 -1.17264543e-01 -1.17264543e-01 -1.17264543e-01 -1.17264543e-01
 -1.17264543e-01 -1.17264543e-01 -1.17264543e-01 -1.17264543e-01
 -1.17264543e-01 -1.17264543e-01 -1.17264543e-01 -1.17264543e-01
 -1.17264543e-01 -1.17264543e-01 -1.17264543e-01 -1.17264543e-01
 -1.17264543e-01  1.61946091e+00 -1.17264543e-01 -1.17264543e-01
 -1.17264543e-01 -1.17264543e-01 -1.17264543e-01 -1.17264543e-01
 -1.17264543e-01 -1.17264543e-01 -1.17264543e-01 -1.17264543e-01
 -1.17264543e-01 -1.17264543e-01 -1.17264543e-01 -1.17264543e-01
 -1.17264543e-01 -1.17264543e-01 -1.17264543e-01 -1.17264543e-01
 -1.17264543e-01 -1.17264543e-01 -1.17264543e-01 -1.17264543e-01
 -1.17264543e-01 -1.17264543e-01 -1.17264543e-01  1.07060591e+01
 -1.17264543e-01 -1.17264543e-01 -1.17264543e-01 -1.17264543e-01
 -1.17264543e-01 -1.17264543e-01 -1.17264543e-01 -1.17264543e-01
 -1.17264543e-01 -1.17264543e-01 -1.17264543e-01 -1.17264543e-01
 -1.17264543e-01 -1.17264543e-01 -1.17264543e-01 -1.17264543e-01
 -1.17264543e-01 -1.17264543e-01 -1.17264543e-01 -1.17264543e-01
 -1.17264543e-01 -1.17264543e-01 -1.17264543e-01  5.35560955e+00
 -1.17264543e-01 -1.17264543e-01 -1.17264543e-01 -1.17264543e-01
 -1.17264543e-01 -1.17264543e-01 -1.17264543e-01 -1.17264543e-01
 -1.17264543e-01 -1.17264543e-01 -1.17264543e-01 -1.17264543e-01
 -1.17264543e-01 -1.17264543e-01 -1.17264543e-01 -1.17264543e-01
 -1.17264543e-01 -1.17264543e-01 -1.17264543e-01 -1.17264543e-01
 -1.17264543e-01 -1.17264543e-01 -1.17264543e-01 -1.17264543e-01
 -1.17264543e-01 -1.17264543e-01 -1.17264543e-01 -1.17264543e-01
 -1.17264543e-01 -1.17264543e-01 -1.17264543e-01 -1.17264543e-01
 -1.17264543e-01 -1.17264543e-01 -1.17264543e-01 -1.17264543e-01
 -1.17264543e-01 -1.17264543e-01 -1.17264543e-01 -1.17264543e-01
 -1.17264543e-01 -1.17264543e-01 -1.17264543e-01 -1.17264543e-01
 -1.17264543e-01 -1.17264543e-01 -1.17264543e-01 -1.17264543e-01
 -1.17264543e-01 -1.17264543e-01 -1.17264543e-01 -1.17264543e-01
 -1.17264543e-01 -1.17264543e-01 -1.17264543e-01 -1.17264543e-01
 -1.17264543e-01 -1.17264543e-01 -1.17264543e-01 -1.17264543e-01
 -1.17264543e-01 -1.17264543e-01 -1.17264543e-01 -1.17264543e-01
 -1.17264543e-01 -1.17264543e-01 -1.17264543e-01 -1.17264543e-01
 -1.17264543e-01 -1.17264543e-01 -1.17264543e-01 -1.17264543e-01
 -1.17264543e-01 -1.17264543e-01 -1.17264543e-01 -1.17264543e-01
 -1.17264543e-01 -1.17264543e-01 -1.17264543e-01 -1.17264543e-01
 -1.17264543e-01 -1.17264543e-01 -1.17264543e-01 -1.17264543e-01
 -1.17264543e-01 -1.17264543e-01 -1.17264543e-01 -1.17264543e-01
 -1.17264543e-01 -1.17264543e-01 -1.17264543e-01 -1.17264543e-01
 -1.17264543e-01 -1.17264543e-01 -1.17264543e-01 -1.17264543e-01
 -1.17264543e-01 -1.17264543e-01 -1.17264543e-01 -1.17264543e-01
 -1.17264543e-01 -1.17264543e-01 -1.17264543e-01 -1.17264543e-01
 -1.17264543e-01 -1.17264543e-01 -1.17264543e-01 -1.17264543e-01
 -1.17264543e-01 -1.17264543e-01 -1.17264543e-01 -1.17264543e-01
 -1.17264543e-01 -1.17264543e-01 -1.17264543e-01 -1.17264543e-01
 -1.17264543e-01 -1.17264543e-01 -1.17264543e-01 -1.17264543e-01
 -1.17264543e-01 -1.17264543e-01 -1.17264543e-01 -1.17264543e-01
 -1.17264543e-01 -1.17264543e-01 -1.17264543e-01 -1.17264543e-01
 -1.17264543e-01 -1.17264543e-01 -1.17264543e-01 -1.17264543e-01
 -1.17264543e-01 -1.17264543e-01 -1.17264543e-01 -1.17264543e-01
 -1.17264543e-01 -1.17264543e-01 -1.17264543e-01 -1.17264543e-01
 -1.17264543e-01 -1.17264543e-01 -1.17264543e-01 -1.17264543e-01
 -1.17264543e-01 -1.17264543e-01 -1.17264543e-01 -1.17264543e-01
 -1.17264543e-01 -1.17264543e-01 -1.17264543e-01 -1.17264543e-01
  2.22769665e+00 -1.17264543e-01 -1.17264543e-01 -1.17264543e-01
  1.45267035e+01 -1.17264543e-01 -1.17264543e-01 -1.17264543e-01
 -1.17264543e-01 -1.17264543e-01 -1.17264543e-01 -1.17264543e-01
 -1.17264543e-01 -1.17264543e-01 -1.17264543e-01 -1.17264543e-01
 -1.17264543e-01 -1.17264543e-01 -1.17264543e-01 -1.17264543e-01
 -1.17264543e-01 -1.17264543e-01 -1.17264543e-01 -1.17264543e-01
 -1.17264543e-01 -1.17264543e-01 -1.17264543e-01 -1.17264543e-01
 -1.17264543e-01 -1.17264543e-01 -1.17264543e-01 -1.17264543e-01
 -1.17264543e-01 -1.17264543e-01 -1.17264543e-01 -1.17264543e-01
 -1.17264543e-01 -1.17264543e-01 -1.17264543e-01 -1.17264543e-01
 -1.17264543e-01 -1.17264543e-01 -1.17264543e-01 -1.17264543e-01
 -1.17264543e-01 -1.17264543e-01 -1.17264543e-01 -1.17264543e-01
 -1.17264543e-01 -1.17264543e-01 -1.17264543e-01 -1.17264543e-01
 -1.17264543e-01 -1.17264543e-01 -1.17264543e-01 -1.17264543e-01]",[-0.02657620914196772]
3,"[-0.20191429 -0.20191429 -0.20191429 -0.20191429 -0.20191429 -0.20191429
 -0.20191429 -0.20191429 -0.20191429 -0.20191429 -0.20191429 -0.20191429
 -0.20191429 -0.20191429 -0.20191429 -0.20191429 -0.20191429 -0.20191429
 -0.20191429 -0.20191429 -0.20191429 -0.20191429 -0.20191429 -0.20191429
 -0.20191429 -0.20191429 -0.20191429 -0.20191429 -0.20191429 -0.20191429
 -0.20191429 -0.20191429 -0.20191429 -0.20191429 -0.20191429 -0.20191429
 -0.20191429 -0.20191429 -0.20191429 -0.20191429 -0.20191429 -0.20191429
 -0.20191429 -0.20191429 -0.20191429 -0.20191429 -0.20191429 -0.20191429
 -0.20191429 -0.20191429 -0.20191429 -0.20191429 -0.20191429 -0.20191429
 -0.20191429 -0.20191429 -0.20191429 -0.20191429 -0.20191429 -0.20191429
 -0.20191429 -0.20191429 -0.20191429 -0.20191429 -0.20191429 -0.20191429
 -0.20191429 -0.20191429 -0.20191429 -0.20191429 -0.20191429 -0.20191429
 -0.20191429 -0.20191429 -0.20191429 -0.20191429 -0.20191429 -0.20191429
 -0.20191429 -0.20191429 -0.20191429 -0.20191429 -0.20191429  9.13284187
 -0.20191429 -0.20191429  1.1484097  -0.20191429 -0.20191429 -0.20191429
 -0.20191429 -0.20191429  3.04820279 -0.20191429 -0.20191429 -0.20191429
 -0.20191429 -0.20191429 -0.20191429 -0.20191429 -0.20191429 -0.20191429
 -0.20191429 -0.20191429 -0.20191429 -0.20191429 -0.20191429 -0.20191429
 -0.20191429 -0.20191429  5.21214882 -0.20191429 -0.20191429 -0.20191429
 -0.20191429 -0.20191429 -0.20191429 -0.20191429 -0.20191429 -0.20191429
 -0.20191429 -0.20191429 -0.20191429 -0.20191429 -0.20191429 -0.20191429
 -0.20191429 -0.20191429 -0.20191429 -0.20191429 -0.20191429 -0.20191429
 -0.20191429 -0.20191429 -0.20191429 -0.20191429 -0.20191429 -0.20191429
 -0.20191429 -0.20191429 -0.20191429 -0.20191429 -0.20191429 -0.20191429
 -0.20191429 -0.20191429 -0.20191429 -0.20191429 -0.20191429 -0.20191429
 -0.20191429 -0.20191429 -0.20191429 -0.20191429 -0.20191429 -0.20191429
 -0.20191429 -0.20191429 -0.20191429 -0.20191429 -0.20191429 -0.20191429
 -0.20191429 -0.20191429 -0.20191429 -0.20191429 -0.20191429 -0.20191429
 -0.20191429 -0.20191429 -0.20191429 -0.20191429 -0.20191429 -0.20191429
 -0.20191429 -0.20191429 -0.20191429 -0.20191429 -0.20191429 -0.20191429
 -0.20191429 -0.20191429 -0.20191429 -0.20191429 -0.20191429 -0.20191429
 -0.20191429 -0.20191429 -0.20191429 -0.20191429 -0.20191429 -0.20191429
 -0.20191429 -0.20191429 -0.20191429 -0.20191429 -0.20191429 -0.20191429
 -0.20191429 -0.20191429  3.23032039 -0.20191429 -0.20191429  0.46632137
 -0.20191429 -0.20191429 -0.20191429 -0.20191429 -0.20191429 -0.20191429
  2.12339016 -0.20191429 -0.20191429 -0.20191429 -0.20191429 -0.20191429
 -0.20191429 -0.20191429 -0.20191429 -0.20191429 -0.20191429 -0.20191429
 -0.20191429 -0.20191429 -0.20191429 -0.20191429 -0.20191429 -0.20191429
 -0.20191429 -0.20191429 -0.20191429  0.82208044 -0.20191429 -0.20191429
 -0.20191429  2.98032936 -0.20191429  4.08374392  3.60821258 -0.20191429
  2.31815045  0.58385381 -0.20191429  3.93365574 -0.20191429 -0.20191429
 -0.20191429 -0.20191429 -0.20191429 -0.20191429 -0.20191429 -0.20191429
 -0.20191429 -0.20191429 -0.20191429  3.37335409  3.38757725 -0.20191429
 -0.20191429 -0.20191429 -0.20191429  4.5886049  -0.20191429  0.19174147
 -0.20191429 -0.20191429 -0.20191429  2.21829727  0.70800713 -0.20191429
 -0.20191429 -0.20191429 -0.20191429 -0.20191429  3.64604756  7.74655412
 -0.20191429 -0.20191429 -0.20191429 -0.20191429 -0.20191429 -0.20191429
 -0.20191429  2.89738374 -0.20191429 -0.20191429 -0.20191429  5.92358737
 -0.20191429 -0.20191429 -0.20191429 -0.20191429 -0.20191429 -0.20191429
 -0.20191429 -0.20191429 -0.20191429 -0.20191429 -0.20191429 -0.20191429
 -0.20191429 -0.20191429 -0.20191429 -0.20191429 -0.20191429 -0.20191429
 -0.20191429 -0.20191429 -0.20191429 -0.20191429 -0.20191429  4.22085745
 -0.20191429 -0.20191429 -0.20191429 -0.20191429 -0.20191429 -0.20191429
 -0.20191429 -0.20191429 -0.20191429 -0.20191429 -0.20191429 -0.20191429
 -0.20191429 -0.20191429 -0.20191429 -0.20191429 -0.20191429 -0.20191429
 -0.20191429 -0.20191429 -0.20191429 -0.20191429 -0.20191429 -0.20191429
 -0.20191429 -0.20191429 -0.20191429 -0.20191429 -0.20191429 -0.20191429
 -0.20191429 -0.20191429 -0.20191429 -0.20191429 -0.20191429 -0.20191429
 -0.20191429 -0.20191429 -0.20191429 -0.20191429 -0.20191429 -0.20191429
 -0.20191429 -0.20191429 -0.20191429 -0.20191429 -0.20191429 -0.20191429
 -0.20191429 -0.20191429 -0.20191429 -0.20191429 -0.20191429 -0.20191429
 -0.20191429 -0.20191429 -0.20191429 -0.20191429 -0.20191429 -0.20191429
 -0.20191429 -0.20191429 -0.20191429 -0.20191429 -0.20191429 -0.20191429
 -0.20191429 -0.20191429 -0.20191429 -0.20191429 -0.20191429 -0.20191429
 -0.20191429 -0.20191429 -0.20191429 -0.20191429 -0.20191429 -0.20191429
 -0.20191429 -0.20191429 -0.20191429 -0.20191429 -0.20191429 -0.20191429
 -0.20191429 -0.20191429 -0.20191429 -0.20191429 -0.20191429 -0.20191429
 -0.20191429 -0.20191429 -0.20191429 -0.20191429 -0.20191429 -0.20191429
 -0.20191429 -0.20191429 -0.20191429 -0.20191429 -0.20191429 -0.20191429
 -0.20191429 -0.20191429 -0.20191429 -0.20191429 -0.20191429 -0.20191429
 -0.20191429 -0.20191429 -0.20191429 -0.20191429 -0.20191429  8.08762976
 -0.20191429 -0.20191429 -0.20191429 -0.20191429 -0.20191429 -0.20191429
 -0.20191429 -0.20191429 -0.20191429 -0.20191429 -0.20191429 -0.20191429
 -0.20191429 -0.20191429 -0.20191429 -0.20191429 -0.20191429 -0.20191429
 -0.20191429 -0.20191429 -0.20191429 -0.20191429 -0.20191429 -0.20191429
 -0.20191429 -0.20191429 -0.20191429 -0.20191429 -0.20191429 -0.20191429
 -0.20191429 -0.20191429 -0.20191429 -0.20191429 -0.20191429 -0.20191429
 -0.20191429 -0.20191429 -0.20191429 -0.20191429 -0.20191429 -0.20191429
  6.71543362 -0.20191429 -0.20191429 -0.20191429 -0.20191429 -0.20191429
 -0.20191429 -0.20191429 -0.20191429 -0.20191429 -0.20191429 -0.20191429
 -0.20191429 -0.20191429 -0.20191429 -0.20191429 -0.20191429 -0.20191429
 -0.20191429  2.94509383 -0.20191429 -0.20191429 -0.20191429 -0.20191429
 -0.20191429 -0.20191429 -0.20191429 -0.20191429 -0.20191429 -0.20191429
 -0.20191429 -0.20191429 -0.20191429 -0.20191429 -0.20191429 -0.20191429
 -0.20191429 -0.20191429 -0.20191429 -0.20191429 -0.20191429 -0.20191429
 -0.20191429 -0.20191429 -0.20191429 -0.20191429 -0.20191429 -0.20191429
 -0.20191429 -0.20191429 -0.20191429 -0.20191429]",[0.056547042344299664]
3,"[-0.12469507 -0.12469507 -0.12469507 -0.12469507 -0.12469507 -0.12469507
 -0.12469507 -0.12469507 -0.12469507 -0.12469507 -0.12469507 -0.12469507
 -0.12469507 -0.12469507 -0.12469507 -0.12469507 -0.12469507 -0.12469507
 -0.12469507 -0.12469507 -0.12469507 -0.12469507 -0.12469507 -0.12469507
 -0.12469507 -0.12469507 -0.12469507  1.0317126  -0.12469507 -0.12469507
 -0.12469507 -0.12469507 -0.12469507 -0.12469507 -0.12469507 -0.12469507
 -0.12469507 -0.12469507 -0.12469507 -0.12469507 -0.12469507 -0.12469507
 -0.12469507 -0.12469507 -0.12469507 -0.12469507 -0.12469507 -0.12469507
 -0.12469507 -0.12469507 -0.12469507 -0.12469507 -0.12469507 -0.12469507
 -0.12469507 -0.12469507 -0.12469507 -0.12469507  4.74084536 -0.12469507
 -0.12469507 -0.12469507 -0.12469507 -0.12469507 -0.12469507 -0.12469507
 -0.12469507 -0.12469507 -0.12469507 -0.12469507 -0.12469507 -0.12469507
 -0.12469507 -0.12469507 -0.12469507 -0.12469507 -0.12469507 -0.12469507
 -0.12469507 -0.12469507 -0.12469507 -0.12469507 -0.12469507  2.95055142
 -0.12469507 -0.12469507 -0.12469507 -0.12469507 -0.12469507 -0.12469507
 -0.12469507 -0.12469507 -0.12469507 -0.12469507 -0.12469507 -0.12469507
 -0.12469507 -0.12469507 -0.12469507 -0.12469507 -0.12469507 -0.12469507
 -0.12469507 -0.12469507 -0.12469507 -0.12469507 -0.12469507 -0.12469507
 -0.12469507 -0.12469507  0.68706911 -0.12469507 -0.12469507 -0.12469507
 -0.12469507 -0.12469507 -0.12469507 -0.12469507 -0.12469507 -0.12469507
 -0.12469507 -0.12469507 -0.12469507 -0.12469507 -0.12469507 -0.12469507
 -0.12469507 -0.12469507 -0.12469507 -0.12469507 -0.12469507 -0.12469507
 -0.12469507 -0.12469507 -0.12469507 -0.12469507 -0.12469507 -0.12469507
 -0.12469507 -0.12469507 -0.12469507 -0.12469507 -0.12469507 -0.12469507
 -0.12469507 -0.12469507 -0.12469507 -0.12469507 -0.12469507 -0.12469507
 -0.12469507 -0.12469507 -0.12469507 -0.12469507 -0.12469507 -0.12469507
 -0.12469507 -0.12469507 -0.12469507 -0.12469507 -0.12469507 -0.12469507
 -0.12469507 -0.12469507 -0.12469507 -0.12469507 -0.12469507 -0.12469507
 -0.12469507 -0.12469507 -0.12469507 -0.12469507 -0.12469507  3.49733568
 -0.12469507 -0.12469507 -0.12469507 -0.12469507 -0.12469507 -0.12469507
 -0.12469507 -0.12469507 -0.12469507 -0.12469507 -0.12469507 -0.12469507
  6.25800775 -0.12469507 -0.12469507 -0.12469507 -0.12469507 -0.12469507
 -0.12469507 -0.12469507 -0.12469507 -0.12469507 -0.12469507 -0.12469507
 -0.12469507 -0.12469507  7.04530653 -0.12469507 -0.12469507 -0.12469507
 -0.12469507 -0.12469507 -0.12469507 -0.12469507 -0.12469507 -0.12469507
  5.81316659 -0.12469507 -0.12469507 -0.12469507 -0.12469507  4.09878072
 -0.12469507 -0.12469507 -0.12469507 -0.12469507 -0.12469507 -0.12469507
 -0.12469507 -0.12469507 -0.12469507 -0.12469507 -0.12469507 -0.12469507
 -0.12469507 -0.12469507 -0.12469507 -0.12469507 -0.12469507 -0.12469507
 -0.12469507  0.06836685 -0.12469507 -0.12469507 -0.12469507 -0.12469507
 -0.12469507 -0.12469507 -0.12469507 -0.12469507 -0.12469507 -0.12469507
 -0.12469507 -0.12469507 -0.12469507 -0.12469507 -0.12469507 -0.12469507
 -0.12469507 -0.12469507 -0.12469507 -0.12469507 -0.12469507 -0.12469507
 -0.12469507 -0.12469507 -0.12469507 -0.12469507 -0.12469507 -0.12469507
 -0.12469507 -0.12469507 -0.12469507 -0.12469507 -0.12469507 -0.12469507
 -0.12469507 -0.12469507 -0.12469507 -0.12469507 -0.12469507 -0.12469507
 -0.12469507 -0.12469507 -0.12469507 -0.12469507 -0.12469507 -0.12469507
 -0.12469507 -0.12469507 -0.12469507 -0.12469507 -0.12469507 -0.12469507
 -0.12469507 -0.12469507 -0.12469507 -0.12469507 -0.12469507 -0.12469507
 -0.12469507 -0.12469507 -0.12469507 -0.12469507 -0.12469507 -0.12469507
 -0.12469507 -0.12469507 -0.12469507 -0.12469507 -0.12469507 -0.12469507
 -0.12469507 -0.12469507 -0.12469507 -0.12469507 -0.12469507 -0.12469507
 -0.12469507 -0.12469507 -0.12469507 -0.12469507 -0.12469507 -0.12469507
 -0.12469507 -0.12469507 -0.12469507 -0.12469507 -0.12469507 -0.12469507
 -0.12469507 -0.12469507 -0.12469507 -0.12469507 -0.12469507 -0.12469507
 -0.12469507 -0.12469507 -0.12469507 -0.12469507 -0.12469507 -0.12469507
 -0.12469507 -0.12469507 -0.12469507 -0.12469507 -0.12469507 -0.12469507
 -0.12469507 -0.12469507 -0.12469507 -0.12469507 -0.12469507 -0.12469507
 -0.12469507 -0.12469507 -0.12469507 -0.12469507 -0.12469507 -0.12469507
 -0.12469507 -0.12469507 -0.12469507 -0.12469507 -0.12469507 -0.12469507
 -0.12469507 -0.12469507 -0.12469507 -0.12469507 -0.12469507 -0.12469507
 -0.12469507 -0.12469507 -0.12469507 -0.12469507 -0.12469507 -0.12469507
 -0.12469507 -0.12469507 -0.12469507 -0.12469507 -0.12469507 -0.12469507
 -0.12469507 -0.12469507 -0.12469507 -0.12469507 -0.12469507 -0.12469507
 -0.12469507 -0.12469507 -0.12469507 -0.12469507 -0.12469507 -0.12469507
 -0.12469507 -0.12469507 -0.12469507 -0.12469507 -0.12469507 -0.12469507
 -0.12469507 -0.12469507 -0.12469507 -0.12469507 -0.12469507 -0.12469507
 -0.12469507 -0.12469507 -0.12469507 -0.12469507 -0.12469507 -0.12469507
 -0.12469507 -0.12469507 -0.12469507 -0.12469507 -0.12469507 -0.12469507
 -0.12469507 -0.12469507 -0.12469507 -0.12469507 -0.12469507 -0.12469507
 -0.12469507 -0.12469507 -0.12469507 -0.12469507 -0.12469507 -0.12469507
 -0.12469507 -0.12469507 -0.12469507 -0.12469507 -0.12469507 -0.12469507
 -0.12469507 -0.12469507 -0.12469507 -0.12469507 -0.12469507 -0.12469507
 -0.12469507 -0.12469507 -0.12469507 -0.12469507 -0.12469507 -0.12469507
 -0.12469507 -0.12469507 -0.12469507 -0.12469507 -0.12469507 -0.12469507
 -0.12469507 -0.12469507 -0.12469507 -0.12469507 -0.12469507 -0.12469507
 -0.12469507 -0.12469507 -0.12469507 -0.12469507 -0.12469507 -0.12469507
 -0.12469507 -0.12469507 10.38500433 -0.12469507 -0.12469507 -0.12469507
 14.70205721 -0.12469507 -0.12469507 -0.12469507 -0.12469507 -0.12469507
 -0.12469507 -0.12469507 -0.12469507 -0.12469507 -0.12469507 -0.12469507
 -0.12469507 -0.12469507 -0.12469507 -0.12469507 -0.12469507 -0.12469507
 -0.12469507  1.9421943  -0.12469507 -0.12469507 -0.12469507 -0.12469507
 -0.12469507 -0.12469507 -0.12469507 -0.12469507 -0.12469507 -0.12469507
 -0.12469507 -0.12469507 -0.12469507 -0.12469507 -0.12469507 -0.12469507
 -0.12469507 -0.12469507 -0.12469507 -0.12469507 -0.12469507 -0.12469507
 -0.12469507 -0.12469507 -0.12469507 -0.12469507 -0.12469507 -0.12469507
 -0.12469507 -0.12469507 -0.12469507 -0.12469507]",[-0.009864568546757463]
3,"[-0.20921705 -0.20921705 -0.20921705 -0.20921705 -0.20921705 -0.20921705
 -0.20921705 -0.20921705 -0.20921705 -0.20921705 -0.20921705 -0.20921705
 -0.20921705 -0.20921705 -0.20921705 -0.20921705 -0.20921705 -0.20921705
  1.64816658 -0.20921705 -0.20921705 -0.20921705 -0.20921705 -0.20921705
 -0.20921705 -0.20921705 -0.20921705 -0.20921705 -0.20921705 -0.20921705
 -0.20921705 -0.20921705 -0.20921705 -0.20921705 -0.20921705 -0.20921705
 -0.20921705 -0.20921705 -0.20921705 -0.20921705 -0.20921705 -0.20921705
 -0.20921705 -0.20921705 -0.20921705 -0.20921705 -0.20921705 -0.20921705
 -0.20921705 -0.20921705 -0.20921705 -0.20921705 -0.20921705 -0.20921705
 -0.20921705 -0.20921705 -0.20921705 -0.20921705 -0.20921705 -0.20921705
 -0.20921705 -0.20921705 -0.20921705 -0.20921705 -0.20921705 -0.20921705
 -0.20921705 -0.20921705 -0.20921705 -0.20921705 -0.20921705 -0.20921705
 -0.20921705 -0.20921705 -0.20921705 -0.20921705 -0.20921705 -0.20921705
 -0.20921705 -0.20921705 -0.20921705 -0.20921705 -0.20921705  5.94024129
 -0.20921705 -0.20921705 -0.20921705 -0.20921705 -0.20921705 -0.20921705
 -0.20921705 -0.20921705  2.75796808 -0.20921705 -0.20921705 -0.20921705
 -0.20921705 -0.20921705 -0.20921705 -0.20921705 -0.20921705 -0.20921705
 -0.20921705 -0.20921705 -0.20921705 -0.20921705 -0.20921705 -0.20921705
 -0.20921705 -0.20921705 -0.20921705 -0.20921705 -0.20921705 -0.20921705
 -0.20921705 -0.20921705 -0.20921705 -0.20921705 -0.20921705 -0.20921705
 -0.20921705 -0.20921705 -0.20921705 -0.20921705 -0.20921705 -0.20921705
 -0.20921705 -0.20921705 -0.20921705 -0.20921705 -0.20921705 -0.20921705
 -0.20921705 -0.20921705 -0.20921705 -0.20921705 -0.20921705 -0.20921705
 -0.20921705 -0.20921705 -0.20921705 -0.20921705 -0.20921705 -0.20921705
 -0.20921705 -0.20921705 -0.20921705 -0.20921705 -0.20921705 -0.20921705
 -0.20921705 -0.20921705 -0.20921705 -0.20921705 -0.20921705 -0.20921705
 -0.20921705 -0.20921705 -0.20921705 -0.20921705 -0.20921705 -0.20921705
 -0.20921705 -0.20921705 -0.20921705 -0.20921705 -0.20921705 -0.20921705
 -0.20921705 -0.20921705 -0.20921705 -0.20921705 -0.20921705 -0.20921705
 -0.20921705 -0.20921705 -0.20921705 -0.20921705  2.82517055 -0.20921705
 -0.20921705 -0.20921705 -0.20921705 -0.20921705 -0.20921705 -0.20921705
 -0.20921705 -0.20921705 -0.20921705 -0.20921705 -0.20921705 -0.20921705
 -0.20921705 -0.20921705 -0.20921705 -0.20921705 -0.20921705 -0.20921705
 -0.20921705 -0.20921705 -0.20921705 -0.20921705 -0.20921705 -0.20921705
 -0.20921705 -0.20921705 -0.20921705 -0.20921705 -0.20921705 -0.20921705
  1.99670623 -0.20921705 -0.20921705 -0.20921705 -0.20921705  5.91740362
 -0.20921705 -0.20921705 -0.20921705 -0.20921705 -0.20921705 -0.20921705
 -0.20921705 -0.20921705 -0.20921705 -0.20921705 -0.20921705 -0.20921705
 -0.20921705 -0.20921705 -0.20921705 -0.20921705 -0.20921705 -0.20921705
 -0.20921705  2.748397   -0.20921705  2.63651003  4.78962779 -0.20921705
  2.2207352  -0.20921705 -0.20921705 -0.20921705 -0.20921705 -0.20921705
 -0.20921705 -0.20921705 -0.20921705 -0.20921705 -0.20921705 -0.20921705
 -0.20921705 -0.20921705 -0.20921705  6.4088554  -0.20921705 -0.20921705
 -0.20921705 -0.20921705 -0.20921705  4.21786659 -0.20921705 -0.20921705
 -0.20921705 -0.20921705 -0.20921705  3.31633976 -0.20921705 -0.20921705
 -0.20921705 -0.20921705  6.10331175 -0.20921705  4.61189278 -0.20921705
 -0.20921705 -0.20921705 -0.20921705 -0.20921705 -0.20921705 -0.20921705
 -0.20921705  4.83717551 -0.20921705 -0.20921705 -0.20921705  6.99885912
  3.14487431 -0.20921705 -0.20921705 -0.20921705  1.63049091 -0.20921705
 -0.20921705 -0.20921705 -0.20921705 -0.20921705 -0.20921705 -0.20921705
 -0.20921705 -0.20921705 -0.20921705 -0.20921705 -0.20921705 -0.20921705
 -0.20921705 -0.20921705 -0.20921705 -0.20921705 -0.20921705  4.65362014
 -0.20921705  2.17437461 -0.20921705 -0.20921705 -0.20921705 -0.20921705
 -0.20921705 -0.20921705 -0.20921705 -0.20921705 -0.20921705 -0.20921705
 -0.20921705 -0.20921705 -0.20921705 -0.20921705 -0.20921705 -0.20921705
 -0.20921705 -0.20921705 -0.20921705 -0.20921705 -0.20921705 -0.20921705
 -0.20921705 -0.20921705 -0.20921705 -0.20921705 -0.20921705 -0.20921705
 -0.20921705 -0.20921705 -0.20921705 -0.20921705 -0.20921705 -0.20921705
 -0.20921705 -0.20921705 -0.20921705 -0.20921705 -0.20921705 -0.20921705
 -0.20921705 -0.20921705 -0.20921705 -0.20921705 -0.20921705 -0.20921705
 -0.20921705 -0.20921705 -0.20921705 -0.20921705 -0.20921705 -0.20921705
 -0.20921705 -0.20921705 -0.20921705 -0.20921705 -0.20921705 -0.20921705
 -0.20921705 -0.20921705 -0.20921705 -0.20921705 -0.20921705 -0.20921705
 -0.20921705 -0.20921705 -0.20921705 -0.20921705 -0.20921705 -0.20921705
 -0.20921705 -0.20921705 -0.20921705 -0.20921705 -0.20921705 -0.20921705
 -0.20921705 -0.20921705 -0.20921705 -0.20921705 -0.20921705 -0.20921705
 -0.20921705 -0.20921705 -0.20921705 -0.20921705 -0.20921705 -0.20921705
 -0.20921705 -0.20921705 -0.20921705 -0.20921705 -0.20921705 -0.20921705
 -0.20921705 -0.20921705 -0.20921705 -0.20921705 -0.20921705 -0.20921705
 -0.20921705 -0.20921705 -0.20921705 -0.20921705 -0.20921705 -0.20921705
 -0.20921705 -0.20921705 -0.20921705 -0.20921705 -0.20921705 -0.20921705
 -0.20921705 -0.20921705 -0.20921705 -0.20921705 -0.20921705 -0.20921705
 -0.20921705 -0.20921705 -0.20921705 -0.20921705 -0.20921705 -0.20921705
 -0.20921705 -0.20921705 -0.20921705 -0.20921705 -0.20921705 -0.20921705
 -0.20921705 -0.20921705 -0.20921705 -0.20921705 -0.20921705 -0.20921705
 -0.20921705 -0.20921705 -0.20921705 -0.20921705 -0.20921705 -0.20921705
 -0.20921705 -0.20921705 -0.20921705 -0.20921705 -0.20921705 -0.20921705
 -0.20921705 -0.20921705 -0.20921705 -0.20921705 -0.20921705 -0.20921705
  6.49896567 -0.20921705 -0.20921705 -0.20921705  5.51578929 -0.20921705
  5.79496269 -0.20921705 -0.20921705 -0.20921705 -0.20921705 -0.20921705
 -0.20921705 -0.20921705 -0.20921705 -0.20921705 -0.20921705 -0.20921705
 -0.20921705  4.1741351  -0.20921705 -0.20921705 -0.20921705 -0.20921705
 -0.20921705 -0.20921705 -0.20921705 -0.20921705 -0.20921705 -0.20921705
 -0.20921705 -0.20921705 -0.20921705 -0.20921705 -0.20921705 -0.20921705
 -0.20921705 -0.20921705 -0.20921705 -0.20921705 -0.20921705 -0.20921705
 -0.20921705 -0.20921705 -0.20921705 -0.20921705 -0.20921705 -0.20921705
 -0.20921705 -0.20921705 -0.20921705 -0.20921705]",[-0.0034597338513292775]
3,"[-0.11381275 -0.11381275 -0.11381275 -0.11381275 -0.11381275 -0.11381275
 -0.11381275 -0.11381275 -0.11381275 -0.11381275 -0.11381275 -0.11381275
 -0.11381275 -0.11381275 -0.11381275 -0.11381275 -0.11381275 -0.11381275
 -0.11381275 -0.11381275 -0.11381275 -0.11381275 -0.11381275 -0.11381275
 -0.11381275 -0.11381275 -0.11381275 -0.11381275 -0.11381275 -0.11381275
 -0.11381275 -0.11381275 -0.11381275 -0.11381275 -0.11381275 -0.11381275
 -0.11381275 -0.11381275 -0.11381275 -0.11381275 -0.11381275 -0.11381275
 -0.11381275 -0.11381275 -0.11381275 -0.11381275 -0.11381275 -0.11381275
 -0.11381275 -0.11381275 -0.11381275 -0.11381275 -0.11381275 -0.11381275
 -0.11381275 -0.11381275 -0.11381275 -0.11381275  4.9089568  -0.11381275
 -0.11381275 -0.11381275 -0.11381275 -0.11381275 -0.11381275 -0.11381275
 -0.11381275 -0.11381275 -0.11381275 -0.11381275 -0.11381275 -0.11381275
 -0.11381275 -0.11381275 -0.11381275 -0.11381275 -0.11381275 -0.11381275
 -0.11381275 -0.11381275 -0.11381275 -0.11381275 -0.11381275 13.09559536
 -0.11381275 -0.11381275 -0.11381275 -0.11381275 -0.11381275 -0.11381275
 -0.11381275 -0.11381275 -0.11381275 -0.11381275 -0.11381275 -0.11381275
 -0.11381275 -0.11381275 -0.11381275 -0.11381275 -0.11381275 -0.11381275
 -0.11381275 -0.11381275 -0.11381275 -0.11381275 -0.11381275 -0.11381275
 -0.11381275 -0.11381275  0.87073377 -0.11381275 -0.11381275 -0.11381275
 -0.11381275 -0.11381275 -0.11381275 -0.11381275 -0.11381275 -0.11381275
 -0.11381275 -0.11381275 -0.11381275 -0.11381275 -0.11381275 -0.11381275
 -0.11381275 -0.11381275 -0.11381275 -0.11381275 -0.11381275 -0.11381275
 -0.11381275 -0.11381275 -0.11381275 -0.11381275 -0.11381275 -0.11381275
 -0.11381275 -0.11381275 -0.11381275 -0.11381275 -0.11381275 -0.11381275
 -0.11381275 -0.11381275 -0.11381275 -0.11381275 -0.11381275 -0.11381275
 -0.11381275 -0.11381275 -0.11381275 -0.11381275 -0.11381275 -0.11381275
 -0.11381275 -0.11381275 -0.11381275 -0.11381275 -0.11381275 -0.11381275
 -0.11381275 -0.11381275 -0.11381275 -0.11381275 -0.11381275 -0.11381275
 -0.11381275 -0.11381275 -0.11381275 -0.11381275 -0.11381275 -0.11381275
 -0.11381275 -0.11381275 -0.11381275 -0.11381275 -0.11381275 -0.11381275
 -0.11381275 -0.11381275 -0.11381275 -0.11381275 -0.11381275 -0.11381275
 -0.11381275 -0.11381275 -0.11381275 -0.11381275 -0.11381275 -0.11381275
 -0.11381275 -0.11381275 -0.11381275 -0.11381275 -0.11381275 -0.11381275
 -0.11381275 -0.11381275  5.57292804 -0.11381275 -0.11381275 -0.11381275
 -0.11381275 -0.11381275 -0.11381275 -0.11381275 -0.11381275 -0.11381275
  4.5335142  -0.11381275 -0.11381275 -0.11381275 -0.11381275  1.72061282
 -0.11381275 -0.11381275 -0.11381275 -0.11381275 -0.11381275 -0.11381275
 -0.11381275 -0.11381275 -0.11381275 -0.11381275 -0.11381275 -0.11381275
 -0.11381275 -0.11381275 -0.11381275 -0.11381275 -0.11381275 -0.11381275
 -0.11381275  0.17637212 -0.11381275 -0.11381275 -0.11381275 -0.11381275
 -0.11381275 -0.11381275 -0.11381275 -0.11381275 -0.11381275 -0.11381275
 -0.11381275 -0.11381275 -0.11381275 -0.11381275 -0.11381275 -0.11381275
 -0.11381275 -0.11381275 -0.11381275 -0.11381275 -0.11381275 -0.11381275
 -0.11381275 -0.11381275 -0.11381275 -0.11381275 -0.11381275 -0.11381275
 -0.11381275 -0.11381275 -0.11381275 -0.11381275 -0.11381275 -0.11381275
 -0.11381275 -0.11381275 -0.11381275 -0.11381275 -0.11381275 -0.11381275
 -0.11381275 -0.11381275 -0.11381275 -0.11381275 -0.11381275 -0.11381275
 -0.11381275 -0.11381275 -0.11381275 -0.11381275 -0.11381275 -0.11381275
 -0.11381275 -0.11381275 -0.11381275 -0.11381275 -0.11381275 -0.11381275
 -0.11381275 -0.11381275 -0.11381275 -0.11381275 -0.11381275 -0.11381275
 -0.11381275 -0.11381275 -0.11381275 -0.11381275 -0.11381275 -0.11381275
  1.57372931 -0.11381275 -0.11381275 -0.11381275 -0.11381275 -0.11381275
 -0.11381275 -0.11381275 -0.11381275 -0.11381275 -0.11381275 -0.11381275
 -0.11381275 -0.11381275 -0.11381275 -0.11381275 -0.11381275 -0.11381275
 -0.11381275 -0.11381275 -0.11381275 -0.11381275 -0.11381275 -0.11381275
 -0.11381275 -0.11381275 -0.11381275 -0.11381275 -0.11381275 -0.11381275
 -0.11381275 -0.11381275 -0.11381275 -0.11381275 -0.11381275 -0.11381275
 -0.11381275 -0.11381275 -0.11381275 -0.11381275 -0.11381275 -0.11381275
 -0.11381275 -0.11381275 -0.11381275 -0.11381275 -0.11381275 -0.11381275
 -0.11381275 -0.11381275 -0.11381275 -0.11381275 -0.11381275 -0.11381275
 -0.11381275 -0.11381275 -0.11381275 -0.11381275 -0.11381275 -0.11381275
 -0.11381275 -0.11381275 -0.11381275 -0.11381275 -0.11381275 -0.11381275
 -0.11381275 -0.11381275 -0.11381275 -0.11381275 -0.11381275 -0.11381275
 -0.11381275 -0.11381275 -0.11381275 -0.11381275 -0.11381275 -0.11381275
 -0.11381275 -0.11381275 -0.11381275 -0.11381275 -0.11381275 -0.11381275
 -0.11381275 -0.11381275 -0.11381275 -0.11381275 -0.11381275 -0.11381275
 -0.11381275 -0.11381275 -0.11381275 -0.11381275 -0.11381275 -0.11381275
 -0.11381275 -0.11381275 -0.11381275 -0.11381275 -0.11381275 -0.11381275
 -0.11381275 -0.11381275 -0.11381275 -0.11381275 -0.11381275 -0.11381275
 -0.11381275 -0.11381275 -0.11381275 -0.11381275 -0.11381275 -0.11381275
 -0.11381275 -0.11381275 -0.11381275 -0.11381275 -0.11381275 -0.11381275
 -0.11381275 -0.11381275 -0.11381275 -0.11381275 -0.11381275 -0.11381275
 -0.11381275 -0.11381275 -0.11381275 -0.11381275 -0.11381275 -0.11381275
 -0.11381275 -0.11381275 -0.11381275 -0.11381275 -0.11381275 -0.11381275
 -0.11381275 -0.11381275 -0.11381275 -0.11381275 -0.11381275 -0.11381275
 -0.11381275 -0.11381275 -0.11381275 -0.11381275 -0.11381275 -0.11381275
 -0.11381275 -0.11381275 -0.11381275 -0.11381275 -0.11381275 -0.11381275
 -0.11381275 -0.11381275  2.84597213 -0.11381275 -0.11381275 -0.11381275
 14.79632496 -0.11381275 -0.11381275 -0.11381275 -0.11381275 -0.11381275
 -0.11381275 -0.11381275 -0.11381275 -0.11381275 -0.11381275 -0.11381275
 -0.11381275 -0.11381275 -0.11381275 -0.11381275 -0.11381275 -0.11381275
 -0.11381275 -0.11381275 -0.11381275 -0.11381275 -0.11381275  2.60726509
 -0.11381275 -0.11381275 -0.11381275 -0.11381275 -0.11381275  5.11487164
 -0.11381275 -0.11381275 -0.11381275 -0.11381275 -0.11381275 -0.11381275
 -0.11381275 -0.11381275 -0.11381275 -0.11381275 -0.11381275 -0.11381275
 -0.11381275 -0.11381275 -0.11381275 -0.11381275 -0.11381275 -0.11381275
 -0.11381275 -0.11381275 -0.11381275 -0.11381275]",[-0.04889449502979468]
3,"[-0.17923054 -0.17923054 -0.17923054 -0.17923054 -0.17923054 -0.17923054
 -0.17923054 -0.17923054 -0.17923054 -0.17923054 -0.17923054 -0.17923054
 -0.17923054 -0.17923054 -0.17923054 -0.17923054 -0.17923054 -0.17923054
 -0.17923054 -0.17923054 -0.17923054 -0.17923054 -0.17923054 -0.17923054
 -0.17923054 -0.17923054 -0.17923054 -0.17923054 -0.17923054 -0.17923054
 -0.17923054 -0.17923054 -0.17923054 -0.17923054 -0.17923054 -0.17923054
 -0.17923054 -0.17923054 -0.17923054 -0.17923054 -0.17923054 -0.17923054
 -0.17923054 -0.17923054 -0.17923054 -0.17923054 -0.17923054 -0.17923054
 -0.17923054 -0.17923054 -0.17923054 -0.17923054 -0.17923054 -0.17923054
 -0.17923054 -0.17923054 -0.17923054 -0.17923054 -0.17923054 -0.17923054
 -0.17923054 -0.17923054 -0.17923054 -0.17923054 -0.17923054 -0.17923054
 -0.17923054 -0.17923054 -0.17923054 -0.17923054 -0.17923054 -0.17923054
 -0.17923054 -0.17923054 -0.17923054 -0.17923054 -0.17923054 -0.17923054
 -0.17923054 -0.17923054 -0.17923054 -0.17923054 -0.17923054  8.80618368
 -0.17923054 -0.17923054 -0.17923054 -0.17923054 -0.17923054  5.73211769
 -0.17923054  6.86794341  3.27835103 -0.17923054 -0.17923054  4.03950475
 -0.17923054 -0.17923054 -0.17923054 -0.17923054 -0.17923054 -0.17923054
 -0.17923054 -0.17923054 -0.17923054 -0.17923054 -0.17923054 -0.17923054
 -0.17923054 -0.17923054  6.4274557  -0.17923054 -0.17923054 -0.17923054
 -0.17923054  5.01671012  6.81400198 -0.17923054 -0.17923054 -0.17923054
 -0.17923054 -0.17923054 -0.17923054 -0.17923054  3.62579626 -0.17923054
 -0.17923054 -0.17923054 -0.17923054 -0.17923054 -0.17923054 -0.17923054
 -0.17923054 -0.17923054 -0.17923054 -0.17923054 -0.17923054 -0.17923054
 -0.17923054 -0.17923054 -0.17923054 -0.17923054 -0.17923054 -0.17923054
 -0.17923054 -0.17923054 -0.17923054 -0.17923054 -0.17923054 -0.17923054
 -0.17923054 -0.17923054 -0.17923054 -0.17923054 -0.17923054 -0.17923054
 -0.17923054 -0.17923054 -0.17923054 -0.17923054 -0.17923054 -0.17923054
 -0.17923054 -0.17923054 -0.17923054 -0.17923054 -0.17923054 -0.17923054
 -0.17923054 -0.17923054 -0.17923054 -0.17923054 -0.17923054 -0.17923054
 -0.17923054 -0.17923054 -0.17923054 -0.17923054 -0.17923054 -0.17923054
 -0.17923054 -0.17923054 -0.17923054 -0.17923054 -0.17923054 -0.17923054
 -0.17923054 -0.17923054 -0.17923054 -0.17923054 -0.17923054 -0.17923054
 -0.17923054 -0.17923054 -0.17923054 -0.17923054 -0.17923054 -0.17923054
 -0.17923054 -0.17923054  3.67104681 -0.17923054 -0.17923054 -0.17923054
 -0.17923054 -0.17923054 -0.17923054 -0.17923054 -0.17923054 -0.17923054
 -0.17923054 -0.17923054 -0.17923054 -0.17923054 -0.17923054  0.40848648
 -0.17923054 -0.17923054 -0.17923054 -0.17923054 -0.17923054 -0.17923054
 -0.17923054 -0.17923054 -0.17923054 -0.17923054 -0.17923054 -0.17923054
 -0.17923054 -0.17923054 -0.17923054 -0.17923054 -0.17923054 -0.17923054
 -0.17923054 -0.11002634 -0.17923054 -0.17923054 -0.17923054 -0.17923054
 -0.17923054 -0.17923054 -0.17923054 -0.17923054 -0.17923054 -0.17923054
 -0.17923054 -0.17923054 -0.17923054 -0.17923054 -0.17923054 -0.17923054
 -0.17923054 -0.17923054 -0.17923054 -0.17923054 -0.17923054 -0.17923054
 -0.17923054 -0.17923054 -0.17923054 -0.17923054 -0.17923054 -0.17923054
 -0.17923054 -0.17923054 -0.17923054 -0.17923054 -0.17923054 -0.17923054
 -0.17923054 -0.17923054  0.1108794  -0.17923054 -0.17923054 -0.17923054
 -0.17923054 -0.17923054 -0.17923054 -0.17923054 -0.17923054 -0.17923054
 -0.17923054  1.35171322 -0.17923054 -0.17923054 -0.17923054 -0.17923054
 -0.17923054 -0.17923054 -0.17923054 -0.17923054 -0.17923054 -0.17923054
 -0.17923054 -0.17923054 -0.17923054 -0.17923054 -0.17923054  5.09136423
 -0.17923054 -0.17923054 -0.17923054 -0.17923054 -0.17923054 -0.17923054
  6.75871721  5.33819421 -0.17923054 -0.17923054 -0.17923054  1.30408037
 -0.17923054 -0.17923054 -0.17923054 -0.17923054 -0.17923054 -0.17923054
 -0.17923054 -0.17923054 -0.17923054 -0.17923054 -0.17923054 -0.17923054
 -0.17923054 -0.17923054 -0.17923054 -0.17923054 -0.17923054 -0.17923054
 -0.17923054 -0.17923054 -0.17923054 -0.17923054 -0.17923054 -0.17923054
 -0.17923054 -0.17923054 -0.17923054 -0.17923054 -0.17923054 -0.17923054
 -0.17923054 -0.17923054 -0.17923054 -0.17923054 -0.17923054 -0.17923054
 -0.17923054 -0.17923054 -0.17923054 -0.17923054 -0.17923054 -0.17923054
 -0.17923054 -0.17923054 -0.17923054 -0.17923054 -0.17923054 -0.17923054
 -0.17923054 -0.17923054 -0.17923054 -0.17923054 -0.17923054 -0.17923054
 -0.17923054 -0.17923054 -0.17923054 -0.17923054 -0.17923054 -0.17923054
 -0.17923054 -0.17923054 -0.17923054 -0.17923054 -0.17923054 -0.17923054
 -0.17923054 -0.17923054 -0.17923054 -0.17923054 -0.17923054 -0.17923054
 -0.17923054 -0.17923054 -0.17923054 -0.17923054 -0.17923054 -0.17923054
 -0.17923054 -0.17923054 -0.17923054 -0.17923054 -0.17923054 -0.17923054
 -0.17923054 -0.17923054 -0.17923054 -0.17923054 -0.17923054 -0.17923054
 -0.17923054 -0.17923054 -0.17923054 -0.17923054 -0.17923054 -0.17923054
 -0.17923054 -0.17923054 -0.17923054 -0.17923054 -0.17923054 -0.17923054
 -0.17923054 -0.17923054 -0.17923054 -0.17923054 -0.17923054 -0.17923054
 -0.17923054 -0.17923054 -0.17923054 -0.17923054 -0.17923054 -0.17923054
 -0.17923054 -0.17923054 -0.17923054 -0.17923054 -0.17923054 -0.17923054
 -0.17923054 -0.17923054 -0.17923054 -0.17923054 -0.17923054 -0.17923054
 -0.17923054 -0.17923054 -0.17923054 -0.17923054 -0.17923054 -0.17923054
  5.14431696 -0.17923054 -0.17923054 -0.17923054 -0.17923054 -0.17923054
 -0.17923054 -0.17923054 -0.17923054 -0.17923054 -0.17923054 -0.17923054
 -0.17923054 -0.17923054 -0.17923054 -0.17923054 -0.17923054 -0.17923054
 -0.17923054 -0.17923054  5.85291534 -0.17923054 -0.17923054 -0.17923054
  3.90628795 -0.17923054 -0.17923054 -0.17923054 -0.17923054 -0.17923054
 -0.17923054 -0.17923054 -0.17923054 -0.17923054 -0.17923054 -0.17923054
 -0.17923054 -0.17923054 -0.17923054 -0.17923054 -0.17923054 -0.17923054
 -0.17923054 -0.17923054 -0.17923054 -0.17923054 -0.17923054 -0.17923054
 -0.17923054 -0.17923054 -0.17923054 -0.17923054 -0.17923054 -0.17923054
 -0.17923054 -0.17923054 -0.17923054 -0.17923054 -0.17923054 -0.17923054
 -0.17923054 -0.17923054 -0.17923054 -0.17923054 -0.17923054 -0.17923054
 -0.17923054 -0.17923054 -0.17923054 -0.17923054 -0.17923054 -0.17923054
 -0.17923054 -0.17923054 -0.17923054 -0.17923054]",[0.005003118047172489]
3,"[-0.16412157 -0.16412157 -0.16412157 -0.16412157 -0.16412157 -0.16412157
 -0.16412157 -0.16412157 -0.16412157 -0.16412157 -0.16412157 -0.16412157
 -0.16412157 -0.16412157 -0.16412157 -0.16412157 -0.16412157 -0.16412157
  4.69428229 -0.16412157 -0.16412157 -0.16412157 -0.16412157 -0.16412157
 -0.16412157 -0.16412157 -0.16412157 -0.16412157 -0.16412157 -0.16412157
 -0.16412157 -0.16412157 -0.16412157 -0.16412157 -0.16412157 -0.16412157
 -0.16412157 -0.16412157 -0.16412157 -0.16412157 -0.16412157 -0.16412157
 -0.16412157 -0.16412157 -0.16412157 -0.16412157 -0.16412157 -0.16412157
 -0.16412157 -0.16412157 -0.16412157 -0.16412157 -0.16412157 -0.16412157
 -0.16412157 -0.16412157 -0.16412157 -0.16412157 -0.16412157 -0.16412157
 -0.16412157 -0.16412157 -0.16412157 -0.16412157 -0.16412157 -0.16412157
 -0.16412157 -0.16412157 -0.16412157 -0.16412157 -0.16412157 -0.16412157
 -0.16412157 -0.16412157 -0.16412157 -0.16412157 -0.16412157 -0.16412157
 -0.16412157 -0.16412157 -0.16412157 -0.16412157 -0.16412157  3.3507118
 -0.16412157 -0.16412157 -0.16412157 -0.16412157 -0.16412157 -0.16412157
 -0.16412157 -0.16412157 -0.16412157 -0.16412157 -0.16412157 -0.16412157
 -0.16412157 -0.16412157 -0.16412157 -0.16412157 -0.16412157 -0.16412157
 -0.16412157 -0.16412157 -0.16412157 -0.16412157 -0.16412157 -0.16412157
 -0.16412157 -0.16412157  3.0630756  -0.16412157 -0.16412157 -0.16412157
 -0.16412157 -0.16412157  0.82231991 -0.16412157 -0.16412157 -0.16412157
 -0.16412157 -0.16412157 -0.16412157 -0.16412157 -0.16412157 -0.16412157
 -0.16412157 -0.16412157 -0.16412157 -0.16412157 -0.16412157 -0.16412157
 -0.16412157 -0.16412157 -0.16412157 -0.16412157 -0.16412157 -0.16412157
 -0.16412157 -0.16412157 -0.16412157 -0.16412157 -0.16412157 -0.16412157
 -0.16412157 -0.16412157 -0.16412157 -0.16412157 -0.16412157 -0.16412157
 -0.16412157 -0.16412157 -0.16412157 -0.16412157 -0.16412157 -0.16412157
 -0.16412157 -0.16412157 -0.16412157 -0.16412157 -0.16412157 -0.16412157
 -0.16412157 -0.16412157 -0.16412157 -0.16412157 -0.16412157 -0.16412157
 -0.16412157 -0.16412157 -0.16412157 -0.16412157 -0.16412157  1.59954884
 -0.16412157 -0.16412157 -0.16412157 -0.16412157 -0.16412157 -0.16412157
 -0.16412157 -0.16412157 -0.16412157 -0.16412157 -0.16412157 -0.16412157
  5.55812714 -0.16412157 -0.16412157 -0.16412157 -0.16412157 -0.16412157
 -0.16412157 -0.16412157 -0.16412157 -0.16412157 -0.16412157 -0.16412157
 -0.16412157 -0.16412157  2.76332528 -0.16412157 -0.16412157 -0.16412157
 -0.16412157 -0.16412157 -0.16412157 -0.16412157 -0.16412157 -0.16412157
  4.72092153 -0.16412157 -0.16412157 -0.16412157 -0.16412157  6.27404521
 -0.16412157 -0.16412157 -0.16412157 -0.16412157 -0.16412157 -0.16412157
 -0.16412157 -0.16412157 -0.16412157 -0.16412157 -0.16412157 -0.16412157
 -0.16412157 -0.16412157 -0.16412157 -0.16412157 -0.16412157 -0.16412157
 -0.16412157  0.4368047  -0.16412157 -0.16412157 -0.16412157 -0.16412157
 -0.16412157 -0.16412157 -0.16412157 -0.16412157 -0.16412157 -0.16412157
 -0.16412157 -0.16412157 -0.16412157 -0.16412157 -0.16412157 -0.16412157
 -0.16412157 -0.16412157 -0.16412157 -0.16412157 -0.16412157 -0.16412157
 -0.16412157 -0.16412157 -0.16412157 -0.16412157 -0.16412157 -0.16412157
 -0.16412157 -0.16412157 -0.16412157 -0.16412157 -0.16412157 -0.16412157
 -0.16412157 -0.16412157 -0.16412157 -0.16412157 -0.16412157 -0.16412157
 -0.16412157 -0.16412157 -0.16412157 -0.16412157 -0.16412157 -0.16412157
 -0.16412157 -0.16412157 -0.16412157 -0.16412157 -0.16412157  1.91571814
 -0.16412157 -0.16412157 -0.16412157 -0.16412157 -0.16412157 -0.16412157
 -0.16412157 -0.16412157 -0.16412157 -0.16412157 -0.16412157 -0.16412157
 -0.16412157 -0.16412157 -0.16412157 -0.16412157 -0.16412157 -0.16412157
 -0.16412157 -0.16412157 -0.16412157 -0.16412157 -0.16412157  6.73190062
 -0.16412157 -0.16412157 -0.16412157 -0.16412157 -0.16412157 -0.16412157
 -0.16412157 -0.16412157 -0.16412157 -0.16412157 -0.16412157 -0.16412157
 -0.16412157 -0.16412157 -0.16412157 -0.16412157 -0.16412157 -0.16412157
 -0.16412157 -0.16412157 -0.16412157 -0.16412157 -0.16412157 -0.16412157
 -0.16412157 -0.16412157 -0.16412157 -0.16412157 -0.16412157 -0.16412157
 -0.16412157 -0.16412157 -0.16412157 -0.16412157 -0.16412157 -0.16412157
 -0.16412157 -0.16412157 -0.16412157 -0.16412157 -0.16412157 -0.16412157
 -0.16412157 -0.16412157 -0.16412157 -0.16412157 -0.16412157 -0.16412157
 -0.16412157 -0.16412157 -0.16412157 -0.16412157 -0.16412157 -0.16412157
 -0.16412157 -0.16412157 -0.16412157 -0.16412157 -0.16412157 -0.16412157
 -0.16412157 -0.16412157 -0.16412157 -0.16412157 -0.16412157 -0.16412157
 -0.16412157 -0.16412157 -0.16412157 -0.16412157 -0.16412157 -0.16412157
 -0.16412157 -0.16412157 -0.16412157 -0.16412157 -0.16412157 -0.16412157
 -0.16412157 -0.16412157 -0.16412157 -0.16412157 -0.16412157 -0.16412157
 -0.16412157 -0.16412157 -0.16412157 -0.16412157 -0.16412157 -0.16412157
 -0.16412157 -0.16412157 -0.16412157 -0.16412157 -0.16412157 -0.16412157
 -0.16412157 -0.16412157 -0.16412157 -0.16412157 -0.16412157 -0.16412157
 -0.16412157 -0.16412157 -0.16412157 -0.16412157 -0.16412157 -0.16412157
 -0.16412157 -0.16412157 -0.16412157 -0.16412157 -0.16412157 -0.16412157
 -0.16412157 -0.16412157 -0.16412157 -0.16412157 -0.16412157 -0.16412157
 -0.16412157 -0.16412157 -0.16412157 -0.16412157 -0.16412157 -0.16412157
 -0.16412157 -0.16412157 -0.16412157 -0.16412157 -0.16412157 -0.16412157
 -0.16412157 -0.16412157 -0.16412157 -0.16412157 -0.16412157 -0.16412157
 -0.16412157 -0.16412157 -0.16412157 -0.16412157 -0.16412157 -0.16412157
 -0.16412157 -0.16412157 -0.16412157 -0.16412157 -0.16412157 -0.16412157
 -0.16412157 -0.16412157  5.12460849 -0.16412157 -0.16412157 -0.16412157
 10.89326255 -0.16412157 -0.16412157 -0.16412157  8.80068815 -0.16412157
 -0.16412157 -0.16412157 -0.16412157  4.03173312 -0.16412157 -0.16412157
 -0.16412157 -0.16412157 -0.16412157 -0.16412157 -0.16412157 -0.16412157
 -0.16412157  8.14863021 -0.16412157 -0.16412157 -0.16412157  1.0133758
 -0.16412157 -0.16412157 -0.16412157 -0.16412157 -0.16412157 -0.16412157
 -0.16412157 -0.16412157 -0.16412157 -0.16412157 -0.16412157 -0.16412157
 -0.16412157  2.28182969 -0.16412157 -0.16412157 -0.16412157 -0.16412157
 -0.16412157 -0.16412157 -0.16412157 -0.16412157 -0.16412157 -0.16412157
 -0.16412157 -0.16412157 -0.16412157 -0.16412157]",[0.006460603294657585]
3,"[-0.18046847 -0.18046847 -0.18046847 -0.18046847 -0.18046847 -0.18046847
 -0.18046847 -0.18046847 -0.18046847 -0.18046847 -0.18046847 -0.18046847
 -0.18046847 -0.18046847 -0.18046847 -0.18046847 -0.18046847 -0.18046847
  1.54700554 -0.18046847 -0.18046847 -0.18046847 -0.18046847 -0.18046847
 -0.18046847 -0.18046847 -0.18046847 -0.18046847 -0.18046847 -0.18046847
 -0.18046847 -0.18046847 -0.18046847 -0.18046847 -0.18046847 -0.18046847
 -0.18046847 -0.18046847 -0.18046847 -0.18046847 -0.18046847 -0.18046847
 -0.18046847 -0.18046847 -0.18046847 -0.18046847 -0.18046847 -0.18046847
 -0.18046847 -0.18046847 -0.18046847 -0.18046847 -0.18046847 -0.18046847
 -0.18046847 -0.18046847 -0.18046847 -0.18046847 -0.18046847 -0.18046847
 -0.18046847 -0.18046847 -0.18046847 -0.18046847 -0.18046847 -0.18046847
 -0.18046847 -0.18046847 -0.18046847 -0.18046847 -0.18046847 -0.18046847
 -0.18046847 -0.18046847 -0.18046847 -0.18046847 -0.18046847 -0.18046847
 -0.18046847 -0.18046847 -0.18046847 -0.18046847 -0.18046847  9.85054894
 -0.18046847 -0.18046847 -0.18046847 -0.18046847  2.76443384 -0.18046847
 -0.18046847 -0.18046847  2.18127941 -0.18046847 -0.18046847 -0.18046847
 -0.18046847 -0.18046847 -0.18046847 -0.18046847 -0.18046847 -0.18046847
 -0.18046847 -0.18046847 -0.18046847 -0.18046847 -0.18046847 -0.18046847
 -0.18046847 -0.18046847 -0.18046847 -0.18046847 -0.18046847 -0.18046847
 -0.18046847 -0.18046847 -0.18046847 -0.18046847 -0.18046847 -0.18046847
 -0.18046847 -0.18046847 -0.18046847 -0.18046847  0.31711253 -0.18046847
 -0.18046847 -0.18046847 -0.18046847 -0.18046847 -0.18046847 -0.18046847
 -0.18046847 -0.18046847 -0.18046847 -0.18046847 -0.18046847 -0.18046847
 -0.18046847 -0.18046847 -0.18046847 -0.18046847 -0.18046847 -0.18046847
 -0.18046847 -0.18046847 -0.18046847 -0.18046847 -0.18046847 -0.18046847
 -0.18046847 -0.18046847 -0.18046847 -0.18046847 -0.18046847 -0.18046847
 -0.18046847 -0.18046847 -0.18046847 -0.18046847 -0.18046847 -0.18046847
 -0.18046847 -0.18046847 -0.18046847 -0.18046847 -0.18046847 -0.18046847
 -0.18046847 -0.18046847 -0.18046847 -0.18046847 -0.18046847  1.23036186
 -0.18046847 -0.18046847 -0.18046847 -0.18046847 -0.18046847 -0.18046847
 -0.18046847 -0.18046847 -0.18046847 -0.18046847 -0.18046847 -0.18046847
 -0.18046847 -0.18046847 -0.18046847 -0.18046847 -0.18046847 -0.18046847
 -0.18046847 -0.18046847 -0.18046847 -0.18046847 -0.18046847 -0.18046847
 -0.18046847 -0.18046847  2.36331586 -0.18046847 -0.18046847  0.19213131
 -0.18046847 -0.18046847 -0.18046847 -0.18046847 -0.18046847 -0.18046847
  4.33248995 -0.18046847 -0.18046847 -0.18046847 -0.18046847  7.06846152
 -0.18046847 -0.18046847 -0.18046847 -0.18046847 -0.18046847 -0.18046847
 -0.18046847 -0.18046847 -0.18046847 -0.18046847 -0.18046847 -0.18046847
 -0.18046847 -0.18046847 -0.18046847 -0.18046847 -0.18046847 -0.18046847
 -0.18046847  4.39872371 -0.18046847  4.07968467  2.51998122 -0.18046847
 -0.18046847 -0.18046847 -0.18046847 -0.18046847 -0.18046847 -0.18046847
 -0.18046847 -0.18046847 -0.18046847 -0.18046847 -0.18046847 -0.18046847
 -0.18046847 -0.18046847 -0.18046847 -0.18046847 -0.18046847 -0.18046847
 -0.18046847 -0.18046847 -0.18046847  4.75446034 -0.18046847 -0.18046847
 -0.18046847 -0.18046847 -0.18046847 -0.18046847 -0.18046847 -0.18046847
 -0.18046847 -0.18046847 -0.18046847 -0.18046847  6.2378984  -0.18046847
 -0.18046847 -0.18046847 -0.18046847 -0.18046847 -0.18046847 -0.18046847
 -0.18046847 -0.18046847 -0.18046847 -0.18046847 -0.18046847  1.74864518
 -0.18046847 -0.18046847 -0.18046847 -0.18046847 -0.18046847 -0.18046847
 -0.18046847 -0.18046847 -0.18046847 -0.18046847 -0.18046847 -0.18046847
 -0.18046847 -0.18046847 -0.18046847 -0.18046847 -0.18046847 -0.18046847
 -0.18046847 -0.18046847 -0.18046847 -0.18046847 -0.18046847  3.98255916
 -0.18046847 -0.18046847 -0.18046847 -0.18046847 -0.18046847 -0.18046847
 -0.18046847 -0.18046847 -0.18046847 -0.18046847 -0.18046847 -0.18046847
 -0.18046847 -0.18046847 -0.18046847 -0.18046847 -0.18046847 -0.18046847
 -0.18046847 -0.18046847 -0.18046847 -0.18046847 -0.18046847 -0.18046847
 -0.18046847 -0.18046847 -0.18046847 -0.18046847 -0.18046847 -0.18046847
 -0.18046847 -0.18046847 -0.18046847 -0.18046847 -0.18046847 -0.18046847
 -0.18046847 -0.18046847 -0.18046847 -0.18046847 -0.18046847 -0.18046847
 -0.18046847 -0.18046847 -0.18046847 -0.18046847 -0.18046847 -0.18046847
 -0.18046847 -0.18046847 -0.18046847 -0.18046847 -0.18046847 -0.18046847
 -0.18046847 -0.18046847 -0.18046847 -0.18046847 -0.18046847 -0.18046847
 -0.18046847 -0.18046847 -0.18046847 -0.18046847 -0.18046847 -0.18046847
 -0.18046847 -0.18046847 -0.18046847 -0.18046847 -0.18046847 -0.18046847
 -0.18046847 -0.18046847 -0.18046847 -0.18046847 -0.18046847 -0.18046847
 -0.18046847 -0.18046847 -0.18046847 -0.18046847 -0.18046847 -0.18046847
 -0.18046847 -0.18046847 -0.18046847 -0.18046847 -0.18046847 -0.18046847
 -0.18046847 -0.18046847 -0.18046847 -0.18046847 -0.18046847 -0.18046847
 -0.18046847 -0.18046847 -0.18046847 -0.18046847 -0.18046847 -0.18046847
 -0.18046847 -0.18046847 -0.18046847 -0.18046847 -0.18046847 -0.18046847
 -0.18046847 -0.18046847 -0.18046847 -0.18046847 -0.18046847 -0.18046847
 -0.18046847 -0.18046847 -0.18046847 -0.18046847 -0.18046847 -0.18046847
 -0.18046847 -0.18046847 -0.18046847 -0.18046847 -0.18046847 -0.18046847
 -0.18046847 -0.18046847 -0.18046847 -0.18046847 -0.18046847 -0.18046847
 -0.18046847 -0.18046847 -0.18046847 -0.18046847 -0.18046847 -0.18046847
 -0.18046847 -0.18046847 -0.18046847 -0.18046847 -0.18046847 -0.18046847
 -0.18046847 -0.18046847 -0.18046847 -0.18046847 -0.18046847 -0.18046847
 -0.18046847 -0.18046847  7.08566771 -0.18046847  6.842775   -0.18046847
  7.48146901 -0.18046847 -0.18046847 -0.18046847 -0.18046847 -0.18046847
 -0.18046847 -0.18046847 -0.18046847 -0.18046847 -0.18046847 -0.18046847
 -0.18046847 -0.18046847 -0.18046847 -0.18046847 -0.18046847  5.01696484
 -0.18046847  3.8773269  -0.18046847 -0.18046847 -0.18046847 -0.18046847
 -0.18046847 -0.18046847 -0.18046847 -0.18046847 -0.18046847 -0.18046847
 -0.18046847 -0.18046847 -0.18046847 -0.18046847 -0.18046847 -0.18046847
 -0.18046847 -0.18046847 -0.18046847 -0.18046847 -0.18046847 -0.18046847
 -0.18046847 -0.18046847 -0.18046847 -0.18046847 -0.18046847 -0.18046847
 -0.18046847 -0.18046847 -0.18046847 -0.18046847]",[0.021348066947160182]
3,"[-0.1199165  -0.1199165  -0.1199165  -0.1199165  -0.1199165  -0.1199165
 -0.1199165  -0.1199165  -0.1199165  -0.1199165  -0.1199165  -0.1199165
 -0.1199165  -0.1199165  -0.1199165  -0.1199165  -0.1199165  -0.1199165
 -0.1199165  -0.1199165  -0.1199165  -0.1199165  -0.1199165  -0.1199165
 -0.1199165  -0.1199165  -0.1199165   0.39408465 -0.1199165  -0.1199165
 -0.1199165  -0.1199165  -0.1199165  -0.1199165  -0.1199165  -0.1199165
 -0.1199165  -0.1199165  -0.1199165  -0.1199165  -0.1199165  -0.1199165
 -0.1199165  -0.1199165  -0.1199165  -0.1199165  -0.1199165  -0.1199165
 -0.1199165  -0.1199165  -0.1199165  -0.1199165  -0.1199165  -0.1199165
 -0.1199165  -0.1199165  -0.1199165  -0.1199165  -0.1199165  -0.1199165
 -0.1199165  -0.1199165  -0.1199165  -0.1199165  -0.1199165  -0.1199165
 -0.1199165  -0.1199165  -0.1199165  -0.1199165  -0.1199165  -0.1199165
 -0.1199165  -0.1199165  -0.1199165  -0.1199165  -0.1199165  -0.1199165
 -0.1199165  -0.1199165  -0.1199165  -0.1199165  -0.1199165  11.27907756
 -0.1199165  -0.1199165  -0.1199165  -0.1199165  -0.1199165  -0.1199165
 -0.1199165  -0.1199165   3.00896654 -0.1199165  -0.1199165  -0.1199165
 -0.1199165  -0.1199165  -0.1199165  -0.1199165  -0.1199165  -0.1199165
 -0.1199165  -0.1199165  -0.1199165  -0.1199165  -0.1199165  -0.1199165
 -0.1199165  -0.1199165   0.87629393 -0.1199165  -0.1199165  -0.1199165
 -0.1199165  -0.1199165  -0.1199165  -0.1199165  -0.1199165  -0.1199165
 -0.1199165  -0.1199165  -0.1199165  -0.1199165  -0.1199165  -0.1199165
 -0.1199165  -0.1199165  -0.1199165  -0.1199165  -0.1199165  -0.1199165
 -0.1199165  -0.1199165  -0.1199165  -0.1199165  -0.1199165  -0.1199165
 -0.1199165  -0.1199165  -0.1199165  -0.1199165  -0.1199165  -0.1199165
 -0.1199165  -0.1199165  -0.1199165  -0.1199165  -0.1199165  -0.1199165
 -0.1199165  -0.1199165  -0.1199165  -0.1199165  -0.1199165  -0.1199165
 -0.1199165  -0.1199165  -0.1199165  -0.1199165  -0.1199165  -0.1199165
 -0.1199165  -0.1199165  -0.1199165  -0.1199165  -0.1199165  -0.1199165
 -0.1199165  -0.1199165  -0.1199165  -0.1199165  -0.1199165  -0.1199165
 -0.1199165  -0.1199165  -0.1199165  -0.1199165  -0.1199165  -0.1199165
 -0.1199165  -0.1199165  -0.1199165  -0.1199165  -0.1199165  -0.1199165
  8.15989179 -0.1199165  -0.1199165  -0.1199165  -0.1199165  -0.1199165
 -0.1199165  -0.1199165  -0.1199165  -0.1199165  -0.1199165  -0.1199165
 -0.1199165  -0.1199165  -0.1199165  -0.1199165  -0.1199165   4.98821654
 -0.1199165  -0.1199165  -0.1199165  -0.1199165  -0.1199165  -0.1199165
  5.60415333 -0.1199165  -0.1199165  -0.1199165  -0.1199165   1.21715104
 -0.1199165  -0.1199165  -0.1199165  -0.1199165  -0.1199165  -0.1199165
 -0.1199165  -0.1199165  -0.1199165  -0.1199165  -0.1199165  -0.1199165
 -0.1199165  -0.1199165  -0.1199165  -0.1199165  -0.1199165  -0.1199165
 -0.1199165  -0.1199165  -0.1199165  -0.1199165   0.8327238  -0.1199165
 -0.1199165  -0.1199165  -0.1199165  -0.1199165  -0.1199165  -0.1199165
 -0.1199165  -0.1199165  -0.1199165  -0.1199165  -0.1199165  -0.1199165
 -0.1199165  -0.1199165  -0.1199165  -0.1199165  -0.1199165  -0.1199165
 -0.1199165  -0.1199165  -0.1199165   0.74070977 -0.1199165  -0.1199165
 -0.1199165  -0.1199165  -0.1199165  -0.1199165  -0.1199165  -0.1199165
 -0.1199165  -0.1199165  -0.1199165  -0.1199165  -0.1199165  -0.1199165
 -0.1199165  -0.1199165  -0.1199165  -0.1199165  -0.1199165  -0.1199165
 -0.1199165  -0.1199165  -0.1199165  -0.1199165  -0.1199165  -0.1199165
 -0.1199165  -0.1199165  -0.1199165  -0.1199165  -0.1199165  -0.1199165
 -0.1199165  -0.1199165  -0.1199165  -0.1199165  -0.1199165  -0.1199165
 -0.1199165  -0.1199165  -0.1199165  -0.1199165  -0.1199165  -0.1199165
 -0.1199165  -0.1199165  -0.1199165  -0.1199165  -0.1199165  -0.1199165
 -0.1199165  -0.1199165  -0.1199165  -0.1199165  -0.1199165  -0.1199165
 -0.1199165  -0.1199165  -0.1199165  -0.1199165  -0.1199165  -0.1199165
 -0.1199165  -0.1199165  -0.1199165  -0.1199165  -0.1199165  -0.1199165
 -0.1199165  -0.1199165  -0.1199165  -0.1199165  -0.1199165  -0.1199165
 -0.1199165  -0.1199165  -0.1199165  -0.1199165  -0.1199165  -0.1199165
 -0.1199165  -0.1199165  -0.1199165  -0.1199165  -0.1199165  -0.1199165
 -0.1199165  -0.1199165  -0.1199165  -0.1199165  -0.1199165  -0.1199165
 -0.1199165  -0.1199165  -0.1199165  -0.1199165  -0.1199165  -0.1199165
 -0.1199165  -0.1199165  -0.1199165  -0.1199165  -0.1199165  -0.1199165
 -0.1199165  -0.1199165  -0.1199165  -0.1199165  -0.1199165  -0.1199165
 -0.1199165  -0.1199165  -0.1199165  -0.1199165  -0.1199165  -0.1199165
 -0.1199165  -0.1199165  -0.1199165  -0.1199165  -0.1199165  -0.1199165
 -0.1199165  -0.1199165  -0.1199165  -0.1199165  -0.1199165  -0.1199165
 -0.1199165  -0.1199165  -0.1199165  -0.1199165  -0.1199165  -0.1199165
 -0.1199165  -0.1199165  -0.1199165  -0.1199165  -0.1199165  -0.1199165
 -0.1199165  -0.1199165  -0.1199165  -0.1199165  -0.1199165  -0.1199165
 -0.1199165  -0.1199165  -0.1199165  -0.1199165  -0.1199165  -0.1199165
 -0.1199165  -0.1199165  -0.1199165  -0.1199165  -0.1199165  -0.1199165
 -0.1199165  -0.1199165  -0.1199165  -0.1199165  -0.1199165  -0.1199165
 -0.1199165  -0.1199165  -0.1199165  -0.1199165  -0.1199165  -0.1199165
 -0.1199165  -0.1199165  -0.1199165  -0.1199165  -0.1199165  -0.1199165
 -0.1199165  -0.1199165  -0.1199165  -0.1199165  -0.1199165  -0.1199165
 -0.1199165  -0.1199165  -0.1199165  -0.1199165  -0.1199165  -0.1199165
 -0.1199165  -0.1199165  -0.1199165  -0.1199165  -0.1199165  -0.1199165
 -0.1199165  -0.1199165  -0.1199165  -0.1199165  -0.1199165  -0.1199165
 -0.1199165  -0.1199165   2.60820424 -0.1199165  -0.1199165  -0.1199165
 13.765881   -0.1199165  -0.1199165  -0.1199165  -0.1199165  -0.1199165
 -0.1199165  -0.1199165  -0.1199165  -0.1199165  -0.1199165  -0.1199165
 -0.1199165  -0.1199165  -0.1199165  -0.1199165  -0.1199165  -0.1199165
 -0.1199165   7.32231342 -0.1199165  -0.1199165  -0.1199165  -0.1199165
 -0.1199165  -0.1199165  -0.1199165  -0.1199165  -0.1199165  -0.1199165
 -0.1199165  -0.1199165  -0.1199165  -0.1199165  -0.1199165  -0.1199165
 -0.1199165  -0.1199165  -0.1199165  -0.1199165  -0.1199165  -0.1199165
 -0.1199165  -0.1199165  -0.1199165  -0.1199165  -0.1199165  -0.1199165
 -0.1199165  -0.1199165  -0.1199165  -0.1199165 ]",[-0.0076556052381885065]
3,"[-0.15015333 -0.15015333 -0.15015333 -0.15015333 -0.15015333 -0.15015333
 -0.15015333 -0.15015333 -0.15015333 -0.15015333 -0.15015333 -0.15015333
 -0.15015333 -0.15015333 -0.15015333 -0.15015333 -0.15015333 -0.15015333
  5.182816   -0.15015333 -0.15015333 -0.15015333 -0.15015333 -0.15015333
 -0.15015333 -0.15015333 -0.15015333 -0.15015333 -0.15015333 -0.15015333
 -0.15015333 -0.15015333 -0.15015333 -0.15015333 -0.15015333 -0.15015333
 -0.15015333 -0.15015333 -0.15015333 -0.15015333 -0.15015333 -0.15015333
 -0.15015333 -0.15015333 -0.15015333 -0.15015333 -0.15015333 -0.15015333
 -0.15015333 -0.15015333 -0.15015333 -0.15015333 -0.15015333 -0.15015333
 -0.15015333 -0.15015333 -0.15015333 -0.15015333  4.28577763 -0.15015333
 -0.15015333 -0.15015333 -0.15015333 -0.15015333 -0.15015333 -0.15015333
 -0.15015333 -0.15015333 -0.15015333 -0.15015333 -0.15015333 -0.15015333
 -0.15015333 -0.15015333 -0.15015333 -0.15015333 -0.15015333 -0.15015333
 -0.15015333 -0.15015333 -0.15015333 -0.15015333 -0.15015333  2.42649823
 -0.15015333 -0.15015333 -0.15015333 -0.15015333 -0.15015333 -0.15015333
 -0.15015333 -0.15015333 -0.15015333 -0.15015333 -0.15015333 -0.15015333
 -0.15015333 -0.15015333 -0.15015333 -0.15015333 -0.15015333 -0.15015333
 -0.15015333 -0.15015333 -0.15015333 -0.15015333 -0.15015333 -0.15015333
 -0.15015333 -0.15015333  0.57874232 -0.15015333 -0.15015333 -0.15015333
 -0.15015333 -0.15015333 -0.15015333 -0.15015333 -0.15015333 -0.15015333
 -0.15015333 -0.15015333 -0.15015333 -0.15015333  8.52442079 -0.15015333
 -0.15015333 -0.15015333 -0.15015333 -0.15015333 -0.15015333 -0.15015333
 -0.15015333 -0.15015333 -0.15015333 -0.15015333 -0.15015333 -0.15015333
 -0.15015333 -0.15015333 -0.15015333 -0.15015333 -0.15015333 -0.15015333
 -0.15015333 -0.15015333 -0.15015333 -0.15015333 -0.15015333 -0.15015333
 -0.15015333 -0.15015333 -0.15015333 -0.15015333 -0.15015333 -0.15015333
 -0.15015333 -0.15015333 -0.15015333 -0.15015333 -0.15015333 -0.15015333
 -0.15015333 -0.15015333 -0.15015333 -0.15015333 -0.15015333 -0.15015333
 -0.15015333 -0.15015333 -0.15015333 -0.15015333 -0.15015333 -0.15015333
 -0.15015333 -0.15015333 -0.15015333 -0.15015333 -0.15015333 -0.15015333
 -0.15015333 -0.15015333 -0.15015333 -0.15015333 -0.15015333 -0.15015333
  3.10212428 -0.15015333 -0.15015333 -0.15015333 -0.15015333 -0.15015333
 -0.15015333 -0.15015333 -0.15015333 -0.15015333 -0.15015333 -0.15015333
 -0.15015333 -0.15015333  5.86327154 -0.15015333 -0.15015333 -0.15015333
 -0.15015333 -0.15015333 -0.15015333 -0.15015333 -0.15015333 -0.15015333
  4.90806122 -0.15015333 -0.15015333 -0.15015333 -0.15015333  6.75668012
 -0.15015333 -0.15015333 -0.15015333 -0.15015333 -0.15015333 -0.15015333
 -0.15015333 -0.15015333 -0.15015333 -0.15015333 -0.15015333 -0.15015333
 -0.15015333 -0.15015333 -0.15015333 -0.15015333 -0.15015333 -0.15015333
 -0.15015333  1.67341086 -0.15015333 -0.15015333 -0.15015333 -0.15015333
 -0.15015333 -0.15015333 -0.15015333 -0.15015333 -0.15015333 -0.15015333
 -0.15015333 -0.15015333 -0.15015333 -0.15015333 -0.15015333 -0.15015333
 -0.15015333 -0.15015333 -0.15015333 -0.15015333 -0.15015333 -0.15015333
 -0.15015333 -0.15015333 -0.15015333  4.84680159 -0.15015333 -0.15015333
 -0.15015333 -0.15015333 -0.15015333 -0.15015333 -0.15015333 -0.15015333
 -0.15015333 -0.15015333 -0.15015333 -0.15015333 -0.15015333 -0.15015333
 -0.15015333 -0.15015333 -0.15015333 -0.15015333 -0.15015333 -0.15015333
 -0.15015333 -0.15015333 -0.15015333 -0.15015333 -0.15015333 -0.15015333
 -0.15015333 -0.15015333 -0.15015333 -0.15015333 -0.15015333 -0.15015333
 -0.15015333 -0.15015333 -0.15015333 -0.15015333 -0.15015333 -0.15015333
 -0.15015333 -0.15015333 -0.15015333 -0.15015333 -0.15015333 -0.15015333
 -0.15015333 -0.15015333 -0.15015333 -0.15015333 -0.15015333  0.81603257
 -0.15015333 -0.15015333 -0.15015333 -0.15015333 -0.15015333 -0.15015333
 -0.15015333 -0.15015333 -0.15015333 -0.15015333 -0.15015333 -0.15015333
 -0.15015333 -0.15015333 -0.15015333 -0.15015333 -0.15015333 -0.15015333
 -0.15015333 -0.15015333 -0.15015333 -0.15015333 -0.15015333 -0.15015333
 -0.15015333 -0.15015333 -0.15015333 -0.15015333 -0.15015333 -0.15015333
 -0.15015333 -0.15015333 -0.15015333 -0.15015333 -0.15015333 -0.15015333
 -0.15015333 -0.15015333 -0.15015333 -0.15015333 -0.15015333 -0.15015333
 -0.15015333 -0.15015333 -0.15015333 -0.15015333 -0.15015333 -0.15015333
 -0.15015333 -0.15015333 -0.15015333 -0.15015333 -0.15015333 -0.15015333
 -0.15015333 -0.15015333 -0.15015333 -0.15015333 -0.15015333 -0.15015333
 -0.15015333 -0.15015333 -0.15015333 -0.15015333 -0.15015333 -0.15015333
 -0.15015333 -0.15015333 -0.15015333 -0.15015333 -0.15015333 -0.15015333
 -0.15015333 -0.15015333 -0.15015333 -0.15015333 -0.15015333 -0.15015333
 -0.15015333 -0.15015333 -0.15015333 -0.15015333 -0.15015333 -0.15015333
 -0.15015333 -0.15015333 -0.15015333 -0.15015333 -0.15015333 -0.15015333
 -0.15015333 -0.15015333 -0.15015333 -0.15015333 -0.15015333 -0.15015333
 -0.15015333 -0.15015333 -0.15015333 -0.15015333 -0.15015333 -0.15015333
 -0.15015333 -0.15015333 -0.15015333 -0.15015333 -0.15015333 -0.15015333
 -0.15015333 -0.15015333 -0.15015333 -0.15015333 -0.15015333 -0.15015333
 -0.15015333 -0.15015333 -0.15015333 -0.15015333 -0.15015333 -0.15015333
 -0.15015333 -0.15015333 -0.15015333 -0.15015333 -0.15015333 -0.15015333
 -0.15015333 -0.15015333 -0.15015333 -0.15015333 -0.15015333 -0.15015333
 -0.15015333 -0.15015333 -0.15015333 -0.15015333 -0.15015333 -0.15015333
 -0.15015333 -0.15015333 -0.15015333 -0.15015333 -0.15015333 -0.15015333
 -0.15015333 -0.15015333 -0.15015333 -0.15015333 -0.15015333 -0.15015333
 -0.15015333 -0.15015333  9.12256025 -0.15015333 -0.15015333 -0.15015333
 10.13828568 -0.15015333 -0.15015333 -0.15015333 -0.15015333 -0.15015333
 -0.15015333 -0.15015333 -0.15015333 -0.15015333 -0.15015333 -0.15015333
 -0.15015333 -0.15015333 -0.15015333 -0.15015333 -0.15015333 -0.15015333
 -0.15015333  7.60194977 -0.15015333 -0.15015333 -0.15015333 -0.15015333
 -0.15015333 -0.15015333 -0.15015333 -0.15015333 -0.15015333 -0.15015333
 -0.15015333 -0.15015333 -0.15015333 -0.15015333 -0.15015333 -0.15015333
 -0.15015333 -0.15015333 -0.15015333 -0.15015333 -0.15015333 -0.15015333
 -0.15015333 -0.15015333 -0.15015333 -0.15015333 -0.15015333 -0.15015333
 -0.15015333 -0.15015333 -0.15015333 -0.15015333]",[0.008732522063832626]
3,"[-0.19964319 -0.19964319 -0.19964319 -0.19964319 -0.19964319 -0.19964319
 -0.19964319 -0.19964319 -0.19964319 -0.19964319 -0.19964319 -0.19964319
 -0.19964319 -0.19964319 -0.19964319 -0.19964319 -0.19964319 -0.19964319
  1.56091258 -0.19964319 -0.19964319 -0.19964319 -0.19964319 -0.19964319
 -0.19964319 -0.19964319 -0.19964319  0.64888116 -0.19964319 -0.19964319
 -0.19964319 -0.19964319 -0.19964319 -0.19964319 -0.19964319 -0.19964319
 -0.19964319 -0.19964319 -0.19964319 -0.19964319 -0.19964319 -0.19964319
 -0.19964319 -0.19964319 -0.19964319 -0.19964319 -0.19964319 -0.19964319
 -0.19964319 -0.19964319 -0.19964319 -0.19964319 -0.19964319 -0.19964319
 -0.19964319 -0.19964319 -0.19964319 -0.19964319 -0.19964319 -0.19964319
 -0.19964319 -0.19964319 -0.19964319 -0.19964319 -0.19964319 -0.19964319
 -0.19964319 -0.19964319 -0.19964319 -0.19964319 -0.19964319 -0.19964319
 -0.19964319 -0.19964319 -0.19964319 -0.19964319 -0.19964319 -0.19964319
 -0.19964319 -0.19964319 -0.19964319 -0.19964319  4.3704246   6.74224158
 -0.19964319 -0.19964319 -0.19964319 -0.19964319  1.2663385  -0.19964319
 -0.19964319 -0.19964319  2.19484115 -0.19964319 -0.19964319 -0.19964319
 -0.19964319 -0.19964319 -0.19964319 -0.19964319 -0.19964319 -0.19964319
 -0.19964319 -0.19964319 -0.19964319 -0.19964319 -0.19964319 -0.19964319
 -0.19964319 -0.19964319  0.80104499 -0.19964319 -0.19964319 -0.19964319
 -0.19964319 -0.19964319  7.57646836 -0.19964319 -0.19964319 -0.19964319
 -0.19964319 -0.19964319 -0.19964319 -0.19964319 -0.19964319 -0.19964319
 -0.19964319 -0.19964319 -0.19964319 -0.19964319 -0.19964319 -0.19964319
 -0.19964319 -0.19964319 -0.19964319 -0.19964319 -0.19964319 -0.19964319
 -0.19964319 -0.19964319 -0.19964319 -0.19964319 -0.19964319 -0.19964319
 -0.19964319 -0.19964319 -0.19964319 -0.19964319 -0.19964319 -0.19964319
 -0.19964319 -0.19964319 -0.19964319 -0.19964319 -0.19964319 -0.19964319
 -0.19964319 -0.19964319 -0.19964319 -0.19964319 -0.19964319 -0.19964319
 -0.19964319 -0.19964319 -0.19964319 -0.19964319 -0.19964319 -0.19964319
 -0.19964319 -0.19964319 -0.19964319 -0.19964319 -0.19964319 -0.19964319
 -0.19964319 -0.19964319 -0.19964319 -0.19964319 -0.19964319 -0.19964319
 -0.19964319 -0.19964319 -0.19964319 -0.19964319 -0.19964319 -0.19964319
  2.96426503 -0.19964319 -0.19964319 -0.19964319 -0.19964319 -0.19964319
 -0.19964319 -0.19964319  3.33593988 -0.19964319 -0.19964319 -0.19964319
 -0.19964319 -0.19964319  3.02757887 -0.19964319 -0.19964319 -0.19964319
 -0.19964319 -0.19964319 -0.19964319 -0.19964319 -0.19964319 -0.19964319
  4.46488456 -0.19964319 -0.19964319 -0.19964319 -0.19964319  6.12758155
 -0.19964319 -0.19964319 -0.19964319 -0.19964319 -0.19964319 -0.19964319
 -0.19964319 -0.19964319 -0.19964319 -0.19964319 -0.19964319 -0.19964319
  1.2196172  -0.19964319 -0.19964319 -0.19964319 -0.19964319 -0.19964319
 -0.19964319  2.73546773 -0.19964319 -0.19964319 -0.19964319 -0.19964319
  4.36859481 -0.19964319 -0.19964319 -0.19964319 -0.19964319 -0.19964319
 -0.19964319  3.61656934 -0.19964319 -0.19964319 -0.19964319 -0.19964319
 -0.19964319 -0.19964319 -0.19964319 -0.19964319 -0.19964319 -0.19964319
 -0.19964319 -0.19964319 -0.19964319  1.35315326 -0.19964319 -0.19964319
 -0.19964319 -0.19964319 -0.19964319 -0.19964319 -0.19964319 -0.19964319
 -0.19964319 -0.19964319 -0.19964319 -0.19964319 -0.19964319 -0.19964319
 -0.19964319 -0.19964319 -0.19964319 -0.19964319 -0.19964319 -0.19964319
 -0.19964319 -0.19964319 -0.19964319 -0.19964319 -0.19964319 -0.19964319
 -0.19964319 -0.19964319 -0.19964319 -0.19964319 -0.19964319 -0.19964319
 -0.19964319 -0.19964319 -0.19964319 -0.19964319 -0.19964319 -0.19964319
 -0.19964319 -0.19964319 -0.19964319 -0.19964319 -0.19964319 -0.19964319
  2.57350767 -0.19964319 -0.19964319 -0.19964319 -0.19964319  4.51619782
 -0.19964319 -0.19964319 -0.19964319 -0.19964319 -0.19964319 -0.19964319
 -0.19964319 -0.19964319 -0.19964319 -0.19964319 -0.19964319 -0.19964319
 -0.19964319 -0.19964319 -0.19964319 -0.19964319 -0.19964319 -0.19964319
 -0.19964319 -0.19964319 -0.19964319 -0.19964319 -0.19964319 -0.19964319
 -0.19964319 -0.19964319 -0.19964319 -0.19964319 -0.19964319 -0.19964319
 -0.19964319 -0.19964319 -0.19964319 -0.19964319 -0.19964319 -0.19964319
 -0.19964319 -0.19964319 -0.19964319 -0.19964319 -0.19964319 -0.19964319
 -0.19964319 -0.19964319 -0.19964319 -0.19964319 -0.19964319 -0.19964319
 -0.19964319 -0.19964319 -0.19964319 -0.19964319 -0.19964319 -0.19964319
 -0.19964319 -0.19964319 -0.19964319 -0.19964319 -0.19964319 -0.19964319
 -0.19964319 -0.19964319 -0.19964319 -0.19964319 -0.19964319 -0.19964319
 -0.19964319 -0.19964319 -0.19964319 -0.19964319 -0.19964319 -0.19964319
 -0.19964319 -0.19964319 -0.19964319 -0.19964319 -0.19964319 -0.19964319
 -0.19964319 -0.19964319 -0.19964319 -0.19964319 -0.19964319 -0.19964319
 -0.19964319 -0.19964319 -0.19964319 -0.19964319 -0.19964319 -0.19964319
 -0.19964319 -0.19964319 -0.19964319 -0.19964319 -0.19964319 -0.19964319
 -0.19964319 -0.19964319 -0.19964319 -0.19964319 -0.19964319 -0.19964319
 -0.19964319 -0.19964319 -0.19964319 -0.19964319 -0.19964319 -0.19964319
 -0.19964319 -0.19964319 -0.19964319 -0.19964319 -0.19964319 -0.19964319
 -0.19964319 -0.19964319 -0.19964319 -0.19964319 -0.19964319 -0.19964319
 -0.19964319 -0.19964319 -0.19964319 -0.19964319 -0.19964319 -0.19964319
 -0.19964319 -0.19964319 -0.19964319 -0.19964319 -0.19964319 -0.19964319
  4.69651319 -0.19964319 -0.19964319 -0.19964319 -0.19964319 -0.19964319
  1.56091258 -0.19964319 -0.19964319 -0.19964319 -0.19964319 -0.19964319
 -0.19964319 -0.19964319 -0.19964319 -0.19964319 -0.19964319 -0.19964319
 -0.19964319 -0.19964319  5.71529403 -0.19964319 -0.19964319 -0.19964319
  8.49498333 -0.19964319 -0.19964319 -0.19964319 -0.19964319 -0.19964319
  7.35078468 -0.19964319 -0.19964319 -0.19964319 -0.19964319 -0.19964319
 -0.19964319 -0.19964319 -0.19964319 -0.19964319 -0.19964319 -0.19964319
 -0.19964319  5.34073804 -0.19964319 -0.19964319 -0.19964319 -0.19964319
 -0.19964319 -0.19964319 -0.19964319 -0.19964319 -0.19964319 -0.19964319
 -0.19964319 -0.19964319 -0.19964319 -0.19964319 -0.19964319 -0.19964319
 -0.19964319 -0.19964319 -0.19964319 -0.19964319 -0.19964319 -0.19964319
 -0.19964319 -0.19964319 -0.19964319 -0.19964319 -0.19964319 -0.19964319
 -0.19964319 -0.19964319 -0.19964319 -0.19964319]",[0.09134158558306502]
3,"[-0.17662424 -0.17662424 -0.17662424 -0.17662424 -0.17662424 -0.17662424
 -0.17662424 -0.17662424 -0.17662424 -0.17662424 -0.17662424 -0.17662424
 -0.17662424 -0.17662424 -0.17662424 -0.17662424 -0.17662424 -0.17662424
  2.3371127  -0.17662424 -0.17662424 -0.17662424 -0.17662424 -0.17662424
 -0.17662424 -0.17662424 -0.17662424 -0.17662424 -0.17662424 -0.17662424
 -0.17662424 -0.17662424 -0.17662424  2.08340061 -0.17662424 -0.17662424
 -0.17662424 -0.17662424 -0.17662424 -0.17662424 -0.17662424 -0.17662424
 -0.17662424 -0.17662424 -0.17662424 -0.17662424 -0.17662424 -0.17662424
 -0.17662424 -0.17662424 -0.17662424 -0.17662424 -0.17662424 -0.17662424
 -0.17662424 -0.17662424 -0.17662424 -0.17662424  1.55221704 -0.17662424
 -0.17662424 -0.17662424 -0.17662424 -0.17662424 -0.17662424 -0.17662424
 -0.17662424 -0.17662424 -0.17662424 -0.17662424 -0.17662424 -0.17662424
 -0.17662424 -0.17662424 -0.17662424 -0.17662424 -0.17662424 -0.17662424
 -0.17662424 -0.17662424 -0.17662424 -0.17662424 -0.17662424 10.56516492
 -0.17662424 -0.17662424 -0.17662424 -0.17662424 -0.17662424 -0.17662424
 -0.17662424 -0.17662424 -0.17662424 -0.17662424 -0.17662424 -0.17662424
 -0.17662424 -0.17662424 -0.17662424 -0.17662424 -0.17662424 -0.17662424
 -0.17662424 -0.17662424 -0.17662424 -0.17662424 -0.17662424 -0.17662424
 -0.17662424 -0.17662424  8.3108171  -0.17662424 -0.17662424 -0.17662424
 -0.17662424 -0.17662424  8.183397   -0.17662424 -0.17662424 -0.17662424
 -0.17662424 -0.17662424 -0.17662424 -0.17662424  1.70361653 -0.17662424
 -0.17662424 -0.17662424 -0.17662424 -0.17662424 -0.17662424 -0.17662424
 -0.17662424 -0.17662424 -0.17662424 -0.17662424 -0.17662424 -0.17662424
 -0.17662424 -0.17662424 -0.17662424 -0.17662424 -0.17662424 -0.17662424
 -0.17662424 -0.17662424 -0.17662424 -0.17662424 -0.17662424 -0.17662424
 -0.17662424 -0.17662424 -0.17662424 -0.17662424 -0.17662424 -0.17662424
 -0.17662424 -0.17662424 -0.17662424 -0.17662424 -0.17662424 -0.17662424
 -0.17662424 -0.17662424 -0.17662424 -0.17662424 -0.17662424 -0.17662424
 -0.17662424 -0.17662424 -0.17662424 -0.17662424 -0.17662424 -0.17662424
 -0.17662424 -0.17662424 -0.17662424 -0.17662424 -0.17662424 -0.17662424
 -0.17662424 -0.17662424 -0.17662424 -0.17662424 -0.17662424 -0.17662424
 -0.17662424 -0.17662424 -0.17662424 -0.17662424 -0.17662424 -0.17662424
 -0.17662424 -0.17662424 -0.17662424 -0.17662424 -0.17662424 -0.17662424
 -0.17662424 -0.17662424  3.03916251 -0.17662424 -0.17662424  4.23598235
 -0.17662424 -0.17662424 -0.17662424 -0.17662424 -0.17662424 -0.17662424
 -0.17662424 -0.17662424 -0.17662424 -0.17662424 -0.17662424  1.37929357
 -0.17662424 -0.17662424  1.50584098 -0.17662424 -0.17662424 -0.17662424
 -0.17662424 -0.17662424 -0.17662424 -0.17662424 -0.17662424 -0.17662424
 -0.17662424 -0.17662424 -0.17662424  3.30923754 -0.17662424 -0.17662424
 -0.17662424  0.39442228 -0.17662424 -0.17662424 -0.17662424 -0.17662424
  5.73302149 -0.17662424 -0.17662424 -0.17662424 -0.17662424 -0.17662424
 -0.17662424 -0.17662424 -0.17662424 -0.17662424 -0.17662424 -0.17662424
 -0.17662424 -0.17662424 -0.17662424 -0.17662424 -0.17662424 -0.17662424
 -0.17662424 -0.17662424 -0.17662424 -0.17662424 -0.17662424  0.432639
 -0.17662424 -0.17662424 -0.17662424 -0.17662424 -0.17662424 -0.17662424
 -0.17662424 -0.17662424  0.92334797 -0.17662424  1.34510228 -0.17662424
 -0.17662424 -0.17662424 -0.17662424 -0.17662424 -0.17662424 -0.17662424
 -0.17662424 -0.17662424 -0.17662424 -0.17662424 -0.17662424  1.72401327
 -0.17662424 -0.17662424 -0.17662424 -0.17662424 -0.17662424 -0.17662424
 -0.17662424 -0.17662424  5.0488408  -0.17662424 -0.17662424 -0.17662424
 -0.17662424 -0.17662424 -0.17662424 -0.17662424 -0.17662424 -0.17662424
 -0.17662424 -0.17662424  4.18593774 -0.17662424 -0.17662424 -0.17662424
 -0.17662424 -0.17662424 -0.17662424 -0.17662424 -0.17662424 -0.17662424
 -0.17662424 -0.17662424 -0.17662424 -0.17662424 -0.17662424 -0.17662424
 -0.17662424 -0.17662424 -0.17662424 -0.17662424 -0.17662424 -0.17662424
 -0.17662424 -0.17662424 -0.17662424 -0.17662424 -0.17662424 -0.17662424
 -0.17662424 -0.17662424 -0.17662424 -0.17662424 -0.17662424 -0.17662424
 -0.17662424 -0.17662424 -0.17662424 -0.17662424 -0.17662424 -0.17662424
 -0.17662424 -0.17662424 -0.17662424 -0.17662424 -0.17662424 -0.17662424
 -0.17662424 -0.17662424 -0.17662424 -0.17662424 -0.17662424 -0.17662424
 -0.17662424 -0.17662424 -0.17662424 -0.17662424 -0.17662424 -0.17662424
 -0.17662424 -0.17662424 -0.17662424 -0.17662424 -0.17662424 -0.17662424
 -0.17662424 -0.17662424 -0.17662424 -0.17662424 -0.17662424 -0.17662424
 -0.17662424 -0.17662424 -0.17662424 -0.17662424 -0.17662424 -0.17662424
 -0.17662424 -0.17662424 -0.17662424 -0.17662424 -0.17662424 -0.17662424
 -0.17662424 -0.17662424 -0.17662424 -0.17662424 -0.17662424 -0.17662424
 -0.17662424 -0.17662424 -0.17662424 -0.17662424 -0.17662424 -0.17662424
 -0.17662424 -0.17662424 -0.17662424 -0.17662424 -0.17662424 -0.17662424
 -0.17662424 -0.17662424 -0.17662424 -0.17662424 -0.17662424 -0.17662424
 -0.17662424 -0.17662424 -0.17662424 -0.17662424 -0.17662424 -0.17662424
 -0.17662424 -0.17662424 -0.17662424 -0.17662424 -0.17662424 -0.17662424
 -0.17662424 -0.17662424 -0.17662424 -0.17662424 -0.17662424 -0.17662424
 -0.17662424 -0.17662424 -0.17662424 -0.17662424 -0.17662424 -0.17662424
 -0.17662424 -0.17662424 -0.17662424 -0.17662424 -0.17662424 -0.17662424
  5.3142784  -0.17662424 -0.17662424 -0.17662424 -0.17662424 -0.17662424
  4.03806032 -0.17662424 -0.17662424 -0.17662424 -0.17662424 -0.17662424
 -0.17662424 -0.17662424 -0.17662424 -0.17662424 -0.17662424 -0.17662424
 -0.17662424 -0.17662424  8.32449362 -0.17662424 -0.17662424 -0.17662424
 -0.17662424 -0.17662424 -0.17662424 -0.17662424 -0.17662424 -0.17662424
 -0.17662424 -0.17662424 -0.17662424 -0.17662424 -0.17662424 -0.17662424
 -0.17662424 -0.17662424 -0.17662424 -0.17662424 -0.17662424 -0.17662424
 -0.17662424  1.93622477 -0.17662424 -0.17662424 -0.17662424 -0.17662424
 -0.17662424 -0.17662424 -0.17662424 -0.17662424 -0.17662424 -0.17662424
 -0.17662424 -0.17662424 -0.17662424 -0.17662424 -0.17662424 -0.17662424
 -0.17662424 -0.17662424 -0.17662424 -0.17662424 -0.17662424 -0.17662424
 -0.17662424 -0.17662424 -0.17662424 -0.17662424 -0.17662424 -0.17662424
 -0.17662424 -0.17662424 -0.17662424 -0.17662424]",[0.019677554802551928]
3,"[-0.15802126 -0.15802126 -0.15802126 -0.15802126 -0.15802126 -0.15802126
 -0.15802126 -0.15802126 -0.15802126 -0.15802126 -0.15802126 -0.15802126
 -0.15802126 -0.15802126 -0.15802126 -0.15802126 -0.15802126 -0.15802126
  2.89132364 -0.15802126 -0.15802126 -0.15802126 -0.15802126 -0.15802126
 -0.15802126 -0.15802126 -0.15802126 -0.15802126 -0.15802126 -0.15802126
 -0.15802126 -0.15802126 -0.15802126 -0.15802126 -0.15802126 -0.15802126
 -0.15802126 -0.15802126 -0.15802126 -0.15802126 -0.15802126 -0.15802126
 -0.15802126 -0.15802126 -0.15802126 -0.15802126 -0.15802126 -0.15802126
 -0.15802126 -0.15802126 -0.15802126 -0.15802126 -0.15802126 -0.15802126
 -0.15802126 -0.15802126 -0.15802126 -0.15802126  3.90400236 -0.15802126
 -0.15802126 -0.15802126 -0.15802126 -0.15802126 -0.15802126 -0.15802126
 -0.15802126 -0.15802126 -0.15802126 -0.15802126 -0.15802126 -0.15802126
 -0.15802126 -0.15802126 -0.15802126 -0.15802126 -0.15802126 -0.15802126
 -0.15802126 -0.15802126 -0.15802126 -0.15802126 -0.15802126 10.5228394
 -0.15802126 -0.15802126 -0.15802126 -0.15802126 -0.15802126 -0.15802126
 -0.15802126 -0.15802126 -0.15802126 -0.15802126 -0.15802126 -0.15802126
 -0.15802126 -0.15802126 -0.15802126 -0.15802126 -0.15802126 -0.15802126
 -0.15802126 -0.15802126 -0.15802126 -0.15802126 -0.15802126 -0.15802126
 -0.15802126 -0.15802126 -0.15802126 -0.15802126 -0.15802126 -0.15802126
 -0.15802126 -0.15802126 -0.15802126 -0.15802126 -0.15802126 -0.15802126
 -0.15802126 -0.15802126 -0.15802126 -0.15802126 -0.15802126 -0.15802126
 -0.15802126 -0.15802126 -0.15802126 -0.15802126 -0.15802126 -0.15802126
 -0.15802126 -0.15802126 -0.15802126 -0.15802126 -0.15802126 -0.15802126
 -0.15802126 -0.15802126 -0.15802126 -0.15802126 -0.15802126 -0.15802126
 -0.15802126 -0.15802126 -0.15802126 -0.15802126 -0.15802126 -0.15802126
 -0.15802126 -0.15802126 -0.15802126 -0.15802126 -0.15802126 -0.15802126
 -0.15802126 -0.15802126 -0.15802126 -0.15802126 -0.15802126 -0.15802126
 -0.15802126 -0.15802126 -0.15802126 -0.15802126 -0.15802126 -0.15802126
 -0.15802126 -0.15802126 -0.15802126 -0.15802126 -0.15802126 -0.15802126
 -0.15802126 -0.15802126 -0.15802126 -0.15802126 -0.15802126 -0.15802126
 -0.15802126 -0.15802126 -0.15802126 -0.15802126 -0.15802126 -0.15802126
  3.45928826 -0.15802126 -0.15802126 -0.15802126 -0.15802126 -0.15802126
 -0.15802126 -0.15802126 -0.15802126 -0.15802126 -0.15802126 -0.15802126
 -0.15802126 -0.15802126  4.30197478 -0.15802126 -0.15802126 -0.15802126
 -0.15802126 -0.15802126 -0.15802126 -0.15802126 -0.15802126 -0.15802126
  5.39541193 -0.15802126 -0.15802126 -0.15802126 -0.15802126  5.73700629
 -0.15802126 -0.15802126  0.28787412 -0.15802126 -0.15802126 -0.15802126
 -0.15802126 -0.15802126 -0.15802126 -0.15802126 -0.15802126 -0.15802126
 -0.15802126 -0.15802126 -0.15802126 -0.15802126 -0.15802126 -0.15802126
 -0.15802126 -0.15802126 -0.15802126 -0.15802126 -0.15802126 -0.15802126
 -0.15802126 -0.15802126 -0.15802126 -0.15802126 -0.15802126 -0.15802126
 -0.15802126 -0.15802126 -0.15802126 -0.15802126 -0.15802126 -0.15802126
 -0.15802126 -0.15802126 -0.15802126 -0.15802126 -0.15802126 -0.15802126
 -0.15802126 -0.15802126 -0.15802126  4.90375342 -0.15802126 -0.15802126
 -0.15802126 -0.15802126 -0.15802126 -0.15802126 -0.15802126 -0.15802126
 -0.15802126 -0.15802126 -0.15802126 -0.15802126 -0.15802126 -0.15802126
 -0.15802126 -0.15802126 -0.15802126 -0.15802126 -0.15802126 -0.15802126
 -0.15802126 -0.15802126 -0.15802126 -0.15802126 -0.15802126 -0.15802126
 -0.15802126 -0.15802126 -0.15802126 -0.15802126 -0.15802126 -0.15802126
 -0.15802126 -0.15802126 -0.15802126 -0.15802126 -0.15802126 -0.15802126
 -0.15802126 -0.15802126 -0.15802126 -0.15802126 -0.15802126 -0.15802126
 -0.15802126 -0.15802126 -0.15802126 -0.15802126 -0.15802126  4.86718391
 -0.15802126  2.41296595 -0.15802126 -0.15802126 -0.15802126 -0.15802126
 -0.15802126 -0.15802126 -0.15802126 -0.15802126 -0.15802126 -0.15802126
 -0.15802126 -0.15802126 -0.15802126 -0.15802126 -0.15802126 -0.15802126
 -0.15802126 -0.15802126 -0.15802126 -0.15802126 -0.15802126 -0.15802126
 -0.15802126 -0.15802126 -0.15802126 -0.15802126 -0.15802126 -0.15802126
 -0.15802126 -0.15802126 -0.15802126 -0.15802126 -0.15802126 -0.15802126
 -0.15802126 -0.15802126 -0.15802126 -0.15802126 -0.15802126 -0.15802126
 -0.15802126 -0.15802126 -0.15802126 -0.15802126 -0.15802126 -0.15802126
 -0.15802126 -0.15802126 -0.15802126 -0.15802126 -0.15802126 -0.15802126
 -0.15802126 -0.15802126 -0.15802126 -0.15802126 -0.15802126 -0.15802126
 -0.15802126 -0.15802126 -0.15802126 -0.15802126 -0.15802126 -0.15802126
 -0.15802126 -0.15802126 -0.15802126 -0.15802126 -0.15802126 -0.15802126
 -0.15802126 -0.15802126 -0.15802126 -0.15802126 -0.15802126 -0.15802126
 -0.15802126 -0.15802126 -0.15802126 -0.15802126 -0.15802126 -0.15802126
 -0.15802126 -0.15802126 -0.15802126 -0.15802126 -0.15802126 -0.15802126
 -0.15802126 -0.15802126 -0.15802126 -0.15802126 -0.15802126 -0.15802126
 -0.15802126 -0.15802126 -0.15802126 -0.15802126 -0.15802126 -0.15802126
 -0.15802126 -0.15802126 -0.15802126 -0.15802126 -0.15802126 -0.15802126
 -0.15802126 -0.15802126 -0.15802126 -0.15802126 -0.15802126  2.17232849
 -0.15802126 -0.15802126 -0.15802126 -0.15802126 -0.15802126 -0.15802126
 -0.15802126 -0.15802126 -0.15802126 -0.15802126 -0.15802126 -0.15802126
 -0.15802126 -0.15802126 -0.15802126 -0.15802126 -0.15802126 -0.15802126
 -0.15802126 -0.15802126 -0.15802126 -0.15802126 -0.15802126 -0.15802126
 -0.15802126 -0.15802126 -0.15802126 -0.15802126 -0.15802126 -0.15802126
 -0.15802126 -0.15802126 -0.15802126 -0.15802126 -0.15802126 -0.15802126
 -0.15802126 -0.15802126  8.06179151 -0.15802126 -0.15802126 -0.15802126
  7.80458836 -0.15802126 -0.15802126 -0.15802126 -0.15802126 -0.15802126
 -0.15802126 -0.15802126 -0.15802126 -0.15802126 -0.15802126 -0.15802126
 -0.15802126 -0.15802126 -0.15802126 -0.15802126  3.92509123 -0.15802126
 -0.15802126  8.99529108 -0.15802126 -0.15802126 -0.15802126 -0.15802126
 -0.15802126 -0.15802126 -0.15802126 -0.15802126 -0.15802126 -0.15802126
 -0.15802126 -0.15802126 -0.15802126 -0.15802126 -0.15802126 -0.15802126
 -0.15802126 -0.15802126 -0.15802126 -0.15802126 -0.15802126 -0.15802126
 -0.15802126 -0.15802126 -0.15802126 -0.15802126 -0.15802126 -0.15802126
 -0.15802126 -0.15802126 -0.15802126 -0.15802126]",[-0.008990584249265965]
3,"[-0.12249777 -0.12249777 -0.12249777 -0.12249777 -0.12249777 -0.12249777
 -0.12249777 -0.12249777 -0.12249777 -0.12249777 -0.12249777 -0.12249777
 -0.12249777 -0.12249777 -0.12249777 -0.12249777 -0.12249777 -0.12249777
 -0.12249777 -0.12249777 -0.12249777 -0.12249777 -0.12249777 -0.12249777
 -0.12249777 -0.12249777 -0.12249777 -0.12249777 -0.12249777 -0.12249777
 -0.12249777 -0.12249777 -0.12249777 -0.12249777 -0.12249777 -0.12249777
 -0.12249777 -0.12249777 -0.12249777 -0.12249777 -0.12249777 -0.12249777
 -0.12249777 -0.12249777 -0.12249777 -0.12249777 -0.12249777 -0.12249777
 -0.12249777 -0.12249777 -0.12249777 -0.12249777 -0.12249777 -0.12249777
 -0.12249777 -0.12249777 -0.12249777 -0.12249777 -0.12249777 -0.12249777
 -0.12249777 -0.12249777 -0.12249777 -0.12249777 -0.12249777 -0.12249777
 -0.12249777 -0.12249777 -0.12249777 -0.12249777 -0.12249777 -0.12249777
 -0.12249777 -0.12249777 -0.12249777 -0.12249777 -0.12249777 -0.12249777
 -0.12249777 -0.12249777 -0.12249777 -0.12249777 -0.12249777 -0.12249777
 -0.12249777 -0.12249777 -0.12249777 -0.12249777 -0.12249777 -0.12249777
 -0.12249777 -0.12249777 -0.12249777 -0.12249777 -0.12249777 -0.12249777
 -0.12249777 -0.12249777 -0.12249777 -0.12249777 -0.12249777 -0.12249777
 -0.12249777 -0.12249777 -0.12249777 -0.12249777 -0.12249777 -0.12249777
 -0.12249777 -0.12249777  8.57051429 -0.12249777 -0.12249777 -0.12249777
 -0.12249777 -0.12249777  7.97731965 -0.12249777 -0.12249777 -0.12249777
 -0.12249777 -0.12249777 -0.12249777 -0.12249777 -0.12249777 -0.12249777
 -0.12249777 -0.12249777 -0.12249777 -0.12249777 -0.12249777 -0.12249777
 -0.12249777 -0.12249777 -0.12249777 -0.12249777 -0.12249777 -0.12249777
 -0.12249777 -0.12249777 -0.12249777 -0.12249777 -0.12249777 -0.12249777
 -0.12249777 -0.12249777 -0.12249777 -0.12249777 -0.12249777 -0.12249777
 -0.12249777 -0.12249777 -0.12249777 -0.12249777 -0.12249777 -0.12249777
 -0.12249777 -0.12249777 -0.12249777 -0.12249777 -0.12249777 -0.12249777
 -0.12249777 -0.12249777 -0.12249777 -0.12249777 -0.12249777 -0.12249777
 -0.12249777 -0.12249777 -0.12249777 -0.12249777 -0.12249777 -0.12249777
 -0.12249777 -0.12249777 -0.12249777 -0.12249777 -0.12249777 -0.12249777
 -0.12249777 -0.12249777 -0.12249777 -0.12249777 -0.12249777 -0.12249777
 -0.12249777 -0.12249777 -0.12249777 -0.12249777 -0.12249777 -0.12249777
 -0.12249777 -0.12249777 -0.12249777 -0.12249777 -0.12249777 -0.12249777
 -0.12249777 -0.12249777 -0.12249777 -0.12249777 -0.12249777 -0.12249777
 -0.12249777 -0.12249777 -0.12249777 -0.12249777 -0.12249777 -0.12249777
  4.09881454 -0.12249777 -0.12249777 -0.12249777 -0.12249777 -0.12249777
 -0.12249777 -0.12249777 -0.12249777 -0.12249777 -0.12249777 -0.12249777
 -0.12249777 -0.12249777 -0.12249777 -0.12249777 -0.12249777 -0.12249777
 -0.12249777 -0.12249777 -0.12249777 -0.12249777 -0.12249777 -0.12249777
 -0.12249777 -0.12249777 -0.12249777 -0.12249777 -0.12249777 -0.12249777
 -0.12249777 -0.12249777 -0.12249777 -0.12249777 -0.12249777 -0.12249777
 -0.12249777 -0.12249777 -0.12249777 -0.12249777 -0.12249777 -0.12249777
 -0.12249777 -0.12249777 -0.12249777 -0.12249777 -0.12249777 -0.12249777
 -0.12249777 -0.12249777 -0.12249777 -0.12249777 -0.12249777 -0.12249777
 -0.12249777 -0.12249777 -0.12249777 -0.12249777 -0.12249777 -0.12249777
 -0.12249777 -0.12249777 -0.12249777 -0.12249777 -0.12249777 -0.12249777
 -0.12249777 -0.12249777 -0.12249777 -0.12249777 -0.12249777 -0.12249777
 -0.12249777 -0.12249777 -0.12249777 -0.12249777 -0.12249777 -0.12249777
 -0.12249777 -0.12249777 -0.12249777 -0.12249777 -0.12249777 -0.12249777
 -0.12249777  5.98982864 -0.12249777 -0.12249777 -0.12249777 -0.12249777
 -0.12249777 -0.12249777 -0.12249777 -0.12249777 -0.12249777 -0.12249777
 -0.12249777 -0.12249777 -0.12249777 -0.12249777 -0.12249777  2.79985902
 -0.12249777 -0.12249777 -0.12249777 -0.12249777 -0.12249777 -0.12249777
 -0.12249777 -0.12249777 -0.12249777 -0.12249777 -0.12249777 -0.12249777
 -0.12249777 -0.12249777 -0.12249777 -0.12249777 -0.12249777 -0.12249777
 -0.12249777 -0.12249777 -0.12249777 -0.12249777 -0.12249777 -0.12249777
 -0.12249777 -0.12249777 -0.12249777 -0.12249777 -0.12249777 -0.12249777
 -0.12249777 -0.12249777 -0.12249777 -0.12249777 -0.12249777 -0.12249777
 -0.12249777 -0.12249777 -0.12249777 -0.12249777 -0.12249777 -0.12249777
 -0.12249777 -0.12249777 -0.12249777 -0.12249777 -0.12249777 -0.12249777
 -0.12249777 -0.12249777 -0.12249777 -0.12249777 -0.12249777 -0.12249777
 -0.12249777 -0.12249777 -0.12249777 -0.12249777 -0.12249777 -0.12249777
 -0.12249777 -0.12249777 -0.12249777 -0.12249777 -0.12249777 -0.12249777
 -0.12249777 -0.12249777 -0.12249777 -0.12249777 -0.12249777 -0.12249777
 -0.12249777 -0.12249777 -0.12249777 -0.12249777 -0.12249777 -0.12249777
 -0.12249777 -0.12249777 -0.12249777 -0.12249777 -0.12249777 -0.12249777
 -0.12249777 -0.12249777 -0.12249777 -0.12249777 -0.12249777 -0.12249777
 -0.12249777 -0.12249777 -0.12249777 -0.12249777 -0.12249777 -0.12249777
 -0.12249777 -0.12249777 -0.12249777 -0.12249777 -0.12249777 -0.12249777
 -0.12249777 -0.12249777 -0.12249777 -0.12249777 -0.12249777 -0.12249777
 -0.12249777 -0.12249777 -0.12249777 -0.12249777 -0.12249777 -0.12249777
 -0.12249777 -0.12249777 -0.12249777 -0.12249777 -0.12249777 -0.12249777
 -0.12249777 -0.12249777 -0.12249777 -0.12249777 -0.12249777 -0.12249777
 -0.12249777 -0.12249777 -0.12249777 -0.12249777 -0.12249777 -0.12249777
  3.9016517  -0.12249777 -0.12249777 -0.12249777 -0.12249777 -0.12249777
 -0.12249777 -0.12249777 -0.12249777 -0.12249777 -0.12249777 -0.12249777
 -0.12249777 -0.12249777 -0.12249777 -0.12249777 -0.12249777 -0.12249777
 -0.12249777 -0.12249777  9.2160949  -0.12249777 -0.12249777 -0.12249777
 12.6400602  -0.12249777 -0.12249777 -0.12249777 -0.12249777 -0.12249777
 -0.12249777 -0.12249777 -0.12249777 -0.12249777 -0.12249777 -0.12249777
 -0.12249777 -0.12249777 -0.12249777 -0.12249777 -0.12249777 -0.12249777
 -0.12249777  7.40221525 -0.12249777 -0.12249777 -0.12249777 -0.12249777
 -0.12249777 -0.12249777 -0.12249777 -0.12249777 -0.12249777 -0.12249777
 -0.12249777 -0.12249777 -0.12249777 -0.12249777 -0.12249777 -0.12249777
 -0.12249777 -0.12249777 -0.12249777 -0.12249777 -0.12249777 -0.12249777
 -0.12249777 -0.12249777 -0.12249777 -0.12249777 -0.12249777 -0.12249777
 -0.12249777 -0.12249777 -0.12249777 -0.12249777]",[-0.03870013926578726]
3,"[-0.15886553 -0.15886553 -0.15886553 -0.15886553 -0.15886553 -0.15886553
 -0.15886553 -0.15886553 -0.15886553 -0.15886553 -0.15886553 -0.15886553
 -0.15886553 -0.15886553 -0.15886553 -0.15886553 -0.15886553 -0.15886553
  1.12847714 -0.15886553 -0.15886553  2.44475397 -0.15886553 -0.15886553
 -0.15886553 -0.15886553 -0.15886553 -0.15886553 -0.15886553 -0.15886553
 -0.15886553 -0.15886553 -0.15886553 -0.15886553 -0.15886553 -0.15886553
 -0.15886553 -0.15886553 -0.15886553 -0.15886553 -0.15886553 -0.15886553
 -0.15886553 -0.15886553 -0.15886553 -0.15886553 -0.15886553 -0.15886553
 -0.15886553 -0.15886553 -0.15886553 -0.15886553 -0.15886553 -0.15886553
 -0.15886553 -0.15886553 -0.15886553 -0.15886553  0.72163736 -0.15886553
 -0.15886553 -0.15886553 -0.15886553 -0.15886553 -0.15886553 -0.15886553
 -0.15886553 -0.15886553 -0.15886553 -0.15886553 -0.15886553 -0.15886553
 -0.15886553 -0.15886553 -0.15886553 -0.15886553 -0.15886553 -0.15886553
 -0.15886553 -0.15886553 -0.15886553 -0.15886553 -0.15886553  1.70107578
 -0.15886553 -0.15886553 -0.15886553 -0.15886553 -0.15886553 -0.15886553
 -0.15886553 -0.15886553  3.40818216 -0.15886553 -0.15886553 -0.15886553
 -0.15886553 -0.15886553 -0.15886553 -0.15886553 -0.15886553 -0.15886553
 -0.15886553 -0.15886553 -0.15886553 -0.15886553 -0.15886553 -0.15886553
 -0.15886553 -0.15886553 -0.15886553 -0.15886553 -0.15886553 -0.15886553
 -0.15886553 -0.15886553 -0.15886553 -0.15886553 -0.15886553 -0.15886553
 -0.15886553 -0.15886553 -0.15886553 -0.15886553 -0.15886553 -0.15886553
 -0.15886553 -0.15886553 -0.15886553 -0.15886553 -0.15886553 -0.15886553
 -0.15886553 -0.15886553 -0.15886553 -0.15886553 -0.15886553 -0.15886553
 -0.15886553 -0.15886553 -0.15886553 -0.15886553 -0.15886553 -0.15886553
 -0.15886553 -0.15886553 -0.15886553 -0.15886553 -0.15886553 -0.15886553
 -0.15886553 -0.15886553 -0.15886553 -0.15886553 -0.15886553 -0.15886553
 -0.15886553 -0.15886553 -0.15886553 -0.15886553 -0.15886553 -0.15886553
 -0.15886553 -0.15886553 -0.15886553 -0.15886553 -0.15886553 -0.15886553
 -0.15886553 -0.15886553 -0.15886553 -0.15886553 -0.15886553 -0.15886553
 -0.15886553 -0.15886553 -0.15886553 -0.15886553 -0.15886553 -0.15886553
 -0.15886553 -0.15886553 -0.15886553 -0.15886553 -0.15886553 -0.15886553
 -0.15886553 -0.15886553 -0.15886553 -0.15886553 -0.15886553 -0.15886553
 -0.15886553 -0.15886553 -0.15886553 -0.15886553 -0.15886553 -0.15886553
 -0.15886553 -0.15886553  5.56811374 -0.15886553 -0.15886553 -0.15886553
 -0.15886553 -0.15886553 -0.15886553 -0.15886553 -0.15886553 -0.15886553
  2.226867   -0.15886553 -0.15886553 -0.15886553 -0.15886553  7.5091874
 -0.15886553 -0.15886553 -0.15886553 -0.15886553 -0.15886553 -0.15886553
 -0.15886553 -0.15886553 -0.15886553 -0.15886553 -0.15886553 -0.15886553
 -0.15886553 -0.15886553 -0.15886553 -0.15886553 -0.15886553 -0.15886553
 -0.15886553 -0.15886553 -0.15886553 -0.15886553 -0.15886553 -0.15886553
  5.95224031 -0.15886553 -0.15886553 -0.15886553 -0.15886553 -0.15886553
 -0.15886553 -0.15886553 -0.15886553 -0.15886553 -0.15886553 -0.15886553
 -0.15886553 -0.15886553 -0.15886553 -0.15886553 -0.15886553 -0.15886553
 -0.15886553 -0.15886553  3.30682189  5.71948642 -0.15886553 -0.15886553
 -0.15886553 -0.15886553 -0.15886553 -0.15886553  1.95399139 -0.15886553
 -0.15886553 -0.15886553 -0.15886553 -0.15886553 -0.15886553 -0.15886553
 -0.15886553 -0.15886553 -0.15886553 -0.15886553 -0.15886553 -0.15886553
 -0.15886553 -0.15886553 -0.15886553 -0.15886553 -0.15886553 -0.15886553
  6.51115708 -0.15886553 -0.15886553 -0.15886553 -0.15886553 -0.15886553
 -0.15886553 -0.15886553 -0.15886553 -0.15886553 -0.15886553 -0.15886553
 -0.15886553 -0.15886553 -0.15886553 -0.15886553 -0.15886553 -0.15886553
 -0.15886553 -0.15886553 -0.15886553 -0.15886553 -0.15886553  5.89730682
 -0.15886553 -0.15886553 -0.15886553 -0.15886553 -0.15886553 -0.15886553
 -0.15886553 -0.15886553 -0.15886553 -0.15886553 -0.15886553 -0.15886553
 -0.15886553 -0.15886553 -0.15886553 -0.15886553 -0.15886553 -0.15886553
 -0.15886553 -0.15886553 -0.15886553 -0.15886553 -0.15886553 -0.15886553
 -0.15886553 -0.15886553 -0.15886553 -0.15886553 -0.15886553 -0.15886553
 -0.15886553 -0.15886553 -0.15886553 -0.15886553 -0.15886553 -0.15886553
 -0.15886553 -0.15886553 -0.15886553 -0.15886553 -0.15886553 -0.15886553
 -0.15886553 -0.15886553 -0.15886553 -0.15886553 -0.15886553 -0.15886553
 -0.15886553 -0.15886553 -0.15886553 -0.15886553 -0.15886553 -0.15886553
 -0.15886553 -0.15886553 -0.15886553 -0.15886553 -0.15886553 -0.15886553
 -0.15886553 -0.15886553 -0.15886553 -0.15886553 -0.15886553 -0.15886553
 -0.15886553 -0.15886553 -0.15886553 -0.15886553 -0.15886553 -0.15886553
 -0.15886553 -0.15886553 -0.15886553 -0.15886553 -0.15886553 -0.15886553
 -0.15886553 -0.15886553 -0.15886553 -0.15886553 -0.15886553 -0.15886553
 -0.15886553 -0.15886553 -0.15886553 -0.15886553 -0.15886553 -0.15886553
 -0.15886553 -0.15886553 -0.15886553 -0.15886553 -0.15886553 -0.15886553
 -0.15886553 -0.15886553 -0.15886553 -0.15886553 -0.15886553 -0.15886553
 -0.15886553 -0.15886553 -0.15886553 -0.15886553 -0.15886553 -0.15886553
 -0.15886553 -0.15886553 -0.15886553 -0.15886553 -0.15886553 -0.15886553
 -0.15886553 -0.15886553 -0.15886553 -0.15886553 -0.15886553 -0.15886553
 -0.15886553 -0.15886553 -0.15886553 -0.15886553 -0.15886553 -0.15886553
 -0.15886553 -0.15886553 -0.15886553 -0.15886553 -0.15886553 -0.15886553
 -0.15886553 -0.15886553 -0.15886553 -0.15886553 -0.15886553 -0.15886553
 -0.15886553 -0.15886553 -0.15886553 -0.15886553 -0.15886553 -0.15886553
 -0.15886553 -0.15886553 -0.15886553 -0.15886553 -0.15886553 -0.15886553
 -0.15886553 -0.15886553  8.13751456 -0.15886553 -0.15886553 -0.15886553
 11.02255666 -0.15886553 -0.15886553 -0.15886553 -0.15886553 -0.15886553
 -0.15886553 -0.15886553 -0.15886553 -0.15886553 -0.15886553 -0.15886553
 -0.15886553 -0.15886553 -0.15886553 -0.15886553 -0.15886553 -0.15886553
 -0.15886553  6.69999185 -0.15886553 -0.15886553 -0.15886553 -0.15886553
 -0.15886553 -0.15886553 -0.15886553 -0.15886553 -0.15886553 -0.15886553
 -0.15886553 -0.15886553 -0.15886553 -0.15886553 -0.15886553 -0.15886553
 -0.15886553 -0.15886553 -0.15886553 -0.15886553 -0.15886553 -0.15886553
 -0.15886553 -0.15886553 -0.15886553 -0.15886553 -0.15886553 -0.15886553
 -0.15886553 -0.15886553 -0.15886553 -0.15886553]",[0.039494457521781795]
3,"[-0.18043745 -0.18043745 -0.18043745 -0.18043745 -0.10965786 -0.18043745
 -0.18043745 -0.18043745 -0.18043745 -0.18043745 -0.18043745 -0.18043745
 -0.18043745 -0.18043745 -0.18043745 -0.18043745 -0.18043745 -0.18043745
 -0.18043745 -0.18043745 -0.18043745 -0.18043745 -0.18043745 -0.18043745
 -0.18043745 -0.18043745 -0.18043745 -0.18043745 -0.18043745 -0.18043745
 -0.18043745 -0.18043745 -0.18043745 -0.18043745 -0.18043745 -0.18043745
 -0.18043745 -0.18043745 -0.18043745 -0.18043745 -0.18043745 -0.18043745
 -0.18043745 -0.18043745 -0.18043745 -0.18043745 -0.18043745 -0.18043745
 -0.18043745 -0.18043745 -0.18043745 -0.18043745 -0.18043745 -0.18043745
 -0.18043745 -0.18043745 -0.18043745 -0.18043745  1.77508717 -0.18043745
 -0.18043745 -0.18043745 -0.18043745 -0.18043745 -0.18043745 -0.18043745
 -0.18043745 -0.18043745 -0.18043745 -0.18043745 -0.18043745 -0.18043745
 -0.18043745 -0.18043745 -0.18043745 -0.18043745 -0.18043745 -0.18043745
 -0.18043745 -0.18043745 -0.18043745 -0.18043745 -0.18043745  1.34941256
 -0.18043745 -0.18043745 -0.18043745 -0.18043745 -0.18043745 -0.18043745
 -0.18043745 -0.18043745  3.57563857 -0.18043745 -0.18043745 -0.18043745
 -0.18043745 -0.18043745 -0.18043745 -0.18043745 -0.18043745 -0.18043745
 -0.18043745 -0.18043745 -0.18043745 -0.18043745 -0.18043745 -0.18043745
 -0.18043745 -0.18043745 -0.18043745 -0.18043745 -0.18043745 -0.18043745
  3.72926343 -0.18043745 -0.18043745 -0.18043745 -0.18043745 -0.18043745
 -0.18043745 -0.18043745 -0.18043745 -0.18043745 -0.18043745 -0.18043745
 -0.18043745 -0.18043745 -0.18043745 -0.18043745 -0.18043745 -0.18043745
 -0.18043745 -0.18043745 -0.18043745 -0.18043745 -0.18043745 -0.18043745
 -0.18043745 -0.18043745 -0.18043745 -0.18043745 -0.18043745 -0.18043745
 -0.18043745 -0.18043745 -0.18043745 -0.18043745 -0.18043745 -0.18043745
 -0.18043745 -0.18043745 -0.18043745 -0.18043745 -0.18043745 -0.18043745
 -0.18043745 -0.18043745 -0.18043745 -0.18043745 -0.18043745 -0.18043745
 -0.18043745 -0.18043745 -0.18043745 -0.18043745 -0.18043745 -0.18043745
 -0.18043745 -0.18043745 -0.18043745 -0.18043745 -0.18043745 -0.18043745
 -0.18043745 -0.18043745 -0.18043745 -0.18043745 -0.18043745 -0.18043745
 -0.18043745 -0.18043745 -0.18043745 -0.18043745 -0.18043745 -0.18043745
 -0.18043745 -0.18043745 -0.18043745 -0.18043745 -0.18043745 -0.18043745
 -0.18043745 -0.18043745 -0.18043745 -0.18043745 -0.18043745 -0.18043745
 -0.18043745 -0.18043745  2.74977986 -0.18043745 -0.18043745 -0.18043745
 -0.18043745 -0.18043745 -0.18043745 -0.18043745 -0.18043745 -0.18043745
  3.73500559 -0.18043745 -0.18043745 -0.18043745 -0.18043745  5.18781356
 -0.18043745 -0.18043745 -0.18043745 -0.18043745 -0.18043745 -0.18043745
 -0.18043745  2.57628687 -0.18043745 -0.18043745 -0.18043745 -0.18043745
 -0.18043745 -0.18043745 -0.18043745 -0.18043745 -0.18043745 -0.18043745
 -0.18043745  5.5504809  -0.18043745 -0.18043745  5.35465402 -0.18043745
 -0.18043745 -0.18043745  6.64340021 -0.18043745 -0.18043745 -0.18043745
 -0.18043745 -0.18043745 -0.18043745 -0.18043745 -0.18043745 -0.18043745
 -0.18043745 -0.18043745 -0.18043745  8.68597086  2.44604224 -0.18043745
 -0.18043745 -0.18043745 -0.18043745  5.89910701 -0.18043745  0.43971635
 -0.18043745 -0.18043745 -0.18043745 -0.18043745 -0.18043745 -0.18043745
 -0.18043745 -0.18043745 -0.18043745 -0.18043745 -0.18043745 -0.18043745
 -0.18043745 -0.18043745 -0.18043745 -0.18043745 -0.18043745 -0.18043745
 -0.18043745  3.82498969 -0.18043745 -0.18043745 -0.18043745 -0.18043745
 -0.18043745 -0.18043745 -0.18043745 -0.18043745 -0.18043745 -0.18043745
 -0.18043745 -0.18043745 -0.18043745 -0.18043745 -0.18043745 -0.18043745
 -0.18043745 -0.18043745 -0.18043745 -0.18043745 -0.18043745 -0.18043745
 -0.18043745 -0.18043745 -0.18043745 -0.18043745 -0.18043745  5.27385829
 -0.18043745 -0.18043745 -0.18043745 -0.18043745 -0.18043745 -0.18043745
 -0.18043745 -0.18043745 -0.18043745 -0.18043745 -0.18043745 -0.18043745
 -0.18043745 -0.18043745 -0.18043745 -0.18043745 -0.18043745 -0.18043745
 -0.18043745 -0.18043745 -0.18043745 -0.18043745 -0.18043745 -0.18043745
 -0.18043745 -0.18043745 -0.18043745 -0.18043745 -0.18043745 -0.18043745
 -0.18043745 -0.18043745 -0.18043745 -0.18043745 -0.18043745 -0.18043745
 -0.18043745 -0.18043745 -0.18043745 -0.18043745 -0.18043745 -0.18043745
 -0.18043745 -0.18043745 -0.18043745 -0.18043745 -0.18043745 -0.18043745
 -0.18043745 -0.18043745 -0.18043745 -0.18043745 -0.18043745 -0.18043745
 -0.18043745 -0.18043745 -0.18043745 -0.18043745 -0.18043745 -0.18043745
 -0.18043745 -0.18043745 -0.18043745 -0.18043745 -0.18043745 -0.18043745
 -0.18043745 -0.18043745 -0.18043745 -0.18043745 -0.18043745 -0.18043745
 -0.18043745 -0.18043745 -0.18043745 -0.18043745 -0.18043745 -0.18043745
 -0.18043745 -0.18043745 -0.18043745 -0.18043745 -0.18043745 -0.18043745
 -0.18043745 -0.18043745 -0.18043745 -0.18043745 -0.18043745 -0.18043745
 -0.18043745 -0.18043745 -0.18043745 -0.18043745 -0.18043745 -0.18043745
 -0.18043745 -0.18043745 -0.18043745 -0.18043745 -0.18043745 -0.18043745
 -0.18043745 -0.18043745 -0.18043745 -0.18043745 -0.18043745 -0.18043745
 -0.18043745 -0.18043745 -0.18043745 -0.18043745 -0.18043745 -0.18043745
 -0.18043745 -0.18043745 -0.18043745 -0.18043745 -0.18043745 -0.18043745
 -0.18043745 -0.18043745 -0.18043745 -0.18043745 -0.18043745 -0.18043745
 -0.18043745 -0.18043745 -0.18043745 -0.18043745 -0.18043745 -0.18043745
 -0.18043745 -0.18043745 -0.18043745 -0.18043745 -0.18043745 -0.18043745
 -0.18043745 -0.18043745 -0.18043745 -0.18043745 -0.18043745 -0.18043745
 -0.18043745 -0.18043745 -0.18043745 -0.18043745 -0.18043745 -0.18043745
 -0.18043745 -0.18043745  8.03187525 -0.18043745 -0.18043745 -0.18043745
  7.47143486 -0.18043745 -0.18043745 -0.18043745  5.84812743 -0.18043745
 -0.18043745 -0.18043745 -0.18043745 -0.18043745 -0.18043745 -0.18043745
 -0.18043745 -0.18043745 -0.18043745 -0.18043745 -0.18043745 -0.18043745
 -0.18043745 -0.18043745 -0.18043745 -0.18043745 -0.18043745 -0.18043745
 -0.18043745 -0.18043745 -0.18043745 -0.18043745 -0.18043745 -0.18043745
 -0.18043745 -0.18043745 -0.18043745 -0.18043745 -0.18043745 -0.18043745
 -0.18043745 -0.18043745 -0.18043745 -0.18043745 -0.18043745 -0.18043745
 -0.18043745 -0.18043745 -0.18043745 -0.18043745 -0.18043745 -0.18043745
 -0.18043745 -0.18043745 -0.18043745 -0.18043745]",[-0.020926643913595167]
3,"[-0.16122531 -0.16122531 -0.16122531 -0.16122531 -0.16122531 -0.16122531
 -0.16122531 -0.16122531 -0.16122531 -0.16122531 -0.16122531 -0.16122531
 -0.16122531 -0.16122531 -0.16122531 -0.16122531 -0.16122531 -0.16122531
 -0.16122531 -0.16122531 -0.16122531 -0.16122531 -0.16122531 -0.16122531
 -0.16122531 -0.16122531 -0.16122531 -0.16122531 -0.16122531 -0.16122531
 -0.16122531 -0.16122531 -0.16122531 -0.16122531 -0.16122531 -0.16122531
 -0.16122531 -0.16122531 -0.16122531 -0.16122531 -0.16122531 -0.16122531
 -0.16122531 -0.16122531 -0.16122531 -0.16122531 -0.16122531 -0.16122531
 -0.16122531 -0.16122531 -0.16122531 -0.16122531 -0.16122531 -0.16122531
 -0.16122531 -0.16122531 -0.16122531 -0.16122531 -0.16122531 -0.16122531
 -0.16122531 -0.16122531 -0.16122531 -0.16122531 -0.16122531 -0.16122531
 -0.16122531 -0.16122531 -0.16122531 -0.16122531 -0.16122531 -0.16122531
 -0.16122531 -0.16122531 -0.16122531 -0.16122531 -0.16122531 -0.16122531
 -0.16122531 -0.16122531 -0.16122531 -0.16122531 -0.16122531  8.72285201
 -0.16122531 -0.16122531 -0.16122531 -0.16122531 -0.16122531  8.19590352
 -0.16122531 -0.16122531  2.31924986 -0.16122531 -0.16122531 -0.16122531
 -0.16122531 -0.16122531 -0.16122531 -0.16122531 -0.16122531 -0.16122531
 -0.16122531 -0.16122531 -0.16122531 -0.16122531 -0.16122531 -0.16122531
 -0.16122531 -0.16122531  7.87960752 -0.16122531 -0.16122531 -0.16122531
 -0.16122531 -0.16122531  6.01423497 -0.16122531 -0.16122531 -0.16122531
 -0.16122531 -0.16122531 -0.16122531 -0.16122531 -0.16122531 -0.16122531
 -0.16122531 -0.16122531 -0.16122531 -0.16122531 -0.16122531 -0.16122531
 -0.16122531 -0.16122531 -0.16122531 -0.16122531 -0.16122531 -0.16122531
 -0.16122531 -0.16122531 -0.16122531 -0.16122531 -0.16122531 -0.16122531
 -0.16122531 -0.16122531 -0.16122531 -0.16122531 -0.16122531 -0.16122531
 -0.16122531 -0.16122531 -0.16122531 -0.16122531 -0.16122531 -0.16122531
 -0.16122531 -0.16122531 -0.16122531 -0.16122531 -0.16122531 -0.16122531
 -0.16122531 -0.16122531 -0.16122531 -0.16122531 -0.16122531 -0.16122531
 -0.16122531 -0.16122531 -0.16122531 -0.16122531 -0.16122531 -0.16122531
 -0.16122531 -0.16122531 -0.16122531 -0.16122531 -0.16122531 -0.16122531
 -0.16122531 -0.16122531 -0.16122531 -0.16122531 -0.16122531 -0.16122531
 -0.16122531 -0.16122531 -0.16122531 -0.16122531 -0.16122531 -0.16122531
 -0.16122531 -0.16122531 -0.16122531 -0.16122531 -0.16122531 -0.16122531
 -0.16122531 -0.16122531  2.51043745 -0.16122531 -0.16122531 -0.16122531
 -0.16122531 -0.16122531 -0.16122531 -0.16122531 -0.16122531 -0.16122531
  4.15673262 -0.16122531 -0.07847907 -0.16122531 -0.16122531  3.04436722
 -0.16122531 -0.16122531 -0.16122531 -0.16122531 -0.16122531 -0.16122531
 -0.16122531 -0.16122531 -0.16122531 -0.16122531 -0.16122531 -0.16122531
 -0.16122531 -0.16122531 -0.16122531 -0.16122531 -0.16122531 -0.16122531
 -0.16122531 -0.16122531 -0.16122531 -0.16122531 -0.16122531 -0.16122531
  4.14346989  1.01678288 -0.16122531 -0.16122531 -0.16122531 -0.16122531
 -0.16122531 -0.16122531 -0.16122531 -0.16122531 -0.16122531 -0.16122531
 -0.16122531 -0.16122531 -0.16122531 -0.16122531 -0.16122531 -0.16122531
 -0.16122531 -0.16122531 -0.16122531  1.61778069 -0.16122531 -0.16122531
 -0.16122531 -0.16122531 -0.16122531 -0.16122531 -0.16122531 -0.16122531
 -0.16122531 -0.16122531 -0.16122531 -0.16122531 -0.16122531 -0.16122531
 -0.16122531 -0.16122531 -0.16122531 -0.16122531 -0.16122531 -0.16122531
  6.9371814  -0.16122531 -0.16122531 -0.16122531 -0.16122531 -0.16122531
 -0.16122531 -0.16122531 -0.16122531 -0.16122531 -0.16122531 -0.16122531
 -0.16122531 -0.16122531 -0.16122531 -0.16122531 -0.16122531 -0.16122531
 -0.16122531 -0.16122531 -0.16122531 -0.16122531 -0.16122531 -0.16122531
 -0.16122531 -0.16122531 -0.16122531 -0.16122531 -0.16122531  3.9392824
 -0.16122531 -0.16122531 -0.16122531 -0.16122531 -0.16122531 -0.16122531
 -0.16122531 -0.16122531 -0.16122531 -0.16122531 -0.16122531 -0.16122531
 -0.16122531 -0.16122531 -0.16122531 -0.16122531 -0.16122531 -0.16122531
 -0.16122531 -0.16122531 -0.16122531 -0.16122531 -0.16122531 -0.16122531
 -0.16122531 -0.16122531 -0.16122531 -0.16122531 -0.16122531 -0.16122531
 -0.16122531 -0.16122531 -0.16122531 -0.16122531 -0.16122531 -0.16122531
 -0.16122531 -0.16122531 -0.16122531 -0.16122531 -0.16122531 -0.16122531
 -0.16122531 -0.16122531 -0.16122531 -0.16122531 -0.16122531 -0.16122531
 -0.16122531 -0.16122531 -0.16122531 -0.16122531 -0.16122531 -0.16122531
 -0.16122531 -0.16122531 -0.16122531 -0.16122531 -0.16122531 -0.16122531
 -0.16122531 -0.16122531 -0.16122531 -0.16122531 -0.16122531 -0.16122531
 -0.16122531 -0.16122531 -0.16122531 -0.16122531 -0.16122531 -0.16122531
 -0.16122531 -0.16122531 -0.16122531 -0.16122531 -0.16122531 -0.16122531
 -0.16122531 -0.16122531 -0.16122531 -0.16122531 -0.16122531 -0.16122531
 -0.16122531 -0.16122531 -0.16122531 -0.16122531 -0.16122531 -0.16122531
 -0.16122531 -0.16122531 -0.16122531 -0.16122531 -0.16122531 -0.16122531
 -0.16122531 -0.16122531 -0.16122531 -0.16122531 -0.16122531 -0.16122531
 -0.16122531 -0.16122531 -0.16122531 -0.16122531 -0.16122531 -0.16122531
 -0.16122531 -0.16122531 -0.16122531 -0.16122531  6.61819148 -0.16122531
 -0.16122531 -0.16122531 -0.16122531 -0.16122531 -0.16122531 -0.16122531
 -0.16122531 -0.16122531 -0.16122531 -0.16122531 -0.16122531 -0.16122531
 -0.16122531 -0.16122531 -0.16122531 -0.16122531 -0.16122531 -0.16122531
 -0.16122531 -0.16122531 -0.16122531 -0.16122531 -0.16122531 -0.16122531
 -0.16122531 -0.16122531 -0.16122531 -0.16122531 -0.16122531 -0.16122531
 -0.16122531 -0.16122531 -0.16122531 -0.16122531 -0.16122531 -0.16122531
 -0.16122531 -0.16122531  6.82357094 -0.16122531 -0.16122531 -0.16122531
 -0.16122531 -0.16122531 -0.16122531 -0.16122531 -0.16122531 -0.16122531
 -0.16122531 -0.16122531 -0.16122531 -0.16122531 -0.16122531 -0.16122531
 -0.16122531 -0.16122531 -0.16122531 -0.16122531 -0.16122531 -0.16122531
 -0.16122531 -0.16122531 -0.16122531 -0.16122531 -0.16122531 -0.16122531
 -0.16122531 -0.16122531 -0.16122531 -0.16122531 -0.16122531 -0.16122531
 -0.16122531 -0.16122531 -0.16122531 -0.16122531 -0.16122531 -0.16122531
 -0.16122531 -0.16122531 -0.16122531 -0.16122531 -0.16122531 -0.16122531
 -0.16122531 -0.16122531 -0.16122531 -0.16122531 -0.16122531 -0.16122531
 -0.16122531 -0.16122531  7.235165   -0.16122531]",[-0.03027933906448063]
3,"[-0.19593691 -0.19593691 -0.19593691 -0.19593691 -0.15296379 -0.19593691
 -0.19593691 -0.19593691 -0.19593691 -0.19593691 -0.19593691 -0.19593691
 -0.19593691 -0.19593691 -0.19593691 -0.19593691 -0.19593691 -0.19593691
 -0.19593691 -0.19593691 -0.19593691 -0.19593691 -0.19593691 -0.19593691
 -0.19593691 -0.19593691 -0.19593691 -0.19593691 -0.19593691 -0.19593691
 -0.19593691 -0.19593691 -0.19593691 -0.19593691 -0.19593691 -0.19593691
 -0.19593691 -0.19593691  3.69736211 -0.19593691 -0.19593691 -0.19593691
 -0.19593691 -0.19593691 -0.19593691 -0.19593691 -0.19593691 -0.19593691
 -0.19593691 -0.19593691 -0.19593691 -0.19593691 -0.19593691 -0.19593691
 -0.19593691 -0.19593691 -0.19593691 -0.19593691 -0.19593691 -0.19593691
 -0.19593691 -0.19593691 -0.19593691 -0.19593691 -0.19593691 -0.19593691
 -0.19593691 -0.19593691 -0.19593691 -0.19593691 -0.19593691 -0.19593691
 -0.19593691 -0.19593691 -0.19593691 -0.19593691 -0.19593691 -0.19593691
 -0.19593691 -0.19593691 -0.19593691 -0.19593691 -0.19593691  8.46466197
 -0.19593691 -0.19593691  3.8052616  -0.19593691 -0.19593691 -0.19593691
 -0.19593691 -0.19593691  2.66295734 -0.19593691 -0.19593691 -0.19593691
 -0.19593691 -0.19593691 -0.19593691 -0.19593691 -0.19593691 -0.19593691
 -0.19593691 -0.19593691 -0.19593691 -0.19593691 -0.19593691 -0.19593691
 -0.19593691 -0.19593691  7.6873823  -0.19593691 -0.19593691 -0.19593691
 -0.19593691 -0.19593691  6.73819655 -0.19593691 -0.19593691 -0.19593691
 -0.19593691 -0.19593691 -0.19593691 -0.19593691 -0.19593691 -0.19593691
 -0.19593691 -0.19593691 -0.19593691 -0.19593691 -0.19593691 -0.19593691
 -0.19593691 -0.19593691 -0.19593691 -0.19593691 -0.19593691 -0.19593691
  2.61744684 -0.19593691 -0.19593691 -0.19593691 -0.19593691 -0.19593691
 -0.19593691 -0.19593691 -0.19593691 -0.19593691 -0.19593691 -0.19593691
 -0.19593691 -0.19593691 -0.19593691 -0.19593691  2.31801008 -0.19593691
 -0.19593691 -0.19593691 -0.19593691 -0.19593691 -0.19593691 -0.19593691
 -0.19593691 -0.19593691 -0.19593691 -0.19593691 -0.19593691 -0.19593691
 -0.19593691 -0.19593691 -0.19593691 -0.19593691 -0.19593691 -0.19593691
  4.47398888 -0.19593691 -0.19593691 -0.19593691 -0.19593691 -0.19593691
 -0.19593691 -0.19593691 -0.19593691 -0.19593691 -0.19593691 -0.19593691
 -0.19593691 -0.19593691 -0.19593691 -0.19593691 -0.19593691 -0.19593691
 -0.19593691 -0.19593691 -0.19593691 -0.19593691 -0.19593691 -0.19593691
 -0.19593691 -0.19593691 -0.19593691 -0.19593691 -0.19593691  2.90390855
 -0.19593691 -0.19593691 -0.19593691 -0.19593691 -0.19593691 -0.19593691
 -0.19593691 -0.19593691 -0.19593691 -0.19593691 -0.19593691 -0.19593691
 -0.19593691 -0.19593691 -0.19593691 -0.19593691 -0.19593691 -0.19593691
 -0.19593691 -0.19593691 -0.19593691 -0.19593691 -0.19593691 -0.19593691
 -0.19593691 -0.19593691 -0.19593691 -0.19593691 -0.19593691 -0.19593691
 -0.19593691  2.51387975 -0.19593691 -0.19593691 -0.19593691 -0.19593691
 -0.19593691 -0.19593691 -0.19593691 -0.19593691 -0.19593691 -0.19593691
 -0.19593691 -0.19593691 -0.19593691 -0.19593691 -0.19593691 -0.19593691
 -0.19593691 -0.19593691 -0.19593691 -0.19593691  5.10787563 -0.19593691
 -0.19593691 -0.19593691 -0.19593691 -0.19593691 -0.19593691  0.1816872
 -0.19593691 -0.19593691 -0.19593691 -0.19593691 -0.19593691 -0.19593691
 -0.19593691 -0.19593691 -0.19593691 -0.19593691 -0.19593691 -0.19593691
 -0.19593691 -0.19593691 -0.19593691 -0.19593691 -0.19593691 -0.19593691
 -0.19593691 -0.19593691 -0.19593691 -0.19593691 -0.19593691 -0.19593691
 -0.19593691 -0.19593691 -0.19593691 -0.19593691 -0.19593691 -0.19593691
 -0.19593691 -0.19593691 -0.19593691 -0.19593691 -0.19593691 -0.19593691
 -0.19593691 -0.19593691 -0.19593691 -0.19593691 -0.19593691 -0.19593691
 -0.19593691  5.97794699 -0.19593691 -0.19593691 -0.19593691  3.31925998
 -0.19593691 -0.19593691 -0.19593691 -0.19593691 -0.19593691 -0.19593691
 -0.19593691 -0.19593691 -0.19593691 -0.19593691 -0.19593691 -0.19593691
 -0.19593691  0.91122589 -0.19593691 -0.19593691 -0.19593691 -0.19593691
 -0.19593691 -0.19593691 -0.19593691 -0.19593691 -0.19593691 -0.19593691
  3.77930985 -0.19593691 -0.19593691 -0.19593691 -0.19593691 -0.19593691
 -0.19593691 -0.19593691 -0.19593691 -0.19593691 -0.19593691 -0.19593691
 -0.19593691 -0.19593691 -0.19593691 -0.19593691 -0.19593691 -0.19593691
 -0.19593691 -0.19593691 -0.19593691 -0.19593691 -0.19593691 -0.19593691
 -0.19593691 -0.19593691 -0.19593691 -0.19593691 -0.19593691 -0.19593691
 -0.19593691 -0.19593691 -0.19593691 -0.19593691 -0.19593691 -0.19593691
 -0.19593691 -0.19593691 -0.19593691 -0.19593691 -0.19593691 -0.19593691
 -0.19593691 -0.19593691 -0.19593691 -0.19593691 -0.19593691 -0.19593691
 -0.19593691 -0.19593691 -0.19593691 -0.19593691 -0.19593691 -0.19593691
 -0.19593691 -0.19593691 -0.19593691 -0.19593691 -0.19593691 -0.19593691
 -0.19593691 -0.19593691 -0.19593691 -0.19593691 -0.19593691 -0.19593691
 -0.19593691 -0.19593691 -0.19593691 -0.19593691 -0.19593691 -0.19593691
 -0.19593691 -0.19593691 -0.19593691 -0.19593691 -0.19593691 -0.19593691
 -0.19593691 -0.19593691 -0.19593691 -0.19593691 -0.19593691 -0.19593691
 -0.19593691 -0.19593691 -0.19593691 -0.19593691 -0.19593691 -0.19593691
 -0.19593691 -0.19593691 -0.19593691 -0.19593691 -0.19593691 -0.19593691
 -0.19593691 -0.19593691 -0.19593691 -0.19593691 -0.19593691 -0.19593691
 -0.19593691 -0.19593691 -0.19593691 -0.19593691 -0.19593691 -0.19593691
 -0.19593691 -0.19593691 -0.19593691 -0.19593691 -0.19593691 -0.19593691
 -0.19593691 -0.19593691 -0.19593691 -0.19593691 -0.19593691 -0.19593691
 -0.19593691 -0.19593691 -0.19593691 -0.19593691 -0.19593691 -0.19593691
 -0.19593691 -0.19593691  5.82164662 -0.19593691 -0.19593691 -0.19593691
  5.55430952 -0.19593691 -0.19593691 -0.19593691 -0.19593691 -0.19593691
 -0.19593691 -0.19593691 -0.19593691 -0.19593691 -0.19593691 -0.19593691
 -0.19593691 -0.19593691 -0.19593691 -0.19593691 -0.19593691 -0.19593691
 -0.19593691  2.84260888 -0.19593691 -0.19593691 -0.19593691  1.37193464
 -0.19593691  3.69736211 -0.19593691 -0.19593691 -0.19593691 -0.19593691
 -0.19593691 -0.19593691 -0.19593691 -0.19593691 -0.19593691 -0.19593691
 -0.19593691  3.21984278 -0.19593691 -0.19593691 -0.19593691 -0.19593691
 -0.19593691 -0.19593691 -0.19593691 -0.19593691 -0.19593691 -0.19593691
 -0.19593691 -0.19593691  7.47366719 -0.19593691]",[0.032652722673422174]
3,"[-0.21225457 -0.21225457 -0.21225457 -0.21225457 -0.21225457 -0.21225457
 -0.21225457 -0.21225457 -0.21225457 -0.21225457 -0.21225457 -0.21225457
 -0.21225457 -0.21225457 -0.21225457 -0.21225457 -0.21225457 -0.21225457
  0.545855   -0.21225457 -0.21225457 -0.21225457 -0.21225457 -0.21225457
 -0.21225457 -0.21225457 -0.21225457 -0.21225457 -0.21225457 -0.21225457
 -0.21225457 -0.21225457 -0.21225457 -0.21225457 -0.21225457 -0.21225457
 -0.21225457 -0.21225457 -0.21225457 -0.21225457 -0.21225457 -0.21225457
 -0.21225457 -0.21225457 -0.21225457 -0.21225457 -0.21225457 -0.21225457
 -0.21225457 -0.21225457 -0.21225457 -0.21225457 -0.21225457 -0.21225457
  3.36120124 -0.21225457 -0.21225457 -0.21225457 -0.21225457 -0.21225457
 -0.21225457 -0.21225457 -0.21225457 -0.21225457 -0.21225457 -0.21225457
 -0.21225457 -0.21225457 -0.21225457 -0.21225457 -0.21225457 -0.21225457
 -0.21225457 -0.21225457 -0.21225457 -0.21225457 -0.21225457 -0.21225457
 -0.21225457 -0.21225457 -0.21225457 -0.21225457 -0.21225457  6.94617287
 -0.21225457 -0.21225457 -0.21225457 -0.21225457 -0.21225457  7.01309932
 -0.21225457 -0.21225457  2.104551   -0.21225457 -0.21225457 -0.21225457
 -0.21225457 -0.21225457 -0.21225457 -0.21225457 -0.21225457 -0.21225457
 -0.21225457 -0.21225457 -0.21225457 -0.21225457 -0.21225457 -0.21225457
 -0.21225457 -0.21225457  5.99333915 -0.21225457 -0.21225457 -0.21225457
 -0.21225457 -0.21225457  6.0710835  -0.21225457 -0.21225457 -0.21225457
 -0.21225457 -0.21225457 -0.21225457 -0.21225457  2.04450326 -0.21225457
 -0.21225457 -0.21225457 -0.21225457 -0.21225457 -0.21225457 -0.21225457
 -0.21225457 -0.21225457 -0.21225457 -0.21225457 -0.21225457 -0.21225457
 -0.21225457 -0.21225457 -0.21225457 -0.21225457 -0.21225457 -0.21225457
 -0.21225457 -0.21225457 -0.21225457 -0.21225457 -0.21225457 -0.21225457
 -0.21225457 -0.21225457 -0.21225457 -0.21225457 -0.21225457 -0.21225457
 -0.21225457 -0.21225457 -0.21225457 -0.21225457 -0.21225457 -0.21225457
 -0.21225457 -0.21225457 -0.21225457 -0.21225457 -0.21225457 -0.21225457
 -0.21225457 -0.21225457 -0.21225457 -0.21225457 -0.21225457 -0.21225457
 -0.21225457 -0.21225457 -0.21225457 -0.21225457 -0.21225457 -0.21225457
 -0.21225457 -0.21225457 -0.21225457 -0.21225457 -0.21225457 -0.21225457
 -0.21225457 -0.21225457 -0.21225457 -0.21225457 -0.21225457 -0.21225457
 -0.21225457 -0.21225457 -0.21225457 -0.21225457 -0.21225457 -0.21225457
 -0.21225457 -0.21225457  3.40034567 -0.21225457 -0.21225457 -0.21225457
 -0.21225457 -0.21225457 -0.21225457 -0.21225457 -0.21225457 -0.21225457
  2.86927527 -0.21225457 -0.21225457 -0.21225457 -0.21225457  3.21301708
 -0.21225457 -0.21225457 -0.21225457 -0.21225457 -0.21225457 -0.21225457
 -0.21225457 -0.21225457 -0.21225457 -0.21225457 -0.21225457 -0.21225457
 -0.21225457 -0.21225457 -0.21225457 -0.21225457 -0.21225457 -0.21225457
 -0.21225457  1.73169633 -0.21225457 -0.21225457  2.98284038 -0.21225457
  3.33137115 -0.21225457 -0.21225457 -0.21225457 -0.21225457 -0.21225457
 -0.21225457 -0.21225457 -0.21225457 -0.21225457 -0.21225457 -0.21225457
 -0.21225457 -0.21225457 -0.21225457 -0.21225457 -0.21225457 -0.21225457
 -0.21225457 -0.21225457 -0.21225457  2.42793374 -0.21225457 -0.21225457
 -0.21225457 -0.21225457 -0.21225457 -0.21225457 -0.21225457 -0.21225457
 -0.21225457 -0.21225457 -0.21225457 -0.21225457 -0.21225457 -0.21225457
 -0.21225457 -0.21225457 -0.21225457 -0.21225457 -0.21225457 -0.21225457
  4.22115342 -0.21225457 -0.21225457 -0.21225457 -0.21225457  5.43092305
 -0.21225457 -0.21225457 -0.21225457 -0.21225457 -0.21225457 -0.21225457
 -0.21225457 -0.21225457 -0.21225457 -0.21225457 -0.21225457 -0.21225457
 -0.21225457 -0.21225457 -0.21225457 -0.21225457 -0.21225457 -0.21225457
 -0.21225457 -0.21225457 -0.21225457 -0.21225457 -0.21225457  4.52154261
 -0.21225457 -0.21225457 -0.21225457 -0.21225457 -0.21225457 -0.21225457
 -0.21225457 -0.21225457 -0.21225457 -0.21225457 -0.21225457 -0.21225457
 -0.21225457 -0.21225457 -0.21225457 -0.21225457 -0.21225457 -0.21225457
 -0.21225457 -0.21225457 -0.21225457 -0.21225457 -0.21225457 -0.21225457
 -0.21225457 -0.21225457 -0.21225457 -0.21225457 -0.21225457 -0.21225457
 -0.21225457 -0.21225457 -0.21225457 -0.21225457 -0.21225457 -0.21225457
 -0.21225457 -0.21225457 -0.21225457 -0.21225457 -0.21225457 -0.21225457
 -0.21225457 -0.21225457 -0.21225457 -0.21225457 -0.21225457 -0.21225457
 -0.21225457 -0.21225457 -0.21225457 -0.21225457 -0.21225457 -0.21225457
 -0.21225457 -0.21225457 -0.21225457 -0.21225457 -0.21225457 -0.21225457
 -0.21225457 -0.21225457 -0.21225457 -0.21225457 -0.21225457 -0.21225457
 -0.21225457 -0.21225457 -0.21225457 -0.21225457 -0.21225457 -0.21225457
 -0.21225457 -0.21225457 -0.21225457 -0.21225457 -0.21225457 -0.21225457
 -0.21225457 -0.21225457 -0.21225457 -0.21225457 -0.21225457 -0.21225457
 -0.21225457 -0.21225457 -0.21225457 -0.21225457 -0.21225457 -0.21225457
 -0.21225457 -0.21225457 -0.21225457 -0.21225457 -0.21225457 -0.21225457
 -0.21225457 -0.21225457 -0.21225457 -0.21225457 -0.21225457 -0.21225457
 -0.21225457 -0.21225457 -0.21225457 -0.21225457 -0.21225457 -0.21225457
 -0.21225457 -0.21225457 -0.21225457 -0.21225457 -0.21225457  5.76483671
 -0.21225457 -0.21225457 -0.21225457 -0.21225457 -0.21225457 -0.21225457
 -0.21225457 -0.21225457 -0.21225457 -0.21225457 -0.21225457 -0.21225457
 -0.21225457 -0.21225457 -0.21225457 -0.21225457 -0.21225457 -0.21225457
  4.59183561 -0.21225457 -0.21225457 -0.21225457 -0.21225457 -0.21225457
 -0.21225457 -0.21225457 -0.21225457 -0.21225457 -0.21225457 -0.21225457
 -0.21225457 -0.21225457 -0.21225457 -0.21225457 -0.21225457 -0.21225457
 -0.21225457 -0.21225457  5.23246957 -0.21225457 -0.21225457 -0.21225457
 -0.21225457 -0.21225457 -0.21225457 -0.21225457 -0.21225457 -0.21225457
 -0.21225457 -0.21225457 -0.21225457 -0.21225457 -0.21225457 -0.21225457
 -0.21225457 -0.21225457 -0.21225457 -0.21225457 -0.21225457 -0.21225457
 -0.21225457  5.00179198 -0.21225457 -0.21225457 -0.21225457  3.30455747
 -0.21225457  4.01435481 -0.21225457 -0.21225457 -0.21225457 -0.21225457
 -0.21225457 -0.21225457 -0.21225457 -0.21225457 -0.21225457 -0.21225457
 -0.21225457  2.28470312 -0.21225457 -0.21225457 -0.21225457 -0.21225457
 -0.21225457 -0.21225457 -0.21225457 -0.21225457 -0.21225457 -0.21225457
 -0.21225457 -0.21225457  6.44930595 -0.21225457]",[0.009225931248847713]
3,"[-0.14554979 -0.14554979 -0.14554979 -0.14554979 -0.14554979 -0.14554979
 -0.14554979 -0.14554979 -0.14554979 -0.14554979 -0.14554979 -0.14554979
 -0.14554979 -0.14554979 -0.14554979 -0.14554979 -0.14554979 -0.14554979
 -0.14554979 -0.14554979 -0.14554979 -0.14554979 -0.14554979 -0.14554979
 -0.14554979 -0.14554979 -0.14554979 -0.14554979 -0.14554979 -0.14554979
 -0.14554979 -0.14554979 -0.14554979 -0.14554979 -0.14554979 -0.14554979
 -0.14554979 -0.14554979 -0.14554979 -0.14554979 -0.14554979 -0.14554979
 -0.14554979 -0.14554979 -0.14554979 -0.14554979 -0.14554979 -0.14554979
 -0.14554979 -0.14554979 -0.14554979 -0.14554979 -0.14554979 -0.14554979
 -0.14554979 -0.14554979 -0.14554979 -0.14554979 -0.14554979 -0.14554979
 -0.14554979 -0.14554979 -0.14554979 -0.14554979 -0.14554979 -0.14554979
 -0.14554979 -0.14554979 -0.14554979 -0.14554979 -0.14554979 -0.14554979
 -0.14554979 -0.14554979 -0.14554979 -0.14554979 -0.14554979 -0.14554979
 -0.14554979 -0.14554979 -0.14554979 -0.14554979 -0.14554979 11.89200075
 -0.14554979 -0.14554979 -0.14554979 -0.14554979 -0.14554979 -0.14554979
 -0.14554979 -0.14554979  1.81822171 -0.14554979 -0.14554979 -0.14554979
 -0.14554979 -0.14554979 -0.14554979 -0.14554979 -0.14554979 -0.14554979
 -0.14554979 -0.14554979 -0.14554979 -0.14554979 -0.14554979 -0.14554979
 -0.14554979 -0.14554979  9.00425367 -0.14554979 -0.14554979 -0.14554979
 -0.14554979 -0.14554979 -0.14554979 -0.14554979 -0.14554979 -0.14554979
 -0.14554979 -0.14554979 -0.14554979 -0.14554979 -0.14554979 -0.14554979
 -0.14554979 -0.14554979 -0.14554979 -0.14554979 -0.14554979 -0.14554979
 -0.14554979 -0.14554979 -0.14554979 -0.14554979 -0.14554979 -0.14554979
 -0.14554979 -0.14554979 -0.14554979 -0.14554979 -0.14554979 -0.14554979
 -0.14554979 -0.14554979 -0.14554979 -0.14554979 -0.14554979 -0.14554979
 -0.14554979 -0.14554979 -0.14554979 -0.14554979 -0.14554979 -0.14554979
 -0.14554979 -0.14554979 -0.14554979 -0.14554979 -0.14554979 -0.14554979
 -0.14554979 -0.14554979 -0.14554979 -0.14554979 -0.14554979 -0.14554979
 -0.14554979 -0.14554979 -0.14554979 -0.14554979 -0.14554979 -0.14554979
 -0.14554979 -0.14554979 -0.14554979 -0.14554979 -0.14554979 -0.14554979
 -0.14554979 -0.14554979 -0.14554979 -0.14554979 -0.14554979 -0.14554979
 -0.14554979 -0.14554979 -0.14554979 -0.14554979 -0.14554979 -0.14554979
 -0.14554979 -0.14554979 -0.14554979 -0.14554979 -0.14554979 -0.14554979
  4.09900284 -0.14554979 -0.14554979 -0.14554979 -0.14554979 -0.14554979
 -0.14554979 -0.14554979 -0.14554979 -0.14554979 -0.14554979 -0.14554979
  2.68521342 -0.14554979 -0.14554979 -0.14554979 -0.14554979  3.00848443
 -0.14554979 -0.14554979 -0.14554979 -0.14554979 -0.14554979 -0.14554979
 -0.14554979 -0.14554979 -0.14554979 -0.14554979 -0.14554979 -0.14554979
 -0.14554979 -0.14554979 -0.14554979 -0.14554979 -0.14554979 -0.14554979
 -0.14554979  5.61207306 -0.14554979 -0.14554979 -0.14554979 -0.14554979
  6.01985943 -0.14554979 -0.14554979 -0.14554979 -0.14554979 -0.14554979
 -0.14554979 -0.14554979 -0.14554979 -0.14554979 -0.14554979 -0.14554979
 -0.14554979 -0.14554979 -0.14554979 -0.14554979 -0.14554979 -0.14554979
 -0.14554979 -0.14554979 -0.14554979  5.06748308 -0.14554979  2.48378376
 -0.14554979 -0.14554979 -0.14554979 -0.14554979 -0.14554979 -0.14554979
 -0.14554979 -0.14554979 -0.14554979 -0.14554979 -0.14554979 -0.14554979
 -0.14554979 -0.14554979 -0.14554979 -0.14554979 -0.14554979 -0.14554979
 -0.14554979 -0.14554979 -0.14554979 -0.14554979 -0.14554979  8.79112804
 -0.14554979 -0.14554979 -0.14554979 -0.14554979 -0.14554979 -0.14554979
 -0.14554979 -0.14554979 -0.14554979 -0.14554979 -0.14554979 -0.14554979
 -0.14554979 -0.14554979 -0.14554979 -0.14554979 -0.14554979 -0.14554979
 -0.14554979 -0.14554979 -0.14554979 -0.14554979 -0.14554979  3.96414395
 -0.14554979 -0.14554979 -0.14554979 -0.14554979 -0.14554979 -0.14554979
 -0.14554979 -0.14554979 -0.14554979 -0.14554979 -0.14554979 -0.14554979
 -0.14554979 -0.14554979 -0.14554979 -0.14554979 -0.14554979 -0.14554979
 -0.14554979 -0.14554979 -0.14554979 -0.14554979 -0.14554979 -0.14554979
 -0.14554979 -0.14554979 -0.14554979 -0.14554979 -0.14554979 -0.14554979
 -0.14554979 -0.14554979 -0.14554979 -0.14554979 -0.14554979 -0.14554979
 -0.14554979 -0.14554979 -0.14554979 -0.14554979 -0.14554979 -0.14554979
 -0.14554979 -0.14554979 -0.14554979 -0.14554979 -0.14554979 -0.14554979
 -0.14554979 -0.14554979 -0.14554979 -0.14554979 -0.14554979 -0.14554979
 -0.14554979 -0.14554979 -0.14554979 -0.14554979 -0.14554979 -0.14554979
 -0.14554979 -0.14554979 -0.14554979 -0.14554979 -0.14554979 -0.14554979
 -0.14554979 -0.14554979 -0.14554979 -0.14554979 -0.14554979 -0.14554979
 -0.14554979 -0.14554979 -0.14554979 -0.14554979 -0.14554979 -0.14554979
 -0.14554979 -0.14554979 -0.14554979 -0.14554979 -0.14554979 -0.14554979
 -0.14554979 -0.14554979 -0.14554979 -0.14554979 -0.14554979 -0.14554979
 -0.14554979 -0.14554979 -0.14554979 -0.14554979 -0.14554979 -0.14554979
 -0.14554979 -0.14554979 -0.14554979 -0.14554979 -0.14554979 -0.14554979
 -0.14554979 -0.14554979 -0.14554979 -0.14554979 -0.14554979 -0.14554979
 -0.14554979 -0.14554979 -0.14554979 -0.14554979 -0.14554979 -0.14554979
 -0.14554979 -0.14554979 -0.14554979 -0.14554979 -0.14554979 -0.14554979
 -0.14554979 -0.14554979 -0.14554979 -0.14554979 -0.14554979 -0.14554979
 -0.14554979 -0.14554979 -0.14554979 -0.14554979 -0.14554979 -0.14554979
 -0.14554979 -0.14554979 -0.14554979 -0.14554979 -0.14554979 -0.14554979
 -0.14554979 -0.14554979 -0.14554979 -0.14554979 -0.14554979 -0.14554979
 -0.14554979 -0.14554979 -0.14554979 -0.14554979 -0.14554979 -0.14554979
 -0.14554979 -0.14554979  7.38432214 -0.14554979 -0.14554979 -0.14554979
 -0.14554979 -0.14554979 -0.14554979 -0.14554979 -0.14554979 -0.14554979
 -0.14554979 -0.14554979 -0.14554979 -0.14554979 -0.14554979 -0.14554979
 -0.14554979 -0.14554979 -0.14554979 -0.14554979 -0.14554979 -0.14554979
 -0.14554979  1.81822171 -0.14554979 -0.14554979 -0.14554979 -0.14554979
 -0.14554979 -0.14554979 -0.14554979 -0.14554979 -0.14554979 -0.14554979
 -0.14554979 -0.14554979 -0.14554979 -0.14554979 -0.14554979 -0.14554979
 -0.14554979 -0.14554979 -0.14554979 -0.14554979 -0.14554979 -0.14554979
 -0.14554979 -0.14554979 -0.14554979 -0.14554979 -0.14554979 -0.14554979
 -0.14554979 -0.14554979 -0.14554979 -0.14554979]",[-0.020118905972244222]
3,"[-1.55107153e-01 -1.55107153e-01 -1.55107153e-01 -1.55107153e-01
 -1.10646732e-01 -1.55107153e-01 -1.55107153e-01 -1.55107153e-01
 -1.55107153e-01 -1.55107153e-01 -1.55107153e-01 -1.55107153e-01
 -1.55107153e-01 -1.55107153e-01 -1.55107153e-01 -1.55107153e-01
 -1.55107153e-01 -1.55107153e-01  2.30228839e+00 -1.55107153e-01
 -1.55107153e-01 -1.55107153e-01 -1.55107153e-01 -1.55107153e-01
 -1.55107153e-01 -1.55107153e-01 -1.55107153e-01 -1.55107153e-01
 -1.55107153e-01 -1.55107153e-01 -1.55107153e-01 -1.55107153e-01
 -1.55107153e-01 -1.55107153e-01 -1.55107153e-01 -1.55107153e-01
 -1.55107153e-01 -1.55107153e-01 -1.55107153e-01 -1.55107153e-01
 -1.55107153e-01 -1.55107153e-01 -1.55107153e-01 -1.55107153e-01
 -1.55107153e-01 -1.55107153e-01 -1.55107153e-01 -1.55107153e-01
 -1.55107153e-01 -1.55107153e-01 -1.55107153e-01 -1.55107153e-01
 -1.55107153e-01 -1.55107153e-01 -1.55107153e-01 -1.55107153e-01
 -1.55107153e-01 -1.55107153e-01 -1.55107153e-01 -1.55107153e-01
 -1.55107153e-01 -1.55107153e-01 -1.55107153e-01 -1.55107153e-01
 -1.55107153e-01 -1.55107153e-01 -1.55107153e-01 -1.55107153e-01
 -1.55107153e-01 -1.55107153e-01 -1.55107153e-01 -1.55107153e-01
 -1.55107153e-01 -1.55107153e-01 -1.55107153e-01 -1.55107153e-01
 -1.55107153e-01 -1.55107153e-01 -1.55107153e-01 -1.55107153e-01
 -1.55107153e-01 -1.55107153e-01 -1.55107153e-01  1.00896277e+01
 -1.55107153e-01 -1.55107153e-01 -1.55107153e-01 -1.55107153e-01
 -1.55107153e-01 -1.55107153e-01 -1.55107153e-01 -1.55107153e-01
 -1.55107153e-01 -1.55107153e-01 -1.55107153e-01 -1.55107153e-01
 -1.55107153e-01 -1.55107153e-01 -1.55107153e-01 -1.55107153e-01
 -1.55107153e-01 -1.55107153e-01 -1.55107153e-01 -1.55107153e-01
 -1.55107153e-01 -1.55107153e-01 -1.55107153e-01 -1.55107153e-01
 -1.55107153e-01 -1.55107153e-01  8.32429854e+00 -1.55107153e-01
 -1.55107153e-01 -1.55107153e-01 -1.55107153e-01 -1.55107153e-01
  6.79894212e+00 -1.55107153e-01 -1.55107153e-01 -1.55107153e-01
 -1.55107153e-01 -1.55107153e-01 -1.55107153e-01 -1.55107153e-01
 -1.55107153e-01 -1.55107153e-01 -1.55107153e-01 -1.55107153e-01
 -1.55107153e-01 -1.55107153e-01 -1.55107153e-01 -1.55107153e-01
 -1.55107153e-01 -1.55107153e-01 -1.55107153e-01 -1.55107153e-01
 -1.55107153e-01 -1.55107153e-01 -1.55107153e-01 -1.55107153e-01
 -1.55107153e-01 -1.55107153e-01 -1.55107153e-01 -1.55107153e-01
 -1.55107153e-01 -1.55107153e-01 -1.55107153e-01 -1.55107153e-01
 -1.55107153e-01 -1.55107153e-01 -1.55107153e-01 -1.55107153e-01
 -1.55107153e-01 -1.55107153e-01 -1.55107153e-01 -1.55107153e-01
 -1.55107153e-01 -1.55107153e-01 -1.55107153e-01 -1.55107153e-01
 -1.55107153e-01 -1.55107153e-01 -1.55107153e-01 -1.55107153e-01
 -1.55107153e-01 -1.55107153e-01 -1.55107153e-01 -1.55107153e-01
 -1.55107153e-01 -1.55107153e-01 -1.55107153e-01 -1.55107153e-01
 -1.55107153e-01 -1.55107153e-01 -1.55107153e-01 -1.55107153e-01
 -1.55107153e-01 -1.55107153e-01 -1.55107153e-01 -1.55107153e-01
 -1.55107153e-01 -1.55107153e-01 -1.55107153e-01 -1.55107153e-01
 -1.55107153e-01 -1.55107153e-01 -1.55107153e-01 -1.55107153e-01
 -1.55107153e-01 -1.55107153e-01 -1.55107153e-01 -1.55107153e-01
 -1.55107153e-01 -1.55107153e-01 -1.55107153e-01 -1.55107153e-01
 -1.55107153e-01 -1.55107153e-01 -1.55107153e-01 -1.55107153e-01
 -1.55107153e-01 -1.55107153e-01 -1.55107153e-01  1.61584816e+00
 -1.55107153e-01 -1.55107153e-01 -1.55107153e-01 -1.55107153e-01
 -1.55107153e-01 -1.55107153e-01  2.54022739e+00 -1.55107153e-01
 -1.55107153e-01 -1.55107153e-01 -1.55107153e-01  5.40234985e+00
 -1.55107153e-01 -1.55107153e-01 -1.55107153e-01 -1.55107153e-01
 -1.55107153e-01 -1.55107153e-01 -1.55107153e-01 -1.55107153e-01
 -1.55107153e-01 -1.55107153e-01 -1.55107153e-01 -1.55107153e-01
 -1.55107153e-01 -1.55107153e-01 -1.55107153e-01 -1.55107153e-01
 -1.55107153e-01 -1.55107153e-01 -1.55107153e-01 -8.96507792e-03
 -1.55107153e-01 -1.55107153e-01 -1.55107153e-01 -1.55107153e-01
  2.28509814e+00 -1.55107153e-01 -1.55107153e-01 -1.55107153e-01
 -1.55107153e-01 -1.55107153e-01 -1.55107153e-01 -1.55107153e-01
 -1.55107153e-01 -1.55107153e-01 -1.55107153e-01 -1.55107153e-01
 -1.55107153e-01 -1.55107153e-01 -1.55107153e-01 -1.55107153e-01
 -1.55107153e-01 -1.55107153e-01 -1.55107153e-01 -1.55107153e-01
 -1.55107153e-01 -1.55107153e-01 -1.55107153e-01 -1.55107153e-01
 -1.55107153e-01 -1.55107153e-01 -1.55107153e-01 -1.55107153e-01
 -1.55107153e-01 -1.55107153e-01 -1.55107153e-01 -1.55107153e-01
 -1.55107153e-01 -1.55107153e-01  4.27204316e+00 -1.55107153e-01
 -1.55107153e-01 -1.55107153e-01 -1.55107153e-01 -1.55107153e-01
 -1.55107153e-01 -1.55107153e-01 -1.55107153e-01 -1.55107153e-01
 -1.55107153e-01 -1.55107153e-01 -1.55107153e-01  6.10199730e+00
 -1.55107153e-01 -1.55107153e-01 -1.55107153e-01 -1.55107153e-01
 -1.55107153e-01 -1.55107153e-01 -1.55107153e-01 -1.55107153e-01
  6.06199074e+00 -1.55107153e-01 -1.55107153e-01 -1.55107153e-01
 -1.55107153e-01 -1.55107153e-01 -1.55107153e-01 -1.55107153e-01
 -1.55107153e-01 -1.55107153e-01 -1.55107153e-01 -1.55107153e-01
 -1.55107153e-01 -1.55107153e-01 -1.55107153e-01  2.71541735e+00
 -1.55107153e-01 -1.55107153e-01 -1.55107153e-01 -1.55107153e-01
 -1.55107153e-01 -1.55107153e-01 -1.55107153e-01 -1.55107153e-01
 -1.55107153e-01 -1.55107153e-01 -1.55107153e-01 -1.55107153e-01
 -1.55107153e-01 -1.55107153e-01 -1.55107153e-01 -1.55107153e-01
 -1.55107153e-01 -1.55107153e-01 -1.55107153e-01 -1.55107153e-01
 -1.55107153e-01 -1.55107153e-01 -1.55107153e-01 -1.55107153e-01
 -1.55107153e-01 -1.55107153e-01 -1.55107153e-01 -1.55107153e-01
 -1.55107153e-01 -1.55107153e-01 -1.55107153e-01 -1.55107153e-01
 -1.55107153e-01 -1.55107153e-01 -1.55107153e-01 -1.55107153e-01
 -1.55107153e-01 -1.55107153e-01 -1.55107153e-01 -1.55107153e-01
 -1.55107153e-01 -1.55107153e-01 -1.55107153e-01 -1.55107153e-01
 -1.55107153e-01 -1.55107153e-01 -1.55107153e-01 -1.55107153e-01
 -1.55107153e-01 -1.55107153e-01 -1.55107153e-01 -1.55107153e-01
 -1.55107153e-01 -1.55107153e-01 -1.55107153e-01 -1.55107153e-01
 -1.55107153e-01 -1.55107153e-01 -1.55107153e-01 -1.55107153e-01
 -1.55107153e-01 -1.55107153e-01 -1.55107153e-01 -1.55107153e-01
 -1.55107153e-01 -1.55107153e-01 -1.55107153e-01 -1.55107153e-01
 -1.55107153e-01 -1.55107153e-01 -1.55107153e-01 -1.55107153e-01
 -1.55107153e-01 -1.55107153e-01 -1.55107153e-01 -1.55107153e-01
 -1.55107153e-01 -1.55107153e-01 -1.55107153e-01 -1.55107153e-01
 -1.55107153e-01 -1.55107153e-01 -1.55107153e-01 -1.55107153e-01
 -1.55107153e-01 -1.55107153e-01 -1.55107153e-01 -1.55107153e-01
 -1.55107153e-01 -1.55107153e-01 -1.55107153e-01 -1.55107153e-01
 -1.55107153e-01 -1.55107153e-01 -1.55107153e-01 -1.55107153e-01
 -1.55107153e-01 -1.55107153e-01 -1.55107153e-01 -1.55107153e-01
 -1.55107153e-01 -1.55107153e-01 -1.55107153e-01 -1.55107153e-01
 -1.55107153e-01 -1.55107153e-01 -1.55107153e-01 -1.55107153e-01
 -1.55107153e-01 -1.55107153e-01 -1.55107153e-01 -1.55107153e-01
 -1.55107153e-01 -1.55107153e-01 -1.55107153e-01 -1.55107153e-01
 -1.55107153e-01 -1.55107153e-01 -1.55107153e-01 -1.55107153e-01
 -1.55107153e-01 -1.55107153e-01 -1.55107153e-01 -1.55107153e-01
 -1.55107153e-01 -1.55107153e-01 -1.55107153e-01 -1.55107153e-01
 -1.55107153e-01 -1.55107153e-01 -1.55107153e-01 -1.55107153e-01
 -1.55107153e-01 -1.55107153e-01 -1.55107153e-01 -1.55107153e-01
 -1.55107153e-01 -1.55107153e-01 -1.55107153e-01 -1.55107153e-01
 -1.55107153e-01 -1.55107153e-01 -1.55107153e-01 -1.55107153e-01
 -1.55107153e-01 -1.55107153e-01 -1.55107153e-01 -1.55107153e-01
 -1.55107153e-01 -1.55107153e-01 -1.55107153e-01 -1.55107153e-01
  6.71737597e+00 -1.55107153e-01 -1.55107153e-01 -1.55107153e-01
  9.58375124e+00 -1.55107153e-01 -1.55107153e-01 -1.55107153e-01
 -1.55107153e-01 -1.55107153e-01 -1.55107153e-01 -1.55107153e-01
 -1.55107153e-01 -1.55107153e-01 -1.55107153e-01 -1.55107153e-01
 -1.55107153e-01 -1.55107153e-01 -1.55107153e-01 -1.55107153e-01
 -1.55107153e-01 -1.55107153e-01 -1.55107153e-01  1.91038573e+00
 -1.55107153e-01 -1.55107153e-01 -1.55107153e-01  1.26176105e+00
 -1.55107153e-01 -1.55107153e-01 -1.55107153e-01 -1.55107153e-01
 -1.55107153e-01 -1.55107153e-01 -1.55107153e-01 -1.55107153e-01
 -1.55107153e-01 -1.55107153e-01 -1.55107153e-01 -1.55107153e-01
 -1.55107153e-01 -1.55107153e-01 -1.55107153e-01 -1.55107153e-01
 -1.55107153e-01 -1.55107153e-01 -1.55107153e-01 -1.55107153e-01
 -1.55107153e-01 -1.55107153e-01 -1.55107153e-01 -1.55107153e-01
 -1.55107153e-01 -1.55107153e-01 -1.55107153e-01 -1.55107153e-01]",[0.0035890143730373802]
3,"[-0.09957494 -0.09957494 -0.09957494 -0.09957494 -0.09957494 -0.09957494
 -0.09957494 -0.09957494 -0.09957494 -0.09957494 -0.09957494 -0.09957494
 -0.09957494 -0.09957494 -0.09957494 -0.09957494 -0.09957494 -0.09957494
 -0.09957494 -0.09957494 -0.09957494 -0.09957494 -0.09957494 -0.09957494
 -0.09957494 -0.09957494 -0.09957494 -0.09957494 -0.09957494 -0.09957494
 -0.09957494 -0.09957494 -0.09957494 -0.09957494 -0.09957494 -0.09957494
 -0.09957494 -0.09957494 -0.09957494 -0.09957494 -0.09957494 -0.09957494
 -0.09957494 -0.09957494 -0.09957494 -0.09957494 -0.09957494 -0.09957494
 -0.09957494 -0.09957494 -0.09957494 -0.09957494 -0.09957494 -0.09957494
 -0.09957494 -0.09957494 -0.09957494 -0.09957494 -0.09957494 -0.09957494
 -0.09957494 -0.09957494 -0.09957494 -0.09957494 -0.09957494 -0.09957494
 -0.09957494 -0.09957494 -0.09957494 -0.09957494 -0.09957494 -0.09957494
 -0.09957494 -0.09957494 -0.09957494 -0.09957494 -0.09957494 -0.09957494
 -0.09957494 -0.09957494 -0.09957494 -0.09957494 -0.09957494 11.93992353
 -0.09957494 -0.09957494 -0.09957494 -0.09957494 -0.09957494 -0.09957494
 -0.09957494 -0.09957494 -0.09957494 -0.09957494 -0.09957494 -0.09957494
 -0.09957494 -0.09957494 -0.09957494 -0.09957494 -0.09957494 -0.09957494
 -0.09957494 -0.09957494 -0.09957494 -0.09957494 -0.09957494 -0.09957494
 -0.09957494 -0.09957494 12.37054869 -0.09957494 -0.09957494 -0.09957494
 -0.09957494 -0.09957494 -0.09957494 -0.09957494 -0.09957494 -0.09957494
 -0.09957494 -0.09957494 -0.09957494 -0.09957494 -0.09957494 -0.09957494
 -0.09957494 -0.09957494 -0.09957494 -0.09957494 -0.09957494 -0.09957494
 -0.09957494 -0.09957494 -0.09957494 -0.09957494 -0.09957494 -0.09957494
 -0.09957494 -0.09957494 -0.09957494 -0.09957494 -0.09957494 -0.09957494
 -0.09957494 -0.09957494 -0.09957494 -0.09957494 -0.09957494 -0.09957494
 -0.09957494 -0.09957494 -0.09957494 -0.09957494 -0.09957494 -0.09957494
 -0.09957494 -0.09957494 -0.09957494 -0.09957494 -0.09957494 -0.09957494
 -0.09957494 -0.09957494 -0.09957494 -0.09957494 -0.09957494 -0.09957494
 -0.09957494 -0.09957494 -0.09957494 -0.09957494 -0.09957494 -0.09957494
 -0.09957494 -0.09957494 -0.09957494 -0.09957494 -0.09957494 -0.09957494
 -0.09957494 -0.09957494 -0.09957494 -0.09957494 -0.09957494 -0.09957494
 -0.09957494 -0.09957494 -0.09957494 -0.09957494 -0.09957494 -0.09957494
 -0.09957494 -0.09957494 -0.09957494 -0.09957494 -0.09957494 -0.09957494
 -0.09957494 -0.09957494 -0.09957494 -0.09957494 -0.09957494 -0.09957494
 -0.09957494 -0.09957494 -0.09957494 -0.09957494 -0.09957494 -0.09957494
 -0.09957494 -0.09957494 -0.09957494 -0.09957494 -0.09957494 -0.09957494
 -0.09957494 -0.09957494 -0.09957494 -0.09957494 -0.09957494 -0.09957494
 -0.09957494 -0.09957494 -0.09957494 -0.09957494 -0.09957494 -0.09957494
 -0.09957494 -0.09957494 -0.09957494 -0.09957494 -0.09957494 -0.09957494
 -0.09957494  5.61034303 -0.09957494 -0.09957494 -0.09957494 -0.09957494
 -0.09957494 -0.09957494 -0.09957494 -0.09957494 -0.09957494 -0.09957494
 -0.09957494 -0.09957494 -0.09957494 -0.09957494 -0.09957494 -0.09957494
 -0.09957494 -0.09957494 -0.09957494 -0.09957494 -0.09957494 -0.09957494
 -0.09957494 -0.09957494 -0.09957494  2.21338885 -0.09957494  0.1517943
 -0.09957494 -0.09957494 -0.09957494 -0.09957494 -0.09957494 -0.09957494
 -0.09957494 -0.09957494  0.38746319 -0.09957494 -0.09957494 -0.09957494
 -0.09957494 -0.09957494 -0.09957494 -0.09957494 -0.09957494 -0.09957494
 -0.09957494 -0.09957494 -0.09957494 -0.09957494 -0.09957494  6.39991478
 -0.09957494 -0.09957494 -0.09957494 -0.09957494 -0.09957494 -0.09957494
 -0.09957494 -0.09957494 -0.09957494 -0.09957494 -0.09957494 -0.09957494
 -0.09957494 -0.09957494 -0.09957494 -0.09957494 -0.09957494 -0.09957494
 -0.09957494 -0.09957494 -0.09957494 -0.09957494 -0.09957494 -0.09957494
 -0.09957494 -0.09957494 -0.09957494 -0.09957494 -0.09957494 -0.09957494
 -0.09957494 -0.09957494 -0.09957494 -0.09957494 -0.09957494 -0.09957494
 -0.09957494 -0.09957494 -0.09957494 -0.09957494 -0.09957494 -0.09957494
 -0.09957494 -0.09957494 -0.09957494 -0.09957494 -0.09957494 -0.09957494
 -0.09957494 -0.09957494 -0.09957494 -0.09957494 -0.09957494 -0.09957494
 -0.09957494 -0.09957494 -0.09957494 -0.09957494 -0.09957494 -0.09957494
 -0.09957494 -0.09957494 -0.09957494 -0.09957494 -0.09957494 -0.09957494
 -0.09957494 -0.09957494 -0.09957494 -0.09957494 -0.09957494 -0.09957494
 -0.09957494 -0.09957494 -0.09957494 -0.09957494 -0.09957494 -0.09957494
 -0.09957494 -0.09957494 -0.09957494 -0.09957494 -0.09957494 -0.09957494
 -0.09957494 -0.09957494 -0.09957494 -0.09957494 -0.09957494 -0.09957494
 -0.09957494 -0.09957494 -0.09957494 -0.09957494 -0.09957494 -0.09957494
 -0.09957494 -0.09957494 -0.09957494 -0.09957494 -0.09957494 -0.09957494
 -0.09957494 -0.09957494 -0.09957494 -0.09957494 -0.09957494 -0.09957494
 -0.09957494 -0.09957494 -0.09957494 -0.09957494 -0.09957494 -0.09957494
 -0.09957494 -0.09957494 -0.09957494 -0.09957494 -0.09957494 -0.09957494
 -0.09957494 -0.09957494 -0.09957494 -0.09957494 -0.09957494 -0.09957494
 -0.09957494 -0.09957494 -0.09957494 -0.09957494 -0.09957494 -0.09957494
 -0.09957494 -0.09957494 -0.09957494 -0.09957494 -0.09957494 -0.09957494
 -0.09957494 -0.09957494 -0.09957494 -0.09957494 -0.09957494 -0.09957494
 -0.09957494 -0.09957494 -0.09957494 -0.09957494 -0.09957494 -0.09957494
 -0.09957494 -0.09957494 -0.09957494 -0.09957494 -0.09957494 -0.09957494
 -0.09957494 -0.09957494 -0.09957494 -0.09957494 -0.09957494 -0.09957494
 -0.09957494 -0.09957494 -0.09957494 -0.09957494 -0.09957494 -0.09957494
 -0.09957494 -0.09957494 -0.09957494 -0.09957494 -0.09957494 -0.09957494
 -0.09957494 -0.09957494 11.90899104 -0.09957494 -0.09957494 -0.09957494
 -0.09957494 -0.09957494 -0.09957494 -0.09957494 -0.09957494 -0.09957494
 -0.09957494 -0.09957494 -0.09957494 -0.09957494 -0.09957494 -0.09957494
 -0.09957494 -0.09957494 -0.09957494 -0.09957494 -0.09957494 -0.09957494
 -0.09957494 -0.09957494 -0.09957494 -0.09957494 -0.09957494 -0.09957494
 -0.09957494 -0.09957494 -0.09957494 -0.09957494 -0.09957494 -0.09957494
 -0.09957494 -0.09957494 -0.09957494 -0.09957494 -0.09957494 -0.09957494
 -0.09957494 -0.09957494 -0.09957494 -0.09957494 -0.09957494 -0.09957494
 -0.09957494 -0.09957494 -0.09957494 -0.09957494 -0.09957494 -0.09957494
 -0.09957494 -0.09957494 -0.09957494 -0.09957494]",[-0.04293714755146938]
3,"[-0.15834891 -0.15834891 -0.15834891 -0.15834891 -0.15834891 -0.15834891
 -0.15834891 -0.15834891 -0.15834891 -0.15834891 -0.15834891 -0.15834891
 -0.15834891 -0.15834891 -0.15834891 -0.15834891 -0.15834891 -0.15834891
  1.25344286 -0.15834891 -0.15834891 -0.15834891 -0.15834891 -0.15834891
 -0.15834891 -0.15834891 -0.15834891 -0.15834891 -0.15834891 -0.15834891
 -0.15834891 -0.15834891 -0.15834891 -0.15834891 -0.15834891 -0.15834891
 -0.15834891 -0.15834891 -0.15834891 -0.15834891 -0.15834891 -0.15834891
 -0.15834891 -0.15834891 -0.15834891 -0.15834891 -0.15834891 -0.15834891
 -0.15834891 -0.15834891 -0.15834891 -0.15834891 -0.15834891 -0.15834891
 -0.15834891 -0.15834891 -0.15834891 -0.15834891  1.84421985 -0.15834891
 -0.15834891 -0.15834891 -0.15834891 -0.15834891 -0.15834891 -0.15834891
 -0.15834891 -0.15834891 -0.15834891 -0.15834891 -0.15834891 -0.15834891
 -0.15834891 -0.15834891 -0.15834891 -0.15834891 -0.15834891 -0.15834891
 -0.15834891 -0.15834891 -0.15834891 -0.15834891 -0.15834891  9.56228788
 -0.15834891 -0.15834891 -0.15834891 -0.15834891 -0.15834891 -0.15834891
 -0.15834891 -0.15834891  3.29279976 -0.15834891 -0.15834891 -0.15834891
 -0.15834891 -0.15834891 -0.15834891 -0.15834891 -0.15834891 -0.15834891
 -0.15834891 -0.15834891 -0.15834891 -0.15834891 -0.15834891 -0.15834891
 -0.15834891 -0.15834891  0.95091219 -0.15834891 -0.15834891 -0.15834891
 -0.15834891 -0.15834891 -0.15834891 -0.15834891 -0.15834891 -0.15834891
 -0.15834891 -0.15834891 -0.15834891 -0.15834891  0.36776731 -0.15834891
 -0.15834891 -0.15834891 -0.15834891 -0.15834891 -0.15834891 -0.15834891
 -0.15834891 -0.15834891 -0.15834891 -0.15834891 -0.15834891 -0.15834891
 -0.15834891 -0.15834891 -0.15834891 -0.15834891 -0.15834891 -0.15834891
 -0.15834891 -0.15834891 -0.15834891 -0.15834891 -0.15834891 -0.15834891
 -0.15834891 -0.15834891 -0.15834891 -0.15834891 -0.15834891 -0.15834891
 -0.15834891 -0.15834891 -0.15834891 -0.15834891 -0.15834891 -0.15834891
 -0.15834891 -0.15834891 -0.15834891 -0.15834891 -0.15834891 -0.15834891
 -0.15834891 -0.15834891 -0.15834891 -0.15834891 -0.15834891 -0.15834891
 -0.15834891 -0.15834891 -0.15834891 -0.15834891 -0.15834891 -0.15834891
 -0.15834891 -0.15834891 -0.15834891 -0.15834891 -0.15834891 -0.15834891
 -0.15834891 -0.15834891 -0.15834891 -0.15834891 -0.15834891 -0.15834891
 -0.15834891 -0.15834891 -0.15834891 -0.15834891 -0.15834891 -0.15834891
 -0.15834891 -0.15834891  5.0531915  -0.15834891 -0.15834891 -0.15834891
 -0.15834891 -0.15834891 -0.15834891 -0.15834891 -0.15834891 -0.15834891
  3.57526831 -0.15834891 -0.15834891 -0.15834891 -0.15834891  6.61749649
 -0.15834891 -0.15834891  2.39771105 -0.15834891 -0.15834891 -0.15834891
 -0.15834891 -0.15834891 -0.15834891 -0.15834891 -0.15834891 -0.15834891
 -0.15834891 -0.15834891 -0.15834891 -0.15834891 -0.15834891 -0.15834891
 -0.15834891 -0.15834891 -0.15834891 -0.15834891 -0.15834891 -0.15834891
  5.17540045  4.49468754 -0.15834891 -0.15834891 -0.15834891 -0.15834891
 -0.15834891 -0.15834891 -0.15834891 -0.15834891 -0.15834891 -0.15834891
 -0.15834891 -0.15834891 -0.15834891 -0.15834891 -0.15834891 -0.15834891
 -0.15834891 -0.15834891 -0.15834891 -0.15834891 -0.15834891 -0.15834891
 -0.15834891 -0.15834891 -0.15834891 -0.15834891 -0.15834891 -0.15834891
 -0.15834891 -0.15834891 -0.15834891 -0.15834891 -0.15834891 -0.15834891
 -0.15834891 -0.15834891 -0.15834891 -0.15834891 -0.15834891 -0.15834891
 -0.15834891 -0.15834891 -0.15834891 -0.15834891 -0.15834891  9.32936
 -0.15834891 -0.15834891 -0.15834891 -0.15834891 -0.15834891 -0.15834891
 -0.15834891 -0.15834891 -0.15834891 -0.15834891 -0.15834891 -0.15834891
 -0.15834891 -0.15834891 -0.15834891 -0.15834891 -0.15834891 -0.15834891
 -0.15834891 -0.15834891  5.71741918 -0.15834891 -0.15834891  6.89524185
 -0.15834891 -0.15834891 -0.15834891 -0.15834891 -0.15834891 -0.15834891
 -0.15834891 -0.15834891 -0.15834891 -0.15834891 -0.15834891 -0.15834891
 -0.15834891 -0.15834891 -0.15834891 -0.15834891 -0.15834891 -0.15834891
 -0.15834891 -0.15834891 -0.15834891 -0.15834891 -0.15834891 -0.15834891
 -0.15834891  1.97520438 -0.15834891 -0.15834891 -0.15834891 -0.15834891
 -0.15834891 -0.15834891 -0.15834891 -0.15834891 -0.15834891 -0.15834891
 -0.15834891 -0.15834891 -0.15834891 -0.15834891 -0.15834891 -0.15834891
 -0.15834891 -0.15834891 -0.15834891 -0.15834891 -0.15834891 -0.15834891
 -0.15834891 -0.15834891 -0.15834891 -0.15834891 -0.15834891 -0.15834891
 -0.15834891 -0.15834891 -0.15834891 -0.15834891 -0.15834891 -0.15834891
 -0.15834891 -0.15834891 -0.15834891 -0.15834891 -0.15834891 -0.15834891
 -0.15834891 -0.15834891 -0.15834891 -0.15834891 -0.15834891 -0.15834891
 -0.15834891 -0.15834891 -0.15834891 -0.15834891 -0.15834891 -0.15834891
 -0.15834891 -0.15834891 -0.15834891 -0.15834891 -0.15834891 -0.15834891
 -0.15834891 -0.15834891 -0.15834891 -0.15834891 -0.15834891 -0.15834891
 -0.15834891 -0.15834891 -0.15834891 -0.15834891 -0.15834891 -0.15834891
 -0.15834891 -0.15834891 -0.15834891 -0.15834891 -0.15834891 -0.15834891
 -0.15834891 -0.15834891 -0.15834891 -0.15834891 -0.15834891 -0.15834891
 -0.15834891 -0.15834891 -0.15834891 -0.15834891 -0.15834891 -0.15834891
 -0.15834891 -0.15834891 -0.15834891 -0.15834891 -0.15834891 -0.15834891
 -0.15834891 -0.15834891 -0.15834891 -0.15834891 -0.15834891 -0.15834891
 -0.15834891 -0.15834891 -0.15834891 -0.15834891 -0.15834891 -0.15834891
 -0.15834891 -0.15834891 -0.15834891 -0.15834891 -0.15834891 -0.15834891
 -0.15834891 -0.15834891 -0.15834891 -0.15834891 -0.15834891 -0.15834891
 -0.15834891 -0.15834891 -0.15834891 -0.15834891 -0.15834891 -0.15834891
 -0.15834891 -0.15834891  9.53965352 -0.15834891 -0.15834891 -0.15834891
 -0.15834891 -0.15834891 -0.15834891 -0.15834891 -0.15834891 -0.15834891
 -0.15834891 -0.15834891 -0.15834891 -0.15834891 -0.15834891 -0.15834891
 -0.15834891 -0.15834891 -0.15834891 -0.15834891 -0.15834891 -0.15834891
 -0.15834891  1.44908816 -0.15834891 -0.15834891 -0.15834891 -0.15834891
 -0.15834891 -0.15834891 -0.15834891 -0.15834891 -0.15834891 -0.15834891
 -0.15834891 -0.15834891 -0.15834891 -0.15834891 -0.15834891 -0.15834891
 -0.15834891 -0.15834891 -0.15834891 -0.15834891 -0.15834891 -0.15834891
 -0.15834891 -0.15834891 -0.15834891 -0.15834891 -0.15834891 -0.15834891
 -0.15834891 -0.15834891 -0.15834891 -0.15834891]",[-0.02093513266525085]
3,"[-0.15941619 -0.15941619 -0.15941619 -0.15941619 -0.15941619 -0.15941619
 -0.15941619 -0.15941619 -0.15941619 -0.15941619 -0.15941619 -0.15941619
 -0.15941619 -0.15941619 -0.15941619 -0.15941619 -0.15941619 -0.15941619
  1.02895097 -0.15941619 -0.15941619 -0.15941619 -0.15941619 -0.15941619
 -0.15941619 -0.15941619 -0.15941619 -0.15941619 -0.15941619 -0.15941619
 -0.15941619 -0.15941619 -0.15941619 -0.15941619 -0.15941619 -0.15941619
 -0.15941619 -0.15941619 -0.15941619 -0.15941619 -0.15941619 -0.15941619
 -0.15941619 -0.15941619 -0.15941619 -0.15941619 -0.15941619 -0.15941619
 -0.15941619 -0.15941619 -0.15941619 -0.15941619 -0.15941619 -0.15941619
 -0.15941619 -0.15941619 -0.15941619 -0.15941619  4.33613004 -0.15941619
 -0.15941619 -0.15941619 -0.15941619 -0.15941619 -0.15941619 -0.15941619
 -0.15941619 -0.15941619 -0.15941619 -0.15941619 -0.15941619 -0.15941619
 -0.15941619 -0.15941619 -0.15941619 -0.15941619 -0.15941619 -0.15941619
 -0.15941619 -0.15941619 -0.15941619 -0.15941619 -0.15941619  1.5999571
 -0.15941619 -0.15941619 -0.15941619 -0.15941619 -0.15941619 -0.15941619
 -0.15941619 -0.15941619  1.3889103  -0.15941619 -0.15941619 -0.15941619
 -0.15941619 -0.15941619 -0.15941619 -0.15941619 -0.15941619 -0.15941619
 -0.15941619 -0.15941619 -0.15941619 -0.15941619 -0.15941619 -0.15941619
 -0.15941619 -0.15941619  1.04027917 -0.15941619 -0.15941619 -0.15941619
 -0.15941619 -0.15941619 -0.15941619 -0.15941619 -0.15941619 -0.15941619
 -0.15941619 -0.15941619 -0.15941619 -0.15941619 -0.15941619 -0.15941619
 -0.15941619 -0.15941619 -0.15941619 -0.15941619 -0.15941619 -0.15941619
 -0.15941619 -0.15941619 -0.15941619 -0.15941619 -0.15941619 -0.15941619
 -0.15941619 -0.15941619 -0.15941619 -0.15941619 -0.15941619 -0.15941619
 -0.15941619 -0.15941619 -0.15941619 -0.15941619 -0.15941619 -0.15941619
 -0.15941619 -0.15941619 -0.15941619 -0.15941619 -0.15941619 -0.15941619
 -0.15941619 -0.15941619 -0.15941619 -0.15941619 -0.15941619 -0.15941619
 -0.15941619 -0.15941619 -0.15941619 -0.15941619 -0.15941619 -0.15941619
 -0.15941619 -0.15941619 -0.15941619 -0.15941619 -0.15941619 -0.15941619
 -0.15941619 -0.15941619 -0.15941619 -0.15941619 -0.15941619 -0.15941619
 -0.15941619 -0.15941619 -0.15941619 -0.15941619 -0.15941619 -0.15941619
 -0.15941619 -0.15941619 -0.15941619 -0.15941619 -0.15941619 -0.15941619
 -0.15941619 -0.15941619 -0.15941619 -0.15941619 -0.15941619 -0.15941619
 -0.15941619 -0.15941619  2.73094783 -0.15941619 -0.15941619 -0.15941619
 -0.15941619 -0.15941619 -0.15941619 -0.15941619 -0.15941619 -0.15941619
  3.5325403  -0.15941619 -0.15941619 -0.15941619 -0.15941619  8.49812795
 -0.15941619 -0.15941619 -0.15941619 -0.15941619 -0.15941619 -0.15941619
 -0.15941619 -0.15941619 -0.15941619 -0.15941619 -0.15941619 -0.15941619
 -0.15941619 -0.15941619 -0.15941619 -0.15941619 -0.15941619 -0.15941619
 -0.15941619 -0.15941619 -0.15941619  1.8380307  -0.15941619 -0.15941619
  5.70283703 -0.15941619 -0.15941619 -0.15941619 -0.15941619 -0.15941619
 -0.15941619 -0.15941619 -0.15941619 -0.15941619 -0.15941619 -0.15941619
 -0.15941619 -0.15941619 -0.15941619 -0.15941619 -0.15941619 -0.15941619
 -0.15941619 -0.15941619 -0.15941619  4.15457041 -0.15941619 -0.15941619
 -0.15941619 -0.15941619 -0.15941619 -0.15941619 -0.15941619 -0.15941619
  4.17902975 -0.15941619 -0.15941619 -0.15941619 -0.15941619 -0.15941619
 -0.15941619 -0.15941619 -0.15941619 -0.15941619 -0.15941619 -0.15941619
 -0.15941619  3.98220112 -0.15941619 -0.15941619 -0.15941619 -0.15941619
 -0.15941619 -0.15941619 -0.15941619 -0.15941619 -0.15941619 -0.15941619
 -0.15941619 -0.15941619 -0.15941619 -0.15941619 -0.15941619 -0.15941619
 -0.15941619 -0.15941619 -0.15941619 -0.15941619 -0.15941619 -0.15941619
 -0.15941619 -0.15941619 -0.15941619 -0.15941619 -0.15941619  5.0528717
 -0.15941619 -0.15941619 -0.15941619 -0.15941619 -0.15941619 -0.15941619
 -0.15941619 -0.15941619 -0.15941619 -0.15941619 -0.15941619 -0.15941619
 -0.15941619 -0.15941619 -0.15941619 -0.15941619 -0.15941619 -0.15941619
 -0.15941619 -0.15941619 -0.15941619 -0.15941619 -0.15941619 -0.15941619
 -0.15941619 -0.15941619 -0.15941619 -0.15941619 -0.15941619 -0.15941619
 -0.15941619 -0.15941619 -0.15941619 -0.15941619 -0.15941619 -0.15941619
 -0.15941619 -0.15941619 -0.15941619 -0.15941619 -0.15941619 -0.15941619
 -0.15941619 -0.15941619 -0.15941619 -0.15941619 -0.15941619 -0.15941619
 -0.15941619 -0.15941619 -0.15941619 -0.15941619 -0.15941619 -0.15941619
 -0.15941619 -0.15941619 -0.15941619 -0.15941619 -0.15941619 -0.15941619
 -0.15941619 -0.15941619 -0.15941619 -0.15941619 -0.15941619 -0.15941619
 -0.15941619 -0.15941619 -0.15941619 -0.15941619 -0.15941619 -0.15941619
 -0.15941619 -0.15941619 -0.15941619 -0.15941619 -0.15941619 -0.15941619
 -0.15941619 -0.15941619 -0.15941619 -0.15941619 -0.15941619 -0.15941619
 -0.15941619 -0.15941619 -0.15941619 -0.15941619 -0.15941619 -0.15941619
 -0.15941619 -0.15941619 -0.15941619 -0.15941619 -0.15941619 -0.15941619
 -0.15941619 -0.15941619 -0.15941619 -0.15941619 -0.15941619 -0.15941619
 -0.15941619 -0.15941619 -0.15941619 -0.15941619 -0.15941619 -0.15941619
 -0.15941619 -0.15941619 -0.15941619 -0.15941619 -0.15941619 -0.15941619
 -0.15941619 -0.15941619 -0.15941619 -0.15941619 -0.15941619 -0.15941619
 -0.15941619 -0.15941619 -0.15941619 -0.15941619 -0.15941619 -0.15941619
 -0.15941619 -0.15941619 -0.15941619 -0.15941619 -0.15941619 -0.15941619
 -0.15941619 -0.15941619 -0.15941619 -0.15941619 -0.15941619 -0.15941619
 -0.15941619 -0.15941619 -0.15941619 -0.15941619 -0.15941619 -0.15941619
 -0.15941619 -0.15941619 -0.15941619 -0.15941619 -0.15941619 -0.15941619
 -0.15941619 -0.15941619  6.61542282 -0.15941619 -0.15941619 -0.15941619
 12.44468175  7.97365013 -0.15941619 -0.15941619 -0.15941619 -0.15941619
 -0.15941619 -0.15941619 -0.15941619 -0.15941619 -0.15941619 -0.15941619
 -0.15941619 -0.15941619 -0.15941619 -0.15941619 -0.15941619 -0.15941619
 -0.15941619  3.92778914 -0.15941619 -0.15941619 -0.15941619 -0.15941619
 -0.15941619 -0.15941619 -0.15941619 -0.15941619 -0.15941619 -0.15941619
 -0.15941619 -0.15941619 -0.15941619 -0.15941619 -0.15941619 -0.15941619
 -0.15941619 -0.15941619 -0.15941619 -0.15941619 -0.15941619 -0.15941619
 -0.15941619 -0.15941619 -0.15941619 -0.15941619 -0.15941619 -0.15941619
 -0.15941619 -0.15941619 -0.15941619 -0.15941619]",[-0.023623354620999598]
3,"[-0.16425629 -0.16425629 -0.16425629 -0.16425629 -0.16425629 -0.16425629
 -0.16425629 -0.16425629 -0.16425629 -0.16425629 -0.16425629 -0.16425629
 -0.16425629 -0.16425629 -0.16425629 -0.16425629 -0.16425629 -0.16425629
 -0.16425629 -0.16425629 -0.16425629 -0.16425629 -0.16425629 -0.16425629
 -0.16425629 -0.16425629 -0.16425629 -0.16425629 -0.16425629 -0.16425629
 -0.16425629 -0.16425629 -0.16425629 -0.16425629 -0.16425629 -0.16425629
 -0.16425629 -0.16425629 -0.16425629 -0.16425629 -0.16425629 -0.16425629
 -0.16425629 -0.16425629 -0.16425629 -0.16425629 -0.16425629 -0.16425629
 -0.16425629 -0.16425629 -0.16425629 -0.16425629 -0.16425629 -0.16425629
 -0.16425629 -0.16425629 -0.16425629 -0.16425629  1.48121077 -0.16425629
 -0.16425629 -0.16425629 -0.16425629 -0.16425629 -0.16425629 -0.16425629
 -0.16425629 -0.16425629 -0.16425629 -0.16425629 -0.16425629 -0.16425629
 -0.16425629 -0.16425629 -0.16425629 -0.16425629 -0.16425629 -0.16425629
 -0.16425629 -0.16425629 -0.16425629 -0.16425629 -0.16425629 -0.16425629
 -0.16425629 -0.16425629 -0.16425629 -0.16425629 -0.16425629 -0.16425629
 -0.16425629 -0.16425629  2.88825157 -0.16425629 -0.16425629 -0.16425629
 -0.16425629 -0.16425629 -0.16425629 -0.16425629 -0.16425629 -0.16425629
 -0.16425629 -0.16425629 -0.16425629 -0.16425629 -0.16425629 -0.16425629
 -0.16425629 -0.16425629  1.11142904 -0.16425629 -0.16425629 -0.16425629
  8.54739841 -0.16425629 -0.16425629 -0.16425629 -0.16425629 -0.16425629
 -0.16425629 -0.16425629 -0.16425629 -0.16425629 -0.16425629 -0.16425629
 -0.16425629 -0.16425629 -0.16425629 -0.16425629 -0.16425629 -0.16425629
 -0.16425629 -0.16425629 -0.16425629 -0.16425629 -0.16425629 -0.16425629
 -0.16425629 -0.16425629 -0.16425629 -0.16425629 -0.16425629 -0.16425629
 -0.16425629 -0.16425629 -0.16425629 -0.16425629 -0.16425629 -0.16425629
 -0.16425629 -0.16425629 -0.16425629 -0.16425629 -0.16425629 -0.16425629
 -0.16425629 -0.16425629 -0.16425629 -0.16425629 -0.16425629 -0.16425629
 -0.16425629 -0.16425629 -0.16425629 -0.16425629 -0.16425629 -0.16425629
 -0.16425629 -0.16425629 -0.16425629 -0.16425629 -0.16425629 -0.16425629
 -0.16425629 -0.16425629 -0.16425629 -0.16425629 -0.16425629 -0.16425629
 -0.16425629 -0.16425629 -0.16425629 -0.16425629 -0.16425629 -0.16425629
 -0.16425629 -0.16425629 -0.16425629 -0.16425629 -0.16425629 -0.16425629
 -0.16425629 -0.16425629 -0.16425629 -0.16425629 -0.16425629 -0.16425629
 -0.16425629 -0.16425629  1.91629687 -0.16425629 -0.16425629 -0.16425629
 -0.16425629 -0.16425629 -0.16425629 -0.16425629 -0.16425629 -0.16425629
  2.2503472  -0.16425629 -0.16425629 -0.16425629 -0.16425629  8.15838979
 -0.16425629 -0.16425629 -0.16425629 -0.16425629 -0.16425629 -0.16425629
 -0.16425629 -0.16425629 -0.16425629 -0.16425629 -0.16425629 -0.16425629
 -0.16425629 -0.16425629 -0.16425629 -0.16425629 -0.16425629 -0.16425629
 -0.16425629  5.01580112 -0.16425629 -0.16425629 -0.16425629 -0.16425629
  5.69463215 -0.16425629 -0.16425629 -0.16425629 -0.16425629 -0.16425629
 -0.16425629 -0.16425629 -0.16425629 -0.16425629 -0.16425629 -0.16425629
 -0.16425629 -0.16425629 -0.16425629 -0.16425629 -0.16425629 -0.16425629
 -0.16425629 -0.16425629 -0.16425629  5.71064142 -0.16425629 -0.16425629
 -0.16425629 -0.16425629 -0.16425629 -0.16425629 -0.16425629 -0.16425629
 -0.16425629 -0.16425629 -0.16425629 -0.16425629 -0.16425629 -0.16425629
 -0.16425629 -0.16425629 -0.16425629 -0.16425629 -0.16425629 -0.16425629
  5.69952958  4.41637684 -0.16425629 -0.16425629 -0.16425629 -0.16425629
 -0.16425629 -0.16425629 -0.16425629 -0.16425629 -0.16425629 -0.16425629
 -0.16425629 -0.16425629 -0.16425629 -0.16425629 -0.16425629 -0.16425629
 -0.16425629 -0.16425629 -0.16425629 -0.16425629 -0.16425629 -0.16425629
 -0.16425629 -0.16425629 -0.16425629 -0.16425629 -0.16425629  2.85049315
 -0.16425629 -0.16425629 -0.16425629 -0.16425629 -0.16425629 -0.16425629
 -0.16425629 -0.16425629 -0.16425629 -0.16425629 -0.16425629 -0.16425629
 -0.16425629 -0.16425629 -0.16425629 -0.16425629 -0.16425629 -0.16425629
 -0.16425629 -0.16425629 -0.16425629 -0.16425629 -0.16425629 -0.16425629
 -0.16425629 -0.16425629 -0.16425629 -0.16425629 -0.16425629 -0.16425629
 -0.16425629 -0.16425629 -0.16425629 -0.16425629 -0.16425629 -0.16425629
 -0.16425629 -0.16425629 -0.16425629 -0.16425629 -0.16425629 -0.16425629
 -0.16425629 -0.16425629 -0.16425629 -0.16425629 -0.16425629 -0.16425629
 -0.16425629 -0.16425629 -0.16425629 -0.16425629 -0.16425629 -0.16425629
 -0.16425629 -0.16425629 -0.16425629 -0.16425629 -0.16425629 -0.16425629
 -0.16425629 -0.16425629 -0.16425629 -0.16425629 -0.16425629 -0.16425629
 -0.16425629 -0.16425629 -0.16425629 -0.16425629 -0.16425629 -0.16425629
 -0.16425629 -0.16425629 -0.16425629 -0.16425629 -0.16425629 -0.16425629
 -0.16425629 -0.16425629 -0.16425629 -0.16425629 -0.16425629 -0.16425629
 -0.16425629 -0.16425629 -0.16425629 -0.16425629 -0.16425629 -0.16425629
 -0.16425629 -0.16425629 -0.16425629 -0.16425629 -0.16425629 -0.16425629
 -0.16425629 -0.16425629 -0.16425629 -0.16425629 -0.16425629 -0.16425629
 -0.16425629 -0.16425629 -0.16425629 -0.16425629 -0.16425629 -0.16425629
 -0.16425629 -0.16425629 -0.16425629 -0.16425629 -0.16425629 -0.16425629
 -0.16425629 -0.16425629 -0.16425629 -0.16425629 -0.16425629 -0.16425629
 -0.16425629 -0.16425629 -0.16425629 -0.16425629 -0.16425629 -0.16425629
 -0.16425629 -0.16425629 -0.16425629 -0.16425629 -0.16425629 -0.16425629
 -0.16425629 -0.16425629 -0.16425629 -0.16425629 -0.16425629 -0.16425629
 -0.16425629 -0.16425629 -0.16425629 -0.16425629 -0.16425629 -0.16425629
 -0.16425629 -0.16425629 -0.16425629 -0.16425629 -0.16425629 -0.16425629
 -0.16425629 -0.16425629  9.35086964 -0.16425629 -0.16425629 -0.16425629
  7.84638495 -0.16425629 -0.16425629 -0.16425629  5.07365825 -0.16425629
 -0.16425629 -0.16425629  4.6092034  -0.16425629 -0.16425629 -0.16425629
 -0.16425629 -0.16425629 -0.16425629 -0.16425629 -0.16425629 -0.16425629
 -0.16425629 -0.16425629 -0.16425629 -0.16425629 -0.16425629 -0.16425629
 -0.16425629 -0.16425629 -0.16425629 -0.16425629 -0.16425629 -0.16425629
 -0.16425629 -0.16425629 -0.16425629 -0.16425629 -0.16425629 -0.16425629
 -0.16425629 -0.16425629 -0.16425629 -0.16425629 -0.16425629 -0.16425629
 -0.16425629 -0.16425629 -0.16425629 -0.16425629 -0.16425629 -0.16425629
 -0.16425629 -0.16425629 -0.16425629 -0.16425629]",[-0.015702981031559815]
3,"[-0.14715006 -0.14715006 -0.14715006 -0.14715006 -0.14715006 -0.14715006
 -0.14715006 -0.14715006 -0.14715006 -0.14715006 -0.14715006 -0.14715006
 -0.14715006 -0.14715006 -0.14715006 -0.14715006 -0.14715006 -0.14715006
 -0.14715006 -0.14715006 -0.14715006 -0.14715006 -0.14715006 -0.14715006
 -0.14715006 -0.14715006 -0.14715006 -0.14715006 -0.14715006 -0.14715006
 -0.14715006 -0.14715006 -0.14715006 -0.14715006 -0.14715006 -0.14715006
 -0.14715006 -0.14715006 -0.14715006 -0.14715006 -0.14715006 -0.14715006
 -0.14715006 -0.14715006 -0.14715006 -0.14715006 -0.14715006 -0.14715006
 -0.14715006 -0.14715006 -0.14715006 -0.14715006 -0.14715006 -0.14715006
 -0.14715006 -0.14715006 -0.14715006 -0.14715006 -0.14715006 -0.14715006
 -0.14715006 -0.14715006 -0.14715006 -0.14715006 -0.14715006 -0.14715006
 -0.14715006 -0.14715006 -0.14715006 -0.14715006 -0.14715006 -0.14715006
 -0.14715006 -0.14715006 -0.14715006 -0.14715006 -0.14715006 -0.14715006
 -0.14715006 -0.14715006 -0.14715006 -0.14715006 -0.14715006  1.37173043
 -0.14715006 -0.14715006 -0.14715006 -0.14715006 -0.14715006 -0.14715006
 -0.14715006 -0.14715006  3.86922067 -0.14715006 -0.14715006 -0.14715006
 -0.14715006 -0.14715006 -0.14715006 -0.14715006 -0.14715006 -0.14715006
 -0.14715006 -0.14715006 -0.14715006 -0.14715006 -0.14715006 -0.14715006
 -0.14715006 -0.14715006  0.85610898 -0.14715006 -0.14715006 -0.14715006
 -0.14715006 -0.14715006 -0.14715006 -0.14715006 -0.14715006 -0.14715006
 -0.14715006 -0.14715006 -0.14715006 -0.14715006 -0.14715006 -0.14715006
 -0.14715006 -0.14715006 -0.14715006 -0.14715006 -0.14715006 -0.14715006
 -0.14715006 -0.14715006 -0.14715006 -0.14715006 -0.14715006 -0.14715006
 -0.14715006 -0.14715006 -0.14715006 -0.14715006 -0.14715006 -0.14715006
 -0.14715006 -0.14715006 -0.14715006 -0.14715006 -0.14715006 -0.14715006
 -0.14715006 -0.14715006 -0.14715006 -0.14715006 -0.14715006 -0.14715006
 -0.14715006 -0.14715006 -0.14715006 -0.14715006 -0.14715006 -0.14715006
 -0.14715006 -0.14715006 -0.14715006 -0.14715006 -0.14715006 -0.14715006
 -0.14715006 -0.14715006 -0.14715006 -0.14715006 -0.14715006 -0.14715006
 -0.14715006 -0.14715006 -0.14715006 -0.14715006 -0.14715006 -0.14715006
 -0.14715006 -0.14715006 -0.14715006 -0.14715006 -0.14715006 -0.14715006
  2.48183668 -0.14715006 -0.14715006 -0.14715006 -0.14715006 -0.14715006
 -0.14715006 -0.14715006 -0.14715006 -0.14715006 -0.14715006 -0.14715006
 -0.14715006 -0.14715006 -0.14715006 -0.14715006 -0.14715006 -0.14715006
 -0.14715006 -0.14715006 -0.14715006 -0.14715006 -0.14715006 -0.14715006
  3.74021799 -0.14715006 -0.0663865  -0.14715006 -0.14715006  7.9007549
 -0.14715006 -0.14715006 -0.14715006 -0.14715006 -0.14715006 -0.14715006
 -0.14715006 -0.14715006 -0.14715006 -0.14715006 -0.14715006 -0.14715006
 -0.14715006 -0.14715006 -0.14715006 -0.14715006 -0.14715006 -0.14715006
 -0.14715006  5.49762718 -0.14715006 -0.14715006  5.92443459 -0.14715006
  5.65196825 -0.14715006 -0.14715006 -0.14715006 -0.14715006 -0.14715006
 -0.14715006 -0.14715006 -0.14715006 -0.14715006 -0.14715006 -0.14715006
 -0.14715006 -0.14715006 -0.14715006 -0.14715006 -0.14715006 -0.14715006
 -0.14715006 -0.14715006 -0.14715006  6.30519802 -0.14715006 -0.14715006
 -0.14715006 -0.14715006 -0.14715006 -0.14715006 -0.14715006 -0.14715006
 -0.14715006 -0.14715006 -0.14715006 -0.14715006 -0.14715006 -0.14715006
 -0.14715006 -0.14715006 -0.14715006 -0.14715006 -0.14715006 -0.14715006
 -0.14715006 -0.14715006 -0.14715006 -0.14715006 -0.14715006 -0.14715006
 -0.14715006 -0.14715006 -0.14715006 -0.14715006 -0.14715006 -0.14715006
 -0.14715006 -0.14715006 -0.14715006 -0.14715006 -0.14715006 -0.14715006
 -0.14715006 -0.14715006 -0.14715006 -0.14715006 -0.14715006 -0.14715006
 -0.14715006 -0.14715006  4.67196311 -0.14715006 -0.14715006  2.62109542
 -0.14715006 -0.14715006 -0.14715006 -0.14715006 -0.14715006 -0.14715006
 -0.14715006 -0.14715006 -0.14715006 -0.14715006 -0.14715006 -0.14715006
 -0.14715006 -0.14715006 -0.14715006 -0.14715006 -0.14715006 -0.14715006
 -0.14715006 -0.14715006 -0.14715006 -0.14715006 -0.14715006 -0.14715006
 -0.14715006 -0.14715006 -0.14715006 -0.14715006 -0.14715006 -0.14715006
 -0.14715006 -0.14715006 -0.14715006 -0.14715006 -0.14715006 -0.14715006
 -0.14715006 -0.14715006 -0.14715006 -0.14715006 -0.14715006 -0.14715006
 -0.14715006 -0.14715006 -0.14715006 -0.14715006 -0.14715006 -0.14715006
 -0.14715006 -0.14715006 -0.14715006 -0.14715006 -0.14715006 -0.14715006
 -0.14715006 -0.14715006 -0.14715006 -0.14715006 -0.14715006 -0.14715006
 -0.14715006 -0.14715006 -0.14715006 -0.14715006 -0.14715006 -0.14715006
 -0.14715006 -0.14715006 -0.14715006 -0.14715006 -0.14715006 -0.14715006
 -0.14715006 -0.14715006 -0.14715006 -0.14715006 -0.14715006 -0.14715006
 -0.14715006 -0.14715006 -0.14715006 -0.14715006 -0.14715006 -0.14715006
 -0.14715006 -0.14715006 -0.14715006 -0.14715006 -0.14715006 -0.14715006
 -0.14715006 -0.14715006 -0.14715006 -0.14715006 -0.14715006 -0.14715006
 -0.14715006 -0.14715006 -0.14715006 -0.14715006 -0.14715006 -0.14715006
 -0.14715006 -0.14715006 -0.14715006 -0.14715006 -0.14715006 -0.14715006
 -0.14715006 -0.14715006 -0.14715006 -0.14715006 -0.14715006 -0.14715006
 -0.14715006 -0.14715006 -0.14715006 -0.14715006 -0.14715006 -0.14715006
 -0.14715006 -0.14715006 -0.14715006 -0.14715006 -0.14715006 -0.14715006
 -0.14715006 -0.14715006 -0.14715006 -0.14715006 -0.14715006 -0.14715006
 -0.14715006 -0.14715006 -0.14715006 -0.14715006 -0.14715006 -0.14715006
 -0.14715006 -0.14715006 -0.14715006 -0.14715006 -0.14715006 -0.14715006
 -0.14715006 -0.14715006 -0.14715006 -0.14715006 -0.14715006 -0.14715006
 -0.14715006 -0.14715006  1.45325474 -0.14715006 10.04065172 -0.14715006
 11.8439516  -0.14715006 -0.14715006 -0.14715006 -0.14715006 -0.14715006
 -0.14715006 -0.14715006 -0.14715006 -0.14715006 -0.14715006 -0.14715006
 -0.14715006 -0.14715006 -0.14715006 -0.14715006 -0.14715006 -0.14715006
 -0.14715006 -0.14715006 -0.14715006 -0.14715006 -0.14715006 -0.14715006
 -0.14715006 -0.14715006 -0.14715006 -0.14715006 -0.14715006 -0.14715006
 -0.14715006 -0.14715006 -0.14715006 -0.14715006 -0.14715006 -0.14715006
 -0.14715006 -0.14715006 -0.14715006 -0.14715006 -0.14715006 -0.14715006
 -0.14715006 -0.14715006 -0.14715006 -0.14715006 -0.14715006 -0.14715006
 -0.14715006 -0.14715006 -0.14715006 -0.14715006]",[-0.002900679554214136]
3,"[-0.17995925 -0.17995925 -0.17995925 -0.17995925 -0.17995925 -0.17995925
 -0.17995925 -0.17995925 -0.17995925 -0.17995925 -0.17995925 -0.17995925
 -0.17995925 -0.17995925 -0.17995925 -0.17995925 -0.17995925 -0.17995925
 -0.17995925 -0.17995925 -0.17995925 -0.17995925 -0.17995925 -0.17995925
 -0.17995925 -0.17995925 -0.17995925 -0.17995925 -0.17995925 -0.17995925
 -0.17995925 -0.17995925 -0.17995925 -0.17995925 -0.17995925 -0.17995925
 -0.17995925 -0.17995925 -0.17995925 -0.17995925 -0.17995925 -0.17995925
 -0.17995925 -0.17995925 -0.17995925 -0.17995925 -0.17995925 -0.17995925
 -0.17995925 -0.17995925 -0.17995925 -0.17995925 -0.17995925 -0.17995925
 -0.17995925 -0.17995925 -0.17995925 -0.17995925  2.12665396 -0.17995925
 -0.17995925 -0.17995925 -0.17995925 -0.17995925 -0.17995925 -0.17995925
 -0.17995925 -0.17995925 -0.17995925 -0.17995925 -0.17995925 -0.17995925
 -0.17995925 -0.17995925 -0.17995925 -0.17995925 -0.17995925 -0.17995925
 -0.17995925 -0.17995925 -0.17995925 -0.17995925 -0.17995925  8.11340672
 -0.17995925 -0.17995925 -0.17995925 -0.17995925 -0.17995925 -0.17995925
 -0.17995925 -0.17995925 -0.17995925 -0.17995925 -0.17995925 -0.17995925
 -0.17995925 -0.17995925 -0.17995925 -0.17995925 -0.17995925 -0.17995925
 -0.17995925 -0.17995925 -0.17995925 -0.17995925 -0.17995925 -0.17995925
 -0.17995925 -0.17995925  1.31143044 -0.17995925 -0.17995925 -0.17995925
 -0.17995925 -0.17995925 -0.17995925 -0.17995925 -0.17995925 -0.17995925
 -0.17995925 -0.17995925 -0.17995925 -0.17995925 -0.17995925 -0.17995925
 -0.17995925 -0.17995925 -0.17995925 -0.17995925 -0.17995925 -0.17995925
 -0.17995925 -0.17995925 -0.17995925 -0.17995925 -0.17995925 -0.17995925
 -0.17995925 -0.17995925 -0.17995925 -0.17995925 -0.17995925 -0.17995925
 -0.17995925 -0.17995925 -0.17995925 -0.17995925 -0.17995925 -0.17995925
 -0.17995925 -0.17995925 -0.17995925 -0.17995925 -0.17995925 -0.17995925
 -0.17995925 -0.17995925 -0.17995925 -0.17995925 -0.17995925 -0.17995925
 -0.17995925 -0.17995925 -0.17995925 -0.17995925 -0.17995925 -0.17995925
 -0.17995925 -0.17995925 -0.17995925 -0.17995925 -0.17995925 -0.17995925
 -0.17995925 -0.17995925 -0.17995925 -0.17995925 -0.17995925 -0.17995925
 -0.17995925 -0.17995925 -0.17995925 -0.17995925 -0.17995925 -0.17995925
  2.6279418  -0.17995925 -0.17995925 -0.17995925 -0.17995925 -0.17995925
 -0.17995925 -0.17995925 -0.17995925 -0.17995925 -0.17995925 -0.17995925
 -0.17995925 -0.17995925  1.88779117 -0.17995925 -0.17995925  3.64620874
 -0.17995925 -0.17995925 -0.17995925 -0.17995925 -0.17995925 -0.17995925
  6.24125851 -0.17995925 -0.17995925 -0.17995925 -0.17995925  6.53066523
 -0.17995925 -0.17995925 -0.17995925 -0.17995925 -0.17995925 -0.17995925
 -0.17995925 -0.17995925 -0.17995925 -0.17995925 -0.17995925 -0.17995925
 -0.17995925 -0.17995925 -0.17995925 -0.17995925 -0.17995925 -0.17995925
 -0.17995925  3.7684507  -0.17995925 -0.17995925 -0.17995925 -0.17995925
  1.74717957 -0.17995925 -0.17995925 -0.17995925 -0.17995925 -0.17995925
 -0.17995925 -0.17995925 -0.17995925 -0.17995925 -0.17995925 -0.17995925
 -0.17995925 -0.17995925 -0.17995925 -0.17995925 -0.17995925 -0.17995925
 -0.17995925 -0.17995925 -0.17995925 -0.17995925 -0.17995925  0.61812047
 -0.17995925 -0.17995925 -0.17995925 -0.17995925 -0.17995925 -0.17995925
 -0.17995925 -0.17995925  0.10786013 -0.17995925 -0.17995925 -0.17995925
 -0.17995925 -0.17995925 -0.17995925 -0.17995925 -0.17995925 -0.17995925
 -0.17995925 -0.17995925 -0.17995925 -0.17995925 -0.17995925  4.72455152
 -0.17995925 -0.17995925 -0.17995925 -0.17995925 -0.17995925 -0.17995925
 -0.17995925 -0.17995925 -0.17995925 -0.17995925 -0.17995925 -0.17995925
 -0.17995925 -0.17995925 -0.17995925 -0.17995925 -0.17995925 -0.17995925
 -0.17995925 -0.17995925 -0.17995925 -0.17995925 -0.17995925  5.97431831
 -0.17995925 -0.17995925 -0.17995925 -0.17995925 -0.17995925 -0.17995925
 -0.17995925 -0.17995925 -0.17995925 -0.17995925 -0.17995925 -0.17995925
 -0.17995925 -0.17995925 -0.17995925 -0.17995925 -0.17995925 -0.17995925
 -0.17995925 -0.17995925 -0.17995925 -0.17995925 -0.17995925 -0.17995925
 -0.17995925  1.93011463 -0.17995925 -0.17995925 -0.17995925 -0.17995925
 -0.17995925 -0.17995925 -0.17995925 -0.17995925 -0.17995925 -0.17995925
 -0.17995925 -0.17995925 -0.17995925 -0.17995925 -0.17995925 -0.17995925
 -0.17995925 -0.17995925  3.78897855 -0.17995925 -0.17995925 -0.17995925
 -0.17995925 -0.17995925 -0.17995925 -0.17995925 -0.17995925 -0.17995925
 -0.17995925 -0.17995925 -0.17995925 -0.17995925 -0.17995925 -0.17995925
 -0.17995925 -0.17995925 -0.17995925 -0.17995925 -0.17995925 -0.17995925
 -0.17995925 -0.17995925 -0.17995925  2.06539293 -0.17995925 -0.17995925
 -0.17995925 -0.17995925 -0.17995925 -0.17995925 -0.17995925 -0.17995925
 -0.17995925 -0.17995925 -0.17995925 -0.17995925 -0.17995925 -0.17995925
 -0.17995925 -0.17995925 -0.17995925 -0.17995925 -0.17995925 -0.17995925
 -0.17995925 -0.17995925 -0.17995925 -0.17995925 -0.17995925 -0.17995925
 -0.17995925 -0.17995925 -0.17995925 -0.17995925 -0.17995925 -0.17995925
 -0.17995925 -0.17995925 -0.17995925 -0.17995925 -0.17995925 -0.17995925
 -0.17995925 -0.17995925 -0.17995925 -0.17995925 -0.17995925 -0.17995925
 -0.17995925 -0.17995925 -0.17995925 -0.17995925 -0.17995925 -0.17995925
 -0.17995925 -0.17995925 -0.17995925 -0.17995925 -0.17995925 -0.17995925
 -0.17995925 -0.17995925 -0.17995925 -0.17995925 -0.17995925 -0.17995925
 -0.17995925 -0.17995925 -0.17995925 -0.17995925 -0.17995925 -0.17995925
 -0.17995925 -0.17995925 -0.17995925 -0.17995925 -0.17995925 -0.17995925
 -0.17995925 -0.17995925 -0.17995925 -0.17995925 -0.17995925 -0.17995925
 -0.17995925 -0.17995925  8.10816102 -0.17995925 -0.17995925 -0.17995925
  7.8054836  -0.17995925 -0.17995925 -0.17995925 -0.17995925 -0.17995925
  7.71453049 -0.17995925 -0.17995925 -0.17995925 -0.17995925 -0.17995925
 -0.17995925 -0.17995925 -0.17995925 -0.17995925 -0.17995925 -0.17995925
 -0.17995925 -0.17995925 -0.17995925 -0.17995925 -0.17995925  5.74873376
 -0.17995925 -0.17995925 -0.17995925 -0.17995925 -0.17995925 -0.17995925
 -0.17995925 -0.17995925 -0.17995925 -0.17995925 -0.17995925 -0.17995925
  3.03247621 -0.17995925 -0.17995925 -0.17995925 -0.17995925 -0.17995925
 -0.17995925 -0.17995925 -0.17995925 -0.17995925 -0.17995925 -0.17995925
 -0.17995925 -0.17995925 -0.17995925 -0.17995925]",[0.010722309561279453]
4,"[-0.14315144 -0.14315144 -0.14315144 -0.14315144 -0.14315144 -0.14315144
 -0.14315144 -0.14315144 -0.14315144 -0.14315144 -0.14315144 -0.14315144
 -0.14315144 -0.14315144 -0.14315144 -0.14315144 -0.14315144 -0.14315144
 -0.14315144 -0.14315144 -0.14315144 -0.14315144 -0.14315144 -0.14315144
 -0.14315144 -0.14315144 -0.14315144 -0.14315144 -0.14315144 -0.14315144
 -0.14315144 -0.14315144 -0.14315144 -0.14315144 -0.14315144 -0.14315144
 -0.14315144 -0.14315144 -0.14315144 -0.14315144 -0.14315144 -0.14315144
 -0.14315144 -0.14315144 -0.14315144 -0.14315144 -0.14315144 -0.14315144
 -0.14315144 -0.14315144 -0.14315144 -0.14315144 -0.14315144 -0.14315144
 -0.14315144 -0.14315144 -0.14315144 -0.14315144 -0.14315144 -0.14315144
 -0.14315144 -0.14315144 -0.14315144 -0.14315144 -0.14315144 -0.14315144
 -0.14315144 -0.14315144 -0.14315144 -0.14315144 -0.14315144 -0.14315144
 -0.14315144 -0.14315144 -0.14315144 -0.14315144 -0.14315144 -0.14315144
 -0.14315144 -0.14315144 -0.14315144 -0.14315144 -0.14315144  2.82773991
 -0.14315144 -0.14315144 -0.14315144 -0.14315144 -0.14315144 -0.14315144
 -0.14315144 -0.14315144 -0.14315144 -0.14315144 -0.14315144 -0.14315144
 -0.14315144 -0.14315144 -0.14315144 -0.14315144 -0.14315144 -0.14315144
 -0.14315144 -0.14315144 -0.14315144 -0.14315144 -0.14315144 -0.14315144
 -0.14315144 -0.14315144  1.40220278 -0.14315144 -0.14315144 -0.14315144
 -0.14315144 -0.14315144 -0.14315144 -0.14315144 -0.14315144 -0.14315144
 -0.14315144 -0.14315144 -0.14315144  1.9171091  -0.14315144 -0.14315144
 -0.14315144 -0.14315144 -0.14315144 -0.14315144 -0.14315144 -0.14315144
 -0.14315144 -0.14315144 -0.14315144 -0.14315144 -0.14315144 -0.14315144
 -0.14315144 -0.14315144 -0.14315144 -0.14315144 -0.14315144 -0.14315144
 -0.14315144 -0.14315144 -0.14315144 -0.14315144 -0.14315144 -0.14315144
 -0.14315144 -0.14315144 -0.14315144 -0.14315144 -0.14315144 -0.14315144
 -0.14315144 -0.14315144 -0.14315144 -0.14315144 -0.14315144 -0.14315144
 -0.14315144 -0.14315144 -0.14315144 -0.14315144 -0.14315144 -0.14315144
 -0.14315144 -0.14315144 -0.14315144 -0.14315144 -0.14315144 -0.14315144
 -0.14315144 -0.14315144 -0.14315144 -0.14315144 -0.14315144 -0.14315144
 -0.14315144 -0.14315144 -0.14315144 -0.14315144 -0.14315144 -0.14315144
  3.70611396 -0.14315144 -0.14315144 -0.14315144 -0.14315144 -0.14315144
 -0.14315144 -0.14315144 -0.14315144 -0.14315144 -0.14315144 -0.14315144
 -0.14315144 -0.14315144  8.23442535 -0.14315144 -0.14315144 -0.14315144
 -0.14315144 -0.14315144 -0.14315144 -0.14315144 -0.14315144 -0.14315144
  9.67417414 -0.14315144 -0.14315144 -0.14315144 -0.14315144  7.59622147
 -0.14315144 -0.14315144 -0.14315144 -0.14315144 -0.14315144 -0.14315144
 -0.14315144 -0.14315144 -0.14315144 -0.14315144 -0.14315144 -0.14315144
 -0.14315144 -0.14315144 -0.14315144 -0.14315144 -0.14315144 -0.14315144
 -0.14315144  0.0137663  -0.14315144 -0.14315144 -0.14315144 -0.14315144
 -0.14315144 -0.14315144 -0.14315144 -0.14315144 -0.14315144 -0.14315144
 -0.14315144 -0.14315144 -0.14315144 -0.14315144 -0.14315144 -0.14315144
 -0.14315144 -0.14315144 -0.14315144 -0.14315144 -0.14315144 -0.14315144
 -0.14315144 -0.14315144 -0.14315144  6.91230885 -0.14315144 -0.14315144
 -0.14315144 -0.14315144 -0.14315144 -0.14315144 -0.14315144 -0.14315144
 -0.14315144 -0.14315144  0.85488867 -0.14315144 -0.14315144 -0.14315144
 -0.14315144 -0.14315144 -0.14315144 -0.14315144 -0.14315144 -0.14315144
 -0.14315144 -0.14315144 -0.14315144 -0.14315144 -0.14315144  1.85188712
 -0.14315144 -0.14315144 -0.14315144 -0.14315144 -0.14315144 -0.14315144
 -0.14315144 -0.14315144 -0.14315144 -0.14315144 -0.14315144 -0.14315144
 -0.14315144 -0.14315144 -0.14315144 -0.14315144 -0.14315144 -0.14315144
 -0.14315144 -0.14315144 -0.14315144 -0.14315144 -0.14315144  3.54642959
 -0.14315144 -0.14315144 -0.14315144 -0.14315144 -0.14315144 -0.14315144
 -0.14315144 -0.14315144 -0.14315144 -0.14315144 -0.14315144 -0.14315144
 -0.14315144 -0.14315144 -0.14315144 -0.14315144 -0.14315144 -0.14315144
 -0.14315144 -0.14315144 -0.14315144 -0.14315144 -0.14315144 -0.14315144
 -0.14315144 -0.14315144 -0.14315144 -0.14315144 -0.14315144 -0.14315144
 -0.14315144 -0.14315144 -0.14315144 -0.14315144 -0.14315144 -0.14315144
 -0.14315144 -0.14315144 -0.14315144 -0.14315144 -0.14315144 -0.14315144
 -0.14315144 -0.14315144 -0.14315144 -0.14315144 -0.14315144 -0.14315144
 -0.14315144 -0.14315144 -0.14315144 -0.14315144 -0.14315144 -0.14315144
 -0.14315144 -0.14315144 -0.14315144 -0.14315144 -0.14315144 -0.14315144
 -0.14315144 -0.14315144 -0.14315144 -0.14315144 -0.14315144 -0.14315144
 -0.14315144 -0.14315144 -0.14315144 -0.14315144 -0.14315144 -0.14315144
 -0.14315144 -0.14315144 -0.14315144 -0.14315144 -0.14315144 -0.14315144
 -0.14315144 -0.14315144 -0.14315144 -0.14315144 -0.14315144 -0.14315144
 -0.14315144 -0.14315144 -0.14315144 -0.14315144 -0.14315144 -0.14315144
 -0.14315144 -0.14315144 -0.14315144 -0.14315144 -0.14315144 -0.14315144
 -0.14315144 -0.14315144 -0.14315144 -0.14315144 -0.14315144 -0.14315144
 -0.14315144 -0.14315144 -0.14315144 -0.14315144 -0.14315144 -0.14315144
 -0.14315144 -0.14315144 -0.14315144 -0.14315144 -0.14315144 -0.14315144
 -0.14315144 -0.14315144 -0.14315144 -0.14315144 -0.14315144 -0.14315144
 -0.14315144 -0.14315144 -0.14315144 -0.14315144 -0.14315144 -0.14315144
 -0.14315144 -0.14315144 -0.14315144 -0.14315144 -0.14315144 -0.14315144
 -0.14315144 -0.14315144 -0.14315144 -0.14315144 -0.14315144 -0.14315144
 -0.14315144 -0.14315144 -0.14315144 -0.14315144 -0.14315144 -0.14315144
 -0.14315144 -0.14315144 -0.14315144 -0.14315144 -0.14315144 -0.14315144
 -0.14315144 -0.14315144 10.48018301 -0.14315144 -0.14315144 -0.14315144
  6.03339849 -0.14315144 -0.14315144 -0.14315144 -0.14315144 -0.14315144
 -0.14315144 -0.14315144 -0.14315144 -0.14315144 -0.14315144 -0.14315144
 -0.14315144 -0.14315144 -0.14315144 -0.14315144 -0.14315144 -0.14315144
 -0.14315144  7.2406278  -0.14315144 -0.14315144 -0.14315144 -0.14315144
 -0.14315144 -0.14315144 -0.14315144 -0.14315144 -0.14315144 -0.14315144
 -0.14315144 -0.14315144 -0.14315144 -0.14315144 -0.14315144 -0.14315144
 -0.14315144 -0.14315144 -0.14315144 -0.14315144 -0.14315144 -0.14315144
 -0.14315144 -0.14315144 -0.14315144 -0.14315144 -0.14315144 -0.14315144
 -0.14315144 -0.14315144 -0.14315144 -0.14315144]",[0.018679959326268994]
4,"[-0.11074888 -0.11074888 -0.11074888 -0.11074888 -0.04206807 -0.11074888
 -0.11074888 -0.11074888 -0.11074888 -0.11074888 -0.11074888 -0.11074888
 -0.11074888 -0.11074888 -0.11074888 -0.11074888 -0.11074888 -0.11074888
 -0.11074888 -0.11074888 -0.11074888 -0.11074888 -0.11074888 -0.11074888
 -0.11074888 -0.11074888 -0.11074888 -0.11074888 -0.11074888 -0.11074888
 -0.11074888 -0.11074888 -0.11074888 -0.11074888 -0.11074888 -0.11074888
 -0.11074888 -0.11074888 -0.11074888 -0.11074888 -0.11074888 -0.11074888
 -0.11074888 -0.11074888 -0.11074888 -0.11074888 -0.11074888 -0.11074888
 -0.11074888 -0.11074888 -0.11074888 -0.11074888 -0.11074888 -0.11074888
 -0.11074888 -0.11074888 -0.11074888 -0.11074888 -0.11074888 -0.11074888
 -0.11074888 -0.11074888 -0.11074888 -0.11074888 -0.11074888 -0.11074888
 -0.11074888 -0.11074888 -0.11074888 -0.11074888 -0.11074888 -0.11074888
 -0.11074888 -0.11074888 -0.11074888 -0.11074888 -0.11074888 -0.11074888
 -0.11074888 -0.11074888 -0.11074888 -0.11074888 -0.11074888  2.45946974
 -0.11074888 -0.11074888 -0.11074888 -0.11074888 -0.11074888 -0.11074888
 -0.11074888 -0.11074888 -0.11074888 -0.11074888 -0.11074888 -0.11074888
 -0.11074888 -0.11074888 -0.11074888 -0.11074888 -0.11074888 -0.11074888
 -0.11074888 -0.11074888 -0.11074888 -0.11074888  0.32693783 -0.11074888
 -0.11074888 -0.11074888  1.45014874 -0.11074888 -0.11074888 -0.11074888
 -0.11074888 -0.11074888  1.34165926 -0.11074888 -0.11074888 -0.11074888
 -0.11074888 -0.11074888 -0.11074888 -0.11074888 -0.11074888 -0.11074888
 -0.11074888 -0.11074888 -0.11074888 -0.11074888 -0.11074888 -0.11074888
 -0.11074888 -0.11074888 -0.11074888 -0.11074888 -0.11074888 -0.11074888
 -0.11074888 -0.11074888 -0.11074888 -0.11074888 -0.11074888 -0.11074888
 -0.11074888 -0.11074888 -0.11074888 -0.11074888 -0.11074888 -0.11074888
 -0.11074888 -0.11074888 -0.11074888 -0.11074888 -0.11074888 -0.11074888
 -0.11074888 -0.11074888 -0.11074888 -0.11074888 -0.11074888 -0.11074888
 -0.11074888 -0.11074888 -0.11074888 -0.11074888 -0.11074888 -0.11074888
 -0.11074888 -0.11074888 -0.11074888 -0.11074888 -0.11074888  3.47509703
 -0.11074888 -0.11074888 -0.11074888 -0.11074888 -0.11074888 -0.11074888
 -0.11074888 -0.11074888 -0.11074888 -0.11074888 -0.11074888 -0.11074888
 -0.11074888 -0.11074888 -0.11074888 -0.11074888 -0.11074888 -0.11074888
 -0.11074888 -0.11074888 -0.11074888 -0.11074888 -0.11074888 -0.11074888
 -0.11074888 -0.11074888  4.01252655 -0.11074888 -0.11074888 -0.11074888
 -0.11074888 -0.11074888 -0.11074888 -0.11074888 -0.11074888 -0.11074888
  7.47493837 -0.11074888 -0.11074888 -0.11074888 -0.11074888 12.23294714
 -0.11074888 -0.11074888 -0.11074888 -0.11074888 -0.11074888 -0.11074888
 -0.11074888 -0.11074888 -0.11074888 -0.11074888 -0.11074888 -0.11074888
 -0.11074888 -0.11074888 -0.11074888 -0.11074888 -0.11074888 -0.11074888
 -0.11074888  0.25020647 -0.11074888 -0.11074888 -0.11074888 -0.11074888
 -0.11074888 -0.11074888 -0.11074888 -0.11074888 -0.11074888 -0.11074888
 -0.11074888 -0.11074888 -0.11074888 -0.11074888 -0.11074888 -0.11074888
 -0.11074888 -0.11074888 -0.11074888 -0.11074888 -0.11074888 -0.11074888
 -0.11074888 -0.11074888 -0.11074888 -0.11074888 -0.11074888 -0.11074888
 -0.11074888 -0.11074888 -0.11074888 -0.11074888 -0.11074888 -0.11074888
 -0.11074888 -0.11074888 -0.11074888 -0.11074888 -0.11074888 -0.11074888
 -0.11074888 -0.11074888 -0.11074888 -0.11074888 -0.11074888 -0.11074888
 -0.11074888  0.74517885 -0.11074888 -0.11074888 -0.11074888 -0.11074888
 -0.11074888 -0.11074888 -0.11074888 -0.11074888 -0.11074888 -0.11074888
 -0.11074888 -0.11074888 -0.11074888 -0.11074888 -0.11074888 -0.11074888
 -0.11074888 -0.11074888 -0.11074888 -0.11074888 -0.11074888 -0.11074888
 -0.11074888 -0.11074888 -0.11074888 -0.11074888 -0.11074888  8.20972161
 -0.11074888 -0.11074888 -0.11074888 -0.11074888 -0.11074888 -0.11074888
 -0.11074888 -0.11074888 -0.11074888 -0.11074888 -0.11074888 -0.11074888
 -0.11074888 -0.11074888 -0.11074888 -0.11074888 -0.11074888 -0.11074888
 -0.11074888 -0.11074888 -0.11074888 -0.11074888 -0.11074888 -0.11074888
 -0.11074888 -0.11074888 -0.11074888 -0.11074888 -0.11074888 -0.11074888
 -0.11074888 -0.11074888 -0.11074888 -0.11074888 -0.11074888 -0.11074888
 -0.11074888 -0.11074888 -0.11074888 -0.11074888 -0.11074888 -0.11074888
 -0.11074888 -0.11074888 -0.11074888 -0.11074888 -0.11074888 -0.11074888
 -0.11074888 -0.11074888 -0.11074888 -0.11074888 -0.11074888 -0.11074888
 -0.11074888 -0.11074888 -0.11074888 -0.11074888 -0.11074888 -0.11074888
 -0.11074888 -0.11074888 -0.11074888 -0.11074888 -0.11074888 -0.11074888
 -0.11074888 -0.11074888 -0.11074888 -0.11074888 -0.11074888 -0.11074888
 -0.11074888 -0.11074888 -0.11074888 -0.11074888 -0.11074888 -0.11074888
 -0.11074888 -0.11074888 -0.11074888 -0.11074888 -0.11074888 -0.11074888
 -0.11074888 -0.11074888 -0.11074888 -0.11074888 -0.11074888 -0.11074888
 -0.11074888 -0.11074888 -0.11074888 -0.11074888 -0.11074888 -0.11074888
 -0.11074888 -0.11074888 -0.11074888 -0.11074888 -0.11074888 -0.11074888
 -0.11074888 -0.11074888 -0.11074888 -0.11074888 -0.11074888 -0.11074888
 -0.11074888 -0.11074888 -0.11074888 -0.11074888 -0.11074888 -0.11074888
 -0.11074888 -0.11074888 -0.11074888 -0.11074888 -0.11074888 -0.11074888
 -0.11074888 -0.11074888 -0.11074888 -0.11074888 -0.11074888 -0.11074888
 -0.11074888 -0.11074888 -0.11074888 -0.11074888 -0.11074888 -0.11074888
 -0.11074888 -0.11074888 -0.11074888 -0.11074888 -0.11074888 -0.11074888
 -0.11074888 -0.11074888 -0.11074888 -0.11074888 -0.11074888 -0.11074888
 -0.11074888 -0.11074888 -0.11074888 -0.11074888 -0.11074888 -0.11074888
 -0.11074888 -0.11074888 14.21291889 -0.11074888 -0.11074888 -0.11074888
 -0.11074888 -0.11074888 -0.11074888 -0.11074888 -0.11074888 -0.11074888
 -0.11074888 -0.11074888 -0.11074888 -0.11074888 -0.11074888 -0.11074888
 -0.11074888 -0.11074888 -0.11074888 -0.11074888 -0.11074888 -0.11074888
 -0.11074888 -0.11074888 -0.11074888 -0.11074888 -0.11074888 -0.11074888
 -0.11074888 -0.11074888 -0.11074888 -0.11074888 -0.11074888 -0.11074888
 -0.11074888 -0.11074888 -0.11074888 -0.11074888 -0.11074888 -0.11074888
 -0.11074888 -0.11074888 -0.11074888 -0.11074888 -0.11074888 -0.11074888
 -0.11074888 -0.11074888 -0.11074888 -0.11074888 -0.11074888 -0.11074888
 -0.11074888 -0.11074888 -0.11074888 -0.11074888]",[-0.04884323838024372]
4,"[-0.134658   -0.134658   -0.134658   -0.134658   -0.134658   -0.134658
 -0.134658   -0.134658   -0.134658   -0.134658   -0.134658   -0.134658
 -0.134658   -0.134658   -0.134658   -0.134658   -0.134658   -0.134658
  3.04378776 -0.134658   -0.134658   -0.134658   -0.134658   -0.134658
 -0.134658   -0.134658   -0.134658   -0.134658   -0.134658   -0.134658
 -0.134658   -0.134658   -0.134658   -0.134658   -0.134658   -0.134658
 -0.134658   -0.134658   -0.134658   -0.134658   -0.134658   -0.134658
 -0.134658   -0.134658   -0.134658   -0.134658   -0.134658   -0.134658
 -0.134658   -0.134658   -0.134658   -0.134658   -0.134658   -0.134658
 -0.134658   -0.134658   -0.134658   -0.134658   -0.134658   -0.134658
 -0.134658   -0.134658   -0.134658   -0.134658   -0.134658   -0.134658
 -0.134658   -0.134658   -0.134658   -0.134658   -0.134658   -0.134658
 -0.134658   -0.134658   -0.134658   -0.134658   -0.134658   -0.134658
 -0.134658   -0.134658   -0.134658   -0.134658   -0.134658   12.49242766
 -0.134658   -0.134658   -0.134658   -0.134658   -0.134658   -0.134658
 -0.134658   -0.134658   -0.134658   -0.134658   -0.134658   -0.134658
 -0.134658   -0.134658   -0.134658   -0.134658   -0.134658   -0.134658
 -0.134658   -0.134658   -0.134658   -0.134658   -0.134658   -0.134658
 -0.134658   -0.134658   -0.134658   -0.134658   -0.134658   -0.134658
 -0.134658   -0.134658   -0.134658   -0.134658   -0.134658   -0.134658
 -0.134658   -0.134658   -0.134658   -0.134658   -0.134658   -0.134658
 -0.134658   -0.134658   -0.134658   -0.134658   -0.134658   -0.134658
 -0.134658   -0.134658   -0.134658   -0.134658   -0.134658   -0.134658
 -0.134658   -0.134658   -0.134658   -0.134658   -0.134658   -0.134658
 -0.134658   -0.134658   -0.134658   -0.134658   -0.134658   -0.134658
 -0.134658   -0.134658   -0.134658   -0.134658   -0.134658   -0.134658
 -0.134658   -0.134658   -0.134658   -0.134658   -0.134658   -0.134658
 -0.134658   -0.134658   -0.134658   -0.134658   -0.134658   -0.134658
 -0.134658   -0.134658   -0.134658   -0.134658   -0.134658    4.33202085
 -0.134658   -0.134658   -0.134658   -0.134658   -0.134658   -0.134658
 -0.134658   -0.134658   -0.134658   -0.134658   -0.134658   -0.134658
  5.56006073 -0.134658   -0.134658   -0.134658   -0.134658   -0.134658
 -0.134658   -0.134658   -0.134658   -0.134658   -0.134658   -0.134658
 -0.134658   -0.134658   -0.134658   -0.134658   -0.134658    4.61743492
 -0.134658   -0.134658   -0.134658   -0.134658   -0.134658   -0.134658
  5.88441091 -0.134658   -0.134658   -0.134658   -0.134658    3.15071606
 -0.134658   -0.134658   -0.134658   -0.134658   -0.134658   -0.134658
 -0.134658   -0.134658   -0.134658   -0.134658   -0.134658   -0.134658
 -0.134658   -0.134658   -0.134658   -0.134658   -0.134658   -0.134658
 -0.134658    0.18139113 -0.134658   -0.134658   -0.134658   -0.134658
 -0.134658   -0.134658   -0.134658   -0.134658   -0.134658   -0.134658
 -0.134658   -0.134658   -0.134658   -0.134658   -0.134658   -0.134658
 -0.134658   -0.134658   -0.134658   -0.134658   -0.134658   -0.134658
 -0.134658   -0.134658   -0.134658    2.07200358 -0.134658   -0.134658
 -0.134658   -0.134658   -0.134658   -0.134658   -0.134658   -0.134658
 -0.134658   -0.134658   -0.134658   -0.134658   -0.134658   -0.134658
 -0.134658   -0.134658   -0.134658   -0.134658   -0.134658   -0.134658
 -0.134658   -0.134658   -0.134658   -0.134658   -0.134658    2.11580145
 -0.134658   -0.134658   -0.134658   -0.134658   -0.134658   -0.134658
 -0.134658   -0.134658   -0.134658   -0.134658   -0.134658   -0.134658
 -0.134658   -0.134658   -0.134658   -0.134658   -0.134658   -0.134658
 -0.134658   -0.134658   -0.134658   -0.134658   -0.134658    6.44957155
 -0.134658   -0.134658   -0.134658   -0.134658   -0.134658   -0.134658
 -0.134658   -0.134658   -0.134658   -0.134658   -0.134658   -0.134658
 -0.134658   -0.134658   -0.134658   -0.134658   -0.134658   -0.134658
 -0.134658   -0.134658   -0.134658   -0.134658   -0.134658   -0.134658
 -0.134658   -0.134658   -0.134658   -0.134658   -0.134658   -0.134658
 -0.134658   -0.134658   -0.134658   -0.134658   -0.134658   -0.134658
 -0.134658   -0.134658   -0.134658   -0.134658   -0.134658   -0.134658
 -0.134658   -0.134658   -0.134658   -0.134658   -0.134658   -0.134658
 -0.134658   -0.134658   -0.134658   -0.134658   -0.134658   -0.134658
 -0.134658   -0.134658   -0.134658   -0.134658   -0.134658   -0.134658
 -0.134658   -0.134658   -0.134658   -0.134658   -0.134658   -0.134658
 -0.134658   -0.134658   -0.134658   -0.134658   -0.134658   -0.134658
 -0.134658   -0.134658   -0.134658   -0.134658   -0.134658   -0.134658
 -0.134658   -0.134658   -0.134658   -0.134658   -0.134658   -0.134658
 -0.134658   -0.134658   -0.134658   -0.134658   -0.134658   -0.134658
 -0.134658   -0.134658   -0.134658   -0.134658   -0.134658   -0.134658
 -0.134658   -0.134658   -0.134658   -0.134658   -0.134658   -0.134658
 -0.134658   -0.134658   -0.134658   -0.134658   -0.134658   -0.134658
 -0.134658   -0.134658   -0.134658   -0.134658   -0.134658   -0.134658
 -0.134658   -0.134658   -0.134658   -0.134658   -0.134658   -0.134658
 -0.134658   -0.134658   -0.134658   -0.134658   -0.134658   -0.134658
 -0.134658   -0.134658   -0.134658   -0.134658   -0.134658   -0.134658
 -0.134658   -0.134658   -0.134658   -0.134658   -0.134658   -0.134658
 -0.134658   -0.134658   -0.134658   -0.134658   -0.134658   -0.134658
 -0.134658   -0.134658   -0.134658   -0.134658   -0.134658   -0.134658
 -0.134658   -0.134658   -0.134658   -0.134658   -0.134658   -0.134658
 11.50569747 -0.134658   -0.134658   -0.134658   -0.134658   -0.134658
 -0.134658   -0.134658   -0.134658   -0.134658   -0.134658   -0.134658
 -0.134658   -0.134658   -0.134658   -0.134658   -0.134658   -0.134658
 -0.134658    6.86628251 -0.134658   -0.134658   -0.134658   -0.134658
 -0.134658   -0.134658   -0.134658   -0.134658   -0.134658   -0.134658
 -0.134658   -0.134658   -0.134658   -0.134658   -0.134658   -0.134658
 -0.134658   -0.134658   -0.134658   -0.134658   -0.134658   -0.134658
 -0.134658   -0.134658   -0.134658   -0.134658   -0.134658   -0.134658
 -0.134658   -0.134658   -0.134658   -0.134658  ]",[0.012438205267084085]
4,"[-0.16306936 -0.16306936 -0.16306936 -0.16306936 -0.16306936 -0.16306936
 -0.16306936 -0.16306936 -0.16306936 -0.16306936 -0.16306936 -0.16306936
 -0.16306936 -0.16306936 -0.16306936 -0.16306936 -0.16306936 -0.16306936
 -0.16306936 -0.16306936 -0.16306936 -0.16306936 -0.16306936 -0.16306936
 -0.16306936 -0.16306936 -0.16306936 -0.16306936 -0.16306936 -0.16306936
 -0.16306936 -0.16306936 -0.16306936 -0.16306936 -0.16306936 -0.16306936
 -0.16306936 -0.16306936 -0.16306936 -0.16306936 -0.16306936 -0.16306936
 -0.16306936 -0.16306936 -0.16306936 -0.16306936 -0.16306936 -0.16306936
 -0.16306936 -0.16306936 -0.16306936 -0.16306936 -0.16306936 -0.16306936
 -0.16306936 -0.16306936 -0.16306936 -0.16306936 -0.16306936 -0.16306936
 -0.16306936 -0.16306936 -0.16306936 -0.16306936 -0.16306936 -0.16306936
 -0.16306936 -0.16306936 -0.16306936 -0.16306936 -0.16306936 -0.16306936
 -0.16306936 -0.16306936 -0.16306936 -0.16306936 -0.16306936 -0.16306936
 -0.16306936 -0.16306936 -0.16306936 -0.16306936 -0.16306936 10.2405206
 -0.16306936 -0.16306936 -0.16306936 -0.16306936 -0.16306936 -0.16306936
 -0.16306936 -0.16306936  4.90974518 -0.16306936 -0.16306936 -0.16306936
 -0.16306936 -0.16306936 -0.16306936 -0.16306936 -0.16306936 -0.16306936
 -0.16306936 -0.16306936 -0.16306936 -0.16306936 -0.16306936 -0.16306936
 -0.16306936 -0.16306936  7.39485334 -0.16306936 -0.16306936 -0.16306936
 -0.16306936 -0.16306936 -0.16306936 -0.16306936 -0.16306936 -0.16306936
 -0.16306936 -0.16306936 -0.16306936 -0.16306936 -0.16306936 -0.16306936
 -0.16306936 -0.16306936 -0.16306936 -0.16306936 -0.16306936 -0.16306936
 -0.16306936 -0.16306936 -0.16306936 -0.16306936 -0.16306936 -0.16306936
 -0.16306936 -0.16306936 -0.16306936 -0.16306936 -0.16306936 -0.16306936
 -0.16306936 -0.16306936 -0.16306936 -0.16306936 -0.16306936 -0.16306936
 -0.16306936 -0.16306936 -0.16306936 -0.16306936 -0.16306936 -0.16306936
 -0.16306936 -0.16306936 -0.16306936 -0.16306936 -0.16306936 -0.16306936
 -0.16306936  2.6040066  -0.16306936 -0.16306936 -0.16306936 -0.16306936
 -0.16306936 -0.16306936 -0.16306936 -0.16306936 -0.16306936 -0.16306936
 -0.16306936 -0.16306936 -0.16306936 -0.16306936 -0.16306936 -0.16306936
 -0.16306936 -0.16306936 -0.16306936 -0.16306936 -0.16306936 -0.16306936
 -0.16306936 -0.16306936 -0.16306936 -0.16306936 -0.16306936 -0.16306936
 -0.16306936 -0.16306936 -0.16306936 -0.16306936 -0.16306936 -0.16306936
 -0.16306936 -0.16306936  2.2348176  -0.16306936 -0.16306936 -0.16306936
 -0.16306936 -0.16306936 -0.16306936 -0.16306936 -0.16306936 -0.16306936
 -0.16306936 -0.16306936 -0.16306936 -0.16306936 -0.16306936  3.11554651
 -0.16306936 -0.16306936 -0.16306936 -0.16306936 -0.16306936 -0.16306936
 -0.16306936 -0.16306936 -0.16306936 -0.16306936 -0.16306936 -0.16306936
 -0.16306936 -0.16306936 -0.16306936 -0.16306936 -0.16306936 -0.16306936
 -0.16306936  3.53488683 -0.16306936 -0.16306936 -0.16306936 -0.16306936
  6.22955095 -0.16306936 -0.16306936 -0.16306936 -0.16306936 -0.16306936
 -0.16306936 -0.16306936 -0.16306936 -0.16306936 -0.16306936 -0.16306936
 -0.16306936 -0.16306936 -0.16306936 -0.16306936 -0.16306936 -0.16306936
 -0.16306936 -0.16306936 -0.16306936  5.72002076 -0.16306936 -0.16306936
 -0.16306936 -0.16306936 -0.16306936 -0.16306936 -0.16306936 -0.16306936
  3.37603668 -0.16306936 -0.16306936 -0.16306936  6.13925527 -0.16306936
 -0.16306936 -0.16306936 -0.16306936 -0.16306936 -0.16306936 -0.16306936
 -0.16306936 -0.16306936 -0.16306936 -0.16306936 -0.16306936 -0.16306936
 -0.16306936 -0.16306936 -0.16306936 -0.16306936 -0.16306936 -0.16306936
 -0.16306936 -0.16306936 -0.16306936 -0.16306936 -0.16306936 -0.16306936
 -0.16306936 -0.16306936 -0.16306936 -0.16306936 -0.16306936 -0.16306936
  2.55998361 -0.16306936 -0.16306936 -0.16306936 -0.16306936  6.21076203
 -0.16306936 -0.16306936 -0.16306936 -0.16306936 -0.16306936 -0.16306936
 -0.16306936 -0.16306936 -0.16306936 -0.16306936 -0.16306936 -0.16306936
 -0.16306936 -0.16306936 -0.16306936 -0.16306936 -0.16306936 -0.16306936
 -0.16306936 -0.16306936 -0.16306936 -0.16306936 -0.16306936 -0.16306936
 -0.16306936 -0.16306936 -0.16306936 -0.16306936 -0.16306936 -0.16306936
 -0.16306936 -0.16306936 -0.16306936 -0.16306936 -0.16306936 -0.16306936
 -0.16306936 -0.16306936 -0.16306936 -0.16306936 -0.16306936 -0.16306936
 -0.16306936 -0.16306936 -0.16306936 -0.16306936 -0.16306936 -0.16306936
 -0.16306936 -0.16306936 -0.16306936 -0.16306936 -0.16306936 -0.16306936
 -0.16306936 -0.16306936 -0.16306936 -0.16306936 -0.16306936 -0.16306936
 -0.16306936 -0.16306936 -0.16306936 -0.16306936 -0.16306936 -0.16306936
 -0.16306936 -0.16306936 -0.16306936 -0.16306936 -0.16306936 -0.16306936
 -0.16306936 -0.16306936 -0.16306936 -0.16306936 -0.16306936 -0.16306936
 -0.16306936 -0.16306936 -0.16306936 -0.16306936 -0.16306936 -0.16306936
 -0.16306936 -0.16306936 -0.16306936 -0.16306936 -0.16306936 -0.16306936
 -0.16306936 -0.16306936 -0.16306936 -0.16306936 -0.16306936 -0.16306936
 -0.16306936 -0.16306936 -0.16306936 -0.16306936 -0.16306936 -0.16306936
 -0.16306936 -0.16306936 -0.16306936 -0.16306936 -0.16306936 -0.16306936
 -0.16306936 -0.16306936 -0.16306936 -0.16306936 -0.16306936 -0.16306936
 -0.16306936 -0.16306936 -0.16306936 -0.16306936 -0.16306936 -0.16306936
 -0.16306936 -0.16306936 -0.16306936 -0.16306936 -0.16306936 -0.16306936
 -0.16306936 -0.16306936 -0.16306936 -0.16306936 -0.16306936 -0.16306936
 -0.16306936 -0.16306936 -0.16306936 -0.16306936 -0.16306936 -0.16306936
 -0.16306936 -0.16306936 -0.16306936 -0.16306936 -0.16306936 -0.16306936
 -0.16306936 -0.16306936 -0.16306936 -0.16306936 -0.16306936 -0.16306936
 -0.16306936 -0.16306936  7.91864784 -0.16306936 -0.16306936 -0.16306936
  7.29409864 -0.16306936 -0.16306936 -0.16306936 -0.16306936 -0.16306936
 -0.16306936 -0.16306936 -0.16306936 -0.16306936 -0.16306936 -0.16306936
 -0.16306936 -0.16306936 -0.16306936 -0.16306936 -0.16306936 -0.16306936
 -0.16306936  2.70422509 -0.16306936 -0.16306936 -0.16306936 -0.16306936
 -0.16306936 -0.16306936 -0.16306936 -0.16306936 -0.16306936 -0.16306936
 -0.16306936 -0.16306936 -0.16306936 -0.16306936 -0.16306936 -0.16306936
 -0.16306936 -0.16306936 -0.16306936 -0.16306936 -0.16306936 -0.16306936
 -0.16306936 -0.16306936 -0.16306936 -0.16306936 -0.16306936 -0.16306936
 -0.16306936 -0.16306936 -0.16306936 -0.16306936]",[0.01751576861336976]
4,"[-0.15391921 -0.15391921 -0.15391921 -0.15391921 -0.15391921 -0.15391921
 -0.15391921 -0.15391921 -0.15391921 -0.15391921 -0.15391921 -0.15391921
 -0.15391921 -0.15391921 -0.15391921 -0.15391921 -0.15391921 -0.15391921
 -0.15391921 -0.15391921 -0.15391921 -0.15391921 -0.15391921 -0.15391921
 -0.15391921 -0.15391921 -0.15391921 -0.15391921 -0.15391921 -0.15391921
 -0.15391921 -0.15391921 -0.15391921 -0.15391921 -0.15391921 -0.15391921
 -0.15391921 -0.15391921 -0.15391921 -0.15391921 -0.15391921 -0.15391921
 -0.15391921 -0.15391921 -0.15391921 -0.15391921 -0.15391921 -0.15391921
 -0.15391921 -0.15391921 -0.15391921 -0.15391921 -0.15391921 -0.15391921
 -0.15391921 -0.15391921 -0.15391921 -0.15391921 -0.15391921 -0.15391921
 -0.15391921 -0.15391921 -0.15391921 -0.15391921 -0.15391921 -0.15391921
 -0.15391921 -0.15391921 -0.15391921 -0.15391921 -0.15391921 -0.15391921
 -0.15391921 -0.15391921 -0.15391921 -0.15391921 -0.15391921 -0.15391921
 -0.15391921 -0.15391921 -0.15391921 -0.15391921 -0.15391921  8.70650098
 -0.15391921 -0.15391921 -0.15391921 -0.15391921 -0.15391921 -0.15391921
 -0.15391921 -0.15391921 -0.15391921 -0.15391921 -0.15391921 -0.15391921
 -0.15391921 -0.15391921 -0.15391921 -0.15391921 -0.15391921 -0.15391921
 -0.15391921 -0.15391921 -0.15391921 -0.15391921 -0.15391921 -0.15391921
 -0.15391921 -0.15391921  0.64626209 -0.15391921 -0.15391921 -0.15391921
 -0.15391921 -0.15391921 -0.15391921 -0.15391921 -0.15391921 -0.15391921
 -0.15391921 -0.15391921 -0.15391921 -0.15391921 -0.15391921 -0.15391921
 -0.15391921 -0.15391921 -0.15391921 -0.15391921 -0.15391921 -0.15391921
 -0.15391921 -0.15391921 -0.15391921 -0.15391921 -0.15391921 -0.15391921
 -0.15391921 -0.15391921 -0.15391921 -0.15391921 -0.15391921 -0.15391921
 -0.15391921 -0.15391921 -0.15391921 -0.15391921 -0.15391921 -0.15391921
 -0.15391921 -0.15391921 -0.15391921 -0.15391921 -0.15391921 -0.15391921
 -0.15391921 -0.15391921 -0.15391921 -0.15391921 -0.15391921 -0.15391921
 -0.15391921 -0.15391921 -0.15391921 -0.15391921 -0.15391921 -0.15391921
 -0.15391921 -0.15391921 -0.15391921 -0.15391921 -0.15391921 -0.15391921
 -0.15391921 -0.15391921 -0.15391921 -0.15391921 -0.15391921 -0.15391921
 -0.15391921 -0.15391921 -0.15391921 -0.15391921 -0.15391921 -0.15391921
 -0.15391921 -0.15391921 -0.15391921 -0.15391921 -0.15391921 -0.15391921
 -0.15391921 -0.15391921 -0.15391921 -0.15391921 -0.15391921 -0.15391921
 -0.15391921 -0.15391921 -0.15391921 -0.15391921 -0.15391921 -0.15391921
 -0.15391921 -0.15391921 -0.15391921 -0.15391921 -0.15391921 -0.15391921
  3.91172824 -0.15391921  5.65060014 -0.15391921 -0.15391921  7.41336145
 -0.15391921 -0.15391921 -0.15391921 -0.15391921 -0.15391921 -0.15391921
 -0.15391921 -0.15391921 -0.15391921 -0.15391921 -0.15391921 -0.15391921
 -0.15391921 -0.15391921 -0.15391921 -0.15391921 -0.15391921 -0.15391921
 -0.15391921 -0.15391921 -0.15391921  3.20949276 -0.15391921 -0.15391921
  6.17907372 -0.15391921 -0.15391921 -0.15391921 -0.15391921 -0.15391921
 -0.15391921 -0.15391921 -0.15391921 -0.15391921 -0.15391921 -0.15391921
 -0.15391921 -0.15391921 -0.15391921 -0.15391921 -0.15391921 -0.15391921
 -0.15391921 -0.15391921 -0.15391921  1.36380659 -0.15391921 -0.15391921
 -0.15391921 -0.15391921 -0.15391921 -0.15391921 -0.15391921 -0.15391921
 -0.15391921 -0.15391921 -0.15391921 -0.15391921 -0.15391921 -0.15391921
 -0.15391921 -0.15391921 -0.15391921 -0.15391921 -0.15391921 -0.15391921
 -0.15391921 -0.15391921 -0.15391921 -0.15391921 -0.15391921  6.49420877
 -0.15391921 -0.15391921 -0.15391921 -0.15391921 -0.15391921 -0.15391921
 -0.15391921 -0.15391921 -0.15391921 -0.15391921 -0.15391921 -0.15391921
 -0.15391921 -0.15391921 -0.15391921 -0.15391921 -0.15391921 -0.15391921
 -0.15391921 -0.15391921 -0.15391921 -0.15391921 -0.15391921  6.56750425
 -0.15391921 -0.15391921 -0.15391921 -0.15391921 -0.15391921 -0.15391921
 -0.15391921 -0.15391921 -0.15391921 -0.15391921 -0.15391921 -0.15391921
 -0.15391921 -0.15391921 -0.15391921 -0.15391921 -0.15391921 -0.15391921
 -0.15391921 -0.15391921 -0.15391921 -0.15391921 -0.15391921 -0.15391921
 -0.15391921 -0.15391921 -0.15391921 -0.15391921 -0.15391921 -0.15391921
 -0.15391921 -0.15391921 -0.15391921 -0.15391921 -0.15391921 -0.15391921
 -0.15391921 -0.15391921 -0.15391921 -0.15391921 -0.15391921 -0.15391921
 -0.15391921 -0.15391921 -0.15391921 -0.15391921 -0.15391921 -0.15391921
 -0.15391921 -0.15391921 -0.15391921 -0.15391921 -0.15391921 -0.15391921
 -0.15391921 -0.15391921 -0.15391921 -0.15391921 -0.15391921 -0.15391921
 -0.15391921 -0.15391921 -0.15391921 -0.15391921 -0.15391921 -0.15391921
 -0.15391921 -0.15391921 -0.15391921 -0.15391921 -0.15391921 -0.15391921
 -0.15391921 -0.15391921 -0.15391921 -0.15391921 -0.15391921 -0.15391921
 -0.15391921 -0.15391921 -0.15391921 -0.15391921 -0.15391921 -0.15391921
 -0.15391921 -0.15391921 -0.15391921 -0.15391921 -0.15391921 -0.15391921
 -0.15391921 -0.15391921 -0.15391921 -0.15391921 -0.15391921 -0.15391921
 -0.15391921 -0.15391921 -0.15391921 -0.15391921 -0.15391921 -0.15391921
 -0.15391921 -0.15391921 -0.15391921 -0.15391921 -0.15391921 -0.15391921
 -0.15391921 -0.15391921 -0.15391921 -0.15391921 -0.15391921 -0.15391921
 -0.15391921 -0.15391921 -0.15391921 -0.15391921 -0.15391921 -0.15391921
 -0.15391921 -0.15391921 -0.15391921 -0.15391921 -0.15391921 -0.15391921
 -0.15391921 -0.15391921 -0.15391921 -0.15391921 -0.15391921 -0.15391921
 -0.15391921 -0.15391921 -0.15391921 -0.15391921 -0.15391921 -0.15391921
 -0.15391921 -0.15391921 -0.15391921 -0.15391921 -0.15391921 -0.15391921
 -0.15391921 -0.15391921 -0.15391921 -0.15391921 -0.15391921 -0.15391921
 -0.15391921 -0.15391921  6.88450419 -0.15391921  7.5140859  -0.15391921
  7.40983901 -0.15391921 -0.15391921 -0.15391921 -0.15391921 -0.15391921
 -0.15391921 -0.15391921 -0.15391921 -0.15391921 -0.15391921 -0.15391921
 -0.15391921 -0.15391921 -0.15391921 -0.15391921 -0.15391921 -0.15391921
 -0.15391921  5.93215198 -0.15391921 -0.15391921 -0.15391921 -0.15391921
 -0.15391921 -0.15391921 -0.15391921 -0.15391921 -0.15391921 -0.15391921
 -0.15391921 -0.15391921 -0.15391921 -0.15391921 -0.15391921 -0.15391921
 -0.15391921 -0.15391921 -0.15391921 -0.15391921 -0.15391921 -0.15391921
 -0.15391921 -0.15391921 -0.15391921 -0.15391921 -0.15391921 -0.15391921
 -0.15391921 -0.15391921 -0.15391921 -0.15391921]",[0.0026711162378715014]
4,"[-0.15575065 -0.15575065 -0.15575065 -0.15575065 -0.15575065 -0.15575065
 -0.15575065 -0.15575065 -0.15575065 -0.15575065 -0.15575065 -0.15575065
 -0.15575065 -0.15575065 -0.15575065 -0.15575065 -0.15575065 -0.15575065
  1.18005284 -0.15575065 -0.15575065 -0.15575065 -0.15575065 -0.15575065
 -0.15575065 -0.15575065 -0.15575065 -0.15575065 -0.15575065 -0.15575065
 -0.15575065 -0.15575065 -0.15575065 -0.15575065 -0.15575065 -0.15575065
 -0.15575065 -0.15575065 -0.15575065 -0.15575065 -0.15575065 -0.15575065
 -0.15575065 -0.15575065 -0.15575065 -0.15575065 -0.15575065 -0.15575065
 -0.15575065 -0.15575065 -0.15575065 -0.15575065 -0.15575065 -0.15575065
 -0.15575065 -0.15575065 -0.15575065 -0.15575065  2.04480615 -0.15575065
 -0.15575065 -0.15575065 -0.15575065 -0.15575065 -0.15575065 -0.15575065
 -0.15575065 -0.15575065 -0.15575065 -0.15575065 -0.15575065 -0.15575065
 -0.15575065 -0.15575065 -0.15575065 -0.15575065 -0.15575065 -0.15575065
 -0.15575065 -0.15575065 -0.15575065 -0.15575065 -0.15575065  5.13065534
 -0.15575065 -0.15575065 -0.15575065 -0.15575065 -0.15575065 -0.15575065
 -0.15575065 -0.15575065 -0.15575065 -0.15575065 -0.15575065 -0.15575065
 -0.15575065 -0.15575065 -0.15575065 -0.15575065 -0.15575065 -0.15575065
 -0.15575065 -0.15575065 -0.15575065 -0.15575065  3.1878678  -0.15575065
  2.51489889 -0.15575065  6.5520435   3.35728544 -0.15575065 -0.15575065
 -0.15575065  1.88735918 -0.15575065 -0.15575065 -0.15575065 -0.15575065
 -0.15575065 -0.15575065 -0.15575065  0.5153077  -0.15575065 -0.15575065
 -0.15575065 -0.15575065 -0.15575065 -0.15575065 -0.15575065 -0.15575065
 -0.15575065 -0.15575065 -0.15575065 -0.15575065 -0.15575065 -0.15575065
 -0.15575065 -0.15575065 -0.15575065 -0.15575065 -0.15575065 -0.15575065
 -0.15575065 -0.15575065 -0.15575065 -0.15575065 -0.15575065 -0.15575065
 -0.15575065 -0.15575065 -0.15575065 -0.15575065 -0.15575065 -0.15575065
 -0.15575065 -0.15575065 -0.15575065 -0.15575065 -0.15575065 -0.15575065
 -0.15575065  1.96769499 -0.15575065 -0.15575065 -0.15575065 -0.15575065
 -0.15575065 -0.15575065 -0.15575065 -0.15575065 -0.15575065 -0.15575065
 -0.15575065 -0.15575065 -0.15575065 -0.15575065 -0.15575065 -0.15575065
 -0.15575065 -0.15575065 -0.15575065 -0.15575065 -0.15575065 -0.15575065
  4.14979255 -0.15575065 -0.15575065 -0.15575065 -0.15575065 -0.15575065
 -0.15575065 -0.15575065 -0.15575065 -0.15575065 -0.15575065 -0.15575065
 -0.15575065 -0.15575065 -0.15575065 -0.15575065 -0.15575065  0.743429
 -0.15575065 -0.15575065 -0.15575065 -0.15575065 -0.15575065 -0.15575065
  2.34353978 -0.15575065 -0.04711221 -0.15575065 -0.15575065 10.6926911
 -0.15575065 -0.15575065 -0.15575065 -0.15575065 -0.15575065 -0.15575065
 -0.15575065 -0.15575065 -0.15575065 -0.15575065 -0.15575065 -0.15575065
 -0.15575065 -0.15575065 -0.15575065 -0.15575065 -0.15575065 -0.15575065
 -0.15575065 -0.15575065 -0.15575065 -0.15575065  1.29086278 -0.15575065
 -0.15575065 -0.15575065 -0.15575065 -0.15575065 -0.15575065 -0.15575065
 -0.15575065 -0.15575065 -0.15575065 -0.15575065 -0.15575065 -0.15575065
 -0.15575065 -0.15575065 -0.15575065 -0.15575065 -0.15575065 -0.15575065
 -0.15575065 -0.15575065 -0.15575065  3.25631161 -0.15575065 -0.15575065
 -0.15575065 -0.15575065 -0.15575065 -0.15575065 -0.15575065 -0.15575065
 -0.15575065 -0.15575065 -0.15575065 -0.15575065 -0.15575065 -0.15575065
 -0.15575065 -0.15575065 -0.15575065 -0.15575065 -0.15575065 -0.15575065
 -0.15575065 -0.15575065 -0.15575065 -0.15575065 -0.15575065 -0.15575065
 -0.15575065 -0.15575065 -0.15575065 -0.15575065 -0.15575065 -0.15575065
 -0.15575065 -0.15575065 -0.15575065 -0.15575065 -0.15575065 -0.15575065
 -0.15575065 -0.15575065 -0.15575065 -0.15575065 -0.15575065 -0.15575065
 -0.15575065 -0.15575065 -0.15575065 -0.15575065 -0.15575065 -0.15575065
 -0.15575065  1.86190129 -0.15575065 -0.15575065 -0.15575065 -0.15575065
 -0.15575065 -0.15575065 -0.15575065 -0.15575065 -0.15575065 -0.15575065
 -0.15575065 -0.15575065 -0.15575065 -0.15575065 -0.15575065 -0.15575065
 -0.15575065 -0.15575065 -0.15575065 -0.15575065 -0.15575065 -0.15575065
 -0.15575065 -0.15575065 -0.15575065 -0.15575065 -0.15575065 -0.15575065
 -0.15575065 -0.15575065 -0.15575065 -0.15575065 -0.15575065 -0.15575065
 -0.15575065 -0.15575065 -0.15575065 -0.15575065 -0.15575065 -0.15575065
 -0.15575065 -0.15575065 -0.15575065 -0.15575065 -0.15575065 -0.15575065
 -0.15575065 -0.15575065 -0.15575065 -0.15575065 -0.15575065 -0.15575065
 -0.15575065 -0.15575065 -0.15575065 -0.15575065 -0.15575065 -0.15575065
 -0.15575065 -0.15575065 -0.15575065 -0.15575065 -0.15575065 -0.15575065
 -0.15575065 -0.15575065 -0.15575065 -0.15575065 -0.15575065 -0.15575065
 -0.15575065 -0.15575065 -0.15575065 -0.15575065 -0.15575065 -0.15575065
 -0.15575065 -0.15575065 -0.15575065 -0.15575065 -0.15575065 -0.15575065
 -0.15575065 -0.15575065 -0.15575065 -0.15575065 -0.15575065 -0.15575065
 -0.15575065 -0.15575065 -0.15575065 -0.15575065 -0.15575065 -0.15575065
 -0.15575065 -0.15575065 -0.15575065 -0.15575065 -0.15575065 -0.15575065
 -0.15575065 -0.15575065 -0.15575065 -0.15575065 -0.15575065 -0.15575065
 -0.15575065 -0.15575065 -0.15575065 -0.15575065 -0.15575065 -0.15575065
 -0.15575065 -0.15575065 -0.15575065 -0.15575065 -0.15575065 -0.15575065
 -0.15575065 -0.15575065 -0.15575065 -0.15575065 -0.15575065 -0.15575065
 -0.15575065 -0.15575065 -0.15575065 -0.15575065 -0.15575065 -0.15575065
 -0.15575065 -0.15575065 -0.15575065 -0.15575065 -0.15575065 -0.15575065
 -0.15575065 -0.15575065 -0.15575065 -0.15575065 -0.15575065 -0.15575065
 -0.15575065 -0.15575065 -0.15575065 -0.15575065 -0.15575065 -0.15575065
 -0.15575065 -0.15575065 11.75018885 -0.15575065 -0.15575065 -0.15575065
 -0.15575065 -0.15575065 -0.15575065 -0.15575065 -0.15575065 -0.15575065
 -0.15575065 -0.15575065 -0.15575065 -0.15575065 -0.15575065 -0.15575065
 -0.15575065 -0.15575065 -0.15575065 -0.15575065 -0.15575065 -0.15575065
 -0.15575065  9.60492706 -0.15575065 -0.15575065 -0.15575065 -0.15575065
 -0.15575065 -0.15575065 -0.15575065 -0.15575065 -0.15575065 -0.15575065
 -0.15575065 -0.15575065 -0.15575065 -0.15575065 -0.15575065 -0.15575065
 -0.15575065 -0.15575065 -0.15575065 -0.15575065 -0.15575065 -0.15575065
 -0.15575065 -0.15575065 -0.15575065 -0.15575065 -0.15575065 -0.15575065
 -0.15575065 -0.15575065  3.7350717  -0.15575065]",[-0.06589582783717471]
4,"[-0.17303003 -0.17303003 -0.17303003 -0.17303003 -0.17303003 -0.17303003
 -0.17303003 -0.17303003 -0.17303003 -0.17303003 -0.17303003 -0.17303003
 -0.17303003 -0.17303003 -0.17303003 -0.17303003 -0.17303003 -0.17303003
  1.69336382 -0.17303003 -0.17303003 -0.17303003 -0.17303003 -0.17303003
 -0.17303003 -0.17303003 -0.17303003 -0.17303003 -0.17303003 -0.17303003
 -0.17303003 -0.17303003 -0.17303003 -0.17303003 -0.17303003 -0.17303003
 -0.17303003 -0.17303003 -0.17303003 -0.17303003 -0.17303003 -0.17303003
 -0.17303003 -0.17303003 -0.17303003 -0.17303003 -0.17303003 -0.17303003
 -0.17303003 -0.17303003 -0.17303003 -0.17303003 -0.17303003 -0.17303003
 -0.17303003 -0.17303003 -0.17303003 -0.17303003 -0.17303003 -0.17303003
 -0.17303003 -0.17303003 -0.17303003 -0.17303003 -0.17303003 -0.17303003
 -0.17303003 -0.17303003 -0.17303003 -0.17303003 -0.17303003 -0.17303003
 -0.17303003 -0.17303003 -0.17303003 -0.17303003 -0.17303003 -0.17303003
 -0.17303003 -0.17303003 -0.17303003 -0.17303003 -0.17303003  8.58436099
 -0.17303003 -0.17303003 -0.17303003 -0.17303003 -0.17303003 -0.17303003
 -0.17303003 -0.17303003  2.32474775 -0.17303003 -0.17303003 -0.17303003
 -0.17303003 -0.17303003 -0.17303003 -0.17303003 -0.17303003 -0.17303003
 -0.17303003 -0.17303003 -0.17303003 -0.17303003 -0.17303003 -0.17303003
 -0.17303003 -0.17303003  6.03565672 -0.17303003 -0.17303003 -0.17303003
 -0.17303003 -0.17303003 -0.17303003 -0.17303003 -0.17303003 -0.17303003
 -0.17303003 -0.17303003 -0.17303003 -0.17303003 -0.17303003 -0.17303003
 -0.17303003 -0.17303003 -0.17303003 -0.17303003 -0.17303003 -0.17303003
 -0.17303003 -0.17303003 -0.17303003 -0.17303003 -0.17303003 -0.17303003
 -0.17303003 -0.17303003 -0.17303003 -0.17303003 -0.17303003 -0.17303003
 -0.17303003 -0.17303003 -0.17303003 -0.17303003 -0.17303003 -0.17303003
 -0.17303003 -0.17303003 -0.17303003 -0.17303003 -0.17303003 -0.17303003
 -0.17303003 -0.17303003 -0.17303003 -0.17303003 -0.17303003 -0.17303003
 -0.17303003 -0.17303003 -0.17303003 -0.17303003 -0.17303003 -0.17303003
 -0.17303003 -0.17303003 -0.17303003 -0.17303003 -0.17303003 -0.17303003
 -0.17303003 -0.17303003 -0.17303003 -0.17303003 -0.17303003 -0.17303003
 -0.17303003 -0.17303003 -0.17303003 -0.17303003 -0.17303003 -0.17303003
 -0.17303003 -0.17303003 -0.17303003 -0.17303003 -0.17303003 -0.17303003
 -0.17303003 -0.17303003 -0.17303003 -0.17303003 -0.17303003 -0.17303003
 -0.17303003 -0.17303003 -0.17303003 -0.17303003 -0.17303003  1.64100836
 -0.17303003 -0.17303003 -0.17303003 -0.17303003 -0.17303003 -0.17303003
  2.77819866 -0.17303003 -0.17303003 -0.17303003 -0.17303003  3.93240909
 -0.17303003 -0.17303003 -0.17303003 -0.17303003 -0.17303003 -0.17303003
 -0.17303003 -0.17303003 -0.17303003 -0.17303003 -0.17303003 -0.17303003
 -0.17303003 -0.17303003 -0.17303003 -0.17303003 -0.17303003 -0.17303003
 -0.17303003  1.65943071 -0.17303003 -0.17303003 -0.17303003 -0.17303003
  1.63010431 -0.17303003 -0.17303003 -0.17303003 -0.17303003 -0.17303003
 -0.17303003 -0.17303003 -0.17303003 -0.17303003 -0.17303003 -0.17303003
 -0.17303003 -0.17303003 -0.17303003 -0.17303003 -0.17303003 -0.17303003
 -0.17303003 -0.17303003 -0.17303003  2.61250825 -0.17303003  0.12026423
 -0.17303003 -0.17303003 -0.17303003 -0.17303003 -0.17303003 -0.17303003
 -0.17303003 -0.17303003  4.95394883 -0.17303003 -0.17303003 -0.17303003
 -0.17303003 -0.17303003 -0.17303003 -0.17303003 -0.17303003 -0.17303003
 -0.17303003  0.54898967 -0.17303003 -0.17303003 -0.17303003  4.49403012
 -0.17303003 -0.17303003 -0.17303003 -0.17303003 -0.17303003  1.76943076
 -0.17303003 -0.17303003 -0.17303003 -0.17303003 -0.17303003 -0.17303003
 -0.17303003 -0.17303003 -0.17303003 -0.17303003 -0.17303003 -0.17303003
 10.09186362 -0.17303003 -0.17303003 -0.17303003 -0.17303003  5.68083344
 -0.17303003 -0.17303003 -0.17303003 -0.17303003 -0.17303003 -0.17303003
 -0.17303003 -0.17303003 -0.17303003 -0.17303003 -0.17303003 -0.17303003
 -0.17303003 -0.17303003 -0.17303003 -0.17303003 -0.17303003 -0.17303003
 -0.17303003 -0.17303003 -0.17303003 -0.17303003 -0.17303003 -0.17303003
 -0.17303003 -0.17303003 -0.17303003 -0.17303003 -0.17303003 -0.17303003
 -0.17303003 -0.17303003 -0.17303003 -0.17303003 -0.17303003 -0.17303003
 -0.17303003 -0.17303003 -0.17303003 -0.17303003 -0.17303003 -0.17303003
 -0.17303003 -0.17303003 -0.17303003 -0.17303003 -0.17303003 -0.17303003
 -0.17303003 -0.17303003 -0.17303003 -0.17303003 -0.17303003 -0.17303003
 -0.17303003 -0.17303003 -0.17303003 -0.17303003 -0.17303003 -0.17303003
 -0.17303003 -0.17303003 -0.17303003 -0.17303003 -0.17303003 -0.17303003
 -0.17303003 -0.17303003 -0.17303003 -0.17303003 -0.17303003 -0.17303003
 -0.17303003 -0.17303003 -0.17303003  6.8705927  -0.17303003 -0.17303003
 -0.17303003 -0.17303003 -0.17303003 -0.17303003 -0.17303003 -0.17303003
 -0.17303003 -0.17303003 -0.17303003 -0.17303003 -0.17303003 -0.17303003
 -0.17303003 -0.17303003 -0.17303003 -0.17303003 -0.17303003 -0.17303003
 -0.17303003 -0.17303003 -0.17303003 -0.17303003 -0.17303003 -0.17303003
 -0.17303003 -0.17303003 -0.17303003 -0.17303003 -0.17303003 -0.17303003
 -0.17303003 -0.17303003 -0.17303003 -0.17303003 -0.17303003 -0.17303003
 -0.17303003 -0.17303003 -0.17303003 -0.17303003 -0.17303003 -0.17303003
 -0.17303003 -0.17303003 -0.17303003 -0.17303003 -0.17303003 -0.17303003
 -0.17303003 -0.17303003 -0.17303003 -0.17303003 -0.17303003 -0.17303003
 -0.17303003 -0.17303003 -0.17303003 -0.17303003 -0.17303003 -0.17303003
 -0.17303003 -0.17303003 -0.17303003 -0.17303003 -0.17303003 -0.17303003
 -0.17303003 -0.17303003 -0.17303003 -0.17303003 -0.17303003 -0.17303003
 -0.17303003 -0.17303003  3.31641176 -0.17303003 -0.17303003 -0.17303003
  8.87856276 -0.17303003 -0.17303003 -0.17303003 -0.17303003 -0.17303003
 -0.17303003 -0.17303003 -0.17303003 -0.17303003 -0.17303003 -0.17303003
 -0.17303003 -0.17303003 -0.17303003 -0.17303003 -0.17303003 -0.17303003
 -0.17303003 -0.17303003 -0.17303003 -0.17303003 -0.17303003 -0.17303003
 -0.17303003 -0.17303003 -0.17303003 -0.17303003 -0.17303003  1.3030628
 -0.17303003 -0.17303003 -0.17303003 -0.17303003 -0.17303003 -0.17303003
 -0.17303003 -0.17303003 -0.17303003 -0.17303003 -0.17303003 -0.17303003
 -0.17303003 -0.17303003 -0.17303003 -0.17303003 -0.17303003 -0.17303003
 -0.17303003 -0.17303003  5.24917546 -0.17303003]",[0.010736781556444364]
4,"[-0.18351527 -0.18351527 -0.18351527 -0.18351527 -0.18351527 -0.18351527
 -0.18351527 -0.18351527 -0.18351527 -0.18351527 -0.18351527 -0.18351527
 -0.18351527 -0.18351527 -0.18351527 -0.18351527 -0.18351527 -0.18351527
 -0.18351527 -0.18351527 -0.18351527 -0.18351527 -0.18351527 -0.18351527
 -0.18351527 -0.18351527 -0.18351527 -0.18351527 -0.18351527 -0.18351527
 -0.18351527 -0.18351527 -0.18351527 -0.18351527 -0.18351527 -0.18351527
 -0.18351527 -0.18351527 -0.18351527 -0.18351527 -0.18351527 -0.18351527
 -0.18351527 -0.18351527 -0.18351527 -0.18351527 -0.18351527 -0.18351527
 -0.18351527 -0.18351527 -0.18351527 -0.18351527 -0.18351527 -0.18351527
 -0.18351527 -0.18351527 -0.18351527 -0.18351527 -0.18351527 -0.18351527
 -0.18351527 -0.18351527 -0.18351527 -0.18351527 -0.18351527 -0.18351527
 -0.18351527 -0.18351527 -0.18351527 -0.18351527 -0.18351527 -0.18351527
 -0.18351527 -0.18351527 -0.18351527 -0.18351527 -0.18351527 -0.18351527
 -0.18351527 -0.18351527 -0.18351527 -0.18351527 -0.18351527  7.69968184
 -0.18351527 -0.18351527 -0.18351527 -0.18351527 -0.18351527 -0.18351527
 -0.18351527 -0.18351527 -0.18351527 -0.18351527 -0.18351527 -0.18351527
 -0.18351527 -0.18351527 -0.18351527 -0.18351527 -0.18351527 -0.18351527
 -0.18351527 -0.18351527 -0.18351527 -0.18351527 -0.18351527 -0.18351527
 -0.18351527 -0.18351527  0.54488547 -0.18351527 -0.18351527 -0.18351527
 -0.18351527 -0.18351527 -0.18351527 -0.18351527 -0.18351527 -0.18351527
 -0.18351527 -0.18351527 -0.18351527 -0.18351527 -0.18351527 -0.18351527
 -0.18351527 -0.18351527 -0.18351527 -0.18351527 -0.18351527 -0.18351527
 -0.18351527 -0.18351527 -0.18351527 -0.18351527 -0.18351527 -0.18351527
 -0.18351527 -0.18351527 -0.18351527 -0.18351527 -0.18351527 -0.18351527
 -0.18351527 -0.18351527 -0.18351527 -0.18351527 -0.18351527 -0.18351527
 -0.18351527 -0.18351527 -0.18351527 -0.18351527 -0.18351527 -0.18351527
 -0.18351527 -0.18351527 -0.18351527 -0.18351527 -0.18351527 -0.18351527
 -0.18351527 -0.18351527 -0.18351527 -0.18351527 -0.18351527 -0.18351527
 -0.18351527 -0.18351527 -0.18351527 -0.18351527 -0.18351527 -0.18351527
 -0.18351527 -0.18351527 -0.18351527 -0.18351527 -0.18351527 -0.18351527
 -0.18351527 -0.18351527 -0.18351527 -0.18351527 -0.18351527 -0.18351527
 -0.18351527 -0.18351527 -0.18351527 -0.18351527 -0.18351527 -0.18351527
 -0.18351527 -0.18351527 -0.18351527 -0.18351527 -0.18351527 -0.18351527
 -0.18351527 -0.18351527  3.80812288 -0.18351527 -0.18351527 -0.18351527
 -0.18351527 -0.18351527 -0.18351527 -0.18351527 -0.18351527 -0.18351527
 -0.18351527 -0.18351527 -0.18351527 -0.18351527 -0.18351527  5.1222401
 -0.18351527 -0.18351527 -0.18351527 -0.18351527 -0.18351527 -0.18351527
 -0.18351527 -0.18351527 -0.18351527 -0.18351527 -0.18351527 -0.18351527
 -0.18351527 -0.18351527 -0.18351527 -0.18351527 -0.18351527 -0.18351527
 -0.18351527  5.01531883 -0.18351527 -0.18351527  4.67375508 -0.18351527
 -0.18351527  1.19234542 -0.18351527 -0.18351527 -0.18351527 -0.18351527
 -0.18351527 -0.18351527 -0.18351527 -0.18351527 -0.18351527 -0.18351527
 -0.18351527 -0.18351527 -0.18351527  3.93189048 -0.18351527 -0.18351527
 -0.18351527 -0.18351527 -0.18351527  5.15384509 -0.18351527  0.08360186
 -0.18351527 -0.18351527 -0.18351527 -0.18351527 -0.18351527 -0.18351527
  2.26996749 -0.18351527 -0.18351527 -0.18351527  5.46020014 -0.18351527
 -0.18351527 -0.18351527 -0.18351527 -0.18351527 -0.18351527 -0.18351527
 -0.18351527 -0.18351527 -0.18351527 -0.18351527 -0.18351527  8.82791295
  4.01178148 -0.18351527 -0.18351527 -0.18351527  2.08534273 -0.18351527
 -0.18351527 -0.18351527 -0.18351527 -0.18351527 -0.18351527 -0.18351527
 -0.18351527 -0.18351527 -0.18351527 -0.18351527 -0.18351527 -0.18351527
 -0.18351527 -0.18351527 -0.18351527 -0.18351527 -0.18351527  2.98584122
 -0.18351527 -0.18351527 -0.18351527 -0.18351527 -0.18351527 -0.18351527
 -0.18351527 -0.18351527 -0.18351527 -0.18351527 -0.18351527 -0.18351527
 -0.18351527 -0.18351527 -0.18351527 -0.18351527 -0.18351527 -0.18351527
 -0.18351527 -0.18351527 -0.18351527 -0.18351527 -0.18351527 -0.18351527
 -0.18351527 -0.18351527 -0.18351527 -0.18351527 -0.18351527 -0.18351527
 -0.18351527 -0.18351527 -0.18351527 -0.18351527 -0.18351527 -0.18351527
 -0.18351527 -0.18351527 -0.18351527 -0.18351527 -0.18351527 -0.18351527
 -0.18351527 -0.18351527 -0.18351527 -0.18351527 -0.18351527 -0.18351527
 -0.18351527 -0.18351527 -0.18351527 -0.18351527 -0.18351527 -0.18351527
 -0.18351527 -0.18351527 -0.18351527 -0.18351527 -0.18351527 -0.18351527
 -0.18351527 -0.18351527 -0.18351527 -0.18351527 -0.18351527 -0.18351527
 -0.18351527 -0.18351527 -0.18351527 -0.18351527 -0.18351527 -0.18351527
 -0.18351527 -0.18351527 -0.18351527 -0.18351527 -0.18351527 -0.18351527
 -0.18351527 -0.18351527 -0.18351527 -0.18351527 -0.18351527 -0.18351527
 -0.18351527 -0.18351527 -0.18351527 -0.18351527 -0.18351527 -0.18351527
 -0.18351527 -0.18351527 -0.18351527 -0.18351527 -0.18351527 -0.18351527
 -0.18351527 -0.18351527 -0.18351527 -0.18351527 -0.18351527 -0.18351527
 -0.18351527 -0.18351527 -0.18351527 -0.18351527 -0.18351527 -0.18351527
 -0.18351527 -0.18351527 -0.18351527 -0.18351527 -0.18351527 -0.18351527
 -0.18351527 -0.18351527 -0.18351527 -0.18351527 -0.18351527 -0.18351527
 -0.18351527 -0.18351527 -0.18351527 -0.18351527 -0.18351527 -0.18351527
 -0.18351527 -0.18351527 -0.18351527 -0.18351527 -0.18351527 -0.18351527
 -0.18351527 -0.18351527 -0.18351527 -0.18351527 -0.18351527 -0.18351527
 -0.18351527 -0.18351527 -0.18351527 -0.18351527 -0.18351527 -0.18351527
 -0.18351527 -0.18351527 -0.18351527 -0.18351527 -0.18351527 -0.18351527
 -0.18351527 -0.18351527  7.19495039 -0.18351527  5.4051717  -0.18351527
 -0.18351527 -0.18351527 -0.18351527 -0.18351527  5.98225915 -0.18351527
  6.0969794  -0.18351527 -0.18351527 -0.18351527 -0.18351527 -0.18351527
 -0.18351527 -0.18351527 -0.18351527 -0.18351527 -0.18351527 -0.18351527
 -0.18351527  4.02802512 -0.18351527 -0.18351527 -0.18351527 -0.18351527
 -0.18351527 -0.18351527 -0.18351527 -0.18351527 -0.18351527 -0.18351527
 -0.18351527 -0.18351527 -0.18351527 -0.18351527 -0.18351527 -0.18351527
 -0.18351527 -0.18351527 -0.18351527 -0.18351527 -0.18351527 -0.18351527
 -0.18351527 -0.18351527 -0.18351527 -0.18351527 -0.18351527 -0.18351527
 -0.18351527 -0.18351527 -0.18351527 -0.18351527]",[-0.014645641170069196]
4,"[-0.165845   -0.165845   -0.165845   -0.165845   -0.165845   -0.165845
 -0.165845   -0.165845   -0.165845   -0.165845   -0.165845   -0.165845
 -0.165845   -0.165845   -0.165845   -0.165845   -0.165845   -0.165845
  5.12135205 -0.165845   -0.165845   -0.165845   -0.165845   -0.165845
 -0.165845   -0.165845   -0.165845   -0.165845   -0.165845   -0.165845
 -0.165845   -0.165845   -0.165845   -0.165845   -0.165845   -0.165845
 -0.165845   -0.165845   -0.165845   -0.165845   -0.165845   -0.165845
 -0.165845   -0.165845   -0.165845   -0.165845   -0.165845   -0.165845
 -0.165845   -0.165845   -0.165845   -0.165845   -0.165845   -0.165845
 -0.165845   -0.165845   -0.165845   -0.165845   -0.165845   -0.165845
 -0.165845   -0.165845   -0.165845   -0.165845   -0.165845   -0.165845
 -0.165845   -0.165845   -0.165845   -0.165845   -0.165845   -0.165845
 -0.165845   -0.165845   -0.165845   -0.165845   -0.165845   -0.165845
 -0.165845   -0.165845   -0.165845   -0.165845   -0.165845    7.66099498
 -0.165845   -0.165845   -0.165845   -0.165845   -0.165845   -0.165845
 -0.165845   -0.165845   -0.165845   -0.165845   -0.165845   -0.165845
 -0.165845   -0.165845   -0.165845   -0.165845   -0.165845   -0.165845
 -0.165845   -0.165845   -0.165845   -0.165845   -0.165845   -0.165845
 -0.165845   -0.165845    0.8784622  -0.165845   -0.165845   -0.165845
 -0.165845   -0.165845   -0.165845   -0.165845   -0.165845   -0.165845
 -0.165845   -0.165845   -0.165845   -0.165845    6.47714686 -0.165845
 -0.165845   -0.165845   -0.165845   -0.165845   -0.165845   -0.165845
 -0.165845   -0.165845   -0.165845   -0.165845   -0.165845   -0.165845
 -0.165845   -0.165845   -0.165845   -0.165845   -0.165845   -0.165845
 -0.165845   -0.165845   -0.165845   -0.165845   -0.165845   -0.165845
 -0.165845   -0.165845   -0.165845   -0.165845   -0.165845   -0.165845
 -0.165845   -0.165845   -0.165845   -0.165845   -0.165845   -0.165845
 -0.165845   -0.165845   -0.165845   -0.165845   -0.165845   -0.165845
 -0.165845   -0.165845   -0.165845   -0.165845   -0.165845   -0.165845
 -0.165845   -0.165845   -0.165845   -0.165845   -0.165845   -0.165845
 -0.165845   -0.165845   -0.165845   -0.165845   -0.165845   -0.165845
  2.23537646 -0.165845   -0.165845   -0.165845   -0.165845   -0.165845
 -0.165845   -0.165845   -0.165845   -0.165845   -0.165845   -0.165845
 -0.165845   -0.165845    3.29817045 -0.165845   -0.165845   -0.165845
 -0.165845   -0.165845   -0.165845   -0.165845   -0.165845   -0.165845
  2.91074322 -0.165845   -0.165845   -0.165845   -0.165845    8.12870657
 -0.165845   -0.165845   -0.165845   -0.165845   -0.165845   -0.165845
 -0.165845   -0.165845   -0.165845   -0.165845   -0.165845   -0.165845
 -0.165845   -0.165845   -0.165845   -0.165845   -0.165845   -0.165845
 -0.165845    0.06130214 -0.165845   -0.165845   -0.165845   -0.165845
 -0.165845   -0.165845   -0.165845   -0.165845   -0.165845   -0.165845
 -0.165845   -0.165845   -0.165845   -0.165845   -0.165845   -0.165845
 -0.165845   -0.165845   -0.165845    5.85728523 -0.165845   -0.165845
 -0.165845   -0.165845   -0.165845    6.08228331 -0.165845    1.14485204
 -0.165845   -0.165845   -0.165845   -0.165845   -0.165845   -0.165845
 -0.165845   -0.165845   -0.165845   -0.165845   -0.165845   -0.165845
 -0.165845   -0.165845   -0.165845   -0.165845   -0.165845   -0.165845
 -0.165845   -0.165845   -0.165845   -0.165845   -0.165845   -0.165845
 -0.165845   -0.165845   -0.165845   -0.165845   -0.165845   -0.165845
 -0.165845   -0.165845   -0.165845   -0.165845   -0.165845   -0.165845
 -0.165845   -0.165845   -0.165845   -0.165845   -0.165845   -0.165845
 -0.165845   -0.165845   -0.165845   -0.165845   -0.165845    4.93512294
 -0.165845   -0.165845   -0.165845   -0.165845   -0.165845   -0.165845
 -0.165845    1.5311964  -0.165845   -0.165845   -0.165845   -0.165845
 -0.165845   -0.165845   -0.165845   -0.165845   -0.165845   -0.165845
 -0.165845   -0.165845   -0.165845   -0.165845   -0.165845   -0.165845
 -0.165845   -0.165845   -0.165845   -0.165845   -0.165845   -0.165845
 -0.165845   -0.165845   -0.165845   -0.165845   -0.165845   -0.165845
 -0.165845   -0.165845   -0.165845   -0.165845   -0.165845   -0.165845
 -0.165845   -0.165845   -0.165845   -0.165845   -0.165845   -0.165845
 -0.165845   -0.165845   -0.165845   -0.165845   -0.165845   -0.165845
 -0.165845   -0.165845   -0.165845   -0.165845   -0.165845   -0.165845
 -0.165845   -0.165845   -0.165845   -0.165845   -0.165845   -0.165845
 -0.165845   -0.165845   -0.165845   -0.165845   -0.165845   -0.165845
 -0.165845   -0.165845   -0.165845   -0.165845   -0.165845   -0.165845
 -0.165845   -0.165845   -0.165845   -0.165845   -0.165845   -0.165845
 -0.165845   -0.165845   -0.165845   -0.165845   -0.165845   -0.165845
 -0.165845   -0.165845   -0.165845   -0.165845   -0.165845   -0.165845
 -0.165845   -0.165845   -0.165845   -0.165845   -0.165845   -0.165845
 -0.165845   -0.165845   -0.165845   -0.165845   -0.165845   -0.165845
 -0.165845   -0.165845   -0.165845   -0.165845   -0.165845   -0.165845
 -0.165845   -0.165845   -0.165845   -0.165845   -0.165845   -0.165845
 -0.165845   -0.165845   -0.165845   -0.165845   -0.165845   -0.165845
 -0.165845   -0.165845   -0.165845   -0.165845   -0.165845   -0.165845
 -0.165845   -0.165845   -0.165845   -0.165845   -0.165845   -0.165845
 -0.165845   -0.165845   -0.165845   -0.165845   -0.165845   -0.165845
 -0.165845   -0.165845   -0.165845   -0.165845   -0.165845   -0.165845
 -0.165845   -0.165845    8.3132709  -0.165845   -0.165845   -0.165845
  7.87018024 -0.165845   -0.165845    5.34434484 -0.165845   -0.165845
 -0.165845   -0.165845   -0.165845   -0.165845   -0.165845   -0.165845
 -0.165845   -0.165845   -0.165845   -0.165845   -0.165845   -0.165845
 -0.165845    5.40339897 -0.165845   -0.165845   -0.165845   -0.165845
 -0.165845   -0.165845   -0.165845   -0.165845   -0.165845   -0.165845
 -0.165845   -0.165845   -0.165845   -0.165845   -0.165845   -0.165845
 -0.165845   -0.165845   -0.165845   -0.165845   -0.165845   -0.165845
 -0.165845   -0.165845   -0.165845   -0.165845   -0.165845   -0.165845
 -0.165845   -0.165845   -0.165845   -0.165845  ]",[0.017106315443099485]
4,"[-1.36365928e-01 -1.36365928e-01 -1.36365928e-01 -1.36365928e-01
 -8.30666651e-03 -1.36365928e-01 -1.36365928e-01 -1.36365928e-01
 -1.36365928e-01 -1.36365928e-01 -1.36365928e-01 -1.36365928e-01
 -1.36365928e-01 -1.36365928e-01 -1.36365928e-01 -1.36365928e-01
 -1.36365928e-01 -1.36365928e-01 -1.36365928e-01 -1.36365928e-01
 -1.36365928e-01 -1.36365928e-01 -1.36365928e-01 -1.36365928e-01
 -1.36365928e-01 -1.36365928e-01 -1.36365928e-01 -1.36365928e-01
 -1.36365928e-01 -1.36365928e-01 -1.36365928e-01 -1.36365928e-01
 -1.36365928e-01 -1.36365928e-01 -1.36365928e-01 -1.36365928e-01
 -1.36365928e-01 -1.36365928e-01 -1.36365928e-01 -1.36365928e-01
 -1.36365928e-01 -1.36365928e-01 -1.36365928e-01 -1.36365928e-01
 -1.36365928e-01 -1.36365928e-01 -1.36365928e-01 -1.36365928e-01
 -1.36365928e-01 -1.36365928e-01 -1.36365928e-01 -1.36365928e-01
 -1.36365928e-01 -1.36365928e-01 -1.36365928e-01 -1.36365928e-01
 -1.36365928e-01 -1.36365928e-01 -1.36365928e-01 -1.36365928e-01
 -1.36365928e-01 -1.36365928e-01 -1.36365928e-01 -1.36365928e-01
 -1.36365928e-01 -1.36365928e-01 -1.36365928e-01 -1.36365928e-01
 -1.36365928e-01 -1.36365928e-01 -1.36365928e-01 -1.36365928e-01
 -1.36365928e-01 -1.36365928e-01 -1.36365928e-01 -1.36365928e-01
 -1.36365928e-01 -1.36365928e-01 -1.36365928e-01 -1.36365928e-01
 -1.36365928e-01 -1.36365928e-01 -1.36365928e-01  1.09214009e+01
 -1.36365928e-01 -1.36365928e-01 -1.36365928e-01 -1.36365928e-01
 -1.36365928e-01 -1.36365928e-01 -1.36365928e-01 -1.36365928e-01
 -1.36365928e-01 -1.36365928e-01 -1.36365928e-01 -1.36365928e-01
 -1.36365928e-01 -1.36365928e-01 -1.36365928e-01 -1.36365928e-01
 -1.36365928e-01 -1.36365928e-01 -1.36365928e-01 -1.36365928e-01
 -1.36365928e-01 -1.36365928e-01 -1.36365928e-01 -1.36365928e-01
 -1.36365928e-01 -1.36365928e-01  1.67261163e+00 -1.36365928e-01
 -1.36365928e-01 -1.36365928e-01 -1.36365928e-01 -1.36365928e-01
 -1.36365928e-01 -1.36365928e-01 -1.36365928e-01 -1.36365928e-01
 -1.36365928e-01 -1.36365928e-01 -1.36365928e-01 -1.36365928e-01
 -1.36365928e-01 -1.36365928e-01 -1.36365928e-01 -1.36365928e-01
 -1.36365928e-01 -1.36365928e-01 -1.36365928e-01 -1.36365928e-01
 -1.36365928e-01 -1.36365928e-01 -1.36365928e-01 -1.36365928e-01
 -1.36365928e-01 -1.36365928e-01 -1.36365928e-01 -1.36365928e-01
 -1.36365928e-01 -1.36365928e-01 -1.36365928e-01 -1.36365928e-01
 -1.36365928e-01 -1.36365928e-01 -1.36365928e-01 -1.36365928e-01
 -1.36365928e-01 -1.36365928e-01 -1.36365928e-01 -1.36365928e-01
 -1.36365928e-01 -1.36365928e-01 -1.36365928e-01 -1.36365928e-01
 -1.36365928e-01 -1.36365928e-01 -1.36365928e-01 -1.36365928e-01
 -1.36365928e-01 -1.36365928e-01 -1.36365928e-01 -1.36365928e-01
 -1.36365928e-01 -1.36365928e-01 -1.36365928e-01 -1.36365928e-01
 -1.36365928e-01 -1.36365928e-01 -1.36365928e-01 -1.36365928e-01
 -1.36365928e-01 -1.36365928e-01 -1.36365928e-01 -1.36365928e-01
 -1.36365928e-01 -1.36365928e-01 -1.36365928e-01 -1.36365928e-01
 -1.36365928e-01 -1.36365928e-01 -1.36365928e-01 -1.36365928e-01
 -1.36365928e-01 -1.36365928e-01 -1.36365928e-01 -1.36365928e-01
 -1.36365928e-01 -1.36365928e-01 -1.36365928e-01 -1.36365928e-01
 -1.36365928e-01 -1.36365928e-01 -1.36365928e-01 -1.36365928e-01
 -1.36365928e-01 -1.36365928e-01 -1.36365928e-01 -1.36365928e-01
  2.44492887e+00 -1.36365928e-01 -1.36365928e-01 -1.36365928e-01
 -1.36365928e-01 -1.36365928e-01 -1.36365928e-01 -1.36365928e-01
 -1.36365928e-01 -1.36365928e-01  1.93532617e+00 -1.36365928e-01
  1.16842449e-01 -1.36365928e-01 -1.36365928e-01  8.13912536e+00
 -1.36365928e-01 -1.36365928e-01 -1.36365928e-01 -1.36365928e-01
 -1.36365928e-01 -1.36365928e-01 -1.36365928e-01 -1.36365928e-01
 -1.36365928e-01 -1.36365928e-01 -1.36365928e-01 -1.36365928e-01
 -1.36365928e-01 -1.36365928e-01 -1.36365928e-01 -1.36365928e-01
 -1.36365928e-01 -1.36365928e-01 -1.36365928e-01  2.59978820e-01
 -1.36365928e-01 -1.36365928e-01 -1.36365928e-01 -1.36365928e-01
 -1.36365928e-01 -1.36365928e-01 -1.36365928e-01  1.90639878e+00
 -1.36365928e-01 -1.36365928e-01 -1.36365928e-01 -1.36365928e-01
 -1.36365928e-01 -1.36365928e-01 -1.36365928e-01 -1.36365928e-01
 -1.36365928e-01 -1.36365928e-01 -1.36365928e-01  2.58890164e+00
 -1.36365928e-01 -1.36365928e-01 -1.36365928e-01 -1.36365928e-01
 -1.36365928e-01  6.80052627e+00 -1.36365928e-01 -1.36365928e-01
 -1.36365928e-01 -1.36365928e-01 -1.36365928e-01 -1.36365928e-01
 -1.36365928e-01 -1.36365928e-01  1.02412046e+00 -1.36365928e-01
 -1.36365928e-01 -1.36365928e-01  1.17264677e+00 -1.36365928e-01
 -1.36365928e-01 -1.36365928e-01 -1.36365928e-01 -1.36365928e-01
 -1.36365928e-01 -1.36365928e-01 -1.36365928e-01 -1.36365928e-01
 -1.36365928e-01 -1.36365928e-01 -1.36365928e-01  1.55719254e+00
 -1.36365928e-01 -1.36365928e-01 -1.36365928e-01 -1.36365928e-01
 -1.36365928e-01 -1.36365928e-01 -1.36365928e-01 -1.36365928e-01
 -1.36365928e-01 -1.36365928e-01 -1.36365928e-01 -1.36365928e-01
 -1.36365928e-01 -1.36365928e-01 -1.36365928e-01 -1.36365928e-01
 -1.36365928e-01 -1.36365928e-01 -1.36365928e-01 -1.36365928e-01
 -1.36365928e-01 -1.36365928e-01 -1.36365928e-01  1.15361886e+00
 -1.36365928e-01 -1.36365928e-01 -1.36365928e-01 -1.36365928e-01
 -1.36365928e-01 -1.36365928e-01 -1.36365928e-01 -1.36365928e-01
 -1.36365928e-01 -1.36365928e-01 -1.36365928e-01 -1.36365928e-01
 -1.36365928e-01 -1.36365928e-01 -1.36365928e-01 -1.36365928e-01
 -1.36365928e-01 -1.36365928e-01 -1.36365928e-01 -1.36365928e-01
 -1.36365928e-01 -1.36365928e-01 -1.36365928e-01 -1.36365928e-01
 -1.36365928e-01 -1.36365928e-01 -1.36365928e-01 -1.36365928e-01
 -1.36365928e-01 -1.36365928e-01 -1.36365928e-01 -1.36365928e-01
 -1.36365928e-01 -1.36365928e-01 -1.36365928e-01 -1.36365928e-01
 -1.36365928e-01 -1.36365928e-01 -1.36365928e-01 -1.36365928e-01
 -1.36365928e-01 -1.36365928e-01 -1.36365928e-01 -1.36365928e-01
 -1.36365928e-01 -1.36365928e-01 -1.36365928e-01 -1.36365928e-01
 -1.36365928e-01 -1.36365928e-01 -1.36365928e-01 -1.36365928e-01
 -1.36365928e-01 -1.36365928e-01 -1.36365928e-01 -1.36365928e-01
 -1.36365928e-01 -1.36365928e-01 -1.36365928e-01 -1.36365928e-01
 -1.36365928e-01 -1.36365928e-01 -1.36365928e-01 -1.36365928e-01
 -1.36365928e-01 -1.36365928e-01 -1.36365928e-01 -1.36365928e-01
 -1.36365928e-01 -1.36365928e-01 -1.36365928e-01 -1.36365928e-01
 -1.36365928e-01 -1.36365928e-01 -1.36365928e-01 -1.36365928e-01
 -1.36365928e-01 -1.36365928e-01 -1.36365928e-01 -1.36365928e-01
 -1.36365928e-01 -1.36365928e-01 -1.36365928e-01 -1.36365928e-01
 -1.36365928e-01 -1.36365928e-01 -1.36365928e-01 -1.36365928e-01
 -1.36365928e-01 -1.36365928e-01 -1.36365928e-01 -1.36365928e-01
 -1.36365928e-01 -1.36365928e-01 -1.36365928e-01 -1.36365928e-01
 -1.36365928e-01 -1.36365928e-01 -1.36365928e-01 -1.36365928e-01
 -1.36365928e-01 -1.36365928e-01 -1.36365928e-01 -1.36365928e-01
 -1.36365928e-01 -1.36365928e-01 -1.36365928e-01 -1.36365928e-01
 -1.36365928e-01 -1.36365928e-01 -1.36365928e-01 -1.36365928e-01
 -1.36365928e-01 -1.36365928e-01 -1.36365928e-01 -1.36365928e-01
 -1.36365928e-01 -1.36365928e-01 -1.36365928e-01 -1.36365928e-01
 -1.36365928e-01 -1.36365928e-01 -1.36365928e-01 -1.36365928e-01
 -1.36365928e-01 -1.36365928e-01 -1.36365928e-01 -1.36365928e-01
 -1.36365928e-01 -1.36365928e-01 -1.36365928e-01 -1.36365928e-01
 -1.36365928e-01 -1.36365928e-01 -1.36365928e-01 -1.36365928e-01
 -1.36365928e-01 -1.36365928e-01 -1.36365928e-01 -1.36365928e-01
 -1.36365928e-01 -1.36365928e-01 -1.36365928e-01 -1.36365928e-01
 -1.36365928e-01 -1.36365928e-01 -1.36365928e-01 -1.36365928e-01
 -1.36365928e-01 -1.36365928e-01 -1.36365928e-01 -1.36365928e-01
  1.02516168e+01 -1.36365928e-01 -1.36365928e-01 -1.36365928e-01
  1.12858726e+01 -1.36365928e-01 -1.36365928e-01 -1.36365928e-01
 -1.36365928e-01 -1.36365928e-01 -1.36365928e-01 -1.36365928e-01
 -1.36365928e-01 -1.36365928e-01 -1.36365928e-01 -1.36365928e-01
 -1.36365928e-01 -1.36365928e-01 -1.36365928e-01 -1.36365928e-01
 -1.36365928e-01 -1.36365928e-01 -1.36365928e-01  4.02164586e+00
 -1.36365928e-01 -1.36365928e-01 -1.36365928e-01 -1.36365928e-01
 -1.36365928e-01 -1.36365928e-01 -1.36365928e-01 -1.36365928e-01
 -1.36365928e-01  1.07488164e+00 -1.36365928e-01 -1.36365928e-01
 -1.36365928e-01 -1.36365928e-01 -1.36365928e-01 -1.36365928e-01
 -1.36365928e-01 -1.36365928e-01 -1.36365928e-01 -1.36365928e-01
 -1.36365928e-01 -1.36365928e-01 -1.36365928e-01 -1.36365928e-01
 -1.36365928e-01 -1.36365928e-01 -1.36365928e-01 -1.36365928e-01
 -1.36365928e-01 -1.36365928e-01 -1.36365928e-01 -1.36365928e-01]",[-0.0414943264189655]
4,"[-0.12154591 -0.12154591 -0.12154591 -0.12154591 -0.12154591 -0.12154591
 -0.12154591 -0.12154591 -0.12154591 -0.12154591 -0.12154591 -0.12154591
 -0.12154591 -0.12154591 -0.12154591 -0.12154591 -0.12154591 -0.12154591
 -0.12154591 -0.12154591 -0.12154591 -0.12154591 -0.12154591 -0.12154591
 -0.12154591 -0.12154591 -0.12154591  0.39917668 -0.12154591 -0.12154591
 -0.12154591 -0.12154591 -0.12154591 -0.12154591 -0.12154591 -0.12154591
 -0.12154591 -0.12154591 -0.12154591 -0.12154591 -0.12154591 -0.12154591
 -0.12154591 -0.12154591 -0.12154591 -0.12154591 -0.12154591 -0.12154591
 -0.12154591 -0.12154591 -0.12154591 -0.12154591 -0.12154591 -0.12154591
 -0.12154591 -0.12154591 -0.12154591 -0.12154591 -0.12154591 -0.12154591
 -0.12154591 -0.12154591 -0.12154591 -0.12154591 -0.12154591 -0.12154591
 -0.12154591 -0.12154591 -0.12154591 -0.12154591 -0.12154591 -0.12154591
 -0.12154591 -0.12154591 -0.12154591 -0.12154591 -0.12154591 -0.12154591
 -0.12154591 -0.12154591 -0.12154591 -0.12154591 -0.12154591  9.53192368
 -0.12154591 -0.12154591 -0.12154591 -0.12154591 -0.12154591 -0.12154591
 -0.12154591 -0.12154591 -0.12154591 -0.12154591 -0.12154591 -0.12154591
 -0.12154591 -0.12154591 -0.12154591 -0.12154591 -0.12154591 -0.12154591
 -0.12154591 -0.12154591 -0.12154591 -0.12154591 -0.12154591 -0.12154591
 -0.12154591 -0.12154591  8.57716127 -0.12154591 -0.12154591 -0.12154591
 -0.12154591 -0.12154591 -0.12154591 -0.12154591 -0.12154591 -0.12154591
 -0.12154591 -0.12154591 -0.12154591 -0.12154591 -0.12154591 -0.12154591
 -0.12154591 -0.12154591 -0.12154591 -0.12154591 -0.12154591 -0.12154591
 -0.12154591 -0.12154591 -0.12154591 -0.12154591 -0.12154591 -0.12154591
 -0.12154591 -0.12154591 -0.12154591 -0.12154591 -0.12154591 -0.12154591
 -0.12154591 -0.12154591 -0.12154591 -0.12154591 -0.12154591 -0.12154591
 -0.12154591 -0.12154591 -0.12154591 -0.12154591 -0.12154591 -0.12154591
 -0.12154591 -0.12154591 -0.12154591 -0.12154591 -0.12154591 -0.12154591
 -0.12154591 -0.12154591 -0.12154591 -0.12154591 -0.12154591 -0.12154591
 -0.12154591 -0.12154591 -0.12154591 -0.12154591 -0.12154591 -0.12154591
 -0.12154591 -0.12154591 -0.12154591 -0.12154591 -0.12154591 -0.12154591
 -0.12154591 -0.12154591 -0.12154591 -0.12154591 -0.12154591 -0.12154591
  2.13223232 -0.12154591 -0.12154591 -0.12154591 -0.12154591 -0.12154591
 -0.12154591 -0.12154591 -0.12154591 -0.12154591 -0.12154591 -0.12154591
 -0.12154591 -0.12154591  2.40087812 -0.12154591 -0.12154591 -0.12154591
 -0.12154591 -0.12154591 -0.12154591 -0.12154591 -0.12154591 -0.12154591
  1.26035189 -0.12154591 -0.12154591 -0.12154591 -0.12154591  2.75844217
 -0.12154591 -0.12154591 -0.12154591 -0.12154591 -0.12154591 -0.12154591
 -0.12154591 -0.12154591 -0.12154591 -0.12154591 -0.12154591 -0.12154591
 -0.12154591 -0.12154591 -0.12154591 -0.12154591 -0.12154591 -0.12154591
 -0.12154591  4.76215481 -0.12154591 -0.12154591 -0.12154591 -0.12154591
 -0.12154591 -0.12154591 -0.12154591 -0.12154591 -0.12154591 -0.12154591
 -0.12154591 -0.12154591 -0.12154591 -0.12154591 -0.12154591 -0.12154591
 -0.12154591 -0.12154591 -0.12154591 -0.12154591 -0.12154591 -0.12154591
 -0.12154591 -0.12154591 -0.12154591 -0.12154591 -0.12154591 -0.12154591
 -0.12154591 -0.12154591 -0.12154591 -0.12154591 -0.12154591 -0.12154591
 -0.12154591 -0.12154591 -0.12154591 -0.12154591 -0.12154591 -0.12154591
 -0.12154591 -0.12154591 -0.12154591 -0.12154591 -0.12154591 -0.12154591
 -0.12154591 -0.12154591 -0.12154591 -0.12154591 -0.12154591 -0.12154591
 -0.12154591 -0.12154591 -0.12154591 -0.12154591 -0.12154591 -0.12154591
 -0.12154591 -0.12154591 -0.12154591 -0.12154591 -0.12154591 -0.12154591
 -0.12154591 -0.12154591 -0.12154591 -0.12154591 -0.12154591 -0.12154591
 10.35514285 -0.12154591 -0.12154591 -0.12154591 -0.12154591 -0.12154591
 -0.12154591 -0.12154591 -0.12154591 -0.12154591 -0.12154591 -0.12154591
 -0.12154591 -0.12154591 -0.12154591 -0.12154591 -0.12154591 -0.12154591
 -0.12154591 -0.12154591 -0.12154591 -0.12154591 -0.12154591 -0.12154591
 -0.12154591 -0.12154591 -0.12154591 -0.12154591 -0.12154591 -0.12154591
 -0.12154591 -0.12154591 -0.12154591 -0.12154591 -0.12154591 -0.12154591
 -0.12154591 -0.12154591 -0.12154591 -0.12154591 -0.12154591 -0.12154591
 -0.12154591 -0.12154591 -0.12154591 -0.12154591 -0.12154591 -0.12154591
 -0.12154591 -0.12154591 -0.12154591 -0.12154591 -0.12154591 -0.12154591
 -0.12154591 -0.12154591 -0.12154591 -0.12154591 -0.12154591 -0.12154591
 -0.12154591 -0.12154591 -0.12154591 -0.12154591 -0.12154591 -0.12154591
 -0.12154591 -0.12154591 -0.12154591 -0.12154591 -0.12154591 -0.12154591
 -0.12154591 -0.12154591 -0.12154591 -0.12154591 -0.12154591 -0.12154591
 -0.12154591 -0.12154591 -0.12154591 -0.12154591 -0.12154591 -0.12154591
 -0.12154591 -0.12154591 -0.12154591 -0.12154591 -0.12154591 -0.12154591
 -0.12154591 -0.12154591 -0.12154591 -0.12154591 -0.12154591 -0.12154591
 -0.12154591 -0.12154591 -0.12154591 -0.12154591 -0.12154591 -0.12154591
 -0.12154591 -0.12154591 -0.12154591 -0.12154591 -0.12154591 -0.12154591
 -0.12154591 -0.12154591 -0.12154591 -0.12154591 -0.12154591 -0.12154591
 -0.12154591 -0.12154591 -0.12154591 -0.12154591 -0.12154591 -0.12154591
 -0.12154591 -0.12154591 -0.12154591 -0.12154591 -0.12154591 -0.12154591
 -0.12154591 -0.12154591 -0.12154591 -0.12154591 -0.12154591 -0.12154591
 -0.12154591 -0.12154591 -0.12154591 -0.12154591 -0.12154591 -0.12154591
 -0.12154591 -0.12154591 -0.12154591 -0.12154591 -0.12154591 -0.12154591
 -0.12154591 -0.12154591 -0.12154591 -0.12154591 -0.12154591 -0.12154591
 -0.12154591 -0.12154591 -0.12154591 -0.12154591 -0.12154591 -0.12154591
 -0.12154591 -0.12154591  8.32086764 -0.12154591 -0.12154591 -0.12154591
 11.3685385  -0.12154591 -0.12154591 -0.12154591 -0.12154591 -0.12154591
 -0.12154591 -0.12154591 -0.12154591 -0.12154591 -0.12154591 -0.12154591
 -0.12154591 -0.12154591 -0.12154591 -0.12154591 -0.12154591 -0.12154591
 -0.12154591 -0.12154591 -0.12154591 -0.12154591 -0.12154591 -0.12154591
 -0.12154591 -0.12154591 -0.12154591 -0.12154591 -0.12154591 -0.12154591
 -0.12154591 -0.12154591 -0.12154591 -0.12154591 -0.12154591 -0.12154591
 -0.12154591 -0.12154591 -0.12154591 -0.12154591 -0.12154591 -0.12154591
 -0.12154591 -0.12154591 -0.12154591 -0.12154591 -0.12154591 -0.12154591
 -0.12154591 -0.12154591 -0.12154591 -0.12154591]",[-0.030329341228769305]
4,"[-0.14384075 -0.14384075 -0.14384075 -0.14384075 -0.14384075 -0.14384075
 -0.14384075 -0.14384075 -0.14384075 -0.14384075 -0.14384075 -0.14384075
 -0.14384075 -0.14384075 -0.14384075 -0.14384075 -0.14384075 -0.14384075
 -0.14384075 -0.14384075 -0.14384075 -0.14384075 -0.14384075 -0.14384075
 -0.14384075 -0.14384075 -0.14384075 -0.14384075 -0.14384075 -0.14384075
 -0.14384075 -0.14384075 -0.14384075 -0.14384075 -0.14384075 -0.14384075
 -0.14384075 -0.14384075 -0.14384075 -0.14384075 -0.14384075 -0.14384075
 -0.14384075 -0.14384075 -0.14384075 -0.14384075 -0.14384075 -0.14384075
 -0.14384075 -0.14384075 -0.14384075 -0.14384075 -0.14384075 -0.14384075
 -0.14384075 -0.14384075 -0.14384075 -0.14384075 -0.14384075 -0.14384075
 -0.14384075 -0.14384075 -0.14384075 -0.14384075 -0.14384075 -0.14384075
 -0.14384075 -0.14384075 -0.14384075 -0.14384075 -0.14384075 -0.14384075
 -0.14384075 -0.14384075 -0.14384075 -0.14384075 -0.14384075 -0.14384075
 -0.14384075 -0.14384075 -0.14384075 -0.14384075 -0.14384075 10.53868866
 -0.14384075  7.50025408 -0.14384075 -0.14384075  1.72617789 -0.14384075
 -0.14384075 -0.14384075 -0.14384075 -0.14384075 -0.14384075 -0.14384075
 -0.14384075 -0.14384075 -0.14384075 -0.14384075 -0.14384075 -0.14384075
 -0.14384075 -0.14384075 -0.14384075 -0.14384075 -0.14384075 -0.14384075
 -0.14384075 -0.14384075  0.69011122 -0.14384075 -0.14384075 -0.14384075
 -0.14384075 -0.14384075  6.7699363  -0.14384075 -0.14384075 -0.14384075
 -0.14384075 -0.14384075 -0.14384075 -0.14384075  0.41962825 -0.14384075
 -0.14384075 -0.14384075 -0.14384075 -0.14384075 -0.14384075 -0.14384075
 -0.14384075 -0.14384075 -0.14384075 -0.14384075 -0.14384075 -0.14384075
 -0.14384075 -0.14384075 -0.14384075 -0.14384075 -0.14384075 -0.14384075
 -0.14384075 -0.14384075 -0.14384075 -0.14384075 -0.14384075 -0.14384075
 -0.14384075 -0.14384075 -0.14384075 -0.14384075 -0.14384075 -0.14384075
 -0.14384075 -0.14384075 -0.14384075 -0.14384075 -0.14384075 -0.14384075
 -0.14384075 -0.14384075 -0.14384075 -0.14384075 -0.14384075 -0.14384075
 -0.14384075 -0.14384075 -0.14384075 -0.14384075 -0.14384075 -0.14384075
 -0.14384075 -0.14384075 -0.14384075 -0.14384075 -0.14384075 -0.14384075
 -0.14384075 -0.14384075 -0.14384075 -0.14384075 -0.14384075 -0.14384075
  3.39203971 -0.14384075 -0.14384075 -0.14384075 -0.14384075 -0.14384075
 -0.14384075 -0.14384075 -0.14384075 -0.14384075 -0.14384075 -0.14384075
 -0.14384075 -0.14384075  3.86274945 -0.14384075 -0.14384075 -0.14384075
 -0.14384075 -0.14384075 -0.14384075 -0.14384075 -0.14384075 -0.14384075
  5.14997755 -0.14384075 -0.14384075 -0.14384075 -0.14384075  0.71939233
 -0.14384075 -0.14384075 -0.14384075 -0.14384075 -0.14384075 -0.14384075
 -0.14384075 -0.14384075 -0.14384075 -0.14384075 -0.14384075 -0.14384075
 -0.14384075 -0.14384075 -0.14384075 -0.14384075 -0.14384075 -0.14384075
 -0.14384075  0.02798363 -0.14384075 -0.14384075  1.04417478 -0.14384075
  0.74655406 -0.14384075 -0.14384075 -0.14384075 -0.14384075 -0.14384075
 -0.14384075 -0.14384075 -0.14384075 -0.14384075 -0.14384075 -0.14384075
 -0.14384075 -0.14384075 -0.14384075 -0.14384075 -0.14384075 -0.14384075
 -0.14384075 -0.14384075 -0.14384075  1.25721873 -0.14384075 -0.14384075
 -0.14384075 -0.14384075 -0.14384075 -0.14384075 -0.14384075 -0.14384075
 -0.14384075 -0.14384075  1.58570047 -0.14384075 -0.14384075 -0.14384075
 -0.14384075 -0.14384075 -0.14384075 -0.14384075 -0.14384075 -0.14384075
 -0.14384075  0.50761481 -0.14384075 -0.14384075 -0.14384075  4.64741132
 -0.14384075 -0.14384075 -0.14384075 -0.14384075 -0.14384075 -0.14384075
 -0.14384075 -0.14384075 -0.14384075 -0.14384075 -0.14384075 -0.14384075
 -0.14384075 -0.14384075 -0.14384075 -0.14384075 -0.14384075 -0.14384075
 -0.14384075 -0.14384075 -0.14384075 -0.14384075 -0.14384075  3.1671978
 -0.14384075 -0.14384075 -0.14384075 -0.14384075 -0.14384075 -0.14384075
 -0.14384075 -0.14384075 -0.14384075 -0.14384075 -0.14384075 -0.14384075
 -0.14384075 -0.14384075 -0.14384075 -0.14384075 -0.14384075 -0.14384075
 -0.14384075 -0.14384075 -0.14384075 -0.14384075 -0.14384075 -0.14384075
 -0.14384075 -0.14384075 -0.14384075 -0.14384075 -0.14384075 -0.14384075
 -0.14384075 -0.14384075 -0.14384075 -0.14384075 -0.14384075 -0.14384075
 -0.14384075 -0.14384075 -0.14384075 -0.14384075 -0.14384075 -0.14384075
 -0.14384075 -0.14384075 -0.14384075 -0.14384075 -0.14384075 -0.14384075
 -0.14384075 -0.14384075 -0.14384075 -0.14384075 -0.14384075 -0.14384075
 -0.14384075 -0.14384075 -0.14384075 -0.14384075 -0.14384075 -0.14384075
 -0.14384075 -0.14384075 -0.14384075 -0.14384075 -0.14384075 -0.14384075
 -0.14384075 -0.14384075 -0.14384075 -0.14384075 -0.14384075 -0.14384075
 -0.14384075 -0.14384075 -0.14384075 -0.14384075 -0.14384075 -0.14384075
 -0.14384075 -0.14384075 -0.14384075 -0.14384075 -0.14384075 -0.14384075
 -0.14384075 -0.14384075 -0.14384075 -0.14384075 -0.14384075 -0.14384075
 -0.14384075 -0.14384075 -0.14384075 -0.14384075 -0.14384075 -0.14384075
 -0.14384075 -0.14384075 -0.14384075 -0.14384075 -0.14384075 -0.14384075
 -0.14384075 -0.14384075 -0.14384075 -0.14384075 -0.14384075 -0.14384075
 -0.14384075 -0.14384075 -0.14384075 -0.14384075 -0.14384075 -0.14384075
 -0.14384075 -0.14384075 -0.14384075 -0.14384075 -0.14384075 -0.14384075
 -0.14384075 -0.14384075 -0.14384075 -0.14384075 -0.14384075 -0.14384075
 -0.14384075 -0.14384075 -0.14384075 -0.14384075 -0.14384075 -0.14384075
 -0.14384075 -0.14384075 -0.14384075 -0.14384075 -0.14384075 -0.14384075
 -0.14384075 -0.14384075 -0.14384075 -0.14384075 -0.14384075 -0.14384075
 -0.14384075 -0.14384075 -0.14384075 -0.14384075 -0.14384075 -0.14384075
 -0.14384075 -0.14384075  2.14118885 -0.14384075 -0.14384075 -0.14384075
 13.90299294 -0.14384075 -0.14384075 -0.14384075 -0.14384075 -0.14384075
 -0.14384075 -0.14384075 -0.14384075 -0.14384075 -0.14384075 -0.14384075
 -0.14384075 -0.14384075 -0.14384075 -0.14384075 -0.14384075 -0.14384075
 -0.14384075  1.97954249 -0.14384075 -0.14384075 -0.14384075 -0.14384075
 -0.14384075 -0.14384075 -0.14384075 -0.14384075 -0.14384075 -0.14384075
 -0.14384075 -0.14384075 -0.14384075 -0.14384075 -0.14384075 -0.14384075
 -0.14384075 -0.14384075 -0.14384075 -0.14384075 -0.14384075 -0.14384075
 -0.14384075 -0.14384075 -0.14384075 -0.14384075 -0.14384075 -0.14384075
 -0.14384075 -0.14384075 -0.14384075 -0.14384075]",[6.482891571385165]
4,"[-0.14536725 -0.14536725 -0.14536725 -0.14536725 -0.14536725 -0.14536725
 -0.14536725 -0.14536725 -0.14536725 -0.14536725 -0.14536725 -0.14536725
 -0.14536725 -0.14536725 -0.14536725 -0.14536725 -0.14536725 -0.14536725
 -0.14536725 -0.14536725 -0.14536725 -0.14536725 -0.14536725 -0.14536725
 -0.14536725 -0.14536725 -0.14536725 -0.14536725 -0.14536725 -0.14536725
 -0.14536725 -0.14536725 -0.14536725 -0.14536725 -0.14536725 -0.14536725
 -0.14536725 -0.14536725 -0.14536725 -0.14536725 -0.14536725 -0.14536725
 -0.14536725 -0.14536725 -0.14536725 -0.14536725 -0.14536725 -0.14536725
 -0.14536725 -0.14536725 -0.14536725 -0.14536725 -0.14536725 -0.14536725
 -0.14536725 -0.14536725 -0.14536725 -0.14536725  2.89163295 -0.14536725
 -0.14536725 -0.14536725 -0.14536725 -0.14536725 -0.14536725 -0.14536725
 -0.14536725 -0.14536725 -0.14536725 -0.14536725 -0.14536725 -0.14536725
 -0.14536725 -0.14536725 -0.14536725 -0.14536725 -0.14536725 -0.14536725
 -0.14536725 -0.14536725 -0.14536725 -0.14536725 -0.14536725  2.96757253
 -0.14536725  3.8070218  -0.14536725 -0.14536725 -0.14536725 -0.14536725
 -0.14536725 -0.14536725 -0.14536725 -0.14536725 -0.14536725 -0.14536725
 -0.14536725 -0.14536725 -0.14536725 -0.14536725 -0.14536725 -0.14536725
 -0.14536725 -0.14536725 -0.14536725 -0.14536725 -0.14536725 -0.14536725
 -0.14536725 -0.14536725 10.08482536 -0.14536725 -0.14536725 -0.14536725
 -0.14536725 -0.14536725 -0.14536725 -0.14536725 -0.14536725 -0.14536725
 -0.14536725 -0.14536725 -0.14536725 -0.14536725 -0.14536725 -0.14536725
 -0.14536725 -0.14536725 -0.14536725 -0.14536725 -0.14536725 -0.14536725
 -0.14536725 -0.14536725 -0.14536725 -0.14536725 -0.14536725 -0.14536725
 -0.14536725 -0.14536725 -0.14536725 -0.14536725 -0.14536725 -0.14536725
 -0.14536725 -0.14536725 -0.14536725 -0.14536725 -0.14536725 -0.14536725
 -0.14536725 -0.14536725 -0.14536725 -0.14536725 -0.14536725 -0.14536725
 -0.14536725 -0.14536725 -0.14536725 -0.14536725 -0.14536725 -0.14536725
 -0.14536725 -0.14536725 -0.14536725 -0.14536725 -0.14536725 -0.14536725
 -0.14536725 -0.14536725 -0.14536725 -0.14536725 -0.14536725  3.88208297
 -0.14536725 -0.14536725 -0.14536725 -0.14536725 -0.14536725 -0.14536725
 -0.14536725 -0.14536725 -0.14536725 -0.14536725 -0.14536725 -0.14536725
 -0.14536725 -0.14536725 -0.14536725 -0.14536725 -0.14536725 -0.14536725
 -0.14536725 -0.14536725 -0.14536725 -0.14536725 -0.14536725 -0.14536725
 -0.14536725 -0.14536725  3.12608585 -0.14536725 -0.14536725 -0.14536725
 -0.14536725 -0.14536725 -0.14536725 -0.14536725 -0.14536725 -0.14536725
  6.38088134 -0.14536725 -0.14536725 -0.14536725 -0.14536725  9.06403235
 -0.14536725 -0.14536725 -0.14536725 -0.14536725 -0.14536725 -0.14536725
 -0.14536725 -0.14536725 -0.14536725 -0.14536725 -0.14536725 -0.14536725
 -0.14536725 -0.14536725 -0.14536725 -0.14536725 -0.14536725 -0.14536725
 -0.14536725  0.05653267 -0.14536725 -0.14536725  5.91574059 -0.14536725
 -0.14536725 -0.14536725 -0.14536725 -0.14536725 -0.14536725 -0.14536725
 -0.14536725 -0.14536725 -0.14536725 -0.14536725 -0.14536725 -0.14536725
 -0.14536725 -0.14536725 -0.14536725 -0.14536725 -0.14536725 -0.14536725
 -0.14536725 -0.14536725 -0.14536725  0.75447415 -0.14536725 -0.14536725
 -0.14536725 -0.14536725 -0.14536725 -0.14536725 -0.14536725 -0.14536725
 -0.14536725 -0.14536725  0.23358989 -0.14536725 -0.14536725 -0.14536725
 -0.14536725 -0.14536725 -0.14536725 -0.14536725 -0.14536725 -0.14536725
 -0.14536725 -0.14536725 -0.14536725 -0.14536725 -0.14536725 -0.14536725
 -0.14536725 -0.14536725 -0.14536725 -0.14536725 -0.14536725 -0.14536725
 -0.14536725 -0.14536725 -0.14536725 -0.14536725 -0.14536725 -0.14536725
 -0.14536725 -0.14536725 -0.14536725 -0.14536725 -0.14536725 -0.14536725
 -0.14536725 -0.14536725 -0.14536725 -0.14536725 -0.14536725  0.77666609
 -0.14536725 -0.14536725 -0.14536725 -0.14536725 -0.14536725 -0.14536725
 -0.14536725 -0.14536725 -0.14536725 -0.14536725 -0.14536725 -0.14536725
 -0.14536725 -0.14536725 -0.14536725 -0.14536725 -0.14536725 -0.14536725
 -0.14536725 -0.14536725 -0.14536725 -0.14536725 -0.14536725 -0.14536725
 -0.14536725 -0.14536725 -0.14536725 -0.14536725 -0.14536725 -0.14536725
 -0.14536725 -0.14536725 -0.14536725 -0.14536725 -0.14536725 -0.14536725
 -0.14536725 -0.14536725 -0.14536725 -0.14536725 -0.14536725 -0.14536725
 -0.14536725 -0.14536725 -0.14536725 -0.14536725 -0.14536725 -0.14536725
 -0.14536725 -0.14536725 -0.14536725 -0.14536725 -0.14536725 -0.14536725
 -0.14536725 -0.14536725 -0.14536725 -0.14536725 -0.14536725 -0.14536725
 -0.14536725 -0.14536725 -0.14536725 -0.14536725 -0.14536725 -0.14536725
 -0.14536725 -0.14536725 -0.14536725 -0.14536725 -0.14536725 -0.14536725
 -0.14536725 -0.14536725 -0.14536725 -0.14536725 -0.14536725 -0.14536725
 -0.14536725 -0.14536725 -0.14536725 -0.14536725 -0.14536725 -0.14536725
 -0.14536725 -0.14536725 -0.14536725 -0.14536725 -0.14536725 -0.14536725
 -0.14536725 -0.14536725 -0.14536725 -0.14536725 -0.14536725 -0.14536725
 -0.14536725 -0.14536725 -0.14536725 -0.14536725 -0.14536725 -0.14536725
 -0.14536725 -0.14536725 -0.14536725 -0.14536725 -0.14536725 -0.14536725
 -0.14536725 -0.14536725 -0.14536725 -0.14536725 -0.14536725 -0.14536725
 -0.14536725 -0.14536725 -0.14536725 -0.14536725 -0.14536725 -0.14536725
 -0.14536725 -0.14536725 -0.14536725 -0.14536725 -0.14536725 -0.14536725
 -0.14536725 -0.14536725 -0.14536725 -0.14536725 -0.14536725 -0.14536725
 -0.14536725 -0.14536725 -0.14536725 -0.14536725 -0.14536725 -0.14536725
 -0.14536725 -0.14536725 -0.14536725 -0.14536725 -0.14536725 -0.14536725
 -0.14536725 -0.14536725 -0.14536725 -0.14536725 -0.14536725 -0.14536725
 -0.14536725 -0.14536725 10.4289703  -0.14536725 -0.14536725 -0.14536725
  6.18359793 -0.14536725 -0.14536725 -0.14536725 -0.14536725 -0.14536725
 -0.14536725 -0.14536725 -0.14536725 -0.14536725 -0.14536725 -0.14536725
 -0.14536725 -0.14536725 -0.14536725 -0.14536725 -0.14536725 -0.14536725
 -0.14536725  6.71138633 -0.14536725 -0.14536725 -0.14536725 -0.14536725
 -0.14536725 -0.14536725 -0.14536725 -0.14536725 -0.14536725 -0.14536725
 -0.14536725 -0.14536725 -0.14536725 -0.14536725 -0.14536725 -0.14536725
 -0.14536725 -0.14536725 -0.14536725 -0.14536725 -0.14536725 -0.14536725
 -0.14536725 -0.14536725 -0.14536725 -0.14536725 -0.14536725 -0.14536725
 -0.14536725 -0.14536725 -0.14536725 -0.14536725]",[-0.06599232156061319]
4,"[-0.13455963 -0.13455963 -0.13455963 -0.13455963 -0.13455963 -0.13455963
 -0.13455963 -0.13455963 -0.13455963 -0.13455963 -0.13455963 -0.13455963
 -0.13455963 -0.13455963 -0.13455963 -0.13455963 -0.13455963 -0.13455963
 -0.13455963 -0.13455963 -0.13455963 -0.13455963 -0.13455963 -0.13455963
 -0.13455963 -0.13455963 -0.13455963  0.54484197 -0.13455963 -0.13455963
 -0.13455963 -0.13455963 -0.13455963 -0.13455963 -0.13455963 -0.13455963
 -0.13455963 -0.13455963 -0.13455963 -0.13455963 -0.13455963 -0.13455963
 -0.13455963 -0.13455963 -0.13455963 -0.13455963 -0.13455963 -0.13455963
 -0.13455963 -0.13455963 -0.13455963 -0.13455963 -0.13455963 -0.13455963
 -0.13455963 -0.13455963 -0.13455963 -0.13455963  3.11957513 -0.13455963
 -0.13455963 -0.13455963 -0.13455963 -0.13455963 -0.13455963 -0.13455963
 -0.13455963 -0.13455963 -0.13455963 -0.13455963 -0.13455963 -0.13455963
 -0.13455963 -0.13455963 -0.13455963 -0.13455963 -0.13455963 -0.13455963
 -0.13455963 -0.13455963 -0.13455963 -0.13455963 -0.13455963  3.20038118
 -0.13455963 -0.13455963 -0.13455963 -0.13455963 -0.13455963 -0.13455963
 -0.13455963 -0.13455963 -0.13455963 -0.13455963 -0.13455963 -0.13455963
 -0.13455963 -0.13455963 -0.13455963 -0.13455963 -0.13455963 -0.13455963
 -0.13455963 -0.13455963 -0.13455963 -0.13455963 -0.13455963 -0.13455963
 -0.13455963 -0.13455963  1.04480157 -0.13455963 -0.13455963 -0.13455963
 -0.13455963 -0.13455963 -0.13455963 -0.13455963 -0.13455963 -0.13455963
 -0.13455963 -0.13455963 -0.13455963 -0.13455963 -0.13455963 -0.13455963
 -0.13455963 -0.13455963 -0.13455963 -0.13455963 -0.13455963 -0.13455963
 -0.13455963 -0.13455963 -0.13455963 -0.13455963 -0.13455963 -0.13455963
 -0.13455963 -0.13455963 -0.13455963 -0.13455963 -0.13455963 -0.13455963
 -0.13455963 -0.13455963 -0.13455963 -0.13455963 -0.13455963 -0.13455963
 -0.13455963 -0.13455963 -0.13455963 -0.13455963 -0.13455963 -0.13455963
 -0.13455963 -0.13455963 -0.13455963 -0.13455963 -0.13455963 -0.13455963
 -0.13455963 -0.13455963 -0.13455963 -0.13455963 -0.13455963 -0.13455963
 -0.13455963 -0.13455963 -0.13455963 -0.13455963 -0.13455963  3.9056022
 -0.13455963 -0.13455963 -0.13455963 -0.13455963 -0.13455963 -0.13455963
 -0.13455963 -0.13455963 -0.13455963 -0.13455963 -0.13455963 -0.13455963
  6.66637006 -0.13455963 -0.13455963 -0.13455963 -0.13455963 -0.13455963
 -0.13455963 -0.13455963 -0.13455963 -0.13455963 -0.13455963 -0.13455963
 -0.13455963 -0.13455963  7.26813992 -0.13455963 -0.13455963 -0.13455963
 -0.13455963 -0.13455963 -0.13455963 -0.13455963 -0.13455963 -0.13455963
  6.48706875 -0.13455963 -0.13455963 -0.13455963 -0.13455963  3.73029684
 -0.13455963 -0.13455963 -0.13455963 -0.13455963 -0.13455963 -0.13455963
 -0.13455963 -0.13455963 -0.13455963 -0.13455963 -0.13455963 -0.13455963
 -0.13455963 -0.13455963 -0.13455963 -0.13455963 -0.13455963 -0.13455963
 -0.13455963  0.05063671 -0.13455963 -0.13455963 -0.13455963 -0.13455963
 -0.13455963 -0.13455963 -0.13455963 -0.13455963 -0.13455963 -0.13455963
 -0.13455963 -0.13455963 -0.13455963 -0.13455963 -0.13455963 -0.13455963
 -0.13455963 -0.13455963 -0.13455963 -0.13455963 -0.13455963 -0.13455963
 -0.13455963 -0.13455963 -0.13455963 -0.13455963 -0.13455963 -0.13455963
 -0.13455963 -0.13455963 -0.13455963 -0.13455963 -0.13455963 -0.13455963
 -0.13455963 -0.13455963 -0.13455963 -0.13455963  0.79152659 -0.13455963
 -0.13455963 -0.13455963 -0.13455963 -0.13455963 -0.13455963 -0.13455963
 -0.13455963 -0.13455963 -0.13455963 -0.13455963 -0.13455963 -0.13455963
 -0.13455963 -0.13455963 -0.13455963 -0.13455963 -0.13455963 -0.13455963
 -0.13455963 -0.13455963 -0.13455963 -0.13455963 -0.13455963 -0.13455963
 -0.13455963 -0.13455963 -0.13455963 -0.13455963 -0.13455963 -0.13455963
 -0.13455963 -0.13455963 -0.13455963 -0.13455963 -0.13455963 -0.13455963
 -0.13455963 -0.13455963 -0.13455963 -0.13455963 -0.13455963 -0.13455963
 -0.13455963 -0.13455963 -0.13455963 -0.13455963 -0.13455963 -0.13455963
 -0.13455963 -0.13455963 -0.13455963 -0.13455963 -0.13455963 -0.13455963
 -0.13455963 -0.13455963 -0.13455963 -0.13455963 -0.13455963 -0.13455963
 -0.13455963 -0.13455963 -0.13455963 -0.13455963 -0.13455963 -0.13455963
 -0.13455963 -0.13455963 -0.13455963 -0.13455963 -0.13455963 -0.13455963
 -0.13455963 -0.13455963 -0.13455963 -0.13455963 -0.13455963 -0.13455963
 -0.13455963 -0.13455963 -0.13455963 -0.13455963 -0.13455963 -0.13455963
 -0.13455963 -0.13455963 -0.13455963 -0.13455963 -0.13455963 -0.13455963
 -0.13455963 -0.13455963 -0.13455963 -0.13455963 -0.13455963 -0.13455963
 -0.13455963 -0.13455963 -0.13455963 -0.13455963 -0.13455963 -0.13455963
 -0.13455963 -0.13455963 -0.13455963 -0.13455963 -0.13455963 -0.13455963
 -0.13455963 -0.13455963 -0.13455963 -0.13455963 -0.13455963 -0.13455963
 -0.13455963 -0.13455963 -0.13455963 -0.13455963 -0.13455963 -0.13455963
 -0.13455963 -0.13455963 -0.13455963 -0.13455963 -0.13455963 -0.13455963
 -0.13455963 -0.13455963 -0.13455963 -0.13455963 -0.13455963 -0.13455963
 -0.13455963 -0.13455963 -0.13455963 -0.13455963 -0.13455963 -0.13455963
 -0.13455963 -0.13455963 -0.13455963 -0.13455963 -0.13455963 -0.13455963
 -0.13455963 -0.13455963 -0.13455963 -0.13455963 -0.13455963 -0.13455963
 -0.13455963 -0.13455963 -0.13455963 -0.13455963 -0.13455963 -0.13455963
 -0.13455963 -0.13455963 -0.13455963 -0.13455963 -0.13455963 -0.13455963
 -0.13455963 -0.13455963 -0.13455963 -0.13455963 -0.13455963 -0.13455963
 -0.13455963 -0.13455963 -0.13455963 -0.13455963 -0.13455963 -0.13455963
 -0.13455963 -0.13455963 -0.13455963 -0.13455963 -0.13455963 -0.13455963
 -0.13455963 -0.13455963 -0.13455963 -0.13455963 -0.13455963 -0.13455963
 -0.13455963 -0.13455963  9.38359487 -0.13455963 -0.13455963 -0.13455963
 14.23131648 -0.13455963 -0.13455963 -0.13455963 -0.13455963 -0.13455963
 -0.13455963 -0.13455963 -0.13455963 -0.13455963 -0.13455963 -0.13455963
 -0.13455963 -0.13455963 -0.13455963 -0.13455963 -0.13455963 -0.13455963
 -0.13455963 -0.13455963 -0.13455963 -0.13455963 -0.13455963  4.60869556
 -0.13455963 -0.13455963 -0.13455963 -0.13455963 -0.13455963 -0.13455963
 -0.13455963 -0.13455963 -0.13455963 -0.13455963 -0.13455963 -0.13455963
 -0.13455963  2.91976762 -0.13455963 -0.13455963 -0.13455963 -0.13455963
 -0.13455963 -0.13455963 -0.13455963 -0.13455963 -0.13455963 -0.13455963
 -0.13455963 -0.13455963 -0.13455963 -0.13455963]",[0.0006958986922488974]
4,"[-0.21267678 -0.21267678 -0.21267678 -0.21267678 -0.21267678 -0.21267678
 -0.21267678 -0.21267678 -0.21267678 -0.21267678 -0.21267678 -0.21267678
 -0.21267678 -0.21267678 -0.21267678 -0.21267678 -0.21267678 -0.21267678
  1.84490159 -0.21267678 -0.21267678 -0.21267678 -0.21267678 -0.21267678
 -0.21267678 -0.21267678 -0.21267678 -0.21267678 -0.21267678 -0.21267678
 -0.21267678 -0.21267678 -0.21267678 -0.21267678 -0.21267678 -0.21267678
 -0.21267678 -0.21267678 -0.21267678 -0.21267678 -0.21267678 -0.21267678
 -0.21267678 -0.21267678 -0.21267678 -0.21267678 -0.21267678 -0.21267678
 -0.21267678 -0.21267678 -0.21267678 -0.21267678 -0.21267678 -0.21267678
 -0.21267678 -0.21267678 -0.21267678 -0.21267678 -0.21267678 -0.21267678
 -0.21267678 -0.21267678 -0.21267678 -0.21267678 -0.21267678 -0.21267678
 -0.21267678 -0.21267678 -0.21267678 -0.21267678 -0.21267678 -0.21267678
 -0.21267678 -0.21267678 -0.21267678 -0.21267678 -0.21267678 -0.21267678
 -0.21267678 -0.21267678 -0.21267678 -0.21267678 -0.21267678  5.13852644
 -0.21267678 -0.21267678 -0.21267678 -0.21267678 -0.21267678 -0.21267678
 -0.21267678 -0.21267678  2.66254847 -0.21267678 -0.21267678 -0.21267678
 -0.21267678 -0.21267678 -0.21267678 -0.21267678 -0.21267678 -0.21267678
 -0.21267678 -0.21267678 -0.21267678 -0.21267678 -0.21267678 -0.21267678
 -0.21267678 -0.21267678 -0.21267678 -0.21267678 -0.21267678 -0.21267678
 -0.21267678 -0.21267678 -0.21267678 -0.21267678 -0.21267678 -0.21267678
 -0.21267678 -0.21267678 -0.21267678 -0.21267678 -0.21267678 -0.21267678
 -0.21267678 -0.21267678 -0.21267678 -0.21267678 -0.21267678 -0.21267678
 -0.21267678 -0.21267678 -0.21267678 -0.21267678 -0.21267678 -0.21267678
 -0.21267678 -0.21267678 -0.21267678 -0.21267678 -0.21267678 -0.21267678
 -0.21267678 -0.21267678 -0.21267678 -0.21267678 -0.21267678 -0.21267678
 -0.21267678 -0.21267678 -0.21267678 -0.21267678 -0.21267678 -0.21267678
 -0.21267678 -0.21267678 -0.21267678 -0.21267678 -0.21267678 -0.21267678
 -0.21267678 -0.21267678 -0.21267678 -0.21267678 -0.21267678 -0.21267678
 -0.21267678 -0.21267678 -0.21267678 -0.21267678 -0.21267678 -0.21267678
 -0.21267678 -0.21267678 -0.21267678 -0.21267678  4.23331786 -0.21267678
 -0.21267678 -0.21267678 -0.21267678 -0.21267678 -0.21267678 -0.21267678
  1.17422243 -0.21267678 -0.21267678 -0.21267678 -0.21267678 -0.21267678
 -0.21267678 -0.21267678 -0.21267678 -0.21267678 -0.21267678 -0.21267678
 -0.21267678 -0.21267678 -0.21267678 -0.21267678 -0.21267678 -0.21267678
 -0.21267678 -0.21267678 -0.21267678 -0.21267678 -0.21267678 -0.21267678
  2.22693559 -0.21267678  2.66854094 -0.21267678 -0.21267678  4.78218609
 -0.21267678 -0.21267678 -0.21267678  1.38216222 -0.21267678 -0.21267678
 -0.21267678 -0.21267678 -0.21267678 -0.21267678 -0.21267678 -0.21267678
 -0.21267678 -0.21267678 -0.21267678 -0.21267678 -0.21267678 -0.21267678
 -0.21267678  3.2199537  -0.21267678  4.45132065  5.13566325 -0.21267678
  4.460469   -0.21267678 -0.21267678 -0.21267678 -0.21267678 -0.21267678
 -0.21267678 -0.21267678 -0.21267678 -0.21267678 -0.21267678 -0.21267678
 -0.21267678 -0.21267678 -0.21267678  6.41952877 -0.21267678 -0.21267678
 -0.21267678 -0.21267678 -0.21267678  4.36390043 -0.21267678 -0.21267678
 -0.21267678 -0.21267678 -0.21267678  1.65398138 -0.21267678 -0.21267678
 -0.21267678 -0.21267678  5.82448839 -0.21267678  5.71587847 -0.21267678
 -0.21267678 -0.21267678 -0.21267678 -0.21267678 -0.21267678 -0.21267678
 -0.21267678  5.25241354 -0.21267678 -0.21267678 -0.21267678  6.0687678
  3.44639804 -0.21267678 -0.21267678 -0.21267678 -0.21267678 -0.21267678
 -0.21267678 -0.21267678 -0.21267678 -0.21267678 -0.21267678 -0.21267678
 -0.21267678 -0.21267678 -0.21267678 -0.21267678 -0.21267678 -0.21267678
 -0.21267678 -0.21267678 -0.21267678 -0.21267678 -0.21267678  3.80914418
 -0.21267678  2.23645543 -0.21267678 -0.21267678 -0.21267678 -0.21267678
 -0.21267678 -0.21267678 -0.21267678 -0.21267678 -0.21267678 -0.21267678
 -0.21267678 -0.21267678 -0.21267678 -0.21267678 -0.21267678 -0.21267678
 -0.21267678 -0.21267678 -0.21267678 -0.21267678 -0.21267678 -0.21267678
 -0.21267678 -0.21267678 -0.21267678 -0.21267678 -0.21267678 -0.21267678
 -0.21267678 -0.21267678 -0.21267678 -0.21267678 -0.21267678 -0.21267678
 -0.21267678 -0.21267678 -0.21267678 -0.21267678 -0.21267678 -0.21267678
 -0.21267678 -0.21267678 -0.21267678 -0.21267678 -0.21267678 -0.21267678
 -0.21267678 -0.21267678 -0.21267678 -0.21267678 -0.21267678 -0.21267678
 -0.21267678 -0.21267678 -0.21267678 -0.21267678 -0.21267678 -0.21267678
 -0.21267678 -0.21267678 -0.21267678 -0.21267678 -0.21267678 -0.21267678
 -0.21267678 -0.21267678 -0.21267678 -0.21267678 -0.21267678 -0.21267678
 -0.21267678 -0.21267678 -0.21267678 -0.21267678 -0.21267678 -0.21267678
 -0.21267678 -0.21267678 -0.21267678 -0.21267678 -0.21267678 -0.21267678
 -0.21267678 -0.21267678 -0.21267678 -0.21267678 -0.21267678 -0.21267678
 -0.21267678 -0.21267678 -0.21267678 -0.21267678 -0.21267678 -0.21267678
 -0.21267678 -0.21267678 -0.21267678 -0.21267678 -0.21267678 -0.21267678
 -0.21267678 -0.21267678 -0.21267678 -0.21267678 -0.21267678 -0.21267678
 -0.21267678 -0.21267678 -0.21267678 -0.21267678 -0.21267678 -0.21267678
 -0.21267678 -0.21267678 -0.21267678 -0.21267678 -0.21267678 -0.21267678
 -0.21267678 -0.21267678 -0.21267678 -0.21267678 -0.21267678 -0.21267678
 -0.21267678 -0.21267678 -0.21267678 -0.21267678 -0.21267678 -0.21267678
 -0.21267678 -0.21267678 -0.21267678 -0.21267678 -0.21267678 -0.21267678
 -0.21267678 -0.21267678 -0.21267678 -0.21267678 -0.21267678 -0.21267678
 -0.21267678 -0.21267678 -0.21267678 -0.21267678 -0.21267678 -0.21267678
 -0.21267678 -0.21267678 -0.21267678 -0.21267678 -0.21267678 -0.21267678
  6.56655127 -0.21267678 -0.21267678 -0.21267678  6.94251903 -0.21267678
 -0.21267678 -0.21267678 -0.21267678 -0.21267678 -0.21267678 -0.21267678
 -0.21267678 -0.21267678 -0.21267678 -0.21267678 -0.21267678 -0.21267678
 -0.21267678  3.38155652 -0.21267678 -0.21267678 -0.21267678 -0.21267678
 -0.21267678 -0.21267678 -0.21267678 -0.21267678 -0.21267678 -0.21267678
 -0.21267678 -0.21267678 -0.21267678 -0.21267678 -0.21267678 -0.21267678
 -0.21267678 -0.21267678 -0.21267678 -0.21267678 -0.21267678 -0.21267678
 -0.21267678 -0.21267678 -0.21267678 -0.21267678 -0.21267678 -0.21267678
 -0.21267678 -0.21267678 -0.21267678 -0.21267678]",[0.008832247671680338]
4,"[-0.16270724 -0.16270724 -0.16270724 -0.16270724 -0.16270724 -0.16270724
 -0.16270724 -0.16270724 -0.16270724 -0.16270724 -0.16270724 -0.16270724
 -0.16270724 -0.16270724 -0.16270724 -0.16270724 -0.16270724 -0.16270724
  1.82495683 -0.16270724 -0.16270724 -0.16270724 -0.16270724 -0.16270724
 -0.16270724 -0.16270724 -0.16270724 -0.16270724 -0.16270724 -0.16270724
 -0.16270724 -0.16270724 -0.16270724 -0.16270724 -0.16270724 -0.16270724
 -0.16270724 -0.16270724 -0.16270724 -0.16270724 -0.16270724 -0.16270724
 -0.16270724 -0.16270724 -0.16270724 -0.16270724 -0.16270724 -0.16270724
 -0.16270724 -0.16270724 -0.16270724 -0.16270724 -0.16270724 -0.16270724
 -0.16270724 -0.16270724 -0.16270724 -0.16270724 -0.16270724 -0.16270724
 -0.16270724 -0.16270724 -0.16270724 -0.16270724 -0.16270724 -0.16270724
 -0.16270724 -0.16270724 -0.16270724 -0.16270724 -0.16270724 -0.16270724
 -0.16270724 -0.16270724 -0.16270724 -0.16270724 -0.16270724 -0.16270724
 -0.16270724 -0.16270724 -0.16270724 -0.16270724 -0.16270724  7.18593004
 -0.16270724 -0.16270724 -0.16270724 -0.16270724 -0.16270724 -0.16270724
 -0.16270724 -0.16270724  3.86372403 -0.16270724 -0.16270724 -0.16270724
 -0.16270724 -0.16270724 -0.16270724 -0.16270724 -0.16270724 -0.16270724
 -0.16270724 -0.16270724 -0.16270724 -0.16270724 -0.16270724 -0.16270724
 -0.16270724 -0.16270724  9.45604909 -0.16270724 -0.16270724 -0.16270724
 -0.16270724 -0.16270724  0.56598838 -0.16270724 -0.16270724 -0.16270724
 -0.16270724 -0.16270724 -0.16270724 -0.16270724 -0.16270724 -0.16270724
 -0.16270724 -0.16270724 -0.16270724 -0.16270724 -0.16270724 -0.16270724
 -0.16270724 -0.16270724 -0.16270724 -0.16270724 -0.16270724 -0.16270724
 -0.16270724 -0.16270724 -0.16270724 -0.16270724 -0.16270724 -0.16270724
 -0.16270724 -0.16270724 -0.16270724 -0.16270724 -0.16270724 -0.16270724
 -0.16270724 -0.16270724 -0.16270724 -0.16270724 -0.16270724 -0.16270724
 -0.16270724 -0.16270724 -0.16270724 -0.16270724 -0.16270724 -0.16270724
 -0.16270724  2.36532471 -0.16270724 -0.16270724 -0.16270724 -0.16270724
 -0.16270724 -0.16270724 -0.16270724 -0.16270724 -0.16270724 -0.16270724
 -0.16270724 -0.16270724 -0.16270724 -0.16270724 -0.16270724 -0.16270724
 -0.16270724 -0.16270724 -0.16270724 -0.16270724 -0.16270724 -0.16270724
 -0.16270724 -0.16270724 -0.16270724 -0.16270724 -0.16270724 -0.16270724
 -0.16270724 -0.16270724 -0.16270724 -0.16270724 -0.16270724 -0.16270724
 -0.16270724 -0.16270724 -0.16270724 -0.16270724 -0.16270724 -0.16270724
 -0.16270724 -0.16270724 -0.16270724 -0.16270724 -0.16270724 -0.16270724
  3.45307943 -0.16270724 -0.16270724 -0.16270724 -0.16270724  6.19455683
 -0.16270724 -0.16270724 -0.16270724 -0.16270724 -0.16270724 -0.16270724
 -0.16270724 -0.16270724 -0.16270724 -0.16270724 -0.16270724 -0.16270724
 -0.16270724 -0.16270724 -0.16270724 -0.16270724 -0.16270724 -0.16270724
 -0.16270724  5.01337333 -0.16270724 -0.16270724 -0.16270724 -0.16270724
  3.77002866 -0.16270724 -0.16270724 -0.16270724 -0.16270724 -0.16270724
 -0.16270724 -0.16270724 -0.16270724 -0.16270724 -0.16270724 -0.16270724
 -0.16270724 -0.16270724 -0.16270724 -0.16270724 -0.16270724 -0.16270724
 -0.16270724 -0.16270724 -0.16270724  4.77656009 -0.16270724 -0.16270724
 -0.16270724 -0.16270724 -0.16270724 -0.16270724 -0.16270724 -0.16270724
  2.40872276 -0.16270724 -0.16270724 -0.16270724 -0.16270724 -0.16270724
 -0.16270724 -0.16270724 -0.16270724 -0.16270724 -0.16270724 -0.16270724
 -0.16270724 -0.16270724 -0.16270724 -0.16270724 -0.16270724  6.43576352
 -0.16270724 -0.16270724 -0.16270724 -0.16270724 -0.16270724 -0.16270724
 -0.16270724 -0.16270724 -0.16270724 -0.16270724 -0.16270724 -0.16270724
 -0.16270724 -0.16270724 -0.16270724 -0.16270724 -0.16270724 -0.16270724
 -0.16270724 -0.16270724 -0.16270724 -0.16270724 -0.16270724  6.15059313
 -0.16270724 -0.16270724 -0.16270724 -0.16270724 -0.16270724 -0.16270724
 -0.16270724 -0.16270724 -0.16270724 -0.16270724 -0.16270724 -0.16270724
 -0.16270724 -0.16270724 -0.16270724 -0.16270724 -0.16270724 -0.16270724
 -0.16270724 -0.16270724 -0.16270724 -0.16270724 -0.16270724 -0.16270724
 -0.16270724 -0.16270724 -0.16270724 -0.16270724 -0.16270724 -0.16270724
 -0.16270724 -0.16270724 -0.16270724 -0.16270724 -0.16270724 -0.16270724
 -0.16270724 -0.16270724 -0.16270724 -0.16270724 -0.16270724 -0.16270724
 -0.16270724 -0.16270724 -0.16270724 -0.16270724 -0.16270724 -0.16270724
 -0.16270724 -0.16270724 -0.16270724 -0.16270724 -0.16270724 -0.16270724
 -0.16270724 -0.16270724 -0.16270724 -0.16270724 -0.16270724 -0.16270724
 -0.16270724 -0.16270724 -0.16270724 -0.16270724 -0.16270724 -0.16270724
 -0.16270724 -0.16270724 -0.16270724 -0.16270724 -0.16270724 -0.16270724
 -0.16270724 -0.16270724 -0.16270724 -0.16270724 -0.16270724 -0.16270724
 -0.16270724 -0.16270724 -0.16270724 -0.16270724 -0.16270724 -0.16270724
 -0.16270724 -0.16270724 -0.16270724 -0.16270724 -0.16270724 -0.16270724
 -0.16270724 -0.16270724 -0.16270724 -0.16270724 -0.16270724 -0.16270724
 -0.16270724 -0.16270724 -0.16270724 -0.16270724 -0.16270724 -0.16270724
 -0.16270724 -0.16270724 -0.16270724 -0.16270724 -0.16270724 -0.16270724
 -0.16270724 -0.16270724 -0.16270724 -0.16270724 -0.16270724 -0.16270724
 -0.16270724 -0.16270724 -0.16270724 -0.16270724 -0.16270724 -0.16270724
 -0.16270724 -0.16270724 -0.16270724 -0.16270724 -0.16270724 -0.16270724
 -0.16270724 -0.16270724 -0.16270724 -0.16270724 -0.16270724 -0.16270724
 -0.16270724 -0.16270724 -0.16270724 -0.16270724 -0.16270724 -0.16270724
 -0.16270724 -0.16270724 -0.16270724 -0.16270724 -0.16270724 -0.16270724
 -0.16270724 -0.16270724 -0.16270724 -0.16270724 -0.16270724 -0.16270724
 -0.16270724 -0.16270724  7.98334244 -0.16270724 -0.16270724 -0.16270724
  8.81605651 -0.16270724 -0.16270724 -0.16270724 -0.16270724 -0.16270724
 -0.16270724 -0.16270724 -0.16270724 -0.16270724 -0.16270724 -0.16270724
 -0.16270724 -0.16270724 -0.16270724 -0.16270724 -0.16270724 -0.16270724
 -0.16270724 -0.16270724 -0.16270724 -0.16270724 -0.16270724 -0.16270724
 -0.16270724 -0.16270724 -0.16270724 -0.16270724 -0.16270724 -0.16270724
 -0.16270724 -0.16270724 -0.16270724 -0.16270724 -0.16270724 -0.16270724
 -0.16270724 -0.16270724 -0.16270724 -0.16270724 -0.16270724 -0.16270724
 -0.16270724 -0.16270724 -0.16270724 -0.16270724 -0.16270724 -0.16270724
 -0.16270724 -0.16270724  1.57769373 -0.16270724]",[-0.04950981821912637]
4,"[-0.17422742 -0.17422742 -0.17422742 -0.17422742 -0.17422742 -0.17422742
 -0.17422742 -0.17422742 -0.17422742 -0.17422742 -0.17422742 -0.17422742
 -0.17422742 -0.17422742 -0.17422742 -0.17422742 -0.17422742 -0.17422742
 -0.17422742 -0.17422742 -0.17422742 -0.17422742 -0.17422742 -0.17422742
 -0.17422742 -0.17422742 -0.17422742 -0.17422742 -0.17422742 -0.17422742
 -0.17422742 -0.17422742 -0.17422742 -0.17422742 -0.17422742 -0.17422742
 -0.17422742 -0.17422742 -0.17422742 -0.17422742 -0.17422742 -0.17422742
 -0.17422742 -0.17422742 -0.17422742 -0.17422742 -0.17422742 -0.17422742
 -0.17422742 -0.17422742 -0.17422742 -0.17422742 -0.17422742 -0.17422742
 -0.17422742 -0.17422742 -0.17422742 -0.17422742 -0.17422742 -0.17422742
 -0.17422742 -0.17422742 -0.17422742 -0.17422742 -0.17422742 -0.17422742
 -0.17422742 -0.17422742 -0.17422742 -0.17422742 -0.17422742 -0.17422742
 -0.17422742 -0.17422742 -0.17422742 -0.17422742 -0.17422742 -0.17422742
 -0.17422742 -0.17422742 -0.17422742 -0.17422742 -0.17422742  8.72553469
 -0.17422742 -0.17422742 -0.17422742 -0.17422742 -0.17422742  3.91651793
 -0.17422742  5.07445926  2.39822401 -0.17422742 -0.17422742  3.41041042
 -0.17422742 -0.17422742 -0.17422742 -0.17422742 -0.17422742 -0.17422742
 -0.17422742 -0.17422742 -0.17422742 -0.17422742 -0.17422742 -0.17422742
 -0.17422742 -0.17422742  6.32678218 -0.17422742 -0.17422742 -0.17422742
 -0.17422742  4.83726627  7.02270363 -0.17422742 -0.17422742 -0.17422742
 -0.17422742 -0.17422742 -0.17422742 -0.17422742  3.60970259 -0.17422742
 -0.17422742 -0.17422742 -0.17422742 -0.17422742 -0.17422742 -0.17422742
 -0.17422742 -0.17422742 -0.17422742 -0.17422742 -0.17422742 -0.17422742
 -0.17422742 -0.17422742 -0.17422742 -0.17422742 -0.17422742 -0.17422742
 -0.17422742 -0.17422742 -0.17422742 -0.17422742 -0.17422742 -0.17422742
 -0.17422742 -0.17422742 -0.17422742 -0.17422742 -0.17422742 -0.17422742
 -0.17422742 -0.17422742 -0.17422742 -0.17422742 -0.17422742 -0.17422742
 -0.17422742 -0.17422742 -0.17422742 -0.17422742 -0.17422742 -0.17422742
 -0.17422742 -0.17422742 -0.17422742 -0.17422742 -0.17422742 -0.17422742
 -0.17422742 -0.17422742 -0.17422742 -0.17422742 -0.17422742 -0.17422742
 -0.17422742 -0.17422742 -0.17422742 -0.17422742 -0.17422742 -0.17422742
 -0.17422742 -0.17422742 -0.17422742 -0.17422742 -0.17422742 -0.17422742
 -0.17422742 -0.17422742 -0.17422742 -0.17422742 -0.17422742 -0.17422742
 -0.17422742 -0.17422742  3.06388279 -0.17422742 -0.17422742 -0.17422742
 -0.17422742 -0.17422742 -0.17422742 -0.17422742 -0.17422742 -0.17422742
 -0.17422742 -0.17422742 -0.17422742 -0.17422742 -0.17422742 -0.17422742
 -0.17422742 -0.17422742 -0.17422742 -0.17422742 -0.17422742 -0.17422742
 -0.17422742 -0.17422742 -0.17422742 -0.17422742 -0.17422742 -0.17422742
 -0.17422742 -0.17422742 -0.17422742 -0.17422742 -0.17422742 -0.17422742
 -0.17422742  0.02570061 -0.17422742 -0.17422742 -0.17422742 -0.17422742
 -0.17422742 -0.17422742 -0.17422742 -0.17422742 -0.17422742 -0.17422742
 -0.17422742 -0.17422742 -0.17422742 -0.17422742 -0.17422742 -0.17422742
 -0.17422742 -0.17422742 -0.17422742 -0.17422742 -0.17422742 -0.17422742
 -0.17422742 -0.17422742 -0.17422742 -0.17422742 -0.17422742 -0.17422742
 -0.17422742 -0.17422742 -0.17422742 -0.17422742 -0.17422742 -0.17422742
 -0.17422742 -0.17422742 -0.17422742 -0.17422742 -0.17422742 -0.17422742
 -0.17422742 -0.17422742 -0.17422742 -0.17422742 -0.17422742 -0.17422742
 -0.17422742  1.24092249 -0.17422742 -0.17422742 -0.17422742  1.16883503
 -0.17422742 -0.17422742 -0.17422742 -0.17422742 -0.17422742 -0.17422742
 -0.17422742 -0.17422742 -0.17422742 -0.17422742 -0.17422742  5.52548871
 -0.17422742 -0.17422742 -0.17422742 -0.17422742 -0.17422742 -0.17422742
  8.58448783  6.70860414 -0.17422742 -0.17422742 -0.17422742 -0.17422742
 -0.17422742 -0.17422742 -0.17422742 -0.17422742 -0.17422742 -0.17422742
 -0.17422742 -0.17422742 -0.17422742 -0.17422742 -0.17422742 -0.17422742
 -0.17422742 -0.17422742 -0.17422742 -0.17422742 -0.17422742 -0.17422742
 -0.17422742 -0.17422742 -0.17422742 -0.17422742 -0.17422742 -0.17422742
 -0.17422742 -0.17422742 -0.17422742 -0.17422742 -0.17422742 -0.17422742
 -0.17422742 -0.17422742 -0.17422742 -0.17422742 -0.17422742 -0.17422742
 -0.17422742 -0.17422742 -0.17422742 -0.17422742 -0.17422742 -0.17422742
 -0.17422742 -0.17422742 -0.17422742 -0.17422742 -0.17422742 -0.17422742
 -0.17422742 -0.17422742 -0.17422742 -0.17422742 -0.17422742 -0.17422742
 -0.17422742 -0.17422742 -0.17422742 -0.17422742 -0.17422742 -0.17422742
 -0.17422742 -0.17422742 -0.17422742 -0.17422742 -0.17422742 -0.17422742
 -0.17422742 -0.17422742 -0.17422742 -0.17422742 -0.17422742 -0.17422742
 -0.17422742 -0.17422742 -0.17422742 -0.17422742 -0.17422742 -0.17422742
 -0.17422742 -0.17422742 -0.17422742 -0.17422742 -0.17422742 -0.17422742
 -0.17422742 -0.17422742 -0.17422742 -0.17422742 -0.17422742 -0.17422742
 -0.17422742 -0.17422742 -0.17422742 -0.17422742 -0.17422742 -0.17422742
 -0.17422742 -0.17422742 -0.17422742 -0.17422742 -0.17422742 -0.17422742
 -0.17422742 -0.17422742 -0.17422742 -0.17422742 -0.17422742 -0.17422742
 -0.17422742 -0.17422742 -0.17422742 -0.17422742 -0.17422742 -0.17422742
 -0.17422742 -0.17422742 -0.17422742 -0.17422742 -0.17422742 -0.17422742
 -0.17422742 -0.17422742 -0.17422742 -0.17422742 -0.17422742 -0.17422742
 -0.17422742 -0.17422742 -0.17422742 -0.17422742 -0.17422742 -0.17422742
  5.79978796 -0.17422742 -0.17422742 -0.17422742 -0.17422742 -0.17422742
 -0.17422742 -0.17422742 -0.17422742 -0.17422742 -0.17422742 -0.17422742
 -0.17422742 -0.17422742 -0.17422742 -0.17422742 -0.17422742 -0.17422742
 -0.17422742 -0.17422742  5.53693722 -0.17422742 -0.17422742 -0.17422742
  4.31169167 -0.17422742 -0.17422742 -0.17422742 -0.17422742 -0.17422742
 -0.17422742 -0.17422742 -0.17422742 -0.17422742 -0.17422742 -0.17422742
 -0.17422742 -0.17422742 -0.17422742 -0.17422742 -0.17422742 -0.17422742
 -0.17422742 -0.17422742 -0.17422742 -0.17422742 -0.17422742 -0.17422742
 -0.17422742 -0.17422742 -0.17422742 -0.17422742 -0.17422742 -0.17422742
 -0.17422742 -0.17422742 -0.17422742 -0.17422742 -0.17422742 -0.17422742
 -0.17422742 -0.17422742 -0.17422742 -0.17422742 -0.17422742 -0.17422742
 -0.17422742 -0.17422742 -0.17422742 -0.17422742 -0.17422742 -0.17422742
 -0.17422742 -0.17422742 -0.17422742 -0.17422742]",[-0.005355744699205356]
4,"[-0.15766097 -0.15766097 -0.15766097 -0.15766097 -0.15766097 -0.15766097
 -0.15766097 -0.15766097 -0.15766097 -0.15766097 -0.15766097 -0.15766097
 -0.15766097 -0.15766097 -0.15766097 -0.15766097 -0.15766097 -0.15766097
  2.29267233 -0.15766097 -0.15766097 -0.15766097 -0.15766097 -0.15766097
 -0.15766097 -0.15766097 -0.15766097 -0.15766097 -0.15766097 -0.15766097
 -0.15766097 -0.15766097 -0.15766097 -0.15766097 -0.15766097 -0.15766097
 -0.15766097 -0.15766097 -0.15766097 -0.15766097 -0.15766097 -0.15766097
 -0.15766097 -0.15766097 -0.15766097 -0.15766097 -0.15766097 -0.15766097
 -0.15766097 -0.15766097 -0.15766097 -0.15766097 -0.15766097 -0.15766097
 -0.15766097 -0.15766097 -0.15766097 -0.15766097 -0.15766097 -0.15766097
 -0.15766097 -0.15766097 -0.15766097 -0.15766097 -0.15766097 -0.15766097
 -0.15766097 -0.15766097 -0.15766097 -0.15766097 -0.15766097 -0.15766097
 -0.15766097 -0.15766097 -0.15766097 -0.15766097 -0.15766097 -0.15766097
 -0.15766097 -0.15766097 -0.15766097 -0.15766097 -0.15766097  2.67537415
 -0.15766097 -0.15766097 -0.15766097 -0.15766097 -0.15766097 -0.15766097
 -0.15766097 -0.15766097 -0.15766097 -0.15766097 -0.15766097 -0.15766097
 -0.15766097 -0.15766097 -0.15766097 -0.15766097 -0.15766097 -0.15766097
 -0.15766097 -0.15766097 -0.15766097 -0.15766097 -0.15766097 -0.15766097
 -0.15766097 -0.15766097 -0.15766097 -0.15766097 -0.15766097 -0.15766097
 -0.15766097 -0.15766097  0.40964643 -0.15766097 -0.15766097 -0.15766097
 -0.15766097 -0.15766097 -0.15766097 -0.15766097 -0.15766097 -0.15766097
 -0.15766097 -0.15766097 -0.15766097 -0.15766097 -0.15766097 -0.15766097
 -0.15766097 -0.15766097 -0.15766097 -0.15766097 -0.15766097 -0.15766097
 -0.15766097 -0.15766097 -0.15766097 -0.15766097 -0.15766097 -0.15766097
 -0.15766097 -0.15766097 -0.15766097 -0.15766097 -0.15766097 -0.15766097
 -0.15766097 -0.15766097 -0.15766097 -0.15766097 -0.15766097 -0.15766097
 -0.15766097 -0.15766097 -0.15766097 -0.15766097 -0.15766097 -0.15766097
 -0.15766097 -0.15766097 -0.15766097 -0.15766097 -0.15766097 -0.15766097
 -0.15766097 -0.15766097 -0.15766097 -0.15766097 -0.15766097 -0.15766097
 -0.15766097 -0.15766097 -0.15766097 -0.15766097 -0.15766097 -0.15766097
 -0.15766097 -0.15766097 -0.15766097 -0.15766097 -0.15766097 -0.15766097
  3.55642    -0.15766097 -0.15766097 -0.15766097 -0.15766097 -0.15766097
 -0.15766097 -0.15766097 -0.15766097 -0.15766097 -0.15766097 -0.15766097
 -0.15766097 -0.15766097 -0.15766097 -0.15766097 -0.15766097  4.15156774
 -0.15766097 -0.15766097 -0.15766097 -0.15766097 -0.15766097 -0.15766097
  5.77225814 -0.15766097 -0.15766097 -0.15766097 -0.15766097  7.63191487
 -0.15766097 -0.15766097 -0.15766097 -0.15766097 -0.15766097 -0.15766097
 -0.15766097 -0.15766097 -0.15766097 -0.15766097 -0.15766097 -0.15766097
 -0.15766097 -0.15766097 -0.15766097 -0.15766097 -0.15766097 -0.15766097
 -0.15766097  0.05416509 -0.15766097 -0.15766097 -0.15766097 -0.15766097
 -0.15766097 -0.15766097 -0.15766097 -0.15766097 -0.15766097 -0.15766097
 -0.15766097 -0.15766097 -0.15766097 -0.15766097 -0.15766097 -0.15766097
 -0.15766097 -0.15766097 -0.15766097 -0.15766097 -0.15766097 -0.15766097
 -0.15766097 -0.15766097 -0.15766097 -0.15766097 -0.15766097 -0.15766097
 -0.15766097 -0.15766097 -0.15766097 -0.15766097 -0.15766097 -0.15766097
 -0.15766097 -0.15766097 -0.15766097 -0.15766097 -0.15766097 -0.15766097
 -0.15766097 -0.15766097 -0.15766097 -0.15766097 -0.15766097 -0.15766097
 -0.15766097 -0.15766097 -0.15766097 -0.15766097 -0.15766097  1.50138469
 -0.15766097 -0.15766097 -0.15766097 -0.15766097 -0.15766097 -0.15766097
 -0.15766097 -0.15766097 -0.15766097 -0.15766097 -0.15766097 -0.15766097
 -0.15766097 -0.15766097 -0.15766097 -0.15766097 -0.15766097 -0.15766097
 -0.15766097 -0.15766097 -0.15766097 -0.15766097 -0.15766097  5.31951658
 -0.15766097 -0.15766097 -0.15766097 -0.15766097 -0.15766097 -0.15766097
 -0.15766097 -0.15766097 -0.15766097 -0.15766097 -0.15766097 -0.15766097
 -0.15766097 -0.15766097 -0.15766097 -0.15766097 -0.15766097 -0.15766097
 -0.15766097 -0.15766097 -0.15766097 -0.15766097 -0.15766097 -0.15766097
 -0.15766097 -0.15766097 -0.15766097 -0.15766097 -0.15766097 -0.15766097
 -0.15766097 -0.15766097 -0.15766097 -0.15766097 -0.15766097 -0.15766097
 -0.15766097 -0.15766097 -0.15766097 -0.15766097 -0.15766097 -0.15766097
 -0.15766097 -0.15766097  2.15696006 -0.15766097 -0.15766097 -0.15766097
 -0.15766097 -0.15766097 -0.15766097 -0.15766097 -0.15766097 -0.15766097
 -0.15766097 -0.15766097 -0.15766097 -0.15766097 -0.15766097 -0.15766097
 -0.15766097 -0.15766097 -0.15766097 -0.15766097 -0.15766097 -0.15766097
 -0.15766097 -0.15766097 -0.15766097 -0.15766097 -0.15766097 -0.15766097
 -0.15766097 -0.15766097 -0.15766097 -0.15766097 -0.15766097 -0.15766097
 -0.15766097 -0.15766097 -0.15766097 -0.15766097 -0.15766097 -0.15766097
 -0.15766097 -0.15766097 -0.15766097 -0.15766097 -0.15766097 -0.15766097
 -0.15766097 -0.15766097 -0.15766097 -0.15766097 -0.15766097 -0.15766097
 -0.15766097 -0.15766097 -0.15766097 -0.15766097 -0.15766097 -0.15766097
 -0.15766097 -0.15766097 -0.15766097 -0.15766097 -0.15766097 -0.15766097
 -0.15766097 -0.15766097 -0.15766097 -0.15766097 -0.15766097 -0.15766097
 -0.15766097 -0.15766097 -0.15766097 -0.15766097 -0.15766097 -0.15766097
 -0.15766097 -0.15766097 -0.15766097 -0.15766097 -0.15766097 -0.15766097
 -0.15766097 -0.15766097 -0.15766097 -0.15766097 -0.15766097 -0.15766097
 -0.15766097 -0.15766097 -0.15766097 -0.15766097 -0.15766097 -0.15766097
 -0.15766097 -0.15766097 -0.15766097 -0.15766097 -0.15766097 -0.15766097
 -0.15766097 -0.15766097 -0.15766097 -0.15766097 -0.15766097 -0.15766097
 -0.15766097 -0.15766097  7.82389217 -0.15766097 -0.15766097 -0.15766097
 12.35959251 -0.15766097 -0.15766097 -0.15766097  7.30374842 -0.15766097
 -0.15766097 -0.15766097 -0.15766097  4.09486471 -0.15766097 -0.15766097
 -0.15766097 -0.15766097 -0.15766097 -0.15766097 -0.15766097 -0.15766097
 -0.15766097  5.92396434 -0.15766097 -0.15766097 -0.15766097  3.50136663
 -0.15766097 -0.15766097 -0.15766097 -0.15766097 -0.15766097 -0.15766097
 -0.15766097 -0.15766097 -0.15766097 -0.15766097 -0.15766097 -0.15766097
 -0.15766097  2.61649893 -0.15766097 -0.15766097 -0.15766097 -0.15766097
 -0.15766097 -0.15766097 -0.15766097 -0.15766097 -0.15766097 -0.15766097
 -0.15766097 -0.15766097 -0.15766097 -0.15766097]",[-0.0009224510316608592]
4,"[-0.1591204  -0.1591204  -0.1591204  -0.1591204  -0.1591204  -0.1591204
 -0.1591204  -0.1591204  -0.1591204  -0.1591204  -0.1591204  -0.1591204
 -0.1591204  -0.1591204  -0.1591204  -0.1591204  -0.1591204  -0.1591204
 -0.1591204  -0.1591204  -0.1591204  -0.1591204  -0.1591204  -0.1591204
 -0.1591204  -0.1591204  -0.1591204  -0.1591204  -0.1591204  -0.1591204
 -0.1591204  -0.1591204  -0.1591204  -0.1591204  -0.1591204  -0.1591204
 -0.1591204  -0.1591204  -0.1591204  -0.1591204  -0.1591204  -0.1591204
 -0.1591204  -0.1591204  -0.1591204  -0.1591204  -0.1591204  -0.1591204
 -0.1591204  -0.1591204  -0.1591204  -0.1591204  -0.1591204  -0.1591204
 -0.1591204  -0.1591204  -0.1591204  -0.1591204  -0.1591204  -0.1591204
 -0.1591204  -0.1591204  -0.1591204  -0.1591204  -0.1591204  -0.1591204
 -0.1591204  -0.1591204  -0.1591204  -0.1591204  -0.1591204  -0.1591204
 -0.1591204  -0.1591204  -0.1591204  -0.1591204  -0.1591204  -0.1591204
 -0.1591204  -0.1591204  -0.1591204  -0.1591204  -0.1591204   9.62175274
 -0.1591204  -0.1591204  -0.1591204  -0.1591204  -0.1591204  -0.1591204
 -0.1591204  -0.1591204   3.31907102 -0.1591204  -0.1591204  -0.1591204
 -0.1591204  -0.1591204  -0.1591204  -0.1591204  -0.1591204  -0.1591204
 -0.1591204  -0.1591204  -0.1591204  -0.1591204  -0.1591204  -0.1591204
 -0.1591204  -0.1591204   0.9484116  -0.1591204  -0.1591204  -0.1591204
 -0.1591204  -0.1591204  -0.1591204  -0.1591204  -0.1591204  -0.1591204
 -0.1591204  -0.1591204  -0.1591204  -0.1591204  -0.1591204  -0.1591204
 -0.1591204  -0.1591204  -0.1591204  -0.1591204  -0.1591204  -0.1591204
 -0.1591204  -0.1591204  -0.1591204  -0.1591204  -0.1591204  -0.1591204
 -0.1591204  -0.1591204  -0.1591204  -0.1591204  -0.1591204  -0.1591204
 -0.1591204  -0.1591204  -0.1591204  -0.1591204  -0.1591204  -0.1591204
 -0.1591204  -0.1591204  -0.1591204  -0.1591204  -0.1591204  -0.1591204
 -0.1591204  -0.1591204  -0.1591204  -0.1591204  -0.1591204  -0.1591204
 -0.1591204  -0.1591204  -0.1591204  -0.1591204  -0.1591204  -0.1591204
 -0.1591204  -0.1591204  -0.1591204  -0.1591204  -0.1591204   4.31706077
 -0.1591204  -0.1591204  -0.1591204  -0.1591204  -0.1591204  -0.1591204
 -0.1591204  -0.1591204  -0.1591204  -0.1591204  -0.1591204  -0.1591204
  6.23221271 -0.1591204  -0.1591204  -0.1591204  -0.1591204  -0.1591204
 -0.1591204  -0.1591204  -0.1591204  -0.1591204  -0.1591204  -0.1591204
 -0.1591204  -0.1591204   3.60089924 -0.1591204  -0.1591204   8.30848855
 -0.1591204  -0.1591204  -0.1591204  -0.1591204  -0.1591204  -0.1591204
  6.83541617 -0.1591204  -0.1591204  -0.1591204  -0.1591204   3.68680363
 -0.1591204  -0.1591204  -0.1591204  -0.1591204  -0.1591204  -0.1591204
 -0.1591204  -0.1591204  -0.1591204  -0.1591204  -0.1591204  -0.1591204
 -0.1591204  -0.1591204  -0.1591204  -0.1591204  -0.1591204  -0.1591204
 -0.1591204  -0.1591204  -0.1591204  -0.1591204  -0.1591204  -0.1591204
 -0.1591204   2.44539566 -0.1591204   1.84454837 -0.1591204  -0.1591204
 -0.1591204  -0.1591204  -0.1591204  -0.1591204  -0.1591204  -0.1591204
 -0.1591204  -0.1591204  -0.1591204  -0.1591204  -0.1591204  -0.1591204
 -0.1591204  -0.1591204  -0.1591204  -0.1591204  -0.1591204  -0.1591204
 -0.1591204  -0.1591204  -0.1591204  -0.1591204  -0.1591204  -0.1591204
 -0.1591204  -0.1591204  -0.1591204  -0.1591204  -0.1591204  -0.1591204
 -0.1591204  -0.1591204  -0.1591204  -0.1591204  -0.1591204  -0.1591204
 -0.1591204  -0.1591204  -0.1591204  -0.1591204  -0.1591204   1.55622611
 -0.1591204  -0.1591204  -0.1591204  -0.1591204  -0.1591204  -0.1591204
 -0.1591204  -0.1591204  -0.1591204  -0.1591204  -0.1591204  -0.1591204
 -0.1591204  -0.1591204  -0.1591204  -0.1591204  -0.1591204  -0.1591204
 -0.1591204  -0.1591204  -0.1591204  -0.1591204  -0.1591204   7.60794509
 -0.1591204  -0.1591204  -0.1591204  -0.1591204  -0.1591204  -0.1591204
 -0.1591204  -0.1591204  -0.1591204  -0.1591204  -0.1591204  -0.1591204
 -0.1591204  -0.1591204  -0.1591204  -0.1591204  -0.1591204  -0.1591204
 -0.1591204  -0.1591204  -0.1591204  -0.1591204  -0.1591204  -0.1591204
 -0.1591204  -0.1591204  -0.1591204  -0.1591204  -0.1591204  -0.1591204
 -0.1591204  -0.1591204  -0.1591204  -0.1591204  -0.1591204  -0.1591204
 -0.1591204  -0.1591204  -0.1591204  -0.1591204  -0.1591204  -0.1591204
 -0.1591204  -0.1591204  -0.1591204  -0.1591204  -0.1591204  -0.1591204
 -0.1591204  -0.1591204  -0.1591204  -0.1591204  -0.1591204  -0.1591204
 -0.1591204  -0.1591204  -0.1591204  -0.1591204  -0.1591204  -0.1591204
 -0.1591204  -0.1591204  -0.1591204  -0.1591204  -0.1591204  -0.1591204
 -0.1591204  -0.1591204  -0.1591204  -0.1591204  -0.1591204  -0.1591204
 -0.1591204  -0.1591204  -0.1591204  -0.1591204  -0.1591204  -0.1591204
 -0.1591204  -0.1591204  -0.1591204  -0.1591204  -0.1591204  -0.1591204
 -0.1591204  -0.1591204  -0.1591204  -0.1591204  -0.1591204  -0.1591204
 -0.1591204  -0.1591204  -0.1591204  -0.1591204  -0.1591204  -0.1591204
 -0.1591204  -0.1591204  -0.1591204  -0.1591204  -0.1591204  -0.1591204
 -0.1591204  -0.1591204  -0.1591204  -0.1591204  -0.1591204  -0.1591204
 -0.1591204  -0.1591204  -0.1591204  -0.1591204  -0.1591204  -0.1591204
 -0.1591204  -0.1591204  -0.1591204  -0.1591204  -0.1591204  -0.1591204
 -0.1591204  -0.1591204  -0.1591204  -0.1591204  -0.1591204  -0.1591204
 -0.1591204  -0.1591204  -0.1591204  -0.1591204  -0.1591204  -0.1591204
 -0.1591204  -0.1591204  -0.1591204  -0.1591204  -0.1591204  -0.1591204
 -0.1591204  -0.1591204  -0.1591204  -0.1591204  -0.1591204  -0.1591204
 -0.1591204  -0.1591204  -0.1591204  -0.1591204  -0.1591204  -0.1591204
 -0.1591204  -0.1591204   6.0242678  -0.1591204  -0.1591204  -0.1591204
  6.18518018 -0.1591204  -0.1591204  -0.1591204  -0.1591204  -0.1591204
 -0.1591204  -0.1591204  -0.1591204  -0.1591204  -0.1591204  -0.1591204
 -0.1591204  -0.1591204  -0.1591204  -0.1591204  -0.1591204  -0.1591204
 -0.1591204   7.66300231 -0.1591204  -0.1591204  -0.1591204  -0.1591204
 -0.1591204  -0.1591204  -0.1591204  -0.1591204  -0.1591204  -0.1591204
 -0.1591204  -0.1591204  -0.1591204  -0.1591204  -0.1591204  -0.1591204
 -0.1591204  -0.1591204  -0.1591204  -0.1591204  -0.1591204  -0.1591204
 -0.1591204  -0.1591204  -0.1591204  -0.1591204  -0.1591204  -0.1591204
 -0.1591204  -0.1591204  -0.1591204  -0.1591204 ]",[-0.023663266744952283]
4,"[-0.12757211 -0.12757211 -0.12757211 -0.12757211 -0.12757211 -0.12757211
 -0.12757211 -0.12757211 -0.12757211 -0.12757211 -0.12757211 -0.12757211
 -0.12757211 -0.12757211 -0.12757211 -0.12757211 -0.12757211 -0.12757211
 -0.12757211 -0.12757211 -0.12757211 -0.12757211 -0.12757211 -0.12757211
 -0.12757211 -0.12757211 -0.12757211 -0.12757211 -0.12757211 -0.12757211
 -0.12757211 -0.12757211 -0.12757211 -0.12757211 -0.12757211 -0.12757211
 -0.12757211 -0.12757211 -0.12757211 -0.12757211 -0.12757211 -0.12757211
 -0.12757211 -0.12757211 -0.12757211 -0.12757211 -0.12757211 -0.12757211
 -0.12757211 -0.12757211 -0.12757211 -0.12757211 -0.12757211 -0.12757211
 -0.12757211 -0.12757211 -0.12757211 -0.12757211 -0.12757211 -0.12757211
 -0.12757211 -0.12757211 -0.12757211 -0.12757211 -0.12757211 -0.12757211
 -0.12757211 -0.12757211 -0.12757211 -0.12757211 -0.12757211 -0.12757211
 -0.12757211 -0.12757211 -0.12757211 -0.12757211 -0.12757211 -0.12757211
 -0.12757211 -0.12757211 -0.12757211 -0.12757211 -0.12757211  9.39040145
 -0.12757211 -0.12757211 -0.12757211 -0.12757211 -0.12757211 -0.12757211
 -0.12757211 -0.12757211 -0.12757211 -0.12757211 -0.12757211 -0.12757211
 -0.12757211 -0.12757211 -0.12757211 -0.12757211 -0.12757211 -0.12757211
 -0.12757211 -0.12757211 -0.12757211 -0.12757211 -0.12757211 -0.12757211
 -0.12757211 -0.12757211  8.65104504 -0.12757211 -0.12757211 -0.12757211
 -0.12757211 -0.12757211 -0.12757211 -0.12757211 -0.12757211 -0.12757211
 -0.12757211 -0.12757211 -0.12757211 -0.12757211 -0.12757211 -0.12757211
 -0.12757211 -0.12757211 -0.12757211 -0.12757211 -0.12757211 -0.12757211
 -0.12757211 -0.12757211 -0.12757211 -0.12757211 -0.12757211 -0.12757211
 -0.12757211 -0.12757211 -0.12757211 -0.12757211 -0.12757211 -0.12757211
 -0.12757211 -0.12757211 -0.12757211 -0.12757211 -0.12757211 -0.12757211
 -0.12757211 -0.12757211 -0.12757211 -0.12757211 -0.12757211 -0.12757211
 -0.12757211 -0.12757211 -0.12757211 -0.12757211 -0.12757211 -0.12757211
 -0.12757211 -0.12757211 -0.12757211 -0.12757211 -0.12757211 -0.12757211
 -0.12757211 -0.12757211 -0.12757211 -0.12757211 -0.12757211 -0.12757211
 -0.12757211 -0.12757211 -0.12757211 -0.12757211 -0.12757211 -0.12757211
 -0.12757211 -0.12757211 -0.12757211 -0.12757211 -0.12757211 -0.12757211
 -0.12757211 -0.12757211 -0.12757211 -0.12757211 -0.12757211 -0.12757211
 -0.12757211 -0.12757211 -0.12757211 -0.12757211 -0.12757211 -0.12757211
 -0.12757211 -0.12757211 -0.12757211 -0.12757211 -0.12757211  0.58229429
 -0.12757211 -0.12757211 -0.12757211 -0.12757211 -0.12757211 -0.12757211
  4.06238886 -0.12757211 -0.12757211 -0.12757211 -0.12757211  7.74764734
 -0.12757211 -0.12757211 -0.12757211 -0.12757211 -0.12757211 -0.12757211
 -0.12757211 -0.12757211 -0.12757211 -0.12757211 -0.12757211 -0.12757211
 -0.12757211 -0.12757211 -0.12757211 -0.12757211 -0.12757211 -0.12757211
 -0.12757211  3.8734723  -0.12757211 -0.12757211 -0.12757211 -0.12757211
 -0.12757211 -0.12757211 -0.12757211 -0.12757211 -0.12757211 -0.12757211
 -0.12757211 -0.12757211 -0.12757211 -0.12757211 -0.12757211 -0.12757211
 -0.12757211 -0.12757211 -0.12757211 -0.12757211 -0.12757211 -0.12757211
 -0.12757211 -0.12757211 -0.12757211 -0.12757211 -0.12757211 -0.12757211
 -0.12757211 -0.12757211 -0.12757211 -0.12757211 -0.12757211 -0.12757211
 -0.12757211 -0.12757211 -0.12757211 -0.12757211 -0.12757211 -0.12757211
 -0.12757211 -0.12757211 -0.12757211 -0.12757211 -0.12757211 -0.12757211
 -0.12757211 -0.12757211 -0.12757211 -0.12757211 -0.12757211  1.48538145
 -0.12757211 -0.12757211 -0.12757211 -0.12757211 -0.12757211 -0.12757211
 -0.12757211 -0.12757211 -0.12757211 -0.12757211 -0.12757211 -0.12757211
 -0.12757211 -0.12757211 -0.12757211 -0.12757211 -0.12757211 -0.12757211
 -0.12757211 -0.12757211 -0.12757211 -0.12757211 -0.12757211  7.72449642
 -0.12757211 -0.12757211 -0.12757211 -0.12757211 -0.12757211 -0.12757211
 -0.12757211 -0.12757211 -0.12757211 -0.12757211 -0.12757211 -0.12757211
 -0.12757211 -0.12757211 -0.12757211 -0.12757211 -0.12757211 -0.12757211
 -0.12757211 -0.12757211 -0.12757211 -0.12757211 -0.12757211 -0.12757211
 -0.12757211 -0.12757211 -0.12757211 -0.12757211 -0.12757211 -0.12757211
 -0.12757211 -0.12757211 -0.12757211 -0.12757211 -0.12757211 -0.12757211
 -0.12757211 -0.12757211 -0.12757211 -0.12757211 -0.12757211 -0.12757211
 -0.12757211 -0.12757211 -0.12757211 -0.12757211 -0.12757211 -0.12757211
 -0.12757211 -0.12757211 -0.12757211 -0.12757211 -0.12757211 -0.12757211
 -0.12757211 -0.12757211 -0.12757211 -0.12757211 -0.12757211 -0.12757211
 -0.12757211 -0.12757211 -0.12757211 -0.12757211 -0.12757211 -0.12757211
 -0.12757211 -0.12757211 -0.12757211 -0.12757211 -0.12757211 -0.12757211
 -0.12757211 -0.12757211 -0.12757211 -0.12757211 -0.12757211 -0.12757211
 -0.12757211 -0.12757211 -0.12757211 -0.12757211 -0.12757211 -0.12757211
 -0.12757211 -0.12757211 -0.12757211 -0.12757211 -0.12757211 -0.12757211
 -0.12757211 -0.12757211 -0.12757211 -0.12757211 -0.12757211 -0.12757211
 -0.12757211 -0.12757211 -0.12757211 -0.12757211 -0.12757211 -0.12757211
 -0.12757211 -0.12757211 -0.12757211 -0.12757211 -0.12757211 -0.12757211
 -0.12757211 -0.12757211 -0.12757211 -0.12757211 -0.12757211 -0.12757211
 -0.12757211 -0.12757211 -0.12757211 -0.12757211 -0.12757211 -0.12757211
 -0.12757211 -0.12757211 -0.12757211 -0.12757211 -0.12757211 -0.12757211
 -0.12757211 -0.12757211 -0.12757211 -0.12757211 -0.12757211 -0.12757211
 -0.12757211 -0.12757211 -0.12757211 -0.12757211 -0.12757211 -0.12757211
  2.06903486 -0.12757211 -0.12757211 -0.12757211 -0.12757211 -0.12757211
 -0.12757211 -0.12757211 -0.12757211 -0.12757211 -0.12757211 -0.12757211
 -0.12757211 -0.12757211  8.35197253 -0.12757211 -0.12757211 -0.12757211
 10.99606915 -0.12757211 -0.12757211 -0.12757211 -0.12757211 -0.12757211
 -0.12757211 -0.12757211 -0.12757211 -0.12757211 -0.12757211 -0.12757211
 -0.12757211 -0.12757211 -0.12757211 -0.12757211 -0.12757211 -0.12757211
 -0.12757211 -0.12757211 -0.12757211 -0.12757211 -0.12757211 -0.12757211
 -0.12757211 -0.12757211 -0.12757211 -0.12757211 -0.12757211 -0.12757211
 -0.12757211 -0.12757211 -0.12757211 -0.12757211 -0.12757211 -0.12757211
 -0.12757211 -0.12757211 -0.12757211 -0.12757211 -0.12757211 -0.12757211
 -0.12757211 -0.12757211 -0.12757211 -0.12757211 -0.12757211 -0.12757211
 -0.12757211 -0.12757211 -0.12757211 -0.12757211]",[-0.008800867498127807]
4,"[-0.14142081 -0.14142081 -0.14142081 -0.14142081 -0.14142081 -0.14142081
 -0.14142081 -0.14142081 -0.14142081 -0.14142081 -0.14142081 -0.14142081
 -0.14142081 -0.14142081 -0.14142081 -0.14142081 -0.14142081 -0.14142081
  6.95658275 -0.14142081 -0.14142081 -0.14142081 -0.14142081 -0.14142081
 -0.14142081 -0.14142081 -0.14142081 -0.14142081 -0.14142081 -0.14142081
 -0.14142081 -0.14142081 -0.14142081 -0.14142081 -0.14142081 -0.14142081
 -0.14142081 -0.14142081 -0.14142081 -0.14142081 -0.14142081 -0.14142081
 -0.14142081 -0.14142081 -0.14142081 -0.14142081 -0.14142081 -0.14142081
 -0.14142081 -0.14142081 -0.14142081 -0.14142081 -0.14142081 -0.14142081
 -0.14142081 -0.14142081 -0.14142081 -0.14142081 -0.14142081 -0.14142081
 -0.14142081 -0.14142081 -0.14142081 -0.14142081 -0.14142081 -0.14142081
 -0.14142081 -0.14142081 -0.14142081 -0.14142081 -0.14142081 -0.14142081
 -0.14142081 -0.14142081 -0.14142081 -0.14142081 -0.14142081 -0.14142081
 -0.14142081 -0.14142081 -0.14142081 -0.14142081 -0.14142081  2.57589698
 -0.14142081 -0.14142081 -0.14142081 -0.14142081 -0.14142081 -0.14142081
 -0.14142081 -0.14142081 -0.14142081 -0.14142081 -0.14142081 -0.14142081
 -0.14142081 -0.14142081 -0.14142081 -0.14142081 -0.14142081 -0.14142081
 -0.14142081 -0.14142081 -0.14142081 -0.14142081 -0.14142081 -0.14142081
 -0.14142081 -0.14142081  1.51055385 -0.14142081 -0.14142081 -0.14142081
 -0.14142081 -0.14142081  0.69346542 -0.14142081 -0.14142081 -0.14142081
 -0.14142081 -0.14142081 -0.14142081 -0.14142081  9.0672301  -0.14142081
 -0.14142081 -0.14142081 -0.14142081 -0.14142081 -0.14142081 -0.14142081
 -0.14142081 -0.14142081 -0.14142081 -0.14142081 -0.14142081 -0.14142081
 -0.14142081 -0.14142081 -0.14142081 -0.14142081 -0.14142081 -0.14142081
 -0.14142081 -0.14142081 -0.14142081 -0.14142081 -0.14142081 -0.14142081
 -0.14142081 -0.14142081 -0.14142081 -0.14142081 -0.14142081 -0.14142081
 -0.14142081 -0.14142081 -0.14142081 -0.14142081 -0.14142081 -0.14142081
 -0.14142081 -0.14142081 -0.14142081 -0.14142081 -0.14142081 -0.14142081
 -0.14142081 -0.14142081 -0.14142081 -0.14142081 -0.14142081 -0.14142081
 -0.14142081 -0.14142081 -0.14142081 -0.14142081 -0.14142081 -0.14142081
 -0.14142081 -0.14142081 -0.14142081 -0.14142081 -0.14142081 -0.14142081
 -0.14142081 -0.14142081 -0.14142081 -0.14142081 -0.14142081 -0.14142081
 -0.14142081 -0.14142081 -0.14142081 -0.14142081 -0.14142081 -0.14142081
 -0.14142081 -0.14142081  3.7815547  -0.14142081 -0.14142081 -0.14142081
 -0.14142081 -0.14142081 -0.14142081 -0.14142081 -0.14142081 -0.14142081
  2.37421857 -0.14142081 -0.14142081 -0.14142081 -0.14142081  8.66451369
 -0.14142081 -0.14142081 -0.14142081 -0.14142081 -0.14142081 -0.14142081
 -0.14142081 -0.14142081 -0.14142081 -0.14142081 -0.14142081 -0.14142081
 -0.14142081 -0.14142081 -0.14142081 -0.14142081 -0.14142081 -0.14142081
 -0.14142081  1.14810831 -0.14142081 -0.14142081 -0.14142081 -0.14142081
 -0.14142081 -0.14142081 -0.14142081 -0.14142081 -0.14142081 -0.14142081
 -0.14142081 -0.14142081 -0.14142081 -0.14142081 -0.14142081 -0.14142081
 -0.14142081 -0.14142081 -0.14142081 -0.14142081 -0.14142081 -0.14142081
 -0.14142081 -0.14142081 -0.14142081  5.03147078 -0.14142081 -0.14142081
 -0.14142081 -0.14142081 -0.14142081 -0.14142081 -0.14142081 -0.14142081
 -0.14142081 -0.14142081 -0.14142081 -0.14142081 -0.14142081 -0.14142081
 -0.14142081 -0.14142081 -0.14142081 -0.14142081 -0.14142081 -0.14142081
 -0.14142081 -0.14142081 -0.14142081 -0.14142081 -0.14142081 -0.14142081
 -0.14142081 -0.14142081 -0.14142081 -0.14142081 -0.14142081 -0.14142081
 -0.14142081 -0.14142081 -0.14142081 -0.14142081 -0.14142081 -0.14142081
 -0.14142081 -0.14142081 -0.14142081 -0.14142081 -0.14142081 -0.14142081
 -0.14142081 -0.14142081 -0.14142081 -0.14142081 -0.14142081  4.68423146
 -0.14142081 -0.14142081 -0.14142081 -0.14142081 -0.14142081 -0.14142081
 -0.14142081 -0.14142081 -0.14142081 -0.14142081 -0.14142081 -0.14142081
 -0.14142081 -0.14142081 -0.14142081 -0.14142081 -0.14142081 -0.14142081
 -0.14142081 -0.14142081 -0.14142081 -0.14142081 -0.14142081 -0.14142081
 -0.14142081 -0.14142081 -0.14142081 -0.14142081 -0.14142081 -0.14142081
 -0.14142081 -0.14142081 -0.14142081 -0.14142081 -0.14142081 -0.14142081
 -0.14142081 -0.14142081 -0.14142081 -0.14142081 -0.14142081 -0.14142081
 -0.14142081 -0.14142081 -0.14142081 -0.14142081 -0.14142081 -0.14142081
 -0.14142081 -0.14142081 -0.14142081 -0.14142081 -0.14142081 -0.14142081
 -0.14142081 -0.14142081 -0.14142081 -0.14142081 -0.14142081 -0.14142081
 -0.14142081 -0.14142081 -0.14142081 -0.14142081 -0.14142081 -0.14142081
 -0.14142081 -0.14142081 -0.14142081 -0.14142081 -0.14142081 -0.14142081
 -0.14142081 -0.14142081 -0.14142081 -0.14142081 -0.14142081 -0.14142081
 -0.14142081 -0.14142081 -0.14142081 -0.14142081 -0.14142081 -0.14142081
 -0.14142081 -0.14142081 -0.14142081 -0.14142081 -0.14142081 -0.14142081
 -0.14142081 -0.14142081 -0.14142081 -0.14142081 -0.14142081 -0.14142081
 -0.14142081 -0.14142081 -0.14142081 -0.14142081 -0.14142081 -0.14142081
 -0.14142081 -0.14142081 -0.14142081 -0.14142081 -0.14142081 -0.14142081
 -0.14142081 -0.14142081 -0.14142081 -0.14142081 -0.14142081 -0.14142081
 -0.14142081 -0.14142081 -0.14142081 -0.14142081 -0.14142081 -0.14142081
 -0.14142081 -0.14142081 -0.14142081 -0.14142081 -0.14142081 -0.14142081
 -0.14142081 -0.14142081 -0.14142081 -0.14142081 -0.14142081 -0.14142081
 -0.14142081 -0.14142081 -0.14142081 -0.14142081 -0.14142081 -0.14142081
 -0.14142081 -0.14142081 -0.14142081 -0.14142081 -0.14142081 -0.14142081
 -0.14142081 -0.14142081 -0.14142081 -0.14142081 -0.14142081 -0.14142081
 -0.14142081 -0.14142081  7.98798497 -0.14142081 -0.14142081 -0.14142081
 11.41926196 -0.14142081 -0.14142081 -0.14142081 -0.14142081 -0.14142081
 -0.14142081 -0.14142081 -0.14142081 -0.14142081 -0.14142081 -0.14142081
 -0.14142081 -0.14142081 -0.14142081 -0.14142081 -0.14142081 -0.14142081
 -0.14142081  5.66385649 -0.14142081 -0.14142081 -0.14142081 -0.14142081
 -0.14142081 -0.14142081 -0.14142081 -0.14142081 -0.14142081 -0.14142081
 -0.14142081 -0.14142081 -0.14142081 -0.14142081 -0.14142081 -0.14142081
 -0.14142081 -0.14142081 -0.14142081 -0.14142081 -0.14142081 -0.14142081
 -0.14142081 -0.14142081 -0.14142081 -0.14142081 -0.14142081 -0.14142081
 -0.14142081 -0.14142081 -0.14142081 -0.14142081]",[-0.0013041779679922594]
4,"[-0.10830161 -0.10830161 -0.10830161 -0.10830161 -0.10830161 -0.10830161
 -0.10830161 -0.10830161 -0.10830161 -0.10830161 -0.10830161 -0.10830161
 -0.10830161 -0.10830161 -0.10830161 -0.10830161 -0.10830161 -0.10830161
 -0.10830161 -0.10830161 -0.10830161 -0.10830161 -0.10830161 -0.10830161
 -0.10830161 -0.10830161 -0.10830161 -0.10830161 -0.10830161 -0.10830161
 -0.10830161 -0.10830161 -0.10830161 -0.10830161 -0.10830161 -0.10830161
 -0.10830161 -0.10830161 -0.10830161 -0.10830161 -0.10830161 -0.10830161
 -0.10830161 -0.10830161 -0.10830161 -0.10830161 -0.10830161 -0.10830161
 -0.10830161 -0.10830161 -0.10830161 -0.10830161 -0.10830161 -0.10830161
 -0.10830161 -0.10830161 -0.10830161 -0.10830161  2.58131471 -0.10830161
 -0.10830161 -0.10830161 -0.10830161 -0.10830161 -0.10830161 -0.10830161
 -0.10830161 -0.10830161 -0.10830161 -0.10830161 -0.10830161 -0.10830161
 -0.10830161 -0.10830161 -0.10830161 -0.10830161 -0.10830161 -0.10830161
 -0.10830161 -0.10830161 -0.10830161 -0.10830161 -0.10830161 -0.10830161
 -0.10830161 -0.10830161 -0.10830161 -0.10830161 -0.10830161 -0.10830161
 -0.10830161 -0.10830161 -0.10830161 -0.10830161 -0.10830161 -0.10830161
 -0.10830161 -0.10830161 -0.10830161 -0.10830161 -0.10830161 -0.10830161
 -0.10830161 -0.10830161 -0.10830161 -0.10830161 -0.10830161 -0.10830161
 -0.10830161 -0.10830161  1.3783893  -0.10830161 -0.10830161 -0.10830161
 -0.10830161 -0.10830161 -0.10830161 -0.10830161 -0.10830161 -0.10830161
 -0.10830161 -0.10830161 -0.10830161 -0.10830161 -0.10830161 -0.10830161
 -0.10830161 -0.10830161 -0.10830161 -0.10830161 -0.10830161 -0.10830161
 -0.10830161 -0.10830161 -0.10830161 -0.10830161 -0.10830161 -0.10830161
 -0.10830161 -0.10830161 -0.10830161 -0.10830161 -0.10830161 -0.10830161
 -0.10830161 -0.10830161 -0.10830161 -0.10830161 -0.10830161 -0.10830161
 -0.10830161 -0.10830161 -0.10830161 -0.10830161 -0.10830161 -0.10830161
 -0.10830161 -0.10830161 -0.10830161 -0.10830161 -0.10830161 -0.10830161
 -0.10830161 -0.10830161 -0.10830161 -0.10830161 -0.10830161 -0.10830161
 -0.10830161 -0.10830161 -0.10830161 -0.10830161 -0.10830161 -0.10830161
 -0.10830161 -0.10830161 -0.10830161 -0.10830161 -0.10830161 -0.10830161
 -0.10830161 -0.10830161 -0.10830161 -0.10830161 -0.10830161 -0.10830161
 -0.10830161 -0.10830161 -0.10830161 -0.10830161 -0.10830161 -0.10830161
 -0.10830161 -0.10830161 -0.10830161 -0.10830161 -0.10830161 -0.10830161
 -0.10830161 -0.10830161 -0.10830161 -0.10830161 -0.10830161  0.38834484
 -0.10830161 -0.10830161 -0.10830161 -0.10830161 -0.10830161 -0.10830161
 10.16167096 -0.10830161 -0.10830161 -0.10830161 -0.10830161 10.98336062
 -0.10830161 -0.10830161 -0.10830161 -0.10830161 -0.10830161 -0.10830161
 -0.10830161 -0.10830161 -0.10830161 -0.10830161 -0.10830161 -0.10830161
 -0.10830161 -0.10830161 -0.10830161 -0.10830161 -0.10830161 -0.10830161
 -0.10830161 -0.10830161 -0.10830161 -0.10830161 -0.10830161 -0.10830161
  0.78075086 -0.10830161 -0.10830161 -0.10830161 -0.10830161 -0.10830161
 -0.10830161 -0.10830161 -0.10830161 -0.10830161 -0.10830161 -0.10830161
 -0.10830161 -0.10830161 -0.10830161 -0.10830161 -0.10830161 -0.10830161
 -0.10830161 -0.10830161 -0.10830161  5.18513033 -0.10830161 -0.10830161
 -0.10830161 -0.10830161 -0.10830161 -0.10830161 -0.10830161 -0.10830161
 -0.10830161 -0.10830161 -0.10830161 -0.10830161 -0.10830161 -0.10830161
 -0.10830161 -0.10830161 -0.10830161 -0.10830161 -0.10830161 -0.10830161
 -0.10830161 -0.10830161 -0.10830161 -0.10830161 -0.10830161 -0.10830161
 -0.10830161 -0.10830161 -0.10830161 -0.10830161 -0.10830161 -0.10830161
 -0.10830161 -0.10830161 -0.10830161 -0.10830161 -0.10830161 -0.10830161
 -0.10830161 -0.10830161 -0.10830161 -0.10830161 -0.10830161 -0.10830161
 -0.10830161 -0.10830161 -0.10830161 -0.10830161 -0.10830161 -0.10830161
 -0.10830161 -0.10830161 -0.10830161 -0.10830161 -0.10830161 -0.10830161
 -0.10830161 -0.10830161 -0.10830161 -0.10830161 -0.10830161 -0.10830161
 -0.10830161 -0.10830161 -0.10830161 -0.10830161 -0.10830161 -0.10830161
 -0.10830161 -0.10830161 -0.10830161 -0.10830161 -0.10830161 -0.10830161
 -0.10830161 -0.10830161 -0.10830161 -0.10830161 -0.10830161 -0.10830161
 -0.10830161 -0.10830161 -0.10830161 -0.10830161 -0.10830161 -0.10830161
 -0.10830161 -0.10830161 -0.10830161 -0.10830161 -0.10830161 -0.10830161
 -0.10830161 -0.10830161 -0.10830161 -0.10830161 -0.10830161 -0.10830161
 -0.10830161 -0.10830161 -0.10830161 -0.10830161 -0.10830161 -0.10830161
 -0.10830161 -0.10830161 -0.10830161 -0.10830161 -0.10830161 -0.10830161
 -0.10830161 -0.10830161 -0.10830161 -0.10830161 -0.10830161 -0.10830161
 -0.10830161 -0.10830161 -0.10830161 -0.10830161 -0.10830161 -0.10830161
 -0.10830161 -0.10830161 -0.10830161 -0.10830161 -0.10830161 -0.10830161
 -0.10830161 -0.10830161 -0.10830161 -0.10830161 -0.10830161 -0.10830161
 -0.10830161 -0.10830161 -0.10830161 -0.10830161 -0.10830161 -0.10830161
 -0.10830161 -0.10830161 -0.10830161 -0.10830161 -0.10830161 -0.10830161
 -0.10830161 -0.10830161 -0.10830161 -0.10830161 -0.10830161 -0.10830161
 -0.10830161 -0.10830161 -0.10830161 -0.10830161 -0.10830161 -0.10830161
 -0.10830161 -0.10830161 -0.10830161 -0.10830161 -0.10830161 -0.10830161
 -0.10830161 -0.10830161 -0.10830161 -0.10830161 -0.10830161 -0.10830161
 -0.10830161 -0.10830161 -0.10830161 -0.10830161 -0.10830161 -0.10830161
 -0.10830161 -0.10830161 -0.10830161 -0.10830161 -0.10830161 -0.10830161
 -0.10830161 -0.10830161 -0.10830161 -0.10830161 -0.10830161 -0.10830161
  1.44697956 -0.10830161 -0.10830161 -0.10830161 -0.10830161 -0.10830161
 -0.10830161 -0.10830161 -0.10830161 -0.10830161 -0.10830161 -0.10830161
 -0.10830161 -0.10830161 12.2940731  -0.10830161 -0.10830161 -0.10830161
 -0.10830161 -0.10830161 -0.10830161 -0.10830161 -0.10830161 -0.10830161
 -0.10830161 -0.10830161 -0.10830161 -0.10830161 -0.10830161 -0.10830161
 -0.10830161 -0.10830161 -0.10830161 -0.10830161 -0.10830161 -0.10830161
 -0.10830161 10.03380464 -0.10830161 -0.10830161 -0.10830161 -0.10830161
 -0.10830161 -0.10830161 -0.10830161 -0.10830161 -0.10830161 -0.10830161
 -0.10830161 -0.10830161 -0.10830161 -0.10830161 -0.10830161 -0.10830161
 -0.10830161 -0.10830161 -0.10830161 -0.10830161 -0.10830161 -0.10830161
 -0.10830161 -0.10830161 -0.10830161 -0.10830161 -0.10830161 -0.10830161
 -0.10830161 -0.10830161 -0.10830161 -0.10830161]",[-0.08132679233119497]
4,"[-0.15694669 -0.15694669 -0.15694669 -0.15694669 -0.15694669 -0.15694669
 -0.15694669 -0.15694669 -0.15694669 -0.15694669 -0.15694669 -0.15694669
 -0.15694669 -0.15694669 -0.15694669 -0.15694669 -0.15694669 -0.15694669
  2.47556444 -0.15694669 -0.15694669  1.62483616 -0.15694669 -0.15694669
 -0.15694669 -0.15694669 -0.15694669 -0.15694669 -0.15694669 -0.15694669
 -0.15694669 -0.15694669 -0.15694669  2.02026505 -0.15694669 -0.15694669
 -0.15694669 -0.15694669 -0.15694669 -0.15694669 -0.15694669 -0.15694669
 -0.15694669 -0.15694669 -0.15694669 -0.15694669 -0.15694669 -0.15694669
 -0.15694669 -0.15694669 -0.15694669 -0.15694669 -0.15694669 -0.15694669
 -0.15694669 -0.15694669 -0.15694669 -0.15694669  1.12628933 -0.15694669
 -0.15694669 -0.15694669 -0.15694669 -0.15694669 -0.15694669 -0.15694669
 -0.15694669 -0.15694669 -0.15694669 -0.15694669 -0.15694669 -0.15694669
 -0.15694669 -0.15694669 -0.15694669 -0.15694669 -0.15694669 -0.15694669
 -0.15694669 -0.15694669 -0.15694669 -0.15694669 -0.15694669 11.27740154
 -0.15694669 -0.15694669 -0.15694669 -0.15694669 -0.15694669 -0.15694669
 -0.15694669 -0.15694669 -0.15694669 -0.15694669 -0.15694669 -0.15694669
 -0.15694669 -0.15694669 -0.15694669 -0.15694669 -0.15694669 -0.15694669
 -0.15694669 -0.15694669 -0.15694669 -0.15694669 -0.15694669 -0.15694669
 -0.15694669 -0.15694669  0.53633664 -0.15694669 -0.15694669 -0.15694669
 -0.15694669 -0.15694669 -0.15694669 -0.15694669 -0.15694669 -0.15694669
 -0.15694669 -0.15694669 -0.15694669  0.25659171 -0.15694669 -0.15694669
 -0.15694669 -0.15694669 -0.15694669 -0.15694669 -0.15694669 -0.15694669
 -0.15694669 -0.15694669 -0.15694669 -0.15694669 -0.15694669 -0.15694669
 -0.15694669 -0.15694669 -0.15694669 -0.15694669 -0.15694669 -0.15694669
 -0.15694669 -0.15694669 -0.15694669 -0.15694669 -0.15694669 -0.15694669
 -0.15694669 -0.15694669 -0.15694669 -0.15694669 -0.15694669 -0.15694669
 -0.15694669 -0.15694669 -0.15694669 -0.15694669 -0.15694669 -0.15694669
 -0.15694669 -0.15694669 -0.15694669 -0.15694669 -0.15694669 -0.15694669
 -0.15694669 -0.15694669 -0.15694669 -0.15694669 -0.15694669 -0.15694669
 -0.15694669 -0.15694669 -0.15694669 -0.15694669 -0.15694669 -0.15694669
 -0.15694669 -0.15694669 -0.15694669 -0.15694669 -0.15694669 -0.15694669
 -0.15694669 -0.15694669 -0.15694669 -0.15694669 -0.15694669 -0.15694669
 -0.15694669 -0.15694669 -0.15694669 -0.15694669 -0.15694669 -0.15694669
 -0.15694669 -0.15694669  5.02274224 -0.15694669 -0.15694669 -0.15694669
 -0.15694669 -0.15694669 -0.15694669 -0.15694669 -0.15694669 -0.15694669
 -0.15694669 -0.15694669  4.46332944 -0.15694669 -0.15694669  5.26923933
 -0.15694669 -0.15694669 -0.15694669 -0.15694669 -0.15694669 -0.15694669
 -0.15694669 -0.15694669 -0.15694669 -0.15694669 -0.15694669 -0.15694669
 -0.15694669 -0.15694669 -0.15694669 -0.15694669 -0.15694669 -0.15694669
 -0.15694669  3.07093504 -0.15694669 -0.15694669 -0.15694669 -0.15694669
 -0.15694669 -0.15694669 -0.15694669 -0.15694669 -0.15694669 -0.15694669
 -0.15694669 -0.15694669 -0.15694669 -0.15694669 -0.15694669 -0.15694669
 -0.15694669 -0.15694669 -0.15694669 -0.15694669 -0.15694669 -0.15694669
 -0.15694669 -0.15694669 -0.15694669  6.27812964 -0.15694669 -0.15694669
 -0.15694669 -0.15694669 -0.15694669 -0.15694669 -0.15694669 -0.15694669
 -0.15694669 -0.15694669 -0.15694669 -0.15694669 -0.15694669 -0.15694669
 -0.15694669 -0.15694669 -0.15694669 -0.15694669 -0.15694669 -0.15694669
 -0.15694669 -0.15694669 -0.15694669 -0.15694669 -0.15694669  1.92453644
 -0.15694669 -0.15694669 -0.15694669 -0.15694669 -0.15694669 -0.15694669
 -0.15694669 -0.15694669 -0.15694669 -0.15694669 -0.15694669 -0.15694669
 -0.15694669 -0.15694669 -0.15694669 -0.15694669 -0.15694669 -0.15694669
 -0.15694669 -0.15694669 -0.15694669 -0.15694669 -0.15694669  6.59010606
 -0.15694669 -0.15694669 -0.15694669 -0.15694669 -0.15694669 -0.15694669
 -0.15694669 -0.15694669 -0.15694669 -0.15694669 -0.15694669 -0.15694669
 -0.15694669 -0.15694669 -0.15694669 -0.15694669 -0.15694669 -0.15694669
 -0.15694669 -0.15694669 -0.15694669 -0.15694669 -0.15694669 -0.15694669
 -0.15694669 -0.15694669 -0.15694669 -0.15694669 -0.15694669 -0.15694669
 -0.15694669 -0.15694669 -0.15694669 -0.15694669 -0.15694669 -0.15694669
 -0.15694669 -0.15694669 -0.15694669 -0.15694669 -0.15694669 -0.15694669
 -0.15694669 -0.15694669 -0.15694669 -0.15694669 -0.15694669 -0.15694669
 -0.15694669 -0.15694669 -0.15694669 -0.15694669 -0.15694669 -0.15694669
 -0.15694669 -0.15694669 -0.15694669 -0.15694669 -0.15694669 -0.15694669
 -0.15694669 -0.15694669 -0.15694669 -0.15694669 -0.15694669 -0.15694669
 -0.15694669 -0.15694669 -0.15694669 -0.15694669 -0.15694669 -0.15694669
 -0.15694669 -0.15694669 -0.15694669 -0.15694669 -0.15694669 -0.15694669
 -0.15694669 -0.15694669 -0.15694669 -0.15694669 -0.15694669 -0.15694669
 -0.15694669 -0.15694669 -0.15694669 -0.15694669 -0.15694669 -0.15694669
 -0.15694669 -0.15694669 -0.15694669 -0.15694669 -0.15694669 -0.15694669
 -0.15694669 -0.15694669 -0.15694669 -0.15694669 -0.15694669 -0.15694669
 -0.15694669 -0.15694669 -0.15694669 -0.15694669 -0.15694669 -0.15694669
 -0.15694669 -0.15694669 -0.15694669 -0.15694669 -0.15694669  5.29046183
 -0.15694669 -0.15694669 -0.15694669 -0.15694669 -0.15694669 -0.15694669
 -0.15694669 -0.15694669 -0.15694669 -0.15694669 -0.15694669 -0.15694669
 -0.15694669 -0.15694669 -0.15694669 -0.15694669 -0.15694669 -0.15694669
 -0.15694669 -0.15694669 -0.15694669 -0.15694669 -0.15694669 -0.15694669
 -0.15694669 -0.15694669 -0.15694669 -0.15694669 -0.15694669 -0.15694669
 -0.15694669 -0.15694669 -0.15694669 -0.15694669 -0.15694669 -0.15694669
 -0.15694669 -0.15694669  8.18089037 -0.15694669 -0.15694669 -0.15694669
  9.20645768 -0.15694669 -0.15694669 -0.15694669 -0.15694669 -0.15694669
 -0.15694669 -0.15694669 -0.15694669 -0.15694669 -0.15694669 -0.15694669
 -0.15694669 -0.15694669 -0.15694669 -0.15694669 -0.15694669 -0.15694669
 -0.15694669  4.17312478 -0.15694669 -0.15694669 -0.15694669 -0.15694669
 -0.15694669 -0.15694669 -0.15694669 -0.15694669 -0.15694669 -0.15694669
 -0.15694669 -0.15694669 -0.15694669 -0.15694669 -0.15694669 -0.15694669
 -0.15694669 -0.15694669 -0.15694669 -0.15694669 -0.15694669 -0.15694669
 -0.15694669 -0.15694669 -0.15694669 -0.15694669 -0.15694669 -0.15694669
 -0.15694669 -0.15694669 -0.15694669 -0.15694669]",[-0.06103766273336636]
4,"[-0.16701184 -0.16701184 -0.16701184 -0.16701184 -0.16701184 -0.16701184
 -0.16701184 -0.16701184 -0.16701184 -0.16701184 -0.16701184 -0.16701184
 -0.16701184 -0.16701184 -0.16701184 -0.16701184 -0.16701184 -0.16701184
  0.84833797 -0.16701184 -0.16701184  1.26996978 -0.16701184 -0.16701184
 -0.16701184 -0.16701184 -0.16701184 -0.16701184 -0.16701184 -0.16701184
 -0.16701184 -0.16701184 -0.16701184 -0.16701184 -0.16701184 -0.16701184
 -0.16701184 -0.16701184 -0.16701184 -0.16701184 -0.16701184 -0.16701184
 -0.16701184 -0.16701184 -0.16701184 -0.16701184 -0.16701184 -0.16701184
 -0.16701184 -0.16701184 -0.16701184 -0.16701184 -0.16701184 -0.16701184
 -0.16701184 -0.16701184 -0.16701184 -0.16701184 -0.16701184 -0.16701184
 -0.16701184 -0.16701184 -0.16701184 -0.16701184 -0.16701184 -0.16701184
 -0.16701184 -0.16701184 -0.16701184 -0.16701184 -0.16701184 -0.16701184
 -0.16701184 -0.16701184 -0.16701184 -0.16701184 -0.16701184 -0.16701184
 -0.16701184 -0.16701184 -0.16701184 -0.16701184 -0.16701184  7.11303268
 -0.16701184 -0.16701184 -0.16701184 -0.16701184 -0.16701184 -0.16701184
 -0.16701184 -0.16701184 -0.16701184 -0.16701184  4.13946232 -0.16701184
 -0.16701184 -0.16701184 -0.16701184 -0.16701184 -0.16701184 -0.16701184
 -0.16701184 -0.16701184 -0.16701184 -0.16701184 -0.16701184 -0.16701184
 -0.16701184 -0.16701184  7.96376089 -0.16701184 -0.16701184 -0.16701184
 -0.16701184 -0.16701184  0.68244565 -0.16701184 -0.16701184 -0.16701184
 -0.16701184 -0.16701184 -0.16701184 -0.16701184 -0.16701184 -0.16701184
 -0.16701184 -0.16701184 -0.16701184 -0.16701184 -0.16701184 -0.16701184
 -0.16701184 -0.16701184 -0.16701184 -0.16701184 -0.16701184 -0.16701184
 -0.16701184 -0.16701184 -0.16701184 -0.16701184 -0.16701184 -0.16701184
 -0.16701184 -0.16701184 -0.16701184 -0.16701184 -0.16701184 -0.16701184
 -0.16701184 -0.16701184 -0.16701184 -0.16701184 -0.16701184 -0.16701184
 -0.16701184 -0.16701184 -0.16701184 -0.16701184 -0.16701184 -0.16701184
 -0.16701184 -0.16701184 -0.16701184 -0.16701184 -0.16701184 -0.16701184
 -0.16701184 -0.16701184 -0.16701184 -0.16701184 -0.16701184 -0.16701184
 -0.16701184 -0.16701184 -0.16701184 -0.16701184 -0.16701184 -0.16701184
 -0.16701184 -0.16701184 -0.16701184 -0.16701184 -0.16701184 -0.16701184
 -0.16701184 -0.16701184 -0.16701184 -0.16701184 -0.16701184 -0.16701184
 -0.16701184 -0.16701184 -0.16701184 -0.16701184 -0.16701184 -0.16701184
 -0.16701184 -0.16701184  4.48536049 -0.16701184 -0.16701184 -0.16701184
 -0.16701184 -0.16701184 -0.16701184 -0.16701184 -0.16701184 -0.16701184
  3.06284378 -0.16701184 -0.16701184 -0.16701184 -0.16701184  5.7151958
 -0.16701184 -0.16701184 -0.16701184 -0.16701184 -0.16701184 -0.16701184
 -0.16701184 -0.16701184 -0.16701184 -0.16701184 -0.16701184 -0.16701184
 -0.16701184 -0.16701184 -0.16701184 -0.16701184 -0.16701184 -0.16701184
 -0.16701184  5.17568745 -0.16701184 -0.16701184 -0.16701184 -0.16701184
 -0.16701184 -0.16701184 -0.16701184 -0.16701184 -0.16701184 -0.16701184
 -0.16701184 -0.16701184 -0.16701184 -0.16701184 -0.16701184 -0.16701184
 -0.16701184 -0.16701184 -0.16701184 -0.16701184 -0.16701184 -0.16701184
 -0.16701184 -0.16701184 -0.16701184  3.38477133 -0.16701184  0.02528603
 -0.16701184 -0.16701184 -0.16701184 -0.16701184 -0.16701184 -0.16701184
 -0.16701184 -0.16701184 -0.16701184 -0.16701184 -0.16701184 -0.16701184
 -0.16701184 -0.16701184 -0.16701184 -0.16701184 -0.16701184 -0.16701184
 -0.16701184 -0.16701184 -0.16701184 -0.16701184 -0.16701184 -0.16701184
 -0.16701184 -0.16701184 -0.16701184 -0.16701184 -0.16701184 -0.16701184
 -0.16701184  6.94677989 -0.16701184 -0.16701184 -0.16701184 -0.16701184
 -0.16701184 -0.16701184 -0.16701184 -0.16701184 -0.16701184 -0.16701184
 -0.16701184 -0.16701184 -0.16701184 -0.16701184 -0.16701184  4.86378109
 -0.16701184 -0.16701184 -0.16701184 -0.16701184 -0.16701184 -0.16701184
 -0.16701184 -0.16701184 -0.16701184 -0.16701184 -0.16701184 -0.16701184
 -0.16701184 -0.16701184 -0.16701184 -0.16701184 -0.16701184 -0.16701184
 -0.16701184 -0.16701184 -0.16701184 -0.16701184 -0.16701184 -0.16701184
 -0.16701184 -0.16701184 -0.16701184 -0.16701184 -0.16701184 -0.16701184
 -0.16701184 -0.16701184 -0.16701184 -0.16701184 -0.16701184 -0.16701184
 -0.16701184 -0.16701184 -0.16701184 -0.16701184 -0.16701184 -0.16701184
 -0.16701184 -0.16701184 -0.16701184 -0.16701184 -0.16701184 -0.16701184
 -0.16701184 -0.16701184 -0.16701184 -0.16701184 -0.16701184 -0.16701184
 -0.16701184 -0.16701184 -0.16701184 -0.16701184 -0.16701184 -0.16701184
 -0.16701184 -0.16701184 -0.16701184 -0.16701184 -0.16701184 -0.16701184
 -0.16701184 -0.16701184 -0.16701184 -0.16701184 -0.16701184 -0.16701184
 -0.16701184 -0.16701184 -0.16701184 -0.16701184 -0.16701184 -0.16701184
 -0.16701184 -0.16701184 -0.16701184 -0.16701184 -0.16701184 -0.16701184
 -0.16701184 -0.16701184 -0.16701184 -0.16701184 -0.16701184 -0.16701184
 -0.16701184 -0.16701184 -0.16701184 -0.16701184 -0.16701184 -0.16701184
 -0.16701184 -0.16701184 -0.16701184 -0.16701184 -0.16701184 -0.16701184
 -0.16701184 -0.16701184 -0.16701184 -0.16701184 -0.16701184 -0.16701184
 -0.16701184 -0.16701184 -0.16701184 -0.16701184 -0.16701184 -0.16701184
 -0.16701184 -0.16701184 -0.16701184 -0.16701184 -0.16701184 -0.16701184
 -0.16701184 -0.16701184 -0.16701184 -0.16701184 -0.16701184 -0.16701184
 -0.16701184 -0.16701184 -0.16701184 -0.16701184 -0.16701184 -0.16701184
 -0.16701184 -0.16701184 -0.16701184 -0.16701184 -0.16701184 -0.16701184
 -0.16701184 -0.16701184 -0.16701184 -0.16701184 -0.16701184 -0.16701184
 -0.16701184 -0.16701184 -0.16701184 -0.16701184 -0.16701184 -0.16701184
 -0.16701184 -0.16701184  7.1412993  -0.16701184  7.86614582 -0.16701184
  6.18180081  6.97398442 -0.16701184 -0.16701184 -0.16701184 -0.16701184
 -0.16701184 -0.16701184 -0.16701184 -0.16701184 -0.16701184 -0.16701184
 -0.16701184 -0.16701184 -0.16701184 -0.16701184 -0.16701184 -0.16701184
 -0.16701184 -0.16701184 -0.16701184 -0.16701184 -0.16701184 -0.16701184
 -0.16701184 -0.16701184 -0.16701184 -0.16701184 -0.16701184 -0.16701184
 -0.16701184 -0.16701184 -0.16701184 -0.16701184 -0.16701184 -0.16701184
 -0.16701184 -0.16701184 -0.16701184 -0.16701184 -0.16701184 -0.16701184
 -0.16701184 -0.16701184 -0.16701184 -0.16701184 -0.16701184 -0.16701184
 -0.16701184 -0.16701184 -0.16701184 -0.16701184]",[-0.03503674316775904]
4,"[-0.1611979  -0.1611979  -0.1611979  -0.1611979  -0.1611979  -0.1611979
 -0.1611979  -0.1611979  -0.1611979  -0.1611979  -0.1611979  -0.1611979
 -0.1611979  -0.1611979  -0.1611979  -0.1611979  -0.1611979  -0.1611979
 -0.1611979  -0.1611979  -0.1611979  -0.1611979  -0.1611979  -0.1611979
 -0.1611979  -0.1611979  -0.1611979  -0.1611979  -0.1611979  -0.1611979
 -0.1611979  -0.1611979  -0.1611979  -0.1611979  -0.1611979  -0.1611979
 -0.1611979  -0.1611979  -0.1611979  -0.1611979  -0.1611979  -0.1611979
 -0.1611979  -0.1611979  -0.1611979  -0.1611979  -0.1611979  -0.1611979
 -0.1611979  -0.1611979  -0.1611979  -0.1611979  -0.1611979  -0.1611979
 -0.1611979  -0.1611979  -0.1611979  -0.1611979  -0.1611979  -0.1611979
 -0.1611979  -0.1611979  -0.1611979  -0.1611979  -0.1611979  -0.1611979
 -0.1611979  -0.1611979  -0.1611979  -0.1611979  -0.1611979  -0.1611979
 -0.1611979  -0.1611979  -0.1611979  -0.1611979  -0.1611979  -0.1611979
 -0.1611979  -0.1611979  -0.1611979  -0.1611979  -0.1611979  -0.1611979
 -0.1611979  -0.1611979  -0.1611979  -0.1611979  -0.1611979  -0.1611979
 -0.1611979  -0.1611979  -0.1611979  -0.1611979  -0.1611979  -0.1611979
 -0.1611979  -0.1611979  -0.1611979  -0.1611979  -0.1611979  -0.1611979
 -0.1611979  -0.1611979  -0.1611979  -0.1611979  -0.1611979  -0.1611979
 -0.1611979  -0.1611979   5.92176264 -0.1611979  -0.1611979  -0.1611979
 -0.1611979  -0.1611979   5.53493573 -0.1611979  -0.1611979  -0.1611979
 -0.1611979  -0.1611979  -0.1611979  -0.1611979  -0.1611979  -0.1611979
 -0.1611979  -0.1611979  -0.1611979  -0.1611979  -0.1611979  -0.1611979
 -0.1611979  -0.1611979  -0.1611979  -0.1611979  -0.1611979  -0.1611979
 -0.1611979  -0.1611979  -0.1611979  -0.1611979  -0.1611979  -0.1611979
 -0.1611979  -0.1611979  -0.1611979  -0.1611979  -0.1611979  -0.1611979
 -0.1611979  -0.1611979  -0.1611979  -0.1611979  -0.1611979  -0.1611979
 -0.1611979  -0.1611979  -0.1611979  -0.1611979  -0.1611979  -0.1611979
 -0.1611979  -0.1611979  -0.1611979  -0.1611979  -0.1611979  -0.1611979
 -0.1611979  -0.1611979  -0.1611979  -0.1611979  -0.1611979  -0.1611979
 -0.1611979  -0.1611979  -0.1611979  -0.1611979  -0.1611979  -0.1611979
 -0.1611979  -0.1611979  -0.1611979  -0.1611979  -0.1611979  -0.1611979
  3.23179136 -0.1611979  -0.1611979  -0.1611979  -0.1611979   5.99560977
 -0.1611979  -0.1611979  -0.1611979  -0.1611979  -0.1611979  -0.1611979
 -0.1611979  -0.1611979  -0.1611979  -0.1611979  -0.1611979   1.85798137
 -0.1611979  -0.1611979  -0.1611979  -0.1611979  -0.1611979  -0.1611979
  3.9458002  -0.1611979  -0.1611979  -0.1611979  -0.1611979   6.04625617
 -0.1611979  -0.1611979  -0.1611979  -0.1611979  -0.1611979  -0.1611979
 -0.1611979  -0.1611979  -0.1611979  -0.1611979  -0.1611979  -0.1611979
 -0.1611979  -0.1611979  -0.1611979  -0.1611979  -0.1611979  -0.1611979
 -0.1611979  -0.1611979  -0.1611979  -0.1611979  -0.1611979  -0.1611979
 -0.1611979  -0.1611979  -0.1611979  -0.1611979  -0.1611979  -0.1611979
 -0.1611979  -0.1611979  -0.1611979  -0.1611979  -0.1611979  -0.1611979
 -0.1611979  -0.1611979  -0.1611979  -0.1611979  -0.1611979  -0.1611979
 -0.1611979  -0.1611979  -0.1611979  -0.1611979  -0.1611979  -0.1611979
 -0.1611979  -0.1611979  -0.1611979  -0.1611979  -0.1611979  -0.1611979
 -0.1611979  -0.1611979   0.30637919 -0.1611979  -0.1611979  -0.1611979
 -0.1611979  -0.1611979  -0.1611979  -0.1611979  -0.1611979  -0.1611979
 -0.1611979  -0.1611979  -0.1611979  -0.1611979  -0.1611979  -0.1611979
 -0.1611979  -0.1611979  -0.1611979  -0.1611979  -0.1611979  -0.1611979
 -0.1611979   5.80268235 -0.1611979  -0.1611979  -0.1611979  -0.1611979
 -0.1611979  -0.1611979  -0.1611979  -0.1611979  -0.1611979  -0.1611979
 -0.1611979  -0.1611979  -0.1611979  -0.1611979  -0.1611979   2.9030962
 -0.1611979  -0.1611979  -0.1611979  -0.1611979  -0.1611979  -0.1611979
 -0.1611979  -0.1611979  -0.1611979  -0.1611979  -0.1611979  -0.1611979
 -0.1611979   3.42952198 -0.1611979  -0.1611979  -0.1611979  -0.1611979
 -0.1611979  -0.1611979  -0.1611979  -0.1611979  -0.1611979  -0.1611979
 -0.1611979  -0.1611979  -0.1611979  -0.1611979  -0.1611979  -0.1611979
 -0.1611979  -0.1611979  -0.1611979  -0.1611979  -0.1611979  -0.1611979
 -0.1611979  -0.1611979  -0.1611979  -0.1611979  -0.1611979  -0.1611979
 -0.1611979  -0.1611979  -0.1611979  -0.1611979  -0.1611979  -0.1611979
 -0.1611979  -0.1611979  -0.1611979  -0.1611979  -0.1611979  -0.1611979
 -0.1611979  -0.1611979  -0.1611979  -0.1611979  -0.1611979  -0.1611979
 -0.1611979  -0.1611979  -0.1611979  -0.1611979  -0.1611979  -0.1611979
 -0.1611979  -0.1611979  -0.1611979  -0.1611979  -0.1611979  -0.1611979
 -0.1611979  -0.1611979  -0.1611979  -0.1611979  -0.1611979  -0.1611979
 -0.1611979  -0.1611979  -0.1611979  -0.1611979  -0.1611979  -0.1611979
 -0.1611979  -0.1611979  -0.1611979   4.73928614 -0.1611979  -0.1611979
 -0.1611979  -0.1611979  -0.1611979  -0.1611979  -0.1611979  -0.1611979
 -0.1611979  -0.1611979  -0.1611979  -0.1611979  -0.1611979  -0.1611979
 -0.1611979  -0.1611979  -0.1611979  -0.1611979  -0.1611979  -0.1611979
 -0.1611979  -0.1611979  -0.1611979  -0.1611979  -0.1611979  -0.1611979
 -0.1611979  -0.1611979  -0.1611979  -0.1611979  -0.1611979  -0.1611979
 -0.1611979  -0.1611979  -0.1611979  -0.1611979  -0.1611979  -0.1611979
 -0.1611979  -0.1611979  -0.1611979  -0.1611979  -0.1611979  -0.1611979
 -0.1611979  -0.1611979  -0.1611979  -0.1611979  -0.1611979  -0.1611979
 -0.1611979  -0.1611979  -0.1611979  -0.1611979  -0.1611979  -0.1611979
 -0.1611979  -0.1611979  -0.1611979  -0.1611979  -0.1611979  -0.1611979
 -0.1611979  -0.1611979   6.88189241 -0.1611979  -0.1611979  -0.1611979
 11.96369243 -0.1611979  -0.1611979  -0.1611979  -0.1611979  -0.1611979
 -0.1611979  -0.1611979  -0.1611979  -0.1611979  -0.1611979  -0.1611979
 -0.1611979  -0.1611979  -0.1611979  -0.1611979  -0.1611979  -0.1611979
 -0.1611979   7.80205064 -0.1611979  -0.1611979  -0.1611979   1.94738723
 -0.1611979  -0.1611979  -0.1611979  -0.1611979  -0.1611979   2.77242031
 -0.1611979  -0.1611979  -0.1611979  -0.1611979  -0.1611979  -0.1611979
 -0.1611979  -0.1611979  -0.1611979  -0.1611979  -0.1611979  -0.1611979
 -0.1611979  -0.1611979  -0.1611979  -0.1611979  -0.1611979  -0.1611979
 -0.1611979  -0.1611979  -0.1611979  -0.1611979 ]",[0.018549310386434592]
4,"[-0.20136409 -0.20136409 -0.20136409 -0.20136409 -0.20136409 -0.20136409
 -0.20136409 -0.20136409 -0.20136409 -0.20136409 -0.20136409 -0.20136409
 -0.20136409 -0.20136409 -0.20136409 -0.20136409 -0.20136409 -0.20136409
 -0.20136409 -0.20136409 -0.20136409 -0.20136409 -0.20136409 -0.20136409
 -0.20136409 -0.20136409 -0.20136409 -0.20136409 -0.20136409 -0.20136409
 -0.20136409 -0.20136409 -0.20136409 -0.20136409 -0.20136409 -0.20136409
 -0.20136409 -0.20136409 -0.20136409 -0.20136409 -0.20136409 -0.20136409
 -0.20136409 -0.20136409 -0.20136409 -0.20136409 -0.20136409 -0.20136409
 -0.20136409 -0.20136409 -0.20136409 -0.20136409 -0.20136409 -0.20136409
 -0.20136409  2.42053008 -0.20136409 -0.20136409 -0.20136409 -0.20136409
 -0.20136409 -0.20136409 -0.20136409 -0.20136409 -0.20136409 -0.20136409
 -0.20136409 -0.20136409 -0.20136409 -0.20136409 -0.20136409 -0.20136409
 -0.20136409 -0.20136409 -0.20136409 -0.20136409 -0.20136409 -0.20136409
 -0.20136409 -0.20136409 -0.20136409 -0.20136409 -0.20136409 -0.20136409
 -0.20136409 -0.20136409 -0.20136409 -0.20136409  2.58854785 -0.20136409
 -0.20136409 -0.20136409 -0.20136409 -0.20136409 -0.20136409 -0.20136409
 -0.20136409 -0.20136409 -0.20136409 -0.20136409 -0.20136409 -0.20136409
 -0.20136409 -0.20136409 -0.20136409 -0.20136409 -0.20136409 -0.20136409
 -0.20136409 -0.20136409 -0.20136409 -0.20136409 -0.20136409 -0.20136409
  4.32919371 -0.20136409 -0.20136409 -0.20136409 -0.20136409 -0.20136409
 -0.20136409 -0.20136409 -0.20136409 -0.20136409 -0.20136409 -0.20136409
 -0.20136409 -0.20136409 -0.20136409 -0.20136409 -0.20136409 -0.20136409
 -0.20136409 -0.20136409 -0.20136409 -0.20136409 -0.20136409 -0.20136409
 -0.20136409 -0.20136409 -0.20136409 -0.20136409 -0.20136409 -0.20136409
 -0.20136409 -0.20136409 -0.20136409 -0.20136409 -0.20136409 -0.20136409
 -0.20136409 -0.20136409 -0.20136409 -0.20136409 -0.20136409 -0.20136409
 -0.20136409 -0.20136409 -0.20136409 -0.20136409 -0.20136409 -0.20136409
 -0.20136409  0.08693248 -0.20136409 -0.20136409 -0.20136409 -0.20136409
 -0.20136409 -0.20136409 -0.20136409 -0.20136409 -0.20136409 -0.20136409
 -0.20136409 -0.20136409 -0.20136409 -0.20136409 -0.20136409 -0.20136409
 -0.20136409 -0.20136409 -0.20136409 -0.20136409 -0.20136409 -0.20136409
 -0.20136409 -0.20136409 -0.20136409 -0.20136409 -0.20136409 -0.20136409
 -0.20136409 -0.20136409  4.36729865 -0.20136409 -0.20136409 -0.20136409
 -0.20136409 -0.20136409  4.10840041 -0.20136409 -0.20136409 -0.20136409
 -0.20136409 -0.20136409 -0.20136409 -0.20136409 -0.20136409 -0.20136409
  4.33342299 -0.20136409 -0.20136409 -0.20136409 -0.20136409  4.4740826
 -0.20136409 -0.20136409 -0.20136409 -0.20136409 -0.20136409 -0.20136409
 -0.20136409 -0.20136409 -0.20136409 -0.20136409 -0.20136409 -0.20136409
 -0.20136409 -0.20136409 -0.20136409 -0.20136409 -0.20136409 -0.20136409
 -0.20136409  4.66620577 -0.20136409 -0.20136409  4.84945929 -0.20136409
  3.30078192 -0.20136409  6.69434446 -0.20136409 -0.20136409 -0.20136409
 -0.20136409 -0.20136409 -0.20136409 -0.20136409 -0.20136409 -0.20136409
 -0.20136409 -0.20136409 -0.20136409  7.11001169  1.36930715 -0.20136409
 -0.20136409 -0.20136409 -0.20136409  4.25665298 -0.20136409  0.17176363
 -0.20136409 -0.20136409 -0.20136409 -0.20136409 -0.20136409 -0.20136409
 -0.20136409 -0.20136409 -0.20136409 -0.20136409 -0.20136409 -0.20136409
 -0.20136409 -0.20136409 -0.20136409 -0.20136409 -0.20136409 -0.20136409
 -0.20136409  3.09156627 -0.20136409 -0.20136409 -0.20136409 -0.20136409
 -0.20136409 -0.20136409 -0.20136409 -0.20136409 -0.20136409 -0.20136409
 -0.20136409 -0.20136409 -0.20136409 -0.20136409 -0.20136409 -0.20136409
 -0.20136409 -0.20136409 -0.20136409 -0.20136409 -0.20136409 -0.20136409
 -0.20136409 -0.20136409 -0.20136409 -0.20136409 -0.20136409  4.64490832
 -0.20136409 -0.20136409 -0.20136409 -0.20136409 -0.20136409 -0.20136409
 -0.20136409 -0.20136409 -0.20136409 -0.20136409 -0.20136409 -0.20136409
 -0.20136409 -0.20136409 -0.20136409 -0.20136409 -0.20136409 -0.20136409
 -0.20136409 -0.20136409 -0.20136409 -0.20136409 -0.20136409 -0.20136409
 -0.20136409 -0.20136409 -0.20136409 -0.20136409 -0.20136409 -0.20136409
 -0.20136409 -0.20136409 -0.20136409 -0.20136409 -0.20136409 -0.20136409
 -0.20136409 -0.20136409 -0.20136409 -0.20136409 -0.20136409 -0.20136409
 -0.20136409 -0.20136409 -0.20136409 -0.20136409 -0.20136409 -0.20136409
 -0.20136409 -0.20136409 -0.20136409 -0.20136409 -0.20136409 -0.20136409
 -0.20136409 -0.20136409 -0.20136409 -0.20136409 -0.20136409 -0.20136409
 -0.20136409 -0.20136409 -0.20136409 -0.20136409 -0.20136409 -0.20136409
 -0.20136409  3.24170461 -0.20136409 -0.20136409 -0.20136409 -0.20136409
 -0.20136409 -0.20136409 -0.20136409 -0.20136409 -0.20136409 -0.20136409
 -0.20136409 -0.20136409 -0.20136409 -0.20136409 -0.20136409 -0.20136409
 -0.20136409 -0.20136409 -0.20136409 -0.20136409 -0.20136409 -0.20136409
 -0.20136409 -0.20136409 -0.20136409 -0.20136409 -0.20136409 -0.20136409
 -0.20136409 -0.20136409 -0.20136409  2.46529763 -0.20136409 -0.20136409
 -0.20136409 -0.20136409 -0.20136409 -0.20136409 -0.20136409 -0.20136409
 -0.20136409 -0.20136409 -0.20136409 -0.20136409 -0.20136409 -0.20136409
 -0.20136409 -0.20136409 -0.20136409 -0.20136409 -0.20136409 -0.20136409
 -0.20136409 -0.20136409 -0.20136409 -0.20136409 -0.20136409 -0.20136409
 -0.20136409 -0.20136409 -0.20136409 -0.20136409 -0.20136409 -0.20136409
 -0.20136409 -0.20136409 -0.20136409 -0.20136409 -0.20136409 -0.20136409
 -0.20136409 -0.20136409 -0.20136409 -0.20136409 -0.20136409 -0.20136409
 -0.20136409 -0.20136409 -0.20136409 -0.20136409 -0.20136409 -0.20136409
 -0.20136409 -0.20136409  6.46198363 -0.20136409 -0.20136409 -0.20136409
  8.86830855 -0.20136409 -0.20136409 -0.20136409  5.74305127 -0.20136409
 -0.20136409 -0.20136409 -0.20136409 -0.20136409 -0.20136409 -0.20136409
 -0.20136409 -0.20136409 -0.20136409 -0.20136409 -0.20136409 -0.20136409
 -0.20136409 -0.20136409 -0.20136409 -0.20136409 -0.20136409 -0.20136409
 -0.20136409 -0.20136409 -0.20136409 -0.20136409 -0.20136409  1.79091613
 -0.20136409 -0.20136409 -0.20136409 -0.20136409 -0.20136409 -0.20136409
 -0.20136409  4.24055371 -0.20136409 -0.20136409 -0.20136409 -0.20136409
 -0.20136409 -0.20136409 -0.20136409 -0.20136409 -0.20136409 -0.20136409
 -0.20136409 -0.20136409 -0.20136409 -0.20136409]",[0.0006576741380067141]
4,"[-0.19150465 -0.19150465 -0.19150465 -0.19150465 -0.19150465 -0.19150465
 -0.19150465 -0.19150465 -0.19150465 -0.19150465 -0.19150465 -0.19150465
 -0.19150465 -0.19150465 -0.19150465 -0.19150465 -0.19150465 -0.19150465
 -0.19150465 -0.19150465 -0.19150465 -0.19150465 -0.19150465 -0.19150465
 -0.19150465 -0.19150465 -0.19150465 -0.19150465 -0.19150465 -0.19150465
 -0.19150465 -0.19150465 -0.19150465 -0.19150465 -0.19150465 -0.19150465
 -0.19150465 -0.19150465 -0.19150465 -0.19150465 -0.19150465 -0.19150465
 -0.19150465 -0.19150465 -0.19150465 -0.19150465 -0.19150465 -0.19150465
 -0.19150465 -0.19150465 -0.19150465 -0.19150465 -0.19150465 -0.19150465
 -0.19150465 -0.19150465 -0.19150465 -0.19150465  1.58433981 -0.19150465
 -0.19150465 -0.19150465 -0.19150465 -0.19150465 -0.19150465 -0.19150465
 -0.19150465 -0.19150465 -0.19150465 -0.19150465 -0.19150465 -0.19150465
 -0.19150465 -0.19150465 -0.19150465 -0.19150465 -0.19150465 -0.19150465
 -0.19150465 -0.19150465 -0.19150465 -0.19150465 -0.19150465  8.27584448
 -0.19150465 -0.19150465 -0.19150465 -0.19150465 -0.19150465  7.23910984
 -0.19150465 -0.19150465  2.04721455 -0.19150465 -0.19150465 -0.19150465
 -0.19150465 -0.19150465 -0.19150465 -0.19150465 -0.19150465 -0.19150465
 -0.19150465 -0.19150465 -0.19150465 -0.19150465 -0.19150465 -0.19150465
 -0.19150465 -0.19150465  7.09244782 -0.19150465 -0.19150465 -0.19150465
 -0.19150465 -0.19150465  5.72068434 -0.19150465 -0.19150465 -0.19150465
 -0.19150465 -0.19150465 -0.19150465 -0.19150465 -0.19150465 -0.19150465
 -0.19150465 -0.19150465 -0.19150465 -0.19150465 -0.19150465 -0.19150465
 -0.19150465 -0.19150465 -0.19150465 -0.19150465 -0.19150465 -0.19150465
 -0.19150465 -0.19150465 -0.19150465 -0.19150465 -0.19150465 -0.19150465
 -0.19150465 -0.19150465 -0.19150465 -0.19150465 -0.19150465 -0.19150465
 -0.19150465 -0.19150465 -0.19150465 -0.19150465 -0.19150465 -0.19150465
 -0.19150465 -0.19150465 -0.19150465 -0.19150465 -0.19150465 -0.19150465
 -0.19150465 -0.19150465 -0.19150465 -0.19150465 -0.19150465 -0.19150465
 -0.19150465 -0.19150465 -0.19150465 -0.19150465 -0.19150465 -0.19150465
 -0.19150465 -0.19150465 -0.19150465 -0.19150465 -0.19150465 -0.19150465
 -0.19150465 -0.19150465 -0.19150465 -0.19150465 -0.19150465 -0.19150465
 -0.19150465 -0.19150465 -0.19150465 -0.19150465 -0.19150465 -0.19150465
 -0.19150465 -0.19150465 -0.19150465 -0.19150465 -0.19150465 -0.19150465
 -0.19150465 -0.19150465 -0.19150465 -0.19150465 -0.19150465 -0.19150465
 -0.19150465 -0.19150465 -0.19150465 -0.19150465 -0.19150465 -0.19150465
  2.556457   -0.19150465 -0.02648701 -0.19150465 -0.19150465 -0.19150465
 -0.19150465 -0.19150465 -0.19150465 -0.19150465 -0.19150465 -0.19150465
 -0.19150465 -0.19150465 -0.19150465 -0.19150465 -0.19150465 -0.19150465
 -0.19150465 -0.19150465 -0.19150465 -0.19150465 -0.19150465 -0.19150465
 -0.19150465  2.53386559 -0.19150465 -0.19150465  2.41590928 -0.19150465
  3.8131729   1.47812288 -0.19150465 -0.19150465 -0.19150465 -0.19150465
 -0.19150465 -0.19150465 -0.19150465 -0.19150465 -0.19150465 -0.19150465
 -0.19150465 -0.19150465 -0.19150465 -0.19150465  4.07719617 -0.19150465
 -0.19150465 -0.19150465 -0.19150465  3.51296572 -0.19150465 -0.19150465
 -0.19150465 -0.19150465 -0.19150465 -0.19150465 -0.19150465 -0.19150465
 -0.19150465 -0.19150465 -0.19150465 -0.19150465 -0.19150465 -0.19150465
 -0.19150465 -0.19150465 -0.19150465 -0.19150465 -0.19150465 -0.19150465
  5.96591898  2.21467951 -0.19150465 -0.19150465 -0.19150465 -0.19150465
 -0.19150465 -0.19150465 -0.19150465 -0.19150465 -0.19150465 -0.19150465
 -0.19150465 -0.19150465 -0.19150465 -0.19150465 -0.19150465 -0.19150465
 -0.19150465 -0.19150465 -0.19150465 -0.19150465 -0.19150465 -0.19150465
 -0.19150465 -0.19150465 -0.19150465 -0.19150465 -0.19150465  5.15716209
 -0.19150465  0.49548576 -0.19150465 -0.19150465 -0.19150465 -0.19150465
 -0.19150465 -0.19150465 -0.19150465 -0.19150465 -0.19150465 -0.19150465
 -0.19150465 -0.19150465 -0.19150465 -0.19150465 -0.19150465 -0.19150465
 -0.19150465 -0.19150465 -0.19150465 -0.19150465 -0.19150465 -0.19150465
 -0.19150465 -0.19150465 -0.19150465 -0.19150465 -0.19150465 -0.19150465
 -0.19150465 -0.19150465 -0.19150465 -0.19150465 -0.19150465 -0.19150465
 -0.19150465 -0.19150465 -0.19150465 -0.19150465 -0.19150465 -0.19150465
 -0.19150465 -0.19150465 -0.19150465 -0.19150465 -0.19150465 -0.19150465
 -0.19150465 -0.19150465 -0.19150465 -0.19150465 -0.19150465 -0.19150465
 -0.19150465 -0.19150465 -0.19150465 -0.19150465 -0.19150465 -0.19150465
 -0.19150465 -0.19150465 -0.19150465 -0.19150465 -0.19150465 -0.19150465
 -0.19150465 -0.19150465 -0.19150465 -0.19150465 -0.19150465 -0.19150465
 -0.19150465 -0.19150465 -0.19150465 -0.19150465 -0.19150465 -0.19150465
 -0.19150465 -0.19150465 -0.19150465 -0.19150465 -0.19150465 -0.19150465
 -0.19150465 -0.19150465 -0.19150465 -0.19150465 -0.19150465 -0.19150465
 -0.19150465 -0.19150465 -0.19150465 -0.19150465 -0.19150465 -0.19150465
 -0.19150465 -0.19150465 -0.19150465 -0.19150465 -0.19150465 -0.19150465
 -0.19150465 -0.19150465 -0.19150465 -0.19150465 -0.19150465 -0.19150465
 -0.19150465 -0.19150465 -0.19150465 -0.19150465  7.43567163 -0.19150465
 -0.19150465 -0.19150465 -0.19150465 -0.19150465 -0.19150465 -0.19150465
 -0.19150465 -0.19150465 -0.19150465 -0.19150465 -0.19150465 -0.19150465
 -0.19150465 -0.19150465 -0.19150465 -0.19150465 -0.19150465 -0.19150465
 -0.19150465 -0.19150465 -0.19150465 -0.19150465 -0.19150465 -0.19150465
 -0.19150465 -0.19150465 -0.19150465 -0.19150465 -0.19150465 -0.19150465
 -0.19150465 -0.19150465 -0.19150465 -0.19150465 -0.19150465 -0.19150465
 -0.19150465 -0.19150465  5.21324042 -0.19150465  5.43142624 -0.19150465
 -0.19150465 -0.19150465 -0.19150465 -0.19150465 -0.19150465 -0.19150465
 -0.19150465 -0.19150465 -0.19150465 -0.19150465 -0.19150465 -0.19150465
 -0.19150465 -0.19150465 -0.19150465 -0.19150465 -0.19150465 -0.19150465
 -0.19150465  5.23275419 -0.19150465 -0.19150465 -0.19150465 -0.19150465
 -0.19150465 -0.19150465 -0.19150465 -0.19150465 -0.19150465  1.21297451
 -0.19150465 -0.19150465 -0.19150465 -0.19150465 -0.19150465 -0.19150465
 -0.19150465 -0.19150465 -0.19150465 -0.19150465 -0.19150465 -0.19150465
 -0.19150465 -0.19150465 -0.19150465 -0.19150465 -0.19150465 -0.19150465
 -0.19150465 -0.19150465  4.30614908 -0.19150465]",[-0.016120630824631582]
4,"[-0.16328419 -0.16328419 -0.16328419 -0.16328419 -0.16328419 -0.16328419
 -0.16328419 -0.16328419 -0.16328419 -0.16328419 -0.16328419 -0.16328419
 -0.16328419 -0.16328419 -0.16328419 -0.16328419 -0.16328419 -0.16328419
  1.93891421 -0.16328419 -0.16328419 -0.16328419 -0.16328419 -0.16328419
 -0.16328419 -0.16328419 -0.16328419 -0.16328419 -0.16328419 -0.16328419
 -0.16328419 -0.16328419 -0.16328419 -0.16328419 -0.16328419 -0.16328419
 -0.16328419 -0.16328419 -0.16328419 -0.16328419 -0.16328419 -0.16328419
 -0.16328419 -0.16328419 -0.16328419 -0.16328419 -0.16328419 -0.16328419
 -0.16328419 -0.16328419 -0.16328419 -0.16328419 -0.16328419 -0.16328419
 -0.16328419 -0.16328419 -0.16328419 -0.16328419 -0.16328419 -0.16328419
 -0.16328419 -0.16328419 -0.16328419 -0.16328419 -0.16328419 -0.16328419
 -0.16328419 -0.16328419 -0.16328419 -0.16328419 -0.16328419 -0.16328419
 -0.16328419 -0.16328419 -0.16328419 -0.16328419 -0.16328419 -0.16328419
 -0.16328419 -0.16328419 -0.16328419 -0.16328419 -0.16328419  9.70997612
 -0.16328419 -0.16328419  4.19422024 -0.16328419 -0.16328419 -0.16328419
 -0.16328419 -0.16328419 -0.16328419 -0.16328419 -0.16328419 -0.16328419
 -0.16328419 -0.16328419 -0.16328419 -0.16328419 -0.16328419 -0.16328419
 -0.16328419 -0.16328419 -0.16328419 -0.16328419  0.10374213 -0.16328419
 -0.16328419 -0.16328419  7.10700267 -0.16328419 -0.16328419 -0.16328419
 -0.16328419 -0.16328419  7.75277167 -0.16328419 -0.16328419 -0.16328419
 -0.16328419 -0.16328419 -0.16328419 -0.16328419 -0.16328419 -0.16328419
 -0.16328419 -0.16328419 -0.16328419 -0.16328419 -0.16328419 -0.16328419
 -0.16328419 -0.16328419 -0.16328419 -0.16328419 -0.16328419 -0.16328419
 -0.16328419 -0.16328419 -0.16328419 -0.16328419 -0.16328419 -0.16328419
 -0.16328419 -0.16328419 -0.16328419 -0.16328419 -0.16328419 -0.16328419
 -0.16328419 -0.16328419 -0.16328419 -0.16328419 -0.16328419 -0.16328419
 -0.16328419 -0.16328419 -0.16328419 -0.16328419 -0.16328419 -0.16328419
 -0.16328419 -0.16328419 -0.16328419 -0.16328419 -0.16328419 -0.16328419
 -0.16328419 -0.16328419 -0.16328419 -0.16328419 -0.16328419 -0.16328419
 -0.16328419 -0.16328419 -0.16328419 -0.16328419 -0.16328419 -0.16328419
 -0.16328419 -0.16328419 -0.16328419 -0.16328419 -0.16328419 -0.16328419
  1.42952181 -0.16328419 -0.16328419 -0.16328419 -0.16328419 -0.16328419
 -0.16328419 -0.16328419 -0.16328419 -0.16328419 -0.16328419 -0.16328419
 -0.16328419 -0.16328419  4.66408325 -0.16328419 -0.16328419  4.34852809
 -0.16328419 -0.16328419 -0.16328419 -0.16328419 -0.16328419 -0.16328419
 -0.16328419 -0.16328419 -0.16328419 -0.16328419 -0.16328419  0.3456288
 -0.16328419 -0.16328419 -0.16328419 -0.16328419 -0.16328419 -0.16328419
 -0.16328419 -0.16328419 -0.16328419 -0.16328419 -0.16328419 -0.16328419
 -0.16328419 -0.16328419 -0.16328419 -0.16328419 -0.16328419 -0.16328419
 -0.16328419  5.18148137 -0.16328419 -0.16328419 -0.16328419 -0.16328419
 -0.16328419 -0.16328419 -0.16328419 -0.16328419 -0.16328419 -0.16328419
 -0.16328419 -0.16328419 -0.16328419 -0.16328419 -0.16328419 -0.16328419
 -0.16328419 -0.16328419 -0.16328419 -0.16328419  6.24830784 -0.16328419
 -0.16328419 -0.16328419 -0.16328419 -0.16328419 -0.16328419  0.79151217
 -0.16328419 -0.16328419 -0.16328419 -0.16328419 -0.16328419 -0.16328419
 -0.16328419 -0.16328419  0.25695976 -0.16328419 -0.16328419 -0.16328419
 -0.16328419 -0.16328419 -0.16328419 -0.16328419 -0.16328419 -0.16328419
 -0.16328419 -0.16328419 -0.16328419 -0.16328419 -0.16328419 -0.16328419
 -0.16328419 -0.16328419 -0.16328419 -0.16328419 -0.16328419 -0.16328419
 -0.16328419 -0.16328419 -0.16328419 -0.16328419 -0.16328419 -0.16328419
 -0.16328419 -0.16328419 -0.16328419 -0.16328419 -0.16328419 -0.16328419
 -0.16328419  7.97507019 -0.16328419 -0.16328419 -0.16328419  3.66672164
 -0.16328419 -0.16328419 -0.16328419 -0.16328419 -0.16328419 -0.16328419
 -0.16328419 -0.16328419 -0.16328419 -0.16328419 -0.16328419 -0.16328419
 -0.16328419 -0.16328419 -0.16328419 -0.16328419 -0.16328419 -0.16328419
 -0.16328419 -0.16328419 -0.16328419 -0.16328419 -0.16328419 -0.16328419
 -0.16328419 -0.16328419 -0.16328419 -0.16328419 -0.16328419 -0.16328419
 -0.16328419 -0.16328419 -0.16328419 -0.16328419 -0.16328419 -0.16328419
 -0.16328419 -0.16328419 -0.16328419 -0.16328419 -0.16328419 -0.16328419
 -0.16328419 -0.16328419 -0.16328419 -0.16328419 -0.16328419 -0.16328419
 -0.16328419 -0.16328419 -0.16328419 -0.16328419 -0.16328419 -0.16328419
 -0.16328419 -0.16328419 -0.16328419 -0.16328419 -0.16328419 -0.16328419
 -0.16328419 -0.16328419 -0.16328419 -0.16328419 -0.16328419 -0.16328419
 -0.16328419 -0.16328419 -0.16328419 -0.16328419 -0.16328419 -0.16328419
 -0.16328419 -0.16328419 -0.16328419 -0.16328419 -0.16328419 -0.16328419
 -0.16328419 -0.16328419 -0.16328419 -0.16328419 -0.16328419 -0.16328419
 -0.16328419 -0.16328419 -0.16328419 -0.16328419 -0.16328419 -0.16328419
 -0.16328419 -0.16328419 -0.16328419 -0.16328419 -0.16328419 -0.16328419
 -0.16328419 -0.16328419 -0.16328419 -0.16328419 -0.16328419 -0.16328419
 -0.16328419 -0.16328419 -0.16328419 -0.16328419 -0.16328419 -0.16328419
 -0.16328419 -0.16328419 -0.16328419 -0.16328419 -0.16328419 -0.16328419
 -0.16328419 -0.16328419 -0.16328419 -0.16328419 -0.16328419 -0.16328419
 -0.16328419 -0.16328419 -0.16328419 -0.16328419 -0.16328419 -0.16328419
 -0.16328419 -0.16328419 -0.16328419 -0.16328419 -0.16328419 -0.16328419
 -0.16328419 -0.16328419 -0.16328419 -0.16328419 -0.16328419 -0.16328419
  1.2992893  -0.16328419 -0.16328419 -0.16328419 -0.16328419 -0.16328419
 -0.16328419 -0.16328419 -0.16328419 -0.16328419 -0.16328419 -0.16328419
 -0.16328419 -0.16328419  6.05423545 -0.16328419 -0.16328419 -0.16328419
 -0.16328419 -0.16328419 -0.16328419 -0.16328419 -0.16328419 -0.16328419
 -0.16328419 -0.16328419 -0.16328419 -0.16328419 -0.16328419 -0.16328419
 -0.16328419 -0.16328419 -0.16328419 -0.16328419 -0.16328419 -0.16328419
 -0.16328419  1.21667204 -0.16328419 -0.16328419 -0.16328419 -0.16328419
 -0.16328419 -0.16328419 -0.16328419 -0.16328419 -0.16328419 -0.16328419
 -0.16328419 -0.16328419 -0.16328419 -0.16328419 -0.16328419 -0.16328419
 -0.16328419 -0.16328419 -0.16328419 -0.16328419 -0.16328419 -0.16328419
 -0.16328419 -0.16328419 -0.16328419 -0.16328419 -0.16328419 -0.16328419
 -0.16328419 -0.16328419  7.35745391 -0.16328419]",[0.009280442072834072]
4,"[-2.03028642e-01 -2.03028642e-01 -2.03028642e-01 -2.03028642e-01
 -2.03028642e-01 -2.03028642e-01 -2.03028642e-01 -2.03028642e-01
 -2.03028642e-01 -2.03028642e-01 -2.03028642e-01 -2.03028642e-01
 -2.03028642e-01 -2.03028642e-01 -2.03028642e-01 -2.03028642e-01
 -2.03028642e-01 -2.03028642e-01  6.82330558e-01 -2.03028642e-01
 -2.03028642e-01 -2.03028642e-01 -2.03028642e-01 -2.03028642e-01
 -2.03028642e-01 -2.03028642e-01 -2.03028642e-01 -2.03028642e-01
 -2.03028642e-01 -2.03028642e-01 -2.03028642e-01 -2.03028642e-01
 -2.03028642e-01 -2.03028642e-01 -2.03028642e-01 -2.03028642e-01
 -2.03028642e-01 -2.03028642e-01 -2.03028642e-01 -2.03028642e-01
 -2.03028642e-01 -2.03028642e-01 -2.03028642e-01 -2.03028642e-01
 -2.03028642e-01 -2.03028642e-01 -2.03028642e-01 -2.03028642e-01
 -2.03028642e-01 -2.03028642e-01 -2.03028642e-01 -2.03028642e-01
 -2.03028642e-01 -2.03028642e-01 -2.03028642e-01 -2.03028642e-01
 -2.03028642e-01 -2.03028642e-01 -2.03028642e-01 -2.03028642e-01
 -2.03028642e-01 -2.03028642e-01 -2.03028642e-01 -2.03028642e-01
 -2.03028642e-01 -2.03028642e-01 -2.03028642e-01 -2.03028642e-01
 -2.03028642e-01 -2.03028642e-01 -2.03028642e-01 -2.03028642e-01
 -2.03028642e-01 -2.03028642e-01 -2.03028642e-01 -2.03028642e-01
 -2.03028642e-01 -2.03028642e-01 -2.03028642e-01 -2.03028642e-01
 -2.03028642e-01 -2.03028642e-01 -2.03028642e-01  7.72467401e+00
 -2.03028642e-01 -2.03028642e-01 -2.03028642e-01 -2.03028642e-01
 -2.03028642e-01  5.99158777e+00 -2.03028642e-01 -2.03028642e-01
 -2.03028642e-01 -2.03028642e-01 -2.03028642e-01 -2.03028642e-01
 -2.03028642e-01 -2.03028642e-01 -2.03028642e-01 -2.03028642e-01
 -2.03028642e-01 -2.03028642e-01 -2.03028642e-01 -2.03028642e-01
 -2.03028642e-01 -2.03028642e-01 -2.03028642e-01 -2.03028642e-01
 -2.03028642e-01 -2.03028642e-01  6.04379352e+00 -2.03028642e-01
 -2.03028642e-01 -2.03028642e-01 -2.03028642e-01 -2.03028642e-01
  7.07195382e+00 -2.03028642e-01 -2.03028642e-01 -2.03028642e-01
 -2.03028642e-01 -2.03028642e-01 -2.03028642e-01 -2.03028642e-01
  3.94005077e+00 -2.03028642e-01 -2.03028642e-01 -2.03028642e-01
 -2.03028642e-01 -2.03028642e-01 -2.03028642e-01 -2.03028642e-01
 -2.03028642e-01 -2.03028642e-01 -2.03028642e-01 -2.03028642e-01
 -2.03028642e-01 -2.03028642e-01 -2.03028642e-01 -2.03028642e-01
 -2.03028642e-01 -2.03028642e-01 -2.03028642e-01 -2.03028642e-01
 -2.03028642e-01 -2.03028642e-01 -2.03028642e-01 -2.03028642e-01
 -2.03028642e-01 -2.03028642e-01 -2.03028642e-01 -2.03028642e-01
 -2.03028642e-01 -2.03028642e-01 -2.03028642e-01 -2.03028642e-01
 -2.03028642e-01 -2.03028642e-01 -2.03028642e-01 -2.03028642e-01
 -2.03028642e-01 -2.03028642e-01 -2.03028642e-01 -2.03028642e-01
 -2.03028642e-01 -2.03028642e-01 -2.03028642e-01 -2.03028642e-01
 -2.03028642e-01 -2.03028642e-01 -2.03028642e-01 -2.03028642e-01
 -2.03028642e-01 -2.03028642e-01 -2.03028642e-01 -2.03028642e-01
 -2.03028642e-01 -2.03028642e-01 -2.03028642e-01 -2.03028642e-01
 -2.03028642e-01 -2.03028642e-01 -2.03028642e-01 -2.03028642e-01
 -2.03028642e-01 -2.03028642e-01 -2.03028642e-01 -2.03028642e-01
 -2.03028642e-01 -2.03028642e-01 -2.03028642e-01 -2.03028642e-01
 -2.03028642e-01 -2.03028642e-01 -2.03028642e-01 -2.03028642e-01
 -2.03028642e-01 -2.03028642e-01 -2.03028642e-01 -2.03028642e-01
  1.64113364e+00 -2.03028642e-01 -2.03028642e-01 -2.03028642e-01
 -2.03028642e-01 -2.03028642e-01 -2.03028642e-01 -2.03028642e-01
 -2.03028642e-01  1.00126318e+00  1.34503786e+00 -2.03028642e-01
 -2.03028642e-01 -2.03028642e-01 -2.03028642e-01  2.51794423e+00
 -2.03028642e-01 -2.03028642e-01 -2.03028642e-01 -2.03028642e-01
 -2.03028642e-01 -2.03028642e-01 -2.03028642e-01 -2.03028642e-01
 -2.03028642e-01 -2.03028642e-01 -2.03028642e-01 -2.03028642e-01
 -2.03028642e-01 -2.03028642e-01 -2.03028642e-01  1.95544666e+00
 -2.03028642e-01 -2.03028642e-01 -2.03028642e-01  3.44535691e+00
 -2.03028642e-01 -2.03028642e-01  3.63353455e+00 -2.03028642e-01
  2.43051891e+00 -2.03028642e-01 -2.03028642e-01 -2.03028642e-01
 -2.03028642e-01 -2.03028642e-01 -2.03028642e-01 -2.03028642e-01
 -2.03028642e-01 -2.03028642e-01 -2.03028642e-01 -2.03028642e-01
 -2.03028642e-01 -2.03028642e-01 -2.03028642e-01 -2.03028642e-01
 -2.03028642e-01 -2.03028642e-01 -2.03028642e-01 -2.03028642e-01
 -2.03028642e-01  2.68232041e+00 -2.03028642e-01 -1.06345420e-03
 -2.03028642e-01 -2.03028642e-01 -2.03028642e-01 -2.03028642e-01
 -2.03028642e-01 -2.03028642e-01  2.68914417e+00 -2.03028642e-01
 -2.03028642e-01 -2.03028642e-01  2.98663925e+00 -2.03028642e-01
 -2.03028642e-01 -2.03028642e-01 -2.03028642e-01 -2.03028642e-01
 -2.03028642e-01 -2.03028642e-01  3.69183555e+00 -2.03028642e-01
 -2.03028642e-01 -2.03028642e-01 -2.03028642e-01  5.62327726e+00
 -2.03028642e-01 -2.03028642e-01 -2.03028642e-01 -2.03028642e-01
 -2.03028642e-01 -2.03028642e-01 -2.03028642e-01 -2.03028642e-01
 -2.03028642e-01 -2.03028642e-01  1.30619375e+00 -2.03028642e-01
 -2.03028642e-01 -2.03028642e-01 -2.03028642e-01 -2.03028642e-01
 -2.03028642e-01 -2.03028642e-01 -2.03028642e-01 -2.03028642e-01
 -2.03028642e-01 -2.03028642e-01 -2.03028642e-01  5.80253406e+00
 -2.03028642e-01 -2.03028642e-01 -2.03028642e-01 -2.03028642e-01
 -2.03028642e-01 -2.03028642e-01 -2.03028642e-01 -2.03028642e-01
 -2.03028642e-01 -2.03028642e-01 -2.03028642e-01 -2.03028642e-01
 -2.03028642e-01 -2.03028642e-01 -2.03028642e-01 -2.03028642e-01
 -2.03028642e-01 -2.03028642e-01 -2.03028642e-01 -2.03028642e-01
 -2.03028642e-01 -2.03028642e-01 -2.03028642e-01 -2.03028642e-01
 -2.03028642e-01 -2.03028642e-01 -2.03028642e-01 -2.03028642e-01
 -2.03028642e-01 -2.03028642e-01 -2.03028642e-01 -2.03028642e-01
 -2.03028642e-01 -2.03028642e-01 -2.03028642e-01 -2.03028642e-01
 -2.03028642e-01 -2.03028642e-01 -2.03028642e-01 -2.03028642e-01
 -2.03028642e-01 -2.03028642e-01 -2.03028642e-01 -2.03028642e-01
 -2.03028642e-01 -2.03028642e-01 -2.03028642e-01 -2.03028642e-01
 -2.03028642e-01 -2.03028642e-01 -2.03028642e-01 -2.03028642e-01
 -2.03028642e-01 -2.03028642e-01 -2.03028642e-01 -2.03028642e-01
 -2.03028642e-01 -2.03028642e-01 -2.03028642e-01 -2.03028642e-01
 -2.03028642e-01 -2.03028642e-01 -2.03028642e-01 -2.03028642e-01
 -2.03028642e-01 -2.03028642e-01 -2.03028642e-01 -2.03028642e-01
 -2.03028642e-01 -2.03028642e-01 -2.03028642e-01 -2.03028642e-01
 -2.03028642e-01 -2.03028642e-01 -2.03028642e-01 -2.03028642e-01
 -2.03028642e-01 -2.03028642e-01 -2.03028642e-01 -2.03028642e-01
 -2.03028642e-01 -2.03028642e-01 -2.03028642e-01 -2.03028642e-01
 -2.03028642e-01 -2.03028642e-01 -2.03028642e-01 -2.03028642e-01
 -2.03028642e-01 -2.03028642e-01 -2.03028642e-01 -2.03028642e-01
 -2.03028642e-01 -2.03028642e-01 -2.03028642e-01 -2.03028642e-01
 -2.03028642e-01 -2.03028642e-01 -2.03028642e-01 -2.03028642e-01
 -2.03028642e-01 -2.03028642e-01 -2.03028642e-01 -2.03028642e-01
 -2.03028642e-01 -2.03028642e-01 -2.03028642e-01 -2.03028642e-01
 -2.03028642e-01 -2.03028642e-01 -2.03028642e-01 -2.03028642e-01
 -2.03028642e-01  5.43503717e+00 -2.03028642e-01 -2.03028642e-01
 -2.03028642e-01 -2.03028642e-01 -2.03028642e-01 -2.03028642e-01
 -2.03028642e-01 -2.03028642e-01 -2.03028642e-01 -2.03028642e-01
 -2.03028642e-01 -2.03028642e-01 -2.03028642e-01 -2.03028642e-01
 -2.03028642e-01 -2.03028642e-01 -2.03028642e-01 -2.03028642e-01
  4.36955492e+00 -2.03028642e-01 -2.03028642e-01 -2.03028642e-01
 -2.03028642e-01 -2.03028642e-01 -2.03028642e-01 -2.03028642e-01
 -2.03028642e-01 -2.03028642e-01 -2.03028642e-01 -2.03028642e-01
 -2.03028642e-01 -2.03028642e-01 -2.03028642e-01 -2.03028642e-01
 -2.03028642e-01 -2.03028642e-01 -2.03028642e-01 -2.03028642e-01
  5.64852526e+00 -2.03028642e-01 -2.03028642e-01 -2.03028642e-01
 -2.03028642e-01 -2.03028642e-01 -2.03028642e-01 -2.03028642e-01
 -2.03028642e-01 -2.03028642e-01 -2.03028642e-01 -2.03028642e-01
 -2.03028642e-01 -2.03028642e-01 -2.03028642e-01 -2.03028642e-01
 -2.03028642e-01 -2.03028642e-01 -2.03028642e-01 -2.03028642e-01
 -2.03028642e-01 -2.03028642e-01 -2.03028642e-01  2.39067062e+00
 -2.03028642e-01 -2.03028642e-01 -2.03028642e-01 -2.03028642e-01
 -2.03028642e-01 -2.03028642e-01 -2.03028642e-01 -2.03028642e-01
 -2.03028642e-01 -2.03028642e-01 -2.03028642e-01 -2.03028642e-01
 -2.03028642e-01 -2.03028642e-01 -2.03028642e-01 -2.03028642e-01
 -2.03028642e-01 -2.03028642e-01 -2.03028642e-01 -2.03028642e-01
 -2.03028642e-01 -2.03028642e-01 -2.03028642e-01 -2.03028642e-01
 -2.03028642e-01 -2.03028642e-01 -2.03028642e-01 -2.03028642e-01
 -2.03028642e-01 -2.03028642e-01  8.04382523e+00 -2.03028642e-01]",[-0.0006348442274403676]
4,"[-0.16566869 -0.16566869 -0.16566869 -0.16566869 -0.16566869 -0.16566869
 -0.16566869 -0.16566869 -0.16566869 -0.16566869 -0.16566869 -0.16566869
 -0.16566869 -0.16566869 -0.16566869 -0.16566869 -0.16566869 -0.16566869
 -0.16566869 -0.16566869 -0.16566869 -0.16566869 -0.16566869 -0.16566869
 -0.16566869 -0.16566869 -0.16566869 -0.16566869 -0.16566869 -0.16566869
 -0.16566869 -0.16566869 -0.16566869 -0.16566869 -0.16566869 -0.16566869
 -0.16566869 -0.16566869 -0.16566869 -0.16566869 -0.16566869 -0.16566869
 -0.16566869 -0.16566869 -0.16566869 -0.16566869 -0.16566869 -0.16566869
 -0.16566869 -0.16566869 -0.16566869 -0.16566869 -0.16566869 -0.16566869
 -0.16566869 -0.16566869 -0.16566869 -0.16566869 -0.16566869 -0.16566869
 -0.16566869 -0.16566869 -0.16566869 -0.16566869 -0.16566869 -0.16566869
 -0.16566869 -0.16566869 -0.16566869 -0.16566869 -0.16566869 -0.16566869
 -0.16566869 -0.16566869 -0.16566869 -0.16566869 -0.16566869 -0.16566869
 -0.16566869 -0.16566869 -0.16566869 -0.16566869 -0.16566869 11.11364765
 -0.16566869 -0.16566869 -0.16566869 -0.16566869 -0.16566869 -0.16566869
 -0.16566869 -0.16566869 -0.16566869 -0.16566869 -0.16566869 -0.16566869
 -0.16566869 -0.16566869 -0.16566869 -0.16566869 -0.16566869 -0.16566869
 -0.16566869 -0.16566869 -0.16566869 -0.16566869 -0.16566869 -0.16566869
 -0.16566869 -0.16566869  8.77772003 -0.16566869 -0.16566869 -0.16566869
 -0.16566869 -0.16566869 -0.16566869 -0.16566869 -0.16566869 -0.16566869
 -0.16566869 -0.16566869 -0.16566869 -0.16566869 -0.16566869 -0.16566869
 -0.16566869 -0.16566869 -0.16566869 -0.16566869 -0.16566869 -0.16566869
 -0.16566869 -0.16566869 -0.16566869 -0.16566869 -0.16566869 -0.16566869
 -0.16566869 -0.16566869 -0.16566869 -0.16566869 -0.16566869 -0.16566869
 -0.16566869 -0.16566869 -0.16566869 -0.16566869 -0.16566869 -0.16566869
 -0.16566869 -0.16566869 -0.16566869 -0.16566869 -0.16566869 -0.16566869
 -0.16566869 -0.16566869 -0.16566869 -0.16566869 -0.16566869 -0.16566869
 -0.16566869 -0.16566869 -0.16566869 -0.16566869 -0.16566869 -0.16566869
 -0.16566869 -0.16566869 -0.16566869 -0.16566869 -0.16566869 -0.16566869
 -0.16566869 -0.16566869 -0.16566869 -0.16566869 -0.16566869 -0.16566869
 -0.16566869 -0.16566869 -0.16566869 -0.16566869 -0.16566869 -0.16566869
 -0.16566869 -0.16566869 -0.16566869 -0.16566869 -0.16566869 -0.16566869
 -0.16566869 -0.16566869 -0.16566869 -0.16566869 -0.16566869 -0.16566869
 -0.16566869 -0.16566869  1.98311074 -0.16566869 -0.16566869  1.14673805
 -0.16566869 -0.16566869 -0.16566869 -0.16566869 -0.16566869 -0.16566869
  1.62341655 -0.16566869 -0.16566869 -0.16566869 -0.16566869  1.22409123
 -0.16566869 -0.16566869 -0.16566869 -0.16566869 -0.16566869 -0.16566869
 -0.16566869 -0.16566869 -0.16566869 -0.16566869 -0.16566869 -0.16566869
 -0.16566869 -0.16566869 -0.16566869 -0.16566869 -0.16566869 -0.16566869
 -0.16566869  4.3753915  -0.16566869  3.17910278  3.66525826 -0.16566869
  4.07614105 -0.16566869 -0.16566869 -0.16566869 -0.16566869 -0.16566869
 -0.16566869 -0.16566869 -0.16566869 -0.16566869 -0.16566869 -0.16566869
 -0.16566869 -0.16566869 -0.16566869 -0.16566869 -0.16566869 -0.16566869
 -0.16566869 -0.16566869 -0.16566869  3.76344644 -0.16566869  1.66894491
 -0.16566869 -0.16566869 -0.16566869  2.29184915 -0.16566869 -0.16566869
 -0.16566869 -0.16566869 -0.16566869 -0.16566869  6.35871304 -0.16566869
 -0.16566869 -0.16566869 -0.16566869  3.62959059 -0.16566869 -0.16566869
 -0.16566869  1.38812106 -0.16566869 -0.16566869 -0.16566869  7.87809173
 -0.16566869 -0.16566869 -0.16566869 -0.16566869 -0.16566869 -0.16566869
 -0.16566869 -0.16566869 -0.16566869 -0.16566869 -0.16566869 -0.16566869
 -0.16566869 -0.16566869 -0.16566869 -0.16566869 -0.16566869 -0.16566869
 -0.16566869 -0.16566869 -0.16566869 -0.16566869 -0.16566869  6.47770035
 -0.16566869 -0.16566869 -0.16566869 -0.16566869 -0.16566869 -0.16566869
 -0.16566869 -0.16566869 -0.16566869 -0.16566869 -0.16566869 -0.16566869
 -0.16566869 -0.16566869 -0.16566869 -0.16566869 -0.16566869 -0.16566869
 -0.16566869 -0.16566869 -0.16566869 -0.16566869 -0.16566869 -0.16566869
 -0.16566869 -0.16566869 -0.16566869 -0.16566869 -0.16566869 -0.16566869
 -0.16566869 -0.16566869 -0.16566869 -0.16566869 -0.16566869 -0.16566869
 -0.16566869 -0.16566869 -0.16566869 -0.16566869 -0.16566869 -0.16566869
 -0.16566869 -0.16566869 -0.16566869 -0.16566869 -0.16566869 -0.16566869
 -0.16566869 -0.16566869 -0.16566869 -0.16566869 -0.16566869 -0.16566869
 -0.16566869 -0.16566869 -0.16566869 -0.16566869 -0.16566869 -0.16566869
 -0.16566869 -0.16566869 -0.16566869 -0.16566869 -0.16566869 -0.16566869
 -0.16566869 -0.16566869 -0.16566869 -0.16566869 -0.16566869 -0.16566869
 -0.16566869 -0.16566869 -0.16566869 -0.16566869 -0.16566869 -0.16566869
 -0.16566869 -0.16566869 -0.16566869 -0.16566869 -0.16566869 -0.16566869
 -0.16566869 -0.16566869 -0.16566869 -0.16566869 -0.16566869 -0.16566869
 -0.16566869 -0.16566869 -0.16566869 -0.16566869 -0.16566869 -0.16566869
 -0.16566869 -0.16566869 -0.16566869 -0.16566869 -0.16566869 -0.16566869
 -0.16566869 -0.16566869 -0.16566869 -0.16566869 -0.16566869 -0.16566869
 -0.16566869 -0.16566869 -0.16566869 -0.16566869 -0.16566869 -0.16566869
 -0.16566869 -0.16566869 -0.16566869 -0.16566869 -0.16566869 -0.16566869
 -0.16566869 -0.16566869 -0.16566869 -0.16566869 -0.16566869 -0.16566869
 -0.16566869 -0.16566869 -0.16566869 -0.16566869 -0.16566869 -0.16566869
 -0.16566869 -0.16566869 -0.16566869 -0.16566869 -0.16566869 -0.16566869
 -0.16566869 -0.16566869 -0.16566869 -0.16566869 -0.16566869 -0.16566869
 -0.16566869 -0.16566869 -0.16566869 -0.16566869 -0.16566869 -0.16566869
 -0.16566869 -0.16566869  7.38875702 -0.16566869 -0.16566869 -0.16566869
 -0.16566869 -0.16566869 -0.16566869 -0.16566869 -0.16566869 -0.16566869
 -0.16566869 -0.16566869 -0.16566869 -0.16566869 -0.16566869 -0.16566869
 -0.16566869 -0.16566869 -0.16566869 -0.16566869 -0.16566869 -0.16566869
 -0.16566869 -0.16566869 -0.16566869 -0.16566869 -0.16566869  0.82451413
 -0.16566869 -0.16566869 -0.16566869 -0.16566869 -0.16566869 -0.16566869
 -0.16566869 -0.16566869 -0.16566869 -0.16566869 -0.16566869 -0.16566869
 -0.16566869 -0.16566869 -0.16566869 -0.16566869 -0.16566869 -0.16566869
 -0.16566869 -0.16566869 -0.16566869 -0.16566869 -0.16566869 -0.16566869
 -0.16566869 -0.16566869 -0.16566869 -0.16566869]",[-0.0028240318843544276]
4,"[-0.15151814 -0.15151814 -0.15151814 -0.15151814 -0.15151814 -0.15151814
 -0.15151814 -0.15151814 -0.15151814 -0.15151814 -0.15151814 -0.15151814
 -0.15151814 -0.15151814 -0.15151814 -0.15151814 -0.15151814 -0.15151814
  1.95355308 -0.15151814 -0.15151814 -0.15151814 -0.15151814 -0.15151814
 -0.15151814 -0.15151814 -0.15151814 -0.15151814 -0.15151814 -0.15151814
 -0.15151814 -0.15151814 -0.15151814 -0.15151814 -0.15151814 -0.15151814
 -0.15151814 -0.15151814 -0.15151814 -0.15151814 -0.15151814 -0.15151814
 -0.15151814 -0.15151814 -0.15151814 -0.15151814 -0.15151814 -0.15151814
 -0.15151814 -0.15151814 -0.15151814 -0.15151814 -0.15151814 -0.15151814
 -0.15151814 -0.15151814 -0.15151814 -0.15151814 -0.15151814 -0.15151814
 -0.15151814 -0.15151814 -0.15151814 -0.15151814 -0.15151814 -0.15151814
 -0.15151814 -0.15151814 -0.15151814 -0.15151814 -0.15151814 -0.15151814
 -0.15151814 -0.15151814 -0.15151814 -0.15151814 -0.15151814 -0.15151814
 -0.15151814 -0.15151814 -0.15151814 -0.15151814 -0.15151814 11.75884298
 -0.15151814 -0.15151814 -0.15151814 -0.15151814 -0.15151814 -0.15151814
 -0.15151814 -0.15151814  3.71626307 -0.15151814 -0.15151814 -0.15151814
 -0.15151814 -0.15151814 -0.15151814 -0.15151814 -0.15151814 -0.15151814
 -0.15151814 -0.15151814 -0.15151814 -0.15151814 -0.15151814 -0.15151814
 -0.15151814 -0.15151814  7.5157232  -0.15151814 -0.15151814 -0.15151814
 -0.15151814 -0.15151814  9.39819496 -0.15151814 -0.15151814 -0.15151814
 -0.15151814 -0.15151814 -0.15151814 -0.15151814 -0.15151814 -0.15151814
 -0.15151814 -0.15151814 -0.15151814 -0.15151814 -0.15151814 -0.15151814
 -0.15151814 -0.15151814 -0.15151814 -0.15151814 -0.15151814 -0.15151814
 -0.15151814 -0.15151814 -0.15151814 -0.15151814 -0.15151814 -0.15151814
 -0.15151814 -0.15151814 -0.15151814 -0.15151814 -0.15151814 -0.15151814
 -0.15151814 -0.15151814 -0.15151814 -0.15151814 -0.15151814 -0.15151814
 -0.15151814 -0.15151814 -0.15151814 -0.15151814 -0.15151814 -0.15151814
 -0.15151814 -0.15151814 -0.15151814 -0.15151814 -0.15151814 -0.15151814
 -0.15151814 -0.15151814 -0.15151814 -0.15151814 -0.15151814 -0.15151814
 -0.15151814 -0.15151814 -0.15151814 -0.15151814 -0.15151814 -0.15151814
 -0.15151814 -0.15151814 -0.15151814 -0.15151814 -0.15151814 -0.15151814
 -0.15151814 -0.15151814 -0.15151814 -0.15151814 -0.15151814 -0.15151814
 -0.15151814 -0.15151814 -0.15151814 -0.15151814 -0.15151814 -0.15151814
 -0.15151814 -0.15151814 -0.15151814 -0.15151814 -0.15151814  1.93779002
 -0.15151814 -0.15151814 -0.15151814 -0.15151814 -0.15151814 -0.15151814
 -0.15151814 -0.15151814 -0.15151814 -0.15151814 -0.15151814  2.40340713
 -0.15151814 -0.15151814 -0.15151814 -0.15151814 -0.15151814 -0.15151814
 -0.15151814 -0.15151814 -0.15151814 -0.15151814 -0.15151814 -0.15151814
 -0.15151814 -0.15151814 -0.15151814 -0.15151814 -0.15151814 -0.15151814
 -0.15151814 -0.15151814 -0.15151814 -0.15151814 -0.15151814 -0.15151814
  3.21985917 -0.15151814 -0.15151814 -0.15151814 -0.15151814 -0.15151814
 -0.15151814 -0.15151814 -0.15151814 -0.15151814 -0.15151814 -0.15151814
 -0.15151814 -0.15151814 -0.15151814  1.60853768 -0.15151814 -0.15151814
 -0.15151814 -0.15151814 -0.15151814 -0.15151814 -0.15151814 -0.15151814
 -0.15151814 -0.15151814 -0.15151814 -0.15151814 -0.15151814 -0.15151814
  1.1749392  -0.15151814  1.90673597 -0.15151814  4.52077398 -0.15151814
 -0.15151814 -0.15151814 -0.15151814 -0.15151814 -0.15151814 -0.15151814
 -0.15151814 -0.15151814 -0.15151814 -0.15151814 -0.15151814  5.96120536
 -0.15151814 -0.15151814 -0.15151814 -0.15151814 -0.15151814 -0.15151814
 -0.15151814 -0.15151814  6.22033356 -0.15151814 -0.15151814 -0.15151814
 -0.15151814 -0.15151814 -0.15151814 -0.15151814 -0.15151814 -0.15151814
 -0.15151814 -0.15151814 -0.15151814 -0.15151814 -0.15151814 -0.15151814
 -0.15151814 -0.15151814 -0.15151814 -0.15151814 -0.15151814 -0.15151814
 -0.15151814 -0.15151814 -0.15151814 -0.15151814 -0.15151814 -0.15151814
 -0.15151814 -0.15151814 -0.15151814 -0.15151814 -0.15151814 -0.15151814
 -0.15151814 -0.15151814 -0.15151814 -0.15151814 -0.15151814 -0.15151814
 -0.15151814 -0.15151814 -0.15151814 -0.15151814 -0.15151814 -0.15151814
 -0.15151814 -0.15151814 -0.15151814 -0.15151814 -0.15151814 -0.15151814
 -0.15151814 -0.15151814 -0.15151814 -0.15151814 -0.15151814 -0.15151814
 -0.15151814 -0.15151814 -0.15151814 -0.15151814 -0.15151814 -0.15151814
 -0.15151814 -0.15151814 -0.15151814 -0.15151814 -0.15151814 -0.15151814
 -0.15151814 -0.15151814 -0.15151814 -0.15151814 -0.15151814 -0.15151814
 -0.15151814 -0.15151814 -0.15151814 -0.15151814 -0.15151814 -0.15151814
 -0.15151814 -0.15151814 -0.15151814 -0.15151814 -0.15151814 -0.15151814
 -0.15151814 -0.15151814 -0.15151814 -0.15151814 -0.15151814 -0.15151814
 -0.15151814 -0.15151814 -0.15151814 -0.15151814 -0.15151814 -0.15151814
 -0.15151814 -0.15151814 -0.15151814 -0.15151814 -0.15151814 -0.15151814
 -0.15151814 -0.15151814 -0.15151814 -0.15151814 -0.15151814 -0.15151814
 -0.15151814 -0.15151814 -0.15151814 -0.15151814 -0.15151814 -0.15151814
 -0.15151814 -0.15151814 -0.15151814 -0.15151814 -0.15151814 -0.15151814
 -0.15151814 -0.15151814 -0.15151814 -0.15151814  6.81043116 -0.15151814
 -0.15151814 -0.15151814 -0.15151814 -0.15151814 -0.15151814 -0.15151814
 -0.15151814 -0.15151814 -0.15151814 -0.15151814 -0.15151814 -0.15151814
 -0.15151814 -0.15151814 -0.15151814 -0.15151814 -0.15151814 -0.15151814
 -0.15151814 -0.15151814 -0.15151814 -0.15151814 -0.15151814 -0.15151814
 -0.15151814 -0.15151814 -0.15151814 -0.15151814 -0.15151814 -0.15151814
 -0.15151814 -0.15151814 -0.15151814 -0.15151814 -0.15151814 -0.15151814
 -0.15151814 -0.15151814  6.25855155 -0.15151814 -0.15151814 -0.15151814
 -0.15151814 -0.15151814 -0.15151814 -0.15151814 -0.15151814 -0.15151814
 -0.15151814 -0.15151814 -0.15151814 -0.15151814 -0.15151814 -0.15151814
 -0.15151814 -0.15151814 -0.15151814 -0.15151814 -0.15151814 -0.15151814
 -0.15151814 -0.15151814 -0.15151814 -0.15151814 -0.15151814 -0.15151814
 -0.15151814 -0.15151814 -0.15151814 -0.15151814 -0.15151814 -0.15151814
 -0.15151814 -0.15151814 -0.15151814 -0.15151814 -0.15151814 -0.15151814
 -0.15151814 -0.15151814 -0.15151814 -0.15151814 -0.15151814 -0.15151814
 -0.15151814 -0.15151814 -0.15151814 -0.15151814 -0.15151814 -0.15151814
 -0.15151814 -0.15151814 -0.15151814 -0.15151814]",[-0.018862967566253358]
4,"[-0.14251208 -0.14251208 -0.14251208 -0.14251208 -0.14251208 -0.14251208
 -0.14251208 -0.14251208 -0.14251208 -0.14251208 -0.14251208 -0.14251208
 -0.14251208 -0.14251208 -0.14251208 -0.14251208 -0.14251208 -0.14251208
 -0.14251208 -0.14251208 -0.14251208 -0.14251208 -0.14251208 -0.14251208
 -0.14251208 -0.14251208 -0.14251208 -0.14251208 -0.14251208 -0.14251208
 -0.14251208 -0.14251208 -0.14251208 -0.14251208 -0.14251208 -0.14251208
 -0.14251208 -0.14251208 -0.14251208 -0.14251208 -0.14251208 -0.14251208
 -0.14251208 -0.14251208 -0.14251208 -0.14251208 -0.14251208 -0.14251208
 -0.14251208 -0.14251208 -0.14251208 -0.14251208 -0.14251208 -0.14251208
 -0.14251208 -0.14251208 -0.14251208 -0.14251208 -0.14251208 -0.14251208
 -0.14251208 -0.14251208 -0.14251208 -0.14251208 -0.14251208 -0.14251208
 -0.14251208 -0.14251208 -0.14251208 -0.14251208 -0.14251208 -0.14251208
 -0.14251208 -0.14251208 -0.14251208 -0.14251208 -0.14251208 -0.14251208
 -0.14251208 -0.14251208 -0.14251208 -0.14251208 -0.14251208 10.067023
 -0.14251208 -0.14251208 -0.14251208 -0.14251208 -0.14251208 -0.14251208
 -0.14251208 -0.14251208  1.71958541 -0.14251208 -0.14251208 -0.14251208
 -0.14251208 -0.14251208 -0.14251208 -0.14251208 -0.14251208 -0.14251208
 -0.14251208 -0.14251208 -0.14251208 -0.14251208 -0.14251208 -0.14251208
 -0.14251208 -0.14251208  9.91557254 -0.14251208 -0.14251208 -0.14251208
 -0.14251208 -0.14251208 -0.14251208 -0.14251208 -0.14251208 -0.14251208
 -0.14251208 -0.14251208 -0.14251208 -0.14251208 -0.14251208 -0.14251208
 -0.14251208 -0.14251208 -0.14251208 -0.14251208 -0.14251208 -0.14251208
 -0.14251208 -0.14251208 -0.14251208 -0.14251208 -0.14251208 -0.14251208
 -0.14251208 -0.14251208 -0.14251208 -0.14251208 -0.14251208 -0.14251208
 -0.14251208 -0.14251208 -0.14251208 -0.14251208 -0.14251208 -0.14251208
 -0.14251208 -0.14251208 -0.14251208 -0.14251208 -0.14251208 -0.14251208
 -0.14251208 -0.14251208 -0.14251208 -0.14251208 -0.14251208 -0.14251208
 -0.14251208 -0.14251208 -0.14251208 -0.14251208 -0.14251208 -0.14251208
 -0.14251208 -0.14251208 -0.14251208 -0.14251208 -0.14251208 -0.14251208
 -0.14251208 -0.14251208 -0.14251208 -0.14251208 -0.14251208 -0.14251208
 -0.14251208 -0.14251208 -0.14251208 -0.14251208 -0.14251208 -0.14251208
 -0.14251208 -0.14251208 -0.14251208 -0.14251208 -0.14251208 -0.14251208
 -0.14251208 -0.14251208 -0.14251208 -0.14251208 -0.14251208 -0.14251208
 -0.14251208 -0.14251208 -0.14251208 -0.14251208 -0.14251208 -0.14251208
 -0.14251208 -0.14251208 -0.14251208 -0.14251208 -0.14251208 -0.14251208
  3.54622555 -0.14251208 -0.14251208 -0.14251208 -0.14251208  5.9081881
 -0.14251208 -0.14251208 -0.14251208 -0.14251208 -0.14251208 -0.14251208
 -0.14251208 -0.14251208 -0.14251208 -0.14251208 -0.14251208 -0.14251208
 -0.14251208 -0.14251208 -0.14251208 -0.14251208 -0.14251208 -0.14251208
 -0.14251208  5.73978878 -0.14251208 -0.14251208 -0.14251208 -0.14251208
  0.82056871 -0.14251208 -0.14251208 -0.14251208 -0.14251208 -0.14251208
 -0.14251208 -0.14251208 -0.14251208 -0.14251208 -0.14251208 -0.14251208
 -0.14251208 -0.14251208 -0.14251208 -0.14251208 -0.14251208 -0.14251208
 -0.14251208 -0.14251208 -0.14251208  4.65953261 -0.14251208  0.21738049
 -0.14251208 -0.14251208 -0.14251208 -0.14251208 -0.14251208 -0.14251208
 -0.14251208 -0.14251208 -0.14251208 -0.14251208 -0.14251208 -0.14251208
 -0.14251208 -0.14251208 -0.14251208 -0.14251208 -0.14251208 -0.14251208
 -0.14251208 -0.14251208 -0.14251208 -0.14251208 -0.14251208  4.05712151
 -0.14251208 -0.14251208 -0.14251208 -0.14251208 -0.14251208 -0.14251208
 -0.14251208 -0.14251208 -0.14251208 -0.14251208 -0.14251208 -0.14251208
 -0.14251208 -0.14251208 -0.14251208 -0.14251208 -0.14251208 -0.14251208
 -0.14251208 -0.14251208 -0.14251208 -0.14251208 -0.14251208  4.22737199
 -0.14251208 -0.14251208 -0.14251208 -0.14251208 -0.14251208 -0.14251208
 -0.14251208 -0.14251208 -0.14251208 -0.14251208 -0.14251208 -0.14251208
 -0.14251208 -0.14251208 -0.14251208 -0.14251208 -0.14251208 -0.14251208
 -0.14251208 -0.14251208 -0.14251208 -0.14251208 -0.14251208 -0.14251208
 -0.14251208 -0.14251208 -0.14251208 -0.14251208 -0.14251208 -0.14251208
 -0.14251208 -0.14251208 -0.14251208 -0.14251208 -0.14251208 -0.14251208
 -0.14251208 -0.14251208 -0.14251208 -0.14251208 -0.14251208 -0.14251208
 -0.14251208 -0.14251208 -0.14251208 -0.14251208 -0.14251208 -0.14251208
 -0.14251208 -0.14251208 -0.14251208 -0.14251208 -0.14251208 -0.14251208
 -0.14251208 -0.14251208 -0.14251208 -0.14251208 -0.14251208 -0.14251208
 -0.14251208 -0.14251208 -0.14251208 -0.14251208 -0.14251208 -0.14251208
 -0.14251208 -0.14251208 -0.14251208 -0.14251208 -0.14251208 -0.14251208
 -0.14251208 -0.14251208 -0.14251208 -0.14251208 -0.14251208 -0.14251208
 -0.14251208 -0.14251208 -0.14251208 -0.14251208 -0.14251208 -0.14251208
 -0.14251208 -0.14251208 -0.14251208 -0.14251208 -0.14251208 -0.14251208
 -0.14251208 -0.14251208 -0.14251208 -0.14251208 -0.14251208 -0.14251208
 -0.14251208 -0.14251208 -0.14251208 -0.14251208 -0.14251208 -0.14251208
 -0.14251208 -0.14251208 -0.14251208 -0.14251208 -0.14251208 -0.14251208
 -0.14251208 -0.14251208 -0.14251208 -0.14251208 -0.14251208 -0.14251208
 -0.14251208 -0.14251208 -0.14251208 -0.14251208 -0.14251208 -0.14251208
 -0.14251208 -0.14251208 -0.14251208 -0.14251208 -0.14251208 -0.14251208
 -0.14251208 -0.14251208 -0.14251208 -0.14251208 -0.14251208 -0.14251208
 -0.14251208 -0.14251208 -0.14251208 -0.14251208 -0.14251208 -0.14251208
 -0.14251208 -0.14251208 -0.14251208 -0.14251208 -0.14251208 -0.14251208
 -0.14251208 -0.14251208 -0.14251208 -0.14251208 -0.14251208 -0.14251208
 -0.14251208 -0.14251208  9.23614877 -0.14251208 -0.14251208 -0.14251208
  8.51293452 -0.14251208 -0.14251208 -0.14251208 -0.14251208 -0.14251208
 -0.14251208 -0.14251208 -0.14251208 -0.14251208 -0.14251208 -0.14251208
 -0.14251208 -0.14251208 -0.14251208 -0.14251208 -0.14251208 -0.14251208
 -0.14251208  3.48367248 -0.14251208 -0.14251208 -0.14251208 -0.14251208
 -0.14251208 -0.14251208 -0.14251208 -0.14251208 -0.14251208 -0.14251208
 -0.14251208 -0.14251208 -0.14251208 -0.14251208 -0.14251208 -0.14251208
 -0.14251208 -0.14251208 -0.14251208 -0.14251208 -0.14251208 -0.14251208
 -0.14251208 -0.14251208 -0.14251208 -0.14251208 -0.14251208 -0.14251208
 -0.14251208 -0.14251208 -0.14251208 -0.14251208]",[-0.023938118038969947]
4,"[-0.17928404 -0.17928404 -0.17928404 -0.17928404 -0.17928404 -0.17928404
 -0.17928404 -0.17928404 -0.17928404 -0.17928404 -0.17928404 -0.17928404
 -0.17928404 -0.17928404 -0.17928404 -0.17928404 -0.17928404 -0.17928404
  0.7844807  -0.17928404 -0.17928404 -0.17928404 -0.17928404 -0.17928404
 -0.17928404 -0.17928404 -0.17928404 -0.17928404 -0.17928404 -0.17928404
 -0.17928404 -0.17928404 -0.17928404 -0.17928404 -0.17928404 -0.17928404
 -0.17928404 -0.17928404 -0.17928404 -0.17928404 -0.17928404 -0.17928404
 -0.17928404 -0.17928404 -0.17928404 -0.17928404 -0.17928404 -0.17928404
 -0.17928404 -0.17928404 -0.17928404 -0.17928404 -0.17928404 -0.17928404
 -0.17928404 -0.17928404 -0.17928404 -0.17928404  1.56645257 -0.17928404
 -0.17928404 -0.17928404 -0.17928404 -0.17928404 -0.17928404 -0.17928404
 -0.17928404 -0.17928404 -0.17928404 -0.17928404 -0.17928404 -0.17928404
 -0.17928404 -0.17928404 -0.17928404 -0.17928404 -0.17928404 -0.17928404
 -0.17928404 -0.17928404 -0.17928404 -0.17928404 -0.17928404  4.39261374
 -0.17928404 -0.17928404 -0.17928404 -0.17928404 -0.17928404 -0.17928404
 -0.17928404 -0.17928404 -0.17928404 -0.17928404 -0.17928404 -0.17928404
 -0.17928404 -0.17928404 -0.17928404 -0.17928404 -0.17928404 -0.17928404
 -0.17928404 -0.17928404 -0.17928404 -0.17928404 -0.17928404 -0.17928404
 -0.17928404 -0.17928404 -0.17928404 -0.17928404 -0.17928404 -0.17928404
 -0.17928404 -0.17928404 -0.17928404 -0.17928404 -0.17928404 -0.17928404
 -0.17928404 -0.17928404 -0.17928404 -0.17928404 -0.17928404 -0.17928404
 -0.17928404 -0.17928404 -0.17928404 -0.17928404 -0.17928404 -0.17928404
 -0.17928404 -0.17928404 -0.17928404 -0.17928404 -0.17928404 -0.17928404
 -0.17928404 -0.17928404 -0.17928404 -0.17928404 -0.17928404 -0.17928404
 -0.17928404 -0.17928404 -0.17928404 -0.17928404 -0.17928404 -0.17928404
 -0.17928404 -0.17928404 -0.17928404 -0.17928404 -0.17928404 -0.17928404
 -0.17928404 -0.17928404 -0.17928404 -0.17928404 -0.17928404 -0.17928404
 -0.17928404 -0.17928404 -0.17928404 -0.17928404 -0.17928404 -0.17928404
 -0.17928404 -0.17928404 -0.17928404 -0.17928404 -0.17928404 -0.17928404
 -0.17928404 -0.17928404 -0.17928404 -0.17928404 -0.17928404 -0.17928404
 -0.17928404 -0.17928404 -0.17928404 -0.17928404 -0.17928404 -0.17928404
 -0.17928404 -0.17928404 -0.17928404 -0.17928404 -0.17928404 -0.17928404
 -0.17928404 -0.17928404 -0.17928404 -0.17928404 -0.17928404 -0.17928404
 -0.17928404 -0.17928404  1.33316639 -0.17928404 -0.17928404 -0.17928404
 -0.17928404 -0.17928404 -0.17928404 -0.17928404 -0.17928404 -0.17928404
  2.4551838  -0.17928404 -0.17928404 -0.17928404 -0.17928404  4.53378597
 -0.17928404 -0.17928404  0.39304216 -0.17928404 -0.17928404 -0.17928404
 -0.17928404 -0.17928404 -0.17928404 -0.17928404 -0.17928404 -0.17928404
 -0.17928404 -0.17928404 -0.17928404 -0.17928404 -0.17928404 -0.17928404
 -0.17928404  3.10567074 -0.17928404  1.17621168  3.85935863 -0.17928404
  5.88807984 -0.17928404 -0.17928404 -0.17928404 -0.17928404 -0.17928404
 -0.17928404 -0.17928404 -0.17928404 -0.17928404 -0.17928404 -0.17928404
 -0.17928404 -0.17928404 -0.17928404 -0.17928404 -0.17928404 -0.17928404
 -0.17928404 -0.17928404 -0.17928404  3.44931339 -0.17928404  0.45333109
 -0.17928404 -0.17928404 -0.17928404  4.22591166 -0.17928404 -0.17928404
 -0.17928404 -0.17928404 -0.17928404 -0.17928404  5.32724772 -0.17928404
 -0.17928404  1.9366333  -0.17928404 -0.17928404 -0.17928404 -0.17928404
  4.13440005 -0.17928404 -0.17928404 -0.17928404 -0.17928404  7.10396003
 -0.17928404 -0.17928404 -0.17928404 -0.17928404 -0.17928404 -0.17928404
 -0.17928404 -0.17928404 -0.17928404 -0.17928404 -0.17928404 -0.17928404
 -0.17928404 -0.17928404 -0.17928404 -0.17928404 -0.17928404 -0.17928404
 -0.17928404 -0.17928404 -0.17928404 -0.17928404 -0.17928404  3.33706082
 -0.17928404 -0.17928404 -0.17928404 -0.17928404 -0.17928404 -0.17928404
 -0.17928404 -0.17928404 -0.17928404 -0.17928404 -0.17928404 -0.17928404
 -0.17928404 -0.17928404 -0.17928404 -0.17928404 -0.17928404 -0.17928404
 -0.17928404 -0.17928404 -0.17928404 -0.17928404 -0.17928404 -0.17928404
 -0.17928404 -0.17928404 -0.17928404 -0.17928404 -0.17928404 -0.17928404
 -0.17928404 -0.17928404 -0.17928404 -0.17928404 -0.17928404 -0.17928404
 -0.17928404 -0.17928404 -0.17928404 -0.17928404 -0.17928404 -0.17928404
 -0.17928404 -0.17928404 -0.17928404 -0.17928404 -0.17928404 -0.17928404
 -0.17928404 -0.17928404 -0.17928404 -0.17928404 -0.17928404 -0.17928404
 -0.17928404 -0.17928404 -0.17928404 -0.17928404 -0.17928404 -0.17928404
 -0.17928404 -0.17928404 -0.17928404 -0.17928404 -0.17928404 -0.17928404
 -0.17928404 -0.17928404 -0.17928404 -0.17928404 -0.17928404 -0.17928404
 -0.17928404 -0.17928404 -0.17928404 -0.17928404 -0.17928404 -0.17928404
 -0.17928404 -0.17928404 -0.17928404 -0.17928404 -0.17928404 -0.17928404
 -0.17928404 -0.17928404 -0.17928404 -0.17928404 -0.17928404 -0.17928404
 -0.17928404 -0.17928404 -0.17928404 -0.17928404 -0.17928404 -0.17928404
 -0.17928404 -0.17928404 -0.17928404 -0.17928404 -0.17928404 -0.17928404
 -0.17928404 -0.17928404 -0.17928404 -0.17928404 -0.17928404 -0.17928404
 -0.17928404 -0.17928404 -0.17928404 -0.17928404 -0.17928404 -0.17928404
 -0.17928404 -0.17928404 -0.17928404 -0.17928404 -0.17928404 -0.17928404
 -0.17928404 -0.17928404 -0.17928404 -0.17928404 -0.17928404 -0.17928404
 -0.17928404 -0.17928404 -0.17928404 -0.17928404 -0.17928404 -0.17928404
 -0.17928404 -0.17928404 -0.17928404 -0.17928404 -0.17928404 -0.17928404
 -0.17928404 -0.17928404 -0.17928404 -0.17928404 -0.17928404 -0.17928404
 -0.17928404 -0.17928404 -0.17928404 -0.17928404 -0.17928404 -0.17928404
 -0.17928404 -0.17928404  8.7159053  -0.17928404 -0.17928404 -0.17928404
  8.25601945 -0.17928404 -0.17928404 -0.17928404 -0.17928404 -0.17928404
 -0.17928404 -0.17928404 -0.17928404 -0.17928404 -0.17928404 -0.17928404
 -0.17928404 -0.17928404 -0.17928404 -0.17928404 -0.17928404 -0.17928404
 -0.17928404  2.64410775 -0.17928404 -0.17928404 -0.17928404 -0.17928404
 -0.17928404 -0.17928404 -0.17928404 -0.17928404 -0.17928404 -0.17928404
 -0.17928404 -0.17928404 -0.17928404 -0.17928404 -0.17928404 -0.17928404
 -0.17928404 -0.17928404 -0.17928404 -0.17928404 -0.17928404 -0.17928404
 -0.17928404 -0.17928404 -0.17928404 -0.17928404 -0.17928404 -0.17928404
 -0.17928404 -0.17928404 10.0322319  -0.17928404]",[-0.01090998644084104]
4,"[-0.15155363 -0.15155363 -0.15155363 -0.15155363 -0.15155363 -0.15155363
 -0.15155363 -0.15155363 -0.15155363 -0.15155363 -0.15155363 -0.15155363
 -0.15155363 -0.15155363 -0.15155363 -0.15155363 -0.15155363 -0.15155363
  1.25190045 -0.15155363 -0.15155363 -0.15155363 -0.15155363 -0.15155363
 -0.15155363 -0.15155363 -0.15155363 -0.15155363 -0.15155363 -0.15155363
 -0.15155363 -0.15155363 -0.15155363 -0.15155363 -0.15155363 -0.15155363
 -0.15155363 -0.15155363 -0.15155363 -0.15155363 -0.15155363 -0.15155363
 -0.15155363 -0.15155363 -0.15155363 -0.15155363 -0.15155363 -0.15155363
 -0.15155363 -0.15155363 -0.15155363 -0.15155363 -0.15155363 -0.15155363
 -0.15155363 -0.15155363 -0.15155363 -0.15155363 -0.15155363 -0.15155363
 -0.15155363 -0.15155363 -0.15155363 -0.15155363 -0.15155363 -0.15155363
 -0.15155363 -0.15155363 -0.15155363 -0.15155363 -0.15155363 -0.15155363
 -0.15155363  3.45232808 -0.15155363 -0.15155363 -0.15155363 -0.15155363
 -0.15155363 -0.15155363 -0.15155363 -0.15155363 -0.15155363 11.05822985
 -0.15155363 -0.15155363 -0.15155363 -0.15155363 -0.15155363 -0.15155363
 -0.15155363 -0.15155363 -0.15155363 -0.15155363 -0.15155363 -0.15155363
 -0.15155363 -0.15155363 -0.15155363 -0.15155363 -0.15155363 -0.15155363
 -0.15155363 -0.15155363 -0.15155363 -0.15155363 -0.15155363 -0.15155363
 -0.15155363 -0.15155363 -0.15155363 -0.15155363 -0.15155363 -0.15155363
 -0.15155363 -0.15155363 -0.15155363 -0.15155363 -0.15155363 -0.15155363
 -0.15155363 -0.15155363 -0.15155363 -0.15155363 -0.15155363 -0.15155363
 -0.15155363 -0.15155363 -0.15155363 -0.15155363 -0.15155363 -0.15155363
 -0.15155363 -0.15155363 -0.15155363 -0.15155363 -0.15155363 -0.15155363
 -0.15155363 -0.15155363 -0.15155363 -0.15155363 -0.15155363 -0.15155363
 -0.15155363 -0.15155363 -0.15155363 -0.15155363 -0.15155363 -0.15155363
 -0.15155363 -0.15155363 -0.15155363 -0.15155363 -0.15155363 -0.15155363
 -0.15155363 -0.15155363 -0.15155363 -0.15155363 -0.15155363 -0.15155363
 -0.15155363 -0.15155363 -0.15155363 -0.15155363 -0.15155363 -0.15155363
 -0.15155363 -0.15155363 -0.15155363 -0.15155363 -0.15155363 -0.15155363
 -0.15155363 -0.15155363 -0.15155363 -0.15155363 -0.15155363 -0.15155363
 -0.15155363 -0.15155363 -0.15155363 -0.15155363 -0.15155363 -0.15155363
  4.55930077 -0.15155363 -0.15155363 -0.15155363 -0.15155363 -0.15155363
 -0.15155363 -0.15155363 -0.15155363 -0.15155363 -0.15155363 -0.15155363
 -0.15155363 -0.15155363  6.00670694 -0.15155363 -0.15155363  4.7630555
 -0.15155363 -0.15155363 -0.15155363 -0.15155363 -0.15155363 -0.15155363
  4.03997355 -0.15155363 -0.15155363 -0.15155363 -0.15155363  6.02915736
 -0.15155363 -0.15155363  0.60128309  2.15187166 -0.15155363 -0.15155363
 -0.15155363 -0.15155363 -0.15155363 -0.15155363 -0.15155363 -0.15155363
 -0.15155363 -0.15155363 -0.15155363 -0.15155363 -0.15155363 -0.15155363
 -0.15155363 -0.15155363 -0.15155363 -0.15155363 -0.15155363 -0.15155363
 -0.15155363 -0.15155363 -0.15155363 -0.15155363 -0.15155363 -0.15155363
 -0.15155363 -0.15155363 -0.15155363 -0.15155363 -0.15155363 -0.15155363
 -0.15155363 -0.15155363 -0.15155363 -0.15155363  5.6030995  -0.15155363
 -0.15155363 -0.15155363 -0.15155363 -0.15155363 -0.15155363 -0.15155363
 -0.15155363 -0.15155363 -0.15155363 -0.15155363 -0.15155363 -0.15155363
 -0.15155363 -0.15155363 -0.15155363 -0.15155363 -0.15155363 -0.15155363
 -0.15155363 -0.15155363 -0.15155363 -0.15155363 -0.15155363 -0.15155363
 -0.15155363 -0.15155363 -0.15155363 -0.15155363 -0.15155363 -0.15155363
 -0.15155363 -0.15155363 -0.15155363 -0.15155363 -0.15155363 -0.15155363
 -0.15155363 -0.15155363 -0.15155363 -0.15155363 -0.15155363 -0.15155363
 -0.15155363 -0.15155363 -0.15155363 -0.15155363 -0.15155363 -0.15155363
 -0.15155363 -0.15155363 -0.15155363 -0.15155363 -0.15155363  4.00210549
 -0.15155363 -0.15155363 -0.15155363 -0.15155363 -0.15155363 -0.15155363
 -0.15155363 -0.15155363 -0.15155363 -0.15155363 -0.15155363 -0.15155363
 -0.15155363 -0.15155363 -0.15155363 -0.15155363 -0.15155363 -0.15155363
 -0.15155363 -0.15155363 -0.15155363 -0.15155363 -0.15155363 -0.15155363
 -0.15155363 -0.15155363 -0.15155363 -0.15155363 -0.15155363 -0.15155363
 -0.15155363 -0.15155363 -0.15155363 -0.15155363 -0.15155363 -0.15155363
 -0.15155363 -0.15155363 -0.15155363 -0.15155363 -0.15155363 -0.15155363
 -0.15155363 -0.15155363 -0.15155363 -0.15155363 -0.15155363 -0.15155363
 -0.15155363 -0.15155363 -0.15155363 -0.15155363 -0.15155363 -0.15155363
 -0.15155363 -0.15155363 -0.15155363 -0.15155363 -0.15155363 -0.15155363
 -0.15155363 -0.15155363 -0.15155363 -0.15155363 -0.15155363 -0.15155363
 -0.15155363 -0.15155363 -0.15155363 -0.15155363 -0.15155363 -0.15155363
 -0.15155363 -0.15155363 -0.15155363 -0.15155363 -0.15155363 -0.15155363
 -0.15155363 -0.15155363 -0.15155363 -0.15155363 -0.15155363 -0.15155363
 -0.15155363 -0.15155363 -0.15155363 -0.15155363 -0.15155363 -0.15155363
 -0.15155363 -0.15155363 -0.15155363 -0.15155363 -0.15155363 -0.15155363
 -0.15155363 -0.15155363 -0.15155363 -0.15155363 -0.15155363 -0.15155363
 -0.15155363 -0.15155363 -0.15155363 -0.15155363 -0.15155363 -0.15155363
 -0.15155363 -0.15155363 -0.15155363 -0.15155363 -0.15155363 -0.15155363
 -0.15155363 -0.15155363 -0.15155363 -0.15155363 -0.15155363 -0.15155363
 -0.15155363 -0.15155363 -0.15155363 -0.15155363 -0.15155363 -0.15155363
 -0.15155363 -0.15155363 -0.15155363 -0.15155363 -0.15155363 -0.15155363
 -0.15155363 -0.15155363 -0.15155363 -0.15155363 -0.15155363 -0.15155363
 -0.15155363 -0.15155363 -0.15155363 -0.15155363 -0.15155363 -0.15155363
 -0.15155363 -0.15155363 -0.15155363 -0.15155363 -0.15155363 -0.15155363
 -0.15155363 -0.15155363  9.24349236 -0.15155363  9.42454371 -0.15155363
 -0.15155363 -0.15155363 -0.15155363 -0.15155363 -0.15155363 -0.15155363
 -0.15155363 -0.15155363 -0.15155363 -0.15155363 -0.15155363 -0.15155363
 -0.15155363 -0.15155363 -0.15155363 -0.15155363 -0.15155363 -0.15155363
 -0.15155363  3.67216637 -0.15155363 -0.15155363 -0.15155363  0.5238154
 -0.15155363 -0.15155363 -0.15155363 -0.15155363 -0.15155363 -0.15155363
 -0.15155363 -0.15155363 -0.15155363 -0.15155363 -0.15155363 -0.15155363
 -0.15155363 -0.15155363 -0.15155363 -0.15155363 -0.15155363 -0.15155363
 -0.15155363 -0.15155363 -0.15155363 -0.15155363 -0.15155363 -0.15155363
 -0.15155363 -0.15155363 -0.15155363 -0.15155363]",[-0.024705941691501282]
4,"[-0.18303955 -0.18303955 -0.18303955 -0.18303955 -0.14398388 -0.18303955
 -0.18303955 -0.18303955 -0.18303955 -0.18303955 -0.18303955 -0.18303955
 -0.18303955 -0.18303955 -0.18303955 -0.18303955 -0.18303955 -0.18303955
  1.65861647 -0.18303955 -0.18303955  3.92226271 -0.18303955 -0.18303955
 -0.18303955 -0.18303955 -0.18303955 -0.18303955 -0.18303955 -0.18303955
 -0.18303955 -0.18303955 -0.18303955 -0.18303955 -0.18303955 -0.18303955
 -0.18303955 -0.18303955 -0.18303955 -0.18303955 -0.18303955 -0.18303955
 -0.18303955 -0.18303955 -0.18303955 -0.18303955 -0.18303955 -0.18303955
 -0.18303955 -0.18303955 -0.18303955 -0.18303955 -0.18303955 -0.18303955
 -0.18303955 -0.18303955 -0.18303955 -0.18303955  2.79934453 -0.18303955
 -0.18303955 -0.18303955 -0.18303955 -0.18303955 -0.18303955 -0.18303955
 -0.18303955 -0.18303955 -0.18303955 -0.18303955 -0.18303955 -0.18303955
 -0.18303955 -0.18303955 -0.18303955 -0.18303955 -0.18303955 -0.18303955
 -0.18303955 -0.18303955 -0.18303955 -0.18303955 -0.18303955  6.96374659
 -0.18303955 -0.18303955 -0.18303955 -0.18303955  1.35047278 -0.18303955
 -0.18303955 -0.18303955  1.63136509 -0.18303955 -0.18303955 -0.18303955
 -0.18303955 -0.18303955 -0.18303955 -0.18303955 -0.18303955 -0.18303955
 -0.18303955 -0.18303955 -0.18303955 -0.18303955 -0.18303955 -0.18303955
 -0.18303955 -0.18303955  1.22533259 -0.18303955 -0.18303955 -0.18303955
 -0.18303955 -0.18303955 -0.18303955 -0.18303955 -0.18303955 -0.18303955
 -0.18303955 -0.18303955 -0.18303955 -0.18303955 -0.18303955 -0.18303955
 -0.18303955 -0.18303955 -0.18303955 -0.18303955 -0.18303955 -0.18303955
 -0.18303955 -0.18303955 -0.18303955 -0.18303955 -0.18303955 -0.18303955
 -0.18303955 -0.18303955 -0.18303955 -0.18303955 -0.18303955 -0.18303955
 -0.18303955 -0.18303955 -0.18303955 -0.18303955 -0.18303955 -0.18303955
 -0.18303955 -0.18303955 -0.18303955 -0.18303955 -0.18303955 -0.18303955
 -0.18303955 -0.18303955 -0.18303955 -0.18303955 -0.18303955 -0.18303955
 -0.18303955 -0.18303955 -0.18303955 -0.18303955 -0.18303955 -0.18303955
 -0.18303955 -0.18303955 -0.18303955 -0.18303955 -0.18303955 -0.18303955
 -0.18303955 -0.18303955 -0.18303955 -0.18303955 -0.18303955 -0.18303955
 -0.18303955 -0.18303955 -0.18303955 -0.18303955 -0.18303955 -0.18303955
 -0.18303955 -0.18303955 -0.18303955 -0.18303955 -0.18303955 -0.18303955
 -0.18303955 -0.18303955 -0.18303955 -0.18303955 -0.18303955 -0.18303955
 -0.18303955 -0.18303955  1.63136509 -0.18303955 -0.18303955 -0.18303955
 -0.18303955 -0.18303955 -0.18303955 -0.18303955 -0.18303955 -0.18303955
  3.55391385 -0.18303955 -0.18303955 -0.18303955 -0.18303955  6.87218426
 -0.18303955 -0.18303955 -0.18303955 -0.18303955 -0.18303955 -0.18303955
 -0.18303955 -0.18303955 -0.18303955 -0.18303955 -0.18303955 -0.18303955
 -0.18303955 -0.18303955 -0.18303955 -0.18303955 -0.18303955 -0.18303955
 -0.18303955 -0.18303955 -0.18303955  2.84275068  5.22012143 -0.18303955
  5.24325543 -0.18303955 -0.18303955 -0.18303955 -0.18303955 -0.18303955
 -0.18303955 -0.18303955 -0.18303955 -0.18303955 -0.18303955 -0.18303955
 -0.18303955 -0.18303955 -0.18303955 -0.18303955 -0.18303955 -0.18303955
 -0.18303955 -0.18303955 -0.18303955  4.5719683  -0.18303955 -0.18303955
 -0.18303955 -0.18303955 -0.18303955 -0.18303955 -0.18303955 -0.18303955
  5.10371496 -0.18303955  0.3101258  -0.18303955 -0.18303955 -0.18303955
 -0.18303955 -0.18303955 -0.18303955 -0.18303955 -0.18303955 -0.18303955
 -0.18303955  4.30431755 -0.18303955 -0.18303955 -0.18303955  1.07056991
 -0.18303955 -0.18303955 -0.18303955 -0.18303955 -0.18303955 -0.18303955
 -0.18303955 -0.18303955 -0.18303955 -0.18303955 -0.18303955 -0.18303955
 -0.18303955 -0.18303955 -0.18303955 -0.18303955 -0.18303955 -0.18303955
 -0.18303955 -0.18303955 -0.18303955 -0.18303955 -0.18303955  3.98360005
 -0.18303955 -0.18303955 -0.18303955 -0.18303955 -0.18303955 -0.18303955
 -0.18303955 -0.18303955 -0.18303955 -0.18303955 -0.18303955 -0.18303955
 -0.18303955 -0.18303955 -0.18303955 -0.18303955 -0.18303955 -0.18303955
 -0.18303955 -0.18303955 -0.18303955 -0.18303955 -0.18303955 -0.18303955
 -0.18303955 -0.18303955 -0.18303955 -0.18303955 -0.18303955 -0.18303955
 -0.18303955 -0.18303955 -0.18303955 -0.18303955 -0.18303955 -0.18303955
 -0.18303955 -0.18303955 -0.18303955 -0.18303955 -0.18303955 -0.18303955
 -0.18303955 -0.18303955 -0.18303955 -0.18303955 -0.18303955 -0.18303955
 -0.18303955 -0.18303955 -0.18303955 -0.18303955 -0.18303955 -0.18303955
 -0.18303955 -0.18303955 -0.18303955 -0.18303955 -0.18303955 -0.18303955
 -0.18303955 -0.18303955 -0.18303955 -0.18303955 -0.18303955 -0.18303955
 -0.18303955 -0.18303955 -0.18303955 -0.18303955 -0.18303955 -0.18303955
 -0.18303955 -0.18303955 -0.18303955 -0.18303955 -0.18303955 -0.18303955
 -0.18303955 -0.18303955 -0.18303955 -0.18303955 -0.18303955 -0.18303955
 -0.18303955 -0.18303955 -0.18303955 -0.18303955 -0.18303955 -0.18303955
 -0.18303955 -0.18303955 -0.18303955 -0.18303955 -0.18303955 -0.18303955
 -0.18303955 -0.18303955 -0.18303955 -0.18303955 -0.18303955 -0.18303955
 -0.18303955 -0.18303955 -0.18303955 -0.18303955 -0.18303955 -0.18303955
 -0.18303955 -0.18303955 -0.18303955 -0.18303955 -0.18303955 -0.18303955
 -0.18303955 -0.18303955 -0.18303955 -0.18303955 -0.18303955 -0.18303955
 -0.18303955 -0.18303955 -0.18303955 -0.18303955 -0.18303955 -0.18303955
 -0.18303955 -0.18303955 -0.18303955 -0.18303955 -0.18303955 -0.18303955
 -0.18303955 -0.18303955 -0.18303955 -0.18303955 -0.18303955 -0.18303955
 -0.18303955 -0.18303955 -0.18303955 -0.18303955 -0.18303955 -0.18303955
 -0.18303955 -0.18303955 -0.18303955 -0.18303955 -0.18303955 -0.18303955
 -0.18303955 -0.18303955  6.36093668 -0.18303955 -0.18303955 -0.18303955
  9.53392318  8.96254242 -0.18303955 -0.18303955 -0.18303955 -0.18303955
 -0.18303955 -0.18303955 -0.18303955 -0.18303955 -0.18303955 -0.18303955
 -0.18303955 -0.18303955 -0.18303955 -0.18303955 -0.18303955 -0.18303955
 -0.18303955  1.81516849 -0.18303955 -0.18303955 -0.18303955 -0.18303955
 -0.18303955 -0.18303955 -0.18303955 -0.18303955 -0.18303955 -0.18303955
 -0.18303955 -0.18303955 -0.18303955 -0.18303955 -0.18303955 -0.18303955
 -0.18303955 -0.18303955 -0.18303955 -0.18303955 -0.18303955 -0.18303955
 -0.18303955 -0.18303955 -0.18303955 -0.18303955 -0.18303955 -0.18303955
 -0.18303955 -0.18303955 -0.18303955 -0.18303955]",[-0.10586646094896768]
4,"[-0.17995927 -0.17995927 -0.17995927 -0.17995927 -0.17995927 -0.17995927
 -0.17995927 -0.17995927 -0.17995927 -0.17995927 -0.17995927 -0.17995927
 -0.17995927 -0.17995927 -0.17995927 -0.17995927 -0.17995927 -0.17995927
  0.8891178  -0.17995927 -0.17995927 -0.17995927 -0.17995927 -0.17995927
 -0.17995927 -0.17995927 -0.17995927 -0.17995927 -0.17995927 -0.17995927
 -0.17995927 -0.17995927 -0.17995927 -0.17995927 -0.17995927 -0.17995927
 -0.17995927 -0.17995927 -0.17995927 -0.17995927 -0.17995927 -0.17995927
 -0.17995927 -0.17995927 -0.17995927 -0.17995927 -0.17995927 -0.17995927
 -0.17995927 -0.17995927 -0.17995927 -0.17995927 -0.17995927 -0.17995927
 -0.17995927 -0.17995927 -0.17995927 -0.17995927  2.79524016 -0.17995927
 -0.17995927 -0.17995927 -0.17995927 -0.17995927 -0.17995927 -0.17995927
 -0.17995927 -0.17995927 -0.17995927 -0.17995927 -0.17995927 -0.17995927
 -0.17995927 -0.17995927 -0.17995927 -0.17995927 -0.17995927 -0.17995927
 -0.17995927 -0.17995927 -0.17995927 -0.17995927 -0.17995927  3.04716767
 -0.17995927 -0.17995927 -0.17995927 -0.17995927  0.95362856 -0.17995927
 -0.17995927 -0.17995927  2.29427566 -0.17995927 -0.17995927 -0.17995927
 -0.17995927 -0.17995927 -0.17995927 -0.17995927 -0.17995927 -0.17995927
 -0.17995927 -0.17995927 -0.17995927 -0.17995927 -0.17995927 -0.17995927
 -0.17995927 -0.17995927  0.84196988 -0.17995927 -0.17995927 -0.17995927
  7.87003924 -0.17995927 -0.17995927 -0.17995927 -0.17995927 -0.17995927
 -0.17995927 -0.17995927 -0.17995927 -0.17995927 -0.17995927 -0.17995927
 -0.17995927 -0.17995927 -0.17995927 -0.17995927 -0.17995927 -0.17995927
 -0.17995927 -0.17995927 -0.17995927 -0.17995927 -0.17995927 -0.17995927
 -0.17995927 -0.17995927 -0.17995927 -0.17995927 -0.17995927 -0.17995927
 -0.17995927 -0.17995927 -0.17995927 -0.17995927 -0.17995927 -0.17995927
 -0.17995927 -0.17995927 -0.17995927 -0.17995927 -0.17995927 -0.17995927
 -0.17995927 -0.17995927 -0.17995927 -0.17995927 -0.17995927 -0.17995927
 -0.17995927 -0.17995927 -0.17995927 -0.17995927 -0.17995927 -0.17995927
 -0.17995927 -0.17995927 -0.17995927 -0.17995927 -0.17995927 -0.17995927
 -0.17995927 -0.17995927 -0.17995927 -0.17995927 -0.17995927 -0.17995927
 -0.17995927 -0.17995927 -0.17995927 -0.17995927 -0.17995927 -0.17995927
 -0.17995927 -0.17995927 -0.17995927 -0.17995927 -0.17995927 -0.17995927
 -0.17995927 -0.17995927 -0.17995927 -0.17995927 -0.17995927 -0.17995927
 -0.17995927 -0.17995927  2.15073405 -0.17995927 -0.17995927 -0.17995927
 -0.17995927 -0.17995927 -0.17995927 -0.17995927 -0.17995927 -0.17995927
  2.19593118 -0.17995927 -0.17995927 -0.17995927 -0.17995927  6.9764654
 -0.17995927 -0.17995927 -0.17995927 -0.17995927 -0.17995927 -0.17995927
 -0.17995927 -0.17995927 -0.17995927 -0.17995927 -0.17995927 -0.17995927
 -0.17995927 -0.17995927 -0.17995927 -0.17995927 -0.17995927 -0.17995927
 -0.17995927  4.29027832 -0.17995927 -0.17995927 -0.17995927 -0.17995927
  5.20738082 -0.17995927 -0.17995927 -0.17995927 -0.17995927 -0.17995927
 -0.17995927 -0.17995927 -0.17995927 -0.17995927 -0.17995927 -0.17995927
 -0.17995927 -0.17995927 -0.17995927 -0.17995927 -0.17995927 -0.17995927
 -0.17995927 -0.17995927 -0.17995927  1.82790109 -0.17995927 -0.17995927
 -0.17995927 -0.17995927 -0.17995927 -0.17995927 -0.17995927 -0.17995927
 -0.17995927 -0.17995927 -0.17995927 -0.17995927 -0.17995927 -0.17995927
 -0.17995927 -0.17995927 -0.17995927 -0.17995927 -0.17995927 -0.17995927
  1.82790109  4.75994759 -0.17995927 -0.17995927 -0.17995927 -0.17995927
 -0.17995927 -0.17995927 -0.17995927 -0.17995927 -0.17995927 -0.17995927
 -0.17995927 -0.17995927 -0.17995927 -0.17995927 -0.17995927 -0.17995927
 -0.17995927 -0.17995927 -0.17995927 -0.17995927 -0.17995927 -0.17995927
 -0.17995927 -0.17995927 -0.17995927 -0.17995927 -0.17995927  2.15603096
 -0.17995927 -0.17995927 -0.17995927 -0.17995927 -0.17995927 -0.17995927
 -0.17995927 -0.17995927 -0.17995927 -0.17995927 -0.17995927 -0.17995927
 -0.17995927 -0.17995927 -0.17995927 -0.17995927 -0.17995927 -0.17995927
 -0.17995927 -0.17995927 -0.17995927 -0.17995927 -0.17995927 -0.17995927
 -0.17995927 -0.17995927 -0.17995927 -0.17995927 -0.17995927 -0.17995927
 -0.17995927 -0.17995927 -0.17995927 -0.17995927 -0.17995927 -0.17995927
 -0.17995927 -0.17995927 -0.17995927 -0.17995927 -0.17995927 -0.17995927
 -0.17995927 -0.17995927 -0.17995927 -0.17995927 -0.17995927 -0.17995927
 -0.17995927 -0.17995927 -0.17995927 -0.17995927 -0.17995927 -0.17995927
 -0.17995927 -0.17995927 -0.17995927 -0.17995927 -0.17995927 -0.17995927
 -0.17995927 -0.17995927 -0.17995927 -0.17995927 -0.17995927 -0.17995927
 -0.17995927 -0.17995927 -0.17995927 -0.17995927 -0.17995927 -0.17995927
 -0.17995927 -0.17995927 -0.17995927 -0.17995927 -0.17995927 -0.17995927
 -0.17995927 -0.17995927 -0.17995927 -0.17995927 -0.17995927 -0.17995927
 -0.17995927 -0.17995927 -0.17995927 -0.17995927 -0.17995927 -0.17995927
 -0.17995927 -0.17995927 -0.17995927 -0.17995927 -0.17995927 -0.17995927
 -0.17995927 -0.17995927 -0.17995927 -0.17995927 -0.17995927 -0.17995927
 -0.17995927 -0.17995927 -0.17995927 -0.17995927 -0.17995927 -0.17995927
 -0.17995927 -0.17995927 -0.17995927 -0.17995927 -0.17995927 -0.17995927
 -0.17995927 -0.17995927 -0.17995927 -0.17995927 -0.17995927 -0.17995927
 -0.17995927 -0.17995927 -0.17995927 -0.17995927 -0.17995927 -0.17995927
 -0.17995927 -0.17995927 -0.17995927 -0.17995927 -0.17995927 -0.17995927
 -0.17995927 -0.17995927 -0.17995927 -0.17995927 -0.17995927 -0.17995927
 -0.17995927 -0.17995927 -0.17995927 -0.17995927 -0.17995927 -0.17995927
 -0.17995927 -0.17995927 -0.17995927 -0.17995927 -0.17995927 -0.17995927
 -0.17995927 -0.17995927  7.88238666 -0.17995927  6.17084557 -0.17995927
  8.64905599  8.27827309 -0.17995927 -0.17995927  5.60998438 -0.17995927
 -0.17995927 -0.17995927 -0.17995927 -0.17995927 -0.17995927 -0.17995927
 -0.17995927 -0.17995927 -0.17995927 -0.17995927 -0.17995927 -0.17995927
 -0.17995927  1.98394667 -0.17995927 -0.17995927 -0.17995927  0.78125612
 -0.17995927 -0.17995927 -0.17995927 -0.17995927 -0.17995927 -0.17995927
 -0.17995927 -0.17995927 -0.17995927 -0.17995927 -0.17995927 -0.17995927
 -0.17995927 -0.17995927 -0.17995927 -0.17995927 -0.17995927 -0.17995927
 -0.17995927 -0.17995927 -0.17995927 -0.17995927 -0.17995927 -0.17995927
 -0.17995927 -0.17995927 -0.17995927 -0.17995927]",[-0.01918077693185749]
4,"[-0.15005073 -0.15005073 -0.15005073 -0.15005073 -0.15005073 -0.15005073
 -0.15005073 -0.15005073 -0.15005073 -0.15005073 -0.15005073 -0.15005073
 -0.15005073 -0.15005073 -0.15005073 -0.15005073 -0.15005073 -0.15005073
 -0.15005073 -0.15005073 -0.15005073 -0.15005073 -0.15005073 -0.15005073
 -0.15005073 -0.15005073 -0.15005073 -0.15005073 -0.15005073 -0.15005073
 -0.15005073 -0.15005073 -0.15005073 -0.15005073 -0.15005073 -0.15005073
 -0.15005073 -0.15005073 -0.15005073 -0.15005073 -0.15005073 -0.15005073
 -0.15005073 -0.15005073 -0.15005073 -0.15005073 -0.15005073 -0.15005073
 -0.15005073 -0.15005073 -0.15005073 -0.15005073 -0.15005073 -0.15005073
 -0.15005073 -0.15005073 -0.15005073 -0.15005073 -0.15005073 -0.15005073
 -0.15005073 -0.15005073 -0.15005073 -0.15005073 -0.15005073 -0.15005073
 -0.15005073 -0.15005073 -0.15005073 -0.15005073 -0.15005073 -0.15005073
 -0.15005073 -0.15005073 -0.15005073 -0.15005073 -0.15005073 -0.15005073
 -0.15005073 -0.15005073 -0.15005073 -0.15005073 -0.15005073  9.54573439
 -0.15005073 -0.15005073 -0.15005073 -0.15005073 -0.15005073 -0.15005073
 -0.15005073 -0.15005073  1.6058751  -0.15005073 -0.15005073 -0.15005073
 -0.15005073 -0.15005073 -0.15005073 -0.15005073 -0.15005073 -0.15005073
 -0.15005073 -0.15005073 -0.15005073 -0.15005073 -0.15005073 -0.15005073
 -0.15005073 -0.15005073  0.89442888 -0.15005073 -0.15005073 -0.15005073
 -0.15005073 -0.15005073 -0.15005073 -0.15005073 -0.15005073 -0.15005073
 -0.15005073 -0.15005073 -0.15005073 -0.15005073 -0.15005073 -0.15005073
 -0.15005073 -0.15005073 -0.15005073 -0.15005073 -0.15005073 -0.15005073
 -0.15005073 -0.15005073 -0.15005073 -0.15005073 -0.15005073 -0.15005073
 -0.15005073 -0.15005073 -0.15005073 -0.15005073 -0.15005073 -0.15005073
 -0.15005073 -0.15005073 -0.15005073 -0.15005073 -0.15005073 -0.15005073
 -0.15005073 -0.15005073 -0.15005073 -0.15005073 -0.15005073 -0.15005073
 -0.15005073 -0.15005073 -0.15005073 -0.15005073 -0.15005073 -0.15005073
 -0.15005073 -0.15005073 -0.15005073 -0.15005073 -0.15005073 -0.15005073
 -0.15005073 -0.15005073 -0.15005073 -0.15005073 -0.15005073 -0.15005073
 -0.15005073 -0.15005073 -0.15005073 -0.15005073 -0.15005073 -0.15005073
 -0.15005073 -0.15005073 -0.15005073 -0.15005073 -0.15005073 -0.15005073
 -0.15005073 -0.15005073 -0.15005073 -0.15005073 -0.15005073 -0.15005073
 -0.15005073 -0.15005073 -0.15005073 -0.15005073 -0.15005073 -0.15005073
 -0.15005073 -0.15005073  3.06071844 -0.15005073 -0.15005073 -0.15005073
 -0.15005073 -0.15005073 -0.15005073 -0.15005073 -0.15005073 -0.15005073
  5.11288539 -0.15005073 -0.15005073 -0.15005073 -0.15005073  5.11265394
 -0.15005073 -0.15005073 -0.15005073 -0.15005073 -0.15005073 -0.15005073
 -0.15005073 -0.15005073 -0.15005073 -0.15005073 -0.15005073 -0.15005073
 -0.15005073 -0.15005073 -0.15005073 -0.15005073 -0.15005073 -0.15005073
 -0.15005073  4.18529819 -0.15005073 -0.15005073 -0.15005073 -0.15005073
  2.52335092 -0.15005073 -0.15005073 -0.15005073 -0.15005073 -0.15005073
 -0.15005073 -0.15005073 -0.15005073 -0.15005073 -0.15005073 -0.15005073
 -0.15005073 -0.15005073 -0.15005073 -0.15005073 -0.15005073 -0.15005073
 -0.15005073 -0.15005073 -0.15005073  6.44729574 -0.15005073 -0.15005073
 -0.15005073 -0.15005073 -0.15005073 -0.15005073 -0.15005073 -0.15005073
 -0.15005073 -0.15005073  0.1577995  -0.15005073 -0.15005073 -0.15005073
 -0.15005073  2.76586679 -0.15005073 -0.15005073 -0.15005073 -0.15005073
 -0.15005073 -0.15005073 -0.15005073 -0.15005073 -0.15005073  6.62937219
 -0.15005073 -0.15005073 -0.15005073 -0.15005073 -0.15005073 -0.15005073
 -0.15005073 -0.15005073 -0.15005073 -0.15005073 -0.15005073 -0.15005073
 -0.15005073 -0.15005073 -0.15005073 -0.15005073 -0.15005073 -0.15005073
 -0.15005073 -0.15005073 -0.15005073 -0.15005073 -0.15005073  6.680542
 -0.15005073 -0.15005073 -0.15005073 -0.15005073 -0.15005073 -0.15005073
 -0.15005073 -0.15005073 -0.15005073 -0.15005073 -0.15005073 -0.15005073
 -0.15005073 -0.15005073 -0.15005073 -0.15005073 -0.15005073 -0.15005073
 -0.15005073 -0.15005073 -0.15005073 -0.15005073 -0.15005073 -0.15005073
 -0.15005073 -0.15005073 -0.15005073 -0.15005073 -0.15005073 -0.15005073
 -0.15005073 -0.15005073 -0.15005073 -0.15005073 -0.15005073 -0.15005073
 -0.15005073 -0.15005073 -0.15005073 -0.15005073 -0.15005073 -0.15005073
 -0.15005073 -0.15005073 -0.15005073 -0.15005073 -0.15005073 -0.15005073
 -0.15005073 -0.15005073 -0.15005073 -0.15005073 -0.15005073 -0.15005073
 -0.15005073 -0.15005073 -0.15005073 -0.15005073 -0.15005073 -0.15005073
 -0.15005073 -0.15005073 -0.15005073 -0.15005073 -0.15005073 -0.15005073
 -0.15005073 -0.15005073 -0.15005073 -0.15005073 -0.15005073 -0.15005073
 -0.15005073 -0.15005073 -0.15005073 -0.15005073 -0.15005073 -0.15005073
 -0.15005073 -0.15005073 -0.15005073 -0.15005073 -0.15005073 -0.15005073
 -0.15005073 -0.15005073 -0.15005073 -0.15005073 -0.15005073 -0.15005073
 -0.15005073 -0.15005073 -0.15005073 -0.15005073 -0.15005073 -0.15005073
 -0.15005073 -0.15005073 -0.15005073 -0.15005073 -0.15005073 -0.15005073
 -0.15005073 -0.15005073 -0.15005073 -0.15005073 -0.15005073 -0.15005073
 -0.15005073 -0.15005073 -0.15005073 -0.15005073 -0.15005073 -0.15005073
 -0.15005073 -0.15005073 -0.15005073 -0.15005073 -0.15005073 -0.15005073
 -0.15005073 -0.15005073 -0.15005073 -0.15005073 -0.15005073 -0.15005073
 -0.15005073 -0.15005073 -0.15005073 -0.15005073 -0.15005073 -0.15005073
 -0.15005073 -0.15005073 -0.15005073 -0.15005073 -0.15005073 -0.15005073
 -0.15005073 -0.15005073 -0.15005073 -0.15005073 -0.15005073 -0.15005073
 -0.15005073 -0.15005073 -0.15005073 -0.15005073 -0.15005073 -0.15005073
 -0.15005073 -0.15005073 -0.15005073 -0.15005073  9.17966261 -0.15005073
 10.20977445 -0.15005073 -0.15005073 -0.15005073 -0.15005073 -0.15005073
 -0.15005073 -0.15005073 -0.15005073 -0.15005073 -0.15005073 -0.15005073
 -0.15005073 -0.15005073 -0.15005073 -0.15005073 -0.15005073 -0.15005073
 -0.15005073 -0.15005073 -0.15005073 -0.15005073 -0.15005073  1.51431175
 -0.15005073 -0.15005073 -0.15005073 -0.15005073 -0.15005073 -0.15005073
 -0.15005073 -0.15005073 -0.15005073 -0.15005073 -0.15005073 -0.15005073
 -0.15005073 -0.15005073 -0.15005073 -0.15005073 -0.15005073 -0.15005073
 -0.15005073 -0.15005073 -0.15005073 -0.15005073 -0.15005073 -0.15005073
 -0.15005073 -0.15005073 -0.15005073 -0.15005073]",[-0.010385423898316398]
4,"[-0.16923694 -0.16923694 -0.16923694 -0.16923694 -0.16923694 -0.16923694
 -0.16923694 -0.16923694 -0.16923694 -0.16923694 -0.16923694 -0.16923694
 -0.16923694 -0.16923694 -0.16923694 -0.16923694 -0.16923694 -0.16923694
  0.5937462  -0.16923694 -0.16923694 -0.16923694 -0.16923694 -0.16923694
 -0.16923694 -0.16923694 -0.16923694 -0.16923694 -0.16923694 -0.16923694
 -0.16923694 -0.16923694 -0.16923694 -0.16923694 -0.16923694 -0.16923694
 -0.16923694 -0.16923694 -0.16923694 -0.16923694 -0.16923694 -0.16923694
 -0.16923694 -0.16923694 -0.16923694 -0.16923694 -0.16923694 -0.16923694
 -0.16923694 -0.16923694 -0.16923694 -0.16923694 -0.16923694 -0.16923694
 -0.16923694 -0.16923694 -0.16923694 -0.16923694  2.78714065 -0.16923694
 -0.16923694 -0.16923694 -0.16923694 -0.16923694 -0.16923694 -0.16923694
 -0.16923694 -0.16923694 -0.16923694 -0.16923694 -0.16923694 -0.16923694
 -0.16923694 -0.16923694 -0.16923694 -0.16923694 -0.16923694 -0.16923694
 -0.16923694 -0.16923694 -0.16923694 -0.16923694 -0.16923694 10.08421425
 -0.16923694 -0.16923694 -0.16923694 -0.16923694  3.17379309 -0.16923694
 -0.16923694 -0.16923694 -0.16923694 -0.16923694 -0.16923694 -0.16923694
 -0.16923694 -0.16923694 -0.16923694 -0.16923694 -0.16923694 -0.16923694
 -0.16923694 -0.16923694 -0.16923694 -0.16923694 -0.16923694 -0.16923694
 -0.16923694 -0.16923694  1.12706285 -0.16923694 -0.16923694 -0.16923694
  4.10502883 -0.16923694 -0.16923694 -0.16923694 -0.16923694 -0.16923694
 -0.16923694 -0.16923694 -0.16923694 -0.16923694 -0.16923694 -0.16923694
 -0.16923694 -0.16923694 -0.16923694 -0.16923694 -0.16923694 -0.16923694
 -0.16923694 -0.16923694 -0.16923694 -0.16923694 -0.16923694 -0.16923694
 -0.16923694 -0.16923694 -0.16923694 -0.16923694 -0.16923694 -0.16923694
 -0.16923694 -0.16923694 -0.16923694 -0.16923694 -0.16923694 -0.16923694
 -0.16923694 -0.16923694 -0.16923694 -0.16923694 -0.16923694 -0.16923694
 -0.16923694 -0.16923694 -0.16923694 -0.16923694 -0.16923694 -0.16923694
 -0.16923694 -0.16923694 -0.16923694 -0.16923694 -0.16923694 -0.16923694
 -0.16923694 -0.16923694 -0.16923694 -0.16923694 -0.16923694 -0.16923694
 -0.16923694 -0.16923694 -0.16923694 -0.16923694 -0.16923694 -0.16923694
 -0.16923694 -0.16923694 -0.16923694 -0.16923694 -0.16923694 -0.16923694
 -0.16923694 -0.16923694 -0.16923694 -0.16923694 -0.16923694 -0.16923694
 -0.16923694 -0.16923694 -0.16923694 -0.16923694 -0.16923694 -0.16923694
 -0.16923694 -0.16923694 -0.16923694 -0.16923694 -0.16923694  2.81743909
 -0.16923694 -0.16923694 -0.16923694 -0.16923694 -0.16923694 -0.16923694
  5.74695331 -0.16923694 -0.16923694 -0.16923694 -0.16923694  7.62293667
 -0.16923694 -0.16923694 -0.16923694 -0.16923694 -0.16923694 -0.16923694
 -0.16923694 -0.16923694 -0.16923694 -0.16923694 -0.16923694 -0.16923694
 -0.16923694 -0.16923694 -0.16923694 -0.16923694 -0.16923694 -0.16923694
 -0.16923694  5.3717896  -0.16923694 -0.16923694 -0.16923694 -0.16923694
  1.95482757 -0.16923694 -0.16923694 -0.16923694 -0.16923694 -0.16923694
 -0.16923694 -0.16923694 -0.16923694 -0.16923694 -0.16923694 -0.16923694
 -0.16923694 -0.16923694 -0.16923694 -0.16923694 -0.16923694 -0.16923694
 -0.16923694 -0.16923694 -0.16923694  1.94493696 -0.16923694  0.46006746
 -0.16923694 -0.16923694 -0.16923694 -0.16923694 -0.16923694 -0.16923694
 -0.16923694 -0.16923694  0.44148075 -0.16923694 -0.16923694 -0.16923694
 -0.16923694 -0.16923694 -0.16923694 -0.16923694  0.41325111 -0.16923694
  1.94493696  0.83052617 -0.16923694 -0.16923694 -0.16923694  5.63918747
 -0.16923694 -0.16923694 -0.16923694 -0.16923694 -0.16923694 -0.16923694
 -0.16923694 -0.16923694 -0.16923694 -0.16923694 -0.16923694 -0.16923694
 -0.16923694 -0.16923694 -0.16923694 -0.16923694 -0.16923694 -0.16923694
 -0.16923694 -0.16923694 -0.16923694 -0.16923694 -0.16923694  5.74546544
 -0.16923694  0.83052617 -0.16923694 -0.16923694 -0.16923694 -0.16923694
 -0.16923694 -0.16923694 -0.16923694 -0.16923694 -0.16923694 -0.16923694
 -0.16923694 -0.16923694 -0.16923694 -0.16923694 -0.16923694 -0.16923694
 -0.16923694 -0.16923694 -0.16923694 -0.16923694 -0.16923694 -0.16923694
 -0.16923694 -0.16923694 -0.16923694 -0.16923694 -0.16923694 -0.16923694
 -0.16923694 -0.16923694 -0.16923694 -0.16923694 -0.16923694 -0.16923694
 -0.16923694 -0.16923694 -0.16923694 -0.16923694 -0.16923694 -0.16923694
 -0.16923694 -0.16923694 -0.16923694 -0.16923694 -0.16923694 -0.16923694
 -0.16923694 -0.16923694 -0.16923694 -0.16923694 -0.16923694 -0.16923694
 -0.16923694 -0.16923694 -0.16923694 -0.16923694 -0.16923694 -0.16923694
 -0.16923694 -0.16923694 -0.16923694 -0.16923694 -0.16923694 -0.16923694
 -0.16923694 -0.16923694 -0.16923694 -0.16923694 -0.16923694 -0.16923694
 -0.16923694 -0.16923694 -0.16923694 -0.16923694 -0.16923694 -0.16923694
 -0.16923694 -0.16923694 -0.16923694 -0.16923694 -0.16923694 -0.16923694
 -0.16923694 -0.16923694 -0.16923694 -0.16923694 -0.16923694 -0.16923694
 -0.16923694 -0.16923694 -0.16923694 -0.16923694 -0.16923694 -0.16923694
 -0.16923694 -0.16923694 -0.16923694 -0.16923694 -0.16923694 -0.16923694
 -0.16923694 -0.16923694 -0.16923694 -0.16923694 -0.16923694 -0.16923694
 -0.16923694 -0.16923694 -0.16923694 -0.16923694 -0.16923694 -0.16923694
 -0.16923694 -0.16923694 -0.16923694 -0.16923694 -0.16923694 -0.16923694
 -0.16923694 -0.16923694 -0.16923694 -0.16923694 -0.16923694 -0.16923694
 -0.16923694 -0.16923694 -0.16923694 -0.16923694 -0.16923694 -0.16923694
 -0.16923694 -0.16923694 -0.16923694 -0.16923694 -0.16923694 -0.16923694
 -0.16923694 -0.16923694 -0.16923694 -0.16923694 -0.16923694 -0.16923694
 -0.16923694 -0.16923694 -0.16923694 -0.16923694 -0.16923694 -0.16923694
 -0.16923694 -0.16923694  8.99294048 -0.16923694 -0.16923694 -0.16923694
  8.46856703 -0.16923694 -0.16923694 -0.16923694 -0.16923694 -0.16923694
 -0.16923694 -0.16923694 -0.16923694 -0.16923694 -0.16923694 -0.16923694
 -0.16923694 -0.16923694 -0.16923694 -0.16923694 -0.16923694 -0.16923694
 -0.16923694 -0.16923694 -0.16923694 -0.16923694 -0.16923694  3.01394325
 -0.16923694 -0.16923694 -0.16923694 -0.16923694 -0.16923694 -0.16923694
 -0.16923694 -0.16923694 -0.16923694 -0.16923694 -0.16923694 -0.16923694
 -0.16923694 -0.16923694 -0.16923694 -0.16923694 -0.16923694 -0.16923694
 -0.16923694 -0.16923694 -0.16923694 -0.16923694 -0.16923694 -0.16923694
 -0.16923694 -0.16923694 -0.16923694 -0.16923694]",[0.01584819831275916]
5,"[-0.12447148 -0.12447148 -0.12447148 -0.12447148 -0.12447148 -0.12447148
 -0.12447148 -0.12447148 -0.12447148 -0.12447148 -0.12447148 -0.12447148
 -0.12447148 -0.12447148 -0.12447148 -0.12447148 -0.12447148 -0.12447148
 -0.12447148 -0.12447148 -0.12447148 -0.12447148 -0.12447148 -0.12447148
 -0.12447148 -0.12447148 -0.12447148 -0.12447148 -0.12447148 -0.12447148
 -0.12447148 -0.12447148 -0.12447148 -0.12447148 -0.12447148 -0.12447148
 -0.12447148 -0.12447148 -0.12447148 -0.12447148 -0.12447148 -0.12447148
 -0.12447148 -0.12447148 -0.12447148 -0.12447148 -0.12447148 -0.12447148
 -0.12447148 -0.12447148 -0.12447148 -0.12447148 -0.12447148 -0.12447148
 -0.12447148 -0.12447148 -0.12447148 -0.12447148 -0.12447148 -0.12447148
 -0.12447148 -0.12447148 -0.12447148 -0.12447148 -0.12447148 -0.12447148
 -0.12447148 -0.12447148 -0.12447148 -0.12447148 -0.12447148 -0.12447148
 -0.12447148 -0.12447148 -0.12447148 -0.12447148 -0.12447148 -0.12447148
 -0.12447148 -0.12447148 -0.12447148 -0.12447148 -0.12447148  3.24416244
 -0.12447148 -0.12447148 -0.12447148 -0.12447148 -0.12447148 -0.12447148
 -0.12447148 -0.12447148 -0.12447148 -0.12447148 -0.12447148 -0.12447148
 -0.12447148 -0.12447148 -0.12447148 -0.12447148 -0.12447148 -0.12447148
 -0.12447148 -0.12447148 -0.12447148 -0.12447148 -0.12447148 -0.12447148
 -0.12447148 -0.12447148  0.62898159 -0.12447148 -0.12447148 -0.12447148
 -0.12447148 -0.12447148 -0.12447148 -0.12447148 -0.12447148 -0.12447148
 -0.12447148 -0.12447148 -0.12447148  0.32495772 -0.12447148 -0.12447148
 -0.12447148 -0.12447148 -0.12447148 -0.12447148 -0.12447148 -0.12447148
 -0.12447148 -0.12447148 -0.12447148 -0.12447148 -0.12447148 -0.12447148
 -0.12447148 -0.12447148 -0.12447148 -0.12447148 -0.12447148 -0.12447148
 -0.12447148 -0.12447148 -0.12447148 -0.12447148 -0.12447148 -0.12447148
 -0.12447148 -0.12447148 -0.12447148 -0.12447148 -0.12447148 -0.12447148
 -0.12447148 -0.12447148 -0.12447148 -0.12447148 -0.12447148 -0.12447148
 -0.12447148 -0.12447148 -0.12447148 -0.12447148 -0.12447148 -0.12447148
 -0.12447148 -0.12447148 -0.12447148 -0.12447148 -0.12447148 -0.12447148
 -0.12447148 -0.12447148 -0.12447148 -0.12447148 -0.12447148 -0.12447148
 -0.12447148 -0.12447148 -0.12447148 -0.12447148 -0.12447148 -0.12447148
 -0.12447148 -0.12447148 -0.12447148 -0.12447148 -0.12447148 -0.12447148
 -0.12447148 -0.12447148 -0.12447148 -0.12447148 -0.12447148 -0.12447148
 -0.12447148 -0.12447148  8.6271732  -0.12447148 -0.12447148 -0.12447148
 -0.12447148 -0.12447148 -0.12447148 -0.12447148 -0.12447148 -0.12447148
  9.12126949 -0.12447148 -0.12447148 -0.12447148 -0.12447148  9.70619305
 -0.12447148 -0.12447148 -0.12447148 -0.12447148 -0.12447148 -0.12447148
 -0.12447148 -0.12447148 -0.12447148 -0.12447148 -0.12447148 -0.12447148
 -0.12447148 -0.12447148 -0.12447148 -0.12447148 -0.12447148 -0.12447148
 -0.12447148  0.08091036 -0.12447148 -0.12447148 -0.12447148 -0.12447148
 -0.12447148 -0.12447148 -0.12447148 -0.12447148 -0.12447148 -0.12447148
 -0.12447148 -0.12447148 -0.12447148 -0.12447148 -0.12447148 -0.12447148
 -0.12447148 -0.12447148 -0.12447148 -0.12447148 -0.12447148 -0.12447148
 -0.12447148 -0.12447148 -0.12447148  5.7957151  -0.12447148 -0.12447148
 -0.12447148 -0.12447148 -0.12447148 -0.12447148 -0.12447148 -0.12447148
 -0.12447148 -0.12447148  0.68611747 -0.12447148 -0.12447148 -0.12447148
 -0.12447148 -0.12447148 -0.12447148 -0.12447148 -0.12447148 -0.12447148
 -0.12447148 -0.12447148 -0.12447148 -0.12447148 -0.12447148 -0.12447148
 -0.12447148 -0.12447148 -0.12447148 -0.12447148 -0.12447148 -0.12447148
 -0.12447148 -0.12447148 -0.12447148 -0.12447148 -0.12447148 -0.12447148
 -0.12447148 -0.12447148 -0.12447148 -0.12447148 -0.12447148 -0.12447148
 -0.12447148 -0.12447148 -0.12447148 -0.12447148 -0.12447148  7.55412655
 -0.12447148 -0.12447148 -0.12447148 -0.12447148 -0.12447148 -0.12447148
 -0.12447148 -0.12447148 -0.12447148 -0.12447148 -0.12447148 -0.12447148
 -0.12447148 -0.12447148 -0.12447148 -0.12447148 -0.12447148 -0.12447148
 -0.12447148 -0.12447148 -0.12447148 -0.12447148 -0.12447148 -0.12447148
 -0.12447148 -0.12447148 -0.12447148 -0.12447148 -0.12447148 -0.12447148
 -0.12447148 -0.12447148 -0.12447148 -0.12447148 -0.12447148 -0.12447148
 -0.12447148 -0.12447148 -0.12447148 -0.12447148 -0.12447148 -0.12447148
 -0.12447148 -0.12447148 -0.12447148 -0.12447148 -0.12447148 -0.12447148
 -0.12447148 -0.12447148 -0.12447148 -0.12447148 -0.12447148 -0.12447148
 -0.12447148 -0.12447148 -0.12447148 -0.12447148 -0.12447148 -0.12447148
 -0.12447148 -0.12447148 -0.12447148 -0.12447148 -0.12447148 -0.12447148
 -0.12447148 -0.12447148 -0.12447148 -0.12447148 -0.12447148 -0.12447148
 -0.12447148 -0.12447148 -0.12447148 -0.12447148 -0.12447148 -0.12447148
 -0.12447148 -0.12447148 -0.12447148 -0.12447148 -0.12447148 -0.12447148
 -0.12447148 -0.12447148 -0.12447148 -0.12447148 -0.12447148 -0.12447148
 -0.12447148 -0.12447148 -0.12447148 -0.12447148 -0.12447148 -0.12447148
 -0.12447148 -0.12447148 -0.12447148 -0.12447148 -0.12447148 -0.12447148
 -0.12447148 -0.12447148 -0.12447148 -0.12447148 -0.12447148 -0.12447148
 -0.12447148 -0.12447148 -0.12447148 -0.12447148 -0.12447148 -0.12447148
 -0.12447148 -0.12447148 -0.12447148 -0.12447148 -0.12447148 -0.12447148
 -0.12447148 -0.12447148 -0.12447148 -0.12447148 -0.12447148 -0.12447148
 -0.12447148 -0.12447148 -0.12447148 -0.12447148 -0.12447148 -0.12447148
 -0.12447148 -0.12447148 -0.12447148 -0.12447148 -0.12447148 -0.12447148
 -0.12447148 -0.12447148 -0.12447148 -0.12447148 -0.12447148 -0.12447148
 -0.12447148 -0.12447148 -0.12447148 -0.12447148 -0.12447148 -0.12447148
 -0.12447148 -0.12447148 10.41563568 -0.12447148 -0.12447148 -0.12447148
 -0.12447148 -0.12447148 -0.12447148 -0.12447148 -0.12447148 -0.12447148
 -0.12447148 -0.12447148 -0.12447148 -0.12447148 -0.12447148 -0.12447148
 -0.12447148 -0.12447148 -0.12447148 -0.12447148 -0.12447148 -0.12447148
 -0.12447148  7.04626888 -0.12447148 -0.12447148 -0.12447148 -0.12447148
 -0.12447148 -0.12447148 -0.12447148 -0.12447148 -0.12447148 -0.12447148
 -0.12447148 -0.12447148 -0.12447148 -0.12447148 -0.12447148 -0.12447148
 -0.12447148 -0.12447148 -0.12447148 -0.12447148 -0.12447148 -0.12447148
 -0.12447148 -0.12447148 -0.12447148 -0.12447148 -0.12447148 -0.12447148
 -0.12447148 -0.12447148 -0.12447148 -0.12447148]",[-0.026605245369794292]
5,"[-0.15959212 -0.15959212 -0.15959212 -0.15959212 -0.15959212 -0.15959212
 -0.15959212 -0.15959212 -0.15959212 -0.15959212 -0.15959212 -0.15959212
 -0.15959212 -0.15959212 -0.15959212 -0.15959212 -0.15959212 -0.15959212
  1.11562339 -0.15959212 -0.15959212 -0.15959212 -0.15959212 -0.15959212
 -0.15959212 -0.15959212 -0.15959212 -0.15959212 -0.15959212 -0.15959212
 -0.15959212 -0.15959212 -0.15959212 -0.15959212 -0.15959212 -0.15959212
 -0.15959212 -0.15959212 -0.15959212 -0.15959212 -0.15959212 -0.15959212
 -0.15959212 -0.15959212 -0.15959212 -0.15959212 -0.15959212 -0.15959212
 -0.15959212 -0.15959212 -0.15959212 -0.15959212 -0.15959212 -0.15959212
 -0.15959212 -0.15959212 -0.15959212 -0.15959212  1.14019094 -0.15959212
 -0.15959212 -0.15959212 -0.15959212 -0.15959212 -0.15959212 -0.15959212
 -0.15959212 -0.15959212 -0.15959212 -0.15959212 -0.15959212 -0.15959212
 -0.15959212 -0.15959212 -0.15959212 -0.15959212 -0.15959212 -0.15959212
 -0.15959212 -0.15959212 -0.15959212 -0.15959212 -0.15959212  9.68339272
 -0.15959212 -0.15959212 -0.15959212 -0.15959212 -0.15959212 -0.15959212
 -0.15959212 -0.15959212  2.18413149 -0.15959212 -0.15959212 -0.15959212
 -0.15959212 -0.15959212 -0.15959212 -0.15959212 -0.15959212 -0.15959212
 -0.15959212 -0.15959212 -0.15959212 -0.15959212 -0.15959212 -0.15959212
 -0.15959212 -0.15959212  8.88323563 -0.15959212 -0.15959212 -0.15959212
 -0.15959212 -0.15959212 -0.15959212 -0.15959212 -0.15959212 -0.15959212
 -0.15959212 -0.15959212 -0.15959212 -0.15959212 -0.15959212 -0.15959212
 -0.15959212 -0.15959212 -0.15959212 -0.15959212 -0.15959212 -0.15959212
 -0.15959212 -0.15959212 -0.15959212 -0.15959212 -0.15959212 -0.15959212
 -0.15959212 -0.15959212 -0.15959212 -0.15959212 -0.15959212 -0.15959212
 -0.15959212 -0.15959212 -0.15959212 -0.15959212 -0.15959212 -0.15959212
 -0.15959212 -0.15959212 -0.15959212 -0.15959212 -0.15959212 -0.15959212
 -0.15959212 -0.15959212 -0.15959212 -0.15959212 -0.15959212 -0.15959212
 -0.15959212 -0.15959212 -0.15959212 -0.15959212 -0.15959212 -0.15959212
 -0.15959212 -0.15959212 -0.15959212 -0.15959212 -0.15959212 -0.15959212
 -0.15959212 -0.15959212 -0.15959212 -0.15959212 -0.15959212 -0.15959212
 -0.15959212 -0.15959212 -0.15959212 -0.15959212 -0.15959212 -0.15959212
 -0.15959212 -0.15959212 -0.15959212 -0.15959212 -0.15959212 -0.15959212
 -0.15959212 -0.15959212 -0.15959212 -0.15959212 -0.15959212 -0.15959212
 -0.15959212 -0.15959212  3.45511601 -0.15959212 -0.15959212  3.5287426
 -0.15959212 -0.15959212 -0.15959212 -0.15959212 -0.15959212 -0.15959212
  2.23542199 -0.15959212 -0.15959212 -0.15959212 -0.15959212  4.8935199
 -0.15959212 -0.15959212 -0.15959212 -0.15959212 -0.15959212 -0.15959212
 -0.15959212 -0.15959212 -0.15959212 -0.15959212 -0.15959212 -0.15959212
 -0.15959212 -0.15959212 -0.15959212 -0.15959212 -0.15959212 -0.15959212
 -0.15959212  4.06502769 -0.15959212 -0.15959212  4.35192198 -0.15959212
 -0.15959212 -0.15959212 -0.15959212 -0.15959212 -0.15959212 -0.15959212
 -0.15959212 -0.15959212 -0.15959212 -0.15959212 -0.15959212 -0.15959212
 -0.15959212 -0.15959212 -0.15959212 -0.15959212 -0.15959212 -0.15959212
 -0.15959212 -0.15959212 -0.15959212 -0.15959212 -0.15959212 -0.15959212
 -0.15959212 -0.15959212 -0.15959212 -0.15959212 -0.15959212 -0.15959212
 -0.15959212 -0.15959212 -0.15959212 -0.15959212  4.37521578 -0.15959212
 -0.15959212 -0.15959212 -0.15959212 -0.15959212 -0.15959212 -0.15959212
 -0.15959212 -0.15959212 -0.15959212 -0.15959212 -0.15959212  1.4597347
 -0.15959212 -0.15959212 -0.15959212 -0.15959212 -0.15959212 -0.15959212
 -0.15959212 -0.15959212 -0.15959212 -0.15959212 -0.15959212 -0.15959212
 -0.15959212 -0.15959212 -0.15959212 -0.15959212 -0.15959212 -0.15959212
  5.28648159 -0.15959212 -0.15959212 -0.15959212 -0.15959212  6.42744159
 -0.15959212 -0.15959212 -0.15959212 -0.15959212 -0.15959212 -0.15959212
 -0.15959212 -0.15959212 -0.15959212 -0.15959212 -0.15959212 -0.15959212
 -0.15959212 -0.15959212 -0.15959212 -0.15959212 -0.15959212 -0.15959212
 -0.15959212 -0.15959212 -0.15959212 -0.15959212 -0.15959212 -0.15959212
 -0.15959212 -0.15959212 -0.15959212 -0.15959212 -0.15959212 -0.15959212
 -0.15959212 -0.15959212 -0.15959212 -0.15959212 -0.15959212 -0.15959212
 -0.15959212 -0.15959212 -0.15959212 -0.15959212 -0.15959212 -0.15959212
 -0.15959212 -0.15959212 -0.15959212 -0.15959212 -0.15959212 -0.15959212
 -0.15959212 -0.15959212 -0.15959212 -0.15959212 -0.15959212 -0.15959212
 -0.15959212 -0.15959212 -0.15959212 -0.15959212 -0.15959212 -0.15959212
 -0.15959212 -0.15959212 -0.15959212 -0.15959212 -0.15959212 -0.15959212
 -0.15959212 -0.15959212 -0.15959212 -0.15959212 -0.15959212 -0.15959212
 -0.15959212 -0.15959212 -0.15959212 -0.15959212 -0.15959212 -0.15959212
 -0.15959212 -0.15959212 -0.15959212 -0.15959212 -0.15959212 -0.15959212
 -0.15959212 -0.15959212 -0.15959212 -0.15959212 -0.15959212 -0.15959212
 -0.15959212 -0.15959212 -0.15959212 -0.15959212 -0.15959212 -0.15959212
 -0.15959212 -0.15959212 -0.15959212 -0.15959212 -0.15959212 -0.15959212
 -0.15959212 -0.15959212 -0.15959212 -0.15959212 -0.15959212 -0.15959212
 -0.15959212 -0.15959212 -0.15959212 -0.15959212 -0.15959212 -0.15959212
 -0.15959212 -0.15959212 -0.15959212 -0.15959212 -0.15959212 -0.15959212
 -0.15959212 -0.15959212 -0.15959212 -0.15959212 -0.15959212 -0.15959212
 -0.15959212 -0.15959212 -0.15959212 -0.15959212 -0.15959212 -0.15959212
 -0.15959212 -0.15959212 -0.15959212 -0.15959212 -0.15959212 -0.15959212
 -0.15959212 -0.15959212 -0.15959212 -0.15959212 -0.15959212 -0.15959212
 -0.15959212 -0.15959212 -0.15959212 -0.15959212 -0.15959212 -0.15959212
 -0.15959212 -0.15959212  8.34734347 -0.15959212 -0.15959212 -0.15959212
  8.8422943  -0.15959212 -0.15959212 -0.15959212 -0.15959212 -0.15959212
 -0.15959212 -0.15959212 -0.15959212 -0.15959212 -0.15959212 -0.15959212
 -0.15959212 -0.15959212 -0.15959212 -0.15959212 -0.15959212 -0.15959212
 -0.15959212 -0.15959212 -0.15959212 -0.15959212 -0.15959212 -0.15959212
 -0.15959212 -0.15959212 -0.15959212 -0.15959212 -0.15959212 -0.15959212
 -0.15959212 -0.15959212 -0.15959212 -0.15959212 -0.15959212 -0.15959212
 -0.15959212 -0.15959212 -0.15959212 -0.15959212 -0.15959212 -0.15959212
 -0.15959212 -0.15959212 -0.15959212 -0.15959212 -0.15959212 -0.15959212
 -0.15959212 -0.15959212 -0.15959212 -0.15959212]",[0.03967712803474206]
5,"[-0.1222198  -0.1222198  -0.1222198  -0.1222198  -0.1222198  -0.1222198
 -0.1222198  -0.1222198  -0.1222198  -0.1222198  -0.1222198  -0.1222198
 -0.1222198  -0.1222198  -0.1222198  -0.1222198  -0.1222198  -0.1222198
 -0.1222198  -0.1222198  -0.1222198  -0.1222198  -0.1222198  -0.1222198
 -0.1222198  -0.1222198  -0.1222198  -0.1222198  -0.1222198  -0.1222198
 -0.1222198  -0.1222198  -0.1222198  -0.1222198  -0.1222198  -0.1222198
 -0.1222198  -0.1222198  -0.1222198  -0.1222198  -0.1222198  -0.1222198
 -0.1222198  -0.1222198  -0.1222198  -0.1222198  -0.1222198  -0.1222198
 -0.1222198  -0.1222198  -0.1222198  -0.1222198  -0.1222198  -0.1222198
 -0.1222198  -0.1222198  -0.1222198  -0.1222198  -0.1222198  -0.1222198
 -0.1222198  -0.1222198  -0.1222198  -0.1222198  -0.1222198  -0.1222198
 -0.1222198  -0.1222198  -0.1222198  -0.1222198  -0.1222198  -0.1222198
 -0.1222198  -0.1222198  -0.1222198  -0.1222198  -0.1222198  -0.1222198
 -0.1222198  -0.1222198  -0.1222198  -0.1222198  -0.1222198  12.8088895
 -0.1222198  -0.1222198  -0.1222198  -0.1222198  -0.1222198  -0.1222198
 -0.1222198  -0.1222198  -0.1222198  -0.1222198  -0.1222198  -0.1222198
 -0.1222198  -0.1222198  -0.1222198  -0.1222198  -0.1222198  -0.1222198
 -0.1222198  -0.1222198  -0.1222198  -0.1222198  -0.1222198  -0.1222198
 -0.1222198  -0.1222198  -0.1222198  -0.1222198  -0.1222198  -0.1222198
 -0.1222198  -0.1222198  -0.1222198  -0.1222198  -0.1222198  -0.1222198
 -0.1222198  -0.1222198  -0.1222198  -0.1222198  -0.1222198  -0.1222198
 -0.1222198  -0.1222198  -0.1222198  -0.1222198  -0.1222198  -0.1222198
 -0.1222198  -0.1222198  -0.1222198  -0.1222198  -0.1222198  -0.1222198
 -0.1222198  -0.1222198  -0.1222198  -0.1222198  -0.1222198  -0.1222198
 -0.1222198  -0.1222198  -0.1222198  -0.1222198  -0.1222198  -0.1222198
 -0.1222198  -0.1222198  -0.1222198  -0.1222198  -0.1222198  -0.1222198
 -0.1222198  -0.1222198  -0.1222198  -0.1222198  -0.1222198  -0.1222198
 -0.1222198  -0.1222198  -0.1222198  -0.1222198  -0.1222198  -0.1222198
 -0.1222198  -0.1222198  -0.1222198  -0.1222198  -0.1222198  -0.1222198
 -0.1222198  -0.1222198  -0.1222198  -0.1222198  -0.1222198  -0.1222198
 -0.1222198  -0.1222198  -0.1222198  -0.1222198  -0.1222198  -0.1222198
  4.03542905 -0.1222198  -0.1222198  -0.1222198  -0.1222198  -0.1222198
 -0.1222198  -0.1222198  -0.1222198  -0.1222198  -0.1222198  -0.1222198
 -0.1222198  -0.1222198   6.50356747 -0.1222198  -0.1222198   0.70286886
 -0.1222198  -0.1222198  -0.1222198  -0.1222198  -0.1222198  -0.1222198
  5.78149948 -0.1222198  -0.1222198  -0.1222198  -0.1222198   2.54144617
 -0.1222198  -0.1222198  -0.1222198  -0.1222198  -0.1222198  -0.1222198
 -0.1222198  -0.1222198  -0.1222198  -0.1222198  -0.1222198  -0.1222198
 -0.1222198  -0.1222198  -0.1222198  -0.1222198  -0.1222198  -0.1222198
 -0.1222198  -0.0553089  -0.1222198  -0.1222198  -0.1222198  -0.1222198
 -0.1222198  -0.1222198  -0.1222198  -0.1222198  -0.1222198  -0.1222198
 -0.1222198  -0.1222198  -0.1222198  -0.1222198  -0.1222198  -0.1222198
 -0.1222198  -0.1222198  -0.1222198  -0.1222198  -0.1222198  -0.1222198
 -0.1222198  -0.1222198  -0.1222198   1.44323703 -0.1222198  -0.1222198
 -0.1222198  -0.1222198  -0.1222198  -0.1222198  -0.1222198  -0.1222198
 -0.1222198  -0.1222198  -0.1222198  -0.1222198  -0.1222198  -0.1222198
 -0.1222198  -0.1222198  -0.1222198  -0.1222198  -0.1222198  -0.1222198
 -0.1222198  -0.1222198  -0.1222198  -0.1222198  -0.1222198  -0.1222198
 -0.1222198  -0.1222198  -0.1222198  -0.1222198  -0.1222198  -0.1222198
 -0.1222198  -0.1222198  -0.1222198  -0.1222198  -0.1222198  -0.1222198
 -0.1222198  -0.1222198  -0.1222198  -0.1222198  -0.1222198  -0.1222198
 -0.1222198  -0.1222198  -0.1222198  -0.1222198  -0.1222198   9.22727357
 -0.1222198  -0.1222198  -0.1222198  -0.1222198  -0.1222198  -0.1222198
 -0.1222198  -0.1222198  -0.1222198  -0.1222198  -0.1222198  -0.1222198
 -0.1222198  -0.1222198  -0.1222198  -0.1222198  -0.1222198  -0.1222198
 -0.1222198  -0.1222198  -0.1222198  -0.1222198  -0.1222198  -0.1222198
 -0.1222198  -0.1222198  -0.1222198  -0.1222198  -0.1222198  -0.1222198
 -0.1222198  -0.1222198  -0.1222198  -0.1222198  -0.1222198  -0.1222198
 -0.1222198  -0.1222198  -0.1222198  -0.1222198  -0.1222198  -0.1222198
 -0.1222198  -0.1222198  -0.1222198  -0.1222198  -0.1222198  -0.1222198
 -0.1222198  -0.1222198  -0.1222198  -0.1222198  -0.1222198  -0.1222198
 -0.1222198  -0.1222198  -0.1222198  -0.1222198  -0.1222198  -0.1222198
 -0.1222198  -0.1222198  -0.1222198  -0.1222198  -0.1222198  -0.1222198
 -0.1222198  -0.1222198  -0.1222198  -0.1222198  -0.1222198  -0.1222198
 -0.1222198  -0.1222198  -0.1222198  -0.1222198  -0.1222198  -0.1222198
 -0.1222198  -0.1222198  -0.1222198  -0.1222198  -0.1222198  -0.1222198
 -0.1222198  -0.1222198  -0.1222198  -0.1222198  -0.1222198  -0.1222198
 -0.1222198  -0.1222198  -0.1222198  -0.1222198  -0.1222198  -0.1222198
 -0.1222198  -0.1222198  -0.1222198  -0.1222198  -0.1222198  -0.1222198
 -0.1222198  -0.1222198  -0.1222198  -0.1222198  -0.1222198  -0.1222198
 -0.1222198  -0.1222198  -0.1222198  -0.1222198  -0.1222198  -0.1222198
 -0.1222198  -0.1222198  -0.1222198  -0.1222198  -0.1222198  -0.1222198
 -0.1222198  -0.1222198  -0.1222198  -0.1222198  -0.1222198  -0.1222198
 -0.1222198  -0.1222198  -0.1222198  -0.1222198  -0.1222198  -0.1222198
 -0.1222198  -0.1222198  -0.1222198  -0.1222198  -0.1222198  -0.1222198
 -0.1222198  -0.1222198  -0.1222198  -0.1222198  -0.1222198  -0.1222198
 -0.1222198  -0.1222198  -0.1222198  -0.1222198  -0.1222198  -0.1222198
 -0.1222198  -0.1222198   1.18343971 -0.1222198  -0.1222198  -0.1222198
  8.58625577 -0.1222198  -0.1222198  -0.1222198  -0.1222198  -0.1222198
 -0.1222198  -0.1222198  -0.1222198  -0.1222198  -0.1222198  -0.1222198
 -0.1222198  -0.1222198  -0.1222198  -0.1222198  -0.1222198  -0.1222198
 -0.1222198   9.32905862 -0.1222198  -0.1222198  -0.1222198  -0.1222198
 -0.1222198  -0.1222198  -0.1222198  -0.1222198  -0.1222198  -0.1222198
 -0.1222198  -0.1222198  -0.1222198  -0.1222198  -0.1222198  -0.1222198
 -0.1222198  -0.1222198  -0.1222198  -0.1222198  -0.1222198  -0.1222198
 -0.1222198  -0.1222198  -0.1222198  -0.1222198  -0.1222198  -0.1222198
 -0.1222198  -0.1222198  -0.1222198  -0.1222198 ]",[-0.06650088640749591]
5,"[-0.14555359 -0.14555359 -0.14555359 -0.14555359 -0.0982683  -0.14555359
 -0.14555359 -0.14555359 -0.14555359 -0.14555359 -0.14555359 -0.14555359
 -0.14555359 -0.14555359 -0.14555359 -0.14555359 -0.14555359 -0.14555359
 -0.14555359 -0.14555359 -0.14555359 -0.14555359 -0.14555359 -0.14555359
 -0.14555359 -0.14555359 -0.14555359 -0.14555359 -0.14555359 -0.14555359
 -0.14555359 -0.14555359 -0.14555359 -0.14555359 -0.14555359 -0.14555359
 -0.14555359 -0.14555359 -0.14555359 -0.14555359 -0.14555359 -0.14555359
 -0.14555359 -0.14555359 -0.14555359 -0.14555359 -0.14555359 -0.14555359
 -0.14555359 -0.14555359 -0.14555359 -0.14555359 -0.14555359 -0.14555359
 -0.14555359 -0.14555359 -0.14555359 -0.14555359 -0.14555359 -0.14555359
 -0.14555359 -0.14555359 -0.14555359 -0.14555359 -0.14555359 -0.14555359
 -0.14555359 -0.14555359 -0.14555359 -0.14555359 -0.14555359 -0.14555359
 -0.14555359 -0.14555359 -0.14555359 -0.14555359 -0.14555359 -0.14555359
 -0.14555359 -0.14555359 -0.14555359 -0.14555359 -0.14555359 10.43633713
 -0.14555359 -0.14555359 -0.14555359 -0.14555359 -0.14555359 -0.14555359
 -0.14555359 -0.14555359 -0.14555359 -0.14555359 -0.14555359 -0.14555359
 -0.14555359 -0.14555359 -0.14555359 -0.14555359 -0.14555359 -0.14555359
 -0.14555359 -0.14555359 -0.14555359 -0.14555359 -0.14555359 -0.14555359
 -0.14555359 -0.14555359  0.29222553 -0.14555359 -0.14555359 -0.14555359
 -0.14555359 -0.14555359  0.85439896 -0.14555359 -0.14555359 -0.14555359
 -0.14555359 -0.14555359 -0.14555359 -0.14555359 -0.14555359 -0.14555359
 -0.14555359 -0.14555359 -0.14555359 -0.14555359 -0.14555359 -0.14555359
 -0.14555359 -0.14555359 -0.14555359 -0.14555359 -0.14555359 -0.14555359
 -0.14555359 -0.14555359 -0.14555359 -0.14555359 -0.14555359 -0.14555359
 -0.14555359 -0.14555359 -0.14555359 -0.14555359 -0.14555359 -0.14555359
 -0.14555359 -0.14555359 -0.14555359 -0.14555359 -0.14555359 -0.14555359
 -0.14555359 -0.14555359 -0.14555359 -0.14555359 -0.14555359 -0.14555359
 -0.14555359 -0.14555359 -0.14555359 -0.14555359 -0.14555359 -0.14555359
 -0.14555359 -0.14555359 -0.14555359 -0.14555359 -0.14555359 -0.14555359
 -0.14555359 -0.14555359 -0.14555359 -0.14555359 -0.14555359 -0.14555359
 -0.14555359 -0.14555359 -0.14555359 -0.14555359 -0.14555359 -0.14555359
  4.54847452 -0.14555359 -0.14555359 -0.14555359 -0.14555359 -0.14555359
 -0.14555359 -0.14555359 -0.14555359 -0.14555359 -0.14555359 -0.14555359
 -0.14555359 -0.14555359 -0.14555359 -0.14555359 -0.14555359  3.527227
 -0.14555359 -0.14555359 -0.14555359 -0.14555359 -0.14555359 -0.14555359
  6.61708987 -0.14555359 -0.14555359 -0.14555359 -0.14555359  3.72864635
 -0.14555359 -0.14555359 -0.14555359 -0.14555359 -0.14555359 -0.14555359
 -0.14555359 -0.14555359 -0.14555359 -0.14555359 -0.14555359 -0.14555359
 -0.14555359 -0.14555359 -0.14555359 -0.14555359 -0.14555359 -0.14555359
 -0.14555359 -0.14555359 -0.14555359 -0.14555359 -0.14555359 -0.14555359
  0.32606849 -0.14555359 -0.14555359 -0.14555359 -0.14555359 -0.14555359
 -0.14555359 -0.14555359 -0.14555359 -0.14555359 -0.14555359 -0.14555359
 -0.14555359 -0.14555359 -0.14555359 -0.14555359 -0.14555359 -0.14555359
 -0.14555359 -0.14555359 -0.14555359 -0.14555359 -0.14555359 -0.14555359
 -0.14555359 -0.14555359 -0.14555359 -0.14555359 -0.14555359 -0.14555359
 -0.14555359 -0.14555359 -0.14555359 -0.14555359 -0.14555359 -0.14555359
 -0.14555359 -0.14555359 -0.14555359 -0.14555359 -0.14555359 -0.14555359
 -0.14555359 -0.14555359 -0.14555359 -0.14555359 -0.14555359  3.14725624
 -0.14555359 -0.14555359 -0.14555359 -0.14555359 -0.14555359 -0.14555359
 -0.14555359 -0.14555359 -0.14555359 -0.14555359 -0.14555359 -0.14555359
 -0.14555359 -0.14555359 -0.14555359 -0.14555359 -0.14555359 -0.14555359
 -0.14555359 -0.14555359 -0.14555359 -0.14555359 -0.14555359  2.18676651
 -0.14555359 -0.14555359 -0.14555359 -0.14555359 -0.14555359 -0.14555359
 -0.14555359 -0.14555359 -0.14555359 -0.14555359 -0.14555359 -0.14555359
 -0.14555359 -0.14555359 -0.14555359 -0.14555359 -0.14555359 -0.14555359
 -0.14555359 -0.14555359 -0.14555359 -0.14555359 -0.14555359 -0.14555359
 -0.14555359 -0.14555359 -0.14555359 -0.14555359 -0.14555359 -0.14555359
 -0.14555359 -0.14555359 -0.14555359 -0.14555359 -0.14555359 -0.14555359
 -0.14555359 -0.14555359 -0.14555359 -0.14555359 -0.14555359 -0.14555359
 -0.14555359 -0.14555359 -0.14555359 -0.14555359 -0.14555359 -0.14555359
 -0.14555359 -0.14555359 -0.14555359 -0.14555359 -0.14555359 -0.14555359
 -0.14555359 -0.14555359 -0.14555359 -0.14555359 -0.14555359 -0.14555359
 -0.14555359 -0.14555359 -0.14555359 -0.14555359 -0.14555359 -0.14555359
 -0.14555359 -0.14555359 -0.14555359 -0.14555359 -0.14555359 -0.14555359
 -0.14555359 -0.14555359 -0.14555359 -0.14555359 -0.14555359 -0.14555359
 -0.14555359 -0.14555359 -0.14555359 -0.14555359 -0.14555359 -0.14555359
 -0.14555359 -0.14555359 -0.14555359 -0.14555359 -0.14555359 -0.14555359
 -0.14555359 -0.14555359 -0.14555359 -0.14555359 -0.14555359 -0.14555359
 -0.14555359 -0.14555359 -0.14555359 -0.14555359 -0.14555359 -0.14555359
 -0.14555359 -0.14555359 -0.14555359 -0.14555359 -0.14555359 -0.14555359
 -0.14555359 -0.14555359 -0.14555359 -0.14555359 -0.14555359 -0.14555359
 -0.14555359 -0.14555359 -0.14555359 -0.14555359 -0.14555359 -0.14555359
 -0.14555359 -0.14555359 -0.14555359 -0.14555359 -0.14555359 -0.14555359
 -0.14555359 -0.14555359 -0.14555359 -0.14555359 -0.14555359 -0.14555359
 -0.14555359 -0.14555359 -0.14555359 -0.14555359 -0.14555359 -0.14555359
 -0.14555359 -0.14555359 -0.14555359 -0.14555359 -0.14555359 -0.14555359
 -0.14555359 -0.14555359 -0.14555359 -0.14555359 -0.14555359 -0.14555359
 -0.14555359 -0.14555359  1.82104332 -0.14555359 -0.14555359 -0.14555359
 12.4648343  -0.14555359 -0.14555359 -0.14555359  4.7718727  -0.14555359
 -0.14555359 -0.14555359 -0.14555359 -0.14555359 -0.14555359 -0.14555359
 -0.14555359 -0.14555359 -0.14555359 -0.14555359 -0.14555359 -0.14555359
 -0.14555359  6.67937543  7.56244302 -0.14555359 -0.14555359  3.08030668
 -0.14555359 -0.14555359 -0.14555359 -0.14555359 -0.14555359 -0.14555359
 -0.14555359 -0.14555359 -0.14555359 -0.14555359 -0.14555359 -0.14555359
 -0.14555359  1.12180523 -0.14555359 -0.14555359 -0.14555359 -0.14555359
 -0.14555359 -0.14555359 -0.14555359 -0.14555359 -0.14555359 -0.14555359
 -0.14555359 -0.14555359 -0.14555359 -0.14555359]",[-0.031392783433400656]
5,"[-1.51248093e-01 -1.51248093e-01 -1.51248093e-01 -1.51248093e-01
 -1.51248093e-01 -1.51248093e-01 -1.51248093e-01 -1.51248093e-01
 -1.51248093e-01 -1.51248093e-01 -1.51248093e-01 -1.51248093e-01
 -1.51248093e-01 -1.51248093e-01 -1.51248093e-01 -1.51248093e-01
 -1.51248093e-01 -1.51248093e-01 -1.51248093e-01 -1.51248093e-01
 -1.51248093e-01 -1.51248093e-01 -1.51248093e-01 -1.51248093e-01
 -1.51248093e-01 -1.51248093e-01 -1.51248093e-01 -1.51248093e-01
 -1.51248093e-01 -1.51248093e-01 -1.51248093e-01 -1.51248093e-01
 -1.51248093e-01 -1.51248093e-01 -1.51248093e-01 -1.51248093e-01
 -1.51248093e-01 -1.51248093e-01 -1.51248093e-01 -1.51248093e-01
 -1.51248093e-01 -1.51248093e-01 -1.51248093e-01 -1.51248093e-01
 -1.51248093e-01 -1.51248093e-01 -1.51248093e-01 -1.51248093e-01
 -1.51248093e-01 -1.51248093e-01 -1.51248093e-01 -1.51248093e-01
 -1.51248093e-01 -1.51248093e-01 -1.51248093e-01 -1.51248093e-01
 -1.51248093e-01 -1.51248093e-01 -1.51248093e-01 -1.51248093e-01
 -1.51248093e-01 -1.51248093e-01 -1.51248093e-01 -1.51248093e-01
 -1.51248093e-01 -1.51248093e-01 -1.51248093e-01 -1.51248093e-01
 -1.51248093e-01 -1.51248093e-01 -1.51248093e-01 -1.51248093e-01
 -1.51248093e-01 -1.51248093e-01 -1.51248093e-01 -1.51248093e-01
 -1.51248093e-01 -1.51248093e-01 -1.51248093e-01 -1.51248093e-01
 -1.51248093e-01 -1.51248093e-01 -1.51248093e-01  9.84671849e+00
 -1.51248093e-01 -1.51248093e-01 -1.51248093e-01 -1.51248093e-01
 -1.51248093e-01 -1.51248093e-01 -1.51248093e-01 -1.51248093e-01
  3.78009290e+00 -1.51248093e-01 -1.51248093e-01 -1.51248093e-01
 -1.51248093e-01 -1.51248093e-01 -1.51248093e-01 -1.51248093e-01
 -1.51248093e-01 -1.51248093e-01 -1.51248093e-01 -1.51248093e-01
 -1.51248093e-01 -1.51248093e-01 -1.51248093e-01 -1.51248093e-01
 -1.51248093e-01 -1.51248093e-01  7.52174818e+00 -1.51248093e-01
 -1.51248093e-01 -1.51248093e-01 -1.51248093e-01 -1.51248093e-01
  5.09496760e+00 -1.51248093e-01 -1.51248093e-01 -1.51248093e-01
 -1.51248093e-01 -1.51248093e-01 -1.51248093e-01 -1.51248093e-01
 -1.51248093e-01 -1.51248093e-01 -1.51248093e-01 -1.51248093e-01
 -1.51248093e-01 -1.51248093e-01 -1.51248093e-01 -1.51248093e-01
 -1.51248093e-01 -1.51248093e-01 -1.51248093e-01 -1.51248093e-01
 -1.51248093e-01 -1.51248093e-01 -1.51248093e-01 -1.51248093e-01
 -1.51248093e-01 -1.51248093e-01 -1.51248093e-01 -1.51248093e-01
 -1.51248093e-01 -1.51248093e-01 -1.51248093e-01 -1.51248093e-01
 -1.51248093e-01 -1.51248093e-01 -1.51248093e-01 -1.51248093e-01
 -1.51248093e-01 -1.51248093e-01 -1.51248093e-01 -1.51248093e-01
 -1.51248093e-01 -1.51248093e-01 -1.51248093e-01 -1.51248093e-01
 -1.51248093e-01 -1.51248093e-01 -1.51248093e-01 -1.51248093e-01
 -1.51248093e-01 -1.51248093e-01 -1.51248093e-01 -1.51248093e-01
 -1.51248093e-01 -1.51248093e-01 -1.51248093e-01 -1.51248093e-01
 -1.51248093e-01 -1.51248093e-01 -1.51248093e-01 -1.51248093e-01
 -1.51248093e-01 -1.51248093e-01 -1.51248093e-01 -1.51248093e-01
 -1.51248093e-01 -1.51248093e-01 -1.51248093e-01 -1.51248093e-01
 -1.51248093e-01 -1.51248093e-01 -1.51248093e-01 -1.51248093e-01
 -1.51248093e-01 -1.51248093e-01 -1.51248093e-01 -1.51248093e-01
 -1.51248093e-01 -1.51248093e-01 -1.51248093e-01 -1.51248093e-01
 -1.51248093e-01 -1.51248093e-01 -1.51248093e-01 -1.51248093e-01
  5.61538540e+00 -1.51248093e-01 -1.51248093e-01 -1.51248093e-01
 -1.51248093e-01 -1.51248093e-01 -1.51248093e-01 -1.51248093e-01
 -1.51248093e-01 -1.51248093e-01  3.44158541e+00 -1.51248093e-01
 -1.51248093e-01 -1.51248093e-01 -1.51248093e-01  6.04276879e-01
 -1.51248093e-01 -1.51248093e-01 -1.51248093e-01 -1.51248093e-01
 -1.51248093e-01 -1.51248093e-01 -1.51248093e-01 -1.51248093e-01
 -1.51248093e-01 -1.51248093e-01 -1.51248093e-01 -1.51248093e-01
 -1.51248093e-01 -1.51248093e-01 -1.51248093e-01 -1.51248093e-01
 -1.51248093e-01 -1.51248093e-01 -1.51248093e-01 -8.62740326e-04
 -1.51248093e-01 -1.51248093e-01 -1.51248093e-01 -1.51248093e-01
 -1.51248093e-01 -1.51248093e-01 -1.51248093e-01 -1.51248093e-01
 -1.51248093e-01 -1.51248093e-01 -1.51248093e-01 -1.51248093e-01
 -1.51248093e-01 -1.51248093e-01 -1.51248093e-01 -1.51248093e-01
 -1.51248093e-01 -1.51248093e-01 -1.51248093e-01 -1.51248093e-01
 -1.51248093e-01 -1.51248093e-01 -1.51248093e-01 -1.51248093e-01
 -1.51248093e-01 -1.51248093e-01  4.23736322e+00 -1.51248093e-01
 -1.51248093e-01 -1.51248093e-01 -1.51248093e-01 -1.51248093e-01
 -1.51248093e-01 -1.51248093e-01 -1.51248093e-01 -1.51248093e-01
 -1.51248093e-01 -1.51248093e-01 -1.51248093e-01 -1.51248093e-01
 -1.51248093e-01 -1.51248093e-01 -1.51248093e-01 -1.51248093e-01
 -1.51248093e-01 -1.51248093e-01 -1.51248093e-01 -1.51248093e-01
 -1.51248093e-01 -1.51248093e-01 -1.51248093e-01 -1.51248093e-01
 -1.51248093e-01 -1.51248093e-01 -1.51248093e-01 -1.51248093e-01
 -1.51248093e-01 -1.51248093e-01 -1.51248093e-01 -1.51248093e-01
  8.11017286e+00 -1.51248093e-01 -1.51248093e-01 -1.51248093e-01
 -1.51248093e-01 -1.51248093e-01 -1.51248093e-01 -1.51248093e-01
 -1.51248093e-01 -1.51248093e-01 -1.51248093e-01 -1.51248093e-01
 -1.51248093e-01 -1.51248093e-01 -1.51248093e-01  3.99375372e+00
 -1.51248093e-01 -1.51248093e-01 -1.51248093e-01 -1.51248093e-01
 -1.51248093e-01 -1.51248093e-01 -1.51248093e-01 -1.51248093e-01
 -1.51248093e-01 -1.51248093e-01 -1.51248093e-01 -1.51248093e-01
 -1.51248093e-01 -1.51248093e-01 -1.51248093e-01 -1.51248093e-01
 -1.51248093e-01 -1.51248093e-01 -1.51248093e-01 -1.51248093e-01
 -1.51248093e-01 -1.51248093e-01 -1.51248093e-01 -1.51248093e-01
 -1.51248093e-01 -1.51248093e-01 -1.51248093e-01 -1.51248093e-01
 -1.51248093e-01 -1.51248093e-01 -1.51248093e-01 -1.51248093e-01
 -1.51248093e-01 -1.51248093e-01 -1.51248093e-01 -1.51248093e-01
 -1.51248093e-01 -1.51248093e-01 -1.51248093e-01 -1.51248093e-01
 -1.51248093e-01 -1.51248093e-01 -1.51248093e-01 -1.51248093e-01
 -1.51248093e-01 -1.51248093e-01 -1.51248093e-01 -1.51248093e-01
 -1.51248093e-01 -1.51248093e-01 -1.51248093e-01 -1.51248093e-01
 -1.51248093e-01 -1.51248093e-01 -1.51248093e-01 -1.51248093e-01
 -1.51248093e-01 -1.51248093e-01 -1.51248093e-01 -1.51248093e-01
 -1.51248093e-01 -1.51248093e-01 -1.51248093e-01 -1.51248093e-01
 -1.51248093e-01 -1.51248093e-01 -1.51248093e-01 -1.51248093e-01
 -1.51248093e-01 -1.51248093e-01 -1.51248093e-01 -1.51248093e-01
 -1.51248093e-01 -1.51248093e-01 -1.51248093e-01 -1.51248093e-01
 -1.51248093e-01 -1.51248093e-01 -1.51248093e-01 -1.51248093e-01
 -1.51248093e-01 -1.51248093e-01 -1.51248093e-01 -1.51248093e-01
 -1.51248093e-01 -1.51248093e-01 -1.51248093e-01 -1.51248093e-01
 -1.51248093e-01 -1.51248093e-01 -1.51248093e-01 -1.51248093e-01
 -1.51248093e-01 -1.51248093e-01 -1.51248093e-01 -1.51248093e-01
 -1.51248093e-01 -1.51248093e-01 -1.51248093e-01 -1.51248093e-01
 -1.51248093e-01 -1.51248093e-01 -1.51248093e-01 -1.51248093e-01
 -1.51248093e-01 -1.51248093e-01 -1.51248093e-01 -1.51248093e-01
 -1.51248093e-01 -1.51248093e-01 -1.51248093e-01 -1.51248093e-01
 -1.51248093e-01 -1.51248093e-01 -1.51248093e-01 -1.51248093e-01
 -1.51248093e-01 -1.51248093e-01 -1.51248093e-01 -1.51248093e-01
 -1.51248093e-01 -1.51248093e-01 -1.51248093e-01 -1.51248093e-01
 -1.51248093e-01 -1.51248093e-01 -1.51248093e-01 -1.51248093e-01
 -1.51248093e-01 -1.51248093e-01 -1.51248093e-01 -1.51248093e-01
 -1.51248093e-01 -1.51248093e-01 -1.51248093e-01 -1.51248093e-01
 -1.51248093e-01 -1.51248093e-01 -1.51248093e-01 -1.51248093e-01
 -1.51248093e-01 -1.51248093e-01 -1.51248093e-01 -1.51248093e-01
 -1.51248093e-01 -1.51248093e-01 -1.51248093e-01 -1.51248093e-01
 -1.51248093e-01 -1.51248093e-01 -1.51248093e-01 -1.51248093e-01
  7.93019469e+00 -1.51248093e-01  6.83127299e+00 -1.51248093e-01
  7.66642313e+00 -1.51248093e-01 -1.51248093e-01 -1.51248093e-01
 -1.51248093e-01 -1.51248093e-01 -1.51248093e-01 -1.51248093e-01
 -1.51248093e-01 -1.51248093e-01 -1.51248093e-01 -1.51248093e-01
 -1.51248093e-01 -1.51248093e-01 -1.51248093e-01 -1.51248093e-01
 -1.51248093e-01 -1.51248093e-01 -1.51248093e-01  1.70719442e+00
 -1.51248093e-01 -1.51248093e-01 -1.51248093e-01 -1.51248093e-01
 -1.51248093e-01 -1.51248093e-01 -1.51248093e-01 -1.51248093e-01
 -1.51248093e-01 -1.51248093e-01 -1.51248093e-01 -1.51248093e-01
 -1.51248093e-01 -1.51248093e-01 -1.51248093e-01 -1.51248093e-01
 -1.51248093e-01 -1.51248093e-01 -1.51248093e-01 -1.51248093e-01
 -1.51248093e-01 -1.51248093e-01 -1.51248093e-01 -1.51248093e-01
 -1.51248093e-01 -1.51248093e-01 -1.51248093e-01 -1.51248093e-01
 -1.51248093e-01 -1.51248093e-01 -1.51248093e-01 -1.51248093e-01]",[0.02356130181085908]
5,"[-0.22164648 -0.22164648 -0.22164648 -0.22164648 -0.22164648 -0.22164648
 -0.22164648 -0.22164648 -0.22164648 -0.22164648 -0.22164648 -0.22164648
 -0.22164648 -0.22164648 -0.22164648 -0.22164648 -0.22164648 -0.22164648
 -0.22164648 -0.22164648 -0.22164648 -0.22164648 -0.22164648 -0.22164648
 -0.22164648 -0.22164648 -0.22164648 -0.22164648 -0.22164648 -0.22164648
 -0.22164648 -0.22164648 -0.22164648 -0.22164648 -0.22164648 -0.22164648
 -0.22164648 -0.22164648 -0.22164648 -0.22164648 -0.22164648 -0.22164648
 -0.22164648 -0.22164648 -0.22164648 -0.22164648 -0.22164648 -0.22164648
 -0.22164648 -0.22164648 -0.22164648 -0.22164648 -0.22164648 -0.22164648
 -0.22164648 -0.22164648 -0.22164648 -0.22164648 -0.22164648 -0.22164648
 -0.22164648 -0.22164648 -0.22164648 -0.22164648 -0.22164648 -0.22164648
 -0.22164648 -0.22164648 -0.22164648 -0.22164648 -0.22164648 -0.22164648
 -0.22164648 -0.22164648 -0.22164648 -0.22164648 -0.22164648 -0.22164648
 -0.22164648 -0.22164648 -0.22164648 -0.22164648 -0.22164648  7.75260868
 -0.22164648 -0.22164648  2.23755147 -0.22164648  0.52074032 -0.22164648
 -0.22164648 -0.22164648  3.8095558  -0.22164648 -0.22164648 -0.22164648
 -0.22164648 -0.22164648 -0.22164648 -0.22164648 -0.22164648 -0.22164648
 -0.22164648 -0.22164648 -0.22164648 -0.22164648 -0.22164648 -0.22164648
 -0.22164648 -0.22164648  6.09519438 -0.22164648 -0.22164648 -0.22164648
 -0.22164648 -0.22164648  0.23793221 -0.22164648 -0.22164648 -0.22164648
 -0.22164648 -0.22164648 -0.22164648 -0.22164648  4.87592338 -0.22164648
 -0.22164648 -0.22164648 -0.22164648 -0.22164648 -0.22164648 -0.22164648
 -0.22164648 -0.22164648 -0.22164648 -0.22164648 -0.22164648 -0.22164648
 -0.22164648 -0.22164648 -0.22164648 -0.22164648 -0.22164648 -0.22164648
 -0.22164648 -0.22164648 -0.22164648 -0.22164648 -0.22164648 -0.22164648
 -0.22164648 -0.22164648 -0.22164648 -0.22164648 -0.22164648 -0.22164648
 -0.22164648 -0.22164648 -0.22164648 -0.22164648 -0.22164648 -0.22164648
 -0.22164648 -0.22164648 -0.22164648 -0.22164648 -0.22164648 -0.22164648
 -0.22164648 -0.22164648 -0.22164648 -0.22164648 -0.22164648 -0.22164648
 -0.22164648 -0.22164648 -0.22164648 -0.22164648 -0.22164648 -0.22164648
 -0.22164648 -0.22164648 -0.22164648 -0.22164648 -0.22164648 -0.22164648
 -0.22164648 -0.22164648 -0.22164648 -0.22164648 -0.22164648 -0.22164648
 -0.22164648 -0.22164648 -0.22164648 -0.22164648 -0.22164648 -0.22164648
 -0.22164648 -0.22164648  4.7870962  -0.22164648 -0.22164648 -0.22164648
 -0.22164648 -0.22164648 -0.22164648 -0.22164648 -0.22164648 -0.22164648
  2.02571497 -0.22164648 -0.22164648 -0.22164648 -0.22164648  2.45926476
 -0.22164648 -0.22164648 -0.22164648 -0.22164648 -0.22164648 -0.22164648
 -0.22164648 -0.22164648 -0.22164648 -0.22164648 -0.22164648 -0.22164648
 -0.22164648 -0.22164648 -0.22164648  1.98632939 -0.22164648 -0.22164648
 -0.22164648  3.59421639 -0.22164648  3.99721149  3.64313078 -0.22164648
  3.15478974 -0.22164648 -0.22164648  4.34652548 -0.22164648 -0.22164648
 -0.22164648 -0.22164648 -0.22164648 -0.22164648 -0.22164648 -0.22164648
 -0.22164648 -0.22164648 -0.22164648  2.63303778  3.69560564 -0.22164648
 -0.22164648 -0.22164648 -0.22164648  3.28150343 -0.22164648  0.38686276
 -0.22164648 -0.22164648 -0.22164648 -0.22164648  1.81318692 -0.22164648
 -0.22164648 -0.22164648 -0.22164648 -0.22164648  4.96340906  7.29071053
 -0.22164648 -0.22164648 -0.22164648 -0.22164648 -0.22164648 -0.22164648
 -0.22164648  1.18851341 -0.22164648 -0.22164648 -0.22164648  4.61008139
 -0.22164648 -0.22164648 -0.22164648 -0.22164648 -0.22164648 -0.22164648
 -0.22164648 -0.22164648 -0.22164648 -0.22164648 -0.22164648 -0.22164648
 -0.22164648 -0.22164648 -0.22164648 -0.22164648 -0.22164648 -0.22164648
  1.34826021 -0.22164648 -0.22164648 -0.22164648 -0.22164648  3.4560918
 -0.22164648 -0.22164648 -0.22164648 -0.22164648 -0.22164648 -0.22164648
 -0.22164648 -0.22164648 -0.22164648 -0.22164648 -0.22164648 -0.22164648
 -0.22164648 -0.22164648 -0.22164648 -0.22164648 -0.22164648 -0.22164648
 -0.22164648 -0.22164648 -0.22164648 -0.22164648 -0.22164648 -0.22164648
 -0.22164648 -0.22164648 -0.22164648 -0.22164648 -0.22164648 -0.22164648
 -0.22164648 -0.22164648 -0.22164648 -0.22164648 -0.22164648 -0.22164648
 -0.22164648 -0.22164648 -0.22164648 -0.22164648 -0.22164648 -0.22164648
 -0.22164648 -0.22164648 -0.22164648 -0.22164648 -0.22164648 -0.22164648
 -0.22164648 -0.22164648 -0.22164648 -0.22164648 -0.22164648 -0.22164648
 -0.22164648 -0.22164648 -0.22164648 -0.22164648 -0.22164648 -0.22164648
 -0.22164648 -0.22164648 -0.22164648 -0.22164648 -0.22164648 -0.22164648
 -0.22164648 -0.22164648 -0.22164648 -0.22164648 -0.22164648 -0.22164648
 -0.22164648 -0.22164648 -0.22164648 -0.22164648 -0.22164648 -0.22164648
 -0.22164648 -0.22164648 -0.22164648 -0.22164648 -0.22164648 -0.22164648
 -0.22164648 -0.22164648 -0.22164648 -0.22164648 -0.22164648 -0.22164648
 -0.22164648 -0.22164648 -0.22164648 -0.22164648 -0.22164648 -0.22164648
 -0.22164648 -0.22164648 -0.22164648 -0.22164648 -0.22164648 -0.22164648
 -0.22164648 -0.22164648 -0.22164648 -0.22164648 -0.22164648 -0.22164648
 -0.22164648 -0.22164648 -0.22164648 -0.22164648 -0.22164648  6.32121014
 -0.22164648 -0.22164648 -0.22164648 -0.22164648 -0.22164648 -0.22164648
 -0.22164648 -0.22164648 -0.22164648 -0.22164648 -0.22164648 -0.22164648
 -0.22164648 -0.22164648 -0.22164648 -0.22164648 -0.22164648 -0.22164648
 -0.22164648 -0.22164648 -0.22164648 -0.22164648 -0.22164648 -0.22164648
 -0.22164648 -0.22164648 -0.22164648 -0.22164648 -0.22164648 -0.22164648
 -0.22164648 -0.22164648 -0.22164648 -0.22164648 -0.22164648 -0.22164648
 -0.22164648 -0.22164648  5.23652395 -0.22164648 -0.22164648 -0.22164648
  5.39914348 -0.22164648 -0.22164648 -0.22164648 -0.22164648 -0.22164648
 -0.22164648 -0.22164648 -0.22164648 -0.22164648 -0.22164648 -0.22164648
 -0.22164648 -0.22164648 -0.22164648 -0.22164648 -0.22164648 -0.22164648
 -0.22164648  1.2372027  -0.22164648 -0.22164648 -0.22164648 -0.22164648
 -0.22164648 -0.22164648 -0.22164648 -0.22164648 -0.22164648 -0.22164648
 -0.22164648 -0.22164648 -0.22164648 -0.22164648 -0.22164648 -0.22164648
 -0.22164648 -0.22164648 -0.22164648 -0.22164648 -0.22164648 -0.22164648
 -0.22164648 -0.22164648 -0.22164648 -0.22164648 -0.22164648 -0.22164648
 -0.22164648 -0.22164648 -0.22164648 -0.22164648]",[0.06924336440738277]
5,"[-0.16229325 -0.16229325 -0.16229325 -0.16229325 -0.16229325 -0.16229325
 -0.16229325 -0.16229325 -0.16229325 -0.16229325 -0.16229325 -0.16229325
 -0.16229325 -0.16229325 -0.16229325 -0.16229325 -0.16229325 -0.16229325
 -0.16229325 -0.16229325 -0.16229325 -0.16229325 -0.16229325 -0.16229325
 -0.16229325 -0.16229325 -0.16229325 -0.16229325 -0.16229325 -0.16229325
 -0.16229325 -0.16229325 -0.16229325 -0.16229325 -0.16229325 -0.16229325
 -0.16229325 -0.16229325 -0.16229325 -0.16229325 -0.16229325 -0.16229325
 -0.16229325 -0.16229325 -0.16229325 -0.16229325 -0.16229325 -0.16229325
 -0.16229325 -0.16229325 -0.16229325 -0.16229325 -0.16229325 -0.16229325
 -0.16229325 -0.16229325 -0.16229325 -0.16229325 -0.16229325 -0.16229325
 -0.16229325 -0.16229325 -0.16229325 -0.16229325 -0.16229325 -0.16229325
 -0.16229325 -0.16229325 -0.16229325 -0.16229325 -0.16229325 -0.16229325
 -0.16229325 -0.16229325 -0.16229325 -0.16229325 -0.16229325 -0.16229325
 -0.16229325 -0.16229325 -0.16229325 -0.16229325 -0.16229325  7.76776402
 -0.16229325 -0.16229325 -0.16229325 -0.16229325 -0.16229325 -0.16229325
 -0.16229325 -0.16229325  2.97581337 -0.16229325 -0.16229325 -0.16229325
 -0.16229325 -0.16229325 -0.16229325 -0.16229325 -0.16229325 -0.16229325
 -0.16229325 -0.16229325 -0.16229325 -0.16229325 -0.16229325 -0.16229325
 -0.16229325 -0.16229325  7.467543   -0.16229325 -0.16229325 -0.16229325
 -0.16229325 -0.16229325  0.67979423 -0.16229325 -0.16229325 -0.16229325
 -0.16229325 -0.16229325 -0.16229325 -0.16229325 -0.16229325 -0.16229325
 -0.16229325 -0.16229325 -0.16229325 -0.16229325 -0.16229325 -0.16229325
 -0.16229325 -0.16229325 -0.16229325 -0.16229325 -0.16229325 -0.16229325
 -0.16229325 -0.16229325 -0.16229325 -0.16229325 -0.16229325 -0.16229325
 -0.16229325 -0.16229325 -0.16229325 -0.16229325 -0.16229325 -0.16229325
 -0.16229325 -0.16229325 -0.16229325 -0.16229325 -0.16229325 -0.16229325
 -0.16229325 -0.16229325 -0.16229325 -0.16229325 -0.16229325 -0.16229325
 -0.16229325 -0.16229325 -0.16229325 -0.16229325 -0.16229325 -0.16229325
 -0.16229325 -0.16229325 -0.16229325 -0.16229325 -0.16229325 -0.16229325
 -0.16229325 -0.16229325 -0.16229325 -0.16229325 -0.16229325 -0.16229325
 -0.16229325 -0.16229325 -0.16229325 -0.16229325 -0.16229325 -0.16229325
 -0.16229325 -0.16229325 -0.16229325 -0.16229325 -0.16229325 -0.16229325
 -0.16229325 -0.16229325 -0.16229325 -0.16229325 -0.16229325 -0.16229325
 -0.16229325 -0.16229325  3.02920471 -0.16229325 -0.16229325 -0.16229325
 -0.16229325 -0.16229325 -0.16229325 -0.16229325 -0.16229325 -0.16229325
  3.26348834 -0.16229325 -0.16229325 -0.16229325 -0.16229325  2.33670362
 -0.16229325 -0.16229325 -0.16229325 -0.16229325 -0.16229325 -0.16229325
 -0.16229325 -0.16229325 -0.16229325 -0.16229325 -0.16229325 -0.16229325
 -0.16229325 -0.16229325 -0.16229325 -0.16229325 -0.16229325 -0.16229325
 -0.16229325  1.36119328 -0.16229325 -0.16229325 -0.16229325 -0.16229325
  1.42833501 -0.16229325 -0.16229325 -0.16229325 -0.16229325 -0.16229325
 -0.16229325 -0.16229325 -0.16229325 -0.16229325 -0.16229325 -0.16229325
 -0.16229325 -0.16229325 -0.16229325 -0.16229325 -0.16229325 -0.16229325
 -0.16229325 -0.16229325 -0.16229325 -0.16229325 -0.16229325 -0.16229325
 -0.16229325 -0.16229325 -0.16229325 -0.16229325 -0.16229325 -0.16229325
 -0.16229325 -0.16229325  0.59766965 -0.16229325 -0.16229325 -0.16229325
 -0.16229325 -0.16229325 -0.16229325 -0.16229325 -0.16229325 -0.16229325
 -0.16229325 -0.16229325 -0.16229325 -0.16229325 -0.16229325  1.32788631
 -0.16229325 -0.16229325 -0.16229325 -0.16229325 -0.16229325 -0.16229325
 -0.16229325 -0.16229325 -0.16229325 -0.16229325 -0.16229325 -0.16229325
 -0.16229325 -0.16229325 -0.16229325 -0.16229325 -0.16229325 -0.16229325
  8.26237841 -0.16229325 -0.16229325 -0.16229325 -0.16229325  6.60564611
 -0.16229325 -0.16229325 -0.16229325 -0.16229325 -0.16229325 -0.16229325
 -0.16229325 -0.16229325 -0.16229325 -0.16229325 -0.16229325 -0.16229325
 -0.16229325 -0.16229325 -0.16229325 -0.16229325 -0.16229325 -0.16229325
 -0.16229325 -0.16229325 -0.16229325 -0.16229325 -0.16229325 -0.16229325
 -0.16229325 -0.16229325 -0.16229325 -0.16229325 -0.16229325 -0.16229325
 -0.16229325 -0.16229325 -0.16229325 -0.16229325 -0.16229325 -0.16229325
 -0.16229325 -0.16229325 -0.16229325 -0.16229325 -0.16229325 -0.16229325
 -0.16229325 -0.16229325 -0.16229325 -0.16229325 -0.16229325 -0.16229325
 -0.16229325 -0.16229325 -0.16229325 -0.16229325 -0.16229325 -0.16229325
 -0.16229325 -0.16229325 -0.16229325 -0.16229325 -0.16229325 -0.16229325
 -0.16229325 -0.16229325 -0.16229325 -0.16229325 -0.16229325 -0.16229325
 -0.16229325 -0.16229325 -0.16229325 -0.16229325 -0.16229325 -0.16229325
 -0.16229325 -0.16229325 -0.16229325 -0.16229325 -0.16229325 -0.16229325
 -0.16229325 -0.16229325 -0.16229325 -0.16229325 -0.16229325 -0.16229325
 -0.16229325 -0.16229325 -0.16229325 -0.16229325 -0.16229325 -0.16229325
 -0.16229325 -0.16229325 -0.16229325 -0.16229325 -0.16229325 -0.16229325
 -0.16229325 -0.16229325 -0.16229325 -0.16229325 -0.16229325 -0.16229325
 -0.16229325 -0.16229325 -0.16229325 -0.16229325 -0.16229325 -0.16229325
 -0.16229325 -0.16229325 -0.16229325 -0.16229325 -0.16229325 -0.16229325
 -0.16229325 -0.16229325 -0.16229325 -0.16229325 -0.16229325 -0.16229325
 -0.16229325 -0.16229325 -0.16229325 -0.16229325 -0.16229325 -0.16229325
 -0.16229325 -0.16229325 -0.16229325 -0.16229325 -0.16229325 -0.16229325
 -0.16229325 -0.16229325 -0.16229325 -0.16229325 -0.16229325 -0.16229325
  1.2276451  -0.16229325 -0.16229325 -0.16229325 -0.16229325 -0.16229325
 -0.16229325 -0.16229325 -0.16229325 -0.16229325 -0.16229325 -0.16229325
 -0.16229325 -0.16229325  6.56576996 -0.16229325  6.06983216 -0.16229325
  9.07336206 -0.16229325 -0.16229325 -0.16229325 -0.16229325 -0.16229325
 -0.16229325 -0.16229325 -0.16229325 -0.16229325 -0.16229325 -0.16229325
 -0.16229325 -0.16229325 -0.16229325 -0.16229325 -0.16229325 -0.16229325
 -0.16229325  3.29954733 -0.16229325 -0.16229325 -0.16229325 -0.16229325
 -0.16229325 -0.16229325 -0.16229325 -0.16229325 -0.16229325 -0.16229325
 -0.16229325 -0.16229325 -0.16229325 -0.16229325 -0.16229325 -0.16229325
 -0.16229325 -0.16229325 -0.16229325 -0.16229325 -0.16229325 -0.16229325
 -0.16229325 -0.16229325 -0.16229325 -0.16229325 -0.16229325 -0.16229325
 -0.16229325 -0.16229325  7.96934065 -0.16229325]",[0.03001641234785618]
5,"[-0.19816091 -0.19816091 -0.19816091 -0.19816091 -0.19816091 -0.19816091
 -0.19816091 -0.19816091 -0.19816091 -0.19816091 -0.19816091 -0.19816091
 -0.19816091 -0.19816091 -0.19816091 -0.19816091 -0.19816091 -0.19816091
 -0.19816091 -0.19816091 -0.19816091 -0.19816091 -0.19816091 -0.19816091
 -0.19816091 -0.19816091 -0.19816091 -0.19816091 -0.19816091 -0.19816091
 -0.19816091 -0.19816091 -0.19816091 -0.19816091 -0.19816091 -0.19816091
 -0.19816091 -0.19816091 -0.19816091 -0.19816091 -0.19816091 -0.19816091
 -0.19816091 -0.19816091 -0.19816091 -0.19816091 -0.19816091 -0.19816091
 -0.19816091 -0.19816091 -0.19816091 -0.19816091 -0.19816091 -0.19816091
 -0.19816091 -0.19816091 -0.19816091 -0.19816091 -0.19816091 -0.19816091
 -0.19816091 -0.19816091 -0.19816091 -0.19816091 -0.19816091 -0.19816091
 -0.19816091 -0.19816091 -0.19816091 -0.19816091 -0.19816091 -0.19816091
 -0.19816091 -0.19816091 -0.19816091 -0.19816091 -0.19816091 -0.19816091
 -0.19816091 -0.19816091 -0.19816091 -0.19816091 -0.19816091  6.90479705
 -0.19816091 -0.19816091 -0.19816091 -0.19816091 -0.19816091 -0.19816091
 -0.19816091 -0.19816091  3.34096049 -0.19816091 -0.19816091 -0.19816091
 -0.19816091 -0.19816091 -0.19816091 -0.19816091 -0.19816091 -0.19816091
 -0.19816091 -0.19816091 -0.19816091 -0.19816091 -0.19816091 -0.19816091
 -0.19816091 -0.19816091 -0.19816091 -0.19816091 -0.19816091 -0.19816091
 -0.19816091 -0.19816091 -0.19816091 -0.19816091 -0.19816091 -0.19816091
 -0.19816091 -0.19816091 -0.19816091 -0.19816091 -0.19816091 -0.19816091
 -0.19816091 -0.19816091 -0.19816091 -0.19816091 -0.19816091 -0.19816091
 -0.19816091 -0.19816091 -0.19816091 -0.19816091 -0.19816091 -0.19816091
 -0.19816091 -0.19816091 -0.19816091 -0.19816091 -0.19816091 -0.19816091
 -0.19816091 -0.19816091 -0.19816091 -0.19816091 -0.19816091 -0.19816091
 -0.19816091 -0.19816091 -0.19816091 -0.19816091 -0.19816091 -0.19816091
 -0.19816091 -0.19816091 -0.19816091 -0.19816091 -0.19816091 -0.19816091
 -0.19816091 -0.19816091 -0.19816091 -0.19816091 -0.19816091 -0.19816091
 -0.19816091 -0.19816091 -0.19816091 -0.19816091 -0.19816091 -0.19816091
 -0.19816091 -0.19816091 -0.19816091 -0.19816091 -0.19816091 -0.19816091
 -0.19816091 -0.19816091 -0.19816091 -0.19816091 -0.19816091 -0.19816091
 -0.19816091 -0.19816091 -0.19816091 -0.19816091 -0.19816091 -0.19816091
 -0.19816091 -0.19816091 -0.19816091 -0.19816091 -0.19816091 -0.19816091
 -0.19816091 -0.19816091  3.14121453 -0.19816091 -0.19816091 -0.19816091
 -0.19816091 -0.19816091 -0.19816091 -0.19816091 -0.19816091 -0.19816091
  1.73444872 -0.19816091  1.07641366 -0.19816091 -0.19816091  5.27797038
 -0.19816091 -0.19816091 -0.19816091 -0.19816091 -0.19816091 -0.19816091
 -0.19816091 -0.19816091 -0.19816091 -0.19816091 -0.19816091 -0.19816091
 -0.19816091 -0.19816091 -0.19816091 -0.19816091 -0.19816091 -0.19816091
 -0.19816091  4.45192319 -0.19816091 -0.19816091  3.58333109 -0.19816091
 -0.19816091 -0.19816091 -0.19816091 -0.19816091 -0.19816091 -0.19816091
 -0.19816091 -0.19816091 -0.19816091 -0.19816091 -0.19816091 -0.19816091
 -0.19816091 -0.19816091 -0.19816091  5.20208395 -0.19816091 -0.19816091
 -0.19816091 -0.19816091 -0.19816091  5.56729528 -0.19816091  0.01860087
 -0.19816091 -0.19816091 -0.19816091 -0.19816091 -0.19816091 -0.19816091
  4.19571586 -0.19816091 -0.19816091 -0.19816091  5.83323904  5.73256813
 -0.19816091 -0.19816091 -0.19816091 -0.19816091 -0.19816091 -0.19816091
 -0.19816091 -0.19816091 -0.19816091 -0.19816091 -0.19816091  7.78199124
  2.92545157 -0.19816091 -0.19816091 -0.19816091 -0.19816091  1.90036097
 -0.19816091 -0.19816091 -0.19816091 -0.19816091 -0.19816091 -0.19816091
 -0.19816091 -0.19816091 -0.19816091 -0.19816091 -0.19816091 -0.19816091
 -0.19816091 -0.19816091 -0.19816091 -0.19816091 -0.19816091  2.94813125
 -0.19816091 -0.19816091 -0.19816091 -0.19816091 -0.19816091 -0.19816091
 -0.19816091 -0.19816091 -0.19816091 -0.19816091 -0.19816091 -0.19816091
 -0.19816091 -0.19816091 -0.19816091 -0.19816091 -0.19816091 -0.19816091
 -0.19816091 -0.19816091 -0.19816091 -0.19816091 -0.19816091 -0.19816091
 -0.19816091 -0.19816091 -0.19816091 -0.19816091 -0.19816091 -0.19816091
 -0.19816091 -0.19816091 -0.19816091 -0.19816091 -0.19816091 -0.19816091
 -0.19816091 -0.19816091 -0.19816091 -0.19816091 -0.19816091 -0.19816091
 -0.19816091 -0.19816091 -0.19816091 -0.19816091 -0.19816091 -0.19816091
 -0.19816091 -0.19816091 -0.19816091 -0.19816091 -0.19816091 -0.19816091
 -0.19816091 -0.19816091 -0.19816091 -0.19816091 -0.19816091 -0.19816091
 -0.19816091 -0.19816091 -0.19816091 -0.19816091 -0.19816091 -0.19816091
 -0.19816091 -0.19816091 -0.19816091 -0.19816091 -0.19816091 -0.19816091
 -0.19816091 -0.19816091 -0.19816091 -0.19816091 -0.19816091 -0.19816091
 -0.19816091 -0.19816091 -0.19816091 -0.19816091 -0.19816091 -0.19816091
 -0.19816091 -0.19816091 -0.19816091 -0.19816091 -0.19816091 -0.19816091
 -0.19816091 -0.19816091 -0.19816091 -0.19816091 -0.19816091 -0.19816091
 -0.19816091 -0.19816091 -0.19816091 -0.19816091 -0.19816091 -0.19816091
 -0.19816091 -0.19816091 -0.19816091 -0.19816091 -0.19816091 -0.19816091
 -0.19816091 -0.19816091 -0.19816091 -0.19816091 -0.19816091 -0.19816091
 -0.19816091 -0.19816091 -0.19816091 -0.19816091 -0.19816091 -0.19816091
 -0.19816091 -0.19816091 -0.19816091 -0.19816091 -0.19816091 -0.19816091
 -0.19816091 -0.19816091 -0.19816091 -0.19816091 -0.19816091 -0.19816091
 -0.19816091 -0.19816091 -0.19816091 -0.19816091 -0.19816091 -0.19816091
 -0.19816091 -0.19816091 -0.19816091 -0.19816091 -0.19816091 -0.19816091
 -0.19816091 -0.19816091 -0.19816091 -0.19816091 -0.19816091 -0.19816091
 -0.19816091 -0.19816091  6.74887846 -0.19816091  6.01483035 -0.19816091
 -0.19816091 -0.19816091 -0.19816091 -0.19816091  4.2541998  -0.19816091
  5.46994059 -0.19816091 -0.19816091 -0.19816091 -0.19816091 -0.19816091
 -0.19816091 -0.19816091 -0.19816091 -0.19816091 -0.19816091 -0.19816091
 -0.19816091  3.61961458 -0.19816091 -0.19816091 -0.19816091  0.56384996
 -0.19816091 -0.19816091 -0.19816091 -0.19816091 -0.19816091 -0.19816091
 -0.19816091 -0.19816091 -0.19816091 -0.19816091 -0.19816091 -0.19816091
 -0.19816091 -0.19816091 -0.19816091 -0.19816091 -0.19816091 -0.19816091
 -0.19816091 -0.19816091 -0.19816091 -0.19816091 -0.19816091 -0.19816091
 -0.19816091 -0.19816091 -0.19816091 -0.19816091]",[0.0035403378691895027]
5,"[-0.14873868 -0.14873868 -0.14873868 -0.14873868 -0.14873868 -0.14873868
 -0.14873868 -0.14873868 -0.14873868 -0.14873868 -0.14873868 -0.14873868
 -0.14873868 -0.14873868 -0.14873868 -0.14873868 -0.14873868 -0.14873868
  3.39467052 -0.14873868 -0.14873868 -0.14873868 -0.14873868 -0.14873868
 -0.14873868 -0.14873868 -0.14873868 -0.14873868 -0.14873868 -0.14873868
 -0.14873868 -0.14873868 -0.14873868 -0.14873868 -0.14873868 -0.14873868
 -0.14873868 -0.14873868 -0.14873868 -0.14873868 -0.14873868 -0.14873868
 -0.14873868 -0.14873868 -0.14873868 -0.14873868 -0.14873868 -0.14873868
 -0.14873868 -0.14873868 -0.14873868 -0.14873868 -0.14873868 -0.14873868
 -0.14873868 -0.14873868 -0.14873868 -0.14873868  5.2619446  -0.14873868
 -0.14873868 -0.14873868 -0.14873868 -0.14873868 -0.14873868 -0.14873868
 -0.14873868 -0.14873868 -0.14873868 -0.14873868 -0.14873868 -0.14873868
 -0.14873868 -0.14873868 -0.14873868 -0.14873868 -0.14873868 -0.14873868
 -0.14873868 -0.14873868 -0.14873868 -0.14873868 -0.14873868 11.61980546
 -0.14873868 -0.14873868 -0.14873868 -0.14873868  3.02398556 -0.14873868
 -0.14873868 -0.14873868 -0.14873868 -0.14873868 -0.14873868 -0.14873868
 -0.14873868 -0.14873868 -0.14873868 -0.14873868 -0.14873868 -0.14873868
 -0.14873868 -0.14873868 -0.14873868 -0.14873868 -0.14873868 -0.14873868
 -0.14873868 -0.14873868  0.58808516 -0.14873868 -0.14873868 -0.14873868
 -0.14873868 -0.14873868 -0.14873868 -0.14873868 -0.14873868 -0.14873868
 -0.14873868 -0.14873868 -0.14873868 -0.14873868 -0.14873868 -0.14873868
 -0.14873868 -0.14873868 -0.14873868 -0.14873868 -0.14873868 -0.14873868
 -0.14873868 -0.14873868 -0.14873868 -0.14873868 -0.14873868 -0.14873868
 -0.14873868 -0.14873868 -0.14873868 -0.14873868 -0.14873868 -0.14873868
 -0.14873868 -0.14873868 -0.14873868 -0.14873868 -0.14873868 -0.14873868
 -0.14873868 -0.14873868 -0.14873868 -0.14873868 -0.14873868 -0.14873868
 -0.14873868 -0.14873868 -0.14873868 -0.14873868 -0.14873868 -0.14873868
 -0.14873868 -0.14873868 -0.14873868 -0.14873868 -0.14873868 -0.14873868
 -0.14873868 -0.14873868 -0.14873868 -0.14873868 -0.14873868  2.94799665
 -0.14873868 -0.14873868 -0.14873868 -0.14873868 -0.14873868 -0.14873868
 -0.14873868 -0.14873868 -0.14873868 -0.14873868 -0.14873868 -0.14873868
 -0.14873868 -0.14873868 -0.14873868 -0.14873868 -0.14873868 -0.14873868
 -0.14873868 -0.14873868 -0.14873868 -0.14873868 -0.14873868  3.78307615
 -0.14873868 -0.14873868  5.46818883 -0.14873868 -0.14873868 -0.14873868
 -0.14873868 -0.14873868 -0.14873868 -0.14873868 -0.14873868 -0.14873868
  4.80967954 -0.14873868 -0.14873868 -0.14873868 -0.14873868  1.0093542
 -0.14873868 -0.14873868 -0.14873868 -0.14873868 -0.14873868 -0.14873868
 -0.14873868 -0.14873868 -0.14873868 -0.14873868 -0.14873868 -0.14873868
 -0.14873868 -0.14873868 -0.14873868 -0.14873868 -0.14873868 -0.14873868
 -0.14873868 -0.14873868 -0.14873868 -0.14873868 -0.14873868 -0.14873868
 -0.14873868 -0.14873868 -0.14873868 -0.14873868 -0.14873868 -0.14873868
 -0.14873868 -0.14873868 -0.14873868 -0.14873868 -0.14873868 -0.14873868
 -0.14873868 -0.14873868 -0.14873868 -0.14873868 -0.14873868 -0.14873868
 -0.14873868 -0.14873868 -0.14873868  7.71635436 -0.14873868 -0.14873868
 -0.14873868 -0.14873868 -0.14873868 -0.14873868 -0.14873868 -0.14873868
 -0.14873868 -0.14873868 -0.14873868 -0.14873868 -0.14873868 -0.14873868
 -0.14873868 -0.14873868 -0.14873868 -0.14873868 -0.14873868 -0.14873868
 -0.14873868 -0.14873868 -0.14873868 -0.14873868 -0.14873868 -0.14873868
 -0.14873868 -0.14873868 -0.14873868 -0.14873868 -0.14873868 -0.14873868
 -0.14873868 -0.14873868 -0.14873868 -0.14873868 -0.14873868 -0.14873868
 -0.14873868 -0.14873868 -0.14873868 -0.14873868 -0.14873868 -0.14873868
 -0.14873868 -0.14873868 -0.14873868 -0.14873868 -0.14873868  5.54281311
 -0.14873868 -0.14873868 -0.14873868 -0.14873868 -0.14873868 -0.14873868
 -0.14873868 -0.14873868 -0.14873868 -0.14873868 -0.14873868 -0.14873868
 -0.14873868 -0.14873868 -0.14873868 -0.14873868 -0.14873868 -0.14873868
 -0.14873868 -0.14873868 -0.14873868 -0.14873868 -0.14873868 -0.14873868
 -0.14873868 -0.14873868 -0.14873868 -0.14873868 -0.14873868 -0.14873868
 -0.14873868 -0.14873868 -0.14873868 -0.14873868 -0.14873868 -0.14873868
 -0.14873868 -0.14873868 -0.14873868 -0.14873868 -0.14873868 -0.14873868
 -0.14873868 -0.14873868 -0.14873868 -0.14873868 -0.14873868 -0.14873868
 -0.14873868 -0.14873868 -0.14873868 -0.14873868 -0.14873868 -0.14873868
 -0.14873868 -0.14873868 -0.14873868 -0.14873868 -0.14873868 -0.14873868
 -0.14873868 -0.14873868 -0.14873868 -0.14873868 -0.14873868 -0.14873868
 -0.14873868 -0.14873868 -0.14873868 -0.14873868 -0.14873868 -0.14873868
 -0.14873868 -0.14873868 -0.14873868 -0.14873868 -0.14873868 -0.14873868
 -0.14873868 -0.14873868 -0.14873868 -0.14873868 -0.14873868 -0.14873868
 -0.14873868 -0.14873868 -0.14873868 -0.14873868 -0.14873868 -0.14873868
 -0.14873868 -0.14873868 -0.14873868 -0.14873868 -0.14873868 -0.14873868
 -0.14873868 -0.14873868 -0.14873868 -0.14873868 -0.14873868 -0.14873868
 -0.14873868 -0.14873868 -0.14873868 -0.14873868 -0.14873868 -0.14873868
 -0.14873868 -0.14873868 -0.14873868 -0.14873868 -0.14873868 -0.14873868
 -0.14873868 -0.14873868 -0.14873868 -0.14873868 -0.14873868 -0.14873868
 -0.14873868 -0.14873868 -0.14873868 -0.14873868 -0.14873868 -0.14873868
 -0.14873868 -0.14873868 -0.14873868 -0.14873868 -0.14873868 -0.14873868
 -0.14873868 -0.14873868 -0.14873868 -0.14873868 -0.14873868 -0.14873868
 -0.14873868 -0.14873868 -0.14873868 -0.14873868 -0.14873868 -0.14873868
 -0.14873868 -0.14873868 -0.14873868 -0.14873868 -0.14873868 -0.14873868
 -0.14873868 -0.14873868  9.72235278 -0.14873868  7.45638763 -0.14873868
 -0.14873868 -0.14873868 -0.14873868 -0.14873868 -0.14873868 -0.14873868
 -0.14873868 -0.14873868 -0.14873868 -0.14873868 -0.14873868 -0.14873868
 -0.14873868 -0.14873868 -0.14873868 -0.14873868 -0.14873868 -0.14873868
 -0.14873868  2.76834096 -0.14873868 -0.14873868 -0.14873868 -0.14873868
 -0.14873868 -0.14873868 -0.14873868 -0.14873868 -0.14873868 -0.14873868
 -0.14873868 -0.14873868 -0.14873868 -0.14873868 -0.14873868 -0.14873868
 -0.14873868 -0.14873868 -0.14873868 -0.14873868 -0.14873868 -0.14873868
 -0.14873868 -0.14873868 -0.14873868 -0.14873868 -0.14873868 -0.14873868
 -0.14873868 -0.14873868 -0.14873868 -0.14873868]",[-0.025810324452530564]
5,"[-0.17786025 -0.17786025 -0.17786025 -0.17786025 -0.17786025 -0.17786025
 -0.17786025 -0.17786025 -0.17786025 -0.17786025 -0.17786025 -0.17786025
 -0.17786025 -0.17786025 -0.17786025 -0.17786025 -0.17786025 -0.17786025
  6.37860189 -0.17786025 -0.17786025 -0.17786025 -0.17786025 -0.17786025
 -0.17786025 -0.17786025 -0.17786025 -0.17786025 -0.17786025 -0.17786025
 -0.17786025 -0.17786025 -0.17786025 -0.17786025 -0.17786025 -0.17786025
 -0.17786025 -0.17786025 -0.17786025 -0.17786025 -0.17786025 -0.17786025
 -0.17786025 -0.17786025 -0.17786025 -0.17786025 -0.17786025 -0.17786025
 -0.17786025 -0.17786025 -0.17786025 -0.17786025 -0.17786025 -0.17786025
 -0.17786025 -0.17786025 -0.17786025 -0.17786025 -0.17786025 -0.17786025
 -0.17786025 -0.17786025 -0.17786025 -0.17786025 -0.17786025 -0.17786025
 -0.17786025 -0.17786025 -0.17786025 -0.17786025 -0.17786025 -0.17786025
 -0.17786025 -0.17786025 -0.17786025 -0.17786025 -0.17786025 -0.17786025
 -0.17786025 -0.17786025 -0.17786025 -0.17786025 -0.17786025  6.01768036
 -0.17786025 -0.17786025 -0.17786025 -0.17786025 -0.17786025 -0.17786025
 -0.17786025 -0.17786025 -0.17786025 -0.17786025 -0.17786025 -0.17786025
 -0.17786025 -0.17786025 -0.17786025 -0.17786025 -0.17786025 -0.17786025
 -0.17786025 -0.17786025 -0.17786025 -0.17786025 -0.17786025 -0.17786025
 -0.17786025 -0.17786025  0.86612131 -0.17786025 -0.17786025 -0.17786025
 -0.17786025 -0.17786025 -0.17786025 -0.17786025 -0.17786025 -0.17786025
 -0.17786025 -0.17786025 -0.17786025 -0.17786025  5.94739378 -0.17786025
 -0.17786025 -0.17786025 -0.17786025 -0.17786025 -0.17786025 -0.17786025
 -0.17786025 -0.17786025 -0.17786025 -0.17786025 -0.17786025 -0.17786025
 -0.17786025 -0.17786025 -0.17786025 -0.17786025 -0.17786025 -0.17786025
 -0.17786025 -0.17786025 -0.17786025 -0.17786025 -0.17786025 -0.17786025
 -0.17786025 -0.17786025 -0.17786025 -0.17786025 -0.17786025 -0.17786025
 -0.17786025 -0.17786025 -0.17786025 -0.17786025 -0.17786025 -0.17786025
 -0.17786025 -0.17786025 -0.17786025 -0.17786025 -0.17786025 -0.17786025
 -0.17786025 -0.17786025 -0.17786025 -0.17786025 -0.17786025 -0.17786025
 -0.17786025 -0.17786025 -0.17786025 -0.17786025 -0.17786025 -0.17786025
 -0.17786025 -0.17786025 -0.17786025 -0.17786025 -0.17786025 -0.17786025
 -0.17786025 -0.17786025 -0.17786025 -0.17786025 -0.17786025 -0.17786025
 -0.17786025 -0.17786025 -0.17786025 -0.17786025 -0.17786025 -0.17786025
 -0.17786025 -0.17786025  4.46841824 -0.17786025 -0.17786025 -0.17786025
 -0.17786025 -0.17786025 -0.17786025 -0.17786025 -0.17786025 -0.17786025
  2.80073197 -0.17786025 -0.17786025 -0.17786025  4.05742907  6.65418219
 -0.17786025 -0.17786025 -0.17786025 -0.17786025 -0.17786025 -0.17786025
 -0.17786025 -0.17786025 -0.17786025 -0.17786025 -0.17786025 -0.17786025
 -0.17786025 -0.17786025 -0.17786025 -0.17786025 -0.17786025 -0.17786025
 -0.17786025 -0.03650529 -0.17786025 -0.17786025 -0.17786025 -0.17786025
 -0.17786025 -0.17786025 -0.17786025 -0.17786025 -0.17786025 -0.17786025
 -0.17786025 -0.17786025 -0.17786025 -0.17786025 -0.17786025 -0.17786025
 -0.17786025 -0.17786025 -0.17786025  5.95640558 -0.17786025 -0.17786025
 -0.17786025 -0.17786025 -0.17786025  4.95808323 -0.17786025  0.95901315
 -0.17786025 -0.17786025 -0.17786025 -0.17786025 -0.17786025 -0.17786025
 -0.17786025 -0.17786025  0.97171178 -0.17786025 -0.17786025 -0.17786025
 -0.17786025 -0.17786025 -0.17786025 -0.17786025 -0.17786025 -0.17786025
 -0.17786025 -0.17786025 -0.17786025 -0.17786025 -0.17786025 -0.17786025
 -0.17786025 -0.17786025 -0.17786025 -0.17786025 -0.17786025 -0.17786025
 -0.17786025 -0.17786025 -0.17786025 -0.17786025 -0.17786025 -0.17786025
 -0.17786025 -0.17786025 -0.17786025 -0.17786025 -0.17786025 -0.17786025
 -0.17786025 -0.17786025 -0.17786025 -0.17786025 -0.17786025  5.18145166
 -0.17786025 -0.17786025 -0.17786025 -0.17786025 -0.17786025 -0.17786025
 -0.17786025  4.03463839 -0.17786025 -0.17786025 -0.17786025 -0.17786025
 -0.17786025 -0.17786025 -0.17786025 -0.17786025 -0.17786025 -0.17786025
 -0.17786025 -0.17786025 -0.17786025 -0.17786025 -0.17786025 -0.17786025
 -0.17786025 -0.17786025 -0.17786025 -0.17786025 -0.17786025 -0.17786025
 -0.17786025 -0.17786025 -0.17786025 -0.17786025 -0.17786025 -0.17786025
 -0.17786025 -0.17786025 -0.17786025 -0.17786025 -0.17786025 -0.17786025
 -0.17786025 -0.17786025 -0.17786025 -0.17786025 -0.17786025 -0.17786025
 -0.17786025 -0.17786025 -0.17786025 -0.17786025 -0.17786025 -0.17786025
 -0.17786025 -0.17786025 -0.17786025 -0.17786025 -0.17786025 -0.17786025
 -0.17786025 -0.17786025 -0.17786025 -0.17786025 -0.17786025 -0.17786025
 -0.17786025 -0.17786025 -0.17786025 -0.17786025 -0.17786025 -0.17786025
 -0.17786025 -0.17786025 -0.17786025 -0.17786025 -0.17786025 -0.17786025
 -0.17786025 -0.17786025 -0.17786025 -0.17786025 -0.17786025 -0.17786025
 -0.17786025 -0.17786025 -0.17786025 -0.17786025 -0.17786025 -0.17786025
 -0.17786025 -0.17786025 -0.17786025 -0.17786025 -0.17786025 -0.17786025
 -0.17786025 -0.17786025 -0.17786025 -0.17786025 -0.17786025 -0.17786025
 -0.17786025 -0.17786025 -0.17786025 -0.17786025 -0.17786025 -0.17786025
 -0.17786025 -0.17786025 -0.17786025 -0.17786025 -0.17786025 -0.17786025
 -0.17786025 -0.17786025 -0.17786025 -0.17786025 -0.17786025 -0.17786025
 -0.17786025 -0.17786025 -0.17786025 -0.17786025 -0.17786025 -0.17786025
 -0.17786025 -0.17786025 -0.17786025 -0.17786025 -0.17786025 -0.17786025
 -0.17786025 -0.17786025 -0.17786025 -0.17786025 -0.17786025 -0.17786025
 -0.17786025 -0.17786025 -0.17786025  2.12056327 -0.17786025 -0.17786025
 -0.17786025 -0.17786025 -0.17786025 -0.17786025 -0.17786025 -0.17786025
 -0.17786025 -0.17786025  6.82830333 -0.17786025  6.96590014 -0.17786025
 -0.17786025 -0.17786025 -0.17786025  8.06011916 -0.17786025 -0.17786025
 -0.17786025 -0.17786025 -0.17786025 -0.17786025 -0.17786025 -0.17786025
 -0.17786025 -0.17786025 -0.17786025 -0.17786025 -0.17786025 -0.17786025
 -0.17786025  5.73988384 -0.17786025 -0.17786025 -0.17786025 -0.17786025
 -0.17786025 -0.17786025 -0.17786025 -0.17786025 -0.17786025 -0.17786025
 -0.17786025 -0.17786025 -0.17786025 -0.17786025 -0.17786025 -0.17786025
 -0.17786025 -0.17786025 -0.17786025 -0.17786025 -0.17786025 -0.17786025
 -0.17786025 -0.17786025 -0.17786025 -0.17786025 -0.17786025 -0.17786025
 -0.17786025 -0.17786025 -0.17786025 -0.17786025]",[0.0024960986932087703]
5,"[-0.15187525 -0.15187525 -0.15187525 -0.15187525  0.02362589 -0.15187525
 -0.15187525 -0.15187525 -0.15187525 -0.15187525 -0.15187525 -0.15187525
 -0.15187525 -0.15187525 -0.15187525 -0.15187525 -0.15187525 -0.15187525
  2.78059964 -0.15187525 -0.15187525 -0.15187525 -0.15187525 -0.15187525
 -0.15187525 -0.15187525 -0.15187525 -0.15187525 -0.15187525 -0.15187525
 -0.15187525 -0.15187525 -0.15187525 -0.15187525 -0.15187525 -0.15187525
 -0.15187525 -0.15187525 -0.15187525 -0.15187525 -0.15187525 -0.15187525
 -0.15187525 -0.15187525 -0.15187525 -0.15187525 -0.15187525 -0.15187525
 -0.15187525 -0.15187525 -0.15187525 -0.15187525 -0.15187525 -0.15187525
 -0.15187525 -0.15187525 -0.15187525 -0.15187525  4.59964404 -0.15187525
 -0.15187525 -0.15187525 -0.15187525 -0.15187525 -0.15187525 -0.15187525
 -0.15187525 -0.15187525 -0.15187525 -0.15187525 -0.15187525 -0.15187525
 -0.15187525 -0.15187525 -0.15187525 -0.15187525 -0.15187525 -0.15187525
 -0.15187525 -0.15187525 -0.15187525 -0.15187525 -0.15187525  9.56269483
 -0.15187525 -0.15187525 -0.15187525 -0.15187525  0.80905169 -0.15187525
 -0.15187525 -0.15187525 -0.15187525 -0.15187525 -0.15187525 -0.15187525
 -0.15187525 -0.15187525 -0.15187525 -0.15187525 -0.15187525 -0.15187525
 -0.15187525 -0.15187525 -0.15187525 -0.15187525 -0.15187525 -0.15187525
 -0.15187525 -0.15187525  0.58974772 -0.15187525 -0.15187525 -0.15187525
 -0.15187525 -0.15187525 -0.15187525 -0.15187525 -0.15187525 -0.15187525
 -0.15187525 -0.15187525 -0.15187525 -0.15187525 -0.15187525 -0.15187525
 -0.15187525 -0.15187525 -0.15187525 -0.15187525 -0.15187525 -0.15187525
 -0.15187525 -0.15187525 -0.15187525 -0.15187525 -0.15187525 -0.15187525
 -0.15187525 -0.15187525 -0.15187525 -0.15187525 -0.15187525 -0.15187525
 -0.15187525 -0.15187525 -0.15187525 -0.15187525 -0.15187525 -0.15187525
 -0.15187525 -0.15187525 -0.15187525 -0.15187525 -0.15187525 -0.15187525
 -0.15187525 -0.15187525 -0.15187525 -0.15187525 -0.15187525 -0.15187525
 -0.15187525 -0.15187525 -0.15187525 -0.15187525 -0.15187525 -0.15187525
 -0.15187525 -0.15187525 -0.15187525 -0.15187525 -0.15187525  3.3665144
 -0.15187525 -0.15187525 -0.15187525 -0.15187525 -0.15187525 -0.15187525
 -0.15187525 -0.15187525 -0.15187525 -0.15187525 -0.15187525 -0.15187525
  5.5097394  -0.15187525 -0.15187525 -0.15187525 -0.15187525 -0.15187525
 -0.15187525 -0.15187525 -0.15187525 -0.15187525 -0.15187525 -0.15187525
 -0.15187525 -0.15187525 -0.15187525 -0.15187525 -0.15187525 -0.15187525
 -0.15187525 -0.15187525 -0.15187525 -0.15187525 -0.15187525 -0.15187525
  8.2269328  -0.15187525 -0.15187525 -0.15187525 -0.15187525  0.86513136
 -0.15187525 -0.15187525 -0.15187525 -0.15187525 -0.15187525 -0.15187525
 -0.15187525 -0.15187525 -0.15187525 -0.15187525 -0.15187525 -0.15187525
 -0.15187525 -0.15187525 -0.15187525 -0.15187525 -0.15187525 -0.15187525
 -0.15187525 -0.15187525 -0.15187525 -0.15187525 -0.15187525 -0.15187525
 -0.15187525  0.29870773 -0.15187525 -0.15187525 -0.15187525 -0.15187525
 -0.15187525 -0.15187525 -0.15187525 -0.15187525 -0.15187525 -0.15187525
 -0.15187525 -0.15187525 -0.15187525 -0.15187525 -0.15187525 -0.15187525
 -0.15187525 -0.15187525 -0.15187525 -0.15187525 -0.15187525 -0.15187525
 -0.15187525 -0.15187525 -0.15187525 -0.15187525 -0.15187525 -0.15187525
 -0.15187525 -0.15187525  0.17918256 -0.15187525 -0.15187525 -0.15187525
 -0.15187525 -0.15187525 -0.15187525 -0.15187525 -0.15187525 -0.15187525
 -0.15187525 -0.15187525 -0.15187525 -0.15187525 -0.15187525  1.02316448
 -0.15187525 -0.15187525 -0.15187525 -0.15187525 -0.15187525 -0.15187525
 -0.15187525 -0.15187525 -0.15187525 -0.15187525 -0.15187525 -0.15187525
 -0.15187525 -0.15187525 -0.15187525 -0.15187525 -0.15187525 -0.15187525
 -0.15187525 -0.15187525 -0.15187525 -0.15187525 -0.15187525  3.3554757
 -0.15187525  1.74659414 -0.15187525 -0.15187525 -0.15187525 -0.15187525
 -0.15187525 -0.15187525 -0.15187525 -0.15187525 -0.15187525 -0.15187525
 -0.15187525 -0.15187525 -0.15187525 -0.15187525 -0.15187525 -0.15187525
 -0.15187525 -0.15187525 -0.15187525 -0.15187525 -0.15187525 -0.15187525
 -0.15187525 -0.15187525 -0.15187525 -0.15187525 -0.15187525 -0.15187525
 -0.15187525 -0.15187525 -0.15187525 -0.15187525 -0.15187525 -0.15187525
 -0.15187525 -0.15187525 -0.15187525 -0.15187525 -0.15187525 -0.15187525
 -0.15187525 -0.15187525 -0.15187525 -0.15187525 -0.15187525 -0.15187525
 -0.15187525 -0.15187525 -0.15187525 -0.15187525 -0.15187525 -0.15187525
 -0.15187525 -0.15187525 -0.15187525 -0.15187525 -0.15187525 -0.15187525
 -0.15187525 -0.15187525 -0.15187525 -0.15187525 -0.15187525 -0.15187525
 -0.15187525 -0.15187525 -0.15187525 -0.15187525 -0.15187525 -0.15187525
 -0.15187525 -0.15187525 -0.15187525 -0.15187525 -0.15187525 -0.15187525
 -0.15187525 -0.15187525 -0.15187525 -0.15187525 -0.15187525 -0.15187525
 -0.15187525 -0.15187525 -0.15187525 -0.15187525 -0.15187525 -0.15187525
 -0.15187525 -0.15187525 -0.15187525 -0.15187525 -0.15187525 -0.15187525
 -0.15187525 -0.15187525 -0.15187525 -0.15187525 -0.15187525 -0.15187525
 -0.15187525 -0.15187525 -0.15187525 -0.15187525 -0.15187525 -0.15187525
 -0.15187525 -0.15187525 -0.15187525 -0.15187525 -0.15187525 -0.15187525
 -0.15187525 -0.15187525 -0.15187525 -0.15187525 -0.15187525 -0.15187525
 -0.15187525 -0.15187525 -0.15187525 -0.15187525 -0.15187525 -0.15187525
 -0.15187525 -0.15187525 -0.15187525 -0.15187525 -0.15187525 -0.15187525
 -0.15187525 -0.15187525 -0.15187525 -0.15187525 -0.15187525 -0.15187525
 -0.15187525 -0.15187525 -0.15187525 -0.15187525 -0.15187525 -0.15187525
 -0.15187525 -0.15187525 -0.15187525 -0.15187525 -0.15187525 -0.15187525
 -0.15187525 -0.15187525  8.08711047 -0.15187525 -0.15187525 -0.15187525
  9.7069148  -0.15187525 -0.15187525 -0.15187525 -0.15187525 -0.15187525
 -0.15187525 -0.15187525 -0.15187525 -0.15187525 -0.15187525 -0.15187525
 -0.15187525 -0.15187525 -0.15187525 -0.15187525 -0.15187525 -0.15187525
 -0.15187525  8.70689017 -0.15187525 -0.15187525 -0.15187525  4.82650499
 -0.15187525 -0.15187525 -0.15187525 -0.15187525 -0.15187525 -0.15187525
 -0.15187525 -0.15187525 -0.15187525 -0.15187525 -0.15187525 -0.15187525
 -0.15187525  1.67340052 -0.15187525 -0.15187525 -0.15187525 -0.15187525
 -0.15187525 -0.15187525 -0.15187525 -0.15187525 -0.15187525 -0.15187525
 -0.15187525 -0.15187525 -0.15187525 -0.15187525]",[0.0010217471759064456]
5,"[-0.19779228 -0.19779228 -0.19779228 -0.19779228 -0.19779228 -0.19779228
 -0.19779228 -0.19779228 -0.19779228 -0.19779228 -0.19779228 -0.19779228
 -0.19779228 -0.19779228 -0.19779228 -0.19779228 -0.19779228 -0.19779228
 -0.19779228 -0.19779228 -0.19779228 -0.19779228 -0.19779228 -0.19779228
 -0.19779228 -0.19779228 -0.19779228 -0.19779228 -0.19779228 -0.19779228
 -0.19779228 -0.19779228 -0.19779228 -0.19779228 -0.19779228 -0.19779228
 -0.19779228 -0.19779228 -0.19779228 -0.19779228 -0.19779228 -0.19779228
 -0.19779228 -0.19779228 -0.19779228 -0.19779228 -0.19779228 -0.19779228
 -0.19779228 -0.19779228 -0.19779228 -0.19779228 -0.19779228 -0.19779228
 -0.19779228 -0.19779228 -0.19779228 -0.19779228 -0.19779228 -0.19779228
 -0.19779228 -0.19779228 -0.19779228 -0.19779228 -0.19779228 -0.19779228
 -0.19779228 -0.19779228 -0.19779228 -0.19779228 -0.19779228 -0.19779228
 -0.19779228 -0.19779228 -0.19779228 -0.19779228 -0.19779228 -0.19779228
 -0.19779228 -0.19779228 -0.19779228 -0.19779228 -0.19779228  8.4010082
 -0.19779228 -0.19779228 -0.19779228 -0.19779228 -0.19779228  2.10611792
  6.33905082 -0.19779228 -0.19779228 -0.19779228 -0.19779228 -0.19779228
 -0.19779228 -0.19779228 -0.19779228 -0.19779228 -0.19779228 -0.19779228
 -0.19779228 -0.19779228 -0.19779228 -0.19779228 -0.19779228 -0.19779228
 -0.19779228 -0.19779228  0.43050366 -0.19779228 -0.19779228 -0.19779228
 -0.19779228 -0.19779228 -0.19779228 -0.19779228 -0.19779228 -0.19779228
 -0.19779228 -0.19779228 -0.19779228  4.3694818  -0.19779228 -0.19779228
 -0.19779228 -0.19779228 -0.19779228 -0.19779228 -0.19779228 -0.19779228
 -0.19779228 -0.19779228 -0.19779228 -0.19779228 -0.19779228 -0.19779228
 -0.19779228 -0.19779228 -0.19779228 -0.19779228 -0.19779228 -0.19779228
 -0.19779228 -0.19779228 -0.19779228 -0.19779228 -0.19779228 -0.19779228
 -0.19779228 -0.19779228 -0.19779228 -0.19779228 -0.19779228 -0.19779228
 -0.19779228 -0.19779228 -0.19779228 -0.19779228 -0.19779228 -0.19779228
 -0.19779228 -0.19779228 -0.19779228 -0.19779228 -0.19779228 -0.19779228
 -0.19779228 -0.19779228 -0.19779228 -0.19779228 -0.19779228 -0.19779228
 -0.19779228 -0.19779228 -0.19779228 -0.19779228 -0.19779228 -0.19779228
 -0.19779228 -0.19779228 -0.19779228 -0.19779228 -0.19779228 -0.19779228
 -0.19779228 -0.19779228 -0.19779228 -0.19779228 -0.19779228 -0.19779228
 -0.19779228 -0.19779228 -0.19779228 -0.19779228 -0.19779228 -0.19779228
 -0.19779228 -0.19779228  2.27712506 -0.19779228 -0.19779228  3.75504009
 -0.19779228 -0.19779228 -0.19779228 -0.19779228 -0.19779228 -0.19779228
  5.13191768 -0.19779228 -0.19779228 -0.19779228  1.8798898   5.40868654
 -0.19779228 -0.19779228 -0.19779228 -0.19779228 -0.19779228 -0.19779228
 -0.19779228 -0.19779228 -0.19779228 -0.19779228 -0.19779228 -0.19779228
 -0.19779228 -0.19779228 -0.19779228 -0.19779228 -0.19779228 -0.19779228
 -0.19779228  3.91840946 -0.19779228 -0.19779228  3.60848116 -0.19779228
  5.94352977  0.56824563 -0.19779228 -0.19779228 -0.19779228 -0.19779228
 -0.19779228 -0.19779228 -0.19779228 -0.19779228 -0.19779228 -0.19779228
 -0.19779228 -0.19779228 -0.19779228 -0.19779228  2.77521177 -0.19779228
 -0.19779228 -0.19779228 -0.19779228  3.33441645 -0.19779228 -0.19779228
 -0.19779228 -0.19779228 -0.19779228 -0.19779228 -0.19779228 -0.19779228
 -0.19779228 -0.19779228 -0.19779228 -0.19779228 -0.19779228 -0.19779228
 -0.19779228 -0.19779228 -0.19779228 -0.19779228 -0.19779228 -0.19779228
 -0.19779228 -0.19779228 -0.19779228 -0.19779228 -0.19779228  5.64463821
 -0.19779228 -0.19779228 -0.19779228 -0.19779228 -0.19779228 -0.19779228
 -0.19779228 -0.19779228 -0.19779228 -0.19779228 -0.19779228 -0.19779228
 -0.19779228 -0.19779228 -0.19779228 -0.19779228 -0.19779228 -0.19779228
  6.50399705 -0.19779228 -0.19779228 -0.19779228 -0.19779228  5.82099631
 -0.19779228  2.40411639 -0.19779228 -0.19779228 -0.19779228 -0.19779228
 -0.19779228 -0.19779228 -0.19779228 -0.19779228 -0.19779228 -0.19779228
 -0.19779228 -0.19779228 -0.19779228 -0.19779228 -0.19779228 -0.19779228
 -0.19779228 -0.19779228 -0.19779228 -0.19779228 -0.19779228 -0.19779228
 -0.19779228 -0.19779228 -0.19779228 -0.19779228 -0.19779228 -0.19779228
 -0.19779228 -0.19779228 -0.19779228 -0.19779228 -0.19779228 -0.19779228
 -0.19779228 -0.19779228 -0.19779228 -0.19779228 -0.19779228 -0.19779228
 -0.19779228 -0.19779228 -0.19779228 -0.19779228 -0.19779228 -0.19779228
 -0.19779228 -0.19779228 -0.19779228 -0.19779228 -0.19779228 -0.19779228
 -0.19779228 -0.19779228 -0.19779228 -0.19779228 -0.19779228 -0.19779228
 -0.19779228 -0.19779228 -0.19779228 -0.19779228 -0.19779228 -0.19779228
 -0.19779228 -0.19779228 -0.19779228 -0.19779228 -0.19779228 -0.19779228
 -0.19779228 -0.19779228 -0.19779228 -0.19779228 -0.19779228 -0.19779228
 -0.19779228 -0.19779228 -0.19779228 -0.19779228 -0.19779228 -0.19779228
 -0.19779228 -0.19779228 -0.19779228 -0.19779228 -0.19779228 -0.19779228
 -0.19779228 -0.19779228 -0.19779228 -0.19779228 -0.19779228 -0.19779228
 -0.19779228 -0.19779228 -0.19779228 -0.19779228 -0.19779228 -0.19779228
 -0.19779228 -0.19779228 -0.19779228 -0.19779228 -0.19779228 -0.19779228
 -0.19779228 -0.19779228 -0.19779228 -0.19779228 -0.19779228 -0.19779228
 -0.19779228 -0.19779228 -0.19779228 -0.19779228 -0.19779228 -0.19779228
 -0.19779228 -0.19779228 -0.19779228 -0.19779228 -0.19779228 -0.19779228
 -0.19779228 -0.19779228 -0.19779228 -0.19779228 -0.19779228 -0.19779228
 -0.19779228 -0.19779228 -0.19779228 -0.19779228 -0.19779228 -0.19779228
 -0.19779228 -0.19779228 -0.19779228 -0.19779228 -0.19779228 -0.19779228
 -0.19779228 -0.19779228 -0.19779228 -0.19779228 -0.19779228 -0.19779228
 -0.19779228 -0.19779228  6.45446598 -0.19779228 -0.19779228 -0.19779228
  5.46027217 -0.19779228 -0.19779228 -0.19779228 -0.19779228 -0.19779228
 -0.19779228 -0.19779228 -0.19779228 -0.19779228 -0.19779228 -0.19779228
 -0.19779228 -0.19779228 -0.19779228 -0.19779228 -0.19779228 -0.19779228
 -0.19779228  4.2088678  -0.19779228 -0.19779228 -0.19779228 -0.19779228
 -0.19779228 -0.19779228 -0.19779228 -0.19779228 -0.19779228  1.36049963
 -0.19779228 -0.19779228 -0.19779228 -0.19779228 -0.19779228 -0.19779228
 -0.19779228 -0.19779228 -0.19779228 -0.19779228 -0.19779228 -0.19779228
 -0.19779228 -0.19779228 -0.19779228 -0.19779228 -0.19779228 -0.19779228
 -0.19779228 -0.19779228 -0.19779228 -0.19779228]",[-6.472154950552995]
5,"[-0.21135957 -0.21135957 -0.21135957 -0.21135957 -0.21135957 -0.21135957
 -0.21135957 -0.21135957 -0.21135957 -0.21135957 -0.21135957 -0.21135957
 -0.21135957 -0.21135957 -0.21135957 -0.21135957 -0.21135957 -0.21135957
  0.45318357 -0.21135957 -0.21135957 -0.21135957 -0.21135957 -0.21135957
 -0.21135957 -0.21135957 -0.21135957 -0.21135957 -0.21135957 -0.21135957
 -0.21135957 -0.21135957 -0.21135957 -0.21135957 -0.21135957 -0.21135957
 -0.21135957 -0.21135957 -0.21135957 -0.21135957 -0.21135957 -0.21135957
 -0.21135957 -0.21135957 -0.21135957 -0.21135957 -0.21135957 -0.21135957
 -0.21135957 -0.21135957 -0.21135957 -0.21135957 -0.21135957 -0.21135957
 -0.21135957 -0.21135957 -0.21135957 -0.21135957  0.62203894 -0.21135957
 -0.21135957 -0.21135957 -0.21135957 -0.21135957 -0.21135957 -0.21135957
 -0.21135957 -0.21135957 -0.21135957 -0.21135957 -0.21135957 -0.21135957
 -0.21135957 -0.21135957 -0.21135957 -0.21135957 -0.21135957 -0.21135957
 -0.21135957 -0.21135957 -0.21135957 -0.21135957 -0.21135957  8.2516564
 -0.21135957 -0.21135957  1.530188   -0.21135957 -0.21135957 -0.21135957
 -0.21135957 -0.21135957  4.30484577 -0.21135957 -0.21135957 -0.21135957
 -0.21135957 -0.21135957 -0.21135957 -0.21135957 -0.21135957 -0.21135957
 -0.21135957 -0.21135957 -0.21135957 -0.21135957 -0.21135957 -0.21135957
 -0.21135957 -0.21135957  7.17293194 -0.21135957 -0.21135957 -0.21135957
 -0.21135957 -0.21135957  0.67946767 -0.21135957 -0.21135957 -0.21135957
 -0.21135957 -0.21135957 -0.21135957 -0.21135957  3.38892246 -0.21135957
 -0.21135957 -0.21135957 -0.21135957 -0.21135957 -0.21135957 -0.21135957
 -0.21135957 -0.21135957 -0.21135957 -0.21135957 -0.21135957 -0.21135957
 -0.21135957 -0.21135957 -0.21135957 -0.21135957 -0.21135957 -0.21135957
 -0.21135957 -0.21135957 -0.21135957 -0.21135957 -0.21135957 -0.21135957
 -0.21135957 -0.21135957 -0.21135957 -0.21135957 -0.21135957 -0.21135957
 -0.21135957 -0.21135957 -0.21135957 -0.21135957 -0.21135957 -0.21135957
 -0.21135957 -0.21135957 -0.21135957 -0.21135957 -0.21135957 -0.21135957
 -0.21135957 -0.21135957 -0.21135957 -0.21135957 -0.21135957 -0.21135957
 -0.21135957 -0.21135957 -0.21135957 -0.21135957 -0.21135957 -0.21135957
 -0.21135957 -0.21135957 -0.21135957 -0.21135957 -0.21135957 -0.21135957
 -0.21135957 -0.21135957 -0.21135957 -0.21135957 -0.21135957 -0.21135957
 -0.21135957 -0.21135957 -0.21135957 -0.21135957 -0.21135957 -0.21135957
 -0.21135957 -0.21135957 -0.21135957 -0.21135957 -0.21135957 -0.21135957
 -0.21135957 -0.21135957 -0.21135957 -0.21135957 -0.21135957 -0.21135957
 -0.21135957 -0.21135957 -0.13946265 -0.21135957 -0.21135957  2.98620882
 -0.21135957 -0.21135957 -0.21135957 -0.21135957 -0.21135957 -0.21135957
 -0.21135957 -0.21135957 -0.21135957 -0.21135957 -0.21135957 -0.21135957
 -0.21135957 -0.21135957 -0.21135957  1.63004384 -0.21135957 -0.21135957
 -0.21135957  3.88686474 -0.21135957  4.51959     4.5038644  -0.21135957
  3.96104829 -0.21135957 -0.21135957  3.84053895 -0.21135957 -0.21135957
 -0.21135957 -0.21135957 -0.21135957 -0.21135957 -0.21135957 -0.21135957
 -0.21135957 -0.21135957 -0.21135957  2.95448874  4.79047392 -0.21135957
 -0.21135957 -0.21135957 -0.21135957  3.13700844 -0.21135957  1.3699743
 -0.21135957 -0.21135957 -0.21135957  3.49163861  1.16063012 -0.21135957
 -0.21135957 -0.21135957 -0.21135957 -0.21135957  5.6458113   7.72062769
 -0.21135957 -0.21135957 -0.21135957 -0.21135957  0.72593611 -0.21135957
 -0.21135957  1.02597148 -0.21135957 -0.21135957 -0.21135957  3.86540484
 -0.21135957 -0.21135957 -0.21135957 -0.21135957 -0.21135957 -0.21135957
 -0.21135957 -0.21135957 -0.21135957 -0.21135957 -0.21135957 -0.21135957
 -0.21135957 -0.21135957 -0.21135957 -0.21135957 -0.21135957 -0.21135957
 -0.21135957 -0.21135957 -0.21135957 -0.21135957 -0.21135957  1.47063727
 -0.21135957 -0.21135957 -0.21135957 -0.21135957 -0.21135957 -0.21135957
 -0.21135957 -0.21135957 -0.21135957 -0.21135957 -0.21135957 -0.21135957
 -0.21135957 -0.21135957 -0.21135957 -0.21135957 -0.21135957 -0.21135957
 -0.21135957 -0.21135957 -0.21135957 -0.21135957 -0.21135957 -0.21135957
 -0.21135957 -0.21135957 -0.21135957 -0.21135957 -0.21135957 -0.21135957
 -0.21135957 -0.21135957 -0.21135957 -0.21135957 -0.21135957 -0.21135957
 -0.21135957 -0.21135957 -0.21135957 -0.21135957 -0.21135957 -0.21135957
 -0.21135957 -0.21135957 -0.21135957 -0.21135957 -0.21135957 -0.21135957
 -0.21135957 -0.21135957 -0.21135957 -0.21135957 -0.21135957 -0.21135957
 -0.21135957 -0.21135957 -0.21135957 -0.21135957 -0.21135957 -0.21135957
 -0.21135957 -0.21135957 -0.21135957 -0.21135957 -0.21135957 -0.21135957
 -0.21135957 -0.21135957 -0.21135957 -0.21135957 -0.21135957 -0.21135957
 -0.21135957 -0.21135957 -0.21135957 -0.21135957 -0.21135957 -0.21135957
 -0.21135957 -0.21135957 -0.21135957 -0.21135957 -0.21135957 -0.21135957
 -0.21135957 -0.21135957 -0.21135957 -0.21135957 -0.21135957 -0.21135957
 -0.21135957 -0.21135957 -0.21135957 -0.21135957 -0.21135957 -0.21135957
 -0.21135957 -0.21135957 -0.21135957 -0.21135957 -0.21135957 -0.21135957
 -0.21135957 -0.21135957 -0.21135957 -0.21135957 -0.21135957 -0.21135957
 -0.21135957 -0.21135957 -0.21135957 -0.21135957 -0.21135957  5.81424742
 -0.21135957 -0.21135957 -0.21135957 -0.21135957 -0.21135957 -0.21135957
 -0.21135957 -0.21135957 -0.21135957 -0.21135957 -0.21135957 -0.21135957
 -0.21135957 -0.21135957 -0.21135957 -0.21135957 -0.21135957 -0.21135957
 -0.21135957 -0.21135957 -0.21135957 -0.21135957 -0.21135957 -0.21135957
 -0.21135957 -0.21135957 -0.21135957 -0.21135957 -0.21135957 -0.21135957
 -0.21135957 -0.21135957 -0.21135957 -0.21135957 -0.21135957 -0.21135957
 -0.21135957 -0.21135957  6.48004166 -0.21135957 -0.21135957 -0.21135957
 -0.21135957 -0.21135957 -0.21135957 -0.21135957 -0.21135957 -0.21135957
 -0.21135957 -0.21135957 -0.21135957 -0.21135957 -0.21135957 -0.21135957
 -0.21135957 -0.21135957 -0.21135957 -0.21135957 -0.21135957 -0.21135957
 -0.21135957  2.11000656 -0.21135957 -0.21135957 -0.21135957 -0.21135957
 -0.21135957 -0.21135957 -0.21135957 -0.21135957 -0.21135957 -0.21135957
 -0.21135957 -0.21135957 -0.21135957 -0.21135957 -0.21135957 -0.21135957
 -0.21135957 -0.21135957 -0.21135957 -0.21135957 -0.21135957 -0.21135957
 -0.21135957 -0.21135957 -0.21135957 -0.21135957 -0.21135957 -0.21135957
 -0.21135957 -0.21135957 -0.21135957 -0.21135957]",[-0.00865367207701917]
5,"[-0.13386374 -0.13386374 -0.13386374 -0.13386374  0.26476228 -0.13386374
 -0.13386374 -0.13386374 -0.13386374 -0.13386374 -0.13386374 -0.13386374
 -0.13386374 -0.13386374 -0.13386374 -0.13386374 -0.13386374 -0.13386374
 -0.13386374 -0.13386374 -0.13386374 -0.13386374 -0.13386374 -0.13386374
 -0.13386374 -0.13386374 -0.13386374 -0.13386374 -0.13386374  2.96613552
 -0.13386374 -0.13386374 -0.13386374 -0.13386374 -0.13386374 -0.13386374
 -0.13386374 -0.13386374 -0.13386374 -0.13386374 -0.13386374 -0.13386374
 -0.13386374 -0.13386374 -0.13386374 -0.13386374 -0.13386374 -0.13386374
 -0.13386374 -0.13386374 -0.13386374 -0.13386374 -0.13386374 -0.13386374
 -0.13386374 -0.13386374  4.60623656 -0.13386374  3.98004816 -0.13386374
 -0.13386374 -0.13386374 -0.13386374 -0.13386374 -0.13386374 -0.13386374
 -0.13386374 -0.13386374 -0.13386374 -0.13386374 -0.13386374 -0.13386374
 -0.13386374 -0.13386374 -0.13386374 -0.13386374 -0.13386374 -0.13386374
 -0.13386374 -0.13386374 -0.13386374 -0.13386374 -0.13386374 -0.13386374
 -0.13386374 -0.13386374 -0.13386374 -0.13386374 -0.13386374 -0.13386374
 -0.13386374 -0.13386374 -0.13386374 -0.13386374 -0.13386374 -0.13386374
 -0.13386374 -0.13386374 -0.13386374 -0.13386374 -0.13386374 -0.13386374
 -0.13386374 -0.13386374 -0.13386374 -0.13386374 -0.13386374 -0.13386374
 -0.13386374 -0.13386374  0.31813696 -0.13386374 -0.13386374 -0.13386374
 -0.13386374 -0.13386374 -0.13386374 -0.13386374 -0.13386374 -0.13386374
 -0.13386374 -0.13386374 -0.13386374 -0.13386374 -0.13386374 -0.13386374
 -0.13386374 -0.13386374 -0.13386374 -0.13386374 -0.13386374 -0.13386374
 -0.13386374 -0.13386374 -0.13386374 -0.13386374 -0.13386374 -0.13386374
 -0.13386374 -0.13386374 -0.13386374 -0.13386374 -0.13386374 -0.13386374
 -0.13386374 -0.13386374 -0.13386374 -0.13386374 -0.13386374 -0.13386374
 -0.13386374 -0.13386374 -0.13386374 -0.13386374 -0.13386374 -0.13386374
 -0.13386374 -0.13386374 -0.13386374 -0.13386374 -0.13386374 -0.13386374
 -0.13386374 -0.13386374 -0.13386374 -0.13386374 -0.13386374 -0.13386374
 -0.13386374 -0.13386374 -0.13386374 -0.13386374 -0.13386374 -0.13386374
 -0.13386374 -0.13386374 -0.13386374 -0.13386374 -0.13386374 -0.13386374
 -0.13386374 -0.13386374 -0.13386374 -0.13386374 -0.13386374 -0.13386374
  7.80508774 -0.13386374 -0.13386374 -0.13386374 -0.13386374 -0.13386374
 -0.13386374 -0.13386374 -0.13386374 -0.13386374 -0.13386374 -0.13386374
 -0.13386374 -0.13386374  5.96001248 -0.13386374 -0.13386374 -0.13386374
 -0.13386374 -0.13386374 -0.13386374 -0.13386374 -0.13386374 -0.13386374
  5.40366789 -0.13386374 -0.13386374 -0.13386374 -0.13386374  5.72451985
 -0.13386374 -0.13386374 -0.13386374 -0.13386374 -0.13386374 -0.13386374
 -0.13386374 -0.13386374 -0.13386374 -0.13386374 -0.13386374 -0.13386374
 -0.13386374 -0.13386374 -0.13386374 -0.13386374 -0.13386374 -0.13386374
 -0.13386374 -0.13386374 -0.13386374 -0.13386374 -0.13386374 -0.13386374
 -0.13386374 -0.13386374 -0.13386374 -0.13386374 -0.13386374 -0.13386374
 -0.13386374 -0.13386374 -0.13386374 -0.13386374 -0.13386374 -0.13386374
 -0.13386374 -0.13386374 -0.13386374 -0.13386374 -0.13386374 -0.13386374
 -0.13386374 -0.13386374 -0.13386374 -0.13386374 -0.13386374 -0.13386374
 -0.13386374 -0.13386374 -0.13386374 -0.13386374 -0.13386374 -0.13386374
 -0.13386374 -0.13386374 -0.13386374 -0.13386374 -0.13386374 -0.13386374
 -0.13386374 -0.13386374 -0.13386374 -0.13386374 -0.13386374 -0.13386374
 -0.13386374 -0.13386374 -0.13386374 -0.13386374 -0.13386374 -0.13386374
 -0.13386374 -0.13386374 -0.13386374 -0.13386374 -0.13386374 -0.13386374
 -0.13386374 -0.13386374 -0.13386374 -0.13386374 -0.13386374 -0.13386374
 -0.13386374 -0.13386374 -0.13386374 -0.13386374 -0.13386374 -0.13386374
 -0.13386374 -0.13386374 -0.13386374 -0.13386374 -0.13386374 -0.13386374
 -0.13386374 -0.13386374 -0.13386374 -0.13386374 -0.13386374 -0.13386374
 -0.13386374 -0.13386374 -0.13386374 -0.13386374 -0.13386374 -0.13386374
 -0.13386374 -0.13386374 -0.13386374 -0.13386374 -0.13386374 -0.13386374
 -0.13386374 -0.13386374 -0.13386374 -0.13386374 -0.13386374 -0.13386374
 -0.13386374 -0.13386374 -0.13386374 -0.13386374 -0.13386374 -0.13386374
 -0.13386374 -0.13386374 -0.13386374 -0.13386374 -0.13386374 -0.13386374
 -0.13386374 -0.13386374 -0.13386374 -0.13386374 -0.13386374 -0.13386374
 -0.13386374 -0.13386374 -0.13386374 -0.13386374 -0.13386374 -0.13386374
 -0.13386374 -0.13386374 -0.13386374 -0.13386374 -0.13386374 -0.13386374
 -0.13386374 -0.13386374 -0.13386374 -0.13386374 -0.13386374 -0.13386374
 -0.13386374 -0.13386374 -0.13386374 -0.13386374 -0.13386374 -0.13386374
 -0.13386374 -0.13386374 -0.13386374 -0.13386374 -0.13386374 -0.13386374
 -0.13386374 -0.13386374 -0.13386374 -0.13386374 -0.13386374 -0.13386374
 -0.13386374 -0.13386374 -0.13386374 -0.13386374 -0.13386374 -0.13386374
 -0.13386374 -0.13386374 -0.13386374 -0.13386374 -0.13386374 -0.13386374
 -0.13386374 -0.13386374 -0.13386374 -0.13386374 -0.13386374 -0.13386374
 -0.13386374 -0.13386374 -0.13386374 -0.13386374 -0.13386374 -0.13386374
 -0.13386374 -0.13386374 -0.13386374 -0.13386374 -0.13386374 -0.13386374
 -0.13386374 -0.13386374 -0.13386374 -0.13386374 -0.13386374 -0.13386374
 -0.13386374 -0.13386374 -0.13386374 -0.13386374 -0.13386374 -0.13386374
 -0.13386374 -0.13386374 -0.13386374 -0.13386374 -0.13386374 -0.13386374
 -0.13386374 -0.13386374 -0.13386374 -0.13386374 -0.13386374 -0.13386374
 -0.13386374 -0.13386374 -0.13386374 -0.13386374 -0.13386374 -0.13386374
 -0.13386374 -0.13386374 -0.13386374 -0.13386374 -0.13386374 -0.13386374
 -0.13386374 -0.13386374 -0.13386374 -0.13386374 -0.13386374 -0.13386374
 -0.13386374 -0.13386374  8.95140546 -0.13386374 -0.13386374 -0.13386374
 13.96166768 -0.13386374 -0.13386374 -0.13386374 -0.13386374 -0.13386374
 -0.13386374 -0.13386374 -0.13386374 -0.13386374 -0.13386374 -0.13386374
 -0.13386374 -0.13386374 -0.13386374 -0.13386374 -0.13386374 -0.13386374
 -0.13386374 -0.13386374 -0.13386374 -0.13386374 -0.13386374  3.9709601
 -0.13386374 -0.13386374 -0.13386374 -0.13386374 -0.13386374 -0.13386374
 -0.13386374 -0.13386374 -0.13386374 -0.13386374 -0.13386374 -0.13386374
 -0.13386374 -0.13386374  3.95627341 -0.13386374 -0.13386374 -0.13386374
 -0.13386374 -0.13386374 -0.13386374 -0.13386374 -0.13386374 -0.13386374
 -0.13386374 -0.13386374 -0.13386374 -0.13386374]",[-0.0007108345138803485]
5,"[-0.20384454 -0.20384454 -0.20384454 -0.20384454  0.31232969 -0.20384454
 -0.20384454 -0.20384454 -0.20384454 -0.20384454 -0.20384454 -0.20384454
 -0.20384454 -0.20384454 -0.20384454 -0.20384454 -0.20384454 -0.20384454
 -0.20384454 -0.20384454 -0.20384454 -0.20384454 -0.20384454 -0.20384454
 -0.20384454 -0.20384454 -0.20384454 -0.20384454 -0.20384454 -0.20384454
 -0.20384454 -0.20384454 -0.20384454 -0.20384454 -0.20384454 -0.20384454
 -0.20384454 -0.20384454 -0.20384454 -0.20384454 -0.20384454 -0.20384454
 -0.20384454 -0.20384454 -0.20384454 -0.20384454 -0.20384454 -0.20384454
 -0.20384454 -0.20384454 -0.20384454 -0.20384454 -0.20384454 -0.20384454
 -0.20384454 -0.20384454 -0.20384454 -0.20384454 -0.20384454 -0.20384454
 -0.20384454 -0.20384454 -0.20384454 -0.20384454 -0.20384454 -0.20384454
 -0.20384454 -0.20384454 -0.20384454 -0.20384454 -0.20384454 -0.20384454
 -0.20384454 -0.20384454 -0.20384454 -0.20384454 -0.20384454 -0.20384454
 -0.20384454 -0.20384454 -0.20384454 -0.20384454 -0.20384454  6.49690506
 -0.20384454 -0.20384454 -0.20384454 -0.20384454 -0.20384454 -0.20384454
 -0.20384454 -0.20384454  2.82639826 -0.20384454 -0.20384454 -0.20384454
 -0.20384454 -0.20384454 -0.20384454 -0.20384454 -0.20384454 -0.20384454
 -0.20384454 -0.20384454 -0.20384454 -0.20384454 -0.20384454 -0.20384454
 -0.20384454 -0.20384454 -0.20384454 -0.20384454 -0.20384454 -0.20384454
 -0.20384454 -0.20384454 -0.20384454 -0.20384454 -0.20384454 -0.20384454
 -0.20384454 -0.20384454 -0.20384454 -0.20384454 -0.20384454 -0.20384454
 -0.20384454 -0.20384454 -0.20384454 -0.20384454 -0.20384454 -0.20384454
 -0.20384454 -0.20384454 -0.20384454 -0.20384454 -0.20384454 -0.20384454
 -0.20384454 -0.20384454 -0.20384454 -0.20384454 -0.20384454 -0.20384454
 -0.20384454 -0.20384454 -0.20384454 -0.20384454 -0.20384454 -0.20384454
 -0.20384454 -0.20384454 -0.20384454 -0.20384454 -0.20384454 -0.20384454
 -0.20384454 -0.20384454 -0.20384454 -0.20384454 -0.20384454 -0.20384454
 -0.20384454 -0.20384454 -0.20384454 -0.20384454 -0.20384454 -0.20384454
 -0.20384454 -0.20384454 -0.20384454 -0.20384454 -0.20384454 -0.20384454
 -0.20384454 -0.20384454 -0.20384454 -0.20384454  4.82961096 -0.20384454
 -0.20384454 -0.20384454 -0.20384454 -0.20384454 -0.20384454 -0.20384454
 -0.20384454 -0.20384454 -0.20384454 -0.20384454 -0.20384454 -0.20384454
 -0.20384454 -0.20384454  2.56023131 -0.20384454 -0.20384454 -0.20384454
 -0.20384454 -0.20384454 -0.20384454 -0.20384454 -0.20384454 -0.20384454
 -0.20384454 -0.20384454 -0.20384454 -0.20384454 -0.20384454 -0.20384454
  1.95379898 -0.20384454  0.44836725 -0.20384454 -0.20384454  2.80316517
 -0.20384454 -0.20384454 -0.20384454 -0.20384454 -0.20384454 -0.20384454
 -0.20384454 -0.20384454 -0.20384454 -0.20384454 -0.20384454 -0.20384454
 -0.20384454 -0.20384454 -0.20384454 -0.20384454 -0.20384454 -0.20384454
 -0.20384454  4.07614796 -0.20384454  4.14114803  4.8423592  -0.20384454
  4.23326451  1.56983062 -0.20384454 -0.20384454 -0.20384454 -0.20384454
 -0.20384454 -0.20384454 -0.20384454 -0.20384454 -0.20384454 -0.20384454
 -0.20384454 -0.20384454 -0.20384454  6.1583086  -0.20384454 -0.20384454
 -0.20384454 -0.20384454  4.7097856   3.82661176 -0.20384454 -0.20384454
 -0.20384454 -0.20384454 -0.20384454 -0.20384454 -0.20384454 -0.20384454
 -0.20384454 -0.20384454  6.84046656 -0.20384454  5.71504016 -0.20384454
 -0.20384454 -0.20384454 -0.20384454 -0.20384454 -0.20384454 -0.20384454
 -0.20384454  3.03919977 -0.20384454 -0.20384454 -0.20384454  7.05450502
 -0.20384454 -0.20384454 -0.20384454 -0.20384454 -0.20384454 -0.20384454
 -0.20384454 -0.20384454 -0.20384454 -0.20384454 -0.20384454 -0.20384454
 -0.20384454 -0.20384454 -0.20384454 -0.20384454  1.40661151 -0.20384454
 -0.20384454 -0.20384454 -0.20384454 -0.20384454 -0.20384454 -0.20384454
 -0.20384454  1.98298305 -0.20384454 -0.20384454 -0.20384454 -0.20384454
 -0.20384454 -0.20384454 -0.20384454 -0.20384454 -0.20384454 -0.20384454
 -0.20384454 -0.20384454 -0.20384454 -0.20384454 -0.20384454 -0.20384454
 -0.20384454 -0.20384454 -0.20384454 -0.20384454 -0.20384454 -0.20384454
 -0.20384454 -0.20384454 -0.20384454 -0.20384454 -0.20384454 -0.20384454
 -0.20384454 -0.20384454 -0.20384454 -0.20384454 -0.20384454 -0.20384454
 -0.20384454 -0.20384454 -0.20384454 -0.20384454 -0.20384454 -0.20384454
 -0.20384454 -0.20384454 -0.20384454 -0.20384454 -0.20384454 -0.20384454
 -0.20384454 -0.20384454 -0.20384454 -0.20384454 -0.20384454 -0.20384454
 -0.20384454 -0.20384454 -0.20384454 -0.20384454 -0.20384454 -0.20384454
 -0.20384454 -0.20384454 -0.20384454 -0.20384454 -0.20384454 -0.20384454
 -0.20384454 -0.20384454 -0.20384454 -0.20384454 -0.20384454 -0.20384454
 -0.20384454 -0.20384454 -0.20384454 -0.20384454 -0.20384454 -0.20384454
 -0.20384454 -0.20384454 -0.20384454 -0.20384454 -0.20384454 -0.20384454
 -0.20384454 -0.20384454 -0.20384454 -0.20384454 -0.20384454 -0.20384454
 -0.20384454 -0.20384454 -0.20384454 -0.20384454 -0.20384454 -0.20384454
 -0.20384454 -0.20384454 -0.20384454 -0.20384454 -0.20384454 -0.20384454
 -0.20384454 -0.20384454 -0.20384454 -0.20384454 -0.20384454 -0.20384454
 -0.20384454 -0.20384454 -0.20384454 -0.20384454 -0.20384454 -0.20384454
 -0.20384454 -0.20384454 -0.20384454 -0.20384454 -0.20384454 -0.20384454
 -0.20384454 -0.20384454 -0.20384454 -0.20384454 -0.20384454 -0.20384454
 -0.20384454 -0.20384454 -0.20384454 -0.20384454 -0.20384454 -0.20384454
 -0.20384454 -0.20384454 -0.20384454 -0.20384454 -0.20384454 -0.20384454
 -0.20384454 -0.20384454 -0.20384454 -0.20384454 -0.20384454 -0.20384454
 -0.20384454 -0.20384454 -0.20384454 -0.20384454 -0.20384454 -0.20384454
 -0.20384454 -0.20384454  0.85237218 -0.20384454 -0.20384454 -0.20384454
  6.67633934 -0.20384454 -0.20384454 -0.20384454  6.40316373 -0.20384454
 -0.20384454 -0.20384454 -0.20384454 -0.20384454 -0.20384454 -0.20384454
 -0.20384454 -0.20384454 -0.20384454 -0.20384454 -0.20384454 -0.20384454
 -0.20384454  4.94025685 -0.20384454 -0.20384454 -0.20384454 -0.20384454
 -0.20384454 -0.20384454 -0.20384454 -0.20384454 -0.20384454 -0.20384454
 -0.20384454 -0.20384454 -0.20384454 -0.20384454 -0.20384454 -0.20384454
 -0.20384454 -0.20384454 -0.20384454 -0.20384454 -0.20384454 -0.20384454
 -0.20384454 -0.20384454 -0.20384454 -0.20384454 -0.20384454 -0.20384454
 -0.20384454 -0.20384454 -0.20384454 -0.20384454]",[0.019258261208745048]
5,"[-0.21221706 -0.21221706 -0.21221706 -0.21221706 -0.21221706 -0.21221706
 -0.21221706 -0.21221706 -0.21221706 -0.21221706 -0.21221706 -0.21221706
 -0.21221706 -0.21221706 -0.21221706 -0.21221706 -0.21221706 -0.21221706
  1.76569808 -0.21221706 -0.21221706 -0.21221706 -0.21221706 -0.21221706
 -0.21221706 -0.21221706 -0.21221706  0.67846426 -0.21221706 -0.21221706
 -0.21221706 -0.21221706 -0.21221706 -0.21221706 -0.21221706 -0.21221706
 -0.21221706 -0.21221706 -0.21221706 -0.21221706 -0.21221706 -0.21221706
 -0.21221706 -0.21221706 -0.21221706 -0.21221706 -0.21221706 -0.21221706
 -0.21221706 -0.21221706 -0.21221706 -0.21221706 -0.21221706 -0.21221706
 -0.21221706 -0.21221706 -0.21221706 -0.21221706  2.75275462 -0.21221706
 -0.21221706 -0.21221706 -0.21221706 -0.21221706 -0.21221706 -0.21221706
 -0.21221706 -0.21221706 -0.21221706 -0.21221706 -0.21221706 -0.21221706
 -0.21221706 -0.21221706 -0.21221706 -0.21221706 -0.21221706 -0.21221706
 -0.21221706 -0.21221706 -0.21221706 -0.21221706 -0.21221706  7.60732378
 -0.21221706 -0.21221706 -0.21221706 -0.21221706  0.82514998 -0.21221706
 -0.21221706 -0.21221706 -0.21221706 -0.21221706 -0.21221706 -0.21221706
 -0.21221706 -0.21221706 -0.21221706 -0.21221706 -0.21221706 -0.21221706
 -0.21221706 -0.21221706 -0.21221706 -0.21221706 -0.21221706 -0.21221706
 -0.21221706 -0.21221706  0.7428875  -0.21221706 -0.21221706 -0.21221706
 -0.21221706 -0.21221706 -0.21221706 -0.21221706 -0.21221706 -0.21221706
 -0.21221706 -0.21221706 -0.21221706 -0.21221706 -0.21221706 -0.21221706
 -0.21221706 -0.21221706 -0.21221706 -0.21221706 -0.21221706 -0.21221706
 -0.21221706 -0.21221706 -0.21221706 -0.21221706 -0.21221706 -0.21221706
 -0.21221706 -0.21221706 -0.21221706 -0.21221706 -0.21221706 -0.21221706
 -0.21221706 -0.21221706 -0.21221706 -0.21221706 -0.21221706 -0.21221706
 -0.21221706 -0.21221706 -0.21221706 -0.21221706 -0.21221706 -0.21221706
 -0.21221706 -0.21221706 -0.21221706 -0.21221706 -0.21221706 -0.21221706
 -0.21221706 -0.21221706 -0.21221706 -0.21221706 -0.21221706 -0.21221706
 -0.21221706 -0.21221706 -0.21221706 -0.21221706 -0.21221706  2.90719874
 -0.21221706 -0.21221706 -0.21221706 -0.21221706 -0.21221706 -0.21221706
 -0.21221706 -0.21221706 -0.21221706 -0.21221706 -0.21221706 -0.21221706
  2.16957747 -0.21221706 -0.21221706 -0.21221706 -0.21221706 -0.21221706
 -0.21221706 -0.21221706  4.02202119 -0.21221706 -0.21221706 -0.21221706
 -0.21221706 -0.21221706  2.56550059 -0.21221706 -0.21221706 -0.21221706
 -0.21221706 -0.21221706 -0.21221706 -0.21221706 -0.21221706 -0.21221706
  4.31607637 -0.21221706 -0.21221706 -0.21221706 -0.21221706  3.4306845
 -0.21221706 -0.21221706 -0.21221706 -0.21221706 -0.21221706 -0.21221706
 -0.21221706 -0.21221706 -0.21221706 -0.21221706 -0.21221706 -0.21221706
 -0.21221706 -0.21221706 -0.21221706 -0.21221706 -0.21221706 -0.21221706
 -0.21221706  0.13917676 -0.21221706 -0.21221706 -0.21221706 -0.21221706
  0.21475841  4.06905015 -0.21221706 -0.21221706 -0.21221706 -0.21221706
 -0.21221706 -0.21221706 -0.21221706 -0.21221706 -0.21221706 -0.21221706
 -0.21221706 -0.21221706 -0.21221706 -0.21221706 -0.21221706 -0.21221706
 -0.21221706 -0.21221706 -0.21221706  3.40237428 -0.21221706 -0.21221706
 -0.21221706 -0.21221706 -0.21221706 -0.21221706 -0.21221706 -0.21221706
 -0.21221706 -0.21221706 -0.21221706 -0.21221706 -0.21221706 -0.21221706
 -0.21221706 -0.21221706 -0.21221706 -0.21221706 -0.21221706 -0.21221706
 -0.21221706 -0.21221706 -0.21221706 -0.21221706 -0.21221706 -0.21221706
 -0.21221706 -0.21221706 -0.21221706 -0.21221706 -0.21221706 -0.21221706
 -0.21221706 -0.21221706 -0.21221706 -0.21221706 -0.21221706 -0.21221706
 -0.21221706 -0.21221706 -0.21221706 -0.21221706 -0.21221706 -0.21221706
 -0.21221706 -0.21221706 -0.21221706 -0.21221706 -0.21221706  4.22316127
 -0.21221706 -0.21221706 -0.21221706 -0.21221706 -0.21221706 -0.21221706
 -0.21221706 -0.21221706 -0.21221706 -0.21221706 -0.21221706 -0.21221706
 -0.21221706 -0.21221706 -0.21221706 -0.21221706 -0.21221706 -0.21221706
 -0.21221706 -0.21221706 -0.21221706 -0.21221706 -0.21221706 -0.21221706
 -0.21221706 -0.21221706 -0.21221706 -0.21221706 -0.21221706 -0.21221706
 -0.21221706 -0.21221706 -0.21221706 -0.21221706 -0.21221706 -0.21221706
 -0.21221706 -0.21221706 -0.21221706 -0.21221706 -0.21221706 -0.21221706
 -0.21221706 -0.21221706  2.80001191 -0.21221706 -0.21221706 -0.21221706
 -0.21221706 -0.21221706 -0.21221706 -0.21221706 -0.21221706 -0.21221706
 -0.21221706 -0.21221706 -0.21221706 -0.21221706 -0.21221706 -0.21221706
 -0.21221706 -0.21221706 -0.21221706 -0.21221706 -0.21221706 -0.21221706
 -0.21221706 -0.21221706 -0.21221706 -0.21221706 -0.21221706 -0.21221706
 -0.21221706 -0.21221706 -0.21221706 -0.21221706 -0.21221706 -0.21221706
 -0.21221706 -0.21221706 -0.21221706 -0.21221706 -0.21221706 -0.21221706
 -0.21221706 -0.21221706 -0.21221706 -0.21221706 -0.21221706 -0.21221706
 -0.21221706 -0.21221706 -0.21221706 -0.21221706 -0.21221706 -0.21221706
 -0.21221706 -0.21221706 -0.21221706 -0.21221706 -0.21221706 -0.21221706
 -0.21221706 -0.21221706 -0.21221706 -0.21221706 -0.21221706 -0.21221706
 -0.21221706 -0.21221706 -0.21221706 -0.21221706 -0.21221706 -0.21221706
 -0.21221706 -0.21221706 -0.21221706 -0.21221706 -0.21221706 -0.21221706
 -0.21221706 -0.21221706 -0.21221706 -0.21221706 -0.21221706 -0.21221706
 -0.21221706 -0.21221706 -0.21221706 -0.21221706 -0.21221706 -0.21221706
 -0.21221706 -0.21221706 -0.21221706 -0.21221706 -0.21221706 -0.21221706
 -0.21221706 -0.21221706 -0.21221706 -0.21221706 -0.21221706 -0.21221706
 -0.21221706 -0.21221706 -0.21221706 -0.21221706 -0.21221706 -0.21221706
 -0.21221706 -0.21221706  1.39651176 -0.21221706  8.4088747  -0.21221706
  7.34606581  4.84152713 -0.21221706  4.56343383  4.31056053 -0.21221706
  4.89651719 -0.21221706 -0.21221706 -0.21221706 -0.21221706 -0.21221706
 -0.21221706 -0.21221706 -0.21221706 -0.21221706 -0.21221706  6.41604054
 -0.21221706  5.06984326  2.92701155 -0.21221706 -0.21221706  4.20061001
 -0.21221706 -0.21221706 -0.21221706 -0.21221706 -0.21221706  0.97749408
 -0.21221706 -0.21221706 -0.21221706 -0.21221706 -0.21221706 -0.21221706
 -0.21221706 -0.21221706 -0.21221706 -0.21221706 -0.21221706 -0.21221706
 -0.21221706 -0.21221706 -0.21221706 -0.21221706 -0.21221706 -0.21221706
 -0.21221706 -0.21221706 -0.21221706 -0.21221706]",[0.06605486707537334]
5,"[-1.79583169e-01 -1.79583169e-01 -1.79583169e-01 -1.79583169e-01
 -1.79583169e-01 -1.79583169e-01 -1.79583169e-01 -1.79583169e-01
 -1.79583169e-01 -1.79583169e-01 -1.79583169e-01 -1.79583169e-01
 -1.79583169e-01 -1.79583169e-01 -1.79583169e-01 -1.79583169e-01
 -1.79583169e-01  1.71376497e+00 -1.79583169e-01 -1.79583169e-01
 -1.79583169e-01 -1.79583169e-01 -1.79583169e-01 -1.79583169e-01
 -1.79583169e-01 -1.79583169e-01 -1.79583169e-01 -1.79583169e-01
 -1.79583169e-01 -1.79583169e-01 -1.79583169e-01 -1.79583169e-01
 -1.79583169e-01 -1.79583169e-01 -1.79583169e-01 -1.79583169e-01
 -1.79583169e-01 -1.79583169e-01 -1.79583169e-01 -1.79583169e-01
 -1.79583169e-01 -1.79583169e-01 -1.79583169e-01 -1.79583169e-01
 -1.79583169e-01 -1.79583169e-01 -1.79583169e-01 -1.79583169e-01
 -1.79583169e-01 -1.79583169e-01 -1.79583169e-01 -1.79583169e-01
 -1.79583169e-01 -1.79583169e-01 -1.79583169e-01 -1.79583169e-01
 -1.79583169e-01 -1.79583169e-01 -1.79583169e-01 -1.79583169e-01
 -1.79583169e-01 -1.79583169e-01 -1.79583169e-01 -1.79583169e-01
 -1.79583169e-01 -1.79583169e-01 -1.79583169e-01 -1.79583169e-01
 -1.79583169e-01 -1.79583169e-01 -1.79583169e-01 -1.79583169e-01
 -1.79583169e-01 -1.79583169e-01 -1.79583169e-01 -1.79583169e-01
 -1.79583169e-01 -1.79583169e-01 -1.79583169e-01 -1.79583169e-01
 -1.79583169e-01 -1.79583169e-01 -1.79583169e-01  8.36364751e+00
 -1.79583169e-01 -1.79583169e-01 -1.79583169e-01 -1.79583169e-01
 -1.79583169e-01  5.61368040e+00 -1.79583169e-01  6.28763741e+00
  2.82302981e+00 -1.79583169e-01 -1.79583169e-01  3.54112886e+00
 -1.79583169e-01 -1.79583169e-01 -1.79583169e-01 -1.79583169e-01
 -1.79583169e-01 -1.79583169e-01 -1.79583169e-01 -1.79583169e-01
 -1.79583169e-01 -1.79583169e-01 -1.79583169e-01 -1.79583169e-01
 -1.79583169e-01 -1.79583169e-01  6.23285253e+00 -1.79583169e-01
 -1.79583169e-01 -1.79583169e-01 -1.79583169e-01  4.46719984e+00
  6.83344159e+00 -1.79583169e-01 -1.79583169e-01 -1.79583169e-01
 -1.79583169e-01 -1.79583169e-01 -1.79583169e-01 -1.79583169e-01
  3.85274474e+00 -1.79583169e-01 -1.79583169e-01 -1.79583169e-01
 -1.79583169e-01 -1.79583169e-01 -1.79583169e-01 -1.79583169e-01
 -1.79583169e-01 -1.79583169e-01 -1.79583169e-01 -1.79583169e-01
 -1.79583169e-01 -1.79583169e-01 -1.79583169e-01 -1.79583169e-01
 -1.79583169e-01 -1.79583169e-01 -1.79583169e-01 -1.79583169e-01
 -1.79583169e-01 -1.79583169e-01 -1.79583169e-01 -1.79583169e-01
 -1.79583169e-01 -1.79583169e-01 -1.79583169e-01 -1.79583169e-01
 -1.79583169e-01 -1.79583169e-01 -1.79583169e-01 -1.79583169e-01
 -1.79583169e-01 -1.79583169e-01 -1.79583169e-01 -1.79583169e-01
 -1.79583169e-01 -1.79583169e-01 -1.79583169e-01 -1.79583169e-01
 -1.79583169e-01 -1.79583169e-01 -1.79583169e-01 -1.79583169e-01
 -1.79583169e-01 -1.79583169e-01 -1.79583169e-01 -1.79583169e-01
 -1.79583169e-01 -1.79583169e-01 -1.79583169e-01 -1.79583169e-01
 -1.79583169e-01 -1.79583169e-01 -1.79583169e-01 -1.79583169e-01
 -1.79583169e-01 -1.79583169e-01 -1.79583169e-01 -1.79583169e-01
 -1.79583169e-01 -1.79583169e-01 -1.79583169e-01 -1.79583169e-01
 -1.79583169e-01 -1.79583169e-01 -1.79583169e-01 -1.79583169e-01
 -1.79583169e-01 -1.79583169e-01 -1.79583169e-01 -1.79583169e-01
 -1.79583169e-01 -1.79583169e-01 -1.79583169e-01 -1.79583169e-01
 -1.79583169e-01 -1.79583169e-01 -1.79583169e-01  3.13867049e+00
 -1.79583169e-01 -1.79583169e-01 -1.79583169e-01 -1.79583169e-01
 -1.79583169e-01 -1.79583169e-01  1.31644183e+00 -1.79583169e-01
 -1.79583169e-01 -1.79583169e-01 -1.79583169e-01  7.68874794e-01
 -1.79583169e-01 -1.79583169e-01 -1.79583169e-01 -1.79583169e-01
 -1.79583169e-01 -1.79583169e-01 -1.79583169e-01 -1.79583169e-01
 -1.79583169e-01 -1.79583169e-01 -1.79583169e-01 -1.79583169e-01
 -1.79583169e-01 -1.79583169e-01 -1.79583169e-01 -1.79583169e-01
 -1.79583169e-01 -1.79583169e-01 -1.79583169e-01  2.46709945e-03
 -1.79583169e-01 -1.79583169e-01 -1.79583169e-01 -1.79583169e-01
 -1.79583169e-01 -1.79583169e-01 -1.79583169e-01 -1.79583169e-01
 -1.79583169e-01 -1.79583169e-01 -1.79583169e-01 -1.79583169e-01
 -1.79583169e-01 -1.79583169e-01 -1.79583169e-01 -1.79583169e-01
 -1.79583169e-01 -1.79583169e-01 -1.79583169e-01 -1.79583169e-01
 -1.79583169e-01 -1.79583169e-01 -1.79583169e-01 -1.79583169e-01
 -1.79583169e-01 -1.79583169e-01 -1.79583169e-01 -1.79583169e-01
 -1.79583169e-01 -1.79583169e-01 -1.79583169e-01 -1.79583169e-01
 -1.79583169e-01 -1.79583169e-01 -1.79583169e-01 -1.79583169e-01
 -1.79583169e-01 -1.79583169e-01 -1.79583169e-01 -1.79583169e-01
 -1.79583169e-01 -1.79583169e-01 -1.79583169e-01 -1.79583169e-01
 -1.79583169e-01 -1.79583169e-01 -1.79583169e-01 -1.79583169e-01
 -1.79583169e-01 -1.79583169e-01 -1.79583169e-01 -1.79583169e-01
 -1.79583169e-01 -1.79583169e-01 -1.79583169e-01 -1.79583169e-01
 -1.79583169e-01 -1.79583169e-01 -1.79583169e-01 -1.79583169e-01
 -1.79583169e-01 -1.79583169e-01 -1.79583169e-01  5.56108675e+00
 -1.79583169e-01 -1.79583169e-01 -1.79583169e-01 -1.79583169e-01
  4.47607773e+00 -1.79583169e-01  7.46902361e+00  5.81339777e+00
 -1.79583169e-01 -1.79583169e-01 -1.79583169e-01 -1.79583169e-01
 -1.79583169e-01 -1.79583169e-01 -1.79583169e-01 -1.79583169e-01
 -1.79583169e-01 -1.79583169e-01 -1.79583169e-01 -1.79583169e-01
 -1.79583169e-01 -1.79583169e-01 -1.79583169e-01 -1.79583169e-01
 -1.79583169e-01 -1.79583169e-01 -1.79583169e-01 -1.79583169e-01
 -1.79583169e-01 -1.79583169e-01 -1.79583169e-01 -1.79583169e-01
 -1.79583169e-01 -1.79583169e-01 -1.79583169e-01 -1.79583169e-01
 -1.79583169e-01 -1.79583169e-01 -1.79583169e-01 -1.79583169e-01
 -1.79583169e-01 -1.79583169e-01 -1.79583169e-01 -1.79583169e-01
 -1.79583169e-01 -1.79583169e-01 -1.79583169e-01 -1.79583169e-01
 -1.79583169e-01 -1.79583169e-01 -1.79583169e-01 -1.79583169e-01
 -1.79583169e-01 -1.79583169e-01 -1.79583169e-01 -1.79583169e-01
 -1.79583169e-01 -1.79583169e-01 -1.79583169e-01 -1.79583169e-01
 -1.79583169e-01 -1.79583169e-01 -1.79583169e-01 -1.79583169e-01
 -1.79583169e-01 -1.79583169e-01 -1.79583169e-01 -1.79583169e-01
 -1.79583169e-01 -1.79583169e-01 -1.79583169e-01 -1.79583169e-01
 -1.79583169e-01 -1.79583169e-01 -1.79583169e-01 -1.79583169e-01
 -1.79583169e-01 -1.79583169e-01 -1.79583169e-01 -1.79583169e-01
 -1.79583169e-01 -1.79583169e-01 -1.79583169e-01 -1.79583169e-01
 -1.79583169e-01 -1.79583169e-01 -1.79583169e-01 -1.79583169e-01
 -1.79583169e-01 -1.79583169e-01 -1.79583169e-01 -1.79583169e-01
 -1.79583169e-01 -1.79583169e-01 -1.79583169e-01 -1.79583169e-01
 -1.79583169e-01 -1.79583169e-01 -1.79583169e-01 -1.79583169e-01
 -1.79583169e-01 -1.79583169e-01 -1.79583169e-01 -1.79583169e-01
 -1.79583169e-01 -1.79583169e-01 -1.79583169e-01 -1.79583169e-01
 -1.79583169e-01 -1.79583169e-01 -1.79583169e-01 -1.79583169e-01
 -1.79583169e-01 -1.79583169e-01 -1.79583169e-01 -1.79583169e-01
 -1.79583169e-01 -1.79583169e-01 -1.79583169e-01 -1.79583169e-01
 -1.79583169e-01 -1.79583169e-01 -1.79583169e-01 -1.79583169e-01
 -1.79583169e-01 -1.79583169e-01 -1.79583169e-01 -1.79583169e-01
 -1.79583169e-01 -1.79583169e-01 -1.79583169e-01 -1.79583169e-01
 -1.79583169e-01 -1.79583169e-01 -1.79583169e-01 -1.79583169e-01
 -1.79583169e-01 -1.79583169e-01 -1.79583169e-01 -1.79583169e-01
 -1.79583169e-01 -1.79583169e-01 -1.79583169e-01 -1.79583169e-01
  5.92304460e+00 -1.79583169e-01 -1.79583169e-01 -1.79583169e-01
 -1.79583169e-01 -1.79583169e-01 -1.79583169e-01 -1.79583169e-01
 -1.79583169e-01 -1.79583169e-01 -1.79583169e-01 -1.79583169e-01
 -1.79583169e-01 -1.79583169e-01 -1.79583169e-01 -1.79583169e-01
 -1.79583169e-01 -1.79583169e-01 -1.79583169e-01 -1.79583169e-01
  5.59337203e+00 -1.79583169e-01 -1.79583169e-01 -1.79583169e-01
 -1.79583169e-01 -1.79583169e-01 -1.79583169e-01 -1.79583169e-01
 -1.79583169e-01 -1.79583169e-01 -1.79583169e-01 -1.79583169e-01
 -1.79583169e-01 -1.79583169e-01 -1.79583169e-01 -1.79583169e-01
 -1.79583169e-01 -1.79583169e-01 -1.79583169e-01 -1.79583169e-01
 -1.79583169e-01 -1.79583169e-01 -1.79583169e-01 -1.79583169e-01
 -1.79583169e-01 -1.79583169e-01 -1.79583169e-01 -1.79583169e-01
 -1.79583169e-01 -1.79583169e-01 -1.79583169e-01 -1.79583169e-01
 -1.79583169e-01 -1.79583169e-01 -1.79583169e-01 -1.79583169e-01
 -1.79583169e-01 -1.79583169e-01 -1.79583169e-01 -1.79583169e-01
 -1.79583169e-01 -1.79583169e-01 -1.79583169e-01 -1.79583169e-01
 -1.79583169e-01 -1.79583169e-01 -1.79583169e-01 -1.79583169e-01
 -1.79583169e-01 -1.79583169e-01 -1.79583169e-01 -1.79583169e-01
 -1.79583169e-01 -1.79583169e-01 -1.79583169e-01 -1.79583169e-01]",[-0.0049242439639862745]
5,"[-0.15858342 -0.15858342 -0.15858342 -0.15858342 -0.15858342 -0.15858342
 -0.15858342 -0.15858342 -0.15858342 -0.15858342 -0.15858342 -0.15858342
 -0.15858342 -0.15858342 -0.15858342 -0.15858342 -0.15858342 -0.15858342
  4.12201607 -0.15858342 -0.15858342 -0.15858342 -0.15858342 -0.15858342
 -0.15858342 -0.15858342 -0.15858342 -0.15858342 -0.15858342 -0.15858342
 -0.15858342 -0.15858342 -0.15858342 -0.15858342 -0.15858342 -0.15858342
 -0.15858342 -0.15858342 -0.15858342 -0.15858342 -0.15858342 -0.15858342
 -0.15858342 -0.15858342 -0.15858342 -0.15858342 -0.15858342 -0.15858342
 -0.15858342 -0.15858342 -0.15858342 -0.15858342 -0.15858342 -0.15858342
 -0.15858342 -0.15858342 -0.15858342 -0.15858342 -0.15858342 -0.15858342
 -0.15858342 -0.15858342 -0.15858342 -0.15858342 -0.15858342 -0.15858342
 -0.15858342 -0.15858342 -0.15858342 -0.15858342 -0.15858342 -0.15858342
 -0.15858342 -0.15858342 -0.15858342 -0.15858342 -0.15858342 -0.15858342
 -0.15858342 -0.15858342 -0.15858342 -0.15858342 -0.15858342  3.05833944
 -0.15858342 -0.15858342 -0.15858342 -0.15858342 -0.15858342 -0.15858342
 -0.15858342 -0.15858342 -0.15858342 -0.15858342 -0.15858342 -0.15858342
 -0.15858342 -0.15858342 -0.15858342 -0.15858342 -0.15858342 -0.15858342
 -0.15858342 -0.15858342 -0.15858342 -0.15858342 -0.15858342 -0.15858342
 -0.15858342 -0.15858342  0.80324924 -0.15858342 -0.15858342 -0.15858342
 -0.15858342 -0.15858342  0.69283627 -0.15858342 -0.15858342 -0.15858342
 -0.15858342 -0.15858342 -0.15858342 -0.15858342  0.37107451 -0.15858342
 -0.15858342 -0.15858342 -0.15858342 -0.15858342 -0.15858342 -0.15858342
 -0.15858342 -0.15858342 -0.15858342 -0.15858342 -0.15858342 -0.15858342
 -0.15858342 -0.15858342 -0.15858342 -0.15858342 -0.15858342 -0.15858342
 -0.15858342 -0.15858342 -0.15858342 -0.15858342 -0.15858342 -0.15858342
 -0.15858342 -0.15858342 -0.15858342 -0.15858342 -0.15858342 -0.15858342
 -0.15858342 -0.15858342 -0.15858342 -0.15858342 -0.15858342 -0.15858342
 -0.15858342 -0.15858342 -0.15858342 -0.15858342 -0.15858342 -0.15858342
 -0.15858342 -0.15858342 -0.15858342 -0.15858342 -0.15858342 -0.15858342
 -0.15858342 -0.15858342 -0.15858342 -0.15858342 -0.15858342 -0.15858342
 -0.15858342 -0.15858342 -0.15858342 -0.15858342 -0.15858342 -0.15858342
 -0.15858342 -0.15858342 -0.15858342 -0.15858342 -0.15858342 -0.15858342
 -0.15858342 -0.15858342 -0.15858342 -0.15858342 -0.15858342 -0.15858342
 -0.15858342 -0.15858342  4.72655926 -0.15858342 -0.15858342  3.96555213
 -0.15858342 -0.15858342 -0.15858342 -0.15858342 -0.15858342 -0.15858342
  8.33531443 -0.15858342 -0.15858342 -0.15858342 -0.15858342  6.43080732
 -0.15858342 -0.15858342 -0.15858342 -0.15858342 -0.15858342 -0.15858342
 -0.15858342 -0.15858342 -0.15858342 -0.15858342 -0.15858342 -0.15858342
 -0.15858342 -0.15858342 -0.15858342 -0.15858342 -0.15858342 -0.15858342
 -0.15858342  4.70189704 -0.15858342 -0.15858342 -0.15858342 -0.15858342
 -0.15858342 -0.15858342 -0.15858342 -0.15858342 -0.15858342 -0.15858342
 -0.15858342 -0.15858342 -0.15858342 -0.15858342 -0.15858342 -0.15858342
 -0.15858342 -0.15858342 -0.15858342 -0.15858342 -0.15858342 -0.15858342
 -0.15858342 -0.15858342 -0.15858342 -0.15858342 -0.15858342 -0.15858342
 -0.15858342 -0.15858342 -0.15858342 -0.15858342 -0.15858342 -0.15858342
 -0.15858342 -0.15858342  0.33423158 -0.15858342 -0.15858342 -0.15858342
 -0.15858342 -0.15858342 -0.15858342 -0.15858342 -0.15858342 -0.15858342
 -0.15858342 -0.15858342 -0.15858342 -0.15858342 -0.15858342 -0.15858342
 -0.15858342 -0.15858342 -0.15858342 -0.15858342 -0.15858342 -0.15858342
 -0.15858342 -0.15858342 -0.15858342 -0.15858342 -0.15858342 -0.15858342
 -0.15858342 -0.15858342 -0.15858342 -0.15858342 -0.15858342 -0.15858342
 -0.15858342 -0.15858342 -0.15858342 -0.15858342 -0.15858342  8.53294302
 -0.15858342 -0.15858342 -0.15858342 -0.15858342 -0.15858342 -0.15858342
 -0.15858342 -0.15858342 -0.15858342 -0.15858342 -0.15858342 -0.15858342
 -0.15858342 -0.15858342 -0.15858342 -0.15858342 -0.15858342 -0.15858342
 -0.15858342 -0.15858342 -0.15858342 -0.15858342 -0.15858342 -0.15858342
 -0.15858342 -0.15858342 -0.15858342 -0.15858342 -0.15858342 -0.15858342
 -0.15858342 -0.15858342 -0.15858342 -0.15858342 -0.15858342 -0.15858342
 -0.15858342 -0.15858342 -0.15858342 -0.15858342 -0.15858342 -0.15858342
 -0.15858342 -0.15858342  3.49111311 -0.15858342 -0.15858342 -0.15858342
 -0.15858342 -0.15858342 -0.15858342 -0.15858342 -0.15858342 -0.15858342
 -0.15858342 -0.15858342 -0.15858342 -0.15858342 -0.15858342 -0.15858342
 -0.15858342 -0.15858342 -0.15858342 -0.15858342 -0.15858342 -0.15858342
 -0.15858342 -0.15858342 -0.15858342 -0.15858342 -0.15858342 -0.15858342
 -0.15858342 -0.15858342 -0.15858342 -0.15858342 -0.15858342 -0.15858342
 -0.15858342 -0.15858342 -0.15858342 -0.15858342 -0.15858342 -0.15858342
 -0.15858342 -0.15858342 -0.15858342 -0.15858342 -0.15858342 -0.15858342
 -0.15858342 -0.15858342 -0.15858342 -0.15858342 -0.15858342 -0.15858342
 -0.15858342 -0.15858342 -0.15858342 -0.15858342 -0.15858342 -0.15858342
 -0.15858342 -0.15858342 -0.15858342 -0.15858342 -0.15858342 -0.15858342
 -0.15858342 -0.15858342 -0.15858342 -0.15858342 -0.15858342 -0.15858342
 -0.15858342 -0.15858342 -0.15858342 -0.15858342 -0.15858342 -0.15858342
 -0.15858342 -0.15858342 -0.15858342 -0.15858342 -0.15858342 -0.15858342
 -0.15858342 -0.15858342 -0.15858342 -0.15858342 -0.15858342 -0.15858342
 -0.15858342 -0.15858342 -0.15858342 -0.15858342 -0.15858342 -0.15858342
 -0.15858342 -0.15858342 -0.15858342 -0.15858342 -0.15858342 -0.15858342
 -0.15858342 -0.15858342 -0.15858342 -0.15858342 -0.15858342 -0.15858342
 -0.15858342 -0.15858342  9.99125849 -0.15858342 -0.15858342 -0.15858342
 -0.15858342 -0.15858342 -0.15858342 -0.15858342  7.48669457 -0.15858342
 -0.15858342 -0.15858342 -0.15858342  7.36344266 -0.15858342 -0.15858342
 -0.15858342 -0.15858342 -0.15858342 -0.15858342 -0.15858342 -0.15858342
 -0.15858342 -0.15858342 -0.15858342 -0.15858342 -0.15858342  2.48559625
 -0.15858342 -0.15858342 -0.15858342 -0.15858342 -0.15858342 -0.15858342
 -0.15858342 -0.15858342 -0.15858342 -0.15858342 -0.15858342 -0.15858342
 -0.15858342  2.71595281 -0.15858342 -0.15858342 -0.15858342 -0.15858342
 -0.15858342 -0.15858342 -0.15858342 -0.15858342 -0.15858342 -0.15858342
 -0.15858342 -0.15858342 -0.15858342 -0.15858342]",[-0.0003828740787862883]
5,"[-0.18278367 -0.18278367 -0.18278367 -0.18278367 -0.18278367 -0.18278367
 -0.18278367 -0.18278367 -0.18278367 -0.18278367 -0.18278367 -0.18278367
 -0.18278367 -0.18278367 -0.18278367 -0.18278367 -0.18278367 -0.18278367
  1.71561373 -0.18278367 -0.18278367 -0.18278367 -0.18278367 -0.18278367
 -0.18278367 -0.18278367 -0.18278367 -0.18278367 -0.18278367 -0.18278367
 -0.18278367 -0.18278367 -0.18278367 -0.18278367 -0.18278367 -0.18278367
 -0.18278367 -0.18278367 -0.18278367 -0.18278367 -0.18278367 -0.18278367
 -0.18278367 -0.18278367 -0.18278367 -0.18278367 -0.18278367 -0.18278367
 -0.18278367 -0.18278367 -0.18278367 -0.18278367 -0.18278367 -0.18278367
 -0.18278367 -0.18278367 -0.18278367 -0.18278367 -0.18278367 -0.18278367
 -0.18278367 -0.18278367 -0.18278367 -0.18278367 -0.18278367 -0.18278367
 -0.18278367 -0.18278367 -0.18278367 -0.18278367 -0.18278367 -0.18278367
 -0.18278367 -0.18278367 -0.18278367 -0.18278367 -0.18278367 -0.18278367
 -0.18278367 -0.18278367 -0.18278367 -0.18278367 -0.18278367  7.55382049
 -0.18278367 -0.18278367 -0.18278367 -0.18278367 -0.18278367 -0.18278367
 -0.18278367 -0.18278367  2.31677755 -0.18278367 -0.18278367 -0.18278367
 -0.18278367 -0.18278367 -0.18278367 -0.18278367 -0.18278367 -0.18278367
 -0.18278367 -0.18278367 -0.18278367 -0.18278367 -0.18278367 -0.18278367
 -0.18278367 -0.18278367 -0.18278367 -0.18278367 -0.18278367 -0.18278367
 -0.18278367 -0.18278367 -0.18278367 -0.18278367 -0.18278367 -0.18278367
 -0.18278367 -0.18278367 -0.18278367 -0.18278367 -0.18278367 -0.18278367
 -0.18278367 -0.18278367 -0.18278367 -0.18278367 -0.18278367 -0.18278367
 -0.18278367 -0.18278367 -0.18278367 -0.18278367 -0.18278367 -0.18278367
 -0.18278367 -0.18278367 -0.18278367 -0.18278367 -0.18278367 -0.18278367
 -0.18278367 -0.18278367 -0.18278367 -0.18278367 -0.18278367 -0.18278367
 -0.18278367 -0.18278367 -0.18278367 -0.18278367 -0.18278367 -0.18278367
 -0.18278367 -0.18278367 -0.18278367 -0.18278367 -0.18278367 -0.18278367
 -0.18278367 -0.18278367 -0.18278367 -0.18278367 -0.18278367 -0.18278367
 -0.18278367 -0.18278367 -0.18278367 -0.18278367 -0.18278367 -0.18278367
 -0.18278367 -0.18278367 -0.18278367 -0.18278367 -0.18278367 -0.18278367
 -0.18278367 -0.18278367 -0.18278367 -0.18278367 -0.18278367 -0.18278367
 -0.18278367 -0.18278367 -0.18278367 -0.18278367 -0.18278367 -0.18278367
 -0.18278367 -0.18278367 -0.18278367 -0.18278367 -0.18278367 -0.18278367
 -0.18278367 -0.18278367  1.52088761 -0.18278367 -0.18278367 -0.18278367
 -0.18278367 -0.18278367 -0.18278367 -0.18278367 -0.18278367 -0.18278367
  2.66566956 -0.18278367 -0.18278367 -0.18278367 -0.18278367  5.33870743
 -0.18278367 -0.18278367 -0.18278367 -0.18278367 -0.18278367 -0.18278367
 -0.18278367 -0.18278367 -0.18278367 -0.18278367 -0.18278367 -0.18278367
 -0.18278367 -0.18278367 -0.18278367 -0.18278367 -0.18278367 -0.18278367
 -0.18278367  4.49621695 -0.18278367  4.66601715  3.54854391 -0.18278367
  2.99820742 -0.18278367 -0.18278367 -0.18278367 -0.18278367 -0.18278367
 -0.18278367 -0.18278367 -0.18278367 -0.18278367 -0.18278367 -0.18278367
 -0.18278367 -0.18278367 -0.18278367 -0.18278367  4.74310274 -0.18278367
 -0.18278367 -0.18278367 -0.18278367  5.65627008 -0.18278367 -0.10846171
 -0.18278367 -0.18278367 -0.18278367 -0.18278367 -0.18278367 -0.18278367
 -0.18278367 -0.18278367 -0.18278367 -0.18278367  6.31858569 -0.18278367
 -0.18278367 -0.18278367 -0.18278367 -0.18278367 -0.18278367 -0.18278367
 -0.18278367  3.54323061 -0.18278367 -0.18278367 -0.18278367  7.52584211
 -0.18278367 -0.18278367 -0.18278367 -0.18278367 -0.18278367 -0.18278367
 -0.18278367 -0.18278367 -0.18278367 -0.18278367 -0.18278367 -0.18278367
 -0.18278367 -0.18278367 -0.18278367 -0.18278367 -0.18278367 -0.18278367
 -0.18278367 -0.18278367 -0.18278367 -0.18278367 -0.18278367  6.39868235
 -0.18278367 -0.18278367 -0.18278367 -0.18278367 -0.18278367 -0.18278367
 -0.18278367 -0.18278367 -0.18278367 -0.18278367 -0.18278367 -0.18278367
 -0.18278367 -0.18278367 -0.18278367 -0.18278367 -0.18278367 -0.18278367
 -0.18278367 -0.18278367 -0.18278367 -0.18278367 -0.18278367 -0.18278367
 -0.18278367 -0.18278367 -0.18278367 -0.18278367 -0.18278367 -0.18278367
 -0.18278367 -0.18278367 -0.18278367 -0.18278367 -0.18278367 -0.18278367
 -0.18278367 -0.18278367 -0.18278367 -0.18278367 -0.18278367 -0.18278367
 -0.18278367 -0.18278367 -0.18278367 -0.18278367 -0.18278367 -0.18278367
 -0.18278367 -0.18278367 -0.18278367 -0.18278367 -0.18278367 -0.18278367
 -0.18278367 -0.18278367 -0.18278367 -0.18278367 -0.18278367 -0.18278367
 -0.18278367 -0.18278367 -0.18278367 -0.18278367 -0.18278367 -0.18278367
 -0.18278367 -0.18278367 -0.18278367 -0.18278367 -0.18278367 -0.18278367
 -0.18278367 -0.18278367 -0.18278367 -0.18278367 -0.18278367 -0.18278367
 -0.18278367 -0.18278367 -0.18278367 -0.18278367 -0.18278367 -0.18278367
 -0.18278367 -0.18278367 -0.18278367 -0.18278367 -0.18278367 -0.18278367
 -0.18278367 -0.18278367 -0.18278367 -0.18278367 -0.18278367 -0.18278367
 -0.18278367 -0.18278367 -0.18278367 -0.18278367 -0.18278367 -0.18278367
 -0.18278367 -0.18278367 -0.18278367 -0.18278367 -0.18278367 -0.18278367
 -0.18278367 -0.18278367 -0.18278367 -0.18278367 -0.18278367 -0.18278367
 -0.18278367 -0.18278367 -0.18278367 -0.18278367 -0.18278367 -0.18278367
 -0.18278367 -0.18278367 -0.18278367 -0.18278367 -0.18278367 -0.18278367
 -0.18278367 -0.18278367 -0.18278367 -0.18278367 -0.18278367 -0.18278367
 -0.18278367 -0.18278367 -0.18278367 -0.18278367 -0.18278367 -0.18278367
  1.06821057 -0.18278367 -0.18278367 -0.18278367 -0.18278367 -0.18278367
 -0.18278367 -0.18278367 -0.18278367 -0.18278367 -0.18278367 -0.18278367
 -0.18278367 -0.18278367  7.07138695 -0.18278367  7.9139661  -0.18278367
 -0.18278367 -0.18278367 -0.18278367 -0.18278367 -0.18278367 -0.18278367
 -0.18278367 -0.18278367 -0.18278367 -0.18278367 -0.18278367 -0.18278367
 -0.18278367 -0.18278367 -0.18278367 -0.18278367 -0.18278367 -0.18278367
 -0.18278367  4.25777275 -0.18278367 -0.18278367 -0.18278367 -0.18278367
 -0.18278367 -0.18278367 -0.18278367 -0.18278367 -0.18278367 -0.18278367
 -0.18278367 -0.18278367 -0.18278367 -0.18278367 -0.18278367 -0.18278367
 -0.18278367 -0.18278367 -0.18278367 -0.18278367 -0.18278367 -0.18278367
 -0.18278367 -0.18278367 -0.18278367 -0.18278367 -0.18278367 -0.18278367
 -0.18278367 -0.18278367 -0.18278367 -0.18278367]",[-0.01807058137892925]
5,"[-0.13637298 -0.13637298 -0.13637298 -0.13637298 -0.13637298 -0.13637298
 -0.13637298 -0.13637298 -0.13637298 -0.13637298 -0.13637298 -0.13637298
 -0.13637298 -0.13637298 -0.13637298 -0.13637298 -0.13637298 -0.13637298
 -0.13637298 -0.13637298 -0.13637298 -0.13637298 -0.13637298 -0.13637298
 -0.13637298 -0.13637298 -0.13637298 -0.13637298 -0.13637298 -0.13637298
 -0.13637298 -0.13637298 -0.13637298 -0.13637298 -0.13637298 -0.13637298
 -0.13637298 -0.13637298 -0.13637298 -0.13637298 -0.13637298 -0.13637298
 -0.13637298 -0.13637298 -0.13637298 -0.13637298 -0.13637298 -0.13637298
 -0.13637298 -0.13637298 -0.13637298 -0.13637298 -0.13637298 -0.13637298
 -0.13637298 -0.13637298 -0.13637298 -0.13637298  0.8843263  -0.13637298
 -0.13637298 -0.13637298 -0.13637298 -0.13637298 -0.13637298 -0.13637298
 -0.13637298 -0.13637298 -0.13637298 -0.13637298 -0.13637298 -0.13637298
 -0.13637298 -0.13637298 -0.13637298 -0.13637298 -0.13637298 -0.13637298
 -0.13637298 -0.13637298 -0.13637298 -0.13637298 -0.13637298 10.81790454
 -0.13637298 -0.13637298 -0.13637298 -0.13637298 -0.13637298 -0.13637298
 -0.13637298 -0.13637298 -0.13637298 -0.13637298 -0.13637298 -0.13637298
 -0.13637298 -0.13637298 -0.13637298 -0.13637298 -0.13637298 -0.13637298
 -0.13637298 -0.13637298 -0.13637298 -0.13637298 -0.13637298 -0.13637298
 -0.13637298 -0.13637298 -0.13637298 -0.13637298 -0.13637298 -0.13637298
 -0.13637298 -0.13637298 -0.13637298 -0.13637298 -0.13637298 -0.13637298
 -0.13637298 -0.13637298 -0.13637298 -0.13637298  1.70927189 -0.13637298
 -0.13637298 -0.13637298 -0.13637298 -0.13637298 -0.13637298 -0.13637298
 -0.13637298 -0.13637298 -0.13637298 -0.13637298 -0.13637298 -0.13637298
 -0.13637298 -0.13637298 -0.13637298 -0.13637298 -0.13637298 -0.13637298
 -0.13637298 -0.13637298 -0.13637298 -0.13637298 -0.13637298 -0.13637298
 -0.13637298 -0.13637298 -0.13637298 -0.13637298 -0.13637298 -0.13637298
 -0.13637298 -0.13637298 -0.13637298 -0.13637298 -0.13637298 -0.13637298
 -0.13637298 -0.13637298 -0.13637298 -0.13637298 -0.13637298 -0.13637298
 -0.13637298 -0.13637298 -0.13637298 -0.13637298 -0.13637298 -0.13637298
 -0.13637298 -0.13637298 -0.13637298 -0.13637298 -0.13637298 -0.13637298
 -0.13637298 -0.13637298 -0.13637298 -0.13637298 -0.13637298 -0.13637298
 -0.13637298 -0.13637298 -0.13637298 -0.13637298 -0.13637298 -0.13637298
 -0.13637298 -0.13637298 -0.13637298 -0.13637298 -0.13637298 -0.13637298
 -0.13637298 -0.13637298 -0.13637298 -0.13637298 -0.13637298 -0.13637298
 -0.13637298 -0.13637298 -0.13637298 -0.13637298 -0.13637298 -0.13637298
  4.61231475 -0.13637298 -0.13637298 -0.13637298 -0.13637298  2.49610701
 -0.13637298 -0.13637298 -0.13637298 -0.13637298 -0.13637298 -0.13637298
 -0.13637298 -0.13637298 -0.13637298 -0.13637298 -0.13637298 -0.13637298
 -0.13637298 -0.13637298 -0.13637298 -0.13637298 -0.13637298 -0.13637298
 -0.13637298 -0.13637298 -0.13637298 -0.13637298  6.21510155 -0.13637298
  4.63906382 -0.13637298 -0.13637298 -0.13637298 -0.13637298 -0.13637298
 -0.13637298 -0.13637298 -0.13637298 -0.13637298 -0.13637298 -0.13637298
 -0.13637298 -0.13637298 -0.13637298 -0.13637298 -0.13637298 -0.13637298
 -0.13637298 -0.13637298 -0.13637298 -0.13637298 -0.13637298 -0.13637298
 -0.13637298 -0.13637298 -0.13637298 -0.13637298 -0.13637298 -0.13637298
 -0.13637298 -0.13637298 -0.13637298 -0.13637298 -0.13637298 -0.13637298
 -0.13637298 -0.13637298 -0.13637298 -0.13637298 -0.13637298 -0.13637298
 -0.13637298 -0.13637298 -0.13637298 -0.13637298 -0.13637298 10.57508898
 -0.13637298 -0.13637298 -0.13637298 -0.13637298 -0.13637298 -0.13637298
 -0.13637298 -0.13637298 -0.13637298 -0.13637298 -0.13637298 -0.13637298
 -0.13637298 -0.13637298 -0.13637298 -0.13637298 -0.13637298 -0.13637298
 -0.13637298 -0.13637298 -0.13637298 -0.13637298 -0.13637298  6.43296082
 -0.13637298 -0.13637298 -0.13637298 -0.13637298 -0.13637298 -0.13637298
 -0.13637298 -0.13637298 -0.13637298 -0.13637298 -0.13637298 -0.13637298
 -0.13637298 -0.13637298 -0.13637298 -0.13637298 -0.13637298 -0.13637298
 -0.13637298 -0.13637298 -0.13637298 -0.13637298 -0.13637298 -0.13637298
 -0.13637298 -0.13637298 -0.13637298 -0.13637298 -0.13637298 -0.13637298
 -0.13637298 -0.13637298 -0.13637298 -0.13637298 -0.13637298 -0.13637298
 -0.13637298 -0.13637298 -0.13637298 -0.13637298 -0.13637298 -0.13637298
 -0.13637298 -0.13637298 -0.13637298 -0.13637298 -0.13637298 -0.13637298
 -0.13637298 -0.13637298 -0.13637298 -0.13637298 -0.13637298 -0.13637298
 -0.13637298 -0.13637298 -0.13637298 -0.13637298 -0.13637298 -0.13637298
 -0.13637298 -0.13637298 -0.13637298 -0.13637298 -0.13637298 -0.13637298
 -0.13637298 -0.13637298 -0.13637298 -0.13637298 -0.13637298 -0.13637298
 -0.13637298 -0.13637298 -0.13637298 -0.13637298 -0.13637298 -0.13637298
 -0.13637298 -0.13637298 -0.13637298 -0.13637298 -0.13637298 -0.13637298
 -0.13637298 -0.13637298 -0.13637298 -0.13637298 -0.13637298 -0.13637298
 -0.13637298 -0.13637298 -0.13637298 -0.13637298 -0.13637298 -0.13637298
 -0.13637298 -0.13637298 -0.13637298 -0.13637298 -0.13637298 -0.13637298
 -0.13637298 -0.13637298 -0.13637298 -0.13637298 -0.13637298 -0.13637298
 -0.13637298 -0.13637298 -0.13637298 -0.13637298 -0.13637298 -0.13637298
 -0.13637298 -0.13637298 -0.13637298 -0.13637298 -0.13637298 -0.13637298
 -0.13637298 -0.13637298 -0.13637298 -0.13637298 -0.13637298 -0.13637298
 -0.13637298 -0.13637298 -0.13637298 -0.13637298 -0.13637298 -0.13637298
 -0.13637298 -0.13637298 -0.13637298 -0.13637298 -0.13637298 -0.13637298
 -0.13637298 -0.13637298 -0.13637298 -0.13637298 -0.13637298 -0.13637298
 -0.13637298 -0.13637298 -0.13637298 -0.13637298 -0.13637298 -0.13637298
 -0.13637298 -0.13637298  8.3980743  -0.13637298 -0.13637298 -0.13637298
  6.6581707  -0.13637298 -0.13637298 -0.13637298 -0.13637298 -0.13637298
 -0.13637298 -0.13637298 -0.13637298 -0.13637298 -0.13637298 -0.13637298
 -0.13637298 -0.13637298 -0.13637298 -0.13637298 -0.13637298 -0.13637298
 -0.13637298  5.83908762 -0.13637298 -0.13637298 -0.13637298 -0.13637298
 -0.13637298 -0.13637298 -0.13637298 -0.13637298 -0.13637298 -0.13637298
 -0.13637298 -0.13637298 -0.13637298 -0.13637298 -0.13637298 -0.13637298
 -0.13637298 -0.13637298 -0.13637298 -0.13637298 -0.13637298 -0.13637298
 -0.13637298 -0.13637298 -0.13637298 -0.13637298 -0.13637298 -0.13637298
 -0.13637298 -0.13637298 -0.13637298 -0.13637298]",[0.0283111888911]
5,"[-0.14272499 -0.14272499 -0.14272499 -0.14272499 -0.14272499 -0.14272499
 -0.14272499 -0.14272499 -0.14272499 -0.14272499 -0.14272499 -0.14272499
 -0.14272499 -0.14272499 -0.14272499 -0.14272499 -0.14272499 -0.14272499
  2.79537088 -0.14272499 -0.14272499 -0.14272499 -0.14272499 -0.14272499
 -0.14272499 -0.14272499 -0.14272499 -0.14272499 -0.14272499 -0.14272499
 -0.14272499 -0.14272499 -0.14272499 -0.14272499 -0.14272499 -0.14272499
 -0.14272499 -0.14272499 -0.14272499 -0.14272499 -0.14272499 -0.14272499
 -0.14272499 -0.14272499 -0.14272499 -0.14272499 -0.14272499 -0.14272499
 -0.14272499 -0.14272499 -0.14272499 -0.14272499 -0.14272499 -0.14272499
 -0.14272499 -0.14272499 -0.14272499 -0.14272499 -0.14272499 -0.14272499
 -0.14272499 -0.14272499 -0.14272499 -0.14272499 -0.14272499 -0.14272499
 -0.14272499 -0.14272499 -0.14272499 -0.14272499 -0.14272499 -0.14272499
 -0.14272499 -0.14272499 -0.14272499 -0.14272499 -0.14272499 -0.14272499
 -0.14272499 -0.14272499 -0.14272499 -0.14272499 -0.14272499  2.18309229
 -0.14272499 -0.14272499 -0.14272499 -0.14272499 -0.14272499 -0.14272499
 -0.14272499 -0.14272499 -0.14272499 -0.14272499 -0.14272499 -0.14272499
 -0.14272499 -0.14272499 -0.14272499 -0.14272499 -0.14272499 -0.14272499
 -0.14272499 -0.14272499 -0.14272499 -0.14272499 -0.14272499 -0.14272499
 -0.14272499 -0.14272499 -0.14272499 -0.14272499 -0.14272499 -0.14272499
 -0.14272499 -0.14272499 -0.14272499 -0.14272499 -0.14272499 -0.14272499
 -0.14272499 -0.14272499 -0.14272499 -0.14272499  6.98110199 -0.14272499
 -0.14272499 -0.14272499 -0.14272499 -0.14272499 -0.14272499 -0.14272499
 -0.14272499 -0.14272499 -0.14272499 -0.14272499 -0.14272499 -0.14272499
 -0.14272499 -0.14272499 -0.14272499 -0.14272499 -0.14272499 -0.14272499
 -0.14272499 -0.14272499 -0.14272499 -0.14272499 -0.14272499 -0.14272499
 -0.14272499 -0.14272499 -0.14272499 -0.14272499 -0.14272499 -0.14272499
 -0.14272499 -0.14272499 -0.14272499 -0.14272499 -0.14272499 -0.14272499
 -0.14272499 -0.14272499 -0.14272499 -0.14272499 -0.14272499 -0.14272499
 -0.14272499 -0.14272499 -0.14272499 -0.14272499 -0.14272499 -0.14272499
 -0.14272499 -0.14272499 -0.14272499 -0.14272499 -0.14272499 -0.14272499
 -0.14272499 -0.14272499 -0.14272499 -0.14272499 -0.14272499 -0.14272499
 -0.14272499 -0.14272499 -0.14272499 -0.14272499 -0.14272499 -0.14272499
 -0.14272499 -0.14272499 -0.14272499 -0.14272499 -0.14272499 -0.14272499
 -0.14272499 -0.14272499  4.27624905 -0.14272499 -0.14272499 -0.14272499
 -0.14272499 -0.14272499 -0.14272499 -0.14272499 -0.14272499 -0.14272499
  2.78998326 -0.14272499 -0.14272499 -0.14272499 -0.14272499  9.29793517
 -0.14272499 -0.14272499 -0.14272499 -0.14272499 -0.14272499 -0.14272499
 -0.14272499 -0.14272499 -0.14272499 -0.14272499 -0.14272499 -0.14272499
 -0.14272499 -0.14272499 -0.14272499 -0.14272499 -0.14272499 -0.14272499
 -0.14272499  1.83794917 -0.14272499 -0.14272499 -0.14272499 -0.14272499
 -0.14272499 -0.14272499 -0.14272499 -0.14272499 -0.14272499 -0.14272499
 -0.14272499 -0.14272499 -0.14272499 -0.14272499 -0.14272499 -0.14272499
 -0.14272499 -0.14272499 -0.14272499 -0.14272499 -0.14272499 -0.14272499
 -0.14272499 -0.14272499 -0.14272499  4.30930706 -0.14272499  0.18268253
 -0.14272499 -0.14272499 -0.14272499 -0.14272499 -0.14272499 -0.14272499
 -0.14272499 -0.14272499 -0.14272499 -0.14272499 -0.14272499 -0.14272499
 -0.14272499 -0.14272499 -0.14272499 -0.14272499 -0.14272499 -0.14272499
 -0.14272499 -0.14272499 -0.14272499 -0.14272499 -0.14272499  1.7704406
 -0.14272499 -0.14272499 -0.14272499 -0.14272499 -0.14272499 -0.14272499
 -0.14272499 -0.14272499 -0.14272499 -0.14272499 -0.14272499 -0.14272499
 -0.14272499 -0.14272499 -0.14272499 -0.14272499 -0.14272499 -0.14272499
 -0.14272499 -0.14272499 -0.14272499 -0.14272499 -0.14272499  6.5322787
 -0.14272499 -0.14272499 -0.14272499 -0.14272499 -0.14272499 -0.14272499
 -0.14272499 -0.14272499 -0.14272499 -0.14272499 -0.14272499 -0.14272499
 -0.14272499 -0.14272499 -0.14272499 -0.14272499 -0.14272499 -0.14272499
 -0.14272499 -0.14272499 -0.14272499 -0.14272499 -0.14272499 -0.14272499
 -0.14272499 -0.14272499 -0.14272499 -0.14272499 -0.14272499 -0.14272499
 -0.14272499 -0.14272499 -0.14272499 -0.14272499 -0.14272499 -0.14272499
 -0.14272499 -0.14272499 -0.14272499 -0.14272499 -0.14272499 -0.14272499
 -0.14272499 -0.14272499 -0.14272499 -0.14272499 -0.14272499 -0.14272499
 -0.14272499 -0.14272499 -0.14272499 -0.14272499 -0.14272499 -0.14272499
 -0.14272499 -0.14272499 -0.14272499 -0.14272499 -0.14272499 -0.14272499
 -0.14272499 -0.14272499 -0.14272499 -0.14272499 -0.14272499 -0.14272499
 -0.14272499 -0.14272499 -0.14272499 -0.14272499 -0.14272499 -0.14272499
 -0.14272499 -0.14272499 -0.14272499 -0.14272499 -0.14272499 -0.14272499
 -0.14272499 -0.14272499 -0.14272499 -0.14272499 -0.14272499 -0.14272499
 -0.14272499 -0.14272499 -0.14272499 -0.14272499 -0.14272499 -0.14272499
 -0.14272499 -0.14272499 -0.14272499 -0.14272499 -0.14272499 -0.14272499
 -0.14272499 -0.14272499 -0.14272499 -0.14272499 -0.14272499 -0.14272499
 -0.14272499 -0.14272499 -0.14272499 -0.14272499 -0.14272499 -0.14272499
 -0.14272499 -0.14272499 -0.14272499 -0.14272499 -0.14272499 -0.14272499
 -0.14272499 -0.14272499 -0.14272499 -0.14272499 -0.14272499 -0.14272499
 -0.14272499  2.09201307 -0.14272499 -0.14272499 -0.14272499 -0.14272499
 -0.14272499 -0.14272499 -0.14272499 -0.14272499 -0.14272499 -0.14272499
 -0.14272499 -0.14272499 -0.14272499 -0.14272499 -0.14272499 -0.14272499
 -0.14272499 -0.14272499 -0.14272499 -0.14272499 -0.14272499 -0.14272499
 -0.14272499 -0.14272499 -0.14272499 -0.14272499 -0.14272499 -0.14272499
 -0.14272499 -0.14272499  7.9807779  -0.14272499 -0.14272499 -0.14272499
 12.57521583 -0.14272499 -0.14272499 -0.14272499 -0.14272499 -0.14272499
 -0.14272499 -0.14272499 -0.14272499 -0.14272499 -0.14272499 -0.14272499
 -0.14272499 -0.14272499 -0.14272499 -0.14272499 -0.14272499 -0.14272499
 -0.14272499  6.47172161 -0.14272499 -0.14272499 -0.14272499 -0.14272499
 -0.14272499 -0.14272499 -0.14272499 -0.14272499 -0.14272499 -0.14272499
 -0.14272499 -0.14272499 -0.14272499 -0.14272499 -0.14272499 -0.14272499
 -0.14272499 -0.14272499 -0.14272499 -0.14272499 -0.14272499 -0.14272499
 -0.14272499 -0.14272499 -0.14272499 -0.14272499 -0.14272499 -0.14272499
 -0.14272499 -0.14272499 -0.14272499 -0.14272499]",[-0.011455578118051368]
5,"[-0.1896284  -0.1896284  -0.1896284  -0.1896284  -0.1896284  -0.1896284
 -0.1896284  -0.1896284  -0.1896284  -0.1896284  -0.1896284  -0.1896284
 -0.1896284  -0.1896284  -0.1896284  -0.1896284  -0.1896284  -0.1896284
 -0.1896284  -0.1896284  -0.1896284  -0.1896284  -0.1896284  -0.1896284
 -0.1896284  -0.1896284  -0.1896284  -0.1896284  -0.1896284  -0.1896284
 -0.1896284  -0.1896284  -0.1896284  -0.1896284  -0.1896284  -0.1896284
 -0.1896284  -0.1896284  -0.1896284  -0.1896284  -0.1896284  -0.1896284
 -0.1896284  -0.1896284  -0.1896284  -0.1896284  -0.1896284  -0.1896284
 -0.1896284  -0.1896284  -0.1896284  -0.1896284  -0.1896284  -0.1896284
 -0.1896284  -0.1896284  -0.1896284  -0.1896284   0.76103346 -0.1896284
 -0.1896284  -0.1896284  -0.1896284  -0.1896284  -0.1896284  -0.1896284
 -0.1896284  -0.1896284  -0.1896284  -0.1896284  -0.1896284  -0.1896284
 -0.1896284  -0.1896284  -0.1896284  -0.1896284  -0.1896284  -0.1896284
 -0.1896284  -0.1896284  -0.1896284  -0.1896284  -0.1896284   7.36530316
 -0.1896284  -0.1896284  -0.1896284  -0.1896284   1.13037273 -0.1896284
 -0.1896284  -0.1896284   2.94221396 -0.1896284  -0.1896284  -0.1896284
 -0.1896284  -0.1896284  -0.1896284  -0.1896284  -0.1896284  -0.1896284
 -0.1896284  -0.1896284  -0.1896284  -0.1896284  -0.1896284  -0.1896284
 -0.1896284  -0.1896284  -0.1896284  -0.1896284  -0.1896284  -0.1896284
 -0.1896284  -0.1896284  -0.1896284  -0.1896284  -0.1896284  -0.1896284
 -0.1896284  -0.1896284  -0.1896284   0.72322693 -0.1896284  -0.1896284
 -0.1896284  -0.1896284  -0.1896284  -0.1896284  -0.1896284  -0.1896284
 -0.1896284  -0.1896284  -0.1896284  -0.1896284  -0.1896284  -0.1896284
 -0.1896284  -0.1896284  -0.1896284  -0.1896284  -0.1896284  -0.1896284
 -0.1896284  -0.1896284  -0.1896284  -0.1896284  -0.1896284  -0.1896284
 -0.1896284  -0.1896284  -0.1896284  -0.1896284  -0.1896284  -0.1896284
 -0.1896284  -0.1896284  -0.1896284  -0.1896284  -0.1896284  -0.1896284
 -0.1896284  -0.1896284  -0.1896284  -0.1896284  -0.1896284  -0.1896284
 -0.1896284  -0.1896284  -0.1896284  -0.1896284  -0.1896284  -0.1896284
 -0.1896284  -0.1896284  -0.1896284  -0.1896284  -0.1896284  -0.1896284
 -0.1896284  -0.1896284  -0.1896284  -0.1896284  -0.1896284  -0.1896284
 -0.1896284  -0.1896284  -0.1896284  -0.1896284  -0.1896284  -0.1896284
 -0.1896284  -0.1896284  -0.1896284  -0.1896284  -0.1896284  -0.1896284
 -0.1896284  -0.1896284   1.17852341 -0.1896284  -0.1896284   3.00888731
 -0.1896284  -0.1896284  -0.1896284  -0.1896284  -0.1896284  -0.1896284
  2.48434782 -0.1896284  -0.1896284  -0.1896284  -0.1896284   5.01394573
 -0.1896284  -0.1896284  -0.1896284  -0.1896284  -0.1896284  -0.1896284
 -0.1896284  -0.1896284  -0.1896284  -0.1896284  -0.1896284  -0.1896284
 -0.1896284  -0.1896284  -0.1896284  -0.1896284  -0.1896284  -0.1896284
 -0.1896284   3.45990588 -0.1896284   2.88441162 -0.1896284  -0.1896284
  1.82591627 -0.1896284  -0.1896284  -0.1896284  -0.1896284  -0.1896284
 -0.1896284  -0.1896284  -0.1896284  -0.1896284  -0.1896284  -0.1896284
 -0.1896284  -0.1896284  -0.1896284  -0.1896284  -0.1896284  -0.1896284
 -0.1896284  -0.1896284  -0.1896284   4.78260627 -0.1896284  -0.1896284
 -0.1896284  -0.1896284  -0.1896284  -0.1896284  -0.1896284  -0.1896284
 -0.1896284  -0.1896284  -0.1896284  -0.1896284   4.32342862 -0.1896284
 -0.1896284  -0.1896284  -0.1896284  -0.1896284  -0.1896284  -0.1896284
 -0.1896284  -0.1896284  -0.1896284  -0.1896284  -0.1896284   6.21915833
  4.49558379 -0.1896284  -0.1896284  -0.1896284  -0.1896284  -0.1896284
 -0.1896284  -0.1896284  -0.1896284  -0.1896284  -0.1896284  -0.1896284
 -0.1896284  -0.1896284  -0.1896284  -0.1896284  -0.1896284  -0.1896284
 -0.1896284  -0.1896284  -0.1896284  -0.1896284  -0.1896284   5.62937856
 -0.1896284  -0.1896284  -0.1896284  -0.1896284  -0.1896284  -0.1896284
 -0.1896284  -0.1896284  -0.1896284  -0.1896284  -0.1896284  -0.1896284
 -0.1896284  -0.1896284  -0.1896284  -0.1896284  -0.1896284  -0.1896284
 -0.1896284  -0.1896284  -0.1896284  -0.1896284  -0.1896284  -0.1896284
 -0.1896284  -0.1896284  -0.1896284  -0.1896284  -0.1896284  -0.1896284
 -0.1896284  -0.1896284  -0.1896284  -0.1896284  -0.1896284  -0.1896284
 -0.1896284  -0.1896284  -0.1896284  -0.1896284  -0.1896284  -0.1896284
 -0.1896284  -0.1896284  -0.1896284  -0.1896284  -0.1896284  -0.1896284
 -0.1896284  -0.1896284  -0.1896284  -0.1896284  -0.1896284  -0.1896284
 -0.1896284  -0.1896284  -0.1896284  -0.1896284  -0.1896284  -0.1896284
 -0.1896284  -0.1896284  -0.1896284  -0.1896284  -0.1896284  -0.1896284
 -0.1896284  -0.1896284  -0.1896284  -0.1896284  -0.1896284  -0.1896284
 -0.1896284  -0.1896284  -0.1896284  -0.1896284  -0.1896284  -0.1896284
 -0.1896284  -0.1896284  -0.1896284  -0.1896284  -0.1896284  -0.1896284
 -0.1896284  -0.1896284  -0.1896284  -0.1896284  -0.1896284  -0.1896284
 -0.1896284  -0.1896284  -0.1896284  -0.1896284  -0.1896284  -0.1896284
 -0.1896284  -0.1896284  -0.1896284  -0.1896284  -0.1896284  -0.1896284
 -0.1896284  -0.1896284  -0.1896284  -0.1896284  -0.1896284  -0.1896284
 -0.1896284  -0.1896284  -0.1896284  -0.1896284  -0.1896284   1.5403932
 -0.1896284  -0.1896284  -0.1896284  -0.1896284  -0.1896284  -0.1896284
 -0.1896284   2.9935947  -0.1896284  -0.1896284  -0.1896284  -0.1896284
 -0.1896284  -0.1896284  -0.1896284  -0.1896284  -0.1896284  -0.1896284
 -0.1896284  -0.1896284  -0.1896284  -0.1896284  -0.1896284  -0.1896284
  0.39246736 -0.1896284  -0.1896284  -0.1896284  -0.1896284  -0.1896284
 -0.1896284  -0.1896284  -0.1896284  -0.1896284  -0.1896284  -0.1896284
 -0.1896284  -0.1896284   5.87661028 -0.1896284  -0.1896284  -0.1896284
  9.48020745 -0.1896284  -0.1896284  -0.1896284  -0.1896284  -0.1896284
  7.91085576 -0.1896284  -0.1896284  -0.1896284  -0.1896284  -0.1896284
 -0.1896284  -0.1896284  -0.1896284  -0.1896284  -0.1896284  -0.1896284
 -0.1896284   6.29192822 -0.1896284  -0.1896284  -0.1896284  -0.1896284
 -0.1896284  -0.1896284  -0.1896284  -0.1896284  -0.1896284   1.15175623
 -0.1896284  -0.1896284  -0.1896284  -0.1896284  -0.1896284  -0.1896284
 -0.1896284  -0.1896284  -0.1896284  -0.1896284  -0.1896284  -0.1896284
 -0.1896284  -0.1896284  -0.1896284  -0.1896284  -0.1896284  -0.1896284
 -0.1896284  -0.1896284  -0.1896284  -0.1896284 ]",[0.008188311404079052]
5,"[-0.21798435 -0.21798435 -0.21798435 -0.21798435 -0.11905855 -0.21798435
 -0.21798435 -0.21798435 -0.21798435 -0.21798435 -0.21798435 -0.21798435
 -0.21798435 -0.21798435 -0.21798435 -0.21798435 -0.21798435 -0.21798435
  1.56369392 -0.21798435 -0.21798435  2.72718186 -0.21798435 -0.21798435
 -0.21798435 -0.21798435 -0.21798435 -0.21798435 -0.21798435 -0.21798435
 -0.21798435 -0.21798435 -0.21798435 -0.21798435 -0.21798435 -0.21798435
 -0.21798435 -0.21798435 -0.21798435 -0.21798435 -0.21798435 -0.21798435
 -0.21798435 -0.21798435 -0.21798435 -0.21798435 -0.21798435 -0.21798435
 -0.21798435 -0.21798435 -0.21798435 -0.21798435 -0.21798435 -0.21798435
 -0.21798435 -0.21798435 -0.21798435 -0.21798435 -0.21798435 -0.21798435
 -0.21798435 -0.21798435 -0.21798435 -0.21798435 -0.21798435 -0.21798435
 -0.21798435 -0.21798435 -0.21798435 -0.21798435 -0.21798435 -0.21798435
 -0.21798435 -0.21798435 -0.21798435 -0.21798435 -0.21798435 -0.21798435
 -0.21798435 -0.21798435 -0.21798435 -0.21798435 -0.21798435  8.19131694
 -0.21798435 -0.21798435 -0.21798435 -0.21798435  1.80743722 -0.21798435
 -0.21798435 -0.21798435 -0.21798435 -0.21798435 -0.21798435 -0.21798435
 -0.21798435 -0.21798435 -0.21798435 -0.21798435 -0.21798435 -0.21798435
 -0.21798435 -0.21798435 -0.21798435 -0.21798435 -0.21798435 -0.21798435
 -0.21798435 -0.21798435  7.16709847 -0.21798435 -0.21798435 -0.21798435
 -0.21798435 -0.21798435  5.94149871 -0.21798435  1.65846784 -0.21798435
 -0.21798435 -0.21798435 -0.21798435  1.70926892 -0.21798435 -0.21798435
 -0.21798435 -0.21798435 -0.21798435 -0.21798435 -0.21798435 -0.21798435
 -0.21798435 -0.21798435 -0.21798435 -0.21798435 -0.21798435 -0.21798435
 -0.21798435 -0.21798435 -0.21798435 -0.21798435 -0.21798435 -0.21798435
 -0.21798435 -0.21798435 -0.21798435 -0.21798435 -0.21798435 -0.21798435
 -0.21798435 -0.21798435 -0.21798435 -0.21798435 -0.21798435 -0.21798435
 -0.21798435 -0.21798435 -0.21798435 -0.21798435 -0.21798435 -0.21798435
 -0.21798435 -0.21798435 -0.21798435 -0.21798435 -0.21798435 -0.21798435
 -0.21798435 -0.21798435 -0.21798435 -0.21798435 -0.21798435  1.56369392
 -0.21798435 -0.21798435 -0.21798435 -0.21798435 -0.21798435 -0.21798435
 -0.21798435 -0.21798435 -0.21798435 -0.21798435 -0.21798435 -0.21798435
 -0.21798435 -0.21798435 -0.21798435 -0.21798435 -0.21798435 -0.21798435
 -0.21798435 -0.21798435 -0.21798435 -0.21798435 -0.21798435 -0.21798435
 -0.21798435 -0.21798435  3.14976867 -0.21798435 -0.21798435  3.69171917
  4.89475003 -0.21798435 -0.21798435 -0.21798435 -0.21798435 -0.21798435
 -0.21798435 -0.21798435 -0.21798435 -0.21798435 -0.21798435  0.17444935
 -0.21798435 -0.21798435 -0.21798435  1.16051013 -0.21798435 -0.21798435
 -0.21798435  0.98504651 -0.21798435 -0.21798435 -0.21798435 -0.21798435
 -0.21798435 -0.21798435 -0.21798435  4.77575881 -0.21798435 -0.21798435
 -0.21798435  1.33139349 -0.21798435 -0.21798435 -0.21798435 -0.21798435
  4.19184091 -0.21798435 -0.21798435 -0.21798435 -0.21798435 -0.21798435
 -0.21798435 -0.21798435 -0.21798435 -0.21798435 -0.21798435 -0.21798435
 -0.21798435 -0.21798435 -0.21798435 -0.21798435 -0.21798435 -0.21798435
 -0.21798435 -0.21798435 -0.21798435  1.38239818 -0.21798435  0.2637548
 -0.21798435 -0.21798435 -0.21798435 -0.21798435 -0.21798435 -0.21798435
 -0.21798435 -0.21798435 -0.21798435 -0.21798435 -0.21798435 -0.21798435
 -0.21798435 -0.21798435 -0.21798435 -0.21798435 -0.21798435 -0.21798435
 -0.21798435 -0.21798435 -0.21798435 -0.21798435 -0.21798435 -0.21798435
 -0.21798435 -0.21798435 -0.21798435 -0.21798435 -0.21798435 -0.21798435
 -0.21798435 -0.21798435  4.93743356 -0.21798435 -0.21798435 -0.21798435
  5.64234055 -0.21798435 -0.21798435 -0.21798435  4.88202757 -0.21798435
 -0.21798435 -0.21798435  3.802319   -0.21798435 -0.21798435  5.53792995
 -0.21798435  2.88535159 -0.21798435 -0.21798435 -0.21798435 -0.21798435
 -0.21798435 -0.21798435 -0.21798435 -0.21798435 -0.21798435 -0.21798435
 -0.21798435 -0.21798435 -0.21798435 -0.21798435 -0.21798435 -0.21798435
 -0.21798435 -0.21798435 -0.21798435 -0.21798435 -0.21798435 -0.21798435
 -0.21798435 -0.21798435 -0.21798435 -0.21798435 -0.21798435 -0.21798435
 -0.21798435 -0.21798435 -0.21798435 -0.21798435 -0.21798435 -0.21798435
 -0.21798435 -0.21798435 -0.21798435 -0.21798435 -0.21798435 -0.21798435
 -0.21798435 -0.21798435 -0.21798435 -0.21798435 -0.21798435 -0.21798435
 -0.21798435 -0.21798435 -0.21798435 -0.21798435 -0.21798435 -0.21798435
 -0.21798435 -0.21798435 -0.21798435 -0.21798435 -0.21798435 -0.21798435
 -0.21798435 -0.21798435 -0.21798435 -0.21798435 -0.21798435 -0.21798435
 -0.21798435 -0.21798435 -0.21798435 -0.21798435 -0.21798435 -0.21798435
 -0.21798435 -0.21798435 -0.21798435 -0.21798435 -0.21798435 -0.21798435
 -0.21798435 -0.21798435 -0.21798435 -0.21798435 -0.21798435 -0.21798435
 -0.21798435 -0.21798435 -0.21798435 -0.21798435 -0.21798435 -0.21798435
 -0.21798435 -0.21798435 -0.21798435 -0.21798435 -0.21798435 -0.21798435
 -0.21798435 -0.21798435 -0.21798435 -0.21798435 -0.21798435 -0.21798435
 -0.21798435 -0.21798435 -0.21798435 -0.21798435 -0.21798435 -0.21798435
 -0.21798435 -0.21798435 -0.21798435 -0.21798435 -0.21798435 -0.21798435
 -0.21798435 -0.21798435 -0.21798435 -0.21798435 -0.21798435 -0.21798435
 -0.21798435 -0.21798435 -0.21798435 -0.21798435 -0.21798435 -0.21798435
 -0.21798435 -0.21798435 -0.21798435 -0.21798435 -0.21798435 -0.21798435
  5.42682963 -0.21798435 -0.21798435 -0.21798435 -0.21798435 -0.21798435
  1.70397875 -0.21798435 -0.21798435 -0.21798435 -0.21798435 -0.21798435
 -0.21798435 -0.21798435 -0.21798435 -0.21798435 -0.21798435 -0.21798435
 -0.21798435 -0.21798435  5.19165736 -0.21798435  5.00473756 -0.21798435
 -0.21798435 -0.21798435 -0.21798435 -0.21798435 -0.21798435 -0.21798435
 -0.21798435 -0.21798435 -0.21798435 -0.21798435 -0.21798435 -0.21798435
 -0.21798435 -0.21798435 -0.21798435 -0.21798435 -0.21798435 -0.21798435
 -0.21798435  3.14976867 -0.21798435 -0.21798435 -0.21798435 -0.21798435
 -0.21798435 -0.21798435 -0.21798435 -0.21798435 -0.21798435 -0.21798435
 -0.21798435 -0.21798435 -0.21798435 -0.21798435 -0.21798435 -0.21798435
 -0.21798435 -0.21798435 -0.21798435 -0.21798435 -0.21798435 -0.21798435
 -0.21798435 -0.21798435 -0.21798435 -0.21798435 -0.21798435 -0.21798435
 -0.21798435 -0.21798435 -0.21798435 -0.21798435]",[0.03649000965276142]
5,"[-0.20204859 -0.20204859 -0.20204859 -0.20204859 -0.20204859 -0.20204859
 -0.20204859 -0.20204859 -0.20204859 -0.20204859 -0.20204859 -0.20204859
 -0.20204859 -0.20204859 -0.20204859 -0.20204859 -0.20204859 -0.20204859
 -0.20204859 -0.20204859 -0.20204859  2.90343549 -0.20204859 -0.20204859
 -0.20204859 -0.20204859 -0.20204859 -0.20204859 -0.20204859 -0.20204859
 -0.20204859 -0.20204859 -0.20204859 -0.20204859 -0.20204859 -0.20204859
 -0.20204859 -0.20204859 -0.20204859 -0.20204859 -0.20204859 -0.20204859
 -0.20204859 -0.20204859 -0.20204859 -0.20204859 -0.20204859 -0.20204859
 -0.20204859 -0.20204859 -0.20204859 -0.20204859 -0.20204859 -0.20204859
 -0.20204859 -0.20204859 -0.20204859 -0.20204859 -0.20204859 -0.20204859
 -0.20204859 -0.20204859 -0.20204859 -0.20204859 -0.20204859 -0.20204859
 -0.20204859 -0.20204859 -0.20204859 -0.20204859 -0.20204859 -0.20204859
 -0.20204859 -0.20204859 -0.20204859 -0.20204859 -0.20204859 -0.20204859
 -0.20204859 -0.20204859 -0.20204859 -0.20204859 -0.20204859  6.03837668
 -0.20204859 -0.20204859 -0.20204859 -0.20204859 -0.20204859 -0.20204859
 -0.20204859 -0.20204859  2.26400677 -0.20204859  1.3036807  -0.20204859
 -0.20204859 -0.20204859 -0.20204859 -0.20204859 -0.20204859 -0.20204859
 -0.20204859 -0.20204859 -0.20204859 -0.20204859 -0.20204859 -0.20204859
 -0.20204859 -0.20204859  6.70910713 -0.20204859 -0.20204859 -0.20204859
 -0.20204859 -0.20204859  0.58184098 -0.20204859 -0.20204859 -0.20204859
 -0.20204859 -0.20204859 -0.20204859  0.10572087  0.47368556 -0.20204859
 -0.20204859 -0.20204859 -0.20204859 -0.20204859 -0.20204859 -0.20204859
 -0.20204859 -0.20204859 -0.20204859 -0.20204859 -0.20204859 -0.20204859
 -0.20204859 -0.20204859 -0.20204859 -0.20204859 -0.20204859 -0.20204859
 -0.20204859 -0.20204859 -0.20204859 -0.20204859 -0.20204859 -0.20204859
 -0.20204859 -0.20204859 -0.20204859 -0.20204859 -0.20204859 -0.20204859
 -0.20204859 -0.20204859 -0.20204859 -0.20204859 -0.20204859 -0.20204859
 -0.20204859  0.26726266 -0.20204859 -0.20204859 -0.20204859 -0.20204859
 -0.20204859 -0.20204859 -0.20204859 -0.20204859 -0.20204859 -0.20204859
 -0.20204859 -0.20204859 -0.20204859 -0.20204859 -0.20204859 -0.20204859
 -0.20204859 -0.20204859 -0.20204859 -0.20204859 -0.20204859 -0.20204859
 -0.20204859 -0.20204859 -0.20204859 -0.20204859 -0.20204859 -0.20204859
 -0.20204859 -0.20204859 -0.20204859 -0.20204859 -0.20204859 -0.20204859
 -0.20204859 -0.20204859  4.82519353 -0.20204859 -0.20204859 -0.20204859
 -0.20204859 -0.20204859 -0.20204859 -0.20204859 -0.20204859 -0.20204859
  2.43660147 -0.20204859 -0.02415605 -0.20204859 -0.20204859  4.7574546
 -0.20204859 -0.20204859 -0.20204859 -0.20204859 -0.20204859 -0.20204859
 -0.20204859 -0.20204859 -0.20204859 -0.20204859 -0.20204859 -0.20204859
 -0.20204859 -0.20204859 -0.20204859 -0.20204859 -0.20204859 -0.20204859
 -0.20204859  4.26555966 -0.20204859 -0.20204859  0.82559792 -0.20204859
  1.05845488 -0.20204859 -0.20204859  2.55122782 -0.20204859 -0.20204859
 -0.20204859 -0.20204859 -0.20204859 -0.20204859 -0.20204859 -0.20204859
 -0.20204859 -0.20204859 -0.20204859  1.1503827  -0.20204859 -0.20204859
 -0.20204859 -0.20204859 -0.20204859  3.7664178  -0.20204859  0.6986339
 -0.20204859 -0.20204859 -0.20204859 -0.20204859 -0.20204859 -0.20204859
 -0.20204859 -0.20204859 -0.20204859 -0.20204859  3.56643612 -0.20204859
 -0.20204859 -0.20204859 -0.20204859 -0.20204859 -0.20204859 -0.20204859
  4.57114946 -0.20204859 -0.20204859 -0.20204859 -0.20204859  2.66164989
 -0.20204859 -0.20204859 -0.20204859 -0.20204859 -0.20204859 -0.20204859
 -0.20204859  7.04322173 -0.20204859 -0.20204859 -0.20204859 -0.20204859
 -0.20204859 -0.20204859 -0.20204859 -0.20204859 -0.20204859 -0.20204859
 -0.20204859 -0.20204859 -0.20204859 -0.20204859 -0.20204859  4.51282727
 -0.20204859 -0.20204859 -0.20204859 -0.20204859 -0.20204859 -0.20204859
 -0.20204859 -0.20204859 -0.20204859 -0.20204859 -0.20204859 -0.20204859
 -0.20204859 -0.20204859 -0.20204859 -0.20204859 -0.20204859 -0.20204859
 -0.20204859 -0.20204859 -0.20204859 -0.20204859 -0.20204859 -0.20204859
 -0.20204859 -0.20204859 -0.20204859 -0.20204859 -0.20204859 -0.20204859
 -0.20204859 -0.20204859 -0.20204859 -0.20204859 -0.20204859 -0.20204859
 -0.20204859 -0.20204859 -0.20204859 -0.20204859 -0.20204859 -0.20204859
 -0.20204859 -0.20204859 -0.20204859 -0.20204859 -0.20204859 -0.20204859
 -0.20204859 -0.20204859 -0.20204859 -0.20204859 -0.20204859 -0.20204859
 -0.20204859 -0.20204859 -0.20204859 -0.20204859 -0.20204859 -0.20204859
 -0.20204859 -0.20204859 -0.20204859 -0.20204859 -0.20204859 -0.20204859
 -0.20204859 -0.20204859 -0.20204859 -0.20204859 -0.20204859 -0.20204859
 -0.20204859 -0.20204859 -0.20204859 -0.20204859 -0.20204859 -0.20204859
 -0.20204859 -0.20204859 -0.20204859 -0.20204859 -0.20204859 -0.20204859
 -0.20204859 -0.20204859 -0.20204859 -0.20204859 -0.20204859 -0.20204859
 -0.20204859 -0.20204859 -0.20204859 -0.20204859 -0.20204859 -0.20204859
 -0.20204859 -0.20204859 -0.20204859 -0.20204859 -0.20204859 -0.20204859
 -0.20204859 -0.20204859 -0.20204859 -0.20204859 -0.20204859 -0.20204859
 -0.20204859 -0.20204859 -0.20204859 -0.20204859 -0.20204859 -0.20204859
 -0.20204859 -0.20204859 -0.20204859 -0.20204859 -0.20204859 -0.20204859
 -0.20204859 -0.20204859 -0.20204859 -0.20204859 -0.20204859 -0.20204859
 -0.20204859 -0.20204859 -0.20204859 -0.20204859 -0.20204859 -0.20204859
 -0.20204859 -0.20204859 -0.20204859 -0.20204859 -0.20204859 -0.20204859
 -0.20204859 -0.20204859 -0.20204859 -0.20204859 -0.20204859 -0.20204859
 -0.20204859 -0.20204859 -0.20204859 -0.20204859 -0.20204859 -0.20204859
 -0.20204859 -0.20204859  6.31996766 -0.20204859  8.46950568 -0.20204859
  7.00806475  5.62849314 -0.20204859 -0.20204859 -0.20204859 -0.20204859
 -0.20204859 -0.20204859 -0.20204859 -0.20204859 -0.20204859 -0.20204859
 -0.20204859 -0.20204859 -0.20204859 -0.20204859 -0.20204859 -0.20204859
 -0.20204859  2.26400677 -0.20204859 -0.20204859 -0.20204859 -0.20204859
 -0.20204859 -0.20204859 -0.20204859 -0.20204859 -0.20204859 -0.20204859
 -0.20204859 -0.20204859 -0.20204859 -0.20204859 -0.20204859 -0.20204859
 -0.20204859 -0.20204859 -0.20204859 -0.20204859 -0.20204859 -0.20204859
 -0.20204859 -0.20204859 -0.20204859 -0.20204859 -0.20204859 -0.20204859
 -0.20204859 -0.20204859 -0.20204859 -0.20204859]",[-0.04146072448780569]
5,"[-0.14264859 -0.14264859 -0.14264859 -0.14264859 -0.14264859 -0.14264859
 -0.14264859 -0.14264859 -0.14264859 -0.14264859 -0.14264859 -0.14264859
 -0.14264859 -0.14264859 -0.14264859 -0.14264859 -0.14264859 -0.14264859
 -0.14264859 -0.14264859 -0.14264859 -0.14264859 -0.14264859 -0.14264859
 -0.14264859 -0.14264859 -0.14264859 -0.14264859 -0.14264859 -0.14264859
 -0.14264859 -0.14264859 -0.14264859 -0.14264859 -0.14264859 -0.14264859
 -0.14264859 -0.14264859 -0.14264859 -0.14264859 -0.14264859 -0.14264859
 -0.14264859 -0.14264859 -0.14264859 -0.14264859 -0.14264859 -0.14264859
 -0.14264859 -0.14264859 -0.14264859 -0.14264859 -0.14264859 -0.14264859
 -0.14264859 -0.14264859 -0.14264859 -0.14264859 -0.14264859 -0.14264859
 -0.14264859 -0.14264859 -0.14264859 -0.14264859 -0.14264859 -0.14264859
 -0.14264859 -0.14264859 -0.14264859 -0.14264859 -0.14264859 -0.14264859
 -0.14264859 -0.14264859 -0.14264859 -0.14264859 -0.14264859 -0.14264859
 -0.14264859 -0.14264859 -0.14264859 -0.14264859 -0.14264859 -0.14264859
 -0.14264859 -0.14264859 -0.14264859 -0.14264859 -0.14264859 -0.14264859
 -0.14264859 -0.14264859 -0.14264859 -0.14264859 -0.14264859 -0.14264859
 -0.14264859 -0.14264859 -0.14264859 -0.14264859 -0.14264859 -0.14264859
 -0.14264859 -0.14264859 -0.14264859 -0.14264859 -0.14264859 -0.14264859
 -0.14264859 -0.14264859  7.47886626 -0.14264859 -0.14264859 -0.14264859
 -0.14264859 -0.14264859  6.73280182 -0.14264859 -0.14264859 -0.14264859
 -0.14264859 -0.14264859 -0.14264859 -0.14264859 -0.14264859 -0.14264859
 -0.14264859 -0.14264859 -0.14264859 -0.14264859 -0.14264859 -0.14264859
 -0.14264859 -0.14264859 -0.14264859 -0.14264859 -0.14264859 -0.14264859
 -0.14264859 -0.14264859 -0.14264859 -0.14264859 -0.14264859 -0.14264859
 -0.14264859 -0.14264859 -0.14264859 -0.14264859 -0.14264859 -0.14264859
  2.16355684 -0.14264859 -0.14264859 -0.14264859 -0.14264859 -0.14264859
 -0.14264859 -0.14264859 -0.14264859 -0.14264859 -0.14264859 -0.14264859
 -0.14264859 -0.14264859 -0.14264859 -0.14264859 -0.14264859 -0.14264859
 -0.14264859 -0.14264859 -0.14264859 -0.14264859 -0.14264859  2.16355684
 -0.14264859 -0.14264859 -0.14264859 -0.14264859 -0.14264859 -0.14264859
 -0.14264859 -0.14264859 -0.14264859 -0.14264859 -0.14264859 -0.14264859
  3.17266437 -0.14264859 -0.14264859 -0.14264859 -0.14264859 -0.14264859
 -0.14264859 -0.14264859 -0.14264859 -0.14264859 -0.14264859 -0.14264859
 -0.14264859 -0.14264859  2.19188334 -0.14264859 -0.14264859 -0.14264859
 -0.14264859 -0.14264859 -0.14264859 -0.14264859 -0.14264859 -0.14264859
  3.62769584 -0.14264859 -0.14264859 -0.14264859 -0.14264859  6.10981553
 -0.14264859 -0.14264859 -0.14264859 -0.14264859 -0.14264859 -0.14264859
 -0.14264859 -0.14264859 -0.14264859 -0.14264859 -0.14264859 -0.14264859
 -0.14264859 -0.14264859 -0.14264859 -0.14264859 -0.14264859 -0.14264859
 -0.14264859 -0.14264859 -0.14264859 -0.14264859 -0.14264859 -0.14264859
 -0.14264859 -0.14264859 -0.14264859 -0.14264859 -0.14264859 -0.14264859
 -0.14264859 -0.14264859 -0.14264859 -0.14264859 -0.14264859 -0.14264859
 -0.14264859 -0.14264859 -0.14264859 -0.14264859 -0.14264859 -0.14264859
 -0.14264859 -0.14264859 -0.14264859 -0.14264859 -0.14264859 -0.14264859
 -0.14264859 -0.14264859 -0.14264859 -0.14264859 -0.14264859 -0.14264859
 -0.14264859 -0.14264859 -0.14264859 -0.14264859 -0.14264859 -0.14264859
 -0.14264859 -0.14264859 -0.14264859 -0.14264859 -0.14264859 -0.14264859
 -0.14264859 -0.14264859 -0.14264859 -0.14264859 -0.14264859 -0.14264859
 -0.14264859 -0.14264859 -0.14264859 -0.14264859 -0.14264859 -0.14264859
 -0.14264859  6.1504306  -0.14264859 -0.14264859 -0.14264859 -0.14264859
 -0.14264859 -0.14264859 -0.14264859 -0.14264859 -0.14264859 -0.14264859
 -0.14264859 -0.14264859 -0.14264859 -0.14264859 -0.14264859 -0.14264859
 -0.14264859 -0.14264859 -0.14264859 -0.14264859 -0.14264859 -0.14264859
 -0.14264859 -0.14264859 -0.14264859 -0.14264859 -0.14264859 -0.14264859
 -0.14264859 -0.14264859 -0.14264859 -0.14264859 -0.14264859 -0.14264859
 -0.14264859 -0.14264859 -0.14264859 -0.14264859 -0.14264859 -0.14264859
 -0.14264859 -0.14264859 -0.14264859 -0.14264859 -0.14264859 -0.14264859
 -0.14264859 -0.14264859 -0.14264859 -0.14264859 -0.14264859 -0.14264859
 -0.14264859 -0.14264859 -0.14264859 -0.14264859 -0.14264859 -0.14264859
 -0.14264859 -0.14264859 -0.14264859 -0.14264859 -0.14264859 -0.14264859
 -0.14264859 -0.14264859 -0.14264859 -0.14264859 -0.14264859 -0.14264859
 -0.14264859 -0.14264859 -0.14264859 -0.14264859 -0.14264859 -0.14264859
 -0.14264859 -0.14264859 -0.14264859 -0.14264859 -0.14264859 -0.14264859
 -0.14264859 -0.14264859 -0.14264859 -0.14264859 -0.14264859 -0.14264859
 -0.14264859 -0.14264859 -0.14264859 -0.14264859 -0.14264859 -0.14264859
 -0.14264859 -0.14264859 -0.14264859 -0.14264859 -0.14264859 -0.14264859
 -0.14264859 -0.14264859 -0.14264859 -0.14264859 -0.14264859 -0.14264859
 -0.14264859 -0.14264859 -0.14264859 -0.14264859 -0.14264859 -0.14264859
 -0.14264859 -0.14264859 -0.14264859 -0.14264859 -0.14264859 -0.14264859
 -0.14264859 -0.14264859 -0.14264859 -0.14264859 -0.14264859 -0.14264859
 -0.14264859 -0.14264859 -0.14264859 -0.14264859 -0.14264859 -0.14264859
 -0.14264859 -0.14264859 -0.14264859 -0.14264859 -0.14264859 -0.14264859
 -0.14264859 -0.14264859 -0.14264859 -0.14264859 -0.14264859 -0.14264859
 -0.14264859 -0.14264859 -0.14264859 -0.14264859 -0.14264859 -0.14264859
  2.7501838  -0.14264859 -0.14264859 -0.14264859 -0.14264859 -0.14264859
 -0.14264859 -0.14264859 -0.14264859 -0.14264859 -0.14264859 -0.14264859
 -0.14264859 -0.14264859 -0.14264859 -0.14264859 -0.14264859 -0.14264859
 -0.14264859 -0.14264859  7.44840681 -0.14264859 -0.14264859 -0.14264859
 12.3865013  -0.14264859 -0.14264859 -0.14264859 -0.14264859 -0.14264859
 -0.14264859 -0.14264859 -0.14264859 -0.14264859 -0.14264859 -0.14264859
 -0.14264859 -0.14264859 -0.14264859 -0.14264859 -0.14264859 -0.14264859
 -0.14264859  8.86198993 -0.14264859 -0.14264859 -0.14264859  0.94183551
 -0.14264859 -0.14264859 -0.14264859 -0.14264859 -0.14264859 -0.14264859
 -0.14264859 -0.14264859 -0.14264859 -0.14264859 -0.14264859 -0.14264859
 -0.14264859 -0.14264859 -0.14264859 -0.14264859 -0.14264859 -0.14264859
 -0.14264859 -0.14264859 -0.14264859 -0.14264859 -0.14264859 -0.14264859
 -0.14264859 -0.14264859 -0.14264859 -0.14264859]",[6.52408239601443e-06]
5,"[-0.20070642 -0.20070642 -0.20070642 -0.20070642 -0.20070642 -0.20070642
 -0.20070642 -0.20070642 -0.20070642 -0.20070642 -0.20070642 -0.20070642
 -0.20070642 -0.20070642 -0.20070642 -0.20070642 -0.20070642 -0.20070642
  2.61936361 -0.20070642 -0.20070642 -0.20070642 -0.20070642 -0.20070642
 -0.20070642 -0.20070642 -0.20070642 -0.20070642 -0.20070642 -0.20070642
 -0.20070642 -0.20070642 -0.20070642 -0.20070642 -0.20070642 -0.20070642
 -0.20070642 -0.20070642 -0.20070642 -0.20070642 -0.20070642 -0.20070642
 -0.20070642 -0.20070642 -0.20070642 -0.20070642 -0.20070642 -0.20070642
 -0.20070642 -0.20070642 -0.20070642 -0.20070642 -0.20070642 -0.20070642
 -0.20070642 -0.20070642 -0.20070642 -0.20070642  1.76397623 -0.20070642
 -0.20070642 -0.20070642 -0.20070642 -0.20070642 -0.20070642 -0.20070642
 -0.20070642 -0.20070642 -0.20070642 -0.20070642 -0.20070642 -0.20070642
 -0.20070642 -0.20070642 -0.20070642 -0.20070642 -0.20070642 -0.20070642
 -0.20070642 -0.20070642 -0.20070642 -0.20070642 -0.20070642  1.57915906
 -0.20070642 -0.20070642 -0.20070642 -0.20070642  0.67967599 -0.20070642
 -0.20070642 -0.20070642  1.77788603 -0.20070642 -0.20070642 -0.20070642
 -0.20070642 -0.20070642 -0.20070642 -0.20070642 -0.20070642 -0.20070642
 -0.20070642 -0.20070642 -0.20070642 -0.20070642 -0.20070642 -0.20070642
 -0.20070642 -0.20070642  0.70226486 -0.20070642 -0.20070642 -0.20070642
 -0.20070642 -0.20070642 -0.20070642 -0.20070642 -0.20070642 -0.20070642
 -0.20070642 -0.20070642 -0.20070642 -0.20070642 -0.20070642 -0.20070642
 -0.20070642 -0.20070642 -0.20070642 -0.20070642 -0.20070642 -0.20070642
 -0.20070642 -0.20070642 -0.20070642 -0.20070642 -0.20070642 -0.20070642
 -0.20070642 -0.20070642 -0.20070642 -0.20070642 -0.20070642 -0.20070642
 -0.20070642 -0.20070642 -0.20070642 -0.20070642 -0.20070642 -0.20070642
 -0.20070642 -0.20070642 -0.20070642 -0.20070642 -0.20070642 -0.20070642
 -0.20070642 -0.20070642 -0.20070642 -0.20070642 -0.20070642 -0.20070642
 -0.20070642 -0.20070642 -0.20070642 -0.20070642 -0.20070642 -0.20070642
 -0.20070642 -0.20070642 -0.20070642 -0.20070642 -0.20070642  2.40265311
 -0.20070642 -0.20070642 -0.20070642 -0.20070642 -0.20070642 -0.20070642
 -0.20070642 -0.20070642 -0.20070642 -0.20070642 -0.20070642 -0.20070642
 -0.20070642 -0.20070642 -0.20070642 -0.20070642 -0.20070642 -0.20070642
 -0.20070642 -0.20070642 -0.20070642 -0.20070642 -0.20070642 -0.20070642
 -0.20070642 -0.20070642  5.22107945 -0.20070642 -0.20070642 -0.20070642
 -0.20070642 -0.20070642 -0.20070642 -0.20070642 -0.20070642 -0.20070642
  4.33935582 -0.20070642 -0.12801615 -0.20070642 -0.20070642  5.06443613
 -0.20070642 -0.20070642 -0.20070642 -0.20070642 -0.20070642 -0.20070642
 -0.20070642 -0.20070642 -0.20070642 -0.20070642 -0.20070642 -0.20070642
 -0.20070642 -0.20070642 -0.20070642 -0.20070642 -0.20070642 -0.20070642
 -0.20070642  4.90670786 -0.20070642 -0.20070642  4.07068526 -0.20070642
  2.82957561  0.36984247  7.1121754  -0.20070642 -0.20070642 -0.20070642
 -0.20070642 -0.20070642 -0.20070642 -0.20070642 -0.20070642 -0.20070642
 -0.20070642 -0.20070642 -0.20070642  8.610847   -0.20070642 -0.20070642
 -0.20070642 -0.20070642 -0.20070642  5.69056706 -0.20070642  0.15372008
 -0.20070642 -0.20070642 -0.20070642 -0.20070642 -0.20070642 -0.20070642
 -0.20070642 -0.20070642  0.68969098 -0.20070642 -0.20070642 -0.20070642
 -0.20070642 -0.20070642 -0.20070642 -0.20070642 -0.20070642 -0.20070642
 -0.20070642  3.68290846 -0.20070642 -0.20070642 -0.20070642 -0.20070642
 -0.20070642 -0.20070642 -0.20070642 -0.20070642  4.27608993 -0.20070642
 -0.20070642 -0.20070642 -0.20070642 -0.20070642 -0.20070642 -0.20070642
 -0.20070642 -0.20070642 -0.20070642 -0.20070642 -0.20070642 -0.20070642
 -0.20070642 -0.20070642 -0.20070642 -0.20070642 -0.20070642  4.41710232
 -0.20070642 -0.20070642 -0.20070642 -0.20070642 -0.20070642 -0.20070642
 -0.20070642 -0.20070642 -0.20070642 -0.20070642 -0.20070642 -0.20070642
 -0.20070642 -0.20070642 -0.20070642 -0.20070642 -0.20070642 -0.20070642
 -0.20070642 -0.20070642 -0.20070642 -0.20070642 -0.20070642 -0.20070642
 -0.20070642 -0.20070642 -0.20070642 -0.20070642 -0.20070642 -0.20070642
 -0.20070642 -0.20070642 -0.20070642 -0.20070642 -0.20070642 -0.20070642
 -0.20070642 -0.20070642 -0.20070642 -0.20070642 -0.20070642 -0.20070642
 -0.20070642 -0.20070642 -0.20070642 -0.20070642 -0.20070642 -0.20070642
 -0.20070642 -0.20070642 -0.20070642 -0.20070642 -0.20070642 -0.20070642
 -0.20070642 -0.20070642 -0.20070642 -0.20070642 -0.20070642 -0.20070642
 -0.20070642 -0.20070642 -0.20070642 -0.20070642 -0.20070642 -0.20070642
 -0.20070642 -0.20070642 -0.20070642 -0.20070642 -0.20070642 -0.20070642
 -0.20070642 -0.20070642 -0.20070642 -0.20070642 -0.20070642 -0.20070642
 -0.20070642 -0.20070642 -0.20070642 -0.20070642 -0.20070642 -0.20070642
 -0.20070642 -0.20070642 -0.20070642 -0.20070642 -0.20070642 -0.20070642
 -0.20070642 -0.20070642 -0.20070642 -0.20070642 -0.20070642 -0.20070642
 -0.20070642 -0.20070642 -0.20070642 -0.20070642 -0.20070642 -0.20070642
 -0.20070642 -0.20070642 -0.20070642 -0.20070642 -0.20070642 -0.20070642
 -0.20070642 -0.20070642 -0.20070642 -0.20070642 -0.20070642 -0.20070642
 -0.20070642 -0.20070642 -0.20070642 -0.20070642 -0.20070642 -0.20070642
 -0.20070642  2.12010116 -0.20070642 -0.20070642 -0.20070642 -0.20070642
 -0.20070642 -0.20070642 -0.20070642 -0.20070642 -0.20070642 -0.20070642
 -0.20070642 -0.20070642 -0.20070642 -0.20070642 -0.20070642 -0.20070642
  1.16634377 -0.20070642 -0.20070642 -0.20070642 -0.20070642 -0.20070642
 -0.20070642 -0.20070642 -0.20070642 -0.20070642 -0.20070642 -0.20070642
 -0.20070642 -0.20070642  6.42412947 -0.20070642 -0.20070642 -0.20070642
  7.9040306  -0.20070642 -0.20070642 -0.20070642 -0.20070642 -0.20070642
 -0.20070642 -0.20070642 -0.20070642 -0.20070642 -0.20070642 -0.20070642
 -0.20070642 -0.20070642 -0.20070642 -0.20070642 -0.20070642 -0.20070642
 -0.20070642  6.0600937  -0.20070642 -0.20070642 -0.20070642  1.35318196
 -0.20070642 -0.20070642 -0.20070642 -0.20070642 -0.20070642  0.48651777
 -0.20070642 -0.20070642 -0.20070642 -0.20070642 -0.20070642 -0.20070642
 -0.20070642 -0.20070642 -0.20070642 -0.20070642 -0.20070642 -0.20070642
 -0.20070642 -0.20070642 -0.20070642 -0.20070642 -0.20070642 -0.20070642
 -0.20070642 -0.20070642 -0.20070642 -0.20070642]",[-0.023064045022694046]
5,"[-0.20762528 -0.20762528 -0.20762528 -0.20762528 -0.20762528 -0.20762528
 -0.20762528 -0.20762528 -0.20762528 -0.20762528 -0.20762528 -0.20762528
 -0.20762528 -0.20762528 -0.20762528 -0.20762528 -0.20762528 -0.20762528
 -0.20762528 -0.20762528 -0.20762528 -0.20762528 -0.20762528 -0.20762528
 -0.20762528 -0.20762528 -0.20762528 -0.20762528 -0.20762528 -0.20762528
 -0.20762528 -0.20762528 -0.20762528 -0.20762528 -0.20762528 -0.20762528
 -0.20762528 -0.20762528 -0.20762528 -0.20762528 -0.20762528 -0.20762528
 -0.20762528 -0.20762528 -0.20762528 -0.20762528 -0.20762528 -0.20762528
 -0.20762528 -0.20762528 -0.20762528 -0.20762528 -0.20762528 -0.20762528
 -0.20762528 -0.20762528 -0.20762528 -0.20762528 -0.20762528 -0.20762528
 -0.20762528 -0.20762528 -0.20762528 -0.20762528 -0.20762528 -0.20762528
 -0.20762528 -0.20762528 -0.20762528 -0.20762528 -0.20762528 -0.20762528
 -0.20762528 -0.20762528 -0.20762528 -0.20762528 -0.20762528 -0.20762528
 -0.20762528 -0.20762528 -0.20762528 -0.20762528 -0.20762528  8.07391756
 -0.20762528 -0.20762528 -0.20762528 -0.20762528 -0.20762528  7.44308474
 -0.20762528 -0.20762528  2.04935765 -0.20762528 -0.20762528 -0.20762528
 -0.20762528 -0.20762528 -0.20762528 -0.20762528 -0.20762528 -0.20762528
 -0.20762528 -0.20762528 -0.20762528 -0.20762528  0.16209829 -0.20762528
 -0.20762528 -0.20762528  6.52706964 -0.20762528 -0.20762528 -0.20762528
 -0.20762528 -0.20762528  3.63651829 -0.20762528 -0.20762528 -0.20762528
 -0.20762528 -0.20762528 -0.20762528 -0.20762528  1.79075874 -0.20762528
 -0.20762528 -0.20762528 -0.20762528 -0.20762528 -0.20762528 -0.20762528
 -0.20762528 -0.20762528 -0.20762528 -0.20762528 -0.20762528 -0.20762528
 -0.20762528 -0.20762528 -0.20762528 -0.20762528 -0.20762528 -0.20762528
 -0.20762528 -0.20762528 -0.20762528 -0.20762528 -0.20762528 -0.20762528
 -0.20762528 -0.20762528 -0.20762528 -0.20762528 -0.20762528 -0.20762528
 -0.20762528 -0.20762528 -0.20762528 -0.20762528 -0.20762528 -0.20762528
 -0.20762528 -0.20762528 -0.20762528 -0.20762528 -0.20762528 -0.20762528
 -0.20762528 -0.20762528 -0.20762528 -0.20762528 -0.20762528 -0.20762528
 -0.20762528 -0.20762528 -0.20762528 -0.20762528 -0.20762528 -0.20762528
 -0.20762528 -0.20762528 -0.20762528 -0.20762528 -0.20762528 -0.20762528
 -0.20762528 -0.20762528 -0.20762528 -0.20762528 -0.20762528 -0.20762528
 -0.20762528 -0.20762528 -0.20762528 -0.20762528 -0.20762528 -0.20762528
 -0.20762528 -0.20762528  1.456056   -0.20762528 -0.20762528 -0.20762528
 -0.20762528 -0.20762528 -0.20762528 -0.20762528 -0.20762528 -0.20762528
  2.35528062 -0.20762528 -0.20762528 -0.20762528 -0.20762528  2.04694935
 -0.20762528 -0.20762528 -0.20762528 -0.20762528 -0.20762528 -0.20762528
 -0.20762528 -0.20762528 -0.20762528 -0.20762528 -0.20762528 -0.20762528
 -0.20762528 -0.20762528 -0.20762528 -0.20762528 -0.20762528 -0.20762528
 -0.20762528  3.48585288 -0.20762528 -0.20762528  3.32939845 -0.20762528
  3.13872425 -0.20762528 -0.20762528 -0.20762528 -0.20762528 -0.20762528
 -0.20762528 -0.20762528 -0.20762528 -0.20762528 -0.20762528 -0.20762528
 -0.20762528 -0.20762528 -0.20762528 -0.20762528  3.43081223 -0.20762528
 -0.20762528  2.18835962 -0.20762528  4.07941601 -0.20762528 -0.20762528
 -0.20762528 -0.20762528 -0.20762528 -0.20762528 -0.20762528 -0.20762528
 -0.20762528 -0.20762528 -0.20762528 -0.20762528  5.76082667 -0.20762528
 -0.20762528 -0.20762528 -0.20762528 -0.20762528 -0.20762528 -0.20762528
  4.2431733   2.24715325 -0.20762528 -0.20762528 -0.20762528 -0.20762528
 -0.20762528 -0.20762528 -0.20762528 -0.20762528 -0.20762528 -0.20762528
 -0.20762528 -0.20762528 -0.20762528 -0.20762528 -0.20762528 -0.20762528
 -0.20762528 -0.20762528 -0.20762528 -0.20762528  4.34627533 -0.20762528
 -0.20762528 -0.20762528 -0.20762528 -0.20762528 -0.20762528  5.00184415
 -0.20762528 -0.20762528 -0.20762528 -0.20762528 -0.20762528 -0.20762528
 -0.20762528 -0.20762528 -0.20762528 -0.20762528 -0.20762528 -0.20762528
 -0.20762528 -0.20762528 -0.20762528 -0.20762528 -0.20762528 -0.20762528
 -0.20762528 -0.20762528 -0.20762528 -0.20762528 -0.20762528 -0.20762528
 -0.20762528 -0.20762528 -0.20762528 -0.20762528 -0.20762528 -0.20762528
 -0.20762528 -0.20762528 -0.20762528 -0.20762528 -0.20762528 -0.20762528
 -0.20762528 -0.20762528 -0.20762528 -0.20762528 -0.20762528 -0.20762528
 -0.20762528 -0.20762528 -0.20762528 -0.20762528 -0.20762528 -0.20762528
 -0.20762528 -0.20762528 -0.20762528 -0.20762528 -0.20762528 -0.20762528
 -0.20762528 -0.20762528 -0.20762528 -0.20762528 -0.20762528 -0.20762528
 -0.20762528 -0.20762528 -0.20762528 -0.20762528 -0.20762528 -0.20762528
 -0.20762528 -0.20762528 -0.20762528 -0.20762528 -0.20762528 -0.20762528
 -0.20762528 -0.20762528 -0.20762528 -0.20762528 -0.20762528 -0.20762528
 -0.20762528 -0.20762528 -0.20762528 -0.20762528 -0.20762528 -0.20762528
 -0.20762528 -0.20762528 -0.20762528 -0.20762528 -0.20762528 -0.20762528
 -0.20762528 -0.20762528 -0.20762528 -0.20762528 -0.20762528 -0.20762528
 -0.20762528 -0.20762528 -0.20762528 -0.20762528 -0.20762528 -0.20762528
 -0.20762528 -0.20762528 -0.20762528 -0.20762528 -0.20762528 -0.20762528
 -0.20762528 -0.20762528 -0.20762528 -0.20762528  6.68811067  4.03986148
 -0.20762528 -0.20762528 -0.20762528 -0.20762528 -0.20762528 -0.20762528
 -0.20762528 -0.20762528 -0.20762528 -0.20762528 -0.20762528 -0.20762528
 -0.20762528 -0.20762528 -0.20762528 -0.20762528 -0.20762528 -0.20762528
 -0.20762528 -0.20762528 -0.20762528 -0.20762528 -0.20762528 -0.20762528
 -0.20762528 -0.20762528 -0.20762528 -0.20762528 -0.20762528 -0.20762528
 -0.20762528 -0.20762528 -0.20762528 -0.20762528 -0.20762528 -0.20762528
 -0.20762528 -0.20762528  4.98119442 -0.20762528 -0.20762528 -0.20762528
 -0.20762528 -0.20762528 -0.20762528 -0.20762528 -0.20762528 -0.20762528
 -0.20762528 -0.20762528 -0.20762528 -0.20762528 -0.20762528 -0.20762528
 -0.20762528 -0.20762528 -0.20762528 -0.20762528 -0.20762528 -0.20762528
 -0.20762528  4.87855775 -0.20762528 -0.20762528 -0.20762528 -0.20762528
 -0.20762528 -0.20762528 -0.20762528 -0.20762528 -0.20762528 -0.20762528
 -0.20762528 -0.20762528 -0.20762528 -0.20762528 -0.20762528 -0.20762528
 -0.20762528 -0.20762528 -0.20762528 -0.20762528 -0.20762528 -0.20762528
 -0.20762528 -0.20762528 -0.20762528 -0.20762528 -0.20762528 -0.20762528
 -0.20762528 -0.20762528  5.18623678 -0.20762528]",[0.005168781407586365]
5,"[-0.20366349 -0.20366349 -0.20366349 -0.20366349 -0.20366349 -0.20366349
 -0.20366349 -0.20366349 -0.20366349 -0.20366349 -0.20366349 -0.20366349
 -0.20366349 -0.20366349 -0.20366349 -0.20366349 -0.20366349 -0.20366349
 -0.20366349 -0.20366349 -0.20366349 -0.20366349 -0.20366349 -0.20366349
 -0.20366349 -0.20366349 -0.20366349 -0.20366349 -0.20366349 -0.20366349
 -0.20366349 -0.20366349 -0.20366349 -0.20366349 -0.20366349 -0.20366349
 -0.20366349 -0.20366349 -0.20366349 -0.20366349 -0.20366349 -0.20366349
 -0.20366349 -0.20366349 -0.20366349 -0.20366349 -0.20366349 -0.20366349
 -0.20366349 -0.20366349 -0.20366349 -0.20366349 -0.20366349 -0.20366349
 -0.20366349 -0.20366349 -0.20366349 -0.20366349 -0.20366349 -0.20366349
 -0.20366349 -0.20366349 -0.20366349 -0.20366349 -0.20366349 -0.20366349
 -0.20366349 -0.20366349 -0.20366349 -0.20366349 -0.20366349 -0.20366349
 -0.20366349 -0.20366349 -0.20366349 -0.20366349 -0.20366349 -0.20366349
 -0.20366349 -0.20366349 -0.20366349 -0.20366349 -0.20366349  8.62557044
 -0.20366349 -0.20366349 -0.20366349 -0.20366349 -0.20366349  7.10676148
 -0.20366349 -0.20366349 -0.20366349 -0.20366349 -0.20366349 -0.20366349
 -0.20366349 -0.20366349 -0.20366349 -0.20366349 -0.20366349 -0.20366349
 -0.20366349 -0.20366349 -0.20366349 -0.20366349 -0.20366349 -0.20366349
 -0.20366349 -0.20366349  6.00131538 -0.20366349 -0.20366349 -0.20366349
 -0.20366349 -0.20366349  6.84142273 -0.20366349 -0.20366349 -0.20366349
 -0.20366349 -0.20366349 -0.20366349 -0.20366349  4.17046784 -0.20366349
 -0.20366349 -0.20366349 -0.20366349 -0.20366349 -0.20366349 -0.20366349
 -0.20366349 -0.20366349 -0.20366349 -0.20366349 -0.20366349 -0.20366349
 -0.20366349 -0.20366349 -0.20366349 -0.20366349 -0.20366349 -0.20366349
 -0.20366349 -0.20366349 -0.20366349 -0.20366349 -0.20366349 -0.20366349
 -0.20366349 -0.20366349 -0.20366349 -0.20366349 -0.20366349 -0.20366349
 -0.20366349 -0.20366349 -0.20366349 -0.20366349 -0.20366349 -0.20366349
 -0.20366349 -0.20366349 -0.20366349 -0.20366349 -0.20366349 -0.20366349
 -0.20366349 -0.20366349 -0.20366349 -0.20366349 -0.20366349 -0.20366349
 -0.20366349 -0.20366349 -0.20366349 -0.20366349 -0.20366349 -0.20366349
 -0.20366349 -0.20366349 -0.20366349 -0.20366349 -0.20366349 -0.20366349
 -0.20366349 -0.20366349 -0.20366349 -0.20366349 -0.20366349 -0.20366349
 -0.20366349 -0.20366349 -0.20366349 -0.20366349 -0.20366349 -0.20366349
 -0.20366349 -0.20366349 -0.20366349 -0.20366349 -0.20366349  0.62850711
 -0.20366349 -0.20366349 -0.20366349 -0.20366349 -0.20366349 -0.20366349
  1.40575099 -0.20366349 -0.20366349 -0.20366349 -0.20366349  2.2462849
 -0.20366349 -0.20366349 -0.20366349 -0.20366349 -0.20366349 -0.20366349
 -0.20366349 -0.20366349 -0.20366349 -0.20366349 -0.20366349 -0.20366349
 -0.20366349 -0.20366349 -0.20366349  3.22214171 -0.20366349 -0.20366349
 -0.20366349  4.08926654 -0.20366349 -0.20366349  3.63652564 -0.20366349
  4.53269119 -0.20366349 -0.20366349  1.49444363 -0.20366349 -0.20366349
 -0.20366349 -0.20366349 -0.20366349 -0.20366349 -0.20366349 -0.20366349
 -0.20366349 -0.20366349 -0.20366349 -0.20366349 -0.20366349 -0.20366349
 -0.20366349 -0.20366349 -0.20366349  2.49895291 -0.20366349 -0.20366349
 -0.20366349 -0.20366349 -0.20366349 -0.20366349 -0.20366349 -0.20366349
  2.43107695 -0.20366349 -0.20366349 -0.20366349  4.20538186 -0.20366349
 -0.20366349 -0.20366349 -0.20366349 -0.20366349 -0.20366349 -0.20366349
  3.6601427  -0.20366349 -0.20366349 -0.20366349 -0.20366349  5.82956967
  1.36536754 -0.20366349 -0.20366349 -0.20366349 -0.20366349 -0.20366349
 -0.20366349 -0.20366349 -0.20366349 -0.20366349 -0.20366349 -0.20366349
 -0.20366349 -0.20366349 -0.20366349 -0.20366349 -0.20366349 -0.20366349
 -0.20366349 -0.20366349 -0.20366349 -0.20366349 -0.20366349  3.53995359
 -0.20366349 -0.20366349 -0.20366349 -0.20366349 -0.20366349 -0.20366349
 -0.20366349 -0.20366349 -0.20366349 -0.20366349 -0.20366349 -0.20366349
 -0.20366349 -0.20366349 -0.20366349 -0.20366349 -0.20366349 -0.20366349
 -0.20366349 -0.20366349 -0.20366349 -0.20366349 -0.20366349 -0.20366349
 -0.20366349 -0.20366349 -0.20366349 -0.20366349 -0.20366349 -0.20366349
 -0.20366349 -0.20366349 -0.20366349 -0.20366349 -0.20366349 -0.20366349
 -0.20366349 -0.20366349 -0.20366349 -0.20366349 -0.20366349 -0.20366349
 -0.20366349 -0.20366349 -0.20366349 -0.20366349 -0.20366349 -0.20366349
 -0.20366349 -0.20366349 -0.20366349 -0.20366349 -0.20366349 -0.20366349
 -0.20366349 -0.20366349 -0.20366349 -0.20366349 -0.20366349 -0.20366349
 -0.20366349 -0.20366349 -0.20366349 -0.20366349 -0.20366349 -0.20366349
 -0.20366349 -0.20366349 -0.20366349 -0.20366349 -0.20366349 -0.20366349
 -0.20366349 -0.20366349 -0.20366349 -0.20366349 -0.20366349 -0.20366349
 -0.20366349 -0.20366349 -0.20366349 -0.20366349 -0.20366349 -0.20366349
 -0.20366349 -0.20366349 -0.20366349 -0.20366349 -0.20366349 -0.20366349
 -0.20366349 -0.20366349 -0.20366349 -0.20366349 -0.20366349 -0.20366349
 -0.20366349 -0.20366349 -0.20366349 -0.20366349 -0.20366349 -0.20366349
 -0.20366349 -0.20366349 -0.20366349 -0.20366349 -0.20366349 -0.20366349
 -0.20366349 -0.20366349 -0.20366349 -0.20366349 -0.20366349  5.39284829
 -0.20366349 -0.20366349 -0.20366349 -0.20366349 -0.20366349 -0.20366349
 -0.20366349 -0.20366349 -0.20366349 -0.20366349 -0.20366349 -0.20366349
 -0.20366349 -0.20366349 -0.20366349 -0.20366349 -0.20366349 -0.20366349
  3.71647331 -0.20366349 -0.20366349 -0.20366349 -0.20366349 -0.20366349
 -0.20366349 -0.20366349 -0.20366349 -0.20366349 -0.20366349 -0.20366349
 -0.20366349 -0.20366349 -0.20366349 -0.20366349 -0.20366349 -0.20366349
 -0.20366349 -0.20366349  5.31362364 -0.20366349 -0.20366349 -0.20366349
 -0.20366349 -0.20366349 -0.20366349 -0.20366349 -0.20366349 -0.20366349
 -0.20366349 -0.20366349 -0.20366349 -0.20366349 -0.20366349 -0.20366349
 -0.20366349 -0.20366349 -0.20366349 -0.20366349 -0.20366349 -0.20366349
 -0.20366349  3.47082077 -0.20366349 -0.20366349 -0.20366349 -0.20366349
 -0.20366349 -0.20366349 -0.20366349 -0.20366349 -0.20366349 -0.20366349
 -0.20366349 -0.20366349 -0.20366349 -0.20366349 -0.20366349 -0.20366349
 -0.20366349 -0.20366349 -0.20366349 -0.20366349 -0.20366349 -0.20366349
 -0.20366349 -0.20366349 -0.20366349 -0.20366349 -0.20366349 -0.20366349
 -0.20366349 -0.20366349  5.38806494 -0.20366349]",[-0.008431089692763294]
5,"[-0.16849272 -0.16849272 -0.16849272 -0.16849272 -0.16849272 -0.16849272
 -0.16849272 -0.16849272 -0.16849272 -0.16849272 -0.16849272 -0.16849272
 -0.16849272 -0.16849272 -0.16849272 -0.16849272 -0.16849272 -0.16849272
 -0.16849272 -0.16849272 -0.16849272 -0.16849272 -0.16849272 -0.16849272
 -0.16849272 -0.16849272 -0.16849272 -0.16849272 -0.16849272 -0.16849272
 -0.16849272 -0.16849272 -0.16849272 -0.16849272 -0.16849272 -0.16849272
 -0.16849272 -0.16849272 -0.16849272 -0.16849272 -0.16849272 -0.16849272
 -0.16849272 -0.16849272 -0.16849272 -0.16849272 -0.16849272 -0.16849272
 -0.16849272 -0.16849272 -0.16849272 -0.16849272 -0.16849272 -0.16849272
 -0.16849272 -0.16849272 -0.16849272 -0.16849272  0.9372103  -0.16849272
 -0.16849272 -0.16849272 -0.16849272 -0.16849272 -0.16849272 -0.16849272
 -0.16849272 -0.16849272 -0.16849272 -0.16849272 -0.16849272 -0.16849272
 -0.16849272 -0.16849272 -0.16849272 -0.16849272 -0.16849272 -0.16849272
 -0.16849272 -0.16849272 -0.16849272 -0.16849272 -0.16849272 11.28805738
 -0.16849272 -0.16849272 -0.16849272 -0.16849272 -0.16849272 -0.16849272
 -0.16849272 -0.16849272 -0.16849272 -0.16849272 -0.16849272 -0.16849272
 -0.16849272 -0.16849272 -0.16849272 -0.16849272 -0.16849272 -0.16849272
 -0.16849272 -0.16849272 -0.16849272 -0.16849272 -0.16849272 -0.16849272
 -0.16849272 -0.16849272  8.57642795 -0.16849272 -0.16849272 -0.16849272
 -0.16849272 -0.16849272 -0.16849272 -0.16849272 -0.16849272 -0.16849272
 -0.16849272 -0.16849272 -0.16849272 -0.16849272 -0.16849272 -0.16849272
 -0.16849272 -0.16849272 -0.16849272 -0.16849272 -0.16849272 -0.16849272
 -0.16849272 -0.16849272 -0.16849272 -0.16849272 -0.16849272 -0.16849272
 -0.16849272 -0.16849272 -0.16849272 -0.16849272 -0.16849272 -0.16849272
 -0.16849272 -0.16849272 -0.16849272 -0.16849272 -0.16849272 -0.16849272
 -0.16849272 -0.16849272 -0.16849272 -0.16849272 -0.16849272 -0.16849272
 -0.16849272 -0.16849272 -0.16849272 -0.16849272 -0.16849272 -0.16849272
 -0.16849272 -0.16849272 -0.16849272 -0.16849272 -0.16849272 -0.16849272
 -0.16849272 -0.16849272 -0.16849272 -0.16849272 -0.16849272 -0.16849272
 -0.16849272 -0.16849272 -0.16849272 -0.16849272 -0.16849272 -0.16849272
 -0.16849272 -0.16849272 -0.16849272 -0.16849272 -0.16849272 -0.16849272
 -0.16849272 -0.16849272 -0.16849272 -0.16849272 -0.16849272 -0.16849272
 -0.16849272 -0.16849272 -0.16849272 -0.16849272 -0.16849272 -0.16849272
 -0.16849272 -0.16849272 -0.16849272 -0.16849272 -0.16849272 -0.16849272
 -0.16849272 -0.16849272 -0.16849272 -0.16849272 -0.16849272 -0.16849272
  1.53964909 -0.16849272 -0.16849272 -0.16849272 -0.16849272  3.98271241
 -0.16849272 -0.16849272 -0.16849272 -0.16849272 -0.16849272 -0.16849272
 -0.16849272 -0.16849272 -0.16849272 -0.16849272 -0.16849272 -0.16849272
 -0.16849272 -0.16849272 -0.16849272 -0.16849272 -0.16849272 -0.16849272
 -0.16849272  3.50323647 -0.16849272  0.89190715  2.86761238 -0.16849272
  5.4162088   1.1894958  -0.16849272 -0.16849272 -0.16849272 -0.16849272
 -0.16849272 -0.16849272 -0.16849272 -0.16849272 -0.16849272 -0.16849272
 -0.16849272 -0.16849272 -0.16849272 -0.16849272 -0.16849272 -0.16849272
 -0.16849272 -0.16849272 -0.16849272  3.4298609  -0.16849272  2.54969582
 -0.16849272 -0.16849272 -0.16849272 -0.16849272 -0.16849272 -0.16849272
 -0.16849272 -0.16849272 -0.16849272 -0.16849272  6.1321404  -0.16849272
 -0.16849272  1.99910737 -0.16849272  1.36045466 -0.16849272 -0.16849272
 -0.16849272 -0.16849272 -0.16849272 -0.16849272 -0.16849272  7.29970003
 -0.16849272 -0.16849272 -0.16849272 -0.16849272 -0.16849272 -0.16849272
 -0.16849272 -0.16849272 -0.16849272 -0.16849272 -0.16849272 -0.16849272
 -0.16849272 -0.16849272 -0.16849272 -0.16849272 -0.16849272 -0.16849272
 -0.16849272 -0.16849272 -0.16849272 -0.16849272 -0.16849272  6.68804675
 -0.16849272 -0.16849272 -0.16849272 -0.16849272 -0.16849272 -0.16849272
 -0.16849272 -0.16849272 -0.16849272 -0.16849272 -0.16849272 -0.16849272
 -0.16849272 -0.16849272 -0.16849272 -0.16849272 -0.16849272 -0.16849272
 -0.16849272 -0.16849272 -0.16849272 -0.16849272 -0.16849272 -0.16849272
 -0.16849272 -0.16849272 -0.16849272 -0.16849272 -0.16849272 -0.16849272
 -0.16849272 -0.16849272 -0.16849272 -0.16849272 -0.16849272 -0.16849272
 -0.16849272 -0.16849272 -0.16849272 -0.16849272 -0.16849272 -0.16849272
 -0.16849272 -0.16849272 -0.16849272 -0.16849272 -0.16849272 -0.16849272
 -0.16849272 -0.16849272 -0.16849272 -0.16849272 -0.16849272 -0.16849272
 -0.16849272 -0.16849272 -0.16849272 -0.16849272 -0.16849272 -0.16849272
 -0.16849272 -0.16849272 -0.16849272 -0.16849272 -0.16849272 -0.16849272
 -0.16849272 -0.16849272 -0.16849272 -0.16849272 -0.16849272 -0.16849272
 -0.16849272 -0.16849272 -0.16849272 -0.16849272 -0.16849272 -0.16849272
 -0.16849272 -0.16849272 -0.16849272 -0.16849272 -0.16849272 -0.16849272
 -0.16849272 -0.16849272 -0.16849272 -0.16849272 -0.16849272 -0.16849272
 -0.16849272 -0.16849272 -0.16849272 -0.16849272 -0.16849272 -0.16849272
 -0.16849272 -0.16849272 -0.16849272 -0.16849272 -0.16849272 -0.16849272
 -0.16849272 -0.16849272 -0.16849272 -0.16849272 -0.16849272 -0.16849272
 -0.16849272 -0.16849272 -0.16849272 -0.16849272 -0.16849272 -0.16849272
 -0.16849272 -0.16849272 -0.16849272 -0.16849272 -0.16849272 -0.16849272
 -0.16849272 -0.16849272 -0.16849272 -0.16849272 -0.16849272 -0.16849272
 -0.16849272 -0.16849272 -0.16849272 -0.16849272 -0.16849272 -0.16849272
 -0.16849272 -0.16849272 -0.16849272 -0.16849272 -0.16849272 -0.16849272
 -0.16849272 -0.16849272 -0.16849272 -0.16849272 -0.16849272 -0.16849272
 -0.16849272 -0.16849272 -0.16849272 -0.16849272 -0.16849272 -0.16849272
 -0.16849272 -0.16849272  5.27048544 -0.16849272  5.82333695 -0.16849272
 -0.16849272 -0.16849272 -0.16849272 -0.16849272 -0.16849272 -0.16849272
 -0.16849272 -0.16849272 -0.16849272 -0.16849272 -0.16849272 -0.16849272
 -0.16849272 -0.16849272 -0.16849272 -0.16849272 -0.16849272 -0.16849272
 -0.16849272 -0.16849272 -0.16849272 -0.16849272 -0.16849272 -0.16849272
 -0.16849272 -0.16849272 -0.16849272 -0.16849272 -0.16849272 -0.16849272
 -0.16849272 -0.16849272 -0.16849272 -0.16849272 -0.16849272 -0.16849272
 -0.16849272 -0.16849272 -0.16849272 -0.16849272 -0.16849272 -0.16849272
 -0.16849272 -0.16849272 -0.16849272 -0.16849272 -0.16849272 -0.16849272
 -0.16849272 -0.16849272  3.50101615 -0.16849272]",[-0.028262544320395905]
5,"[-0.17038111 -0.17038111 -0.17038111 -0.17038111 -0.17038111 -0.17038111
 -0.17038111 -0.17038111 -0.17038111 -0.17038111 -0.17038111 -0.17038111
 -0.17038111 -0.17038111 -0.17038111 -0.17038111 -0.17038111 -0.17038111
  2.94340911 -0.17038111 -0.17038111 -0.17038111 -0.17038111 -0.17038111
 -0.17038111 -0.17038111 -0.17038111 -0.17038111 -0.17038111 -0.17038111
 -0.17038111 -0.17038111 -0.17038111 -0.17038111 -0.17038111 -0.17038111
 -0.17038111 -0.17038111 -0.17038111 -0.17038111 -0.17038111 -0.17038111
 -0.17038111 -0.17038111 -0.17038111 -0.17038111 -0.17038111 -0.17038111
 -0.17038111 -0.17038111 -0.17038111 -0.17038111 -0.17038111 -0.17038111
 -0.17038111 -0.17038111 -0.17038111 -0.17038111 -0.17038111 -0.17038111
 -0.17038111 -0.17038111 -0.17038111 -0.17038111 -0.17038111 -0.17038111
 -0.17038111 -0.17038111 -0.17038111 -0.17038111 -0.17038111 -0.17038111
 -0.17038111 -0.17038111 -0.17038111 -0.17038111 -0.17038111 -0.17038111
 -0.17038111 -0.17038111 -0.17038111 -0.17038111 -0.17038111 11.38753922
 -0.17038111 -0.17038111 -0.17038111 -0.17038111 -0.17038111 -0.17038111
 -0.17038111 -0.17038111  2.54971167 -0.17038111 -0.17038111 -0.17038111
 -0.17038111 -0.17038111 -0.17038111 -0.17038111 -0.17038111 -0.17038111
 -0.17038111 -0.17038111 -0.17038111 -0.17038111 -0.17038111 -0.17038111
 -0.17038111 -0.17038111  7.72377388 -0.17038111 -0.17038111 -0.17038111
 -0.17038111 -0.17038111  6.81544655 -0.17038111 -0.17038111 -0.17038111
 -0.17038111 -0.17038111 -0.17038111 -0.17038111 -0.17038111 -0.17038111
 -0.17038111 -0.17038111 -0.17038111 -0.17038111 -0.17038111 -0.17038111
 -0.17038111 -0.17038111 -0.17038111 -0.17038111 -0.17038111 -0.17038111
 -0.17038111 -0.17038111 -0.17038111 -0.17038111 -0.17038111 -0.17038111
 -0.17038111 -0.17038111 -0.17038111 -0.17038111 -0.17038111 -0.17038111
 -0.17038111 -0.17038111 -0.17038111 -0.17038111 -0.17038111 -0.17038111
 -0.17038111 -0.17038111 -0.17038111 -0.17038111 -0.17038111 -0.17038111
 -0.17038111 -0.17038111 -0.17038111 -0.17038111 -0.17038111 -0.17038111
 -0.17038111 -0.17038111 -0.17038111 -0.17038111 -0.17038111 -0.17038111
 -0.17038111 -0.17038111 -0.17038111 -0.17038111 -0.17038111 -0.17038111
 -0.17038111 -0.17038111 -0.17038111 -0.17038111 -0.17038111 -0.17038111
 -0.17038111 -0.17038111 -0.17038111 -0.17038111 -0.17038111 -0.17038111
 -0.17038111 -0.17038111 -0.17038111 -0.17038111 -0.17038111 -0.17038111
 -0.17038111 -0.17038111 -0.17038111 -0.17038111 -0.17038111  2.62815752
 -0.17038111 -0.17038111 -0.17038111 -0.17038111 -0.17038111 -0.17038111
  2.25602481 -0.17038111 -0.17038111 -0.17038111 -0.17038111  4.03786028
 -0.17038111 -0.17038111 -0.17038111 -0.17038111 -0.17038111 -0.17038111
 -0.17038111 -0.17038111 -0.17038111 -0.17038111 -0.17038111 -0.17038111
 -0.17038111 -0.17038111 -0.17038111 -0.17038111 -0.17038111 -0.17038111
 -0.17038111  2.26984021 -0.17038111 -0.17038111 -0.17038111 -0.17038111
  2.86287614 -0.17038111 -0.17038111 -0.17038111 -0.17038111 -0.17038111
 -0.17038111 -0.17038111 -0.17038111 -0.17038111 -0.17038111 -0.17038111
 -0.17038111 -0.17038111 -0.17038111 -0.17038111 -0.17038111 -0.17038111
 -0.17038111 -0.17038111 -0.17038111 -0.17038111 -0.17038111  0.16868883
 -0.17038111 -0.17038111 -0.17038111 -0.17038111 -0.17038111 -0.17038111
  1.74402228 -0.17038111 -0.17038111 -0.17038111  4.50755889 -0.17038111
 -0.17038111 -0.17038111 -0.17038111 -0.17038111 -0.17038111 -0.17038111
  4.35896751 -0.17038111 -0.17038111 -0.17038111 -0.17038111  5.82727063
 -0.17038111 -0.17038111 -0.17038111 -0.17038111 -0.17038111 -0.17038111
 -0.17038111 -0.17038111  6.39650232 -0.17038111 -0.17038111 -0.17038111
 -0.17038111 -0.17038111 -0.17038111 -0.17038111 -0.17038111 -0.17038111
 -0.17038111 -0.17038111 -0.17038111 -0.17038111 -0.17038111 -0.17038111
 -0.17038111 -0.17038111 -0.17038111 -0.17038111 -0.17038111 -0.17038111
 -0.17038111 -0.17038111 -0.17038111 -0.17038111 -0.17038111 -0.17038111
 -0.17038111 -0.17038111 -0.17038111 -0.17038111 -0.17038111 -0.17038111
 -0.17038111 -0.17038111 -0.17038111 -0.17038111 -0.17038111 -0.17038111
 -0.17038111 -0.17038111 -0.17038111 -0.17038111 -0.17038111 -0.17038111
 -0.17038111 -0.17038111 -0.17038111 -0.17038111 -0.17038111 -0.17038111
 -0.17038111 -0.17038111 -0.17038111 -0.17038111 -0.17038111 -0.17038111
 -0.17038111 -0.17038111 -0.17038111 -0.17038111 -0.17038111 -0.17038111
 -0.17038111 -0.17038111 -0.17038111 -0.17038111 -0.17038111 -0.17038111
 -0.17038111 -0.17038111 -0.17038111 -0.17038111 -0.17038111 -0.17038111
 -0.17038111 -0.17038111 -0.17038111 -0.17038111 -0.17038111 -0.17038111
 -0.17038111 -0.17038111 -0.17038111 -0.17038111 -0.17038111 -0.17038111
 -0.17038111 -0.17038111 -0.17038111 -0.17038111 -0.17038111 -0.17038111
 -0.17038111 -0.17038111 -0.17038111 -0.17038111 -0.17038111 -0.17038111
 -0.17038111 -0.17038111 -0.17038111 -0.17038111 -0.17038111 -0.17038111
 -0.17038111 -0.17038111 -0.17038111 -0.17038111 -0.17038111 -0.17038111
 -0.17038111 -0.17038111 -0.17038111 -0.17038111 -0.17038111 -0.17038111
 -0.17038111 -0.17038111 -0.17038111 -0.17038111 -0.17038111 -0.17038111
 -0.17038111 -0.17038111 -0.17038111 -0.17038111  5.0045373  -0.17038111
 -0.17038111 -0.17038111 -0.17038111 -0.17038111 -0.17038111 -0.17038111
 -0.17038111 -0.17038111 -0.17038111 -0.17038111 -0.17038111 -0.17038111
 -0.17038111 -0.17038111 -0.17038111 -0.17038111 -0.17038111 -0.17038111
 -0.17038111 -0.17038111 -0.17038111 -0.17038111 -0.17038111 -0.17038111
 -0.17038111 -0.17038111 -0.17038111 -0.17038111 -0.17038111 -0.17038111
 -0.17038111 -0.17038111 -0.17038111 -0.17038111 -0.17038111 -0.17038111
 -0.17038111 -0.17038111  5.92995066 -0.17038111 -0.17038111 -0.17038111
  5.94879658 -0.17038111 -0.17038111 -0.17038111 -0.17038111 -0.17038111
 -0.17038111 -0.17038111 -0.17038111 -0.17038111 -0.17038111 -0.17038111
 -0.17038111 -0.17038111 -0.17038111 -0.17038111 -0.17038111 -0.17038111
 -0.17038111 -0.17038111 -0.17038111 -0.17038111 -0.17038111 -0.17038111
 -0.17038111 -0.17038111 -0.17038111 -0.17038111 -0.17038111 -0.17038111
 -0.17038111 -0.17038111 -0.17038111 -0.17038111 -0.17038111 -0.17038111
 -0.17038111 -0.17038111 -0.17038111 -0.17038111 -0.17038111 -0.17038111
 -0.17038111 -0.17038111 -0.17038111 -0.17038111 -0.17038111 -0.17038111
 -0.17038111 -0.17038111 -0.17038111 -0.17038111]",[0.006815650348163754]
5,"[-0.19019403 -0.19019403 -0.19019403 -0.19019403  0.1166719  -0.19019403
 -0.19019403 -0.19019403 -0.19019403 -0.19019403 -0.19019403 -0.19019403
 -0.19019403 -0.19019403 -0.19019403 -0.19019403 -0.19019403 -0.19019403
 -0.19019403 -0.19019403 -0.19019403 -0.19019403 -0.19019403 -0.19019403
 -0.19019403 -0.19019403 -0.19019403 -0.19019403 -0.19019403 -0.19019403
 -0.19019403 -0.19019403 -0.19019403 -0.19019403 -0.19019403 -0.19019403
 -0.19019403 -0.19019403 -0.19019403 -0.19019403 -0.19019403 -0.19019403
 -0.19019403 -0.19019403 -0.19019403 -0.19019403 -0.19019403 -0.19019403
 -0.19019403 -0.19019403 -0.19019403 -0.19019403 -0.19019403 -0.19019403
 -0.19019403 -0.19019403 -0.19019403 -0.19019403 -0.19019403 -0.19019403
 -0.19019403 -0.19019403 -0.19019403 -0.19019403 -0.19019403 -0.19019403
 -0.19019403 -0.19019403 -0.19019403 -0.19019403 -0.19019403 -0.19019403
 -0.19019403 -0.19019403 -0.19019403 -0.19019403 -0.19019403 -0.19019403
 -0.19019403 -0.19019403 -0.19019403 -0.19019403 -0.19019403  2.22808011
 -0.19019403 -0.19019403 -0.19019403 -0.19019403 -0.19019403 -0.19019403
 -0.19019403 -0.19019403  1.48896405 -0.19019403 -0.19019403 -0.19019403
 -0.19019403 -0.19019403 -0.19019403 -0.19019403 -0.19019403 -0.19019403
 -0.19019403 -0.19019403 -0.19019403 -0.19019403  1.72380124 -0.19019403
 -0.19019403 -0.19019403  1.10592666 -0.19019403 -0.19019403 -0.19019403
 -0.19019403 -0.19019403 -0.19019403 -0.19019403 -0.19019403 -0.19019403
 -0.19019403 -0.19019403 -0.19019403 -0.19019403 -0.19019403 -0.19019403
 -0.19019403 -0.19019403 -0.19019403 -0.19019403 -0.19019403 -0.19019403
 -0.19019403 -0.19019403 -0.19019403 -0.19019403 -0.19019403 -0.19019403
 -0.19019403 -0.19019403 -0.19019403 -0.19019403 -0.19019403 -0.19019403
 -0.19019403 -0.19019403 -0.19019403 -0.19019403 -0.19019403 -0.19019403
 -0.19019403 -0.19019403 -0.19019403 -0.19019403 -0.19019403 -0.19019403
 -0.19019403 -0.19019403 -0.19019403 -0.19019403 -0.19019403 -0.19019403
 -0.19019403 -0.19019403 -0.19019403 -0.19019403 -0.19019403 -0.19019403
 -0.19019403 -0.19019403 -0.19019403 -0.19019403 -0.19019403 -0.19019403
 -0.19019403 -0.19019403 -0.19019403 -0.19019403 -0.19019403 -0.19019403
 -0.19019403 -0.19019403 -0.19019403 -0.19019403 -0.19019403 -0.19019403
 -0.19019403 -0.19019403 -0.19019403 -0.19019403 -0.19019403 -0.19019403
 -0.19019403 -0.19019403 -0.19019403 -0.19019403 -0.19019403 -0.19019403
 -0.19019403 -0.19019403 -0.19019403 -0.19019403 -0.19019403  0.39376085
 -0.19019403 -0.19019403 -0.19019403 -0.19019403 -0.19019403 -0.19019403
  1.32666599 -0.19019403  1.11413406 -0.19019403 -0.19019403  4.22948047
 -0.19019403 -0.19019403 -0.19019403 -0.19019403 -0.19019403 -0.19019403
 -0.19019403 -0.19019403 -0.19019403 -0.19019403 -0.19019403 -0.19019403
 -0.19019403 -0.19019403 -0.19019403 -0.19019403 -0.19019403 -0.19019403
 -0.19019403  4.22530925 -0.19019403  1.56610398  4.96289937 -0.19019403
  6.36886842  1.7862124  -0.19019403 -0.19019403 -0.19019403 -0.19019403
 -0.19019403 -0.19019403 -0.19019403 -0.19019403 -0.19019403 -0.19019403
 -0.19019403 -0.19019403 -0.19019403 -0.19019403 -0.19019403 -0.19019403
 -0.19019403 -0.19019403 -0.19019403  5.90499003 -0.19019403  1.74293944
 -0.19019403 -0.19019403 -0.19019403  1.17120524  0.77343797 -0.19019403
 -0.19019403 -0.19019403 -0.19019403 -0.19019403  5.32883276 -0.19019403
 -0.19019403  1.59608385 -0.19019403 -0.19019403 -0.19019403 -0.19019403
  4.8829958  -0.19019403 -0.19019403 -0.19019403 -0.19019403  7.95533104
 -0.19019403 -0.19019403 -0.19019403 -0.19019403 -0.19019403 -0.19019403
 -0.19019403 -0.19019403 -0.19019403 -0.19019403 -0.19019403 -0.19019403
 -0.19019403 -0.19019403 -0.19019403 -0.19019403 -0.19019403 -0.19019403
 -0.19019403 -0.19019403 -0.19019403 -0.19019403 -0.19019403  3.44764522
 -0.19019403 -0.19019403 -0.19019403 -0.19019403 -0.19019403 -0.19019403
 -0.19019403 -0.19019403 -0.19019403 -0.19019403 -0.19019403 -0.19019403
 -0.19019403 -0.19019403 -0.19019403 -0.19019403 -0.19019403 -0.19019403
 -0.19019403 -0.19019403 -0.19019403 -0.19019403 -0.19019403 -0.19019403
 -0.19019403 -0.19019403 -0.19019403 -0.19019403 -0.19019403 -0.19019403
 -0.19019403 -0.19019403 -0.19019403 -0.19019403 -0.19019403 -0.19019403
 -0.19019403 -0.19019403 -0.19019403 -0.19019403 -0.19019403 -0.19019403
 -0.19019403 -0.19019403 -0.19019403 -0.19019403 -0.19019403 -0.19019403
 -0.19019403 -0.19019403 -0.19019403 -0.19019403 -0.19019403 -0.19019403
 -0.19019403 -0.19019403 -0.19019403 -0.19019403 -0.19019403 -0.19019403
 -0.19019403 -0.19019403 -0.19019403 -0.19019403 -0.19019403 -0.19019403
 -0.19019403 -0.19019403 -0.19019403 -0.19019403 -0.19019403 -0.19019403
 -0.19019403 -0.19019403 -0.19019403 -0.19019403 -0.19019403 -0.19019403
 -0.19019403 -0.19019403 -0.19019403 -0.19019403 -0.19019403 -0.19019403
 -0.19019403 -0.19019403 -0.19019403 -0.19019403 -0.19019403 -0.19019403
 -0.19019403 -0.19019403 -0.19019403 -0.19019403 -0.19019403 -0.19019403
 -0.19019403 -0.19019403 -0.19019403 -0.19019403 -0.19019403 -0.19019403
 -0.19019403 -0.19019403 -0.19019403 -0.19019403 -0.19019403 -0.19019403
 -0.19019403 -0.19019403 -0.19019403 -0.19019403 -0.19019403 -0.19019403
 -0.19019403 -0.19019403 -0.19019403 -0.19019403 -0.19019403 -0.19019403
 -0.19019403 -0.19019403 -0.19019403 -0.19019403 -0.19019403 -0.19019403
 -0.19019403 -0.19019403 -0.19019403 -0.19019403 -0.19019403 -0.19019403
 -0.19019403 -0.19019403 -0.19019403 -0.19019403 -0.19019403 -0.19019403
 -0.19019403 -0.19019403 -0.19019403 -0.19019403 -0.19019403 -0.19019403
 -0.19019403 -0.19019403 -0.19019403 -0.19019403 -0.19019403 -0.19019403
 -0.19019403 -0.19019403  7.16788695 -0.19019403 -0.19019403 -0.19019403
  7.49577097 -0.19019403 -0.19019403 -0.19019403 -0.19019403 -0.19019403
 -0.19019403 -0.19019403 -0.19019403 -0.19019403 -0.19019403 -0.19019403
 -0.19019403 -0.19019403 -0.19019403 -0.19019403 -0.19019403 -0.19019403
 -0.19019403  4.5593608  -0.19019403 -0.19019403 -0.19019403 -0.19019403
 -0.19019403 -0.19019403 -0.19019403 -0.19019403 -0.19019403 -0.19019403
 -0.19019403 -0.19019403 -0.19019403 -0.19019403 -0.19019403 -0.19019403
 -0.19019403 -0.19019403 -0.19019403 -0.19019403 -0.19019403 -0.19019403
 -0.19019403 -0.19019403 -0.19019403 -0.19019403 -0.19019403 -0.19019403
 -0.19019403 -0.19019403  9.10229703 -0.19019403]",[-0.012545392688014745]
5,"[-0.17625957 -0.17625957 -0.17625957 -0.17625957 -0.17625957 -0.17625957
 -0.17625957 -0.17625957 -0.17625957 -0.17625957 -0.17625957 -0.17625957
 -0.17625957 -0.17625957 -0.17625957 -0.17625957 -0.17625957 -0.17625957
  0.78023064 -0.17625957 -0.17625957 -0.17625957 -0.17625957 -0.17625957
 -0.17625957 -0.17625957 -0.17625957 -0.17625957 -0.17625957 -0.17625957
 -0.17625957 -0.17625957 -0.17625957 -0.17625957 -0.17625957 -0.17625957
 -0.17625957 -0.17625957 -0.17625957 -0.17625957 -0.17625957 -0.17625957
 -0.17625957 -0.17625957 -0.17625957 -0.17625957 -0.17625957 -0.17625957
 -0.17625957 -0.17625957 -0.17625957 -0.17625957 -0.17625957 -0.17625957
 -0.17625957 -0.17625957 -0.17625957 -0.17625957 -0.17625957 -0.17625957
 -0.17625957 -0.17625957 -0.17625957 -0.17625957 -0.17625957 -0.17625957
 -0.17625957 -0.17625957 -0.17625957 -0.17625957 -0.17625957 -0.17625957
 -0.17625957 -0.17625957 -0.17625957 -0.17625957 -0.17625957 -0.17625957
 -0.17625957 -0.17625957 -0.17625957 -0.17625957 -0.17625957  7.84207874
 -0.17625957 -0.17625957 -0.17625957 -0.17625957 -0.17625957 -0.17625957
 -0.17625957 -0.17625957 -0.17625957 -0.17625957 -0.17625957 -0.17625957
 -0.17625957 -0.17625957 -0.17625957 -0.17625957 -0.17625957 -0.17625957
 -0.17625957 -0.17625957 -0.17625957 -0.17625957 -0.17625957 -0.17625957
 -0.17625957 -0.17625957  0.88411581 -0.17625957 -0.17625957 -0.17625957
 -0.17625957 -0.17625957 -0.17625957 -0.17625957 -0.17625957 -0.17625957
 -0.17625957 -0.17625957 -0.17625957 -0.17625957  0.51354723 -0.17625957
 -0.17625957 -0.17625957 -0.17625957 -0.17625957 -0.17625957 -0.17625957
 -0.17625957 -0.17625957 -0.17625957 -0.17625957 -0.17625957 -0.17625957
 -0.17625957 -0.17625957 -0.17625957 -0.17625957 -0.17625957 -0.17625957
 -0.17625957 -0.17625957 -0.17625957 -0.17625957 -0.17625957 -0.17625957
 -0.17625957 -0.17625957 -0.17625957 -0.17625957 -0.17625957 -0.17625957
 -0.17625957 -0.17625957 -0.17625957 -0.17625957 -0.17625957 -0.17625957
 -0.17625957 -0.17625957 -0.17625957 -0.17625957 -0.17625957 -0.17625957
 -0.17625957 -0.17625957 -0.17625957 -0.17625957 -0.17625957 -0.17625957
 -0.17625957 -0.17625957 -0.17625957 -0.17625957 -0.17625957 -0.17625957
 -0.17625957 -0.17625957 -0.17625957 -0.17625957 -0.17625957 -0.17625957
 -0.17625957 -0.17625957 -0.17625957 -0.17625957 -0.17625957 -0.17625957
 -0.17625957 -0.17625957 -0.17625957 -0.17625957 -0.17625957 -0.17625957
 -0.17625957 -0.17625957  4.27792991 -0.17625957 -0.17625957  0.99309495
 -0.17625957 -0.17625957 -0.17625957 -0.17625957 -0.17625957 -0.17625957
 -0.17625957 -0.17625957 -0.17625957 -0.17625957 -0.17625957  6.00260248
 -0.17625957 -0.17625957 -0.17625957 -0.17625957 -0.17625957 -0.17625957
 -0.17625957 -0.17625957 -0.17625957 -0.17625957 -0.17625957 -0.17625957
 -0.17625957 -0.17625957 -0.17625957 -0.17625957 -0.17625957 -0.17625957
 -0.17625957 -0.09150549 -0.17625957 -0.17625957 -0.17625957 -0.17625957
 -0.17625957 -0.17625957 -0.17625957 -0.17625957 -0.17625957 -0.17625957
 -0.17625957 -0.17625957 -0.17625957 -0.17625957 -0.17625957 -0.17625957
 -0.17625957 -0.17625957 -0.17625957  1.0296343   5.6559218  -0.17625957
 -0.17625957 -0.17625957 -0.17625957  4.71499431 -0.17625957 -0.17625957
 -0.17625957 -0.17625957 -0.17625957 -0.17625957 -0.17625957 -0.17625957
 -0.17625957 -0.17625957 -0.17625957 -0.17625957 -0.17625957 -0.17625957
 -0.17625957 -0.17625957 -0.17625957 -0.17625957 -0.17625957 -0.17625957
 -0.17625957 -0.17625957 -0.17625957 -0.17625957 -0.17625957 -0.17625957
 -0.17625957 -0.17625957 -0.17625957 -0.17625957 -0.17625957 -0.17625957
 -0.17625957 -0.17625957 -0.17625957 -0.17625957 -0.17625957 -0.17625957
 -0.17625957 -0.17625957 -0.17625957 -0.17625957 -0.17625957 -0.17625957
 -0.17625957 -0.17625957 -0.17625957 -0.17625957 -0.17625957  5.01521148
 -0.17625957 -0.17625957 -0.17625957 -0.17625957 -0.17625957 -0.17625957
 -0.17625957 -0.17625957 -0.17625957 -0.17625957 -0.17625957 -0.17625957
 -0.17625957 -0.17625957 -0.17625957 -0.17625957 -0.17625957 -0.17625957
 -0.17625957 -0.17625957 -0.17625957 -0.17625957 -0.17625957 -0.17625957
 -0.17625957  1.79938783 -0.17625957 -0.17625957 -0.17625957 -0.17625957
 -0.17625957 -0.17625957 -0.17625957 -0.17625957 -0.17625957 -0.17625957
 -0.17625957 -0.17625957 -0.17625957 -0.17625957 -0.17625957 -0.17625957
 -0.17625957 -0.17625957 -0.17625957 -0.17625957 -0.17625957 -0.17625957
 -0.17625957 -0.17625957 -0.17625957 -0.17625957 -0.17625957 -0.17625957
 -0.17625957 -0.17625957 -0.17625957 -0.17625957 -0.17625957 -0.17625957
 -0.17625957 -0.17625957 -0.17625957 -0.17625957 -0.17625957 -0.17625957
 -0.17625957 -0.17625957 -0.17625957 -0.17625957 -0.17625957 -0.17625957
 -0.17625957 -0.17625957 -0.17625957 -0.17625957 -0.17625957 -0.17625957
 -0.17625957 -0.17625957 -0.17625957 -0.17625957 -0.17625957 -0.17625957
 -0.17625957 -0.17625957 -0.17625957 -0.17625957 -0.17625957 -0.17625957
 -0.17625957 -0.17625957 -0.17625957 -0.17625957 -0.17625957 -0.17625957
 -0.17625957 -0.17625957 -0.17625957 -0.17625957 -0.17625957 -0.17625957
 -0.17625957 -0.17625957 -0.17625957 -0.17625957 -0.17625957 -0.17625957
 -0.17625957 -0.17625957 -0.17625957 -0.17625957 -0.17625957 -0.17625957
 -0.17625957 -0.17625957 -0.17625957 -0.17625957 -0.17625957 -0.17625957
 -0.17625957 -0.17625957 -0.17625957 -0.17625957 -0.17625957 -0.17625957
 -0.17625957 -0.17625957 -0.17625957 -0.17625957 -0.17625957 -0.17625957
 -0.17625957 -0.17625957 -0.17625957 -0.17625957 -0.17625957 -0.17625957
 -0.17625957 -0.17625957 -0.17625957 -0.17625957 -0.17625957 -0.17625957
 -0.17625957 -0.17625957 -0.17625957 -0.17625957 -0.17625957 -0.17625957
 -0.17625957 -0.17625957  6.36330708 -0.17625957  5.97259143  6.68574135
  7.57295117  6.53804988 -0.17625957  5.74597304  5.76095991 -0.17625957
 -0.17625957 -0.17625957 -0.17625957 -0.17625957 -0.17625957 -0.17625957
 -0.17625957 -0.17625957 -0.17625957 -0.17625957 -0.17625957 -0.17625957
 -0.17625957  3.89670899 -0.17625957 -0.17625957 -0.17625957 -0.17625957
 -0.17625957 -0.17625957 -0.17625957 -0.17625957 -0.17625957 -0.17625957
 -0.17625957 -0.17625957 -0.17625957 -0.17625957 -0.17625957 -0.17625957
 -0.17625957 -0.17625957 -0.17625957 -0.17625957 -0.17625957 -0.17625957
 -0.17625957 -0.17625957 -0.17625957 -0.17625957 -0.17625957 -0.17625957
 -0.17625957 -0.17625957 -0.17625957 -0.17625957]",[-0.011736666405341323]
5,"[-0.14480315 -0.14480315 -0.14480315 -0.14480315 -0.14480315 -0.14480315
 -0.14480315 -0.14480315 -0.14480315 -0.14480315 -0.14480315 -0.14480315
 -0.14480315 -0.14480315 -0.14480315 -0.14480315 -0.14480315 -0.14480315
  2.11764646 -0.14480315 -0.14480315 -0.14480315 -0.14480315 -0.14480315
 -0.14480315 -0.14480315 -0.14480315  1.20865208 -0.14480315 -0.14480315
 -0.14480315 -0.14480315 -0.14480315 -0.14480315 -0.14480315 -0.14480315
 -0.14480315 -0.14480315 -0.14480315 -0.14480315 -0.14480315 -0.14480315
 -0.14480315 -0.14480315 -0.14480315 -0.14480315 -0.14480315 -0.14480315
 -0.14480315 -0.14480315 -0.14480315 -0.14480315 -0.14480315 -0.14480315
 -0.14480315 -0.14480315 -0.14480315 -0.14480315  4.43249843 -0.14480315
 -0.14480315 -0.14480315 -0.14480315 -0.14480315 -0.14480315 -0.14480315
 -0.14480315 -0.14480315 -0.14480315 -0.14480315 -0.14480315 -0.14480315
 -0.14480315 -0.14480315 -0.14480315 -0.14480315 -0.14480315 -0.14480315
 -0.14480315 -0.14480315 -0.14480315 -0.14480315 -0.14480315 -0.14480315
 -0.14480315 -0.14480315 -0.14480315 -0.14480315 -0.14480315 -0.14480315
 -0.14480315 -0.14480315 -0.14480315 -0.14480315 -0.14480315 -0.14480315
 -0.14480315 -0.14480315 -0.14480315 -0.14480315 -0.14480315 -0.14480315
 -0.14480315 -0.14480315 -0.14480315 -0.14480315 -0.14480315 -0.14480315
 -0.14480315 -0.14480315 -0.14480315 -0.14480315 -0.14480315 -0.14480315
 -0.14480315 -0.14480315 -0.14480315 -0.14480315 -0.14480315 -0.14480315
 -0.14480315 -0.14480315 -0.14480315 -0.14480315 -0.14480315 -0.14480315
 -0.14480315 -0.14480315 -0.14480315 -0.14480315 -0.14480315 -0.14480315
 -0.14480315 -0.14480315 -0.14480315 -0.14480315  6.0933193  -0.14480315
 -0.14480315 -0.14480315 -0.14480315 -0.14480315 -0.14480315 -0.14480315
 -0.14480315 -0.14480315 -0.14480315 -0.14480315 -0.14480315 -0.14480315
 -0.14480315 -0.14480315 -0.14480315 -0.14480315 -0.14480315 -0.14480315
 -0.14480315 -0.14480315 -0.14480315 -0.14480315 -0.14480315 -0.14480315
 -0.14480315 -0.14480315 -0.14480315 -0.14480315 -0.14480315 -0.14480315
 -0.14480315 -0.14480315 -0.14480315 -0.14480315 -0.14480315 -0.14480315
 -0.14480315 -0.14480315 -0.14480315 -0.14480315 -0.14480315 -0.14480315
 -0.14480315 -0.14480315 -0.14480315 -0.14480315 -0.14480315 -0.14480315
 -0.14480315 -0.14480315 -0.14480315 -0.14480315 -0.14480315 -0.14480315
 -0.14480315 -0.14480315 -0.14480315 -0.14480315 -0.14480315 -0.14480315
 -0.14480315 -0.14480315 -0.14480315 -0.14480315 -0.14480315 -0.14480315
 -0.14480315 -0.14480315 -0.14480315 -0.14480315 -0.14480315 -0.14480315
  8.94680047 -0.14480315 -0.14480315 -0.14480315 -0.14480315  9.00433261
 -0.14480315 -0.14480315 -0.14480315 -0.14480315 -0.14480315 -0.14480315
 -0.14480315 -0.14480315 -0.14480315 -0.14480315 -0.14480315 -0.14480315
 -0.14480315 -0.14480315 -0.14480315 -0.14480315 -0.14480315 -0.14480315
 -0.14480315 -0.14480315 -0.14480315 -0.14480315 -0.14480315 -0.14480315
 -0.14480315 -0.14480315 -0.14480315 -0.14480315 -0.14480315 -0.14480315
 -0.14480315 -0.14480315 -0.14480315 -0.14480315 -0.14480315 -0.14480315
 -0.14480315 -0.14480315 -0.14480315 -0.14480315 -0.14480315 -0.14480315
 -0.14480315 -0.14480315 -0.14480315  2.76444289 -0.14480315 -0.14480315
 -0.14480315 -0.14480315 -0.14480315 -0.14480315 -0.14480315 -0.14480315
 -0.14480315 -0.14480315 -0.14480315 -0.14480315 -0.14480315 -0.14480315
 -0.14480315 -0.14480315 -0.14480315 -0.14480315 -0.14480315 -0.14480315
 -0.14480315 -0.14480315 -0.14480315 -0.14480315 -0.14480315  1.11223521
 -0.14480315 -0.14480315 -0.14480315 -0.14480315 -0.14480315 -0.14480315
 -0.14480315 -0.14480315 -0.14480315 -0.14480315 -0.14480315 -0.14480315
 -0.14480315 -0.14480315 -0.14480315 -0.14480315 -0.14480315 -0.14480315
 -0.14480315 -0.14480315 -0.14480315 -0.14480315 -0.14480315 -0.14480315
 -0.14480315 -0.14480315 -0.14480315 -0.14480315 -0.14480315 -0.14480315
 -0.14480315 -0.14480315 -0.14480315 -0.14480315 -0.14480315 -0.14480315
 -0.14480315 -0.14480315 -0.14480315 -0.14480315 -0.14480315 -0.14480315
 -0.14480315 -0.14480315 -0.14480315 -0.14480315 -0.14480315 -0.14480315
 -0.14480315 -0.14480315 -0.14480315 -0.14480315 -0.14480315 -0.14480315
 -0.14480315 -0.14480315 -0.14480315 -0.14480315 -0.14480315 -0.14480315
 -0.14480315 -0.14480315 -0.14480315 -0.14480315 -0.14480315 -0.14480315
 -0.14480315 -0.14480315 -0.14480315 -0.14480315 -0.14480315 -0.14480315
 -0.14480315 -0.14480315 -0.14480315 -0.14480315 -0.14480315 -0.14480315
 -0.14480315 -0.14480315 -0.14480315 -0.14480315 -0.14480315 -0.14480315
 -0.14480315 -0.14480315 -0.14480315  5.41377415 -0.14480315 -0.14480315
 -0.14480315 -0.14480315 -0.14480315 -0.14480315 -0.14480315 -0.14480315
 -0.14480315 -0.14480315 -0.14480315 -0.14480315 -0.14480315 -0.14480315
 -0.14480315 -0.14480315 -0.14480315 -0.14480315 -0.14480315 -0.14480315
 -0.14480315 -0.14480315 -0.14480315 -0.14480315 -0.14480315 -0.14480315
 -0.14480315 -0.14480315 -0.14480315 -0.14480315 -0.14480315 -0.14480315
 -0.14480315 -0.14480315 -0.14480315  3.65933469 -0.14480315 -0.14480315
 -0.14480315 -0.14480315 -0.14480315 -0.14480315 -0.14480315 -0.14480315
 -0.14480315 -0.14480315 -0.14480315 -0.14480315 -0.14480315 -0.14480315
 -0.14480315 -0.14480315 -0.14480315 -0.14480315 -0.14480315 -0.14480315
 -0.14480315 -0.14480315 -0.14480315 -0.14480315 -0.14480315 -0.14480315
 -0.14480315 -0.14480315 -0.14480315 -0.14480315 -0.14480315 -0.14480315
 -0.14480315 -0.14480315 -0.14480315 -0.14480315 -0.14480315 -0.14480315
 -0.14480315 -0.14480315 -0.14480315 -0.14480315 -0.14480315 -0.14480315
 -0.14480315 -0.14480315 -0.14480315 -0.14480315 -0.14480315 -0.14480315
 -0.14480315 -0.14480315  9.65704014 -0.14480315 -0.14480315 -0.14480315
  8.88763958 -0.14480315 -0.14480315 -0.14480315 -0.14480315 -0.14480315
 -0.14480315 -0.14480315 -0.14480315 -0.14480315 -0.14480315 -0.14480315
 -0.14480315 -0.14480315 -0.14480315 -0.14480315 -0.14480315 -0.14480315
 -0.14480315  7.43496315 -0.14480315 -0.14480315 -0.14480315 -0.14480315
 -0.14480315 -0.14480315 -0.14480315 -0.14480315 -0.14480315  2.53771395
 -0.14480315 -0.14480315 -0.14480315 -0.14480315 -0.14480315 -0.14480315
 -0.14480315 -0.14480315 -0.14480315 -0.14480315 -0.14480315 -0.14480315
 -0.14480315 -0.14480315 -0.14480315 -0.14480315 -0.14480315 -0.14480315
 -0.14480315 -0.14480315 -0.14480315 -0.14480315]",[0.01951890667814435]
5,"[-0.28890601 -0.28890601 -0.28890601 -0.28890601 -0.28890601 -0.28890601
 -0.28890601 -0.28890601 -0.28890601 -0.28890601 -0.28890601 -0.28890601
 -0.28890601 -0.28890601 -0.28890601 -0.28890601 -0.28890601 -0.28890601
  1.10224186 -0.28890601 -0.28890601 -0.28890601 -0.28890601 -0.28890601
 -0.28890601 -0.28890601 -0.28890601 -0.28890601 -0.28890601  2.20799867
 -0.28890601 -0.28890601 -0.28890601  2.17497    -0.28890601  2.51585648
 -0.28890601 -0.28890601  3.20700673  3.33327425 -0.28890601 -0.28890601
 -0.28890601 -0.28890601  2.4506899  -0.28890601 -0.28890601 -0.28890601
 -0.28890601 -0.28890601 -0.28890601 -0.28890601 -0.28890601 -0.28890601
 -0.28890601  3.50657542 -0.28890601 -0.28890601 -0.28890601 -0.28890601
 -0.28890601 -0.28890601 -0.28890601 -0.28890601 -0.28890601 -0.28890601
 -0.28890601  2.29861638  2.37879375 -0.28890601 -0.28890601 -0.28890601
 -0.28890601 -0.28890601 -0.28890601 -0.28890601 -0.28890601 -0.28890601
 -0.28890601 -0.28890601 -0.28890601 -0.28890601 -0.28890601  3.9609303
 -0.28890601 -0.28890601 -0.28890601 -0.28890601  1.42288488  5.11809259
 -0.28890601 -0.28890601 -0.28890601 -0.28890601 -0.28890601 -0.28890601
 -0.28890601 -0.28890601 -0.28890601 -0.28890601 -0.28890601 -0.28890601
 -0.28890601 -0.28890601 -0.28890601 -0.28890601 -0.28890601 -0.28890601
 -0.28890601 -0.28890601 -0.28890601 -0.28890601 -0.28890601 -0.28890601
  1.03791813 -0.28890601 -0.28890601 -0.28890601 -0.28890601 -0.28890601
 -0.28890601 -0.28890601 -0.28890601 -0.28890601 -0.28890601 -0.28890601
 -0.28890601 -0.28890601 -0.28890601 -0.28890601  2.80798507 -0.28890601
 -0.28890601 -0.28890601 -0.28890601 -0.28890601 -0.28890601 -0.28890601
 -0.28890601 -0.28890601 -0.28890601 -0.28890601 -0.28890601 -0.28890601
 -0.28890601 -0.28890601 -0.28890601 -0.28890601 -0.28890601 -0.28890601
 -0.28890601 -0.28890601 -0.28890601 -0.28890601  2.02454448 -0.28890601
 -0.28890601 -0.28890601 -0.28890601 -0.28890601 -0.28890601 -0.28890601
 -0.28890601 -0.28890601 -0.28890601 -0.28890601 -0.28890601 -0.28890601
 -0.28890601 -0.28890601 -0.28890601 -0.28890601 -0.28890601 -0.28890601
 -0.28890601 -0.28890601 -0.28890601 -0.28890601 -0.28890601 -0.28890601
 -0.28890601 -0.28890601 -0.28890601 -0.28890601 -0.28890601 -0.28890601
 -0.28890601 -0.28890601 -0.28890601 -0.28890601 -0.28890601 -0.28890601
 -0.28890601 -0.28890601 -0.28890601 -0.28890601  3.05267864 -0.28890601
 -0.28890601 -0.28890601 -0.28890601 -0.28890601 -0.28890601 -0.28890601
 -0.28890601 -0.28890601 -0.28890601 -0.28890601 -0.28890601 -0.28890601
  1.7808031  -0.28890601 -0.28890601 -0.28890601 -0.28890601  4.14955565
 -0.28890601 -0.28890601 -0.28890601 -0.28890601 -0.28890601 -0.28890601
 -0.28890601 -0.28890601 -0.28890601 -0.28890601 -0.28890601 -0.28890601
 -0.28890601 -0.28890601 -0.28890601 -0.28890601 -0.28890601 -0.28890601
 -0.28890601  3.2282002  -0.28890601  1.5469881   1.83879133 -0.28890601
  3.21165222 -0.28890601 -0.28890601 -0.28890601 -0.28890601 -0.28890601
 -0.28890601 -0.28890601 -0.28890601 -0.28890601 -0.28890601 -0.28890601
 -0.28890601 -0.28890601 -0.28890601 -0.28890601 -0.28890601 -0.28890601
 -0.28890601 -0.28890601 -0.28890601  3.84545476 -0.28890601 -0.28890601
 -0.28890601 -0.28890601 -0.28890601 -0.28890601 -0.28890601 -0.28890601
 -0.28890601 -0.28890601 -0.28890601 -0.28890601  3.9016982  -0.28890601
 -0.28890601 -0.28890601 -0.28890601 -0.28890601 -0.28890601 -0.28890601
 -0.28890601  0.91971981 -0.28890601 -0.28890601 -0.28890601  4.53748068
 -0.28890601 -0.28890601 -0.28890601 -0.28890601 -0.28890601 -0.28890601
 -0.28890601 -0.28890601 -0.28890601 -0.28890601 -0.28890601 -0.28890601
 -0.28890601 -0.28890601 -0.28890601 -0.28890601 -0.28890601 -0.28890601
 -0.28890601 -0.28890601 -0.28890601 -0.28890601 -0.28890601  3.28234192
 -0.28890601 -0.28890601 -0.28890601 -0.28890601 -0.28890601 -0.28890601
 -0.28890601 -0.28890601 -0.28890601 -0.28890601 -0.28890601 -0.28890601
 -0.28890601 -0.28890601 -0.28890601 -0.28890601 -0.28890601 -0.28890601
 -0.28890601 -0.28890601 -0.28890601 -0.28890601 -0.28890601 -0.28890601
 -0.28890601 -0.28890601 -0.28890601  2.68122071 -0.28890601 -0.28890601
 -0.28890601 -0.28890601 -0.28890601 -0.28890601 -0.28890601 -0.28890601
 -0.28890601 -0.28890601 -0.28890601 -0.28890601 -0.28890601 -0.28890601
 -0.28890601 -0.28890601 -0.28890601 -0.28890601 -0.28890601 -0.28890601
 -0.28890601 -0.28890601  1.99598415 -0.28890601 -0.28890601 -0.28890601
 -0.28890601 -0.28890601 -0.28890601 -0.28890601 -0.28890601 -0.28890601
 -0.28890601 -0.28890601  3.61450763 -0.28890601  3.68766299  3.18354409
 -0.28890601 -0.28890601 -0.28890601 -0.28890601 -0.28890601 -0.28890601
 -0.28890601 -0.28890601 -0.28890601 -0.28890601 -0.28890601 -0.28890601
 -0.28890601 -0.28890601 -0.28890601 -0.28890601 -0.28890601 -0.28890601
 -0.28890601 -0.28890601 -0.28890601 -0.28890601 -0.28890601 -0.28890601
 -0.28890601 -0.28890601 -0.28890601  1.38188631 -0.28890601 -0.28890601
 -0.28890601 -0.28890601 -0.28890601 -0.28890601 -0.28890601 -0.28890601
 -0.28890601 -0.28890601 -0.28890601 -0.28890601 -0.28890601 -0.28890601
 -0.28890601 -0.28890601  2.29861638 -0.28890601 -0.28890601 -0.28890601
 -0.28890601 -0.28890601 -0.28890601 -0.28890601 -0.28890601 -0.28890601
 -0.28890601 -0.28890601 -0.28890601 -0.28890601 -0.28890601 -0.28890601
 -0.28890601 -0.28890601 -0.28890601 -0.28890601 -0.28890601 -0.28890601
 -0.28890601 -0.28890601 -0.28890601 -0.28890601 -0.28890601 -0.28890601
 -0.28890601 -0.28890601 -0.28890601 -0.28890601 -0.28890601 -0.28890601
 -0.28890601 -0.28890601 -0.28890601  5.0110309  -0.28890601  3.3071258
 -0.28890601 -0.28890601  4.06187037 -0.28890601  4.62223003 -0.28890601
  7.4050856   4.74916615 -0.28890601 -0.28890601 -0.28890601 -0.28890601
 -0.28890601 -0.28890601 -0.28890601 -0.28890601 -0.28890601 -0.28890601
 -0.28890601 -0.28890601 -0.28890601  3.10800726 -0.28890601 -0.28890601
 -0.28890601 -0.28890601 -0.28890601 -0.28890601 -0.28890601 -0.28890601
 -0.28890601  2.96045952 -0.28890601  2.07093595 -0.28890601  1.64296316
 -0.28890601 -0.28890601 -0.28890601 -0.28890601 -0.28890601 -0.28890601
 -0.28890601  2.31540694 -0.28890601 -0.28890601 -0.28890601 -0.28890601
 -0.28890601 -0.28890601 -0.28890601 -0.28890601 -0.28890601 -0.28890601
 -0.28890601 -0.28890601 -0.28890601 -0.28890601]",[0.06396953846858733]
5,"[-0.19914005 -0.19914005 -0.19914005 -0.19914005 -0.19914005 -0.19914005
 -0.19914005 -0.19914005 -0.19914005 -0.19914005 -0.19914005 -0.19914005
 -0.19914005 -0.19914005 -0.19914005 -0.19914005 -0.19914005 -0.19914005
  0.84977543 -0.19914005 -0.19914005 -0.19914005 -0.19914005 -0.19914005
 -0.19914005 -0.19914005 -0.19914005 -0.19914005 -0.19914005 -0.19914005
 -0.19914005 -0.19914005 -0.19914005 -0.19914005 -0.19914005 -0.19914005
 -0.19914005 -0.19914005 -0.19914005 -0.19914005 -0.19914005 -0.19914005
 -0.19914005 -0.19914005 -0.19914005 -0.19914005 -0.19914005 -0.19914005
 -0.19914005 -0.19914005 -0.19914005 -0.19914005 -0.19914005 -0.19914005
 -0.19914005 -0.19914005 -0.19914005 -0.19914005 -0.19914005 -0.19914005
 -0.19914005 -0.19914005 -0.19914005 -0.19914005 -0.19914005 -0.19914005
 -0.19914005 -0.19914005 -0.19914005 -0.19914005 -0.19914005 -0.19914005
 -0.19914005 -0.19914005 -0.19914005 -0.19914005 -0.19914005 -0.19914005
 -0.19914005 -0.19914005 -0.19914005 -0.19914005 -0.19914005  7.79524974
 -0.19914005 -0.19914005 -0.19914005 -0.19914005 -0.19914005 -0.19914005
 -0.19914005 -0.19914005 -0.19914005 -0.19914005  1.1674945  -0.19914005
 -0.19914005 -0.19914005 -0.19914005 -0.19914005 -0.19914005 -0.19914005
 -0.19914005 -0.19914005 -0.19914005 -0.19914005 -0.19914005 -0.19914005
 -0.19914005 -0.19914005 -0.19914005 -0.19914005 -0.19914005 -0.19914005
  7.30998595 -0.19914005 -0.19914005 -0.19914005 -0.19914005 -0.19914005
 -0.19914005 -0.19914005 -0.19914005 -0.19914005 -0.19914005 -0.19914005
 -0.19914005 -0.19914005 -0.19914005 -0.19914005 -0.19914005 -0.19914005
 -0.19914005 -0.19914005 -0.19914005 -0.19914005 -0.19914005 -0.19914005
 -0.19914005 -0.19914005 -0.19914005 -0.19914005 -0.19914005 -0.19914005
 -0.19914005 -0.19914005 -0.19914005 -0.19914005 -0.19914005 -0.19914005
 -0.19914005 -0.19914005 -0.19914005 -0.19914005 -0.19914005 -0.19914005
 -0.19914005 -0.19914005 -0.19914005 -0.19914005 -0.19914005 -0.19914005
 -0.19914005 -0.19914005 -0.19914005 -0.19914005 -0.19914005 -0.19914005
 -0.19914005 -0.19914005 -0.19914005 -0.19914005 -0.19914005 -0.19914005
 -0.19914005 -0.19914005 -0.19914005 -0.19914005 -0.19914005 -0.19914005
 -0.19914005 -0.19914005 -0.19914005 -0.19914005 -0.19914005 -0.19914005
 -0.19914005 -0.19914005 -0.19914005 -0.19914005 -0.19914005 -0.19914005
 -0.19914005 -0.19914005 -0.19914005 -0.19914005 -0.19914005 -0.19914005
 -0.19914005 -0.19914005  2.35204753 -0.19914005 -0.19914005 -0.19914005
 -0.19914005 -0.19914005 -0.19914005 -0.19914005 -0.19914005 -0.19914005
  2.08001563 -0.19914005  0.28671791 -0.19914005 -0.19914005  4.06197071
 -0.19914005 -0.19914005 -0.19914005 -0.19914005 -0.19914005 -0.19914005
 -0.19914005 -0.19914005 -0.19914005 -0.19914005 -0.19914005 -0.19914005
 -0.19914005 -0.19914005 -0.19914005 -0.19914005 -0.19914005 -0.19914005
 -0.19914005  4.1768342  -0.19914005 -0.19914005 -0.19914005 -0.19914005
  3.33504997 -0.19914005 -0.19914005 -0.19914005 -0.19914005 -0.19914005
 -0.19914005 -0.19914005 -0.19914005 -0.19914005 -0.19914005 -0.19914005
 -0.19914005 -0.19914005 -0.19914005 -0.19914005  4.24073142 -0.19914005
 -0.19914005 -0.19914005 -0.19914005  4.22438776 -0.19914005 -0.19914005
 -0.19914005 -0.19914005 -0.19914005 -0.19914005 -0.19914005 -0.19914005
 -0.19914005 -0.19914005 -0.19914005 -0.19914005 -0.19914005 -0.19914005
 -0.19914005 -0.19914005 -0.19914005 -0.19914005 -0.19914005 -0.19914005
  5.34086005  3.96261345 -0.19914005 -0.19914005 -0.19914005 -0.19914005
 -0.19914005 -0.19914005 -0.19914005 -0.19914005 -0.19914005 -0.19914005
 -0.19914005 -0.19914005 -0.19914005 -0.19914005 -0.19914005 -0.19914005
 -0.19914005 -0.19914005 -0.19914005 -0.19914005 -0.19914005 -0.19914005
 -0.19914005 -0.19914005 -0.19914005 -0.19914005 -0.19914005  2.68138617
 -0.19914005 -0.19914005 -0.19914005 -0.19914005 -0.19914005 -0.19914005
 -0.19914005 -0.19914005 -0.19914005 -0.19914005 -0.19914005 -0.19914005
 -0.19914005 -0.19914005 -0.19914005 -0.19914005 -0.19914005 -0.19914005
 -0.19914005 -0.19914005 -0.19914005 -0.19914005 -0.19914005 -0.19914005
 -0.19914005 -0.19914005 -0.19914005 -0.19914005 -0.19914005 -0.19914005
 -0.19914005 -0.19914005 -0.19914005 -0.19914005 -0.19914005 -0.19914005
 -0.19914005  1.98149395 -0.19914005 -0.19914005 -0.19914005 -0.19914005
 -0.19914005 -0.19914005 -0.19914005 -0.19914005 -0.19914005 -0.19914005
 -0.19914005 -0.19914005 -0.19914005 -0.19914005 -0.19914005 -0.19914005
 -0.19914005 -0.19914005 -0.19914005 -0.19914005 -0.19914005 -0.19914005
 -0.19914005 -0.19914005 -0.19914005 -0.19914005 -0.19914005 -0.19914005
 -0.19914005 -0.19914005 -0.19914005 -0.19914005 -0.19914005 -0.19914005
 -0.19914005 -0.19914005 -0.19914005 -0.19914005 -0.19914005 -0.19914005
 -0.19914005 -0.19914005 -0.19914005 -0.19914005 -0.19914005 -0.19914005
 -0.19914005 -0.19914005 -0.19914005 -0.19914005 -0.19914005 -0.19914005
 -0.19914005 -0.19914005 -0.19914005 -0.19914005 -0.19914005 -0.19914005
 -0.19914005 -0.19914005 -0.19914005 -0.19914005 -0.19914005 -0.19914005
 -0.19914005 -0.19914005 -0.19914005 -0.19914005 -0.19914005 -0.19914005
 -0.19914005 -0.19914005 -0.19914005 -0.19914005 -0.19914005 -0.19914005
 -0.19914005 -0.19914005 -0.19914005 -0.19914005 -0.19914005 -0.19914005
 -0.19914005 -0.19914005 -0.19914005 -0.19914005 -0.19914005 -0.19914005
 -0.19914005 -0.19914005 -0.19914005 -0.19914005 -0.19914005 -0.19914005
 -0.19914005 -0.19914005 -0.19914005 -0.19914005 -0.19914005 -0.19914005
 -0.19914005 -0.19914005 -0.19914005 -0.19914005 -0.19914005 -0.19914005
 -0.19914005 -0.19914005 -0.19914005 -0.19914005 -0.19914005 -0.19914005
 -0.19914005 -0.19914005  6.04471081 -0.19914005  5.89394434 -0.19914005
  8.0655564   6.47689142 -0.19914005 -0.19914005  4.71688991  4.11629834
 -0.19914005 -0.19914005 -0.19914005 -0.19914005 -0.19914005 -0.19914005
 -0.19914005 -0.19914005 -0.19914005 -0.19914005 -0.19914005 -0.19914005
 -0.19914005  1.48647525 -0.19914005 -0.19914005 -0.19914005  2.39154709
 -0.19914005 -0.19914005 -0.19914005 -0.19914005 -0.19914005 -0.19914005
 -0.19914005 -0.19914005 -0.19914005 -0.19914005 -0.19914005 -0.19914005
 -0.19914005  3.53539608 -0.19914005 -0.19914005 -0.19914005 -0.19914005
 -0.19914005 -0.19914005 -0.19914005 -0.19914005 -0.19914005 -0.19914005
 -0.19914005 -0.19914005 -0.19914005 -0.19914005]",[0.0005176988480755373]
5,"[-0.16043616 -0.16043616 -0.16043616 -0.16043616 -0.16043616 -0.16043616
 -0.16043616 -0.16043616 -0.16043616 -0.16043616 -0.16043616 -0.16043616
 -0.16043616 -0.16043616 -0.16043616 -0.16043616 -0.16043616 -0.16043616
 -0.16043616 -0.16043616 -0.16043616 -0.16043616 -0.16043616 -0.16043616
 -0.16043616 -0.16043616 -0.16043616 -0.16043616 -0.16043616 -0.16043616
 -0.16043616 -0.16043616 -0.16043616 -0.16043616 -0.16043616 -0.16043616
 -0.16043616 -0.16043616 -0.16043616 -0.16043616 -0.16043616 -0.16043616
 -0.16043616 -0.16043616 -0.16043616 -0.16043616 -0.16043616 -0.16043616
 -0.16043616 -0.16043616 -0.16043616 -0.16043616 -0.16043616 -0.16043616
 -0.16043616 -0.16043616 -0.16043616 -0.16043616 -0.16043616 -0.16043616
 -0.16043616 -0.16043616 -0.16043616 -0.16043616 -0.16043616 -0.16043616
 -0.16043616 -0.16043616 -0.16043616 -0.16043616 -0.16043616 -0.16043616
 -0.16043616 -0.16043616 -0.16043616 -0.16043616 -0.16043616 -0.16043616
 -0.16043616 -0.16043616 -0.16043616 -0.16043616 -0.16043616  8.70634207
 -0.16043616 -0.16043616 -0.16043616 -0.16043616 -0.16043616 -0.16043616
 -0.16043616 -0.16043616  3.97265248 -0.16043616 -0.16043616 -0.16043616
 -0.16043616 -0.16043616 -0.16043616 -0.16043616 -0.16043616 -0.16043616
 -0.16043616 -0.16043616 -0.16043616 -0.16043616 -0.16043616 -0.16043616
 -0.16043616 -0.16043616 -0.16043616 -0.16043616 -0.16043616 -0.16043616
 -0.16043616 -0.16043616 -0.16043616 -0.16043616 -0.16043616 -0.16043616
 -0.16043616 -0.16043616 -0.16043616 -0.16043616 -0.16043616 -0.16043616
 -0.16043616 -0.16043616 -0.16043616 -0.16043616 -0.16043616 -0.16043616
 -0.16043616 -0.16043616 -0.16043616 -0.16043616 -0.16043616 -0.16043616
 -0.16043616 -0.16043616 -0.16043616 -0.16043616 -0.16043616 -0.16043616
 -0.16043616 -0.16043616 -0.16043616 -0.16043616 -0.16043616 -0.16043616
 -0.16043616 -0.16043616 -0.16043616 -0.16043616 -0.16043616 -0.16043616
 -0.16043616 -0.16043616 -0.16043616 -0.16043616 -0.16043616 -0.16043616
 -0.16043616  0.13739253 -0.16043616 -0.16043616 -0.16043616 -0.16043616
 -0.16043616 -0.16043616 -0.16043616 -0.16043616 -0.16043616 -0.16043616
 -0.16043616 -0.16043616 -0.16043616 -0.16043616 -0.16043616 -0.16043616
 -0.16043616 -0.16043616 -0.16043616 -0.16043616 -0.16043616 -0.16043616
  2.93667962 -0.16043616 -0.16043616 -0.16043616 -0.16043616 -0.16043616
 -0.16043616 -0.16043616 -0.16043616 -0.16043616 -0.16043616 -0.16043616
 -0.16043616 -0.16043616  3.18151327 -0.16043616 -0.16043616 -0.16043616
 -0.16043616 -0.16043616 -0.16043616 -0.16043616 -0.16043616 -0.16043616
  1.6622755  -0.16043616 -0.16043616 -0.16043616 -0.16043616  6.00205259
 -0.16043616 -0.16043616 -0.16043616 -0.16043616 -0.16043616 -0.16043616
 -0.16043616 -0.16043616 -0.16043616 -0.16043616 -0.16043616 -0.16043616
 -0.16043616 -0.16043616 -0.16043616 -0.16043616 -0.16043616 -0.16043616
 -0.16043616  4.01783766 -0.16043616 -0.16043616 -0.16043616 -0.16043616
  2.1388987  -0.16043616 -0.16043616 -0.16043616 -0.16043616 -0.16043616
 -0.16043616 -0.16043616 -0.16043616 -0.16043616 -0.16043616 -0.16043616
 -0.16043616 -0.16043616 -0.16043616 -0.16043616 -0.16043616 -0.16043616
 -0.16043616 -0.16043616 -0.16043616  5.69312414 -0.16043616 -0.16043616
 -0.16043616 -0.16043616 -0.16043616 -0.16043616 -0.16043616 -0.16043616
 -0.16043616 -0.16043616 -0.16043616 -0.16043616 -0.16043616 -0.16043616
 -0.16043616  2.02387057 -0.16043616 -0.16043616 -0.16043616 -0.16043616
 -0.16043616 -0.16043616 -0.16043616 -0.16043616 -0.16043616  6.96032134
 -0.16043616 -0.16043616 -0.16043616 -0.16043616 -0.16043616 -0.16043616
 -0.16043616 -0.16043616 -0.16043616 -0.16043616 -0.16043616 -0.16043616
 -0.16043616 -0.16043616 -0.16043616 -0.16043616 -0.16043616 -0.16043616
 -0.16043616 -0.16043616 -0.16043616 -0.16043616 -0.16043616  5.7008222
 -0.16043616 -0.16043616 -0.16043616 -0.16043616 -0.16043616 -0.16043616
 -0.16043616 -0.16043616 -0.16043616 -0.16043616 -0.16043616 -0.16043616
 -0.16043616 -0.16043616 -0.16043616 -0.16043616 -0.16043616 -0.16043616
 -0.16043616 -0.16043616 -0.16043616 -0.16043616 -0.16043616 -0.16043616
 -0.16043616 -0.16043616 -0.16043616 -0.16043616 -0.16043616 -0.16043616
 -0.16043616 -0.16043616 -0.16043616 -0.16043616 -0.16043616 -0.16043616
 -0.16043616 -0.16043616 -0.16043616 -0.16043616 -0.16043616 -0.16043616
 -0.16043616 -0.16043616 -0.16043616 -0.16043616 -0.16043616 -0.16043616
 -0.16043616 -0.16043616 -0.16043616 -0.16043616 -0.16043616 -0.16043616
 -0.16043616 -0.16043616 -0.16043616 -0.16043616 -0.16043616 -0.16043616
 -0.16043616 -0.16043616 -0.16043616 -0.16043616 -0.16043616 -0.16043616
 -0.16043616 -0.16043616 -0.16043616 -0.16043616 -0.16043616 -0.16043616
 -0.16043616 -0.16043616 -0.16043616 -0.16043616 -0.16043616 -0.16043616
 -0.16043616 -0.16043616 -0.16043616 -0.16043616 -0.16043616 -0.16043616
 -0.16043616 -0.16043616 -0.16043616 -0.16043616 -0.16043616 -0.16043616
 -0.16043616 -0.16043616 -0.16043616 -0.16043616 -0.16043616 -0.16043616
 -0.16043616 -0.16043616 -0.16043616 -0.16043616 -0.16043616 -0.16043616
 -0.16043616 -0.16043616 -0.16043616 -0.16043616 -0.16043616 -0.16043616
 -0.16043616 -0.16043616 -0.16043616 -0.16043616 -0.16043616 -0.16043616
 -0.16043616 -0.16043616 -0.16043616 -0.16043616 -0.16043616 -0.16043616
 -0.16043616 -0.16043616 -0.16043616 -0.16043616 -0.16043616 -0.16043616
 -0.16043616 -0.16043616 -0.16043616 -0.16043616 -0.16043616 -0.16043616
 -0.16043616 -0.16043616 -0.16043616 -0.16043616 -0.16043616 -0.16043616
 -0.16043616 -0.16043616 -0.16043616 -0.16043616 -0.16043616 -0.16043616
 -0.16043616 -0.16043616 -0.16043616 -0.16043616 -0.16043616 -0.16043616
 -0.16043616 -0.16043616  6.0667051  -0.16043616  9.44015081 -0.16043616
  9.27888317 -0.16043616 -0.16043616 -0.16043616 -0.16043616 -0.16043616
 -0.16043616 -0.16043616 -0.16043616 -0.16043616 -0.16043616 -0.16043616
 -0.16043616 -0.16043616 -0.16043616 -0.16043616 -0.16043616 -0.16043616
 -0.16043616 -0.16043616 -0.16043616 -0.16043616 -0.16043616 -0.16043616
 -0.16043616 -0.16043616 -0.16043616 -0.16043616 -0.16043616 -0.16043616
 -0.16043616 -0.16043616 -0.16043616 -0.16043616 -0.16043616 -0.16043616
 -0.16043616  2.77986603 -0.16043616 -0.16043616 -0.16043616 -0.16043616
 -0.16043616 -0.16043616 -0.16043616 -0.16043616 -0.16043616 -0.16043616
 -0.16043616 -0.16043616 -0.16043616 -0.16043616]",[-0.012215533341014884]
6,"[-0.15107672 -0.15107672 -0.15107672 -0.15107672 -0.15107672 -0.15107672
 -0.15107672 -0.15107672 -0.15107672 -0.15107672 -0.15107672 -0.15107672
 -0.15107672 -0.15107672 -0.15107672 -0.15107672 -0.15107672  6.37338962
  7.87066745 -0.15107672 -0.15107672 -0.15107672 -0.15107672 -0.15107672
 -0.15107672 -0.15107672 -0.15107672 -0.15107672 -0.15107672 -0.15107672
 -0.15107672 -0.15107672 -0.15107672 -0.15107672 -0.15107672 -0.15107672
 -0.15107672 -0.15107672 -0.15107672 -0.15107672 -0.15107672 -0.15107672
 -0.15107672 -0.15107672 -0.15107672 -0.15107672 -0.15107672 -0.15107672
 -0.15107672 -0.15107672 -0.15107672 -0.15107672 -0.15107672 -0.15107672
 -0.15107672 -0.15107672 -0.15107672 -0.15107672 -0.15107672 -0.15107672
 -0.15107672 -0.15107672 -0.15107672 -0.15107672 -0.15107672 -0.15107672
 -0.15107672 -0.15107672 -0.15107672 -0.15107672 -0.15107672 -0.15107672
 -0.15107672 -0.15107672 -0.15107672 -0.15107672 -0.15107672 -0.15107672
 -0.15107672 -0.15107672 -0.15107672 -0.15107672 -0.15107672  7.95446145
 -0.15107672 -0.15107672 -0.15107672 -0.15107672 -0.15107672 -0.15107672
 -0.15107672 -0.15107672 -0.15107672 -0.15107672 -0.15107672 -0.15107672
 -0.15107672 -0.15107672 -0.15107672 -0.15107672 -0.15107672 -0.15107672
 -0.15107672 -0.15107672 -0.15107672 -0.15107672 -0.15107672 -0.15107672
 -0.15107672 -0.15107672  0.6513483  -0.15107672 -0.15107672 -0.15107672
 -0.15107672 -0.15107672 -0.15107672 -0.15107672 -0.15107672 -0.15107672
 -0.15107672 -0.15107672 -0.15107672 -0.15107672  0.5143862  -0.15107672
 -0.15107672 -0.15107672 -0.15107672 -0.15107672 -0.15107672 -0.15107672
 -0.15107672 -0.15107672 -0.15107672 -0.15107672 -0.15107672 -0.15107672
 -0.15107672 -0.15107672 -0.15107672 -0.15107672 -0.15107672 -0.15107672
 -0.15107672 -0.15107672 -0.15107672 -0.15107672 -0.15107672 -0.15107672
 -0.15107672 -0.15107672 -0.15107672 -0.15107672 -0.15107672 -0.15107672
 -0.15107672 -0.15107672 -0.15107672 -0.15107672 -0.15107672 -0.15107672
 -0.15107672 -0.15107672 -0.15107672 -0.15107672 -0.15107672 -0.15107672
 -0.15107672 -0.15107672 -0.15107672 -0.15107672 -0.15107672 -0.15107672
 -0.15107672 -0.15107672 -0.15107672 -0.15107672 -0.15107672 -0.15107672
 -0.15107672 -0.15107672 -0.15107672 -0.15107672 -0.15107672 -0.15107672
 -0.15107672 -0.15107672 -0.15107672 -0.15107672 -0.15107672 -0.15107672
 -0.15107672 -0.15107672 -0.15107672 -0.15107672 -0.15107672 -0.15107672
 -0.15107672 -0.15107672  4.25417313 -0.15107672 -0.15107672 -0.15107672
 -0.15107672 -0.15107672 -0.15107672 -0.15107672 -0.15107672 -0.15107672
  7.59289708 -0.15107672 -0.15107672 -0.15107672 -0.15107672  7.17000172
 -0.15107672 -0.15107672 -0.15107672 -0.15107672 -0.15107672 -0.15107672
 -0.15107672 -0.15107672 -0.15107672 -0.15107672 -0.15107672 -0.15107672
 -0.15107672 -0.15107672 -0.15107672 -0.15107672 -0.15107672 -0.15107672
 -0.15107672 -0.15107672 -0.15107672 -0.15107672 -0.15107672 -0.15107672
 -0.15107672 -0.15107672 -0.15107672 -0.15107672 -0.15107672 -0.15107672
 -0.15107672 -0.15107672 -0.15107672 -0.15107672 -0.15107672 -0.15107672
 -0.15107672 -0.15107672 -0.15107672 -0.15107672 -0.15107672 -0.15107672
 -0.15107672 -0.15107672 -0.15107672  5.95175777 -0.15107672 -0.15107672
 -0.15107672 -0.15107672 -0.15107672 -0.15107672 -0.15107672 -0.15107672
 -0.15107672 -0.15107672 -0.15107672 -0.15107672 -0.15107672 -0.15107672
 -0.15107672 -0.15107672 -0.15107672 -0.15107672 -0.15107672 -0.15107672
 -0.15107672 -0.15107672 -0.15107672 -0.15107672 -0.15107672  1.29337536
 -0.15107672 -0.15107672 -0.15107672 -0.15107672 -0.15107672 -0.15107672
 -0.15107672 -0.15107672 -0.15107672 -0.15107672 -0.15107672 -0.15107672
 -0.15107672 -0.15107672 -0.15107672 -0.15107672 -0.15107672 -0.15107672
 -0.15107672 -0.15107672 -0.15107672 -0.15107672 -0.15107672  7.81881069
 -0.15107672 -0.15107672 -0.15107672 -0.15107672 -0.15107672 -0.15107672
 -0.15107672 -0.15107672 -0.15107672 -0.15107672 -0.15107672 -0.15107672
 -0.15107672 -0.15107672 -0.15107672 -0.15107672 -0.15107672 -0.15107672
 -0.15107672 -0.15107672 -0.15107672 -0.15107672 -0.15107672 -0.15107672
 -0.15107672 -0.15107672 -0.15107672 -0.15107672 -0.15107672 -0.15107672
 -0.15107672 -0.15107672 -0.15107672 -0.15107672 -0.15107672 -0.15107672
 -0.15107672 -0.15107672 -0.15107672 -0.15107672 -0.15107672 -0.15107672
 -0.15107672 -0.15107672 -0.15107672 -0.15107672 -0.15107672 -0.15107672
 -0.15107672 -0.15107672 -0.15107672 -0.15107672 -0.15107672 -0.15107672
 -0.15107672 -0.15107672 -0.15107672 -0.15107672 -0.15107672 -0.15107672
 -0.15107672 -0.15107672 -0.15107672 -0.15107672 -0.15107672 -0.15107672
 -0.15107672 -0.15107672 -0.15107672 -0.15107672 -0.15107672 -0.15107672
 -0.15107672 -0.15107672 -0.15107672 -0.15107672 -0.15107672 -0.15107672
 -0.15107672 -0.15107672 -0.15107672 -0.15107672 -0.15107672 -0.15107672
 -0.15107672 -0.15107672 -0.15107672 -0.15107672 -0.15107672 -0.15107672
 -0.15107672 -0.15107672 -0.15107672 -0.15107672 -0.15107672 -0.15107672
 -0.15107672 -0.15107672 -0.15107672 -0.15107672 -0.15107672 -0.15107672
 -0.15107672 -0.15107672 -0.15107672 -0.15107672 -0.15107672 -0.15107672
 -0.15107672 -0.15107672 -0.15107672 -0.15107672 -0.15107672  4.80129491
 -0.15107672 -0.15107672 -0.15107672 -0.15107672 -0.15107672 -0.15107672
 -0.15107672 -0.15107672 -0.15107672 -0.15107672 -0.15107672 -0.15107672
 -0.15107672 -0.15107672 -0.15107672 -0.15107672 -0.15107672 -0.15107672
 -0.15107672 -0.15107672 -0.15107672 -0.15107672 -0.15107672 -0.15107672
 -0.15107672 -0.15107672 -0.15107672 -0.15107672 -0.15107672 -0.15107672
 -0.15107672 -0.15107672 -0.15107672 -0.15107672 -0.15107672 -0.15107672
 -0.15107672 -0.15107672  8.46994029 -0.15107672 -0.15107672 -0.15107672
 -0.15107672 -0.15107672 -0.15107672 -0.15107672 -0.15107672 -0.15107672
 -0.15107672 -0.15107672 -0.15107672 -0.15107672 -0.15107672 -0.15107672
 -0.15107672 -0.15107672 -0.15107672 -0.15107672 -0.15107672 -0.15107672
 -0.15107672  4.55069484 -0.15107672 -0.15107672 -0.15107672  1.0265472
 -0.15107672 -0.15107672 -0.15107672 -0.15107672 -0.15107672 -0.15107672
 -0.15107672 -0.15107672 -0.15107672 -0.15107672 -0.15107672 -0.15107672
 -0.15107672 -0.15107672 -0.15107672 -0.15107672 -0.15107672 -0.15107672
 -0.15107672 -0.15107672 -0.15107672 -0.15107672 -0.15107672 -0.15107672
 -0.15107672 -0.15107672 -0.15107672 -0.15107672]",[0.0023719193859680354]
6,"[-0.11991499 -0.11991499 -0.11991499 -0.11991499 -0.11991499 -0.11991499
 -0.11991499 -0.11991499 -0.11991499 -0.11991499 -0.11991499 -0.11991499
 -0.11991499 -0.11991499 -0.11991499 -0.11991499 -0.11991499 -0.11991499
  1.63538871 -0.11991499 -0.11991499 -0.11991499 -0.11991499 -0.11991499
 -0.11991499 -0.11991499 -0.11991499  0.74609796 -0.11991499 -0.11991499
 -0.11991499 -0.11991499 -0.11991499 -0.11991499 -0.11991499 -0.11991499
 -0.11991499 -0.11991499 -0.11991499 -0.11991499 -0.11991499 -0.11991499
 -0.11991499 -0.11991499 -0.11991499 -0.11991499 -0.11991499 -0.11991499
 -0.11991499 -0.11991499 -0.11991499 -0.11991499 -0.11991499 -0.11991499
 -0.11991499 -0.11991499 -0.11991499 -0.11991499 -0.11991499 -0.11991499
 -0.11991499 -0.11991499 -0.11991499 -0.11991499 -0.11991499 -0.11991499
 -0.11991499 -0.11991499 -0.11991499 -0.11991499 -0.11991499 -0.11991499
 -0.11991499 -0.11991499 -0.11991499 -0.11991499 -0.11991499 -0.11991499
 -0.11991499 -0.11991499 -0.11991499 -0.11991499 -0.11991499  1.76197977
 -0.11991499 -0.11991499 -0.11991499 -0.11991499 -0.11991499 -0.11991499
 -0.11991499 -0.11991499 -0.11991499 -0.11991499 -0.11991499 -0.11991499
 -0.11991499 -0.11991499 -0.11991499 -0.11991499 -0.11991499 -0.11991499
 -0.11991499 -0.11991499 -0.11991499 -0.11991499 -0.11991499 -0.11991499
 -0.11991499 -0.11991499 -0.11991499 -0.11991499 -0.11991499 -0.11991499
 -0.11991499 -0.11991499 -0.11991499 -0.11991499 -0.11991499 -0.11991499
 -0.11991499 -0.11991499 -0.11991499 -0.11991499 -0.11991499 -0.11991499
 -0.11991499 -0.11991499 -0.11991499 -0.11991499 -0.11991499 -0.11991499
 -0.11991499 -0.11991499 -0.11991499 -0.11991499 -0.11991499 -0.11991499
 -0.11991499 -0.11991499 -0.11991499 -0.11991499 -0.11991499 -0.11991499
 -0.11991499 -0.11991499 -0.11991499 -0.11991499 -0.11991499 -0.11991499
 -0.11991499 -0.11991499 -0.11991499 -0.11991499 -0.11991499 -0.11991499
 -0.11991499 -0.11991499 -0.11991499 -0.11991499 -0.11991499 -0.11991499
 -0.11991499 -0.11991499 -0.11991499 -0.11991499 -0.11991499 -0.11991499
 -0.11991499 -0.11991499 -0.11991499 -0.11991499 -0.11991499 -0.11991499
 -0.11991499 -0.11991499 -0.11991499 -0.11991499 -0.11991499 -0.11991499
 -0.11991499 -0.11991499 -0.11991499 -0.11991499 -0.11991499 -0.11991499
 -0.11991499 -0.11991499 -0.11991499 -0.11991499 -0.11991499 -0.11991499
 -0.11991499 -0.11991499 -0.11991499 -0.11991499 -0.11991499 -0.11991499
 -0.11991499 -0.11991499  2.07829612 -0.11991499 -0.11991499 -0.11991499
 -0.11991499 -0.11991499 -0.11991499 -0.11991499 -0.11991499 -0.11991499
  5.07467731 -0.11991499 -0.11991499 -0.11991499 -0.11991499  7.36023111
 -0.11991499 -0.11991499 -0.11991499 -0.11991499 -0.11991499 -0.11991499
 -0.11991499 -0.11991499 -0.11991499 -0.11991499 -0.11991499 -0.11991499
 -0.11991499 -0.11991499 -0.11991499 -0.11991499 -0.11991499 -0.11991499
 -0.11991499  0.07088807 -0.11991499 -0.11991499 -0.11991499 -0.11991499
 -0.11991499 -0.11991499 -0.11991499 -0.11991499 -0.11991499 -0.11991499
 -0.11991499 -0.11991499 -0.11991499 -0.11991499 -0.11991499 -0.11991499
 -0.11991499 -0.11991499 -0.11991499 -0.11991499 -0.11991499 -0.11991499
 -0.11991499 -0.11991499 -0.11991499 -0.11991499 -0.11991499 -0.11991499
 -0.11991499 -0.11991499 -0.11991499 -0.11991499 -0.11991499 -0.11991499
 -0.11991499 -0.11991499 -0.11991499 -0.11991499 -0.11991499 -0.11991499
 -0.11991499 -0.11991499 -0.11991499 -0.11991499 -0.11991499 -0.11991499
 -0.11991499 -0.11991499 -0.11991499 -0.11991499 -0.11991499 10.38477061
 -0.11991499 -0.11991499 -0.11991499 -0.11991499 -0.11991499 -0.11991499
 -0.11991499 -0.11991499 -0.11991499 -0.11991499 -0.11991499 -0.11991499
 -0.11991499 -0.11991499 -0.11991499 -0.11991499 -0.11991499 -0.11991499
 -0.11991499 -0.11991499 -0.11991499 -0.11991499 -0.11991499  5.85146974
 -0.11991499 -0.11991499 -0.11991499 -0.11991499 -0.11991499 -0.11991499
 -0.11991499 -0.11991499 -0.11991499 -0.11991499 -0.11991499 -0.11991499
 -0.11991499 -0.11991499 -0.11991499 -0.11991499 -0.11991499 -0.11991499
 -0.11991499 -0.11991499 -0.11991499 -0.11991499 -0.11991499 -0.11991499
 -0.11991499 -0.11991499 -0.11991499 -0.11991499 -0.11991499 -0.11991499
 -0.11991499 -0.11991499 -0.11991499 -0.11991499 -0.11991499 -0.11991499
 -0.11991499 -0.11991499 -0.11991499 -0.11991499 -0.11991499 -0.11991499
 -0.11991499 -0.11991499 -0.11991499 -0.11991499 -0.11991499 -0.11991499
 -0.11991499 -0.11991499 -0.11991499 -0.11991499 -0.11991499 -0.11991499
 -0.11991499 -0.11991499 -0.11991499 -0.11991499 -0.11991499 -0.11991499
 -0.11991499 -0.11991499 -0.11991499 -0.11991499 -0.11991499 -0.11991499
 -0.11991499 -0.11991499 -0.11991499 -0.11991499 -0.11991499 -0.11991499
 -0.11991499 -0.11991499 -0.11991499 -0.11991499 -0.11991499 -0.11991499
 -0.11991499 -0.11991499 -0.11991499 -0.11991499 -0.11991499 -0.11991499
 -0.11991499 -0.11991499 -0.11991499 -0.11991499 -0.11991499 -0.11991499
 -0.11991499 -0.11991499 -0.11991499 -0.11991499 -0.11991499 -0.11991499
 -0.11991499 -0.11991499 -0.11991499 -0.11991499 -0.11991499 -0.11991499
 -0.11991499 -0.11991499 -0.11991499 -0.11991499 -0.11991499 -0.11991499
 -0.11991499 -0.11991499 -0.11991499 -0.11991499 -0.11991499 -0.11991499
 -0.11991499 -0.11991499 -0.11991499 -0.11991499 -0.11991499 -0.11991499
 -0.11991499 -0.11991499 -0.11991499 -0.11991499 -0.11991499 -0.11991499
 -0.11991499 -0.11991499 -0.11991499 -0.11991499 -0.11991499 -0.11991499
 -0.11991499 -0.11991499 -0.11991499 -0.11991499 -0.11991499 -0.11991499
 -0.11991499 -0.11991499 -0.11991499 -0.11991499 -0.11991499 -0.11991499
 -0.11991499 -0.11991499 -0.11991499 -0.11991499 -0.11991499 -0.11991499
 -0.11991499 -0.11991499  2.64207105 -0.11991499 10.83511784 -0.11991499
 12.47582707 -0.11991499 -0.11991499 -0.11991499 -0.11991499 -0.11991499
 -0.11991499 -0.11991499 -0.11991499 -0.11991499 -0.11991499 -0.11991499
 -0.11991499 -0.11991499 -0.11991499 -0.11991499 -0.11991499 -0.11991499
 -0.11991499 -0.11991499 -0.11991499 -0.11991499 -0.11991499 -0.11991499
 -0.11991499 -0.11991499 -0.11991499 -0.11991499 -0.11991499 -0.11991499
 -0.11991499 -0.11991499 -0.11991499 -0.11991499 -0.11991499 -0.11991499
 -0.11991499 -0.11991499 -0.11991499 -0.11991499 -0.11991499 -0.11991499
 -0.11991499 -0.11991499 -0.11991499 -0.11991499 -0.11991499 -0.11991499
 -0.11991499 -0.11991499 -0.11991499 -0.11991499]",[-0.006764995322218567]
6,"[-0.18872068 -0.18872068 -0.18872068 -0.18872068 -0.18872068 -0.18872068
 -0.18872068 -0.18872068 -0.18872068 -0.18872068 -0.18872068 -0.18872068
 -0.18872068 -0.18872068 -0.18872068 -0.18872068 -0.18872068 -0.18872068
 -0.18872068 -0.18872068 -0.18872068 -0.18872068 -0.18872068 -0.18872068
 -0.18872068 -0.18872068 -0.18872068 -0.18872068 -0.18872068 -0.18872068
 -0.18872068 -0.18872068 -0.18872068 -0.18872068 -0.18872068 -0.18872068
 -0.18872068 -0.18872068 -0.18872068 -0.18872068 -0.18872068 -0.18872068
 -0.18872068 -0.18872068 -0.18872068 -0.18872068 -0.18872068 -0.18872068
 -0.18872068 -0.18872068 -0.18872068 -0.18872068 -0.18872068 -0.18872068
 -0.18872068 -0.18872068 -0.18872068 -0.18872068 -0.18872068 -0.18872068
 -0.18872068 -0.18872068 -0.18872068 -0.18872068 -0.18872068 -0.18872068
 -0.18872068 -0.18872068 -0.18872068 -0.18872068 -0.18872068 -0.18872068
 -0.18872068 -0.18872068 -0.18872068 -0.18872068 -0.18872068 -0.18872068
 -0.18872068 -0.18872068 -0.18872068 -0.18872068 -0.18872068  9.16844476
 -0.18872068 -0.18872068 -0.18872068 -0.18872068 -0.18872068 -0.18872068
 -0.18872068 -0.18872068  2.53600639 -0.18872068 -0.18872068 -0.18872068
 -0.18872068 -0.18872068 -0.18872068 -0.18872068 -0.18872068 -0.18872068
 -0.18872068 -0.18872068 -0.18872068 -0.18872068 -0.18872068 -0.18872068
 -0.18872068 -0.18872068 -0.18872068 -0.18872068 -0.18872068 -0.18872068
 -0.18872068 -0.18872068 -0.18872068 -0.18872068 -0.18872068 -0.18872068
 -0.18872068 -0.18872068 -0.18872068 -0.18872068  1.10975623 -0.18872068
 -0.18872068 -0.18872068 -0.18872068 -0.18872068 -0.18872068 -0.18872068
 -0.18872068 -0.18872068 -0.18872068 -0.18872068 -0.18872068 -0.18872068
 -0.18872068 -0.18872068 -0.18872068 -0.18872068 -0.18872068 -0.18872068
 -0.18872068 -0.18872068 -0.18872068 -0.18872068 -0.18872068 -0.18872068
 -0.18872068 -0.18872068 -0.18872068 -0.18872068 -0.18872068 -0.18872068
 -0.18872068 -0.18872068 -0.18872068 -0.18872068 -0.18872068 -0.18872068
 -0.18872068 -0.18872068 -0.18872068 -0.18872068 -0.18872068 -0.18872068
 -0.18872068 -0.18872068 -0.18872068 -0.18872068 -0.18872068 -0.18872068
 -0.18872068 -0.18872068 -0.18872068 -0.18872068 -0.18872068 -0.18872068
 -0.18872068 -0.18872068 -0.18872068 -0.18872068 -0.18872068 -0.18872068
 -0.18872068 -0.18872068 -0.18872068 -0.18872068 -0.18872068 -0.18872068
 -0.18872068 -0.18872068 -0.18872068 -0.18872068 -0.18872068 -0.18872068
 -0.18872068 -0.18872068  2.22708573 -0.18872068 -0.18872068 -0.18872068
 -0.18872068 -0.18872068 -0.18872068 -0.18872068 -0.18872068 -0.18872068
  3.35372054 -0.18872068 -0.04844066 -0.18872068 -0.18872068  4.50133588
 -0.18872068 -0.18872068 -0.18872068 -0.18872068 -0.18872068 -0.18872068
 -0.18872068 -0.18872068 -0.18872068 -0.18872068 -0.18872068 -0.18872068
 -0.18872068 -0.18872068 -0.18872068 -0.18872068 -0.18872068 -0.18872068
 -0.18872068  3.66400126 -0.18872068  3.97805999  2.18181694 -0.18872068
  2.0627681  -0.18872068 -0.18872068 -0.18872068 -0.18872068 -0.18872068
 -0.18872068 -0.18872068 -0.18872068 -0.18872068 -0.18872068 -0.18872068
 -0.18872068 -0.18872068 -0.18872068  3.35763429  3.55596043 -0.18872068
 -0.18872068 -0.18872068 -0.18872068  4.63011753 -0.18872068  0.12410195
 -0.18872068 -0.18872068 -0.18872068 -0.18872068 -0.18872068 -0.18872068
 -0.18872068 -0.18872068 -0.18872068 -0.18872068  4.72510628 -0.18872068
 -0.18872068 -0.18872068 -0.18872068 -0.18872068 -0.18872068 -0.18872068
 -0.18872068  2.38686144 -0.18872068 -0.18872068 -0.18872068  8.23093453
 -0.18872068 -0.18872068 -0.18872068 -0.18872068 -0.18872068 -0.18872068
 -0.18872068 -0.18872068 -0.18872068 -0.18872068 -0.18872068 -0.18872068
 -0.18872068 -0.18872068 -0.18872068 -0.18872068 -0.18872068 -0.18872068
 -0.18872068 -0.18872068 -0.18872068 -0.18872068 -0.18872068  5.62177127
 -0.18872068 -0.18872068 -0.18872068 -0.18872068 -0.18872068 -0.18872068
 -0.18872068 -0.18872068 -0.18872068 -0.18872068 -0.18872068 -0.18872068
 -0.18872068 -0.18872068 -0.18872068 -0.18872068 -0.18872068 -0.18872068
 -0.18872068 -0.18872068 -0.18872068 -0.18872068 -0.18872068 -0.18872068
 -0.18872068 -0.18872068 -0.18872068 -0.18872068 -0.18872068 -0.18872068
 -0.18872068 -0.18872068 -0.18872068 -0.18872068 -0.18872068 -0.18872068
 -0.18872068 -0.18872068 -0.18872068 -0.18872068 -0.18872068 -0.18872068
 -0.18872068 -0.18872068 -0.18872068 -0.18872068 -0.18872068 -0.18872068
 -0.18872068 -0.18872068 -0.18872068 -0.18872068 -0.18872068 -0.18872068
 -0.18872068 -0.18872068 -0.18872068 -0.18872068 -0.18872068 -0.18872068
 -0.18872068 -0.18872068 -0.18872068 -0.18872068 -0.18872068 -0.18872068
 -0.18872068 -0.18872068 -0.18872068 -0.18872068 -0.18872068 -0.18872068
 -0.18872068 -0.18872068 -0.18872068 -0.18872068 -0.18872068 -0.18872068
 -0.18872068 -0.18872068 -0.18872068 -0.18872068 -0.18872068 -0.18872068
 -0.18872068 -0.18872068 -0.18872068 -0.18872068 -0.18872068 -0.18872068
 -0.18872068 -0.18872068 -0.18872068 -0.18872068 -0.18872068 -0.18872068
 -0.18872068 -0.18872068 -0.18872068 -0.18872068 -0.18872068 -0.18872068
 -0.18872068 -0.18872068 -0.18872068 -0.18872068 -0.18872068 -0.18872068
 -0.18872068 -0.18872068 -0.18872068 -0.18872068 -0.18872068 -0.18872068
 -0.18872068 -0.18872068 -0.18872068 -0.18872068 -0.18872068 -0.18872068
 -0.18872068 -0.18872068 -0.18872068 -0.18872068 -0.18872068 -0.18872068
 -0.18872068 -0.18872068 -0.18872068 -0.18872068 -0.18872068 -0.18872068
 -0.18872068 -0.18872068 -0.18872068 -0.18872068 -0.18872068 -0.18872068
 -0.18872068 -0.18872068 -0.18872068 -0.18872068 -0.18872068 -0.18872068
 -0.18872068 -0.18872068 -0.18872068 -0.18872068 -0.18872068 -0.18872068
 -0.18872068 -0.18872068  6.74304982 -0.18872068  7.53381842 -0.18872068
  6.89699709 -0.18872068 -0.18872068 -0.18872068 -0.18872068 -0.18872068
 -0.18872068 -0.18872068 -0.18872068 -0.18872068 -0.18872068 -0.18872068
 -0.18872068 -0.18872068 -0.18872068 -0.18872068 -0.18872068 -0.18872068
 -0.18872068  3.03511266 -0.18872068 -0.18872068 -0.18872068 -0.18872068
 -0.18872068 -0.18872068 -0.18872068 -0.18872068 -0.18872068 -0.18872068
 -0.18872068 -0.18872068 -0.18872068 -0.18872068 -0.18872068 -0.18872068
 -0.18872068 -0.18872068 -0.18872068 -0.18872068 -0.18872068 -0.18872068
 -0.18872068 -0.18872068 -0.18872068 -0.18872068 -0.18872068 -0.18872068
 -0.18872068 -0.18872068  2.02943756 -0.18872068]",[0.05157452820572059]
6,"[-0.21800002 -0.21800002 -0.21800002 -0.21800002 -0.21800002 -0.21800002
 -0.21800002 -0.21800002 -0.21800002 -0.21800002 -0.21800002 -0.21800002
 -0.21800002 -0.21800002 -0.21800002 -0.21800002 -0.21800002 -0.21800002
  0.71290699 -0.21800002 -0.21800002 -0.21800002 -0.21800002 -0.21800002
 -0.21800002 -0.21800002 -0.21800002 -0.21800002 -0.21800002 -0.21800002
 -0.21800002 -0.21800002 -0.21800002 -0.21800002 -0.21800002 -0.21800002
 -0.21800002 -0.21800002 -0.21800002 -0.21800002 -0.21800002 -0.21800002
 -0.21800002 -0.21800002 -0.21800002 -0.21800002 -0.21800002 -0.21800002
 -0.21800002 -0.21800002 -0.21800002 -0.21800002 -0.21800002 -0.21800002
 -0.21800002 -0.21800002 -0.21800002 -0.21800002  1.39185852 -0.21800002
 -0.21800002 -0.21800002 -0.21800002 -0.21800002 -0.21800002 -0.21800002
 -0.21800002 -0.21800002 -0.21800002 -0.21800002 -0.21800002 -0.21800002
 -0.21800002 -0.21800002 -0.21800002 -0.21800002 -0.21800002 -0.21800002
 -0.21800002 -0.21800002 -0.21800002 -0.21800002 -0.21800002  7.93611868
 -0.21800002 -0.21800002 -0.21800002 -0.21800002 -0.21800002 -0.21800002
 -0.21800002 -0.21800002  3.76146721 -0.21800002 -0.21800002 -0.21800002
 -0.21800002 -0.21800002 -0.21800002 -0.21800002 -0.21800002 -0.21800002
 -0.21800002 -0.21800002 -0.21800002 -0.21800002 -0.21800002 -0.21800002
 -0.21800002 -0.21800002  1.11004374 -0.21800002 -0.21800002 -0.21800002
 -0.21800002 -0.21800002 -0.21800002 -0.21800002 -0.21800002 -0.21800002
 -0.21800002 -0.21800002 -0.21800002 -0.21800002 -0.21800002 -0.21800002
 -0.21800002 -0.21800002 -0.21800002 -0.21800002 -0.21800002 -0.21800002
 -0.21800002 -0.21800002 -0.21800002 -0.21800002 -0.21800002 -0.21800002
 -0.21800002 -0.21800002 -0.21800002 -0.21800002 -0.21800002 -0.21800002
 -0.21800002 -0.21800002 -0.21800002 -0.21800002 -0.21800002 -0.21800002
 -0.21800002 -0.21800002 -0.21800002 -0.21800002 -0.21800002 -0.21800002
 -0.21800002 -0.21800002 -0.21800002 -0.21800002 -0.21800002 -0.21800002
 -0.21800002 -0.21800002 -0.21800002 -0.21800002 -0.21800002 -0.21800002
 -0.21800002 -0.21800002 -0.21800002 -0.21800002 -0.21800002  1.56188852
 -0.21800002 -0.21800002 -0.21800002 -0.21800002 -0.21800002 -0.21800002
 -0.21800002 -0.21800002 -0.21800002 -0.21800002 -0.21800002 -0.21800002
 -0.21800002 -0.21800002 -0.21800002 -0.21800002 -0.21800002 -0.21800002
 -0.21800002 -0.21800002  2.93705038 -0.21800002 -0.21800002 -0.21800002
 -0.21800002 -0.21800002 -0.21800002 -0.21800002 -0.21800002 -0.21800002
 -0.21800002 -0.21800002 -0.21800002 -0.21800002 -0.21800002 -0.21800002
  2.72644623 -0.21800002 -0.09639864 -0.21800002 -0.21800002  6.45814643
 -0.21800002 -0.21800002 -0.21800002 -0.21800002 -0.21800002 -0.21800002
 -0.21800002 -0.21800002 -0.21800002 -0.21800002 -0.21800002 -0.21800002
 -0.21800002 -0.21800002 -0.21800002 -0.21800002 -0.21800002 -0.21800002
 -0.21800002  4.06685856 -0.21800002 -0.21800002 -0.21800002 -0.21800002
  4.61178566 -0.21800002 -0.21800002 -0.21800002 -0.21800002 -0.21800002
 -0.21800002 -0.21800002 -0.21800002 -0.21800002 -0.21800002 -0.21800002
 -0.21800002 -0.21800002 -0.21800002 -0.21800002 -0.21800002 -0.21800002
 -0.21800002 -0.21800002 -0.21800002  4.80873156 -0.21800002  0.70343177
  4.28072026 -0.21800002 -0.21800002 -0.21800002  2.62989642 -0.21800002
 -0.21800002 -0.21800002  5.85046268 -0.21800002  5.15550843 -0.21800002
 -0.21800002 -0.21800002 -0.21800002  2.04259741 -0.21800002 -0.21800002
 -0.21800002 -0.21800002 -0.21800002 -0.21800002 -0.21800002  1.57586203
  3.63961931  5.73119497 -0.21800002 -0.21800002  2.36214428 -0.21800002
 -0.21800002 -0.21800002 -0.21800002 -0.21800002 -0.21800002 -0.21800002
 -0.21800002 -0.21800002 -0.21800002 -0.21800002 -0.21800002 -0.21800002
 -0.21800002 -0.21800002 -0.21800002 -0.21800002 -0.21800002  5.35566383
 -0.21800002  1.28603292 -0.21800002 -0.21800002 -0.21800002 -0.21800002
 -0.21800002 -0.21800002 -0.21800002 -0.21800002 -0.21800002 -0.21800002
 -0.21800002 -0.21800002 -0.21800002 -0.21800002 -0.21800002 -0.21800002
 -0.21800002 -0.21800002 -0.21800002 -0.21800002 -0.21800002 -0.21800002
 -0.21800002 -0.21800002 -0.21800002 -0.21800002 -0.21800002 -0.21800002
 -0.21800002 -0.21800002 -0.21800002 -0.21800002 -0.21800002 -0.21800002
 -0.21800002 -0.21800002 -0.21800002 -0.21800002 -0.21800002 -0.21800002
 -0.21800002 -0.21800002 -0.21800002 -0.21800002 -0.21800002 -0.21800002
 -0.21800002 -0.21800002 -0.21800002 -0.21800002 -0.21800002 -0.21800002
 -0.21800002 -0.21800002 -0.21800002 -0.21800002 -0.21800002 -0.21800002
 -0.21800002 -0.21800002 -0.21800002 -0.21800002 -0.21800002 -0.21800002
 -0.21800002 -0.21800002 -0.21800002 -0.21800002 -0.21800002 -0.21800002
 -0.21800002 -0.21800002 -0.21800002 -0.21800002 -0.21800002 -0.21800002
 -0.21800002 -0.21800002 -0.21800002 -0.21800002 -0.21800002 -0.21800002
 -0.21800002 -0.21800002 -0.21800002 -0.21800002 -0.21800002 -0.21800002
 -0.21800002 -0.21800002 -0.21800002 -0.21800002 -0.21800002 -0.21800002
 -0.21800002 -0.21800002 -0.21800002 -0.21800002 -0.21800002 -0.21800002
 -0.21800002 -0.21800002 -0.21800002 -0.21800002 -0.21800002 -0.21800002
 -0.21800002 -0.21800002 -0.21800002 -0.21800002 -0.21800002 -0.21800002
 -0.21800002 -0.21800002 -0.21800002 -0.21800002 -0.21800002 -0.21800002
 -0.21800002  1.61209594 -0.21800002 -0.21800002 -0.21800002 -0.21800002
 -0.21800002 -0.21800002 -0.21800002 -0.21800002 -0.21800002 -0.21800002
 -0.21800002 -0.21800002 -0.21800002 -0.21800002 -0.21800002 -0.21800002
 -0.21800002 -0.21800002 -0.21800002 -0.21800002 -0.21800002 -0.21800002
 -0.21800002 -0.21800002 -0.21800002 -0.21800002 -0.21800002 -0.21800002
 -0.21800002 -0.21800002  5.4043839  -0.21800002  6.1604848  -0.21800002
 -0.21800002 -0.21800002 -0.21800002 -0.21800002  3.83491324 -0.21800002
 -0.21800002 -0.21800002 -0.21800002 -0.21800002 -0.21800002 -0.21800002
 -0.21800002 -0.21800002 -0.21800002 -0.21800002 -0.21800002 -0.21800002
 -0.21800002  5.80813291 -0.21800002 -0.21800002 -0.21800002 -0.21800002
 -0.21800002 -0.21800002 -0.21800002 -0.21800002 -0.21800002 -0.21800002
 -0.21800002 -0.21800002 -0.21800002 -0.21800002 -0.21800002 -0.21800002
 -0.21800002 -0.21800002 -0.21800002 -0.21800002 -0.21800002 -0.21800002
 -0.21800002 -0.21800002 -0.21800002 -0.21800002 -0.21800002 -0.21800002
 -0.21800002 -0.21800002  1.18196045 -0.21800002]",[-0.04756522034828434]
6,"[-0.17694638 -0.17694638 -0.17694638 -0.17694638 -0.17694638 -0.17694638
 -0.17694638 -0.17694638 -0.17694638 -0.17694638 -0.17694638 -0.17694638
 -0.17694638 -0.17694638 -0.17694638 -0.17694638 -0.17694638 -0.17694638
  1.03789351 -0.17694638 -0.17694638 -0.17694638 -0.17694638 -0.17694638
 -0.17694638 -0.17694638 -0.17694638 -0.17694638 -0.17694638 -0.17694638
 -0.17694638 -0.17694638 -0.17694638 -0.17694638 -0.17694638 -0.17694638
 -0.17694638 -0.17694638 -0.17694638 -0.17694638 -0.17694638 -0.17694638
 -0.17694638 -0.17694638 -0.17694638 -0.17694638 -0.17694638 -0.17694638
 -0.17694638 -0.17694638 -0.17694638 -0.17694638 -0.17694638 -0.17694638
 -0.17694638 -0.17694638 -0.17694638 -0.17694638 -0.17694638 -0.17694638
 -0.17694638 -0.17694638 -0.17694638 -0.17694638 -0.17694638 -0.17694638
 -0.17694638 -0.17694638 -0.17694638 -0.17694638 -0.17694638 -0.17694638
 -0.17694638 -0.17694638 -0.17694638 -0.17694638 -0.17694638 -0.17694638
 -0.17694638 -0.17694638 -0.17694638 -0.17694638 -0.17694638  8.84297162
 -0.17694638 -0.17694638 -0.17694638 -0.17694638 -0.17694638 -0.17694638
 -0.17694638 -0.17694638 -0.17694638 -0.17694638 -0.17694638 -0.17694638
 -0.17694638 -0.17694638 -0.17694638 -0.17694638 -0.17694638 -0.17694638
 -0.17694638 -0.17694638 -0.17694638 -0.17694638 -0.17694638 -0.17694638
 -0.17694638 -0.17694638  0.497924   -0.17694638 -0.17694638 -0.17694638
 -0.17694638 -0.17694638  0.62342966 -0.17694638 -0.17694638 -0.17694638
 -0.17694638 -0.17694638 -0.17694638 -0.17694638 -0.17694638 -0.17694638
 -0.17694638 -0.17694638 -0.17694638 -0.17694638 -0.17694638 -0.17694638
 -0.17694638 -0.17694638 -0.17694638 -0.17694638 -0.17694638 -0.17694638
 -0.17694638 -0.17694638 -0.17694638 -0.17694638 -0.17694638 -0.17694638
 -0.17694638 -0.17694638 -0.17694638 -0.17694638 -0.17694638 -0.17694638
 -0.17694638 -0.17694638 -0.17694638 -0.17694638 -0.17694638 -0.17694638
 -0.17694638 -0.17694638 -0.17694638 -0.17694638 -0.17694638 -0.17694638
 -0.17694638 -0.17694638 -0.17694638 -0.17694638 -0.17694638 -0.17694638
 -0.17694638 -0.17694638 -0.17694638 -0.17694638 -0.17694638 -0.17694638
 -0.17694638 -0.17694638 -0.17694638 -0.17694638 -0.17694638 -0.17694638
 -0.17694638 -0.17694638 -0.17694638 -0.17694638 -0.17694638 -0.17694638
  2.78594634 -0.17694638 -0.17694638 -0.17694638 -0.17694638 -0.17694638
 -0.17694638 -0.17694638 -0.17694638 -0.17694638 -0.17694638 -0.17694638
 -0.17694638 -0.17694638 -0.17694638 -0.17694638 -0.17694638 -0.17694638
 -0.17694638 -0.17694638 -0.17694638 -0.17694638 -0.17694638 -0.17694638
  3.33796355 -0.17694638  3.34801943 -0.17694638 -0.17694638  6.00445321
 -0.17694638 -0.17694638 -0.17694638 -0.17694638 -0.17694638 -0.17694638
 -0.17694638 -0.17694638 -0.17694638 -0.17694638 -0.17694638 -0.17694638
 -0.17694638 -0.17694638 -0.17694638 -0.17694638 -0.17694638 -0.17694638
 -0.17694638 -0.03334273 -0.17694638  0.76204738 -0.17694638 -0.17694638
 -0.17694638  3.676118   -0.17694638 -0.17694638 -0.17694638 -0.17694638
 -0.17694638 -0.17694638 -0.17694638 -0.17694638 -0.17694638 -0.17694638
 -0.17694638 -0.17694638 -0.17694638 -0.17694638 -0.17694638 -0.17694638
 -0.17694638 -0.17694638 -0.17694638  5.49831214 -0.17694638 -0.17694638
 -0.17694638 -0.17694638 -0.17694638 -0.17694638 -0.17694638 -0.17694638
 -0.17694638 -0.17694638 -0.17694638 -0.17694638  0.54115288 -0.17694638
 -0.17694638 -0.17694638 -0.17694638 -0.17694638 -0.17694638 -0.17694638
 -0.17694638 -0.17694638 -0.17694638 -0.17694638 -0.17694638 -0.17694638
 -0.17694638 -0.17694638 -0.17694638 -0.17694638 -0.17694638 -0.17694638
 -0.17694638 -0.17694638 -0.17694638 -0.17694638 -0.17694638 -0.17694638
 -0.17694638 -0.17694638 -0.17694638 -0.17694638 -0.17694638 -0.17694638
 -0.17694638 -0.17694638 -0.17694638 -0.17694638 -0.17694638  3.65469259
 -0.17694638 -0.17694638 -0.17694638 -0.17694638 -0.17694638 -0.17694638
 -0.17694638 -0.17694638 -0.17694638 -0.17694638 -0.17694638 -0.17694638
 -0.17694638 -0.17694638 -0.17694638 -0.17694638 -0.17694638 -0.17694638
 -0.17694638 -0.17694638 -0.17694638 -0.17694638 -0.17694638 -0.17694638
 -0.17694638 -0.17694638 -0.17694638 -0.17694638 -0.17694638 -0.17694638
 -0.17694638 -0.17694638 -0.17694638 -0.17694638 -0.17694638 -0.17694638
 -0.17694638 -0.17694638 -0.17694638 -0.17694638 -0.17694638 -0.17694638
 -0.17694638 -0.17694638 -0.17694638 -0.17694638 -0.17694638 -0.17694638
 -0.17694638 -0.17694638 -0.17694638 -0.17694638 -0.17694638 -0.17694638
 -0.17694638 -0.17694638 -0.17694638 -0.17694638 -0.17694638 -0.17694638
 -0.17694638 -0.17694638 -0.17694638 -0.17694638 -0.17694638 -0.17694638
 -0.17694638 -0.17694638 -0.17694638 -0.17694638 -0.17694638 -0.17694638
 -0.17694638 -0.17694638 -0.17694638 -0.17694638 -0.17694638 -0.17694638
 -0.17694638 -0.17694638 -0.17694638 -0.17694638 -0.17694638 -0.17694638
 -0.17694638 -0.17694638 -0.17694638 -0.17694638 -0.17694638 -0.17694638
 -0.17694638 -0.17694638 -0.17694638 -0.17694638 -0.17694638 -0.17694638
 -0.17694638 -0.17694638 -0.17694638 -0.17694638 -0.17694638 -0.17694638
 -0.17694638 -0.17694638 -0.17694638 -0.17694638 -0.17694638 -0.17694638
 -0.17694638 -0.17694638 -0.17694638 -0.17694638 -0.17694638 -0.17694638
 -0.17694638 -0.17694638 -0.17694638 -0.17694638 -0.17694638 -0.17694638
 -0.17694638 -0.17694638 -0.17694638 -0.17694638 -0.17694638 -0.17694638
 -0.17694638 -0.17694638 -0.17694638 -0.17694638 -0.17694638 -0.17694638
 -0.17694638 -0.17694638 -0.17694638 -0.17694638 -0.17694638 -0.17694638
 -0.17694638 -0.17694638 -0.17694638 -0.17694638 -0.17694638 -0.17694638
 -0.17694638 -0.17694638 -0.17694638 -0.17694638 -0.17694638 -0.17694638
 -0.17694638 -0.17694638  1.39714537 -0.17694638  8.83525447 -0.17694638
  9.27326942  5.91205399 -0.17694638  5.63412879  5.48135102 -0.17694638
 -0.17694638 -0.17694638 -0.17694638 -0.17694638 -0.17694638 -0.17694638
 -0.17694638 -0.17694638 -0.17694638 -0.17694638 -0.17694638 -0.17694638
 -0.17694638  4.34452526  3.51199372 -0.17694638 -0.17694638  2.52674754
 -0.17694638 -0.17694638 -0.17694638 -0.17694638 -0.17694638  0.27135085
 -0.17694638 -0.17694638 -0.17694638 -0.17694638 -0.17694638 -0.17694638
 -0.17694638 -0.17694638 -0.17694638 -0.17694638 -0.17694638 -0.17694638
 -0.17694638 -0.17694638 -0.17694638 -0.17694638 -0.17694638 -0.17694638
 -0.17694638 -0.17694638 -0.17694638 -0.17694638]",[0.018958618320121245]
6,"[-0.12768679 -0.12768679 -0.12768679 -0.12768679 -0.12768679 -0.12768679
 -0.12768679 -0.12768679 -0.12768679 -0.12768679 -0.12768679 -0.12768679
 -0.12768679 -0.12768679 -0.12768679 -0.12768679 -0.12768679 -0.12768679
 -0.12768679 -0.12768679 -0.12768679 -0.12768679 -0.12768679 -0.12768679
 -0.12768679 -0.12768679 -0.12768679 -0.12768679 -0.12768679 -0.12768679
 -0.12768679 -0.12768679 -0.12768679 -0.12768679 -0.12768679 -0.12768679
 -0.12768679 -0.12768679 -0.12768679 -0.12768679 -0.12768679 -0.12768679
 -0.12768679 -0.12768679 -0.12768679 -0.12768679 -0.12768679 -0.12768679
 -0.12768679 -0.12768679 -0.12768679 -0.12768679 -0.12768679 -0.12768679
 -0.12768679 -0.12768679 -0.12768679 -0.12768679 -0.12768679 -0.12768679
 -0.12768679 -0.12768679 -0.12768679 -0.12768679 -0.12768679 -0.12768679
 -0.12768679 -0.12768679 -0.12768679 -0.12768679 -0.12768679 -0.12768679
 -0.12768679 -0.12768679 -0.12768679 -0.12768679 -0.12768679 -0.12768679
 -0.12768679 -0.12768679 -0.12768679 -0.12768679 -0.12768679 11.50961201
 -0.12768679 -0.12768679 -0.12768679 -0.12768679 -0.12768679 -0.12768679
 -0.12768679 -0.12768679  5.56463389 -0.12768679 -0.12768679 -0.12768679
 -0.12768679 -0.12768679 -0.12768679 -0.12768679 -0.12768679 -0.12768679
 -0.12768679 -0.12768679 -0.12768679 -0.12768679 -0.12768679 -0.12768679
 -0.12768679 -0.12768679  9.06644803 -0.12768679 -0.12768679 -0.12768679
 -0.12768679 -0.12768679 -0.12768679 -0.12768679 -0.12768679 -0.12768679
 -0.12768679 -0.12768679 -0.12768679 -0.12768679 -0.12768679 -0.12768679
 -0.12768679 -0.12768679 -0.12768679 -0.12768679 -0.12768679 -0.12768679
 -0.12768679 -0.12768679 -0.12768679 -0.12768679 -0.12768679 -0.12768679
 -0.12768679 -0.12768679 -0.12768679 -0.12768679 -0.12768679 -0.12768679
 -0.12768679 -0.12768679 -0.12768679 -0.12768679 -0.12768679 -0.12768679
 -0.12768679 -0.12768679 -0.12768679 -0.12768679 -0.12768679 -0.12768679
 -0.12768679 -0.12768679 -0.12768679 -0.12768679 -0.12768679 -0.12768679
 -0.12768679 -0.12768679 -0.12768679 -0.12768679 -0.12768679 -0.12768679
 -0.12768679 -0.12768679 -0.12768679 -0.12768679 -0.12768679 -0.12768679
 -0.12768679 -0.12768679 -0.12768679 -0.12768679 -0.12768679 -0.12768679
 -0.12768679 -0.12768679 -0.12768679 -0.12768679 -0.12768679 -0.12768679
 -0.12768679 -0.12768679 -0.12768679 -0.12768679 -0.12768679 -0.12768679
 -0.12768679 -0.12768679 -0.12768679 -0.12768679 -0.12768679 -0.12768679
 -0.12768679 -0.12768679  7.65092933 -0.12768679 -0.12768679 -0.12768679
 -0.12768679 -0.12768679 -0.12768679 -0.12768679 -0.12768679 -0.12768679
  4.52561543 -0.12768679 -0.12768679 -0.12768679 -0.12768679  0.79337513
 -0.12768679 -0.12768679 -0.12768679 -0.12768679 -0.12768679 -0.12768679
 -0.12768679 -0.12768679 -0.12768679 -0.12768679 -0.12768679 -0.12768679
 -0.12768679 -0.12768679 -0.12768679 -0.12768679 -0.12768679 -0.12768679
 -0.12768679 -0.12768679 -0.12768679 -0.12768679 -0.12768679 -0.12768679
 -0.12768679 -0.12768679 -0.12768679 -0.12768679 -0.12768679 -0.12768679
 -0.12768679 -0.12768679 -0.12768679 -0.12768679 -0.12768679 -0.12768679
 -0.12768679 -0.12768679 -0.12768679  1.17972005 -0.12768679 -0.12768679
 -0.12768679 -0.12768679 -0.12768679 -0.12768679 -0.12768679 -0.12768679
 -0.12768679 -0.12768679 -0.12768679 -0.12768679 -0.12768679 -0.12768679
 -0.12768679 -0.12768679 -0.12768679 -0.12768679 -0.12768679 -0.12768679
 -0.12768679 -0.12768679 -0.12768679 -0.12768679 -0.12768679 -0.12768679
 -0.12768679 -0.12768679 -0.12768679 -0.12768679 -0.12768679  1.7419778
 -0.12768679 -0.12768679 -0.12768679 -0.12768679 -0.12768679 -0.12768679
 -0.12768679 -0.12768679  9.51207201 -0.12768679 -0.12768679 -0.12768679
 -0.12768679 -0.12768679 -0.12768679 -0.12768679 -0.12768679 -0.12768679
 -0.12768679 -0.12768679 -0.12768679 -0.12768679 -0.12768679 -0.12768679
 -0.12768679 -0.12768679 -0.12768679 -0.12768679 -0.12768679 -0.12768679
 -0.12768679 -0.12768679 -0.12768679 -0.12768679 -0.12768679 -0.12768679
 -0.12768679 -0.12768679 -0.12768679 -0.12768679 -0.12768679 -0.12768679
 -0.12768679 -0.12768679 -0.12768679 -0.12768679 -0.12768679 -0.12768679
 -0.12768679 -0.12768679 -0.12768679 -0.12768679 -0.12768679 -0.12768679
 -0.12768679 -0.12768679 -0.12768679 -0.12768679 -0.12768679 -0.12768679
 -0.12768679 -0.12768679 -0.12768679 -0.12768679 -0.12768679 -0.12768679
 -0.12768679 -0.12768679 -0.12768679 -0.12768679 -0.12768679 -0.12768679
 -0.12768679 -0.12768679 -0.12768679 -0.12768679 -0.12768679 -0.12768679
 -0.12768679 -0.12768679 -0.12768679 -0.12768679 -0.12768679 -0.12768679
 -0.12768679 -0.12768679 -0.12768679 -0.12768679 -0.12768679 -0.12768679
 -0.12768679 -0.12768679 -0.12768679 -0.12768679 -0.12768679 -0.12768679
 -0.12768679 -0.12768679 -0.12768679 -0.12768679 -0.12768679 -0.12768679
 -0.12768679 -0.12768679 -0.12768679 -0.12768679 -0.12768679 -0.12768679
 -0.12768679 -0.12768679 -0.12768679 -0.12768679 -0.12768679 -0.12768679
 -0.12768679 -0.12768679 -0.12768679 -0.12768679 -0.12768679 -0.12768679
 -0.12768679 -0.12768679 -0.12768679 -0.12768679 -0.12768679 -0.12768679
 -0.12768679 -0.12768679 -0.12768679 -0.12768679 -0.12768679 -0.12768679
 -0.12768679 -0.12768679 -0.12768679 -0.12768679 -0.12768679 -0.12768679
 -0.12768679 -0.12768679 -0.12768679 -0.12768679 -0.12768679 -0.12768679
 -0.12768679 -0.12768679 -0.12768679 -0.12768679 -0.12768679 -0.12768679
 -0.12768679 -0.12768679 -0.12768679 -0.12768679 -0.12768679 -0.12768679
 -0.12768679 -0.12768679 -0.12768679 -0.12768679 -0.12768679 -0.12768679
 -0.12768679 -0.12768679 -0.12768679 -0.12768679 -0.12768679 -0.12768679
 -0.12768679 -0.12768679 -0.12768679 -0.12768679 -0.12768679 -0.12768679
 -0.12768679 -0.12768679  7.46045869 -0.12768679 -0.12768679 -0.12768679
  5.98773455 -0.12768679 -0.12768679 -0.12768679 -0.12768679 -0.12768679
 -0.12768679 -0.12768679 -0.12768679 -0.12768679 -0.12768679 -0.12768679
 -0.12768679 -0.12768679 -0.12768679 -0.12768679 -0.12768679 -0.12768679
 -0.12768679 -0.12768679 -0.12768679 -0.12768679 -0.12768679 -0.12768679
 -0.12768679 -0.12768679 -0.12768679 -0.12768679 -0.12768679 -0.12768679
 -0.12768679 -0.12768679 -0.12768679 -0.12768679 -0.12768679 -0.12768679
 -0.12768679 -0.12768679 -0.12768679 -0.12768679 -0.12768679 -0.12768679
 -0.12768679 -0.12768679 -0.12768679 -0.12768679 -0.12768679 -0.12768679
 -0.12768679 -0.12768679 -0.12768679 -0.12768679]",[-0.009070243096410635]
6,"[-0.15240312 -0.15240312 -0.15240312 -0.15240312 -0.15240312 -0.15240312
 -0.15240312 -0.15240312 -0.15240312 -0.15240312 -0.15240312 -0.15240312
 -0.15240312 -0.15240312 -0.15240312 -0.15240312 -0.15240312 -0.15240312
 -0.15240312 -0.15240312 -0.15240312 -0.15240312 -0.15240312 -0.15240312
 -0.15240312 -0.15240312 -0.15240312 -0.15240312 -0.15240312 -0.15240312
 -0.15240312 -0.15240312 -0.15240312 -0.15240312 -0.15240312 -0.15240312
 -0.15240312 -0.15240312 -0.15240312 -0.15240312 -0.15240312 -0.15240312
 -0.15240312 -0.15240312 -0.15240312 -0.15240312 -0.15240312 -0.15240312
 -0.15240312 -0.15240312 -0.15240312 -0.15240312 -0.15240312 -0.15240312
 -0.15240312 -0.15240312 -0.15240312 -0.15240312  2.56486674 -0.15240312
 -0.15240312 -0.15240312 -0.15240312 -0.15240312 -0.15240312 -0.15240312
 -0.15240312 -0.15240312 -0.15240312 -0.15240312 -0.15240312 -0.15240312
 -0.15240312 -0.15240312 -0.15240312 -0.15240312 -0.15240312 -0.15240312
 -0.15240312 -0.15240312 -0.15240312 -0.15240312 -0.15240312  4.843516
 -0.15240312 -0.15240312 -0.15240312 -0.15240312 -0.15240312 -0.15240312
 -0.15240312 -0.15240312 -0.15240312 -0.15240312 -0.15240312 -0.15240312
 -0.15240312 -0.15240312 -0.15240312 -0.15240312 -0.15240312 -0.15240312
 -0.15240312 -0.15240312 -0.15240312 -0.15240312 -0.15240312 -0.15240312
 -0.15240312 -0.15240312  9.62276646 -0.15240312 -0.15240312 -0.15240312
 -0.15240312 -0.15240312  0.91287931 -0.15240312 -0.15240312 -0.15240312
 -0.15240312 -0.15240312 -0.15240312 -0.15240312 -0.15240312 -0.15240312
 -0.15240312 -0.15240312 -0.15240312 -0.15240312 -0.15240312 -0.15240312
 -0.15240312 -0.15240312 -0.15240312 -0.15240312 -0.15240312 -0.15240312
 -0.15240312 -0.15240312 -0.15240312 -0.15240312 -0.15240312 -0.15240312
 -0.15240312 -0.15240312 -0.15240312 -0.15240312 -0.15240312 -0.15240312
 -0.15240312 -0.15240312 -0.15240312 -0.15240312 -0.15240312 -0.15240312
 -0.15240312 -0.15240312 -0.15240312 -0.15240312 -0.15240312 -0.15240312
 -0.15240312 -0.15240312 -0.15240312 -0.15240312 -0.15240312 -0.15240312
 -0.15240312 -0.15240312 -0.15240312 -0.15240312 -0.15240312 -0.15240312
 -0.15240312 -0.15240312 -0.15240312 -0.15240312 -0.15240312 -0.15240312
 -0.15240312 -0.15240312 -0.15240312 -0.15240312 -0.15240312 -0.15240312
 -0.15240312 -0.15240312 -0.15240312 -0.15240312 -0.15240312 -0.15240312
 -0.15240312 -0.15240312 -0.15240312 -0.15240312 -0.15240312 -0.15240312
 -0.15240312 -0.15240312  4.20186378 -0.15240312 -0.15240312 -0.15240312
 -0.15240312 -0.15240312 -0.15240312 -0.15240312 -0.15240312 -0.15240312
  2.54791519 -0.15240312 -0.06642626 -0.15240312 -0.15240312  8.90157268
 -0.15240312 -0.15240312 -0.15240312 -0.15240312 -0.15240312 -0.15240312
 -0.15240312 -0.15240312 -0.15240312 -0.15240312 -0.15240312 -0.15240312
 -0.15240312 -0.15240312 -0.15240312 -0.15240312 -0.15240312 -0.15240312
 -0.15240312  0.2040996  -0.15240312 -0.15240312  6.72454657 -0.15240312
 -0.15240312 -0.15240312 -0.15240312 -0.15240312 -0.15240312 -0.15240312
 -0.15240312 -0.15240312 -0.15240312 -0.15240312 -0.15240312 -0.15240312
 -0.15240312 -0.15240312 -0.15240312 -0.15240312 -0.15240312 -0.15240312
 -0.15240312 -0.15240312 -0.15240312  1.94267744 -0.15240312 -0.15240312
 -0.15240312 -0.15240312 -0.15240312 -0.15240312 -0.15240312 -0.15240312
 -0.15240312 -0.15240312 -0.15240312 -0.15240312 -0.15240312 -0.15240312
 -0.15240312 -0.15240312 -0.15240312 -0.15240312 -0.15240312 -0.15240312
 -0.15240312 -0.15240312 -0.15240312 -0.15240312 -0.15240312 -0.15240312
 -0.15240312 -0.15240312 -0.15240312 -0.15240312 -0.15240312 -0.15240312
 -0.15240312 -0.15240312 -0.15240312 -0.15240312 -0.15240312 -0.15240312
 -0.15240312 -0.15240312 -0.15240312 -0.15240312 -0.15240312 -0.15240312
  2.28218395 -0.15240312 -0.15240312 -0.15240312 -0.15240312  2.97347755
 -0.15240312 -0.15240312 -0.15240312 -0.15240312 -0.15240312 -0.15240312
 -0.15240312 -0.15240312 -0.15240312 -0.15240312 -0.15240312 -0.15240312
 -0.15240312 -0.15240312 -0.15240312 -0.15240312 -0.15240312 -0.15240312
 -0.15240312 -0.15240312 -0.15240312 -0.15240312 -0.15240312 -0.15240312
 -0.15240312 -0.15240312 -0.15240312 -0.15240312 -0.15240312 -0.15240312
 -0.15240312 -0.15240312 -0.15240312 -0.15240312 -0.15240312 -0.15240312
 -0.15240312 -0.15240312 -0.15240312 -0.15240312 -0.15240312 -0.15240312
 -0.15240312 -0.15240312 -0.15240312 -0.15240312 -0.15240312 -0.15240312
 -0.15240312 -0.15240312 -0.15240312 -0.15240312 -0.15240312 -0.15240312
 -0.15240312 -0.15240312 -0.15240312 -0.15240312 -0.15240312 -0.15240312
 -0.15240312 -0.15240312 -0.15240312 -0.15240312 -0.15240312 -0.15240312
 -0.15240312 -0.15240312 -0.15240312 -0.15240312 -0.15240312 -0.15240312
 -0.15240312 -0.15240312 -0.15240312 -0.15240312 -0.15240312 -0.15240312
 -0.15240312 -0.15240312 -0.15240312 -0.15240312 -0.15240312 -0.15240312
 -0.15240312 -0.15240312 -0.15240312 -0.15240312 -0.15240312 -0.15240312
 -0.15240312 -0.15240312 -0.15240312 -0.15240312 -0.15240312 -0.15240312
 -0.15240312 -0.15240312 -0.15240312 -0.15240312 -0.15240312 -0.15240312
 -0.15240312 -0.15240312 -0.15240312 -0.15240312 -0.15240312 -0.15240312
 -0.15240312 -0.15240312 -0.15240312 -0.15240312  6.88169882 -0.15240312
 -0.15240312 -0.15240312 -0.15240312 -0.15240312 -0.15240312 -0.15240312
 -0.15240312 -0.15240312 -0.15240312 -0.15240312 -0.15240312 -0.15240312
 -0.15240312 -0.15240312 -0.15240312 -0.15240312 -0.15240312 -0.15240312
 -0.15240312 -0.15240312 -0.15240312 -0.15240312 -0.15240312 -0.15240312
 -0.15240312 -0.15240312 -0.15240312 -0.15240312 -0.15240312 -0.15240312
 -0.15240312 -0.15240312 -0.15240312 -0.15240312 -0.15240312 -0.15240312
 -0.15240312 -0.15240312  9.64040517 -0.15240312 -0.15240312 -0.15240312
  5.92946356 -0.15240312 -0.15240312 -0.15240312 -0.15240312 -0.15240312
 -0.15240312 -0.15240312 -0.15240312 -0.15240312 -0.15240312 -0.15240312
 -0.15240312 -0.15240312 -0.15240312 -0.15240312 -0.15240312 -0.15240312
 -0.15240312  6.55126049 -0.15240312 -0.15240312 -0.15240312 -0.15240312
 -0.15240312 -0.15240312 -0.15240312 -0.15240312 -0.15240312 -0.15240312
 -0.15240312 -0.15240312 -0.15240312 -0.15240312 -0.15240312 -0.15240312
 -0.15240312 -0.15240312 -0.15240312 -0.15240312 -0.15240312 -0.15240312
 -0.15240312 -0.15240312 -0.15240312 -0.15240312 -0.15240312 -0.15240312
 -0.15240312 -0.15240312 -0.15240312 -0.15240312]",[0.012771428401782914]
6,"[-0.13227684 -0.13227684 -0.13227684 -0.13227684  0.3671545  -0.13227684
 -0.13227684 -0.13227684 -0.13227684 -0.13227684 -0.13227684 -0.13227684
 -0.13227684 -0.13227684 -0.13227684 -0.13227684 -0.13227684 -0.13227684
  5.80399421 -0.13227684 -0.13227684 -0.13227684 -0.13227684 -0.13227684
 -0.13227684 -0.13227684 -0.13227684 -0.13227684 -0.13227684 -0.13227684
 -0.13227684 -0.13227684 -0.13227684 -0.13227684 -0.13227684 -0.13227684
 -0.13227684 -0.13227684 -0.13227684 -0.13227684 -0.13227684 -0.13227684
 -0.13227684 -0.13227684 -0.13227684 -0.13227684 -0.13227684 -0.13227684
 -0.13227684 -0.13227684 -0.13227684 -0.13227684 -0.13227684 -0.13227684
 -0.13227684 -0.13227684 -0.13227684 -0.13227684  6.56433291 -0.13227684
 -0.13227684 -0.13227684 -0.13227684 -0.13227684 -0.13227684 -0.13227684
 -0.13227684 -0.13227684 -0.13227684 -0.13227684 -0.13227684 -0.13227684
 -0.13227684 -0.13227684 -0.13227684 -0.13227684 -0.13227684 -0.13227684
 -0.13227684 -0.13227684 -0.13227684 -0.13227684 -0.13227684 12.2425491
 -0.13227684 -0.13227684 -0.13227684 -0.13227684  3.00720254 -0.13227684
 -0.13227684 -0.13227684 -0.13227684 -0.13227684 -0.13227684 -0.13227684
 -0.13227684 -0.13227684 -0.13227684 -0.13227684 -0.13227684 -0.13227684
 -0.13227684 -0.13227684 -0.13227684 -0.13227684 -0.13227684 -0.13227684
 -0.13227684 -0.13227684 -0.13227684 -0.13227684 -0.13227684 -0.13227684
 -0.13227684 -0.13227684  0.61718399 -0.13227684 -0.13227684 -0.13227684
 -0.13227684 -0.13227684 -0.13227684  0.71613141 -0.13227684 -0.13227684
 -0.13227684 -0.13227684 -0.13227684 -0.13227684 -0.13227684 -0.13227684
 -0.13227684 -0.13227684 -0.13227684 -0.13227684 -0.13227684 -0.13227684
 -0.13227684 -0.13227684 -0.13227684 -0.13227684 -0.13227684 -0.13227684
 -0.13227684 -0.13227684 -0.13227684 -0.13227684 -0.13227684 -0.13227684
 -0.13227684 -0.13227684 -0.13227684 -0.13227684 -0.13227684 -0.13227684
 -0.13227684 -0.13227684 -0.13227684 -0.13227684 -0.13227684 -0.13227684
 -0.13227684 -0.13227684 -0.13227684 -0.13227684 -0.13227684 -0.13227684
 -0.13227684 -0.13227684 -0.13227684 -0.13227684 -0.13227684  2.0940604
 -0.13227684 -0.13227684 -0.13227684 -0.13227684 -0.13227684 -0.13227684
 -0.13227684 -0.13227684 -0.13227684 -0.13227684 -0.13227684 -0.13227684
 -0.13227684 -0.13227684 -0.13227684 -0.13227684 -0.13227684 -0.13227684
 -0.13227684 -0.13227684 -0.13227684 -0.13227684 -0.13227684 -0.13227684
 -0.13227684 -0.13227684 -0.13227684 -0.13227684 -0.13227684 -0.13227684
 -0.13227684 -0.13227684 -0.13227684 -0.13227684 -0.13227684 -0.13227684
  8.03172538 -0.13227684 -0.13227684 -0.13227684 -0.13227684  1.05179128
 -0.13227684 -0.13227684 -0.13227684 -0.13227684 -0.13227684 -0.13227684
 -0.13227684 -0.13227684 -0.13227684 -0.13227684 -0.13227684 -0.13227684
 -0.13227684 -0.13227684 -0.13227684 -0.13227684 -0.13227684 -0.13227684
 -0.13227684  0.02989688 -0.13227684 -0.13227684 -0.13227684 -0.13227684
 -0.13227684  6.91377014 -0.13227684 -0.13227684 -0.13227684 -0.13227684
 -0.13227684 -0.13227684 -0.13227684 -0.13227684 -0.13227684 -0.13227684
 -0.13227684 -0.13227684 -0.13227684 -0.13227684 -0.13227684 -0.13227684
 -0.13227684 -0.13227684 -0.13227684 -0.13227684 -0.13227684 -0.13227684
 -0.13227684 -0.13227684 -0.13227684 -0.13227684 -0.13227684 -0.13227684
 -0.13227684 -0.13227684 -0.13227684 -0.13227684 -0.13227684 -0.13227684
 -0.13227684 -0.13227684 -0.13227684 -0.13227684 -0.13227684 -0.13227684
 -0.13227684 -0.13227684 -0.13227684 -0.13227684 -0.13227684 -0.13227684
 -0.13227684 -0.13227684 -0.13227684 -0.13227684 -0.13227684 -0.13227684
 -0.13227684 -0.13227684 -0.13227684 -0.13227684 -0.13227684 -0.13227684
 -0.13227684 -0.13227684 -0.13227684 -0.13227684 -0.13227684 -0.13227684
 -0.13227684 -0.13227684 -0.13227684 -0.13227684 -0.13227684 -0.13227684
 -0.13227684 -0.13227684 -0.13227684 -0.13227684 -0.13227684 -0.13227684
 -0.13227684 -0.13227684 -0.13227684 -0.13227684 -0.13227684 -0.13227684
 -0.13227684 -0.13227684 -0.13227684 -0.13227684 -0.13227684 -0.13227684
 -0.13227684 -0.13227684 -0.13227684 -0.13227684 -0.13227684 -0.13227684
 -0.13227684 -0.13227684 -0.13227684 -0.13227684 -0.13227684 -0.13227684
 -0.13227684 -0.13227684 -0.13227684 -0.13227684 -0.13227684 -0.13227684
 -0.13227684 -0.13227684 -0.13227684 -0.13227684 -0.13227684 -0.13227684
 -0.13227684 -0.13227684 -0.13227684 -0.13227684 -0.13227684 -0.13227684
 -0.13227684 -0.13227684 -0.13227684 -0.13227684 -0.13227684 -0.13227684
 -0.13227684 -0.13227684 -0.13227684 -0.13227684 -0.13227684 -0.13227684
 -0.13227684 -0.13227684 -0.13227684 -0.13227684 -0.13227684 -0.13227684
 -0.13227684 -0.13227684 -0.13227684 -0.13227684 -0.13227684 -0.13227684
 -0.13227684 -0.13227684 -0.13227684 -0.13227684 -0.13227684 -0.13227684
 -0.13227684 -0.13227684 -0.13227684 -0.13227684 -0.13227684 -0.13227684
 -0.13227684 -0.13227684 -0.13227684 -0.13227684 -0.13227684 -0.13227684
 -0.13227684 -0.13227684 -0.13227684 -0.13227684 -0.13227684 -0.13227684
 -0.13227684 -0.13227684 -0.13227684 -0.13227684 -0.13227684 -0.13227684
 -0.13227684 -0.13227684 -0.13227684 -0.13227684 -0.13227684 -0.13227684
 -0.13227684 -0.13227684 -0.13227684 -0.13227684 -0.13227684 -0.13227684
 -0.13227684 -0.13227684 -0.13227684 -0.13227684 -0.13227684 -0.13227684
 -0.13227684 -0.13227684 -0.13227684 -0.13227684 -0.13227684 -0.13227684
 -0.13227684 -0.13227684 -0.13227684 -0.13227684 -0.13227684 -0.13227684
 -0.13227684 -0.13227684 -0.13227684 -0.13227684 -0.13227684 -0.13227684
 -0.13227684 -0.13227684 -0.13227684 -0.13227684 -0.13227684 -0.13227684
 -0.13227684 -0.13227684 -0.13227684 -0.13227684 -0.13227684 -0.13227684
 -0.13227684 -0.13227684 10.95343496 -0.13227684 -0.13227684 -0.13227684
 -0.13227684 -0.13227684 -0.13227684 -0.13227684 -0.13227684 -0.13227684
 -0.13227684 -0.13227684 -0.13227684 -0.13227684 -0.13227684 -0.13227684
 -0.13227684 -0.13227684 -0.13227684 -0.13227684 -0.13227684 -0.13227684
 -0.13227684  5.01606588 -0.13227684 -0.13227684 -0.13227684  3.39050849
 -0.13227684 -0.13227684 -0.13227684 -0.13227684 -0.13227684 -0.13227684
 -0.13227684 -0.13227684 -0.13227684 -0.13227684 -0.13227684 -0.13227684
 -0.13227684 -0.13227684 -0.13227684 -0.13227684 -0.13227684 -0.13227684
 -0.13227684 -0.13227684 -0.13227684 -0.13227684 -0.13227684 -0.13227684
 -0.13227684 -0.13227684 -0.13227684 -0.13227684]",[-0.028824371703651402]
6,"[-0.19462057 -0.19462057 -0.19462057 -0.19462057 -0.19462057 -0.19462057
 -0.19462057 -0.19462057 -0.19462057 -0.19462057 -0.19462057 -0.19462057
 -0.19462057 -0.19462057 -0.19462057 -0.19462057 -0.19462057 -0.19462057
  1.86352671 -0.19462057 -0.19462057 -0.19462057 -0.19462057 -0.19462057
 -0.19462057 -0.19462057 -0.19462057 -0.19462057 -0.19462057 -0.19462057
 -0.19462057 -0.19462057 -0.19462057 -0.19462057 -0.19462057 -0.19462057
 -0.19462057 -0.19462057 -0.19462057 -0.19462057 -0.19462057 -0.19462057
 -0.19462057 -0.19462057 -0.19462057 -0.19462057 -0.19462057 -0.19462057
 -0.19462057 -0.19462057 -0.19462057 -0.19462057 -0.19462057 -0.19462057
 -0.19462057 -0.19462057 -0.19462057 -0.19462057 -0.19462057 -0.19462057
 -0.19462057 -0.19462057 -0.19462057 -0.19462057 -0.19462057 -0.19462057
 -0.19462057 -0.19462057 -0.19462057 -0.19462057 -0.19462057 -0.19462057
 -0.19462057 -0.19462057 -0.19462057 -0.19462057 -0.19462057 -0.19462057
 -0.19462057 -0.19462057 -0.19462057 -0.19462057 -0.19462057  8.1975176
 -0.19462057 -0.19462057 -0.19462057 -0.19462057 -0.19462057 -0.19462057
 -0.19462057 -0.19462057 -0.19462057 -0.19462057 -0.19462057 -0.19462057
 -0.19462057 -0.19462057 -0.19462057 -0.19462057 -0.19462057 -0.19462057
 -0.19462057 -0.19462057 -0.19462057 -0.19462057 -0.19462057 -0.19462057
 -0.19462057 -0.19462057  0.71277008 -0.19462057 -0.19462057 -0.19462057
  6.32039042 -0.19462057 -0.19462057 -0.19462057 -0.19462057 -0.19462057
 -0.19462057 -0.19462057 -0.19462057 -0.19462057  6.14003436 -0.19462057
 -0.19462057 -0.19462057 -0.19462057 -0.19462057 -0.19462057 -0.19462057
 -0.19462057 -0.19462057 -0.19462057 -0.19462057 -0.19462057 -0.19462057
 -0.19462057 -0.19462057 -0.19462057 -0.19462057 -0.19462057 -0.19462057
 -0.19462057 -0.19462057 -0.19462057 -0.19462057 -0.19462057 -0.19462057
 -0.19462057 -0.19462057 -0.19462057 -0.19462057 -0.19462057 -0.19462057
 -0.19462057 -0.19462057 -0.19462057 -0.19462057 -0.19462057 -0.19462057
 -0.19462057 -0.19462057 -0.19462057 -0.19462057 -0.19462057 -0.19462057
 -0.19462057 -0.19462057 -0.19462057 -0.19462057 -0.19462057 -0.19462057
 -0.19462057 -0.19462057 -0.19462057 -0.19462057 -0.19462057 -0.19462057
 -0.19462057 -0.19462057 -0.19462057 -0.19462057 -0.19462057 -0.19462057
  1.32310087 -0.19462057 -0.19462057 -0.19462057 -0.19462057 -0.19462057
 -0.19462057 -0.19462057 -0.19462057 -0.19462057 -0.19462057 -0.19462057
 -0.19462057 -0.19462057  3.19416204 -0.19462057 -0.19462057  4.2797428
 -0.19462057 -0.19462057 -0.19462057 -0.19462057 -0.19462057 -0.19462057
  5.88376286 -0.19462057 -0.19462057 -0.19462057 -0.19462057  7.18307507
 -0.19462057 -0.19462057 -0.19462057 -0.19462057 -0.19462057 -0.19462057
 -0.19462057 -0.19462057 -0.19462057 -0.19462057 -0.19462057 -0.19462057
 -0.19462057 -0.19462057 -0.19462057 -0.19462057 -0.19462057 -0.19462057
 -0.19462057  4.68783212 -0.19462057  3.1865601  -0.19462057 -0.19462057
  4.13554842  1.5702544  -0.19462057 -0.19462057 -0.19462057 -0.19462057
 -0.19462057 -0.19462057 -0.19462057 -0.19462057 -0.19462057 -0.19462057
 -0.19462057 -0.19462057 -0.19462057  6.26591831  4.09010807 -0.19462057
 -0.19462057 -0.19462057 -0.19462057  4.95152021 -0.19462057  0.96134354
 -0.19462057 -0.19462057 -0.19462057 -0.19462057 -0.19462057 -0.19462057
 -0.19462057 -0.19462057 -0.19462057 -0.19462057 -0.19462057 -0.19462057
 -0.19462057 -0.19462057 -0.19462057 -0.19462057 -0.19462057 -0.19462057
 -0.19462057 -0.19462057 -0.19462057 -0.19462057 -0.19462057  1.2995148
 -0.19462057 -0.19462057 -0.19462057 -0.19462057 -0.19462057 -0.19462057
 -0.19462057 -0.19462057 -0.19462057 -0.19462057 -0.19462057 -0.19462057
 -0.19462057 -0.19462057 -0.19462057 -0.19462057 -0.19462057 -0.19462057
 -0.19462057 -0.19462057  1.70080654 -0.19462057 -0.19462057  3.16105326
 -0.19462057  0.76076288 -0.19462057 -0.19462057 -0.19462057 -0.19462057
 -0.19462057 -0.19462057 -0.19462057 -0.19462057 -0.19462057 -0.19462057
 -0.19462057 -0.19462057 -0.19462057 -0.19462057 -0.19462057 -0.19462057
 -0.19462057 -0.19462057 -0.19462057 -0.19462057 -0.19462057 -0.19462057
 -0.19462057 -0.19462057 -0.19462057 -0.19462057 -0.19462057 -0.19462057
 -0.19462057 -0.19462057 -0.19462057 -0.19462057 -0.19462057 -0.19462057
 -0.19462057 -0.19462057 -0.19462057 -0.19462057 -0.19462057 -0.19462057
 -0.19462057 -0.19462057 -0.19462057 -0.19462057 -0.19462057 -0.19462057
 -0.19462057 -0.19462057 -0.19462057 -0.19462057 -0.19462057 -0.19462057
 -0.19462057 -0.19462057 -0.19462057 -0.19462057 -0.19462057 -0.19462057
 -0.19462057 -0.19462057 -0.19462057 -0.19462057 -0.19462057 -0.19462057
 -0.19462057 -0.19462057 -0.19462057 -0.19462057 -0.19462057 -0.19462057
 -0.19462057 -0.19462057 -0.19462057 -0.19462057 -0.19462057 -0.19462057
 -0.19462057 -0.19462057 -0.19462057 -0.19462057 -0.19462057 -0.19462057
 -0.19462057 -0.19462057 -0.19462057 -0.19462057 -0.19462057 -0.19462057
 -0.19462057 -0.19462057 -0.19462057 -0.19462057 -0.19462057 -0.19462057
 -0.19462057 -0.19462057 -0.19462057 -0.19462057 -0.19462057 -0.19462057
 -0.19462057 -0.19462057 -0.19462057 -0.19462057 -0.19462057 -0.19462057
 -0.19462057 -0.19462057 -0.19462057 -0.19462057 -0.19462057 -0.19462057
 -0.19462057 -0.19462057 -0.19462057 -0.19462057 -0.19462057 -0.19462057
 -0.19462057 -0.19462057 -0.19462057 -0.19462057 -0.19462057 -0.19462057
 -0.19462057 -0.19462057 -0.19462057 -0.19462057 -0.19462057 -0.19462057
 -0.19462057 -0.19462057 -0.19462057 -0.19462057 -0.19462057 -0.19462057
  1.3906145  -0.19462057 -0.19462057 -0.19462057 -0.19462057 -0.19462057
 -0.19462057 -0.19462057 -0.19462057 -0.19462057 -0.19462057 -0.19462057
 -0.19462057 -0.19462057  6.86583447 -0.19462057 -0.19462057 -0.19462057
 -0.19462057 -0.19462057 -0.19462057 -0.19462057 -0.19462057 -0.19462057
 -0.19462057 -0.19462057 -0.19462057 -0.19462057 -0.19462057 -0.19462057
 -0.19462057 -0.19462057 -0.19462057 -0.19462057 -0.19462057 -0.19462057
 -0.19462057  6.21142844 -0.19462057 -0.19462057 -0.19462057 -0.19462057
 -0.19462057 -0.19462057 -0.19462057 -0.19462057 -0.19462057 -0.19462057
 -0.19462057 -0.19462057 -0.19462057 -0.19462057 -0.19462057 -0.19462057
 -0.19462057 -0.19462057 -0.19462057 -0.19462057 -0.19462057 -0.19462057
 -0.19462057 -0.19462057 -0.19462057 -0.19462057 -0.19462057 -0.19462057
 -0.19462057 -0.19462057 -0.19462057 -0.19462057]",[-0.03359634944151818]
6,"[-0.17454901 -0.17454901 -0.17454901 -0.17454901 -0.10679772 -0.17454901
 -0.17454901 -0.17454901 -0.17454901 -0.17454901 -0.17454901 -0.17454901
 -0.17454901 -0.17454901 -0.17454901 -0.17454901 -0.17454901 -0.17454901
  4.5039133  -0.17454901 -0.17454901 -0.17454901 -0.17454901 -0.17454901
 -0.17454901 -0.17454901 -0.17454901 -0.17454901 -0.17454901 -0.17454901
 -0.17454901 -0.17454901 -0.17454901 -0.17454901 -0.17454901 -0.17454901
 -0.17454901 -0.17454901 -0.17454901 -0.17454901 -0.17454901 -0.17454901
 -0.17454901 -0.17454901 -0.17454901 -0.17454901 -0.17454901 -0.17454901
 -0.17454901 -0.17454901 -0.17454901 -0.17454901 -0.17454901 -0.17454901
 -0.17454901 -0.17454901 -0.17454901 -0.17454901  4.75876394 -0.17454901
 -0.17454901 -0.17454901 -0.17454901 -0.17454901 -0.17454901 -0.17454901
 -0.17454901 -0.17454901 -0.17454901 -0.17454901 -0.17454901 -0.17454901
 -0.17454901 -0.17454901 -0.17454901 -0.17454901 -0.17454901 -0.17454901
 -0.17454901 -0.17454901 -0.17454901 -0.17454901 -0.17454901  9.12690487
 -0.17454901 -0.17454901 -0.17454901 -0.17454901  1.04824584 -0.17454901
 -0.17454901 -0.17454901 -0.17454901 -0.17454901 -0.17454901 -0.17454901
 -0.17454901 -0.17454901 -0.17454901 -0.17454901 -0.17454901 -0.17454901
 -0.17454901 -0.17454901 -0.17454901 -0.17454901 -0.17454901 -0.17454901
 -0.17454901 -0.17454901  0.35923301 -0.17454901 -0.17454901 -0.17454901
 -0.17454901 -0.17454901 -0.17454901 -0.17454901 -0.17454901 -0.17454901
 -0.17454901 -0.17454901 -0.17454901 -0.17454901  1.71159675 -0.17454901
 -0.17454901 -0.17454901 -0.17454901 -0.17454901 -0.17454901 -0.17454901
 -0.17454901 -0.17454901 -0.17454901 -0.17454901 -0.17454901 -0.17454901
 -0.17454901 -0.17454901 -0.17454901 -0.17454901 -0.17454901 -0.17454901
 -0.17454901 -0.17454901 -0.17454901 -0.17454901 -0.17454901 -0.17454901
 -0.17454901 -0.17454901 -0.17454901 -0.17454901 -0.17454901 -0.17454901
 -0.17454901 -0.17454901 -0.17454901 -0.17454901 -0.17454901 -0.17454901
 -0.17454901 -0.17454901 -0.17454901 -0.17454901 -0.17454901 -0.17454901
 -0.17454901 -0.17454901 -0.17454901 -0.17454901 -0.17454901  4.50956994
 -0.17454901 -0.17454901 -0.17454901 -0.17454901 -0.17454901 -0.17454901
 -0.17454901 -0.17454901 -0.17454901 -0.17454901 -0.17454901 -0.17454901
  3.92432771 -0.17454901 -0.17454901 -0.17454901 -0.17454901 -0.17454901
 -0.17454901 -0.17454901  5.61156447 -0.17454901 -0.17454901 -0.17454901
  4.81519348 -0.17454901  3.00663084 -0.17454901 -0.17454901 -0.17454901
 -0.17454901 -0.17454901 -0.17454901 -0.17454901 -0.17454901 -0.17454901
  7.02768272 -0.17454901 -0.17454901 -0.17454901 -0.17454901 -0.17454901
 -0.17454901 -0.17454901 -0.17454901 -0.17454901 -0.17454901 -0.17454901
 -0.17454901 -0.17454901 -0.17454901 -0.17454901 -0.17454901 -0.17454901
 -0.17454901 -0.17454901 -0.17454901 -0.17454901 -0.17454901 -0.17454901
 -0.17454901 -0.17454901 -0.17454901 -0.17454901 -0.17454901 -0.17454901
  0.48466422 -0.17454901 -0.17454901 -0.17454901 -0.17454901 -0.17454901
 -0.17454901 -0.17454901 -0.17454901 -0.17454901 -0.17454901 -0.17454901
 -0.17454901 -0.17454901 -0.17454901 -0.17454901 -0.17454901 -0.17454901
 -0.17454901 -0.17454901 -0.17454901  7.22239882 -0.17454901 -0.17454901
 -0.17454901 -0.17454901 -0.17454901 -0.17454901 -0.17454901 -0.17454901
 -0.17454901 -0.17454901  1.66841999 -0.17454901 -0.17454901 -0.17454901
 -0.17454901 -0.17454901 -0.17454901 -0.17454901 -0.17454901 -0.17454901
 -0.17454901 -0.17454901 -0.17454901 -0.17454901 -0.17454901 -0.17454901
 -0.17454901 -0.17454901 -0.17454901 -0.17454901 -0.17454901 -0.17454901
 -0.17454901 -0.17454901 -0.17454901 -0.17454901 -0.17454901 -0.17454901
 -0.17454901 -0.17454901 -0.17454901 -0.17454901 -0.17454901 -0.17454901
 -0.17454901 -0.17454901 -0.17454901 -0.17454901 -0.17454901  7.81484368
 -0.17454901 -0.17454901 -0.17454901 -0.17454901 -0.17454901 -0.17454901
 -0.17454901 -0.17454901 -0.17454901 -0.17454901 -0.17454901 -0.17454901
 -0.17454901 -0.17454901 -0.17454901 -0.17454901 -0.17454901 -0.17454901
 -0.17454901 -0.17454901 -0.17454901 -0.17454901 -0.17454901 -0.17454901
 -0.17454901 -0.17454901 -0.17454901 -0.17454901 -0.17454901 -0.17454901
 -0.17454901 -0.17454901 -0.17454901 -0.17454901 -0.17454901 -0.17454901
 -0.17454901 -0.17454901 -0.17454901 -0.17454901 -0.17454901 -0.17454901
 -0.17454901 -0.17454901 -0.17454901 -0.17454901 -0.17454901 -0.17454901
 -0.17454901 -0.17454901 -0.17454901 -0.17454901 -0.17454901 -0.17454901
 -0.17454901 -0.17454901 -0.17454901 -0.17454901 -0.17454901 -0.17454901
 -0.17454901 -0.17454901 -0.17454901 -0.17454901 -0.17454901 -0.17454901
 -0.17454901 -0.17454901 -0.17454901 -0.17454901 -0.17454901 -0.17454901
 -0.17454901 -0.17454901 -0.17454901 -0.17454901 -0.17454901 -0.17454901
 -0.17454901 -0.17454901 -0.17454901 -0.17454901 -0.17454901 -0.17454901
 -0.17454901 -0.17454901 -0.17454901 -0.17454901 -0.17454901 -0.17454901
 -0.17454901 -0.17454901 -0.17454901 -0.17454901 -0.17454901 -0.17454901
 -0.17454901 -0.17454901 -0.17454901 -0.17454901 -0.17454901 -0.17454901
 -0.17454901 -0.17454901 -0.17454901 -0.17454901 -0.17454901 -0.17454901
 -0.17454901 -0.17454901 -0.17454901 -0.17454901  3.21411356 -0.17454901
 -0.17454901 -0.17454901 -0.17454901 -0.17454901 -0.17454901 -0.17454901
 -0.17454901 -0.17454901 -0.17454901 -0.17454901 -0.17454901 -0.17454901
 -0.17454901 -0.17454901 -0.17454901 -0.17454901 -0.17454901 -0.17454901
 -0.17454901 -0.17454901 -0.17454901 -0.17454901 -0.17454901 -0.17454901
 -0.17454901 -0.17454901 -0.17454901 -0.17454901 -0.17454901 -0.17454901
 -0.17454901 -0.17454901 -0.17454901 -0.17454901 -0.17454901 -0.17454901
 -0.17454901 -0.17454901  7.89408712 -0.17454901  5.78226088 -0.17454901
 -0.17454901 -0.17454901 -0.17454901 -0.17454901 -0.17454901 -0.17454901
 -0.17454901 -0.17454901 -0.17454901 -0.17454901 -0.17454901 -0.17454901
 -0.17454901 -0.17454901 -0.17454901 -0.17454901 -0.17454901 -0.17454901
 -0.17454901  1.3279678  -0.17454901 -0.17454901 -0.17454901 -0.17454901
 -0.17454901 -0.17454901 -0.17454901 -0.17454901 -0.17454901 -0.17454901
 -0.17454901 -0.17454901 -0.17454901 -0.17454901 -0.17454901 -0.17454901
 -0.17454901 -0.17454901 -0.17454901 -0.17454901 -0.17454901 -0.17454901
 -0.17454901 -0.17454901 -0.17454901 -0.17454901 -0.17454901 -0.17454901
 -0.17454901 -0.17454901  1.21982107 -0.17454901]",[0.07158579964828986]
6,"[-1.75364155e-01 -1.75364155e-01 -1.75364155e-01 -1.75364155e-01
 -1.75364155e-01 -1.75364155e-01 -1.75364155e-01 -1.75364155e-01
 -1.75364155e-01 -1.75364155e-01 -1.75364155e-01 -1.75364155e-01
 -1.75364155e-01 -1.75364155e-01 -1.75364155e-01 -1.75364155e-01
 -1.75364155e-01 -1.75364155e-01  1.99762547e+00 -1.75364155e-01
 -1.75364155e-01 -1.75364155e-01 -1.75364155e-01 -1.75364155e-01
 -1.75364155e-01 -1.75364155e-01 -1.75364155e-01 -1.75364155e-01
 -1.75364155e-01 -1.75364155e-01 -1.75364155e-01 -1.75364155e-01
 -1.75364155e-01 -1.75364155e-01 -1.75364155e-01 -1.75364155e-01
 -1.75364155e-01 -1.75364155e-01 -1.75364155e-01 -1.75364155e-01
 -1.75364155e-01 -1.75364155e-01 -1.75364155e-01 -1.75364155e-01
 -1.75364155e-01 -1.75364155e-01 -1.75364155e-01 -1.75364155e-01
 -1.75364155e-01 -1.75364155e-01 -1.75364155e-01 -1.75364155e-01
 -1.75364155e-01 -1.75364155e-01 -1.75364155e-01 -1.75364155e-01
 -1.75364155e-01 -1.75364155e-01 -1.75364155e-01 -1.75364155e-01
 -1.75364155e-01 -1.75364155e-01 -1.75364155e-01 -1.75364155e-01
 -1.75364155e-01 -1.75364155e-01 -1.75364155e-01 -1.75364155e-01
 -1.75364155e-01 -1.75364155e-01 -1.75364155e-01 -1.75364155e-01
 -1.75364155e-01 -1.75364155e-01 -1.75364155e-01 -1.75364155e-01
 -1.75364155e-01 -1.75364155e-01 -1.75364155e-01 -1.75364155e-01
 -1.75364155e-01 -1.75364155e-01 -1.75364155e-01  8.95600437e+00
 -1.75364155e-01 -1.75364155e-01 -1.75364155e-01 -1.75364155e-01
 -1.75364155e-01 -1.75364155e-01 -1.75364155e-01 -1.75364155e-01
 -1.75364155e-01 -1.75364155e-01 -1.75364155e-01 -1.75364155e-01
 -1.75364155e-01 -1.75364155e-01 -1.75364155e-01 -1.75364155e-01
 -1.75364155e-01 -1.75364155e-01 -1.75364155e-01 -1.75364155e-01
 -1.75364155e-01 -1.75364155e-01 -1.75364155e-01 -1.75364155e-01
 -1.75364155e-01 -1.75364155e-01 -1.75364155e-01 -1.75364155e-01
 -1.75364155e-01 -1.75364155e-01  4.59303052e+00 -1.75364155e-01
 -1.75364155e-01 -1.75364155e-01 -1.75364155e-01 -1.75364155e-01
 -1.75364155e-01 -1.75364155e-01 -1.75364155e-01 -1.75364155e-01
  3.69560785e+00 -1.75364155e-01 -1.75364155e-01 -1.75364155e-01
 -1.75364155e-01 -1.75364155e-01 -1.75364155e-01 -1.75364155e-01
 -1.75364155e-01 -1.75364155e-01 -1.75364155e-01 -1.75364155e-01
 -1.75364155e-01 -1.75364155e-01 -1.75364155e-01 -1.75364155e-01
 -1.75364155e-01 -1.75364155e-01 -1.75364155e-01 -1.75364155e-01
 -1.75364155e-01 -1.75364155e-01 -1.75364155e-01 -1.75364155e-01
 -1.75364155e-01 -1.75364155e-01 -1.75364155e-01 -1.75364155e-01
 -1.75364155e-01 -1.75364155e-01 -1.75364155e-01 -1.75364155e-01
 -1.75364155e-01 -1.75364155e-01 -1.75364155e-01 -1.75364155e-01
 -1.75364155e-01 -1.75364155e-01 -1.75364155e-01 -1.75364155e-01
 -1.75364155e-01 -1.75364155e-01 -1.75364155e-01 -1.75364155e-01
 -1.75364155e-01 -1.75364155e-01 -1.75364155e-01 -1.75364155e-01
 -1.75364155e-01  1.34394744e+00 -1.75364155e-01 -1.75364155e-01
 -1.75364155e-01 -1.75364155e-01 -1.75364155e-01 -1.75364155e-01
 -1.75364155e-01 -1.75364155e-01 -1.75364155e-01 -1.75364155e-01
 -1.75364155e-01 -1.75364155e-01 -1.75364155e-01 -1.75364155e-01
 -1.75364155e-01 -1.75364155e-01 -1.75364155e-01 -1.75364155e-01
 -1.75364155e-01 -1.75364155e-01 -1.75364155e-01 -1.75364155e-01
 -1.75364155e-01 -1.75364155e-01 -1.75364155e-01 -1.75364155e-01
  4.12150844e+00 -1.75364155e-01 -1.75364155e-01  3.45895429e+00
 -1.75364155e-01 -1.75364155e-01 -1.75364155e-01 -1.75364155e-01
 -1.75364155e-01 -1.75364155e-01  2.83825261e+00 -1.75364155e-01
 -1.75364155e-01 -1.75364155e-01 -1.75364155e-01  6.41054766e+00
 -1.75364155e-01 -1.75364155e-01 -1.75364155e-01 -1.75364155e-01
 -1.75364155e-01 -1.75364155e-01 -1.75364155e-01 -1.75364155e-01
 -1.75364155e-01 -1.75364155e-01 -1.75364155e-01 -1.75364155e-01
 -1.75364155e-01 -1.75364155e-01 -1.75364155e-01 -1.75364155e-01
 -1.75364155e-01 -1.75364155e-01 -1.75364155e-01  5.59315415e+00
 -1.75364155e-01  1.05794178e+00 -1.75364155e-01 -1.75364155e-01
  1.45267625e+00 -1.75364155e-01 -1.75364155e-01 -1.75364155e-01
 -1.75364155e-01 -1.75364155e-01 -1.75364155e-01 -1.75364155e-01
 -1.75364155e-01 -1.75364155e-01 -1.75364155e-01 -1.75364155e-01
 -1.75364155e-01 -1.75364155e-01 -1.75364155e-01  7.77927037e+00
  1.84390498e+00 -1.75364155e-01 -1.75364155e-01 -1.75364155e-01
 -1.75364155e-01  3.29582320e+00 -1.75364155e-01  7.35189546e-03
 -1.75364155e-01 -1.75364155e-01 -1.75364155e-01 -1.75364155e-01
 -1.75364155e-01 -1.75364155e-01 -1.75364155e-01 -1.75364155e-01
 -1.75364155e-01 -1.75364155e-01 -1.75364155e-01 -1.75364155e-01
 -1.75364155e-01 -1.75364155e-01 -1.75364155e-01 -1.75364155e-01
 -1.75364155e-01 -1.75364155e-01 -1.75364155e-01 -1.75364155e-01
 -1.75364155e-01 -1.75364155e-01 -1.75364155e-01  1.42024735e+00
 -1.75364155e-01 -1.75364155e-01 -1.75364155e-01 -1.75364155e-01
 -1.75364155e-01 -1.75364155e-01 -1.75364155e-01 -1.75364155e-01
 -1.75364155e-01 -1.75364155e-01 -1.75364155e-01 -1.75364155e-01
 -1.75364155e-01 -1.75364155e-01 -1.75364155e-01 -1.75364155e-01
 -1.75364155e-01 -1.75364155e-01 -1.75364155e-01 -1.75364155e-01
 -1.75364155e-01 -1.75364155e-01 -1.75364155e-01  5.66138174e+00
 -1.75364155e-01 -1.75364155e-01 -1.75364155e-01 -1.75364155e-01
 -1.75364155e-01 -1.75364155e-01 -1.75364155e-01 -1.75364155e-01
 -1.75364155e-01 -1.75364155e-01 -1.75364155e-01 -1.75364155e-01
 -1.75364155e-01 -1.75364155e-01 -1.75364155e-01 -1.75364155e-01
 -1.75364155e-01 -1.75364155e-01 -1.75364155e-01 -1.75364155e-01
 -1.75364155e-01 -1.75364155e-01 -1.75364155e-01 -1.75364155e-01
 -1.75364155e-01 -1.75364155e-01 -1.75364155e-01 -1.75364155e-01
 -1.75364155e-01 -1.75364155e-01 -1.75364155e-01 -1.75364155e-01
 -1.75364155e-01 -1.75364155e-01 -1.75364155e-01 -1.75364155e-01
 -1.75364155e-01 -1.75364155e-01 -1.75364155e-01 -1.75364155e-01
 -1.75364155e-01 -1.75364155e-01 -1.75364155e-01 -1.75364155e-01
 -1.75364155e-01 -1.75364155e-01 -1.75364155e-01 -1.75364155e-01
 -1.75364155e-01 -1.75364155e-01 -1.75364155e-01 -1.75364155e-01
 -1.75364155e-01 -1.75364155e-01 -1.75364155e-01 -1.75364155e-01
 -1.75364155e-01 -1.75364155e-01 -1.75364155e-01 -1.75364155e-01
 -1.75364155e-01 -1.75364155e-01 -1.75364155e-01 -1.75364155e-01
 -1.75364155e-01 -1.75364155e-01 -1.75364155e-01 -1.75364155e-01
 -1.75364155e-01 -1.75364155e-01 -1.75364155e-01 -1.75364155e-01
 -1.75364155e-01 -1.75364155e-01 -1.75364155e-01 -1.75364155e-01
 -1.75364155e-01 -1.75364155e-01 -1.75364155e-01 -1.75364155e-01
 -1.75364155e-01 -1.75364155e-01 -1.75364155e-01 -1.75364155e-01
 -1.75364155e-01 -1.75364155e-01 -1.75364155e-01 -1.75364155e-01
 -1.75364155e-01 -1.75364155e-01 -1.75364155e-01 -1.75364155e-01
 -1.75364155e-01 -1.75364155e-01 -1.75364155e-01 -1.75364155e-01
 -1.75364155e-01 -1.75364155e-01 -1.75364155e-01 -1.75364155e-01
 -1.75364155e-01 -1.75364155e-01 -1.75364155e-01 -1.75364155e-01
 -1.75364155e-01 -1.75364155e-01 -1.75364155e-01 -1.75364155e-01
 -1.75364155e-01 -1.75364155e-01 -1.75364155e-01 -1.75364155e-01
 -1.75364155e-01 -1.75364155e-01 -1.75364155e-01 -1.75364155e-01
 -1.75364155e-01 -1.75364155e-01 -1.75364155e-01 -1.75364155e-01
 -1.75364155e-01 -1.75364155e-01 -1.75364155e-01 -1.75364155e-01
 -1.75364155e-01 -1.75364155e-01 -1.75364155e-01 -1.75364155e-01
 -1.75364155e-01 -1.75364155e-01 -1.75364155e-01 -1.75364155e-01
 -1.75364155e-01 -1.75364155e-01 -1.75364155e-01 -1.75364155e-01
 -1.75364155e-01 -1.75364155e-01 -1.75364155e-01 -1.75364155e-01
 -1.75364155e-01 -1.75364155e-01 -1.75364155e-01 -1.75364155e-01
 -1.75364155e-01 -1.75364155e-01 -1.75364155e-01 -1.75364155e-01
 -1.75364155e-01 -1.75364155e-01 -1.75364155e-01 -1.75364155e-01
  7.74507917e+00 -1.75364155e-01 -1.75364155e-01 -1.75364155e-01
  7.87091086e+00 -1.75364155e-01 -1.75364155e-01 -1.75364155e-01
 -1.75364155e-01 -1.75364155e-01 -1.75364155e-01 -1.75364155e-01
 -1.75364155e-01 -1.75364155e-01 -1.75364155e-01 -1.75364155e-01
 -1.75364155e-01 -1.75364155e-01 -1.75364155e-01 -1.75364155e-01
 -1.75364155e-01 -1.75364155e-01 -1.75364155e-01  6.36349314e+00
 -1.75364155e-01 -1.75364155e-01 -1.75364155e-01 -1.75364155e-01
 -1.75364155e-01 -1.75364155e-01 -1.75364155e-01 -1.75364155e-01
 -1.75364155e-01 -1.75364155e-01 -1.75364155e-01 -1.75364155e-01
 -1.75364155e-01 -1.75364155e-01 -1.75364155e-01 -1.75364155e-01
 -1.75364155e-01 -1.75364155e-01 -1.75364155e-01 -1.75364155e-01
 -1.75364155e-01 -1.75364155e-01 -1.75364155e-01 -1.75364155e-01
 -1.75364155e-01 -1.75364155e-01 -1.75364155e-01 -1.75364155e-01
 -1.75364155e-01 -1.75364155e-01 -1.75364155e-01 -1.75364155e-01]",[-0.046820059621445725]
6,"[-0.15085351 -0.15085351 -0.15085351 -0.15085351 -0.15085351 -0.15085351
 -0.15085351 -0.15085351 -0.15085351 -0.15085351 -0.15085351 -0.15085351
 -0.15085351 -0.15085351 -0.15085351 -0.15085351 -0.15085351 -0.15085351
  1.64028189 -0.15085351 -0.15085351 -0.15085351 -0.15085351 -0.15085351
 -0.15085351 -0.15085351 -0.15085351 -0.15085351 -0.15085351 -0.15085351
 -0.15085351 -0.15085351 -0.15085351 -0.15085351 -0.15085351 -0.15085351
 -0.15085351 -0.15085351 -0.15085351 -0.15085351 -0.15085351 -0.15085351
 -0.15085351 -0.15085351 -0.15085351 -0.15085351 -0.15085351 -0.15085351
 -0.15085351 -0.15085351 -0.15085351 -0.15085351 -0.15085351 -0.15085351
 -0.15085351 -0.15085351 -0.15085351 -0.15085351 -0.15085351 -0.15085351
 -0.15085351 -0.15085351 -0.15085351 -0.15085351 -0.15085351 -0.15085351
 -0.15085351 -0.15085351 -0.15085351 -0.15085351 -0.15085351 -0.15085351
 -0.15085351 -0.15085351 -0.15085351 -0.15085351 -0.15085351 -0.15085351
 -0.15085351 -0.15085351 -0.15085351 -0.15085351 -0.15085351  9.82353393
 -0.15085351  3.32011994 -0.15085351 -0.15085351  1.47570463 -0.15085351
 -0.15085351 -0.15085351 -0.15085351 -0.15085351 -0.15085351 -0.15085351
 -0.15085351 -0.15085351 -0.15085351 -0.15085351 -0.15085351 -0.15085351
 -0.15085351 -0.15085351 -0.15085351 -0.15085351  0.17615931 -0.15085351
 -0.15085351 -0.15085351  8.65372163 -0.15085351 -0.15085351 -0.15085351
 -0.15085351 -0.15085351 -0.15085351 -0.15085351 -0.15085351 -0.15085351
 -0.15085351 -0.15085351 -0.15085351  0.27519664 -0.15085351 -0.15085351
 -0.15085351 -0.15085351 -0.15085351 -0.15085351 -0.15085351 -0.15085351
 -0.15085351 -0.15085351 -0.15085351 -0.15085351 -0.15085351 -0.15085351
 -0.15085351 -0.15085351 -0.15085351 -0.15085351 -0.15085351 -0.15085351
 -0.15085351 -0.15085351 -0.15085351 -0.15085351 -0.15085351 -0.15085351
 -0.15085351 -0.15085351 -0.15085351 -0.15085351 -0.15085351 -0.15085351
 -0.15085351 -0.15085351 -0.15085351 -0.15085351 -0.15085351 -0.15085351
 -0.15085351  0.21566348 -0.15085351 -0.15085351 -0.15085351 -0.15085351
 -0.15085351 -0.15085351 -0.15085351 -0.15085351 -0.15085351 -0.15085351
 -0.15085351 -0.15085351 -0.15085351 -0.15085351 -0.15085351 -0.15085351
 -0.15085351 -0.15085351 -0.15085351 -0.15085351 -0.15085351 -0.15085351
 -0.15085351 -0.15085351 -0.15085351 -0.15085351 -0.15085351 -0.15085351
 -0.15085351 -0.15085351 -0.15085351 -0.15085351 -0.15085351 -0.15085351
 -0.15085351 -0.15085351  4.93545029 -0.15085351 -0.15085351 -0.15085351
 -0.15085351 -0.15085351 -0.15085351 -0.15085351 -0.15085351 -0.15085351
  2.45237658 -0.15085351 -0.15085351 -0.15085351 -0.15085351 -0.15085351
 -0.15085351 -0.15085351  0.9098694  -0.15085351 -0.15085351 -0.15085351
 -0.15085351 -0.15085351 -0.15085351 -0.15085351 -0.15085351 -0.15085351
 -0.15085351 -0.15085351 -0.15085351 -0.15085351 -0.15085351 -0.15085351
 -0.15085351  1.1286219  -0.15085351 -0.15085351 -0.15085351 -0.15085351
 -0.15085351 -0.15085351 -0.15085351 -0.15085351 -0.15085351 -0.15085351
 -0.15085351 -0.15085351 -0.15085351 -0.15085351 -0.15085351 -0.15085351
 -0.15085351 -0.15085351 -0.15085351 -0.15085351 -0.15085351 -0.15085351
 -0.15085351 -0.15085351 -0.15085351 -0.15085351 -0.15085351 -0.15085351
 -0.15085351 -0.15085351 -0.15085351 -0.15085351 -0.15085351 -0.15085351
 -0.15085351 -0.15085351 -0.15085351 -0.15085351 -0.15085351 -0.15085351
 -0.15085351 -0.15085351 -0.15085351 -0.15085351 -0.15085351 -0.15085351
 -0.15085351 -0.15085351 -0.15085351 -0.15085351 -0.15085351 -0.15085351
 -0.15085351 -0.15085351 -0.15085351 -0.15085351 -0.15085351 -0.15085351
 -0.15085351 -0.15085351 -0.15085351 -0.15085351 -0.15085351 -0.15085351
 -0.15085351 -0.15085351 -0.15085351 -0.15085351 -0.15085351 -0.15085351
  9.29199035 -0.15085351 -0.15085351 -0.15085351 -0.15085351  6.21585205
 -0.15085351 -0.15085351 -0.15085351 -0.15085351 -0.15085351 -0.15085351
 -0.15085351 -0.15085351 -0.15085351 -0.15085351 -0.15085351 -0.15085351
 -0.15085351 -0.15085351 -0.15085351 -0.15085351 -0.15085351 -0.15085351
 -0.15085351 -0.15085351 -0.15085351 -0.15085351 -0.15085351 -0.15085351
 -0.15085351 -0.15085351 -0.15085351 -0.15085351 -0.15085351 -0.15085351
 -0.15085351 -0.15085351 -0.15085351 -0.15085351 -0.15085351 -0.15085351
 -0.15085351 -0.15085351 -0.15085351 -0.15085351 -0.15085351 -0.15085351
 -0.15085351 -0.15085351 -0.15085351 -0.15085351 -0.15085351 -0.15085351
 -0.15085351 -0.15085351 -0.15085351 -0.15085351 -0.15085351 -0.15085351
 -0.15085351 -0.15085351 -0.15085351 -0.15085351 -0.15085351 -0.15085351
 -0.15085351 -0.15085351 -0.15085351 -0.15085351 -0.15085351 -0.15085351
 -0.15085351 -0.15085351 -0.15085351 -0.15085351 -0.15085351  2.39909666
 -0.15085351 -0.15085351 -0.15085351 -0.15085351 -0.15085351 -0.15085351
 -0.15085351 -0.15085351 -0.15085351 -0.15085351 -0.15085351 -0.15085351
 -0.15085351 -0.15085351 -0.15085351 -0.15085351 -0.15085351 -0.15085351
 -0.15085351 -0.15085351 -0.15085351 -0.15085351 -0.15085351 -0.15085351
 -0.15085351 -0.15085351 -0.15085351 -0.15085351 -0.15085351 -0.15085351
 -0.15085351 -0.15085351 -0.15085351 -0.15085351 -0.15085351 -0.15085351
 -0.15085351 -0.15085351 -0.15085351 -0.15085351 -0.15085351 -0.15085351
 -0.15085351 -0.15085351 -0.15085351 -0.15085351 -0.15085351 -0.15085351
 -0.15085351 -0.15085351 -0.15085351 -0.15085351 -0.15085351 -0.15085351
 -0.15085351 -0.15085351 -0.15085351 -0.15085351 -0.15085351 -0.15085351
 -0.15085351 -0.15085351 -0.15085351 -0.15085351 -0.15085351 -0.15085351
 -0.15085351 -0.15085351 -0.15085351 -0.15085351 -0.15085351 -0.15085351
 -0.15085351 -0.15085351 -0.15085351 -0.15085351 -0.15085351 -0.15085351
 -0.15085351 -0.15085351  5.95235261 -0.15085351  7.3213061  -0.15085351
  8.21910257 -0.15085351 -0.15085351 -0.15085351 -0.15085351 -0.15085351
 -0.15085351 -0.15085351 -0.15085351 -0.15085351 -0.15085351 -0.15085351
 -0.15085351 -0.15085351 -0.15085351 -0.15085351 -0.15085351 -0.15085351
 -0.15085351 -0.15085351 -0.15085351 -0.15085351 -0.15085351 -0.15085351
 -0.15085351 -0.15085351 -0.15085351 -0.15085351 -0.15085351  1.17120727
 -0.15085351 -0.15085351 -0.15085351 -0.15085351 -0.15085351 -0.15085351
 -0.15085351 -0.15085351 -0.15085351 -0.15085351 -0.15085351 -0.15085351
 -0.15085351 -0.15085351 -0.15085351 -0.15085351 -0.15085351 -0.15085351
 -0.15085351 -0.15085351 -0.15085351 -0.15085351]",[-0.014093604654067865]
6,"[-0.13310413 -0.13310413 -0.13310413 -0.13310413 -0.13310413 -0.13310413
 -0.13310413 -0.13310413 -0.13310413 -0.13310413 -0.13310413 -0.13310413
 -0.13310413 -0.13310413 -0.13310413 -0.13310413 -0.13310413 -0.13310413
  2.13815762 -0.13310413 -0.13310413 -0.13310413 -0.13310413 -0.13310413
 -0.13310413 -0.13310413 -0.13310413 -0.13310413 -0.13310413 -0.13310413
 -0.13310413 -0.13310413 -0.13310413 -0.13310413 -0.13310413 -0.13310413
 -0.13310413 -0.13310413 -0.13310413 -0.13310413 -0.13310413 -0.13310413
 -0.13310413 -0.13310413 -0.13310413 -0.13310413 -0.13310413 -0.13310413
 -0.13310413 -0.13310413 -0.13310413 -0.13310413 -0.13310413 -0.13310413
 -0.13310413 -0.13310413 -0.13310413 -0.13310413 -0.13310413 -0.13310413
 -0.13310413 -0.13310413 -0.13310413 -0.13310413 -0.13310413 -0.13310413
 -0.13310413 -0.13310413 -0.13310413 -0.13310413 -0.13310413 -0.13310413
 -0.13310413 -0.13310413 -0.13310413 -0.13310413 -0.13310413 -0.13310413
 -0.13310413 -0.13310413 -0.13310413 -0.13310413 -0.13310413  9.26764513
 -0.13310413  5.83801139 -0.13310413 -0.13310413 -0.13310413 -0.13310413
 -0.13310413 -0.13310413 -0.13310413 -0.13310413 -0.13310413 -0.13310413
 -0.13310413 -0.13310413 -0.13310413 -0.13310413 -0.13310413 -0.13310413
 -0.13310413 -0.13310413 -0.13310413 -0.13310413 -0.13310413 -0.13310413
 -0.13310413 -0.13310413  5.1022125  -0.13310413 -0.13310413 -0.13310413
 -0.13310413 -0.13310413  8.83729455 -0.13310413 -0.13310413 -0.13310413
 -0.13310413 -0.13310413 -0.13310413 -0.13310413 -0.13310413 -0.13310413
 -0.13310413 -0.13310413 -0.13310413 -0.13310413 -0.13310413 -0.13310413
 -0.13310413 -0.13310413 -0.13310413 -0.13310413 -0.13310413 -0.13310413
 -0.13310413 -0.13310413 -0.13310413 -0.13310413 -0.13310413 -0.13310413
 -0.13310413 -0.13310413 -0.13310413 -0.13310413 -0.13310413 -0.13310413
 -0.13310413 -0.13310413 -0.13310413 -0.13310413 -0.13310413 -0.13310413
 -0.13310413 -0.13310413 -0.13310413 -0.13310413 -0.13310413 -0.13310413
 -0.13310413 -0.13310413 -0.13310413 -0.13310413 -0.13310413 -0.13310413
 -0.13310413 -0.13310413 -0.13310413 -0.13310413 -0.13310413 -0.13310413
 -0.13310413 -0.13310413 -0.13310413 -0.13310413 -0.13310413 -0.13310413
 -0.13310413 -0.13310413 -0.13310413 -0.13310413 -0.13310413 -0.13310413
 -0.13310413 -0.13310413 -0.13310413 -0.13310413 -0.13310413 -0.13310413
 -0.13310413 -0.13310413 -0.13310413 -0.13310413 -0.13310413 -0.13310413
 -0.13310413 -0.13310413  1.65283033 -0.13310413 -0.13310413 -0.13310413
 -0.13310413 -0.13310413 -0.13310413 -0.13310413 -0.13310413 -0.13310413
  3.23024405 -0.13310413 -0.13310413 -0.13310413 -0.13310413  0.45190162
 -0.13310413 -0.13310413 -0.13310413 -0.13310413 -0.13310413 -0.13310413
 -0.13310413 -0.13310413 -0.13310413 -0.13310413 -0.13310413 -0.13310413
 -0.13310413 -0.13310413 -0.13310413 -0.13310413 -0.13310413 -0.13310413
 -0.13310413 -0.13310413 -0.13310413 -0.13310413 -0.13310413 -0.13310413
 -0.13310413 -0.13310413 -0.13310413 -0.13310413 -0.13310413 -0.13310413
 -0.13310413 -0.13310413 -0.13310413 -0.13310413 -0.13310413 -0.13310413
 -0.13310413 -0.13310413 -0.13310413 -0.13310413 -0.13310413 -0.13310413
 -0.13310413 -0.13310413 -0.13310413 -0.13310413 -0.13310413 -0.13310413
 -0.13310413 -0.13310413 -0.13310413 -0.13310413 -0.13310413 -0.13310413
 -0.13310413 -0.13310413  0.58817935 -0.13310413 -0.13310413 -0.13310413
 -0.13310413 -0.13310413 -0.13310413 -0.13310413 -0.13310413 -0.13310413
 -0.13310413 -0.13310413 -0.13310413 -0.13310413 -0.13310413  7.72339482
 -0.13310413 -0.13310413 -0.13310413 -0.13310413 -0.13310413 -0.13310413
 -0.13310413 -0.13310413 -0.13310413 -0.13310413 -0.13310413 -0.13310413
 -0.13310413 -0.13310413 -0.13310413 -0.13310413 -0.13310413 -0.13310413
 -0.13310413 -0.13310413 -0.13310413 -0.13310413 -0.13310413  3.48245929
 -0.13310413 -0.13310413 -0.13310413 -0.13310413 -0.13310413 -0.13310413
 -0.13310413 -0.13310413 -0.13310413 -0.13310413 -0.13310413 -0.13310413
 -0.13310413 -0.13310413 -0.13310413 -0.13310413 -0.13310413 -0.13310413
 -0.13310413 -0.13310413 -0.13310413 -0.13310413 -0.13310413 -0.13310413
 -0.13310413 -0.13310413 -0.13310413 -0.13310413 -0.13310413 -0.13310413
 -0.13310413 -0.13310413 -0.13310413 -0.13310413 -0.13310413 -0.13310413
 -0.13310413 -0.13310413 -0.13310413 -0.13310413 -0.13310413 -0.13310413
 -0.13310413 -0.13310413 -0.13310413 -0.13310413 -0.13310413 -0.13310413
 -0.13310413 -0.13310413 -0.13310413 -0.13310413 -0.13310413 -0.13310413
 -0.13310413 -0.13310413 -0.13310413 -0.13310413 -0.13310413 -0.13310413
 -0.13310413 -0.13310413 -0.13310413 -0.13310413 -0.13310413 -0.13310413
 -0.13310413 -0.13310413 -0.13310413 -0.13310413 -0.13310413 -0.13310413
 -0.13310413 -0.13310413 -0.13310413 -0.13310413 -0.13310413 -0.13310413
 -0.13310413 -0.13310413 -0.13310413 -0.13310413 -0.13310413 -0.13310413
 -0.13310413 -0.13310413 -0.13310413 -0.13310413 -0.13310413 -0.13310413
 -0.13310413 -0.13310413 -0.13310413 -0.13310413 -0.13310413 -0.13310413
 -0.13310413 -0.13310413 -0.13310413 -0.13310413 -0.13310413 -0.13310413
 -0.13310413 -0.13310413 -0.13310413 -0.13310413 -0.13310413 -0.13310413
 -0.13310413 -0.13310413 -0.13310413 -0.13310413 -0.13310413 -0.13310413
 -0.13310413 -0.13310413 -0.13310413 -0.13310413 -0.13310413 -0.13310413
 -0.13310413 -0.13310413 -0.13310413 -0.13310413 -0.13310413 -0.13310413
 -0.13310413 -0.13310413 -0.13310413 -0.13310413 -0.13310413 -0.13310413
 -0.13310413 -0.13310413 -0.13310413 -0.13310413 -0.13310413 -0.13310413
 -0.13310413 -0.13310413 -0.13310413 -0.13310413 -0.13310413 -0.13310413
 -0.13310413 -0.13310413 -0.13310413 -0.13310413 -0.13310413 -0.13310413
 -0.13310413 -0.13310413 -0.13310413 -0.13310413 -0.13310413 -0.13310413
 12.14273996 -0.13310413 -0.13310413 -0.13310413  7.02872398 -0.13310413
 -0.13310413 -0.13310413 -0.13310413 -0.13310413 -0.13310413 -0.13310413
 -0.13310413 -0.13310413 -0.13310413 -0.13310413 -0.13310413 -0.13310413
 -0.13310413 -0.13310413 -0.13310413 -0.13310413 -0.13310413 -0.13310413
 -0.13310413 -0.13310413 -0.13310413 -0.13310413 -0.13310413 -0.13310413
 -0.13310413 -0.13310413 -0.13310413 -0.13310413 -0.13310413 -0.13310413
 -0.13310413 -0.13310413 -0.13310413 -0.13310413 -0.13310413 -0.13310413
 -0.13310413 -0.13310413 -0.13310413 -0.13310413 -0.13310413 -0.13310413
 -0.13310413 -0.13310413 -0.13310413 -0.13310413]",[-0.007642324527142613]
6,"[-0.22001324 -0.22001324 -0.22001324 -0.22001324 -0.22001324 -0.22001324
 -0.22001324 -0.22001324 -0.22001324 -0.22001324 -0.22001324 -0.22001324
 -0.22001324 -0.22001324 -0.22001324 -0.22001324 -0.22001324 -0.22001324
 -0.22001324 -0.22001324 -0.22001324 -0.22001324 -0.22001324 -0.22001324
 -0.22001324 -0.22001324 -0.22001324 -0.22001324 -0.22001324 -0.22001324
 -0.22001324 -0.22001324 -0.22001324 -0.22001324 -0.22001324 -0.22001324
 -0.22001324 -0.22001324 -0.22001324 -0.22001324 -0.22001324 -0.22001324
 -0.22001324 -0.22001324 -0.22001324 -0.22001324 -0.22001324 -0.22001324
 -0.22001324 -0.22001324 -0.22001324 -0.22001324 -0.22001324 -0.22001324
 -0.22001324 -0.22001324 -0.22001324 -0.22001324 -0.22001324 -0.22001324
 -0.22001324 -0.22001324 -0.22001324 -0.22001324 -0.22001324 -0.22001324
 -0.22001324 -0.22001324 -0.22001324 -0.22001324 -0.22001324 -0.22001324
 -0.22001324 -0.22001324 -0.22001324 -0.22001324 -0.22001324 -0.22001324
 -0.22001324 -0.22001324 -0.22001324 -0.22001324 -0.22001324  8.27192848
 -0.22001324 -0.22001324  3.73517106 -0.22001324 -0.22001324  6.14764526
 -0.22001324 -0.22001324  2.17897751 -0.22001324  1.44575518 -0.22001324
 -0.22001324 -0.22001324 -0.22001324 -0.22001324 -0.22001324 -0.22001324
 -0.22001324 -0.22001324 -0.22001324 -0.22001324 -0.22001324 -0.22001324
 -0.22001324 -0.22001324  6.26263758 -0.22001324 -0.22001324 -0.22001324
 -0.22001324 -0.22001324  1.00837171 -0.22001324 -0.22001324 -0.22001324
 -0.22001324 -0.22001324 -0.22001324 -0.22001324  3.05020371 -0.22001324
 -0.22001324 -0.22001324 -0.22001324 -0.22001324 -0.22001324 -0.22001324
 -0.22001324 -0.22001324 -0.22001324 -0.22001324 -0.22001324 -0.22001324
 -0.22001324 -0.22001324 -0.22001324 -0.22001324 -0.22001324 -0.22001324
 -0.22001324 -0.22001324 -0.22001324 -0.22001324 -0.22001324 -0.22001324
 -0.22001324 -0.22001324 -0.22001324 -0.22001324 -0.22001324 -0.22001324
 -0.22001324 -0.22001324 -0.22001324 -0.22001324 -0.22001324 -0.22001324
 -0.22001324 -0.22001324 -0.22001324 -0.22001324 -0.22001324 -0.22001324
 -0.22001324 -0.22001324 -0.22001324 -0.22001324 -0.22001324 -0.22001324
 -0.22001324 -0.22001324 -0.22001324 -0.22001324 -0.22001324 -0.22001324
 -0.22001324 -0.22001324 -0.22001324 -0.22001324 -0.22001324 -0.22001324
 -0.22001324 -0.22001324 -0.22001324 -0.22001324 -0.22001324 -0.22001324
 -0.22001324 -0.22001324 -0.22001324 -0.22001324 -0.22001324 -0.22001324
 -0.22001324 -0.22001324  1.5725648  -0.22001324 -0.22001324 -0.22001324
 -0.22001324 -0.22001324 -0.22001324 -0.22001324 -0.22001324 -0.22001324
 -0.22001324 -0.22001324 -0.22001324 -0.22001324 -0.22001324  2.59339104
 -0.22001324 -0.22001324 -0.22001324 -0.22001324 -0.22001324 -0.22001324
 -0.22001324 -0.22001324 -0.22001324 -0.22001324 -0.22001324 -0.22001324
 -0.22001324 -0.22001324 -0.22001324 -0.22001324 -0.22001324 -0.22001324
 -0.22001324  4.49900803 -0.22001324  4.57309274  3.35978419 -0.22001324
  3.26328356  1.01573888 -0.22001324  2.36306522 -0.22001324 -0.22001324
 -0.22001324 -0.22001324 -0.22001324 -0.22001324 -0.22001324 -0.22001324
 -0.22001324 -0.22001324 -0.22001324  2.21336086  3.09308489 -0.22001324
 -0.22001324 -0.22001324 -0.22001324  3.26281726 -0.22001324  0.95059256
 -0.22001324 -0.22001324 -0.22001324  1.68509417  0.56880433 -0.22001324
 -0.22001324 -0.22001324  0.48189333 -0.22001324  3.55108335  6.32272096
 -0.22001324 -0.22001324 -0.22001324 -0.22001324 -0.22001324 -0.22001324
 -0.22001324  0.87910095 -0.22001324 -0.22001324 -0.22001324  4.43260248
 -0.22001324 -0.22001324 -0.22001324 -0.22001324 -0.22001324 -0.22001324
 -0.22001324 -0.22001324 -0.22001324 -0.22001324 -0.22001324 -0.22001324
 -0.22001324 -0.22001324 -0.22001324 -0.22001324 -0.22001324 -0.22001324
 -0.22001324 -0.22001324 -0.22001324 -0.22001324 -0.22001324  1.65529429
 -0.22001324 -0.22001324 -0.22001324 -0.22001324 -0.22001324 -0.22001324
 -0.22001324 -0.22001324 -0.22001324 -0.22001324 -0.22001324 -0.22001324
 -0.22001324 -0.22001324 -0.22001324 -0.22001324 -0.22001324 -0.22001324
 -0.22001324 -0.22001324 -0.22001324 -0.22001324 -0.22001324 -0.22001324
 -0.22001324 -0.22001324 -0.22001324 -0.22001324 -0.22001324 -0.22001324
 -0.22001324 -0.22001324 -0.22001324 -0.22001324 -0.22001324 -0.22001324
 -0.22001324 -0.22001324 -0.22001324 -0.22001324 -0.22001324 -0.22001324
 -0.22001324 -0.22001324 -0.22001324 -0.22001324 -0.22001324 -0.22001324
 -0.22001324 -0.22001324 -0.22001324 -0.22001324 -0.22001324 -0.22001324
 -0.22001324 -0.22001324 -0.22001324 -0.22001324 -0.22001324 -0.22001324
 -0.22001324 -0.22001324 -0.22001324 -0.22001324 -0.22001324 -0.22001324
 -0.22001324 -0.22001324 -0.22001324 -0.22001324 -0.22001324 -0.22001324
 -0.22001324 -0.22001324 -0.22001324 -0.22001324 -0.22001324 -0.22001324
 -0.22001324 -0.22001324 -0.22001324 -0.22001324 -0.22001324 -0.22001324
 -0.22001324 -0.22001324 -0.22001324 -0.22001324 -0.22001324 -0.22001324
 -0.22001324 -0.22001324 -0.22001324 -0.22001324 -0.22001324 -0.22001324
 -0.22001324 -0.22001324 -0.22001324 -0.22001324 -0.22001324 -0.22001324
 -0.22001324 -0.22001324 -0.22001324 -0.22001324 -0.22001324 -0.22001324
 -0.22001324 -0.22001324 -0.22001324 -0.22001324 -0.22001324  7.23065459
 -0.22001324 -0.22001324 -0.22001324 -0.22001324 -0.22001324 -0.22001324
 -0.22001324 -0.22001324 -0.22001324 -0.22001324 -0.22001324 -0.22001324
 -0.22001324 -0.22001324 -0.22001324 -0.22001324 -0.22001324 -0.22001324
 -0.22001324 -0.22001324 -0.22001324 -0.22001324 -0.22001324 -0.22001324
 -0.22001324 -0.22001324 -0.22001324 -0.22001324 -0.22001324 -0.22001324
 -0.22001324 -0.22001324 -0.22001324 -0.22001324 -0.22001324 -0.22001324
 -0.22001324 -0.22001324  6.10723502 -0.22001324 -0.22001324 -0.22001324
  4.49166852 -0.22001324 -0.22001324 -0.22001324 -0.22001324 -0.22001324
 -0.22001324 -0.22001324 -0.22001324 -0.22001324 -0.22001324 -0.22001324
 -0.22001324 -0.22001324 -0.22001324 -0.22001324 -0.22001324 -0.22001324
 -0.22001324  5.0998355  -0.22001324 -0.22001324 -0.22001324 -0.22001324
 -0.22001324 -0.22001324 -0.22001324 -0.22001324 -0.22001324 -0.22001324
 -0.22001324 -0.22001324 -0.22001324 -0.22001324 -0.22001324 -0.22001324
 -0.22001324 -0.22001324 -0.22001324 -0.22001324 -0.22001324 -0.22001324
 -0.22001324 -0.22001324 -0.22001324 -0.22001324 -0.22001324 -0.22001324
 -0.22001324 -0.22001324 -0.22001324 -0.22001324]",[-0.011542191879783947]
6,"[-0.13457457 -0.13457457 -0.13457457 -0.13457457 -0.13457457 -0.13457457
 -0.13457457 -0.13457457 -0.13457457 -0.13457457 -0.13457457 -0.13457457
 -0.13457457 -0.13457457 -0.13457457 -0.13457457 -0.13457457 -0.13457457
 -0.13457457 -0.13457457 -0.13457457 -0.13457457 -0.13457457 -0.13457457
 -0.13457457 -0.13457457 -0.13457457 -0.13457457 -0.13457457 -0.13457457
 -0.13457457 -0.13457457 -0.13457457 -0.13457457 -0.13457457 -0.13457457
 -0.13457457 -0.13457457 -0.13457457 -0.13457457 -0.13457457 -0.13457457
 -0.13457457 -0.13457457 -0.13457457 -0.13457457 -0.13457457 -0.13457457
 -0.13457457 -0.13457457 -0.13457457 -0.13457457 -0.13457457 -0.13457457
 -0.13457457 -0.13457457 -0.13457457 -0.13457457 -0.13457457 -0.13457457
 -0.13457457 -0.13457457 -0.13457457 -0.13457457 -0.13457457 -0.13457457
 -0.13457457 -0.13457457 -0.13457457 -0.13457457 -0.13457457 -0.13457457
 -0.13457457 -0.13457457 -0.13457457 -0.13457457 -0.13457457 -0.13457457
 -0.13457457 -0.13457457 -0.13457457 -0.13457457 -0.13457457  4.46527687
 -0.13457457 -0.13457457 -0.13457457 -0.13457457 -0.13457457 -0.13457457
 -0.13457457 -0.13457457 -0.13457457 -0.13457457 -0.13457457 -0.13457457
 -0.13457457 -0.13457457 -0.13457457 -0.13457457 -0.13457457 -0.13457457
 -0.13457457 -0.13457457 -0.13457457 -0.13457457 -0.13457457 -0.13457457
 -0.13457457 -0.13457457  3.98720527 -0.13457457 -0.13457457 -0.13457457
 -0.13457457 -0.13457457  0.72549227 -0.13457457 -0.13457457 -0.13457457
 -0.13457457 -0.13457457 -0.13457457 -0.13457457 -0.13457457 -0.13457457
 -0.13457457 -0.13457457 -0.13457457 -0.13457457 -0.13457457 -0.13457457
 -0.13457457 -0.13457457 -0.13457457 -0.13457457 -0.13457457 -0.13457457
 -0.13457457 -0.13457457 -0.13457457 -0.13457457 -0.13457457 -0.13457457
 -0.13457457 -0.13457457 -0.13457457 -0.13457457 -0.13457457 -0.13457457
 -0.13457457 -0.13457457 -0.13457457 -0.13457457 -0.13457457 -0.13457457
 -0.13457457 -0.13457457 -0.13457457 -0.13457457 -0.13457457 -0.13457457
 -0.13457457  0.01989565 -0.13457457 -0.13457457 -0.13457457 -0.13457457
 -0.13457457 -0.13457457 -0.13457457 -0.13457457 -0.13457457 -0.13457457
 -0.13457457 -0.13457457 -0.13457457 -0.13457457 -0.13457457 -0.13457457
 -0.13457457 -0.13457457 -0.13457457 -0.13457457 -0.13457457 -0.13457457
  3.31398258 -0.13457457 -0.13457457 -0.13457457 -0.13457457 -0.13457457
 -0.13457457 -0.13457457 -0.13457457 -0.13457457 -0.13457457 -0.13457457
 -0.13457457 -0.13457457 -0.13457457 -0.13457457 -0.13457457 -0.13457457
 -0.13457457 -0.13457457 -0.13457457 -0.13457457 -0.13457457 -0.13457457
  5.32784922 -0.13457457 -0.13457457 -0.13457457 -0.13457457  1.74193654
 -0.13457457 -0.13457457 -0.13457457 -0.13457457 -0.13457457 -0.13457457
 -0.13457457 -0.13457457 -0.13457457 -0.13457457 -0.13457457 -0.13457457
 -0.13457457 -0.13457457 -0.13457457 -0.13457457 -0.13457457 -0.13457457
 -0.13457457  5.23306817 -0.13457457 -0.13457457 -0.13457457 -0.13457457
 -0.13457457 -0.13457457 -0.13457457 -0.13457457 -0.13457457 -0.13457457
 -0.13457457 -0.13457457 -0.13457457 -0.13457457 -0.13457457 -0.13457457
 -0.13457457 -0.13457457 -0.13457457 -0.13457457 -0.13457457 -0.13457457
 -0.13457457 -0.13457457 -0.13457457  1.38245832 -0.13457457 -0.13457457
 -0.13457457 -0.13457457 -0.13457457 -0.13457457 -0.13457457 -0.13457457
 -0.13457457 -0.13457457 -0.13457457 -0.13457457 -0.13457457 -0.13457457
 -0.13457457 -0.13457457 -0.13457457 -0.13457457 -0.13457457 -0.13457457
 -0.13457457 -0.13457457 -0.13457457 -0.13457457 -0.13457457 11.81582559
 -0.13457457 -0.13457457 -0.13457457 -0.13457457 -0.13457457 -0.13457457
 -0.13457457 -0.13457457 -0.13457457 -0.13457457 -0.13457457 -0.13457457
 -0.13457457 -0.13457457 -0.13457457 -0.13457457 -0.13457457 -0.13457457
 -0.13457457 -0.13457457 -0.13457457 -0.13457457 -0.13457457  1.35225851
 -0.13457457 -0.13457457 -0.13457457 -0.13457457 -0.13457457 -0.13457457
 -0.13457457 -0.13457457 -0.13457457 -0.13457457 -0.13457457 -0.13457457
 -0.13457457 -0.13457457 -0.13457457 -0.13457457 -0.13457457 -0.13457457
 -0.13457457 -0.13457457 -0.13457457 -0.13457457 -0.13457457 -0.13457457
 -0.13457457 -0.13457457 -0.13457457 -0.13457457 -0.13457457 -0.13457457
 -0.13457457 -0.13457457 -0.13457457 -0.13457457 -0.13457457 -0.13457457
 -0.13457457 -0.13457457 -0.13457457 -0.13457457 -0.13457457 -0.13457457
 -0.13457457 -0.13457457 -0.13457457 -0.13457457 -0.13457457 -0.13457457
 -0.13457457 -0.13457457 -0.13457457 -0.13457457 -0.13457457 -0.13457457
 -0.13457457 -0.13457457 -0.13457457 -0.13457457 -0.13457457 -0.13457457
 -0.13457457 -0.13457457 -0.13457457 -0.13457457 -0.13457457 -0.13457457
 -0.13457457 -0.13457457 -0.13457457 -0.13457457 -0.13457457 -0.13457457
 -0.13457457 -0.13457457 -0.13457457 -0.13457457 -0.13457457 -0.13457457
 -0.13457457 -0.13457457 -0.13457457 -0.13457457 -0.13457457 -0.13457457
 -0.13457457 -0.13457457 -0.13457457 -0.13457457 -0.13457457 -0.13457457
 -0.13457457 -0.13457457 -0.13457457 -0.13457457 -0.13457457 -0.13457457
 -0.13457457 -0.13457457 -0.13457457 -0.13457457 -0.13457457 -0.13457457
 -0.13457457 -0.13457457 -0.13457457 -0.13457457 -0.13457457 -0.13457457
 -0.13457457 -0.13457457 -0.13457457 -0.13457457 -0.13457457 -0.13457457
 -0.13457457 -0.13457457 -0.13457457 -0.13457457 -0.13457457 -0.13457457
 -0.13457457 -0.13457457 -0.13457457 -0.13457457 -0.13457457 -0.13457457
 -0.13457457 -0.13457457 -0.13457457 -0.13457457 -0.13457457 -0.13457457
 -0.13457457 -0.13457457 -0.13457457 -0.13457457 -0.13457457 -0.13457457
 -0.13457457 -0.13457457 -0.13457457 -0.13457457 -0.13457457 -0.13457457
 -0.13457457 -0.13457457 -0.13457457 -0.13457457 -0.13457457 -0.13457457
 -0.13457457 -0.13457457  9.43314723 -0.13457457 -0.13457457 -0.13457457
 12.49993752 -0.13457457 -0.13457457 -0.13457457 -0.13457457 -0.13457457
 -0.13457457 -0.13457457 -0.13457457 -0.13457457 -0.13457457 -0.13457457
 -0.13457457 -0.13457457 -0.13457457 -0.13457457 -0.13457457 -0.13457457
 -0.13457457  3.2757791  -0.13457457 -0.13457457 -0.13457457  1.8690123
 -0.13457457 -0.13457457 -0.13457457 -0.13457457 -0.13457457 -0.13457457
 -0.13457457 -0.13457457 -0.13457457 -0.13457457 -0.13457457 -0.13457457
 -0.13457457 -0.13457457 -0.13457457 -0.13457457 -0.13457457 -0.13457457
 -0.13457457 -0.13457457 -0.13457457 -0.13457457 -0.13457457 -0.13457457
 -0.13457457 -0.13457457  1.38245832 -0.13457457]",[0.006751206498974677]
6,"[-0.18458628 -0.18458628 -0.18458628 -0.18458628 -0.18458628 -0.18458628
 -0.18458628 -0.18458628 -0.18458628 -0.18458628 -0.18458628 -0.18458628
 -0.18458628 -0.18458628 -0.18458628 -0.18458628 -0.18458628 -0.18458628
 -0.18458628 -0.18458628 -0.18458628 -0.18458628 -0.18458628 -0.18458628
 -0.18458628 -0.18458628 -0.18458628 -0.18458628 -0.18458628 -0.18458628
 -0.18458628 -0.18458628 -0.18458628 -0.18458628 -0.18458628 -0.18458628
 -0.18458628 -0.18458628 -0.18458628 -0.18458628 -0.18458628 -0.18458628
 -0.18458628 -0.18458628 -0.18458628 -0.18458628 -0.18458628 -0.18458628
 -0.18458628 -0.18458628 -0.18458628 -0.18458628 -0.18458628 -0.18458628
 -0.18458628 -0.18458628 -0.18458628 -0.18458628  1.10639392 -0.18458628
 -0.18458628 -0.18458628 -0.18458628 -0.18458628 -0.18458628 -0.18458628
 -0.18458628 -0.18458628 -0.18458628 -0.18458628 -0.18458628 -0.18458628
 -0.18458628 -0.18458628 -0.18458628 -0.18458628 -0.18458628 -0.18458628
 -0.18458628 -0.18458628 -0.18458628 -0.18458628 -0.18458628  9.00728009
 -0.18458628 -0.18458628 -0.18458628 -0.18458628 -0.18458628 -0.18458628
 -0.18458628 -0.18458628 -0.18458628 -0.18458628 -0.18458628 -0.18458628
 -0.18458628 -0.18458628 -0.18458628 -0.18458628 -0.18458628 -0.18458628
 -0.18458628 -0.18458628 -0.18458628 -0.18458628 -0.18458628 -0.18458628
 -0.18458628 -0.18458628  0.56859794 -0.18458628 -0.18458628 -0.18458628
 -0.18458628 -0.18458628 -0.18458628 -0.18458628 -0.18458628 -0.18458628
 -0.18458628 -0.18458628 -0.18458628 -0.18458628 -0.18458628 -0.18458628
 -0.18458628 -0.18458628 -0.18458628 -0.18458628 -0.18458628 -0.18458628
 -0.18458628 -0.18458628 -0.18458628 -0.18458628 -0.18458628 -0.18458628
 -0.18458628 -0.18458628 -0.18458628 -0.18458628 -0.18458628 -0.18458628
 -0.18458628 -0.18458628 -0.18458628 -0.18458628 -0.18458628 -0.18458628
 -0.18458628 -0.18458628 -0.18458628 -0.18458628 -0.18458628 -0.18458628
 -0.18458628 -0.18458628 -0.18458628 -0.18458628 -0.18458628 -0.18458628
 -0.18458628 -0.18458628 -0.18458628 -0.18458628 -0.18458628 -0.18458628
 -0.18458628 -0.18458628 -0.18458628 -0.18458628 -0.18458628 -0.18458628
 -0.18458628 -0.18458628 -0.18458628 -0.18458628 -0.18458628 -0.18458628
 -0.18458628 -0.18458628 -0.18458628 -0.18458628 -0.18458628 -0.18458628
 -0.18458628 -0.18458628 -0.18458628 -0.18458628 -0.18458628 -0.18458628
 -0.18458628 -0.18458628 -0.18458628 -0.18458628 -0.18458628 -0.18458628
 -0.18458628 -0.18458628  4.36193779 -0.18458628 -0.18458628  2.64051838
 -0.18458628 -0.18458628 -0.18458628 -0.18458628 -0.18458628 -0.18458628
  4.28501938 -0.18458628  2.87337657 -0.18458628 -0.18458628  5.83876387
 -0.18458628 -0.18458628 -0.18458628 -0.18458628 -0.18458628 -0.18458628
 -0.18458628 -0.18458628 -0.18458628 -0.18458628 -0.18458628 -0.18458628
 -0.18458628 -0.18458628 -0.18458628 -0.18458628 -0.18458628 -0.18458628
 -0.18458628  4.61478814 -0.18458628 -0.18458628 -0.18458628 -0.18458628
  3.36750374 -0.18458628 -0.18458628 -0.18458628 -0.18458628 -0.18458628
 -0.18458628 -0.18458628 -0.18458628 -0.18458628 -0.18458628 -0.18458628
 -0.18458628 -0.18458628 -0.18458628 -0.18458628 -0.18458628 -0.18458628
 -0.18458628 -0.18458628  4.86522901  5.18100285 -0.18458628  0.04032541
 -0.18458628 -0.18458628 -0.18458628 -0.18458628 -0.18458628 -0.18458628
 -0.18458628 -0.18458628 -0.18458628 -0.18458628 -0.18458628 -0.18458628
 -0.18458628 -0.18458628 -0.18458628 -0.18458628 -0.18458628 -0.18458628
 -0.18458628  2.60607666 -0.18458628 -0.18458628 -0.18458628  3.15472771
 -0.18458628 -0.18458628 -0.18458628 -0.18458628 -0.18458628 -0.18458628
 -0.18458628 -0.18458628 -0.18458628 -0.18458628 -0.18458628 -0.18458628
 -0.18458628 -0.18458628 -0.18458628 -0.18458628 -0.18458628 -0.18458628
  6.19562837 -0.18458628 -0.18458628 -0.18458628 -0.18458628  5.41923448
 -0.18458628 -0.18458628 -0.18458628 -0.18458628 -0.18458628 -0.18458628
 -0.18458628 -0.18458628 -0.18458628 -0.18458628 -0.18458628 -0.18458628
 -0.18458628 -0.18458628 -0.18458628 -0.18458628 -0.18458628 -0.18458628
 -0.18458628 -0.18458628 -0.18458628 -0.18458628 -0.18458628 -0.18458628
 -0.18458628 -0.18458628 -0.18458628 -0.18458628 -0.18458628 -0.18458628
 -0.18458628 -0.18458628 -0.18458628 -0.18458628 -0.18458628 -0.18458628
 -0.18458628 -0.18458628 -0.18458628 -0.18458628 -0.18458628 -0.18458628
 -0.18458628 -0.18458628 -0.18458628 -0.18458628 -0.18458628 -0.18458628
 -0.18458628 -0.18458628 -0.18458628 -0.18458628 -0.18458628 -0.18458628
 -0.18458628 -0.18458628 -0.18458628 -0.18458628 -0.18458628 -0.18458628
 -0.18458628 -0.18458628 -0.18458628 -0.18458628 -0.18458628 -0.18458628
 -0.18458628 -0.18458628 -0.18458628 -0.18458628 -0.18458628 -0.18458628
 -0.18458628 -0.18458628 -0.18458628 -0.18458628 -0.18458628 -0.18458628
 -0.18458628 -0.18458628 -0.18458628 -0.18458628 -0.18458628 -0.18458628
 -0.18458628 -0.18458628 -0.18458628 -0.18458628 -0.18458628 -0.18458628
 -0.18458628 -0.18458628 -0.18458628 -0.18458628 -0.18458628 -0.18458628
 -0.18458628 -0.18458628 -0.18458628 -0.18458628 -0.18458628 -0.18458628
 -0.18458628 -0.18458628 -0.18458628 -0.18458628 -0.18458628 -0.18458628
 -0.18458628 -0.18458628 -0.18458628 -0.18458628 -0.18458628 -0.18458628
 -0.18458628 -0.18458628 -0.18458628 -0.18458628 -0.18458628 -0.18458628
 -0.18458628 -0.18458628 -0.18458628 -0.18458628 -0.18458628 -0.18458628
 -0.18458628 -0.18458628 -0.18458628 -0.18458628 -0.18458628 -0.18458628
 -0.18458628 -0.18458628 -0.18458628 -0.18458628 -0.18458628 -0.18458628
 -0.18458628 -0.18458628 -0.18458628 -0.18458628 -0.18458628 -0.18458628
 -0.18458628 -0.18458628 -0.18458628 -0.18458628 -0.18458628 -0.18458628
 -0.18458628 -0.18458628  6.81033109 -0.18458628  8.05601633 -0.18458628
 -0.18458628 -0.18458628  5.99222904 -0.18458628 -0.18458628 -0.18458628
 -0.18458628 -0.18458628 -0.18458628 -0.18458628 -0.18458628 -0.18458628
 -0.18458628 -0.18458628 -0.18458628 -0.18458628 -0.18458628 -0.18458628
 -0.18458628  4.28790192 -0.18458628 -0.18458628 -0.18458628 -0.18458628
 -0.18458628 -0.18458628 -0.18458628 -0.18458628 -0.18458628  0.65108246
 -0.18458628 -0.18458628 -0.18458628 -0.18458628 -0.18458628 -0.18458628
 -0.18458628 -0.18458628 -0.18458628 -0.18458628 -0.18458628 -0.18458628
 -0.18458628 -0.18458628 -0.18458628 -0.18458628 -0.18458628 -0.18458628
 -0.18458628 -0.18458628 -0.18458628 -0.18458628]",[-0.04096602947709371]
6,"[-0.14616219 -0.14616219 -0.14616219 -0.14616219 -0.14616219 -0.14616219
 -0.14616219 -0.14616219 -0.14616219 -0.14616219 -0.14616219 -0.14616219
 -0.14616219 -0.14616219 -0.14616219 -0.14616219 -0.14616219 -0.14616219
 -0.14616219 -0.14616219 -0.14616219 -0.14616219 -0.14616219 -0.14616219
 -0.14616219 -0.14616219 -0.14616219 -0.14616219 -0.14616219 -0.14616219
 -0.14616219 -0.14616219 -0.14616219 -0.14616219 -0.14616219 -0.14616219
 -0.14616219 -0.14616219 -0.14616219 -0.14616219 -0.14616219 -0.14616219
 -0.14616219 -0.14616219 -0.14616219 -0.14616219 -0.14616219 -0.14616219
 -0.14616219 -0.14616219 -0.14616219 -0.14616219 -0.14616219 -0.14616219
 -0.14616219 -0.14616219 -0.14616219 -0.14616219 -0.14616219 -0.14616219
 -0.14616219 -0.14616219 -0.14616219 -0.14616219 -0.14616219 -0.14616219
 -0.14616219 -0.14616219 -0.14616219 -0.14616219 -0.14616219 -0.14616219
 -0.14616219 -0.14616219 -0.14616219 -0.14616219 -0.14616219 -0.14616219
 -0.14616219 -0.14616219 -0.14616219 -0.14616219 -0.14616219 12.14799768
 -0.14616219 -0.14616219 -0.14616219 -0.14616219 -0.14616219 -0.14616219
 -0.14616219 -0.14616219  5.9344701  -0.14616219 -0.14616219 -0.14616219
 -0.14616219 -0.14616219 -0.14616219 -0.14616219 -0.14616219 -0.14616219
 -0.14616219 -0.14616219 -0.14616219 -0.14616219 -0.14616219 -0.14616219
  0.38513407 -0.14616219  8.06556463 -0.14616219 -0.14616219 -0.14616219
 -0.14616219 -0.14616219 -0.14616219 -0.14616219 -0.14616219 -0.14616219
 -0.14616219 -0.14616219 -0.14616219 -0.14616219 -0.14616219 -0.14616219
 -0.14616219 -0.14616219 -0.14616219 -0.14616219 -0.14616219 -0.14616219
 -0.14616219 -0.14616219 -0.14616219 -0.14616219 -0.14616219 -0.14616219
 -0.14616219 -0.14616219 -0.14616219 -0.14616219 -0.14616219 -0.14616219
 -0.14616219 -0.14616219 -0.14616219 -0.14616219 -0.14616219 -0.14616219
 -0.14616219 -0.14616219 -0.14616219 -0.14616219 -0.14616219 -0.14616219
 -0.14616219 -0.14616219 -0.14616219 -0.14616219 -0.14616219 -0.14616219
 -0.14616219  1.33038306 -0.14616219 -0.14616219 -0.14616219 -0.14616219
 -0.14616219 -0.14616219 -0.14616219 -0.14616219 -0.14616219 -0.14616219
 -0.14616219 -0.14616219 -0.14616219 -0.14616219 -0.14616219 -0.14616219
 -0.14616219 -0.14616219 -0.14616219 -0.14616219 -0.14616219 -0.14616219
 -0.14616219 -0.14616219 -0.14616219 -0.14616219 -0.14616219 -0.14616219
 -0.14616219 -0.14616219 -0.14616219 -0.14616219 -0.14616219 -0.14616219
 -0.14616219 -0.14616219 -0.14616219 -0.14616219 -0.14616219 -0.14616219
 -0.14616219 -0.14616219 -0.14616219 -0.14616219 -0.14616219 -0.14616219
 -0.14616219 -0.14616219 -0.03944953 -0.14616219 -0.14616219  3.86879368
 -0.14616219 -0.14616219 -0.14616219 -0.14616219 -0.14616219 -0.14616219
 -0.14616219 -0.14616219 -0.14616219 -0.14616219 -0.14616219 -0.14616219
 -0.14616219 -0.14616219 -0.14616219 -0.14616219 -0.14616219 -0.14616219
 -0.14616219  3.5831399  -0.14616219 -0.14616219 -0.14616219 -0.14616219
  5.86035971 -0.14616219 -0.14616219 -0.14616219 -0.14616219 -0.14616219
 -0.14616219 -0.14616219 -0.14616219 -0.14616219 -0.14616219 -0.14616219
 -0.14616219 -0.14616219 -0.14616219 -0.14616219 -0.14616219 -0.14616219
 -0.14616219 -0.14616219 -0.14616219  5.14036427 -0.14616219 -0.14616219
 -0.14616219 -0.14616219 -0.14616219 -0.14616219 -0.14616219 -0.14616219
  2.27876716 -0.14616219 -0.14616219 -0.14616219  5.8688161  -0.14616219
 -0.14616219 -0.14616219 -0.14616219 -0.14616219 -0.14616219 -0.14616219
 -0.14616219 -0.14616219 -0.14616219 -0.14616219 -0.14616219 -0.14616219
 -0.14616219 -0.14616219 -0.14616219 -0.14616219 -0.14616219 -0.14616219
 -0.14616219 -0.14616219 -0.14616219 -0.14616219 -0.14616219 -0.14616219
 -0.14616219 -0.14616219 -0.14616219 -0.14616219 -0.14616219 -0.14616219
 -0.14616219 -0.14616219 -0.14616219 -0.14616219 -0.14616219  4.47260323
 -0.14616219 -0.14616219 -0.14616219 -0.14616219 -0.14616219 -0.14616219
 -0.14616219 -0.14616219 -0.14616219 -0.14616219 -0.14616219 -0.14616219
 -0.14616219 -0.14616219 -0.14616219 -0.14616219 -0.14616219 -0.14616219
 -0.14616219 -0.14616219 -0.14616219 -0.14616219 -0.14616219 -0.14616219
 -0.14616219 -0.14616219 -0.14616219 -0.14616219 -0.14616219 -0.14616219
 -0.14616219 -0.14616219 -0.14616219 -0.14616219 -0.14616219 -0.14616219
 -0.14616219 -0.14616219 -0.14616219 -0.14616219 -0.14616219 -0.14616219
 -0.14616219 -0.14616219 -0.14616219 -0.14616219 -0.14616219 -0.14616219
 -0.14616219 -0.14616219 -0.14616219 -0.14616219 -0.14616219 -0.14616219
 -0.14616219 -0.14616219 -0.14616219 -0.14616219 -0.14616219 -0.14616219
 -0.14616219 -0.14616219 -0.14616219 -0.14616219 -0.14616219 -0.14616219
 -0.14616219 -0.14616219 -0.14616219 -0.14616219 -0.14616219 -0.14616219
 -0.14616219 -0.14616219 -0.14616219 -0.14616219 -0.14616219 -0.14616219
 -0.14616219 -0.14616219 -0.14616219 -0.14616219 -0.14616219 -0.14616219
 -0.14616219 -0.14616219 -0.14616219 -0.14616219 -0.14616219 -0.14616219
 -0.14616219 -0.14616219 -0.14616219 -0.14616219 -0.14616219 -0.14616219
 -0.14616219 -0.14616219 -0.14616219 -0.14616219 -0.14616219 -0.14616219
 -0.14616219 -0.14616219 -0.14616219 -0.14616219 -0.14616219 -0.14616219
 -0.14616219 -0.14616219 -0.14616219 -0.14616219 -0.14616219 -0.14616219
 -0.14616219 -0.14616219 -0.14616219 -0.14616219 -0.14616219 -0.14616219
 -0.14616219 -0.14616219 -0.14616219 -0.14616219 -0.14616219 -0.14616219
 -0.14616219 -0.14616219 -0.14616219 -0.14616219 -0.14616219 -0.14616219
 -0.14616219 -0.14616219 -0.14616219 -0.14616219 -0.14616219 -0.14616219
 -0.14616219 -0.14616219 -0.14616219 -0.14616219 -0.14616219 -0.14616219
 -0.14616219 -0.14616219 -0.14616219 -0.14616219 -0.14616219 -0.14616219
 -0.14616219 -0.14616219  7.40792278 -0.14616219 -0.14616219 -0.14616219
  7.50704145 -0.14616219 -0.14616219 -0.14616219 -0.14616219 -0.14616219
 -0.14616219 -0.14616219 -0.14616219 -0.14616219 -0.14616219 -0.14616219
 -0.14616219 -0.14616219 -0.14616219 -0.14616219 -0.14616219 -0.14616219
 -0.14616219 -0.14616219 -0.14616219 -0.14616219 -0.14616219 -0.14616219
 -0.14616219 -0.14616219 -0.14616219 -0.14616219 -0.14616219 -0.14616219
 -0.14616219 -0.14616219 -0.14616219 -0.14616219 -0.14616219 -0.14616219
 -0.14616219 -0.14616219 -0.14616219 -0.14616219 -0.14616219 -0.14616219
 -0.14616219 -0.14616219 -0.14616219 -0.14616219 -0.14616219 -0.14616219
 -0.14616219 -0.14616219 -0.14616219 -0.14616219]",[-0.02350644108646388]
6,"[-0.18450741 -0.18450741 -0.18450741 -0.18450741 -0.18450741 -0.18450741
 -0.18450741 -0.18450741 -0.18450741 -0.18450741 -0.18450741 -0.18450741
 -0.18450741 -0.18450741 -0.18450741 -0.18450741 -0.18450741 -0.18450741
  1.84661958 -0.18450741 -0.18450741 -0.18450741 -0.18450741 -0.18450741
 -0.18450741 -0.18450741 -0.18450741 -0.18450741 -0.18450741 -0.18450741
 -0.18450741 -0.18450741 -0.18450741 -0.18450741 -0.18450741 -0.18450741
 -0.18450741 -0.18450741 -0.18450741 -0.18450741 -0.18450741 -0.18450741
 -0.18450741 -0.18450741 -0.18450741 -0.18450741 -0.18450741 -0.18450741
 -0.18450741 -0.18450741 -0.18450741 -0.18450741 -0.18450741 -0.18450741
 -0.18450741 -0.18450741 -0.18450741 -0.18450741 -0.18450741 -0.18450741
 -0.18450741 -0.18450741 -0.18450741 -0.18450741 -0.18450741 -0.18450741
 -0.18450741 -0.18450741 -0.18450741 -0.18450741 -0.18450741 -0.18450741
 -0.18450741 -0.18450741 -0.18450741 -0.18450741 -0.18450741 -0.18450741
 -0.18450741 -0.18450741 -0.18450741 -0.18450741 -0.18450741  8.90076619
 -0.18450741 -0.18450741 -0.18450741 -0.18450741 -0.18450741  4.24885179
 -0.18450741  4.94997057  2.88752473 -0.18450741 -0.18450741  2.18385799
 -0.18450741 -0.18450741 -0.18450741 -0.18450741 -0.18450741 -0.18450741
 -0.18450741 -0.18450741 -0.18450741 -0.18450741 -0.18450741 -0.18450741
 -0.18450741 -0.18450741  6.43669069 -0.18450741 -0.18450741 -0.18450741
 -0.18450741  4.5814686   6.59817942 -0.18450741 -0.18450741 -0.18450741
 -0.18450741 -0.18450741 -0.18450741 -0.18450741  4.75264652 -0.18450741
 -0.18450741 -0.18450741 -0.18450741 -0.18450741 -0.18450741 -0.18450741
 -0.18450741 -0.18450741 -0.18450741 -0.18450741 -0.18450741 -0.18450741
 -0.18450741 -0.18450741 -0.18450741 -0.18450741 -0.18450741 -0.18450741
 -0.18450741 -0.18450741 -0.18450741 -0.18450741 -0.18450741 -0.18450741
 -0.18450741 -0.18450741 -0.18450741 -0.18450741 -0.18450741 -0.18450741
 -0.18450741 -0.18450741 -0.18450741 -0.18450741 -0.18450741 -0.18450741
 -0.18450741 -0.18450741 -0.18450741 -0.18450741 -0.18450741 -0.18450741
 -0.18450741 -0.18450741 -0.18450741 -0.18450741 -0.18450741 -0.18450741
 -0.18450741 -0.18450741 -0.18450741 -0.18450741 -0.18450741 -0.18450741
 -0.18450741 -0.18450741 -0.18450741 -0.18450741 -0.18450741 -0.18450741
 -0.18450741 -0.18450741 -0.18450741 -0.18450741 -0.18450741 -0.18450741
 -0.18450741 -0.18450741 -0.18450741 -0.18450741 -0.18450741 -0.18450741
 -0.18450741 -0.18450741  3.08629592 -0.18450741 -0.18450741  0.95091436
 -0.18450741 -0.18450741 -0.18450741 -0.18450741 -0.18450741 -0.18450741
  1.40511041 -0.18450741 -0.18450741 -0.18450741 -0.18450741  0.70119537
 -0.18450741 -0.18450741 -0.18450741 -0.18450741 -0.18450741 -0.18450741
 -0.18450741 -0.18450741 -0.18450741 -0.18450741 -0.18450741 -0.18450741
 -0.18450741 -0.18450741 -0.18450741 -0.18450741 -0.18450741 -0.18450741
 -0.18450741  0.06582029 -0.18450741 -0.18450741 -0.18450741 -0.18450741
 -0.18450741 -0.18450741 -0.18450741 -0.18450741 -0.18450741 -0.18450741
 -0.18450741 -0.18450741 -0.18450741 -0.18450741 -0.18450741 -0.18450741
 -0.18450741 -0.18450741 -0.18450741 -0.18450741 -0.18450741 -0.18450741
 -0.18450741 -0.18450741 -0.18450741 -0.18450741 -0.18450741 -0.18450741
 -0.18450741 -0.18450741 -0.18450741 -0.18450741 -0.18450741 -0.18450741
 -0.18450741 -0.18450741  0.10380814 -0.18450741 -0.18450741 -0.18450741
 -0.18450741 -0.18450741 -0.18450741 -0.18450741 -0.18450741 -0.18450741
 -0.18450741  1.46885414 -0.18450741 -0.18450741 -0.18450741 -0.18450741
 -0.18450741 -0.18450741 -0.18450741 -0.18450741 -0.18450741 -0.18450741
 -0.18450741 -0.18450741 -0.18450741 -0.18450741 -0.18450741  5.41894937
 -0.18450741 -0.18450741 -0.18450741 -0.18450741  2.14402658 -0.18450741
  8.48346758  6.5497223  -0.18450741 -0.18450741 -0.18450741  0.51698764
 -0.18450741 -0.18450741 -0.18450741 -0.18450741 -0.18450741 -0.18450741
 -0.18450741 -0.18450741 -0.18450741 -0.18450741 -0.18450741 -0.18450741
 -0.18450741 -0.18450741 -0.18450741 -0.18450741 -0.18450741 -0.18450741
 -0.18450741 -0.18450741 -0.18450741 -0.18450741 -0.18450741 -0.18450741
 -0.18450741 -0.18450741 -0.18450741 -0.18450741 -0.18450741 -0.18450741
 -0.18450741 -0.18450741 -0.18450741 -0.18450741 -0.18450741 -0.18450741
 -0.18450741 -0.18450741 -0.18450741 -0.18450741 -0.18450741 -0.18450741
 -0.18450741 -0.18450741 -0.18450741 -0.18450741 -0.18450741 -0.18450741
 -0.18450741 -0.18450741 -0.18450741 -0.18450741 -0.18450741 -0.18450741
 -0.18450741 -0.18450741 -0.18450741 -0.18450741 -0.18450741 -0.18450741
 -0.18450741 -0.18450741 -0.18450741 -0.18450741 -0.18450741 -0.18450741
 -0.18450741 -0.18450741 -0.18450741 -0.18450741 -0.18450741 -0.18450741
 -0.18450741 -0.18450741 -0.18450741 -0.18450741 -0.18450741 -0.18450741
 -0.18450741 -0.18450741 -0.18450741 -0.18450741 -0.18450741 -0.18450741
 -0.18450741 -0.18450741 -0.18450741 -0.18450741 -0.18450741 -0.18450741
 -0.18450741 -0.18450741 -0.18450741 -0.18450741 -0.18450741 -0.18450741
 -0.18450741 -0.18450741 -0.18450741 -0.18450741 -0.18450741 -0.18450741
 -0.18450741 -0.18450741 -0.18450741 -0.18450741 -0.18450741 -0.18450741
 -0.18450741 -0.18450741 -0.18450741 -0.18450741 -0.18450741 -0.18450741
 -0.18450741 -0.18450741 -0.18450741 -0.18450741 -0.18450741 -0.18450741
 -0.18450741 -0.18450741 -0.18450741 -0.18450741 -0.18450741 -0.18450741
 -0.18450741 -0.18450741 -0.18450741 -0.18450741 -0.18450741 -0.18450741
  6.02407915 -0.18450741 -0.18450741 -0.18450741 -0.18450741 -0.18450741
 -0.18450741 -0.18450741 -0.18450741 -0.18450741 -0.18450741 -0.18450741
 -0.18450741 -0.18450741 -0.18450741 -0.18450741 -0.18450741 -0.18450741
 -0.18450741 -0.18450741  5.87656687 -0.18450741 -0.18450741 -0.18450741
 -0.18450741 -0.18450741 -0.18450741 -0.18450741 -0.18450741 -0.18450741
 -0.18450741 -0.18450741 -0.18450741 -0.18450741 -0.18450741 -0.18450741
 -0.18450741 -0.18450741 -0.18450741 -0.18450741 -0.18450741 -0.18450741
 -0.18450741  1.14879507 -0.18450741 -0.18450741 -0.18450741 -0.18450741
 -0.18450741 -0.18450741 -0.18450741 -0.18450741 -0.18450741 -0.18450741
 -0.18450741 -0.18450741 -0.18450741 -0.18450741 -0.18450741 -0.18450741
 -0.18450741 -0.18450741 -0.18450741 -0.18450741 -0.18450741 -0.18450741
 -0.18450741 -0.18450741 -0.18450741 -0.18450741 -0.18450741 -0.18450741
 -0.18450741 -0.18450741 -0.18450741 -0.18450741]",[-0.022026233869300138]
6,"[-0.1589663  -0.1589663  -0.1589663  -0.1589663  -0.1589663  -0.1589663
 -0.1589663  -0.1589663  -0.1589663  -0.1589663  -0.1589663  -0.1589663
 -0.1589663  -0.1589663  -0.1589663  -0.1589663  -0.1589663  -0.1589663
  2.34074067 -0.1589663  -0.1589663   2.77056456 -0.1589663  -0.1589663
 -0.1589663  -0.1589663  -0.1589663  -0.1589663  -0.1589663  -0.1589663
 -0.1589663  -0.1589663  -0.1589663  -0.1589663  -0.1589663  -0.1589663
 -0.1589663  -0.1589663  -0.1589663  -0.1589663  -0.1589663  -0.1589663
 -0.1589663  -0.1589663  -0.1589663  -0.1589663  -0.1589663  -0.1589663
 -0.1589663  -0.1589663  -0.1589663  -0.1589663  -0.1589663  -0.1589663
 -0.1589663  -0.1589663  -0.1589663  -0.1589663  -0.1589663  -0.1589663
 -0.1589663  -0.1589663  -0.1589663  -0.1589663  -0.1589663  -0.1589663
 -0.1589663  -0.1589663  -0.1589663  -0.1589663  -0.1589663  -0.1589663
 -0.1589663  -0.1589663  -0.1589663  -0.1589663  -0.1589663  -0.1589663
 -0.1589663  -0.1589663  -0.1589663  -0.1589663  -0.1589663   2.60778458
 -0.1589663  -0.1589663  -0.1589663  -0.1589663   1.84245931 -0.1589663
 -0.1589663  -0.1589663  -0.1589663  -0.1589663  -0.1589663  -0.1589663
 -0.1589663  -0.1589663  -0.1589663  -0.1589663  -0.1589663  -0.1589663
 -0.1589663  -0.1589663  -0.1589663  -0.1589663  -0.1589663  -0.1589663
 -0.1589663  -0.1589663   0.9158886  -0.1589663  -0.1589663  -0.1589663
 -0.1589663  -0.1589663  -0.1589663  -0.1589663  -0.1589663  -0.1589663
 -0.1589663  -0.1589663  -0.1589663  -0.1589663  -0.1589663  -0.1589663
 -0.1589663  -0.1589663  -0.1589663  -0.1589663  -0.1589663  -0.1589663
 -0.1589663  -0.1589663  -0.1589663  -0.1589663  -0.1589663  -0.1589663
 -0.1589663  -0.1589663  -0.1589663  -0.1589663  -0.1589663  -0.1589663
 -0.1589663  -0.1589663  -0.1589663  -0.1589663  -0.1589663  -0.1589663
 -0.1589663  -0.1589663  -0.1589663  -0.1589663  -0.1589663  -0.1589663
 -0.1589663  -0.1589663  -0.1589663  -0.1589663  -0.1589663  -0.1589663
 -0.1589663  -0.1589663  -0.1589663  -0.1589663  -0.1589663  -0.1589663
 -0.1589663  -0.1589663  -0.1589663   7.59777025 -0.1589663  -0.1589663
 -0.1589663  -0.1589663  -0.1589663  -0.1589663  -0.1589663  -0.1589663
 -0.1589663  -0.1589663  -0.1589663  -0.1589663  -0.1589663  -0.1589663
 -0.1589663  -0.1589663  -0.1589663  -0.1589663  -0.1589663  -0.1589663
 -0.1589663  -0.1589663  -0.1589663  -0.1589663  -0.1589663  -0.1589663
 -0.1589663  -0.1589663   4.90123789 -0.1589663  -0.1589663   1.0143976
 -0.1589663  -0.1589663  -0.1589663  -0.1589663  -0.1589663  -0.1589663
  2.00076536 -0.1589663  -0.1589663  -0.1589663  -0.1589663   7.7028
 -0.1589663  -0.1589663  -0.1589663  -0.1589663  -0.1589663  -0.1589663
 -0.1589663  -0.1589663  -0.1589663  -0.1589663  -0.1589663  -0.1589663
 -0.1589663  -0.1589663  -0.1589663  -0.1589663  -0.1589663  -0.1589663
 -0.1589663   5.51507273 -0.1589663  -0.1589663   0.21651412 -0.1589663
 -0.1589663  -0.1589663  -0.1589663  -0.1589663  -0.1589663  -0.1589663
 -0.1589663  -0.1589663  -0.1589663  -0.1589663  -0.1589663  -0.1589663
 -0.1589663  -0.1589663  -0.1589663  -0.1589663  -0.1589663  -0.1589663
 -0.1589663  -0.1589663  -0.1589663  -0.1589663  -0.1589663  -0.1589663
 -0.1589663  -0.1589663  -0.1589663  -0.1589663  -0.1589663  -0.1589663
  4.32690843 -0.1589663  -0.1589663  -0.1589663   0.73836847 -0.1589663
 -0.1589663  -0.1589663  -0.1589663  -0.1589663  -0.1589663  -0.1589663
 -0.1589663  -0.1589663  -0.1589663  -0.1589663  -0.1589663   1.99266831
 -0.1589663  -0.1589663  -0.1589663  -0.1589663  -0.1589663  -0.1589663
 -0.1589663  -0.1589663  -0.1589663  -0.1589663  -0.1589663  -0.1589663
 -0.1589663  -0.1589663  -0.1589663  -0.1589663  -0.1589663  -0.1589663
 -0.1589663  -0.1589663  -0.1589663  -0.1589663  -0.1589663   6.92735489
 -0.1589663  -0.1589663  -0.1589663  -0.1589663  -0.1589663  -0.1589663
 -0.1589663  -0.1589663  -0.1589663  -0.1589663  -0.1589663  -0.1589663
 -0.1589663  -0.1589663  -0.1589663  -0.1589663  -0.1589663  -0.1589663
 -0.1589663  -0.1589663  -0.1589663  -0.1589663  -0.1589663  -0.1589663
 -0.1589663  -0.1589663  -0.1589663  -0.1589663  -0.1589663  -0.1589663
 -0.1589663  -0.1589663  -0.1589663  -0.1589663  -0.1589663  -0.1589663
 -0.1589663  -0.1589663  -0.1589663  -0.1589663  -0.1589663  -0.1589663
 -0.1589663  -0.1589663  -0.1589663  -0.1589663  -0.1589663  -0.1589663
 -0.1589663  -0.1589663  -0.1589663  -0.1589663  -0.1589663  -0.1589663
 -0.1589663  -0.1589663  -0.1589663  -0.1589663  -0.1589663  -0.1589663
 -0.1589663  -0.1589663  -0.1589663  -0.1589663  -0.1589663  -0.1589663
 -0.1589663  -0.1589663  -0.1589663  -0.1589663  -0.1589663  -0.1589663
 -0.1589663  -0.1589663  -0.1589663  -0.1589663  -0.1589663  -0.1589663
 -0.1589663  -0.1589663  -0.1589663  -0.1589663  -0.1589663  -0.1589663
 -0.1589663  -0.1589663  -0.1589663  -0.1589663  -0.1589663  -0.1589663
 -0.1589663  -0.1589663  -0.1589663  -0.1589663  -0.1589663  -0.1589663
 -0.1589663  -0.1589663  -0.1589663  -0.1589663  -0.1589663  -0.1589663
 -0.1589663  -0.1589663  -0.1589663  -0.1589663  -0.1589663  -0.1589663
 -0.1589663  -0.1589663  -0.1589663  -0.1589663  -0.1589663  -0.1589663
 -0.1589663  -0.1589663  -0.1589663  -0.1589663  -0.1589663  -0.1589663
 -0.1589663  -0.1589663  -0.1589663  -0.1589663  -0.1589663  -0.1589663
 -0.1589663  -0.1589663  -0.1589663  -0.1589663  -0.1589663  -0.1589663
 -0.1589663  -0.1589663  -0.1589663  -0.1589663  -0.1589663  -0.1589663
 -0.1589663  -0.1589663  -0.1589663  -0.1589663  -0.1589663  -0.1589663
 -0.1589663  -0.1589663  -0.1589663  -0.1589663  -0.1589663  -0.1589663
 -0.1589663  -0.1589663   8.4354415  -0.1589663  -0.1589663  -0.1589663
 11.88258156 -0.1589663  -0.1589663  -0.1589663   4.67516098 -0.1589663
 -0.1589663  -0.1589663  -0.1589663  -0.1589663  -0.1589663  -0.1589663
 -0.1589663  -0.1589663  -0.1589663  -0.1589663  -0.1589663  -0.1589663
 -0.1589663  -0.1589663  -0.1589663  -0.1589663  -0.1589663   1.07866858
 -0.1589663  -0.1589663  -0.1589663  -0.1589663  -0.1589663  -0.1589663
 -0.1589663  -0.1589663  -0.1589663  -0.1589663  -0.1589663  -0.1589663
 -0.1589663  -0.1589663  -0.1589663  -0.1589663  -0.1589663  -0.1589663
 -0.1589663  -0.1589663  -0.1589663  -0.1589663  -0.1589663  -0.1589663
 -0.1589663  -0.1589663  -0.1589663  -0.1589663 ]",[0.023635258070992954]
6,"[-0.20085425 -0.20085425 -0.20085425 -0.20085425 -0.20085425 -0.20085425
 -0.20085425 -0.20085425 -0.20085425 -0.20085425 -0.20085425 -0.20085425
 -0.20085425 -0.20085425 -0.20085425 -0.20085425 -0.20085425 -0.20085425
  1.4605586  -0.20085425 -0.20085425 -0.20085425 -0.20085425 -0.20085425
 -0.20085425 -0.20085425 -0.20085425 -0.20085425 -0.20085425 -0.20085425
 -0.20085425 -0.20085425 -0.20085425 -0.20085425 -0.20085425 -0.20085425
 -0.20085425 -0.20085425 -0.20085425 -0.20085425 -0.20085425 -0.20085425
 -0.20085425 -0.20085425 -0.20085425 -0.20085425 -0.20085425 -0.20085425
 -0.20085425 -0.20085425 -0.20085425 -0.20085425 -0.20085425 -0.20085425
 -0.20085425 -0.20085425 -0.20085425 -0.20085425  1.17355388 -0.20085425
 -0.20085425 -0.20085425 -0.20085425 -0.20085425 -0.20085425 -0.20085425
 -0.20085425 -0.20085425 -0.20085425 -0.20085425 -0.20085425 -0.20085425
 -0.20085425 -0.20085425 -0.20085425 -0.20085425 -0.20085425 -0.20085425
 -0.20085425 -0.20085425 -0.20085425 -0.20085425 -0.20085425  2.61709393
 -0.20085425 -0.20085425 -0.20085425 -0.20085425 -0.20085425 -0.20085425
 -0.20085425 -0.20085425  2.34881187 -0.20085425 -0.20085425 -0.20085425
 -0.20085425 -0.20085425 -0.20085425 -0.20085425 -0.20085425 -0.20085425
 -0.20085425 -0.20085425 -0.20085425 -0.20085425 -0.20085425 -0.20085425
 -0.20085425 -0.20085425  1.16218332 -0.20085425 -0.20085425 -0.20085425
 -0.20085425 -0.20085425  0.48800698 -0.20085425 -0.20085425 -0.20085425
 -0.20085425 -0.20085425 -0.20085425 -0.20085425 -0.20085425 -0.20085425
 -0.20085425 -0.20085425 -0.20085425 -0.20085425 -0.20085425 -0.20085425
 -0.20085425 -0.20085425 -0.20085425 -0.20085425 -0.20085425 -0.20085425
 -0.20085425 -0.20085425 -0.20085425 -0.20085425 -0.20085425 -0.20085425
 -0.20085425 -0.20085425 -0.20085425 -0.20085425 -0.20085425 -0.20085425
 -0.20085425 -0.20085425 -0.20085425 -0.20085425 -0.20085425 -0.20085425
 -0.20085425 -0.20085425 -0.20085425 -0.20085425 -0.20085425 -0.20085425
 -0.20085425 -0.20085425 -0.20085425 -0.20085425 -0.20085425 -0.20085425
 -0.20085425 -0.20085425 -0.20085425 -0.20085425 -0.20085425  1.53696794
 -0.20085425 -0.20085425 -0.20085425 -0.20085425 -0.20085425 -0.20085425
 -0.20085425 -0.20085425 -0.20085425 -0.20085425 -0.20085425 -0.20085425
  2.40937442 -0.20085425 -0.20085425 -0.20085425 -0.20085425 -0.20085425
 -0.20085425 -0.20085425  2.95916391 -0.20085425 -0.20085425 -0.20085425
 -0.20085425 -0.20085425 -0.20085425 -0.20085425 -0.20085425 -0.20085425
 -0.20085425 -0.20085425 -0.20085425 -0.20085425 -0.20085425 -0.20085425
  2.68014192 -0.20085425 -0.20085425 -0.20085425 -0.20085425  5.27110371
 -0.20085425 -0.20085425 -0.20085425 -0.20085425 -0.20085425 -0.20085425
 -0.20085425  0.24784293 -0.20085425 -0.20085425 -0.20085425 -0.20085425
 -0.20085425 -0.20085425 -0.20085425 -0.20085425 -0.20085425 -0.20085425
 -0.20085425  4.90532014 -0.20085425  4.63468291  3.1767373  -0.20085425
  3.05420486 -0.20085425 -0.20085425 -0.20085425 -0.20085425 -0.20085425
 -0.20085425 -0.20085425 -0.20085425 -0.20085425 -0.20085425 -0.20085425
 -0.20085425 -0.20085425 -0.20085425 -0.20085425  4.66768184 -0.20085425
 -0.20085425 -0.20085425 -0.20085425  6.6938074  -0.20085425  0.31642541
 -0.20085425 -0.20085425 -0.20085425 -0.20085425 -0.20085425 -0.20085425
 -0.20085425 -0.20085425  0.30114739 -0.20085425  4.74165677 -0.20085425
 -0.20085425 -0.20085425 -0.20085425 -0.20085425 -0.20085425 -0.20085425
 -0.20085425  4.12689355 -0.20085425 -0.20085425 -0.20085425  7.94535376
 -0.20085425 -0.20085425 -0.20085425 -0.20085425 -0.20085425 -0.20085425
 -0.20085425 -0.20085425 -0.20085425 -0.20085425 -0.20085425 -0.20085425
 -0.20085425 -0.20085425 -0.20085425 -0.20085425 -0.20085425 -0.20085425
 -0.20085425 -0.20085425 -0.20085425 -0.20085425 -0.20085425  2.06205882
 -0.20085425  0.62093743 -0.20085425 -0.20085425 -0.20085425 -0.20085425
 -0.20085425 -0.20085425 -0.20085425 -0.20085425 -0.20085425 -0.20085425
 -0.20085425 -0.20085425 -0.20085425 -0.20085425 -0.20085425 -0.20085425
 -0.20085425 -0.20085425 -0.20085425 -0.20085425 -0.20085425 -0.20085425
 -0.20085425 -0.20085425 -0.20085425 -0.20085425 -0.20085425 -0.20085425
 -0.20085425 -0.20085425 -0.20085425 -0.20085425 -0.20085425 -0.20085425
 -0.20085425 -0.20085425 -0.20085425 -0.20085425 -0.20085425 -0.20085425
 -0.20085425 -0.20085425 -0.20085425 -0.20085425 -0.20085425 -0.20085425
 -0.20085425 -0.20085425 -0.20085425 -0.20085425 -0.20085425 -0.20085425
 -0.20085425 -0.20085425 -0.20085425 -0.20085425 -0.20085425 -0.20085425
 -0.20085425 -0.20085425 -0.20085425 -0.20085425 -0.20085425 -0.20085425
 -0.20085425 -0.20085425 -0.20085425 -0.20085425 -0.20085425 -0.20085425
 -0.20085425 -0.20085425 -0.20085425 -0.20085425 -0.20085425 -0.20085425
 -0.20085425 -0.20085425 -0.20085425 -0.20085425 -0.20085425 -0.20085425
 -0.20085425 -0.20085425 -0.20085425 -0.20085425 -0.20085425 -0.20085425
 -0.20085425 -0.20085425 -0.20085425 -0.20085425 -0.20085425 -0.20085425
 -0.20085425 -0.20085425 -0.20085425 -0.20085425 -0.20085425 -0.20085425
 -0.20085425 -0.20085425 -0.20085425 -0.20085425 -0.20085425 -0.20085425
 -0.20085425 -0.20085425 -0.20085425 -0.20085425 -0.20085425 -0.20085425
 -0.20085425 -0.20085425 -0.20085425 -0.20085425 -0.20085425 -0.20085425
 -0.20085425 -0.20085425 -0.20085425 -0.20085425 -0.20085425 -0.20085425
 -0.20085425 -0.20085425 -0.20085425 -0.20085425 -0.20085425 -0.20085425
 -0.20085425 -0.20085425 -0.20085425 -0.20085425 -0.20085425 -0.20085425
 -0.20085425 -0.20085425 -0.20085425 -0.20085425 -0.20085425 -0.20085425
 -0.20085425 -0.20085425 -0.20085425 -0.20085425 -0.20085425 -0.20085425
 -0.20085425 -0.20085425  7.30425969 -0.20085425  7.03113888 -0.20085425
  8.40698915 -0.20085425 -0.20085425 -0.20085425 -0.20085425 -0.20085425
 -0.20085425 -0.20085425 -0.20085425 -0.20085425 -0.20085425 -0.20085425
 -0.20085425 -0.20085425 -0.20085425 -0.20085425 -0.20085425 -0.20085425
 -0.20085425  4.27533743 -0.20085425 -0.20085425 -0.20085425 -0.20085425
 -0.20085425 -0.20085425 -0.20085425 -0.20085425 -0.20085425 -0.20085425
 -0.20085425 -0.20085425 -0.20085425 -0.20085425 -0.20085425 -0.20085425
 -0.20085425 -0.20085425 -0.20085425 -0.20085425 -0.20085425 -0.20085425
 -0.20085425 -0.20085425 -0.20085425 -0.20085425 -0.20085425 -0.20085425
 -0.20085425 -0.20085425 -0.20085425 -0.20085425]",[-0.009661519336583657]
6,"[-0.10806179 -0.10806179 -0.10806179 -0.10806179 -0.10806179 -0.10806179
 -0.10806179 -0.10806179 -0.10806179 -0.10806179 -0.10806179 -0.10806179
 -0.10806179 -0.10806179 -0.10806179 -0.10806179 -0.10806179 -0.10806179
 -0.10806179 -0.10806179 -0.10806179 -0.10806179 -0.10806179 -0.10806179
 -0.10806179 -0.10806179 -0.10806179 -0.10806179 -0.10806179 -0.10806179
 -0.10806179 -0.10806179 -0.10806179 -0.10806179 -0.10806179 -0.10806179
 -0.10806179 -0.10806179 -0.10806179 -0.10806179 -0.10806179 -0.10806179
 -0.10806179 -0.10806179 -0.10806179 -0.10806179 -0.10806179 -0.10806179
 -0.10806179 -0.10806179 -0.10806179 -0.10806179 -0.10806179 -0.10806179
 -0.10806179 -0.10806179 -0.10806179 -0.10806179 -0.10806179 -0.10806179
 -0.10806179 -0.10806179 -0.10806179 -0.10806179 -0.10806179 -0.10806179
 -0.10806179 -0.10806179 -0.10806179 -0.10806179 -0.10806179 -0.10806179
 -0.10806179 -0.10806179 -0.10806179 -0.10806179 -0.10806179 -0.10806179
 -0.10806179 -0.10806179 -0.10806179 -0.10806179 -0.10806179 -0.10806179
 -0.10806179 -0.10806179 -0.10806179 -0.10806179 -0.10806179 -0.10806179
 -0.10806179 -0.10806179 -0.10806179 -0.10806179 -0.10806179 -0.10806179
 -0.10806179 -0.10806179 -0.10806179 -0.10806179 -0.10806179 -0.10806179
 -0.10806179 -0.10806179 -0.10806179 -0.10806179 -0.10806179 -0.10806179
 -0.10806179 -0.10806179  0.88375634 -0.10806179 -0.10806179 -0.10806179
 -0.10806179 -0.10806179 -0.10806179 -0.10806179 -0.10806179 -0.10806179
 -0.10806179 -0.10806179 -0.10806179 -0.10806179 -0.10806179 -0.10806179
 -0.10806179 -0.10806179 -0.10806179 -0.10806179 -0.10806179 -0.10806179
 -0.10806179 -0.10806179 -0.10806179 -0.10806179 -0.10806179 -0.10806179
 -0.10806179 -0.10806179 -0.10806179 -0.10806179 -0.10806179 -0.10806179
 -0.10806179 -0.10806179 -0.10806179 -0.10806179 -0.10806179 -0.10806179
 -0.10806179 -0.10806179 -0.10806179 -0.10806179 -0.10806179 -0.10806179
 -0.10806179 -0.10806179 -0.10806179 -0.10806179 -0.10806179 -0.10806179
 -0.10806179 -0.10806179 -0.10806179 -0.10806179 -0.10806179 -0.10806179
 -0.10806179 -0.10806179 -0.10806179 -0.10806179 -0.10806179 -0.10806179
 -0.10806179 -0.10806179 -0.10806179 -0.10806179 -0.10806179 -0.10806179
 -0.10806179 -0.10806179 -0.10806179 -0.10806179 -0.10806179 -0.10806179
  3.13780226 -0.10806179 -0.10806179 -0.10806179 -0.10806179 -0.10806179
 -0.10806179 -0.10806179 -0.10806179 -0.10806179 -0.10806179 -0.10806179
 -0.10806179 -0.10806179 -0.10806179 -0.10806179 -0.10806179 -0.10806179
 -0.10806179 -0.10806179 -0.10806179 -0.10806179 -0.10806179 -0.10806179
  7.5462464  -0.10806179 -0.10806179 -0.10806179 -0.10806179  9.75875384
 -0.10806179 -0.10806179 -0.10806179 -0.10806179 -0.10806179 -0.10806179
 -0.10806179 -0.10806179 -0.10806179 -0.10806179 -0.10806179 -0.10806179
 -0.10806179 -0.10806179 -0.10806179 -0.10806179 -0.10806179 -0.10806179
 -0.10806179 -0.03684157 -0.10806179 -0.10806179  0.58276342 -0.10806179
 -0.10806179 -0.10806179 -0.10806179 -0.10806179 -0.10806179 -0.10806179
 -0.10806179 -0.10806179 -0.10806179 -0.10806179 -0.10806179 -0.10806179
 -0.10806179 -0.10806179 -0.10806179 -0.10806179 -0.10806179 -0.10806179
 -0.10806179 -0.10806179 -0.10806179 -0.10806179 -0.10806179 -0.10806179
 -0.10806179 -0.10806179 -0.10806179 -0.10806179 -0.10806179 -0.10806179
 -0.10806179 -0.10806179 -0.10806179 -0.10806179 -0.10806179 -0.10806179
 -0.10806179 -0.10806179 -0.10806179 -0.10806179 -0.10806179 -0.10806179
 -0.10806179 -0.10806179 -0.10806179 -0.10806179 -0.10806179 11.81777192
 -0.10806179 -0.10806179 -0.10806179 -0.10806179 -0.10806179 -0.10806179
 -0.10806179 -0.10806179 -0.10806179 -0.10806179 -0.10806179 -0.10806179
 -0.10806179 -0.10806179 -0.10806179 -0.10806179 -0.10806179 -0.10806179
 -0.10806179 -0.10806179 -0.10806179 -0.10806179 -0.10806179  8.74487376
 -0.10806179 -0.10806179 -0.10806179 -0.10806179 -0.10806179 -0.10806179
 -0.10806179 -0.10806179 -0.10806179 -0.10806179 -0.10806179 -0.10806179
 -0.10806179 -0.10806179 -0.10806179 -0.10806179 -0.10806179 -0.10806179
 -0.10806179 -0.10806179 -0.10806179 -0.10806179 -0.10806179 -0.10806179
 -0.10806179 -0.10806179 -0.10806179 -0.10806179 -0.10806179 -0.10806179
 -0.10806179 -0.10806179 -0.10806179 -0.10806179 -0.10806179 -0.10806179
 -0.10806179 -0.10806179 -0.10806179 -0.10806179 -0.10806179 -0.10806179
 -0.10806179 -0.10806179 -0.10806179 -0.10806179 -0.10806179 -0.10806179
 -0.10806179 -0.10806179 -0.10806179 -0.10806179 -0.10806179 -0.10806179
 -0.10806179 -0.10806179 -0.10806179 -0.10806179 -0.10806179 -0.10806179
 -0.10806179 -0.10806179 -0.10806179 -0.10806179 -0.10806179 -0.10806179
 -0.10806179 -0.10806179 -0.10806179 -0.10806179 -0.10806179 -0.10806179
 -0.10806179 -0.10806179 -0.10806179 -0.10806179 -0.10806179 -0.10806179
 -0.10806179 -0.10806179 -0.10806179 -0.10806179 -0.10806179 -0.10806179
 -0.10806179 -0.10806179 -0.10806179 -0.10806179 -0.10806179 -0.10806179
 -0.10806179 -0.10806179 -0.10806179 -0.10806179 -0.10806179 -0.10806179
 -0.10806179 -0.10806179 -0.10806179 -0.10806179 -0.10806179 -0.10806179
 -0.10806179 -0.10806179 -0.10806179 -0.10806179 -0.10806179 -0.10806179
 -0.10806179 -0.10806179 -0.10806179 -0.10806179 -0.10806179 -0.10806179
 -0.10806179 -0.10806179 -0.10806179 -0.10806179 -0.10806179 -0.10806179
 -0.10806179 -0.10806179 -0.10806179 -0.10806179 -0.10806179 -0.10806179
 -0.10806179 -0.10806179 -0.10806179 -0.10806179 -0.10806179 -0.10806179
 -0.10806179 -0.10806179 -0.10806179 -0.10806179 -0.10806179 -0.10806179
 -0.10806179 -0.10806179 -0.10806179 -0.10806179 -0.10806179 -0.10806179
 -0.10806179 -0.10806179 -0.10806179 -0.10806179 -0.10806179 -0.10806179
 -0.10806179 -0.10806179 11.55449971 -0.10806179 -0.10806179 -0.10806179
 -0.10806179 -0.10806179 -0.10806179 -0.10806179 -0.10806179 -0.10806179
 -0.10806179 -0.10806179 -0.10806179 -0.10806179 -0.10806179 -0.10806179
 -0.10806179 -0.10806179 -0.10806179 -0.10806179 -0.10806179 -0.10806179
 -0.10806179 -0.10806179 -0.10806179 -0.10806179 -0.10806179 -0.10806179
 -0.10806179 -0.10806179 -0.10806179 -0.10806179 -0.10806179  1.12188581
 -0.10806179 -0.10806179 -0.10806179 -0.10806179 -0.10806179 -0.10806179
 -0.10806179 -0.10806179 -0.10806179 -0.10806179 -0.10806179 -0.10806179
 -0.10806179 -0.10806179 -0.10806179 -0.10806179 -0.10806179 -0.10806179
 -0.10806179 -0.10806179 -0.10806179 -0.10806179]",[0.011753888852365987]
6,"[-0.15418057 -0.15418057 -0.15418057 -0.15418057 -0.15418057 -0.15418057
 -0.15418057 -0.15418057 -0.15418057 -0.15418057 -0.15418057 -0.15418057
 -0.15418057 -0.15418057 -0.15418057 -0.15418057 -0.15418057 -0.15418057
  6.06272226 -0.15418057 -0.15418057 -0.15418057 -0.15418057 -0.15418057
 -0.15418057 -0.15418057 -0.15418057 -0.15418057 -0.15418057 -0.15418057
 -0.15418057 -0.15418057 -0.15418057 -0.15418057 -0.15418057 -0.15418057
 -0.15418057 -0.15418057 -0.15418057 -0.15418057 -0.15418057 -0.15418057
 -0.15418057 -0.15418057 -0.15418057 -0.15418057 -0.15418057 -0.15418057
 -0.15418057 -0.15418057 -0.15418057 -0.15418057 -0.15418057 -0.15418057
 -0.15418057 -0.15418057 -0.15418057 -0.15418057 -0.15418057 -0.15418057
 -0.15418057 -0.15418057 -0.15418057 -0.15418057 -0.15418057 -0.15418057
 -0.15418057 -0.15418057 -0.15418057 -0.15418057 -0.15418057 -0.15418057
 -0.15418057 -0.15418057 -0.15418057 -0.15418057 -0.15418057 -0.15418057
 -0.15418057 -0.15418057 -0.15418057 -0.15418057 -0.15418057  6.33178004
 -0.15418057 -0.15418057 -0.15418057 -0.15418057 -0.15418057 -0.15418057
 -0.15418057 -0.15418057 -0.15418057 -0.15418057 -0.15418057 -0.15418057
 -0.15418057 -0.15418057 -0.15418057 -0.15418057 -0.15418057 -0.15418057
 -0.15418057 -0.15418057 -0.15418057 -0.15418057 -0.15418057 -0.15418057
 -0.15418057 -0.15418057 -0.15418057 -0.15418057 -0.15418057 -0.15418057
 -0.15418057 -0.15418057  0.45059202 -0.15418057 -0.15418057 -0.15418057
 -0.15418057 -0.15418057 -0.15418057 -0.15418057  8.37718892 -0.15418057
 -0.15418057 -0.15418057 -0.15418057 -0.15418057 -0.15418057 -0.15418057
 -0.15418057 -0.15418057 -0.15418057 -0.15418057 -0.15418057 -0.15418057
 -0.15418057 -0.15418057 -0.15418057 -0.15418057 -0.15418057 -0.15418057
 -0.15418057 -0.15418057 -0.15418057 -0.15418057 -0.15418057 -0.15418057
 -0.15418057 -0.15418057 -0.15418057 -0.15418057 -0.15418057 -0.15418057
 -0.15418057 -0.15418057 -0.15418057 -0.15418057 -0.15418057 -0.15418057
 -0.15418057 -0.15418057 -0.15418057 -0.15418057 -0.15418057 -0.15418057
 -0.15418057 -0.15418057 -0.15418057 -0.15418057 -0.15418057 -0.15418057
 -0.15418057 -0.15418057 -0.15418057 -0.15418057 -0.15418057 -0.15418057
 -0.15418057 -0.15418057 -0.15418057 -0.15418057 -0.15418057 -0.15418057
 -0.15418057 -0.15418057 -0.15418057 -0.15418057 -0.15418057 -0.15418057
 -0.15418057 -0.15418057 -0.15418057 -0.15418057 -0.15418057 -0.15418057
 -0.15418057 -0.15418057  4.88167161 -0.15418057 -0.15418057 -0.15418057
 -0.15418057 -0.15418057 -0.15418057 -0.15418057 -0.15418057 -0.15418057
 -0.15418057 -0.15418057 -0.15418057 -0.15418057 -0.15418057  7.34426566
 -0.15418057 -0.15418057 -0.15418057 -0.15418057 -0.15418057 -0.15418057
 -0.15418057 -0.15418057 -0.15418057 -0.15418057 -0.15418057 -0.15418057
 -0.15418057 -0.15418057 -0.15418057 -0.15418057 -0.15418057 -0.15418057
 -0.15418057  2.07509568 -0.15418057  1.85375252  2.94126071 -0.15418057
 -0.15418057 -0.15418057 -0.15418057 -0.15418057 -0.15418057 -0.15418057
 -0.15418057 -0.15418057 -0.15418057 -0.15418057 -0.15418057 -0.15418057
 -0.15418057 -0.15418057 -0.15418057 -0.15418057 -0.15418057 -0.15418057
 -0.15418057 -0.15418057 -0.15418057  5.5352291  -0.15418057  0.04609736
 -0.15418057 -0.15418057 -0.15418057 -0.15418057 -0.15418057 -0.15418057
 -0.15418057 -0.15418057 -0.15418057 -0.15418057  6.42832378 -0.15418057
 -0.15418057 -0.15418057 -0.15418057 -0.15418057 -0.15418057 -0.15418057
 -0.15418057  4.89826171 -0.15418057 -0.15418057 -0.15418057 -0.15418057
 -0.15418057 -0.15418057 -0.15418057 -0.15418057 -0.15418057 -0.15418057
 -0.15418057 -0.15418057 -0.15418057 -0.15418057 -0.15418057 -0.15418057
 -0.15418057 -0.15418057 -0.15418057 -0.15418057 -0.15418057 -0.15418057
 -0.15418057 -0.15418057 -0.15418057 -0.15418057 -0.15418057  4.81533617
 -0.15418057 -0.15418057 -0.15418057 -0.15418057 -0.15418057 -0.15418057
 -0.15418057 -0.15418057 -0.15418057 -0.15418057 -0.15418057 -0.15418057
 -0.15418057 -0.15418057 -0.15418057 -0.15418057 -0.15418057 -0.15418057
 -0.15418057 -0.15418057 -0.15418057 -0.15418057 -0.15418057 -0.15418057
 -0.15418057 -0.15418057 -0.15418057 -0.15418057 -0.15418057 -0.15418057
 -0.15418057 -0.15418057 -0.15418057 -0.15418057 -0.15418057 -0.15418057
 -0.15418057 -0.15418057 -0.15418057 -0.15418057 -0.15418057 -0.15418057
 -0.15418057 -0.15418057 -0.15418057 -0.15418057 -0.15418057 -0.15418057
 -0.15418057 -0.15418057 -0.15418057 -0.15418057 -0.15418057 -0.15418057
 -0.15418057 -0.15418057 -0.15418057 -0.15418057 -0.15418057 -0.15418057
 -0.15418057 -0.15418057 -0.15418057 -0.15418057 -0.15418057 -0.15418057
 -0.15418057 -0.15418057 -0.15418057 -0.15418057 -0.15418057 -0.15418057
 -0.15418057 -0.15418057 -0.15418057 -0.15418057 -0.15418057 -0.15418057
 -0.15418057 -0.15418057 -0.15418057 -0.15418057 -0.15418057 -0.15418057
 -0.15418057 -0.15418057 -0.15418057 -0.15418057 -0.15418057 -0.15418057
 -0.15418057 -0.15418057 -0.15418057 -0.15418057 -0.15418057 -0.15418057
 -0.15418057 -0.15418057 -0.15418057 -0.15418057 -0.15418057 -0.15418057
 -0.15418057 -0.15418057 -0.15418057 -0.15418057 -0.15418057 -0.15418057
 -0.15418057 -0.15418057 -0.15418057 -0.15418057 -0.15418057 -0.15418057
 -0.15418057 -0.15418057 -0.15418057 -0.15418057 -0.15418057 -0.15418057
 -0.15418057 -0.15418057 -0.15418057 -0.15418057 -0.15418057 -0.15418057
 -0.15418057 -0.15418057 -0.15418057 -0.15418057 -0.15418057 -0.15418057
 -0.15418057 -0.15418057 -0.15418057 -0.15418057 -0.15418057 -0.15418057
 -0.15418057 -0.15418057 -0.15418057 -0.15418057 -0.15418057 -0.15418057
 -0.15418057 -0.15418057 -0.15418057 -0.15418057 -0.15418057 -0.15418057
 -0.15418057 -0.15418057 -0.15418057 -0.15418057 -0.15418057 -0.15418057
 11.35271772 -0.15418057 -0.15418057 -0.15418057 -0.15418057 -0.15418057
 -0.15418057 -0.15418057 -0.15418057 -0.15418057 -0.15418057 -0.15418057
 -0.15418057 -0.15418057 -0.15418057 -0.15418057 -0.15418057 -0.15418057
 -0.15418057  4.31271021 -0.15418057 -0.15418057 -0.15418057 -0.15418057
 -0.15418057 -0.15418057 -0.15418057 -0.15418057 -0.15418057 -0.15418057
 -0.15418057 -0.15418057 -0.15418057 -0.15418057 -0.15418057 -0.15418057
 -0.15418057 -0.15418057 -0.15418057 -0.15418057 -0.15418057 -0.15418057
 -0.15418057 -0.15418057 -0.15418057 -0.15418057 -0.15418057 -0.15418057
 -0.15418057 -0.15418057 -0.15418057 -0.15418057]",[-0.049758245666105066]
6,"[-0.18149434 -0.18149434 -0.18149434 -0.18149434 -0.18149434 -0.18149434
 -0.18149434 -0.18149434 -0.18149434 -0.18149434 -0.18149434 -0.18149434
 -0.18149434 -0.18149434 -0.18149434 -0.18149434 -0.18149434 -0.18149434
 -0.18149434 -0.18149434 -0.18149434  4.46710172 -0.18149434 -0.18149434
 -0.18149434 -0.18149434 -0.18149434 -0.18149434 -0.18149434 -0.18149434
 -0.18149434 -0.18149434 -0.18149434 -0.18149434 -0.18149434 -0.18149434
 -0.18149434 -0.18149434 -0.18149434 -0.18149434 -0.18149434 -0.18149434
 -0.18149434 -0.18149434 -0.18149434 -0.18149434 -0.18149434 -0.18149434
 -0.18149434 -0.18149434 -0.18149434 -0.18149434 -0.18149434 -0.18149434
 -0.18149434 -0.18149434 -0.18149434 -0.18149434 -0.18149434 -0.18149434
 -0.18149434 -0.18149434 -0.18149434 -0.18149434 -0.18149434 -0.18149434
 -0.18149434 -0.18149434 -0.18149434 -0.18149434 -0.18149434 -0.18149434
 -0.18149434 -0.18149434 -0.18149434 -0.18149434 -0.18149434 -0.18149434
 -0.18149434 -0.18149434 -0.18149434 -0.18149434 -0.18149434 10.0632971
 -0.18149434 -0.18149434 -0.18149434 -0.18149434  1.94509302 -0.18149434
 -0.18149434 -0.18149434 -0.18149434 -0.18149434 -0.18149434 -0.18149434
 -0.18149434 -0.18149434 -0.18149434 -0.18149434 -0.18149434 -0.18149434
 -0.18149434 -0.18149434 -0.18149434 -0.18149434 -0.18149434 -0.18149434
 -0.18149434 -0.18149434  8.76988984 -0.18149434 -0.18149434 -0.18149434
 -0.18149434 -0.18149434  5.10261057 -0.18149434 -0.18149434 -0.18149434
 -0.18149434 -0.18149434 -0.18149434  0.3482928  -0.18149434 -0.18149434
 -0.18149434 -0.18149434 -0.18149434 -0.18149434 -0.18149434 -0.18149434
 -0.18149434 -0.18149434 -0.18149434 -0.18149434 -0.18149434 -0.18149434
 -0.18149434 -0.18149434 -0.18149434 -0.18149434 -0.18149434 -0.18149434
 -0.18149434 -0.18149434 -0.18149434 -0.18149434 -0.18149434 -0.18149434
 -0.18149434 -0.18149434 -0.18149434 -0.18149434 -0.18149434 -0.18149434
 -0.18149434 -0.18149434 -0.18149434 -0.18149434 -0.18149434 -0.18149434
 -0.18149434 -0.18149434 -0.18149434 -0.18149434 -0.18149434 -0.18149434
 -0.18149434 -0.18149434 -0.18149434 -0.18149434 -0.18149434 -0.18149434
 -0.18149434 -0.18149434 -0.18149434 -0.18149434 -0.18149434 -0.18149434
 -0.18149434 -0.18149434 -0.18149434 -0.18149434 -0.18149434 -0.18149434
 -0.18149434 -0.18149434 -0.18149434 -0.18149434 -0.18149434 -0.18149434
 -0.18149434 -0.18149434 -0.18149434 -0.18149434 -0.18149434 -0.18149434
 -0.18149434 -0.18149434  2.01516813 -0.18149434 -0.18149434  2.92171261
 -0.18149434 -0.18149434 -0.18149434 -0.18149434 -0.18149434 -0.18149434
  3.13852285 -0.18149434 -0.18149434 -0.18149434 -0.18149434  3.89379694
 -0.18149434 -0.18149434  0.26932913 -0.18149434 -0.18149434 -0.18149434
 -0.18149434 -0.18149434 -0.18149434 -0.18149434 -0.18149434 -0.18149434
 -0.18149434 -0.18149434 -0.18149434  2.5877293  -0.18149434 -0.18149434
 -0.18149434 -0.18149434 -0.18149434 -0.18149434 -0.18149434 -0.18149434
  5.63397656 -0.18149434 -0.18149434 -0.18149434 -0.18149434 -0.18149434
 -0.18149434 -0.18149434 -0.18149434 -0.18149434 -0.18149434 -0.18149434
 -0.18149434 -0.18149434 -0.18149434 -0.18149434 -0.18149434 -0.18149434
 -0.18149434 -0.18149434 -0.18149434  1.66247547 -0.18149434  0.03146189
 -0.18149434 -0.18149434 -0.18149434 -0.18149434 -0.18149434 -0.18149434
 -0.18149434 -0.18149434  2.30661558 -0.18149434 -0.18149434 -0.18149434
 -0.18149434 -0.18149434 -0.18149434 -0.18149434 -0.18149434 -0.18149434
 -0.18149434 -0.18149434 -0.18149434 -0.18149434 -0.18149434 -0.18149434
 -0.18149434 -0.18149434 -0.18149434 -0.18149434 -0.18149434 -0.18149434
 -0.18149434 -0.18149434  3.9254233  -0.18149434 -0.18149434 -0.18149434
  6.71638946 -0.18149434 -0.18149434 -0.18149434  3.29822546 -0.18149434
 -0.18149434 -0.18149434 -0.18149434 -0.18149434 -0.18149434  6.54801187
 -0.18149434 -0.18149434 -0.18149434 -0.18149434 -0.18149434 -0.18149434
 -0.18149434 -0.18149434 -0.18149434 -0.18149434 -0.18149434 -0.18149434
 -0.18149434 -0.18149434 -0.18149434 -0.18149434 -0.18149434 -0.18149434
 -0.18149434 -0.18149434 -0.18149434 -0.18149434 -0.18149434 -0.18149434
 -0.18149434 -0.18149434 -0.18149434 -0.18149434 -0.18149434 -0.18149434
 -0.18149434 -0.18149434 -0.18149434 -0.18149434 -0.18149434 -0.18149434
 -0.18149434 -0.18149434 -0.18149434 -0.18149434 -0.18149434 -0.18149434
 -0.18149434 -0.18149434 -0.18149434 -0.18149434 -0.18149434 -0.18149434
 -0.18149434 -0.18149434 -0.18149434 -0.18149434 -0.18149434 -0.18149434
 -0.18149434 -0.18149434 -0.18149434 -0.18149434 -0.18149434 -0.18149434
 -0.18149434 -0.18149434 -0.18149434 -0.18149434 -0.18149434 -0.18149434
 -0.18149434 -0.18149434 -0.18149434 -0.18149434 -0.18149434 -0.18149434
 -0.18149434 -0.18149434 -0.18149434 -0.18149434 -0.18149434 -0.18149434
 -0.18149434 -0.18149434 -0.18149434 -0.18149434 -0.18149434 -0.18149434
 -0.18149434 -0.18149434 -0.18149434 -0.18149434 -0.18149434 -0.18149434
 -0.18149434 -0.18149434 -0.18149434 -0.18149434 -0.18149434 -0.18149434
 -0.18149434 -0.18149434 -0.18149434 -0.18149434 -0.18149434 -0.18149434
 -0.18149434 -0.18149434 -0.18149434 -0.18149434 -0.18149434 -0.18149434
 -0.18149434 -0.18149434 -0.18149434 -0.18149434 -0.18149434 -0.18149434
 -0.18149434 -0.18149434 -0.18149434 -0.18149434 -0.18149434 -0.18149434
 -0.18149434 -0.18149434 -0.18149434 -0.18149434 -0.18149434 -0.18149434
 -0.18149434 -0.18149434 -0.18149434 -0.18149434 -0.18149434 -0.18149434
  4.48540027 -0.18149434 -0.18149434 -0.18149434 -0.18149434 -0.18149434
 -0.18149434 -0.18149434 -0.18149434 -0.18149434 -0.18149434 -0.18149434
 -0.18149434 -0.18149434 -0.18149434 -0.18149434 -0.18149434 -0.18149434
 -0.18149434 -0.18149434  6.80097339 -0.18149434 -0.18149434 -0.18149434
 -0.18149434 -0.18149434 -0.18149434 -0.18149434 -0.18149434 -0.18149434
 -0.18149434 -0.18149434 -0.18149434 -0.18149434 -0.18149434 -0.18149434
 -0.18149434 -0.18149434 -0.18149434 -0.18149434 -0.18149434 -0.18149434
 -0.18149434  3.27119061 -0.18149434 -0.18149434 -0.18149434 -0.18149434
 -0.18149434 -0.18149434 -0.18149434 -0.18149434 -0.18149434 -0.18149434
 -0.18149434 -0.18149434 -0.18149434 -0.18149434 -0.18149434 -0.18149434
 -0.18149434 -0.18149434 -0.18149434 -0.18149434 -0.18149434 -0.18149434
 -0.18149434 -0.18149434 -0.18149434 -0.18149434 -0.18149434 -0.18149434
 -0.18149434 -0.18149434 -0.18149434 -0.18149434]",[-0.003424834029039814]
6,"[-0.24350931 -0.24350931 -0.24350931 -0.24350931 -0.24350931 -0.24350931
 -0.24350931 -0.24350931 -0.24350931 -0.24350931 -0.24350931 -0.24350931
 -0.24350931 -0.24350931 -0.24350931 -0.24350931 -0.24350931 -0.24350931
  0.98589892 -0.24350931 -0.24350931 -0.24350931 -0.24350931 -0.24350931
 -0.24350931 -0.24350931 -0.24350931 -0.24350931 -0.24350931 -0.24350931
 -0.24350931 -0.24350931 -0.24350931 -0.24350931 -0.24350931 -0.24350931
 -0.24350931 -0.24350931 -0.24350931 -0.24350931 -0.24350931 -0.24350931
 -0.24350931 -0.24350931 -0.24350931 -0.24350931 -0.24350931 -0.24350931
 -0.24350931 -0.24350931 -0.24350931 -0.24350931 -0.24350931 -0.24350931
 -0.24350931 -0.24350931 -0.24350931 -0.24350931  1.47170216 -0.24350931
 -0.24350931 -0.24350931 -0.24350931 -0.24350931 -0.24350931 -0.24350931
 -0.24350931 -0.24350931 -0.24350931 -0.24350931 -0.24350931 -0.24350931
 -0.24350931 -0.24350931 -0.24350931 -0.24350931 -0.24350931 -0.24350931
 -0.24350931 -0.24350931 -0.24350931 -0.24350931 -0.24350931  2.35364083
 -0.24350931 -0.24350931 -0.24350931 -0.24350931 -0.24350931 -0.24350931
 -0.24350931 -0.24350931  2.64434138 -0.24350931  1.43729877 -0.24350931
 -0.24350931 -0.24350931 -0.24350931 -0.24350931 -0.24350931 -0.24350931
 -0.24350931 -0.24350931 -0.24350931 -0.24350931 -0.24350931 -0.24350931
 -0.24350931 -0.24350931  5.85978651 -0.24350931 -0.24350931 -0.24350931
 -0.24350931 -0.24350931  0.55969139 -0.24350931 -0.24350931 -0.24350931
 -0.24350931 -0.24350931 -0.24350931 -0.24350931 -0.24350931 -0.24350931
 -0.24350931 -0.24350931 -0.24350931 -0.24350931 -0.24350931 -0.24350931
 -0.24350931 -0.24350931 -0.24350931 -0.24350931 -0.24350931 -0.24350931
 -0.24350931 -0.24350931 -0.24350931 -0.24350931 -0.24350931 -0.24350931
 -0.24350931 -0.24350931 -0.24350931 -0.24350931 -0.24350931 -0.24350931
 -0.24350931 -0.24350931 -0.24350931 -0.24350931 -0.24350931 -0.24350931
 -0.24350931 -0.24350931 -0.24350931 -0.24350931 -0.24350931 -0.24350931
 -0.24350931  2.09132121 -0.24350931 -0.24350931 -0.24350931 -0.24350931
 -0.24350931 -0.24350931 -0.24350931 -0.24350931 -0.24350931 -0.24350931
 -0.24350931 -0.24350931 -0.24350931 -0.24350931 -0.24350931 -0.24350931
 -0.24350931 -0.24350931 -0.24350931 -0.24350931 -0.24350931 -0.24350931
 -0.24350931 -0.24350931 -0.24350931 -0.24350931 -0.24350931 -0.24350931
 -0.24350931 -0.24350931 -0.24350931 -0.24350931 -0.24350931 -0.24350931
 -0.24350931 -0.24350931  4.9426806  -0.24350931 -0.24350931 -0.24350931
 -0.24350931 -0.24350931  0.93172452 -0.24350931 -0.24350931 -0.24350931
  3.03800922 -0.24350931 -0.16080963 -0.24350931 -0.24350931  4.91974319
 -0.24350931 -0.24350931 -0.24350931 -0.24350931 -0.24350931 -0.24350931
 -0.24350931 -0.24350931 -0.24350931 -0.24350931 -0.24350931 -0.24350931
 -0.24350931 -0.24350931 -0.24350931 -0.24350931 -0.24350931 -0.24350931
 -0.24350931  4.33487914 -0.24350931 -0.24350931  2.57090976 -0.24350931
  3.67122572 -0.24350931 -0.24350931  2.99062506 -0.24350931 -0.24350931
 -0.24350931  1.97865375 -0.24350931 -0.24350931 -0.24350931 -0.24350931
 -0.24350931 -0.24350931 -0.24350931 -0.24350931  2.80616577 -0.24350931
 -0.24350931 -0.24350931  3.82911387  4.66527687 -0.24350931  0.04517573
 -0.24350931 -0.24350931 -0.24350931  3.08794428  2.36158754 -0.24350931
 -0.24350931 -0.24350931  0.44330464 -0.24350931  4.27549612 -0.24350931
 -0.24350931 -0.24350931 -0.24350931 -0.24350931 -0.24350931 -0.24350931
  2.7130387   1.89049069 -0.24350931 -0.24350931 -0.24350931  3.91079243
 -0.24350931 -0.24350931 -0.24350931 -0.24350931 -0.24350931 -0.24350931
 -0.24350931  6.14926446 -0.24350931 -0.24350931 -0.24350931 -0.24350931
 -0.24350931 -0.24350931 -0.24350931 -0.24350931 -0.24350931 -0.24350931
 -0.24350931 -0.24350931 -0.24350931 -0.24350931 -0.24350931  4.58092031
 -0.24350931  1.19254274 -0.24350931 -0.24350931 -0.24350931 -0.24350931
 -0.24350931 -0.24350931 -0.24350931 -0.24350931 -0.24350931 -0.24350931
 -0.24350931 -0.24350931 -0.24350931 -0.24350931 -0.24350931 -0.24350931
 -0.24350931 -0.24350931 -0.24350931 -0.24350931 -0.24350931 -0.24350931
 -0.24350931 -0.24350931 -0.24350931 -0.24350931 -0.24350931 -0.24350931
 -0.24350931 -0.24350931 -0.24350931 -0.24350931 -0.24350931 -0.24350931
 -0.24350931 -0.24350931 -0.24350931 -0.24350931 -0.24350931 -0.24350931
 -0.24350931 -0.24350931 -0.24350931 -0.24350931 -0.24350931 -0.24350931
 -0.24350931 -0.24350931 -0.24350931 -0.24350931 -0.24350931 -0.24350931
 -0.24350931 -0.24350931 -0.24350931 -0.24350931 -0.24350931 -0.24350931
 -0.24350931 -0.24350931 -0.24350931 -0.24350931 -0.24350931 -0.24350931
 -0.24350931 -0.24350931 -0.24350931 -0.24350931 -0.24350931 -0.24350931
 -0.24350931 -0.24350931 -0.24350931 -0.24350931 -0.24350931 -0.24350931
 -0.24350931 -0.24350931 -0.24350931 -0.24350931 -0.24350931 -0.24350931
 -0.24350931 -0.24350931 -0.24350931 -0.24350931 -0.24350931 -0.24350931
 -0.24350931 -0.24350931 -0.24350931 -0.24350931 -0.24350931 -0.24350931
 -0.24350931 -0.24350931 -0.24350931 -0.24350931 -0.24350931 -0.24350931
 -0.24350931 -0.24350931 -0.24350931 -0.24350931 -0.24350931 -0.24350931
 -0.24350931 -0.24350931 -0.24350931 -0.24350931 -0.24350931 -0.24350931
 -0.24350931 -0.24350931 -0.24350931 -0.24350931 -0.24350931 -0.24350931
 -0.24350931 -0.24350931 -0.24350931 -0.24350931 -0.24350931 -0.24350931
 -0.24350931 -0.24350931 -0.24350931 -0.24350931 -0.24350931 -0.24350931
 -0.24350931 -0.24350931 -0.24350931 -0.24350931 -0.24350931 -0.24350931
  0.27474678 -0.24350931 -0.24350931 -0.24350931 -0.24350931 -0.24350931
 -0.24350931 -0.24350931 -0.24350931 -0.24350931 -0.24350931 -0.24350931
 -0.24350931 -0.24350931  6.32551638 -0.24350931  5.20039111 -0.24350931
  7.10405093  4.21631974 -0.24350931 -0.24350931 -0.24350931 -0.24350931
 -0.24350931 -0.24350931 -0.24350931 -0.24350931 -0.24350931 -0.24350931
 -0.24350931 -0.24350931 -0.24350931 -0.24350931 -0.24350931 -0.24350931
 -0.24350931  4.92385101 -0.24350931 -0.24350931 -0.24350931 -0.24350931
 -0.24350931 -0.24350931 -0.24350931 -0.24350931 -0.24350931  0.51066617
 -0.24350931 -0.24350931 -0.24350931 -0.24350931 -0.24350931 -0.24350931
 -0.24350931 -0.24350931 -0.24350931 -0.24350931 -0.24350931 -0.24350931
 -0.24350931 -0.24350931 -0.24350931 -0.24350931 -0.24350931 -0.24350931
 -0.24350931 -0.24350931 -0.24350931 -0.24350931]",[0.016739088410072656]
6,"[-0.14264207 -0.14264207 -0.14264207 -0.14264207 -0.14264207 -0.14264207
 -0.14264207 -0.14264207 -0.14264207 -0.14264207 -0.14264207 -0.14264207
 -0.14264207 -0.14264207 -0.14264207 -0.14264207 -0.14264207 -0.14264207
 -0.14264207 -0.14264207 -0.14264207 -0.14264207 -0.14264207 -0.14264207
 -0.14264207 -0.14264207 -0.14264207 -0.14264207 -0.14264207 -0.14264207
 -0.14264207 -0.14264207 -0.14264207 -0.14264207 -0.14264207 -0.14264207
 -0.14264207 -0.14264207 -0.14264207 -0.14264207 -0.14264207 -0.14264207
 -0.14264207 -0.14264207 -0.14264207 -0.14264207 -0.14264207 -0.14264207
 -0.14264207 -0.14264207 -0.14264207 -0.14264207 -0.14264207 -0.14264207
 -0.14264207 -0.14264207 -0.14264207 -0.14264207 -0.14264207 -0.14264207
 -0.14264207 -0.14264207 -0.14264207 -0.14264207 -0.14264207 -0.14264207
 -0.14264207 -0.14264207 -0.14264207 -0.14264207 -0.14264207 -0.14264207
 -0.14264207 -0.14264207 -0.14264207 -0.14264207 -0.14264207 -0.14264207
 -0.14264207 -0.14264207 -0.14264207 -0.14264207 -0.14264207 -0.14264207
 -0.14264207 -0.14264207 -0.14264207 -0.14264207 -0.14264207 -0.14264207
 -0.14264207 -0.14264207 -0.14264207 -0.14264207 -0.14264207 -0.14264207
 -0.14264207 -0.14264207 -0.14264207 -0.14264207 -0.14264207 -0.14264207
 -0.14264207 -0.14264207 -0.14264207 -0.14264207 -0.14264207 -0.14264207
 -0.14264207 -0.14264207  9.20739516 -0.14264207 -0.14264207 -0.14264207
 -0.14264207 -0.14264207  6.78158709 -0.14264207 -0.14264207 -0.14264207
 -0.14264207 -0.14264207 -0.14264207 -0.14264207 -0.14264207 -0.14264207
 -0.14264207 -0.14264207 -0.14264207 -0.14264207 -0.14264207 -0.14264207
 -0.14264207 -0.14264207 -0.14264207 -0.14264207 -0.14264207 -0.14264207
 -0.14264207 -0.14264207 -0.14264207 -0.14264207 -0.14264207 -0.14264207
 -0.14264207 -0.14264207 -0.14264207 -0.14264207 -0.14264207 -0.14264207
 -0.14264207 -0.14264207 -0.14264207 -0.14264207 -0.14264207 -0.14264207
 -0.14264207 -0.14264207 -0.14264207 -0.14264207 -0.14264207 -0.14264207
 -0.14264207 -0.14264207 -0.14264207 -0.14264207 -0.14264207 -0.14264207
 -0.14264207 -0.14264207 -0.14264207 -0.14264207 -0.14264207 -0.14264207
 -0.14264207 -0.14264207 -0.14264207 -0.14264207 -0.14264207 -0.14264207
 -0.14264207 -0.14264207 -0.14264207 -0.14264207 -0.14264207 -0.14264207
 -0.14264207 -0.14264207 -0.14264207 -0.14264207 -0.14264207 -0.14264207
 -0.14264207 -0.14264207 -0.14264207 -0.14264207 -0.14264207 -0.14264207
 -0.14264207 -0.14264207  2.05694865 -0.14264207 -0.14264207  0.99871549
 -0.14264207 -0.14264207 -0.14264207 -0.14264207 -0.14264207 -0.14264207
  3.43488004 -0.14264207 -0.05022192 -0.14264207 -0.14264207  1.65639458
 -0.14264207 -0.14264207 -0.14264207 -0.14264207 -0.14264207 -0.14264207
 -0.14264207 -0.14264207 -0.14264207 -0.14264207 -0.14264207 -0.14264207
 -0.14264207 -0.14264207 -0.14264207 -0.14264207 -0.14264207 -0.14264207
 -0.14264207 -0.14264207 -0.14264207 -0.14264207 -0.14264207 -0.14264207
 -0.14264207 -0.14264207 -0.14264207 -0.14264207 -0.14264207 -0.14264207
 -0.14264207 -0.14264207 -0.14264207 -0.14264207 -0.14264207 -0.14264207
 -0.14264207 -0.14264207 -0.14264207 -0.14264207 -0.14264207 -0.14264207
 -0.14264207 -0.14264207 -0.14264207  0.77305342 -0.14264207  0.17415845
 -0.14264207 -0.14264207 -0.14264207 -0.14264207 -0.14264207 -0.14264207
 -0.14264207 -0.14264207 -0.14264207 -0.14264207  5.00505092 -0.14264207
 -0.14264207 -0.14264207 -0.14264207 -0.14264207 -0.14264207 -0.14264207
 -0.14264207 -0.14264207 -0.14264207 -0.14264207 -0.14264207 -0.14264207
 -0.14264207 -0.14264207 -0.14264207 -0.14264207 -0.14264207 -0.14264207
 -0.14264207  7.7536491  -0.14264207 -0.14264207 -0.14264207 -0.14264207
 -0.14264207 -0.14264207 -0.14264207 -0.14264207 -0.14264207 -0.14264207
 -0.14264207 -0.14264207 -0.14264207 -0.14264207 -0.14264207  5.27308653
 -0.14264207 -0.14264207 -0.14264207 -0.14264207 -0.14264207 -0.14264207
 -0.14264207 -0.14264207 -0.14264207 -0.14264207 -0.14264207 -0.14264207
 -0.14264207 -0.14264207 -0.14264207 -0.14264207 -0.14264207 -0.14264207
 -0.14264207 -0.14264207 -0.14264207 -0.14264207 -0.14264207 -0.14264207
 -0.14264207 -0.14264207 -0.14264207 -0.14264207 -0.14264207 -0.14264207
 -0.14264207 -0.14264207 -0.14264207 -0.14264207 -0.14264207 -0.14264207
 -0.14264207 -0.14264207 -0.14264207 -0.14264207 -0.14264207 -0.14264207
 -0.14264207 -0.14264207 -0.14264207 -0.14264207 -0.14264207 -0.14264207
 -0.14264207 -0.14264207 -0.14264207 -0.14264207 -0.14264207 -0.14264207
 -0.14264207 -0.14264207 -0.14264207 -0.14264207 -0.14264207 -0.14264207
 -0.14264207 -0.14264207 -0.14264207 -0.14264207 -0.14264207 -0.14264207
 -0.14264207 -0.14264207 -0.14264207 -0.14264207 -0.14264207 -0.14264207
 -0.14264207 -0.14264207 -0.14264207 -0.14264207 -0.14264207 -0.14264207
 -0.14264207 -0.14264207 -0.14264207 -0.14264207 -0.14264207 -0.14264207
 -0.14264207 -0.14264207 -0.14264207 -0.14264207 -0.14264207 -0.14264207
 -0.14264207 -0.14264207 -0.14264207 -0.14264207 -0.14264207 -0.14264207
 -0.14264207 -0.14264207 -0.14264207 -0.14264207 -0.14264207 -0.14264207
 -0.14264207 -0.14264207 -0.14264207 -0.14264207 -0.14264207 -0.14264207
 -0.14264207 -0.14264207 -0.14264207 -0.14264207 -0.14264207 -0.14264207
 -0.14264207 -0.14264207 -0.14264207 -0.14264207 -0.14264207 -0.14264207
 -0.14264207 -0.14264207 -0.14264207 -0.14264207 -0.14264207 -0.14264207
 -0.14264207 -0.14264207 -0.14264207 -0.14264207 -0.14264207 -0.14264207
  4.69717692 -0.14264207 -0.14264207 -0.14264207 -0.14264207 -0.14264207
 -0.14264207 -0.14264207 -0.14264207 -0.14264207 -0.14264207 -0.14264207
 -0.14264207 -0.14264207 -0.14264207 -0.14264207 -0.14264207 -0.14264207
 -0.14264207 -0.14264207  5.8593654  -0.14264207 -0.14264207 -0.14264207
 12.91258133 -0.14264207 -0.14264207 -0.14264207 -0.14264207 -0.14264207
 -0.14264207 -0.14264207 -0.14264207 -0.14264207 -0.14264207 -0.14264207
 -0.14264207 -0.14264207 -0.14264207 -0.14264207 -0.14264207 -0.14264207
 -0.14264207  4.71639281 -0.14264207 -0.14264207 -0.14264207 -0.14264207
 -0.14264207 -0.14264207 -0.14264207 -0.14264207 -0.14264207  0.49874742
 -0.14264207 -0.14264207 -0.14264207 -0.14264207 -0.14264207 -0.14264207
 -0.14264207 -0.14264207 -0.14264207 -0.14264207 -0.14264207 -0.14264207
 -0.14264207 -0.14264207 -0.14264207 -0.14264207 -0.14264207 -0.14264207
 -0.14264207 -0.14264207 -0.14264207 -0.14264207]",[-0.0006813544561825036]
6,"[-0.11940204 -0.11940204 -0.11940204 -0.11940204 -0.11940204 -0.11940204
 -0.11940204 -0.11940204 -0.11940204 -0.11940204 -0.11940204 -0.11940204
 -0.11940204 -0.11940204 -0.11940204 -0.11940204 -0.11940204 -0.11940204
 -0.11940204 -0.11940204 -0.11940204 -0.11940204 -0.11940204 -0.11940204
 -0.11940204 -0.11940204 -0.11940204 -0.11940204 -0.11940204 -0.11940204
 -0.11940204 -0.11940204 -0.11940204 -0.11940204 -0.11940204 -0.11940204
 -0.11940204 -0.11940204 -0.11940204 -0.11940204 -0.11940204 -0.11940204
 -0.11940204 -0.11940204 -0.11940204 -0.11940204 -0.11940204 -0.11940204
 -0.11940204 -0.11940204 -0.11940204 -0.11940204 -0.11940204 -0.11940204
 -0.11940204 -0.11940204 -0.11940204 -0.11940204 -0.11940204 -0.11940204
 -0.11940204 -0.11940204 -0.11940204 -0.11940204 -0.11940204 -0.11940204
 -0.11940204 -0.11940204 -0.11940204 -0.11940204 -0.11940204 -0.11940204
 -0.11940204 -0.11940204 -0.11940204 -0.11940204 -0.11940204 -0.11940204
 -0.11940204 -0.11940204 -0.11940204 -0.11940204 -0.11940204 -0.11940204
 -0.11940204 -0.11940204 -0.11940204 -0.11940204 -0.11940204 -0.11940204
 -0.11940204 -0.11940204 -0.11940204 -0.11940204 -0.11940204 -0.11940204
 -0.11940204 -0.11940204 -0.11940204 -0.11940204 -0.11940204 -0.11940204
 -0.11940204 -0.11940204 -0.11940204 -0.11940204 -0.11940204 -0.11940204
 -0.11940204 -0.11940204 -0.11940204 -0.11940204 -0.11940204 -0.11940204
 -0.11940204 -0.11940204 -0.11940204 -0.11940204 -0.11940204 -0.11940204
 -0.11940204 -0.11940204 -0.11940204 -0.11940204 -0.11940204 -0.11940204
 -0.11940204 -0.11940204 -0.11940204 -0.11940204 -0.11940204 -0.11940204
 -0.11940204 -0.11940204 -0.11940204 -0.11940204 -0.11940204 -0.11940204
 -0.11940204 -0.11940204 -0.11940204 -0.11940204 -0.11940204 -0.11940204
 -0.11940204 -0.11940204 -0.11940204 -0.11940204 -0.11940204 -0.11940204
 -0.11940204 -0.11940204 -0.11940204 -0.11940204 -0.11940204 -0.11940204
 -0.11940204 -0.11940204 -0.11940204 -0.11940204 -0.11940204 -0.11940204
 -0.11940204 -0.11940204 -0.11940204 -0.11940204 -0.11940204 -0.11940204
 -0.11940204 -0.11940204 -0.11940204 -0.11940204 -0.11940204 -0.11940204
 -0.11940204 -0.11940204 -0.11940204 -0.11940204 -0.11940204 -0.11940204
 -0.11940204 -0.11940204 -0.11940204 -0.11940204 -0.11940204 -0.11940204
 -0.11940204 -0.11940204 -0.11940204 -0.11940204 -0.11940204 -0.11940204
 -0.11940204 -0.11940204 -0.11940204 -0.11940204 -0.11940204 -0.11940204
 -0.11940204 -0.11940204  3.19262533 -0.11940204 -0.11940204 -0.11940204
 -0.11940204 -0.11940204 -0.11940204 -0.11940204 -0.11940204 -0.11940204
  0.93309059 -0.11940204 -0.11940204 -0.11940204 -0.11940204 -0.11940204
 -0.11940204 -0.11940204 -0.11940204 -0.11940204 -0.11940204 -0.11940204
 -0.11940204 -0.11940204 -0.11940204 -0.11940204 -0.11940204 -0.11940204
 -0.11940204 -0.11940204 -0.11940204 -0.11940204 -0.11940204 -0.11940204
 -0.11940204  7.24284755 -0.11940204 -0.11940204 -0.11940204 -0.11940204
  4.35795462 -0.11940204 -0.11940204 -0.11940204 -0.11940204 -0.11940204
 -0.11940204 -0.11940204 -0.11940204 -0.11940204 -0.11940204 -0.11940204
 -0.11940204 -0.11940204 -0.11940204 -0.11940204 -0.11940204 -0.11940204
 -0.11940204 -0.11940204 -0.11940204 -0.11940204 -0.11940204  0.14435274
 -0.11940204 -0.11940204 -0.11940204 -0.11940204 -0.11940204 -0.11940204
 -0.11940204 -0.11940204 -0.11940204 -0.11940204  7.31025483 -0.11940204
 -0.11940204 -0.11940204 -0.11940204 -0.11940204 -0.11940204 -0.11940204
 -0.11940204  2.90595552 -0.11940204 -0.11940204 -0.11940204 -0.11940204
 -0.11940204 -0.11940204 -0.11940204 -0.11940204 -0.11940204 -0.11940204
 -0.11940204 -0.11940204 -0.11940204 -0.11940204 -0.11940204 -0.11940204
 -0.11940204 -0.11940204 -0.11940204 -0.11940204 -0.11940204 -0.11940204
 -0.11940204 -0.11940204 -0.11940204 -0.11940204 -0.11940204  7.65063767
 -0.11940204 -0.11940204 -0.11940204 -0.11940204 -0.11940204 -0.11940204
 -0.11940204 -0.11940204 -0.11940204 -0.11940204 -0.11940204 -0.11940204
 -0.11940204 -0.11940204 -0.11940204 -0.11940204 -0.11940204 -0.11940204
 -0.11940204 -0.11940204 -0.11940204 -0.11940204 -0.11940204 -0.11940204
 -0.11940204 -0.11940204 -0.11940204 -0.11940204 -0.11940204 -0.11940204
 -0.11940204 -0.11940204 -0.11940204 -0.11940204 -0.11940204 -0.11940204
 -0.11940204 -0.11940204 -0.11940204 -0.11940204 -0.11940204 -0.11940204
 -0.11940204 -0.11940204 -0.11940204 -0.11940204 -0.11940204 -0.11940204
 -0.11940204 -0.11940204 -0.11940204 -0.11940204 -0.11940204 -0.11940204
 -0.11940204 -0.11940204 -0.11940204 -0.11940204 -0.11940204 -0.11940204
 -0.11940204 -0.11940204 -0.11940204 -0.11940204 -0.11940204 -0.11940204
 -0.11940204 -0.11940204 -0.11940204 -0.11940204 -0.11940204 -0.11940204
 -0.11940204 -0.11940204 -0.11940204 -0.11940204 -0.11940204 -0.11940204
 -0.11940204 -0.11940204 -0.11940204 -0.11940204 -0.11940204 -0.11940204
 -0.11940204 -0.11940204 -0.11940204 -0.11940204 -0.11940204 -0.11940204
 -0.11940204 -0.11940204 -0.11940204 -0.11940204 -0.11940204 -0.11940204
 -0.11940204 -0.11940204 -0.11940204 -0.11940204 -0.11940204 -0.11940204
 -0.11940204 -0.11940204 -0.11940204 -0.11940204 -0.11940204 -0.11940204
 -0.11940204 -0.11940204 -0.11940204 -0.11940204 -0.11940204 -0.11940204
 -0.11940204 -0.11940204 -0.11940204 -0.11940204 -0.11940204 -0.11940204
 -0.11940204 -0.11940204 -0.11940204 -0.11940204 -0.11940204 -0.11940204
 -0.11940204 -0.11940204 -0.11940204 -0.11940204 -0.11940204 -0.11940204
 -0.11940204 -0.11940204 -0.11940204 -0.11940204 -0.11940204 -0.11940204
 -0.11940204 -0.11940204 -0.11940204 -0.11940204 -0.11940204 -0.11940204
 -0.11940204 -0.11940204 -0.11940204 -0.11940204 -0.11940204 -0.11940204
 -0.11940204 -0.11940204 10.17195208 -0.11940204 -0.11940204 -0.11940204
 14.09392849 -0.11940204 -0.11940204 -0.11940204 -0.11940204 -0.11940204
 -0.11940204 -0.11940204 -0.11940204 -0.11940204 -0.11940204 -0.11940204
 -0.11940204 -0.11940204 -0.11940204 -0.11940204 -0.11940204 -0.11940204
 -0.11940204  2.77204142 -0.11940204 -0.11940204 -0.11940204 -0.11940204
 -0.11940204 -0.11940204 -0.11940204 -0.11940204 -0.11940204 -0.11940204
 -0.11940204 -0.11940204 -0.11940204 -0.11940204 -0.11940204 -0.11940204
 -0.11940204 -0.11940204 -0.11940204 -0.11940204 -0.11940204 -0.11940204
 -0.11940204 -0.11940204 -0.11940204 -0.11940204 -0.11940204 -0.11940204
 -0.11940204 -0.11940204 -0.11940204 -0.11940204]",[-0.02755749630535262]
6,"[-0.22377046 -0.22377046 -0.22377046 -0.22377046 -0.22377046 -0.22377046
 -0.22377046 -0.22377046 -0.22377046 -0.22377046 -0.22377046 -0.22377046
 -0.22377046 -0.22377046 -0.22377046 -0.22377046 -0.22377046 -0.22377046
  0.79398489 -0.22377046 -0.22377046 -0.22377046 -0.22377046 -0.22377046
 -0.22377046 -0.22377046 -0.22377046 -0.22377046 -0.22377046 -0.22377046
 -0.22377046 -0.22377046 -0.22377046 -0.22377046 -0.22377046 -0.22377046
 -0.22377046 -0.22377046 -0.22377046 -0.22377046 -0.22377046 -0.22377046
 -0.22377046 -0.22377046 -0.22377046 -0.22377046 -0.22377046 -0.22377046
 -0.22377046 -0.22377046 -0.22377046 -0.22377046 -0.22377046 -0.22377046
 -0.22377046 -0.22377046 -0.22377046 -0.22377046 -0.22377046 -0.22377046
 -0.22377046 -0.22377046 -0.22377046 -0.22377046 -0.22377046 -0.22377046
 -0.22377046 -0.22377046 -0.22377046 -0.22377046 -0.22377046 -0.22377046
 -0.22377046 -0.22377046 -0.22377046 -0.22377046 -0.22377046 -0.22377046
 -0.22377046 -0.22377046 -0.22377046 -0.22377046 -0.22377046  3.3902408
 -0.22377046 -0.22377046 -0.22377046 -0.22377046 -0.22377046  1.44662507
 -0.22377046 -0.22377046  1.7151989  -0.22377046 -0.22377046 -0.22377046
 -0.22377046 -0.22377046 -0.22377046 -0.22377046 -0.22377046 -0.22377046
 -0.22377046 -0.22377046 -0.22377046 -0.22377046 -0.22377046 -0.22377046
 -0.22377046 -0.22377046  2.00796438 -0.22377046 -0.22377046 -0.22377046
  5.80124967 -0.22377046  2.14695677 -0.22377046 -0.22377046 -0.22377046
 -0.22377046 -0.22377046 -0.22377046 -0.22377046 -0.22377046 -0.22377046
 -0.22377046 -0.22377046 -0.22377046 -0.22377046 -0.22377046 -0.22377046
 -0.22377046 -0.22377046 -0.22377046 -0.22377046 -0.22377046 -0.22377046
 -0.22377046 -0.22377046 -0.22377046 -0.22377046 -0.22377046 -0.22377046
 -0.22377046 -0.22377046 -0.22377046 -0.22377046 -0.22377046 -0.22377046
 -0.22377046 -0.22377046 -0.22377046 -0.22377046 -0.22377046 -0.22377046
 -0.22377046 -0.22377046 -0.22377046 -0.22377046 -0.22377046 -0.22377046
 -0.22377046  5.27977969 -0.22377046 -0.22377046 -0.22377046 -0.22377046
 -0.22377046 -0.22377046 -0.22377046 -0.22377046 -0.22377046 -0.22377046
 -0.22377046 -0.22377046 -0.22377046 -0.22377046 -0.22377046 -0.22377046
 -0.22377046 -0.22377046 -0.22377046 -0.22377046 -0.22377046 -0.22377046
 -0.22377046 -0.22377046 -0.22377046 -0.22377046 -0.22377046 -0.22377046
 -0.22377046 -0.22377046 -0.22377046 -0.22377046 -0.22377046 -0.22377046
 -0.22377046 -0.22377046  4.20412718 -0.22377046 -0.22377046  0.95352586
 -0.22377046 -0.22377046 -0.22377046 -0.22377046 -0.22377046 -0.22377046
  0.96624333 -0.22377046 -0.22377046 -0.22377046 -0.22377046  3.47723504
 -0.22377046 -0.22377046 -0.22377046 -0.22377046 -0.22377046 -0.22377046
 -0.22377046 -0.22377046 -0.22377046 -0.22377046 -0.22377046 -0.22377046
 -0.22377046 -0.22377046 -0.22377046  1.08086848 -0.22377046 -0.22377046
 -0.22377046  4.29516127 -0.22377046  2.34019871  2.75023165 -0.22377046
  4.77729551 -0.22377046  6.48720462 -0.22377046 -0.22377046 -0.22377046
 -0.22377046 -0.22377046 -0.22377046 -0.22377046 -0.22377046 -0.22377046
 -0.22377046 -0.22377046 -0.22377046  3.87088984 -0.22377046 -0.22377046
 -0.22377046 -0.22377046 -0.22377046  4.24341912 -0.22377046  0.05233942
 -0.22377046 -0.22377046 -0.22377046  4.08313027 -0.22377046 -0.22377046
 -0.22377046 -0.22377046 -0.22377046 -0.22377046  0.64917963 -0.22377046
 -0.22377046 -0.22377046 -0.22377046 -0.22377046 -0.22377046 -0.22377046
 -0.22377046  4.91003336 -0.22377046 -0.22377046 -0.22377046 -0.22377046
  4.95419679 -0.22377046 -0.22377046 -0.22377046  1.52471648 -0.22377046
 -0.22377046 -0.22377046 -0.22377046 -0.22377046 -0.22377046 -0.22377046
 -0.22377046 -0.22377046 -0.22377046 -0.22377046 -0.22377046 -0.22377046
 -0.22377046 -0.22377046 -0.22377046 -0.22377046 -0.22377046  2.96400992
 -0.22377046 -0.22377046 -0.22377046 -0.22377046 -0.22377046 -0.22377046
 -0.22377046 -0.22377046 -0.22377046 -0.22377046 -0.22377046 -0.22377046
 -0.22377046 -0.22377046 -0.22377046 -0.22377046 -0.22377046 -0.22377046
 -0.22377046 -0.22377046 -0.22377046 -0.22377046 -0.22377046 -0.22377046
 -0.22377046 -0.22377046 -0.22377046 -0.22377046 -0.22377046 -0.22377046
 -0.22377046 -0.22377046 -0.22377046 -0.22377046 -0.22377046 -0.22377046
 -0.22377046 -0.22377046 -0.22377046 -0.22377046 -0.22377046 -0.22377046
 -0.22377046 -0.22377046 -0.22377046 -0.22377046 -0.22377046 -0.22377046
 -0.22377046 -0.22377046 -0.22377046 -0.22377046 -0.22377046 -0.22377046
 -0.22377046 -0.22377046 -0.22377046 -0.22377046 -0.22377046 -0.22377046
 -0.22377046 -0.22377046 -0.22377046 -0.22377046 -0.22377046 -0.22377046
 -0.22377046 -0.22377046 -0.22377046 -0.22377046 -0.22377046 -0.22377046
 -0.22377046 -0.22377046 -0.22377046 -0.22377046 -0.22377046 -0.22377046
 -0.22377046 -0.22377046 -0.22377046 -0.22377046 -0.22377046 -0.22377046
 -0.22377046 -0.22377046 -0.22377046 -0.22377046 -0.22377046 -0.22377046
 -0.22377046 -0.22377046 -0.22377046 -0.22377046 -0.22377046 -0.22377046
 -0.22377046 -0.22377046 -0.22377046 -0.22377046 -0.22377046 -0.22377046
 -0.22377046 -0.22377046 -0.22377046 -0.22377046 -0.22377046 -0.22377046
 -0.22377046 -0.22377046 -0.22377046 -0.22377046 -0.22377046 -0.22377046
 -0.22377046 -0.22377046 -0.22377046 -0.22377046 -0.22377046 -0.22377046
 -0.22377046 -0.22377046 -0.22377046 -0.22377046 -0.22377046 -0.22377046
 -0.22377046 -0.22377046 -0.22377046 -0.22377046 -0.22377046 -0.22377046
 -0.22377046 -0.22377046 -0.22377046 -0.22377046 -0.22377046 -0.22377046
 -0.22377046 -0.22377046 -0.22377046 -0.22377046 -0.22377046 -0.22377046
 -0.22377046 -0.22377046 -0.22377046 -0.22377046 -0.22377046 -0.22377046
 -0.22377046 -0.22377046  6.04623593 -0.22377046  6.80812974 -0.22377046
  7.15213565 -0.22377046 -0.22377046 -0.22377046  5.74659486 -0.22377046
 -0.22377046 -0.22377046 -0.22377046 -0.22377046 -0.22377046 -0.22377046
 -0.22377046 -0.22377046 -0.22377046 -0.22377046 -0.22377046 -0.22377046
 -0.22377046  1.20549467 -0.22377046 -0.22377046 -0.22377046 -0.22377046
 -0.22377046 -0.22377046 -0.22377046 -0.22377046 -0.22377046 -0.22377046
 -0.22377046 -0.22377046 -0.22377046 -0.22377046 -0.22377046 -0.22377046
 -0.22377046 -0.22377046 -0.22377046 -0.22377046 -0.22377046 -0.22377046
 -0.22377046 -0.22377046 -0.22377046 -0.22377046 -0.22377046 -0.22377046
 -0.22377046 -0.22377046  0.85161818 -0.22377046]",[0.015347834569253621]
6,"[-0.2024565  -0.2024565  -0.2024565  -0.2024565  -0.2024565  -0.2024565
 -0.2024565  -0.2024565  -0.2024565  -0.2024565  -0.2024565  -0.2024565
 -0.2024565  -0.2024565  -0.2024565  -0.2024565  -0.2024565  -0.2024565
 -0.2024565  -0.2024565  -0.2024565  -0.2024565  -0.2024565  -0.2024565
 -0.2024565  -0.2024565  -0.2024565  -0.2024565  -0.2024565  -0.2024565
 -0.2024565  -0.2024565  -0.2024565  -0.2024565  -0.2024565  -0.2024565
 -0.2024565  -0.2024565  -0.2024565  -0.2024565  -0.2024565  -0.2024565
 -0.2024565  -0.2024565  -0.2024565  -0.2024565  -0.2024565  -0.2024565
 -0.2024565  -0.2024565  -0.2024565  -0.2024565  -0.2024565  -0.2024565
 -0.2024565  -0.2024565  -0.2024565  -0.2024565  -0.2024565  -0.2024565
 -0.2024565  -0.2024565  -0.2024565  -0.2024565  -0.2024565  -0.2024565
 -0.2024565  -0.2024565  -0.2024565  -0.2024565  -0.2024565  -0.2024565
 -0.2024565  -0.2024565  -0.2024565  -0.2024565  -0.2024565  -0.2024565
 -0.2024565  -0.2024565  -0.2024565  -0.2024565  -0.2024565   7.57887503
 -0.2024565  -0.2024565  -0.2024565  -0.2024565  -0.2024565   6.23492009
 -0.2024565  -0.2024565  -0.2024565  -0.2024565  -0.2024565  -0.2024565
 -0.2024565  -0.2024565  -0.2024565  -0.2024565  -0.2024565  -0.2024565
 -0.2024565  -0.2024565  -0.2024565  -0.2024565  -0.2024565  -0.2024565
 -0.2024565  -0.2024565   6.76018279 -0.2024565  -0.2024565  -0.2024565
 -0.2024565  -0.2024565   4.33729767 -0.2024565  -0.2024565  -0.2024565
 -0.2024565  -0.2024565  -0.2024565  -0.2024565   3.77910539 -0.2024565
 -0.2024565  -0.2024565  -0.2024565  -0.2024565  -0.2024565  -0.2024565
 -0.2024565  -0.2024565  -0.2024565  -0.2024565  -0.2024565  -0.2024565
 -0.2024565  -0.2024565  -0.2024565  -0.2024565  -0.2024565  -0.2024565
 -0.2024565  -0.2024565  -0.2024565  -0.2024565  -0.2024565  -0.2024565
 -0.2024565  -0.2024565  -0.2024565  -0.2024565  -0.2024565  -0.2024565
 -0.2024565  -0.2024565  -0.2024565  -0.2024565  -0.2024565  -0.2024565
 -0.2024565  -0.2024565  -0.2024565  -0.2024565  -0.2024565  -0.2024565
 -0.2024565  -0.2024565  -0.2024565  -0.2024565  -0.2024565  -0.2024565
 -0.2024565  -0.2024565  -0.2024565  -0.2024565  -0.2024565  -0.2024565
 -0.2024565  -0.2024565  -0.2024565  -0.2024565  -0.2024565  -0.2024565
 -0.2024565  -0.2024565  -0.2024565  -0.2024565  -0.2024565  -0.2024565
 -0.2024565  -0.2024565  -0.2024565  -0.2024565  -0.2024565  -0.2024565
 -0.2024565  -0.2024565  -0.2024565  -0.2024565  -0.2024565   0.40357502
 -0.2024565  -0.2024565  -0.2024565  -0.2024565  -0.2024565  -0.2024565
  2.03739094 -0.2024565  -0.2024565  -0.2024565  -0.2024565   0.50599022
 -0.2024565  -0.2024565  -0.2024565  -0.2024565  -0.2024565  -0.2024565
 -0.2024565  -0.2024565  -0.2024565  -0.2024565  -0.2024565  -0.2024565
 -0.2024565  -0.2024565  -0.2024565  -0.2024565  -0.2024565  -0.2024565
 -0.2024565   3.26588847 -0.2024565  -0.2024565   4.06314858 -0.2024565
  3.84857954 -0.2024565  -0.2024565  -0.2024565  -0.2024565  -0.2024565
 -0.2024565  -0.2024565  -0.2024565  -0.2024565  -0.2024565  -0.2024565
 -0.2024565  -0.2024565  -0.2024565  -0.2024565   3.39164146 -0.2024565
 -0.2024565   2.87926789 -0.2024565   4.25897219 -0.2024565  -0.2024565
 -0.2024565  -0.2024565  -0.2024565  -0.2024565  -0.2024565  -0.2024565
 -0.2024565  -0.2024565   2.97553616 -0.2024565   6.47378387 -0.2024565
 -0.2024565  -0.2024565  -0.2024565  -0.2024565  -0.2024565  -0.2024565
  4.34388024  3.1940448  -0.2024565  -0.2024565  -0.2024565  -0.2024565
 -0.2024565  -0.2024565  -0.2024565  -0.2024565  -0.2024565  -0.2024565
 -0.2024565  -0.2024565  -0.2024565  -0.2024565  -0.2024565  -0.2024565
 -0.2024565  -0.2024565  -0.2024565  -0.2024565   4.50867399 -0.2024565
 -0.2024565  -0.2024565  -0.2024565  -0.2024565  -0.2024565   5.10686475
 -0.2024565  -0.2024565  -0.2024565  -0.2024565  -0.2024565  -0.2024565
 -0.2024565  -0.2024565  -0.2024565  -0.2024565  -0.2024565  -0.2024565
 -0.2024565  -0.2024565  -0.2024565  -0.2024565  -0.2024565  -0.2024565
 -0.2024565  -0.2024565  -0.2024565  -0.2024565  -0.2024565  -0.2024565
 -0.2024565  -0.2024565  -0.2024565  -0.2024565  -0.2024565  -0.2024565
 -0.2024565  -0.2024565  -0.2024565  -0.2024565  -0.2024565  -0.2024565
 -0.2024565  -0.2024565  -0.2024565  -0.2024565  -0.2024565  -0.2024565
 -0.2024565  -0.2024565  -0.2024565  -0.2024565  -0.2024565  -0.2024565
 -0.2024565  -0.2024565  -0.2024565  -0.2024565  -0.2024565  -0.2024565
 -0.2024565  -0.2024565  -0.2024565  -0.2024565  -0.2024565  -0.2024565
 -0.2024565  -0.2024565  -0.2024565  -0.2024565  -0.2024565  -0.2024565
 -0.2024565  -0.2024565  -0.2024565  -0.2024565  -0.2024565  -0.2024565
 -0.2024565  -0.2024565  -0.2024565  -0.2024565  -0.2024565  -0.2024565
 -0.2024565  -0.2024565  -0.2024565  -0.2024565  -0.2024565  -0.2024565
 -0.2024565  -0.2024565  -0.2024565  -0.2024565  -0.2024565  -0.2024565
 -0.2024565  -0.2024565  -0.2024565  -0.2024565  -0.2024565  -0.2024565
 -0.2024565  -0.2024565  -0.2024565  -0.2024565  -0.2024565  -0.2024565
 -0.2024565  -0.2024565  -0.2024565  -0.2024565  -0.2024565  -0.2024565
 -0.2024565  -0.2024565  -0.2024565  -0.2024565  -0.2024565   6.31266933
 -0.2024565  -0.2024565  -0.2024565  -0.2024565  -0.2024565  -0.2024565
 -0.2024565  -0.2024565  -0.2024565  -0.2024565  -0.2024565  -0.2024565
 -0.2024565  -0.2024565  -0.2024565  -0.2024565  -0.2024565  -0.2024565
 -0.2024565  -0.2024565  -0.2024565  -0.2024565  -0.2024565  -0.2024565
 -0.2024565  -0.2024565  -0.2024565  -0.2024565  -0.2024565  -0.2024565
 -0.2024565  -0.2024565  -0.2024565  -0.2024565  -0.2024565  -0.2024565
 -0.2024565  -0.2024565   3.33973205 -0.2024565  -0.2024565  -0.2024565
 -0.2024565  -0.2024565  -0.2024565  -0.2024565  -0.2024565  -0.2024565
 -0.2024565  -0.2024565  -0.2024565  -0.2024565  -0.2024565  -0.2024565
 -0.2024565  -0.2024565  -0.2024565  -0.2024565  -0.2024565  -0.2024565
 -0.2024565   3.9416059  -0.2024565  -0.2024565  -0.2024565  -0.2024565
 -0.2024565  -0.2024565  -0.2024565  -0.2024565  -0.2024565  -0.2024565
 -0.2024565  -0.2024565  -0.2024565  -0.2024565  -0.2024565  -0.2024565
 -0.2024565  -0.2024565  -0.2024565  -0.2024565  -0.2024565  -0.2024565
 -0.2024565  -0.2024565  -0.2024565  -0.2024565  -0.2024565  -0.2024565
 -0.2024565  -0.2024565   6.87679671 -0.2024565 ]",[-0.006658478558541653]
6,"[-0.21209458 -0.21209458 -0.21209458 -0.21209458  0.05932765 -0.21209458
 -0.21209458 -0.21209458 -0.21209458 -0.21209458 -0.21209458 -0.21209458
 -0.21209458 -0.21209458 -0.21209458 -0.21209458 -0.21209458 -0.21209458
 -0.21209458 -0.21209458 -0.21209458 -0.21209458 -0.21209458 -0.21209458
 -0.21209458 -0.21209458 -0.21209458 -0.21209458 -0.21209458 -0.21209458
 -0.21209458 -0.21209458 -0.21209458 -0.21209458 -0.21209458 -0.21209458
 -0.21209458 -0.21209458 -0.21209458 -0.21209458 -0.21209458 -0.21209458
 -0.21209458 -0.21209458 -0.21209458 -0.21209458 -0.21209458 -0.21209458
 -0.21209458 -0.21209458 -0.21209458 -0.21209458 -0.21209458 -0.21209458
 -0.21209458 -0.21209458 -0.21209458 -0.21209458 -0.21209458 -0.21209458
 -0.21209458 -0.21209458 -0.21209458 -0.21209458 -0.21209458 -0.21209458
 -0.21209458 -0.21209458 -0.21209458 -0.21209458 -0.21209458 -0.21209458
 -0.21209458 -0.21209458 -0.21209458 -0.21209458 -0.21209458 -0.21209458
 -0.21209458 -0.21209458 -0.21209458 -0.21209458 -0.21209458  8.18971857
 -0.21209458 -0.21209458 -0.21209458 -0.21209458 -0.21209458  6.32220293
 -0.21209458 -0.21209458 -0.21209458 -0.21209458 -0.21209458 -0.21209458
 -0.21209458 -0.21209458 -0.21209458 -0.21209458 -0.21209458 -0.21209458
 -0.21209458 -0.21209458 -0.21209458 -0.21209458 -0.21209458 -0.21209458
 -0.21209458 -0.21209458  6.24864508 -0.21209458 -0.21209458 -0.21209458
 -0.21209458 -0.21209458  6.64214764 -0.21209458 -0.21209458 -0.21209458
 -0.21209458 -0.21209458 -0.21209458  0.33335025  4.59218336 -0.21209458
 -0.21209458 -0.21209458 -0.21209458 -0.21209458 -0.21209458 -0.21209458
 -0.21209458 -0.21209458 -0.21209458 -0.21209458 -0.21209458 -0.21209458
 -0.21209458 -0.21209458 -0.21209458 -0.21209458 -0.21209458 -0.21209458
 -0.21209458 -0.21209458 -0.21209458 -0.21209458 -0.21209458 -0.21209458
 -0.21209458 -0.21209458 -0.21209458 -0.21209458 -0.21209458 -0.21209458
 -0.21209458 -0.21209458 -0.21209458 -0.21209458 -0.21209458 -0.21209458
 -0.21209458 -0.21209458 -0.21209458 -0.21209458 -0.21209458 -0.21209458
 -0.21209458 -0.21209458 -0.21209458 -0.21209458 -0.21209458 -0.21209458
 -0.21209458 -0.21209458 -0.21209458 -0.21209458 -0.21209458 -0.21209458
 -0.21209458 -0.21209458 -0.21209458 -0.21209458 -0.21209458 -0.21209458
 -0.21209458 -0.21209458 -0.21209458 -0.21209458 -0.21209458 -0.21209458
 -0.21209458 -0.21209458 -0.21209458 -0.21209458 -0.21209458 -0.21209458
 -0.21209458 -0.21209458 -0.21209458 -0.21209458 -0.21209458 -0.21209458
 -0.21209458 -0.21209458 -0.21209458 -0.21209458 -0.21209458 -0.21209458
  1.68111492 -0.21209458 -0.21209458 -0.21209458 -0.21209458  1.76306453
 -0.21209458 -0.21209458 -0.21209458 -0.21209458 -0.21209458 -0.21209458
 -0.21209458 -0.21209458 -0.21209458 -0.21209458 -0.21209458 -0.21209458
 -0.21209458 -0.21209458 -0.21209458  1.79996145 -0.21209458 -0.21209458
 -0.21209458  2.92441965 -0.21209458  1.23703832  4.04479618 -0.21209458
  4.72291477  1.70237561 -0.21209458  2.32157034 -0.21209458 -0.21209458
 -0.21209458 -0.21209458 -0.21209458 -0.21209458 -0.21209458 -0.21209458
 -0.21209458 -0.21209458 -0.21209458 -0.21209458 -0.21209458 -0.21209458
 -0.21209458 -0.21209458 -0.21209458  2.1095376  -0.21209458 -0.21209458
 -0.21209458 -0.21209458 -0.21209458 -0.21209458 -0.21209458 -0.21209458
  2.4326621  -0.21209458 -0.21209458 -0.21209458  3.81286124 -0.21209458
 -0.21209458 -0.21209458 -0.21209458 -0.21209458 -0.21209458 -0.21209458
  2.89905954  0.68317758 -0.21209458 -0.21209458 -0.21209458  5.65639181
  1.337267   -0.21209458 -0.21209458 -0.21209458 -0.21209458 -0.21209458
 -0.21209458 -0.21209458 -0.21209458 -0.21209458 -0.21209458 -0.21209458
 -0.21209458 -0.21209458 -0.21209458 -0.21209458 -0.21209458 -0.21209458
 -0.21209458 -0.21209458 -0.21209458 -0.21209458 -0.21209458  4.8849259
 -0.21209458 -0.21209458 -0.21209458 -0.21209458 -0.21209458 -0.21209458
 -0.21209458 -0.21209458 -0.21209458 -0.21209458 -0.21209458 -0.21209458
 -0.21209458 -0.21209458 -0.21209458 -0.21209458 -0.21209458 -0.21209458
 -0.21209458 -0.21209458 -0.21209458 -0.21209458 -0.21209458 -0.21209458
 -0.21209458 -0.21209458 -0.21209458 -0.21209458 -0.21209458 -0.21209458
 -0.21209458 -0.21209458 -0.21209458 -0.21209458 -0.21209458 -0.21209458
 -0.21209458 -0.21209458 -0.21209458 -0.21209458 -0.21209458 -0.21209458
 -0.21209458 -0.21209458 -0.21209458 -0.21209458 -0.21209458 -0.21209458
 -0.21209458 -0.21209458 -0.21209458 -0.21209458 -0.21209458 -0.21209458
 -0.21209458 -0.21209458 -0.21209458 -0.21209458 -0.21209458 -0.21209458
 -0.21209458 -0.21209458 -0.21209458 -0.21209458 -0.21209458 -0.21209458
 -0.21209458 -0.21209458 -0.21209458 -0.21209458 -0.21209458 -0.21209458
 -0.21209458 -0.21209458 -0.21209458 -0.21209458 -0.21209458 -0.21209458
 -0.21209458 -0.21209458 -0.21209458 -0.21209458 -0.21209458 -0.21209458
 -0.21209458 -0.21209458 -0.21209458 -0.21209458 -0.21209458 -0.21209458
 -0.21209458 -0.21209458 -0.21209458 -0.21209458 -0.21209458 -0.21209458
 -0.21209458 -0.21209458 -0.21209458 -0.21209458 -0.21209458 -0.21209458
 -0.21209458 -0.21209458 -0.21209458 -0.21209458 -0.21209458 -0.21209458
 -0.21209458 -0.21209458 -0.21209458 -0.21209458 -0.21209458  6.07639219
 -0.21209458 -0.21209458 -0.21209458 -0.21209458 -0.21209458 -0.21209458
 -0.21209458 -0.21209458 -0.21209458 -0.21209458 -0.21209458 -0.21209458
 -0.21209458 -0.21209458 -0.21209458 -0.21209458 -0.21209458 -0.21209458
  4.30671783 -0.21209458 -0.21209458 -0.21209458 -0.21209458 -0.21209458
 -0.21209458 -0.21209458 -0.21209458 -0.21209458 -0.21209458 -0.21209458
 -0.21209458 -0.21209458 -0.21209458 -0.21209458 -0.21209458 -0.21209458
 -0.21209458 -0.21209458  1.48847026 -0.21209458 -0.21209458 -0.21209458
  4.76409083 -0.21209458 -0.21209458 -0.21209458 -0.21209458 -0.21209458
 -0.21209458 -0.21209458 -0.21209458 -0.21209458 -0.21209458 -0.21209458
 -0.21209458 -0.21209458 -0.21209458 -0.21209458 -0.21209458 -0.21209458
 -0.21209458  2.32157034 -0.21209458 -0.21209458 -0.21209458 -0.21209458
 -0.21209458 -0.21209458 -0.21209458 -0.21209458 -0.21209458 -0.21209458
 -0.21209458 -0.21209458 -0.21209458 -0.21209458 -0.21209458 -0.21209458
 -0.21209458 -0.21209458 -0.21209458 -0.21209458 -0.21209458 -0.21209458
 -0.21209458 -0.21209458 -0.21209458 -0.21209458 -0.21209458 -0.21209458
 -0.21209458 -0.21209458  6.56838681 -0.21209458]",[0.009028395592230315]
6,"[-0.19675527 -0.19675527 -0.19675527 -0.19675527 -0.19675527 -0.19675527
 -0.19675527 -0.19675527 -0.19675527 -0.19675527 -0.19675527 -0.19675527
 -0.19675527 -0.19675527 -0.19675527 -0.19675527 -0.19675527 -0.19675527
 -0.19675527 -0.19675527 -0.19675527 -0.19675527 -0.19675527 -0.19675527
 -0.19675527 -0.19675527 -0.19675527 -0.19675527 -0.19675527 -0.19675527
 -0.19675527 -0.19675527 -0.19675527 -0.19675527 -0.19675527 -0.19675527
 -0.19675527 -0.19675527 -0.19675527 -0.19675527 -0.19675527 -0.19675527
 -0.19675527 -0.19675527 -0.19675527 -0.19675527 -0.19675527 -0.19675527
 -0.19675527 -0.19675527 -0.19675527 -0.19675527 -0.19675527 -0.19675527
 -0.19675527 -0.19675527 -0.19675527 -0.19675527 -0.19675527 -0.19675527
 -0.19675527 -0.19675527 -0.19675527 -0.19675527 -0.19675527 -0.19675527
 -0.19675527 -0.19675527 -0.19675527 -0.19675527 -0.19675527 -0.19675527
 -0.19675527 -0.19675527 -0.19675527 -0.19675527 -0.19675527 -0.19675527
 -0.19675527 -0.19675527 -0.19675527 -0.19675527 -0.19675527  9.44933074
 -0.19675527 -0.19675527 -0.19675527 -0.19675527 -0.19675527 -0.19675527
 -0.19675527 -0.19675527  2.17883238 -0.19675527 -0.19675527 -0.19675527
 -0.19675527 -0.19675527 -0.19675527 -0.19675527 -0.19675527 -0.19675527
 -0.19675527 -0.19675527 -0.19675527 -0.19675527 -0.19675527 -0.19675527
 -0.19675527 -0.19675527  8.16818281 -0.19675527 -0.19675527 -0.19675527
 -0.19675527 -0.19675527 -0.19675527 -0.19675527 -0.19675527 -0.19675527
 -0.19675527 -0.19675527 -0.19675527 -0.19675527 -0.19675527 -0.19675527
 -0.19675527 -0.19675527 -0.19675527 -0.19675527 -0.19675527 -0.19675527
 -0.19675527 -0.19675527 -0.19675527 -0.19675527 -0.19675527 -0.19675527
 -0.19675527 -0.19675527 -0.19675527 -0.19675527 -0.19675527 -0.19675527
 -0.19675527 -0.19675527 -0.19675527 -0.19675527 -0.19675527 -0.19675527
  1.12079004 -0.19675527 -0.19675527 -0.19675527 -0.19675527 -0.19675527
 -0.19675527 -0.19675527 -0.19675527 -0.19675527 -0.19675527 -0.19675527
 -0.19675527 -0.19675527 -0.19675527 -0.19675527 -0.19675527 -0.19675527
 -0.19675527 -0.19675527 -0.19675527 -0.19675527 -0.19675527 -0.19675527
 -0.19675527 -0.19675527 -0.19675527 -0.19675527 -0.19675527 -0.19675527
 -0.19675527 -0.19675527 -0.19675527 -0.19675527 -0.19675527 -0.19675527
 -0.19675527 -0.19675527 -0.19675527 -0.19675527 -0.19675527 -0.19675527
 -0.19675527 -0.19675527 -0.19675527 -0.19675527 -0.19675527 -0.19675527
 -0.19675527 -0.19675527 -0.19675527 -0.19675527 -0.19675527  1.13541769
 -0.19675527 -0.19675527 -0.19675527 -0.19675527 -0.19675527 -0.19675527
  2.17095436 -0.19675527 -0.05441521 -0.19675527 -0.19675527  3.24279079
 -0.19675527 -0.19675527 -0.19675527 -0.19675527 -0.19675527 -0.19675527
 -0.19675527 -0.19675527 -0.19675527 -0.19675527 -0.19675527 -0.19675527
 -0.19675527 -0.19675527 -0.19675527 -0.19675527 -0.19675527 -0.19675527
 -0.19675527  3.04651789 -0.19675527  1.63479794  4.51578254 -0.19675527
  5.54759225  0.75141366 -0.19675527 -0.19675527 -0.19675527 -0.19675527
 -0.19675527 -0.19675527 -0.19675527 -0.19675527 -0.19675527 -0.19675527
 -0.19675527 -0.19675527 -0.19675527 -0.19675527  1.12079004 -0.19675527
 -0.19675527 -0.19675527 -0.19675527  2.32513892 -0.19675527  3.0266986
 -0.19675527 -0.19675527 -0.19675527 -0.19675527 -0.19675527 -0.19675527
 -0.19675527 -0.19675527  4.74986877 -0.19675527  6.04356758 -0.19675527
 -0.19675527  3.14242937 -0.19675527  3.17983363 -0.19675527 -0.19675527
 -0.19675527  1.16971567 -0.19675527 -0.19675527 -0.19675527  6.65285852
 -0.19675527 -0.19675527 -0.19675527 -0.19675527 -0.19675527  1.18695723
 -0.19675527 -0.19675527 -0.19675527 -0.19675527 -0.19675527 -0.19675527
 -0.19675527 -0.19675527 -0.19675527 -0.19675527 -0.19675527 -0.19675527
 -0.19675527 -0.19675527 -0.19675527 -0.19675527 -0.19675527  6.15317029
 -0.19675527 -0.19675527 -0.19675527 -0.19675527 -0.19675527 -0.19675527
 -0.19675527 -0.19675527 -0.19675527 -0.19675527 -0.19675527 -0.19675527
 -0.19675527 -0.19675527 -0.19675527 -0.19675527 -0.19675527 -0.19675527
 -0.19675527 -0.19675527 -0.19675527 -0.19675527 -0.19675527 -0.19675527
 -0.19675527 -0.19675527 -0.19675527 -0.19675527 -0.19675527 -0.19675527
 -0.19675527 -0.19675527 -0.19675527 -0.19675527 -0.19675527 -0.19675527
 -0.19675527 -0.19675527 -0.19675527 -0.19675527 -0.19675527 -0.19675527
 -0.19675527 -0.19675527 -0.19675527 -0.19675527 -0.19675527 -0.19675527
 -0.19675527 -0.19675527 -0.19675527 -0.19675527 -0.19675527 -0.19675527
 -0.19675527 -0.19675527 -0.19675527 -0.19675527 -0.19675527 -0.19675527
 -0.19675527 -0.19675527 -0.19675527 -0.19675527 -0.19675527 -0.19675527
 -0.19675527 -0.19675527 -0.19675527 -0.19675527 -0.19675527 -0.19675527
 -0.19675527 -0.19675527 -0.19675527 -0.19675527 -0.19675527 -0.19675527
 -0.19675527 -0.19675527 -0.19675527 -0.19675527 -0.19675527 -0.19675527
 -0.19675527 -0.19675527 -0.19675527 -0.19675527 -0.19675527 -0.19675527
 -0.19675527 -0.19675527 -0.19675527 -0.19675527 -0.19675527 -0.19675527
 -0.19675527 -0.19675527 -0.19675527 -0.19675527 -0.19675527 -0.19675527
 -0.19675527 -0.19675527 -0.19675527 -0.19675527 -0.19675527 -0.19675527
 -0.19675527 -0.19675527 -0.19675527 -0.19675527 -0.19675527 -0.19675527
 -0.19675527 -0.19675527 -0.19675527 -0.19675527 -0.19675527 -0.19675527
 -0.19675527 -0.19675527 -0.19675527 -0.19675527 -0.19675527 -0.19675527
 -0.19675527 -0.19675527 -0.19675527 -0.19675527 -0.19675527 -0.19675527
 -0.19675527 -0.19675527 -0.19675527 -0.19675527 -0.19675527 -0.19675527
 -0.19675527 -0.19675527 -0.19675527 -0.19675527 -0.19675527 -0.19675527
 -0.19675527 -0.19675527 -0.19675527 -0.19675527 -0.19675527 -0.19675527
 -0.19675527 -0.19675527  4.93455267 -0.19675527  4.75631212 -0.19675527
 -0.19675527 -0.19675527 -0.19675527 -0.19675527 -0.19675527 -0.19675527
 -0.19675527 -0.19675527 -0.19675527 -0.19675527 -0.19675527 -0.19675527
 -0.19675527 -0.19675527 -0.19675527 -0.19675527 -0.19675527 -0.19675527
 -0.19675527 -0.19675527 -0.19675527 -0.19675527 -0.19675527 -0.19675527
 -0.19675527 -0.19675527 -0.19675527 -0.19675527 -0.19675527 -0.19675527
 -0.19675527 -0.19675527 -0.19675527 -0.19675527 -0.19675527 -0.19675527
 -0.19675527 -0.19675527 -0.19675527 -0.19675527 -0.19675527 -0.19675527
 -0.19675527 -0.19675527 -0.19675527 -0.19675527 -0.19675527 -0.19675527
 -0.19675527 -0.19675527  5.65046617 -0.19675527]",[0.006316137170816999]
6,"[-0.16356546 -0.16356546 -0.16356546 -0.16356546 -0.16356546 -0.16356546
 -0.16356546 -0.16356546 -0.16356546 -0.16356546 -0.16356546 -0.16356546
 -0.16356546 -0.16356546 -0.16356546 -0.16356546 -0.16356546 -0.16356546
  2.89069149 -0.16356546 -0.16356546 -0.16356546 -0.16356546 -0.16356546
 -0.16356546 -0.16356546 -0.16356546 -0.16356546 -0.16356546 -0.16356546
 -0.16356546 -0.16356546 -0.16356546 -0.16356546 -0.16356546 -0.16356546
 -0.16356546 -0.16356546 -0.16356546 -0.16356546 -0.16356546 -0.16356546
 -0.16356546 -0.16356546 -0.16356546 -0.16356546 -0.16356546 -0.16356546
 -0.16356546 -0.16356546 -0.16356546 -0.16356546 -0.16356546 -0.16356546
 -0.16356546 -0.16356546 -0.16356546 -0.16356546 -0.16356546 -0.16356546
 -0.16356546 -0.16356546 -0.16356546 -0.16356546 -0.16356546 -0.16356546
 -0.16356546 -0.16356546 -0.16356546 -0.16356546 -0.16356546 -0.16356546
 -0.16356546 -0.16356546 -0.16356546 -0.16356546 -0.16356546 -0.16356546
 -0.16356546 -0.16356546 -0.16356546 -0.16356546 -0.16356546 11.01181818
 -0.16356546 -0.16356546 -0.16356546 -0.16356546 -0.16356546 -0.16356546
 -0.16356546 -0.16356546 -0.16356546 -0.16356546 -0.16356546 -0.16356546
 -0.16356546 -0.16356546 -0.16356546 -0.16356546 -0.16356546 -0.16356546
 -0.16356546 -0.16356546 -0.16356546 -0.16356546 -0.16356546 -0.16356546
 -0.16356546 -0.16356546  7.02408318 -0.16356546 -0.16356546 -0.16356546
 -0.16356546 -0.16356546  7.82426382 -0.16356546 -0.16356546 -0.16356546
 -0.16356546 -0.16356546 -0.16356546 -0.16356546 -0.16356546 -0.16356546
 -0.16356546 -0.16356546 -0.16356546 -0.16356546 -0.16356546 -0.16356546
 -0.16356546 -0.16356546 -0.16356546 -0.16356546 -0.16356546 -0.16356546
 -0.16356546 -0.16356546 -0.16356546 -0.16356546 -0.16356546 -0.16356546
 -0.16356546 -0.16356546 -0.16356546 -0.16356546 -0.16356546 -0.16356546
 -0.16356546 -0.16356546 -0.16356546 -0.16356546 -0.16356546 -0.16356546
 -0.16356546 -0.16356546 -0.16356546 -0.16356546 -0.16356546 -0.16356546
 -0.16356546 -0.16356546 -0.16356546 -0.16356546 -0.16356546 -0.16356546
 -0.16356546 -0.16356546 -0.16356546 -0.16356546 -0.16356546 -0.16356546
 -0.16356546 -0.16356546 -0.16356546 -0.16356546 -0.16356546 -0.16356546
 -0.16356546 -0.16356546 -0.16356546 -0.16356546 -0.16356546 -0.16356546
 -0.16356546 -0.16356546 -0.16356546 -0.16356546 -0.16356546 -0.16356546
 -0.16356546 -0.16356546 -0.16356546 -0.16356546 -0.16356546 -0.16356546
 -0.16356546 -0.16356546 -0.16356546 -0.16356546 -0.16356546  2.4194099
 -0.16356546 -0.16356546 -0.16356546 -0.16356546 -0.16356546 -0.16356546
  0.7046519  -0.16356546 -0.16356546 -0.16356546 -0.16356546  3.62072193
 -0.16356546 -0.16356546 -0.16356546 -0.16356546 -0.16356546 -0.16356546
 -0.16356546 -0.16356546 -0.16356546 -0.16356546 -0.16356546 -0.16356546
 -0.16356546 -0.16356546 -0.16356546 -0.16356546 -0.16356546 -0.16356546
 -0.16356546  1.21051755 -0.16356546 -0.16356546 -0.16356546 -0.16356546
  2.81675516 -0.16356546 -0.16356546 -0.16356546 -0.16356546 -0.16356546
 -0.16356546 -0.16356546 -0.16356546 -0.16356546 -0.16356546 -0.16356546
 -0.16356546 -0.16356546 -0.16356546 -0.16356546 -0.16356546 -0.16356546
 -0.16356546 -0.16356546 -0.16356546  3.38524072 -0.16356546  0.23932633
 -0.16356546 -0.16356546 -0.16356546 -0.16356546 -0.16356546 -0.16356546
 -0.16356546 -0.16356546 -0.16356546 -0.16356546  4.01289221 -0.16356546
 -0.16356546 -0.16356546 -0.16356546 -0.16356546 -0.16356546 -0.16356546
  6.62604964 -0.16356546 -0.16356546 -0.16356546 -0.16356546  5.85288727
 -0.16356546 -0.16356546 -0.16356546 -0.16356546 -0.16356546 -0.16356546
 -0.16356546 -0.16356546  6.03511693 -0.16356546 -0.16356546 -0.16356546
 -0.16356546 -0.16356546 -0.16356546 -0.16356546 -0.16356546 -0.16356546
 -0.16356546 -0.16356546 -0.16356546 -0.16356546 -0.16356546 -0.16356546
 -0.16356546 -0.16356546 -0.16356546 -0.16356546 -0.16356546 -0.16356546
 -0.16356546 -0.16356546 -0.16356546 -0.16356546  4.03009358 -0.16356546
 -0.16356546 -0.16356546 -0.16356546 -0.16356546 -0.16356546 -0.16356546
 -0.16356546 -0.16356546 -0.16356546 -0.16356546 -0.16356546 -0.16356546
 -0.16356546 -0.16356546 -0.16356546 -0.16356546 -0.16356546 -0.16356546
 -0.16356546 -0.16356546 -0.16356546 -0.16356546 -0.16356546 -0.16356546
 -0.16356546 -0.16356546 -0.16356546 -0.16356546 -0.16356546 -0.16356546
 -0.16356546 -0.16356546 -0.16356546 -0.16356546 -0.16356546 -0.16356546
 -0.16356546 -0.16356546 -0.16356546 -0.16356546 -0.16356546 -0.16356546
 -0.16356546 -0.16356546 -0.16356546 -0.16356546 -0.16356546 -0.16356546
 -0.16356546 -0.16356546 -0.16356546 -0.16356546 -0.16356546 -0.16356546
 -0.16356546 -0.16356546 -0.16356546 -0.16356546 -0.16356546 -0.16356546
 -0.16356546 -0.16356546 -0.16356546 -0.16356546 -0.16356546 -0.16356546
 -0.16356546 -0.16356546 -0.16356546 -0.16356546 -0.16356546 -0.16356546
 -0.16356546 -0.16356546 -0.16356546 -0.16356546 -0.16356546 -0.16356546
 -0.16356546 -0.16356546 -0.16356546 -0.16356546 -0.16356546 -0.16356546
 -0.16356546 -0.16356546 -0.16356546 -0.16356546 -0.16356546 -0.16356546
 -0.16356546 -0.16356546 -0.16356546 -0.16356546 -0.16356546 -0.16356546
 -0.16356546 -0.16356546 -0.16356546 -0.16356546  7.23843967 -0.16356546
 -0.16356546 -0.16356546 -0.16356546 -0.16356546 -0.16356546 -0.16356546
 -0.16356546 -0.16356546 -0.16356546 -0.16356546 -0.16356546 -0.16356546
 -0.16356546 -0.16356546 -0.16356546 -0.16356546 -0.16356546 -0.16356546
 -0.16356546 -0.16356546 -0.16356546 -0.16356546 -0.16356546 -0.16356546
 -0.16356546 -0.16356546 -0.16356546 -0.16356546 -0.16356546 -0.16356546
 -0.16356546 -0.16356546 -0.16356546 -0.16356546 -0.16356546 -0.16356546
 -0.16356546 -0.16356546  5.16689958 -0.16356546 -0.16356546 -0.16356546
 -0.16356546 -0.16356546 -0.16356546 -0.16356546 -0.16356546 -0.16356546
 -0.16356546 -0.16356546 -0.16356546 -0.16356546 -0.16356546 -0.16356546
 -0.16356546 -0.16356546 -0.16356546 -0.16356546 -0.16356546 -0.16356546
 -0.16356546 -0.16356546 -0.16356546 -0.16356546 -0.16356546 -0.16356546
 -0.16356546 -0.16356546 -0.16356546 -0.16356546 -0.16356546 -0.16356546
 -0.16356546 -0.16356546 -0.16356546 -0.16356546 -0.16356546 -0.16356546
 -0.16356546 -0.16356546 -0.16356546 -0.16356546 -0.16356546 -0.16356546
 -0.16356546 -0.16356546 -0.16356546 -0.16356546 -0.16356546 -0.16356546
 -0.16356546 -0.16356546 -0.16356546 -0.16356546]",[0.003915768314148832]
6,"[-0.20273942 -0.20273942 -0.20273942 -0.20273942  0.10122971 -0.20273942
 -0.20273942 -0.20273942 -0.20273942 -0.20273942 -0.20273942 -0.20273942
 -0.20273942 -0.20273942 -0.20273942 -0.20273942 -0.20273942 -0.20273942
 -0.20273942 -0.20273942 -0.20273942 -0.20273942 -0.20273942 -0.20273942
 -0.20273942 -0.20273942 -0.20273942 -0.20273942 -0.20273942 -0.20273942
 -0.20273942 -0.20273942 -0.20273942 -0.20273942 -0.20273942 -0.20273942
 -0.20273942 -0.20273942 -0.20273942 -0.20273942 -0.20273942 -0.20273942
 -0.20273942 -0.20273942 -0.20273942 -0.20273942 -0.20273942 -0.20273942
 -0.20273942 -0.20273942 -0.20273942 -0.20273942 -0.20273942 -0.20273942
 -0.20273942 -0.20273942 -0.20273942 -0.20273942 -0.20273942 -0.20273942
 -0.20273942 -0.20273942 -0.20273942 -0.20273942 -0.20273942 -0.20273942
 -0.20273942 -0.20273942 -0.20273942 -0.20273942 -0.20273942 -0.20273942
 -0.20273942 -0.20273942 -0.20273942 -0.20273942 -0.20273942 -0.20273942
 -0.20273942 -0.20273942 -0.20273942 -0.20273942 -0.20273942  2.99821094
 -0.20273942 -0.20273942 -0.20273942 -0.20273942 -0.20273942 -0.20273942
 -0.20273942 -0.20273942  1.89225942 -0.20273942 -0.20273942 -0.20273942
 -0.20273942 -0.20273942 -0.20273942 -0.20273942 -0.20273942 -0.20273942
 -0.20273942 -0.20273942 -0.20273942 -0.20273942 -0.20273942 -0.20273942
 -0.20273942 -0.20273942  1.08114596 -0.20273942 -0.20273942 -0.20273942
 -0.20273942 -0.20273942 -0.20273942 -0.20273942 -0.20273942 -0.20273942
 -0.20273942 -0.20273942 -0.20273942 -0.20273942 -0.20273942 -0.20273942
 -0.20273942 -0.20273942 -0.20273942 -0.20273942 -0.20273942 -0.20273942
 -0.20273942 -0.20273942 -0.20273942 -0.20273942 -0.20273942 -0.20273942
 -0.20273942 -0.20273942 -0.20273942 -0.20273942 -0.20273942 -0.20273942
 -0.20273942 -0.20273942 -0.20273942 -0.20273942 -0.20273942 -0.20273942
 -0.20273942 -0.20273942 -0.20273942 -0.20273942 -0.20273942 -0.20273942
 -0.20273942 -0.20273942 -0.20273942 -0.20273942 -0.20273942 -0.20273942
 -0.20273942 -0.20273942 -0.20273942 -0.20273942 -0.20273942 -0.20273942
 -0.20273942 -0.20273942 -0.20273942 -0.20273942 -0.20273942  1.35381352
 -0.20273942 -0.20273942 -0.20273942 -0.20273942 -0.20273942 -0.20273942
 -0.20273942 -0.20273942 -0.20273942 -0.20273942 -0.20273942 -0.20273942
 -0.20273942 -0.20273942 -0.20273942 -0.20273942 -0.20273942 -0.20273942
 -0.20273942 -0.20273942 -0.20273942 -0.20273942 -0.20273942 -0.20273942
 -0.20273942 -0.20273942 -0.20273942 -0.20273942 -0.20273942 -0.20273942
 -0.20273942 -0.20273942 -0.20273942 -0.20273942 -0.20273942 -0.20273942
  1.66715067 -0.20273942  2.81247906 -0.20273942 -0.20273942  5.16928337
 -0.20273942 -0.20273942 -0.20273942 -0.20273942 -0.20273942 -0.20273942
 -0.20273942 -0.20273942 -0.20273942 -0.20273942 -0.20273942 -0.20273942
 -0.20273942 -0.20273942 -0.20273942 -0.20273942 -0.20273942 -0.20273942
 -0.20273942  3.57002441 -0.20273942  1.72425069  4.36094051 -0.20273942
  5.69620496  1.03118663 -0.20273942 -0.20273942 -0.20273942 -0.20273942
 -0.20273942 -0.20273942 -0.20273942 -0.20273942 -0.20273942 -0.20273942
 -0.20273942 -0.20273942 -0.20273942 -0.20273942 -0.20273942 -0.20273942
 -0.20273942 -0.20273942 -0.20273942  4.27002369 -0.20273942  2.23132835
 -0.20273942 -0.20273942 -0.20273942  2.76829328  0.75179595 -0.20273942
 -0.20273942 -0.20273942 -0.20273942 -0.20273942  5.26665348 -0.20273942
 -0.20273942  2.88403733 -0.20273942 -0.20273942 -0.20273942 -0.20273942
  4.66747778  1.0000035  -0.20273942 -0.20273942 -0.20273942  6.99513043
 -0.20273942 -0.20273942 -0.20273942 -0.20273942 -0.20273942 -0.20273942
 -0.20273942 -0.20273942 -0.20273942 -0.20273942 -0.20273942 -0.20273942
 -0.20273942 -0.20273942 -0.20273942 -0.20273942 -0.20273942 -0.20273942
 -0.20273942 -0.20273942 -0.20273942 -0.20273942 -0.20273942  3.42840761
 -0.20273942 -0.20273942 -0.20273942 -0.20273942 -0.20273942 -0.20273942
 -0.20273942 -0.20273942 -0.20273942 -0.20273942 -0.20273942 -0.20273942
 -0.20273942 -0.20273942 -0.20273942 -0.20273942 -0.20273942 -0.20273942
 -0.20273942 -0.20273942 -0.20273942 -0.20273942 -0.20273942 -0.20273942
 -0.20273942 -0.20273942 -0.20273942 -0.20273942 -0.20273942 -0.20273942
 -0.20273942 -0.20273942 -0.20273942 -0.20273942 -0.20273942 -0.20273942
 -0.20273942 -0.20273942 -0.20273942 -0.20273942 -0.20273942 -0.20273942
 -0.20273942 -0.20273942 -0.20273942 -0.20273942 -0.20273942 -0.20273942
 -0.20273942 -0.20273942 -0.20273942 -0.20273942 -0.20273942 -0.20273942
 -0.20273942 -0.20273942 -0.20273942 -0.20273942 -0.20273942 -0.20273942
 -0.20273942 -0.20273942 -0.20273942 -0.20273942 -0.20273942 -0.20273942
 -0.20273942 -0.20273942 -0.20273942 -0.20273942 -0.20273942 -0.20273942
 -0.20273942 -0.20273942 -0.20273942 -0.20273942 -0.20273942 -0.20273942
 -0.20273942 -0.20273942 -0.20273942 -0.20273942 -0.20273942 -0.20273942
 -0.20273942 -0.20273942 -0.20273942 -0.20273942 -0.20273942 -0.20273942
 -0.20273942 -0.20273942 -0.20273942 -0.20273942 -0.20273942 -0.20273942
 -0.20273942 -0.20273942 -0.20273942 -0.20273942 -0.20273942 -0.20273942
 -0.20273942 -0.20273942 -0.20273942 -0.20273942 -0.20273942 -0.20273942
 -0.20273942 -0.20273942 -0.20273942 -0.20273942 -0.20273942 -0.20273942
 -0.20273942 -0.20273942 -0.20273942 -0.20273942 -0.20273942 -0.20273942
 -0.20273942 -0.20273942 -0.20273942 -0.20273942 -0.20273942 -0.20273942
 -0.20273942 -0.20273942 -0.20273942 -0.20273942 -0.20273942 -0.20273942
 -0.20273942 -0.20273942 -0.20273942 -0.20273942 -0.20273942 -0.20273942
 -0.20273942 -0.20273942 -0.20273942  0.99228934 -0.20273942 -0.20273942
 -0.20273942 -0.20273942 -0.20273942 -0.20273942 -0.20273942 -0.20273942
 -0.20273942 -0.20273942  6.94104911 -0.20273942 -0.20273942 -0.20273942
  9.54984533 -0.20273942 -0.20273942 -0.20273942 -0.20273942 -0.20273942
 -0.20273942 -0.20273942 -0.20273942 -0.20273942 -0.20273942 -0.20273942
 -0.20273942 -0.20273942 -0.20273942 -0.20273942 -0.20273942 -0.20273942
 -0.20273942  3.99338886 -0.20273942 -0.20273942 -0.20273942  2.19270635
 -0.20273942 -0.20273942 -0.20273942 -0.20273942 -0.20273942 -0.20273942
 -0.20273942 -0.20273942 -0.20273942 -0.20273942 -0.20273942 -0.20273942
 -0.20273942 -0.20273942 -0.20273942 -0.20273942 -0.20273942 -0.20273942
 -0.20273942 -0.20273942 -0.20273942 -0.20273942 -0.20273942 -0.20273942
 -0.20273942 -0.20273942  8.15444536 -0.20273942]",[-0.0023949544849311277]
6,"[-0.18799624 -0.18799624 -0.18799624 -0.18799624 -0.18799624 -0.18799624
 -0.18799624 -0.18799624 -0.18799624 -0.18799624 -0.18799624 -0.18799624
 -0.18799624 -0.18799624 -0.18799624 -0.18799624 -0.18799624 -0.18799624
 -0.18799624 -0.18799624 -0.18799624 -0.18799624 -0.18799624 -0.18799624
 -0.18799624 -0.18799624 -0.18799624 -0.18799624 -0.18799624 -0.18799624
 -0.18799624 -0.18799624 -0.18799624 -0.18799624 -0.18799624 -0.18799624
 -0.18799624 -0.18799624 -0.18799624 -0.18799624 -0.18799624 -0.18799624
 -0.18799624 -0.18799624 -0.18799624 -0.18799624 -0.18799624 -0.18799624
 -0.18799624 -0.18799624 -0.18799624 -0.18799624 -0.18799624 -0.18799624
 -0.18799624 -0.18799624 -0.18799624 -0.18799624 -0.18799624 -0.18799624
 -0.18799624 -0.18799624 -0.18799624 -0.18799624 -0.18799624 -0.18799624
 -0.18799624 -0.18799624 -0.18799624 -0.18799624 -0.18799624 -0.18799624
 -0.18799624 -0.18799624 -0.18799624 -0.18799624 -0.18799624 -0.18799624
 -0.18799624 -0.18799624 -0.18799624 -0.18799624 -0.18799624  7.55756525
 -0.18799624 -0.18799624 -0.18799624 -0.18799624 -0.18799624 -0.18799624
 -0.18799624 -0.18799624  2.81782114 -0.18799624 -0.18799624 -0.18799624
 -0.18799624 -0.18799624 -0.18799624 -0.18799624 -0.18799624 -0.18799624
 -0.18799624 -0.18799624 -0.18799624 -0.18799624 -0.18799624 -0.18799624
 -0.18799624 -0.18799624  0.46067176 -0.18799624 -0.18799624 -0.18799624
 -0.18799624 -0.18799624 -0.18799624 -0.18799624 -0.18799624 -0.18799624
 -0.18799624 -0.18799624 -0.18799624 -0.18799624 -0.18799624 -0.18799624
 -0.18799624 -0.18799624 -0.18799624 -0.18799624 -0.18799624 -0.18799624
 -0.18799624 -0.18799624 -0.18799624 -0.18799624 -0.18799624 -0.18799624
 -0.18799624 -0.18799624 -0.18799624 -0.18799624 -0.18799624 -0.18799624
 -0.18799624 -0.18799624 -0.18799624 -0.18799624 -0.18799624 -0.18799624
 -0.18799624 -0.18799624 -0.18799624 -0.18799624 -0.18799624 -0.18799624
 -0.18799624 -0.18799624 -0.18799624 -0.18799624 -0.18799624 -0.18799624
 -0.18799624 -0.18799624 -0.18799624 -0.18799624 -0.18799624 -0.18799624
 -0.18799624 -0.18799624 -0.18799624  3.10782606 -0.18799624 -0.18799624
 -0.18799624 -0.18799624 -0.18799624 -0.18799624 -0.18799624 -0.18799624
 -0.18799624 -0.18799624 -0.18799624 -0.18799624 -0.18799624 -0.18799624
 -0.18799624 -0.18799624 -0.18799624 -0.18799624 -0.18799624 -0.18799624
 -0.18799624 -0.18799624 -0.18799624 -0.18799624 -0.18799624 -0.18799624
 -0.18799624 -0.18799624  4.26487621 -0.18799624 -0.18799624  0.71454033
 -0.18799624 -0.18799624 -0.18799624 -0.18799624 -0.18799624 -0.18799624
  1.60024489 -0.18799624 -0.18799624 -0.18799624 -0.18799624  6.16369853
 -0.18799624 -0.18799624 -0.18799624 -0.18799624 -0.18799624 -0.18799624
 -0.18799624 -0.18799624 -0.18799624 -0.18799624 -0.18799624 -0.18799624
 -0.18799624 -0.18799624 -0.18799624 -0.18799624 -0.18799624 -0.18799624
 -0.18799624 -0.18799624 -0.18799624 -0.18799624 -0.18799624 -0.18799624
 -0.18799624 -0.18799624 -0.18799624 -0.18799624 -0.18799624 -0.18799624
 -0.18799624 -0.18799624 -0.18799624 -0.18799624 -0.18799624 -0.18799624
 -0.18799624 -0.18799624 -0.18799624 -0.18799624  3.64296031 -0.18799624
 -0.18799624 -0.18799624 -0.18799624  4.77569974 -0.18799624 -0.18799624
 -0.18799624 -0.18799624 -0.18799624 -0.18799624 -0.18799624 -0.18799624
  4.67710236 -0.18799624 -0.18799624 -0.18799624 -0.18799624 -0.18799624
 -0.18799624 -0.18799624 -0.18799624 -0.18799624 -0.18799624 -0.18799624
 -0.18799624 -0.18799624 -0.18799624 -0.18799624 -0.18799624 -0.18799624
 -0.18799624 -0.18799624 -0.18799624 -0.18799624 -0.18799624 -0.18799624
 -0.18799624 -0.18799624 -0.18799624 -0.18799624 -0.18799624 -0.18799624
 -0.18799624 -0.18799624 -0.18799624 -0.18799624 -0.18799624 -0.18799624
  4.01151329 -0.18799624 -0.18799624 -0.18799624 -0.18799624  4.40345047
 -0.18799624 -0.18799624 -0.18799624 -0.18799624 -0.18799624 -0.18799624
 -0.18799624 -0.18799624 -0.18799624 -0.18799624 -0.18799624 -0.18799624
 -0.18799624 -0.18799624 -0.18799624 -0.18799624 -0.18799624 -0.18799624
 -0.18799624 -0.18799624 -0.18799624 -0.18799624 -0.18799624 -0.18799624
 -0.18799624 -0.18799624 -0.18799624 -0.18799624 -0.18799624 -0.18799624
 -0.18799624 -0.18799624 -0.18799624 -0.18799624 -0.18799624 -0.18799624
 -0.18799624 -0.18799624 -0.18799624 -0.18799624 -0.18799624 -0.18799624
 -0.18799624 -0.18799624 -0.18799624 -0.18799624 -0.18799624 -0.18799624
 -0.18799624 -0.18799624 -0.18799624 -0.18799624 -0.18799624 -0.18799624
 -0.18799624 -0.18799624 -0.18799624 -0.18799624 -0.18799624 -0.18799624
 -0.18799624 -0.18799624 -0.18799624 -0.18799624 -0.18799624 -0.18799624
 -0.18799624 -0.18799624 -0.18799624 -0.18799624 -0.18799624 -0.18799624
 -0.18799624 -0.18799624 -0.18799624 -0.18799624 -0.18799624 -0.18799624
 -0.18799624 -0.18799624 -0.18799624 -0.18799624 -0.18799624 -0.18799624
 -0.18799624 -0.18799624 -0.18799624 -0.18799624 -0.18799624 -0.18799624
 -0.18799624 -0.18799624 -0.18799624 -0.18799624 -0.18799624 -0.18799624
 -0.18799624 -0.18799624 -0.18799624 -0.18799624 -0.18799624 -0.18799624
 -0.18799624 -0.18799624 -0.18799624 -0.18799624 -0.18799624 -0.18799624
 -0.18799624 -0.18799624 -0.18799624 -0.18799624 -0.18799624 -0.18799624
 -0.18799624 -0.18799624 -0.18799624 -0.18799624 -0.18799624 -0.18799624
 -0.18799624 -0.18799624 -0.18799624 -0.18799624 -0.18799624 -0.18799624
 -0.18799624 -0.18799624 -0.18799624 -0.18799624 -0.18799624 -0.18799624
 -0.18799624 -0.18799624 -0.18799624 -0.18799624 -0.18799624 -0.18799624
 -0.18799624 -0.18799624 -0.18799624 -0.18799624 -0.18799624 -0.18799624
 -0.18799624 -0.18799624 -0.18799624 -0.18799624 -0.18799624 -0.18799624
 -0.18799624 -0.18799624  6.15934698 -0.18799624  6.89402912  6.70136438
  7.72867688  4.37526767 -0.18799624  4.54053272  5.71187568 -0.18799624
 -0.18799624 -0.18799624 -0.18799624 -0.18799624 -0.18799624 -0.18799624
 -0.18799624 -0.18799624 -0.18799624 -0.18799624 -0.18799624 -0.18799624
 -0.18799624  3.50105958 -0.18799624 -0.18799624 -0.18799624 -0.18799624
 -0.18799624 -0.18799624 -0.18799624 -0.18799624 -0.18799624 -0.18799624
 -0.18799624 -0.18799624 -0.18799624 -0.18799624 -0.18799624 -0.18799624
 -0.18799624 -0.18799624 -0.18799624 -0.18799624 -0.18799624 -0.18799624
 -0.18799624 -0.18799624 -0.18799624 -0.18799624 -0.18799624 -0.18799624
 -0.18799624 -0.18799624 -0.18799624 -0.18799624]",[0.006242864462693065]
6,"[-0.15271151 -0.15271151 -0.15271151 -0.15271151 -0.15271151 -0.15271151
 -0.15271151 -0.15271151 -0.15271151 -0.15271151 -0.15271151 -0.15271151
 -0.15271151 -0.15271151 -0.15271151 -0.15271151 -0.15271151 -0.15271151
  0.83649784 -0.15271151 -0.15271151  2.18965037 -0.15271151 -0.15271151
 -0.15271151 -0.15271151 -0.15271151 -0.15271151 -0.15271151 -0.15271151
 -0.15271151 -0.15271151 -0.15271151 -0.15271151 -0.15271151 -0.15271151
 -0.15271151 -0.15271151 -0.15271151 -0.15271151 -0.15271151 -0.15271151
 -0.15271151 -0.15271151 -0.15271151 -0.15271151 -0.15271151 -0.15271151
 -0.15271151 -0.15271151 -0.15271151 -0.15271151 -0.15271151 -0.15271151
 -0.15271151 -0.15271151 -0.15271151 -0.15271151 -0.15271151 -0.15271151
 -0.15271151 -0.15271151 -0.15271151 -0.15271151 -0.15271151 -0.15271151
 -0.15271151 -0.15271151 -0.15271151 -0.15271151 -0.15271151 -0.15271151
 -0.15271151 -0.15271151 -0.15271151 -0.15271151 -0.15271151 -0.15271151
 -0.15271151 -0.15271151 -0.15271151 -0.15271151 -0.15271151  8.65370782
 -0.15271151 -0.15271151 -0.15271151 -0.15271151 -0.15271151  6.44048365
 -0.15271151 -0.15271151 -0.15271151 -0.15271151 -0.15271151 -0.15271151
 -0.15271151 -0.15271151 -0.15271151 -0.15271151 -0.15271151 -0.15271151
 -0.15271151 -0.15271151 -0.15271151 -0.15271151 -0.15271151 -0.15271151
 -0.15271151 -0.15271151  8.69922205 -0.15271151 -0.15271151 -0.15271151
 -0.15271151 -0.15271151  0.84409849 -0.15271151 -0.15271151 -0.15271151
 -0.15271151 -0.15271151 -0.15271151 -0.15271151 -0.15271151 -0.15271151
 -0.15271151 -0.15271151 -0.15271151 -0.15271151 -0.15271151 -0.15271151
 -0.15271151 -0.15271151 -0.15271151 -0.15271151 -0.15271151 -0.15271151
 -0.15271151 -0.15271151 -0.15271151 -0.15271151 -0.15271151 -0.15271151
 -0.15271151 -0.15271151 -0.15271151 -0.15271151 -0.15271151 -0.15271151
 -0.15271151 -0.15271151 -0.15271151 -0.15271151 -0.15271151 -0.15271151
 -0.15271151 -0.15271151 -0.15271151 -0.15271151 -0.15271151 -0.15271151
 -0.15271151 -0.15271151 -0.15271151 -0.15271151 -0.15271151 -0.15271151
 -0.15271151 -0.15271151 -0.15271151 -0.15271151 -0.15271151 -0.15271151
 -0.15271151 -0.15271151 -0.15271151 -0.15271151 -0.15271151 -0.15271151
 -0.15271151 -0.15271151 -0.15271151 -0.15271151 -0.15271151 -0.15271151
 -0.15271151 -0.15271151 -0.15271151 -0.15271151 -0.15271151 -0.15271151
 -0.15271151 -0.15271151 -0.15271151 -0.15271151 -0.15271151 -0.15271151
 -0.15271151 -0.15271151  1.39966953 -0.15271151 -0.15271151 -0.15271151
 -0.15271151 -0.15271151 -0.15271151 -0.15271151 -0.15271151 -0.15271151
  2.75181153 -0.15271151 -0.15271151 -0.15271151 -0.15271151  5.66396581
 -0.15271151 -0.15271151 -0.15271151 -0.15271151 -0.15271151 -0.15271151
 -0.15271151 -0.15271151 -0.15271151 -0.15271151 -0.15271151 -0.15271151
 -0.15271151 -0.15271151 -0.15271151 -0.15271151 -0.15271151 -0.15271151
 -0.15271151  0.98210715 -0.15271151 -0.15271151 -0.15271151 -0.15271151
  1.75254756  0.88404604 -0.15271151 -0.15271151 -0.15271151 -0.15271151
 -0.15271151 -0.15271151 -0.15271151 -0.15271151 -0.15271151 -0.15271151
 -0.15271151 -0.15271151 -0.15271151 -0.15271151 -0.15271151 -0.15271151
 -0.15271151 -0.15271151 -0.15271151  4.45561869 -0.15271151 -0.15271151
 -0.15271151 -0.15271151 -0.15271151 -0.15271151 -0.15271151 -0.15271151
 -0.15271151 -0.15271151  0.74688459 -0.15271151  4.58572412 -0.15271151
 -0.15271151 -0.15271151 -0.15271151 -0.15271151 -0.15271151 -0.15271151
 -0.15271151 -0.15271151 -0.15271151 -0.15271151 -0.15271151 -0.15271151
 -0.15271151 -0.15271151 -0.15271151 -0.15271151 -0.15271151 -0.15271151
 -0.15271151 -0.15271151 -0.15271151 -0.15271151 -0.15271151 -0.15271151
 -0.15271151 -0.15271151 -0.15271151 -0.15271151 -0.15271151 -0.15271151
 -0.15271151 -0.15271151 -0.15271151 -0.15271151 -0.15271151  7.90993292
 -0.15271151 -0.15271151 -0.15271151 -0.15271151 -0.15271151 -0.15271151
 -0.15271151 -0.15271151 -0.15271151 -0.15271151 -0.15271151 -0.15271151
 -0.15271151 -0.15271151 -0.15271151 -0.15271151 -0.15271151 -0.15271151
 -0.15271151 -0.15271151 -0.15271151 -0.15271151 -0.15271151 -0.15271151
 -0.15271151 -0.15271151 -0.15271151 -0.15271151 -0.15271151 -0.15271151
 -0.15271151 -0.15271151 -0.15271151 -0.15271151 -0.15271151 -0.15271151
 -0.15271151 -0.15271151 -0.15271151 -0.15271151 -0.15271151 -0.15271151
 -0.15271151 -0.15271151 -0.15271151 -0.15271151 -0.15271151 -0.15271151
 -0.15271151 -0.15271151 -0.15271151 -0.15271151 -0.15271151 -0.15271151
 -0.15271151 -0.15271151 -0.15271151 -0.15271151 -0.15271151 -0.15271151
 -0.15271151 -0.15271151 -0.15271151 -0.15271151 -0.15271151 -0.15271151
 -0.15271151 -0.15271151 -0.15271151 -0.15271151 -0.15271151 -0.15271151
 -0.15271151 -0.15271151 -0.15271151 -0.15271151 -0.15271151 -0.15271151
 -0.15271151 -0.15271151 -0.15271151 -0.15271151 -0.15271151 -0.15271151
 -0.15271151 -0.15271151 -0.15271151 -0.15271151 -0.15271151 -0.15271151
 -0.15271151 -0.15271151 -0.15271151 -0.15271151 -0.15271151 -0.15271151
 -0.15271151 -0.15271151 -0.15271151 -0.15271151 -0.15271151 -0.15271151
 -0.15271151 -0.15271151 -0.15271151 -0.15271151 -0.15271151 -0.15271151
 -0.15271151 -0.15271151 -0.15271151 -0.15271151 -0.15271151 -0.15271151
 -0.15271151 -0.15271151 -0.15271151 -0.15271151 -0.15271151 -0.15271151
 -0.15271151 -0.15271151 -0.15271151 -0.15271151 -0.15271151 -0.15271151
 -0.15271151 -0.15271151 -0.15271151 -0.15271151 -0.15271151 -0.15271151
 -0.15271151 -0.15271151 -0.15271151 -0.15271151 -0.15271151 -0.15271151
 -0.15271151 -0.15271151 -0.15271151 -0.15271151 -0.15271151 -0.15271151
 -0.15271151 -0.15271151 -0.15271151 -0.15271151 -0.15271151 -0.15271151
 -0.15271151 -0.15271151 -0.15271151 -0.15271151  9.04323499 -0.15271151
  8.82197707 -0.15271151 -0.15271151 -0.15271151 -0.15271151 -0.15271151
 -0.15271151 -0.15271151 -0.15271151 -0.15271151 -0.15271151 -0.15271151
 -0.15271151 -0.15271151 -0.15271151 -0.15271151 -0.15271151 -0.15271151
 -0.15271151 -0.15271151 -0.15271151 -0.15271151 -0.15271151 -0.15271151
 -0.15271151 -0.15271151 -0.15271151 -0.15271151 -0.15271151 -0.15271151
 -0.15271151 -0.15271151 -0.15271151 -0.15271151 -0.15271151 -0.15271151
 -0.15271151 -0.15271151 -0.15271151 -0.15271151 -0.15271151 -0.15271151
 -0.15271151 -0.15271151 -0.15271151 -0.15271151 -0.15271151 -0.15271151
 -0.15271151 -0.15271151 -0.15271151 -0.15271151]",[0.008148917919854864]
6,"[-0.12528424 -0.12528424 -0.12528424 -0.12528424 -0.12528424 -0.12528424
 -0.12528424 -0.12528424 -0.12528424 -0.12528424 -0.12528424 -0.12528424
 -0.12528424 -0.12528424 -0.12528424 -0.12528424 -0.12528424 -0.12528424
 -0.12528424 -0.12528424 -0.12528424 -0.12528424 -0.12528424 -0.12528424
 -0.12528424 -0.12528424 -0.12528424 -0.12528424 -0.12528424 -0.12528424
 -0.12528424 -0.12528424 -0.12528424 -0.12528424 -0.12528424 -0.12528424
 -0.12528424 -0.12528424 -0.12528424 -0.12528424 -0.12528424 -0.12528424
 -0.12528424 -0.12528424 -0.12528424 -0.12528424 -0.12528424 -0.12528424
 -0.12528424 -0.12528424 -0.12528424 -0.12528424 -0.12528424 -0.12528424
 -0.12528424 -0.12528424 -0.12528424 -0.12528424  4.8438043  -0.12528424
 -0.12528424 -0.12528424 -0.12528424 -0.12528424 -0.12528424 -0.12528424
 -0.12528424 -0.12528424 -0.12528424 -0.12528424 -0.12528424 -0.12528424
 -0.12528424 -0.12528424 -0.12528424 -0.12528424 -0.12528424 -0.12528424
 -0.12528424 -0.12528424 -0.12528424 -0.12528424 -0.12528424 -0.12528424
 -0.12528424 -0.12528424 -0.12528424 -0.12528424 -0.12528424 -0.12528424
 -0.12528424 -0.12528424 -0.12528424 -0.12528424 -0.12528424 -0.12528424
 -0.12528424 -0.12528424 -0.12528424 -0.12528424 -0.12528424 -0.12528424
 -0.12528424 -0.12528424 -0.12528424 -0.12528424 -0.12528424 -0.12528424
 -0.12528424 -0.12528424  1.50009924 -0.12528424 -0.12528424 -0.12528424
 -0.12528424 -0.12528424 -0.12528424 -0.12528424 -0.12528424 -0.12528424
 -0.12528424 -0.12528424 -0.12528424 -0.12528424 -0.12528424 -0.12528424
 -0.12528424 -0.12528424 -0.12528424 -0.12528424 -0.12528424 -0.12528424
 -0.12528424 -0.12528424 -0.12528424 -0.12528424 -0.12528424 -0.12528424
 -0.12528424 -0.12528424 -0.12528424 -0.12528424 -0.12528424 -0.12528424
 -0.12528424 -0.12528424 -0.12528424 -0.12528424 -0.12528424 -0.12528424
 -0.12528424 -0.12528424 -0.12528424 -0.12528424 -0.12528424 -0.12528424
 -0.12528424 -0.12528424 -0.12528424 -0.12528424 -0.12528424 -0.12528424
 -0.12528424 -0.12528424 -0.12528424 -0.12528424 -0.12528424 -0.12528424
 -0.12528424 -0.12528424 -0.12528424 -0.12528424 -0.12528424 -0.12528424
 -0.12528424 -0.12528424 -0.12528424 -0.12528424 -0.12528424 -0.12528424
 -0.12528424 -0.12528424 -0.12528424 -0.12528424 -0.12528424 -0.12528424
 -0.12528424 -0.12528424 -0.12528424 -0.12528424 -0.12528424 -0.12528424
 -0.12528424 -0.12528424 -0.12528424 -0.12528424 -0.12528424 -0.12528424
 -0.12528424 -0.12528424 -0.12528424 -0.12528424 -0.12528424 -0.12528424
 -0.12528424 -0.12528424 -0.12528424 -0.12528424 -0.12528424 -0.12528424
  7.52307509 -0.12528424 -0.12528424 -0.12528424 -0.12528424  7.08217726
 -0.12528424 -0.12528424 -0.12528424 -0.12528424 -0.12528424 -0.12528424
 -0.12528424 -0.12528424 -0.12528424 -0.12528424 -0.12528424 -0.12528424
 -0.12528424 -0.12528424 -0.12528424 -0.12528424 -0.12528424 -0.12528424
 -0.12528424 -0.12528424 -0.12528424 -0.12528424 -0.12528424 -0.12528424
 -0.12528424 -0.12528424 -0.12528424  1.26265947 -0.12528424 -0.12528424
 -0.12528424 -0.12528424 -0.12528424 -0.12528424 -0.12528424 -0.12528424
 -0.12528424 -0.12528424 -0.12528424 -0.12528424 -0.12528424 -0.12528424
 -0.12528424 -0.12528424 -0.12528424  2.28705652 -0.12528424 -0.12528424
 -0.12528424 -0.12528424 -0.12528424 -0.12528424 -0.12528424 -0.12528424
 -0.12528424 -0.12528424  0.60713197 -0.12528424 -0.12528424 -0.12528424
 -0.12528424 -0.12528424 -0.12528424 -0.12528424 -0.12528424 -0.12528424
 -0.12528424 -0.12528424 -0.12528424 -0.12528424 -0.12528424 -0.12528424
 -0.12528424 -0.12528424 -0.12528424 -0.12528424 -0.12528424 -0.12528424
 -0.12528424 -0.12528424 -0.12528424 -0.12528424 -0.12528424 -0.12528424
 -0.12528424 -0.12528424 -0.12528424 -0.12528424 -0.12528424 -0.12528424
 -0.12528424 -0.12528424 -0.12528424 -0.12528424 -0.12528424 -0.12528424
 -0.12528424 -0.12528424 -0.12528424 -0.12528424 -0.12528424 -0.12528424
 -0.12528424 -0.12528424 -0.12528424 -0.12528424 -0.12528424 -0.12528424
 -0.12528424 -0.12528424 -0.12528424 -0.12528424 -0.12528424 -0.12528424
 -0.12528424 -0.12528424 -0.12528424 -0.12528424 -0.12528424 -0.12528424
 -0.12528424 -0.12528424 -0.12528424 -0.12528424 -0.12528424 -0.12528424
 -0.12528424 -0.12528424 -0.12528424 -0.12528424 -0.12528424 -0.12528424
 -0.12528424  1.78495884 -0.12528424 -0.12528424 -0.12528424 -0.12528424
 -0.12528424 -0.12528424 -0.12528424 -0.12528424 -0.12528424 -0.12528424
 -0.12528424 -0.12528424 -0.12528424 -0.12528424 -0.12528424 -0.12528424
 -0.12528424 -0.12528424 -0.12528424 -0.12528424 -0.12528424 -0.12528424
 -0.12528424 -0.12528424 -0.12528424 -0.12528424 -0.12528424 -0.12528424
 -0.12528424 -0.12528424 -0.12528424 -0.12528424 -0.12528424 -0.12528424
 -0.12528424 -0.12528424 -0.12528424 -0.12528424 -0.12528424 -0.12528424
 -0.12528424 -0.12528424 -0.12528424 -0.12528424 -0.12528424 -0.12528424
 -0.12528424 -0.12528424 -0.12528424 -0.12528424 -0.12528424 -0.12528424
 -0.12528424 -0.12528424 -0.12528424 -0.12528424 -0.12528424 -0.12528424
 -0.12528424 -0.12528424 -0.12528424 -0.12528424 -0.12528424 -0.12528424
 -0.12528424 -0.12528424 -0.12528424 -0.12528424 -0.12528424 -0.12528424
 -0.12528424 -0.12528424 -0.12528424 -0.12528424 -0.12528424 -0.12528424
 -0.12528424 -0.12528424 -0.12528424 -0.12528424 -0.12528424 -0.12528424
 -0.12528424 -0.12528424 -0.12528424 -0.12528424 -0.12528424 -0.12528424
 -0.12528424 -0.12528424 -0.12528424 -0.12528424 -0.12528424 -0.12528424
 -0.12528424 -0.12528424 -0.12528424 -0.12528424 -0.12528424 -0.12528424
 -0.12528424 -0.12528424 -0.12528424 -0.12528424 -0.12528424 -0.12528424
 -0.12528424 -0.12528424 -0.12528424 -0.12528424 -0.12528424 -0.12528424
 -0.12528424 -0.12528424 10.77342581 -0.12528424 -0.12528424 -0.12528424
 12.6831832  -0.12528424 -0.12528424 -0.12528424 -0.12528424 -0.12528424
 -0.12528424 -0.12528424 -0.12528424 -0.12528424 -0.12528424 -0.12528424
 -0.12528424 -0.12528424 -0.12528424 -0.12528424 -0.12528424 -0.12528424
 -0.12528424  8.03540704 -0.12528424 -0.12528424 -0.12528424 -0.12528424
 -0.12528424 -0.12528424 -0.12528424 -0.12528424 -0.12528424 -0.12528424
 -0.12528424 -0.12528424 -0.12528424 -0.12528424 -0.12528424 -0.12528424
 -0.12528424  5.26141608 -0.12528424 -0.12528424 -0.12528424 -0.12528424
 -0.12528424 -0.12528424 -0.12528424 -0.12528424 -0.12528424 -0.12528424
 -0.12528424 -0.12528424 -0.12528424 -0.12528424]",[-0.13742731929934235]
6,"[-0.22493647 -0.22493647 -0.22493647 -0.22493647 -0.22493647  1.96107157
 -0.22493647 -0.22493647 -0.22493647 -0.22493647 -0.22493647 -0.22493647
 -0.22493647 -0.22493647 -0.22493647 -0.22493647 -0.22493647 -0.22493647
  1.4750686  -0.22493647 -0.22493647 -0.22493647 -0.22493647 -0.22493647
 -0.22493647 -0.22493647 -0.22493647 -0.22493647 -0.22493647 -0.22493647
 -0.22493647 -0.22493647 -0.22493647 -0.22493647 -0.22493647 -0.22493647
 -0.22493647 -0.22493647 -0.22493647 -0.22493647 -0.22493647 -0.22493647
 -0.22493647 -0.22493647 -0.22493647 -0.22493647 -0.22493647 -0.22493647
 -0.22493647 -0.22493647 -0.22493647 -0.22493647 -0.22493647 -0.22493647
 -0.22493647 -0.22493647 -0.22493647 -0.22493647 -0.22493647 -0.22493647
 -0.22493647 -0.22493647 -0.22493647 -0.22493647 -0.22493647 -0.22493647
 -0.22493647 -0.22493647 -0.22493647 -0.22493647 -0.22493647 -0.22493647
 -0.22493647 -0.22493647 -0.22493647 -0.22493647 -0.22493647 -0.22493647
 -0.22493647 -0.22493647 -0.22493647 -0.22493647 -0.22493647  5.28374611
 -0.22493647 -0.22493647 -0.22493647 -0.22493647  1.54902558  6.91392492
 -0.22493647 -0.22493647 -0.22493647 -0.22493647 -0.22493647 -0.22493647
 -0.22493647 -0.22493647 -0.22493647 -0.22493647 -0.22493647 -0.22493647
 -0.22493647 -0.22493647 -0.22493647 -0.22493647 -0.22493647 -0.22493647
 -0.22493647 -0.22493647 -0.22493647 -0.22493647 -0.22493647 -0.22493647
 -0.22493647 -0.22493647  0.42254547 -0.22493647 -0.22493647 -0.22493647
 -0.22493647 -0.22493647 -0.22493647 -0.22493647 -0.22493647 -0.22493647
 -0.22493647 -0.22493647 -0.22493647 -0.22493647 -0.22493647 -0.22493647
 -0.22493647 -0.22493647 -0.22493647 -0.22493647 -0.22493647 -0.22493647
 -0.22493647 -0.22493647 -0.22493647 -0.22493647 -0.22493647 -0.22493647
 -0.22493647 -0.22493647 -0.22493647 -0.22493647 -0.22493647 -0.22493647
 -0.22493647 -0.22493647 -0.22493647 -0.22493647 -0.22493647 -0.22493647
 -0.22493647 -0.22493647 -0.22493647 -0.22493647 -0.22493647 -0.22493647
 -0.22493647 -0.22493647 -0.22493647 -0.22493647 -0.22493647 -0.22493647
 -0.22493647 -0.22493647 -0.22493647 -0.22493647 -0.22493647  2.55056027
 -0.22493647 -0.22493647 -0.22493647 -0.22493647 -0.22493647 -0.22493647
 -0.22493647 -0.22493647 -0.22493647 -0.22493647 -0.22493647 -0.22493647
 -0.22493647 -0.22493647 -0.22493647 -0.22493647 -0.22493647 -0.22493647
 -0.22493647 -0.22493647 -0.22493647 -0.22493647 -0.22493647 -0.22493647
 -0.22493647 -0.22493647 -0.22493647 -0.22493647 -0.22493647 -0.22493647
 -0.22493647 -0.22493647 -0.22493647 -0.22493647 -0.22493647 -0.22493647
  2.18092362 -0.22493647 -0.22493647 -0.22493647 -0.22493647  5.53492123
 -0.22493647 -0.22493647 -0.22493647 -0.22493647 -0.22493647 -0.22493647
 -0.22493647 -0.22493647 -0.22493647 -0.22493647 -0.22493647 -0.22493647
 -0.22493647 -0.22493647 -0.22493647 -0.22493647 -0.22493647 -0.22493647
 -0.22493647  4.99231756 -0.22493647  1.67743631 -0.22493647 -0.22493647
  3.39660775  1.35114173 -0.22493647 -0.22493647 -0.22493647 -0.22493647
 -0.22493647 -0.22493647 -0.22493647 -0.22493647 -0.22493647  1.33667675
 -0.22493647 -0.22493647 -0.22493647 -0.22493647 -0.22493647 -0.22493647
 -0.22493647 -0.22493647 -0.22493647  4.41310031 -0.22493647 -0.22493647
 -0.22493647 -0.22493647 -0.22493647 -0.22493647 -0.22493647 -0.22493647
 -0.22493647 -0.22493647  0.14983618 -0.22493647  3.44949516 -0.22493647
 -0.22493647 -0.22493647 -0.22493647 -0.22493647 -0.22493647 -0.22493647
 -0.22493647  2.77966759 -0.22493647 -0.22493647 -0.22493647  6.89778053
 -0.22493647 -0.22493647 -0.22493647 -0.22493647 -0.22493647 -0.22493647
 -0.22493647 -0.22493647 -0.22493647 -0.22493647 -0.22493647 -0.22493647
 -0.22493647 -0.22493647 -0.22493647 -0.22493647 -0.22493647 -0.22493647
  1.72602523 -0.22493647 -0.22493647 -0.22493647 -0.22493647  6.20905498
 -0.22493647 -0.22493647 -0.22493647 -0.22493647 -0.22493647 -0.22493647
 -0.22493647 -0.22493647 -0.22493647 -0.22493647 -0.22493647  1.63195875
 -0.22493647 -0.22493647 -0.22493647 -0.22493647 -0.22493647 -0.22493647
 -0.22493647 -0.22493647 -0.22493647 -0.22493647 -0.22493647 -0.22493647
  2.55056027 -0.22493647 -0.22493647 -0.22493647 -0.22493647 -0.22493647
 -0.22493647 -0.22493647 -0.22493647 -0.22493647 -0.22493647 -0.22493647
 -0.22493647  1.63195875 -0.22493647 -0.22493647 -0.22493647 -0.22493647
 -0.22493647 -0.22493647 -0.22493647 -0.22493647 -0.22493647 -0.22493647
 -0.22493647 -0.22493647 -0.22493647 -0.22493647 -0.22493647 -0.22493647
 -0.22493647 -0.22493647 -0.22493647 -0.22493647 -0.22493647 -0.22493647
 -0.22493647 -0.22493647 -0.22493647 -0.22493647 -0.22493647 -0.22493647
 -0.22493647 -0.22493647 -0.22493647 -0.22493647 -0.22493647 -0.22493647
  0.77659822 -0.22493647 -0.22493647 -0.22493647 -0.22493647 -0.22493647
 -0.22493647 -0.22493647 -0.22493647 -0.22493647 -0.22493647 -0.22493647
 -0.22493647 -0.22493647 -0.22493647 -0.22493647 -0.22493647 -0.22493647
 -0.22493647 -0.22493647 -0.22493647 -0.22493647 -0.22493647 -0.22493647
 -0.22493647 -0.22493647 -0.22493647 -0.22493647 -0.22493647 -0.22493647
 -0.22493647 -0.22493647 -0.22493647 -0.22493647 -0.22493647 -0.22493647
 -0.22493647 -0.22493647 -0.22493647 -0.22493647 -0.22493647 -0.22493647
 -0.22493647 -0.22493647 -0.22493647 -0.22493647 -0.22493647 -0.22493647
 -0.22493647 -0.22493647 -0.22493647 -0.22493647 -0.22493647 -0.22493647
 -0.22493647 -0.22493647 -0.22493647 -0.22493647 -0.22493647 -0.22493647
 -0.22493647 -0.22493647 -0.22493647 -0.22493647 -0.22493647 -0.22493647
 -0.22493647 -0.22493647 -0.22493647 -0.22493647 -0.22493647 -0.22493647
 -0.22493647 -0.22493647 -0.22493647 -0.22493647 -0.22493647 -0.22493647
 -0.22493647 -0.22493647  4.52918753 -0.22493647  5.69500433 -0.22493647
  7.94281312  5.68110717 -0.22493647 -0.22493647 -0.22493647 -0.22493647
 -0.22493647 -0.22493647 -0.22493647 -0.22493647 -0.22493647 -0.22493647
 -0.22493647 -0.22493647 -0.22493647 -0.22493647 -0.22493647 -0.22493647
 -0.22493647  3.87290124 -0.22493647 -0.22493647 -0.22493647  1.74642062
 -0.22493647  3.66107664 -0.22493647 -0.22493647 -0.22493647  1.30821546
 -0.22493647 -0.22493647 -0.22493647 -0.22493647 -0.22493647 -0.22493647
 -0.22493647  2.04039428 -0.22493647 -0.22493647 -0.22493647 -0.22493647
 -0.22493647 -0.22493647 -0.22493647 -0.22493647 -0.22493647 -0.22493647
 -0.22493647 -0.22493647 -0.22493647 -0.22493647]",[0.0027083188043816597]
6,"[-0.19862235 -0.19862235 -0.19862235 -0.19862235 -0.02973401 -0.19862235
 -0.19862235 -0.19862235 -0.19862235 -0.19862235 -0.19862235 -0.19862235
 -0.19862235 -0.19862235 -0.19862235 -0.19862235 -0.19862235 -0.19862235
 -0.19862235 -0.19862235 -0.19862235 -0.19862235 -0.19862235 -0.19862235
 -0.19862235 -0.19862235 -0.19862235  0.20666087 -0.19862235 -0.19862235
 -0.19862235 -0.19862235 -0.19862235 -0.19862235 -0.19862235 -0.19862235
 -0.19862235 -0.19862235 -0.19862235 -0.19862235 -0.19862235 -0.19862235
 -0.19862235 -0.19862235 -0.19862235 -0.19862235 -0.19862235 -0.19862235
 -0.19862235 -0.19862235 -0.19862235 -0.19862235 -0.19862235 -0.19862235
 -0.19862235 -0.19862235 -0.19862235 -0.19862235 -0.19862235 -0.19862235
 -0.19862235 -0.19862235 -0.19862235 -0.19862235 -0.19862235 -0.19862235
 -0.19862235 -0.19862235 -0.19862235 -0.19862235 -0.19862235 -0.19862235
 -0.19862235 -0.19862235 -0.19862235 -0.19862235 -0.19862235 -0.19862235
 -0.19862235 -0.19862235 -0.19862235 -0.19862235 -0.19862235  8.70763846
 -0.19862235 -0.19862235 -0.19862235 -0.19862235 -0.19862235  5.45163127
 -0.19862235 -0.19862235  2.01273068 -0.19862235  1.66563033 -0.19862235
 -0.19862235 -0.19862235 -0.19862235 -0.19862235 -0.19862235 -0.19862235
 -0.19862235 -0.19862235 -0.19862235 -0.19862235 -0.19862235 -0.19862235
 -0.19862235 -0.19862235 -0.19862235 -0.19862235 -0.19862235 -0.19862235
  5.60831658 -0.19862235 -0.19862235 -0.19862235 -0.19862235 -0.19862235
 -0.19862235 -0.19862235 -0.19862235 -0.19862235 -0.19862235 -0.19862235
 -0.19862235 -0.19862235 -0.19862235 -0.19862235 -0.19862235 -0.19862235
 -0.19862235 -0.19862235 -0.19862235 -0.19862235 -0.19862235 -0.19862235
 -0.19862235 -0.19862235 -0.19862235 -0.19862235 -0.19862235 -0.19862235
 -0.19862235 -0.19862235 -0.19862235 -0.19862235 -0.19862235 -0.19862235
 -0.19862235 -0.19862235 -0.19862235 -0.19862235 -0.19862235 -0.19862235
 -0.19862235 -0.19862235 -0.19862235 -0.19862235 -0.19862235 -0.19862235
 -0.19862235 -0.19862235 -0.19862235 -0.19862235 -0.19862235 -0.19862235
 -0.19862235 -0.19862235 -0.19862235 -0.19862235 -0.19862235 -0.19862235
 -0.19862235 -0.19862235 -0.19862235 -0.19862235 -0.19862235 -0.19862235
 -0.19862235 -0.19862235 -0.19862235 -0.19862235 -0.19862235 -0.19862235
 -0.19862235 -0.19862235 -0.19862235 -0.19862235 -0.19862235 -0.19862235
 -0.19862235 -0.19862235 -0.19862235 -0.19862235 -0.19862235 -0.19862235
 -0.19862235 -0.19862235  0.92246471 -0.19862235 -0.19862235 -0.19862235
 -0.19862235 -0.19862235 -0.19862235 -0.19862235 -0.19862235 -0.19862235
  1.77397216 -0.19862235 -0.19862235 -0.19862235 -0.19862235  5.32582453
 -0.19862235 -0.19862235 -0.19862235 -0.19862235 -0.19862235 -0.19862235
 -0.19862235 -0.19862235 -0.19862235 -0.19862235 -0.19862235 -0.19862235
 -0.19862235 -0.19862235 -0.19862235 -0.19862235 -0.19862235 -0.19862235
 -0.19862235  4.31982382 -0.19862235 -0.19862235 -0.19862235 -0.19862235
  3.8095852  -0.19862235 -0.19862235 -0.19862235 -0.19862235 -0.19862235
 -0.19862235 -0.19862235 -0.19862235 -0.19862235 -0.19862235 -0.19862235
 -0.19862235 -0.19862235 -0.19862235 -0.19862235  4.57420661 -0.19862235
 -0.19862235 -0.19862235 -0.19862235  3.48360088 -0.19862235 -0.19862235
 -0.19862235 -0.19862235 -0.19862235  3.62282921 -0.19862235 -0.19862235
 -0.19862235 -0.19862235 -0.19862235 -0.19862235 -0.19862235 -0.19862235
 -0.19862235 -0.19862235 -0.19862235 -0.19862235 -0.19862235 -0.19862235
  4.00174693  2.64902184 -0.19862235 -0.19862235 -0.19862235 -0.19862235
 -0.19862235 -0.19862235 -0.19862235 -0.19862235 -0.19862235 -0.19862235
 -0.19862235 -0.19862235 -0.19862235 -0.19862235 -0.19862235 -0.19862235
 -0.19862235 -0.19862235 -0.19862235 -0.19862235  4.94113386 -0.19862235
 -0.19862235 -0.19862235 -0.19862235 -0.19862235 -0.19862235  5.15973514
 -0.19862235  2.02242385 -0.19862235 -0.19862235 -0.19862235 -0.19862235
 -0.19862235 -0.19862235 -0.19862235 -0.19862235 -0.19862235 -0.19862235
 -0.19862235 -0.19862235 -0.19862235 -0.19862235 -0.19862235 -0.19862235
 -0.19862235 -0.19862235 -0.19862235 -0.19862235 -0.19862235 -0.19862235
 -0.19862235  2.34941661 -0.19862235 -0.19862235 -0.19862235 -0.19862235
 -0.19862235 -0.19862235 -0.19862235 -0.19862235 -0.19862235 -0.19862235
 -0.19862235 -0.19862235 -0.19862235 -0.19862235 -0.19862235 -0.19862235
 -0.19862235 -0.19862235 -0.19862235 -0.19862235 -0.19862235 -0.19862235
 -0.19862235 -0.19862235 -0.19862235 -0.19862235 -0.19862235 -0.19862235
 -0.19862235 -0.19862235 -0.19862235 -0.19862235 -0.19862235 -0.19862235
 -0.19862235 -0.19862235 -0.19862235 -0.19862235 -0.19862235 -0.19862235
 -0.19862235 -0.19862235 -0.19862235 -0.19862235 -0.19862235 -0.19862235
 -0.19862235 -0.19862235 -0.19862235 -0.19862235 -0.19862235 -0.19862235
 -0.19862235 -0.19862235 -0.19862235 -0.19862235 -0.19862235 -0.19862235
 -0.19862235 -0.19862235 -0.19862235 -0.19862235 -0.19862235 -0.19862235
 -0.19862235 -0.19862235 -0.19862235 -0.19862235 -0.19862235 -0.19862235
 -0.19862235 -0.19862235 -0.19862235 -0.19862235 -0.19862235 -0.19862235
 -0.19862235 -0.19862235 -0.19862235 -0.19862235 -0.19862235 -0.19862235
 -0.19862235 -0.19862235 -0.19862235 -0.19862235 -0.19862235 -0.19862235
 -0.19862235 -0.19862235 -0.19862235 -0.19862235 -0.19862235 -0.19862235
 -0.19862235 -0.19862235 -0.19862235 -0.19862235 -0.19862235 -0.19862235
 -0.19862235 -0.19862235 -0.19862235 -0.19862235 -0.19862235 -0.19862235
 -0.19862235 -0.19862235 -0.19862235 -0.19862235 -0.19862235 -0.19862235
 -0.19862235 -0.19862235 -0.19862235 -0.19862235 -0.19862235 -0.19862235
 -0.19862235 -0.19862235 -0.19862235 -0.19862235 -0.19862235 -0.19862235
 -0.19862235 -0.19862235  6.76515951 -0.19862235  5.99818842 -0.19862235
  8.28012484 -0.19862235 -0.19862235 -0.19862235  2.89208804 -0.19862235
 -0.19862235 -0.19862235 -0.19862235 -0.19862235 -0.19862235 -0.19862235
 -0.19862235 -0.19862235 -0.19862235 -0.19862235 -0.19862235 -0.19862235
 -0.19862235 -0.19862235 -0.19862235 -0.19862235 -0.19862235 -0.19862235
 -0.19862235 -0.19862235 -0.19862235 -0.19862235 -0.19862235  1.60522035
 -0.19862235 -0.19862235 -0.19862235 -0.19862235 -0.19862235 -0.19862235
 -0.19862235 -0.19862235 -0.19862235 -0.19862235 -0.19862235 -0.19862235
 -0.19862235 -0.19862235 -0.19862235 -0.19862235 -0.19862235 -0.19862235
 -0.19862235 -0.19862235 -0.19862235 -0.19862235]",[0.06837299694747684]
6,"[-0.17265169 -0.17265169 -0.17265169 -0.17265169 -0.17265169 -0.17265169
 -0.17265169 -0.17265169 -0.17265169 -0.17265169 -0.17265169 -0.17265169
 -0.17265169 -0.17265169 -0.17265169 -0.17265169 -0.17265169 -0.17265169
  1.46535733 -0.17265169 -0.17265169 -0.17265169 -0.17265169 -0.17265169
 -0.17265169 -0.17265169 -0.17265169 -0.17265169 -0.17265169 -0.17265169
 -0.17265169 -0.17265169 -0.17265169 -0.17265169 -0.17265169 -0.17265169
 -0.17265169 -0.17265169 -0.17265169 -0.17265169 -0.17265169 -0.17265169
 -0.17265169 -0.17265169 -0.17265169 -0.17265169 -0.17265169 -0.17265169
 -0.17265169 -0.17265169 -0.17265169 -0.17265169 -0.17265169 -0.17265169
 -0.17265169 -0.17265169 -0.17265169 -0.17265169 -0.17265169 -0.17265169
 -0.17265169 -0.17265169 -0.17265169 -0.17265169 -0.17265169 -0.17265169
 -0.17265169 -0.17265169 -0.17265169 -0.17265169 -0.17265169 -0.17265169
 -0.17265169 -0.17265169 -0.17265169 -0.17265169 -0.17265169 -0.17265169
 -0.17265169 -0.17265169 -0.17265169 -0.17265169 -0.17265169  8.6933925
 -0.17265169 -0.17265169 -0.17265169 -0.17265169 -0.17265169 -0.17265169
 -0.17265169 -0.17265169  4.28518185 -0.17265169 -0.17265169 -0.17265169
 -0.17265169 -0.17265169 -0.17265169 -0.17265169 -0.17265169 -0.17265169
 -0.17265169 -0.17265169 -0.17265169 -0.17265169 -0.17265169 -0.17265169
 -0.17265169 -0.17265169 -0.17265169 -0.17265169 -0.17265169 -0.17265169
 -0.17265169 -0.17265169 -0.17265169 -0.17265169 -0.17265169 -0.17265169
 -0.17265169 -0.17265169 -0.17265169 -0.17265169 -0.17265169 -0.17265169
 -0.17265169 -0.17265169 -0.17265169 -0.17265169 -0.17265169 -0.17265169
 -0.17265169 -0.17265169 -0.17265169 -0.17265169 -0.17265169 -0.17265169
 -0.17265169 -0.17265169 -0.17265169 -0.17265169 -0.17265169 -0.17265169
 -0.17265169 -0.17265169 -0.17265169 -0.17265169 -0.17265169 -0.17265169
 -0.17265169 -0.17265169 -0.17265169 -0.17265169 -0.17265169 -0.17265169
 -0.17265169 -0.17265169 -0.17265169 -0.17265169 -0.17265169 -0.17265169
 -0.17265169 -0.17265169 -0.17265169 -0.17265169 -0.17265169 -0.17265169
 -0.17265169 -0.17265169 -0.17265169 -0.17265169 -0.17265169 -0.17265169
 -0.17265169 -0.17265169 -0.17265169 -0.17265169 -0.17265169 -0.17265169
 -0.17265169 -0.17265169 -0.17265169 -0.17265169 -0.17265169 -0.17265169
 -0.17265169 -0.17265169 -0.17265169 -0.17265169 -0.17265169 -0.17265169
 -0.17265169 -0.17265169 -0.17265169 -0.17265169 -0.17265169 -0.17265169
 -0.17265169 -0.17265169  3.56499959 -0.17265169 -0.17265169 -0.17265169
 -0.17265169 -0.17265169 -0.17265169 -0.17265169 -0.17265169 -0.17265169
  2.03881993 -0.17265169 -0.17265169 -0.17265169 -0.17265169  4.80589123
 -0.17265169 -0.17265169 -0.17265169 -0.17265169 -0.17265169 -0.17265169
 -0.17265169 -0.17265169 -0.17265169 -0.17265169 -0.17265169 -0.17265169
 -0.17265169 -0.17265169 -0.17265169 -0.17265169 -0.17265169 -0.17265169
 -0.17265169  4.00148665 -0.17265169 -0.17265169 -0.17265169 -0.17265169
  3.36846819 -0.17265169 -0.17265169 -0.17265169 -0.17265169 -0.17265169
 -0.17265169 -0.17265169 -0.17265169 -0.17265169 -0.17265169 -0.17265169
 -0.17265169 -0.17265169 -0.17265169 -0.17265169 -0.17265169 -0.17265169
 -0.17265169 -0.17265169 -0.17265169  6.22728732 -0.17265169 -0.17265169
 -0.17265169 -0.17265169 -0.17265169 -0.17265169 -0.17265169 -0.17265169
 -0.17265169 -0.17265169 -0.17265169 -0.17265169 -0.17265169 -0.17265169
 -0.17265169  3.28360187 -0.17265169 -0.17265169 -0.17265169 -0.17265169
 -0.17265169 -0.17265169 -0.17265169 -0.17265169 -0.17265169  7.45210081
 -0.17265169 -0.17265169 -0.17265169 -0.17265169 -0.17265169 -0.17265169
 -0.17265169 -0.17265169 -0.17265169 -0.17265169 -0.17265169 -0.17265169
 -0.17265169 -0.17265169 -0.17265169 -0.17265169 -0.17265169 -0.17265169
 -0.17265169 -0.17265169 -0.17265169 -0.17265169 -0.17265169  4.86792476
 -0.17265169 -0.17265169 -0.17265169 -0.17265169 -0.17265169 -0.17265169
 -0.17265169 -0.17265169 -0.17265169 -0.17265169 -0.17265169 -0.17265169
 -0.17265169 -0.17265169 -0.17265169 -0.17265169 -0.17265169 -0.17265169
 -0.17265169 -0.17265169 -0.17265169 -0.17265169 -0.17265169 -0.17265169
 -0.17265169 -0.17265169 -0.17265169 -0.17265169 -0.17265169 -0.17265169
 -0.17265169 -0.17265169 -0.17265169 -0.17265169 -0.17265169 -0.17265169
 -0.17265169 -0.17265169 -0.17265169 -0.17265169 -0.17265169 -0.17265169
 -0.17265169 -0.17265169 -0.17265169 -0.17265169 -0.17265169 -0.17265169
 -0.17265169 -0.17265169 -0.17265169 -0.17265169 -0.17265169 -0.17265169
 -0.17265169 -0.17265169 -0.17265169 -0.17265169 -0.17265169 -0.17265169
 -0.17265169 -0.17265169 -0.17265169 -0.17265169 -0.17265169 -0.17265169
 -0.17265169 -0.17265169 -0.17265169 -0.17265169 -0.17265169 -0.17265169
  0.78905539  3.71663676 -0.17265169 -0.17265169 -0.17265169 -0.17265169
 -0.17265169 -0.17265169 -0.17265169 -0.17265169 -0.17265169 -0.17265169
 -0.17265169 -0.17265169 -0.17265169 -0.17265169 -0.17265169 -0.17265169
 -0.17265169 -0.17265169 -0.17265169  1.30319327 -0.17265169 -0.17265169
 -0.17265169 -0.17265169 -0.17265169 -0.17265169 -0.17265169 -0.17265169
 -0.17265169 -0.17265169 -0.17265169 -0.17265169 -0.17265169 -0.17265169
 -0.17265169 -0.17265169 -0.17265169 -0.17265169 -0.17265169 -0.17265169
 -0.17265169 -0.17265169 -0.17265169 -0.17265169 -0.17265169 -0.17265169
 -0.17265169 -0.17265169 -0.17265169 -0.17265169 -0.17265169 -0.17265169
 -0.17265169 -0.17265169 -0.17265169 -0.17265169 -0.17265169 -0.17265169
 -0.17265169 -0.17265169 -0.17265169 -0.17265169 -0.17265169 -0.17265169
 -0.17265169 -0.17265169 -0.17265169 -0.17265169 -0.17265169 -0.17265169
 -0.17265169 -0.17265169 -0.17265169 -0.17265169 -0.17265169 -0.17265169
 -0.17265169 -0.17265169  4.23147822 -0.17265169  9.37539171 -0.17265169
  9.08841174 -0.17265169 -0.17265169 -0.17265169 -0.17265169 -0.17265169
 -0.17265169 -0.17265169 -0.17265169 -0.17265169 -0.17265169 -0.17265169
 -0.17265169 -0.17265169 -0.17265169 -0.17265169 -0.17265169 -0.17265169
 -0.17265169 -0.17265169 -0.17265169 -0.17265169 -0.17265169 -0.17265169
 -0.17265169 -0.17265169 -0.17265169 -0.17265169 -0.17265169  1.08823433
 -0.17265169 -0.17265169 -0.17265169 -0.17265169 -0.17265169 -0.17265169
 -0.17265169  2.67893252 -0.17265169 -0.17265169 -0.17265169 -0.17265169
 -0.17265169 -0.17265169 -0.17265169 -0.17265169 -0.17265169 -0.17265169
 -0.17265169 -0.17265169 -0.17265169 -0.17265169]",[-0.06408815126764184]
7,"[-0.14870481 -0.14870481 -0.14870481 -0.14870481 -0.14870481 -0.14870481
 -0.14870481 -0.14870481 -0.14870481 -0.14870481 -0.14870481 -0.14870481
 -0.14870481 -0.14870481 -0.14870481 -0.14870481 -0.14870481 -0.14870481
 -0.14870481 -0.14870481 -0.14870481 -0.14870481 -0.14870481 -0.14870481
 -0.14870481 -0.14870481 -0.14870481 -0.14870481 -0.14870481 -0.14870481
 -0.14870481 -0.14870481 -0.14870481 -0.14870481 -0.14870481 -0.14870481
 -0.14870481 -0.14870481 -0.14870481 -0.14870481 -0.14870481 -0.14870481
 -0.14870481 -0.14870481 -0.14870481 -0.14870481 -0.14870481 -0.14870481
 -0.14870481 -0.14870481 -0.14870481 -0.14870481 -0.14870481 -0.14870481
 -0.14870481 -0.14870481 -0.14870481 -0.14870481 -0.14870481 -0.14870481
 -0.14870481 -0.14870481 -0.14870481 -0.14870481 -0.14870481 -0.14870481
 -0.14870481 -0.14870481 -0.14870481 -0.14870481 -0.14870481 -0.14870481
 -0.14870481 -0.14870481 -0.14870481 -0.14870481 -0.14870481 -0.14870481
 -0.14870481 -0.14870481 -0.14870481 -0.14870481 -0.14870481  2.13677726
 -0.14870481 -0.14870481 -0.14870481 -0.14870481 -0.14870481 -0.14870481
 -0.14870481 -0.14870481 -0.14870481 -0.14870481 -0.14870481 -0.14870481
 -0.14870481 -0.14870481 -0.14870481 -0.14870481 -0.14870481 -0.14870481
 -0.14870481 -0.14870481 -0.14870481 -0.14870481 -0.14870481 -0.14870481
 -0.14870481 -0.14870481  7.25727892 -0.14870481 -0.14870481 -0.14870481
 -0.14870481 -0.14870481  5.99066006 -0.14870481 -0.14870481 -0.14870481
 -0.14870481 -0.14870481 -0.14870481 -0.14870481 -0.14870481 -0.14870481
 -0.14870481 -0.14870481 -0.14870481 -0.14870481 -0.14870481 -0.14870481
 -0.14870481 -0.14870481 -0.14870481 -0.14870481 -0.14870481 -0.14870481
 -0.14870481 -0.14870481 -0.14870481 -0.14870481 -0.14870481 -0.14870481
 -0.14870481 -0.14870481 -0.14870481 -0.14870481 -0.14870481 -0.14870481
 -0.14870481 -0.14870481 -0.14870481 -0.14870481 -0.14870481 -0.14870481
 -0.14870481 -0.14870481 -0.14870481 -0.14870481 -0.14870481 -0.14870481
 -0.14870481 -0.14870481 -0.14870481 -0.14870481 -0.14870481 -0.14870481
 -0.14870481 -0.14870481 -0.14870481 -0.14870481 -0.14870481  4.64724928
 -0.14870481 -0.14870481 -0.14870481 -0.14870481 -0.14870481 -0.14870481
 -0.14870481 -0.14870481 -0.14870481 -0.14870481 -0.14870481 -0.14870481
  6.42171328 -0.14870481 -0.14870481 -0.14870481 -0.14870481 -0.14870481
 -0.14870481 -0.14870481 -0.14870481 -0.14870481 -0.14870481 -0.14870481
 -0.14870481 -0.14870481 -0.14870481 -0.14870481 -0.14870481 -0.14870481
 -0.14870481 -0.14870481 -0.14870481 -0.14870481 -0.14870481 -0.14870481
  5.64288751 -0.14870481 -0.14870481 -0.14870481 -0.14870481  0.62613645
 -0.14870481 -0.14870481 -0.14870481 -0.14870481 -0.14870481 -0.14870481
 -0.14870481 -0.14870481 -0.14870481 -0.14870481 -0.14870481 -0.14870481
 -0.14870481 -0.14870481 -0.14870481 -0.14870481 -0.14870481 -0.14870481
 -0.14870481 -0.14870481 -0.14870481 -0.14870481 -0.14870481 -0.14870481
 -0.14870481 -0.14870481 -0.14870481 -0.14870481 -0.14870481 -0.14870481
 -0.14870481 -0.14870481 -0.14870481 -0.14870481 -0.14870481 -0.14870481
 -0.14870481 -0.14870481 -0.14870481 -0.14870481 -0.14870481 -0.14870481
 -0.14870481 -0.14870481 -0.14870481  6.61280076 -0.14870481  0.56610535
 -0.14870481 -0.14870481 -0.14870481 -0.14870481 -0.14870481 -0.14870481
 -0.14870481 -0.14870481 -0.14870481 -0.14870481  0.74154407 -0.14870481
 -0.14870481 -0.14870481 -0.14870481 -0.14870481 -0.14870481 -0.14870481
 -0.14870481 -0.14870481 -0.14870481 -0.14870481 -0.14870481 -0.14870481
 -0.14870481 -0.14870481 -0.14870481 -0.14870481 -0.14870481 -0.14870481
 -0.14870481 -0.14870481 -0.14870481 -0.14870481 -0.14870481 -0.14870481
 -0.14870481 -0.14870481 -0.14870481 -0.14870481 -0.14870481 -0.14870481
 -0.14870481 -0.14870481 -0.14870481 -0.14870481 -0.14870481 -0.14870481
 -0.14870481 -0.14870481 -0.14870481 -0.14870481 -0.14870481 -0.14870481
 -0.14870481 -0.14870481 -0.14870481 -0.14870481 -0.14870481 -0.14870481
 -0.14870481 -0.14870481 -0.14870481 -0.14870481 -0.14870481 -0.14870481
 -0.14870481 -0.14870481 -0.14870481 -0.14870481 -0.14870481 -0.14870481
 -0.14870481 -0.14870481 -0.14870481 -0.14870481 -0.14870481 -0.14870481
 -0.14870481 -0.14870481 -0.14870481 -0.14870481 -0.14870481 -0.14870481
 -0.14870481 -0.14870481 -0.14870481 -0.14870481 -0.14870481 -0.14870481
 -0.14870481 -0.14870481 -0.14870481 -0.14870481 -0.14870481 -0.14870481
 -0.14870481 -0.14870481 -0.14870481 -0.14870481 -0.14870481 -0.14870481
 -0.14870481 -0.14870481 -0.14870481 -0.14870481 -0.14870481 -0.14870481
 -0.14870481 -0.14870481 -0.14870481 -0.14870481 -0.14870481 -0.14870481
 -0.14870481 -0.14870481 -0.14870481 -0.14870481 -0.14870481 -0.14870481
 -0.14870481 -0.14870481 -0.14870481 -0.14870481 -0.14870481 -0.14870481
 -0.14870481 -0.14870481 -0.14870481 -0.14870481 -0.14870481 -0.14870481
 -0.14870481 -0.14870481 -0.14870481 -0.14870481 -0.14870481 -0.14870481
 -0.14870481 -0.14870481 -0.14870481 -0.14870481 -0.14870481 -0.14870481
 -0.14870481 -0.14870481 -0.14870481 -0.14870481 -0.14870481 -0.14870481
 -0.14870481 -0.14870481 -0.14870481 -0.14870481 -0.14870481 -0.14870481
 -0.14870481 -0.14870481 -0.14870481 -0.14870481 -0.14870481 -0.14870481
 -0.14870481 -0.14870481 -0.14870481 -0.14870481 -0.14870481 -0.14870481
 -0.14870481  4.05476575 -0.14870481 -0.14870481 -0.14870481 -0.14870481
 -0.14870481 -0.14870481 -0.14870481 -0.14870481 -0.14870481 -0.14870481
  2.7874272  -0.14870481 -0.14870481 -0.14870481 -0.14870481 -0.14870481
 -0.14870481 -0.14870481 -0.14870481 -0.14870481 -0.14870481 -0.14870481
 -0.14870481 -0.14870481 -0.14870481 -0.14870481 -0.14870481 -0.14870481
 -0.14870481 -0.14870481  8.60417906 -0.14870481 -0.14870481 -0.14870481
 11.80345316 -0.14870481 -0.14870481 -0.14870481 -0.14870481 -0.14870481
 -0.14870481 -0.14870481 -0.14870481 -0.14870481 -0.14870481 -0.14870481
 -0.14870481 -0.14870481 -0.14870481 -0.14870481 -0.14870481 -0.14870481
 -0.14870481  6.13658142 -0.14870481 -0.14870481 -0.14870481  0.91766239
 -0.14870481 -0.14870481 -0.14870481 -0.14870481 -0.14870481 -0.14870481
 -0.14870481 -0.14870481 -0.14870481 -0.14870481 -0.14870481 -0.14870481
 -0.14870481 -0.14870481 -0.14870481 -0.14870481 -0.14870481 -0.14870481
 -0.14870481 -0.14870481 -0.14870481 -0.14870481 -0.14870481 -0.14870481
 -0.14870481 -0.14870481 -0.14870481 -0.14870481]",[0.0009368737548408612]
7,"[-0.12667999 -0.12667999 -0.12667999 -0.12667999 -0.12667999 -0.12667999
 -0.12667999 -0.12667999 -0.12667999 -0.12667999 -0.12667999 -0.12667999
 -0.12667999 -0.12667999 -0.12667999 -0.12667999 -0.12667999 -0.12667999
 -0.12667999 -0.12667999 -0.12667999 -0.12667999 -0.12667999 -0.12667999
 -0.12667999 -0.12667999 -0.12667999 -0.12667999 -0.12667999 -0.12667999
 -0.12667999 -0.12667999 -0.12667999 -0.12667999 -0.12667999 -0.12667999
 -0.12667999 -0.12667999 -0.12667999 -0.12667999 -0.12667999 -0.12667999
 -0.12667999 -0.12667999 -0.12667999 -0.12667999 -0.12667999 -0.12667999
 -0.12667999 -0.12667999 -0.12667999 -0.12667999 -0.12667999 -0.12667999
 -0.12667999 -0.12667999 -0.12667999 -0.12667999 -0.12667999 -0.12667999
 -0.12667999 -0.12667999 -0.12667999 -0.12667999 -0.12667999 -0.12667999
 -0.12667999 -0.12667999 -0.12667999 -0.12667999 -0.12667999 -0.12667999
 -0.12667999 -0.12667999 -0.12667999 -0.12667999 -0.12667999 -0.12667999
 -0.12667999 -0.12667999 -0.12667999 -0.12667999 -0.12667999  4.64534601
 -0.12667999 -0.12667999 -0.12667999 -0.12667999 -0.12667999 -0.12667999
 -0.12667999 -0.12667999 -0.12667999 -0.12667999 -0.12667999 -0.12667999
 -0.12667999 -0.12667999 -0.12667999 -0.12667999 -0.12667999 -0.12667999
 -0.12667999 -0.12667999 -0.12667999 -0.12667999 -0.12667999 -0.12667999
 -0.12667999 -0.12667999 -0.12667999 -0.12667999 -0.12667999 -0.12667999
 -0.12667999 -0.12667999 -0.12667999 -0.12667999 -0.12667999 -0.12667999
 -0.12667999 -0.12667999 -0.12667999 -0.12667999 -0.12667999 -0.12667999
 -0.12667999 -0.12667999 -0.12667999 -0.12667999 -0.12667999 -0.12667999
 -0.12667999 -0.12667999 -0.12667999 -0.12667999 -0.12667999 -0.12667999
 -0.12667999 -0.12667999 -0.12667999 -0.12667999 -0.12667999 -0.12667999
 -0.12667999 -0.12667999 -0.12667999 -0.12667999 -0.12667999 -0.12667999
 -0.12667999 -0.12667999 -0.12667999 -0.12667999 -0.12667999 -0.12667999
 -0.12667999 -0.12667999 -0.12667999 -0.12667999 -0.12667999 -0.12667999
 -0.12667999 -0.12667999 -0.12667999 -0.12667999 -0.12667999 -0.12667999
 -0.12667999 -0.12667999 -0.12667999 -0.12667999 -0.12667999 -0.12667999
 -0.12667999 -0.12667999 -0.12667999 -0.12667999 -0.12667999 -0.12667999
 -0.12667999 -0.12667999 -0.12667999 -0.12667999 -0.12667999 -0.12667999
  2.40784101 -0.12667999 -0.12667999 -0.12667999 -0.12667999 -0.12667999
 -0.12667999 -0.12667999 -0.12667999 -0.12667999 -0.12667999 -0.12667999
 -0.12667999 -0.12667999  2.70995078 -0.12667999 -0.12667999 -0.12667999
 -0.12667999 -0.12667999 -0.12667999 -0.12667999 -0.12667999 -0.12667999
  5.46252455 -0.12667999  0.06476618 -0.12667999 -0.12667999  7.16366413
 -0.12667999 -0.12667999 -0.12667999 -0.12667999 -0.12667999 -0.12667999
 -0.12667999 -0.12667999 -0.12667999 -0.12667999 -0.12667999 -0.12667999
 -0.12667999 -0.12667999 -0.12667999 -0.12667999 -0.12667999 -0.12667999
 -0.12667999  0.12212494 -0.12667999 -0.12667999 -0.12667999 -0.12667999
  0.45162266 -0.12667999 -0.12667999 -0.12667999 -0.12667999 -0.12667999
 -0.12667999 -0.12667999 -0.12667999 -0.12667999 -0.12667999 -0.12667999
 -0.12667999 -0.12667999 -0.12667999 -0.12667999 -0.12667999 -0.12667999
 -0.12667999 -0.12667999 -0.12667999 -0.12667999 -0.12667999 -0.12667999
 -0.12667999 -0.12667999 -0.12667999 -0.12667999 -0.12667999 -0.12667999
 -0.12667999 -0.12667999  2.12087233 -0.12667999 -0.12667999 -0.12667999
 -0.12667999  0.43532053 -0.12667999  2.85682866 -0.12667999 -0.12667999
 -0.12667999 -0.12667999 -0.12667999 -0.12667999 -0.12667999 11.01203777
 -0.12667999 -0.12667999 -0.12667999 -0.12667999 -0.12667999 -0.12667999
 -0.12667999 -0.12667999 -0.12667999 -0.12667999 -0.12667999 -0.12667999
 -0.12667999 -0.12667999 -0.12667999 -0.12667999 -0.12667999 -0.12667999
 -0.12667999 -0.12667999 -0.12667999 -0.12667999 -0.12667999  5.54540852
 -0.12667999 -0.12667999 -0.12667999 -0.12667999 -0.12667999 -0.12667999
 -0.12667999 -0.12667999 -0.12667999 -0.12667999 -0.12667999 -0.12667999
 -0.12667999 -0.12667999 -0.12667999 -0.12667999 -0.12667999 -0.12667999
 -0.12667999 -0.12667999 -0.12667999 -0.12667999 -0.12667999 -0.12667999
 -0.12667999 -0.12667999 -0.12667999 -0.12667999 -0.12667999 -0.12667999
 -0.12667999 -0.12667999 -0.12667999 -0.12667999 -0.12667999 -0.12667999
 -0.12667999 -0.12667999 -0.12667999 -0.12667999 -0.12667999 -0.12667999
 -0.12667999 -0.12667999 -0.12667999 -0.12667999 -0.12667999 -0.12667999
 -0.12667999 -0.12667999 -0.12667999 -0.12667999 -0.12667999 -0.12667999
 -0.12667999 -0.12667999 -0.12667999 -0.12667999 -0.12667999 -0.12667999
 -0.12667999 -0.12667999 -0.12667999 -0.12667999 -0.12667999 -0.12667999
 -0.12667999 -0.12667999 -0.12667999 -0.12667999 -0.12667999 -0.12667999
 -0.12667999 -0.12667999 -0.12667999 -0.12667999 -0.12667999 -0.12667999
 -0.12667999 -0.12667999 -0.12667999 -0.12667999 -0.12667999 -0.12667999
 -0.12667999 -0.12667999 -0.12667999 -0.12667999 -0.12667999 -0.12667999
 -0.12667999 -0.12667999 -0.12667999 -0.12667999 -0.12667999 -0.12667999
 -0.12667999 -0.12667999 -0.12667999 -0.12667999 -0.12667999 -0.12667999
 -0.12667999 -0.12667999 -0.12667999 -0.12667999 -0.12667999 -0.12667999
 -0.12667999 -0.12667999 -0.12667999 -0.12667999 -0.12667999 -0.12667999
 -0.12667999 -0.12667999 -0.12667999 -0.12667999 -0.12667999 -0.12667999
 -0.12667999 -0.12667999 -0.12667999 -0.12667999 -0.12667999 -0.12667999
 -0.12667999 -0.12667999 -0.12667999 -0.12667999 -0.12667999 -0.12667999
 -0.12667999 -0.12667999 -0.12667999 -0.12667999 -0.12667999 -0.12667999
 -0.12667999 -0.12667999 -0.12667999 -0.12667999 -0.12667999 -0.12667999
 -0.12667999 -0.12667999 -0.12667999 -0.12667999 -0.12667999 -0.12667999
 -0.12667999 -0.12667999 -0.12667999 -0.12667999 -0.12667999 -0.12667999
 14.53245182 -0.12667999 -0.12667999 -0.12667999 -0.12667999 -0.12667999
 -0.12667999 -0.12667999 -0.12667999 -0.12667999 -0.12667999 -0.12667999
 -0.12667999 -0.12667999 -0.12667999 -0.12667999 -0.12667999 -0.12667999
 -0.12667999  4.44263312 -0.12667999 -0.12667999 -0.12667999 -0.12667999
 -0.12667999 -0.12667999 -0.12667999 -0.12667999 -0.12667999 -0.12667999
 -0.12667999 -0.12667999 -0.12667999 -0.12667999 -0.12667999 -0.12667999
 -0.12667999 -0.12667999 -0.12667999 -0.12667999 -0.12667999 -0.12667999
 -0.12667999 -0.12667999 -0.12667999 -0.12667999 -0.12667999 -0.12667999
 -0.12667999 -0.12667999 -0.12667999 -0.12667999]",[-0.03478499584348635]
7,"[-1.37146154e-01 -1.37146154e-01 -1.37146154e-01 -1.37146154e-01
 -1.37146154e-01 -1.37146154e-01 -1.37146154e-01 -1.37146154e-01
 -1.37146154e-01 -1.37146154e-01 -1.37146154e-01 -1.37146154e-01
 -1.37146154e-01 -1.37146154e-01 -1.37146154e-01 -1.37146154e-01
 -1.37146154e-01 -1.37146154e-01 -1.37146154e-01 -1.37146154e-01
 -1.37146154e-01 -1.37146154e-01 -1.37146154e-01 -1.37146154e-01
 -1.37146154e-01 -1.37146154e-01 -1.37146154e-01 -1.37146154e-01
 -1.37146154e-01 -1.37146154e-01 -1.37146154e-01 -1.37146154e-01
 -1.37146154e-01 -1.37146154e-01 -1.37146154e-01 -1.37146154e-01
 -1.37146154e-01 -1.37146154e-01 -1.37146154e-01 -1.37146154e-01
 -1.37146154e-01 -1.37146154e-01 -1.37146154e-01 -1.37146154e-01
 -1.37146154e-01 -1.37146154e-01 -1.37146154e-01 -1.37146154e-01
 -1.37146154e-01 -1.37146154e-01 -1.37146154e-01 -1.37146154e-01
 -1.37146154e-01 -1.37146154e-01 -1.37146154e-01 -1.37146154e-01
 -1.37146154e-01 -1.37146154e-01 -1.37146154e-01 -1.37146154e-01
 -1.37146154e-01 -1.37146154e-01 -1.37146154e-01 -1.37146154e-01
 -1.37146154e-01 -1.37146154e-01 -1.37146154e-01 -1.37146154e-01
 -1.37146154e-01 -1.37146154e-01 -1.37146154e-01 -1.37146154e-01
 -1.37146154e-01 -1.37146154e-01 -1.37146154e-01 -1.37146154e-01
 -1.37146154e-01 -1.37146154e-01 -1.37146154e-01 -1.37146154e-01
 -1.37146154e-01 -1.37146154e-01 -1.37146154e-01  1.07081986e+01
 -1.37146154e-01 -1.37146154e-01 -1.37146154e-01 -1.37146154e-01
 -1.37146154e-01 -1.37146154e-01 -1.37146154e-01 -1.37146154e-01
 -1.37146154e-01 -1.37146154e-01 -1.37146154e-01 -1.37146154e-01
 -1.37146154e-01 -1.37146154e-01 -1.37146154e-01 -1.37146154e-01
 -1.37146154e-01 -1.37146154e-01 -1.37146154e-01 -1.37146154e-01
 -1.37146154e-01 -1.37146154e-01 -1.37146154e-01 -1.37146154e-01
 -1.37146154e-01 -1.37146154e-01  6.43932312e-01 -1.37146154e-01
 -1.37146154e-01 -1.37146154e-01 -1.37146154e-01 -1.37146154e-01
 -1.37146154e-01 -1.37146154e-01 -1.37146154e-01 -1.37146154e-01
 -1.37146154e-01 -1.37146154e-01 -1.37146154e-01 -1.37146154e-01
 -1.37146154e-01 -1.37146154e-01 -1.37146154e-01 -1.37146154e-01
 -1.37146154e-01 -1.37146154e-01 -1.37146154e-01 -1.37146154e-01
 -1.37146154e-01 -1.37146154e-01 -1.37146154e-01 -1.37146154e-01
 -1.37146154e-01 -1.37146154e-01 -1.37146154e-01 -1.37146154e-01
 -1.37146154e-01 -1.37146154e-01 -1.37146154e-01 -1.37146154e-01
 -1.37146154e-01 -1.37146154e-01 -1.37146154e-01 -1.37146154e-01
 -1.37146154e-01 -1.37146154e-01 -1.37146154e-01 -1.37146154e-01
 -1.37146154e-01 -1.37146154e-01 -1.37146154e-01 -1.37146154e-01
 -1.37146154e-01 -1.37146154e-01 -1.37146154e-01 -1.37146154e-01
 -1.37146154e-01 -1.37146154e-01 -1.37146154e-01 -1.37146154e-01
 -1.37146154e-01 -1.37146154e-01 -1.37146154e-01 -1.37146154e-01
 -1.37146154e-01 -1.37146154e-01 -1.37146154e-01 -1.37146154e-01
 -1.37146154e-01 -1.37146154e-01 -1.37146154e-01 -1.37146154e-01
 -1.37146154e-01 -1.37146154e-01 -1.37146154e-01 -1.37146154e-01
 -1.37146154e-01 -1.37146154e-01 -1.37146154e-01 -1.37146154e-01
 -1.37146154e-01 -1.37146154e-01  4.88957179e+00 -1.37146154e-01
 -1.37146154e-01 -1.37146154e-01 -1.37146154e-01 -1.37146154e-01
 -1.37146154e-01 -1.37146154e-01 -1.37146154e-01 -1.37146154e-01
 -1.37146154e-01 -1.37146154e-01 -1.37146154e-01 -1.37146154e-01
 -1.37146154e-01 -1.37146154e-01 -1.37146154e-01  5.50280246e+00
 -1.37146154e-01 -1.37146154e-01 -1.37146154e-01 -1.37146154e-01
 -1.37146154e-01 -1.37146154e-01  6.04547421e+00 -1.37146154e-01
 -1.37146154e-01 -1.37146154e-01 -1.37146154e-01  7.49045460e+00
 -1.37146154e-01 -1.37146154e-01 -1.37146154e-01 -1.37146154e-01
 -1.37146154e-01 -1.37146154e-01 -1.37146154e-01 -1.37146154e-01
 -1.37146154e-01 -1.37146154e-01 -1.37146154e-01 -1.37146154e-01
 -1.37146154e-01 -1.37146154e-01 -1.37146154e-01 -1.37146154e-01
 -1.37146154e-01 -1.37146154e-01 -1.37146154e-01 -1.57632727e-03
 -1.37146154e-01 -1.37146154e-01 -1.37146154e-01 -1.37146154e-01
 -1.37146154e-01 -1.37146154e-01 -1.37146154e-01 -1.37146154e-01
 -1.37146154e-01 -1.37146154e-01 -1.37146154e-01 -1.37146154e-01
 -1.37146154e-01 -1.37146154e-01 -1.37146154e-01 -1.37146154e-01
 -1.37146154e-01 -1.37146154e-01 -1.37146154e-01 -1.37146154e-01
 -1.37146154e-01 -1.37146154e-01 -1.37146154e-01 -1.37146154e-01
 -1.37146154e-01  4.17589264e+00 -1.37146154e-01 -1.37146154e-01
 -1.37146154e-01 -1.37146154e-01 -1.37146154e-01 -1.37146154e-01
 -1.37146154e-01 -1.37146154e-01 -1.37146154e-01 -1.37146154e-01
 -1.37146154e-01 -1.37146154e-01 -1.37146154e-01 -1.37146154e-01
 -1.37146154e-01 -1.37146154e-01 -1.37146154e-01 -1.37146154e-01
 -1.37146154e-01 -1.37146154e-01 -1.37146154e-01 -1.37146154e-01
 -1.37146154e-01 -1.37146154e-01 -1.37146154e-01 -1.37146154e-01
 -1.37146154e-01 -1.37146154e-01 -1.37146154e-01 -1.37146154e-01
 -1.37146154e-01 -1.37146154e-01 -1.37146154e-01 -1.37146154e-01
 -1.37146154e-01 -1.37146154e-01 -1.37146154e-01 -1.37146154e-01
 -1.37146154e-01 -1.37146154e-01 -1.37146154e-01 -1.37146154e-01
 -1.37146154e-01 -1.37146154e-01 -1.37146154e-01 -1.37146154e-01
 -1.37146154e-01 -1.37146154e-01 -1.37146154e-01  8.24061929e+00
 -1.37146154e-01 -1.37146154e-01 -1.37146154e-01 -1.37146154e-01
 -1.37146154e-01 -1.37146154e-01 -1.37146154e-01 -1.37146154e-01
 -1.37146154e-01 -1.37146154e-01 -1.37146154e-01 -1.37146154e-01
 -1.37146154e-01 -1.37146154e-01 -1.37146154e-01 -1.37146154e-01
 -1.37146154e-01 -1.37146154e-01 -1.37146154e-01 -1.37146154e-01
 -1.37146154e-01 -1.37146154e-01 -1.37146154e-01 -1.37146154e-01
 -1.37146154e-01 -1.37146154e-01 -1.37146154e-01 -1.37146154e-01
 -1.37146154e-01 -1.37146154e-01 -1.37146154e-01 -1.37146154e-01
 -1.37146154e-01 -1.37146154e-01 -1.37146154e-01 -1.37146154e-01
 -1.37146154e-01 -1.37146154e-01 -1.37146154e-01 -1.37146154e-01
 -1.37146154e-01 -1.37146154e-01 -1.37146154e-01 -1.37146154e-01
 -1.37146154e-01 -1.37146154e-01 -1.37146154e-01 -1.37146154e-01
 -1.37146154e-01 -1.37146154e-01 -1.37146154e-01 -1.37146154e-01
 -1.37146154e-01 -1.37146154e-01 -1.37146154e-01 -1.37146154e-01
 -1.37146154e-01 -1.37146154e-01 -1.37146154e-01 -1.37146154e-01
 -1.37146154e-01 -1.37146154e-01 -1.37146154e-01 -1.37146154e-01
 -1.37146154e-01 -1.37146154e-01 -1.37146154e-01 -1.37146154e-01
 -1.37146154e-01 -1.37146154e-01 -1.37146154e-01 -1.37146154e-01
 -1.37146154e-01 -1.37146154e-01 -1.37146154e-01 -1.37146154e-01
 -1.37146154e-01 -1.37146154e-01 -1.37146154e-01 -1.37146154e-01
 -1.37146154e-01 -1.37146154e-01 -1.37146154e-01 -1.37146154e-01
 -1.37146154e-01 -1.37146154e-01 -1.37146154e-01 -1.37146154e-01
 -1.37146154e-01 -1.37146154e-01 -1.37146154e-01 -1.37146154e-01
 -1.37146154e-01 -1.37146154e-01 -1.37146154e-01 -1.37146154e-01
 -1.37146154e-01 -1.37146154e-01 -1.37146154e-01 -1.37146154e-01
 -1.37146154e-01 -1.37146154e-01 -1.37146154e-01 -1.37146154e-01
 -1.37146154e-01 -1.37146154e-01 -1.37146154e-01 -1.37146154e-01
 -1.37146154e-01 -1.37146154e-01 -1.37146154e-01 -1.37146154e-01
 -1.37146154e-01 -1.37146154e-01 -1.37146154e-01 -1.37146154e-01
 -1.37146154e-01 -1.37146154e-01 -1.37146154e-01 -1.37146154e-01
 -1.37146154e-01 -1.37146154e-01 -1.37146154e-01 -1.37146154e-01
 -1.37146154e-01 -1.37146154e-01 -1.37146154e-01 -1.37146154e-01
 -1.37146154e-01 -1.37146154e-01 -1.37146154e-01 -1.37146154e-01
 -1.37146154e-01 -1.37146154e-01 -1.37146154e-01 -1.37146154e-01
 -1.37146154e-01 -1.37146154e-01 -1.37146154e-01 -1.37146154e-01
 -1.37146154e-01 -1.37146154e-01 -1.37146154e-01 -1.37146154e-01
 -1.37146154e-01 -1.37146154e-01 -1.37146154e-01 -1.37146154e-01
 -1.37146154e-01 -1.37146154e-01 -1.37146154e-01 -1.37146154e-01
  7.06473245e+00 -1.37146154e-01 -1.37146154e-01 -1.37146154e-01
  8.48193102e+00 -1.37146154e-01 -1.37146154e-01 -1.37146154e-01
 -1.37146154e-01 -1.37146154e-01 -1.37146154e-01 -1.37146154e-01
 -1.37146154e-01 -1.37146154e-01 -1.37146154e-01 -1.37146154e-01
 -1.37146154e-01 -1.37146154e-01 -1.37146154e-01 -1.37146154e-01
 -1.37146154e-01 -1.37146154e-01 -1.37146154e-01  6.42821326e+00
 -1.37146154e-01 -1.37146154e-01 -1.37146154e-01 -1.37146154e-01
 -1.37146154e-01 -1.37146154e-01 -1.37146154e-01 -1.37146154e-01
 -1.37146154e-01 -1.37146154e-01 -1.37146154e-01 -1.37146154e-01
 -1.37146154e-01 -1.37146154e-01 -1.37146154e-01 -1.37146154e-01
 -1.37146154e-01 -1.37146154e-01 -1.37146154e-01 -1.37146154e-01
 -1.37146154e-01 -1.37146154e-01 -1.37146154e-01 -1.37146154e-01
 -1.37146154e-01 -1.37146154e-01 -1.37146154e-01 -1.37146154e-01
 -1.37146154e-01 -1.37146154e-01 -1.37146154e-01 -1.37146154e-01]",[0.0009514504262755075]
7,"[-2.65565239e-01 -2.65565239e-01 -2.65565239e-01 -2.65565239e-01
 -2.33877925e-01 -2.65565239e-01 -2.65565239e-01 -2.65565239e-01
 -2.65565239e-01 -2.65565239e-01 -2.65565239e-01 -2.65565239e-01
 -2.65565239e-01 -2.65565239e-01 -2.65565239e-01 -2.65565239e-01
 -2.65565239e-01 -2.65565239e-01  1.92053992e+00 -2.65565239e-01
 -2.65565239e-01 -2.65565239e-01 -2.65565239e-01 -2.65565239e-01
 -2.65565239e-01 -2.65565239e-01 -2.65565239e-01 -2.65565239e-01
 -2.65565239e-01 -2.65565239e-01 -2.65565239e-01 -2.65565239e-01
 -2.65565239e-01 -2.65565239e-01 -2.65565239e-01 -2.65565239e-01
 -2.65565239e-01 -2.65565239e-01 -2.65565239e-01 -2.65565239e-01
 -2.65565239e-01 -2.65565239e-01 -2.65565239e-01 -2.65565239e-01
 -2.65565239e-01 -2.65565239e-01 -2.65565239e-01 -2.65565239e-01
 -2.65565239e-01 -2.65565239e-01 -2.65565239e-01 -2.65565239e-01
 -2.65565239e-01 -2.65565239e-01 -2.65565239e-01 -2.65565239e-01
 -2.65565239e-01 -2.65565239e-01  3.01602016e+00 -2.65565239e-01
 -2.65565239e-01 -2.65565239e-01 -2.65565239e-01 -2.65565239e-01
 -2.65565239e-01 -2.65565239e-01 -2.65565239e-01 -2.65565239e-01
 -2.65565239e-01 -2.65565239e-01 -2.65565239e-01 -2.65565239e-01
 -2.65565239e-01 -2.65565239e-01 -2.65565239e-01 -2.65565239e-01
 -2.65565239e-01 -2.65565239e-01 -2.65565239e-01 -2.65565239e-01
 -2.65565239e-01 -2.65565239e-01 -2.65565239e-01  6.85143923e+00
 -2.65565239e-01 -2.65565239e-01 -2.65565239e-01 -2.65565239e-01
  1.07538935e+00 -2.65565239e-01 -2.65565239e-01 -2.65565239e-01
  2.27409767e+00 -2.65565239e-01 -2.65565239e-01 -2.65565239e-01
 -2.65565239e-01 -2.65565239e-01 -2.65565239e-01 -2.65565239e-01
 -2.65565239e-01 -2.65565239e-01 -2.65565239e-01 -2.65565239e-01
 -2.65565239e-01 -2.65565239e-01 -2.65565239e-01 -2.65565239e-01
 -2.65565239e-01 -2.65565239e-01  3.17167409e+00 -2.65565239e-01
 -2.65565239e-01 -2.65565239e-01  3.65578655e+00 -2.65565239e-01
  2.83495738e-01 -2.65565239e-01 -2.65565239e-01 -2.65565239e-01
 -2.65565239e-01 -2.65565239e-01 -2.65565239e-01 -2.47220726e-03
 -2.65565239e-01 -2.65565239e-01 -2.65565239e-01 -2.65565239e-01
 -2.65565239e-01 -2.65565239e-01 -2.65565239e-01 -2.65565239e-01
 -2.65565239e-01 -2.65565239e-01 -2.65565239e-01 -2.65565239e-01
 -2.65565239e-01 -2.65565239e-01 -2.65565239e-01 -2.65565239e-01
 -2.65565239e-01 -2.65565239e-01 -2.65565239e-01 -2.65565239e-01
 -2.65565239e-01 -2.65565239e-01 -2.65565239e-01 -2.65565239e-01
 -2.65565239e-01 -2.65565239e-01 -2.65565239e-01 -2.65565239e-01
 -2.65565239e-01 -2.65565239e-01 -2.65565239e-01 -2.65565239e-01
 -2.65565239e-01 -2.65565239e-01 -2.65565239e-01 -2.65565239e-01
 -2.65565239e-01 -2.65565239e-01 -2.65565239e-01 -1.66952472e-01
 -2.65565239e-01 -2.65565239e-01 -2.65565239e-01 -2.65565239e-01
 -2.65565239e-01 -2.65565239e-01 -2.65565239e-01 -2.65565239e-01
 -2.65565239e-01  2.44907797e+00 -2.65565239e-01 -2.65565239e-01
 -2.65565239e-01 -2.65565239e-01 -2.65565239e-01 -2.65565239e-01
 -2.65565239e-01 -2.65565239e-01 -2.65565239e-01 -2.65565239e-01
 -2.65565239e-01 -2.65565239e-01 -2.65565239e-01 -2.65565239e-01
 -2.65565239e-01 -2.65565239e-01 -2.65565239e-01 -2.65565239e-01
 -2.65565239e-01 -2.65565239e-01  2.91239615e+00 -2.65565239e-01
 -2.65565239e-01 -2.65565239e-01 -2.65565239e-01 -2.65565239e-01
  3.16497307e+00 -2.65565239e-01 -2.65565239e-01 -2.65565239e-01
 -2.65565239e-01 -2.65565239e-01 -2.65565239e-01 -2.65565239e-01
 -2.65565239e-01 -2.65565239e-01  3.42573970e+00 -2.65565239e-01
 -6.87978100e-02 -2.65565239e-01 -2.65565239e-01  4.98617900e+00
 -2.65565239e-01 -2.65565239e-01 -2.65565239e-01 -2.65565239e-01
 -2.65565239e-01 -2.65565239e-01 -2.65565239e-01 -2.65565239e-01
 -2.65565239e-01 -2.65565239e-01 -2.65565239e-01 -2.65565239e-01
 -2.65565239e-01 -2.65565239e-01 -2.65565239e-01 -2.65565239e-01
 -2.65565239e-01 -2.65565239e-01 -2.65565239e-01  2.60025524e+00
 -2.65565239e-01 -2.65565239e-01  7.02898516e-01 -2.65565239e-01
  3.41160837e+00 -2.65565239e-01 -2.65565239e-01 -2.65565239e-01
 -2.65565239e-01 -2.65565239e-01 -2.65565239e-01  3.33956346e+00
 -2.65565239e-01 -2.65565239e-01 -2.65565239e-01 -2.65565239e-01
 -2.65565239e-01 -2.65565239e-01 -2.65565239e-01 -2.65565239e-01
  1.72574913e+00 -2.65565239e-01 -2.65565239e-01 -2.65565239e-01
 -2.65565239e-01  2.19126820e+00 -2.65565239e-01  5.49461688e-01
  2.11585111e+00 -2.65565239e-01 -2.65565239e-01 -2.65565239e-01
  2.59002388e+00 -2.65565239e-01  7.42282019e-01 -2.65565239e-01
  4.35029097e+00 -2.65565239e-01  4.35901423e+00 -2.65565239e-01
 -2.65565239e-01 -2.65565239e-01 -2.65565239e-01  2.40613038e+00
 -2.65565239e-01 -2.65565239e-01 -2.65565239e-01  2.89098031e+00
 -2.65565239e-01 -2.65565239e-01 -2.65565239e-01  3.74930399e+00
  2.44264111e+00 -2.65565239e-01 -2.65565239e-01 -2.65565239e-01
  3.22160995e+00 -2.65565239e-01 -2.65565239e-01 -2.65565239e-01
 -2.65565239e-01 -2.65565239e-01 -2.65565239e-01 -2.65565239e-01
 -2.65565239e-01 -2.65565239e-01 -2.65565239e-01 -2.65565239e-01
 -2.65565239e-01 -2.65565239e-01 -2.65565239e-01 -2.65565239e-01
 -2.65565239e-01 -2.65565239e-01 -2.65565239e-01  5.09166943e+00
 -2.65565239e-01  3.16888072e+00 -2.65565239e-01  1.26587221e+00
 -2.65565239e-01 -2.65565239e-01 -2.65565239e-01 -2.65565239e-01
 -2.65565239e-01 -2.65565239e-01 -2.65565239e-01 -2.65565239e-01
 -2.65565239e-01 -2.65565239e-01 -2.65565239e-01 -2.65565239e-01
 -2.65565239e-01 -2.65565239e-01 -2.65565239e-01 -2.65565239e-01
 -2.65565239e-01 -2.65565239e-01 -2.65565239e-01 -2.65565239e-01
 -2.65565239e-01 -2.65565239e-01 -2.65565239e-01 -2.65565239e-01
 -2.65565239e-01 -2.65565239e-01 -2.65565239e-01 -2.65565239e-01
 -2.65565239e-01 -2.65565239e-01 -2.65565239e-01 -2.65565239e-01
 -2.65565239e-01 -2.65565239e-01 -2.65565239e-01 -2.65565239e-01
 -2.65565239e-01 -2.65565239e-01 -2.65565239e-01 -2.65565239e-01
 -2.65565239e-01 -2.65565239e-01 -2.65565239e-01 -2.65565239e-01
 -2.65565239e-01 -2.65565239e-01 -2.65565239e-01 -2.65565239e-01
 -2.65565239e-01 -2.65565239e-01 -2.65565239e-01 -2.65565239e-01
 -2.65565239e-01 -2.65565239e-01 -2.65565239e-01 -2.65565239e-01
 -2.65565239e-01 -2.65565239e-01 -2.65565239e-01 -2.65565239e-01
 -2.65565239e-01 -2.65565239e-01 -2.65565239e-01 -2.65565239e-01
 -2.65565239e-01 -2.65565239e-01 -2.65565239e-01 -2.65565239e-01
 -2.65565239e-01 -2.65565239e-01 -2.65565239e-01 -2.65565239e-01
 -2.65565239e-01 -2.65565239e-01 -2.65565239e-01 -2.65565239e-01
 -2.65565239e-01 -2.65565239e-01 -2.65565239e-01 -2.65565239e-01
 -2.65565239e-01 -2.65565239e-01 -2.65565239e-01 -2.65565239e-01
 -2.65565239e-01 -2.65565239e-01 -2.65565239e-01 -2.65565239e-01
 -2.65565239e-01 -2.65565239e-01 -2.65565239e-01 -2.65565239e-01
 -2.65565239e-01 -2.65565239e-01 -2.65565239e-01 -2.65565239e-01
 -2.65565239e-01 -2.65565239e-01 -2.65565239e-01 -2.65565239e-01
 -2.65565239e-01 -2.65565239e-01 -2.65565239e-01 -2.65565239e-01
 -2.65565239e-01 -2.65565239e-01 -2.65565239e-01 -2.65565239e-01
 -2.65565239e-01  5.72824718e+00 -2.65565239e-01 -2.65565239e-01
 -2.65565239e-01 -2.65565239e-01 -2.65565239e-01 -2.65565239e-01
 -2.65565239e-01  4.90942896e+00 -2.65565239e-01 -2.65565239e-01
 -2.65565239e-01 -2.65565239e-01 -2.65565239e-01 -2.65565239e-01
 -2.65565239e-01 -2.65565239e-01 -2.65565239e-01 -2.65565239e-01
 -2.65565239e-01 -2.65565239e-01 -2.65565239e-01 -2.65565239e-01
 -2.65565239e-01 -2.65565239e-01  1.22863890e+00 -2.65565239e-01
 -2.65565239e-01 -2.65565239e-01 -2.65565239e-01 -2.65565239e-01
 -2.65565239e-01 -2.65565239e-01 -2.65565239e-01 -2.65565239e-01
 -2.65565239e-01 -2.65565239e-01 -2.65565239e-01 -2.65565239e-01
  4.41307641e+00 -2.65565239e-01  3.90755055e+00 -2.65565239e-01
 -2.65565239e-01 -2.65565239e-01 -2.65565239e-01 -2.65565239e-01
  3.26296003e+00 -2.65565239e-01 -2.65565239e-01 -2.65565239e-01
 -2.65565239e-01 -2.65565239e-01 -2.65565239e-01 -2.65565239e-01
 -2.65565239e-01 -2.65565239e-01 -2.65565239e-01 -2.65565239e-01
 -2.65565239e-01 -2.65565239e-01 -2.65565239e-01  6.17675727e+00
  4.88676639e+00 -2.65565239e-01 -2.65565239e-01 -2.65565239e-01
 -2.65565239e-01 -2.65565239e-01 -2.65565239e-01 -2.65565239e-01
 -2.65565239e-01 -2.65565239e-01 -2.65565239e-01 -2.65565239e-01
 -2.65565239e-01 -2.65565239e-01 -2.65565239e-01 -2.65565239e-01
 -2.65565239e-01 -2.65565239e-01 -2.65565239e-01 -2.65565239e-01
 -2.65565239e-01 -2.65565239e-01 -2.65565239e-01 -2.65565239e-01
 -2.65565239e-01 -2.65565239e-01 -2.65565239e-01 -2.65565239e-01
 -2.65565239e-01 -2.65565239e-01 -2.65565239e-01 -2.65565239e-01]",[0.06726795212321687]
7,"[-0.15798776 -0.15798776 -0.15798776 -0.15798776 -0.15798776 -0.15798776
 -0.15798776 -0.15798776 -0.15798776 -0.15798776 -0.15798776 -0.15798776
 -0.15798776 -0.15798776 -0.15798776 -0.15798776 -0.15798776 -0.15798776
  1.83179279 -0.15798776 -0.15798776  1.74411227 -0.15798776 -0.15798776
 -0.15798776 -0.15798776 -0.15798776 -0.15798776 -0.15798776 -0.15798776
 -0.15798776 -0.15798776 -0.15798776 -0.15798776 -0.15798776 -0.15798776
 -0.15798776 -0.15798776 -0.15798776 -0.15798776 -0.15798776 -0.15798776
 -0.15798776 -0.15798776 -0.15798776 -0.15798776 -0.15798776 -0.15798776
 -0.15798776 -0.15798776 -0.15798776 -0.15798776 -0.15798776 -0.15798776
 -0.15798776 -0.15798776 -0.15798776 -0.15798776 -0.15798776 -0.15798776
 -0.15798776 -0.15798776 -0.15798776 -0.15798776 -0.15798776 -0.15798776
 -0.15798776 -0.15798776 -0.15798776 -0.15798776 -0.15798776 -0.15798776
 -0.15798776 -0.15798776 -0.15798776 -0.15798776 -0.15798776 -0.15798776
 -0.15798776 -0.15798776 -0.15798776 -0.15798776 -0.15798776  9.20674054
 -0.15798776 -0.15798776 -0.15798776 -0.15798776 -0.15798776 -0.15798776
 -0.15798776 -0.15798776 -0.15798776 -0.15798776 -0.15798776 -0.15798776
 -0.15798776 -0.15798776 -0.15798776 -0.15798776 -0.15798776 -0.15798776
 -0.15798776 -0.15798776 -0.15798776 -0.15798776 -0.15798776 -0.15798776
 -0.15798776 -0.15798776  9.03117951 -0.15798776 -0.15798776 -0.15798776
 -0.15798776 -0.15798776 -0.15798776 -0.15798776 -0.15798776 -0.15798776
 -0.15798776 -0.15798776 -0.15798776 -0.15798776 -0.15798776 -0.15798776
 -0.15798776 -0.15798776 -0.15798776 -0.15798776 -0.15798776 -0.15798776
 -0.15798776 -0.15798776 -0.15798776 -0.15798776 -0.15798776 -0.15798776
 -0.15798776 -0.15798776 -0.15798776 -0.15798776 -0.15798776 -0.15798776
 -0.15798776 -0.15798776 -0.15798776 -0.15798776 -0.15798776 -0.15798776
 -0.15798776 -0.15798776 -0.15798776 -0.15798776 -0.15798776 -0.15798776
 -0.15798776 -0.15798776 -0.15798776 -0.15798776 -0.15798776 -0.15798776
 -0.15798776  0.70988863 -0.15798776 -0.15798776 -0.15798776 -0.15798776
 -0.15798776 -0.15798776 -0.15798776 -0.15798776 -0.15798776 -0.15798776
 -0.15798776 -0.15798776 -0.15798776 -0.15798776 -0.15798776 -0.15798776
 -0.15798776 -0.15798776 -0.15798776 -0.15798776 -0.15798776 -0.15798776
 -0.15798776 -0.15798776 -0.15798776 -0.15798776 -0.15798776 -0.15798776
 -0.15798776 -0.15798776  3.43855303 -0.15798776 -0.15798776 -0.15798776
 -0.15798776 -0.15798776 -0.15798776 -0.15798776 -0.15798776 -0.15798776
 -0.15798776 -0.15798776 -0.15798776 -0.15798776 -0.15798776 -0.15798776
  2.82887471 -0.15798776 -0.15798776 -0.15798776 -0.15798776  5.50305925
 -0.15798776 -0.15798776 -0.15798776 -0.15798776 -0.15798776 -0.15798776
 -0.15798776 -0.15798776 -0.15798776 -0.15798776 -0.15798776 -0.15798776
 -0.15798776 -0.15798776 -0.15798776 -0.15798776 -0.15798776 -0.15798776
 -0.15798776  3.08190299 -0.15798776 -0.15798776 -0.15798776 -0.15798776
  2.28111252 -0.15798776 -0.15798776 -0.15798776 -0.15798776 -0.15798776
 -0.15798776 -0.15798776 -0.15798776 -0.15798776 -0.15798776 -0.15798776
 -0.15798776 -0.15798776 -0.15798776 -0.15798776 -0.15798776 -0.15798776
 -0.15798776 -0.15798776 -0.15798776  6.37583578 -0.15798776 -0.15798776
 -0.15798776 -0.15798776 -0.15798776 -0.15798776 -0.15798776 -0.15798776
  1.13394711 -0.15798776  0.22067197 -0.15798776  4.71384028 -0.15798776
 -0.15798776 -0.15798776 -0.15798776 -0.15798776 -0.15798776 -0.15798776
 -0.15798776 -0.15798776 -0.15798776 -0.15798776 -0.15798776 -0.15798776
 -0.15798776 -0.15798776 -0.15798776 -0.15798776 -0.15798776 -0.15798776
 -0.15798776 -0.15798776 -0.15798776 -0.15798776 -0.15798776 -0.15798776
 -0.15798776 -0.15798776 -0.15798776 -0.15798776 -0.15798776 -0.15798776
 -0.15798776 -0.15798776 -0.15798776 -0.15798776 -0.15798776  7.28610562
 -0.15798776 -0.15798776 -0.15798776 -0.15798776 -0.15798776 -0.15798776
 -0.15798776 -0.15798776 -0.15798776 -0.15798776 -0.15798776 -0.15798776
 -0.15798776 -0.15798776 -0.15798776 -0.15798776 -0.15798776 -0.15798776
 -0.15798776 -0.15798776 -0.15798776 -0.15798776 -0.15798776 -0.15798776
 -0.15798776 -0.15798776 -0.15798776 -0.15798776 -0.15798776 -0.15798776
 -0.15798776 -0.15798776 -0.15798776 -0.15798776 -0.15798776 -0.15798776
 -0.15798776 -0.15798776 -0.15798776 -0.15798776 -0.15798776 -0.15798776
 -0.15798776 -0.15798776 -0.15798776 -0.15798776 -0.15798776 -0.15798776
 -0.15798776 -0.15798776 -0.15798776 -0.15798776 -0.15798776 -0.15798776
 -0.15798776 -0.15798776 -0.15798776 -0.15798776 -0.15798776 -0.15798776
 -0.15798776 -0.15798776 -0.15798776 -0.15798776 -0.15798776 -0.15798776
 -0.15798776 -0.15798776 -0.15798776 -0.15798776 -0.15798776 -0.15798776
 -0.15798776 -0.15798776 -0.15798776 -0.15798776 -0.15798776 -0.15798776
 -0.15798776 -0.15798776 -0.15798776 -0.15798776 -0.15798776 -0.15798776
 -0.15798776 -0.15798776 -0.15798776 -0.15798776 -0.15798776 -0.15798776
 -0.15798776 -0.15798776 -0.15798776 -0.15798776 -0.15798776 -0.15798776
 -0.15798776 -0.15798776 -0.15798776 -0.15798776 -0.15798776 -0.15798776
 -0.15798776 -0.15798776 -0.15798776 -0.15798776 -0.15798776 -0.15798776
 -0.15798776 -0.15798776 -0.15798776 -0.15798776 -0.15798776 -0.15798776
 -0.15798776 -0.15798776 -0.15798776 -0.15798776 -0.15798776 -0.15798776
 -0.15798776 -0.15798776 -0.15798776 -0.15798776 -0.15798776 -0.15798776
 -0.15798776 -0.15798776 -0.15798776 -0.15798776 -0.15798776 -0.15798776
 -0.15798776 -0.15798776 -0.15798776 -0.15798776 -0.15798776 -0.15798776
 -0.15798776 -0.15798776 -0.15798776 -0.15798776 -0.15798776 -0.15798776
 -0.15798776 -0.15798776 -0.15798776 -0.15798776 -0.15798776 -0.15798776
 -0.15798776 -0.15798776  7.64761924 -0.15798776 -0.15798776 -0.15798776
  9.16371974 -0.15798776 -0.15798776 -0.15798776 -0.15798776 -0.15798776
 -0.15798776 -0.15798776 -0.15798776 -0.15798776 -0.15798776 -0.15798776
 -0.15798776 -0.15798776 -0.15798776 -0.15798776 -0.15798776 -0.15798776
 -0.15798776  3.11089789 -0.15798776 -0.15798776 -0.15798776 -0.15798776
 -0.15798776 -0.15798776 -0.15798776 -0.15798776 -0.15798776 -0.15798776
 -0.15798776 -0.15798776 -0.15798776 -0.15798776 -0.15798776 -0.15798776
 -0.15798776 -0.15798776 -0.15798776 -0.15798776 -0.15798776 -0.15798776
 -0.15798776 -0.15798776 -0.15798776 -0.15798776 -0.15798776 -0.15798776
 -0.15798776 -0.15798776 -0.15798776 -0.15798776]",[0.015483762153917224]
7,"[-0.13675703 -0.13675703 -0.13675703 -0.13675703 -0.13675703 -0.13675703
 -0.13675703 -0.13675703 -0.13675703 -0.13675703 -0.13675703 -0.13675703
 -0.13675703 -0.13675703 -0.13675703 -0.13675703 -0.13675703 -0.13675703
 -0.13675703 -0.13675703 -0.13675703 -0.13675703 -0.13675703 -0.13675703
 -0.13675703 -0.13675703 -0.13675703 -0.13675703 -0.13675703 -0.13675703
 -0.13675703 -0.13675703 -0.13675703 -0.13675703 -0.13675703 -0.13675703
 -0.13675703 -0.13675703 -0.13675703 -0.13675703 -0.13675703 -0.13675703
 -0.13675703 -0.13675703 -0.13675703 -0.13675703 -0.13675703 -0.13675703
 -0.13675703 -0.13675703 -0.13675703 -0.13675703 -0.13675703 -0.13675703
 -0.13675703 -0.13675703 -0.13675703 -0.13675703 -0.13675703 -0.13675703
 -0.13675703 -0.13675703 -0.13675703 -0.13675703 -0.13675703 -0.13675703
 -0.13675703 -0.13675703 -0.13675703 -0.13675703 -0.13675703 -0.13675703
 -0.13675703 -0.13675703 -0.13675703 -0.13675703 -0.13675703 -0.13675703
 -0.13675703 -0.13675703 -0.13675703 -0.13675703 -0.13675703 11.91221279
 -0.13675703 -0.13675703 -0.13675703 -0.13675703 -0.13675703 -0.13675703
 -0.13675703 -0.13675703 -0.13675703 -0.13675703 -0.13675703 -0.13675703
 -0.13675703 -0.13675703 -0.13675703 -0.13675703 -0.13675703 -0.13675703
 -0.13675703 -0.13675703 -0.13675703 -0.13675703 -0.13675703 -0.13675703
 -0.13675703 -0.13675703 -0.13675703 -0.13675703 -0.13675703 -0.13675703
 -0.13675703 -0.13675703 -0.13675703 -0.13675703 -0.13675703 -0.13675703
 -0.13675703 -0.13675703 -0.13675703 -0.13675703 -0.13675703 -0.13675703
 -0.13675703 -0.13675703 -0.13675703 -0.13675703 -0.13675703 -0.13675703
 -0.13675703 -0.13675703 -0.13675703 -0.13675703 -0.13675703 -0.13675703
 -0.13675703 -0.13675703 -0.13675703 -0.13675703 -0.13675703 -0.13675703
 -0.13675703 -0.13675703 -0.13675703 -0.13675703 -0.13675703 -0.13675703
 -0.13675703 -0.13675703 -0.13675703 -0.13675703 -0.13675703 -0.13675703
 -0.13675703 -0.13675703 -0.13675703 -0.13675703 -0.13675703 -0.13675703
 -0.13675703 -0.13675703 -0.13675703 -0.13675703 -0.13675703 -0.13675703
 -0.13675703 -0.13675703 -0.13675703 -0.13675703 -0.13675703 -0.13675703
 -0.13675703 -0.13675703 -0.13675703 -0.13675703 -0.13675703 -0.13675703
 -0.13675703 -0.13675703 -0.13675703 -0.13675703 -0.13675703 -0.13675703
 -0.13675703 -0.13675703 -0.13675703 -0.13675703 -0.13675703 -0.13675703
 -0.13675703 -0.13675703 -0.13675703 -0.13675703 -0.13675703 -0.13675703
 -0.13675703 -0.13675703  2.50881039 -0.13675703 -0.13675703 -0.13675703
 -0.13675703 -0.13675703 -0.13675703 -0.13675703 -0.13675703 -0.13675703
  1.38955098 -0.13675703 -0.13675703 -0.13675703 -0.13675703  7.17774243
 -0.13675703 -0.13675703 -0.13675703 -0.13675703 -0.13675703 -0.13675703
 -0.13675703 -0.13675703 -0.13675703 -0.13675703 -0.13675703 -0.13675703
 -0.13675703 -0.13675703 -0.13675703 -0.13675703 -0.13675703 -0.13675703
 -0.13675703  3.67282951 -0.13675703  1.76864656 -0.13675703 -0.13675703
  6.50384826  0.62612142 -0.13675703 -0.13675703 -0.13675703 -0.13675703
 -0.13675703 -0.13675703 -0.13675703 -0.13675703 -0.13675703 -0.13675703
 -0.13675703 -0.13675703 -0.13675703 -0.13675703 -0.13675703 -0.13675703
 -0.13675703 -0.13675703 -0.13675703 -0.13675703 -0.13675703 -0.13675703
 -0.13675703 -0.13675703 -0.13675703 -0.13675703 -0.13675703 -0.13675703
 -0.13675703 -0.13675703 -0.13675703 -0.13675703  4.40536206 -0.13675703
 -0.13675703 -0.13675703 -0.13675703 -0.13675703 -0.13675703 -0.13675703
 -0.13675703 -0.13675703 -0.13675703 -0.13675703 -0.13675703 10.31633853
 -0.13675703 -0.13675703 -0.13675703 -0.13675703 -0.13675703 -0.13675703
 -0.13675703 -0.13675703 -0.13675703 -0.13675703 -0.13675703 -0.13675703
 -0.13675703 -0.13675703 -0.13675703 -0.13675703 -0.13675703 -0.13675703
 -0.13675703 -0.13675703 -0.13675703 -0.13675703 -0.13675703  5.22848773
 -0.13675703 -0.13675703 -0.13675703 -0.13675703 -0.13675703 -0.13675703
 -0.13675703 -0.13675703 -0.13675703 -0.13675703 -0.13675703 -0.13675703
 -0.13675703 -0.13675703 -0.13675703 -0.13675703 -0.13675703 -0.13675703
 -0.13675703 -0.13675703 -0.13675703 -0.13675703 -0.13675703 -0.13675703
 -0.13675703 -0.13675703 -0.13675703 -0.13675703 -0.13675703 -0.13675703
 -0.13675703 -0.13675703 -0.13675703 -0.13675703 -0.13675703 -0.13675703
 -0.13675703 -0.13675703 -0.13675703 -0.13675703 -0.13675703 -0.13675703
 -0.13675703 -0.13675703 -0.13675703 -0.13675703 -0.13675703 -0.13675703
 -0.13675703 -0.13675703 -0.13675703 -0.13675703 -0.13675703 -0.13675703
 -0.13675703 -0.13675703 -0.13675703 -0.13675703 -0.13675703 -0.13675703
 -0.13675703 -0.13675703 -0.13675703 -0.13675703 -0.13675703 -0.13675703
 -0.13675703 -0.13675703 -0.13675703 -0.13675703 -0.13675703 -0.13675703
 -0.13675703 -0.13675703 -0.13675703 -0.13675703 -0.13675703 -0.13675703
 -0.13675703 -0.13675703 -0.13675703 -0.13675703 -0.13675703 -0.13675703
 -0.13675703 -0.13675703 -0.13675703 -0.13675703 -0.13675703 -0.13675703
 -0.13675703 -0.13675703 -0.13675703 -0.13675703 -0.13675703 -0.13675703
 -0.13675703 -0.13675703 -0.13675703 -0.13675703 -0.13675703 -0.13675703
 -0.13675703 -0.13675703 -0.13675703 -0.13675703 -0.13675703 -0.13675703
 -0.13675703 -0.13675703 -0.13675703 -0.13675703 -0.13675703 -0.13675703
 -0.13675703 -0.13675703 -0.13675703 -0.13675703 -0.13675703 -0.13675703
 -0.13675703 -0.13675703 -0.13675703 -0.13675703 -0.13675703 -0.13675703
 -0.13675703 -0.13675703 -0.13675703 -0.13675703 -0.13675703 -0.13675703
 -0.13675703 -0.13675703 -0.13675703 -0.13675703 -0.13675703 -0.13675703
 -0.13675703 -0.13675703 -0.13675703 -0.13675703 -0.13675703 -0.13675703
 -0.13675703 -0.13675703 -0.13675703 -0.13675703 -0.13675703 -0.13675703
 -0.13675703 -0.13675703  7.550811   -0.13675703 -0.13675703 -0.13675703
  6.27505493 -0.13675703 -0.13675703 -0.13675703 -0.13675703 -0.13675703
 -0.13675703 -0.13675703 -0.13675703 -0.13675703 -0.13675703 -0.13675703
 -0.13675703 -0.13675703 -0.13675703 -0.13675703 -0.13675703 -0.13675703
 -0.13675703 -0.13675703 -0.13675703 -0.13675703 -0.13675703 -0.13675703
 -0.13675703 -0.13675703 -0.13675703 -0.13675703 -0.13675703 -0.13675703
 -0.13675703 -0.13675703 -0.13675703 -0.13675703 -0.13675703 -0.13675703
 -0.13675703 -0.13675703 -0.13675703 -0.13675703 -0.13675703 -0.13675703
 -0.13675703 -0.13675703 -0.13675703 -0.13675703 -0.13675703 -0.13675703
 -0.13675703 -0.13675703 -0.13675703 -0.13675703]",[-0.07296963779052004]
7,"[-0.13963169 -0.13963169 -0.13963169 -0.13963169 -0.13963169 -0.13963169
 -0.13963169 -0.13963169 -0.13963169 -0.13963169 -0.13963169 -0.13963169
 -0.13963169 -0.13963169 -0.13963169 -0.13963169 -0.13963169 -0.13963169
 -0.13963169 -0.13963169 -0.13963169 -0.13963169 -0.13963169 -0.13963169
 -0.13963169 -0.13963169 -0.13963169 -0.13963169 -0.13963169 -0.13963169
 -0.13963169 -0.13963169 -0.13963169 -0.13963169 -0.13963169 -0.13963169
 -0.13963169 -0.13963169 -0.13963169 -0.13963169 -0.13963169 -0.13963169
 -0.13963169 -0.13963169 -0.13963169 -0.13963169 -0.13963169 -0.13963169
 -0.13963169 -0.13963169 -0.13963169 -0.13963169 -0.13963169 -0.13963169
 -0.13963169 -0.13963169 -0.13963169 -0.13963169 -0.13963169 -0.13963169
 -0.13963169 -0.13963169 -0.13963169 -0.13963169 -0.13963169 -0.13963169
 -0.13963169 -0.13963169 -0.13963169 -0.13963169 -0.13963169 -0.13963169
 -0.13963169 -0.13963169 -0.13963169 -0.13963169 -0.13963169 -0.13963169
 -0.13963169 -0.13963169 -0.13963169 -0.13963169 -0.13963169  4.36360837
 -0.13963169 -0.13963169 -0.13963169 -0.13963169 -0.13963169 -0.13963169
 -0.13963169 -0.13963169 -0.13963169 -0.13963169 -0.13963169 -0.13963169
 -0.13963169 -0.13963169 -0.13963169 -0.13963169 -0.13963169 -0.13963169
 -0.13963169 -0.13963169 -0.13963169 -0.13963169 -0.13963169 -0.13963169
 -0.13963169 -0.13963169  1.66599846 -0.13963169 -0.13963169 -0.13963169
 -0.13963169 -0.13963169 -0.13963169 -0.13963169 -0.13963169 -0.13963169
 -0.13963169 -0.13963169 -0.13963169 -0.13963169 -0.13963169 -0.13963169
 -0.13963169 -0.13963169 -0.13963169 -0.13963169 -0.13963169 -0.13963169
 -0.13963169 -0.13963169 -0.13963169 -0.13963169 -0.13963169 -0.13963169
 -0.13963169 -0.13963169 -0.13963169 -0.13963169 -0.13963169 -0.13963169
 -0.13963169 -0.13963169 -0.13963169 -0.13963169 -0.13963169 -0.13963169
 -0.13963169 -0.13963169 -0.13963169 -0.13963169 -0.13963169 -0.13963169
 -0.13963169 -0.13963169 -0.13963169 -0.13963169 -0.13963169 -0.13963169
 -0.13963169 -0.13963169 -0.13963169 -0.13963169 -0.13963169 -0.13963169
 -0.13963169 -0.13963169 -0.13963169 -0.13963169 -0.13963169  3.26993366
 -0.13963169 -0.13963169 -0.13963169 -0.13963169 -0.13963169  8.71761995
 -0.13963169 -0.13963169 -0.13963169 -0.13963169 -0.13963169 -0.13963169
  8.43084189 -0.13963169 -0.13963169 -0.13963169 -0.13963169 -0.13963169
 -0.13963169 -0.13963169 -0.13963169 -0.13963169 -0.13963169 -0.13963169
 -0.13963169 -0.13963169 -0.13963169 -0.13963169 -0.13963169 -0.13963169
 -0.13963169 -0.13963169 -0.13963169 -0.13963169 -0.13963169 -0.13963169
  4.93035981 -0.13963169 -0.13963169 -0.13963169 -0.13963169  9.66622122
 -0.13963169 -0.13963169 -0.13963169 -0.13963169 -0.13963169 -0.13963169
 -0.13963169 -0.13963169 -0.13963169 -0.13963169 -0.13963169 -0.13963169
 -0.13963169 -0.13963169 -0.13963169 -0.13963169 -0.13963169 -0.13963169
 -0.13963169 -0.0146983  -0.13963169 -0.13963169 -0.13963169 -0.13963169
 10.09727007 -0.13963169 -0.13963169 -0.13963169 -0.13963169 -0.13963169
 -0.13963169 -0.13963169 -0.13963169 -0.13963169 -0.13963169 -0.13963169
 -0.13963169 -0.13963169 -0.13963169 -0.13963169 -0.13963169 -0.13963169
 -0.13963169 -0.13963169 -0.13963169 -0.13963169 -0.13963169 -0.13963169
 -0.13963169 -0.13963169 -0.13963169 -0.13963169 -0.13963169 -0.13963169
 -0.13963169 -0.13963169 -0.13963169 -0.13963169 -0.13963169 -0.13963169
 -0.13963169 -0.13963169 -0.13963169 -0.13963169 -0.13963169 -0.13963169
 -0.13963169 -0.13963169 -0.13963169 -0.13963169 -0.13963169  1.65076527
 -0.13963169 -0.13963169 -0.13963169 -0.13963169 -0.13963169 -0.13963169
 -0.13963169 -0.13963169 -0.13963169 -0.13963169 -0.13963169 -0.13963169
 -0.13963169 -0.13963169 -0.13963169 -0.13963169 -0.13963169 -0.13963169
 -0.13963169 -0.13963169 -0.13963169 -0.13963169 -0.13963169  1.22411504
 -0.13963169 -0.13963169 -0.13963169 -0.13963169 -0.13963169 -0.13963169
 -0.13963169 -0.13963169 -0.13963169 -0.13963169 -0.13963169 -0.13963169
 -0.13963169 -0.13963169 -0.13963169 -0.13963169 -0.13963169 -0.13963169
 -0.13963169 -0.13963169 -0.13963169 -0.13963169 -0.13963169 -0.13963169
 -0.13963169 -0.13963169 -0.13963169 -0.13963169 -0.13963169 -0.13963169
 -0.13963169 -0.13963169 -0.13963169 -0.13963169 -0.13963169 -0.13963169
 -0.13963169 -0.13963169 -0.13963169 -0.13963169 -0.13963169 -0.13963169
 -0.13963169 -0.13963169 -0.13963169 -0.13963169 -0.13963169 -0.13963169
 -0.13963169 -0.13963169 -0.13963169 -0.13963169 -0.13963169 -0.13963169
 -0.13963169 -0.13963169 -0.13963169 -0.13963169 -0.13963169 -0.13963169
 -0.13963169 -0.13963169 -0.13963169 -0.13963169 -0.13963169 -0.13963169
 -0.13963169 -0.13963169 -0.13963169 -0.13963169 -0.13963169 -0.13963169
 -0.13963169 -0.13963169 -0.13963169 -0.13963169 -0.13963169 -0.13963169
 -0.13963169 -0.13963169 -0.13963169 -0.13963169 -0.13963169 -0.13963169
 -0.13963169 -0.13963169 -0.13963169 -0.13963169 -0.13963169 -0.13963169
 -0.13963169 -0.13963169 -0.13963169 -0.13963169 -0.13963169 -0.13963169
 -0.13963169 -0.13963169 -0.13963169 -0.13963169 -0.13963169 -0.13963169
 -0.13963169 -0.13963169 -0.13963169 -0.13963169 -0.13963169 -0.13963169
 -0.13963169 -0.13963169 -0.13963169 -0.13963169 -0.13963169 -0.13963169
 -0.13963169 -0.13963169 -0.13963169 -0.13963169 -0.13963169 -0.13963169
 -0.13963169 -0.13963169 -0.13963169 -0.13963169 -0.13963169 -0.13963169
 -0.13963169 -0.13963169 -0.13963169 -0.13963169 -0.13963169 -0.13963169
 -0.13963169 -0.13963169 -0.13963169 -0.13963169 -0.13963169 -0.13963169
 -0.13963169 -0.13963169 -0.13963169 -0.13963169 -0.13963169 -0.13963169
 -0.13963169 -0.13963169 -0.13963169 -0.13963169 -0.13963169 -0.13963169
 -0.13963169 -0.13963169  2.69011025 -0.13963169 -0.13963169 -0.13963169
  5.99882812 -0.13963169 -0.13963169 -0.13963169 -0.13963169 -0.13963169
 -0.13963169 -0.13963169 -0.13963169 -0.13963169 -0.13963169 -0.13963169
 -0.13963169 -0.13963169 -0.13963169 -0.13963169 -0.13963169 -0.13963169
 -0.13963169  7.96265982 -0.13963169 -0.13963169 -0.13963169 -0.13963169
 -0.13963169 -0.13963169 -0.13963169 -0.13963169 -0.13963169 -0.13963169
 -0.13963169 -0.13963169 -0.13963169 -0.13963169 -0.13963169 -0.13963169
 -0.13963169 -0.13963169 -0.13963169 -0.13963169 -0.13963169 -0.13963169
 -0.13963169 -0.13963169 -0.13963169 -0.13963169 -0.13963169 -0.13963169
 -0.13963169 -0.13963169 -0.13963169 -0.13963169]",[-0.036837558332542264]
7,"[-0.16110121 -0.16110121 -0.16110121 -0.16110121 -0.02224117 -0.16110121
 -0.16110121 -0.16110121 -0.16110121 -0.16110121 -0.16110121 -0.16110121
 -0.16110121 -0.16110121 -0.16110121 -0.16110121 -0.16110121 -0.16110121
 -0.16110121 -0.16110121 -0.16110121 -0.16110121 -0.16110121 -0.16110121
 -0.16110121 -0.16110121 -0.16110121  1.76258014 -0.16110121 -0.16110121
 -0.16110121 -0.16110121 -0.16110121 -0.16110121 -0.16110121 -0.16110121
 -0.16110121 -0.16110121 -0.16110121 -0.16110121 -0.16110121 -0.16110121
 -0.16110121 -0.16110121 -0.16110121 -0.16110121 -0.16110121 -0.16110121
 -0.16110121 -0.16110121 -0.16110121 -0.16110121 -0.16110121 -0.16110121
 -0.16110121 -0.16110121 -0.16110121 -0.16110121  1.85172464 -0.16110121
 -0.16110121 -0.16110121 -0.16110121 -0.16110121 -0.16110121 -0.16110121
 -0.16110121 -0.16110121 -0.16110121 -0.16110121 -0.16110121 -0.16110121
 -0.16110121 -0.16110121 -0.16110121 -0.16110121 -0.16110121 -0.16110121
 -0.16110121 -0.16110121 -0.16110121 -0.16110121 -0.16110121  8.30961
 -0.16110121  4.79241515 -0.16110121 -0.16110121 -0.16110121 -0.16110121
 -0.16110121 -0.16110121 -0.16110121 -0.16110121  2.8607474  -0.16110121
 -0.16110121 -0.16110121 -0.16110121 -0.16110121 -0.16110121 -0.16110121
 -0.16110121 -0.16110121 -0.16110121 -0.16110121 -0.16110121 -0.16110121
 -0.16110121 -0.16110121  6.26134948 -0.16110121 -0.16110121 -0.16110121
 -0.16110121 -0.16110121  0.56055029 -0.16110121 -0.16110121 -0.16110121
 -0.16110121 -0.16110121 -0.16110121 -0.16110121 -0.16110121 -0.16110121
 -0.16110121 -0.16110121 -0.16110121 -0.16110121 -0.16110121 -0.16110121
 -0.16110121 -0.16110121 -0.16110121 -0.16110121 -0.16110121 -0.16110121
 -0.16110121 -0.16110121 -0.16110121 -0.16110121 -0.16110121 -0.16110121
 -0.16110121 -0.16110121 -0.16110121 -0.16110121 -0.16110121 -0.16110121
 -0.16110121 -0.16110121 -0.16110121 -0.16110121 -0.16110121 -0.16110121
 -0.16110121 -0.16110121 -0.16110121 -0.16110121 -0.16110121 -0.16110121
 -0.16110121 -0.16110121 -0.16110121 -0.16110121 -0.16110121 -0.16110121
 -0.16110121 -0.16110121 -0.16110121 -0.16110121 -0.16110121 -0.16110121
 -0.16110121 -0.16110121 -0.16110121 -0.16110121 -0.16110121 -0.16110121
 -0.16110121 -0.16110121 -0.16110121 -0.16110121 -0.16110121 -0.16110121
  4.37946633 -0.16110121 -0.16110121 -0.16110121 -0.16110121 -0.16110121
 -0.16110121 -0.16110121 -0.16110121 -0.16110121 -0.16110121 -0.16110121
 -0.16110121 -0.16110121  5.23459615 -0.16110121 -0.16110121  0.42723472
 -0.16110121 -0.16110121 -0.16110121 -0.16110121 -0.16110121 -0.16110121
  5.76297832 -0.16110121 -0.16110121 -0.16110121 -0.16110121  2.1485391
 -0.16110121 -0.16110121 -0.16110121 -0.16110121 -0.16110121 -0.16110121
 -0.16110121 -0.16110121 -0.16110121 -0.16110121 -0.16110121 -0.16110121
 -0.16110121 -0.16110121 -0.16110121 -0.16110121 -0.16110121 -0.16110121
 -0.16110121  1.59212884 -0.16110121 -0.16110121 -0.16110121 -0.16110121
 -0.16110121  3.19134739 -0.16110121 -0.16110121 -0.16110121 -0.16110121
 -0.16110121 -0.16110121 -0.16110121 -0.16110121 -0.16110121 -0.16110121
 -0.16110121 -0.16110121 -0.16110121 -0.16110121 -0.16110121 -0.16110121
 -0.16110121 -0.16110121 -0.16110121 -0.16110121 -0.16110121 -0.16110121
 -0.16110121 -0.16110121 -0.16110121 -0.16110121 -0.16110121 -0.16110121
 -0.16110121 -0.16110121 -0.16110121 -0.16110121 -0.16110121 -0.16110121
 -0.16110121 -0.16110121 -0.16110121 -0.16110121 -0.16110121 -0.16110121
 -0.16110121 -0.16110121 -0.16110121 -0.16110121 -0.16110121 -0.16110121
 -0.16110121 -0.16110121 -0.16110121 -0.16110121 -0.16110121 -0.16110121
 -0.16110121 -0.16110121 -0.16110121 -0.16110121 -0.16110121 -0.16110121
 -0.16110121 -0.16110121 -0.16110121 -0.16110121 -0.16110121 -0.16110121
  7.63112842 -0.16110121 -0.16110121 -0.16110121 -0.16110121  2.55237612
 -0.16110121 -0.16110121 -0.16110121 -0.16110121 -0.16110121 -0.16110121
 -0.16110121 -0.16110121 -0.16110121 -0.16110121 -0.16110121 -0.16110121
 -0.16110121 -0.16110121 -0.16110121 -0.16110121 -0.16110121 -0.16110121
 -0.16110121 -0.16110121 -0.16110121 -0.16110121 -0.16110121 -0.16110121
 -0.16110121 -0.16110121 -0.16110121 -0.16110121 -0.16110121 -0.16110121
 -0.16110121 -0.16110121 -0.16110121 -0.16110121 -0.16110121 -0.16110121
 -0.16110121 -0.16110121 -0.16110121 -0.16110121 -0.16110121 -0.16110121
 -0.16110121 -0.16110121 -0.16110121 -0.16110121 -0.16110121 -0.16110121
 -0.16110121 -0.16110121 -0.16110121 -0.16110121 -0.16110121 -0.16110121
 -0.16110121 -0.16110121 -0.16110121 -0.16110121 -0.16110121 -0.16110121
 -0.16110121 -0.16110121 -0.16110121 -0.16110121 -0.16110121 -0.16110121
 -0.16110121 -0.16110121 -0.16110121 -0.16110121 -0.16110121 -0.16110121
 -0.16110121 -0.16110121 -0.16110121 -0.16110121 -0.16110121 -0.16110121
 -0.16110121 -0.16110121 -0.16110121 -0.16110121 -0.16110121 -0.16110121
 -0.16110121 -0.16110121 -0.16110121 -0.16110121 -0.16110121 -0.16110121
 -0.16110121 -0.16110121 -0.16110121 -0.16110121 -0.16110121 -0.16110121
 -0.16110121 -0.16110121 -0.16110121 -0.16110121 -0.16110121 -0.16110121
 -0.16110121 -0.16110121 -0.16110121 -0.16110121 -0.16110121 -0.16110121
 -0.16110121 -0.16110121 -0.16110121 -0.16110121 -0.16110121 -0.16110121
 -0.16110121 -0.16110121 -0.16110121 -0.16110121 -0.16110121 -0.16110121
 -0.16110121 -0.16110121 -0.16110121 -0.16110121 -0.16110121 -0.16110121
 -0.16110121 -0.16110121 -0.16110121 -0.16110121 -0.16110121 -0.16110121
 -0.16110121 -0.16110121 -0.16110121 -0.16110121 -0.16110121 -0.16110121
 -0.16110121 -0.16110121 -0.16110121 -0.16110121 -0.16110121 -0.16110121
 -0.16110121 -0.16110121 -0.16110121 -0.16110121 -0.16110121 -0.16110121
 -0.16110121 -0.16110121  7.07332084 -0.16110121 -0.16110121 -0.16110121
 11.99594651 -0.16110121 -0.16110121 -0.16110121 -0.16110121 -0.16110121
 -0.16110121 -0.16110121 -0.16110121 -0.16110121 -0.16110121 -0.16110121
 -0.16110121 -0.16110121 -0.16110121 -0.16110121 -0.16110121 -0.16110121
 -0.16110121 -0.16110121 -0.16110121 -0.16110121 -0.16110121 -0.16110121
 -0.16110121 -0.16110121 -0.16110121 -0.16110121 -0.16110121  2.18480508
 -0.16110121 -0.16110121 -0.16110121 -0.16110121 -0.16110121 -0.16110121
 -0.16110121 -0.16110121 -0.16110121 -0.16110121 -0.16110121 -0.16110121
 -0.16110121 -0.16110121 -0.16110121 -0.16110121 -0.16110121 -0.16110121
 -0.16110121 -0.16110121 -0.16110121 -0.16110121]",[0.0018480020657091478]
7,"[-0.22821692 -0.22821692 -0.22821692 -0.22821692  0.39399438 -0.22821692
 -0.22821692 -0.22821692 -0.22821692 -0.22821692 -0.22821692 -0.22821692
 -0.22821692 -0.22821692 -0.22821692 -0.22821692 -0.22821692 -0.22821692
  0.83287216 -0.22821692 -0.22821692  1.59471665 -0.22821692 -0.22821692
 -0.22821692 -0.22821692 -0.22821692 -0.22821692 -0.22821692 -0.22821692
 -0.22821692 -0.22821692 -0.22821692 -0.22821692 -0.22821692 -0.22821692
 -0.22821692 -0.22821692 -0.22821692 -0.22821692 -0.22821692 -0.22821692
 -0.22821692 -0.22821692 -0.22821692 -0.22821692 -0.22821692 -0.22821692
 -0.22821692 -0.22821692 -0.22821692 -0.22821692 -0.22821692 -0.22821692
 -0.22821692 -0.22821692 -0.22821692 -0.22821692 -0.22821692 -0.22821692
 -0.22821692 -0.22821692 -0.22821692 -0.22821692 -0.22821692 -0.22821692
 -0.22821692 -0.22821692 -0.22821692 -0.22821692 -0.22821692 -0.22821692
 -0.22821692 -0.22821692 -0.22821692 -0.22821692 -0.22821692 -0.22821692
 -0.22821692 -0.22821692 -0.22821692 -0.22821692 -0.22821692  5.48189334
 -0.22821692 -0.22821692 -0.22821692 -0.22821692 -0.22821692 -0.22821692
 -0.22821692 -0.22821692  2.96096352 -0.22821692 -0.22821692 -0.22821692
 -0.22821692 -0.22821692 -0.22821692 -0.22821692 -0.22821692 -0.22821692
 -0.22821692 -0.22821692 -0.22821692 -0.22821692 -0.22821692 -0.22821692
 -0.22821692 -0.22821692  0.60549302 -0.22821692 -0.22821692 -0.22821692
 -0.22821692 -0.22821692 -0.22821692 -0.22821692 -0.22821692 -0.22821692
 -0.22821692 -0.22821692 -0.22821692 -0.22821692 -0.22821692 -0.22821692
 -0.22821692 -0.22821692 -0.22821692 -0.22821692 -0.22821692 -0.22821692
 -0.22821692 -0.22821692 -0.22821692 -0.22821692 -0.22821692 -0.22821692
 -0.22821692 -0.22821692 -0.22821692 -0.22821692 -0.22821692 -0.22821692
 -0.22821692 -0.22821692 -0.22821692 -0.22821692 -0.22821692 -0.22821692
 -0.22821692 -0.22821692 -0.22821692 -0.22821692 -0.22821692 -0.22821692
 -0.22821692 -0.22821692 -0.22821692 -0.22821692 -0.22821692 -0.22821692
 -0.22821692 -0.22821692 -0.22821692 -0.22821692 -0.22821692 -0.22821692
 -0.22821692 -0.22821692 -0.22821692 -0.22821692 -0.22821692 -0.22821692
 -0.22821692 -0.22821692 -0.22821692 -0.22821692 -0.22821692 -0.22821692
 -0.22821692 -0.22821692 -0.22821692 -0.22821692 -0.22821692 -0.22821692
 -0.22821692 -0.22821692 -0.22821692 -0.22821692 -0.22821692 -0.22821692
 -0.22821692 -0.22821692 -0.22821692 -0.22821692 -0.22821692 -0.22821692
 -0.22821692 -0.22821692  2.07709847 -0.22821692 -0.22821692 -0.22821692
 -0.22821692 -0.22821692 -0.22821692 -0.22821692 -0.22821692 -0.22821692
  2.10109355 -0.22821692 -0.22821692 -0.22821692 -0.22821692  3.78308772
 -0.22821692 -0.22821692 -0.22821692 -0.22821692 -0.22821692 -0.22821692
 -0.22821692 -0.22821692 -0.22821692 -0.22821692 -0.22821692 -0.22821692
 -0.22821692 -0.22821692 -0.22821692 -0.22821692 -0.22821692 -0.22821692
 -0.22821692  3.58672303 -0.22821692 -0.22821692  3.13229615 -0.22821692
  2.64310586 -0.22821692 -0.22821692  5.07456897 -0.22821692 -0.22821692
 -0.22821692 -0.22821692 -0.22821692 -0.22821692 -0.22821692 -0.22821692
 -0.22821692 -0.22821692 -0.22821692  5.83115091  4.95962191 -0.22821692
 -0.22821692 -0.22821692  2.49651743  4.76880461 -0.22821692  0.75661567
 -0.22821692 -0.22821692 -0.22821692 -0.22821692 -0.22821692 -0.22821692
  5.13179021 -0.22821692 -0.22821692 -0.22821692  5.10407946  4.84233578
 -0.22821692  3.58364332 -0.22821692 -0.22821692  1.14085221 -0.22821692
 -0.22821692 -0.22821692 -0.22821692 -0.22821692 -0.22821692  6.28036565
  4.25545212 -0.22821692 -0.22821692 -0.22821692 -0.22821692 -0.22821692
 -0.22821692 -0.22821692 -0.22821692 -0.22821692 -0.22821692 -0.22821692
 -0.22821692 -0.22821692 -0.22821692 -0.22821692 -0.22821692 -0.22821692
 -0.22821692 -0.22821692 -0.22821692 -0.22821692 -0.22821692  3.93807937
 -0.22821692  1.08410022 -0.22821692 -0.22821692 -0.22821692 -0.22821692
 -0.22821692 -0.22821692 -0.22821692 -0.22821692 -0.22821692 -0.22821692
 -0.22821692 -0.22821692 -0.22821692 -0.22821692 -0.22821692 -0.22821692
 -0.22821692 -0.22821692 -0.22821692 -0.22821692 -0.22821692 -0.22821692
 -0.22821692 -0.22821692 -0.22821692 -0.22821692 -0.22821692 -0.22821692
 -0.22821692 -0.22821692 -0.22821692 -0.22821692 -0.22821692 -0.22821692
 -0.22821692 -0.22821692 -0.22821692 -0.22821692 -0.22821692 -0.22821692
 -0.22821692 -0.22821692 -0.22821692 -0.22821692 -0.22821692 -0.22821692
 -0.22821692 -0.22821692 -0.22821692 -0.22821692 -0.22821692 -0.22821692
 -0.22821692 -0.22821692 -0.22821692 -0.22821692 -0.22821692 -0.22821692
 -0.22821692 -0.22821692 -0.22821692 -0.22821692 -0.22821692 -0.22821692
 -0.22821692 -0.22821692 -0.22821692 -0.22821692 -0.22821692 -0.22821692
 -0.22821692 -0.22821692 -0.22821692 -0.22821692 -0.22821692 -0.22821692
 -0.22821692 -0.22821692 -0.22821692 -0.22821692 -0.22821692 -0.22821692
 -0.22821692 -0.22821692 -0.22821692 -0.22821692 -0.22821692 -0.22821692
 -0.22821692 -0.22821692 -0.22821692 -0.22821692 -0.22821692 -0.22821692
 -0.22821692 -0.22821692 -0.22821692 -0.22821692 -0.22821692 -0.22821692
 -0.22821692 -0.22821692 -0.22821692 -0.22821692 -0.22821692 -0.22821692
 -0.22821692 -0.22821692 -0.22821692 -0.22821692 -0.22821692  5.84057744
 -0.22821692 -0.22821692 -0.22821692 -0.22821692 -0.22821692 -0.22821692
 -0.22821692 -0.22821692 -0.22821692 -0.22821692 -0.22821692 -0.22821692
 -0.22821692 -0.22821692 -0.22821692 -0.22821692 -0.22821692 -0.22821692
 -0.22821692 -0.22821692 -0.22821692 -0.22821692 -0.22821692 -0.22821692
 -0.22821692 -0.22821692 -0.22821692 -0.22821692 -0.22821692 -0.22821692
 -0.22821692 -0.22821692 -0.22821692 -0.22821692 -0.22821692 -0.22821692
 -0.22821692 -0.22821692  5.50791489 -0.22821692 -0.22821692 -0.22821692
  6.68011719 -0.22821692 -0.22821692 -0.22821692  2.6876583  -0.22821692
 -0.22821692 -0.22821692 -0.22821692 -0.22821692 -0.22821692 -0.22821692
 -0.22821692 -0.22821692 -0.22821692 -0.22821692 -0.22821692 -0.22821692
 -0.22821692  2.21227388 -0.22821692 -0.22821692 -0.22821692 -0.22821692
 -0.22821692 -0.22821692 -0.22821692 -0.22821692 -0.22821692 -0.22821692
 -0.22821692 -0.22821692 -0.22821692 -0.22821692 -0.22821692 -0.22821692
 -0.22821692 -0.22821692 -0.22821692 -0.22821692 -0.22821692 -0.22821692
 -0.22821692 -0.22821692 -0.22821692 -0.22821692 -0.22821692 -0.22821692
 -0.22821692 -0.22821692 -0.22821692 -0.22821692]",[0.04224154795244742]
7,"[-0.10296321 -0.10296321 -0.10296321 -0.10296321 -0.10296321 -0.10296321
 -0.10296321 -0.10296321 -0.10296321 -0.10296321 -0.10296321 -0.10296321
 -0.10296321 -0.10296321 -0.10296321 -0.10296321 -0.10296321 -0.10296321
  2.46102179 -0.10296321 -0.10296321 -0.10296321 -0.10296321 -0.10296321
 -0.10296321 -0.10296321 -0.10296321 -0.10296321 -0.10296321 -0.10296321
 -0.10296321 -0.10296321 -0.10296321 -0.10296321 -0.10296321 -0.10296321
 -0.10296321 -0.10296321 -0.10296321 -0.10296321 -0.10296321 -0.10296321
 -0.10296321 -0.10296321 -0.10296321 -0.10296321 -0.10296321 -0.10296321
 -0.10296321 -0.10296321 -0.10296321 -0.10296321 -0.10296321 -0.10296321
 -0.10296321 -0.10296321 -0.10296321 -0.10296321 -0.10296321 -0.10296321
 -0.10296321 -0.10296321 -0.10296321 -0.10296321 -0.10296321 -0.10296321
 -0.10296321 -0.10296321 -0.10296321 -0.10296321 -0.10296321 -0.10296321
 -0.10296321 -0.10296321 -0.10296321 -0.10296321 -0.10296321 -0.10296321
 -0.10296321 -0.10296321 -0.10296321 -0.10296321 -0.10296321  3.23528173
 -0.10296321 -0.10296321 -0.10296321 -0.10296321 -0.10296321 -0.10296321
 -0.10296321 -0.10296321  2.52776788 -0.10296321 -0.10296321 -0.10296321
 -0.10296321 -0.10296321 -0.10296321 -0.10296321 -0.10296321 -0.10296321
 -0.10296321 -0.10296321 -0.10296321 -0.10296321 -0.10296321 -0.10296321
 -0.10296321 -0.10296321 -0.10296321 -0.10296321 -0.10296321 -0.10296321
 -0.10296321 -0.10296321 -0.10296321 -0.10296321 -0.10296321 -0.10296321
 -0.10296321 -0.10296321 -0.10296321 -0.10296321 -0.10296321 -0.10296321
 -0.10296321 -0.10296321 -0.10296321 -0.10296321 -0.10296321 -0.10296321
 -0.10296321 -0.10296321 -0.10296321 -0.10296321 -0.10296321 -0.10296321
 -0.10296321 -0.10296321 -0.10296321 -0.10296321 -0.10296321 -0.10296321
 -0.10296321 -0.10296321 -0.10296321 -0.10296321 -0.10296321 -0.10296321
 -0.10296321 -0.10296321 -0.10296321 -0.10296321 -0.10296321 -0.10296321
 -0.10296321 -0.10296321 -0.10296321 -0.10296321 -0.10296321 -0.10296321
 -0.10296321 -0.10296321 -0.10296321 -0.10296321 -0.10296321 -0.10296321
 -0.10296321 -0.10296321 -0.10296321 -0.10296321 -0.10296321 -0.10296321
 -0.10296321 -0.10296321 -0.10296321 -0.10296321 -0.10296321 -0.10296321
 -0.10296321 -0.10296321 -0.10296321 -0.10296321 -0.10296321 -0.10296321
 -0.10296321 -0.10296321 -0.10296321 -0.10296321 -0.10296321 -0.10296321
 -0.10296321 -0.10296321  4.9691467  -0.10296321 -0.10296321 -0.10296321
 -0.10296321 -0.10296321 -0.10296321 -0.10296321 -0.10296321 -0.10296321
 -0.10296321 -0.10296321 -0.10296321 -0.10296321 -0.10296321 -0.10296321
 11.78749434 -0.10296321 -0.10296321 -0.10296321 -0.10296321  1.21615046
 -0.10296321 -0.10296321 -0.10296321 -0.10296321 -0.10296321 -0.10296321
 -0.10296321 -0.10296321 -0.10296321 -0.10296321 -0.10296321 -0.10296321
 -0.10296321 -0.10296321 -0.10296321 -0.10296321 -0.10296321 -0.10296321
 -0.10296321 -0.10296321 -0.10296321 -0.10296321 -0.10296321 -0.10296321
  0.93921143 -0.10296321 -0.10296321 -0.10296321 -0.10296321 -0.10296321
 -0.10296321 -0.10296321 -0.10296321 -0.10296321 -0.10296321 -0.10296321
 -0.10296321 -0.10296321 -0.10296321 -0.10296321 -0.10296321 -0.10296321
 -0.10296321 -0.10296321 -0.10296321 11.996309   -0.10296321 -0.10296321
 -0.10296321 -0.10296321 -0.10296321 -0.10296321 -0.10296321 -0.10296321
 -0.10296321 -0.10296321 -0.10296321 -0.10296321 -0.10296321 -0.10296321
 -0.10296321 -0.10296321 -0.10296321 -0.10296321 -0.10296321 -0.10296321
 -0.10296321 -0.10296321 -0.10296321 -0.10296321 -0.10296321 -0.10296321
 -0.10296321 -0.10296321 -0.10296321 -0.10296321 -0.10296321 -0.10296321
 -0.10296321 -0.10296321 -0.10296321 -0.10296321 -0.10296321 -0.10296321
 -0.10296321 -0.10296321 -0.10296321 -0.10296321 -0.10296321 -0.10296321
 -0.10296321 -0.10296321 -0.10296321 -0.10296321 -0.10296321 13.48181647
 -0.10296321 -0.10296321 -0.10296321 -0.10296321 -0.10296321 -0.10296321
 -0.10296321 -0.10296321 -0.10296321 -0.10296321 -0.10296321 -0.10296321
 -0.10296321 -0.10296321 -0.10296321 -0.10296321 -0.10296321 -0.10296321
 -0.10296321 -0.10296321 -0.10296321 -0.10296321 -0.10296321 -0.10296321
 -0.10296321 -0.10296321 -0.10296321 -0.10296321 -0.10296321 -0.10296321
 -0.10296321 -0.10296321 -0.10296321 -0.10296321 -0.10296321 -0.10296321
 -0.10296321 -0.10296321 -0.10296321 -0.10296321 -0.10296321 -0.10296321
 -0.10296321 -0.10296321 -0.10296321 -0.10296321 -0.10296321 -0.10296321
 -0.10296321 -0.10296321 -0.10296321 -0.10296321 -0.10296321 -0.10296321
 -0.10296321 -0.10296321 -0.10296321 -0.10296321 -0.10296321 -0.10296321
 -0.10296321 -0.10296321 -0.10296321 -0.10296321 -0.10296321 -0.10296321
 -0.10296321 -0.10296321 -0.10296321 -0.10296321 -0.10296321 -0.10296321
 -0.10296321 -0.10296321 -0.10296321 -0.10296321 -0.10296321 -0.10296321
 -0.10296321 -0.10296321 -0.10296321 -0.10296321 -0.10296321 -0.10296321
 -0.10296321 -0.10296321 -0.10296321 -0.10296321 -0.10296321 -0.10296321
 -0.10296321 -0.10296321 -0.10296321 -0.10296321 -0.10296321 -0.10296321
 -0.10296321 -0.10296321 -0.10296321 -0.10296321 -0.10296321 -0.10296321
 -0.10296321 -0.10296321 -0.10296321 -0.10296321 -0.10296321 -0.10296321
 -0.10296321 -0.10296321 -0.10296321 -0.10296321 -0.10296321 -0.10296321
 -0.10296321 -0.10296321 -0.10296321 -0.10296321 -0.10296321 -0.10296321
 -0.10296321 -0.10296321 -0.10296321 -0.10296321 -0.10296321 -0.10296321
 -0.10296321 -0.10296321 -0.10296321 -0.10296321 -0.10296321 -0.10296321
 -0.10296321 -0.10296321 -0.10296321 -0.10296321 -0.10296321 -0.10296321
 -0.10296321 -0.10296321 -0.10296321 -0.10296321 -0.10296321 -0.10296321
 -0.10296321 -0.10296321 -0.10296321 -0.10296321 -0.10296321 -0.10296321
 -0.10296321 -0.10296321 -0.10296321 -0.10296321 -0.10296321 -0.10296321
 -0.10296321 -0.10296321 -0.10296321 -0.10296321 -0.10296321 -0.10296321
 -0.10296321 -0.10296321 -0.10296321 -0.10296321 -0.10296321 -0.10296321
 -0.10296321 -0.10296321 -0.10296321 -0.10296321 -0.10296321 -0.10296321
 -0.10296321 -0.10296321 -0.10296321 -0.10296321 -0.10296321 -0.10296321
 -0.10296321 -0.10296321 -0.10296321 -0.10296321 -0.10296321 -0.10296321
 -0.10296321 -0.10296321 -0.10296321 -0.10296321 -0.10296321 -0.10296321
 -0.10296321 -0.10296321 -0.10296321 -0.10296321 -0.10296321 -0.10296321
 -0.10296321 -0.10296321 -0.10296321 -0.10296321 -0.10296321 -0.10296321
 -0.10296321 -0.10296321 -0.10296321 -0.10296321]",[-0.11526565280917088]
7,"[-0.22218422 -0.22218422 -0.22218422 -0.22218422  0.44047655 -0.22218422
 -0.22218422 -0.22218422 -0.22218422 -0.22218422 -0.22218422 -0.22218422
 -0.22218422 -0.22218422 -0.22218422 -0.22218422 -0.22218422 -0.22218422
 -0.22218422 -0.22218422 -0.22218422 -0.22218422 -0.22218422 -0.22218422
 -0.22218422 -0.22218422 -0.22218422 -0.22218422 -0.22218422 -0.22218422
 -0.22218422 -0.22218422 -0.22218422 -0.22218422 -0.22218422 -0.22218422
 -0.22218422 -0.22218422 -0.22218422 -0.22218422 -0.22218422 -0.22218422
 -0.22218422 -0.22218422 -0.22218422 -0.22218422 -0.22218422 -0.22218422
 -0.22218422 -0.22218422 -0.22218422 -0.22218422 -0.22218422 -0.22218422
 -0.22218422 -0.22218422 -0.22218422 -0.22218422  0.48863944 -0.22218422
 -0.22218422 -0.22218422 -0.22218422 -0.22218422 -0.22218422 -0.22218422
 -0.22218422 -0.22218422 -0.22218422 -0.22218422 -0.22218422 -0.22218422
 -0.22218422 -0.22218422 -0.22218422 -0.22218422 -0.22218422 -0.22218422
 -0.22218422 -0.22218422 -0.22218422 -0.22218422 -0.22218422  3.6098853
 -0.22218422 -0.22218422 -0.22218422 -0.22218422 -0.22218422 -0.22218422
 -0.22218422 -0.22218422  3.47827925 -0.22218422 -0.22218422 -0.22218422
 -0.22218422 -0.22218422 -0.22218422 -0.22218422 -0.22218422 -0.22218422
 -0.22218422 -0.22218422 -0.22218422 -0.22218422 -0.22218422 -0.22218422
 -0.22218422 -0.22218422  0.41847773 -0.22218422 -0.22218422 -0.22218422
 -0.22218422 -0.22218422 -0.22218422 -0.22218422 -0.22218422 -0.22218422
 -0.22218422 -0.22218422 -0.22218422 -0.22218422 -0.22218422 -0.22218422
 -0.22218422 -0.22218422 -0.22218422 -0.22218422 -0.22218422 -0.22218422
 -0.22218422 -0.22218422 -0.22218422 -0.22218422 -0.22218422 -0.22218422
 -0.22218422 -0.22218422 -0.22218422 -0.22218422 -0.22218422 -0.22218422
 -0.22218422 -0.22218422 -0.22218422 -0.22218422 -0.22218422 -0.22218422
 -0.22218422 -0.22218422 -0.22218422 -0.22218422 -0.22218422 -0.22218422
 -0.22218422 -0.22218422 -0.22218422 -0.22218422 -0.22218422 -0.22218422
 -0.22218422 -0.22218422 -0.22218422 -0.22218422 -0.22218422 -0.22218422
 -0.22218422 -0.22218422 -0.22218422 -0.22218422 -0.22218422 -0.22218422
 -0.22218422 -0.22218422 -0.22218422 -0.22218422 -0.22218422 -0.22218422
 -0.22218422 -0.22218422 -0.22218422 -0.22218422 -0.22218422 -0.22218422
 -0.22218422 -0.22218422 -0.22218422 -0.22218422 -0.22218422 -0.22218422
 -0.22218422 -0.22218422 -0.22218422 -0.22218422 -0.22218422 -0.22218422
 -0.22218422 -0.22218422  2.16810568 -0.22218422 -0.22218422 -0.22218422
 -0.22218422 -0.22218422 -0.22218422 -0.22218422 -0.22218422 -0.22218422
  1.48350998 -0.22218422  2.89390524 -0.22218422 -0.22218422  5.05755241
 -0.22218422 -0.22218422 -0.22218422 -0.22218422 -0.22218422 -0.22218422
 -0.22218422 -0.22218422 -0.22218422 -0.22218422 -0.22218422 -0.22218422
 -0.22218422 -0.22218422 -0.22218422 -0.22218422 -0.22218422 -0.22218422
 -0.22218422  3.6961447  -0.22218422 -0.22218422  4.23507355 -0.22218422
  2.91031088 -0.22218422 -0.22218422  5.0354788  -0.22218422 -0.22218422
 -0.22218422 -0.22218422 -0.22218422 -0.22218422 -0.22218422 -0.22218422
 -0.22218422 -0.22218422 -0.22218422  6.49934105  4.47048774 -0.22218422
 -0.22218422 -0.22218422 -0.22218422  5.09914168 -0.22218422  0.10995847
 -0.22218422 -0.22218422 -0.22218422 -0.22218422 -0.22218422 -0.22218422
  4.62795823 -0.22218422 -0.22218422 -0.22218422  4.68646746  4.4117874
 -0.22218422 -0.22218422 -0.22218422 -0.22218422 -0.22218422 -0.22218422
 -0.22218422 -0.22218422 -0.22218422 -0.22218422 -0.22218422  6.24586083
  3.36510275 -0.22218422 -0.22218422 -0.22218422 -0.22218422 -0.22218422
 -0.22218422 -0.22218422 -0.22218422 -0.22218422 -0.22218422 -0.22218422
 -0.22218422 -0.22218422 -0.22218422 -0.22218422 -0.22218422 -0.22218422
 -0.22218422 -0.22218422 -0.22218422 -0.22218422 -0.22218422  3.90597058
 -0.22218422  0.83316226 -0.22218422 -0.22218422 -0.22218422 -0.22218422
 -0.22218422 -0.22218422 -0.22218422 -0.22218422 -0.22218422 -0.22218422
 -0.22218422 -0.22218422 -0.22218422 -0.22218422 -0.22218422 -0.22218422
 -0.22218422 -0.22218422 -0.22218422 -0.22218422 -0.22218422 -0.22218422
 -0.22218422 -0.22218422 -0.22218422 -0.22218422 -0.22218422 -0.22218422
 -0.22218422 -0.22218422 -0.22218422 -0.22218422 -0.22218422 -0.22218422
 -0.22218422 -0.22218422 -0.22218422 -0.22218422 -0.22218422 -0.22218422
 -0.22218422 -0.22218422 -0.22218422 -0.22218422 -0.22218422 -0.22218422
 -0.22218422 -0.22218422 -0.22218422 -0.22218422 -0.22218422 -0.22218422
 -0.22218422 -0.22218422 -0.22218422 -0.22218422 -0.22218422 -0.22218422
 -0.22218422 -0.22218422 -0.22218422 -0.22218422 -0.22218422 -0.22218422
 -0.22218422 -0.22218422 -0.22218422 -0.22218422 -0.22218422 -0.22218422
 -0.22218422 -0.22218422 -0.22218422 -0.22218422 -0.22218422 -0.22218422
 -0.22218422 -0.22218422 -0.22218422 -0.22218422 -0.22218422 -0.22218422
 -0.22218422 -0.22218422 -0.22218422 -0.22218422 -0.22218422 -0.22218422
 -0.22218422 -0.22218422 -0.22218422 -0.22218422 -0.22218422 -0.22218422
 -0.22218422 -0.22218422 -0.22218422 -0.22218422 -0.22218422 -0.22218422
 -0.22218422 -0.22218422 -0.22218422 -0.22218422 -0.22218422 -0.22218422
 -0.22218422 -0.22218422 -0.22218422 -0.22218422 -0.22218422  5.43843619
 -0.22218422 -0.22218422 -0.22218422 -0.22218422 -0.22218422 -0.22218422
 -0.22218422 -0.22218422 -0.22218422 -0.22218422 -0.22218422 -0.22218422
 -0.22218422 -0.22218422 -0.22218422 -0.22218422 -0.22218422 -0.22218422
 -0.22218422 -0.22218422 -0.22218422 -0.22218422 -0.22218422 -0.22218422
  0.34461904 -0.22218422 -0.22218422 -0.22218422 -0.22218422 -0.22218422
 -0.22218422 -0.22218422 -0.22218422 -0.22218422 -0.22218422 -0.22218422
 -0.22218422 -0.22218422  5.96330808 -0.22218422  5.24432686 -0.22218422
  6.36302636 -0.22218422 -0.22218422 -0.22218422  2.33539769 -0.22218422
 -0.22218422 -0.22218422 -0.22218422 -0.22218422 -0.22218422 -0.22218422
 -0.22218422 -0.22218422 -0.22218422 -0.22218422 -0.22218422 -0.22218422
 -0.22218422  2.787889   -0.22218422 -0.22218422 -0.22218422 -0.22218422
 -0.22218422 -0.22218422 -0.22218422 -0.22218422 -0.22218422 -0.22218422
 -0.22218422 -0.22218422 -0.22218422 -0.22218422 -0.22218422 -0.22218422
 -0.22218422 -0.22218422 -0.22218422 -0.22218422 -0.22218422 -0.22218422
 -0.22218422 -0.22218422 -0.22218422 -0.22218422 -0.22218422 -0.22218422
 -0.22218422 -0.22218422 -0.22218422 -0.22218422]",[0.02617798928644058]
7,"[-0.16494711 -0.16494711 -0.16494711 -0.16494711 -0.16494711 -0.16494711
 -0.16494711 -0.16494711 -0.16494711 -0.16494711 -0.16494711 -0.16494711
 -0.16494711 -0.16494711 -0.16494711 -0.16494711 -0.16494711 -0.16494711
  2.00438288 -0.16494711 -0.16494711 -0.16494711 -0.16494711 -0.16494711
 -0.16494711 -0.16494711 -0.16494711 -0.16494711 -0.16494711 -0.16494711
 -0.16494711 -0.16494711 -0.16494711 -0.16494711 -0.16494711 -0.16494711
 -0.16494711 -0.16494711 -0.16494711 -0.16494711 -0.16494711 -0.16494711
 -0.16494711 -0.16494711 -0.16494711 -0.16494711 -0.16494711 -0.16494711
 -0.16494711 -0.16494711 -0.16494711 -0.16494711 -0.16494711 -0.16494711
 -0.16494711 -0.16494711 -0.16494711 -0.16494711  4.64304642 -0.16494711
 -0.16494711 -0.16494711 -0.16494711 -0.16494711 -0.16494711 -0.16494711
 -0.16494711 -0.16494711 -0.16494711 -0.16494711 -0.16494711 -0.16494711
 -0.16494711 -0.16494711 -0.16494711 -0.16494711 -0.16494711 -0.16494711
 -0.16494711 -0.16494711 -0.16494711 -0.16494711 -0.16494711  8.7349369
 -0.16494711 -0.16494711 -0.16494711 -0.16494711  4.38010777 -0.16494711
 -0.16494711 -0.16494711 -0.16494711 -0.16494711 -0.16494711 -0.16494711
 -0.16494711 -0.16494711 -0.16494711 -0.16494711 -0.16494711 -0.16494711
 -0.16494711 -0.16494711 -0.16494711 -0.16494711 -0.16494711 -0.16494711
 -0.16494711 -0.16494711  6.79475645 -0.16494711 -0.16494711 -0.16494711
 -0.16494711 -0.16494711 -0.16494711 -0.16494711 -0.16494711 -0.16494711
 -0.16494711 -0.16494711 -0.16494711 -0.16494711 -0.16494711 -0.16494711
 -0.16494711 -0.16494711 -0.16494711 -0.16494711 -0.16494711 -0.16494711
 -0.16494711 -0.16494711 -0.16494711 -0.16494711 -0.16494711 -0.16494711
 -0.16494711 -0.16494711 -0.16494711 -0.16494711 -0.16494711 -0.16494711
 -0.16494711 -0.16494711 -0.16494711 -0.16494711 -0.16494711 -0.16494711
 -0.16494711 -0.16494711 -0.16494711 -0.16494711 -0.16494711 -0.16494711
 -0.16494711 -0.16494711 -0.16494711 -0.16494711 -0.16494711 -0.16494711
 -0.16494711 -0.16494711 -0.16494711 -0.16494711 -0.16494711 -0.16494711
 -0.16494711 -0.16494711 -0.16494711 -0.16494711 -0.16494711 -0.16494711
 -0.16494711 -0.16494711 -0.16494711 -0.16494711 -0.16494711 -0.16494711
 -0.16494711 -0.16494711 -0.16494711 -0.16494711 -0.16494711 -0.16494711
  3.04668815 -0.16494711 -0.16494711 -0.16494711 -0.16494711 -0.16494711
 -0.16494711 -0.16494711 -0.16494711 -0.16494711 -0.16494711 -0.16494711
 -0.16494711 -0.16494711  3.38196913 -0.16494711 -0.16494711  0.32306966
 -0.16494711 -0.16494711 -0.16494711 -0.16494711 -0.16494711 -0.16494711
  4.85410324 -0.16494711 -0.16494711 -0.16494711 -0.16494711  4.95818395
 -0.16494711 -0.16494711 -0.16494711 -0.16494711 -0.16494711 -0.16494711
 -0.16494711 -0.16494711 -0.16494711 -0.16494711 -0.16494711 -0.16494711
 -0.16494711 -0.16494711 -0.16494711 -0.16494711 -0.16494711 -0.16494711
 -0.16494711  0.92227398 -0.16494711 -0.16494711 -0.16494711 -0.16494711
 -0.16494711 -0.16494711 -0.16494711 -0.16494711 -0.16494711 -0.16494711
 -0.16494711 -0.16494711 -0.16494711 -0.16494711 -0.16494711 -0.16494711
 -0.16494711 -0.16494711 -0.16494711 -0.16494711 -0.16494711 -0.16494711
 -0.16494711 -0.16494711 -0.16494711 -0.16494711 -0.16494711 -0.16494711
 -0.16494711 -0.16494711 -0.16494711 -0.16494711 -0.16494711 -0.16494711
 -0.16494711 -0.16494711 -0.16494711 -0.16494711 -0.16494711 -0.16494711
 -0.16494711 -0.16494711 -0.16494711 -0.16494711 -0.16494711 -0.16494711
 -0.16494711 -0.16494711 -0.16494711 -0.16494711 -0.16494711 -0.16494711
 -0.16494711 -0.16494711 -0.16494711 -0.16494711 -0.16494711 -0.16494711
 -0.16494711 -0.16494711 -0.16494711 -0.16494711 -0.16494711 -0.16494711
 -0.16494711 -0.16494711 -0.16494711 -0.16494711 -0.16494711 -0.16494711
  7.54068863 -0.16494711 -0.16494711 -0.16494711 -0.16494711  6.85045766
 -0.16494711 -0.16494711 -0.16494711 -0.16494711 -0.16494711 -0.16494711
 -0.16494711 -0.16494711 -0.16494711 -0.16494711 -0.16494711 -0.16494711
 -0.16494711 -0.16494711 -0.16494711 -0.16494711 -0.16494711 -0.16494711
 -0.16494711 -0.16494711 -0.16494711 -0.16494711 -0.16494711 -0.16494711
 -0.16494711 -0.16494711 -0.16494711 -0.16494711 -0.16494711 -0.16494711
 -0.16494711 -0.16494711 -0.16494711 -0.16494711 -0.16494711 -0.16494711
 -0.16494711 -0.16494711 -0.16494711 -0.16494711 -0.16494711 -0.16494711
 -0.16494711 -0.16494711 -0.16494711 -0.16494711 -0.16494711 -0.16494711
 -0.16494711 -0.16494711 -0.16494711 -0.16494711 -0.16494711 -0.16494711
 -0.16494711 -0.16494711 -0.16494711 -0.16494711 -0.16494711 -0.16494711
 -0.16494711 -0.16494711 -0.16494711 -0.16494711 -0.16494711 -0.16494711
 -0.16494711 -0.16494711 -0.16494711 -0.16494711 -0.16494711 -0.16494711
 -0.16494711 -0.16494711 -0.16494711 -0.16494711 -0.16494711 -0.16494711
 -0.16494711 -0.16494711 -0.16494711 -0.16494711 -0.16494711 -0.16494711
 -0.16494711 -0.16494711 -0.16494711 -0.16494711 -0.16494711 -0.16494711
 -0.16494711 -0.16494711 -0.16494711 -0.16494711 -0.16494711 -0.16494711
 -0.16494711 -0.16494711 -0.16494711 -0.16494711 -0.16494711 -0.16494711
 -0.16494711 -0.16494711 -0.16494711 -0.16494711 -0.16494711 -0.16494711
 -0.16494711 -0.16494711 -0.16494711 -0.16494711 -0.16494711 -0.16494711
 -0.16494711 -0.16494711 -0.16494711 -0.16494711 -0.16494711 -0.16494711
 -0.16494711 -0.16494711 -0.16494711 -0.16494711 -0.16494711 -0.16494711
 -0.16494711 -0.16494711 -0.16494711 -0.16494711 -0.16494711 -0.16494711
 -0.16494711 -0.16494711 -0.16494711 -0.16494711 -0.16494711 -0.16494711
 -0.16494711 -0.16494711 -0.16494711 -0.16494711 -0.16494711 -0.16494711
 -0.16494711 -0.16494711 -0.16494711 -0.16494711 -0.16494711 -0.16494711
 -0.16494711 -0.16494711  5.80150022 -0.16494711  6.37161778 -0.16494711
  8.90308406 -0.16494711 -0.16494711 -0.16494711 -0.16494711 -0.16494711
 -0.16494711 -0.16494711 -0.16494711 -0.16494711 -0.16494711 -0.16494711
 -0.16494711 -0.16494711 -0.16494711 -0.16494711 -0.16494711 -0.16494711
 -0.16494711 -0.16494711 -0.16494711 -0.16494711 -0.16494711 -0.16494711
 -0.16494711 -0.16494711 -0.16494711 -0.16494711 -0.16494711 -0.16494711
 -0.16494711 -0.16494711 -0.16494711 -0.16494711 -0.16494711 -0.16494711
 -0.16494711 -0.16494711  3.45753051 -0.16494711 -0.16494711 -0.16494711
 -0.16494711 -0.16494711 -0.16494711 -0.16494711 -0.16494711 -0.16494711
 -0.16494711 -0.16494711 -0.16494711 -0.16494711]",[0.010592890891176682]
7,"[-0.14074646 -0.14074646 -0.14074646 -0.14074646 -0.14074646 -0.14074646
 -0.14074646 -0.14074646 -0.14074646 -0.14074646 -0.14074646 -0.14074646
 -0.14074646 -0.14074646 -0.14074646 -0.14074646 -0.14074646 -0.14074646
 -0.14074646 -0.14074646 -0.14074646 -0.14074646 -0.14074646 -0.14074646
 -0.14074646 -0.14074646 -0.14074646 -0.14074646 -0.14074646 -0.14074646
 -0.14074646 -0.14074646 -0.14074646 -0.14074646 -0.14074646 -0.14074646
 -0.14074646 -0.14074646 -0.14074646 -0.14074646 -0.14074646 -0.14074646
 -0.14074646 -0.14074646 -0.14074646 -0.14074646 -0.14074646 -0.14074646
 -0.14074646 -0.14074646 -0.14074646 -0.14074646 -0.14074646 -0.14074646
 -0.14074646 -0.14074646 -0.14074646 -0.14074646 -0.14074646 -0.14074646
 -0.14074646 -0.14074646 -0.14074646 -0.14074646 -0.14074646 -0.14074646
 -0.14074646 -0.14074646 -0.14074646 -0.14074646 -0.14074646 -0.14074646
 -0.14074646 -0.14074646 -0.14074646 -0.14074646 -0.14074646 -0.14074646
 -0.14074646 -0.14074646 -0.14074646 -0.14074646 -0.14074646  9.33658244
 -0.14074646  6.30553975 -0.14074646 -0.14074646 -0.14074646 -0.14074646
 -0.14074646 -0.14074646 -0.14074646 -0.14074646 -0.14074646 -0.14074646
 -0.14074646 -0.14074646 -0.14074646 -0.14074646 -0.14074646 -0.14074646
 -0.14074646 -0.14074646 -0.14074646 -0.14074646 -0.14074646 -0.14074646
 -0.14074646 -0.14074646  3.41714131 -0.14074646 -0.14074646 -0.14074646
 -0.14074646 -0.14074646  7.9871618  -0.14074646 -0.14074646 -0.14074646
 -0.14074646 -0.14074646 -0.14074646 -0.14074646 -0.14074646 -0.14074646
 -0.14074646 -0.14074646 -0.14074646 -0.14074646 -0.14074646 -0.14074646
 -0.14074646 -0.14074646 -0.14074646 -0.14074646 -0.14074646 -0.14074646
 -0.14074646 -0.14074646 -0.14074646 -0.14074646 -0.14074646 -0.14074646
 -0.14074646 -0.14074646 -0.14074646 -0.14074646 -0.14074646 -0.14074646
 -0.14074646 -0.14074646 -0.14074646 -0.14074646 -0.14074646 -0.14074646
 -0.14074646 -0.14074646 -0.14074646 -0.14074646 -0.14074646 -0.14074646
 -0.14074646 -0.14074646 -0.14074646 -0.14074646 -0.14074646 -0.14074646
 -0.14074646 -0.14074646 -0.14074646 -0.14074646 -0.14074646  1.59494117
 -0.14074646 -0.14074646 -0.14074646 -0.14074646 -0.14074646 -0.14074646
 -0.14074646 -0.14074646 -0.14074646 -0.14074646 -0.14074646 -0.14074646
 -0.14074646 -0.14074646 -0.14074646 -0.14074646 -0.14074646 -0.14074646
 -0.14074646 -0.14074646 -0.14074646 -0.14074646 -0.14074646 -0.14074646
 -0.14074646 -0.14074646  4.29981208 -0.14074646 -0.14074646 -0.14074646
 -0.14074646 -0.14074646 -0.14074646 -0.14074646 -0.14074646 -0.14074646
  3.85109705 -0.14074646 -0.14074646 -0.14074646 -0.14074646 -0.14074646
 -0.14074646 -0.14074646 -0.14074646 -0.14074646 -0.14074646 -0.14074646
 -0.14074646 -0.14074646 -0.14074646 -0.14074646 -0.14074646 -0.14074646
 -0.14074646 -0.14074646 -0.14074646 -0.14074646 -0.14074646 -0.14074646
 -0.14074646 -0.14074646 -0.14074646 -0.14074646 -0.14074646 -0.14074646
 -0.14074646 -0.14074646 -0.14074646 -0.14074646 -0.14074646 -0.14074646
 -0.14074646 -0.14074646 -0.14074646 -0.14074646 -0.14074646 -0.14074646
 -0.14074646 -0.14074646 -0.14074646 -0.14074646 -0.14074646 -0.14074646
 -0.14074646 -0.14074646 -0.14074646 -0.14074646 -0.14074646 -0.14074646
 -0.14074646 -0.14074646 -0.14074646 -0.14074646 -0.14074646 -0.14074646
 -0.14074646 -0.14074646  0.31719519 -0.14074646 -0.14074646 -0.14074646
 -0.14074646 -0.14074646 -0.14074646 -0.14074646 -0.14074646 -0.14074646
 -0.14074646 -0.14074646 -0.14074646 -0.14074646 -0.14074646  7.41067842
 -0.14074646 -0.14074646 -0.14074646 -0.14074646 -0.14074646 -0.14074646
 -0.14074646 -0.14074646  3.10949007 -0.14074646 -0.14074646 -0.14074646
 -0.14074646 -0.14074646 -0.14074646 -0.14074646 -0.14074646 -0.14074646
 -0.14074646 -0.14074646 -0.14074646 -0.14074646 -0.14074646  6.01583429
 -0.14074646 -0.14074646 -0.14074646 -0.14074646 -0.14074646 -0.14074646
 -0.14074646 -0.14074646 -0.14074646 -0.14074646 -0.14074646 -0.14074646
 -0.14074646 -0.14074646 -0.14074646 -0.14074646 -0.14074646 -0.14074646
 -0.14074646 -0.14074646 -0.14074646 -0.14074646 -0.14074646 -0.14074646
 -0.14074646 -0.14074646 -0.14074646 -0.14074646 -0.14074646 -0.14074646
 -0.14074646 -0.14074646 -0.14074646 -0.14074646 -0.14074646 -0.14074646
 -0.14074646 -0.14074646 -0.14074646 -0.14074646 -0.14074646 -0.14074646
 -0.14074646 -0.14074646 -0.14074646 -0.14074646 -0.14074646 -0.14074646
 -0.14074646 -0.14074646 -0.14074646 -0.14074646 -0.14074646 -0.14074646
 -0.14074646 -0.14074646 -0.14074646 -0.14074646 -0.14074646 -0.14074646
 -0.14074646 -0.14074646 -0.14074646 -0.14074646 -0.14074646 -0.14074646
 -0.14074646 -0.14074646 -0.14074646 -0.14074646 -0.14074646 -0.14074646
 -0.14074646 -0.14074646 -0.14074646 -0.14074646 -0.14074646 -0.14074646
 -0.14074646 -0.14074646 -0.14074646 -0.14074646 -0.14074646 -0.14074646
 -0.14074646 -0.14074646 -0.14074646 -0.14074646 -0.14074646 -0.14074646
 -0.14074646 -0.14074646 -0.14074646 -0.14074646 -0.14074646 -0.14074646
 -0.14074646 -0.14074646 -0.14074646 -0.14074646 -0.14074646 -0.14074646
 -0.14074646 -0.14074646 -0.14074646 -0.14074646 -0.14074646 -0.14074646
 -0.14074646 -0.14074646 -0.14074646 -0.14074646 -0.14074646 -0.14074646
 -0.14074646 -0.14074646 -0.14074646 -0.14074646 -0.14074646 -0.14074646
 -0.14074646 -0.14074646 -0.14074646 -0.14074646 -0.14074646 -0.14074646
 -0.14074646 -0.14074646 -0.14074646 -0.14074646 -0.14074646 -0.14074646
 -0.14074646 -0.14074646 -0.14074646 -0.14074646 -0.14074646 -0.14074646
 -0.14074646 -0.14074646 -0.14074646 -0.14074646 -0.14074646 -0.14074646
 -0.14074646 -0.14074646 -0.14074646 -0.14074646 -0.14074646 -0.14074646
 -0.14074646 -0.14074646 -0.14074646 -0.14074646 -0.14074646 -0.14074646
 11.49631826 -0.14074646 -0.14074646 -0.14074646  6.21666128 -0.14074646
 -0.14074646 -0.14074646 -0.14074646 -0.14074646 -0.14074646 -0.14074646
 -0.14074646 -0.14074646 -0.14074646 -0.14074646 -0.14074646 -0.14074646
 -0.14074646 -0.14074646 -0.14074646 -0.14074646 -0.14074646 -0.14074646
 -0.14074646 -0.14074646 -0.14074646 -0.14074646 -0.14074646 -0.14074646
 -0.14074646 -0.14074646 -0.14074646 -0.14074646 -0.14074646 -0.14074646
 -0.14074646 -0.14074646 -0.14074646 -0.14074646 -0.14074646 -0.14074646
 -0.14074646 -0.14074646 -0.14074646 -0.14074646 -0.14074646 -0.14074646
 -0.14074646 -0.14074646 -0.14074646 -0.14074646]",[-0.020166854172744525]
7,"[-0.23155543 -0.23155543 -0.23155543 -0.23155543 -0.23155543 -0.23155543
 -0.23155543 -0.23155543 -0.23155543 -0.23155543 -0.23155543 -0.23155543
 -0.23155543 -0.23155543 -0.23155543 -0.23155543 -0.23155543 -0.23155543
 -0.23155543 -0.23155543 -0.23155543 -0.23155543 -0.23155543 -0.23155543
 -0.23155543 -0.23155543 -0.23155543 -0.23155543 -0.23155543 -0.23155543
 -0.23155543 -0.23155543 -0.23155543 -0.23155543 -0.23155543 -0.23155543
 -0.23155543 -0.23155543 -0.23155543 -0.23155543 -0.23155543 -0.23155543
 -0.23155543 -0.23155543 -0.23155543 -0.23155543 -0.23155543 -0.23155543
 -0.23155543 -0.23155543 -0.23155543 -0.23155543 -0.23155543 -0.23155543
 -0.23155543 -0.23155543 -0.23155543 -0.23155543 -0.23155543 -0.23155543
 -0.23155543 -0.23155543 -0.23155543 -0.23155543 -0.23155543 -0.23155543
 -0.23155543 -0.23155543 -0.23155543 -0.23155543 -0.23155543 -0.23155543
 -0.23155543 -0.23155543 -0.23155543 -0.23155543 -0.23155543 -0.23155543
 -0.23155543 -0.23155543 -0.23155543 -0.23155543 -0.23155543  6.75742838
 -0.23155543 -0.23155543 -0.23155543 -0.23155543 -0.23155543  4.41750032
 -0.23155543 -0.23155543  2.90706966 -0.23155543 -0.23155543 -0.23155543
 -0.23155543 -0.23155543 -0.23155543 -0.23155543 -0.23155543 -0.23155543
 -0.23155543 -0.23155543 -0.23155543 -0.23155543 -0.23155543 -0.23155543
 -0.23155543 -0.23155543  5.78526198 -0.23155543 -0.23155543 -0.23155543
 -0.23155543 -0.23155543  6.98921978 -0.23155543 -0.23155543 -0.23155543
 -0.23155543 -0.23155543 -0.23155543 -0.23155543  3.41765092 -0.23155543
 -0.23155543 -0.23155543 -0.23155543 -0.23155543 -0.23155543 -0.23155543
 -0.23155543 -0.23155543 -0.23155543 -0.23155543 -0.23155543 -0.23155543
 -0.23155543 -0.23155543 -0.23155543 -0.23155543 -0.23155543 -0.23155543
 -0.23155543 -0.23155543 -0.23155543 -0.23155543 -0.23155543 -0.23155543
 -0.23155543 -0.23155543 -0.23155543 -0.23155543 -0.23155543 -0.23155543
 -0.23155543 -0.23155543 -0.23155543 -0.23155543 -0.23155543 -0.23155543
 -0.23155543 -0.23155543 -0.23155543 -0.23155543 -0.23155543 -0.23155543
 -0.23155543 -0.23155543 -0.23155543 -0.23155543 -0.23155543 -0.23155543
 -0.23155543 -0.23155543 -0.23155543 -0.23155543 -0.23155543 -0.23155543
 -0.23155543 -0.23155543 -0.23155543 -0.23155543 -0.23155543 -0.23155543
 -0.23155543 -0.23155543 -0.23155543 -0.23155543 -0.23155543 -0.23155543
 -0.23155543 -0.23155543 -0.23155543 -0.23155543 -0.23155543 -0.23155543
 -0.23155543 -0.23155543 -0.23155543 -0.23155543 -0.23155543 -0.23155543
 -0.23155543 -0.23155543 -0.23155543 -0.23155543 -0.23155543 -0.23155543
 -0.23155543 -0.23155543 -0.23155543 -0.23155543 -0.23155543  2.5219711
 -0.23155543 -0.23155543 -0.23155543 -0.23155543 -0.23155543 -0.23155543
 -0.23155543 -0.23155543 -0.23155543 -0.23155543 -0.23155543 -0.23155543
 -0.23155543 -0.23155543 -0.23155543  0.56892751 -0.23155543 -0.23155543
 -0.23155543  3.76344299 -0.23155543  3.77764203  4.44183884 -0.23155543
  4.19334619  1.47220206 -0.23155543  3.66214047 -0.23155543 -0.23155543
 -0.23155543 -0.23155543 -0.23155543 -0.23155543 -0.23155543 -0.23155543
 -0.23155543 -0.23155543 -0.23155543  1.79579361  2.94596157 -0.23155543
 -0.23155543 -0.23155543 -0.23155543  3.21260392 -0.23155543  2.24259792
 -0.23155543 -0.23155543 -0.23155543  1.66038602  1.8982953  -0.23155543
 -0.23155543 -0.23155543 -0.23155543 -0.23155543  4.32588492  5.80634737
 -0.23155543 -0.23155543 -0.23155543 -0.23155543  1.54562698 -0.23155543
 -0.23155543  1.98479529 -0.23155543 -0.23155543 -0.23155543  5.39620556
  2.17050527 -0.23155543 -0.23155543 -0.23155543 -0.23155543 -0.23155543
 -0.23155543 -0.23155543 -0.23155543 -0.23155543 -0.23155543 -0.23155543
 -0.23155543 -0.23155543 -0.23155543 -0.23155543 -0.23155543 -0.23155543
 -0.23155543 -0.23155543 -0.23155543 -0.23155543 -0.23155543  1.67123585
 -0.23155543 -0.23155543 -0.23155543 -0.23155543 -0.23155543 -0.23155543
 -0.23155543 -0.23155543 -0.23155543 -0.23155543 -0.23155543 -0.23155543
 -0.23155543 -0.23155543 -0.23155543 -0.23155543 -0.23155543 -0.23155543
 -0.23155543 -0.23155543 -0.23155543 -0.23155543 -0.23155543 -0.23155543
 -0.23155543 -0.23155543 -0.23155543 -0.23155543 -0.23155543 -0.23155543
 -0.23155543 -0.23155543 -0.23155543 -0.23155543 -0.23155543 -0.23155543
 -0.23155543 -0.23155543 -0.23155543 -0.23155543 -0.23155543 -0.23155543
 -0.23155543 -0.23155543 -0.23155543 -0.23155543 -0.23155543 -0.23155543
 -0.23155543 -0.23155543 -0.23155543 -0.23155543 -0.23155543 -0.23155543
 -0.23155543 -0.23155543 -0.23155543 -0.23155543 -0.23155543 -0.23155543
 -0.23155543 -0.23155543 -0.23155543 -0.23155543 -0.23155543 -0.23155543
 -0.23155543 -0.23155543 -0.23155543 -0.23155543 -0.23155543 -0.23155543
 -0.23155543 -0.23155543 -0.23155543 -0.23155543 -0.23155543 -0.23155543
 -0.23155543 -0.23155543 -0.23155543 -0.23155543 -0.23155543 -0.23155543
 -0.23155543 -0.23155543 -0.23155543 -0.23155543 -0.23155543 -0.23155543
 -0.23155543 -0.23155543 -0.23155543 -0.23155543 -0.23155543 -0.23155543
 -0.23155543 -0.23155543 -0.23155543 -0.23155543 -0.23155543 -0.23155543
 -0.23155543 -0.23155543 -0.23155543 -0.23155543 -0.23155543 -0.23155543
 -0.23155543 -0.23155543 -0.23155543 -0.23155543 -0.23155543  5.3000737
 -0.23155543 -0.23155543 -0.23155543 -0.23155543 -0.23155543 -0.23155543
 -0.23155543 -0.23155543 -0.23155543 -0.23155543 -0.23155543 -0.23155543
 -0.23155543 -0.23155543 -0.23155543 -0.23155543 -0.23155543 -0.23155543
  4.73509409 -0.23155543 -0.23155543 -0.23155543 -0.23155543 -0.23155543
 -0.23155543 -0.23155543 -0.23155543 -0.23155543 -0.23155543 -0.23155543
 -0.23155543 -0.23155543 -0.23155543 -0.23155543 -0.23155543 -0.23155543
 -0.23155543 -0.23155543  3.22246361 -0.23155543 -0.23155543 -0.23155543
 -0.23155543 -0.23155543 -0.23155543 -0.23155543 -0.23155543 -0.23155543
 -0.23155543 -0.23155543 -0.23155543 -0.23155543 -0.23155543 -0.23155543
 -0.23155543 -0.23155543 -0.23155543 -0.23155543 -0.23155543 -0.23155543
 -0.23155543  1.66038602 -0.23155543 -0.23155543 -0.23155543 -0.23155543
 -0.23155543 -0.23155543 -0.23155543 -0.23155543 -0.23155543 -0.23155543
 -0.23155543 -0.23155543 -0.23155543 -0.23155543 -0.23155543 -0.23155543
 -0.23155543 -0.23155543 -0.23155543 -0.23155543 -0.23155543 -0.23155543
 -0.23155543 -0.23155543 -0.23155543 -0.23155543 -0.23155543 -0.23155543
 -0.23155543 -0.23155543  6.74915242 -0.23155543]",[0.0027638996092395895]
7,"[-1.27823364e-01 -1.27823364e-01 -1.27823364e-01 -1.27823364e-01
 -1.27823364e-01 -1.27823364e-01 -1.27823364e-01 -1.27823364e-01
 -1.27823364e-01 -1.27823364e-01 -1.27823364e-01 -1.27823364e-01
 -1.27823364e-01 -1.27823364e-01 -1.27823364e-01 -1.27823364e-01
 -1.27823364e-01 -1.27823364e-01 -1.27823364e-01 -1.27823364e-01
 -1.27823364e-01 -1.27823364e-01 -1.27823364e-01 -1.27823364e-01
 -1.27823364e-01 -1.27823364e-01 -1.27823364e-01 -1.27823364e-01
 -1.27823364e-01 -1.27823364e-01 -1.27823364e-01 -1.27823364e-01
 -1.27823364e-01 -1.27823364e-01 -1.27823364e-01 -1.27823364e-01
 -1.27823364e-01 -1.27823364e-01 -1.27823364e-01 -1.27823364e-01
 -1.27823364e-01 -1.27823364e-01 -1.27823364e-01 -1.27823364e-01
 -1.27823364e-01 -1.27823364e-01 -1.27823364e-01 -1.27823364e-01
 -1.27823364e-01 -1.27823364e-01 -1.27823364e-01 -1.27823364e-01
 -1.27823364e-01 -1.27823364e-01 -1.27823364e-01 -1.27823364e-01
 -1.27823364e-01 -1.27823364e-01  1.07559340e+00 -1.27823364e-01
 -1.27823364e-01 -1.27823364e-01 -1.27823364e-01 -1.27823364e-01
 -1.27823364e-01 -1.27823364e-01 -1.27823364e-01 -1.27823364e-01
 -1.27823364e-01 -1.27823364e-01 -1.27823364e-01 -1.27823364e-01
 -1.27823364e-01 -1.27823364e-01 -1.27823364e-01 -1.27823364e-01
 -1.27823364e-01 -1.27823364e-01 -1.27823364e-01 -1.27823364e-01
 -1.27823364e-01 -1.27823364e-01 -1.27823364e-01  3.94391634e+00
 -1.27823364e-01 -1.27823364e-01 -1.27823364e-01 -1.27823364e-01
 -1.27823364e-01 -1.27823364e-01 -1.27823364e-01 -1.27823364e-01
 -1.27823364e-01 -1.27823364e-01 -1.27823364e-01 -1.27823364e-01
 -1.27823364e-01 -1.27823364e-01 -1.27823364e-01 -1.27823364e-01
 -1.27823364e-01 -1.27823364e-01 -1.27823364e-01 -1.27823364e-01
 -1.27823364e-01 -1.27823364e-01 -1.27823364e-01 -1.27823364e-01
 -1.27823364e-01 -1.27823364e-01  1.03091636e+01 -1.27823364e-01
 -1.27823364e-01 -1.27823364e-01 -1.27823364e-01 -1.27823364e-01
 -1.27823364e-01 -1.27823364e-01 -1.27823364e-01 -1.27823364e-01
 -1.27823364e-01 -1.27823364e-01 -1.27823364e-01 -1.27823364e-01
 -1.27823364e-01 -1.27823364e-01 -1.27823364e-01 -1.27823364e-01
 -1.27823364e-01 -1.27823364e-01 -1.27823364e-01 -1.27823364e-01
 -1.27823364e-01 -1.27823364e-01 -1.27823364e-01 -1.27823364e-01
 -1.27823364e-01 -1.27823364e-01 -1.27823364e-01 -1.27823364e-01
 -1.27823364e-01 -1.27823364e-01 -1.27823364e-01 -1.27823364e-01
 -1.27823364e-01 -1.27823364e-01 -1.27823364e-01 -1.27823364e-01
 -1.27823364e-01 -1.27823364e-01 -1.27823364e-01 -1.27823364e-01
 -1.27823364e-01 -1.27823364e-01 -1.27823364e-01 -1.27823364e-01
 -1.27823364e-01 -1.27823364e-01 -1.27823364e-01 -1.27823364e-01
 -1.27823364e-01 -1.27823364e-01 -1.27823364e-01 -1.27823364e-01
 -1.27823364e-01 -1.27823364e-01 -1.27823364e-01 -1.27823364e-01
 -1.27823364e-01 -1.27823364e-01 -1.27823364e-01 -1.27823364e-01
 -1.27823364e-01 -1.27823364e-01 -1.27823364e-01 -1.27823364e-01
 -1.27823364e-01 -1.27823364e-01 -1.27823364e-01 -1.27823364e-01
 -1.27823364e-01 -1.27823364e-01 -1.27823364e-01 -1.27823364e-01
 -1.27823364e-01 -1.27823364e-01  5.33715296e+00 -1.27823364e-01
 -1.27823364e-01 -1.27823364e-01 -1.27823364e-01 -1.27823364e-01
 -1.27823364e-01 -1.27823364e-01 -1.27823364e-01 -1.27823364e-01
 -1.27823364e-01 -1.27823364e-01 -1.27823364e-01 -1.27823364e-01
  7.98943423e+00 -1.27823364e-01 -1.27823364e-01 -1.27823364e-01
 -1.27823364e-01 -1.27823364e-01 -1.27823364e-01 -1.27823364e-01
 -1.27823364e-01 -1.27823364e-01  2.86228359e+00 -1.27823364e-01
 -1.27823364e-01 -1.27823364e-01 -1.27823364e-01  7.56809266e+00
 -1.27823364e-01 -1.27823364e-01 -1.27823364e-01 -1.27823364e-01
 -1.27823364e-01 -1.27823364e-01 -1.27823364e-01 -1.27823364e-01
 -1.27823364e-01 -1.27823364e-01 -1.27823364e-01 -1.27823364e-01
 -1.27823364e-01 -1.27823364e-01 -1.27823364e-01 -1.27823364e-01
 -1.27823364e-01 -1.27823364e-01 -1.27823364e-01  8.41862341e-03
 -1.27823364e-01 -1.27823364e-01 -1.27823364e-01 -1.27823364e-01
 -1.27823364e-01 -1.27823364e-01 -1.27823364e-01 -1.27823364e-01
 -1.27823364e-01 -1.27823364e-01 -1.27823364e-01 -1.27823364e-01
 -1.27823364e-01 -1.27823364e-01 -1.27823364e-01 -1.27823364e-01
 -1.27823364e-01 -1.27823364e-01 -1.27823364e-01 -1.27823364e-01
 -1.27823364e-01 -1.27823364e-01 -1.27823364e-01 -1.27823364e-01
 -1.27823364e-01 -1.27823364e-01 -1.27823364e-01 -1.27823364e-01
 -1.27823364e-01 -1.27823364e-01 -1.27823364e-01 -1.27823364e-01
 -1.27823364e-01 -1.27823364e-01 -1.27823364e-01 -1.27823364e-01
 -1.27823364e-01 -1.27823364e-01 -1.27823364e-01 -1.27823364e-01
 -1.27823364e-01 -1.27823364e-01 -1.27823364e-01 -1.27823364e-01
 -1.27823364e-01 -1.27823364e-01 -1.27823364e-01 -1.27823364e-01
 -1.27823364e-01 -1.27823364e-01 -1.27823364e-01  2.14852234e+00
 -1.27823364e-01 -1.27823364e-01 -1.27823364e-01 -1.27823364e-01
 -1.27823364e-01 -1.27823364e-01 -1.27823364e-01 -1.27823364e-01
 -1.27823364e-01 -1.27823364e-01 -1.27823364e-01 -1.27823364e-01
 -1.27823364e-01 -1.27823364e-01 -1.27823364e-01 -1.27823364e-01
 -1.27823364e-01 -1.27823364e-01 -1.27823364e-01 -1.27823364e-01
 -1.27823364e-01 -1.27823364e-01 -1.27823364e-01  3.43064236e+00
 -1.27823364e-01 -1.27823364e-01 -1.27823364e-01 -1.27823364e-01
 -1.27823364e-01 -1.27823364e-01 -1.27823364e-01 -1.27823364e-01
 -1.27823364e-01 -1.27823364e-01 -1.27823364e-01 -1.27823364e-01
 -1.27823364e-01 -1.27823364e-01 -1.27823364e-01 -1.27823364e-01
 -1.27823364e-01 -1.27823364e-01 -1.27823364e-01 -1.27823364e-01
 -1.27823364e-01 -1.27823364e-01 -1.27823364e-01 -1.27823364e-01
 -1.27823364e-01 -1.27823364e-01 -1.27823364e-01 -1.27823364e-01
 -1.27823364e-01 -1.27823364e-01 -1.27823364e-01 -1.27823364e-01
 -1.27823364e-01 -1.27823364e-01 -1.27823364e-01 -1.27823364e-01
 -1.27823364e-01 -1.27823364e-01 -1.27823364e-01 -1.27823364e-01
 -1.27823364e-01 -1.27823364e-01 -1.27823364e-01 -1.27823364e-01
 -1.27823364e-01 -1.27823364e-01 -1.27823364e-01 -1.27823364e-01
 -1.27823364e-01 -1.27823364e-01 -1.27823364e-01 -1.27823364e-01
 -1.27823364e-01 -1.27823364e-01 -1.27823364e-01 -1.27823364e-01
 -1.27823364e-01 -1.27823364e-01 -1.27823364e-01 -1.27823364e-01
 -1.27823364e-01 -1.27823364e-01 -1.27823364e-01 -1.27823364e-01
 -1.27823364e-01 -1.27823364e-01 -1.27823364e-01 -1.27823364e-01
 -1.27823364e-01 -1.27823364e-01 -1.27823364e-01 -1.27823364e-01
 -1.27823364e-01 -1.27823364e-01 -1.27823364e-01 -1.27823364e-01
 -1.27823364e-01 -1.27823364e-01 -1.27823364e-01 -1.27823364e-01
 -1.27823364e-01 -1.27823364e-01 -1.27823364e-01 -1.27823364e-01
 -1.27823364e-01 -1.27823364e-01 -1.27823364e-01 -1.27823364e-01
 -1.27823364e-01 -1.27823364e-01 -1.27823364e-01 -1.27823364e-01
 -1.27823364e-01 -1.27823364e-01 -1.27823364e-01 -1.27823364e-01
 -1.27823364e-01 -1.27823364e-01 -1.27823364e-01 -1.27823364e-01
 -1.27823364e-01 -1.27823364e-01 -1.27823364e-01 -1.27823364e-01
 -1.27823364e-01 -1.27823364e-01 -1.27823364e-01 -1.27823364e-01
 -1.27823364e-01 -1.27823364e-01 -1.27823364e-01 -1.27823364e-01
 -1.27823364e-01 -1.27823364e-01 -1.27823364e-01 -1.27823364e-01
 -1.27823364e-01 -1.27823364e-01 -1.27823364e-01 -1.27823364e-01
 -1.27823364e-01 -1.27823364e-01 -1.27823364e-01 -1.27823364e-01
 -1.27823364e-01 -1.27823364e-01 -1.27823364e-01 -1.27823364e-01
 -1.27823364e-01 -1.27823364e-01 -1.27823364e-01 -1.27823364e-01
 -1.27823364e-01 -1.27823364e-01 -1.27823364e-01 -1.27823364e-01
 -1.27823364e-01 -1.27823364e-01 -1.27823364e-01 -1.27823364e-01
 -1.27823364e-01 -1.27823364e-01 -1.27823364e-01 -1.27823364e-01
 -1.27823364e-01 -1.27823364e-01 -1.27823364e-01 -1.27823364e-01
 -1.27823364e-01 -1.27823364e-01 -1.27823364e-01 -1.27823364e-01
  1.22850688e+01 -1.27823364e-01 -1.27823364e-01 -1.27823364e-01
 -1.27823364e-01 -1.27823364e-01 -1.27823364e-01 -1.27823364e-01
 -1.27823364e-01 -1.27823364e-01 -1.27823364e-01 -1.27823364e-01
 -1.27823364e-01 -1.27823364e-01 -1.27823364e-01 -1.27823364e-01
 -1.27823364e-01 -1.27823364e-01 -1.27823364e-01 -1.27823364e-01
 -1.27823364e-01 -1.27823364e-01 -1.27823364e-01  7.97597996e+00
 -1.27823364e-01 -1.27823364e-01 -1.27823364e-01 -1.27823364e-01
 -1.27823364e-01 -1.27823364e-01 -1.27823364e-01 -1.27823364e-01
 -1.27823364e-01 -1.27823364e-01 -1.27823364e-01 -1.27823364e-01
 -1.27823364e-01 -1.27823364e-01 -1.27823364e-01 -1.27823364e-01
 -1.27823364e-01 -1.27823364e-01 -1.27823364e-01 -1.27823364e-01
 -1.27823364e-01 -1.27823364e-01 -1.27823364e-01 -1.27823364e-01
 -1.27823364e-01 -1.27823364e-01 -1.27823364e-01 -1.27823364e-01
 -1.27823364e-01 -1.27823364e-01 -1.27823364e-01 -1.27823364e-01]",[-0.031512155462627894]
7,"[-0.2255523  -0.2255523  -0.2255523  -0.2255523  -0.03813032 -0.2255523
 -0.2255523  -0.2255523  -0.2255523  -0.2255523  -0.2255523  -0.2255523
 -0.2255523  -0.2255523  -0.2255523  -0.2255523  -0.2255523  -0.2255523
  1.39583267 -0.2255523  -0.2255523  -0.2255523  -0.2255523  -0.2255523
 -0.2255523  -0.2255523  -0.2255523  -0.2255523  -0.2255523  -0.2255523
 -0.2255523  -0.2255523  -0.2255523  -0.2255523  -0.2255523  -0.2255523
 -0.2255523  -0.2255523  -0.2255523  -0.2255523  -0.2255523  -0.2255523
 -0.2255523  -0.2255523  -0.2255523  -0.2255523  -0.2255523  -0.2255523
 -0.2255523  -0.2255523  -0.2255523  -0.2255523  -0.2255523  -0.2255523
 -0.2255523  -0.2255523  -0.2255523  -0.2255523  -0.2255523  -0.2255523
 -0.2255523  -0.2255523  -0.2255523  -0.2255523  -0.2255523  -0.2255523
 -0.2255523  -0.2255523  -0.2255523  -0.2255523  -0.2255523  -0.2255523
 -0.2255523  -0.2255523  -0.2255523  -0.2255523  -0.2255523  -0.2255523
 -0.2255523  -0.2255523  -0.2255523  -0.2255523  -0.2255523   5.63439912
 -0.2255523  -0.2255523  -0.2255523  -0.2255523  -0.2255523   6.52083812
 -0.2255523  -0.2255523   1.81844747 -0.2255523  -0.2255523  -0.2255523
 -0.2255523  -0.2255523  -0.2255523  -0.2255523  -0.2255523  -0.2255523
 -0.2255523  -0.2255523  -0.2255523  -0.2255523  -0.2255523  -0.2255523
 -0.2255523  -0.2255523   6.11470239 -0.2255523  -0.2255523  -0.2255523
 -0.2255523  -0.2255523   6.99311239 -0.2255523  -0.2255523  -0.2255523
 -0.2255523  -0.2255523  -0.2255523  -0.2255523  -0.2255523  -0.2255523
 -0.2255523  -0.2255523  -0.2255523  -0.2255523  -0.2255523  -0.2255523
 -0.2255523  -0.2255523  -0.2255523  -0.2255523  -0.2255523  -0.2255523
 -0.2255523  -0.2255523  -0.2255523  -0.2255523  -0.2255523  -0.2255523
 -0.2255523  -0.2255523  -0.2255523  -0.2255523  -0.2255523  -0.2255523
 -0.2255523  -0.2255523  -0.2255523  -0.2255523  -0.2255523  -0.2255523
 -0.2255523  -0.2255523  -0.2255523  -0.2255523  -0.2255523  -0.2255523
 -0.2255523   0.92981058 -0.2255523  -0.2255523  -0.2255523  -0.2255523
 -0.2255523  -0.2255523  -0.2255523  -0.2255523  -0.2255523  -0.2255523
 -0.2255523  -0.2255523  -0.2255523  -0.2255523  -0.2255523  -0.2255523
 -0.2255523  -0.2255523  -0.2255523  -0.2255523  -0.2255523  -0.2255523
 -0.2255523  -0.2255523  -0.2255523  -0.2255523  -0.2255523  -0.2255523
 -0.2255523  -0.2255523   2.28339701 -0.2255523  -0.2255523  -0.2255523
 -0.2255523  -0.2255523  -0.2255523  -0.2255523  -0.2255523  -0.2255523
 -0.2255523  -0.2255523  -0.2255523  -0.2255523  -0.2255523  -0.2255523
  1.94433234 -0.2255523  -0.07488758 -0.2255523  -0.2255523   2.53639675
 -0.2255523  -0.2255523  -0.2255523  -0.2255523  -0.2255523  -0.2255523
 -0.2255523  -0.2255523  -0.2255523  -0.2255523  -0.2255523  -0.2255523
 -0.2255523  -0.2255523  -0.2255523   0.57737917 -0.2255523  -0.2255523
 -0.2255523   3.66665812 -0.2255523   4.47568531  5.35798592 -0.2255523
  4.18257765 -0.2255523  -0.2255523  -0.2255523  -0.2255523  -0.2255523
 -0.2255523  -0.2255523  -0.2255523  -0.2255523  -0.2255523  -0.2255523
 -0.2255523  -0.2255523  -0.2255523   5.33514269  0.99601283 -0.2255523
 -0.2255523  -0.2255523  -0.2255523   4.74890219 -0.2255523   0.55990084
 -0.2255523  -0.2255523  -0.2255523   1.49761536 -0.2255523  -0.2255523
  3.26504375 -0.2255523   6.06127848 -0.2255523   5.42093418 -0.2255523
 -0.2255523  -0.2255523  -0.2255523  -0.2255523   3.57008255 -0.2255523
  3.79465694  0.86393735 -0.2255523  -0.2255523   6.35804862  2.82721043
 -0.2255523  -0.2255523  -0.2255523  -0.2255523  -0.2255523  -0.2255523
 -0.2255523  -0.2255523  -0.2255523  -0.2255523  -0.2255523  -0.2255523
 -0.2255523  -0.2255523  -0.2255523  -0.2255523  -0.2255523  -0.2255523
 -0.2255523  -0.2255523  -0.2255523  -0.2255523  -0.2255523   1.12504413
 -0.2255523   0.66201203 -0.2255523  -0.2255523  -0.2255523  -0.2255523
 -0.2255523  -0.2255523  -0.2255523  -0.2255523  -0.2255523  -0.2255523
 -0.2255523  -0.2255523  -0.2255523  -0.2255523  -0.2255523  -0.2255523
 -0.2255523  -0.2255523  -0.2255523  -0.2255523  -0.2255523  -0.2255523
 -0.2255523  -0.2255523  -0.2255523  -0.2255523  -0.2255523  -0.2255523
 -0.2255523  -0.2255523  -0.2255523  -0.2255523  -0.2255523  -0.2255523
 -0.2255523  -0.2255523  -0.2255523  -0.2255523  -0.2255523  -0.2255523
 -0.2255523  -0.2255523  -0.2255523  -0.2255523  -0.2255523  -0.2255523
 -0.2255523  -0.2255523  -0.2255523  -0.2255523  -0.2255523  -0.2255523
 -0.2255523  -0.2255523  -0.2255523  -0.2255523  -0.2255523  -0.2255523
 -0.2255523  -0.2255523  -0.2255523  -0.2255523  -0.2255523  -0.2255523
 -0.2255523  -0.2255523  -0.2255523  -0.2255523  -0.2255523  -0.2255523
 -0.2255523  -0.2255523  -0.2255523  -0.2255523  -0.2255523  -0.2255523
 -0.2255523  -0.2255523  -0.2255523  -0.2255523  -0.2255523  -0.2255523
 -0.2255523  -0.2255523  -0.2255523  -0.2255523  -0.2255523  -0.2255523
 -0.2255523  -0.2255523  -0.2255523  -0.2255523  -0.2255523  -0.2255523
 -0.2255523  -0.2255523  -0.2255523  -0.2255523  -0.2255523  -0.2255523
 -0.2255523  -0.2255523  -0.2255523  -0.2255523  -0.2255523  -0.2255523
 -0.2255523  -0.2255523  -0.2255523  -0.2255523   1.39583267 -0.2255523
 -0.2255523  -0.2255523  -0.2255523  -0.2255523  -0.2255523  -0.2255523
 -0.2255523  -0.2255523  -0.2255523  -0.2255523  -0.2255523  -0.2255523
 -0.2255523  -0.2255523  -0.2255523  -0.2255523  -0.2255523  -0.2255523
 -0.2255523  -0.2255523  -0.2255523  -0.2255523  -0.2255523  -0.2255523
 -0.2255523  -0.2255523  -0.2255523  -0.2255523  -0.2255523  -0.2255523
 -0.2255523  -0.2255523  -0.2255523  -0.2255523  -0.2255523  -0.2255523
 -0.2255523  -0.2255523   3.01721764 -0.2255523  -0.2255523  -0.2255523
 -0.2255523  -0.2255523  -0.2255523  -0.2255523  -0.2255523  -0.2255523
 -0.2255523  -0.2255523  -0.2255523  -0.2255523  -0.2255523  -0.2255523
 -0.2255523  -0.2255523  -0.2255523  -0.2255523  -0.2255523  -0.2255523
 -0.2255523   3.57545812 -0.2255523  -0.2255523  -0.2255523  -0.2255523
 -0.2255523  -0.2255523  -0.2255523  -0.2255523  -0.2255523  -0.2255523
 -0.2255523  -0.2255523  -0.2255523  -0.2255523  -0.2255523  -0.2255523
 -0.2255523  -0.2255523  -0.2255523  -0.2255523  -0.2255523  -0.2255523
 -0.2255523  -0.2255523  -0.2255523  -0.2255523  -0.2255523  -0.2255523
 -0.2255523  -0.2255523  -0.2255523  -0.2255523 ]",[0.012886294358580741]
7,"[-1.69668636e-01 -1.69668636e-01 -1.69668636e-01 -1.69668636e-01
 -1.69668636e-01 -1.69668636e-01 -1.69668636e-01 -1.69668636e-01
 -1.69668636e-01 -1.69668636e-01 -1.69668636e-01 -1.69668636e-01
 -1.69668636e-01 -1.69668636e-01 -1.69668636e-01 -1.69668636e-01
 -1.69668636e-01 -1.69668636e-01 -1.69668636e-01 -1.69668636e-01
 -1.69668636e-01 -1.69668636e-01 -1.69668636e-01 -1.69668636e-01
 -1.69668636e-01 -1.69668636e-01 -1.69668636e-01  4.71703858e-01
 -1.69668636e-01 -1.69668636e-01 -1.69668636e-01 -1.69668636e-01
 -1.69668636e-01 -1.69668636e-01 -1.69668636e-01 -1.69668636e-01
 -1.69668636e-01 -1.69668636e-01 -1.69668636e-01 -1.69668636e-01
 -1.69668636e-01 -1.69668636e-01 -1.69668636e-01 -1.69668636e-01
 -1.69668636e-01 -1.69668636e-01 -1.69668636e-01 -1.69668636e-01
 -1.69668636e-01 -1.69668636e-01 -1.69668636e-01 -1.69668636e-01
 -1.69668636e-01 -1.69668636e-01 -1.69668636e-01 -1.69668636e-01
 -1.69668636e-01 -1.69668636e-01 -1.69668636e-01 -1.69668636e-01
 -1.69668636e-01 -1.69668636e-01 -1.69668636e-01 -1.69668636e-01
 -1.69668636e-01 -1.69668636e-01 -1.69668636e-01 -1.69668636e-01
 -1.69668636e-01 -1.69668636e-01 -1.69668636e-01 -1.69668636e-01
 -1.69668636e-01 -1.69668636e-01 -1.69668636e-01 -1.69668636e-01
 -1.69668636e-01 -1.69668636e-01 -1.69668636e-01 -1.69668636e-01
 -1.69668636e-01 -1.69668636e-01 -1.69668636e-01  8.14365705e+00
 -1.69668636e-01 -1.69668636e-01 -1.69668636e-01 -1.69668636e-01
 -1.69668636e-01 -1.69668636e-01 -1.69668636e-01 -1.69668636e-01
 -1.69668636e-01 -1.69668636e-01 -1.69668636e-01 -1.69668636e-01
 -1.69668636e-01 -1.69668636e-01 -1.69668636e-01 -1.69668636e-01
 -1.69668636e-01 -1.69668636e-01 -1.69668636e-01 -1.69668636e-01
 -1.69668636e-01 -1.69668636e-01 -1.69668636e-01 -1.69668636e-01
 -1.69668636e-01 -1.69668636e-01  7.80704745e-01 -1.69668636e-01
 -1.69668636e-01 -1.69668636e-01 -1.69668636e-01 -1.69668636e-01
 -1.69668636e-01 -1.69668636e-01 -1.69668636e-01 -1.69668636e-01
 -1.69668636e-01 -1.69668636e-01 -1.69668636e-01 -1.69668636e-01
 -1.69668636e-01 -1.69668636e-01 -1.69668636e-01 -1.69668636e-01
 -1.69668636e-01 -1.69668636e-01 -1.69668636e-01 -1.69668636e-01
 -1.69668636e-01 -1.69668636e-01 -1.69668636e-01 -1.69668636e-01
 -1.69668636e-01 -1.69668636e-01 -1.69668636e-01 -1.69668636e-01
 -1.69668636e-01 -1.69668636e-01 -1.69668636e-01 -1.69668636e-01
 -1.69668636e-01 -1.69668636e-01 -1.69668636e-01 -1.69668636e-01
 -1.69668636e-01 -1.69668636e-01 -1.69668636e-01 -1.69668636e-01
 -1.69668636e-01 -1.69668636e-01 -1.69668636e-01 -1.69668636e-01
 -1.69668636e-01 -1.69668636e-01 -1.69668636e-01 -1.69668636e-01
 -1.69668636e-01 -1.69668636e-01 -1.69668636e-01 -1.69668636e-01
 -1.69668636e-01 -1.69668636e-01 -1.69668636e-01 -1.69668636e-01
 -1.69668636e-01 -1.69668636e-01 -1.69668636e-01 -1.69668636e-01
 -1.69668636e-01  2.54084274e+00 -1.69668636e-01 -1.69668636e-01
 -1.69668636e-01 -1.69668636e-01 -1.69668636e-01 -1.69668636e-01
 -1.69668636e-01 -1.69668636e-01 -1.69668636e-01 -1.69668636e-01
 -1.69668636e-01 -1.69668636e-01  4.56618126e+00 -1.69668636e-01
 -1.69668636e-01 -1.69668636e-01 -1.69668636e-01 -1.69668636e-01
 -1.69668636e-01 -1.69668636e-01 -1.69668636e-01 -1.69668636e-01
 -1.69668636e-01 -1.69668636e-01 -1.69668636e-01 -1.69668636e-01
 -1.69668636e-01 -1.69668636e-01 -1.69668636e-01  4.67429393e+00
 -1.69668636e-01 -1.69668636e-01 -1.69668636e-01 -1.69668636e-01
 -1.69668636e-01 -1.69668636e-01  7.13343868e+00 -1.69668636e-01
 -1.69668636e-01 -1.69668636e-01 -1.69668636e-01  5.17734069e+00
 -1.69668636e-01 -1.69668636e-01 -1.69668636e-01 -1.69668636e-01
 -1.69668636e-01 -1.69668636e-01 -1.69668636e-01 -1.69668636e-01
 -1.69668636e-01 -1.69668636e-01 -1.69668636e-01 -1.69668636e-01
 -1.69668636e-01 -1.69668636e-01 -1.69668636e-01 -1.69668636e-01
 -1.69668636e-01 -1.69668636e-01 -1.69668636e-01  8.28314380e-03
 -1.69668636e-01 -1.69668636e-01 -1.69668636e-01 -1.69668636e-01
 -1.69668636e-01 -1.69668636e-01 -1.69668636e-01 -1.69668636e-01
 -1.69668636e-01 -1.69668636e-01 -1.69668636e-01 -1.69668636e-01
 -1.69668636e-01 -1.69668636e-01 -1.69668636e-01 -1.69668636e-01
 -1.69668636e-01 -1.69668636e-01 -1.69668636e-01 -1.69668636e-01
 -1.69668636e-01 -1.69668636e-01 -1.69668636e-01 -1.69668636e-01
 -1.69668636e-01  2.26007907e+00 -1.69668636e-01 -1.69668636e-01
 -1.69668636e-01 -1.69668636e-01 -1.69668636e-01 -1.69668636e-01
 -1.69668636e-01 -1.69668636e-01 -1.69668636e-01 -1.69668636e-01
 -1.69668636e-01 -1.69668636e-01 -1.69668636e-01 -1.69668636e-01
 -1.69668636e-01 -1.69668636e-01 -1.69668636e-01 -1.69668636e-01
 -1.69668636e-01 -1.69668636e-01 -1.69668636e-01 -1.69668636e-01
 -1.69668636e-01 -1.69668636e-01 -1.69668636e-01  3.80252697e+00
 -1.69668636e-01 -1.69668636e-01 -1.69668636e-01 -1.69668636e-01
 -1.69668636e-01 -1.69668636e-01 -1.69668636e-01 -1.69668636e-01
 -1.69668636e-01 -1.69668636e-01 -1.69668636e-01 -1.69668636e-01
 -1.69668636e-01 -1.69668636e-01 -1.69668636e-01 -1.69668636e-01
 -1.69668636e-01 -1.69668636e-01 -1.69668636e-01 -1.69668636e-01
 -1.69668636e-01 -1.69668636e-01 -1.69668636e-01  5.86065575e+00
 -1.69668636e-01 -1.69668636e-01 -1.69668636e-01 -1.69668636e-01
 -1.69668636e-01 -1.69668636e-01 -1.69668636e-01 -1.69668636e-01
 -1.69668636e-01 -1.69668636e-01 -1.69668636e-01 -1.69668636e-01
 -1.69668636e-01 -1.69668636e-01 -1.69668636e-01 -1.69668636e-01
 -1.69668636e-01 -1.69668636e-01 -1.69668636e-01 -1.69668636e-01
 -1.69668636e-01 -1.69668636e-01 -1.69668636e-01 -1.69668636e-01
 -1.69668636e-01 -1.69668636e-01 -1.69668636e-01 -1.69668636e-01
 -1.69668636e-01 -1.69668636e-01 -1.69668636e-01 -1.69668636e-01
 -1.69668636e-01 -1.69668636e-01 -1.69668636e-01 -1.69668636e-01
 -1.69668636e-01 -1.69668636e-01 -1.69668636e-01 -1.69668636e-01
 -1.69668636e-01 -1.69668636e-01 -1.69668636e-01 -1.69668636e-01
 -1.69668636e-01 -1.69668636e-01 -1.69668636e-01 -1.69668636e-01
 -1.69668636e-01 -1.69668636e-01 -1.69668636e-01 -1.69668636e-01
 -1.69668636e-01 -1.69668636e-01 -1.69668636e-01 -1.69668636e-01
 -1.69668636e-01 -1.69668636e-01 -1.69668636e-01 -1.69668636e-01
 -1.69668636e-01 -1.69668636e-01 -1.69668636e-01 -1.69668636e-01
 -1.69668636e-01 -1.69668636e-01 -1.69668636e-01 -1.69668636e-01
 -1.69668636e-01 -1.69668636e-01 -1.69668636e-01 -1.69668636e-01
 -1.69668636e-01 -1.69668636e-01 -1.69668636e-01 -1.69668636e-01
 -1.69668636e-01 -1.69668636e-01 -1.69668636e-01 -1.69668636e-01
 -1.69668636e-01 -1.69668636e-01 -1.69668636e-01 -1.69668636e-01
 -1.69668636e-01 -1.69668636e-01 -1.69668636e-01 -1.69668636e-01
 -1.69668636e-01 -1.69668636e-01 -1.69668636e-01 -1.69668636e-01
 -1.69668636e-01 -1.69668636e-01 -1.69668636e-01 -1.69668636e-01
 -1.69668636e-01 -1.69668636e-01 -1.69668636e-01 -1.69668636e-01
 -1.69668636e-01 -1.69668636e-01 -1.69668636e-01 -1.69668636e-01
 -1.69668636e-01 -1.69668636e-01 -1.69668636e-01 -1.69668636e-01
 -1.69668636e-01 -1.69668636e-01 -1.69668636e-01 -1.69668636e-01
 -1.69668636e-01 -1.69668636e-01 -1.69668636e-01 -1.69668636e-01
 -1.69668636e-01 -1.69668636e-01 -1.69668636e-01 -1.69668636e-01
 -1.69668636e-01 -1.69668636e-01 -1.69668636e-01 -1.69668636e-01
 -1.69668636e-01 -1.69668636e-01 -1.69668636e-01 -1.69668636e-01
 -1.69668636e-01 -1.69668636e-01 -1.69668636e-01 -1.69668636e-01
 -1.69668636e-01 -1.69668636e-01 -1.69668636e-01 -1.69668636e-01
 -1.69668636e-01 -1.69668636e-01 -1.69668636e-01 -1.69668636e-01
 -1.69668636e-01 -1.69668636e-01 -1.69668636e-01 -1.69668636e-01
 -1.69668636e-01 -1.69668636e-01 -1.69668636e-01 -1.69668636e-01
 -1.69668636e-01 -1.69668636e-01 -1.69668636e-01 -1.69668636e-01
 -1.69668636e-01 -1.69668636e-01 -1.69668636e-01 -1.69668636e-01
  9.61389590e+00  2.95047299e+00 -1.69668636e-01  6.07532976e+00
  2.48143557e+00 -1.69668636e-01 -1.69668636e-01 -1.69668636e-01
 -1.69668636e-01 -1.69668636e-01 -1.69668636e-01 -1.69668636e-01
 -1.69668636e-01 -1.69668636e-01 -1.69668636e-01 -1.69668636e-01
 -1.69668636e-01 -1.69668636e-01 -1.69668636e-01  6.53031280e+00
  7.81088568e+00 -1.69668636e-01 -1.69668636e-01  2.98367788e+00
 -1.69668636e-01 -1.69668636e-01 -1.69668636e-01 -1.69668636e-01
 -1.69668636e-01  9.68599405e-01 -1.69668636e-01 -1.69668636e-01
 -1.69668636e-01 -1.69668636e-01 -1.69668636e-01 -1.69668636e-01
 -1.69668636e-01 -1.69668636e-01 -1.69668636e-01 -1.69668636e-01
 -1.69668636e-01 -1.69668636e-01 -1.69668636e-01 -1.69668636e-01
 -1.69668636e-01 -1.69668636e-01 -1.69668636e-01 -1.69668636e-01
 -1.69668636e-01 -1.69668636e-01 -1.69668636e-01 -1.69668636e-01]",[-0.0018246314483616188]
7,"[-0.20653365 -0.20653365 -0.20653365 -0.20653365 -0.20653365 -0.20653365
 -0.20653365 -0.20653365 -0.20653365 -0.20653365 -0.20653365 -0.20653365
 -0.20653365 -0.20653365 -0.20653365 -0.20653365 -0.20653365  3.20378383
  1.65754269 -0.20653365 -0.20653365 -0.20653365 -0.20653365 -0.20653365
 -0.20653365 -0.20653365 -0.20653365 -0.20653365 -0.20653365 -0.20653365
 -0.20653365 -0.20653365 -0.20653365 -0.20653365 -0.20653365 -0.20653365
 -0.20653365 -0.20653365 -0.20653365 -0.20653365 -0.20653365 -0.20653365
 -0.20653365 -0.20653365 -0.20653365 -0.20653365 -0.20653365 -0.20653365
 -0.20653365 -0.20653365 -0.20653365 -0.20653365 -0.20653365 -0.20653365
 -0.20653365 -0.20653365 -0.20653365 -0.20653365  2.67049258 -0.20653365
 -0.20653365 -0.20653365 -0.20653365 -0.20653365 -0.20653365 -0.20653365
 -0.20653365 -0.20653365 -0.20653365 -0.20653365 -0.20653365 -0.20653365
 -0.20653365 -0.20653365 -0.20653365 -0.20653365 -0.20653365 -0.20653365
 -0.20653365 -0.20653365 -0.20653365 -0.20653365 -0.20653365  8.85999018
 -0.20653365 -0.20653365 -0.20653365 -0.20653365 -0.20653365  5.48874183
 -0.20653365  4.69409707  3.10528765 -0.20653365 -0.20653365 -0.20653365
 -0.20653365 -0.20653365 -0.20653365 -0.20653365 -0.20653365 -0.20653365
 -0.20653365 -0.20653365 -0.20653365 -0.20653365 -0.20653365 -0.20653365
 -0.20653365 -0.20653365  7.06045321 -0.20653365 -0.20653365 -0.20653365
 -0.20653365  1.59191026  4.32035478 -0.20653365 -0.20653365 -0.20653365
 -0.20653365 -0.20653365 -0.20653365 -0.20653365 -0.20653365 -0.20653365
 -0.20653365 -0.20653365 -0.20653365 -0.20653365 -0.20653365 -0.20653365
 -0.20653365 -0.20653365 -0.20653365 -0.20653365 -0.20653365 -0.20653365
 -0.20653365 -0.20653365 -0.20653365 -0.20653365 -0.20653365 -0.20653365
 -0.20653365 -0.20653365 -0.20653365 -0.20653365 -0.20653365 -0.20653365
 -0.20653365 -0.20653365 -0.20653365 -0.20653365 -0.20653365 -0.20653365
 -0.20653365 -0.20653365 -0.20653365 -0.20653365 -0.20653365 -0.20653365
 -0.20653365 -0.20653365 -0.20653365 -0.20653365 -0.20653365 -0.20653365
 -0.20653365 -0.20653365 -0.20653365 -0.20653365 -0.20653365  1.70399265
 -0.20653365 -0.20653365 -0.20653365 -0.20653365 -0.20653365 -0.20653365
 -0.20653365 -0.20653365 -0.20653365 -0.20653365 -0.20653365 -0.20653365
 -0.20653365 -0.20653365 -0.20653365 -0.20653365 -0.20653365 -0.20653365
 -0.20653365 -0.20653365 -0.20653365 -0.20653365 -0.20653365 -0.20653365
 -0.20653365 -0.20653365  2.93565439 -0.20653365 -0.20653365 -0.20653365
 -0.20653365 -0.20653365 -0.20653365 -0.20653365 -0.20653365 -0.20653365
  3.28886944 -0.20653365 -0.10702024 -0.20653365 -0.20653365  0.83202835
 -0.20653365 -0.20653365  0.69835655  1.79893066 -0.20653365 -0.20653365
 -0.20653365  0.2396318  -0.20653365 -0.20653365 -0.20653365 -0.20653365
 -0.20653365 -0.20653365 -0.20653365 -0.20653365 -0.20653365 -0.20653365
 -0.20653365 -0.01764975 -0.20653365 -0.20653365 -0.20653365 -0.20653365
  1.16159438 -0.20653365 -0.20653365 -0.20653365 -0.20653365 -0.20653365
 -0.20653365 -0.20653365 -0.20653365 -0.20653365 -0.20653365 -0.20653365
 -0.20653365 -0.20653365 -0.20653365 -0.20653365 -0.20653365 -0.20653365
 -0.20653365 -0.20653365 -0.20653365 -0.20653365  4.10785949 -0.20653365
 -0.20653365 -0.20653365 -0.20653365 -0.20653365 -0.20653365 -0.20653365
 -0.20653365 -0.20653365 -0.20653365 -0.20653365 -0.20653365 -0.20653365
 -0.20653365 -0.20653365 -0.20653365 -0.20653365 -0.20653365 -0.20653365
 -0.20653365  1.91252351 -0.20653365 -0.20653365 -0.20653365  1.27282633
 -0.20653365 -0.20653365 -0.20653365 -0.20653365 -0.20653365 -0.20653365
 -0.20653365 -0.20653365 -0.20653365 -0.20653365 -0.20653365  4.90810339
 -0.20653365 -0.20653365 -0.20653365 -0.20653365 -0.20653365 -0.20653365
  5.18284828  6.46919987 -0.20653365 -0.20653365 -0.20653365  6.23229675
 -0.20653365 -0.20653365 -0.20653365 -0.20653365 -0.20653365 -0.20653365
 -0.20653365 -0.20653365 -0.20653365 -0.20653365 -0.20653365 -0.20653365
 -0.20653365 -0.20653365 -0.20653365 -0.20653365 -0.20653365 -0.20653365
 -0.20653365 -0.20653365 -0.20653365 -0.20653365 -0.20653365 -0.20653365
 -0.20653365 -0.20653365 -0.20653365 -0.20653365 -0.20653365 -0.20653365
 -0.20653365 -0.20653365 -0.20653365 -0.20653365 -0.20653365 -0.20653365
 -0.20653365 -0.20653365 -0.20653365 -0.20653365 -0.20653365 -0.20653365
 -0.20653365 -0.20653365 -0.20653365 -0.20653365 -0.20653365 -0.20653365
 -0.20653365 -0.20653365 -0.20653365 -0.20653365 -0.20653365 -0.20653365
 -0.20653365 -0.20653365 -0.20653365 -0.20653365 -0.20653365 -0.20653365
 -0.20653365 -0.20653365 -0.20653365 -0.20653365 -0.20653365 -0.20653365
 -0.20653365 -0.20653365 -0.20653365 -0.20653365 -0.20653365 -0.20653365
 -0.20653365 -0.20653365 -0.20653365 -0.20653365 -0.20653365 -0.20653365
 -0.20653365 -0.20653365 -0.20653365 -0.20653365 -0.20653365 -0.20653365
 -0.20653365 -0.20653365 -0.20653365 -0.20653365 -0.20653365 -0.20653365
 -0.20653365 -0.20653365 -0.20653365 -0.20653365 -0.20653365 -0.20653365
 -0.20653365 -0.20653365 -0.20653365 -0.20653365 -0.20653365 -0.20653365
 -0.20653365 -0.20653365 -0.20653365 -0.20653365 -0.20653365 -0.20653365
 -0.20653365 -0.20653365 -0.20653365 -0.20653365 -0.20653365 -0.20653365
 -0.20653365 -0.20653365 -0.20653365 -0.20653365 -0.20653365 -0.20653365
 -0.20653365 -0.20653365 -0.20653365 -0.20653365 -0.20653365 -0.20653365
 -0.20653365 -0.20653365 -0.20653365 -0.20653365 -0.20653365 -0.20653365
  4.48038836 -0.20653365 -0.20653365 -0.20653365 -0.20653365 -0.20653365
 -0.20653365 -0.20653365 -0.20653365 -0.20653365 -0.20653365 -0.20653365
 -0.20653365 -0.20653365 -0.20653365 -0.20653365 -0.20653365 -0.20653365
 -0.20653365 -0.20653365  5.84044907 -0.20653365 -0.20653365 -0.20653365
 -0.20653365 -0.20653365 -0.20653365 -0.20653365 -0.20653365 -0.20653365
 -0.20653365 -0.20653365 -0.20653365 -0.20653365 -0.20653365 -0.20653365
 -0.20653365 -0.20653365 -0.20653365 -0.20653365 -0.20653365 -0.20653365
 -0.20653365  5.60794943 -0.20653365 -0.20653365 -0.20653365 -0.20653365
 -0.20653365 -0.20653365 -0.20653365 -0.20653365 -0.20653365 -0.20653365
 -0.20653365 -0.20653365 -0.20653365 -0.20653365 -0.20653365 -0.20653365
 -0.20653365 -0.20653365 -0.20653365 -0.20653365 -0.20653365 -0.20653365
 -0.20653365 -0.20653365 -0.20653365 -0.20653365 -0.20653365 -0.20653365
 -0.20653365 -0.20653365 -0.20653365 -0.20653365]",[0.02644071486911237]
7,"[-0.13533104 -0.13533104 -0.13533104 -0.13533104 -0.13533104 -0.13533104
 -0.13533104 -0.13533104 -0.13533104 -0.13533104 -0.13533104 -0.13533104
 -0.13533104 -0.13533104 -0.13533104 -0.13533104 -0.13533104 -0.13533104
 -0.13533104 -0.13533104 -0.13533104 -0.13533104 -0.13533104 -0.13533104
 -0.13533104 -0.13533104 -0.13533104 -0.13533104 -0.13533104 -0.13533104
 -0.13533104 -0.13533104 -0.13533104 -0.13533104 -0.13533104 -0.13533104
 -0.13533104 -0.13533104 -0.13533104 -0.13533104 -0.13533104 -0.13533104
 -0.13533104 -0.13533104 -0.13533104 -0.13533104 -0.13533104 -0.13533104
 -0.13533104 -0.13533104 -0.13533104 -0.13533104 -0.13533104 -0.13533104
 -0.13533104 -0.13533104 -0.13533104 -0.13533104 -0.13533104 -0.13533104
 -0.13533104 -0.13533104 -0.13533104 -0.13533104 -0.13533104 -0.13533104
 -0.13533104 -0.13533104 -0.13533104 -0.13533104 -0.13533104 -0.13533104
 -0.13533104 -0.13533104 -0.13533104 -0.13533104 -0.13533104 -0.13533104
 -0.13533104 -0.13533104 -0.13533104 -0.13533104 -0.13533104  9.03155856
 -0.13533104 -0.13533104 -0.13533104 -0.13533104 -0.13533104 -0.13533104
 -0.13533104 -0.13533104 -0.13533104 -0.13533104 -0.13533104 -0.13533104
 -0.13533104 -0.13533104 -0.13533104 -0.13533104 -0.13533104 -0.13533104
 -0.13533104 -0.13533104 -0.13533104 -0.13533104 -0.13533104 -0.13533104
 -0.13533104 -0.13533104 -0.13533104 -0.13533104 -0.13533104 -0.13533104
 -0.13533104 -0.13533104 -0.13533104 -0.13533104 -0.13533104 -0.13533104
 -0.13533104 -0.13533104 -0.13533104 -0.13533104 -0.13533104 -0.13533104
 -0.13533104 -0.13533104 -0.13533104 -0.13533104 -0.13533104 -0.13533104
 -0.13533104 -0.13533104 -0.13533104 -0.13533104 -0.13533104 -0.13533104
 -0.13533104 -0.13533104 -0.13533104 -0.13533104 -0.13533104 -0.13533104
 -0.13533104 -0.13533104 -0.13533104 -0.13533104 -0.13533104 -0.13533104
 -0.13533104 -0.13533104 -0.13533104 -0.13533104 -0.13533104 -0.13533104
 -0.13533104 -0.13533104 -0.13533104 -0.13533104 -0.13533104 -0.13533104
 -0.13533104 -0.13533104 -0.13533104 -0.13533104 -0.13533104 -0.13533104
 -0.13533104 -0.13533104 -0.13533104 -0.13533104 -0.13533104 -0.13533104
 -0.13533104 -0.13533104 -0.13533104 -0.13533104 -0.13533104 -0.13533104
 -0.13533104 -0.13533104 -0.13533104 -0.13533104 -0.13533104 -0.13533104
 -0.13533104 -0.13533104 -0.13533104 -0.13533104 -0.13533104 -0.13533104
 -0.13533104 -0.13533104 -0.13533104 -0.13533104 -0.13533104 -0.13533104
 -0.13533104 -0.13533104  3.00511254 -0.13533104 -0.13533104 -0.13533104
 -0.13533104 -0.13533104 -0.13533104 -0.13533104 -0.13533104 -0.13533104
  2.0687539  -0.13533104 -0.13533104 -0.13533104 -0.13533104  7.07732038
 -0.13533104 -0.13533104 -0.13533104 -0.13533104 -0.13533104 -0.13533104
 -0.13533104 -0.13533104 -0.13533104 -0.13533104 -0.13533104 -0.13533104
 -0.13533104 -0.13533104 -0.13533104 -0.13533104 -0.13533104 -0.13533104
 -0.13533104 -0.13533104 -0.13533104  0.74555595 -0.13533104 -0.13533104
  2.11047188 -0.13533104 -0.13533104 -0.13533104 -0.13533104 -0.13533104
 -0.13533104 -0.13533104 -0.13533104 -0.13533104 -0.13533104 -0.13533104
 -0.13533104 -0.13533104 -0.13533104 -0.13533104 -0.13533104 -0.13533104
 -0.13533104 -0.13533104 -0.13533104  4.79212261 -0.13533104 -0.13533104
 -0.13533104 -0.13533104 -0.13533104 -0.13533104 -0.13533104 -0.13533104
 -0.13533104 -0.13533104 -0.13533104 -0.13533104 -0.13533104 -0.13533104
 -0.13533104 -0.13533104 -0.13533104 -0.13533104 -0.13533104 -0.13533104
 -0.13533104 -0.13533104 -0.13533104 -0.13533104 -0.13533104  5.39451918
 -0.13533104 -0.13533104 -0.13533104 -0.13533104 -0.13533104 -0.13533104
 -0.13533104 -0.13533104 -0.13533104 -0.13533104 -0.13533104 -0.13533104
 -0.13533104 -0.13533104 -0.13533104 -0.13533104 -0.13533104 -0.13533104
 -0.13533104 -0.13533104 -0.13533104 -0.13533104 -0.13533104  8.46439617
 -0.13533104 -0.13533104 -0.13533104 -0.13533104 -0.13533104 -0.13533104
 -0.13533104 -0.13533104 -0.13533104 -0.13533104 -0.13533104 -0.13533104
 -0.13533104 -0.13533104 -0.13533104 -0.13533104 -0.13533104 -0.13533104
 -0.13533104 -0.13533104 -0.13533104 -0.13533104 -0.13533104 -0.13533104
 -0.13533104 -0.13533104 -0.13533104 -0.13533104 -0.13533104 -0.13533104
 -0.13533104 -0.13533104 -0.13533104 -0.13533104 -0.13533104 -0.13533104
 -0.13533104 -0.13533104 -0.13533104 -0.13533104 -0.13533104 -0.13533104
 -0.13533104 -0.13533104 -0.13533104 -0.13533104 -0.13533104 -0.13533104
 -0.13533104 -0.13533104 -0.13533104 -0.13533104 -0.13533104 -0.13533104
 -0.13533104 -0.13533104 -0.13533104 -0.13533104 -0.13533104 -0.13533104
 -0.13533104 -0.13533104 -0.13533104 -0.13533104 -0.13533104 -0.13533104
 -0.13533104 -0.13533104 -0.13533104 -0.13533104 -0.13533104 -0.13533104
 -0.13533104 -0.13533104 -0.13533104 -0.13533104 -0.13533104 -0.13533104
 -0.13533104 -0.13533104 -0.13533104 -0.13533104 -0.13533104 -0.13533104
 -0.13533104 -0.13533104 -0.13533104 -0.13533104 -0.13533104 -0.13533104
 -0.13533104 -0.13533104 -0.13533104 -0.13533104 -0.13533104 -0.13533104
 -0.13533104 -0.13533104 -0.13533104 -0.13533104 -0.13533104 -0.13533104
 -0.13533104 -0.13533104 -0.13533104 -0.13533104 -0.13533104 -0.13533104
 -0.13533104 -0.13533104 -0.13533104 -0.13533104 -0.13533104 -0.13533104
 -0.13533104 -0.13533104 -0.13533104 -0.13533104 -0.13533104 -0.13533104
 -0.13533104 -0.13533104 -0.13533104 -0.13533104 -0.13533104 -0.13533104
 -0.13533104 -0.13533104 -0.13533104 -0.13533104 -0.13533104 -0.13533104
 -0.13533104 -0.13533104 -0.13533104 -0.13533104 -0.13533104 -0.13533104
 -0.13533104 -0.13533104 -0.13533104 -0.13533104 -0.13533104 -0.13533104
 -0.13533104 -0.13533104 -0.13533104 -0.13533104 -0.13533104 -0.13533104
 -0.13533104 -0.13533104  7.84918788 -0.13533104 -0.13533104 -0.13533104
 -0.13533104 -0.13533104 -0.13533104 11.29666049 -0.13533104 -0.13533104
 -0.13533104 -0.13533104 -0.13533104 -0.13533104 -0.13533104 -0.13533104
 -0.13533104 -0.13533104 -0.13533104 -0.13533104 -0.13533104 -0.13533104
 -0.13533104  6.91250813 -0.13533104 -0.13533104 -0.13533104 -0.13533104
 -0.13533104 -0.13533104 -0.13533104 -0.13533104 -0.13533104 -0.13533104
 -0.13533104 -0.13533104 -0.13533104 -0.13533104 -0.13533104 -0.13533104
 -0.13533104 -0.13533104 -0.13533104 -0.13533104 -0.13533104 -0.13533104
 -0.13533104 -0.13533104 -0.13533104 -0.13533104 -0.13533104 -0.13533104
 -0.13533104 -0.13533104 -0.13533104 -0.13533104]",[-0.02741540453960678]
7,"[-0.21051577 -0.21051577 -0.21051577 -0.21051577 -0.21051577 -0.21051577
 -0.21051577 -0.21051577 -0.21051577 -0.21051577 -0.21051577 -0.21051577
 -0.21051577 -0.21051577 -0.21051577 -0.21051577 -0.21051577 -0.21051577
 -0.21051577 -0.21051577 -0.21051577 -0.21051577 -0.21051577 -0.21051577
 -0.21051577 -0.21051577 -0.21051577 -0.21051577 -0.21051577 -0.21051577
 -0.21051577 -0.21051577 -0.21051577 -0.21051577 -0.21051577 -0.21051577
 -0.21051577 -0.21051577 -0.21051577 -0.21051577 -0.21051577 -0.21051577
 -0.21051577 -0.21051577 -0.21051577 -0.21051577 -0.21051577 -0.21051577
 -0.21051577 -0.21051577 -0.21051577 -0.21051577 -0.21051577 -0.21051577
 -0.21051577  1.04113878 -0.21051577 -0.21051577 -0.21051577 -0.21051577
 -0.21051577 -0.21051577 -0.21051577 -0.21051577 -0.21051577 -0.21051577
 -0.21051577 -0.21051577 -0.21051577 -0.21051577 -0.21051577 -0.21051577
 -0.21051577 -0.21051577 -0.21051577 -0.21051577 -0.21051577 -0.21051577
 -0.21051577 -0.21051577 -0.21051577 -0.21051577 -0.21051577  2.92064373
 -0.21051577 -0.21051577 -0.21051577 -0.21051577 -0.21051577 -0.21051577
 -0.21051577 -0.21051577  3.4107264  -0.21051577 -0.21051577 -0.21051577
 -0.21051577 -0.21051577 -0.21051577 -0.21051577 -0.21051577 -0.21051577
 -0.21051577 -0.21051577 -0.21051577 -0.21051577 -0.21051577 -0.21051577
 -0.21051577 -0.21051577  0.47436128 -0.21051577 -0.21051577 -0.21051577
 -0.21051577 -0.21051577  0.52938745 -0.21051577 -0.21051577 -0.21051577
 -0.21051577 -0.21051577 -0.21051577 -0.21051577 -0.21051577 -0.21051577
 -0.21051577 -0.21051577 -0.21051577 -0.21051577 -0.21051577 -0.21051577
 -0.21051577 -0.21051577 -0.21051577 -0.21051577 -0.21051577 -0.21051577
 -0.21051577 -0.21051577 -0.21051577 -0.21051577 -0.21051577 -0.21051577
 -0.21051577 -0.21051577 -0.21051577 -0.21051577 -0.21051577 -0.21051577
 -0.21051577 -0.21051577 -0.21051577 -0.21051577 -0.21051577 -0.21051577
 -0.21051577 -0.21051577 -0.21051577 -0.21051577 -0.21051577 -0.21051577
 -0.21051577 -0.21051577 -0.21051577 -0.21051577 -0.21051577 -0.21051577
 -0.21051577 -0.21051577 -0.21051577 -0.21051577 -0.21051577  1.31891695
 -0.21051577 -0.21051577 -0.21051577 -0.21051577 -0.21051577 -0.21051577
 -0.21051577 -0.21051577 -0.21051577 -0.21051577 -0.21051577 -0.21051577
 -0.21051577 -0.21051577 -0.21051577 -0.21051577 -0.21051577 -0.21051577
 -0.21051577 -0.21051577 -0.21051577 -0.21051577 -0.21051577 -0.21051577
 -0.21051577 -0.21051577  3.40191732 -0.21051577 -0.21051577 -0.21051577
 -0.21051577 -0.21051577 -0.21051577 -0.21051577 -0.21051577 -0.21051577
  1.50939064 -0.21051577  2.58939458 -0.21051577 -0.21051577  4.91950964
 -0.21051577 -0.21051577 -0.21051577 -0.21051577 -0.21051577 -0.21051577
 -0.21051577 -0.21051577 -0.21051577 -0.21051577 -0.21051577 -0.21051577
 -0.21051577 -0.21051577 -0.21051577 -0.21051577 -0.21051577 -0.21051577
 -0.21051577  4.08594665 -0.21051577  2.23120205  2.86192058 -0.21051577
  4.77983679  4.45469314 -0.21051577 -0.21051577 -0.21051577 -0.21051577
 -0.21051577 -0.21051577 -0.21051577 -0.21051577 -0.21051577 -0.21051577
 -0.21051577 -0.21051577 -0.21051577 -0.21051577  3.59168235 -0.21051577
 -0.21051577 -0.21051577  6.19439395  5.62943692 -0.21051577  0.62236446
 -0.21051577 -0.21051577 -0.21051577 -0.21051577  0.60510178 -0.21051577
 -0.21051577 -0.21051577 -0.21051577 -0.21051577  5.48385585 -0.21051577
 -0.21051577 -0.21051577 -0.21051577 -0.21051577 -0.21051577 -0.21051577
 -0.21051577  4.73175168 -0.21051577 -0.21051577 -0.21051577  7.31599126
 -0.21051577 -0.21051577 -0.21051577 -0.21051577 -0.21051577 -0.21051577
 -0.21051577 -0.21051577 -0.21051577 -0.21051577 -0.21051577 -0.21051577
 -0.21051577 -0.21051577 -0.21051577 -0.21051577 -0.21051577 -0.21051577
 -0.21051577 -0.21051577 -0.21051577 -0.21051577 -0.21051577  0.99460995
 -0.21051577  1.1043968  -0.21051577 -0.21051577 -0.21051577 -0.21051577
 -0.21051577 -0.21051577 -0.21051577 -0.21051577 -0.21051577 -0.21051577
 -0.21051577 -0.21051577 -0.21051577 -0.21051577 -0.21051577 -0.21051577
 -0.21051577 -0.21051577 -0.21051577 -0.21051577 -0.21051577 -0.21051577
 -0.21051577 -0.21051577 -0.21051577 -0.21051577 -0.21051577 -0.21051577
 -0.21051577 -0.21051577 -0.21051577 -0.21051577 -0.21051577 -0.21051577
 -0.21051577 -0.21051577 -0.21051577 -0.21051577 -0.21051577 -0.21051577
 -0.21051577 -0.21051577 -0.21051577 -0.21051577 -0.21051577 -0.21051577
 -0.21051577 -0.21051577 -0.21051577 -0.21051577 -0.21051577 -0.21051577
 -0.21051577 -0.21051577 -0.21051577 -0.21051577 -0.21051577 -0.21051577
 -0.21051577 -0.21051577 -0.21051577 -0.21051577 -0.21051577 -0.21051577
 -0.21051577 -0.21051577 -0.21051577 -0.21051577 -0.21051577 -0.21051577
 -0.21051577 -0.21051577 -0.21051577 -0.21051577 -0.21051577 -0.21051577
 -0.21051577 -0.21051577 -0.21051577 -0.21051577 -0.21051577 -0.21051577
 -0.21051577 -0.21051577 -0.21051577 -0.21051577 -0.21051577 -0.21051577
 -0.21051577 -0.21051577 -0.21051577 -0.21051577 -0.21051577 -0.21051577
 -0.21051577 -0.21051577 -0.21051577 -0.21051577 -0.21051577 -0.21051577
 -0.21051577 -0.21051577 -0.21051577 -0.21051577 -0.21051577 -0.21051577
 -0.21051577 -0.21051577 -0.21051577 -0.21051577 -0.21051577 -0.21051577
 -0.21051577 -0.21051577 -0.21051577 -0.21051577 -0.21051577 -0.21051577
 -0.21051577 -0.21051577 -0.21051577 -0.21051577 -0.21051577 -0.21051577
 -0.21051577 -0.21051577 -0.21051577 -0.21051577 -0.21051577 -0.21051577
 -0.21051577 -0.21051577 -0.21051577 -0.21051577 -0.21051577 -0.21051577
 -0.21051577 -0.21051577 -0.21051577 -0.21051577 -0.21051577 -0.21051577
 -0.21051577 -0.21051577 -0.21051577 -0.21051577 -0.21051577 -0.21051577
 -0.21051577 -0.21051577  6.5448758  -0.21051577  7.31218963 -0.21051577
  7.88126962 -0.21051577 -0.21051577 -0.21051577  2.01112102 -0.21051577
 -0.21051577 -0.21051577 -0.21051577 -0.21051577 -0.21051577 -0.21051577
 -0.21051577 -0.21051577 -0.21051577 -0.21051577 -0.21051577 -0.21051577
 -0.21051577  1.57958848 -0.21051577 -0.21051577 -0.21051577  0.81059509
 -0.21051577 -0.21051577 -0.21051577 -0.21051577 -0.21051577 -0.21051577
 -0.21051577 -0.21051577 -0.21051577 -0.21051577 -0.21051577 -0.21051577
 -0.21051577 -0.21051577 -0.21051577 -0.21051577 -0.21051577 -0.21051577
 -0.21051577 -0.21051577 -0.21051577 -0.21051577 -0.21051577 -0.21051577
 -0.21051577 -0.21051577 -0.21051577 -0.21051577]",[-0.01813727720526409]
7,"[-0.0963079  -0.0963079  -0.0963079  -0.0963079  -0.0963079  -0.0963079
 -0.0963079  -0.0963079  -0.0963079  -0.0963079  -0.0963079  -0.0963079
 -0.0963079  -0.0963079  -0.0963079  -0.0963079  -0.0963079  -0.0963079
 -0.0963079  -0.0963079  -0.0963079  -0.0963079  -0.0963079  -0.0963079
 -0.0963079  -0.0963079  -0.0963079  -0.0963079  -0.0963079  -0.0963079
 -0.0963079  -0.0963079  -0.0963079  -0.0963079  -0.0963079  -0.0963079
 -0.0963079  -0.0963079  -0.0963079  -0.0963079  -0.0963079  -0.0963079
 -0.0963079  -0.0963079  -0.0963079  -0.0963079  -0.0963079  -0.0963079
 -0.0963079  -0.0963079  -0.0963079  -0.0963079  -0.0963079  -0.0963079
 -0.0963079  -0.0963079  -0.0963079  -0.0963079  -0.0963079  -0.0963079
 -0.0963079  -0.0963079  -0.0963079  -0.0963079  -0.0963079  -0.0963079
 -0.0963079  -0.0963079  -0.0963079  -0.0963079  -0.0963079  -0.0963079
 -0.0963079  -0.0963079  -0.0963079  -0.0963079  -0.0963079  -0.0963079
 -0.0963079  -0.0963079  -0.0963079  -0.0963079  -0.0963079   3.14319423
 -0.0963079  -0.0963079  -0.0963079  -0.0963079  -0.0963079  -0.0963079
 -0.0963079  -0.0963079  -0.0963079  -0.0963079  -0.0963079  -0.0963079
 -0.0963079  -0.0963079  -0.0963079  -0.0963079  -0.0963079  -0.0963079
 -0.0963079  -0.0963079  -0.0963079  -0.0963079  -0.0963079  -0.0963079
 -0.0963079  -0.0963079  -0.0963079  -0.0963079  -0.0963079  -0.0963079
 -0.0963079  -0.0963079  -0.0963079  -0.0963079  -0.0963079  -0.0963079
 -0.0963079  -0.0963079  -0.0963079  -0.0963079  -0.0963079  -0.0963079
 -0.0963079  -0.0963079  -0.0963079  -0.0963079  -0.0963079  -0.0963079
 -0.0963079  -0.0963079  -0.0963079  -0.0963079  -0.0963079  -0.0963079
 -0.0963079  -0.0963079  -0.0963079  -0.0963079  -0.0963079  -0.0963079
 -0.0963079  -0.0963079  -0.0963079  -0.0963079  -0.0963079  -0.0963079
 -0.0963079  -0.0963079  -0.0963079  -0.0963079  -0.0963079  -0.0963079
 -0.0963079  -0.0963079  -0.0963079  -0.0963079  -0.0963079  -0.0963079
 -0.0963079  -0.0963079  -0.0963079  -0.0963079  -0.0963079  -0.0963079
 -0.0963079  -0.0963079  -0.0963079  -0.0963079  -0.0963079  -0.0963079
 -0.0963079  -0.0963079  -0.0963079  -0.0963079  -0.0963079  -0.0963079
 -0.0963079  -0.0963079  -0.0963079  -0.0963079  -0.0963079  -0.0963079
 -0.0963079  -0.0963079  -0.0963079  -0.0963079  -0.0963079  -0.0963079
 -0.0963079  -0.0963079  -0.0963079  -0.0963079  -0.0963079  -0.0963079
 -0.0963079  -0.0963079   9.17142817 -0.0963079  -0.0963079  -0.0963079
 -0.0963079  -0.0963079  -0.0963079  -0.0963079  -0.0963079  -0.0963079
  9.15292862 -0.0963079  -0.0963079  -0.0963079  -0.0963079   1.35870468
 -0.0963079  -0.0963079  -0.0963079  -0.0963079  -0.0963079  -0.0963079
 -0.0963079  -0.0963079  -0.0963079  -0.0963079  -0.0963079  -0.0963079
 -0.0963079  -0.0963079  -0.0963079  -0.0963079  -0.0963079  -0.0963079
 -0.0963079  -0.0963079  -0.0963079  -0.0963079  -0.0963079  -0.0963079
  0.77139584 -0.0963079  -0.0963079  -0.0963079  -0.0963079  -0.0963079
 -0.0963079  -0.0963079  -0.0963079  -0.0963079  -0.0963079  -0.0963079
 -0.0963079  -0.0963079  -0.0963079  -0.0963079  -0.0963079  -0.0963079
 -0.0963079  -0.0963079  -0.0963079  -0.0963079  -0.0963079  -0.0963079
 -0.0963079  -0.0963079  -0.0963079  -0.0963079  -0.0963079  -0.0963079
 -0.0963079  -0.0963079  -0.0963079  -0.0963079  -0.0963079  -0.0963079
 -0.0963079  -0.0963079  -0.0963079  -0.0963079  -0.0963079  -0.0963079
 -0.0963079  -0.0963079  -0.0963079  -0.0963079  -0.0963079  -0.0963079
 -0.0963079  -0.0963079  -0.0963079  -0.0963079  -0.0963079  -0.0963079
 -0.0963079  -0.0963079  -0.0963079  -0.0963079  -0.0963079  -0.0963079
 -0.0963079  -0.0963079  -0.0963079  -0.0963079  -0.0963079  -0.0963079
 -0.0963079  -0.0963079  -0.0963079  -0.0963079  -0.0963079  11.90524436
 -0.0963079  -0.0963079  -0.0963079  -0.0963079  -0.0963079  -0.0963079
 -0.0963079  -0.0963079  -0.0963079  -0.0963079  -0.0963079  -0.0963079
 -0.0963079  -0.0963079  -0.0963079  -0.0963079  -0.0963079  -0.0963079
 -0.0963079  -0.0963079  -0.0963079  -0.0963079  -0.0963079  -0.0963079
 -0.0963079  -0.0963079  -0.0963079  -0.0963079  -0.0963079  -0.0963079
 -0.0963079  -0.0963079  -0.0963079  -0.0963079  -0.0963079  -0.0963079
 -0.0963079  -0.0963079  -0.0963079  -0.0963079  -0.0963079  -0.0963079
 -0.0963079  -0.0963079  -0.0963079  -0.0963079  -0.0963079  -0.0963079
 -0.0963079  -0.0963079  -0.0963079  -0.0963079  -0.0963079  -0.0963079
 -0.0963079  -0.0963079  -0.0963079  -0.0963079  -0.0963079  -0.0963079
 -0.0963079  -0.0963079  -0.0963079  -0.0963079  -0.0963079  -0.0963079
 -0.0963079  -0.0963079  -0.0963079  -0.0963079  -0.0963079  -0.0963079
 -0.0963079  -0.0963079  -0.0963079  -0.0963079  -0.0963079  -0.0963079
 -0.0963079  -0.0963079  -0.0963079  -0.0963079  -0.0963079  -0.0963079
 -0.0963079  -0.0963079  -0.0963079  -0.0963079  -0.0963079  -0.0963079
 -0.0963079  -0.0963079  -0.0963079  -0.0963079  -0.0963079  -0.0963079
 -0.0963079  -0.0963079  -0.0963079  -0.0963079  -0.0963079  -0.0963079
 -0.0963079  -0.0963079  -0.0963079  -0.0963079  -0.0963079  -0.0963079
 -0.0963079  -0.0963079  -0.0963079  -0.0963079  -0.0963079  -0.0963079
 -0.0963079  -0.0963079  -0.0963079  -0.0963079  -0.0963079  -0.0963079
 -0.0963079  -0.0963079  -0.0963079  -0.0963079  -0.0963079  -0.0963079
 -0.0963079  -0.0963079  -0.0963079  -0.0963079  -0.0963079  -0.0963079
 -0.0963079  -0.0963079  -0.0963079  -0.0963079  -0.0963079  -0.0963079
 -0.0963079  -0.0963079  -0.0963079  -0.0963079  -0.0963079  -0.0963079
 -0.0963079  -0.0963079  -0.0963079  -0.0963079  -0.0963079  -0.0963079
 -0.0963079  -0.0963079  13.90305637 -0.0963079  -0.0963079  -0.0963079
 -0.0963079  -0.0963079  -0.0963079  -0.0963079  -0.0963079  -0.0963079
 -0.0963079  -0.0963079  -0.0963079  -0.0963079  -0.0963079  -0.0963079
 -0.0963079  -0.0963079  -0.0963079  -0.0963079  -0.0963079  -0.0963079
 -0.0963079  -0.0963079  -0.0963079  -0.0963079  -0.0963079  -0.0963079
 -0.0963079  -0.0963079  -0.0963079  -0.0963079  -0.0963079  -0.0963079
 -0.0963079  -0.0963079  -0.0963079  -0.0963079  -0.0963079  -0.0963079
 -0.0963079  -0.0963079  -0.0963079  -0.0963079  -0.0963079  -0.0963079
 -0.0963079  -0.0963079  -0.0963079  -0.0963079  -0.0963079  -0.0963079
 -0.0963079  -0.0963079  -0.0963079  -0.0963079 ]",[-0.0721605718434136]
7,"[-0.20393881 -0.20393881 -0.20393881 -0.20393881 -0.20393881 -0.20393881
 -0.20393881 -0.20393881 -0.20393881 -0.20393881 -0.20393881 -0.20393881
 -0.20393881 -0.20393881 -0.20393881 -0.20393881 -0.20393881 -0.20393881
 -0.20393881 -0.20393881 -0.20393881 -0.20393881 -0.20393881 -0.20393881
 -0.20393881 -0.20393881 -0.20393881 -0.20393881 -0.20393881 -0.20393881
 -0.20393881 -0.20393881 -0.20393881 -0.20393881 -0.20393881 -0.20393881
 -0.20393881 -0.20393881 -0.20393881 -0.20393881 -0.20393881 -0.20393881
 -0.20393881 -0.20393881 -0.20393881 -0.20393881 -0.20393881 -0.20393881
 -0.20393881 -0.20393881 -0.20393881 -0.20393881 -0.20393881 -0.20393881
 -0.20393881 -0.20393881 -0.20393881 -0.20393881 -0.20393881 -0.20393881
 -0.20393881 -0.20393881 -0.20393881 -0.20393881 -0.20393881 -0.20393881
 -0.20393881 -0.20393881 -0.20393881 -0.20393881 -0.20393881 -0.20393881
 -0.20393881 -0.20393881 -0.20393881 -0.20393881 -0.20393881 -0.20393881
 -0.20393881 -0.20393881 -0.20393881 -0.20393881 -0.20393881  8.681738
 -0.20393881 -0.20393881 -0.20393881 -0.20393881 -0.20393881 -0.20393881
 -0.20393881 -0.20393881  4.3335325  -0.20393881 -0.20393881 -0.20393881
 -0.20393881 -0.20393881 -0.20393881 -0.20393881 -0.20393881 -0.20393881
 -0.20393881 -0.20393881 -0.20393881 -0.20393881 -0.20393881 -0.20393881
 -0.20393881 -0.20393881 -0.20393881 -0.20393881 -0.20393881 -0.20393881
 -0.20393881 -0.20393881 -0.20393881 -0.20393881 -0.20393881 -0.20393881
 -0.20393881 -0.20393881 -0.20393881  3.42923465 -0.20393881 -0.20393881
 -0.20393881 -0.20393881 -0.20393881 -0.20393881 -0.20393881 -0.20393881
 -0.20393881 -0.20393881 -0.20393881 -0.20393881 -0.20393881 -0.20393881
 -0.20393881 -0.20393881 -0.20393881 -0.20393881 -0.20393881 -0.20393881
 -0.20393881 -0.20393881 -0.20393881 -0.20393881 -0.20393881 -0.20393881
 -0.20393881 -0.20393881 -0.20393881 -0.20393881 -0.20393881 -0.20393881
 -0.20393881 -0.20393881 -0.20393881 -0.20393881 -0.20393881 -0.20393881
 -0.20393881 -0.20393881 -0.20393881 -0.20393881 -0.20393881 -0.20393881
 -0.20393881 -0.20393881 -0.20393881 -0.20393881 -0.20393881 -0.20393881
 -0.20393881 -0.20393881 -0.20393881 -0.20393881 -0.20393881 -0.20393881
 -0.20393881 -0.20393881 -0.20393881 -0.20393881 -0.20393881 -0.20393881
 -0.20393881 -0.20393881 -0.20393881 -0.20393881 -0.20393881 -0.20393881
 -0.20393881 -0.20393881 -0.20393881 -0.20393881 -0.20393881 -0.20393881
 -0.20393881 -0.20393881  1.58564656 -0.20393881 -0.20393881 -0.20393881
 -0.20393881 -0.20393881 -0.20393881 -0.20393881 -0.20393881 -0.20393881
  3.60195877 -0.20393881 -0.20393881 -0.20393881 -0.20393881  4.0621053
 -0.20393881 -0.20393881 -0.20393881 -0.20393881 -0.20393881 -0.20393881
 -0.20393881 -0.20393881 -0.20393881 -0.20393881 -0.20393881 -0.20393881
 -0.20393881 -0.20393881 -0.20393881 -0.20393881 -0.20393881 -0.20393881
 -0.20393881  3.33696381 -0.20393881  4.3597202   5.098845   -0.20393881
  5.45374817 -0.20393881 -0.20393881 -0.20393881 -0.20393881 -0.20393881
 -0.20393881 -0.20393881 -0.20393881 -0.20393881 -0.20393881 -0.20393881
 -0.20393881 -0.20393881 -0.20393881  2.02070388  2.37336947 -0.20393881
 -0.20393881 -0.20393881 -0.20393881  4.17868422 -0.20393881  0.9980238
 -0.20393881 -0.20393881 -0.20393881 -0.20393881 -0.20393881 -0.20393881
 -0.20393881 -0.20393881  7.34635037 -0.20393881  4.36873721 -0.20393881
 -0.20393881 -0.20393881 -0.20393881 -0.20393881 -0.20393881 -0.20393881
  2.0310887   2.58013483 -0.20393881 -0.20393881  4.15411581  5.23310713
 -0.20393881 -0.20393881 -0.20393881 -0.20393881 -0.20393881 -0.20393881
 -0.20393881 -0.20393881 -0.20393881 -0.20393881 -0.20393881 -0.20393881
 -0.20393881 -0.20393881 -0.20393881 -0.20393881 -0.20393881 -0.20393881
 -0.20393881 -0.20393881 -0.20393881 -0.20393881 -0.20393881  3.79648848
 -0.20393881 -0.20393881 -0.20393881 -0.20393881 -0.20393881 -0.20393881
 -0.20393881 -0.20393881 -0.20393881 -0.20393881 -0.20393881 -0.20393881
 -0.20393881 -0.20393881 -0.20393881 -0.20393881 -0.20393881 -0.20393881
 -0.20393881 -0.20393881 -0.20393881 -0.20393881 -0.20393881 -0.20393881
 -0.20393881 -0.20393881 -0.20393881 -0.20393881 -0.20393881 -0.20393881
 -0.20393881 -0.20393881 -0.20393881 -0.20393881 -0.20393881 -0.20393881
 -0.20393881 -0.20393881 -0.20393881 -0.20393881 -0.20393881 -0.20393881
 -0.20393881 -0.20393881 -0.20393881 -0.20393881 -0.20393881 -0.20393881
 -0.20393881 -0.20393881 -0.20393881 -0.20393881 -0.20393881 -0.20393881
 -0.20393881 -0.20393881 -0.20393881 -0.20393881 -0.20393881 -0.20393881
 -0.20393881 -0.20393881 -0.20393881 -0.20393881 -0.20393881 -0.20393881
 -0.20393881 -0.20393881 -0.20393881 -0.20393881 -0.20393881 -0.20393881
 -0.20393881 -0.20393881 -0.20393881 -0.20393881 -0.20393881 -0.20393881
 -0.20393881 -0.20393881 -0.20393881 -0.20393881 -0.20393881 -0.20393881
 -0.20393881 -0.20393881 -0.20393881 -0.20393881 -0.20393881 -0.20393881
 -0.20393881 -0.20393881 -0.20393881 -0.20393881 -0.20393881 -0.20393881
 -0.20393881 -0.20393881 -0.20393881 -0.20393881 -0.20393881 -0.20393881
 -0.20393881 -0.20393881 -0.20393881 -0.20393881 -0.20393881 -0.20393881
 -0.20393881 -0.20393881 -0.20393881 -0.20393881 -0.20393881 -0.20393881
 -0.20393881 -0.20393881 -0.20393881 -0.20393881 -0.20393881 -0.20393881
 -0.20393881 -0.20393881 -0.20393881 -0.20393881 -0.20393881 -0.20393881
 -0.20393881 -0.20393881 -0.20393881 -0.20393881 -0.20393881 -0.20393881
 -0.20393881 -0.20393881 -0.20393881 -0.20393881 -0.20393881 -0.20393881
  0.7206236  -0.20393881 -0.20393881 -0.20393881 -0.20393881 -0.20393881
 -0.20393881 -0.20393881 -0.20393881 -0.20393881 -0.20393881 -0.20393881
 -0.20393881 -0.20393881  7.28885302 -0.20393881 -0.20393881 -0.20393881
  4.0220701  -0.20393881 -0.20393881 -0.20393881 -0.20393881 -0.20393881
 -0.20393881 -0.20393881 -0.20393881 -0.20393881 -0.20393881 -0.20393881
 -0.20393881 -0.20393881 -0.20393881 -0.20393881 -0.20393881 -0.20393881
 -0.20393881  5.89386839 -0.20393881 -0.20393881 -0.20393881 -0.20393881
 -0.20393881 -0.20393881 -0.20393881 -0.20393881 -0.20393881 -0.20393881
 -0.20393881 -0.20393881 -0.20393881 -0.20393881 -0.20393881 -0.20393881
 -0.20393881 -0.20393881 -0.20393881 -0.20393881 -0.20393881 -0.20393881
 -0.20393881 -0.20393881 -0.20393881 -0.20393881 -0.20393881 -0.20393881
 -0.20393881 -0.20393881 -0.20393881 -0.20393881]",[0.02214242226388466]
7,"[-0.18491918 -0.18491918 -0.18491918 -0.18491918 -0.18491918 -0.18491918
 -0.18491918 -0.18491918 -0.18491918 -0.18491918 -0.18491918 -0.18491918
 -0.18491918 -0.18491918 -0.18491918 -0.18491918 -0.18491918 -0.18491918
 -0.18491918 -0.18491918 -0.18491918 -0.18491918 -0.18491918 -0.18491918
 -0.18491918 -0.18491918 -0.18491918 -0.18491918 -0.18491918 -0.18491918
 -0.18491918 -0.18491918 -0.18491918 -0.18491918 -0.18491918 -0.18491918
 -0.18491918 -0.18491918 -0.18491918 -0.18491918 -0.18491918 -0.18491918
 -0.18491918 -0.18491918 -0.18491918 -0.18491918 -0.18491918 -0.18491918
 -0.18491918 -0.18491918 -0.18491918 -0.18491918 -0.18491918 -0.18491918
 -0.18491918 -0.18491918 -0.18491918 -0.18491918 -0.18491918 -0.18491918
 -0.18491918 -0.18491918 -0.18491918 -0.18491918 -0.18491918 -0.18491918
 -0.18491918 -0.18491918 -0.18491918 -0.18491918 -0.18491918 -0.18491918
 -0.18491918 -0.18491918 -0.18491918 -0.18491918 -0.18491918 -0.18491918
 -0.18491918 -0.18491918 -0.18491918 -0.18491918 -0.18491918  9.92302978
 -0.18491918 -0.18491918 -0.18491918 -0.18491918 -0.18491918 -0.18491918
 -0.18491918 -0.18491918 -0.18491918 -0.18491918 -0.18491918 -0.18491918
 -0.18491918 -0.18491918 -0.18491918 -0.18491918 -0.18491918 -0.18491918
 -0.18491918 -0.18491918 -0.18491918 -0.18491918 -0.18491918 -0.18491918
 -0.18491918 -0.18491918  8.03249538 -0.18491918 -0.18491918 -0.18491918
 -0.18491918 -0.18491918  4.87568552 -0.18491918  0.71787899 -0.18491918
 -0.18491918 -0.18491918 -0.18491918 -0.18491918 -0.18491918 -0.18491918
 -0.18491918 -0.18491918 -0.18491918 -0.18491918 -0.18491918 -0.18491918
 -0.18491918 -0.18491918 -0.18491918 -0.18491918 -0.18491918 -0.18491918
 -0.18491918 -0.18491918 -0.18491918 -0.18491918 -0.18491918 -0.18491918
 -0.18491918 -0.18491918 -0.18491918 -0.18491918 -0.18491918 -0.18491918
 -0.18491918 -0.18491918 -0.18491918 -0.18491918 -0.18491918 -0.18491918
 -0.18491918 -0.18491918 -0.18491918 -0.18491918 -0.18491918 -0.18491918
 -0.18491918 -0.18491918 -0.18491918 -0.18491918 -0.18491918 -0.18491918
 -0.18491918 -0.18491918 -0.18491918 -0.18491918 -0.18491918 -0.18491918
 -0.18491918 -0.18491918 -0.18491918 -0.18491918 -0.18491918 -0.18491918
 -0.18491918 -0.18491918 -0.18491918 -0.18491918 -0.18491918 -0.18491918
 -0.18491918 -0.18491918 -0.18491918 -0.18491918 -0.18491918 -0.18491918
 -0.18491918 -0.18491918 -0.18491918 -0.18491918 -0.18491918 -0.18491918
 -0.18491918 -0.18491918  2.93745282 -0.18491918 -0.18491918  4.28132265
 -0.18491918 -0.18491918 -0.18491918 -0.18491918 -0.18491918 -0.18491918
  4.76629216 -0.18491918 -0.18491918 -0.18491918 -0.18491918  4.14552634
 -0.18491918 -0.18491918  0.23613245 -0.18491918 -0.18491918 -0.18491918
 -0.18491918 -0.18491918 -0.18491918 -0.18491918 -0.18491918 -0.18491918
 -0.18491918 -0.18491918 -0.18491918  3.98448032 -0.18491918 -0.18491918
 -0.18491918 -0.18491918 -0.18491918 -0.18491918 -0.18491918 -0.18491918
  4.40228853 -0.18491918 -0.18491918 -0.18491918 -0.18491918 -0.18491918
 -0.18491918 -0.18491918 -0.18491918 -0.18491918 -0.18491918 -0.18491918
 -0.18491918 -0.18491918 -0.18491918 -0.18491918 -0.18491918 -0.18491918
 -0.18491918 -0.18491918 -0.18491918  1.6579168  -0.18491918  0.06498517
 -0.18491918 -0.18491918 -0.18491918 -0.18491918 -0.18491918 -0.18491918
 -0.18491918 -0.18491918  4.11357121 -0.18491918 -0.18491918 -0.18491918
 -0.18491918 -0.18491918 -0.18491918 -0.18491918 -0.18491918 -0.18491918
 -0.18491918 -0.18491918 -0.18491918 -0.18491918 -0.18491918 -0.18491918
 -0.18491918 -0.18491918 -0.18491918 -0.18491918 -0.18491918 -0.18491918
 -0.18491918 -0.18491918  3.42990431 -0.18491918 -0.18491918 -0.18491918
  5.86831447 -0.18491918 -0.18491918 -0.18491918  1.63782825 -0.18491918
 -0.18491918 -0.18491918 -0.18491918 -0.18491918 -0.18491918  6.77996407
 -0.18491918 -0.18491918 -0.18491918 -0.18491918 -0.18491918 -0.18491918
 -0.18491918 -0.18491918 -0.18491918 -0.18491918 -0.18491918 -0.18491918
 -0.18491918 -0.18491918 -0.18491918 -0.18491918 -0.18491918 -0.18491918
 -0.18491918 -0.18491918 -0.18491918 -0.18491918 -0.18491918 -0.18491918
 -0.18491918 -0.18491918 -0.18491918 -0.18491918 -0.18491918 -0.18491918
 -0.18491918 -0.18491918 -0.18491918 -0.18491918 -0.18491918 -0.18491918
 -0.18491918 -0.18491918 -0.18491918 -0.18491918 -0.18491918 -0.18491918
 -0.18491918 -0.18491918 -0.18491918 -0.18491918 -0.18491918 -0.18491918
 -0.18491918 -0.18491918 -0.18491918 -0.18491918 -0.18491918 -0.18491918
 -0.18491918 -0.18491918 -0.18491918 -0.18491918 -0.18491918 -0.18491918
 -0.18491918 -0.18491918 -0.18491918 -0.18491918 -0.18491918 -0.18491918
 -0.18491918 -0.18491918 -0.18491918 -0.18491918 -0.18491918 -0.18491918
 -0.18491918 -0.18491918 -0.18491918 -0.18491918 -0.18491918 -0.18491918
 -0.18491918 -0.18491918 -0.18491918 -0.18491918 -0.18491918 -0.18491918
 -0.18491918 -0.18491918 -0.18491918 -0.18491918 -0.18491918 -0.18491918
 -0.18491918 -0.18491918 -0.18491918 -0.18491918 -0.18491918 -0.18491918
 -0.18491918 -0.18491918 -0.18491918 -0.18491918 -0.18491918 -0.18491918
 -0.18491918 -0.18491918 -0.18491918 -0.18491918 -0.18491918 -0.18491918
 -0.18491918 -0.18491918 -0.18491918 -0.18491918 -0.18491918 -0.18491918
 -0.18491918 -0.18491918 -0.18491918 -0.18491918 -0.18491918 -0.18491918
 -0.18491918 -0.18491918 -0.18491918 -0.18491918 -0.18491918 -0.18491918
 -0.18491918 -0.18491918 -0.18491918 -0.18491918 -0.18491918 -0.18491918
  4.94171374 -0.18491918 -0.18491918 -0.18491918 -0.18491918 -0.18491918
 -0.18491918 -0.18491918 -0.18491918 -0.18491918 -0.18491918 -0.18491918
 -0.18491918 -0.18491918 -0.18491918 -0.18491918 -0.18491918 -0.18491918
 -0.18491918 -0.18491918  6.41991435 -0.18491918  4.31709341 -0.18491918
 -0.18491918 -0.18491918 -0.18491918 -0.18491918 -0.18491918 -0.18491918
 -0.18491918 -0.18491918 -0.18491918 -0.18491918 -0.18491918 -0.18491918
 -0.18491918 -0.18491918 -0.18491918 -0.18491918 -0.18491918 -0.18491918
 -0.18491918  3.79864539 -0.18491918 -0.18491918 -0.18491918 -0.18491918
 -0.18491918 -0.18491918 -0.18491918 -0.18491918 -0.18491918  0.57239424
 -0.18491918 -0.18491918 -0.18491918 -0.18491918 -0.18491918 -0.18491918
 -0.18491918 -0.18491918 -0.18491918 -0.18491918 -0.18491918 -0.18491918
 -0.18491918 -0.18491918 -0.18491918 -0.18491918 -0.18491918 -0.18491918
 -0.18491918 -0.18491918 -0.18491918 -0.18491918]",[0.028394055225268888]
7,"[-0.22677022 -0.22677022 -0.22677022 -0.22677022 -0.22677022 -0.22677022
 -0.22677022 -0.22677022 -0.22677022 -0.22677022 -0.22677022 -0.22677022
 -0.22677022 -0.22677022 -0.22677022 -0.22677022 -0.22677022 -0.22677022
 -0.22677022 -0.22677022 -0.22677022 -0.22677022 -0.22677022 -0.22677022
 -0.22677022 -0.22677022 -0.22677022 -0.22677022 -0.22677022 -0.22677022
 -0.22677022 -0.22677022 -0.22677022 -0.22677022 -0.22677022 -0.22677022
 -0.22677022 -0.22677022 -0.22677022 -0.22677022 -0.22677022 -0.22677022
 -0.22677022 -0.22677022 -0.22677022 -0.22677022 -0.22677022 -0.22677022
 -0.22677022 -0.22677022 -0.22677022 -0.22677022 -0.22677022 -0.22677022
 -0.22677022 -0.22677022 -0.22677022 -0.22677022 -0.22677022 -0.22677022
 -0.22677022 -0.22677022 -0.22677022 -0.22677022 -0.22677022 -0.22677022
 -0.22677022 -0.22677022 -0.22677022 -0.22677022 -0.22677022 -0.22677022
 -0.22677022 -0.22677022 -0.22677022 -0.22677022 -0.22677022 -0.22677022
 -0.22677022 -0.22677022 -0.22677022 -0.22677022 -0.22677022  5.1580899
 -0.22677022 -0.22677022 -0.22677022 -0.22677022 -0.22677022 -0.22677022
 -0.22677022 -0.22677022  1.49186866 -0.22677022 -0.22677022 -0.22677022
 -0.22677022 -0.22677022 -0.22677022 -0.22677022 -0.22677022 -0.22677022
 -0.22677022 -0.22677022 -0.22677022 -0.22677022  0.00898562 -0.22677022
 -0.22677022 -0.22677022  6.65406267 -0.22677022 -0.22677022 -0.22677022
 -0.22677022 -0.22677022  0.2466309  -0.22677022 -0.22677022 -0.22677022
 -0.22677022 -0.22677022 -0.22677022 -0.01085732 -0.22677022 -0.22677022
 -0.22677022 -0.22677022 -0.22677022 -0.22677022 -0.22677022 -0.22677022
 -0.22677022 -0.22677022 -0.22677022 -0.22677022 -0.22677022 -0.22677022
 -0.22677022 -0.22677022 -0.22677022 -0.22677022 -0.22677022 -0.22677022
 -0.22677022 -0.22677022 -0.22677022 -0.22677022 -0.22677022 -0.22677022
 -0.22677022 -0.22677022 -0.22677022 -0.22677022 -0.22677022 -0.22677022
 -0.22677022 -0.22677022 -0.22677022 -0.22677022 -0.22677022 -0.22677022
 -0.22677022  2.28512776 -0.22677022 -0.22677022 -0.22677022 -0.22677022
 -0.22677022 -0.22677022 -0.22677022 -0.22677022 -0.22677022 -0.22677022
 -0.22677022 -0.22677022 -0.22677022 -0.22677022 -0.22677022 -0.22677022
 -0.22677022 -0.22677022 -0.22677022 -0.22677022 -0.22677022 -0.22677022
 -0.22677022 -0.22677022 -0.22677022 -0.22677022 -0.22677022 -0.22677022
 -0.22677022 -0.22677022 -0.22677022 -0.22677022 -0.22677022 -0.22677022
 -0.22677022 -0.22677022  4.14831345 -0.22677022 -0.22677022 -0.22677022
 -0.22677022 -0.22677022 -0.22677022 -0.22677022 -0.22677022  3.39724777
  0.90389084 -0.22677022  0.0759726  -0.22677022 -0.22677022  1.93741158
 -0.22677022 -0.22677022 -0.22677022  1.22580207 -0.22677022 -0.22677022
 -0.22677022  0.19076319 -0.22677022 -0.22677022 -0.22677022 -0.22677022
 -0.22677022 -0.22677022 -0.22677022 -0.22677022 -0.22677022 -0.22677022
 -0.22677022  4.00517813 -0.22677022  2.61686408  3.28714532 -0.22677022
  4.08792872 -0.22677022  4.48300218  3.75166546 -0.22677022 -0.22677022
 -0.22677022 -0.22677022 -0.22677022 -0.22677022 -0.22677022 -0.22677022
 -0.22677022 -0.22677022 -0.22677022 -0.22677022  2.95208959 -0.22677022
 -0.22677022 -0.22677022 -0.22677022  3.48343285 -0.22677022  3.63105948
 -0.22677022 -0.22677022 -0.22677022  3.0928464   2.55475804 -0.22677022
 -0.22677022 -0.22677022 -0.22677022 -0.22677022  4.10159339 -0.22677022
 -0.22677022 -0.22677022 -0.22677022 -0.22677022 -0.22677022 -0.22677022
  3.86405453  2.19705441 -0.22677022 -0.22677022 -0.22677022  4.70972322
  3.98685962 -0.22677022 -0.22677022 -0.22677022 -0.22677022 -0.22677022
 -0.22677022  7.20288617 -0.22677022 -0.22677022 -0.22677022 -0.22677022
 -0.22677022 -0.22677022 -0.22677022 -0.22677022 -0.22677022 -0.22677022
 -0.22677022 -0.22677022 -0.22677022 -0.22677022 -0.22677022  4.52491911
 -0.22677022 -0.22677022 -0.22677022 -0.22677022 -0.22677022 -0.22677022
 -0.22677022 -0.22677022 -0.22677022 -0.22677022 -0.22677022 -0.22677022
 -0.22677022 -0.22677022 -0.22677022 -0.22677022 -0.22677022 -0.22677022
 -0.22677022 -0.22677022 -0.22677022 -0.22677022 -0.22677022 -0.22677022
 -0.22677022 -0.22677022 -0.22677022 -0.22677022 -0.22677022 -0.22677022
 -0.22677022 -0.22677022 -0.22677022 -0.22677022 -0.22677022 -0.22677022
 -0.22677022 -0.22677022 -0.22677022 -0.22677022 -0.22677022 -0.22677022
 -0.22677022 -0.22677022 -0.22677022 -0.22677022 -0.22677022 -0.22677022
 -0.22677022 -0.22677022 -0.22677022 -0.22677022 -0.22677022 -0.22677022
 -0.22677022 -0.22677022 -0.22677022 -0.22677022 -0.22677022 -0.22677022
 -0.22677022 -0.22677022 -0.22677022 -0.22677022 -0.22677022 -0.22677022
 -0.22677022 -0.22677022 -0.22677022 -0.22677022 -0.22677022 -0.22677022
 -0.22677022 -0.22677022 -0.22677022 -0.22677022 -0.22677022 -0.22677022
 -0.22677022 -0.22677022 -0.22677022 -0.22677022 -0.22677022 -0.22677022
 -0.22677022 -0.22677022 -0.22677022 -0.22677022 -0.22677022 -0.22677022
 -0.22677022 -0.22677022 -0.22677022 -0.22677022 -0.22677022 -0.22677022
 -0.22677022 -0.22677022 -0.22677022 -0.22677022 -0.22677022 -0.22677022
 -0.22677022 -0.22677022 -0.22677022 -0.22677022 -0.22677022 -0.22677022
 -0.22677022 -0.22677022 -0.22677022 -0.22677022 -0.22677022 -0.22677022
 -0.22677022 -0.22677022 -0.22677022 -0.22677022 -0.22677022 -0.22677022
 -0.22677022 -0.22677022 -0.22677022 -0.22677022 -0.22677022 -0.22677022
 -0.22677022 -0.22677022 -0.22677022 -0.22677022 -0.22677022 -0.22677022
 -0.22677022 -0.22677022 -0.22677022 -0.22677022 -0.22677022 -0.22677022
 -0.22677022 -0.22677022 -0.22677022 -0.22677022 -0.22677022 -0.22677022
 -0.22677022 -0.22677022 -0.22677022 -0.22677022 -0.22677022 -0.22677022
 -0.22677022 -0.22677022  5.85570964 -0.22677022 -0.22677022 -0.22677022
  8.10824828 -0.22677022 -0.22677022 -0.22677022 -0.22677022 -0.22677022
 -0.22677022 -0.22677022 -0.22677022 -0.22677022 -0.22677022 -0.22677022
 -0.22677022 -0.22677022 -0.22677022 -0.22677022 -0.22677022 -0.22677022
 -0.22677022 -0.22677022 -0.22677022 -0.22677022 -0.22677022 -0.22677022
 -0.22677022 -0.22677022 -0.22677022 -0.22677022 -0.22677022 -0.22677022
 -0.22677022 -0.22677022 -0.22677022 -0.22677022 -0.22677022 -0.22677022
 -0.22677022 -0.22677022 -0.22677022 -0.22677022 -0.22677022 -0.22677022
 -0.22677022 -0.22677022 -0.22677022 -0.22677022 -0.22677022 -0.22677022
 -0.22677022 -0.22677022 -0.22677022 -0.22677022]",[0.022769331807309]
7,"[-0.14332342 -0.14332342 -0.14332342 -0.14332342 -0.14332342 -0.14332342
 -0.14332342 -0.14332342 -0.14332342 -0.14332342 -0.14332342 -0.14332342
 -0.14332342 -0.14332342 -0.14332342 -0.14332342 -0.14332342 -0.14332342
  1.23726597 -0.14332342 -0.14332342 -0.14332342 -0.14332342 -0.14332342
 -0.14332342 -0.14332342 -0.14332342 -0.14332342 -0.14332342 -0.14332342
 -0.14332342 -0.14332342 -0.14332342 -0.14332342 -0.14332342 -0.14332342
 -0.14332342 -0.14332342 -0.14332342 -0.14332342 -0.14332342 -0.14332342
 -0.14332342 -0.14332342 -0.14332342 -0.14332342 -0.14332342 -0.14332342
 -0.14332342 -0.14332342 -0.14332342 -0.14332342 -0.14332342 -0.14332342
 -0.14332342 -0.14332342 -0.14332342 -0.14332342 -0.14332342 -0.14332342
 -0.14332342 -0.14332342 -0.14332342 -0.14332342 -0.14332342 -0.14332342
 -0.14332342 -0.14332342 -0.14332342 -0.14332342 -0.14332342 -0.14332342
 -0.14332342 -0.14332342 -0.14332342 -0.14332342 -0.14332342 -0.14332342
 -0.14332342 -0.14332342 -0.14332342 -0.14332342 -0.14332342 -0.14332342
 -0.14332342 -0.14332342 -0.14332342 -0.14332342 -0.14332342 -0.14332342
 -0.14332342 -0.14332342 -0.14332342 -0.14332342 -0.14332342 -0.14332342
 -0.14332342 -0.14332342 -0.14332342 -0.14332342 -0.14332342 -0.14332342
 -0.14332342 -0.14332342 -0.14332342 -0.14332342 -0.14332342 -0.14332342
 -0.14332342 -0.14332342  9.22364078 -0.14332342 -0.14332342 -0.14332342
 -0.14332342 -0.14332342  6.76061298 -0.14332342 -0.14332342 -0.14332342
 -0.14332342 -0.14332342 -0.14332342 -0.14332342 -0.14332342 -0.14332342
 -0.14332342 -0.14332342 -0.14332342 -0.14332342 -0.14332342 -0.14332342
 -0.14332342 -0.14332342 -0.14332342 -0.14332342 -0.14332342 -0.14332342
 -0.14332342 -0.14332342 -0.14332342 -0.14332342 -0.14332342 -0.14332342
 -0.14332342 -0.14332342 -0.14332342 -0.14332342 -0.14332342 -0.14332342
 -0.14332342 -0.14332342 -0.14332342 -0.14332342 -0.14332342 -0.14332342
 -0.14332342 -0.14332342 -0.14332342 -0.14332342 -0.14332342 -0.14332342
 -0.14332342 -0.14332342 -0.14332342 -0.14332342 -0.14332342 -0.14332342
 -0.14332342 -0.14332342 -0.14332342 -0.14332342 -0.14332342 -0.14332342
 -0.14332342 -0.14332342 -0.14332342 -0.14332342 -0.14332342 -0.14332342
 -0.14332342 -0.14332342 -0.14332342 -0.14332342 -0.14332342 -0.14332342
 -0.14332342 -0.14332342 -0.14332342 -0.14332342 -0.14332342 -0.14332342
 -0.14332342 -0.14332342  3.55114273 -0.14332342 -0.14332342 -0.14332342
 -0.14332342 -0.14332342 -0.14332342 -0.14332342 -0.14332342 -0.14332342
 -0.14332342 -0.14332342 -0.14332342 -0.14332342 -0.14332342 -0.14332342
  3.78013268 -0.14332342 -0.14332342 -0.14332342 -0.14332342  1.21630334
 -0.14332342 -0.14332342 -0.14332342 -0.14332342 -0.14332342 -0.14332342
 -0.14332342 -0.14332342 -0.14332342 -0.14332342 -0.14332342 -0.14332342
 -0.14332342 -0.14332342 -0.14332342 -0.14332342 -0.14332342 -0.14332342
 -0.14332342 -0.08075339 -0.14332342 -0.14332342 -0.14332342 -0.14332342
 -0.14332342 -0.14332342 -0.14332342 -0.14332342 -0.14332342 -0.14332342
 -0.14332342 -0.14332342 -0.14332342 -0.14332342 -0.14332342 -0.14332342
 -0.14332342 -0.14332342 -0.14332342 -0.14332342 -0.14332342 -0.14332342
 -0.14332342 -0.14332342 -0.14332342  2.12824829 -0.14332342 -0.14332342
 -0.14332342 -0.14332342 -0.14332342 -0.14332342 -0.14332342 -0.14332342
 -0.14332342 -0.14332342 -0.14332342 -0.14332342  4.57612974 -0.14332342
 -0.14332342 -0.14332342 -0.14332342 -0.14332342 -0.14332342 -0.14332342
 -0.14332342 -0.14332342 -0.14332342 -0.14332342 -0.14332342 -0.14332342
 -0.14332342 -0.14332342 -0.14332342 -0.14332342 -0.14332342 -0.14332342
 -0.14332342  7.41636281 -0.14332342 -0.14332342 -0.14332342 -0.14332342
 -0.14332342 -0.14332342 -0.14332342 -0.14332342 -0.14332342 -0.14332342
 -0.14332342 -0.14332342 -0.14332342 -0.14332342 -0.14332342  5.45667088
 -0.14332342 -0.14332342 -0.14332342 -0.14332342 -0.14332342 -0.14332342
 -0.14332342 -0.14332342 -0.14332342 -0.14332342 -0.14332342 -0.14332342
 -0.14332342 -0.14332342 -0.14332342 -0.14332342 -0.14332342 -0.14332342
 -0.14332342 -0.14332342 -0.14332342 -0.14332342 -0.14332342 -0.14332342
 -0.14332342 -0.14332342 -0.14332342 -0.14332342 -0.14332342 -0.14332342
 -0.14332342 -0.14332342 -0.14332342 -0.14332342 -0.14332342 -0.14332342
 -0.14332342 -0.14332342 -0.14332342 -0.14332342 -0.14332342 -0.14332342
 -0.14332342 -0.14332342 -0.14332342 -0.14332342 -0.14332342 -0.14332342
 -0.14332342 -0.14332342 -0.14332342 -0.14332342 -0.14332342 -0.14332342
 -0.14332342 -0.14332342 -0.14332342 -0.14332342 -0.14332342 -0.14332342
 -0.14332342 -0.14332342 -0.14332342 -0.14332342 -0.14332342 -0.14332342
 -0.14332342 -0.14332342 -0.14332342 -0.14332342 -0.14332342 -0.14332342
 -0.14332342 -0.14332342 -0.14332342 -0.14332342 -0.14332342 -0.14332342
 -0.14332342 -0.14332342 -0.14332342 -0.14332342 -0.14332342 -0.14332342
 -0.14332342 -0.14332342 -0.14332342 -0.14332342 -0.14332342 -0.14332342
 -0.14332342 -0.14332342 -0.14332342 -0.14332342 -0.14332342 -0.14332342
 -0.14332342 -0.14332342 -0.14332342 -0.14332342 -0.14332342 -0.14332342
 -0.14332342 -0.14332342 -0.14332342 -0.14332342 -0.14332342 -0.14332342
 -0.14332342 -0.14332342 -0.14332342 -0.14332342 -0.14332342 -0.14332342
 -0.14332342 -0.14332342 -0.14332342 -0.14332342 -0.14332342 -0.14332342
 -0.14332342 -0.14332342 -0.14332342 -0.14332342 -0.14332342 -0.14332342
 -0.14332342 -0.14332342 -0.14332342 -0.14332342 -0.14332342 -0.14332342
  3.16780723 -0.14332342 -0.14332342 -0.14332342 -0.14332342 -0.14332342
 -0.14332342 -0.14332342 -0.14332342 -0.14332342 -0.14332342 -0.14332342
 -0.14332342 -0.14332342 -0.14332342 -0.14332342 -0.14332342 -0.14332342
 -0.14332342 -0.14332342  5.76863469 -0.14332342 -0.14332342 -0.14332342
 12.97279063 -0.14332342 -0.14332342 -0.14332342 -0.14332342 -0.14332342
 -0.14332342 -0.14332342 -0.14332342 -0.14332342 -0.14332342 -0.14332342
 -0.14332342 -0.14332342 -0.14332342 -0.14332342 -0.14332342 -0.14332342
 -0.14332342  5.20334017 -0.14332342 -0.14332342 -0.14332342 -0.14332342
 -0.14332342 -0.14332342 -0.14332342 -0.14332342 -0.14332342 -0.14332342
 -0.14332342 -0.14332342 -0.14332342 -0.14332342 -0.14332342 -0.14332342
 -0.14332342 -0.14332342 -0.14332342 -0.14332342 -0.14332342 -0.14332342
 -0.14332342 -0.14332342 -0.14332342 -0.14332342 -0.14332342 -0.14332342
 -0.14332342 -0.14332342 -0.14332342 -0.14332342]",[-0.07295710428219568]
7,"[-0.14695954 -0.14695954 -0.14695954 -0.14695954 -0.14695954 -0.14695954
 -0.14695954 -0.14695954 -0.14695954 -0.14695954 -0.14695954 -0.14695954
 -0.14695954 -0.14695954 -0.14695954 -0.14695954 -0.14695954 -0.14695954
 -0.14695954 -0.14695954 -0.14695954 -0.14695954 -0.14695954 -0.14695954
 -0.14695954 -0.14695954 -0.14695954 -0.14695954 -0.14695954 -0.14695954
 -0.14695954 -0.14695954 -0.14695954 -0.14695954 -0.14695954 -0.14695954
 -0.14695954 -0.14695954 -0.14695954 -0.14695954 -0.14695954 -0.14695954
 -0.14695954 -0.14695954 -0.14695954 -0.14695954 -0.14695954 -0.14695954
 -0.14695954 -0.14695954 -0.14695954 -0.14695954 -0.14695954 -0.14695954
 -0.14695954 -0.14695954 -0.14695954 -0.14695954  0.87541114 -0.14695954
 -0.14695954 -0.14695954 -0.14695954 -0.14695954 -0.14695954 -0.14695954
 -0.14695954 -0.14695954 -0.14695954 -0.14695954 -0.14695954 -0.14695954
 -0.14695954 -0.14695954 -0.14695954 -0.14695954 -0.14695954 -0.14695954
 -0.14695954 -0.14695954 -0.14695954 -0.14695954 -0.14695954 -0.14695954
 -0.14695954 -0.14695954 -0.14695954 -0.14695954 -0.14695954 -0.14695954
 -0.14695954 -0.14695954  2.25378531 -0.14695954 -0.14695954 -0.14695954
 -0.14695954 -0.14695954 -0.14695954 -0.14695954 -0.14695954 -0.14695954
 -0.14695954 -0.14695954 -0.14695954 -0.14695954 -0.14695954 -0.14695954
 -0.14695954 -0.14695954  0.33147751 -0.14695954 -0.14695954 -0.14695954
 -0.14695954 -0.14695954 -0.14695954 -0.14695954 -0.14695954 -0.14695954
 -0.14695954 -0.14695954 -0.14695954 -0.14695954 -0.14695954 -0.14695954
 -0.14695954 -0.14695954 -0.14695954 -0.14695954 -0.14695954 -0.14695954
 -0.14695954 -0.14695954 -0.14695954 -0.14695954 -0.14695954 -0.14695954
 -0.14695954 -0.14695954 -0.14695954 -0.14695954 -0.14695954 -0.14695954
 -0.14695954 -0.14695954 -0.14695954 -0.14695954 -0.14695954 -0.14695954
 -0.14695954 -0.14695954 -0.14695954 -0.14695954 -0.14695954 -0.14695954
 -0.14695954 -0.14695954 -0.14695954 -0.14695954 -0.14695954 -0.14695954
 -0.14695954 -0.14695954 -0.14695954 -0.14695954 -0.14695954 -0.14695954
 -0.14695954 -0.14695954 -0.14695954 -0.14695954 -0.14695954 -0.14695954
 -0.14695954 -0.14695954 -0.14695954 -0.14695954 -0.14695954 -0.14695954
 -0.14695954 -0.14695954 -0.14695954 -0.14695954 -0.14695954 -0.14695954
 -0.14695954 -0.14695954 -0.14695954 -0.14695954 -0.14695954 -0.14695954
 -0.14695954 -0.14695954 -0.14695954 -0.14695954 -0.14695954 -0.14695954
 -0.14695954 -0.14695954  3.92552682 -0.14695954 -0.14695954  0.27016104
 -0.14695954 -0.14695954 -0.14695954 -0.14695954 -0.14695954 -0.14695954
  1.74928825 -0.14695954 -0.14695954 -0.14695954 -0.14695954 -0.14695954
 -0.14695954 -0.14695954 -0.14695954 -0.14695954 -0.14695954 -0.14695954
 -0.14695954 -0.14695954 -0.14695954 -0.14695954 -0.14695954 -0.14695954
 -0.14695954 -0.14695954 -0.14695954 -0.14695954 -0.14695954 -0.14695954
 -0.14695954  6.24573447 -0.14695954 -0.14695954  0.2633129  -0.14695954
  4.31855433 -0.14695954 -0.14695954 -0.14695954 -0.14695954 -0.14695954
 -0.14695954 -0.14695954 -0.14695954 -0.14695954 -0.14695954 -0.14695954
 -0.14695954 -0.14695954 -0.14695954 -0.14695954 -0.14695954 -0.14695954
 -0.14695954 -0.14695954 -0.14695954  2.39330562 -0.14695954  0.69403441
 -0.14695954 -0.14695954 -0.14695954 -0.14695954 -0.14695954 -0.14695954
 -0.14695954 -0.14695954 -0.14695954 -0.14695954  6.60384218 -0.14695954
 -0.14695954 -0.14695954 -0.14695954 -0.14695954 -0.14695954 -0.14695954
 -0.14695954  4.23549078 -0.14695954 -0.14695954 -0.14695954 -0.14695954
 -0.14695954 -0.14695954 -0.14695954 -0.14695954 -0.14695954 -0.14695954
 -0.14695954 -0.14695954 -0.14695954 -0.14695954 -0.14695954 -0.14695954
 -0.14695954 -0.14695954 -0.14695954 -0.14695954 -0.14695954 -0.14695954
 -0.14695954 -0.14695954 -0.14695954 -0.14695954 -0.14695954  6.59413602
 -0.14695954 -0.14695954 -0.14695954 -0.14695954 -0.14695954 -0.14695954
 -0.14695954 -0.14695954 -0.14695954 -0.14695954 -0.14695954 -0.14695954
 -0.14695954 -0.14695954 -0.14695954 -0.14695954 -0.14695954 -0.14695954
 -0.14695954 -0.14695954 -0.14695954 -0.14695954 -0.14695954 -0.14695954
 -0.14695954 -0.14695954 -0.14695954 -0.14695954 -0.14695954 -0.14695954
 -0.14695954 -0.14695954 -0.14695954 -0.14695954 -0.14695954 -0.14695954
 -0.14695954 -0.14695954 -0.14695954 -0.14695954 -0.14695954 -0.14695954
 -0.14695954 -0.14695954 -0.14695954 -0.14695954 -0.14695954 -0.14695954
 -0.14695954 -0.14695954 -0.14695954 -0.14695954 -0.14695954 -0.14695954
 -0.14695954 -0.14695954 -0.14695954 -0.14695954 -0.14695954 -0.14695954
 -0.14695954 -0.14695954 -0.14695954 -0.14695954 -0.14695954 -0.14695954
 -0.14695954 -0.14695954 -0.14695954 -0.14695954 -0.14695954 -0.14695954
 -0.14695954 -0.14695954 -0.14695954 -0.14695954 -0.14695954 -0.14695954
 -0.14695954 -0.14695954 -0.14695954 -0.14695954 -0.14695954 -0.14695954
 -0.14695954 -0.14695954 -0.14695954 -0.14695954 -0.14695954 -0.14695954
 -0.14695954 -0.14695954 -0.14695954 -0.14695954 -0.14695954 -0.14695954
 -0.14695954 -0.14695954 -0.14695954 -0.14695954 -0.14695954 -0.14695954
 -0.14695954 -0.14695954 -0.14695954 -0.14695954 -0.14695954 -0.14695954
 -0.14695954 -0.14695954 -0.14695954 -0.14695954 -0.14695954 -0.14695954
 -0.14695954 -0.14695954 -0.14695954 -0.14695954 -0.14695954 -0.14695954
 -0.14695954 -0.14695954 -0.14695954 -0.14695954 -0.14695954 -0.14695954
 -0.14695954 -0.14695954 -0.14695954 -0.14695954 -0.14695954 -0.14695954
 -0.14695954 -0.14695954 -0.14695954 -0.14695954 -0.14695954 -0.14695954
 -0.14695954 -0.14695954 -0.14695954 -0.14695954 -0.14695954 -0.14695954
 -0.14695954 -0.14695954 -0.14695954 -0.14695954 -0.14695954 -0.14695954
 -0.14695954 -0.14695954  9.76849912 -0.14695954 -0.14695954 -0.14695954
 12.90103335 -0.14695954 -0.14695954 -0.14695954 -0.14695954 -0.14695954
 -0.14695954 -0.14695954 -0.14695954 -0.14695954 -0.14695954 -0.14695954
 -0.14695954 -0.14695954 -0.14695954 -0.14695954 -0.14695954 -0.14695954
 -0.14695954  5.54005325  4.81004314 -0.14695954 -0.14695954 -0.14695954
 -0.14695954 -0.14695954 -0.14695954 -0.14695954 -0.14695954 -0.14695954
 -0.14695954 -0.14695954 -0.14695954 -0.14695954 -0.14695954 -0.14695954
 -0.14695954 -0.14695954 -0.14695954 -0.14695954 -0.14695954 -0.14695954
 -0.14695954 -0.14695954 -0.14695954 -0.14695954 -0.14695954 -0.14695954
 -0.14695954 -0.14695954 -0.14695954 -0.14695954]",[-0.003108275927576093]
7,"[-0.20842263 -0.20842263 -0.20842263 -0.20842263 -0.20842263 -0.20842263
 -0.20842263 -0.20842263 -0.20842263 -0.20842263 -0.20842263 -0.20842263
 -0.20842263 -0.20842263 -0.20842263 -0.20842263 -0.20842263 -0.20842263
 -0.20842263 -0.20842263 -0.20842263 -0.20842263 -0.20842263 -0.20842263
 -0.20842263 -0.20842263 -0.20842263 -0.20842263 -0.20842263 -0.20842263
 -0.20842263 -0.20842263 -0.20842263 -0.20842263 -0.20842263 -0.20842263
 -0.20842263 -0.20842263 -0.20842263 -0.20842263 -0.20842263 -0.20842263
 -0.20842263 -0.20842263 -0.20842263 -0.20842263 -0.20842263 -0.20842263
 -0.20842263 -0.20842263 -0.20842263 -0.20842263 -0.20842263 -0.20842263
 -0.20842263 -0.20842263 -0.20842263 -0.20842263 -0.20842263 -0.20842263
 -0.20842263 -0.20842263 -0.20842263 -0.20842263 -0.20842263 -0.20842263
 -0.20842263 -0.20842263 -0.20842263 -0.20842263 -0.20842263 -0.20842263
 -0.20842263 -0.20842263 -0.20842263 -0.20842263 -0.20842263 -0.20842263
 -0.20842263 -0.20842263 -0.20842263 -0.20842263 -0.20842263  1.781816
 -0.20842263 -0.20842263 -0.20842263 -0.20842263 -0.20842263 -0.20842263
 -0.20842263 -0.20842263  2.48110907 -0.20842263 -0.20842263 -0.20842263
 -0.20842263 -0.20842263 -0.20842263 -0.20842263 -0.20842263 -0.20842263
 -0.20842263 -0.20842263 -0.20842263 -0.20842263 -0.20842263 -0.20842263
 -0.20842263 -0.20842263  0.40050583 -0.20842263 -0.20842263 -0.20842263
  7.49468865 -0.20842263  0.54960073 -0.20842263 -0.20842263 -0.20842263
 -0.20842263 -0.20842263 -0.20842263 -0.20842263 -0.20842263 -0.20842263
 -0.20842263 -0.20842263 -0.20842263 -0.20842263 -0.20842263 -0.20842263
 -0.20842263 -0.20842263 -0.20842263 -0.20842263 -0.20842263 -0.20842263
 -0.20842263 -0.20842263 -0.20842263 -0.20842263 -0.20842263 -0.20842263
 -0.20842263 -0.20842263 -0.20842263 -0.20842263 -0.20842263 -0.20842263
 -0.20842263 -0.20842263 -0.20842263 -0.20842263 -0.20842263 -0.20842263
 -0.20842263 -0.20842263 -0.20842263 -0.20842263 -0.20842263 -0.20842263
 -0.20842263  4.71790031 -0.20842263 -0.20842263 -0.20842263 -0.20842263
 -0.20842263 -0.20842263 -0.20842263 -0.20842263 -0.20842263 -0.20842263
 -0.20842263 -0.20842263 -0.20842263 -0.20842263 -0.20842263 -0.20842263
 -0.20842263 -0.20842263 -0.20842263 -0.20842263 -0.20842263 -0.20842263
 -0.20842263 -0.20842263 -0.20842263 -0.20842263 -0.20842263 -0.20842263
 -0.20842263 -0.20842263 -0.20842263 -0.20842263 -0.20842263 -0.20842263
 -0.20842263 -0.20842263  4.00276205 -0.20842263 -0.20842263  0.71366582
 -0.20842263 -0.20842263 -0.20842263 -0.20842263 -0.20842263 -0.20842263
 -0.20842263 -0.20842263 -0.20842263 -0.20842263 -0.20842263  4.07847406
 -0.20842263 -0.20842263 -0.20842263 -0.20842263 -0.20842263 -0.20842263
 -0.20842263 -0.20842263 -0.20842263 -0.20842263 -0.20842263 -0.20842263
 -0.20842263 -0.20842263 -0.20842263 -0.20842263 -0.20842263 -0.20842263
 -0.20842263  4.27507544 -0.20842263  2.97938964  4.01179533 -0.20842263
  4.54997086 -0.20842263  6.14557918 -0.20842263 -0.20842263 -0.20842263
 -0.20842263 -0.20842263 -0.20842263 -0.20842263 -0.20842263 -0.20842263
 -0.20842263 -0.20842263 -0.20842263  4.98846977 -0.20842263 -0.20842263
 -0.20842263 -0.20842263 -0.20842263  4.17901169 -0.20842263  0.69339545
 -0.20842263 -0.20842263 -0.20842263  4.36229167 -0.20842263 -0.20842263
  5.00661181 -0.20842263 -0.20842263 -0.20842263 -0.20842263 -0.20842263
 -0.20842263 -0.20842263 -0.20842263 -0.20842263 -0.20842263 -0.20842263
 -0.20842263  4.01546204 -0.20842263 -0.20842263 -0.20842263 -0.20842263
  3.75498128 -0.20842263 -0.20842263 -0.20842263 -0.20842263 -0.20842263
 -0.20842263 -0.20842263 -0.20842263 -0.20842263 -0.20842263 -0.20842263
 -0.20842263 -0.20842263 -0.20842263 -0.20842263 -0.20842263 -0.20842263
  2.35079187 -0.20842263 -0.20842263 -0.20842263 -0.20842263  4.23770021
 -0.20842263 -0.20842263 -0.20842263 -0.20842263 -0.20842263 -0.20842263
 -0.20842263 -0.20842263 -0.20842263 -0.20842263 -0.20842263 -0.20842263
 -0.20842263 -0.20842263 -0.20842263 -0.20842263 -0.20842263 -0.20842263
 -0.20842263 -0.20842263 -0.20842263 -0.20842263 -0.20842263 -0.20842263
 -0.20842263 -0.20842263 -0.20842263 -0.20842263 -0.20842263 -0.20842263
 -0.20842263 -0.20842263 -0.20842263 -0.20842263 -0.20842263 -0.20842263
 -0.20842263 -0.20842263 -0.20842263 -0.20842263 -0.20842263 -0.20842263
 -0.20842263 -0.20842263 -0.20842263 -0.20842263 -0.20842263 -0.20842263
 -0.20842263 -0.20842263 -0.20842263 -0.20842263 -0.20842263 -0.20842263
 -0.20842263 -0.20842263 -0.20842263 -0.20842263 -0.20842263 -0.20842263
 -0.20842263 -0.20842263 -0.20842263 -0.20842263 -0.20842263 -0.20842263
 -0.20842263 -0.20842263 -0.20842263 -0.20842263 -0.20842263 -0.20842263
 -0.20842263 -0.20842263 -0.20842263 -0.20842263 -0.20842263 -0.20842263
 -0.20842263 -0.20842263 -0.20842263 -0.20842263 -0.20842263 -0.20842263
 -0.20842263 -0.20842263 -0.20842263 -0.20842263 -0.20842263 -0.20842263
 -0.20842263 -0.20842263 -0.20842263 -0.20842263 -0.20842263 -0.20842263
 -0.20842263 -0.20842263 -0.20842263 -0.20842263 -0.20842263 -0.20842263
 -0.20842263 -0.20842263 -0.20842263 -0.20842263 -0.20842263 -0.20842263
 -0.20842263 -0.20842263 -0.20842263 -0.20842263 -0.20842263 -0.20842263
 -0.20842263 -0.20842263 -0.20842263 -0.20842263 -0.20842263 -0.20842263
 -0.20842263 -0.20842263 -0.20842263 -0.20842263 -0.20842263 -0.20842263
 -0.20842263 -0.20842263 -0.20842263 -0.20842263 -0.20842263 -0.20842263
 -0.20842263 -0.20842263 -0.20842263 -0.20842263 -0.20842263 -0.20842263
 -0.20842263 -0.20842263 -0.20842263 -0.20842263 -0.20842263 -0.20842263
 -0.20842263 -0.20842263 -0.20842263 -0.20842263 -0.20842263 -0.20842263
 -0.20842263 -0.20842263  5.94294953 -0.20842263 -0.20842263 -0.20842263
  8.5165368  -0.20842263 -0.20842263 -0.20842263  4.95322181 -0.20842263
 -0.20842263 -0.20842263 -0.20842263 -0.20842263 -0.20842263 -0.20842263
 -0.20842263 -0.20842263 -0.20842263 -0.20842263 -0.20842263 -0.20842263
 -0.20842263  1.5685991  -0.20842263 -0.20842263 -0.20842263 -0.20842263
 -0.20842263 -0.20842263 -0.20842263 -0.20842263 -0.20842263 -0.20842263
 -0.20842263 -0.20842263 -0.20842263 -0.20842263 -0.20842263 -0.20842263
 -0.20842263 -0.20842263 -0.20842263 -0.20842263 -0.20842263 -0.20842263
 -0.20842263 -0.20842263 -0.20842263 -0.20842263 -0.20842263 -0.20842263
 -0.20842263 -0.20842263 -0.20842263 -0.20842263]",[-0.017917916228168462]
7,"[-0.20911498 -0.20911498 -0.20911498 -0.20911498 -0.20911498 -0.20911498
 -0.20911498 -0.20911498 -0.20911498 -0.20911498 -0.20911498 -0.20911498
 -0.20911498 -0.20911498 -0.20911498 -0.20911498 -0.20911498 -0.20911498
  0.98946228 -0.20911498 -0.20911498 -0.20911498 -0.20911498 -0.20911498
 -0.20911498 -0.20911498 -0.20911498 -0.20911498 -0.20911498 -0.20911498
 -0.20911498 -0.20911498 -0.20911498 -0.20911498 -0.20911498 -0.20911498
 -0.20911498 -0.20911498 -0.20911498 -0.20911498 -0.20911498 -0.20911498
 -0.20911498 -0.20911498 -0.20911498 -0.20911498 -0.20911498 -0.20911498
 -0.20911498 -0.20911498 -0.20911498 -0.20911498 -0.20911498 -0.20911498
 -0.20911498 -0.20911498 -0.20911498 -0.20911498 -0.20911498 -0.20911498
 -0.20911498 -0.20911498 -0.20911498 -0.20911498 -0.20911498 -0.20911498
 -0.20911498 -0.20911498 -0.20911498 -0.20911498 -0.20911498 -0.20911498
 -0.20911498 -0.20911498 -0.20911498 -0.20911498 -0.20911498 -0.20911498
 -0.20911498 -0.20911498 -0.20911498 -0.20911498 -0.20911498  8.40610208
 -0.20911498 -0.20911498 -0.20911498 -0.20911498 -0.20911498  5.60630766
 -0.20911498 -0.20911498 -0.20911498 -0.20911498 -0.20911498 -0.20911498
 -0.20911498 -0.20911498 -0.20911498 -0.20911498 -0.20911498 -0.20911498
 -0.20911498 -0.20911498 -0.20911498 -0.20911498 -0.20911498 -0.20911498
 -0.20911498 -0.20911498  6.36332159 -0.20911498 -0.20911498 -0.20911498
 -0.20911498 -0.20911498  6.58402253 -0.20911498 -0.20911498 -0.20911498
 -0.20911498 -0.20911498 -0.20911498 -0.20911498  4.21938265 -0.20911498
 -0.20911498 -0.20911498 -0.20911498 -0.20911498 -0.20911498 -0.20911498
 -0.20911498 -0.20911498 -0.20911498 -0.20911498 -0.20911498 -0.20911498
 -0.20911498 -0.20911498 -0.20911498 -0.20911498 -0.20911498 -0.20911498
 -0.20911498 -0.20911498 -0.20911498 -0.20911498 -0.20911498 -0.20911498
 -0.20911498 -0.20911498 -0.20911498 -0.20911498 -0.20911498 -0.20911498
 -0.20911498 -0.20911498 -0.20911498 -0.20911498 -0.20911498 -0.20911498
 -0.20911498 -0.20911498 -0.20911498 -0.20911498 -0.20911498 -0.20911498
 -0.20911498 -0.20911498 -0.20911498 -0.20911498 -0.20911498 -0.20911498
 -0.20911498 -0.20911498 -0.20911498 -0.20911498 -0.20911498 -0.20911498
 -0.20911498 -0.20911498 -0.20911498 -0.20911498 -0.20911498 -0.20911498
 -0.20911498 -0.20911498 -0.20911498 -0.20911498 -0.20911498 -0.20911498
 -0.20911498 -0.20911498 -0.20911498 -0.20911498 -0.20911498 -0.20911498
 -0.20911498 -0.20911498 -0.20911498 -0.20911498 -0.20911498  0.66428923
 -0.20911498 -0.20911498 -0.20911498 -0.20911498 -0.20911498 -0.20911498
 -0.20911498 -0.20911498  0.15584264 -0.20911498 -0.20911498 -0.20911498
 -0.20911498 -0.20911498 -0.20911498 -0.20911498 -0.20911498 -0.20911498
 -0.20911498 -0.20911498 -0.20911498 -0.20911498 -0.20911498 -0.20911498
 -0.20911498 -0.20911498 -0.20911498 -0.20911498 -0.20911498 -0.20911498
 -0.20911498  3.23296166 -0.20911498 -0.20911498  3.77703961 -0.20911498
  2.83404641  0.88492733 -0.20911498 -0.20911498 -0.20911498 -0.20911498
 -0.20911498 -0.20911498 -0.20911498 -0.20911498 -0.20911498 -0.20911498
 -0.20911498 -0.20911498 -0.20911498 -0.20911498  5.4407988  -0.20911498
 -0.20911498  3.49447308 -0.20911498  4.23334594 -0.20911498 -0.20911498
 -0.20911498 -0.20911498 -0.20911498 -0.20911498 -0.20911498 -0.20911498
 -0.20911498 -0.20911498  4.33202164 -0.20911498  5.79391947 -0.20911498
 -0.20911498 -0.20911498 -0.20911498 -0.20911498 -0.20911498 -0.20911498
  4.0857974   3.35577296 -0.20911498 -0.20911498 -0.20911498  1.34157441
 -0.20911498 -0.20911498 -0.20911498 -0.20911498 -0.20911498 -0.20911498
 -0.20911498 -0.20911498 -0.20911498 -0.20911498 -0.20911498 -0.20911498
 -0.20911498 -0.20911498 -0.20911498 -0.20911498  4.2224346  -0.20911498
 -0.20911498 -0.20911498 -0.20911498 -0.20911498 -0.20911498  2.72630205
 -0.20911498 -0.20911498 -0.20911498 -0.20911498 -0.20911498 -0.20911498
 -0.20911498 -0.20911498 -0.20911498 -0.20911498 -0.20911498 -0.20911498
 -0.20911498 -0.20911498 -0.20911498 -0.20911498 -0.20911498 -0.20911498
 -0.20911498 -0.20911498 -0.20911498 -0.20911498 -0.20911498 -0.20911498
 -0.20911498 -0.20911498 -0.20911498 -0.20911498 -0.20911498 -0.20911498
 -0.20911498 -0.20911498 -0.20911498 -0.20911498 -0.20911498 -0.20911498
 -0.20911498 -0.20911498 -0.20911498 -0.20911498 -0.20911498 -0.20911498
 -0.20911498 -0.20911498 -0.20911498 -0.20911498 -0.20911498 -0.20911498
 -0.20911498 -0.20911498 -0.20911498 -0.20911498 -0.20911498 -0.20911498
 -0.20911498 -0.20911498 -0.20911498 -0.20911498 -0.20911498 -0.20911498
 -0.20911498 -0.20911498 -0.20911498 -0.20911498 -0.20911498 -0.20911498
 -0.20911498 -0.20911498 -0.20911498 -0.20911498 -0.20911498 -0.20911498
 -0.20911498 -0.20911498 -0.20911498 -0.20911498 -0.20911498 -0.20911498
 -0.20911498 -0.20911498 -0.20911498 -0.20911498 -0.20911498 -0.20911498
 -0.20911498 -0.20911498 -0.20911498 -0.20911498 -0.20911498 -0.20911498
 -0.20911498 -0.20911498 -0.20911498 -0.20911498 -0.20911498 -0.20911498
 -0.20911498 -0.20911498 -0.20911498 -0.20911498 -0.20911498 -0.20911498
 -0.20911498 -0.20911498 -0.20911498 -0.20911498 -0.20911498 -0.20911498
 -0.20911498 -0.20911498 -0.20911498 -0.20911498 -0.20911498  5.65893664
 -0.20911498 -0.20911498 -0.20911498 -0.20911498 -0.20911498 -0.20911498
 -0.20911498 -0.20911498 -0.20911498 -0.20911498 -0.20911498 -0.20911498
 -0.20911498 -0.20911498 -0.20911498 -0.20911498 -0.20911498 -0.20911498
 -0.20911498 -0.20911498 -0.20911498 -0.20911498 -0.20911498 -0.20911498
 -0.20911498 -0.20911498 -0.20911498 -0.20911498 -0.20911498 -0.20911498
 -0.20911498 -0.20911498 -0.20911498 -0.20911498 -0.20911498 -0.20911498
 -0.20911498 -0.20911498  4.86965418 -0.20911498 -0.20911498 -0.20911498
  4.6390722  -0.20911498 -0.20911498 -0.20911498 -0.20911498 -0.20911498
 -0.20911498 -0.20911498 -0.20911498 -0.20911498 -0.20911498 -0.20911498
 -0.20911498 -0.20911498 -0.20911498 -0.20911498 -0.20911498 -0.20911498
 -0.20911498  3.57965402 -0.20911498 -0.20911498 -0.20911498 -0.20911498
 -0.20911498 -0.20911498 -0.20911498 -0.20911498 -0.20911498 -0.20911498
 -0.20911498 -0.20911498 -0.20911498 -0.20911498 -0.20911498 -0.20911498
 -0.20911498 -0.20911498 -0.20911498 -0.20911498 -0.20911498 -0.20911498
 -0.20911498 -0.20911498 -0.20911498 -0.20911498 -0.20911498 -0.20911498
 -0.20911498 -0.20911498  1.60222044 -0.20911498]",[0.06588864143575279]
7,"[-0.17278198 -0.17278198 -0.17278198 -0.17278198  0.49379091 -0.17278198
 -0.17278198 -0.17278198 -0.17278198 -0.17278198 -0.17278198 -0.17278198
 -0.17278198 -0.17278198 -0.17278198 -0.17278198 -0.17278198 -0.17278198
 -0.17278198 -0.17278198 -0.17278198 -0.17278198 -0.17278198 -0.17278198
 -0.17278198 -0.17278198 -0.17278198 -0.17278198 -0.17278198 -0.17278198
 -0.17278198 -0.17278198 -0.17278198 -0.17278198 -0.17278198 -0.17278198
 -0.17278198 -0.17278198 -0.17278198 -0.17278198 -0.17278198 -0.17278198
 -0.17278198 -0.17278198 -0.17278198 -0.17278198 -0.17278198 -0.17278198
 -0.17278198 -0.17278198 -0.17278198 -0.17278198 -0.17278198 -0.17278198
 -0.17278198 -0.17278198 -0.17278198 -0.17278198 -0.17278198 -0.17278198
 -0.17278198 -0.17278198 -0.17278198 -0.17278198 -0.17278198 -0.17278198
 -0.17278198 -0.17278198 -0.17278198 -0.17278198 -0.17278198 -0.17278198
 -0.17278198 -0.17278198 -0.17278198 -0.17278198 -0.17278198 -0.17278198
 -0.17278198 -0.17278198 -0.17278198 -0.17278198 -0.17278198  9.7030585
 -0.17278198 -0.17278198  4.60716038 -0.17278198 -0.17278198 -0.17278198
 -0.17278198 -0.17278198 -0.17278198 -0.17278198 -0.17278198 -0.17278198
 -0.17278198 -0.17278198 -0.17278198 -0.17278198 -0.17278198 -0.17278198
 -0.17278198 -0.17278198 -0.17278198 -0.17278198 -0.17278198 -0.17278198
 -0.17278198 -0.17278198  6.89012741 -0.17278198 -0.17278198 -0.17278198
 -0.17278198 -0.17278198  4.81157225 -0.17278198 -0.17278198 -0.17278198
 -0.17278198 -0.17278198 -0.17278198 -0.17278198 -0.17278198 -0.17278198
 -0.17278198 -0.17278198 -0.17278198 -0.17278198 -0.17278198 -0.17278198
 -0.17278198 -0.17278198 -0.17278198 -0.17278198 -0.17278198 -0.17278198
 -0.17278198 -0.17278198 -0.17278198 -0.17278198 -0.17278198 -0.17278198
 -0.17278198 -0.17278198 -0.17278198 -0.17278198 -0.17278198 -0.17278198
 -0.17278198 -0.17278198 -0.17278198 -0.17278198 -0.17278198 -0.17278198
 -0.17278198 -0.17278198 -0.17278198 -0.17278198 -0.17278198 -0.17278198
 -0.17278198 -0.17278198 -0.17278198 -0.17278198 -0.17278198 -0.17278198
 -0.17278198 -0.17278198 -0.17278198 -0.17278198 -0.17278198 -0.17278198
 -0.17278198 -0.17278198 -0.17278198 -0.17278198 -0.17278198 -0.17278198
 -0.17278198 -0.17278198 -0.17278198 -0.17278198 -0.17278198 -0.17278198
 -0.17278198 -0.17278198 -0.17278198 -0.17278198 -0.17278198 -0.17278198
 -0.17278198 -0.17278198 -0.17278198 -0.17278198 -0.17278198 -0.17278198
 -0.17278198 -0.17278198  2.4536304  -0.17278198 -0.17278198  3.20436504
 -0.17278198 -0.17278198 -0.17278198 -0.17278198 -0.17278198 -0.17278198
  1.69860126 -0.17278198 -0.17278198 -0.17278198 -0.17278198  3.49404142
 -0.17278198 -0.17278198 -0.17278198 -0.17278198 -0.17278198 -0.17278198
 -0.17278198 -0.17278198 -0.17278198 -0.17278198 -0.17278198 -0.17278198
 -0.17278198 -0.17278198 -0.17278198 -0.17278198 -0.17278198 -0.17278198
 -0.17278198  5.67030778 -0.17278198 -0.17278198 -0.17278198 -0.17278198
 -0.17278198 -0.17278198 -0.17278198 -0.17278198 -0.17278198 -0.17278198
 -0.17278198 -0.17278198 -0.17278198 -0.17278198 -0.17278198 -0.17278198
 -0.17278198 -0.17278198 -0.17278198  2.28898348  6.01617345 -0.17278198
 -0.17278198 -0.17278198 -0.17278198  2.89579719 -0.17278198  0.48375188
 -0.17278198 -0.17278198 -0.17278198 -0.17278198 -0.17278198 -0.17278198
 -0.17278198 -0.17278198 -0.17278198 -0.17278198 -0.17278198 -0.17278198
 -0.17278198 -0.17278198 -0.17278198 -0.17278198 -0.17278198 -0.17278198
 -0.17278198 -0.17278198 -0.17278198 -0.17278198 -0.17278198 -0.17278198
 -0.17278198 -0.17278198 -0.17278198 -0.17278198 -0.17278198 -0.17278198
 -0.17278198 -0.17278198 -0.17278198 -0.17278198 -0.17278198 -0.17278198
 -0.17278198 -0.17278198 -0.17278198 -0.17278198 -0.17278198 -0.17278198
 -0.17278198  9.54375948 -0.17278198 -0.17278198 -0.17278198  6.60591911
 -0.17278198 -0.17278198 -0.17278198 -0.17278198 -0.17278198 -0.17278198
 -0.17278198 -0.17278198 -0.17278198 -0.17278198 -0.17278198 -0.17278198
 -0.17278198 -0.17278198 -0.17278198 -0.17278198 -0.17278198 -0.17278198
 -0.17278198 -0.17278198 -0.17278198 -0.17278198 -0.17278198 -0.17278198
 -0.17278198 -0.17278198 -0.17278198 -0.17278198 -0.17278198 -0.17278198
 -0.17278198 -0.17278198 -0.17278198 -0.17278198 -0.17278198 -0.17278198
 -0.17278198 -0.17278198 -0.17278198 -0.17278198 -0.17278198 -0.17278198
 -0.17278198 -0.17278198 -0.17278198 -0.17278198 -0.17278198 -0.17278198
 -0.17278198 -0.17278198 -0.17278198 -0.17278198 -0.17278198 -0.17278198
 -0.17278198 -0.17278198 -0.17278198 -0.17278198 -0.17278198 -0.17278198
 -0.17278198 -0.17278198 -0.17278198 -0.17278198 -0.17278198 -0.17278198
 -0.17278198 -0.17278198 -0.17278198 -0.17278198 -0.17278198 -0.17278198
 -0.17278198 -0.17278198 -0.17278198 -0.17278198 -0.17278198 -0.17278198
 -0.17278198 -0.17278198 -0.17278198 -0.17278198 -0.17278198 -0.17278198
 -0.17278198 -0.17278198 -0.17278198 -0.17278198 -0.17278198 -0.17278198
 -0.17278198 -0.17278198 -0.17278198 -0.17278198 -0.17278198 -0.17278198
 -0.17278198 -0.17278198 -0.17278198 -0.17278198 -0.17278198 -0.17278198
 -0.17278198 -0.17278198 -0.17278198 -0.17278198 -0.17278198 -0.17278198
 -0.17278198 -0.17278198 -0.17278198 -0.17278198 -0.17278198 -0.17278198
 -0.17278198 -0.17278198 -0.17278198 -0.17278198 -0.17278198 -0.17278198
 -0.17278198 -0.17278198 -0.17278198 -0.17278198 -0.17278198 -0.17278198
 -0.17278198 -0.17278198 -0.17278198 -0.17278198 -0.17278198 -0.17278198
 -0.17278198 -0.17278198 -0.17278198 -0.17278198 -0.17278198 -0.17278198
 -0.17278198 -0.17278198 -0.17278198 -0.17278198 -0.17278198 -0.17278198
 -0.17278198 -0.17278198 -0.17278198 -0.17278198 -0.17278198 -0.17278198
 -0.17278198 -0.17278198  4.99975617 -0.17278198 -0.17278198 -0.17278198
 -0.17278198 -0.17278198 -0.17278198 -0.17278198 -0.17278198 -0.17278198
 -0.17278198 -0.17278198 -0.17278198 -0.17278198 -0.17278198 -0.17278198
 -0.17278198 -0.17278198 -0.17278198 -0.17278198 -0.17278198 -0.17278198
 -0.17278198  5.89901133 -0.17278198 -0.17278198 -0.17278198 -0.17278198
 -0.17278198 -0.17278198 -0.17278198 -0.17278198 -0.17278198  2.31559233
 -0.17278198 -0.17278198 -0.17278198 -0.17278198 -0.17278198 -0.17278198
 -0.17278198 -0.17278198 -0.17278198 -0.17278198 -0.17278198 -0.17278198
 -0.17278198 -0.17278198 -0.17278198 -0.17278198 -0.17278198 -0.17278198
 -0.17278198 -0.17278198  2.31559233 -0.17278198]",[-0.02609397765324145]
7,"[-0.20306618 -0.20306618 -0.20306618 -0.20306618  0.03455249 -0.20306618
 -0.20306618 -0.20306618 -0.20306618 -0.20306618 -0.20306618 -0.20306618
 -0.20306618 -0.20306618 -0.20306618 -0.20306618 -0.20306618 -0.20306618
 -0.20306618 -0.20306618 -0.20306618 -0.20306618 -0.20306618 -0.20306618
 -0.20306618 -0.20306618 -0.20306618 -0.20306618 -0.20306618 -0.20306618
 -0.20306618 -0.20306618 -0.20306618 -0.20306618 -0.20306618 -0.20306618
 -0.20306618 -0.20306618 -0.20306618 -0.20306618 -0.20306618 -0.20306618
 -0.20306618 -0.20306618 -0.20306618 -0.20306618 -0.20306618 -0.20306618
 -0.20306618 -0.20306618 -0.20306618 -0.20306618 -0.20306618 -0.20306618
 -0.20306618 -0.20306618 -0.20306618 -0.20306618 -0.20306618 -0.20306618
 -0.20306618 -0.20306618 -0.20306618 -0.20306618 -0.20306618 -0.20306618
 -0.20306618 -0.20306618 -0.20306618 -0.20306618 -0.20306618 -0.20306618
 -0.20306618 -0.20306618 -0.20306618 -0.20306618 -0.20306618 -0.20306618
 -0.20306618 -0.20306618 -0.20306618 -0.20306618 -0.20306618  8.05333209
 -0.20306618 -0.20306618 -0.20306618 -0.20306618 -0.20306618  6.15057659
 -0.20306618 -0.20306618 -0.20306618 -0.20306618 -0.20306618 -0.20306618
 -0.20306618 -0.20306618 -0.20306618 -0.20306618 -0.20306618 -0.20306618
 -0.20306618 -0.20306618 -0.20306618 -0.20306618 -0.20306618 -0.20306618
 -0.20306618 -0.20306618  6.32275643 -0.20306618 -0.20306618 -0.20306618
 -0.20306618 -0.20306618  6.64434082 -0.20306618 -0.20306618 -0.20306618
 -0.20306618 -0.20306618 -0.20306618  0.05073074  4.62063543 -0.20306618
 -0.20306618 -0.20306618 -0.20306618 -0.20306618 -0.20306618 -0.20306618
 -0.20306618 -0.20306618 -0.20306618 -0.20306618 -0.20306618 -0.20306618
 -0.20306618 -0.20306618 -0.20306618 -0.20306618 -0.20306618 -0.20306618
 -0.20306618 -0.20306618 -0.20306618 -0.20306618 -0.20306618 -0.20306618
 -0.20306618 -0.20306618 -0.20306618 -0.20306618 -0.20306618 -0.20306618
 -0.20306618 -0.20306618 -0.20306618 -0.20306618 -0.20306618 -0.20306618
 -0.20306618 -0.20306618 -0.20306618 -0.20306618 -0.20306618 -0.20306618
 -0.20306618 -0.20306618 -0.20306618 -0.20306618 -0.20306618 -0.20306618
 -0.20306618 -0.20306618 -0.20306618 -0.20306618 -0.20306618 -0.20306618
 -0.20306618 -0.20306618 -0.20306618 -0.20306618 -0.20306618 -0.20306618
 -0.20306618 -0.20306618 -0.20306618 -0.20306618 -0.20306618 -0.20306618
 -0.20306618 -0.20306618 -0.20306618 -0.20306618 -0.20306618 -0.20306618
 -0.20306618 -0.20306618 -0.20306618 -0.20306618 -0.20306618  0.52183607
 -0.20306618 -0.20306618 -0.20306618 -0.20306618 -0.20306618 -0.20306618
  0.96244309 -0.20306618 -0.20306618 -0.20306618 -0.20306618  1.049989
 -0.20306618 -0.20306618 -0.20306618 -0.20306618 -0.20306618 -0.20306618
 -0.20306618 -0.20306618 -0.20306618 -0.20306618 -0.20306618 -0.20306618
 -0.20306618 -0.20306618 -0.20306618  2.34084234 -0.20306618 -0.20306618
 -0.20306618  2.43187616 -0.20306618  1.74856764  3.79472621 -0.20306618
  4.8523794   1.10733501 -0.20306618 -0.20306618 -0.20306618 -0.20306618
 -0.20306618 -0.20306618 -0.20306618 -0.20306618 -0.20306618 -0.20306618
 -0.20306618 -0.20306618 -0.20306618 -0.20306618 -0.20306618 -0.20306618
 -0.20306618 -0.20306618 -0.20306618  4.2007399  -0.20306618 -0.20306618
 -0.20306618 -0.20306618 -0.20306618 -0.20306618 -0.20306618 -0.20306618
  3.20766608 -0.20306618 -0.20306618 -0.20306618  4.05054942 -0.20306618
 -0.20306618 -0.20306618 -0.20306618 -0.20306618 -0.20306618 -0.20306618
  2.97508298  0.83748798 -0.20306618 -0.20306618 -0.20306618  5.36396849
 -0.20306618 -0.20306618 -0.20306618 -0.20306618 -0.20306618 -0.20306618
 -0.20306618 -0.20306618 -0.20306618 -0.20306618 -0.20306618 -0.20306618
 -0.20306618 -0.20306618 -0.20306618 -0.20306618 -0.20306618 -0.20306618
 -0.20306618 -0.20306618 -0.20306618 -0.20306618 -0.20306618  2.23606394
 -0.20306618 -0.20306618 -0.20306618 -0.20306618 -0.20306618 -0.20306618
 -0.20306618 -0.20306618 -0.20306618 -0.20306618 -0.20306618 -0.20306618
 -0.20306618 -0.20306618 -0.20306618 -0.20306618 -0.20306618 -0.20306618
 -0.20306618 -0.20306618 -0.20306618 -0.20306618 -0.20306618 -0.20306618
 -0.20306618 -0.20306618 -0.20306618 -0.20306618 -0.20306618 -0.20306618
 -0.20306618 -0.20306618 -0.20306618 -0.20306618 -0.20306618 -0.20306618
 -0.20306618 -0.20306618 -0.20306618 -0.20306618 -0.20306618 -0.20306618
 -0.20306618 -0.20306618 -0.20306618 -0.20306618 -0.20306618 -0.20306618
 -0.20306618 -0.20306618 -0.20306618 -0.20306618 -0.20306618 -0.20306618
 -0.20306618 -0.20306618 -0.20306618 -0.20306618 -0.20306618 -0.20306618
 -0.20306618 -0.20306618 -0.20306618 -0.20306618 -0.20306618 -0.20306618
 -0.20306618 -0.20306618 -0.20306618 -0.20306618 -0.20306618 -0.20306618
 -0.20306618 -0.20306618 -0.20306618 -0.20306618 -0.20306618 -0.20306618
 -0.20306618 -0.20306618 -0.20306618 -0.20306618 -0.20306618 -0.20306618
 -0.20306618 -0.20306618 -0.20306618 -0.20306618 -0.20306618 -0.20306618
 -0.20306618 -0.20306618 -0.20306618 -0.20306618 -0.20306618 -0.20306618
 -0.20306618 -0.20306618 -0.20306618 -0.20306618 -0.20306618 -0.20306618
 -0.20306618 -0.20306618 -0.20306618 -0.20306618 -0.20306618 -0.20306618
 -0.20306618 -0.20306618 -0.20306618 -0.20306618 -0.20306618  5.52380281
 -0.20306618 -0.20306618 -0.20306618 -0.20306618 -0.20306618 -0.20306618
 -0.20306618 -0.20306618 -0.20306618 -0.20306618 -0.20306618 -0.20306618
 -0.20306618 -0.20306618 -0.20306618 -0.20306618 -0.20306618 -0.20306618
  4.80275272 -0.20306618 -0.20306618 -0.20306618 -0.20306618 -0.20306618
 -0.20306618 -0.20306618 -0.20306618 -0.20306618 -0.20306618 -0.20306618
 -0.20306618 -0.20306618 -0.20306618 -0.20306618 -0.20306618 -0.20306618
 -0.20306618 -0.20306618  2.92066632 -0.20306618 -0.20306618 -0.20306618
  6.60266049 -0.20306618 -0.20306618 -0.20306618 -0.20306618 -0.20306618
 -0.20306618 -0.20306618 -0.20306618 -0.20306618 -0.20306618 -0.20306618
 -0.20306618 -0.20306618 -0.20306618 -0.20306618 -0.20306618 -0.20306618
 -0.20306618 -0.20306618 -0.20306618 -0.20306618 -0.20306618 -0.20306618
 -0.20306618 -0.20306618 -0.20306618 -0.20306618 -0.20306618 -0.20306618
 -0.20306618 -0.20306618 -0.20306618 -0.20306618 -0.20306618 -0.20306618
 -0.20306618 -0.20306618 -0.20306618 -0.20306618 -0.20306618 -0.20306618
 -0.20306618 -0.20306618 -0.20306618 -0.20306618 -0.20306618 -0.20306618
 -0.20306618 -0.20306618  6.50020015 -0.20306618]",[0.006762310182824083]
7,"[-0.19043913 -0.19043913 -0.19043913 -0.19043913 -0.19043913 -0.19043913
 -0.19043913 -0.19043913 -0.19043913 -0.19043913 -0.19043913 -0.19043913
 -0.19043913 -0.19043913 -0.19043913 -0.19043913 -0.19043913 -0.19043913
 -0.19043913 -0.19043913 -0.19043913 -0.19043913 -0.19043913 -0.19043913
 -0.19043913 -0.19043913 -0.19043913 -0.19043913 -0.19043913 -0.19043913
 -0.19043913 -0.19043913 -0.19043913 -0.19043913 -0.19043913 -0.19043913
 -0.19043913 -0.19043913 -0.19043913 -0.19043913 -0.19043913 -0.19043913
 -0.19043913 -0.19043913 -0.19043913 -0.19043913 -0.19043913 -0.19043913
 -0.19043913 -0.19043913 -0.19043913 -0.19043913 -0.19043913 -0.19043913
 -0.19043913 -0.19043913 -0.19043913 -0.19043913 -0.19043913 -0.19043913
 -0.19043913 -0.19043913 -0.19043913 -0.19043913 -0.19043913 -0.19043913
 -0.19043913 -0.19043913 -0.19043913 -0.19043913 -0.19043913 -0.19043913
 -0.19043913 -0.19043913 -0.19043913 -0.19043913 -0.19043913 -0.19043913
 -0.19043913 -0.19043913 -0.19043913 -0.19043913 -0.19043913  8.6293858
 -0.19043913 -0.19043913 -0.19043913 -0.19043913 -0.19043913 -0.19043913
 -0.19043913 -0.19043913  3.15905976 -0.19043913 -0.19043913 -0.19043913
 -0.19043913 -0.19043913 -0.19043913 -0.19043913 -0.19043913 -0.19043913
 -0.19043913 -0.19043913 -0.19043913 -0.19043913 -0.19043913 -0.19043913
 -0.19043913 -0.19043913  8.81843715 -0.19043913 -0.19043913 -0.19043913
 -0.19043913 -0.19043913 -0.19043913 -0.19043913 -0.19043913 -0.19043913
 -0.19043913 -0.19043913 -0.19043913 -0.19043913 -0.19043913 -0.19043913
 -0.19043913 -0.19043913 -0.19043913 -0.19043913 -0.19043913 -0.19043913
 -0.19043913 -0.19043913 -0.19043913 -0.19043913 -0.19043913 -0.19043913
 -0.19043913 -0.19043913 -0.19043913 -0.19043913 -0.19043913 -0.19043913
 -0.19043913 -0.19043913 -0.19043913 -0.19043913 -0.19043913 -0.19043913
 -0.19043913 -0.19043913 -0.19043913 -0.19043913 -0.19043913 -0.19043913
 -0.19043913 -0.19043913 -0.19043913 -0.19043913 -0.19043913 -0.19043913
 -0.19043913 -0.19043913 -0.19043913 -0.19043913 -0.19043913 -0.19043913
 -0.19043913 -0.19043913 -0.19043913 -0.19043913 -0.19043913 -0.19043913
 -0.19043913 -0.19043913 -0.19043913 -0.19043913 -0.19043913 -0.19043913
 -0.19043913 -0.19043913 -0.19043913 -0.19043913 -0.19043913 -0.19043913
 -0.19043913 -0.19043913 -0.19043913 -0.19043913 -0.19043913 -0.19043913
 -0.19043913 -0.19043913 -0.19043913 -0.19043913 -0.19043913 -0.19043913
 -0.19043913 -0.19043913 -0.19043913 -0.19043913 -0.19043913 -0.19043913
 -0.19043913 -0.19043913 -0.19043913 -0.19043913 -0.19043913 -0.19043913
 -0.19043913 -0.19043913 -0.19043913 -0.19043913 -0.19043913  3.2429289
 -0.19043913 -0.19043913 -0.19043913 -0.19043913 -0.19043913 -0.19043913
 -0.19043913 -0.19043913 -0.19043913 -0.19043913 -0.19043913 -0.19043913
 -0.19043913 -0.19043913 -0.19043913 -0.19043913 -0.19043913 -0.19043913
 -0.19043913  2.66407305 -0.19043913  2.83843739  5.90723741 -0.19043913
  5.21091444  1.19112979 -0.19043913 -0.19043913 -0.19043913 -0.19043913
 -0.19043913 -0.19043913 -0.19043913 -0.19043913 -0.19043913 -0.19043913
 -0.19043913 -0.19043913 -0.19043913 -0.19043913 -0.19043913 -0.19043913
 -0.19043913 -0.19043913  3.89374375  3.24719943 -0.19043913  2.2363054
 -0.19043913 -0.19043913 -0.19043913  2.6614768   0.74730579 -0.19043913
 -0.19043913 -0.19043913  6.61981791 -0.19043913  5.42333904 -0.19043913
 -0.19043913  2.18055822 -0.19043913  1.38431069 -0.19043913 -0.19043913
 -0.19043913 -0.19043913 -0.19043913 -0.19043913 -0.19043913  6.99374279
 -0.19043913 -0.19043913 -0.19043913 -0.19043913 -0.19043913 -0.19043913
 -0.19043913 -0.19043913 -0.19043913 -0.19043913 -0.19043913 -0.19043913
 -0.19043913 -0.19043913 -0.19043913 -0.19043913 -0.19043913 -0.19043913
 -0.19043913 -0.19043913 -0.19043913 -0.19043913 -0.19043913  6.24457282
 -0.19043913 -0.19043913 -0.19043913 -0.19043913 -0.19043913 -0.19043913
 -0.19043913 -0.19043913 -0.19043913 -0.19043913 -0.19043913 -0.19043913
 -0.19043913 -0.19043913 -0.19043913 -0.19043913 -0.19043913 -0.19043913
 -0.19043913 -0.19043913 -0.19043913 -0.19043913 -0.19043913 -0.19043913
 -0.19043913 -0.19043913 -0.19043913 -0.19043913 -0.19043913 -0.19043913
 -0.19043913 -0.19043913 -0.19043913 -0.19043913 -0.19043913 -0.19043913
 -0.19043913 -0.19043913 -0.19043913 -0.19043913 -0.19043913 -0.19043913
 -0.19043913 -0.19043913 -0.19043913 -0.19043913 -0.19043913 -0.19043913
 -0.19043913 -0.19043913 -0.19043913 -0.19043913 -0.19043913 -0.19043913
 -0.19043913 -0.19043913 -0.19043913 -0.19043913 -0.19043913 -0.19043913
 -0.19043913 -0.19043913 -0.19043913 -0.19043913 -0.19043913 -0.19043913
 -0.19043913 -0.19043913 -0.19043913 -0.19043913 -0.19043913 -0.19043913
 -0.19043913 -0.19043913 -0.19043913 -0.19043913 -0.19043913 -0.19043913
 -0.19043913 -0.19043913 -0.19043913 -0.19043913 -0.19043913 -0.19043913
 -0.19043913 -0.19043913 -0.19043913 -0.19043913 -0.19043913 -0.19043913
 -0.19043913 -0.19043913 -0.19043913 -0.19043913 -0.19043913 -0.19043913
 -0.19043913 -0.19043913 -0.19043913 -0.19043913 -0.19043913 -0.19043913
 -0.19043913 -0.19043913 -0.19043913 -0.19043913 -0.19043913 -0.19043913
 -0.19043913 -0.19043913 -0.19043913 -0.19043913 -0.19043913 -0.19043913
 -0.19043913 -0.19043913 -0.19043913 -0.19043913 -0.19043913 -0.19043913
 -0.19043913 -0.19043913 -0.19043913 -0.19043913 -0.19043913 -0.19043913
 -0.19043913 -0.19043913 -0.19043913 -0.19043913 -0.19043913 -0.19043913
 -0.19043913 -0.19043913 -0.19043913 -0.19043913 -0.19043913 -0.19043913
 -0.19043913 -0.19043913 -0.19043913 -0.19043913 -0.19043913 -0.19043913
 -0.19043913 -0.19043913 -0.19043913 -0.19043913 -0.19043913 -0.19043913
 -0.19043913 -0.19043913  4.7371622  -0.19043913 -0.19043913 -0.19043913
 -0.19043913 -0.19043913 -0.19043913 -0.19043913 -0.19043913 -0.19043913
 -0.19043913 -0.19043913 -0.19043913 -0.19043913 -0.19043913 -0.19043913
 -0.19043913 -0.19043913 -0.19043913 -0.19043913 -0.19043913 -0.19043913
 -0.19043913  3.05279794 -0.19043913 -0.19043913 -0.19043913 -0.19043913
 -0.19043913 -0.19043913 -0.19043913 -0.19043913 -0.19043913 -0.19043913
 -0.19043913 -0.19043913 -0.19043913 -0.19043913 -0.19043913 -0.19043913
 -0.19043913 -0.19043913 -0.19043913 -0.19043913 -0.19043913 -0.19043913
 -0.19043913 -0.19043913 -0.19043913 -0.19043913 -0.19043913 -0.19043913
 -0.19043913 -0.19043913  3.56431192 -0.19043913]",[-0.02331008310962157]
7,"[-0.15964969 -0.15964969 -0.15964969 -0.15964969 -0.15964969 -0.15964969
 -0.15964969 -0.15964969 -0.15964969 -0.15964969 -0.15964969 -0.15964969
 -0.15964969 -0.15964969 -0.15964969 -0.15964969 -0.15964969 -0.15964969
  1.85396561 -0.15964969 -0.15964969 -0.15964969 -0.15964969 -0.15964969
 -0.15964969 -0.15964969 -0.15964969 -0.15964969 -0.15964969 -0.15964969
 -0.15964969 -0.15964969 -0.15964969 -0.15964969 -0.15964969 -0.15964969
 -0.15964969 -0.15964969 -0.15964969 -0.15964969 -0.15964969 -0.15964969
 -0.15964969 -0.15964969 -0.15964969 -0.15964969 -0.15964969 -0.15964969
 -0.15964969 -0.15964969 -0.15964969 -0.15964969 -0.15964969 -0.15964969
 -0.15964969 -0.15964969 -0.15964969 -0.15964969 -0.15964969 -0.15964969
 -0.15964969 -0.15964969 -0.15964969 -0.15964969 -0.15964969 -0.15964969
 -0.15964969 -0.15964969 -0.15964969 -0.15964969 -0.15964969 -0.15964969
 -0.15964969 -0.15964969 -0.15964969 -0.15964969 -0.15964969 -0.15964969
 -0.15964969 -0.15964969 -0.15964969 -0.15964969 -0.15964969 11.1890481
 -0.15964969 -0.15964969 -0.15964969 -0.15964969 -0.15964969 -0.15964969
 -0.15964969 -0.15964969 -0.15964969 -0.15964969 -0.15964969 -0.15964969
 -0.15964969 -0.15964969 -0.15964969 -0.15964969 -0.15964969 -0.15964969
 -0.15964969 -0.15964969 -0.15964969 -0.15964969 -0.15964969 -0.15964969
 -0.15964969 -0.15964969  7.80903982 -0.15964969 -0.15964969 -0.15964969
 -0.15964969 -0.15964969  7.41802421 -0.15964969 -0.15964969 -0.15964969
 -0.15964969 -0.15964969 -0.15964969 -0.15964969 -0.15964969 -0.15964969
 -0.15964969 -0.15964969 -0.15964969 -0.15964969 -0.15964969 -0.15964969
 -0.15964969 -0.15964969 -0.15964969 -0.15964969 -0.15964969 -0.15964969
 -0.15964969 -0.15964969 -0.15964969 -0.15964969 -0.15964969 -0.15964969
 -0.15964969 -0.15964969 -0.15964969 -0.15964969 -0.15964969 -0.15964969
 -0.15964969 -0.15964969 -0.15964969 -0.15964969 -0.15964969 -0.15964969
 -0.15964969 -0.15964969 -0.15964969 -0.15964969 -0.15964969 -0.15964969
 -0.15964969 -0.15964969 -0.15964969 -0.15964969 -0.15964969 -0.15964969
 -0.15964969 -0.15964969 -0.15964969 -0.15964969 -0.15964969 -0.15964969
 -0.15964969 -0.15964969 -0.15964969 -0.15964969 -0.15964969 -0.15964969
 -0.15964969 -0.15964969 -0.15964969 -0.15964969 -0.15964969 -0.15964969
 -0.15964969 -0.15964969 -0.15964969 -0.15964969 -0.15964969 -0.15964969
 -0.15964969 -0.15964969 -0.15964969 -0.15964969 -0.15964969 -0.15964969
 -0.15964969 -0.15964969 -0.15964969 -0.15964969 -0.15964969  2.17079528
 -0.15964969 -0.15964969 -0.15964969 -0.15964969 -0.15964969 -0.15964969
 -0.15964969 -0.15964969 -0.15964969 -0.15964969 -0.15964969  3.2647618
 -0.15964969 -0.15964969 -0.15964969 -0.15964969 -0.15964969 -0.15964969
 -0.15964969 -0.15964969 -0.15964969 -0.15964969 -0.15964969 -0.15964969
 -0.15964969 -0.15964969 -0.15964969 -0.15964969 -0.15964969 -0.15964969
 -0.15964969  1.95055871 -0.15964969 -0.15964969 -0.15964969 -0.15964969
  2.86166451 -0.15964969 -0.15964969 -0.15964969 -0.15964969 -0.15964969
 -0.15964969 -0.15964969 -0.15964969 -0.15964969 -0.15964969 -0.15964969
 -0.15964969 -0.15964969 -0.15964969 -0.15964969 -0.15964969 -0.15964969
 -0.15964969 -0.15964969 -0.15964969  2.29749543 -0.15964969  0.09793969
 -0.15964969 -0.15964969 -0.15964969 -0.15964969 -0.15964969 -0.15964969
 -0.15964969 -0.15964969 -0.15964969 -0.15964969  2.25524344 -0.15964969
 -0.15964969 -0.15964969 -0.15964969 -0.15964969 -0.15964969 -0.15964969
  5.60901509 -0.15964969 -0.15964969 -0.15964969 -0.15964969  6.46554779
 -0.15964969 -0.15964969 -0.15964969 -0.15964969 -0.15964969 -0.15964969
 -0.15964969 -0.15964969  7.09370212 -0.15964969 -0.15964969 -0.15964969
 -0.15964969 -0.15964969 -0.15964969 -0.15964969 -0.15964969 -0.15964969
 -0.15964969 -0.15964969 -0.15964969 -0.15964969 -0.15964969  1.69367941
 -0.15964969 -0.15964969 -0.15964969 -0.15964969 -0.15964969 -0.15964969
 -0.15964969 -0.15964969 -0.15964969 -0.15964969  0.48838295 -0.15964969
 -0.15964969 -0.15964969 -0.15964969 -0.15964969 -0.15964969 -0.15964969
 -0.15964969 -0.15964969 -0.15964969 -0.15964969 -0.15964969 -0.15964969
 -0.15964969 -0.15964969 -0.15964969 -0.15964969 -0.15964969 -0.15964969
 -0.15964969 -0.15964969 -0.15964969 -0.15964969 -0.15964969 -0.15964969
 -0.15964969 -0.15964969 -0.15964969 -0.15964969 -0.15964969 -0.15964969
 -0.15964969 -0.15964969 -0.15964969 -0.15964969 -0.15964969 -0.15964969
 -0.15964969 -0.15964969 -0.15964969 -0.15964969 -0.15964969 -0.15964969
 -0.15964969 -0.15964969 -0.15964969 -0.15964969 -0.15964969 -0.15964969
 -0.15964969 -0.15964969 -0.15964969 -0.15964969 -0.15964969 -0.15964969
 -0.15964969 -0.15964969 -0.15964969 -0.15964969 -0.15964969 -0.15964969
 -0.15964969 -0.15964969 -0.15964969 -0.15964969 -0.15964969 -0.15964969
 -0.15964969 -0.15964969 -0.15964969 -0.15964969 -0.15964969 -0.15964969
 -0.15964969 -0.15964969 -0.15964969 -0.15964969 -0.15964969 -0.15964969
 -0.15964969 -0.15964969 -0.15964969 -0.15964969 -0.15964969 -0.15964969
 -0.15964969 -0.15964969 -0.15964969 -0.15964969 -0.15964969 -0.15964969
 -0.15964969 -0.15964969 -0.15964969 -0.15964969 -0.15964969 -0.15964969
 -0.15964969 -0.15964969 -0.15964969 -0.15964969  7.88462331 -0.15964969
 -0.15964969 -0.15964969 -0.15964969 -0.15964969 -0.15964969 -0.15964969
 -0.15964969 -0.15964969 -0.15964969 -0.15964969 -0.15964969 -0.15964969
 -0.15964969 -0.15964969 -0.15964969 -0.15964969 -0.15964969 -0.15964969
 -0.15964969 -0.15964969 -0.15964969 -0.15964969 -0.15964969 -0.15964969
 -0.15964969 -0.15964969 -0.15964969 -0.15964969 -0.15964969 -0.15964969
 -0.15964969 -0.15964969 -0.15964969 -0.15964969 -0.15964969 -0.15964969
 -0.15964969 -0.15964969  5.69525432 -0.15964969 -0.15964969 -0.15964969
 -0.15964969 -0.15964969 -0.15964969 -0.15964969 -0.15964969 -0.15964969
 -0.15964969 -0.15964969 -0.15964969 -0.15964969 -0.15964969 -0.15964969
 -0.15964969 -0.15964969 -0.15964969 -0.15964969 -0.15964969 -0.15964969
 -0.15964969 -0.15964969 -0.15964969 -0.15964969 -0.15964969 -0.15964969
 -0.15964969 -0.15964969 -0.15964969 -0.15964969 -0.15964969 -0.15964969
 -0.15964969 -0.15964969 -0.15964969 -0.15964969 -0.15964969 -0.15964969
 -0.15964969 -0.15964969 -0.15964969 -0.15964969 -0.15964969 -0.15964969
 -0.15964969 -0.15964969 -0.15964969 -0.15964969 -0.15964969 -0.15964969
 -0.15964969 -0.15964969  1.88575206 -0.15964969]",[-0.03734426193613355]
7,"[-0.19038772 -0.19038772 -0.19038772 -0.19038772 -0.19038772 -0.19038772
 -0.19038772 -0.19038772 -0.19038772 -0.19038772 -0.19038772 -0.19038772
 -0.19038772 -0.19038772 -0.19038772 -0.19038772 -0.19038772 -0.19038772
 -0.19038772 -0.19038772 -0.19038772 -0.19038772 -0.19038772 -0.19038772
 -0.19038772 -0.19038772 -0.19038772 -0.19038772 -0.19038772 -0.19038772
 -0.19038772 -0.19038772 -0.19038772 -0.19038772 -0.19038772 -0.19038772
 -0.19038772 -0.19038772 -0.19038772 -0.19038772 -0.19038772 -0.19038772
 -0.19038772 -0.19038772 -0.19038772 -0.19038772 -0.19038772 -0.19038772
 -0.19038772 -0.19038772 -0.19038772 -0.19038772 -0.19038772 -0.19038772
 -0.19038772 -0.19038772 -0.19038772 -0.19038772  1.2189412  -0.19038772
 -0.19038772 -0.19038772 -0.19038772 -0.19038772 -0.19038772 -0.19038772
 -0.19038772 -0.19038772 -0.19038772 -0.19038772 -0.19038772 -0.19038772
 -0.19038772 -0.19038772 -0.19038772 -0.19038772 -0.19038772 -0.19038772
 -0.19038772 -0.19038772 -0.19038772 -0.19038772 -0.19038772  7.37977296
 -0.19038772 -0.19038772 -0.19038772 -0.19038772 -0.19038772 -0.19038772
 -0.19038772 -0.19038772  2.35068951 -0.19038772 -0.19038772 -0.19038772
 -0.19038772 -0.19038772 -0.19038772 -0.19038772 -0.19038772 -0.19038772
 -0.19038772 -0.19038772 -0.19038772 -0.19038772 -0.19038772 -0.19038772
 -0.19038772 -0.19038772  7.57954921 -0.19038772 -0.19038772  0.80780753
 -0.19038772 -0.19038772  2.3960805  -0.19038772 -0.19038772 -0.19038772
 -0.19038772 -0.19038772 -0.19038772 -0.19038772  1.38467804 -0.19038772
 -0.19038772 -0.19038772 -0.19038772 -0.19038772 -0.19038772 -0.19038772
 -0.19038772 -0.19038772 -0.19038772 -0.19038772 -0.19038772 -0.19038772
 -0.19038772 -0.19038772 -0.19038772 -0.19038772 -0.19038772 -0.19038772
 -0.19038772 -0.19038772 -0.19038772 -0.19038772 -0.19038772 -0.19038772
 -0.19038772 -0.19038772 -0.19038772 -0.19038772 -0.19038772 -0.19038772
 -0.19038772 -0.19038772 -0.19038772 -0.19038772 -0.19038772 -0.19038772
 -0.19038772 -0.19038772 -0.19038772 -0.19038772 -0.19038772 -0.19038772
 -0.19038772 -0.19038772 -0.19038772 -0.19038772 -0.19038772 -0.19038772
 -0.19038772 -0.19038772 -0.19038772 -0.19038772 -0.19038772 -0.19038772
 -0.19038772 -0.19038772 -0.19038772 -0.19038772 -0.19038772 -0.19038772
 -0.19038772 -0.19038772 -0.19038772 -0.19038772 -0.19038772 -0.19038772
 -0.19038772 -0.19038772 -0.19038772 -0.19038772 -0.19038772 -0.19038772
 -0.19038772 -0.19038772 -0.19038772 -0.19038772 -0.19038772  2.65715714
 -0.19038772 -0.19038772 -0.19038772 -0.19038772 -0.19038772 -0.19038772
 -0.19038772 -0.19038772 -0.19038772 -0.19038772 -0.19038772  1.85514158
 -0.19038772 -0.19038772 -0.19038772 -0.19038772 -0.19038772 -0.19038772
 -0.19038772 -0.19038772 -0.19038772 -0.19038772 -0.19038772 -0.19038772
 -0.19038772 -0.19038772 -0.19038772 -0.19038772 -0.19038772 -0.19038772
 -0.19038772  4.64432531 -0.19038772  4.12391399  4.3380384  -0.19038772
  1.67345541 -0.19038772 -0.19038772 -0.19038772 -0.19038772 -0.19038772
 -0.19038772 -0.19038772 -0.19038772 -0.19038772 -0.19038772 -0.19038772
 -0.19038772 -0.19038772 -0.19038772  2.98153498 -0.19038772 -0.19038772
 -0.19038772 -0.19038772 -0.19038772 -0.19038772 -0.19038772 -0.19038772
 -0.19038772 -0.19038772 -0.19038772 -0.19038772 -0.19038772 -0.19038772
 -0.19038772 -0.19038772  0.59888011 -0.19038772  3.58396562 -0.19038772
 -0.19038772 -0.19038772 -0.19038772 -0.19038772 -0.19038772 -0.19038772
 -0.19038772 -0.19038772 -0.19038772 -0.19038772 -0.19038772  5.55739383
 -0.19038772 -0.19038772 -0.19038772 -0.19038772 -0.19038772 -0.19038772
 -0.19038772 -0.19038772 -0.19038772 -0.19038772 -0.19038772 -0.19038772
  7.21007326 -0.19038772 -0.19038772 -0.19038772  6.0639309  -0.19038772
 -0.19038772 -0.19038772 -0.19038772 -0.19038772 -0.19038772  4.44059032
 -0.19038772 -0.19038772 -0.19038772 -0.19038772 -0.19038772 -0.19038772
 -0.19038772 -0.19038772 -0.19038772 -0.19038772  1.30133354 -0.19038772
 -0.19038772 -0.19038772 -0.19038772 -0.19038772 -0.19038772 -0.19038772
 -0.19038772 -0.19038772 -0.19038772 -0.19038772 -0.19038772 -0.19038772
 -0.19038772 -0.19038772 -0.19038772 -0.19038772 -0.19038772 -0.19038772
 -0.19038772 -0.19038772 -0.19038772 -0.19038772 -0.19038772 -0.19038772
 -0.19038772 -0.19038772 -0.19038772 -0.19038772 -0.19038772 -0.19038772
 -0.19038772 -0.19038772 -0.19038772 -0.19038772 -0.19038772 -0.19038772
 -0.19038772 -0.19038772 -0.19038772 -0.19038772 -0.19038772 -0.19038772
 -0.19038772 -0.19038772 -0.19038772 -0.19038772 -0.19038772 -0.19038772
 -0.19038772 -0.19038772 -0.19038772 -0.19038772 -0.19038772 -0.19038772
 -0.19038772 -0.19038772 -0.19038772 -0.19038772 -0.19038772 -0.19038772
 -0.19038772 -0.19038772 -0.19038772 -0.19038772 -0.19038772 -0.19038772
 -0.19038772 -0.19038772 -0.19038772 -0.19038772 -0.19038772 -0.19038772
 -0.19038772 -0.19038772 -0.19038772 -0.19038772 -0.19038772 -0.19038772
 -0.19038772 -0.19038772 -0.19038772 -0.19038772 -0.19038772 -0.19038772
 -0.19038772 -0.19038772 -0.19038772 -0.19038772 -0.19038772 -0.19038772
 -0.19038772 -0.19038772 -0.19038772 -0.19038772 -0.19038772 -0.19038772
 -0.19038772 -0.19038772 -0.19038772 -0.19038772  1.8252996  -0.19038772
 -0.19038772 -0.19038772 -0.19038772 -0.19038772 -0.19038772 -0.19038772
 -0.19038772 -0.19038772 -0.19038772 -0.19038772 -0.19038772 -0.19038772
 -0.19038772 -0.19038772 -0.19038772 -0.19038772 -0.19038772 -0.19038772
 -0.19038772 -0.19038772 -0.19038772 -0.19038772 -0.19038772 -0.19038772
 -0.19038772 -0.19038772 -0.19038772 -0.19038772 -0.19038772 -0.19038772
 -0.19038772 -0.19038772 -0.19038772 -0.19038772 -0.19038772 -0.19038772
 -0.19038772 -0.19038772  6.75965433 -0.19038772 -0.19038772 -0.19038772
  9.34086895 -0.19038772 -0.19038772 -0.19038772 -0.19038772 -0.19038772
 -0.19038772 -0.19038772 -0.19038772 -0.19038772 -0.19038772 -0.19038772
 -0.19038772 -0.19038772 -0.19038772 -0.19038772 -0.19038772 -0.19038772
 -0.19038772  2.16884679 -0.19038772 -0.19038772 -0.19038772 -0.19038772
 -0.19038772 -0.19038772 -0.19038772 -0.19038772 -0.19038772 -0.19038772
 -0.19038772 -0.19038772 -0.19038772 -0.19038772 -0.19038772 -0.19038772
 -0.19038772 -0.19038772 -0.19038772 -0.19038772 -0.19038772 -0.19038772
 -0.19038772 -0.19038772 -0.19038772 -0.19038772 -0.19038772 -0.19038772
 -0.19038772 -0.19038772 -0.19038772 -0.19038772]",[0.003449211118552037]
7,"[-0.20513438 -0.20513438 -0.20513438 -0.20513438 -0.20513438 -0.20513438
 -0.20513438 -0.20513438 -0.20513438 -0.20513438 -0.20513438 -0.20513438
 -0.20513438 -0.20513438 -0.20513438 -0.20513438 -0.20513438 -0.20513438
 -0.20513438 -0.20513438 -0.20513438 -0.20513438 -0.20513438 -0.20513438
 -0.20513438 -0.20513438 -0.20513438 -0.20513438 -0.20513438 -0.20513438
 -0.20513438 -0.20513438 -0.20513438 -0.20513438 -0.20513438 -0.20513438
 -0.20513438 -0.20513438 -0.20513438 -0.20513438 -0.20513438 -0.20513438
 -0.20513438 -0.20513438 -0.20513438 -0.20513438 -0.20513438 -0.20513438
 -0.20513438 -0.20513438 -0.20513438 -0.20513438 -0.20513438 -0.20513438
 -0.20513438 -0.20513438 -0.20513438 -0.20513438 -0.20513438 -0.20513438
 -0.20513438 -0.20513438 -0.20513438 -0.20513438 -0.20513438 -0.20513438
 -0.20513438 -0.20513438 -0.20513438 -0.20513438 -0.20513438 -0.20513438
 -0.20513438 -0.20513438 -0.20513438 -0.20513438 -0.20513438 -0.20513438
 -0.20513438 -0.20513438 -0.20513438 -0.20513438 -0.20513438  3.41853414
 -0.20513438 -0.20513438 -0.20513438 -0.20513438 -0.20513438 -0.20513438
 -0.20513438 -0.20513438  1.37483239 -0.20513438 -0.20513438 -0.20513438
 -0.20513438 -0.20513438 -0.20513438 -0.20513438 -0.20513438 -0.20513438
 -0.20513438 -0.20513438 -0.20513438 -0.20513438 -0.20513438 -0.20513438
 -0.20513438 -0.20513438 -0.20513438 -0.20513438 -0.20513438 -0.20513438
 -0.20513438 -0.20513438 -0.20513438 -0.20513438 -0.20513438 -0.20513438
 -0.20513438 -0.20513438 -0.20513438 -0.20513438 -0.20513438 -0.20513438
 -0.20513438 -0.20513438 -0.20513438 -0.20513438 -0.20513438 -0.20513438
 -0.20513438 -0.20513438 -0.20513438 -0.20513438 -0.20513438 -0.20513438
 -0.20513438 -0.20513438 -0.20513438 -0.20513438 -0.20513438 -0.20513438
 -0.20513438 -0.20513438 -0.20513438 -0.20513438 -0.20513438 -0.20513438
 -0.20513438 -0.20513438 -0.20513438 -0.20513438 -0.20513438 -0.20513438
 -0.20513438 -0.20513438 -0.20513438 -0.20513438 -0.20513438 -0.20513438
 -0.20513438 -0.20513438 -0.20513438 -0.20513438 -0.20513438 -0.20513438
 -0.20513438 -0.20513438 -0.20513438 -0.20513438 -0.20513438  1.9558205
 -0.20513438 -0.20513438 -0.20513438 -0.20513438 -0.20513438 -0.20513438
 -0.20513438 -0.20513438 -0.20513438 -0.20513438 -0.20513438 -0.20513438
 -0.20513438 -0.20513438 -0.20513438 -0.20513438 -0.20513438 -0.20513438
 -0.20513438 -0.20513438 -0.20513438 -0.20513438 -0.20513438 -0.20513438
 -0.20513438 -0.20513438 -0.20513438 -0.20513438 -0.20513438 -0.20513438
 -0.20513438 -0.20513438 -0.20513438 -0.20513438 -0.20513438 -0.20513438
  2.11246873 -0.20513438  3.82567925 -0.20513438 -0.20513438  6.44152569
 -0.20513438 -0.20513438 -0.20513438 -0.20513438 -0.20513438 -0.20513438
 -0.20513438 -0.20513438 -0.20513438 -0.20513438 -0.20513438 -0.20513438
 -0.20513438 -0.20513438 -0.20513438 -0.20513438 -0.20513438 -0.20513438
 -0.20513438  4.69227968 -0.20513438  4.21748091  5.20622939 -0.20513438
  4.78836424  1.65452168 -0.20513438 -0.20513438 -0.20513438 -0.20513438
 -0.20513438 -0.20513438 -0.20513438 -0.20513438 -0.20513438 -0.20513438
 -0.20513438 -0.20513438 -0.20513438 -0.20513438 -0.20513438 -0.20513438
 -0.20513438 -0.20513438  4.91731483  4.95312755 -0.20513438  1.08626377
 -0.20513438 -0.20513438 -0.20513438 -0.20513438  0.83736581 -0.20513438
 -0.20513438 -0.20513438 -0.20513438 -0.20513438  3.73168922 -0.20513438
 -0.20513438  1.0928353  -0.20513438 -0.20513438 -0.20513438 -0.20513438
  2.88655347  2.75635995 -0.20513438 -0.20513438 -0.20513438  7.80856488
 -0.20513438 -0.20513438 -0.20513438 -0.20513438 -0.20513438  2.96607439
 -0.20513438 -0.20513438 -0.20513438 -0.20513438 -0.20513438 -0.20513438
 -0.20513438 -0.20513438 -0.20513438 -0.20513438 -0.20513438 -0.20513438
 -0.20513438 -0.20513438 -0.20513438 -0.20513438 -0.20513438  5.462894
 -0.20513438  1.25663177 -0.20513438 -0.20513438 -0.20513438 -0.20513438
 -0.20513438 -0.20513438 -0.20513438 -0.20513438 -0.20513438 -0.20513438
 -0.20513438 -0.20513438 -0.20513438 -0.20513438 -0.20513438 -0.20513438
 -0.20513438 -0.20513438 -0.20513438 -0.20513438 -0.20513438 -0.20513438
 -0.20513438 -0.20513438 -0.20513438 -0.20513438 -0.20513438 -0.20513438
 -0.20513438 -0.20513438 -0.20513438 -0.20513438 -0.20513438 -0.20513438
 -0.20513438 -0.20513438 -0.20513438 -0.20513438 -0.20513438 -0.20513438
 -0.20513438 -0.20513438 -0.20513438 -0.20513438 -0.20513438 -0.20513438
 -0.20513438 -0.20513438 -0.20513438 -0.20513438 -0.20513438 -0.20513438
 -0.20513438 -0.20513438 -0.20513438 -0.20513438 -0.20513438 -0.20513438
 -0.20513438 -0.20513438 -0.20513438 -0.20513438 -0.20513438 -0.20513438
 -0.20513438 -0.20513438 -0.20513438 -0.20513438 -0.20513438 -0.20513438
 -0.20513438 -0.20513438 -0.20513438 -0.20513438 -0.20513438 -0.20513438
 -0.20513438 -0.20513438 -0.20513438 -0.20513438 -0.20513438 -0.20513438
 -0.20513438 -0.20513438 -0.20513438 -0.20513438 -0.20513438 -0.20513438
 -0.20513438 -0.20513438 -0.20513438 -0.20513438 -0.20513438 -0.20513438
 -0.20513438 -0.20513438 -0.20513438 -0.20513438 -0.20513438 -0.20513438
 -0.20513438 -0.20513438 -0.20513438 -0.20513438 -0.20513438 -0.20513438
 -0.20513438 -0.20513438 -0.20513438 -0.20513438 -0.20513438 -0.20513438
 -0.20513438 -0.20513438 -0.20513438 -0.20513438 -0.20513438 -0.20513438
 -0.20513438 -0.20513438 -0.20513438 -0.20513438 -0.20513438 -0.20513438
 -0.20513438 -0.20513438 -0.20513438 -0.20513438 -0.20513438 -0.20513438
 -0.20513438 -0.20513438 -0.20513438 -0.20513438 -0.20513438 -0.20513438
  0.91993305 -0.20513438 -0.20513438 -0.20513438 -0.20513438 -0.20513438
 -0.20513438 -0.20513438 -0.20513438 -0.20513438 -0.20513438 -0.20513438
 -0.20513438 -0.20513438  6.06279509 -0.20513438 -0.20513438 -0.20513438
  7.60177074 -0.20513438 -0.20513438 -0.20513438 -0.20513438 -0.20513438
 -0.20513438 -0.20513438 -0.20513438 -0.20513438 -0.20513438 -0.20513438
 -0.20513438 -0.20513438 -0.20513438 -0.20513438 -0.20513438 -0.20513438
 -0.20513438  7.10333659 -0.20513438 -0.20513438 -0.20513438 -0.20513438
 -0.20513438 -0.20513438 -0.20513438 -0.20513438 -0.20513438 -0.20513438
 -0.20513438 -0.20513438 -0.20513438 -0.20513438 -0.20513438 -0.20513438
 -0.20513438 -0.20513438 -0.20513438 -0.20513438 -0.20513438 -0.20513438
 -0.20513438 -0.20513438 -0.20513438 -0.20513438 -0.20513438 -0.20513438
 -0.20513438 -0.20513438 -0.20513438 -0.20513438]",[-0.014383012143122736]
7,"[-0.18175337 -0.18175337 -0.18175337 -0.18175337 -0.18175337 -0.18175337
 -0.18175337 -0.18175337 -0.18175337 -0.18175337 -0.18175337 -0.18175337
 -0.18175337 -0.18175337 -0.18175337 -0.18175337 -0.18175337 -0.18175337
  0.85797277 -0.18175337 -0.18175337 -0.18175337 -0.18175337 -0.18175337
 -0.18175337 -0.18175337 -0.18175337 -0.18175337 -0.18175337 -0.18175337
 -0.18175337 -0.18175337 -0.18175337 -0.18175337 -0.18175337 -0.18175337
 -0.18175337 -0.18175337 -0.18175337 -0.18175337 -0.18175337 -0.18175337
 -0.18175337 -0.18175337 -0.18175337 -0.18175337 -0.18175337 -0.18175337
 -0.18175337 -0.18175337 -0.18175337 -0.18175337 -0.18175337 -0.18175337
 -0.18175337 -0.18175337 -0.18175337 -0.18175337  1.38185662 -0.18175337
 -0.18175337 -0.18175337 -0.18175337 -0.18175337 -0.18175337 -0.18175337
 -0.18175337 -0.18175337 -0.18175337 -0.18175337 -0.18175337 -0.18175337
 -0.18175337 -0.18175337 -0.18175337 -0.18175337 -0.18175337 -0.18175337
 -0.18175337 -0.18175337 -0.18175337 -0.18175337 -0.18175337  8.6419973
 -0.18175337 -0.18175337 -0.18175337 -0.18175337 -0.18175337 -0.18175337
 -0.18175337 -0.18175337  4.77414578 -0.18175337 -0.18175337 -0.18175337
 -0.18175337 -0.18175337 -0.18175337 -0.18175337 -0.18175337 -0.18175337
 -0.18175337 -0.18175337 -0.18175337 -0.18175337 -0.18175337 -0.18175337
 -0.18175337 -0.18175337  1.26568979 -0.18175337 -0.18175337 -0.18175337
 -0.18175337 -0.18175337 -0.18175337 -0.18175337 -0.18175337 -0.18175337
 -0.18175337 -0.18175337 -0.18175337 -0.18175337 -0.18175337 -0.18175337
 -0.18175337 -0.18175337 -0.18175337 -0.18175337 -0.18175337 -0.18175337
 -0.18175337 -0.18175337 -0.18175337 -0.18175337 -0.18175337 -0.18175337
 -0.18175337 -0.18175337 -0.18175337 -0.18175337 -0.18175337 -0.18175337
 -0.18175337 -0.18175337 -0.18175337 -0.18175337 -0.18175337 -0.18175337
 -0.18175337 -0.18175337 -0.18175337 -0.18175337 -0.18175337 -0.18175337
 -0.18175337 -0.18175337 -0.18175337 -0.18175337 -0.18175337 -0.18175337
 -0.18175337 -0.18175337 -0.18175337 -0.18175337 -0.18175337 -0.18175337
 -0.18175337 -0.18175337 -0.18175337 -0.18175337 -0.18175337 -0.18175337
 -0.18175337 -0.18175337 -0.18175337 -0.18175337 -0.18175337 -0.18175337
 -0.18175337 -0.18175337 -0.18175337 -0.18175337 -0.18175337 -0.18175337
 -0.18175337 -0.18175337 -0.18175337 -0.18175337 -0.18175337 -0.18175337
 -0.18175337 -0.18175337 -0.18175337 -0.18175337 -0.18175337 -0.18175337
 -0.18175337 -0.18175337  4.89950624 -0.18175337 -0.18175337 -0.18175337
 -0.18175337 -0.18175337 -0.18175337 -0.18175337 -0.18175337 -0.18175337
 -0.18175337 -0.18175337 -0.18175337 -0.18175337 -0.18175337  5.71786793
 -0.18175337 -0.18175337 -0.18175337 -0.18175337 -0.18175337 -0.18175337
 -0.18175337 -0.18175337 -0.18175337 -0.18175337 -0.18175337 -0.18175337
 -0.18175337 -0.18175337 -0.18175337 -0.18175337 -0.18175337 -0.18175337
 -0.18175337  4.90009443 -0.18175337  0.8387479  -0.18175337 -0.18175337
  5.12746613 -0.18175337 -0.18175337 -0.18175337 -0.18175337 -0.18175337
 -0.18175337 -0.18175337 -0.18175337 -0.18175337 -0.18175337 -0.18175337
 -0.18175337 -0.18175337 -0.18175337 -0.18175337 -0.18175337 -0.18175337
 -0.18175337 -0.18175337 -0.18175337  6.00529042 -0.18175337 -0.18175337
 -0.18175337 -0.18175337 -0.18175337 -0.18175337 -0.18175337 -0.18175337
  1.41355564 -0.18175337  0.23078753 -0.18175337  5.57436922 -0.18175337
 -0.18175337 -0.18175337 -0.18175337 -0.18175337 -0.18175337 -0.18175337
 -0.18175337 -0.18175337 -0.18175337 -0.18175337 -0.18175337 -0.18175337
 -0.18175337 -0.18175337 -0.18175337 -0.18175337 -0.18175337 -0.18175337
 -0.18175337 -0.18175337 -0.18175337 -0.18175337 -0.18175337 -0.18175337
 -0.18175337 -0.18175337 -0.18175337 -0.18175337 -0.18175337 -0.18175337
 -0.18175337 -0.18175337 -0.18175337 -0.18175337 -0.18175337  5.38624804
 -0.18175337 -0.18175337 -0.18175337 -0.18175337 -0.18175337 -0.18175337
 -0.18175337 -0.18175337 -0.18175337 -0.18175337 -0.18175337 -0.18175337
 -0.18175337 -0.18175337 -0.18175337 -0.18175337 -0.18175337 -0.18175337
 -0.18175337 -0.18175337 -0.18175337 -0.18175337 -0.18175337 -0.18175337
 -0.18175337 -0.18175337 -0.18175337 -0.18175337 -0.18175337 -0.18175337
 -0.18175337 -0.18175337 -0.18175337 -0.18175337 -0.18175337 -0.18175337
 -0.18175337 -0.18175337 -0.18175337 -0.18175337 -0.18175337 -0.18175337
 -0.18175337 -0.18175337 -0.18175337 -0.18175337 -0.18175337 -0.18175337
 -0.18175337 -0.18175337 -0.18175337 -0.18175337 -0.18175337 -0.18175337
 -0.18175337 -0.18175337 -0.18175337 -0.18175337 -0.18175337 -0.18175337
 -0.18175337 -0.18175337 -0.18175337 -0.18175337 -0.18175337 -0.18175337
 -0.18175337 -0.18175337 -0.18175337 -0.18175337 -0.18175337 -0.18175337
 -0.18175337 -0.18175337 -0.18175337 -0.18175337 -0.18175337 -0.18175337
 -0.18175337 -0.18175337 -0.18175337 -0.18175337 -0.18175337 -0.18175337
 -0.18175337 -0.18175337 -0.18175337 -0.18175337 -0.18175337 -0.18175337
 -0.18175337 -0.18175337 -0.18175337 -0.18175337 -0.18175337 -0.18175337
 -0.18175337 -0.18175337 -0.18175337 -0.18175337 -0.18175337 -0.18175337
 -0.18175337 -0.18175337 -0.18175337 -0.18175337 -0.18175337 -0.18175337
 -0.18175337 -0.18175337 -0.18175337 -0.18175337 -0.18175337 -0.18175337
 -0.18175337 -0.18175337 -0.18175337 -0.18175337 -0.18175337 -0.18175337
 -0.18175337 -0.18175337 -0.18175337 -0.18175337 -0.18175337 -0.18175337
 -0.18175337 -0.18175337 -0.18175337 -0.18175337 -0.18175337 -0.18175337
 -0.18175337 -0.18175337 -0.18175337 -0.18175337 -0.18175337 -0.18175337
 -0.18175337 -0.18175337 -0.18175337 -0.18175337 -0.18175337 -0.18175337
 -0.18175337 -0.18175337 -0.18175337 -0.18175337 -0.18175337 -0.18175337
 -0.18175337 -0.18175337  6.06463844 -0.18175337  5.9731583   5.27975427
  7.19712036 -0.18175337 -0.18175337 -0.18175337  5.52005413 -0.18175337
 -0.18175337 -0.18175337 -0.18175337 -0.18175337 -0.18175337 -0.18175337
 -0.18175337 -0.18175337 -0.18175337 -0.18175337 -0.18175337 -0.18175337
 -0.18175337  3.64461277 -0.18175337 -0.18175337 -0.18175337 -0.18175337
 -0.18175337 -0.18175337 -0.18175337 -0.18175337 -0.18175337 -0.18175337
 -0.18175337 -0.18175337 -0.18175337 -0.18175337 -0.18175337 -0.18175337
 -0.18175337 -0.18175337 -0.18175337 -0.18175337 -0.18175337 -0.18175337
 -0.18175337 -0.18175337 -0.18175337 -0.18175337 -0.18175337 -0.18175337
 -0.18175337 -0.18175337 -0.18175337 -0.18175337]",[-0.02729828533951187]
7,"[-0.1445626  -0.1445626  -0.1445626  -0.1445626  -0.1445626  -0.1445626
 -0.1445626  -0.1445626  -0.1445626  -0.1445626  -0.1445626  -0.1445626
 -0.1445626  -0.1445626  -0.1445626  -0.1445626  -0.1445626  -0.1445626
  0.7147931  -0.1445626  -0.1445626  -0.1445626  -0.1445626  -0.1445626
 -0.1445626  -0.1445626  -0.1445626  -0.1445626  -0.1445626  -0.1445626
 -0.1445626  -0.1445626  -0.1445626  -0.1445626  -0.1445626  -0.1445626
 -0.1445626  -0.1445626  -0.1445626  -0.1445626  -0.1445626  -0.1445626
 -0.1445626  -0.1445626  -0.1445626  -0.1445626  -0.1445626  -0.1445626
 -0.1445626  -0.1445626  -0.1445626  -0.1445626  -0.1445626  -0.1445626
 -0.1445626  -0.1445626  -0.1445626  -0.1445626  -0.1445626  -0.1445626
 -0.1445626  -0.1445626  -0.1445626  -0.1445626  -0.1445626  -0.1445626
 -0.1445626  -0.1445626  -0.1445626  -0.1445626  -0.1445626  -0.1445626
 -0.1445626  -0.1445626  -0.1445626  -0.1445626  -0.1445626  -0.1445626
 -0.1445626  -0.1445626  -0.1445626  -0.1445626  -0.1445626  10.33730283
 -0.1445626  -0.1445626  -0.1445626  -0.1445626  -0.1445626   6.29327357
 -0.1445626  -0.1445626  -0.1445626  -0.1445626  -0.1445626  -0.1445626
 -0.1445626  -0.1445626  -0.1445626  -0.1445626  -0.1445626  -0.1445626
 -0.1445626  -0.1445626  -0.1445626  -0.1445626  -0.1445626  -0.1445626
 -0.1445626  -0.1445626   9.99414484 -0.1445626  -0.1445626  -0.1445626
 -0.1445626  -0.1445626  -0.1445626  -0.1445626  -0.1445626  -0.1445626
 -0.1445626  -0.1445626  -0.1445626  -0.1445626  -0.1445626  -0.1445626
 -0.1445626  -0.1445626  -0.1445626  -0.1445626  -0.1445626  -0.1445626
 -0.1445626  -0.1445626  -0.1445626  -0.1445626  -0.1445626  -0.1445626
 -0.1445626  -0.1445626  -0.1445626  -0.1445626  -0.1445626  -0.1445626
 -0.1445626  -0.1445626  -0.1445626  -0.1445626  -0.1445626  -0.1445626
 -0.1445626  -0.1445626  -0.1445626  -0.1445626  -0.1445626  -0.1445626
 -0.1445626  -0.1445626  -0.1445626  -0.1445626  -0.1445626  -0.1445626
 -0.1445626  -0.1445626  -0.1445626  -0.1445626  -0.1445626  -0.1445626
 -0.1445626  -0.1445626  -0.1445626  -0.1445626  -0.1445626  -0.1445626
 -0.1445626  -0.1445626  -0.1445626  -0.1445626  -0.1445626  -0.1445626
 -0.1445626  -0.1445626  -0.1445626  -0.1445626  -0.1445626  -0.1445626
 -0.1445626  -0.1445626  -0.1445626  -0.1445626  -0.1445626  -0.1445626
 -0.1445626  -0.1445626  -0.1445626  -0.1445626  -0.1445626  -0.1445626
 -0.1445626  -0.1445626  -0.1445626  -0.1445626  -0.1445626  -0.1445626
 -0.1445626  -0.1445626  -0.1445626  -0.1445626  -0.1445626  -0.1445626
  1.52033651 -0.1445626  -0.1445626  -0.1445626  -0.1445626   5.29746086
 -0.1445626  -0.1445626  -0.1445626  -0.1445626  -0.1445626  -0.1445626
 -0.1445626  -0.1445626  -0.1445626  -0.1445626  -0.1445626  -0.1445626
 -0.1445626  -0.1445626  -0.1445626  -0.1445626  -0.1445626  -0.1445626
 -0.1445626   0.6136811  -0.1445626  -0.1445626  -0.1445626  -0.1445626
  1.80417259 -0.1445626  -0.1445626  -0.1445626  -0.1445626  -0.1445626
 -0.1445626  -0.1445626  -0.1445626  -0.1445626  -0.1445626  -0.1445626
 -0.1445626  -0.1445626  -0.1445626   1.84292116 -0.1445626  -0.1445626
 -0.1445626  -0.1445626  -0.1445626   3.10127201 -0.1445626  -0.1445626
 -0.1445626  -0.1445626  -0.1445626  -0.1445626  -0.1445626  -0.1445626
 -0.1445626  -0.1445626  -0.1445626  -0.1445626   5.09600264 -0.1445626
 -0.1445626  -0.1445626  -0.1445626  -0.1445626  -0.1445626  -0.1445626
 -0.1445626  -0.1445626  -0.1445626  -0.1445626  -0.1445626   4.06382437
 -0.1445626  -0.1445626  -0.1445626  -0.1445626  -0.1445626  -0.1445626
 -0.1445626  -0.1445626  -0.1445626  -0.1445626  -0.1445626  -0.1445626
 -0.1445626  -0.1445626  -0.1445626  -0.1445626  -0.1445626  -0.1445626
 -0.1445626  -0.1445626  -0.1445626  -0.1445626  -0.1445626   8.66912588
 -0.1445626  -0.1445626  -0.1445626  -0.1445626  -0.1445626  -0.1445626
 -0.1445626  -0.1445626  -0.1445626  -0.1445626  -0.1445626  -0.1445626
 -0.1445626  -0.1445626  -0.1445626  -0.1445626  -0.1445626  -0.1445626
 -0.1445626  -0.1445626  -0.1445626  -0.1445626  -0.1445626  -0.1445626
 -0.1445626  -0.1445626  -0.1445626  -0.1445626  -0.1445626  -0.1445626
 -0.1445626  -0.1445626  -0.1445626  -0.1445626  -0.1445626  -0.1445626
 -0.1445626  -0.1445626  -0.1445626  -0.1445626  -0.1445626  -0.1445626
 -0.1445626  -0.1445626  -0.1445626  -0.1445626  -0.1445626  -0.1445626
 -0.1445626  -0.1445626  -0.1445626  -0.1445626  -0.1445626  -0.1445626
 -0.1445626  -0.1445626  -0.1445626  -0.1445626  -0.1445626  -0.1445626
 -0.1445626  -0.1445626  -0.1445626  -0.1445626  -0.1445626  -0.1445626
 -0.1445626  -0.1445626  -0.1445626  -0.1445626  -0.1445626  -0.1445626
 -0.1445626  -0.1445626  -0.1445626  -0.1445626  -0.1445626  -0.1445626
 -0.1445626  -0.1445626  -0.1445626  -0.1445626  -0.1445626  -0.1445626
 -0.1445626  -0.1445626  -0.1445626  -0.1445626  -0.1445626  -0.1445626
 -0.1445626  -0.1445626  -0.1445626  -0.1445626  -0.1445626  -0.1445626
 -0.1445626  -0.1445626  -0.1445626  -0.1445626  -0.1445626  -0.1445626
 -0.1445626  -0.1445626  -0.1445626  -0.1445626  -0.1445626  -0.1445626
 -0.1445626  -0.1445626  -0.1445626  -0.1445626  -0.1445626  -0.1445626
 -0.1445626  -0.1445626  -0.1445626  -0.1445626  -0.1445626  -0.1445626
 -0.1445626  -0.1445626  -0.1445626  -0.1445626  -0.1445626  -0.1445626
 -0.1445626  -0.1445626  -0.1445626  -0.1445626  -0.1445626  -0.1445626
 -0.1445626  -0.1445626  -0.1445626  -0.1445626  -0.1445626  -0.1445626
 -0.1445626  -0.1445626  -0.1445626  -0.1445626  -0.1445626  -0.1445626
 -0.1445626  -0.1445626  -0.1445626  -0.1445626  -0.1445626  -0.1445626
 -0.1445626  -0.1445626   5.29674655 -0.1445626  -0.1445626  -0.1445626
  8.35905321 -0.1445626  -0.1445626  -0.1445626  -0.1445626  -0.1445626
 -0.1445626  -0.1445626  -0.1445626  -0.1445626  -0.1445626  -0.1445626
 -0.1445626  -0.1445626  -0.1445626  -0.1445626  -0.1445626  -0.1445626
 -0.1445626  -0.1445626  -0.1445626  -0.1445626  -0.1445626  -0.1445626
 -0.1445626  -0.1445626  -0.1445626  -0.1445626  -0.1445626  -0.1445626
 -0.1445626  -0.1445626  -0.1445626  -0.1445626  -0.1445626  -0.1445626
 -0.1445626  -0.1445626  -0.1445626  -0.1445626  -0.1445626  -0.1445626
 -0.1445626  -0.1445626  -0.1445626  -0.1445626  -0.1445626  -0.1445626
 -0.1445626  -0.1445626  -0.1445626  -0.1445626 ]",[-0.04919860946797763]
7,"[-0.26271156 -0.26271156 -0.26271156 -0.26271156  0.45389663 -0.26271156
 -0.26271156  4.04900097  2.97281725 -0.26271156 -0.26271156 -0.26271156
 -0.26271156 -0.26271156 -0.26271156 -0.26271156  2.89893646 -0.26271156
  1.66909319 -0.26271156 -0.26271156 -0.26271156 -0.26271156 -0.26271156
 -0.26271156 -0.26271156 -0.26271156 -0.26271156 -0.26271156 -0.26271156
 -0.26271156 -0.26271156 -0.26271156 -0.26271156  4.04900097 -0.26271156
 -0.26271156  4.51603467 -0.26271156 -0.26271156  4.10870043 -0.26271156
 -0.26271156 -0.26271156 -0.26271156  3.45123914 -0.26271156 -0.26271156
 -0.26271156 -0.26271156 -0.26271156 -0.26271156 -0.26271156 -0.26271156
 -0.26271156  2.78954266 -0.26271156 -0.26271156  1.8265058  -0.26271156
 -0.26271156 -0.26271156 -0.26271156  4.40020891 -0.26271156 -0.26271156
 -0.26271156 -0.26271156  3.16297532 -0.26271156  3.71407408  2.20578595
 -0.26271156 -0.26271156  4.49159348 -0.26271156 -0.26271156 -0.26271156
 -0.26271156 -0.26271156 -0.26271156 -0.26271156 -0.26271156 -0.26271156
 -0.26271156 -0.26271156 -0.26271156 -0.26271156 -0.26271156 -0.26271156
 -0.26271156 -0.26271156 -0.26271156 -0.26271156 -0.26271156 -0.26271156
 -0.26271156 -0.26271156 -0.26271156 -0.26271156 -0.26271156 -0.26271156
 -0.26271156 -0.26271156 -0.26271156 -0.26271156 -0.26271156 -0.26271156
 -0.26271156 -0.26271156  0.37408976 -0.26271156 -0.26271156 -0.26271156
 -0.26271156 -0.26271156 -0.26271156 -0.26271156 -0.26271156 -0.26271156
 -0.26271156 -0.26271156 -0.26271156 -0.26271156  0.38831491 -0.26271156
 -0.26271156 -0.26271156 -0.26271156 -0.26271156  2.23930052 -0.26271156
 -0.26271156 -0.26271156 -0.26271156 -0.26271156 -0.26271156 -0.26271156
  1.47682856 -0.26271156 -0.26271156 -0.26271156  3.2181375  -0.26271156
 -0.26271156 -0.26271156 -0.26271156 -0.26271156 -0.26271156 -0.26271156
 -0.26271156 -0.26271156 -0.26271156 -0.26271156 -0.26271156 -0.26271156
 -0.26271156 -0.26271156 -0.26271156 -0.26271156  1.07375796 -0.26271156
 -0.26271156 -0.26271156 -0.26271156 -0.26271156 -0.26271156 -0.26271156
 -0.26271156 -0.26271156 -0.26271156 -0.26271156 -0.26271156 -0.26271156
 -0.26271156 -0.26271156 -0.26271156 -0.26271156 -0.26271156 -0.26271156
 -0.26271156 -0.26271156 -0.26271156 -0.26271156 -0.26271156 -0.26271156
 -0.26271156 -0.26271156  5.153639   -0.26271156 -0.26271156 -0.26271156
 -0.26271156 -0.26271156 -0.26271156 -0.26271156 -0.26271156 -0.26271156
 -0.26271156 -0.26271156  3.03151091 -0.26271156 -0.26271156 -0.26271156
 -0.26271156 -0.26271156 -0.26271156 -0.26271156 -0.26271156 -0.26271156
  5.55648414 -0.26271156 -0.26271156 -0.26271156 -0.26271156  6.25331143
 -0.26271156 -0.26271156 -0.26271156 -0.26271156 -0.26271156 -0.26271156
 -0.26271156 -0.26271156 -0.26271156 -0.26271156 -0.26271156 -0.26271156
 -0.26271156 -0.26271156 -0.26271156 -0.26271156 -0.26271156 -0.26271156
 -0.26271156 -0.26271156 -0.26271156 -0.26271156 -0.26271156 -0.26271156
 -0.26271156 -0.26271156 -0.26271156 -0.26271156 -0.26271156 -0.26271156
 -0.26271156 -0.26271156 -0.26271156 -0.26271156 -0.26271156 -0.26271156
 -0.26271156 -0.26271156 -0.26271156 -0.26271156 -0.26271156 -0.26271156
 -0.26271156 -0.26271156 -0.26271156  4.25447176 -0.26271156 -0.26271156
 -0.26271156 -0.26271156 -0.26271156 -0.26271156 -0.26271156 -0.26271156
 -0.26271156 -0.26271156 -0.26271156 -0.26271156 -0.26271156 -0.26271156
 -0.26271156 -0.26271156 -0.26271156 -0.26271156 -0.26271156 -0.26271156
 -0.26271156 -0.26271156 -0.26271156 -0.26271156 -0.26271156 -0.26271156
 -0.26271156 -0.26271156 -0.26271156 -0.26271156 -0.26271156 -0.26271156
 -0.26271156 -0.26271156 -0.26271156 -0.26271156 -0.26271156 -0.26271156
 -0.26271156 -0.26271156 -0.26271156 -0.26271156 -0.26271156 -0.26271156
 -0.26271156 -0.26271156 -0.26271156 -0.26271156 -0.26271156  0.80705629
 -0.26271156 -0.26271156 -0.26271156 -0.26271156 -0.26271156 -0.26271156
 -0.26271156 -0.26271156 -0.26271156 -0.26271156 -0.26271156 -0.26271156
 -0.26271156  2.41544581 -0.26271156  3.22479354  3.34246074 -0.26271156
 -0.26271156 -0.26271156 -0.26271156 -0.26271156 -0.26271156 -0.26271156
 -0.26271156 -0.26271156 -0.26271156 -0.26271156 -0.26271156 -0.26271156
 -0.26271156 -0.26271156 -0.26271156 -0.26271156 -0.26271156 -0.26271156
 -0.26271156  3.66289971 -0.26271156 -0.26271156 -0.26271156 -0.26271156
 -0.26271156 -0.26271156 -0.26271156 -0.26271156 -0.26271156 -0.26271156
 -0.26271156 -0.26271156 -0.26271156 -0.26271156 -0.26271156  4.78722729
 -0.26271156 -0.26271156 -0.26271156 -0.26271156 -0.26271156 -0.26271156
 -0.26271156 -0.26271156 -0.26271156 -0.26271156 -0.26271156 -0.26271156
 -0.26271156 -0.26271156 -0.26271156 -0.26271156 -0.26271156 -0.26271156
  2.59585226  4.02815616 -0.26271156 -0.26271156 -0.26271156 -0.26271156
 -0.26271156 -0.26271156 -0.26271156 -0.26271156 -0.26271156 -0.26271156
 -0.26271156 -0.26271156 -0.26271156 -0.26271156 -0.26271156 -0.26271156
 -0.26271156 -0.26271156 -0.26271156 -0.26271156 -0.26271156 -0.26271156
 -0.26271156 -0.26271156 -0.26271156 -0.26271156 -0.26271156 -0.26271156
 -0.26271156 -0.26271156 -0.26271156 -0.26271156 -0.26271156 -0.26271156
 -0.26271156 -0.26271156  3.5294325  -0.26271156 -0.26271156 -0.26271156
 -0.26271156 -0.26271156 -0.26271156 -0.26271156 -0.26271156 -0.26271156
 -0.26271156 -0.26271156 -0.26271156 -0.26271156 -0.26271156 -0.26271156
 -0.26271156 -0.26271156 -0.26271156 -0.26271156 -0.26271156 -0.26271156
 -0.26271156 -0.26271156 -0.26271156 -0.26271156 -0.26271156 -0.26271156
 -0.26271156 -0.26271156 -0.26271156 -0.26271156 -0.26271156 -0.26271156
 -0.26271156 -0.26271156 -0.26271156 -0.26271156 -0.26271156 -0.26271156
 -0.26271156 -0.26271156  6.58648214 -0.26271156 -0.26271156 -0.26271156
 -0.26271156 -0.26271156 -0.26271156 -0.26271156 -0.26271156 -0.26271156
 -0.26271156 -0.26271156 -0.26271156 -0.26271156 -0.26271156 -0.26271156
 -0.26271156 -0.26271156 -0.26271156 -0.26271156 -0.26271156 -0.26271156
 -0.26271156  3.39699311 -0.26271156 -0.26271156 -0.26271156  1.94056007
 -0.26271156 -0.26271156 -0.26271156 -0.26271156 -0.26271156 -0.26271156
 -0.26271156 -0.26271156 -0.26271156 -0.26271156 -0.26271156 -0.26271156
 -0.26271156 -0.26271156 -0.26271156 -0.26271156 -0.26271156 -0.26271156
 -0.26271156 -0.26271156 -0.26271156 -0.26271156 -0.26271156 -0.26271156
 -0.26271156  2.0049373  -0.26271156 -0.26271156]",[0.05871793526824762]
7,"[-0.22222815 -0.22222815 -0.22222815 -0.22222815  1.82193609 -0.22222815
 -0.22222815 -0.22222815 -0.22222815 -0.22222815 -0.22222815 -0.22222815
 -0.22222815 -0.22222815 -0.22222815 -0.22222815 -0.22222815 -0.22222815
 -0.22222815 -0.22222815 -0.22222815 -0.22222815 -0.22222815 -0.22222815
 -0.22222815 -0.22222815 -0.22222815 -0.22222815 -0.22222815 -0.22222815
 -0.22222815 -0.22222815 -0.22222815 -0.22222815 -0.22222815 -0.22222815
 -0.22222815 -0.22222815 -0.22222815 -0.22222815 -0.22222815 -0.22222815
 -0.22222815 -0.22222815 -0.22222815 -0.22222815 -0.22222815 -0.22222815
 -0.22222815 -0.22222815 -0.22222815 -0.22222815 -0.22222815 -0.22222815
 -0.22222815 -0.22222815 -0.22222815  3.13589005 -0.22222815 -0.22222815
 -0.22222815 -0.22222815 -0.22222815 -0.22222815 -0.22222815 -0.22222815
 -0.22222815 -0.22222815 -0.22222815 -0.22222815 -0.22222815 -0.22222815
 -0.22222815 -0.22222815 -0.22222815 -0.22222815 -0.22222815 -0.22222815
 -0.22222815 -0.22222815 -0.22222815 -0.22222815 -0.22222815  6.24917642
 -0.22222815 -0.22222815 -0.22222815 -0.22222815 -0.22222815  6.29827262
 -0.22222815 -0.22222815  3.80520962 -0.22222815 -0.22222815 -0.22222815
 -0.22222815 -0.22222815 -0.22222815 -0.22222815 -0.22222815 -0.22222815
 -0.22222815 -0.22222815 -0.22222815 -0.22222815 -0.22222815 -0.22222815
 -0.22222815 -0.22222815 -0.22222815 -0.22222815 -0.22222815 -0.22222815
 -0.22222815 -0.22222815 -0.22222815 -0.22222815 -0.22222815 -0.22222815
 -0.22222815 -0.22222815 -0.22222815 -0.22222815 -0.22222815 -0.22222815
 -0.22222815 -0.22222815 -0.22222815 -0.22222815 -0.22222815 -0.22222815
 -0.22222815 -0.22222815 -0.22222815 -0.22222815 -0.22222815 -0.22222815
 -0.22222815 -0.22222815 -0.22222815 -0.22222815 -0.22222815 -0.22222815
 -0.22222815 -0.22222815 -0.22222815 -0.22222815 -0.22222815 -0.22222815
 -0.22222815 -0.22222815 -0.22222815 -0.22222815 -0.22222815 -0.22222815
 -0.22222815 -0.22222815 -0.22222815 -0.22222815 -0.22222815 -0.22222815
 -0.22222815 -0.22222815 -0.22222815 -0.22222815 -0.22222815 -0.22222815
 -0.22222815 -0.22222815 -0.22222815 -0.22222815 -0.22222815 -0.22222815
 -0.22222815 -0.22222815 -0.22222815 -0.22222815 -0.22222815 -0.22222815
 -0.22222815 -0.22222815 -0.22222815 -0.22222815 -0.22222815 -0.22222815
 -0.22222815 -0.22222815 -0.22222815 -0.22222815 -0.22222815 -0.22222815
 -0.22222815 -0.22222815 -0.22222815 -0.22222815 -0.22222815 -0.22222815
 -0.22222815 -0.22222815  2.58276845 -0.22222815 -0.22222815 -0.22222815
 -0.22222815 -0.22222815  3.1631542  -0.22222815  5.41712973 -0.22222815
  3.0824111  -0.22222815 -0.22222815 -0.22222815 -0.22222815  4.0439978
 -0.22222815 -0.22222815 -0.22222815 -0.22222815 -0.22222815 -0.22222815
 -0.22222815 -0.22222815 -0.22222815 -0.22222815 -0.22222815 -0.22222815
 -0.22222815 -0.22222815 -0.22222815 -0.22222815 -0.22222815 -0.22222815
 -0.22222815  4.10406469 -0.22222815 -0.22222815  2.17475929 -0.22222815
  3.95954487 -0.22222815 -0.22222815 -0.22222815 -0.22222815 -0.22222815
 -0.22222815 -0.22222815 -0.22222815 -0.22222815 -0.22222815 -0.22222815
 -0.22222815 -0.22222815 -0.22222815 -0.22222815 -0.22222815 -0.22222815
 -0.22222815 -0.22222815 -0.22222815  1.95837638 -0.22222815 -0.22222815
 -0.22222815 -0.22222815 -0.22222815 -0.22222815 -0.22222815 -0.22222815
  1.58684578 -0.22222815 -0.22222815 -0.22222815  4.83584544 -0.22222815
 -0.22222815 -0.22222815 -0.22222815 -0.22222815 -0.22222815 -0.22222815
 -0.22222815  3.31127199 -0.22222815 -0.22222815 -0.22222815  6.55721246
 -0.22222815 -0.22222815 -0.22222815 -0.22222815 -0.22222815 -0.22222815
 -0.22222815 -0.22222815 -0.22222815 -0.22222815 -0.22222815 -0.22222815
 -0.22222815 -0.22222815 -0.22222815 -0.22222815 -0.22222815 -0.22222815
  4.0024748  -0.22222815 -0.22222815 -0.22222815 -0.22222815  5.32815402
 -0.22222815 -0.22222815 -0.22222815 -0.22222815 -0.22222815 -0.22222815
 -0.22222815 -0.22222815 -0.22222815 -0.22222815 -0.22222815 -0.22222815
 -0.22222815 -0.22222815 -0.22222815 -0.22222815 -0.22222815 -0.22222815
 -0.22222815 -0.22222815 -0.22222815 -0.22222815 -0.22222815 -0.22222815
 -0.22222815 -0.22222815 -0.22222815 -0.22222815 -0.22222815 -0.22222815
 -0.22222815 -0.22222815 -0.22222815 -0.22222815 -0.22222815 -0.22222815
 -0.22222815  2.06127464 -0.22222815 -0.22222815 -0.22222815 -0.22222815
 -0.22222815 -0.22222815 -0.22222815 -0.22222815 -0.22222815 -0.22222815
 -0.22222815 -0.22222815 -0.22222815 -0.22222815 -0.22222815 -0.22222815
 -0.22222815 -0.22222815 -0.22222815 -0.22222815 -0.22222815 -0.22222815
 -0.22222815 -0.22222815 -0.22222815 -0.22222815 -0.22222815 -0.22222815
 -0.22222815 -0.22222815 -0.22222815 -0.22222815 -0.22222815 -0.22222815
  2.40665992 -0.22222815 -0.22222815 -0.22222815 -0.22222815 -0.22222815
 -0.22222815 -0.22222815 -0.22222815 -0.22222815 -0.22222815 -0.22222815
 -0.22222815 -0.22222815 -0.22222815 -0.22222815 -0.22222815 -0.22222815
 -0.22222815 -0.22222815 -0.22222815 -0.22222815 -0.22222815 -0.22222815
 -0.22222815 -0.22222815 -0.22222815 -0.22222815 -0.22222815 -0.22222815
 -0.22222815 -0.22222815 -0.22222815 -0.22222815 -0.22222815 -0.22222815
 -0.22222815 -0.22222815 -0.22222815 -0.22222815 -0.22222815  1.98388759
 -0.22222815 -0.22222815 -0.22222815 -0.22222815 -0.22222815 -0.22222815
 -0.22222815 -0.22222815 -0.22222815 -0.22222815 -0.22222815 -0.22222815
 -0.22222815 -0.22222815 -0.22222815 -0.22222815 -0.22222815 -0.22222815
 -0.22222815 -0.22222815 -0.22222815 -0.22222815 -0.22222815 -0.22222815
 -0.22222815 -0.22222815 -0.22222815 -0.22222815 -0.22222815 -0.22222815
 -0.22222815 -0.22222815 -0.22222815 -0.22222815 -0.22222815 -0.22222815
 -0.22222815 -0.22222815  4.7828089  -0.22222815  5.86201087 -0.22222815
  7.14674651 -0.22222815 -0.22222815 -0.22222815 -0.22222815 -0.22222815
 -0.22222815 -0.22222815 -0.22222815 -0.22222815 -0.22222815 -0.22222815
 -0.22222815 -0.22222815 -0.22222815 -0.22222815 -0.22222815 -0.22222815
 -0.22222815  3.40525994 -0.22222815 -0.22222815 -0.22222815 -0.22222815
 -0.22222815 -0.22222815 -0.22222815 -0.22222815 -0.22222815 -0.22222815
 -0.22222815 -0.22222815 -0.22222815 -0.22222815 -0.22222815 -0.22222815
 -0.22222815  4.26910563 -0.22222815 -0.22222815 -0.22222815 -0.22222815
 -0.22222815 -0.22222815 -0.22222815 -0.22222815 -0.22222815 -0.22222815
 -0.22222815 -0.22222815 -0.22222815 -0.22222815]",[0.005816797438597698]
7,"[-0.13024935 -0.13024935 -0.13024935 -0.13024935 -0.13024935 -0.13024935
 -0.13024935 -0.13024935 -0.13024935 -0.13024935 -0.13024935 -0.13024935
 -0.13024935 -0.13024935 -0.13024935 -0.13024935 -0.13024935 -0.13024935
 -0.13024935 -0.13024935 -0.13024935 -0.13024935 -0.13024935 -0.13024935
 -0.13024935 -0.13024935 -0.13024935 -0.13024935 -0.13024935 -0.13024935
 -0.13024935 -0.13024935 -0.13024935 -0.13024935 -0.13024935 -0.13024935
 -0.13024935 -0.13024935 -0.13024935 -0.13024935 -0.13024935 -0.13024935
 -0.13024935 -0.13024935 -0.13024935 -0.13024935 -0.13024935 -0.13024935
 -0.13024935 -0.13024935 -0.13024935 -0.13024935 -0.13024935 -0.13024935
 -0.13024935 -0.13024935 -0.13024935 -0.13024935 -0.13024935 -0.13024935
 -0.13024935 -0.13024935 -0.13024935 -0.13024935 -0.13024935 -0.13024935
 -0.13024935 -0.13024935 -0.13024935 -0.13024935 -0.13024935 -0.13024935
 -0.13024935 -0.13024935 -0.13024935 -0.13024935 -0.13024935 -0.13024935
 -0.13024935 -0.13024935 -0.13024935 -0.13024935 -0.13024935 -0.13024935
 -0.13024935 -0.13024935 -0.13024935 -0.13024935 -0.13024935 -0.13024935
 -0.13024935 -0.13024935 -0.13024935 -0.13024935 -0.13024935 -0.13024935
 -0.13024935 -0.13024935 -0.13024935 -0.13024935 -0.13024935 -0.13024935
 -0.13024935 -0.13024935 -0.13024935 -0.13024935 -0.13024935 -0.13024935
 -0.13024935 -0.13024935  0.89911533 -0.13024935 -0.13024935 -0.13024935
  7.65434516 -0.13024935 -0.13024935 -0.13024935 -0.13024935 -0.13024935
 -0.13024935 -0.13024935 -0.13024935 -0.13024935 -0.13024935 -0.13024935
 -0.13024935 -0.13024935 -0.13024935 -0.13024935 -0.13024935 -0.13024935
 -0.13024935 -0.13024935 -0.13024935 -0.13024935 -0.13024935 -0.13024935
 -0.13024935 -0.13024935 -0.13024935 -0.13024935 -0.13024935 -0.13024935
 -0.13024935 -0.13024935 -0.13024935 -0.13024935 -0.13024935 -0.13024935
 -0.13024935 -0.13024935 -0.13024935 -0.13024935 -0.13024935 -0.13024935
 -0.13024935 -0.13024935 -0.13024935 -0.13024935 -0.13024935 -0.13024935
 -0.13024935 -0.13024935 -0.13024935 -0.13024935 -0.13024935 -0.13024935
 -0.13024935 -0.13024935 -0.13024935 -0.13024935 -0.13024935 -0.13024935
 -0.13024935 -0.13024935 -0.13024935 -0.13024935 -0.13024935 -0.13024935
 -0.13024935 -0.13024935 -0.13024935 -0.13024935 -0.13024935 -0.13024935
 -0.13024935 -0.13024935 -0.13024935 -0.13024935 -0.13024935 -0.13024935
 -0.13024935 -0.13024935 -0.13024935 -0.13024935 -0.13024935 -0.13024935
 -0.13024935 -0.13024935 -0.13024935 -0.13024935 -0.13024935 -0.13024935
 -0.13024935 -0.13024935 -0.13024935 -0.13024935 -0.13024935 -0.13024935
 -0.13024935 -0.13024935 -0.13024935 -0.13024935 -0.13024935 -0.13024935
 -0.13024935 -0.13024935 -0.13024935 -0.13024935 -0.13024935 -0.13024935
 -0.13024935 -0.13024935 -0.13024935 -0.13024935 -0.13024935 -0.13024935
 -0.13024935 -0.13024935 -0.13024935 -0.13024935 -0.13024935 -0.13024935
 -0.13024935  5.54472802 -0.13024935 -0.13024935 -0.13024935 -0.13024935
  2.92233237 -0.13024935 -0.13024935 -0.13024935 -0.13024935 -0.13024935
 -0.13024935 -0.13024935 -0.13024935 -0.13024935 -0.13024935 -0.13024935
 -0.13024935 -0.13024935 -0.13024935 -0.13024935 -0.13024935 -0.13024935
 -0.13024935 -0.13024935 -0.13024935  7.86940056 -0.13024935 -0.13024935
 -0.13024935 -0.13024935 -0.13024935 -0.13024935 -0.13024935 -0.13024935
 -0.13024935 -0.13024935 -0.13024935 -0.13024935 -0.13024935 -0.13024935
 -0.13024935 -0.13024935 -0.13024935 -0.13024935 -0.13024935 -0.13024935
 -0.13024935  5.20536002 -0.13024935 -0.13024935 -0.13024935 -0.13024935
 -0.13024935 -0.13024935 -0.13024935 -0.13024935 -0.13024935 -0.13024935
 -0.13024935 -0.13024935 -0.13024935 -0.13024935 -0.13024935 -0.13024935
 -0.13024935 -0.13024935 -0.13024935 -0.13024935 -0.13024935 -0.13024935
 -0.13024935 -0.13024935 -0.13024935 -0.13024935 -0.13024935 -0.13024935
 -0.13024935 -0.13024935 -0.13024935 -0.13024935 -0.13024935 -0.13024935
 -0.13024935 -0.13024935 -0.13024935 -0.13024935 -0.13024935 -0.13024935
 -0.13024935 -0.13024935 -0.13024935 -0.13024935 -0.13024935 -0.13024935
 -0.13024935 -0.13024935 -0.13024935 -0.13024935 -0.13024935 -0.13024935
 -0.13024935 -0.13024935 -0.13024935 -0.13024935 -0.13024935 -0.13024935
 -0.13024935 -0.13024935 -0.13024935 -0.13024935 -0.13024935 -0.13024935
 -0.13024935  2.94611327 -0.13024935 -0.13024935 -0.13024935 -0.13024935
 -0.13024935 -0.13024935 -0.13024935 -0.13024935 -0.13024935 -0.13024935
 -0.13024935 -0.13024935 -0.13024935 -0.13024935 -0.13024935 -0.13024935
 -0.13024935 -0.13024935 -0.13024935 -0.13024935 -0.13024935 -0.13024935
 -0.13024935 -0.13024935 -0.13024935 -0.13024935 -0.13024935 -0.13024935
 -0.13024935 -0.13024935 -0.13024935 -0.13024935 -0.13024935 -0.13024935
 -0.13024935 -0.13024935 -0.13024935 -0.13024935 -0.13024935 -0.13024935
 -0.13024935 -0.13024935 -0.13024935 -0.13024935 -0.13024935 -0.13024935
 -0.13024935 -0.13024935 -0.13024935 -0.13024935 -0.13024935 -0.13024935
 -0.13024935 -0.13024935 -0.13024935 -0.13024935 -0.13024935 -0.13024935
 -0.13024935 -0.13024935 -0.13024935 -0.13024935 -0.13024935 -0.13024935
 -0.13024935 -0.13024935 -0.13024935 -0.13024935 -0.13024935 -0.13024935
 -0.13024935 -0.13024935 -0.13024935 -0.13024935 -0.13024935 -0.13024935
 -0.13024935 -0.13024935 -0.13024935 -0.13024935 -0.13024935 -0.13024935
 -0.13024935 -0.13024935 -0.13024935 -0.13024935 -0.13024935 -0.13024935
 -0.13024935 -0.13024935 -0.13024935 -0.13024935 -0.13024935 -0.13024935
 -0.13024935 -0.13024935 -0.13024935 -0.13024935 -0.13024935 -0.13024935
 -0.13024935 -0.13024935 -0.13024935 -0.13024935 -0.13024935 -0.13024935
 -0.13024935 -0.13024935 -0.13024935 -0.13024935 -0.13024935 -0.13024935
 -0.13024935 -0.13024935 11.53716134 -0.13024935 -0.13024935 -0.13024935
 10.93325105 -0.13024935 -0.13024935 -0.13024935  6.83810126 -0.13024935
 -0.13024935 -0.13024935 -0.13024935 -0.13024935 -0.13024935 -0.13024935
 -0.13024935 -0.13024935 -0.13024935 -0.13024935 -0.13024935 -0.13024935
 -0.13024935 -0.13024935 -0.13024935 -0.13024935 -0.13024935 -0.13024935
 -0.13024935 -0.13024935 -0.13024935 -0.13024935 -0.13024935 -0.13024935
 -0.13024935 -0.13024935 -0.13024935 -0.13024935 -0.13024935 -0.13024935
 -0.13024935  3.94701213 -0.13024935 -0.13024935 -0.13024935 -0.13024935
 -0.13024935 -0.13024935 -0.13024935 -0.13024935 -0.13024935 -0.13024935
 -0.13024935 -0.13024935 -0.13024935 -0.13024935]",[-0.09767719237388459]
7,"[-0.23673984 -0.23673984 -0.23673984  2.92402784  1.02201423 -0.23673984
 -0.23673984 -0.23673984 -0.23673984 -0.23673984 -0.23673984 -0.23673984
 -0.23673984 -0.23673984 -0.23673984 -0.23673984 -0.23673984 -0.23673984
  1.81388274 -0.23673984 -0.23673984 -0.23673984 -0.23673984 -0.23673984
 -0.23673984 -0.23673984 -0.23673984 -0.23673984 -0.23673984  4.40288213
 -0.23673984 -0.23673984 -0.23673984 -0.23673984 -0.23673984 -0.23673984
 -0.23673984 -0.23673984 -0.23673984 -0.23673984 -0.23673984 -0.23673984
 -0.23673984 -0.23673984 -0.23673984 -0.23673984 -0.23673984 -0.23673984
 -0.23673984 -0.23673984 -0.23673984 -0.23673984 -0.23673984 -0.23673984
 -0.23673984 -0.23673984 -0.23673984 -0.23673984  2.08120814 -0.23673984
 -0.23673984 -0.23673984 -0.23673984 -0.23673984 -0.23673984 -0.23673984
 -0.23673984 -0.23673984 -0.23673984 -0.23673984 -0.23673984 -0.23673984
 -0.23673984 -0.23673984 -0.23673984 -0.23673984 -0.23673984 -0.23673984
 -0.23673984 -0.23673984 -0.23673984 -0.23673984 -0.23673984  6.7213951
 -0.23673984 -0.23673984 -0.23673984 -0.23673984 -0.23673984 -0.23673984
 -0.23673984 -0.23673984  3.50673149 -0.23673984 -0.23673984 -0.23673984
 -0.23673984 -0.23673984 -0.23673984 -0.23673984 -0.23673984 -0.23673984
 -0.23673984 -0.23673984 -0.23673984 -0.23673984 -0.23673984 -0.23673984
  1.23108261 -0.23673984 -0.23673984 -0.23673984 -0.23673984 -0.23673984
 -0.23673984 -0.23673984 -0.23673984 -0.23673984 -0.23673984 -0.23673984
 -0.23673984 -0.23673984 -0.23673984 -0.23673984 -0.23673984 -0.23673984
 -0.23673984 -0.23673984 -0.23673984 -0.23673984 -0.23673984 -0.23673984
 -0.23673984 -0.23673984 -0.23673984 -0.23673984 -0.23673984 -0.23673984
 -0.23673984 -0.23673984 -0.23673984 -0.23673984 -0.23673984 -0.23673984
 -0.23673984 -0.23673984 -0.23673984 -0.23673984 -0.23673984 -0.23673984
 -0.23673984 -0.23673984 -0.23673984 -0.23673984 -0.23673984 -0.23673984
 -0.23673984 -0.23673984 -0.23673984 -0.23673984 -0.23673984  4.69385682
 -0.23673984 -0.23673984 -0.23673984 -0.23673984 -0.23673984 -0.23673984
 -0.23673984 -0.23673984 -0.23673984 -0.23673984 -0.23673984 -0.23673984
 -0.23673984 -0.23673984 -0.23673984 -0.23673984 -0.23673984 -0.23673984
 -0.23673984 -0.23673984 -0.23673984 -0.23673984 -0.23673984 -0.23673984
  3.21781845 -0.23673984 -0.23673984 -0.23673984 -0.23673984 -0.23673984
 -0.23673984 -0.23673984 -0.23673984 -0.23673984 -0.23673984 -0.23673984
 -0.23673984 -0.23673984  4.57022672 -0.23673984 -0.23673984 -0.23673984
 -0.23673984 -0.23673984 -0.23673984 -0.23673984 -0.23673984 -0.23673984
  2.4562251  -0.23673984 -0.23673984 -0.23673984 -0.23673984  2.37741918
 -0.23673984 -0.23673984 -0.23673984 -0.23673984 -0.23673984 -0.23673984
 -0.23673984 -0.23673984 -0.23673984 -0.23673984 -0.23673984 -0.23673984
 -0.23673984 -0.23673984 -0.23673984 -0.23673984 -0.23673984 -0.23673984
 -0.23673984  3.26454731 -0.23673984  0.58076664  0.72491794 -0.23673984
  3.14168521  2.04546121 -0.23673984 -0.23673984 -0.23673984 -0.23673984
 -0.23673984 -0.23673984 -0.23673984 -0.23673984 -0.23673984 -0.23673984
 -0.23673984 -0.23673984 -0.23673984 -0.23673984 -0.23673984 -0.23673984
 -0.23673984 -0.23673984 -0.23673984  4.90905067 -0.23673984 -0.23673984
 -0.23673984 -0.23673984 -0.23673984 -0.23673984 -0.23673984 -0.23673984
 -0.23673984 -0.23673984  0.17934111 -0.23673984 -0.23673984 -0.23673984
 -0.23673984  1.11749103 -0.23673984 -0.23673984 -0.23673984 -0.23673984
 -0.23673984 -0.23673984 -0.23673984 -0.23673984 -0.23673984  5.71897141
 -0.23673984 -0.23673984 -0.23673984 -0.23673984 -0.23673984 -0.23673984
 -0.23673984 -0.23673984 -0.23673984 -0.23673984 -0.23673984 -0.23673984
 -0.23673984 -0.23673984 -0.23673984 -0.23673984 -0.23673984 -0.23673984
 -0.23673984 -0.23673984 -0.23673984 -0.23673984 -0.23673984  5.12542178
 -0.23673984 -0.23673984 -0.23673984 -0.23673984 -0.23673984 -0.23673984
 -0.23673984 -0.23673984 -0.23673984 -0.23673984  1.55576952 -0.23673984
 -0.23673984 -0.23673984 -0.23673984 -0.23673984 -0.23673984 -0.23673984
 -0.23673984 -0.23673984 -0.23673984 -0.23673984 -0.23673984 -0.23673984
 -0.23673984 -0.23673984 -0.23673984 -0.23673984 -0.23673984 -0.23673984
 -0.23673984 -0.23673984 -0.23673984 -0.23673984 -0.23673984 -0.23673984
 -0.23673984  2.7485753  -0.23673984 -0.23673984 -0.23673984 -0.23673984
 -0.23673984 -0.23673984 -0.23673984 -0.23673984 -0.23673984 -0.23673984
 -0.23673984 -0.23673984 -0.23673984 -0.23673984 -0.23673984 -0.23673984
 -0.23673984 -0.23673984 -0.23673984 -0.23673984 -0.23673984 -0.23673984
 -0.23673984 -0.23673984 -0.23673984 -0.23673984 -0.23673984 -0.23673984
 -0.23673984 -0.23673984 -0.23673984 -0.23673984 -0.23673984  4.40288213
 -0.23673984 -0.23673984 -0.23673984 -0.23673984 -0.23673984 -0.23673984
 -0.23673984 -0.23673984 -0.23673984  3.29592772 -0.23673984 -0.23673984
 -0.23673984 -0.23673984 -0.23673984 -0.23673984 -0.23673984 -0.23673984
 -0.23673984 -0.23673984 -0.23673984  3.26214573 -0.23673984 -0.23673984
 -0.23673984 -0.23673984 -0.23673984 -0.23673984 -0.23673984 -0.23673984
 -0.23673984 -0.23673984 -0.23673984 -0.23673984 -0.23673984 -0.23673984
 -0.23673984 -0.23673984  3.02278907 -0.23673984 -0.23673984 -0.23673984
 -0.23673984 -0.23673984 -0.23673984 -0.23673984 -0.23673984 -0.23673984
 -0.23673984 -0.23673984 -0.23673984 -0.23673984 -0.23673984 -0.23673984
 -0.23673984 -0.23673984 -0.23673984 -0.23673984 -0.23673984 -0.23673984
 -0.23673984  3.32834716 -0.23673984 -0.23673984 -0.23673984 -0.23673984
 -0.23673984 -0.23673984 -0.23673984 -0.23673984 -0.23673984 -0.23673984
 -0.23673984 -0.23673984 -0.23673984 -0.23673984 -0.23673984 -0.23673984
 -0.23673984 -0.23673984  3.53828172 -0.23673984  7.52749338 -0.23673984
  7.80089621 -0.23673984 -0.23673984 -0.23673984 -0.23673984 -0.23673984
 -0.23673984 -0.23673984 -0.23673984 -0.23673984 -0.23673984 -0.23673984
 -0.23673984 -0.23673984 -0.23673984 -0.23673984 -0.23673984 -0.23673984
 -0.23673984  3.12254733 -0.23673984 -0.23673984 -0.23673984 -0.23673984
 -0.23673984 -0.23673984 -0.23673984 -0.23673984 -0.23673984  3.38674383
 -0.23673984 -0.23673984 -0.23673984 -0.23673984 -0.23673984 -0.23673984
 -0.23673984 -0.23673984 -0.23673984 -0.23673984 -0.23673984 -0.23673984
 -0.23673984 -0.23673984 -0.23673984 -0.23673984 -0.23673984 -0.23673984
 -0.23673984 -0.23673984 -0.23673984 -0.23673984]",[0.043624708051528405]
7,"[-0.22681507 -0.22681507 -0.22681507 -0.22681507 -0.22681507 -0.22681507
 -0.22681507 -0.22681507 -0.22681507 -0.22681507 -0.22681507 -0.22681507
 -0.22681507 -0.22681507 -0.22681507 -0.22681507 -0.22681507 -0.22681507
  0.83740554 -0.22681507 -0.22681507  3.06925196 -0.22681507 -0.22681507
 -0.22681507 -0.22681507 -0.22681507 -0.22681507 -0.22681507  3.46312199
 -0.22681507 -0.22681507 -0.22681507 -0.22681507 -0.22681507 -0.22681507
 -0.22681507 -0.22681507 -0.22681507 -0.22681507 -0.22681507 -0.22681507
 -0.22681507 -0.22681507 -0.22681507 -0.22681507 -0.22681507 -0.22681507
 -0.22681507 -0.22681507 -0.22681507 -0.22681507 -0.22681507 -0.22681507
 -0.22681507  4.62757828  3.15963046 -0.22681507  2.58272568 -0.22681507
 -0.22681507 -0.22681507 -0.22681507 -0.22681507 -0.22681507 -0.22681507
 -0.22681507 -0.22681507 -0.22681507 -0.22681507 -0.22681507 -0.22681507
 -0.22681507 -0.22681507 -0.22681507  3.42555986 -0.22681507 -0.22681507
 -0.22681507 -0.22681507 -0.22681507 -0.22681507 -0.22681507  8.12040112
 -0.22681507 -0.22681507 -0.22681507 -0.22681507 -0.22681507 -0.22681507
 -0.22681507 -0.22681507 -0.22681507 -0.22681507 -0.22681507 -0.22681507
 -0.22681507 -0.22681507 -0.22681507 -0.22681507 -0.22681507 -0.22681507
 -0.22681507 -0.22681507 -0.22681507 -0.22681507 -0.22681507 -0.22681507
 -0.22681507 -0.22681507  3.643039   -0.22681507 -0.22681507 -0.22681507
 -0.22681507 -0.22681507 -0.22681507 -0.22681507 -0.22681507 -0.22681507
 -0.22681507 -0.22681507 -0.22681507 -0.22681507 -0.22681507 -0.22681507
 -0.22681507 -0.22681507 -0.22681507 -0.22681507 -0.22681507 -0.22681507
 -0.22681507 -0.22681507 -0.22681507 -0.22681507 -0.22681507 -0.22681507
 -0.22681507 -0.22681507 -0.22681507 -0.22681507 -0.22681507 -0.22681507
 -0.22681507 -0.22681507 -0.22681507 -0.22681507 -0.22681507 -0.22681507
 -0.22681507 -0.22681507 -0.22681507 -0.22681507 -0.22681507 -0.22681507
 -0.22681507 -0.22681507 -0.22681507 -0.22681507 -0.22681507 -0.22681507
 -0.22681507 -0.22681507 -0.22681507 -0.22681507 -0.22681507 -0.22681507
 -0.22681507 -0.22681507 -0.22681507 -0.22681507 -0.22681507  4.46383635
 -0.22681507 -0.22681507 -0.22681507 -0.22681507 -0.22681507 -0.22681507
 -0.22681507 -0.22681507 -0.22681507 -0.22681507 -0.22681507 -0.22681507
 -0.22681507 -0.22681507 -0.22681507 -0.22681507 -0.22681507 -0.22681507
 -0.22681507 -0.22681507  4.36172591 -0.22681507 -0.22681507  4.43937696
 -0.22681507 -0.22681507 -0.22681507 -0.22681507 -0.22681507 -0.22681507
 -0.22681507 -0.22681507 -0.22681507 -0.22681507 -0.22681507 -0.22681507
  4.4039739  -0.22681507 -0.22681507 -0.22681507 -0.22681507  3.08867087
 -0.22681507 -0.22681507 -0.22681507 -0.22681507 -0.22681507 -0.22681507
 -0.22681507 -0.22681507 -0.22681507 -0.22681507 -0.22681507 -0.22681507
 -0.22681507 -0.22681507 -0.22681507 -0.22681507 -0.22681507 -0.22681507
 -0.22681507  2.15759783 -0.22681507 -0.22681507  0.67490301 -0.22681507
  2.97580616 -0.22681507 -0.22681507 -0.22681507 -0.22681507 -0.22681507
 -0.22681507 -0.22681507 -0.22681507 -0.22681507 -0.22681507 -0.22681507
 -0.22681507 -0.22681507 -0.22681507  1.71419847 -0.22681507 -0.22681507
 -0.22681507 -0.22681507 -0.22681507 -0.22681507 -0.22681507 -0.22681507
 -0.22681507 -0.22681507 -0.22681507 -0.22681507 -0.22681507 -0.22681507
 -0.22681507 -0.22681507 -0.22681507 -0.22681507 -0.22681507 -0.22681507
 -0.22681507 -0.22681507 -0.22681507 -0.22681507 -0.22681507 -0.22681507
 -0.22681507 -0.22681507 -0.22681507 -0.22681507 -0.22681507  3.20087527
 -0.22681507 -0.22681507 -0.22681507 -0.22681507 -0.22681507 -0.22681507
 -0.22681507 -0.22681507 -0.22681507 -0.22681507 -0.22681507 -0.22681507
 -0.22681507 -0.22681507 -0.22681507 -0.22681507 -0.22681507 -0.22681507
 -0.22681507 -0.22681507 -0.22681507 -0.22681507 -0.22681507  5.01603847
 -0.22681507 -0.22681507 -0.22681507 -0.22681507 -0.22681507  3.95910679
 -0.22681507 -0.22681507 -0.22681507 -0.22681507 -0.22681507 -0.22681507
 -0.22681507 -0.22681507 -0.22681507 -0.22681507 -0.22681507 -0.22681507
 -0.22681507 -0.22681507 -0.22681507 -0.22681507 -0.22681507 -0.22681507
 -0.22681507 -0.22681507 -0.22681507 -0.22681507 -0.22681507 -0.22681507
 -0.22681507 -0.22681507 -0.22681507 -0.22681507 -0.22681507 -0.22681507
 -0.22681507  3.20513094 -0.22681507 -0.22681507 -0.22681507 -0.22681507
 -0.22681507 -0.22681507 -0.22681507 -0.22681507 -0.22681507 -0.22681507
 -0.22681507 -0.22681507  3.79995914 -0.22681507 -0.22681507 -0.22681507
 -0.22681507 -0.22681507 -0.22681507 -0.22681507 -0.22681507 -0.22681507
 -0.22681507 -0.22681507 -0.22681507 -0.22681507 -0.22681507 -0.22681507
 -0.22681507 -0.22681507 -0.22681507 -0.22681507 -0.22681507 -0.22681507
 -0.22681507 -0.22681507 -0.22681507 -0.22681507 -0.22681507 -0.22681507
 -0.22681507 -0.22681507 -0.22681507 -0.22681507 -0.22681507 -0.22681507
 -0.22681507 -0.22681507 -0.22681507 -0.22681507 -0.22681507 -0.22681507
 -0.22681507 -0.22681507  1.92554546 -0.22681507 -0.22681507 -0.22681507
 -0.22681507 -0.22681507 -0.22681507 -0.22681507 -0.22681507 -0.22681507
 -0.22681507 -0.22681507 -0.22681507 -0.22681507 -0.22681507 -0.22681507
 -0.22681507 -0.22681507 -0.22681507 -0.22681507 -0.22681507 -0.22681507
 -0.22681507 -0.22681507 -0.22681507  1.92554546 -0.22681507 -0.22681507
 -0.22681507 -0.22681507 -0.22681507 -0.22681507 -0.22681507 -0.22681507
 -0.22681507 -0.22681507 -0.22681507 -0.22681507 -0.22681507 -0.22681507
 -0.22681507 -0.22681507 -0.22681507 -0.22681507 -0.22681507 -0.22681507
 -0.22681507 -0.22681507 -0.22681507 -0.22681507 -0.22681507 -0.22681507
 -0.22681507 -0.22681507 -0.22681507 -0.22681507 -0.22681507 -0.22681507
 -0.22681507 -0.22681507  6.44885155 -0.22681507 -0.22681507 -0.22681507
  6.8688104  -0.22681507 -0.22681507 -0.22681507 -0.22681507 -0.22681507
 -0.22681507 -0.22681507 -0.22681507 -0.22681507 -0.22681507 -0.22681507
 -0.22681507 -0.22681507 -0.22681507 -0.22681507 -0.22681507 -0.22681507
 -0.22681507  6.05179066 -0.22681507 -0.22681507 -0.22681507  2.71084652
 -0.22681507  4.81807956 -0.22681507 -0.22681507 -0.22681507 -0.22681507
 -0.22681507 -0.22681507 -0.22681507 -0.22681507 -0.22681507 -0.22681507
 -0.22681507 -0.22681507 -0.22681507 -0.22681507 -0.22681507 -0.22681507
 -0.22681507 -0.22681507 -0.22681507 -0.22681507 -0.22681507 -0.22681507
 -0.22681507 -0.22681507 -0.22681507 -0.22681507]",[0.053949073017967086]
8,"[-0.14776793 -0.14776793 -0.14776793 -0.14776793 -0.14776793 -0.14776793
 -0.14776793 -0.14776793 -0.14776793 -0.14776793 -0.14776793 -0.14776793
 -0.14776793 -0.14776793 -0.14776793 -0.14776793 -0.14776793 -0.14776793
 -0.14776793 -0.14776793 -0.14776793 -0.14776793 -0.14776793 -0.14776793
 -0.14776793 -0.14776793 -0.14776793 -0.14776793 -0.14776793 -0.14776793
 -0.14776793 -0.14776793 -0.14776793 -0.14776793 -0.14776793 -0.14776793
 -0.14776793 -0.14776793 -0.14776793 -0.14776793 -0.14776793 -0.14776793
 -0.14776793 -0.14776793 -0.14776793 -0.14776793 -0.14776793 -0.14776793
 -0.14776793 -0.14776793 -0.14776793 -0.14776793 -0.14776793 -0.14776793
 -0.14776793 -0.14776793 -0.14776793 -0.14776793 -0.14776793 -0.14776793
 -0.14776793 -0.14776793 -0.14776793 -0.14776793 -0.14776793 -0.14776793
 -0.14776793 -0.14776793 -0.14776793 -0.14776793 -0.14776793 -0.14776793
 -0.14776793 -0.14776793 -0.14776793 -0.14776793 -0.14776793 -0.14776793
 -0.14776793 -0.14776793 -0.14776793 -0.14776793 -0.14776793  2.21949673
 -0.14776793 -0.14776793 -0.14776793 -0.14776793 -0.14776793 -0.14776793
 -0.14776793 -0.14776793 -0.14776793 -0.14776793 -0.14776793 -0.14776793
 -0.14776793 -0.14776793 -0.14776793 -0.14776793 -0.14776793 -0.14776793
 -0.14776793 -0.14776793 -0.14776793 -0.14776793 -0.14776793 -0.14776793
 -0.14776793 -0.14776793  6.70304979 -0.14776793 -0.14776793 -0.14776793
 -0.14776793 -0.14776793 -0.14776793 -0.14776793 -0.14776793 -0.14776793
 -0.14776793 -0.14776793 -0.14776793 -0.14776793 -0.14776793 -0.14776793
 -0.14776793 -0.14776793 -0.14776793 -0.14776793 -0.14776793 -0.14776793
 -0.14776793 -0.14776793 -0.14776793  3.89249744 -0.14776793 -0.14776793
 -0.14776793 -0.14776793 -0.14776793 -0.14776793  2.41239268 -0.14776793
 -0.14776793 -0.14776793 -0.14776793 -0.14776793 -0.14776793 -0.14776793
 -0.14776793 -0.14776793 -0.14776793 -0.14776793 -0.14776793 -0.14776793
 -0.14776793 -0.14776793 -0.14776793 -0.14776793 -0.14776793 -0.14776793
 -0.14776793 -0.14776793 -0.14776793 -0.14776793 -0.14776793 -0.14776793
 -0.14776793 -0.14776793 -0.14776793 -0.14776793 -0.14776793 -0.14776793
 -0.14776793 -0.14776793 -0.14776793 -0.14776793 -0.14776793 -0.14776793
 -0.14776793 -0.14776793 -0.14776793 -0.14776793 -0.14776793 -0.14776793
 -0.14776793 -0.14776793 -0.14776793 -0.14776793 -0.14776793 -0.14776793
 -0.14776793 -0.14776793 -0.14776793 -0.14776793 -0.14776793 -0.14776793
 -0.14776793 -0.14776793  4.03506489 -0.14776793 -0.14776793  2.95320845
 -0.14776793 -0.14776793 -0.14776793 -0.14776793 -0.14776793 -0.14776793
  5.08944631 -0.14776793 -0.14776793 -0.14776793 -0.14776793  5.83344572
 -0.14776793 -0.14776793 -0.14776793 -0.14776793 -0.14776793 -0.14776793
 -0.14776793 -0.14776793 -0.14776793 -0.14776793 -0.14776793 -0.14776793
 -0.14776793 -0.14776793 -0.14776793 -0.14776793 -0.14776793 -0.14776793
 -0.14776793 -0.14776793 -0.14776793 -0.14776793 -0.14776793 -0.14776793
  0.4845766  -0.14776793 -0.14776793 -0.14776793 -0.14776793 -0.14776793
 -0.14776793 -0.14776793 -0.14776793 -0.14776793 -0.14776793 -0.14776793
 -0.14776793 -0.14776793 -0.14776793 -0.14776793 -0.14776793 -0.14776793
 -0.14776793 -0.14776793 -0.14776793 -0.14776793 -0.14776793 -0.14776793
 -0.14776793 -0.14776793 -0.14776793 -0.14776793 -0.14776793 -0.14776793
 -0.14776793 -0.14776793 -0.14776793 -0.14776793 -0.14776793 -0.14776793
 -0.14776793 -0.14776793 -0.14776793 -0.14776793 -0.14776793 -0.14776793
 -0.14776793 -0.14776793 -0.14776793 -0.14776793 -0.14776793 -0.14776793
 -0.14776793 -0.14776793 -0.14776793 -0.14776793 -0.14776793 -0.14776793
 -0.14776793 -0.14776793 -0.14776793 -0.14776793 -0.14776793 -0.14776793
 -0.14776793 -0.14776793 -0.14776793 -0.14776793 -0.14776793 -0.14776793
 -0.14776793 -0.14776793 -0.14776793 -0.14776793 -0.14776793 -0.14776793
 -0.14776793 -0.14776793 -0.14776793 -0.14776793 -0.14776793 -0.14776793
 -0.14776793 -0.14776793 -0.14776793 -0.14776793 -0.14776793 -0.14776793
 -0.14776793 -0.14776793 -0.14776793 -0.14776793 -0.14776793 -0.14776793
 -0.14776793 -0.14776793 -0.14776793 -0.14776793 -0.14776793 -0.14776793
 -0.14776793 -0.14776793 -0.14776793 -0.14776793 -0.14776793 -0.14776793
 -0.14776793 -0.14776793 -0.14776793 -0.14776793 -0.14776793 -0.14776793
 -0.14776793 -0.14776793 -0.14776793 -0.14776793 -0.14776793 -0.14776793
 -0.14776793 -0.14776793 -0.14776793 -0.14776793 -0.14776793 -0.14776793
 -0.14776793 -0.14776793 -0.14776793 -0.14776793 -0.14776793 -0.14776793
 -0.14776793 -0.14776793 -0.14776793 -0.14776793 -0.14776793 -0.14776793
 -0.14776793 -0.14776793 -0.14776793 -0.14776793 -0.14776793 -0.14776793
 -0.14776793 -0.14776793 -0.14776793 -0.14776793 -0.14776793 -0.14776793
 -0.14776793 -0.14776793 -0.14776793 -0.14776793 -0.14776793 -0.14776793
 -0.14776793 -0.14776793 -0.14776793 -0.14776793 -0.14776793 -0.14776793
 -0.14776793 -0.14776793 -0.14776793 -0.14776793 -0.14776793 -0.14776793
 -0.14776793 -0.14776793 -0.14776793 -0.14776793 -0.14776793 -0.14776793
 -0.14776793 -0.14776793 -0.14776793 -0.14776793 -0.14776793 -0.14776793
 -0.14776793 -0.14776793 -0.14776793 -0.14776793 -0.14776793 -0.14776793
 -0.14776793 -0.14776793 -0.14776793 -0.14776793 -0.14776793 -0.14776793
 -0.14776793 -0.14776793 -0.14776793 -0.14776793 -0.14776793 -0.14776793
 -0.14776793 -0.14776793 -0.14776793 -0.14776793 -0.14776793 -0.14776793
 -0.14776793 -0.14776793 -0.14776793 -0.14776793 -0.14776793 -0.14776793
 -0.14776793 -0.14776793 -0.14776793 -0.14776793 -0.14776793 -0.14776793
  0.54261643 -0.14776793 -0.14776793 -0.14776793 -0.14776793 -0.14776793
 -0.14776793 -0.14776793 -0.14776793 -0.14776793 -0.14776793 -0.14776793
 -0.14776793 -0.14776793  7.26879582 -0.14776793 -0.14776793 -0.14776793
  9.78866222 -0.14776793 -0.14776793 -0.14776793 -0.14776793 -0.14776793
 11.52099778 -0.14776793 -0.14776793 -0.14776793 -0.14776793 -0.14776793
 -0.14776793 -0.14776793 -0.14776793 -0.14776793 -0.14776793 -0.14776793
 -0.14776793 -0.14776793 -0.14776793 -0.14776793 -0.14776793  6.54928408
 -0.14776793 -0.14776793 -0.14776793 -0.14776793 -0.14776793 -0.14776793
 -0.14776793 -0.14776793 -0.14776793 -0.14776793 -0.14776793 -0.14776793
 -0.14776793  5.32927053 -0.14776793 -0.14776793 -0.14776793 -0.14776793
 -0.14776793 -0.14776793 -0.14776793 -0.14776793 -0.14776793 -0.14776793
 -0.14776793 -0.14776793 -0.14776793 -0.14776793]",[-0.036524564106696134]
8,"[-0.16146498 -0.16146498 -0.16146498 -0.16146498 -0.16146498 -0.16146498
 -0.16146498 -0.16146498 -0.16146498 -0.16146498 -0.16146498 -0.16146498
 -0.16146498 -0.16146498 -0.16146498 -0.16146498 -0.16146498 -0.16146498
  1.5928062  -0.16146498 -0.16146498 -0.16146498 -0.16146498 -0.16146498
 -0.16146498 -0.16146498 -0.16146498 -0.16146498 -0.16146498 -0.16146498
 -0.16146498 -0.16146498 -0.16146498 -0.16146498 -0.16146498 -0.16146498
 -0.16146498 -0.16146498 -0.16146498 -0.16146498 -0.16146498 -0.16146498
 -0.16146498 -0.16146498 -0.16146498 -0.16146498 -0.16146498 -0.16146498
 -0.16146498 -0.16146498 -0.16146498 -0.16146498 -0.16146498 -0.16146498
 -0.16146498 -0.16146498 -0.16146498 -0.16146498 -0.16146498 -0.16146498
 -0.16146498 -0.16146498 -0.16146498 -0.16146498 -0.16146498 -0.16146498
 -0.16146498 -0.16146498 -0.16146498 -0.16146498 -0.16146498 -0.16146498
 -0.16146498 -0.16146498 -0.16146498 -0.16146498 -0.16146498 -0.16146498
 -0.16146498 -0.16146498 -0.16146498 -0.16146498 -0.16146498  9.95380118
 -0.16146498 -0.16146498 -0.16146498 -0.16146498 -0.16146498 -0.16146498
 -0.16146498 -0.16146498  2.3775696  -0.16146498 -0.16146498 -0.16146498
 -0.16146498 -0.16146498 -0.16146498 -0.16146498 -0.16146498 -0.16146498
 -0.16146498 -0.16146498 -0.16146498 -0.16146498 -0.16146498 -0.16146498
 -0.16146498 -0.16146498  8.95152642 -0.16146498 -0.16146498 -0.16146498
 -0.16146498 -0.16146498  0.78554297 -0.16146498 -0.16146498 -0.16146498
 -0.16146498 -0.16146498 -0.16146498 -0.16146498 -0.16146498 -0.16146498
 -0.16146498 -0.16146498 -0.16146498 -0.16146498 -0.16146498 -0.16146498
 -0.16146498 -0.16146498 -0.16146498 -0.16146498 -0.16146498 -0.16146498
 -0.16146498 -0.16146498 -0.16146498 -0.16146498 -0.16146498 -0.16146498
 -0.16146498 -0.16146498 -0.16146498 -0.16146498 -0.16146498 -0.16146498
 -0.16146498 -0.16146498 -0.16146498 -0.16146498 -0.16146498 -0.16146498
 -0.16146498 -0.16146498 -0.16146498 -0.16146498 -0.16146498 -0.16146498
 -0.16146498 -0.16146498 -0.16146498 -0.16146498 -0.16146498 -0.16146498
 -0.16146498 -0.16146498 -0.16146498 -0.16146498 -0.16146498 -0.16146498
 -0.16146498 -0.16146498 -0.16146498 -0.16146498 -0.16146498 -0.16146498
 -0.16146498 -0.16146498 -0.16146498 -0.16146498 -0.16146498 -0.16146498
 -0.16146498 -0.16146498 -0.16146498 -0.16146498 -0.16146498 -0.16146498
 -0.16146498 -0.16146498 -0.16146498 -0.16146498 -0.16146498 -0.16146498
 -0.16146498 -0.16146498 -0.16146498 -0.16146498 -0.16146498  3.94687159
 -0.16146498 -0.16146498 -0.16146498 -0.16146498 -0.16146498 -0.16146498
  2.97376539 -0.16146498 -0.16146498 -0.16146498 -0.16146498  6.47757308
 -0.16146498 -0.16146498 -0.16146498 -0.16146498 -0.16146498 -0.16146498
 -0.16146498 -0.16146498 -0.16146498 -0.16146498 -0.16146498 -0.16146498
 -0.16146498 -0.16146498 -0.16146498 -0.16146498 -0.16146498 -0.16146498
 -0.16146498  4.41831069 -0.16146498 -0.16146498  4.91532672 -0.16146498
 -0.16146498 -0.16146498 -0.16146498 -0.16146498 -0.16146498 -0.16146498
 -0.16146498 -0.16146498 -0.16146498 -0.16146498 -0.16146498 -0.16146498
 -0.16146498 -0.16146498 -0.16146498 -0.16146498 -0.16146498 -0.16146498
 -0.16146498 -0.16146498 -0.16146498 -0.16146498 -0.16146498 -0.16146498
 -0.16146498 -0.16146498 -0.16146498 -0.16146498 -0.16146498 -0.16146498
 -0.16146498 -0.16146498 -0.16146498 -0.16146498  3.40684045 -0.16146498
 -0.16146498 -0.16146498 -0.16146498 -0.16146498 -0.16146498 -0.16146498
 -0.16146498 -0.16146498 -0.16146498 -0.16146498 -0.16146498 -0.16146498
 -0.16146498 -0.16146498 -0.16146498 -0.16146498 -0.16146498 -0.16146498
 -0.16146498 -0.16146498 -0.16146498 -0.16146498 -0.16146498 -0.16146498
 -0.16146498 -0.16146498 -0.16146498 -0.16146498 -0.16146498 -0.16146498
  5.69791897 -0.16146498 -0.16146498 -0.16146498 -0.16146498  6.29613275
 -0.16146498 -0.16146498 -0.16146498 -0.16146498 -0.16146498 -0.16146498
 -0.16146498 -0.16146498 -0.16146498 -0.16146498 -0.16146498 -0.16146498
 -0.16146498 -0.16146498 -0.16146498 -0.16146498 -0.16146498 -0.16146498
 -0.16146498 -0.16146498 -0.16146498 -0.16146498 -0.16146498 -0.16146498
 -0.16146498 -0.16146498 -0.16146498 -0.16146498 -0.16146498 -0.16146498
 -0.16146498 -0.16146498 -0.16146498 -0.16146498 -0.16146498 -0.16146498
 -0.16146498 -0.16146498 -0.16146498 -0.16146498 -0.16146498 -0.16146498
 -0.16146498 -0.16146498 -0.16146498 -0.16146498 -0.16146498 -0.16146498
 -0.16146498 -0.16146498 -0.16146498 -0.16146498 -0.16146498 -0.16146498
 -0.16146498 -0.16146498 -0.16146498 -0.16146498 -0.16146498 -0.16146498
 -0.16146498 -0.16146498 -0.16146498 -0.16146498 -0.16146498 -0.16146498
 -0.16146498 -0.16146498 -0.16146498 -0.16146498 -0.16146498 -0.16146498
 -0.16146498 -0.16146498 -0.16146498 -0.16146498 -0.16146498 -0.16146498
 -0.16146498 -0.16146498 -0.16146498 -0.16146498 -0.16146498 -0.16146498
 -0.16146498 -0.16146498 -0.16146498 -0.16146498 -0.16146498 -0.16146498
 -0.16146498 -0.16146498 -0.16146498 -0.16146498 -0.16146498 -0.16146498
 -0.16146498 -0.16146498 -0.16146498 -0.16146498 -0.16146498 -0.16146498
 -0.16146498 -0.16146498 -0.16146498 -0.16146498 -0.16146498 -0.16146498
 -0.16146498 -0.16146498 -0.16146498 -0.16146498 -0.16146498 -0.16146498
 -0.16146498 -0.16146498 -0.16146498 -0.16146498 -0.16146498 -0.16146498
 -0.16146498 -0.16146498 -0.16146498 -0.16146498 -0.16146498 -0.16146498
 -0.16146498 -0.16146498 -0.16146498 -0.16146498 -0.16146498 -0.16146498
 -0.16146498 -0.16146498 -0.16146498 -0.16146498 -0.16146498 -0.16146498
 -0.16146498 -0.16146498 -0.16146498 -0.16146498 -0.16146498 -0.16146498
 -0.16146498 -0.16146498 -0.16146498 -0.16146498 -0.16146498 -0.16146498
 -0.16146498 -0.16146498  8.9537316  -0.16146498 -0.16146498 -0.16146498
  5.85313591 -0.16146498 -0.16146498 -0.16146498 -0.16146498 -0.16146498
 -0.16146498 -0.16146498 -0.16146498 -0.16146498 -0.16146498 -0.16146498
 -0.16146498 -0.16146498 -0.16146498 -0.16146498 -0.16146498 -0.16146498
 -0.16146498 -0.16146498 -0.16146498 -0.16146498 -0.16146498  2.38843649
 -0.16146498 -0.16146498 -0.16146498 -0.16146498 -0.16146498 -0.16146498
 -0.16146498 -0.16146498 -0.16146498 -0.16146498 -0.16146498 -0.16146498
 -0.16146498 -0.16146498 -0.16146498 -0.16146498 -0.16146498 -0.16146498
 -0.16146498 -0.16146498 -0.16146498 -0.16146498 -0.16146498 -0.16146498
 -0.16146498 -0.16146498  2.22759592 -0.16146498]",[-0.005783769409945155]
8,"[-0.1361947  -0.1361947  -0.1361947  -0.1361947  -0.1361947  -0.1361947
 -0.1361947  -0.1361947  -0.1361947  -0.1361947  -0.1361947  -0.1361947
 -0.1361947  -0.1361947  -0.1361947  -0.1361947  -0.1361947  -0.1361947
 -0.1361947  -0.1361947  -0.1361947  -0.1361947  -0.1361947  -0.1361947
 -0.1361947  -0.1361947  -0.1361947  -0.1361947  -0.1361947  -0.1361947
 -0.1361947  -0.1361947  -0.1361947  -0.1361947  -0.1361947  -0.1361947
 -0.1361947  -0.1361947  -0.1361947  -0.1361947  -0.1361947  -0.1361947
 -0.1361947  -0.1361947  -0.1361947  -0.1361947  -0.1361947  -0.1361947
 -0.1361947  -0.1361947  -0.1361947  -0.1361947  -0.1361947  -0.1361947
 -0.1361947  -0.1361947  -0.1361947  -0.1361947  -0.1361947  -0.1361947
 -0.1361947  -0.1361947  -0.1361947  -0.1361947  -0.1361947  -0.1361947
 -0.1361947  -0.1361947  -0.1361947  -0.1361947  -0.1361947  -0.1361947
 -0.1361947  -0.1361947  -0.1361947  -0.1361947  -0.1361947  -0.1361947
 -0.1361947  -0.1361947  -0.1361947  -0.1361947  -0.1361947  10.69644453
 -0.1361947  -0.1361947  -0.1361947  -0.1361947  -0.1361947  -0.1361947
 -0.1361947  -0.1361947  -0.1361947  -0.1361947  -0.1361947  -0.1361947
 -0.1361947  -0.1361947  -0.1361947  -0.1361947  -0.1361947  -0.1361947
 -0.1361947  -0.1361947  -0.1361947  -0.1361947  -0.1361947  -0.1361947
 -0.1361947  -0.1361947  -0.1361947  -0.1361947  -0.1361947  -0.1361947
 -0.1361947  -0.1361947  -0.1361947  -0.1361947  -0.1361947  -0.1361947
 -0.1361947  -0.1361947  -0.1361947  -0.1361947  -0.1361947  -0.1361947
 -0.1361947  -0.1361947  -0.1361947  -0.1361947  -0.1361947  -0.1361947
 -0.1361947  -0.1361947  -0.1361947  -0.1361947  -0.1361947  -0.1361947
 -0.1361947  -0.1361947  -0.1361947  -0.1361947  -0.1361947  -0.1361947
 -0.1361947  -0.1361947  -0.1361947  -0.1361947  -0.1361947  -0.1361947
 -0.1361947  -0.1361947  -0.1361947  -0.1361947  -0.1361947  -0.1361947
 -0.1361947  -0.1361947  -0.1361947  -0.1361947  -0.1361947  -0.1361947
 -0.1361947  -0.1361947  -0.1361947  -0.1361947  -0.1361947  -0.1361947
 -0.1361947  -0.1361947  -0.1361947  -0.1361947  -0.1361947  -0.1361947
 -0.1361947  -0.1361947  -0.1361947  -0.1361947  -0.1361947  -0.1361947
 -0.1361947  -0.1361947  -0.1361947  -0.1361947  -0.1361947  -0.1361947
 -0.1361947  -0.1361947  -0.1361947  -0.1361947  -0.1361947  -0.1361947
 -0.1361947  -0.1361947  -0.1361947  -0.1361947  -0.1361947  -0.1361947
 -0.1361947  -0.1361947  -0.1361947  -0.1361947  -0.1361947   3.62651558
 -0.1361947  -0.1361947  -0.1361947  -0.1361947  -0.1361947  -0.1361947
  6.39150799 -0.1361947  -0.1361947  -0.1361947  -0.1361947   8.54368458
 -0.1361947  -0.1361947  -0.1361947  -0.1361947  -0.1361947  -0.1361947
 -0.1361947  -0.1361947  -0.1361947  -0.1361947  -0.1361947  -0.1361947
 -0.1361947  -0.1361947  -0.1361947  -0.1361947  -0.1361947  -0.1361947
 -0.1361947   2.60269673 -0.1361947  -0.1361947  -0.1361947  -0.1361947
  4.88973355 -0.1361947  -0.1361947  -0.1361947  -0.1361947  -0.1361947
 -0.1361947  -0.1361947  -0.1361947  -0.1361947  -0.1361947  -0.1361947
 -0.1361947  -0.1361947  -0.1361947  -0.1361947  -0.1361947  -0.1361947
 -0.1361947  -0.1361947  -0.1361947   3.45634564 -0.1361947  -0.1361947
 -0.1361947  -0.1361947  -0.1361947  -0.1361947  -0.1361947  -0.1361947
 -0.1361947  -0.1361947  -0.1361947  -0.1361947  -0.1361947  -0.1361947
 -0.1361947  -0.1361947  -0.1361947  -0.1361947  -0.1361947  -0.1361947
 -0.1361947  -0.1361947  -0.1361947  -0.1361947  -0.1361947   8.52167636
 -0.1361947  -0.1361947  -0.1361947  -0.1361947  -0.1361947  -0.1361947
 -0.1361947  -0.1361947  -0.1361947  -0.1361947  -0.1361947  -0.1361947
 -0.1361947  -0.1361947  -0.1361947  -0.1361947  -0.1361947  -0.1361947
 -0.1361947  -0.1361947  -0.1361947  -0.1361947  -0.1361947   8.64106056
 -0.1361947  -0.1361947  -0.1361947  -0.1361947  -0.1361947  -0.1361947
 -0.1361947  -0.1361947  -0.1361947  -0.1361947  -0.1361947  -0.1361947
 -0.1361947  -0.1361947  -0.1361947  -0.1361947  -0.1361947  -0.1361947
 -0.1361947  -0.1361947  -0.1361947  -0.1361947  -0.1361947  -0.1361947
 -0.1361947  -0.1361947  -0.1361947  -0.1361947  -0.1361947  -0.1361947
 -0.1361947  -0.1361947  -0.1361947  -0.1361947  -0.1361947  -0.1361947
 -0.1361947  -0.1361947  -0.1361947  -0.1361947  -0.1361947  -0.1361947
 -0.1361947  -0.1361947  -0.1361947  -0.1361947  -0.1361947  -0.1361947
 -0.1361947  -0.1361947  -0.1361947  -0.1361947  -0.1361947  -0.1361947
 -0.1361947  -0.1361947  -0.1361947  -0.1361947  -0.1361947  -0.1361947
 -0.1361947  -0.1361947  -0.1361947  -0.1361947  -0.1361947  -0.1361947
 -0.1361947  -0.1361947  -0.1361947  -0.1361947  -0.1361947  -0.1361947
 -0.1361947  -0.1361947  -0.1361947  -0.1361947  -0.1361947  -0.1361947
 -0.1361947  -0.1361947  -0.1361947  -0.1361947  -0.1361947  -0.1361947
 -0.1361947  -0.1361947  -0.1361947  -0.1361947  -0.1361947  -0.1361947
 -0.1361947  -0.1361947  -0.1361947  -0.1361947  -0.1361947  -0.1361947
 -0.1361947  -0.1361947  -0.1361947  -0.1361947  -0.1361947  -0.1361947
 -0.1361947  -0.1361947  -0.1361947  -0.1361947  -0.1361947  -0.1361947
 -0.1361947  -0.1361947  -0.1361947  -0.1361947  -0.1361947  -0.1361947
 -0.1361947  -0.1361947  -0.1361947  -0.1361947  -0.1361947  -0.1361947
 -0.1361947  -0.1361947  -0.1361947  -0.1361947  -0.1361947  -0.1361947
 -0.1361947  -0.1361947  -0.1361947  -0.1361947  -0.1361947  -0.1361947
 -0.1361947  -0.1361947  -0.1361947  -0.1361947  -0.1361947  -0.1361947
 -0.1361947  -0.1361947  -0.1361947  -0.1361947  -0.1361947  -0.1361947
 -0.1361947  -0.1361947  -0.1361947  -0.1361947  -0.1361947  -0.1361947
 -0.1361947  -0.1361947   7.95004214 -0.1361947  -0.1361947  -0.1361947
 -0.1361947  -0.1361947  -0.1361947  -0.1361947  -0.1361947  -0.1361947
 -0.1361947  -0.1361947  -0.1361947  -0.1361947  -0.1361947  -0.1361947
 -0.1361947  -0.1361947  -0.1361947  -0.1361947  -0.1361947  -0.1361947
 -0.1361947   4.00339652 -0.1361947  -0.1361947  -0.1361947  -0.1361947
 -0.1361947  -0.1361947  -0.1361947  -0.1361947  -0.1361947  -0.1361947
 -0.1361947  -0.1361947  -0.1361947  -0.1361947  -0.1361947  -0.1361947
 -0.1361947  -0.1361947  -0.1361947  -0.1361947  -0.1361947  -0.1361947
 -0.1361947  -0.1361947  -0.1361947  -0.1361947  -0.1361947  -0.1361947
 -0.1361947  -0.1361947  -0.1361947  -0.1361947 ]",[-0.012887430700069785]
8,"[-0.19829729 -0.19829729 -0.19829729 -0.19829729 -0.19829729 -0.19829729
 -0.19829729 -0.19829729 -0.19829729 -0.19829729 -0.19829729 -0.19829729
 -0.19829729 -0.19829729 -0.19829729 -0.19829729 -0.19829729 -0.19829729
 -0.19829729 -0.19829729 -0.19829729 -0.19829729 -0.19829729 -0.19829729
 -0.19829729 -0.19829729 -0.19829729 -0.19829729 -0.19829729 -0.19829729
 -0.19829729 -0.19829729 -0.19829729 -0.19829729 -0.19829729 -0.19829729
 -0.19829729 -0.19829729 -0.19829729 -0.19829729 -0.19829729 -0.19829729
 -0.19829729 -0.19829729 -0.19829729 -0.19829729 -0.19829729 -0.19829729
 -0.19829729 -0.19829729 -0.19829729 -0.19829729 -0.19829729 -0.19829729
 -0.19829729 -0.19829729 -0.19829729 -0.19829729 -0.19829729 -0.19829729
 -0.19829729 -0.19829729 -0.19829729 -0.19829729 -0.19829729 -0.19829729
 -0.19829729 -0.19829729 -0.19829729 -0.19829729 -0.19829729 -0.19829729
 -0.19829729 -0.19829729 -0.19829729 -0.19829729 -0.19829729 -0.19829729
 -0.19829729 -0.19829729 -0.19829729 -0.19829729 -0.19829729  8.98964572
 -0.19829729 -0.19829729 -0.19829729 -0.19829729 -0.19829729 -0.19829729
 -0.19829729 -0.19829729  3.9440709  -0.19829729 -0.19829729 -0.19829729
 -0.19829729 -0.19829729 -0.19829729 -0.19829729 -0.19829729 -0.19829729
 -0.19829729 -0.19829729 -0.19829729 -0.19829729 -0.19829729 -0.19829729
 -0.19829729 -0.19829729  0.66631542 -0.19829729 -0.19829729 -0.19829729
  3.61968756 -0.19829729 -0.19829729 -0.19829729 -0.19829729 -0.19829729
 -0.19829729 -0.19829729 -0.19829729 -0.19829729 -0.19829729 -0.19829729
 -0.19829729 -0.19829729 -0.19829729 -0.19829729 -0.19829729 -0.19829729
 -0.19829729 -0.19829729 -0.19829729 -0.19829729 -0.19829729 -0.19829729
 -0.19829729 -0.19829729 -0.19829729 -0.19829729 -0.19829729 -0.19829729
 -0.19829729 -0.19829729 -0.19829729 -0.19829729 -0.19829729 -0.19829729
 -0.19829729 -0.19829729 -0.19829729 -0.19829729 -0.19829729 -0.19829729
 -0.19829729 -0.19829729 -0.19829729 -0.19829729 -0.19829729 -0.19829729
 -0.19829729 -0.19829729 -0.19829729 -0.19829729 -0.19829729 -0.19829729
 -0.19829729 -0.19829729 -0.19829729 -0.19829729 -0.19829729  2.25569772
 -0.19829729 -0.19829729 -0.19829729 -0.19829729 -0.19829729 -0.19829729
 -0.19829729 -0.19829729 -0.19829729 -0.19829729 -0.19829729 -0.19829729
 -0.19829729 -0.19829729 -0.19829729 -0.19829729 -0.19829729 -0.19829729
 -0.19829729 -0.19829729 -0.19829729 -0.19829729 -0.19829729 -0.19829729
 -0.19829729 -0.19829729  1.96266054 -0.19829729 -0.19829729 -0.19829729
 -0.19829729 -0.19829729 -0.19829729 -0.19829729 -0.19829729 -0.19829729
  1.29558069 -0.19829729  0.10583788 -0.19829729 -0.19829729  6.15047296
 -0.19829729 -0.19829729 -0.19829729 -0.19829729 -0.19829729 -0.19829729
 -0.19829729 -0.19829729 -0.19829729 -0.19829729 -0.19829729 -0.19829729
 -0.19829729 -0.19829729 -0.19829729 -0.19829729 -0.19829729 -0.19829729
 -0.19829729  4.408604   -0.19829729 -0.19829729  1.97848469 -0.19829729
  4.39825041  2.01927305 -0.19829729 -0.19829729 -0.19829729 -0.19829729
 -0.19829729 -0.19829729 -0.19829729 -0.19829729 -0.19829729 -0.19829729
 -0.19829729 -0.19829729 -0.19829729 -0.19829729  2.10784908 -0.19829729
 -0.19829729 -0.19829729 -0.19829729  5.60653118 -0.19829729  0.30562272
  1.50236343 -0.19829729 -0.19829729 -0.19829729  2.46133953 -0.19829729
 -0.19829729 -0.19829729  6.42212086 -0.19829729  5.06966012 -0.19829729
 -0.19829729 -0.19829729 -0.19829729 -0.19829729 -0.19829729 -0.19829729
 -0.19829729  2.9361554  -0.19829729 -0.19829729 -0.19829729  6.00256911
 -0.19829729 -0.19829729 -0.19829729 -0.19829729 -0.19829729 -0.19829729
 -0.19829729 -0.19829729 -0.19829729 -0.19829729 -0.19829729 -0.19829729
 -0.19829729 -0.19829729 -0.19829729 -0.19829729 -0.19829729 -0.19829729
 -0.19829729 -0.19829729 -0.19829729 -0.19829729 -0.19829729  6.42390437
 -0.19829729  0.5486417  -0.19829729 -0.19829729 -0.19829729 -0.19829729
 -0.19829729 -0.19829729 -0.19829729 -0.19829729 -0.19829729 -0.19829729
 -0.19829729 -0.19829729 -0.19829729 -0.19829729 -0.19829729 -0.19829729
 -0.19829729 -0.19829729 -0.19829729 -0.19829729 -0.19829729 -0.19829729
 -0.19829729 -0.19829729 -0.19829729 -0.19829729 -0.19829729 -0.19829729
 -0.19829729 -0.19829729 -0.19829729 -0.19829729 -0.19829729 -0.19829729
 -0.19829729 -0.19829729 -0.19829729 -0.19829729 -0.19829729 -0.19829729
 -0.19829729 -0.19829729 -0.19829729 -0.19829729 -0.19829729 -0.19829729
 -0.19829729 -0.19829729 -0.19829729 -0.19829729 -0.19829729 -0.19829729
 -0.19829729 -0.19829729 -0.19829729 -0.19829729 -0.19829729 -0.19829729
 -0.19829729 -0.19829729 -0.19829729 -0.19829729 -0.19829729 -0.19829729
 -0.19829729 -0.19829729 -0.19829729 -0.19829729 -0.19829729 -0.19829729
 -0.19829729 -0.19829729 -0.19829729 -0.19829729 -0.19829729 -0.19829729
 -0.19829729 -0.19829729 -0.19829729 -0.19829729 -0.19829729 -0.19829729
 -0.19829729 -0.19829729 -0.19829729 -0.19829729 -0.19829729 -0.19829729
 -0.19829729 -0.19829729 -0.19829729 -0.19829729 -0.19829729 -0.19829729
 -0.19829729 -0.19829729 -0.19829729 -0.19829729 -0.19829729 -0.19829729
 -0.19829729 -0.19829729 -0.19829729 -0.19829729 -0.19829729 -0.19829729
 -0.19829729 -0.19829729 -0.19829729 -0.19829729 -0.19829729  7.51028967
 -0.19829729 -0.19829729 -0.19829729 -0.19829729 -0.19829729 -0.19829729
 -0.19829729 -0.19829729 -0.19829729 -0.19829729 -0.19829729 -0.19829729
 -0.19829729 -0.19829729 -0.19829729 -0.19829729 -0.19829729 -0.19829729
 -0.19829729 -0.19829729 -0.19829729 -0.19829729 -0.19829729 -0.19829729
 -0.19829729 -0.19829729 -0.19829729 -0.19829729 -0.19829729 -0.19829729
 -0.19829729 -0.19829729 -0.19829729 -0.19829729 -0.19829729 -0.19829729
 -0.19829729 -0.19829729  5.03027562 -0.19829729 -0.19829729 -0.19829729
 -0.19829729 -0.19829729 -0.19829729 -0.19829729 -0.19829729 -0.19829729
 -0.19829729 -0.19829729 -0.19829729 -0.19829729 -0.19829729 -0.19829729
 -0.19829729 -0.19829729 -0.19829729 -0.19829729 -0.19829729 -0.19829729
 -0.19829729  4.03865835 -0.19829729 -0.19829729 -0.19829729 -0.19829729
 -0.19829729 -0.19829729 -0.19829729 -0.19829729 -0.19829729 -0.19829729
 -0.19829729 -0.19829729 -0.19829729 -0.19829729 -0.19829729 -0.19829729
 -0.19829729 -0.19829729 -0.19829729 -0.19829729 -0.19829729 -0.19829729
 -0.19829729 -0.19829729 -0.19829729 -0.19829729 -0.19829729 -0.19829729
 -0.19829729 -0.19829729 -0.19829729 -0.19829729]",[-0.030402615744147626]
8,"[-0.14250399 -0.14250399 -0.14250399 -0.14250399 -0.05252822 -0.14250399
 -0.14250399 -0.14250399 -0.14250399 -0.14250399 -0.14250399 -0.14250399
 -0.14250399 -0.14250399 -0.14250399 -0.14250399 -0.14250399 -0.14250399
 -0.14250399 -0.14250399 -0.14250399 -0.14250399 -0.14250399 -0.14250399
 -0.14250399 -0.14250399 -0.14250399 -0.14250399 -0.14250399 -0.14250399
 -0.14250399 -0.14250399 -0.14250399 -0.14250399 -0.14250399 -0.14250399
 -0.14250399 -0.14250399 -0.14250399 -0.14250399 -0.14250399 -0.14250399
 -0.14250399 -0.14250399 -0.14250399 -0.14250399 -0.14250399 -0.14250399
 -0.14250399 -0.14250399 -0.14250399 -0.14250399 -0.14250399 -0.14250399
 -0.14250399 -0.14250399 -0.14250399 -0.14250399  5.8460932  -0.14250399
 -0.14250399 -0.14250399 -0.14250399 -0.14250399 -0.14250399 -0.14250399
 -0.14250399 -0.14250399 -0.14250399 -0.14250399 -0.14250399 -0.14250399
 -0.14250399 -0.14250399 -0.14250399 -0.14250399 -0.14250399 -0.14250399
 -0.14250399 -0.14250399 -0.14250399 -0.14250399 -0.14250399  8.92751507
 -0.14250399 -0.14250399 -0.14250399 -0.14250399 -0.14250399 -0.14250399
 -0.14250399 -0.14250399 -0.14250399 -0.14250399 -0.14250399 -0.14250399
 -0.14250399 -0.14250399 -0.14250399 -0.14250399 -0.14250399 -0.14250399
 -0.14250399 -0.14250399 -0.14250399 -0.14250399 -0.14250399 -0.14250399
 -0.14250399 -0.14250399  1.38784509 -0.14250399 -0.14250399 -0.14250399
 -0.14250399 -0.14250399  0.44475145 -0.14250399 -0.14250399 -0.14250399
 -0.14250399 -0.14250399 -0.14250399 -0.14250399 -0.14250399 -0.14250399
 -0.14250399 -0.14250399 -0.14250399 -0.14250399 -0.14250399 -0.14250399
 -0.14250399 -0.14250399 -0.14250399 -0.14250399 -0.14250399 -0.14250399
 -0.14250399 -0.14250399 -0.14250399 -0.14250399 -0.14250399 -0.14250399
 -0.14250399 -0.14250399 -0.14250399 -0.14250399 -0.14250399 -0.14250399
 -0.14250399 -0.14250399 -0.14250399 -0.14250399 -0.14250399 -0.14250399
 -0.14250399 -0.14250399 -0.14250399 -0.14250399 -0.14250399 -0.14250399
 -0.14250399 -0.14250399 -0.14250399 -0.14250399 -0.14250399 -0.14250399
 -0.14250399 -0.14250399 -0.14250399 -0.14250399 -0.14250399 -0.14250399
 -0.14250399 -0.14250399 -0.14250399 -0.14250399 -0.14250399 -0.14250399
 -0.14250399 -0.14250399 -0.14250399 -0.14250399 -0.14250399 -0.14250399
  5.58925571 -0.14250399 -0.14250399 -0.14250399 -0.14250399 -0.14250399
 -0.14250399 -0.14250399  4.25955189 -0.14250399 -0.14250399 -0.14250399
 -0.14250399 -0.14250399  7.86927252 -0.14250399 -0.14250399 -0.14250399
 -0.14250399 -0.14250399 -0.14250399 -0.14250399 -0.14250399 -0.14250399
  4.01519609 -0.14250399 -0.14250399 -0.14250399 -0.14250399  1.06315783
 -0.14250399 -0.14250399 -0.14250399 -0.14250399 -0.14250399 -0.14250399
 -0.14250399 -0.14250399 -0.14250399 -0.14250399 -0.14250399 -0.14250399
 -0.14250399 -0.14250399 -0.14250399 -0.14250399 -0.14250399 -0.14250399
 -0.14250399  0.29700648 -0.14250399 -0.14250399 -0.14250399 -0.14250399
 -0.14250399 -0.14250399 -0.14250399 -0.14250399 -0.14250399 -0.14250399
 -0.14250399 -0.14250399 -0.14250399 -0.14250399 -0.14250399 -0.14250399
 -0.14250399 -0.14250399 -0.14250399 -0.14250399 -0.14250399 -0.14250399
 -0.14250399 -0.14250399 -0.14250399  0.63354075 -0.14250399 -0.14250399
 -0.14250399 -0.14250399 -0.14250399 -0.14250399 -0.14250399 -0.14250399
 -0.14250399 -0.14250399 -0.14250399 -0.14250399 -0.14250399 -0.14250399
 -0.14250399 -0.14250399 -0.14250399 -0.14250399 -0.14250399 -0.14250399
 -0.14250399 -0.14250399 -0.14250399 -0.14250399 -0.14250399 -0.14250399
 -0.14250399 -0.14250399 -0.14250399 -0.14250399 -0.14250399 -0.14250399
 -0.14250399 -0.14250399 -0.14250399 -0.14250399 -0.14250399 -0.14250399
 -0.14250399 -0.14250399 -0.14250399 -0.14250399 -0.14250399 -0.14250399
 -0.14250399 -0.14250399 -0.14250399 -0.14250399 -0.14250399  3.63810643
 -0.14250399 -0.14250399 -0.14250399 -0.14250399 -0.14250399 -0.14250399
 -0.14250399 -0.14250399 -0.14250399 -0.14250399 -0.14250399 -0.14250399
 -0.14250399 -0.14250399 -0.14250399 -0.14250399 -0.14250399 -0.14250399
 -0.14250399 -0.14250399 -0.14250399 -0.14250399 -0.14250399 -0.14250399
 -0.14250399 -0.14250399 -0.14250399 -0.14250399 -0.14250399 -0.14250399
 -0.14250399 -0.14250399 -0.14250399 -0.14250399 -0.14250399 -0.14250399
 -0.14250399 -0.14250399 -0.14250399 -0.14250399 -0.14250399 -0.14250399
 -0.14250399 -0.14250399 -0.14250399 -0.14250399 -0.14250399 -0.14250399
 -0.14250399 -0.14250399 -0.14250399 -0.14250399 -0.14250399 -0.14250399
 -0.14250399 -0.14250399 -0.14250399 -0.14250399 -0.14250399 -0.14250399
 -0.14250399 -0.14250399 -0.14250399 -0.14250399 -0.14250399 -0.14250399
 -0.14250399 -0.14250399 -0.14250399 -0.14250399 -0.14250399 -0.14250399
 -0.14250399 -0.14250399 -0.14250399 -0.14250399 -0.14250399 -0.14250399
 -0.14250399 -0.14250399 -0.14250399 -0.14250399 -0.14250399 -0.14250399
 -0.14250399 -0.14250399 -0.14250399 -0.14250399 -0.14250399 -0.14250399
 -0.14250399 -0.14250399 -0.14250399 -0.14250399 -0.14250399 -0.14250399
 -0.14250399 -0.14250399 -0.14250399 -0.14250399 -0.14250399 -0.14250399
 -0.14250399 -0.14250399 -0.14250399 -0.14250399 -0.14250399 -0.14250399
 -0.14250399 -0.14250399 -0.14250399 -0.14250399 -0.14250399 -0.14250399
 -0.14250399 -0.14250399 -0.14250399 -0.14250399 -0.14250399 -0.14250399
 -0.14250399 -0.14250399 -0.14250399 -0.14250399 -0.14250399 -0.14250399
 -0.14250399 -0.14250399 -0.14250399 -0.14250399 -0.14250399 -0.14250399
 -0.14250399 -0.14250399 -0.14250399 -0.14250399 -0.14250399 -0.14250399
 -0.14250399 -0.14250399 -0.14250399 -0.14250399 -0.14250399 -0.14250399
 -0.14250399 -0.14250399 -0.14250399 -0.14250399 -0.14250399 -0.14250399
 -0.14250399 -0.14250399 -0.14250399 -0.14250399 -0.14250399 -0.14250399
 12.47602687 -0.14250399 -0.14250399 -0.14250399 -0.14250399 -0.14250399
 -0.14250399 -0.14250399 -0.14250399 -0.14250399 -0.14250399 -0.14250399
 -0.14250399 -0.14250399 -0.14250399 -0.14250399 -0.14250399 -0.14250399
 -0.14250399  1.72163188 -0.14250399 -0.14250399 -0.14250399  6.11037329
 -0.14250399 -0.14250399 -0.14250399 -0.14250399 -0.14250399  7.45271292
 -0.14250399 -0.14250399 -0.14250399 -0.14250399 -0.14250399 -0.14250399
 -0.14250399 -0.14250399 -0.14250399 -0.14250399 -0.14250399 -0.14250399
 -0.14250399 -0.14250399 -0.14250399 -0.14250399 -0.14250399 -0.14250399
 -0.14250399 -0.14250399 -0.14250399 -0.14250399]",[-0.018699837304357703]
8,"[-0.20972667 -0.20972667 -0.20972667 -0.20972667 -0.04871515 -0.20972667
 -0.20972667 -0.20972667 -0.20972667 -0.20972667 -0.20972667 -0.20972667
 -0.20972667 -0.20972667 -0.20972667 -0.20972667 -0.20972667 -0.20972667
 -0.20972667 -0.20972667 -0.20972667 -0.20972667 -0.20972667 -0.20972667
 -0.20972667 -0.20972667 -0.20972667 -0.20972667 -0.20972667 -0.20972667
 -0.20972667 -0.20972667 -0.20972667 -0.20972667 -0.20972667 -0.20972667
 -0.20972667 -0.20972667 -0.20972667 -0.20972667 -0.20972667 -0.20972667
 -0.20972667 -0.20972667 -0.20972667 -0.20972667 -0.20972667 -0.20972667
 -0.20972667 -0.20972667 -0.20972667 -0.20972667 -0.20972667 -0.20972667
 -0.20972667 -0.20972667 -0.20972667 -0.20972667  1.63922576 -0.20972667
 -0.20972667 -0.20972667 -0.20972667 -0.20972667 -0.20972667 -0.20972667
 -0.20972667 -0.20972667 -0.20972667 -0.20972667 -0.20972667 -0.20972667
 -0.20972667 -0.20972667 -0.20972667 -0.20972667 -0.20972667 -0.20972667
 -0.20972667 -0.20972667 -0.20972667 -0.20972667 -0.20972667  8.76934964
 -0.20972667 -0.20972667 -0.20972667 -0.20972667 -0.20972667  6.79289613
 -0.20972667 -0.20972667  1.74762381 -0.20972667 -0.20972667 -0.20972667
 -0.20972667 -0.20972667 -0.20972667 -0.20972667 -0.20972667 -0.20972667
 -0.20972667 -0.20972667 -0.20972667 -0.20972667 -0.20972667 -0.20972667
 -0.20972667 -0.20972667  5.92847043 -0.20972667 -0.20972667 -0.20972667
 -0.20972667 -0.20972667  2.94194934 -0.20972667  0.81565463 -0.20972667
 -0.20972667 -0.20972667 -0.20972667  0.10791379 -0.20972667 -0.20972667
 -0.20972667 -0.20972667 -0.20972667 -0.20972667 -0.20972667 -0.20972667
 -0.20972667 -0.20972667 -0.20972667 -0.20972667 -0.20972667 -0.20972667
 -0.20972667 -0.20972667 -0.20972667 -0.20972667 -0.20972667 -0.20972667
 -0.20972667 -0.20972667 -0.20972667 -0.20972667 -0.20972667 -0.20972667
 -0.20972667 -0.20972667 -0.20972667 -0.20972667 -0.20972667 -0.20972667
 -0.20972667 -0.20972667 -0.20972667 -0.20972667 -0.20972667 -0.20972667
 -0.20972667 -0.20972667 -0.20972667 -0.20972667 -0.20972667 -0.20972667
 -0.20972667 -0.20972667 -0.20972667 -0.20972667 -0.20972667  1.78768756
 -0.20972667 -0.20972667 -0.20972667 -0.20972667 -0.20972667 -0.20972667
 -0.20972667 -0.20972667 -0.20972667 -0.20972667 -0.20972667 -0.20972667
 -0.20972667 -0.20972667 -0.20972667 -0.20972667 -0.20972667 -0.20972667
 -0.20972667 -0.20972667 -0.20972667 -0.20972667 -0.20972667 -0.20972667
 -0.20972667 -0.20972667  3.46001244 -0.20972667 -0.20972667  4.05702093
 -0.20972667 -0.20972667 -0.20972667 -0.20972667 -0.20972667 -0.20972667
  4.1340113  -0.20972667 -0.20972667 -0.20972667 -0.20972667  4.77462515
  3.46001244 -0.20972667 -0.20972667 -0.20972667 -0.20972667 -0.20972667
 -0.20972667 -0.20972667 -0.20972667 -0.20972667 -0.20972667 -0.20972667
 -0.20972667 -0.20972667 -0.20972667 -0.20972667 -0.20972667 -0.20972667
 -0.20972667  2.58249497 -0.20972667  2.16720119  0.85087927 -0.20972667
 -0.20972667  1.51784168 -0.20972667  4.98188671 -0.20972667 -0.20972667
 -0.20972667 -0.20972667 -0.20972667 -0.20972667 -0.20972667 -0.20972667
 -0.20972667 -0.20972667 -0.20972667  1.10193896 -0.20972667 -0.20972667
 -0.20972667 -0.20972667  5.94511823  3.66461439 -0.20972667 -0.20972667
 -0.20972667 -0.20972667 -0.20972667 -0.20972667  0.52617392 -0.20972667
 -0.20972667 -0.20972667 -0.20972667 -0.20972667 -0.20972667 -0.20972667
 -0.20972667 -0.20972667 -0.20972667 -0.20972667 -0.20972667 -0.20972667
 -0.20972667 -0.20972667 -0.20972667 -0.20972667 -0.20972667  1.94781995
 -0.20972667 -0.20972667 -0.20972667 -0.20972667 -0.20972667 -0.20972667
 -0.20972667 -0.20972667  3.46001244 -0.20972667 -0.20972667 -0.20972667
 -0.20972667 -0.20972667 -0.20972667 -0.20972667 -0.20972667 -0.20972667
 -0.20972667 -0.20972667 -0.20972667 -0.20972667 -0.20972667  6.00645756
 -0.20972667  1.29242978 -0.20972667 -0.20972667 -0.20972667 -0.20972667
 -0.20972667 -0.20972667 -0.20972667 -0.20972667 -0.20972667 -0.20972667
 -0.20972667 -0.20972667 -0.20972667 -0.20972667 -0.20972667 -0.20972667
 -0.20972667 -0.20972667 -0.20972667 -0.20972667 -0.20972667 -0.20972667
 -0.20972667 -0.20972667 -0.20972667 -0.20972667 -0.20972667 -0.20972667
 -0.20972667 -0.20972667 -0.20972667 -0.20972667 -0.20972667 -0.20972667
 -0.20972667 -0.20972667 -0.20972667 -0.20972667 -0.20972667 -0.20972667
 -0.20972667 -0.20972667 -0.20972667 -0.20972667 -0.20972667 -0.20972667
 -0.20972667 -0.20972667 -0.20972667 -0.20972667 -0.20972667 -0.20972667
 -0.20972667 -0.20972667 -0.20972667 -0.20972667 -0.20972667 -0.20972667
 -0.20972667 -0.20972667 -0.20972667 -0.20972667 -0.20972667 -0.20972667
 -0.20972667 -0.20972667 -0.20972667 -0.20972667 -0.20972667 -0.20972667
 -0.20972667 -0.20972667 -0.20972667 -0.20972667 -0.20972667 -0.20972667
 -0.20972667 -0.20972667 -0.20972667 -0.20972667 -0.20972667 -0.20972667
 -0.20972667 -0.20972667 -0.20972667 -0.20972667 -0.20972667 -0.20972667
 -0.20972667 -0.20972667 -0.20972667 -0.20972667 -0.20972667 -0.20972667
 -0.20972667 -0.20972667 -0.20972667 -0.20972667 -0.20972667 -0.20972667
 -0.20972667 -0.20972667 -0.20972667 -0.20972667 -0.20972667 -0.20972667
 -0.20972667 -0.20972667 -0.20972667 -0.20972667  5.68971363 -0.20972667
 -0.20972667 -0.20972667 -0.20972667 -0.20972667 -0.20972667 -0.20972667
 -0.20972667 -0.20972667 -0.20972667 -0.20972667 -0.20972667 -0.20972667
 -0.20972667 -0.20972667 -0.20972667 -0.20972667 -0.20972667 -0.20972667
 -0.20972667 -0.20972667 -0.20972667 -0.20972667 -0.20972667 -0.20972667
 -0.20972667 -0.20972667 -0.20972667 -0.20972667 -0.20972667 -0.20972667
 -0.20972667 -0.20972667 -0.20972667 -0.20972667 -0.20972667 -0.20972667
 -0.20972667 -0.20972667  7.64882946 -0.20972667 -0.20972667 -0.20972667
 -0.20972667 -0.20972667 -0.20972667 -0.20972667 -0.20972667 -0.20972667
 -0.20972667 -0.20972667 -0.20972667 -0.20972667 -0.20972667 -0.20972667
 -0.20972667 -0.20972667 -0.20972667 -0.20972667 -0.20972667 -0.20972667
 -0.20972667  2.80519251 -0.20972667 -0.20972667 -0.20972667 -0.20972667
 -0.20972667 -0.20972667 -0.20972667 -0.20972667 -0.20972667 -0.20972667
 -0.20972667 -0.20972667 -0.20972667 -0.20972667 -0.20972667 -0.20972667
 -0.20972667 -0.20972667 -0.20972667 -0.20972667 -0.20972667 -0.20972667
 -0.20972667 -0.20972667 -0.20972667 -0.20972667 -0.20972667 -0.20972667
 -0.20972667 -0.20972667 -0.20972667 -0.20972667]",[-0.019014433189049468]
8,"[-0.17646925 -0.17646925 -0.17646925 -0.17646925 -0.17646925 -0.17646925
 -0.17646925 -0.17646925 -0.17646925 -0.17646925 -0.17646925 -0.17646925
 -0.17646925 -0.17646925 -0.17646925 -0.17646925 -0.17646925 -0.17646925
  1.34526432 -0.17646925 -0.17646925 -0.17646925 -0.17646925 -0.17646925
 -0.17646925 -0.17646925 -0.17646925 -0.17646925 -0.17646925 -0.17646925
 -0.17646925 -0.17646925 -0.17646925 -0.17646925 -0.17646925 -0.17646925
 -0.17646925 -0.17646925 -0.17646925 -0.17646925 -0.17646925 -0.17646925
 -0.17646925 -0.17646925 -0.17646925 -0.17646925 -0.17646925 -0.17646925
 -0.17646925 -0.17646925 -0.17646925 -0.17646925 -0.17646925 -0.17646925
 -0.17646925 -0.17646925 -0.17646925 -0.17646925 -0.17646925 -0.17646925
 -0.17646925 -0.17646925 -0.17646925 -0.17646925 -0.17646925 -0.17646925
 -0.17646925 -0.17646925 -0.17646925 -0.17646925 -0.17646925 -0.17646925
 -0.17646925 -0.17646925 -0.17646925 -0.17646925 -0.17646925 -0.17646925
 -0.17646925 -0.17646925 -0.17646925 -0.17646925 -0.17646925  8.4436138
 -0.17646925 -0.17646925 -0.17646925 -0.17646925 -0.17646925 -0.17646925
 -0.17646925 -0.17646925 -0.17646925 -0.17646925 -0.17646925 -0.17646925
 -0.17646925 -0.17646925 -0.17646925 -0.17646925 -0.17646925 -0.17646925
 -0.17646925 -0.17646925 -0.17646925 -0.17646925 -0.17646925 -0.17646925
 -0.17646925 -0.17646925  5.95472396 -0.17646925 -0.17646925 -0.17646925
 -0.17646925 -0.17646925  0.68344913 -0.17646925 -0.17646925 -0.17646925
 -0.17646925 -0.17646925 -0.17646925  0.16115052  0.42484697 -0.17646925
 -0.17646925 -0.17646925 -0.17646925 -0.17646925 -0.17646925 -0.17646925
 -0.17646925 -0.17646925 -0.17646925 -0.17646925 -0.17646925 -0.17646925
 -0.17646925 -0.17646925 -0.17646925 -0.17646925 -0.17646925 -0.17646925
 -0.17646925 -0.17646925 -0.17646925 -0.17646925 -0.17646925 -0.17646925
 -0.17646925 -0.17646925 -0.17646925 -0.17646925 -0.17646925 -0.17646925
 -0.17646925 -0.17646925 -0.17646925 -0.17646925 -0.17646925 -0.17646925
 -0.17646925 -0.17646925 -0.17646925 -0.17646925 -0.17646925 -0.17646925
 -0.17646925 -0.17646925 -0.17646925 -0.17646925 -0.17646925 -0.17646925
 -0.17646925 -0.17646925 -0.17646925 -0.17646925 -0.17646925 -0.17646925
 -0.17646925 -0.17646925 -0.17646925 -0.17646925 -0.17646925 -0.17646925
 -0.17646925 -0.17646925 -0.17646925 -0.17646925 -0.17646925 -0.17646925
 -0.17646925 -0.17646925 -0.17646925 -0.17646925 -0.17646925 -0.17646925
 -0.17646925 -0.17646925  1.81291924 -0.17646925 -0.17646925  4.75071562
 -0.17646925 -0.17646925 -0.17646925 -0.17646925 -0.17646925 -0.17646925
  6.36889681 -0.17646925 -0.10706692 -0.17646925 -0.17646925  5.64453038
 -0.17646925 -0.17646925 -0.17646925 -0.17646925 -0.17646925 -0.17646925
 -0.17646925 -0.17646925 -0.17646925 -0.17646925 -0.17646925 -0.17646925
 -0.17646925 -0.17646925 -0.17646925 -0.17646925 -0.17646925 -0.17646925
 -0.17646925  3.14679863 -0.17646925 -0.17646925  5.71657011 -0.17646925
 -0.17646925 -0.17646925 -0.17646925 -0.17646925 -0.17646925 -0.17646925
 -0.17646925 -0.17646925 -0.17646925 -0.17646925 -0.17646925 -0.17646925
 -0.17646925 -0.17646925 -0.17646925 -0.17646925 -0.17646925 -0.17646925
 -0.17646925 -0.17646925 -0.17646925  2.36808534 -0.17646925 -0.17646925
 -0.17646925 -0.17646925 -0.17646925 -0.17646925 -0.17646925 -0.17646925
 -0.17646925 -0.17646925 -0.17646925 -0.17646925  2.39465966 -0.17646925
 -0.17646925 -0.17646925 -0.17646925 -0.17646925 -0.17646925 -0.17646925
 -0.17646925 -0.17646925 -0.17646925 -0.17646925 -0.17646925  1.12874616
 -0.17646925 -0.17646925 -0.17646925 -0.17646925 -0.17646925 -0.17646925
 -0.17646925 -0.17646925 -0.17646925 -0.17646925 -0.17646925 -0.17646925
 -0.17646925 -0.17646925 -0.17646925 -0.17646925 -0.17646925 -0.17646925
  5.87812054 -0.17646925 -0.17646925 -0.17646925 -0.17646925  6.38267532
 -0.17646925 -0.17646925 -0.17646925 -0.17646925 -0.17646925 -0.17646925
 -0.17646925 -0.17646925 -0.17646925 -0.17646925 -0.17646925 -0.17646925
 -0.17646925 -0.17646925 -0.17646925 -0.17646925 -0.17646925 -0.17646925
 -0.17646925 -0.17646925 -0.17646925 -0.17646925 -0.17646925 -0.17646925
 -0.17646925 -0.17646925 -0.17646925 -0.17646925 -0.17646925 -0.17646925
 -0.17646925 -0.17646925 -0.17646925 -0.17646925 -0.17646925 -0.17646925
 -0.17646925 -0.17646925 -0.17646925 -0.17646925 -0.17646925 -0.17646925
 -0.17646925 -0.17646925 -0.17646925 -0.17646925 -0.17646925 -0.17646925
 -0.17646925 -0.17646925 -0.17646925 -0.17646925 -0.17646925 -0.17646925
 -0.17646925 -0.17646925 -0.17646925 -0.17646925 -0.17646925 -0.17646925
 -0.17646925 -0.17646925 -0.17646925 -0.17646925 -0.17646925 -0.17646925
 -0.17646925 -0.17646925 -0.17646925 -0.17646925 -0.17646925 -0.17646925
 -0.17646925 -0.17646925 -0.17646925 -0.17646925 -0.17646925 -0.17646925
 -0.17646925 -0.17646925 -0.17646925 -0.17646925 -0.17646925 -0.17646925
 -0.17646925 -0.17646925 -0.17646925 -0.17646925 -0.17646925 -0.17646925
 -0.17646925 -0.17646925 -0.17646925 -0.17646925 -0.17646925 -0.17646925
 -0.17646925 -0.17646925 -0.17646925 -0.17646925 -0.17646925 -0.17646925
 -0.17646925 -0.17646925 -0.17646925 -0.17646925 -0.17646925 -0.17646925
 -0.17646925 -0.17646925 -0.17646925 -0.17646925  8.28649969 -0.17646925
 -0.17646925 -0.17646925 -0.17646925 -0.17646925 -0.17646925 -0.17646925
 -0.17646925 -0.17646925 -0.17646925 -0.17646925 -0.17646925 -0.17646925
 -0.17646925 -0.17646925 -0.17646925 -0.17646925 -0.17646925 -0.17646925
 -0.17646925 -0.17646925 -0.17646925 -0.17646925 -0.17646925 -0.17646925
 -0.17646925 -0.17646925 -0.17646925 -0.17646925 -0.17646925 -0.17646925
 -0.17646925 -0.17646925 -0.17646925 -0.17646925 -0.17646925 -0.17646925
 -0.17646925 -0.17646925  5.62491509 -0.17646925 -0.17646925 -0.17646925
  5.30504896 -0.17646925 -0.17646925 -0.17646925 -0.17646925 -0.17646925
 -0.17646925 -0.17646925 -0.17646925 -0.17646925 -0.17646925 -0.17646925
 -0.17646925 -0.17646925 -0.17646925 -0.17646925 -0.17646925 -0.17646925
 -0.17646925  6.16652088 -0.17646925 -0.17646925 -0.17646925 -0.17646925
 -0.17646925 -0.17646925 -0.17646925 -0.17646925 -0.17646925 -0.17646925
 -0.17646925 -0.17646925 -0.17646925 -0.17646925 -0.17646925 -0.17646925
 -0.17646925 -0.17646925 -0.17646925 -0.17646925 -0.17646925 -0.17646925
 -0.17646925 -0.17646925 -0.17646925 -0.17646925 -0.17646925 -0.17646925
 -0.17646925 -0.17646925 -0.17646925 -0.17646925]",[0.030988767202989653]
8,"[-0.15925321 -0.15925321 -0.15925321 -0.15925321 -0.15925321 -0.15925321
 -0.15925321 -0.15925321 -0.15925321 -0.15925321 -0.15925321 -0.15925321
 -0.15925321 -0.15925321 -0.15925321 -0.15925321 -0.15925321 -0.15925321
  3.30024273 -0.15925321 -0.15925321 -0.15925321 -0.15925321 -0.15925321
 -0.15925321 -0.15925321 -0.15925321 -0.15925321 -0.15925321 -0.15925321
 -0.15925321 -0.15925321 -0.15925321 -0.15925321 -0.15925321 -0.15925321
 -0.15925321 -0.15925321 -0.15925321 -0.15925321 -0.15925321 -0.15925321
 -0.15925321 -0.15925321 -0.15925321 -0.15925321 -0.15925321 -0.15925321
 -0.15925321 -0.15925321 -0.15925321 -0.15925321 -0.15925321 -0.15925321
 -0.15925321 -0.15925321 -0.15925321 -0.15925321  3.91594976 -0.15925321
 -0.15925321 -0.15925321 -0.15925321 -0.15925321 -0.15925321 -0.15925321
 -0.15925321 -0.15925321 -0.15925321 -0.15925321 -0.15925321 -0.15925321
 -0.15925321 -0.15925321 -0.15925321 -0.15925321 -0.15925321 -0.15925321
 -0.15925321 -0.15925321 -0.15925321 -0.15925321 -0.15925321 10.13516427
 -0.15925321 -0.15925321 -0.15925321 -0.15925321 -0.15925321 -0.15925321
 -0.15925321 -0.15925321  2.86757273 -0.15925321 -0.15925321 -0.15925321
 -0.15925321 -0.15925321 -0.15925321 -0.15925321 -0.15925321 -0.15925321
 -0.15925321 -0.15925321 -0.15925321 -0.15925321 -0.15925321 -0.15925321
 -0.15925321 -0.15925321  0.6261925  -0.15925321 -0.15925321 -0.15925321
 -0.15925321 -0.15925321 -0.15925321 -0.15925321 -0.15925321 -0.15925321
 -0.15925321 -0.15925321 -0.15925321  0.55394288 -0.15925321 -0.15925321
 -0.15925321 -0.15925321 -0.15925321 -0.15925321 -0.15925321 -0.15925321
 -0.15925321 -0.15925321 -0.15925321 -0.15925321 -0.15925321 -0.15925321
 -0.15925321 -0.15925321 -0.15925321 -0.15925321 -0.15925321 -0.15925321
 -0.15925321 -0.15925321 -0.15925321 -0.15925321 -0.15925321 -0.15925321
 -0.15925321 -0.15925321 -0.15925321 -0.15925321 -0.15925321 -0.15925321
 -0.15925321 -0.15925321 -0.15925321 -0.15925321 -0.15925321 -0.15925321
 -0.15925321 -0.15925321 -0.15925321 -0.15925321 -0.15925321 -0.15925321
 -0.15925321 -0.15925321 -0.15925321 -0.15925321 -0.15925321  1.99286917
 -0.15925321 -0.15925321 -0.15925321 -0.15925321 -0.15925321 -0.15925321
 -0.15925321 -0.15925321 -0.15925321 -0.15925321 -0.15925321 -0.15925321
  2.72091245 -0.15925321 -0.15925321 -0.15925321 -0.15925321 -0.15925321
 -0.15925321 -0.15925321 -0.15925321 -0.15925321 -0.15925321 -0.15925321
 -0.15925321 -0.15925321  6.47749192 -0.15925321 -0.15925321 -0.15925321
 -0.15925321 -0.15925321 -0.15925321 -0.15925321 -0.15925321 -0.15925321
  6.33542176 -0.15925321 -0.15925321 -0.15925321 -0.15925321  7.61206881
 -0.15925321 -0.15925321 -0.15925321 -0.15925321 -0.15925321 -0.15925321
 -0.15925321 -0.15925321 -0.15925321 -0.15925321 -0.15925321 -0.15925321
 -0.15925321 -0.15925321 -0.15925321 -0.15925321 -0.15925321 -0.15925321
 -0.15925321 -0.15925321 -0.15925321 -0.15925321 -0.15925321 -0.15925321
  4.07740734 -0.15925321 -0.15925321 -0.15925321 -0.15925321 -0.15925321
 -0.15925321 -0.15925321 -0.15925321 -0.15925321 -0.15925321 -0.15925321
 -0.15925321 -0.15925321 -0.15925321 -0.15925321 -0.15925321 -0.15925321
 -0.15925321 -0.15925321 -0.15925321  4.19402376 -0.15925321 -0.15925321
 -0.15925321 -0.15925321 -0.15925321 -0.15925321 -0.15925321 -0.15925321
 -0.15925321 -0.15925321 -0.15925321 -0.15925321 -0.15925321 -0.15925321
 -0.15925321 -0.15925321 -0.15925321 -0.15925321 -0.15925321 -0.15925321
 -0.15925321 -0.15925321 -0.15925321 -0.15925321 -0.15925321  1.42103562
 -0.15925321 -0.15925321 -0.15925321 -0.15925321 -0.15925321 -0.15925321
 -0.15925321 -0.15925321 -0.15925321 -0.15925321 -0.15925321 -0.15925321
 -0.15925321 -0.15925321 -0.15925321 -0.15925321 -0.15925321 -0.15925321
 -0.15925321 -0.15925321 -0.15925321 -0.15925321 -0.15925321  6.11192814
 -0.15925321  0.67330138 -0.15925321 -0.15925321 -0.15925321 -0.15925321
 -0.15925321 -0.15925321 -0.15925321 -0.15925321 -0.15925321 -0.15925321
 -0.15925321 -0.15925321 -0.15925321 -0.15925321 -0.15925321 -0.15925321
 -0.15925321 -0.15925321 -0.15925321 -0.15925321 -0.15925321 -0.15925321
 -0.15925321 -0.15925321 -0.15925321 -0.15925321 -0.15925321 -0.15925321
 -0.15925321 -0.15925321 -0.15925321 -0.15925321 -0.15925321 -0.15925321
 -0.15925321 -0.15925321 -0.15925321 -0.15925321 -0.15925321 -0.15925321
 -0.15925321 -0.15925321 -0.15925321 -0.15925321 -0.15925321 -0.15925321
 -0.15925321 -0.15925321 -0.15925321 -0.15925321 -0.15925321 -0.15925321
 -0.15925321 -0.15925321 -0.15925321 -0.15925321 -0.15925321 -0.15925321
 -0.15925321 -0.15925321 -0.15925321 -0.15925321 -0.15925321 -0.15925321
 -0.15925321 -0.15925321 -0.15925321 -0.15925321 -0.15925321 -0.15925321
 -0.15925321 -0.15925321 -0.15925321 -0.15925321 -0.15925321 -0.15925321
 -0.15925321 -0.15925321 -0.15925321 -0.15925321 -0.15925321 -0.15925321
 -0.15925321 -0.15925321 -0.15925321 -0.15925321 -0.15925321 -0.15925321
 -0.15925321 -0.15925321 -0.15925321 -0.15925321 -0.15925321 -0.15925321
 -0.15925321 -0.15925321 -0.15925321 -0.15925321 -0.15925321 -0.15925321
 -0.15925321 -0.15925321 -0.15925321 -0.15925321 -0.15925321 -0.15925321
 -0.15925321 -0.15925321 -0.15925321 -0.15925321 -0.15925321 -0.15925321
 -0.15925321 -0.15925321 -0.15925321 -0.15925321 -0.15925321 -0.15925321
 -0.15925321 -0.15925321 -0.15925321 -0.15925321 -0.15925321 -0.15925321
 -0.15925321 -0.15925321 -0.15925321 -0.15925321 -0.15925321 -0.15925321
 -0.15925321 -0.15925321 -0.15925321 -0.15925321 -0.15925321 -0.15925321
 -0.15925321 -0.15925321 -0.15925321 -0.15925321 -0.15925321 -0.15925321
 -0.15925321 -0.15925321 -0.15925321 -0.15925321 -0.15925321 -0.15925321
 -0.15925321 -0.15925321  9.0286777  -0.15925321 -0.15925321 -0.15925321
  7.90090621 -0.15925321 -0.15925321 -0.15925321 -0.15925321 -0.15925321
 -0.15925321 -0.15925321 -0.15925321 -0.15925321 -0.15925321 -0.15925321
 -0.15925321 -0.15925321 -0.15925321 -0.15925321 -0.15925321 -0.15925321
 -0.15925321 -0.15925321 -0.15925321 -0.15925321 -0.15925321 -0.15925321
 -0.15925321 -0.15925321 -0.15925321 -0.15925321 -0.15925321 -0.15925321
 -0.15925321 -0.15925321 -0.15925321 -0.15925321 -0.15925321 -0.15925321
 -0.15925321 -0.15925321 -0.15925321 -0.15925321 -0.15925321 -0.15925321
 -0.15925321 -0.15925321 -0.15925321 -0.15925321 -0.15925321 -0.15925321
 -0.15925321 -0.15925321 -0.15925321 -0.15925321]",[-0.029750274769374696]
8,"[-0.18597537 -0.18597537 -0.18597537 -0.18597537 -0.18597537 -0.18597537
 -0.18597537 -0.18597537 -0.18597537 -0.18597537 -0.18597537 -0.18597537
 -0.18597537 -0.18597537 -0.18597537 -0.18597537 -0.18597537 -0.18597537
 -0.18597537 -0.18597537 -0.18597537 -0.18597537 -0.18597537 -0.18597537
 -0.18597537 -0.18597537 -0.18597537 -0.18597537 -0.18597537 -0.18597537
 -0.18597537 -0.18597537 -0.18597537 -0.18597537 -0.18597537 -0.18597537
 -0.18597537 -0.18597537 -0.18597537 -0.18597537 -0.18597537 -0.18597537
 -0.18597537 -0.18597537 -0.18597537 -0.18597537 -0.18597537 -0.18597537
 -0.18597537 -0.18597537 -0.18597537 -0.18597537 -0.18597537 -0.18597537
 -0.18597537 -0.18597537 -0.18597537 -0.18597537 -0.18597537 -0.18597537
 -0.18597537 -0.18597537 -0.18597537 -0.18597537 -0.18597537 -0.18597537
 -0.18597537 -0.18597537 -0.18597537 -0.18597537 -0.18597537 -0.18597537
 -0.18597537 -0.18597537 -0.18597537 -0.18597537 -0.18597537 -0.18597537
 -0.18597537 -0.18597537 -0.18597537 -0.18597537 -0.18597537  9.85203061
 -0.18597537 -0.18597537 -0.18597537 -0.18597537 -0.18597537 -0.18597537
 -0.18597537 -0.18597537  2.79621507 -0.18597537 -0.18597537 -0.18597537
 -0.18597537 -0.18597537 -0.18597537 -0.18597537 -0.18597537 -0.18597537
 -0.18597537 -0.18597537 -0.18597537 -0.18597537 -0.18597537 -0.18597537
 -0.18597537 -0.18597537  0.61333183 -0.18597537 -0.18597537 -0.18597537
  1.476124   -0.18597537 -0.18597537 -0.18597537 -0.18597537 -0.18597537
 -0.18597537 -0.18597537 -0.18597537 -0.18597537  0.47690189 -0.18597537
 -0.18597537 -0.18597537 -0.18597537 -0.18597537 -0.18597537 -0.18597537
 -0.18597537 -0.18597537 -0.18597537 -0.18597537 -0.18597537 -0.18597537
 -0.18597537 -0.18597537 -0.18597537 -0.18597537 -0.18597537 -0.18597537
 -0.18597537 -0.18597537 -0.18597537 -0.18597537 -0.18597537 -0.18597537
 -0.18597537 -0.18597537 -0.18597537 -0.18597537 -0.18597537 -0.18597537
 -0.18597537 -0.18597537 -0.18597537 -0.18597537 -0.18597537 -0.18597537
 -0.18597537 -0.18597537 -0.18597537 -0.18597537 -0.18597537 -0.18597537
 -0.18597537 -0.18597537 -0.18597537 -0.18597537 -0.18597537  1.18406099
 -0.18597537 -0.18597537 -0.18597537 -0.18597537 -0.18597537 -0.18597537
 -0.18597537 -0.18597537 -0.18597537 -0.18597537 -0.18597537 -0.18597537
 -0.18597537 -0.18597537 -0.18597537 -0.18597537 -0.18597537 -0.18597537
 -0.18597537 -0.18597537  3.26655753 -0.18597537 -0.18597537 -0.18597537
 -0.18597537 -0.18597537 -0.18597537 -0.18597537 -0.18597537  4.01266438
 -0.18597537 -0.18597537 -0.18597537 -0.18597537 -0.18597537 -0.18597537
  3.03409783 -0.18597537 -0.18597537 -0.18597537 -0.18597537  6.46585259
 -0.18597537 -0.18597537 -0.18597537 -0.18597537 -0.18597537 -0.18597537
 -0.18597537 -0.18597537 -0.18597537 -0.18597537 -0.18597537 -0.18597537
 -0.18597537 -0.18597537 -0.18597537 -0.18597537 -0.18597537 -0.18597537
 -0.18597537  4.4069768  -0.18597537 -0.18597537  3.77876771 -0.18597537
  3.88862    -0.18597537 -0.18597537 -0.18597537 -0.18597537 -0.18597537
 -0.18597537 -0.18597537 -0.18597537 -0.18597537 -0.18597537 -0.18597537
 -0.18597537 -0.18597537 -0.18597537  4.51644427 -0.18597537 -0.18597537
 -0.18597537 -0.18597537  4.7864966  -0.18597537 -0.18597537  0.61705756
 -0.18597537 -0.18597537 -0.18597537 -0.18597537 -0.18597537 -0.18597537
 -0.18597537 -0.18597537  4.14966934 -0.18597537 -0.18597537 -0.18597537
 -0.18597537 -0.18597537 -0.18597537 -0.18597537 -0.18597537 -0.18597537
 -0.18597537 -0.18597537 -0.18597537 -0.18597537 -0.18597537 -0.18597537
 -0.18597537 -0.18597537 -0.18597537 -0.18597537 -0.18597537 -0.18597537
 -0.18597537  7.64492713 -0.18597537 -0.18597537 -0.18597537 -0.18597537
 -0.18597537 -0.18597537 -0.18597537 -0.18597537 -0.18597537 -0.18597537
  5.56510664 -0.18597537 -0.18597537 -0.18597537 -0.18597537  5.30098105
 -0.18597537 -0.18597537 -0.18597537 -0.18597537 -0.18597537 -0.18597537
 -0.18597537 -0.18597537 -0.18597537 -0.18597537 -0.18597537 -0.18597537
 -0.18597537 -0.18597537 -0.18597537 -0.18597537 -0.18597537 -0.18597537
 -0.18597537 -0.18597537 -0.18597537 -0.18597537 -0.18597537 -0.18597537
 -0.18597537 -0.18597537 -0.18597537 -0.18597537 -0.18597537 -0.18597537
 -0.18597537 -0.18597537 -0.18597537 -0.18597537 -0.18597537 -0.18597537
 -0.18597537 -0.18597537 -0.18597537 -0.18597537 -0.18597537 -0.18597537
 -0.18597537 -0.18597537 -0.18597537 -0.18597537 -0.18597537 -0.18597537
 -0.18597537 -0.18597537 -0.18597537 -0.18597537 -0.18597537 -0.18597537
 -0.18597537 -0.18597537 -0.18597537 -0.18597537 -0.18597537 -0.18597537
 -0.18597537 -0.18597537 -0.18597537 -0.18597537 -0.18597537 -0.18597537
 -0.18597537 -0.18597537 -0.18597537 -0.18597537 -0.18597537 -0.18597537
 -0.18597537 -0.18597537 -0.18597537 -0.18597537 -0.18597537 -0.18597537
 -0.18597537 -0.18597537 -0.18597537 -0.18597537 -0.18597537 -0.18597537
 -0.18597537 -0.18597537 -0.18597537 -0.18597537 -0.18597537 -0.18597537
 -0.18597537 -0.18597537 -0.18597537 -0.18597537 -0.18597537 -0.18597537
 -0.18597537 -0.18597537 -0.18597537 -0.18597537 -0.18597537 -0.18597537
 -0.18597537 -0.18597537 -0.18597537 -0.18597537 -0.18597537 -0.18597537
 -0.18597537 -0.18597537 -0.18597537 -0.18597537 -0.18597537 -0.18597537
 -0.18597537 -0.18597537 -0.18597537 -0.18597537 -0.18597537 -0.18597537
 -0.18597537 -0.18597537 -0.18597537 -0.18597537 -0.18597537 -0.18597537
 -0.18597537 -0.18597537 -0.18597537 -0.18597537 -0.18597537 -0.18597537
 -0.18597537 -0.18597537 -0.18597537 -0.18597537 -0.18597537 -0.18597537
 -0.18597537 -0.18597537 -0.18597537 -0.18597537 -0.18597537 -0.18597537
 -0.18597537 -0.18597537 -0.18597537 -0.18597537 -0.18597537 -0.18597537
 -0.18597537 -0.18597537  5.78701612 -0.18597537 -0.18597537 -0.18597537
 -0.18597537 -0.18597537 -0.18597537 -0.18597537 -0.18597537 -0.18597537
 -0.18597537 -0.18597537 -0.18597537 -0.18597537 -0.18597537 -0.18597537
 -0.18597537 -0.18597537 -0.18597537 -0.18597537 -0.18597537 -0.18597537
 -0.18597537  7.26991363 -0.18597537 -0.18597537 -0.18597537  1.53994677
 -0.18597537 -0.18597537 -0.18597537 -0.18597537 -0.18597537 -0.18597537
 -0.18597537 -0.18597537 -0.18597537 -0.18597537 -0.18597537 -0.18597537
 -0.18597537 -0.18597537 -0.18597537 -0.18597537 -0.18597537 -0.18597537
 -0.18597537 -0.18597537 -0.18597537 -0.18597537 -0.18597537 -0.18597537
 -0.18597537 -0.18597537 -0.18597537 -0.18597537]",[-0.04389702221025682]
8,"[-0.21822886 -0.21822886 -0.21822886 -0.21822886 -0.21822886 -0.21822886
 -0.21822886 -0.21822886 -0.21822886 -0.21822886 -0.21822886 -0.21822886
 -0.21822886 -0.21822886 -0.21822886 -0.21822886 -0.21822886 -0.21822886
  1.29423994 -0.21822886 -0.21822886 -0.21822886 -0.21822886 -0.21822886
 -0.21822886 -0.21822886 -0.21822886 -0.21822886 -0.21822886 -0.21822886
 -0.21822886 -0.21822886 -0.21822886 -0.21822886 -0.21822886 -0.21822886
 -0.21822886 -0.21822886 -0.21822886 -0.21822886 -0.21822886 -0.21822886
 -0.21822886 -0.21822886 -0.21822886 -0.21822886 -0.21822886 -0.21822886
 -0.21822886 -0.21822886 -0.21822886 -0.21822886 -0.21822886 -0.21822886
 -0.21822886 -0.21822886 -0.21822886 -0.21822886 -0.21822886 -0.21822886
 -0.21822886 -0.21822886 -0.21822886 -0.21822886 -0.21822886 -0.21822886
 -0.21822886 -0.21822886 -0.21822886 -0.21822886 -0.21822886 -0.21822886
 -0.21822886 -0.21822886 -0.21822886 -0.21822886 -0.21822886 -0.21822886
 -0.21822886 -0.21822886 -0.21822886 -0.21822886 -0.21822886  7.37934107
 -0.21822886 -0.21822886 -0.21822886 -0.21822886 -0.21822886 -0.21822886
 -0.21822886 -0.21822886  2.91648984 -0.21822886 -0.21822886 -0.21822886
 -0.21822886 -0.21822886 -0.21822886 -0.21822886 -0.21822886 -0.21822886
 -0.21822886 -0.21822886 -0.21822886 -0.21822886 -0.21822886 -0.21822886
 -0.21822886 -0.21822886  0.66469925 -0.21822886 -0.21822886 -0.21822886
 -0.21822886 -0.21822886  1.26962815 -0.21822886 -0.21822886 -0.21822886
 -0.21822886 -0.21822886 -0.21822886 -0.21822886 -0.21822886 -0.21822886
 -0.21822886 -0.21822886 -0.21822886 -0.21822886 -0.21822886 -0.21822886
 -0.21822886 -0.21822886 -0.21822886 -0.21822886 -0.21822886 -0.21822886
 -0.21822886 -0.21822886 -0.21822886 -0.21822886 -0.21822886 -0.21822886
 -0.21822886 -0.21822886 -0.21822886 -0.21822886 -0.21822886 -0.21822886
 -0.21822886 -0.21822886 -0.21822886 -0.21822886 -0.21822886 -0.21822886
 -0.21822886 -0.21822886 -0.21822886 -0.21822886 -0.21822886 -0.21822886
 -0.21822886 -0.21822886 -0.21822886 -0.21822886 -0.21822886 -0.21822886
 -0.21822886 -0.21822886 -0.21822886 -0.21822886 -0.21822886  2.2447341
 -0.21822886 -0.21822886 -0.21822886 -0.21822886 -0.21822886 -0.21822886
 -0.21822886 -0.21822886 -0.21822886 -0.21822886 -0.21822886 -0.21822886
 -0.21822886 -0.21822886 -0.21822886 -0.21822886 -0.21822886 -0.21822886
 -0.21822886 -0.21822886 -0.21822886 -0.21822886 -0.21822886 -0.21822886
 -0.21822886 -0.21822886  3.65940733 -0.21822886 -0.21822886  2.11699411
 -0.21822886 -0.21822886  1.66720198 -0.21822886  2.2447341   1.71600892
  5.79606049 -0.21822886 -0.21822886 -0.21822886 -0.21822886  5.81305887
 -0.21822886 -0.21822886 -0.21822886 -0.21822886 -0.21822886 -0.21822886
 -0.21822886 -0.21822886 -0.21822886 -0.21822886 -0.21822886 -0.21822886
 -0.21822886 -0.21822886 -0.21822886 -0.21822886 -0.21822886 -0.21822886
 -0.21822886  3.63422831 -0.21822886  2.56018301 -0.21822886 -0.21822886
  4.83929431 -0.21822886 -0.21822886 -0.21822886 -0.21822886 -0.21822886
 -0.21822886 -0.21822886 -0.21822886 -0.21822886 -0.21822886 -0.21822886
 -0.21822886 -0.21822886 -0.21822886 -0.21822886 -0.21822886 -0.21822886
 -0.21822886 -0.21822886  2.84491097  4.94713855 -0.21822886 -0.21822886
 -0.21822886 -0.21822886 -0.21822886 -0.21822886 -0.21822886 -0.21822886
 -0.21822886 -0.21822886  0.29990382 -0.21822886 -0.21822886 -0.21822886
 -0.21822886 -0.21822886 -0.21822886 -0.21822886 -0.21822886 -0.21822886
 -0.21822886 -0.21822886 -0.21822886 -0.21822886 -0.21822886  5.04754648
 -0.21822886 -0.21822886 -0.21822886 -0.21822886 -0.21822886  0.8923667
 -0.21822886 -0.21822886 -0.21822886 -0.21822886 -0.21822886 -0.21822886
 -0.21822886 -0.21822886 -0.21822886 -0.21822886 -0.21822886 -0.21822886
  1.45398383 -0.21822886 -0.21822886 -0.21822886 -0.21822886  5.99740962
 -0.21822886 -0.21822886 -0.21822886 -0.21822886 -0.21822886 -0.21822886
 -0.21822886 -0.21822886 -0.21822886 -0.21822886 -0.21822886 -0.21822886
 -0.21822886 -0.21822886 -0.21822886 -0.21822886 -0.21822886 -0.21822886
 -0.21822886 -0.21822886 -0.21822886 -0.21822886 -0.21822886 -0.21822886
 -0.21822886 -0.21822886 -0.21822886 -0.21822886 -0.21822886 -0.21822886
 -0.21822886 -0.21822886 -0.21822886 -0.21822886 -0.21822886 -0.21822886
 -0.21822886 -0.21822886 -0.21822886 -0.21822886 -0.21822886 -0.21822886
 -0.21822886 -0.21822886 -0.21822886 -0.21822886 -0.21822886 -0.21822886
 -0.21822886 -0.21822886 -0.21822886 -0.21822886 -0.21822886 -0.21822886
 -0.21822886 -0.21822886 -0.21822886 -0.21822886 -0.21822886 -0.21822886
 -0.21822886 -0.21822886 -0.21822886 -0.21822886 -0.21822886 -0.21822886
 -0.21822886 -0.21822886 -0.21822886 -0.21822886 -0.21822886 -0.21822886
 -0.21822886 -0.21822886 -0.21822886 -0.21822886 -0.21822886 -0.21822886
 -0.21822886 -0.21822886 -0.21822886 -0.21822886 -0.21822886 -0.21822886
 -0.21822886 -0.21822886 -0.21822886 -0.21822886 -0.21822886 -0.21822886
 -0.21822886 -0.21822886 -0.21822886 -0.21822886 -0.21822886 -0.21822886
 -0.21822886 -0.21822886 -0.21822886 -0.21822886 -0.21822886 -0.21822886
 -0.21822886 -0.21822886 -0.21822886 -0.21822886 -0.21822886 -0.21822886
 -0.21822886 -0.21822886 -0.21822886 -0.21822886 -0.21822886  5.17238425
 -0.21822886 -0.21822886 -0.21822886 -0.21822886 -0.21822886 -0.21822886
 -0.21822886  3.12786773 -0.21822886 -0.21822886 -0.21822886 -0.21822886
 -0.21822886 -0.21822886 -0.21822886 -0.21822886 -0.21822886 -0.21822886
 -0.21822886 -0.21822886 -0.21822886 -0.21822886 -0.21822886 -0.21822886
 -0.21822886 -0.21822886 -0.21822886 -0.21822886 -0.21822886 -0.21822886
 -0.21822886 -0.21822886 -0.21822886 -0.21822886 -0.21822886 -0.21822886
 -0.21822886 -0.21822886  5.53871686  4.75271973  6.54323493 -0.21822886
 -0.21822886  4.54124678 -0.21822886 -0.21822886 -0.21822886 -0.21822886
 -0.21822886 -0.21822886 -0.21822886 -0.21822886 -0.21822886 -0.21822886
 -0.21822886 -0.21822886 -0.21822886 -0.21822886 -0.21822886 -0.21822886
 -0.21822886  5.95640824 -0.21822886 -0.21822886 -0.21822886 -0.21822886
 -0.21822886 -0.21822886 -0.21822886 -0.21822886 -0.21822886 -0.21822886
 -0.21822886 -0.21822886 -0.21822886 -0.21822886 -0.21822886 -0.21822886
 -0.21822886 -0.21822886 -0.21822886 -0.21822886 -0.21822886 -0.21822886
 -0.21822886 -0.21822886 -0.21822886 -0.21822886 -0.21822886 -0.21822886
 -0.21822886 -0.21822886 -0.21822886 -0.21822886]",[0.05261773118665902]
8,"[-0.15435422 -0.15435422 -0.15435422 -0.15435422 -0.15435422 -0.15435422
 -0.15435422 -0.15435422 -0.15435422 -0.15435422 -0.15435422 -0.15435422
 -0.15435422 -0.15435422 -0.15435422 -0.15435422 -0.15435422 -0.15435422
  2.78928615 -0.15435422 -0.15435422 -0.15435422 -0.15435422 -0.15435422
 -0.15435422 -0.15435422 -0.15435422 -0.15435422 -0.15435422 -0.15435422
 -0.15435422 -0.15435422 -0.15435422 -0.15435422 -0.15435422 -0.15435422
 -0.15435422 -0.15435422 -0.15435422 -0.15435422 -0.15435422 -0.15435422
 -0.15435422 -0.15435422 -0.15435422 -0.15435422 -0.15435422 -0.15435422
 -0.15435422 -0.15435422 -0.15435422 -0.15435422 -0.15435422 -0.15435422
 -0.15435422 -0.15435422 -0.15435422 -0.15435422  2.76059706 -0.15435422
 -0.15435422 -0.15435422 -0.15435422 -0.15435422 -0.15435422 -0.15435422
 -0.15435422 -0.15435422 -0.15435422 -0.15435422 -0.15435422 -0.15435422
 -0.15435422 -0.15435422 -0.15435422 -0.15435422 -0.15435422 -0.15435422
 -0.15435422 -0.15435422 -0.15435422 -0.15435422 -0.15435422  8.31118043
 -0.15435422 -0.15435422 -0.15435422 -0.15435422  2.83087895 -0.15435422
 -0.15435422 -0.15435422  2.33756204 -0.15435422 -0.15435422 -0.15435422
 -0.15435422 -0.15435422 -0.15435422 -0.15435422 -0.15435422 -0.15435422
 -0.15435422 -0.15435422 -0.15435422 -0.15435422 -0.15435422 -0.15435422
 -0.15435422 -0.15435422  8.61650356 -0.15435422 -0.15435422 -0.15435422
 -0.15435422 -0.15435422 -0.15435422 -0.15435422 -0.15435422 -0.15435422
 -0.15435422 -0.15435422 -0.15435422 -0.15435422 -0.15435422 -0.15435422
 -0.15435422 -0.15435422 -0.15435422 -0.15435422 -0.15435422 -0.15435422
 -0.15435422 -0.15435422 -0.15435422 -0.15435422 -0.15435422 -0.15435422
 -0.15435422 -0.15435422 -0.15435422 -0.15435422 -0.15435422 -0.15435422
 -0.15435422 -0.15435422 -0.15435422 -0.15435422 -0.15435422 -0.15435422
 -0.15435422 -0.15435422 -0.15435422 -0.15435422 -0.15435422 -0.15435422
 -0.15435422 -0.15435422 -0.15435422 -0.15435422 -0.15435422 -0.15435422
 -0.15435422 -0.15435422 -0.15435422 -0.15435422 -0.15435422 -0.15435422
 -0.15435422 -0.15435422 -0.15435422 -0.15435422 -0.15435422  1.69710245
 -0.15435422 -0.15435422 -0.15435422 -0.15435422 -0.15435422 -0.15435422
 -0.15435422 -0.15435422 -0.15435422 -0.15435422 -0.15435422 -0.15435422
 -0.15435422 -0.15435422 -0.15435422 -0.15435422 -0.15435422 -0.15435422
 -0.15435422 -0.15435422 -0.15435422 -0.15435422 -0.15435422 -0.15435422
 -0.15435422 -0.15435422  3.97959553 -0.15435422 -0.15435422 -0.15435422
 -0.15435422 -0.15435422 -0.15435422 -0.15435422 -0.15435422 -0.15435422
  4.10374221 -0.15435422 -0.15435422 -0.15435422 -0.15435422  5.03129352
 -0.15435422 -0.15435422 -0.15435422 -0.15435422 -0.15435422 -0.15435422
 -0.15435422 -0.15435422 -0.15435422 -0.15435422 -0.15435422 -0.15435422
 -0.15435422 -0.15435422 -0.15435422 -0.15435422 -0.15435422 -0.15435422
 -0.15435422  1.51553625 -0.15435422 -0.15435422 -0.15435422 -0.15435422
 -0.15435422 -0.15435422 -0.15435422 -0.15435422 -0.15435422 -0.15435422
 -0.15435422 -0.15435422 -0.15435422 -0.15435422 -0.15435422 -0.15435422
 -0.15435422 -0.15435422 -0.15435422 -0.15435422 -0.15435422 -0.15435422
 -0.15435422 -0.15435422 -0.15435422 -0.15435422 -0.15435422 -0.15435422
 -0.15435422 -0.15435422 -0.15435422 -0.15435422 -0.15435422 -0.15435422
 -0.15435422 -0.15435422 -0.15435422 -0.15435422 -0.15435422 -0.15435422
 -0.15435422 -0.15435422 -0.15435422 -0.15435422 -0.15435422 -0.15435422
 -0.15435422 -0.15435422 -0.15435422 -0.15435422 -0.15435422  1.07677625
 -0.15435422 -0.15435422 -0.15435422 -0.15435422 -0.15435422 -0.15435422
 -0.15435422 -0.15435422 -0.15435422 -0.15435422 -0.15435422 -0.15435422
 -0.15435422 -0.15435422 -0.15435422 -0.15435422 -0.15435422 -0.15435422
  9.35161799 -0.15435422 -0.15435422 -0.15435422 -0.15435422  7.39789959
 -0.15435422 -0.15435422 -0.15435422 -0.15435422 -0.15435422 -0.15435422
 -0.15435422 -0.15435422 -0.15435422 -0.15435422 -0.15435422 -0.15435422
 -0.15435422 -0.15435422 -0.15435422 -0.15435422 -0.15435422 -0.15435422
 -0.15435422 -0.15435422 -0.15435422 -0.15435422 -0.15435422 -0.15435422
 -0.15435422 -0.15435422 -0.15435422 -0.15435422 -0.15435422 -0.15435422
 -0.15435422 -0.15435422 -0.15435422 -0.15435422 -0.15435422 -0.15435422
 -0.15435422 -0.15435422 -0.15435422 -0.15435422 -0.15435422 -0.15435422
 -0.15435422 -0.15435422 -0.15435422 -0.15435422 -0.15435422 -0.15435422
 -0.15435422 -0.15435422 -0.15435422 -0.15435422 -0.15435422 -0.15435422
 -0.15435422 -0.15435422 -0.15435422 -0.15435422 -0.15435422 -0.15435422
 -0.15435422 -0.15435422 -0.15435422 -0.15435422 -0.15435422 -0.15435422
 -0.15435422 -0.15435422 -0.15435422 -0.15435422 -0.15435422 -0.15435422
 -0.15435422 -0.15435422 -0.15435422 -0.15435422 -0.15435422 -0.15435422
 -0.15435422 -0.15435422 -0.15435422 -0.15435422 -0.15435422 -0.15435422
 -0.15435422 -0.15435422 -0.15435422 -0.15435422 -0.15435422 -0.15435422
 -0.15435422 -0.15435422 -0.15435422 -0.15435422 -0.15435422 -0.15435422
 -0.15435422 -0.15435422 -0.15435422 -0.15435422 -0.15435422 -0.15435422
 -0.15435422 -0.15435422 -0.15435422 -0.15435422 -0.15435422 -0.15435422
 -0.15435422 -0.15435422 -0.15435422 -0.15435422 -0.15435422 -0.15435422
 -0.15435422 -0.15435422 -0.15435422 -0.15435422 -0.15435422 -0.15435422
 -0.15435422 -0.15435422 -0.15435422 -0.15435422 -0.15435422 -0.15435422
 -0.15435422 -0.15435422 -0.15435422 -0.15435422 -0.15435422 -0.15435422
 -0.15435422 -0.15435422 -0.15435422 -0.15435422 -0.15435422 -0.15435422
 -0.15435422 -0.15435422 -0.15435422 -0.15435422 -0.15435422 -0.15435422
 -0.15435422 -0.15435422 -0.15435422 -0.15435422 -0.15435422 -0.15435422
 -0.15435422 -0.15435422  7.17166922 -0.15435422  8.82328631 -0.15435422
 -0.15435422 -0.15435422 -0.15435422 -0.15435422 -0.15435422 -0.15435422
 -0.15435422 -0.15435422 -0.15435422 -0.15435422 -0.15435422 -0.15435422
 -0.15435422 -0.15435422 -0.15435422 -0.15435422 -0.15435422 -0.15435422
 -0.15435422 -0.15435422 -0.15435422 -0.15435422 -0.15435422 -0.15435422
 -0.15435422 -0.15435422 -0.15435422 -0.15435422 -0.15435422 -0.15435422
 -0.15435422 -0.15435422 -0.15435422 -0.15435422 -0.15435422 -0.15435422
 -0.15435422 -0.15435422 -0.15435422 -0.15435422 -0.15435422 -0.15435422
 -0.15435422 -0.15435422 -0.15435422 -0.15435422 -0.15435422 -0.15435422
 -0.15435422 -0.15435422 -0.15435422 -0.15435422]",[0.024578369506329273]
8,"[-0.16091331 -0.16091331 -0.16091331 -0.16091331 -0.16091331 -0.16091331
 -0.16091331 -0.16091331 -0.16091331 -0.16091331 -0.16091331 -0.16091331
 -0.16091331 -0.16091331 -0.16091331 -0.16091331 -0.16091331 -0.16091331
 -0.16091331 -0.16091331 -0.16091331 -0.16091331 -0.16091331 -0.16091331
 -0.16091331 -0.16091331 -0.16091331 -0.16091331 -0.16091331 -0.16091331
 -0.16091331 -0.16091331 -0.16091331 -0.16091331 -0.16091331 -0.16091331
 -0.16091331 -0.16091331 -0.16091331 -0.16091331 -0.16091331 -0.16091331
 -0.16091331 -0.16091331 -0.16091331 -0.16091331 -0.16091331 -0.16091331
 -0.16091331 -0.16091331 -0.16091331 -0.16091331 -0.16091331 -0.16091331
 -0.16091331 -0.16091331 -0.16091331 -0.16091331 -0.16091331 -0.16091331
 -0.16091331 -0.16091331 -0.16091331 -0.16091331 -0.16091331 -0.16091331
 -0.16091331 -0.16091331 -0.16091331 -0.16091331 -0.16091331 -0.16091331
 -0.16091331 -0.16091331 -0.16091331 -0.16091331 -0.16091331 -0.16091331
 -0.16091331 -0.16091331 -0.16091331 -0.16091331 -0.16091331  8.55754659
 -0.16091331  4.90949139 -0.16091331 -0.16091331 -0.16091331 -0.16091331
 -0.16091331 -0.16091331 -0.16091331 -0.16091331 -0.16091331 -0.16091331
 -0.16091331 -0.16091331 -0.16091331 -0.16091331 -0.16091331 -0.16091331
 -0.16091331 -0.16091331 -0.16091331 -0.16091331 -0.16091331 -0.16091331
 -0.16091331 -0.16091331  4.93672642 -0.16091331 -0.16091331 -0.16091331
 -0.16091331 -0.16091331  8.0149324  -0.16091331 -0.16091331 -0.16091331
 -0.16091331 -0.16091331 -0.16091331 -0.16091331 -0.16091331 -0.16091331
 -0.16091331 -0.16091331 -0.16091331 -0.16091331 -0.16091331 -0.16091331
 -0.16091331 -0.16091331 -0.16091331 -0.16091331 -0.16091331 -0.16091331
 -0.16091331 -0.16091331 -0.16091331 -0.16091331 -0.16091331 -0.16091331
 -0.16091331 -0.16091331 -0.16091331 -0.16091331 -0.16091331 -0.16091331
 -0.16091331 -0.16091331 -0.16091331 -0.16091331 -0.16091331 -0.16091331
 -0.16091331 -0.16091331 -0.16091331 -0.16091331 -0.16091331 -0.16091331
 -0.16091331 -0.16091331 -0.16091331 -0.16091331 -0.16091331 -0.16091331
 -0.16091331 -0.16091331 -0.16091331 -0.16091331 -0.16091331 -0.16091331
 -0.16091331 -0.16091331 -0.16091331 -0.16091331 -0.16091331 -0.16091331
 -0.16091331 -0.16091331 -0.16091331 -0.16091331 -0.16091331 -0.16091331
 -0.16091331 -0.16091331 -0.16091331 -0.16091331 -0.16091331 -0.16091331
 -0.16091331 -0.16091331 -0.16091331 -0.16091331 -0.16091331 -0.16091331
 -0.16091331 -0.16091331  1.97807056 -0.16091331 -0.16091331  2.77667134
 -0.16091331 -0.16091331 -0.16091331 -0.16091331 -0.16091331 -0.16091331
 -0.16091331 -0.16091331 -0.16091331 -0.16091331 -0.16091331  5.13100646
 -0.16091331 -0.16091331 -0.16091331 -0.16091331 -0.16091331 -0.16091331
 -0.16091331 -0.16091331 -0.16091331 -0.16091331 -0.16091331 -0.16091331
 -0.16091331  5.29177526 -0.16091331 -0.16091331 -0.16091331 -0.16091331
 -0.16091331  3.70539075 -0.16091331 -0.16091331 -0.16091331 -0.16091331
 -0.16091331 -0.16091331 -0.16091331 -0.16091331 -0.16091331 -0.16091331
 -0.16091331 -0.16091331 -0.16091331 -0.16091331 -0.16091331  0.94423147
 -0.16091331 -0.16091331 -0.16091331 -0.16091331 -0.16091331 -0.16091331
 -0.16091331 -0.16091331 -0.16091331 -0.16091331 -0.16091331  0.22328433
 -0.16091331 -0.16091331 -0.16091331 -0.16091331 -0.16091331 -0.16091331
 -0.16091331 -0.16091331 -0.16091331 -0.16091331 -0.16091331 -0.16091331
 -0.16091331 -0.16091331 -0.16091331 -0.16091331 -0.16091331 -0.16091331
 -0.16091331 -0.16091331 -0.16091331 -0.16091331 -0.16091331  6.36215903
 -0.16091331 -0.16091331 -0.16091331 -0.16091331 -0.16091331 -0.16091331
 -0.16091331 -0.16091331  6.21239148 -0.16091331 -0.16091331 -0.16091331
 -0.16091331 -0.16091331 -0.16091331 -0.16091331 -0.16091331 -0.16091331
  1.7502623  -0.16091331 -0.16091331 -0.16091331 -0.16091331  3.46573835
 -0.16091331 -0.16091331 -0.16091331 -0.16091331 -0.16091331 -0.16091331
 -0.16091331 -0.16091331 -0.16091331 -0.16091331 -0.16091331 -0.16091331
 -0.16091331 -0.16091331 -0.16091331 -0.16091331 -0.16091331 -0.16091331
 -0.16091331 -0.16091331 -0.16091331 -0.16091331 -0.16091331 -0.16091331
 -0.16091331 -0.16091331 -0.16091331 -0.16091331 -0.16091331 -0.16091331
 -0.16091331 -0.16091331 -0.16091331 -0.16091331 -0.16091331 -0.16091331
 -0.16091331 -0.16091331 -0.16091331 -0.16091331 -0.16091331 -0.16091331
 -0.16091331 -0.16091331 -0.16091331 -0.16091331 -0.16091331 -0.16091331
 -0.16091331 -0.16091331 -0.16091331 -0.16091331 -0.16091331 -0.16091331
 -0.16091331 -0.16091331 -0.16091331 -0.16091331 -0.16091331 -0.16091331
 -0.16091331 -0.16091331 -0.16091331 -0.16091331 -0.16091331 -0.16091331
 -0.16091331 -0.16091331 -0.16091331 -0.16091331 -0.16091331 -0.16091331
 -0.16091331 -0.16091331 -0.16091331 -0.16091331 -0.16091331 -0.16091331
 -0.16091331 -0.16091331 -0.16091331 -0.16091331 -0.16091331 -0.16091331
 -0.16091331 -0.16091331 -0.16091331 -0.16091331 -0.16091331 -0.16091331
 -0.16091331 -0.16091331 -0.16091331 -0.16091331 -0.16091331 -0.16091331
 -0.16091331 -0.16091331 -0.16091331 -0.16091331 -0.16091331 -0.16091331
 -0.16091331 -0.16091331 -0.16091331 -0.16091331 -0.16091331 -0.16091331
 -0.16091331 -0.16091331 -0.16091331 -0.16091331 -0.16091331 -0.16091331
 -0.16091331 -0.16091331 -0.16091331 -0.16091331 -0.16091331 -0.16091331
 -0.16091331 -0.16091331 -0.16091331 -0.16091331 -0.16091331 -0.16091331
 -0.16091331 -0.16091331 -0.16091331 -0.16091331 -0.16091331 -0.16091331
 -0.16091331 -0.16091331 -0.16091331 -0.16091331 -0.16091331 -0.16091331
 -0.16091331 -0.16091331 -0.16091331 -0.16091331 -0.16091331 -0.16091331
 -0.16091331 -0.16091331 -0.16091331 -0.16091331 -0.16091331 -0.16091331
 -0.16091331 -0.16091331 -0.16091331 -0.16091331 -0.16091331 -0.16091331
 10.231209   -0.16091331 -0.16091331 -0.16091331  6.44850781 -0.16091331
 -0.16091331 -0.16091331 -0.16091331 -0.16091331 -0.16091331 -0.16091331
 -0.16091331 -0.16091331 -0.16091331 -0.16091331 -0.16091331 -0.16091331
 -0.16091331 -0.16091331 -0.16091331 -0.16091331 -0.16091331 -0.16091331
 -0.16091331 -0.16091331 -0.16091331 -0.16091331 -0.16091331 -0.16091331
 -0.16091331 -0.16091331 -0.16091331 -0.16091331 -0.16091331 -0.16091331
 -0.16091331 -0.16091331 -0.16091331 -0.16091331 -0.16091331 -0.16091331
 -0.16091331 -0.16091331 -0.16091331 -0.16091331 -0.16091331 -0.16091331
 -0.16091331 -0.16091331 -0.16091331 -0.16091331]",[-0.026776684153688557]
8,"[-0.22879153 -0.22879153 -0.22879153 -0.22879153 -0.22879153 -0.22879153
 -0.22879153 -0.22879153 -0.22879153 -0.22879153 -0.22879153 -0.22879153
 -0.22879153 -0.22879153 -0.22879153 -0.22879153 -0.22879153 -0.22879153
 -0.22879153 -0.22879153 -0.22879153 -0.22879153 -0.22879153 -0.22879153
 -0.22879153 -0.22879153 -0.22879153 -0.22879153 -0.22879153 -0.22879153
 -0.22879153 -0.22879153 -0.22879153 -0.22879153 -0.22879153 -0.22879153
 -0.22879153 -0.22879153 -0.22879153 -0.22879153 -0.22879153 -0.22879153
 -0.22879153 -0.22879153 -0.22879153 -0.22879153 -0.22879153 -0.22879153
 -0.22879153 -0.22879153 -0.22879153 -0.22879153 -0.22879153 -0.22879153
 -0.22879153 -0.22879153 -0.22879153 -0.22879153 -0.22879153 -0.22879153
 -0.22879153 -0.22879153 -0.22879153 -0.22879153 -0.22879153 -0.22879153
 -0.22879153 -0.22879153 -0.22879153 -0.22879153 -0.22879153 -0.22879153
 -0.22879153 -0.22879153 -0.22879153 -0.22879153 -0.22879153 -0.22879153
 -0.22879153 -0.22879153 -0.22879153 -0.22879153 -0.22879153  5.71614922
 -0.22879153 -0.22879153 -0.22879153 -0.22879153 -0.22879153  5.49991495
 -0.22879153 -0.22879153 -0.22879153 -0.22879153 -0.22879153 -0.22879153
 -0.22879153 -0.22879153 -0.22879153 -0.22879153 -0.22879153 -0.22879153
 -0.22879153 -0.22879153 -0.22879153 -0.22879153 -0.22879153 -0.22879153
 -0.22879153 -0.22879153  6.05419371 -0.22879153 -0.22879153 -0.22879153
 -0.22879153 -0.22879153  6.44479011 -0.22879153 -0.22879153 -0.22879153
 -0.22879153 -0.22879153 -0.22879153  0.13883331  3.03098362 -0.22879153
 -0.22879153 -0.22879153 -0.22879153 -0.22879153 -0.22879153 -0.22879153
 -0.22879153 -0.22879153 -0.22879153 -0.22879153 -0.22879153 -0.22879153
 -0.22879153 -0.22879153 -0.22879153 -0.22879153 -0.22879153 -0.22879153
 -0.22879153 -0.22879153 -0.22879153 -0.22879153 -0.22879153 -0.22879153
 -0.22879153 -0.22879153 -0.22879153 -0.22879153 -0.22879153 -0.22879153
 -0.22879153 -0.22879153 -0.22879153 -0.22879153 -0.22879153 -0.22879153
 -0.22879153 -0.22879153 -0.22879153 -0.22879153 -0.22879153 -0.22879153
 -0.22879153 -0.22879153 -0.22879153 -0.22879153 -0.22879153 -0.22879153
 -0.22879153 -0.22879153 -0.22879153 -0.22879153 -0.22879153 -0.22879153
 -0.22879153 -0.22879153 -0.22879153 -0.22879153 -0.22879153 -0.22879153
 -0.22879153 -0.22879153 -0.22879153 -0.22879153 -0.22879153 -0.22879153
 -0.22879153 -0.22879153 -0.22879153 -0.22879153 -0.22879153 -0.22879153
 -0.22879153 -0.22879153  2.21117788 -0.22879153 -0.22879153 -0.22879153
 -0.22879153 -0.22879153 -0.22879153 -0.22879153 -0.22879153 -0.22879153
  1.61270195 -0.22879153 -0.11733043 -0.22879153 -0.22879153  3.10065172
 -0.22879153 -0.22879153 -0.22879153 -0.22879153 -0.22879153 -0.22879153
 -0.22879153 -0.22879153 -0.22879153 -0.22879153 -0.22879153 -0.22879153
 -0.22879153 -0.22879153 -0.22879153 -0.22879153 -0.22879153 -0.22879153
 -0.22879153  3.94413615 -0.22879153  3.43885799  2.90033209 -0.22879153
  4.74567063  0.74507411 -0.22879153 -0.22879153 -0.22879153 -0.22879153
 -0.22879153 -0.22879153 -0.22879153 -0.22879153 -0.22879153 -0.22879153
 -0.22879153 -0.22879153 -0.22879153  3.17256978  1.56977388 -0.22879153
 -0.22879153 -0.22879153 -0.22879153  2.58267142 -0.22879153  1.40790293
 -0.22879153 -0.22879153 -0.22879153 -0.22879153  2.04412454 -0.22879153
 -0.22879153 -0.22879153 -0.22879153 -0.22879153  4.79363141  3.86709731
 -0.22879153 -0.22879153 -0.22879153 -0.22879153 -0.22879153 -0.22879153
  4.53141018 -0.22879153 -0.22879153 -0.22879153 -0.22879153  4.90186405
 -0.22879153 -0.22879153 -0.22879153 -0.22879153 -0.22879153  1.92791478
 -0.22879153 -0.22879153 -0.22879153 -0.22879153 -0.22879153 -0.22879153
 -0.22879153 -0.22879153 -0.22879153 -0.22879153 -0.22879153 -0.22879153
 -0.22879153 -0.22879153 -0.22879153 -0.22879153 -0.22879153  1.73729592
 -0.22879153 -0.22879153 -0.22879153 -0.22879153 -0.22879153 -0.22879153
 -0.22879153 -0.22879153 -0.22879153 -0.22879153 -0.22879153 -0.22879153
 -0.22879153 -0.22879153 -0.22879153 -0.22879153 -0.22879153 -0.22879153
 -0.22879153 -0.22879153 -0.22879153 -0.22879153 -0.22879153 -0.22879153
 -0.22879153 -0.22879153 -0.22879153 -0.22879153 -0.22879153 -0.22879153
 -0.22879153 -0.22879153 -0.22879153 -0.22879153 -0.22879153 -0.22879153
 -0.22879153 -0.22879153 -0.22879153 -0.22879153 -0.22879153 -0.22879153
 -0.22879153 -0.22879153 -0.22879153 -0.22879153 -0.22879153 -0.22879153
 -0.22879153 -0.22879153 -0.22879153 -0.22879153 -0.22879153 -0.22879153
 -0.22879153 -0.22879153 -0.22879153 -0.22879153 -0.22879153 -0.22879153
 -0.22879153 -0.22879153 -0.22879153 -0.22879153 -0.22879153 -0.22879153
 -0.22879153 -0.22879153 -0.22879153 -0.22879153 -0.22879153 -0.22879153
 -0.22879153 -0.22879153 -0.22879153 -0.22879153 -0.22879153 -0.22879153
 -0.22879153 -0.22879153 -0.22879153 -0.22879153 -0.22879153 -0.22879153
 -0.22879153 -0.22879153 -0.22879153 -0.22879153 -0.22879153 -0.22879153
 -0.22879153 -0.22879153 -0.22879153 -0.22879153 -0.22879153 -0.22879153
 -0.22879153 -0.22879153 -0.22879153 -0.22879153 -0.22879153 -0.22879153
 -0.22879153 -0.22879153 -0.22879153 -0.22879153 -0.22879153 -0.22879153
 -0.22879153 -0.22879153 -0.22879153 -0.22879153 -0.22879153  5.60644725
 -0.22879153 -0.22879153 -0.22879153 -0.22879153 -0.22879153 -0.22879153
 -0.22879153 -0.22879153 -0.22879153 -0.22879153 -0.22879153 -0.22879153
 -0.22879153 -0.22879153 -0.22879153 -0.22879153 -0.22879153 -0.22879153
  4.86819903 -0.22879153 -0.22879153 -0.22879153 -0.22879153 -0.22879153
 -0.22879153 -0.22879153 -0.22879153 -0.22879153 -0.22879153 -0.22879153
 -0.22879153 -0.22879153 -0.22879153 -0.22879153 -0.22879153 -0.22879153
 -0.22879153 -0.22879153  5.65485276 -0.22879153 -0.22879153 -0.22879153
  6.00560244 -0.22879153 -0.22879153 -0.22879153 -0.22879153 -0.22879153
 -0.22879153 -0.22879153 -0.22879153 -0.22879153 -0.22879153 -0.22879153
 -0.22879153 -0.22879153 -0.22879153 -0.22879153 -0.22879153 -0.22879153
 -0.22879153  2.71686538 -0.22879153 -0.22879153 -0.22879153 -0.22879153
 -0.22879153 -0.22879153 -0.22879153 -0.22879153 -0.22879153 -0.22879153
 -0.22879153 -0.22879153 -0.22879153 -0.22879153 -0.22879153 -0.22879153
 -0.22879153 -0.22879153 -0.22879153 -0.22879153 -0.22879153 -0.22879153
 -0.22879153 -0.22879153 -0.22879153 -0.22879153 -0.22879153 -0.22879153
 -0.22879153 -0.22879153  4.79590858 -0.22879153]",[-0.025339238258569124]
8,"[-0.15933552 -0.15933552 -0.15933552 -0.15933552 -0.15933552 -0.15933552
 -0.15933552 -0.15933552 -0.15933552 -0.15933552 -0.15933552 -0.15933552
 -0.15933552 -0.15933552 -0.15933552 -0.15933552 -0.15933552 -0.15933552
  0.93064312 -0.15933552 -0.15933552 -0.15933552 -0.15933552 -0.15933552
 -0.15933552 -0.15933552 -0.15933552 -0.15933552 -0.15933552 -0.15933552
 -0.15933552 -0.15933552 -0.15933552 -0.15933552 -0.15933552 -0.15933552
 -0.15933552 -0.15933552 -0.15933552 -0.15933552 -0.15933552 -0.15933552
 -0.15933552 -0.15933552 -0.15933552 -0.15933552 -0.15933552 -0.15933552
 -0.15933552 -0.15933552 -0.15933552 -0.15933552 -0.15933552 -0.15933552
 -0.15933552 -0.15933552 -0.15933552 -0.15933552 -0.15933552 -0.15933552
 -0.15933552 -0.15933552 -0.15933552 -0.15933552 -0.15933552 -0.15933552
 -0.15933552 -0.15933552 -0.15933552 -0.15933552 -0.15933552 -0.15933552
 -0.15933552 -0.15933552 -0.15933552 -0.15933552 -0.15933552 -0.15933552
 -0.15933552 -0.15933552 -0.15933552 -0.15933552 -0.15933552  9.28327066
 -0.15933552 -0.15933552 -0.15933552 -0.15933552 -0.15933552 -0.15933552
 -0.15933552 -0.15933552  3.04353126 -0.15933552 -0.15933552 -0.15933552
 -0.15933552 -0.15933552 -0.15933552 -0.15933552 -0.15933552 -0.15933552
 -0.15933552 -0.15933552 -0.15933552 -0.15933552 -0.15933552 -0.15933552
 -0.15933552 -0.15933552  7.7869641  -0.15933552 -0.15933552 -0.15933552
 -0.15933552 -0.15933552  5.03125626 -0.15933552 -0.15933552 -0.15933552
 -0.15933552 -0.15933552 -0.15933552 -0.15933552 -0.15933552 -0.15933552
 -0.15933552 -0.15933552 -0.15933552 -0.15933552 -0.15933552 -0.15933552
 -0.15933552 -0.15933552 -0.15933552 -0.15933552 -0.15933552 -0.15933552
 -0.15933552 -0.15933552 -0.15933552 -0.15933552 -0.15933552 -0.15933552
 -0.15933552 -0.15933552 -0.15933552 -0.15933552 -0.15933552 -0.15933552
 -0.15933552 -0.15933552 -0.15933552 -0.15933552 -0.15933552 -0.15933552
 -0.15933552 -0.15933552 -0.15933552 -0.15933552 -0.15933552 -0.15933552
 -0.15933552 -0.15933552 -0.15933552 -0.15933552 -0.15933552 -0.15933552
 -0.15933552 -0.15933552 -0.15933552 -0.15933552 -0.15933552  1.92469701
 -0.15933552 -0.15933552 -0.15933552 -0.15933552 -0.15933552 -0.15933552
 -0.15933552 -0.15933552 -0.15933552 -0.15933552 -0.15933552 -0.15933552
 -0.15933552 -0.15933552 -0.15933552 -0.15933552 -0.15933552 -0.15933552
 -0.15933552 -0.15933552 -0.15933552 -0.15933552 -0.15933552 -0.15933552
 -0.15933552 -0.15933552  5.70889099 -0.15933552 -0.15933552  2.22306484
 -0.15933552 -0.15933552 -0.15933552 -0.15933552 -0.15933552 -0.15933552
  6.4167133  -0.15933552 -0.15933552 -0.15933552 -0.15933552  2.01973857
 -0.15933552 -0.15933552 -0.15933552 -0.15933552 -0.15933552 -0.15933552
 -0.15933552 -0.15933552 -0.15933552 -0.15933552 -0.15933552 -0.15933552
 -0.15933552 -0.15933552 -0.15933552 -0.15933552 -0.15933552 -0.15933552
 -0.15933552  0.02570315 -0.15933552 -0.15933552  0.18301196 -0.15933552
 -0.15933552 -0.15933552 -0.15933552 -0.15933552 -0.15933552 -0.15933552
 -0.15933552 -0.15933552 -0.15933552 -0.15933552 -0.15933552 -0.15933552
 -0.15933552 -0.15933552 -0.15933552 -0.15933552 -0.15933552 -0.15933552
 -0.15933552 -0.15933552 -0.15933552  4.77600741 -0.15933552 -0.15933552
 -0.15933552 -0.15933552 -0.15933552 -0.15933552 -0.15933552 -0.15933552
 -0.15933552 -0.15933552 -0.15933552 -0.15933552 -0.15933552 -0.15933552
 -0.15933552 -0.15933552 -0.15933552 -0.15933552 -0.15933552 -0.15933552
 -0.15933552 -0.15933552 -0.15933552 -0.15933552 -0.15933552  1.64273438
 -0.15933552 -0.15933552 -0.15933552 -0.15933552 -0.15933552 -0.15933552
 -0.15933552 -0.15933552  6.36472596 -0.15933552 -0.15933552 -0.15933552
 -0.15933552 -0.15933552 -0.15933552 -0.15933552 -0.15933552 -0.15933552
 -0.15933552 -0.15933552 -0.15933552 -0.15933552 -0.15933552  6.82321862
 -0.15933552 -0.15933552 -0.15933552 -0.15933552 -0.15933552 -0.15933552
 -0.15933552 -0.15933552 -0.15933552 -0.15933552 -0.15933552 -0.15933552
 -0.15933552 -0.15933552 -0.15933552 -0.15933552 -0.15933552 -0.15933552
 -0.15933552 -0.15933552 -0.15933552 -0.15933552 -0.15933552 -0.15933552
 -0.15933552 -0.15933552 -0.15933552 -0.15933552 -0.15933552 -0.15933552
 -0.15933552 -0.15933552 -0.15933552 -0.15933552 -0.15933552 -0.15933552
 -0.15933552 -0.15933552 -0.15933552 -0.15933552 -0.15933552 -0.15933552
 -0.15933552 -0.15933552 -0.15933552 -0.15933552 -0.15933552 -0.15933552
 -0.15933552 -0.15933552 -0.15933552 -0.15933552 -0.15933552 -0.15933552
 -0.15933552 -0.15933552 -0.15933552 -0.15933552 -0.15933552 -0.15933552
 -0.15933552 -0.15933552 -0.15933552 -0.15933552 -0.15933552 -0.15933552
 -0.15933552 -0.15933552 -0.15933552 -0.15933552 -0.15933552 -0.15933552
 -0.15933552 -0.15933552 -0.15933552 -0.15933552 -0.15933552 -0.15933552
 -0.15933552 -0.15933552 -0.15933552 -0.15933552 -0.15933552 -0.15933552
 -0.15933552 -0.15933552 -0.15933552 -0.15933552 -0.15933552 -0.15933552
 -0.15933552 -0.15933552 -0.15933552 -0.15933552 -0.15933552 -0.15933552
 -0.15933552 -0.15933552 -0.15933552 -0.15933552 -0.15933552 -0.15933552
 -0.15933552 -0.15933552 -0.15933552 -0.15933552 -0.15933552 -0.15933552
 -0.15933552 -0.15933552 -0.15933552 -0.15933552 -0.15933552 -0.15933552
 -0.15933552 -0.15933552 -0.15933552 -0.15933552 -0.15933552 -0.15933552
 -0.15933552 -0.15933552 -0.15933552 -0.15933552 -0.15933552 -0.15933552
 -0.15933552 -0.15933552 -0.15933552 -0.15933552 -0.15933552 -0.15933552
 -0.15933552 -0.15933552 -0.15933552 -0.15933552 -0.15933552 -0.15933552
 -0.15933552 -0.15933552 -0.15933552 -0.15933552 -0.15933552 -0.15933552
 -0.15933552 -0.15933552 -0.15933552 -0.15933552 -0.15933552 -0.15933552
 -0.15933552 -0.15933552  8.62240959 -0.15933552 -0.15933552 -0.15933552
  7.17984951 -0.15933552 -0.15933552 -0.15933552 -0.15933552 -0.15933552
 -0.15933552 -0.15933552 -0.15933552 -0.15933552 -0.15933552 -0.15933552
 -0.15933552 -0.15933552 -0.15933552 -0.15933552 -0.15933552 -0.15933552
 -0.15933552 -0.15933552 -0.15933552 -0.15933552 -0.15933552 -0.15933552
 -0.15933552 -0.15933552 -0.15933552 -0.15933552 -0.15933552 -0.15933552
 -0.15933552 -0.15933552 -0.15933552 -0.15933552 -0.15933552 -0.15933552
 -0.15933552 -0.15933552 -0.15933552 -0.15933552 -0.15933552 -0.15933552
 -0.15933552 -0.15933552 -0.15933552 -0.15933552 -0.15933552 -0.15933552
 -0.15933552 -0.15933552 -0.15933552 -0.15933552]",[0.020018836625132874]
8,"[-0.21266601 -0.21266601 -0.21266601 -0.21266601 -0.21266601 -0.21266601
 -0.21266601 -0.21266601 -0.21266601 -0.21266601 -0.21266601 -0.21266601
 -0.21266601 -0.21266601 -0.21266601 -0.21266601 -0.21266601 -0.21266601
  0.44115556 -0.21266601 -0.21266601 -0.21266601 -0.21266601 -0.21266601
 -0.21266601 -0.21266601 -0.21266601 -0.21266601 -0.21266601 -0.21266601
 -0.21266601 -0.21266601 -0.21266601 -0.21266601 -0.21266601 -0.21266601
 -0.21266601 -0.21266601 -0.21266601 -0.21266601 -0.21266601 -0.21266601
 -0.21266601 -0.21266601 -0.21266601 -0.21266601 -0.21266601 -0.21266601
 -0.21266601 -0.21266601 -0.21266601 -0.21266601 -0.21266601 -0.21266601
 -0.21266601 -0.21266601 -0.21266601 -0.21266601 -0.21266601 -0.21266601
 -0.21266601 -0.21266601 -0.21266601 -0.21266601 -0.21266601 -0.21266601
 -0.21266601 -0.21266601 -0.21266601 -0.21266601 -0.21266601 -0.21266601
 -0.21266601 -0.21266601 -0.21266601 -0.21266601 -0.21266601 -0.21266601
 -0.21266601 -0.21266601 -0.21266601 -0.21266601 -0.21266601  5.07860847
 -0.21266601 -0.21266601 -0.21266601 -0.21266601 -0.21266601  5.45921703
 -0.21266601 -0.21266601 -0.21266601 -0.21266601 -0.21266601 -0.21266601
 -0.21266601 -0.21266601 -0.21266601 -0.21266601 -0.21266601 -0.21266601
 -0.21266601 -0.21266601 -0.21266601 -0.21266601 -0.21266601 -0.21266601
 -0.21266601 -0.21266601  5.9913318  -0.21266601 -0.21266601 -0.21266601
 -0.21266601 -0.21266601  6.09445343 -0.21266601 -0.21266601 -0.21266601
 -0.21266601 -0.21266601 -0.21266601 -0.21266601 -0.21266601 -0.21266601
 -0.21266601 -0.21266601 -0.21266601 -0.21266601 -0.21266601 -0.21266601
 -0.21266601 -0.21266601 -0.21266601 -0.21266601 -0.21266601 -0.21266601
 -0.21266601 -0.21266601 -0.21266601 -0.21266601 -0.21266601 -0.21266601
 -0.21266601 -0.21266601 -0.21266601 -0.21266601 -0.21266601 -0.21266601
 -0.21266601 -0.21266601 -0.21266601 -0.21266601 -0.21266601 -0.21266601
 -0.21266601 -0.21266601 -0.21266601 -0.21266601 -0.21266601 -0.21266601
 -0.21266601 -0.21266601 -0.21266601 -0.21266601 -0.21266601 -0.21266601
 -0.21266601 -0.21266601 -0.21266601 -0.21266601 -0.21266601 -0.21266601
 -0.21266601 -0.21266601 -0.21266601 -0.21266601 -0.21266601 -0.21266601
 -0.21266601 -0.21266601 -0.21266601 -0.21266601 -0.21266601 -0.21266601
 -0.21266601 -0.21266601 -0.21266601 -0.21266601 -0.21266601 -0.21266601
 -0.21266601 -0.21266601 -0.21266601 -0.21266601 -0.21266601 -0.21266601
 -0.21266601 -0.21266601  1.71275808 -0.21266601 -0.21266601 -0.21266601
 -0.21266601 -0.21266601 -0.21266601 -0.21266601 -0.21266601 -0.21266601
  3.29162983 -0.21266601 -0.21266601 -0.21266601 -0.21266601 -0.21266601
 -0.21266601 -0.21266601 -0.21266601 -0.21266601 -0.21266601 -0.21266601
 -0.21266601 -0.21266601 -0.21266601 -0.21266601 -0.21266601 -0.21266601
 -0.21266601 -0.21266601 -0.21266601 -0.21266601 -0.21266601 -0.21266601
 -0.21266601  2.92528461 -0.21266601  2.9208458   4.73150839 -0.21266601
  3.45648344  0.69891311  2.16923848 -0.21266601 -0.21266601 -0.21266601
 -0.21266601 -0.21266601 -0.21266601 -0.21266601 -0.21266601 -0.21266601
 -0.21266601 -0.21266601 -0.21266601  6.19576423 -0.21266601 -0.21266601
 -0.21266601 -0.21266601  4.66396066  2.52551408 -0.21266601  0.83406921
 -0.21266601 -0.21266601 -0.21266601  1.71275808 -0.21266601 -0.21266601
  2.3182169  -0.21266601  4.97916404 -0.21266601  3.98221419 -0.21266601
 -0.21266601 -0.21266601 -0.21266601 -0.21266601  4.70021578 -0.21266601
  2.86572992  0.77907599 -0.21266601 -0.21266601  5.84517894  2.43586195
 -0.21266601 -0.21266601 -0.21266601 -0.21266601 -0.21266601 -0.21266601
 -0.21266601 -0.21266601 -0.21266601 -0.21266601 -0.21266601 -0.21266601
 -0.21266601 -0.21266601 -0.21266601 -0.21266601 -0.21266601 -0.21266601
 -0.21266601 -0.21266601 -0.21266601 -0.21266601 -0.21266601 -0.21266601
 -0.21266601 -0.21266601 -0.21266601 -0.21266601 -0.21266601 -0.21266601
 -0.21266601 -0.21266601 -0.21266601 -0.21266601 -0.21266601 -0.21266601
 -0.21266601 -0.21266601 -0.21266601 -0.21266601 -0.21266601 -0.21266601
 -0.21266601 -0.21266601 -0.21266601 -0.21266601 -0.21266601 -0.21266601
 -0.21266601 -0.21266601 -0.21266601 -0.21266601 -0.21266601 -0.21266601
 -0.21266601 -0.21266601 -0.21266601 -0.21266601 -0.21266601 -0.21266601
 -0.21266601 -0.21266601 -0.21266601 -0.21266601 -0.21266601 -0.21266601
 -0.21266601 -0.21266601 -0.21266601 -0.21266601 -0.21266601 -0.21266601
 -0.21266601 -0.21266601 -0.21266601 -0.21266601 -0.21266601 -0.21266601
 -0.21266601 -0.21266601 -0.21266601 -0.21266601 -0.21266601 -0.21266601
 -0.21266601 -0.21266601 -0.21266601 -0.21266601 -0.21266601 -0.21266601
 -0.21266601 -0.21266601 -0.21266601 -0.21266601 -0.21266601 -0.21266601
 -0.21266601 -0.21266601 -0.21266601 -0.21266601 -0.21266601 -0.21266601
 -0.21266601 -0.21266601 -0.21266601 -0.21266601 -0.21266601 -0.21266601
 -0.21266601 -0.21266601 -0.21266601 -0.21266601 -0.21266601 -0.21266601
 -0.21266601 -0.21266601 -0.21266601 -0.21266601 -0.21266601 -0.21266601
 -0.21266601 -0.21266601 -0.21266601 -0.21266601 -0.21266601 -0.21266601
 -0.21266601 -0.21266601 -0.21266601 -0.21266601 -0.21266601 -0.21266601
 -0.21266601 -0.21266601 -0.21266601 -0.21266601 -0.21266601 -0.21266601
 -0.21266601 -0.21266601 -0.21266601 -0.21266601 -0.21266601 -0.21266601
 -0.21266601 -0.21266601 -0.21266601 -0.21266601 -0.21266601 -0.21266601
 -0.21266601 -0.21266601 -0.21266601 -0.21266601 -0.21266601 -0.21266601
 -0.21266601 -0.21266601 -0.21266601 -0.21266601 -0.21266601 -0.21266601
 -0.21266601 -0.21266601 -0.21266601 -0.21266601 -0.21266601 -0.21266601
 -0.21266601 -0.21266601 -0.21266601 -0.21266601 -0.21266601 -0.21266601
 -0.21266601 -0.21266601  1.59902866 -0.21266601 -0.21266601 -0.21266601
  9.75978468 -0.21266601 -0.21266601 -0.21266601 -0.21266601 -0.21266601
 -0.21266601 -0.21266601 -0.21266601 -0.21266601 -0.21266601 -0.21266601
 -0.21266601 -0.21266601 -0.21266601 -0.21266601 -0.21266601 -0.21266601
 -0.21266601  3.67415309 -0.21266601 -0.21266601 -0.21266601  0.36422676
 -0.21266601 -0.21266601 -0.21266601 -0.21266601 -0.21266601 -0.21266601
 -0.21266601 -0.21266601 -0.21266601 -0.21266601 -0.21266601 -0.21266601
 -0.21266601 -0.21266601 -0.21266601 -0.21266601 -0.21266601 -0.21266601
 -0.21266601 -0.21266601 -0.21266601 -0.21266601 -0.21266601 -0.21266601
 -0.21266601 -0.21266601 -0.21266601 -0.21266601]",[-0.01568139491647047]
8,"[-0.17149327 -0.17149327 -0.17149327 -0.17149327 -0.17149327 -0.17149327
 -0.17149327 -0.17149327 -0.17149327 -0.17149327 -0.17149327 -0.17149327
 -0.17149327 -0.17149327 -0.17149327 -0.17149327 -0.17149327 -0.17149327
  0.92743494 -0.17149327 -0.17149327  3.71795881 -0.17149327 -0.17149327
 -0.17149327 -0.17149327 -0.17149327 -0.17149327 -0.17149327 -0.17149327
 -0.17149327 -0.17149327 -0.17149327 -0.17149327 -0.17149327 -0.17149327
 -0.17149327 -0.17149327 -0.17149327 -0.17149327 -0.17149327 -0.17149327
 -0.17149327 -0.17149327 -0.17149327 -0.17149327 -0.17149327 -0.17149327
 -0.17149327 -0.17149327 -0.17149327 -0.17149327 -0.17149327 -0.17149327
 -0.17149327 -0.17149327 -0.17149327 -0.17149327 -0.17149327 -0.17149327
 -0.17149327 -0.17149327 -0.17149327 -0.17149327 -0.17149327 -0.17149327
 -0.17149327 -0.17149327 -0.17149327 -0.17149327 -0.17149327 -0.17149327
 -0.17149327 -0.17149327 -0.17149327 -0.17149327 -0.17149327 -0.17149327
 -0.17149327 -0.17149327 -0.17149327 -0.17149327 -0.17149327 11.3986246
 -0.17149327 -0.17149327 -0.17149327 -0.17149327 -0.17149327 -0.17149327
 -0.17149327 -0.17149327  4.2155096  -0.17149327 -0.17149327 -0.17149327
 -0.17149327 -0.17149327 -0.17149327 -0.17149327 -0.17149327 -0.17149327
 -0.17149327 -0.17149327 -0.17149327 -0.17149327 -0.17149327 -0.17149327
 -0.17149327 -0.17149327  7.52075022 -0.17149327 -0.17149327 -0.17149327
 -0.17149327 -0.17149327 -0.17149327 -0.17149327 -0.17149327 -0.17149327
 -0.17149327 -0.17149327 -0.17149327 -0.17149327 -0.17149327 -0.17149327
 -0.17149327 -0.17149327 -0.17149327 -0.17149327 -0.17149327 -0.17149327
 -0.17149327 -0.17149327 -0.17149327 -0.17149327 -0.17149327 -0.17149327
 -0.17149327 -0.17149327 -0.17149327 -0.17149327 -0.17149327 -0.17149327
 -0.17149327 -0.17149327 -0.17149327 -0.17149327 -0.17149327 -0.17149327
 -0.17149327 -0.17149327 -0.17149327 -0.17149327 -0.17149327 -0.17149327
 -0.17149327 -0.17149327 -0.17149327 -0.17149327 -0.17149327 -0.17149327
 -0.17149327  1.22037048 -0.17149327 -0.17149327 -0.17149327 -0.17149327
 -0.17149327 -0.17149327 -0.17149327 -0.17149327 -0.17149327 -0.17149327
 -0.17149327 -0.17149327 -0.17149327 -0.17149327 -0.17149327 -0.17149327
 -0.17149327 -0.17149327 -0.17149327 -0.17149327 -0.17149327 -0.17149327
 -0.17149327 -0.17149327 -0.17149327 -0.17149327 -0.17149327 -0.17149327
 -0.17149327 -0.17149327 -0.17149327 -0.17149327 -0.17149327 -0.17149327
 -0.17149327 -0.17149327  2.50765594 -0.17149327 -0.17149327  1.51541117
 -0.17149327 -0.17149327 -0.17149327 -0.17149327 -0.17149327 -0.17149327
  2.4850443  -0.17149327 -0.17149327 -0.17149327 -0.17149327  2.81466144
 -0.17149327 -0.17149327 -0.17149327 -0.17149327 -0.17149327 -0.17149327
 -0.17149327 -0.17149327 -0.17149327 -0.17149327 -0.17149327 -0.17149327
 -0.17149327 -0.17149327 -0.17149327 -0.17149327 -0.17149327 -0.17149327
 -0.17149327  3.78490496 -0.17149327 -0.17149327 -0.17149327 -0.17149327
  5.6602454  -0.17149327 -0.17149327 -0.17149327 -0.17149327 -0.17149327
 -0.17149327 -0.17149327 -0.17149327 -0.17149327 -0.17149327 -0.17149327
 -0.17149327 -0.17149327 -0.17149327 -0.17149327 -0.17149327 -0.17149327
 -0.17149327 -0.17149327  3.71795881  5.59124037 -0.17149327  0.33606952
 -0.17149327 -0.17149327 -0.17149327 -0.17149327 -0.17149327 -0.17149327
  3.25868929 -0.17149327 -0.17149327 -0.17149327  5.87845703 -0.17149327
 -0.17149327 -0.17149327 -0.17149327 -0.17149327 -0.17149327 -0.17149327
 -0.17149327 -0.17149327 -0.17149327 -0.17149327 -0.17149327 -0.17149327
 -0.17149327 -0.17149327 -0.17149327 -0.17149327 -0.17149327 -0.17149327
 -0.17149327 -0.17149327 -0.17149327 -0.17149327 -0.17149327 -0.17149327
 -0.17149327 -0.17149327 -0.17149327 -0.17149327 -0.17149327 -0.17149327
 -0.17149327 -0.17149327 -0.17149327 -0.17149327 -0.17149327  5.08024891
 -0.17149327 -0.17149327 -0.17149327 -0.17149327 -0.17149327 -0.17149327
 -0.17149327 -0.17149327 -0.17149327 -0.17149327 -0.17149327 -0.17149327
 -0.17149327 -0.17149327 -0.17149327 -0.17149327 -0.17149327 -0.17149327
 -0.17149327 -0.17149327 -0.17149327 -0.17149327 -0.17149327 -0.17149327
 -0.17149327 -0.17149327 -0.17149327 -0.17149327 -0.17149327 -0.17149327
 -0.17149327 -0.17149327 -0.17149327 -0.17149327 -0.17149327 -0.17149327
 -0.17149327 -0.17149327 -0.17149327 -0.17149327 -0.17149327 -0.17149327
 -0.17149327 -0.17149327 -0.17149327 -0.17149327 -0.17149327 -0.17149327
 -0.17149327 -0.17149327 -0.17149327 -0.17149327 -0.17149327 -0.17149327
 -0.17149327 -0.17149327 -0.17149327 -0.17149327 -0.17149327 -0.17149327
 -0.17149327 -0.17149327 -0.17149327 -0.17149327 -0.17149327 -0.17149327
 -0.17149327 -0.17149327 -0.17149327 -0.17149327 -0.17149327 -0.17149327
 -0.17149327 -0.17149327 -0.17149327 -0.17149327 -0.17149327 -0.17149327
 -0.17149327 -0.17149327 -0.17149327 -0.17149327 -0.17149327 -0.17149327
 -0.17149327 -0.17149327 -0.17149327 -0.17149327 -0.17149327 -0.17149327
 -0.17149327 -0.17149327 -0.17149327 -0.17149327 -0.17149327 -0.17149327
 -0.17149327 -0.17149327 -0.17149327 -0.17149327 -0.17149327 -0.17149327
 -0.17149327 -0.17149327 -0.17149327 -0.17149327 -0.17149327 -0.17149327
 -0.17149327 -0.17149327 -0.17149327 -0.17149327 -0.17149327 -0.17149327
 -0.17149327 -0.17149327 -0.17149327 -0.17149327 -0.17149327 -0.17149327
 -0.17149327 -0.17149327 -0.17149327 -0.17149327 -0.17149327 -0.17149327
 -0.17149327 -0.17149327 -0.17149327 -0.17149327 -0.17149327 -0.17149327
 -0.17149327 -0.17149327 -0.17149327 -0.17149327 -0.17149327 -0.17149327
 -0.17149327 -0.17149327 -0.17149327 -0.17149327 -0.17149327 -0.17149327
 -0.17149327 -0.17149327 -0.17149327 -0.17149327 -0.17149327 -0.17149327
 -0.17149327 -0.17149327  7.1300469  -0.17149327 -0.17149327 -0.17149327
  6.98535091 -0.17149327 -0.17149327 -0.17149327 -0.17149327 -0.17149327
 -0.17149327 -0.17149327 -0.17149327 -0.17149327 -0.17149327 -0.17149327
 -0.17149327 -0.17149327 -0.17149327 -0.17149327 -0.17149327 -0.17149327
 -0.17149327 -0.17149327 -0.17149327 -0.17149327 -0.17149327 -0.17149327
 -0.17149327 -0.17149327 -0.17149327 -0.17149327 -0.17149327 -0.17149327
 -0.17149327 -0.17149327 -0.17149327 -0.17149327 -0.17149327 -0.17149327
 -0.17149327 -0.17149327 -0.17149327 -0.17149327 -0.17149327 -0.17149327
 -0.17149327 -0.17149327 -0.17149327 -0.17149327 -0.17149327 -0.17149327
 -0.17149327 -0.17149327 -0.17149327 -0.17149327]",[-0.004161943843920407]
8,"[-0.16274644 -0.16274644 -0.16274644 -0.16274644 -0.16274644 -0.16274644
 -0.16274644 -0.16274644 -0.16274644 -0.16274644 -0.16274644 -0.16274644
 -0.16274644 -0.16274644 -0.16274644 -0.16274644 -0.16274644 -0.16274644
  3.45446741 -0.16274644 -0.16274644  2.38517704 -0.16274644 -0.16274644
 -0.16274644 -0.16274644 -0.16274644 -0.16274644 -0.16274644 -0.16274644
 -0.16274644 -0.16274644 -0.16274644 -0.16274644 -0.16274644 -0.16274644
 -0.16274644 -0.16274644 -0.16274644 -0.16274644 -0.16274644 -0.16274644
 -0.16274644 -0.16274644 -0.16274644 -0.16274644 -0.16274644 -0.16274644
 -0.16274644 -0.16274644 -0.16274644 -0.16274644 -0.16274644 -0.16274644
 -0.16274644 -0.16274644 -0.16274644 -0.16274644 -0.16274644 -0.16274644
 -0.16274644 -0.16274644 -0.16274644 -0.16274644 -0.16274644 -0.16274644
 -0.16274644 -0.16274644 -0.16274644 -0.16274644 -0.16274644 -0.16274644
 -0.16274644 -0.16274644 -0.16274644 -0.16274644 -0.16274644 -0.16274644
 -0.16274644 -0.16274644 -0.16274644 -0.16274644 -0.16274644  7.13191414
 -0.16274644 -0.16274644 -0.16274644 -0.16274644 -0.16274644 -0.16274644
 -0.16274644 -0.16274644 -0.16274644 -0.16274644 -0.16274644 -0.16274644
 -0.16274644 -0.16274644 -0.16274644 -0.16274644 -0.16274644 -0.16274644
 -0.16274644 -0.16274644 -0.16274644 -0.16274644 -0.16274644 -0.16274644
 -0.16274644 -0.16274644  0.532094   -0.16274644 -0.16274644 -0.16274644
 -0.16274644 -0.16274644  0.75829765 -0.16274644 -0.16274644 -0.16274644
 -0.16274644 -0.16274644 -0.16274644 -0.16274644 -0.16274644 -0.16274644
 -0.16274644 -0.16274644 -0.16274644 -0.16274644 -0.16274644 -0.16274644
 -0.16274644 -0.16274644 -0.16274644 -0.16274644 -0.16274644 -0.16274644
 -0.16274644 -0.16274644 -0.16274644 -0.16274644 -0.16274644 -0.16274644
 -0.16274644 -0.16274644 -0.16274644 -0.16274644 -0.16274644 -0.16274644
 -0.16274644 -0.16274644 -0.16274644 -0.16274644 -0.16274644 -0.16274644
 -0.16274644 -0.16274644 -0.16274644 -0.16274644 -0.16274644 -0.16274644
 -0.16274644 -0.16274644 -0.16274644 -0.16274644 -0.16274644 -0.16274644
 -0.16274644 -0.16274644 -0.16274644 -0.16274644 -0.16274644 -0.16274644
 -0.16274644 -0.16274644 -0.16274644 -0.16274644 -0.16274644 -0.16274644
 -0.16274644 -0.16274644 -0.16274644 -0.16274644 -0.16274644 -0.16274644
 -0.16274644 -0.16274644 -0.16274644 -0.16274644 -0.16274644 -0.16274644
 -0.16274644 -0.16274644 -0.16274644 -0.16274644 -0.16274644 -0.16274644
 -0.16274644 -0.16274644  1.86063272 -0.16274644 -0.16274644 -0.16274644
 -0.16274644 -0.16274644 -0.16274644 -0.16274644 -0.16274644 -0.16274644
  1.64866198 -0.16274644  2.57680383 -0.16274644  1.51418066  6.2386463
 -0.16274644 -0.16274644 -0.16274644 -0.16274644 -0.16274644 -0.16274644
 -0.16274644 -0.16274644 -0.16274644 -0.16274644 -0.16274644 -0.16274644
 -0.16274644 -0.16274644 -0.16274644 -0.16274644 -0.16274644 -0.16274644
 -0.16274644  5.12933839 -0.16274644 -0.16274644 -0.16274644 -0.16274644
  4.7838266  -0.16274644 -0.16274644 -0.16274644 -0.16274644 -0.16274644
 -0.16274644 -0.16274644 -0.16274644 -0.16274644 -0.16274644 -0.16274644
 -0.16274644 -0.16274644 -0.16274644 -0.16274644 -0.16274644 -0.16274644
 -0.16274644 -0.16274644 -0.16274644  5.53647504 -0.16274644 -0.16274644
 -0.16274644 -0.16274644 -0.16274644 -0.16274644 -0.16274644 -0.16274644
 -0.16274644 -0.16274644 -0.16274644 -0.16274644 -0.16274644 -0.16274644
 -0.16274644 -0.16274644 -0.16274644 -0.16274644 -0.16274644 -0.16274644
 -0.16274644 -0.16274644 -0.16274644 -0.16274644 -0.16274644  7.81037138
 -0.16274644 -0.16274644 -0.16274644 -0.16274644 -0.16274644 -0.16274644
 -0.16274644 -0.16274644 -0.16274644 -0.16274644 -0.16274644 -0.16274644
 -0.16274644 -0.16274644 -0.16274644 -0.16274644 -0.16274644 -0.16274644
 -0.16274644 -0.16274644 -0.16274644 -0.16274644 -0.16274644  5.61541581
 -0.16274644 -0.16274644 -0.16274644 -0.16274644 -0.16274644 -0.16274644
 -0.16274644 -0.16274644 -0.16274644 -0.16274644 -0.16274644 -0.16274644
 -0.16274644 -0.16274644 -0.16274644 -0.16274644 -0.16274644 -0.16274644
 -0.16274644 -0.16274644 -0.16274644 -0.16274644 -0.16274644 -0.16274644
 -0.16274644 -0.16274644 -0.16274644 -0.16274644 -0.16274644 -0.16274644
 -0.16274644 -0.16274644 -0.16274644 -0.16274644 -0.16274644 -0.16274644
 -0.16274644 -0.16274644 -0.16274644 -0.16274644 -0.16274644 -0.16274644
 -0.16274644 -0.16274644 -0.16274644 -0.16274644 -0.16274644 -0.16274644
 -0.16274644 -0.16274644 -0.16274644 -0.16274644 -0.16274644 -0.16274644
 -0.16274644 -0.16274644 -0.16274644 -0.16274644 -0.16274644 -0.16274644
 -0.16274644 -0.16274644 -0.16274644 -0.16274644 -0.16274644 -0.16274644
 -0.16274644 -0.16274644 -0.16274644 -0.16274644 -0.16274644 -0.16274644
 -0.16274644 -0.16274644 -0.16274644 -0.16274644 -0.16274644 -0.16274644
 -0.16274644 -0.16274644 -0.16274644 -0.16274644 -0.16274644 -0.16274644
 -0.16274644 -0.16274644 -0.16274644 -0.16274644 -0.16274644 -0.16274644
 -0.16274644 -0.16274644 -0.16274644 -0.16274644 -0.16274644 -0.16274644
 -0.16274644 -0.16274644 -0.16274644 -0.16274644 -0.16274644 -0.16274644
 -0.16274644 -0.16274644 -0.16274644 -0.16274644 -0.16274644 -0.16274644
 -0.16274644 -0.16274644 -0.16274644 -0.16274644 -0.16274644 -0.16274644
 -0.16274644 -0.16274644 -0.16274644 -0.16274644 -0.16274644 -0.16274644
 -0.16274644 -0.16274644 -0.16274644 -0.16274644 -0.16274644 -0.16274644
 -0.16274644 -0.16274644 -0.16274644 -0.16274644 -0.16274644 -0.16274644
 -0.16274644 -0.16274644 -0.16274644 -0.16274644 -0.16274644 -0.16274644
 -0.16274644 -0.16274644 -0.16274644 -0.16274644 -0.16274644 -0.16274644
 -0.16274644 -0.16274644 -0.16274644 -0.16274644 -0.16274644 -0.16274644
 -0.16274644 -0.16274644  6.87858266 -0.16274644 -0.16274644 -0.16274644
 10.40972947 -0.16274644 -0.16274644 -0.16274644  7.43409945 -0.16274644
 -0.16274644 -0.16274644 -0.16274644 -0.16274644 -0.16274644 -0.16274644
 -0.16274644 -0.16274644 -0.16274644 -0.16274644 -0.16274644 -0.16274644
 -0.16274644 -0.16274644 -0.16274644 -0.16274644 -0.16274644 -0.16274644
 -0.16274644 -0.16274644 -0.16274644 -0.16274644 -0.16274644 -0.16274644
 -0.16274644 -0.16274644 -0.16274644 -0.16274644 -0.16274644 -0.16274644
 -0.16274644 -0.16274644 -0.16274644 -0.16274644 -0.16274644 -0.16274644
 -0.16274644 -0.16274644 -0.16274644 -0.16274644 -0.16274644 -0.16274644
 -0.16274644 -0.16274644 -0.16274644 -0.16274644]",[0.005947223226093229]
8,"[-0.16846847 -0.16846847 -0.16846847 -0.16846847 -0.16846847 -0.16846847
 -0.16846847 -0.16846847 -0.16846847 -0.16846847 -0.16846847 -0.16846847
 -0.16846847 -0.16846847 -0.16846847 -0.16846847 -0.16846847 -0.16846847
 -0.16846847 -0.16846847 -0.16846847 -0.16846847 -0.16846847 -0.16846847
 -0.16846847 -0.16846847 -0.16846847 -0.16846847 -0.16846847 -0.16846847
 -0.16846847 -0.16846847 -0.16846847 -0.16846847 -0.16846847 -0.16846847
 -0.16846847 -0.16846847 -0.16846847 -0.16846847 -0.16846847 -0.16846847
 -0.16846847 -0.16846847 -0.16846847 -0.16846847 -0.16846847 -0.16846847
 -0.16846847 -0.16846847 -0.16846847 -0.16846847 -0.16846847 -0.16846847
 -0.16846847 -0.16846847 -0.16846847 -0.16846847 -0.16846847 -0.16846847
 -0.16846847 -0.16846847 -0.16846847 -0.16846847 -0.16846847 -0.16846847
 -0.16846847 -0.16846847 -0.16846847 -0.16846847 -0.16846847 -0.16846847
 -0.16846847 -0.16846847 -0.16846847 -0.16846847 -0.16846847 -0.16846847
 -0.16846847 -0.16846847 -0.16846847 -0.16846847 -0.16846847  8.64304143
 -0.16846847 -0.16846847 -0.16846847 -0.16846847 -0.16846847 -0.16846847
 -0.16846847 -0.16846847  2.66004961 -0.16846847 -0.16846847 -0.16846847
 -0.16846847 -0.16846847 -0.16846847 -0.16846847 -0.16846847 -0.16846847
 -0.16846847 -0.16846847 -0.16846847 -0.16846847 -0.16846847 -0.16846847
 -0.16846847 -0.16846847  8.14506214 -0.16846847 -0.16846847 -0.16846847
 -0.16846847 -0.16846847 -0.16846847 -0.16846847 -0.16846847 -0.16846847
 -0.16846847 -0.16846847 -0.16846847 -0.16846847 -0.16846847 -0.16846847
 -0.16846847 -0.16846847 -0.16846847 -0.16846847 -0.16846847 -0.16846847
 -0.16846847 -0.16846847 -0.16846847 -0.16846847 -0.16846847 -0.16846847
 -0.16846847 -0.16846847 -0.16846847 -0.16846847 -0.16846847 -0.16846847
 -0.16846847 -0.16846847 -0.16846847 -0.16846847 -0.16846847 -0.16846847
 -0.16846847 -0.16846847 -0.16846847 -0.16846847 -0.16846847 -0.16846847
 -0.16846847 -0.16846847 -0.16846847 -0.16846847 -0.16846847 -0.16846847
 -0.16846847 -0.16846847 -0.16846847 -0.16846847 -0.16846847 -0.16846847
 -0.16846847 -0.16846847 -0.16846847 -0.16846847 -0.16846847 -0.16846847
 -0.16846847 -0.16846847 -0.16846847 -0.16846847 -0.16846847 -0.16846847
 -0.16846847 -0.16846847 -0.16846847 -0.16846847 -0.16846847 -0.16846847
 -0.16846847 -0.16846847 -0.16846847 -0.16846847 -0.16846847 -0.16846847
 -0.16846847 -0.16846847 -0.16846847 -0.16846847 -0.16846847 -0.16846847
 -0.16846847 -0.16846847  2.07773892 -0.16846847 -0.16846847 -0.16846847
 -0.16846847 -0.16846847 -0.16846847 -0.16846847 -0.16846847 -0.16846847
  2.94452044 -0.16846847  0.39763506 -0.16846847 -0.16846847  4.4657124
 -0.16846847 -0.16846847 -0.16846847 -0.16846847 -0.16846847 -0.16846847
 -0.16846847 -0.16846847 -0.16846847 -0.16846847 -0.16846847 -0.16846847
 -0.16846847 -0.16846847 -0.16846847 -0.16846847 -0.16846847 -0.16846847
 -0.16846847  2.59104845 -0.16846847 -0.16846847  4.55521212 -0.16846847
  2.61590663 -0.16846847 -0.16846847 -0.16846847 -0.16846847 -0.16846847
 -0.16846847 -0.16846847 -0.16846847 -0.16846847 -0.16846847 -0.16846847
 -0.16846847 -0.16846847 -0.16846847 -0.16846847 -0.16846847 -0.16846847
 -0.16846847 -0.16846847 -0.16846847  2.60517536 -0.16846847 -0.16846847
 -0.16846847 -0.16846847 -0.16846847 -0.16846847 -0.16846847 -0.16846847
 -0.16846847 -0.16846847 -0.16846847 -0.16846847  5.35513933 -0.16846847
 -0.16846847 -0.16846847 -0.16846847 -0.16846847 -0.16846847 -0.16846847
 -0.16846847 -0.16846847 -0.16846847 -0.16846847 -0.16846847  9.07983663
 -0.16846847 -0.16846847 -0.16846847 -0.16846847 -0.16846847 -0.16846847
 -0.16846847 -0.16846847 -0.16846847 -0.16846847 -0.16846847 -0.16846847
 -0.16846847 -0.16846847 -0.16846847 -0.16846847 -0.16846847 -0.16846847
  4.75102494 -0.16846847 -0.16846847 -0.16846847 -0.16846847  5.87978451
 -0.16846847 -0.16846847 -0.16846847 -0.16846847 -0.16846847 -0.16846847
 -0.16846847 -0.16846847 -0.16846847 -0.16846847 -0.16846847 -0.16846847
 -0.16846847 -0.16846847 -0.16846847 -0.16846847 -0.16846847 -0.16846847
 -0.16846847 -0.16846847 -0.16846847 -0.16846847 -0.16846847 -0.16846847
 -0.16846847 -0.16846847 -0.16846847 -0.16846847 -0.16846847 -0.16846847
 -0.16846847 -0.16846847 -0.16846847 -0.16846847 -0.16846847 -0.16846847
 -0.16846847 -0.16846847 -0.16846847 -0.16846847 -0.16846847 -0.16846847
 -0.16846847 -0.16846847 -0.16846847 -0.16846847 -0.16846847 -0.16846847
 -0.16846847 -0.16846847 -0.16846847 -0.16846847 -0.16846847 -0.16846847
 -0.16846847 -0.16846847 -0.16846847 -0.16846847 -0.16846847 -0.16846847
 -0.16846847 -0.16846847 -0.16846847 -0.16846847 -0.16846847 -0.16846847
 -0.16846847 -0.16846847 -0.16846847 -0.16846847 -0.16846847 -0.16846847
 -0.16846847 -0.16846847 -0.16846847 -0.16846847 -0.16846847 -0.16846847
 -0.16846847 -0.16846847 -0.16846847 -0.16846847 -0.16846847 -0.16846847
 -0.16846847 -0.16846847 -0.16846847 -0.16846847 -0.16846847 -0.16846847
 -0.16846847 -0.16846847 -0.16846847 -0.16846847 -0.16846847 -0.16846847
 -0.16846847 -0.16846847 -0.16846847 -0.16846847 -0.16846847 -0.16846847
 -0.16846847 -0.16846847 -0.16846847 -0.16846847 -0.16846847 -0.16846847
 -0.16846847 -0.16846847 -0.16846847 -0.16846847 -0.16846847 -0.16846847
 -0.16846847 -0.16846847 -0.16846847 -0.16846847 -0.16846847 -0.16846847
 -0.16846847 -0.16846847 -0.16846847 -0.16846847 -0.16846847 -0.16846847
 -0.16846847 -0.16846847 -0.16846847 -0.16846847 -0.16846847 -0.16846847
 -0.16846847 -0.16846847 -0.16846847 -0.16846847 -0.16846847 -0.16846847
 -0.16846847 -0.16846847 -0.16846847 -0.16846847 -0.16846847 -0.16846847
 -0.16846847 -0.16846847 -0.16846847 -0.16846847 -0.16846847 -0.16846847
 -0.16846847 -0.16846847  7.02206659 -0.16846847 -0.16846847 -0.16846847
  7.35941743 -0.16846847 -0.16846847 -0.16846847 -0.16846847 -0.16846847
 -0.16846847 -0.16846847 -0.16846847 -0.16846847 -0.16846847 -0.16846847
 -0.16846847 -0.16846847 -0.16846847 -0.16846847 -0.16846847 -0.16846847
 -0.16846847 -0.16846847  3.42280045 -0.16846847 -0.16846847 -0.16846847
 -0.16846847 -0.16846847 -0.16846847 -0.16846847 -0.16846847 -0.16846847
 -0.16846847 -0.16846847 -0.16846847 -0.16846847 -0.16846847 -0.16846847
 -0.16846847 -0.16846847 -0.16846847 -0.16846847 -0.16846847 -0.16846847
 -0.16846847 -0.16846847 -0.16846847 -0.16846847 -0.16846847 -0.16846847
 -0.16846847 -0.16846847 -0.16846847 -0.16846847]",[-0.020656019760781158]
8,"[-0.18179639 -0.18179639 -0.18179639 -0.18179639 -0.18179639 -0.18179639
 -0.18179639 -0.18179639 -0.18179639 -0.18179639 -0.18179639 -0.18179639
 -0.18179639 -0.18179639 -0.18179639 -0.18179639 -0.18179639 -0.18179639
  1.81003408 -0.18179639 -0.18179639 -0.18179639 -0.18179639 -0.18179639
 -0.18179639 -0.18179639 -0.18179639 -0.18179639 -0.18179639 -0.18179639
 -0.18179639 -0.18179639 -0.18179639 -0.18179639 -0.18179639 -0.18179639
 -0.18179639 -0.18179639 -0.18179639 -0.18179639 -0.18179639 -0.18179639
 -0.18179639 -0.18179639 -0.18179639 -0.18179639 -0.18179639 -0.18179639
 -0.18179639 -0.18179639 -0.18179639 -0.18179639 -0.18179639 -0.18179639
 -0.18179639 -0.18179639 -0.18179639 -0.18179639  1.55033339 -0.18179639
 -0.18179639 -0.18179639 -0.18179639 -0.18179639 -0.18179639 -0.18179639
 -0.18179639 -0.18179639 -0.18179639 -0.18179639 -0.18179639 -0.18179639
 -0.18179639 -0.18179639 -0.18179639  3.44010492 -0.18179639 -0.18179639
 -0.18179639 -0.18179639 -0.18179639 -0.18179639 -0.18179639 -0.18179639
 -0.18179639 -0.18179639 -0.18179639 -0.18179639 -0.18179639 -0.18179639
 -0.18179639 -0.18179639 -0.18179639 -0.18179639 -0.18179639 -0.18179639
 -0.18179639 -0.18179639 -0.18179639 -0.18179639 -0.18179639 -0.18179639
 -0.18179639 -0.18179639 -0.18179639 -0.18179639 -0.18179639 -0.18179639
 -0.18179639 -0.18179639  0.54514865 -0.18179639 -0.18179639 -0.18179639
 -0.18179639 -0.18179639 -0.18179639 -0.18179639 -0.18179639 -0.18179639
 -0.18179639 -0.18179639 -0.18179639 -0.18179639 -0.18179639 -0.18179639
 -0.18179639 -0.18179639 -0.18179639 -0.18179639 -0.18179639 -0.18179639
 -0.18179639 -0.18179639 -0.18179639 -0.18179639 -0.18179639 -0.18179639
 -0.18179639 -0.18179639 -0.18179639 -0.18179639 -0.18179639 -0.18179639
 -0.18179639 -0.18179639 -0.18179639 -0.18179639 -0.18179639 -0.18179639
 -0.18179639 -0.18179639 -0.18179639 -0.18179639 -0.18179639 -0.18179639
 -0.18179639 -0.18179639 -0.18179639 -0.18179639 -0.18179639 -0.18179639
 -0.18179639 -0.18179639 -0.18179639 -0.18179639 -0.18179639 -0.18179639
 -0.18179639 -0.18179639 -0.18179639 -0.18179639 -0.18179639  2.71151419
 -0.18179639 -0.18179639 -0.18179639 -0.18179639 -0.18179639 -0.18179639
 -0.18179639 -0.18179639 -0.18179639 -0.18179639 -0.18179639 -0.18179639
 -0.18179639 -0.18179639 -0.18179639 -0.18179639 -0.18179639 -0.18179639
 -0.18179639 -0.18179639  3.44010492 -0.18179639 -0.18179639 -0.18179639
 -0.18179639 -0.18179639 -0.18179639 -0.18179639 -0.18179639 -0.18179639
 -0.18179639 -0.18179639 -0.18179639 -0.18179639 -0.18179639 -0.18179639
  2.82863944 -0.18179639 -0.18179639 -0.18179639 -0.18179639  8.0963293
 -0.18179639 -0.18179639 -0.18179639 -0.18179639 -0.18179639 -0.18179639
 -0.18179639 -0.18179639 -0.18179639 -0.18179639 -0.18179639 -0.18179639
 -0.18179639 -0.18179639 -0.18179639 -0.18179639 -0.18179639 -0.18179639
 -0.18179639  3.05743587 -0.18179639  3.45260968  1.9441316  -0.18179639
 -0.18179639 -0.18179639 -0.18179639 -0.18179639 -0.18179639 -0.18179639
 -0.18179639 -0.18179639 -0.18179639 -0.18179639 -0.18179639 -0.18179639
 -0.18179639 -0.18179639 -0.18179639  8.76595224 -0.18179639 -0.18179639
 -0.18179639 -0.18179639 -0.18179639  4.85092831 -0.18179639  0.57510863
 -0.18179639 -0.18179639 -0.18179639 -0.18179639 -0.18179639 -0.18179639
 -0.18179639 -0.18179639 -0.18179639 -0.18179639 -0.18179639 -0.18179639
 -0.18179639 -0.18179639 -0.18179639 -0.18179639 -0.18179639 -0.18179639
 -0.18179639 -0.18179639 -0.18179639 -0.18179639 -0.18179639  7.2581639
 -0.18179639 -0.18179639 -0.18179639 -0.18179639 -0.18179639 -0.18179639
 -0.18179639 -0.18179639 -0.18179639 -0.18179639 -0.18179639 -0.18179639
 -0.18179639 -0.18179639 -0.18179639 -0.18179639 -0.18179639 -0.18179639
 -0.18179639 -0.18179639 -0.18179639 -0.18179639 -0.18179639  5.8880683
 -0.18179639  1.44827445 -0.18179639 -0.18179639 -0.18179639 -0.18179639
 -0.18179639 -0.18179639 -0.18179639 -0.18179639 -0.18179639 -0.18179639
 -0.18179639 -0.18179639 -0.18179639 -0.18179639 -0.18179639 -0.18179639
 -0.18179639 -0.18179639 -0.18179639 -0.18179639 -0.18179639 -0.18179639
 -0.18179639 -0.18179639 -0.18179639 -0.18179639 -0.18179639 -0.18179639
 -0.18179639 -0.18179639 -0.18179639 -0.18179639  3.44010492 -0.18179639
 -0.18179639 -0.18179639 -0.18179639 -0.18179639 -0.18179639 -0.18179639
 -0.18179639 -0.18179639 -0.18179639 -0.18179639 -0.18179639 -0.18179639
 -0.18179639 -0.18179639 -0.18179639 -0.18179639 -0.18179639 -0.18179639
 -0.18179639 -0.18179639 -0.18179639 -0.18179639 -0.18179639 -0.18179639
 -0.18179639 -0.18179639 -0.18179639 -0.18179639 -0.18179639 -0.18179639
 -0.18179639 -0.18179639 -0.18179639 -0.18179639 -0.18179639 -0.18179639
 -0.18179639 -0.18179639 -0.18179639 -0.18179639 -0.18179639 -0.18179639
 -0.18179639 -0.18179639 -0.18179639 -0.18179639 -0.18179639 -0.18179639
 -0.18179639 -0.18179639 -0.18179639 -0.18179639 -0.18179639 -0.18179639
 -0.18179639 -0.18179639 -0.18179639 -0.18179639 -0.18179639 -0.18179639
 -0.18179639 -0.18179639 -0.18179639 -0.18179639 -0.18179639 -0.18179639
 -0.18179639 -0.18179639 -0.18179639 -0.18179639 -0.18179639 -0.18179639
 -0.18179639 -0.18179639 -0.18179639 -0.18179639 -0.18179639 -0.18179639
 -0.18179639 -0.18179639 -0.18179639 -0.18179639 -0.18179639 -0.18179639
 -0.18179639  4.6078644  -0.18179639 -0.18179639 -0.18179639 -0.18179639
 -0.18179639 -0.18179639 -0.18179639 -0.18179639 -0.18179639 -0.18179639
 -0.18179639 -0.18179639 -0.18179639 -0.18179639 -0.18179639 -0.18179639
 -0.18179639 -0.18179639 -0.18179639 -0.18179639 -0.18179639 -0.18179639
 -0.18179639 -0.18179639 -0.18179639 -0.18179639 -0.18179639 -0.18179639
 -0.18179639 -0.18179639  0.83680897 -0.18179639 -0.18179639 -0.18179639
  8.32260356 -0.18179639 -0.18179639 -0.18179639 -0.18179639 -0.18179639
 -0.18179639 -0.18179639 -0.18179639 -0.18179639 -0.18179639 -0.18179639
 -0.18179639 -0.18179639 -0.18179639 -0.18179639 -0.18179639 -0.18179639
 -0.18179639  7.8469062  -0.18179639 -0.18179639 -0.18179639 -0.18179639
 -0.18179639 -0.18179639 -0.18179639 -0.18179639 -0.18179639 -0.18179639
 -0.18179639 -0.18179639 -0.18179639 -0.18179639 -0.18179639 -0.18179639
 -0.18179639  3.63563584 -0.18179639 -0.18179639 -0.18179639 -0.18179639
 -0.18179639 -0.18179639 -0.18179639 -0.18179639 -0.18179639 -0.18179639
 -0.18179639 -0.18179639 -0.18179639 -0.18179639]",[0.00786521006928878]
8,"[-0.17629915 -0.17629915 -0.17629915 -0.17629915 -0.17629915 -0.17629915
 -0.17629915 -0.17629915 -0.17629915 -0.17629915 -0.17629915 -0.17629915
 -0.17629915 -0.17629915 -0.17629915 -0.17629915 -0.17629915 -0.17629915
  1.54146649 -0.17629915 -0.17629915 -0.17629915 -0.17629915 -0.17629915
 -0.17629915 -0.17629915 -0.17629915 -0.17629915 -0.17629915 -0.17629915
 -0.17629915 -0.17629915 -0.17629915  2.80538894 -0.17629915 -0.17629915
 -0.17629915 -0.17629915 -0.17629915 -0.17629915 -0.17629915 -0.17629915
 -0.17629915 -0.17629915 -0.17629915 -0.17629915 -0.17629915 -0.17629915
 -0.17629915 -0.17629915 -0.17629915 -0.17629915 -0.17629915 -0.17629915
 -0.17629915 -0.17629915  2.73831225 -0.17629915 -0.17629915 -0.17629915
 -0.17629915 -0.17629915  3.91187556 -0.17629915 -0.17629915 -0.17629915
 -0.17629915 -0.17629915 -0.17629915 -0.17629915 -0.17629915 -0.17629915
 -0.17629915 -0.17629915 -0.17629915 -0.17629915 -0.17629915 -0.17629915
 -0.17629915 -0.17629915 -0.17629915 -0.17629915 -0.17629915  7.97337835
 -0.17629915 -0.17629915 -0.17629915 -0.17629915 -0.17629915 -0.17629915
 -0.17629915 -0.17629915 -0.17629915 -0.17629915 -0.17629915 -0.17629915
 -0.17629915 -0.17629915 -0.17629915 -0.17629915 -0.17629915 -0.17629915
 -0.17629915 -0.17629915 -0.17629915 -0.17629915 -0.17629915 -0.17629915
 -0.17629915 -0.17629915  8.34176834 -0.17629915 -0.17629915 -0.17629915
 -0.17629915 -0.17629915  6.46649158 -0.17629915 -0.17629915 -0.17629915
 -0.17629915 -0.17629915 -0.17629915 -0.17629915 -0.17629915 -0.17629915
 -0.17629915 -0.17629915 -0.17629915 -0.17629915 -0.17629915 -0.17629915
 -0.17629915 -0.17629915 -0.17629915 -0.17629915 -0.17629915 -0.17629915
 -0.17629915 -0.17629915 -0.17629915 -0.17629915 -0.17629915 -0.17629915
 -0.17629915 -0.17629915 -0.17629915 -0.17629915 -0.17629915 -0.17629915
 -0.17629915 -0.17629915 -0.17629915 -0.17629915 -0.17629915 -0.17629915
 -0.17629915 -0.17629915 -0.17629915 -0.17629915 -0.17629915 -0.17629915
 -0.17629915 -0.17629915 -0.17629915 -0.17629915 -0.17629915 -0.17629915
 -0.17629915 -0.17629915 -0.17629915 -0.17629915 -0.17629915 -0.17629915
 -0.17629915 -0.17629915 -0.17629915 -0.17629915 -0.17629915 -0.17629915
 -0.17629915 -0.17629915 -0.17629915 -0.17629915 -0.17629915 -0.17629915
 -0.17629915 -0.17629915 -0.17629915 -0.17629915 -0.17629915 -0.17629915
 -0.17629915 -0.17629915 -0.17629915 -0.17629915 -0.17629915 -0.17629915
 -0.17629915 -0.17629915 -0.17629915 -0.17629915 -0.17629915  0.34176791
 -0.17629915 -0.17629915 -0.17629915 -0.17629915 -0.17629915 -0.17629915
  4.52392029 -0.17629915 -0.17629915 -0.17629915 -0.17629915  5.59417568
 -0.17629915 -0.17629915 -0.17629915 -0.17629915 -0.17629915 -0.17629915
 -0.17629915 -0.17629915 -0.17629915 -0.17629915 -0.17629915 -0.17629915
 -0.17629915 -0.17629915 -0.17629915 -0.17629915 -0.17629915 -0.17629915
 -0.17629915 -0.17629915 -0.17629915 -0.17629915 -0.17629915 -0.17629915
  2.2817373  -0.17629915 -0.17629915 -0.17629915 -0.17629915 -0.17629915
 -0.17629915 -0.17629915 -0.17629915 -0.17629915 -0.17629915 -0.17629915
 -0.17629915 -0.17629915 -0.17629915 -0.17629915 -0.17629915 -0.17629915
 -0.17629915 -0.17629915 -0.17629915 -0.17629915 -0.17629915 -0.17629915
 -0.17629915 -0.17629915 -0.17629915 -0.17629915 -0.17629915 -0.17629915
 -0.17629915 -0.17629915 -0.17629915 -0.17629915 -0.17629915 -0.17629915
 -0.17629915 -0.17629915 -0.17629915 -0.17629915 -0.17629915 -0.17629915
 -0.17629915 -0.17629915 -0.17629915 -0.17629915 -0.17629915  4.34052745
 -0.17629915 -0.17629915 -0.17629915 -0.17629915 -0.17629915 -0.17629915
 -0.17629915 -0.17629915 -0.17629915 -0.17629915 -0.17629915 -0.17629915
 -0.17629915 -0.17629915 -0.17629915 -0.17629915 -0.17629915 -0.17629915
 -0.17629915 -0.17629915 -0.17629915 -0.17629915 -0.17629915  4.79149323
 -0.17629915 -0.17629915 -0.17629915 -0.17629915 -0.17629915 -0.17629915
 -0.17629915 -0.17629915 -0.17629915 -0.17629915 -0.17629915 -0.17629915
 -0.17629915 -0.17629915 -0.17629915 -0.17629915 -0.17629915 -0.17629915
 -0.17629915 -0.17629915 -0.17629915 -0.17629915 -0.17629915 -0.17629915
 -0.17629915 -0.17629915 -0.17629915 -0.17629915 -0.17629915 -0.17629915
 -0.17629915 -0.17629915 -0.17629915 -0.17629915 -0.17629915 -0.17629915
 -0.17629915  3.03953954 -0.17629915 -0.17629915 -0.17629915 -0.17629915
 -0.17629915 -0.17629915 -0.17629915 -0.17629915 -0.17629915 -0.17629915
 -0.17629915 -0.17629915 -0.17629915 -0.17629915 -0.17629915 -0.17629915
 -0.17629915 -0.17629915 -0.17629915 -0.17629915 -0.17629915 -0.17629915
 -0.17629915 -0.17629915 -0.17629915 -0.17629915 -0.17629915 -0.17629915
 -0.17629915 -0.17629915 -0.17629915 -0.17629915 -0.17629915 -0.17629915
  4.31129653 -0.17629915 -0.17629915 -0.17629915 -0.17629915 -0.17629915
 -0.17629915 -0.17629915 -0.17629915 -0.17629915 -0.17629915 -0.17629915
 -0.17629915 -0.17629915 -0.17629915 -0.17629915 -0.17629915 -0.17629915
 -0.17629915 -0.17629915 -0.17629915 -0.17629915 -0.17629915 -0.17629915
 -0.17629915 -0.17629915 -0.17629915 -0.17629915 -0.17629915 -0.17629915
 -0.17629915 -0.17629915 -0.17629915 -0.17629915 -0.17629915 -0.17629915
 -0.17629915 -0.17629915 -0.17629915 -0.17629915 -0.17629915 -0.17629915
 -0.17629915 -0.17629915 -0.17629915 -0.17629915 -0.17629915 -0.17629915
 -0.17629915 -0.17629915 -0.17629915 -0.17629915 -0.17629915 -0.17629915
 -0.17629915 -0.17629915 -0.17629915 -0.17629915 -0.17629915 -0.17629915
  2.8562998  -0.17629915 -0.17629915 -0.17629915 -0.17629915 -0.17629915
 -0.17629915 -0.17629915 -0.17629915 -0.17629915 -0.17629915 -0.17629915
 -0.17629915 -0.17629915 -0.17629915 -0.17629915 -0.17629915 -0.17629915
 -0.17629915 -0.17629915  7.2731596  -0.17629915 -0.17629915 -0.17629915
  9.72896318 -0.17629915 -0.17629915 -0.17629915 -0.17629915 -0.17629915
 -0.17629915 -0.17629915 -0.17629915 -0.17629915 -0.17629915 -0.17629915
 -0.17629915 -0.17629915 -0.17629915 -0.17629915 -0.17629915 -0.17629915
 -0.17629915 -0.17629915 -0.17629915 -0.17629915 -0.17629915 -0.17629915
 -0.17629915  2.50897407 -0.17629915 -0.17629915 -0.17629915 -0.17629915
 -0.17629915 -0.17629915 -0.17629915 -0.17629915 -0.17629915 -0.17629915
 -0.17629915  2.77903841 -0.17629915 -0.17629915 -0.17629915 -0.17629915
 -0.17629915 -0.17629915 -0.17629915 -0.17629915 -0.17629915 -0.17629915
 -0.17629915 -0.17629915 -0.17629915 -0.17629915]",[-0.00945458544431732]
8,"[-0.15652512 -0.15652512 -0.15652512 -0.15652512 -0.15652512 -0.15652512
 -0.15652512 -0.15652512 -0.15652512 -0.15652512 -0.15652512 -0.15652512
 -0.15652512 -0.15652512 -0.15652512 -0.15652512 -0.15652512 -0.15652512
 -0.15652512 -0.15652512 -0.15652512 -0.15652512 -0.15652512 -0.15652512
 -0.15652512 -0.15652512 -0.15652512 -0.15652512 -0.15652512 -0.15652512
 -0.15652512 -0.15652512 -0.15652512 -0.15652512 -0.15652512 -0.15652512
 -0.15652512 -0.15652512 -0.15652512 -0.15652512 -0.15652512 -0.15652512
 -0.15652512 -0.15652512 -0.15652512 -0.15652512 -0.15652512 -0.15652512
 -0.15652512 -0.15652512 -0.15652512 -0.15652512 -0.15652512 -0.15652512
 -0.15652512 -0.15652512 -0.15652512 -0.15652512 -0.15652512 -0.15652512
 -0.15652512 -0.15652512 -0.15652512 -0.15652512 -0.15652512 -0.15652512
 -0.15652512 -0.15652512 -0.15652512 -0.15652512 -0.15652512 -0.15652512
 -0.15652512 -0.15652512 -0.15652512 -0.15652512 -0.15652512 -0.15652512
 -0.15652512 -0.15652512 -0.15652512 -0.15652512 -0.15652512  8.19349643
 -0.15652512 -0.15652512 -0.15652512 -0.15652512 -0.15652512 -0.15652512
 -0.15652512 -0.15652512 -0.15652512 -0.15652512 -0.15652512 -0.15652512
 -0.15652512 -0.15652512 -0.15652512 -0.15652512 -0.15652512 -0.15652512
 -0.15652512 -0.15652512 -0.15652512 -0.15652512 -0.15652512 -0.15652512
 -0.15652512 -0.15652512  7.70074696 -0.15652512 -0.15652512 -0.15652512
 -0.15652512 -0.15652512  8.61406428 -0.15652512 -0.15652512 -0.15652512
 -0.15652512 -0.15652512 -0.15652512 -0.15652512 -0.15652512 -0.15652512
 -0.15652512 -0.15652512 -0.15652512 -0.15652512 -0.15652512 -0.15652512
 -0.15652512 -0.15652512 -0.15652512 -0.15652512 -0.15652512 -0.15652512
 -0.15652512 -0.15652512 -0.15652512 -0.15652512 -0.15652512 -0.15652512
 -0.15652512 -0.15652512 -0.15652512 -0.15652512 -0.15652512 -0.15652512
 -0.15652512 -0.15652512 -0.15652512 -0.15652512 -0.15652512 -0.15652512
 -0.15652512 -0.15652512 -0.15652512 -0.15652512 -0.15652512 -0.15652512
 -0.15652512 -0.15652512 -0.15652512 -0.15652512 -0.15652512 -0.15652512
 -0.15652512 -0.15652512 -0.15652512 -0.15652512 -0.15652512 -0.15652512
 -0.15652512 -0.15652512 -0.15652512 -0.15652512 -0.15652512 -0.15652512
 -0.15652512 -0.15652512 -0.15652512 -0.15652512 -0.15652512 -0.15652512
 -0.15652512 -0.15652512 -0.15652512 -0.15652512 -0.15652512 -0.15652512
 -0.15652512 -0.15652512 -0.15652512 -0.15652512 -0.15652512 -0.15652512
 -0.15652512 -0.15652512  1.6670366  -0.15652512 -0.15652512  4.13988519
 -0.15652512 -0.15652512 -0.15652512 -0.15652512 -0.15652512 -0.15652512
  3.46752927 -0.15652512 -0.15652512 -0.15652512 -0.15652512  3.34957877
 -0.15652512 -0.15652512  0.28468916 -0.15652512 -0.15652512 -0.15652512
 -0.15652512 -0.15652512 -0.15652512 -0.15652512 -0.15652512 -0.15652512
 -0.15652512 -0.15652512 -0.15652512  2.46061504 -0.15652512 -0.15652512
 -0.15652512 -0.15652512 -0.15652512 -0.15652512  2.58762708 -0.15652512
  1.35522737 -0.15652512 -0.15652512 -0.15652512 -0.15652512 -0.15652512
 -0.15652512 -0.15652512 -0.15652512 -0.15652512 -0.15652512 -0.15652512
 -0.15652512 -0.15652512 -0.15652512 -0.15652512 -0.15652512 -0.15652512
 -0.15652512 -0.15652512 -0.15652512 -0.15652512 -0.15652512 -0.15652512
 -0.15652512 -0.15652512 -0.15652512 -0.15652512 -0.15652512 -0.15652512
 -0.15652512 -0.15652512  2.0101445  -0.15652512 -0.15652512 -0.15652512
 -0.15652512 -0.15652512 -0.15652512 -0.15652512 -0.15652512 -0.15652512
 -0.15652512 -0.15652512 -0.15652512 -0.15652512 -0.15652512 -0.15652512
 -0.15652512 -0.15652512 -0.15652512 -0.15652512 -0.15652512 -0.15652512
 -0.15652512 -0.15652512  5.54706627 -0.15652512 -0.15652512 -0.15652512
 -0.15652512 -0.15652512 -0.15652512 -0.15652512 -0.15652512 -0.15652512
 -0.15652512 -0.15652512 -0.15652512 -0.15652512 -0.15652512  2.79354924
 -0.15652512 -0.15652512 -0.15652512 -0.15652512 -0.15652512 -0.15652512
 -0.15652512 -0.15652512 -0.15652512 -0.15652512 -0.15652512 -0.15652512
 -0.15652512 -0.15652512 -0.15652512 -0.15652512 -0.15652512 -0.15652512
 -0.15652512 -0.15652512 -0.15652512 -0.15652512 -0.15652512 -0.15652512
 -0.15652512 -0.15652512 -0.15652512 -0.15652512 -0.15652512 -0.15652512
 -0.15652512 -0.15652512 -0.15652512 -0.15652512 -0.15652512 -0.15652512
 -0.15652512 -0.15652512 -0.15652512 -0.15652512 -0.15652512 -0.15652512
 -0.15652512 -0.15652512 -0.15652512 -0.15652512 -0.15652512 -0.15652512
 -0.15652512 -0.15652512 -0.15652512 -0.15652512 -0.15652512 -0.15652512
 -0.15652512 -0.15652512 -0.15652512 -0.15652512 -0.15652512 -0.15652512
 -0.15652512 -0.15652512 -0.15652512 -0.15652512 -0.15652512 -0.15652512
 -0.15652512 -0.15652512 -0.15652512 -0.15652512 -0.15652512 -0.15652512
 -0.15652512 -0.15652512 -0.15652512 -0.15652512 -0.15652512 -0.15652512
 -0.15652512 -0.15652512 -0.15652512 -0.15652512 -0.15652512 -0.15652512
 -0.15652512 -0.15652512 -0.15652512 -0.15652512 -0.15652512 -0.15652512
 -0.15652512 -0.15652512 -0.15652512 -0.15652512 -0.15652512 -0.15652512
 -0.15652512 -0.15652512 -0.15652512 -0.15652512 -0.15652512 -0.15652512
 -0.15652512 -0.15652512 -0.15652512 -0.15652512 -0.15652512 -0.15652512
 -0.15652512 -0.15652512 -0.15652512 -0.15652512 -0.15652512 -0.15652512
 -0.15652512 -0.15652512 -0.15652512 -0.15652512 -0.15652512 -0.15652512
 -0.15652512 -0.15652512 -0.15652512 -0.15652512 -0.15652512 -0.15652512
 -0.15652512 -0.15652512 -0.15652512 -0.15652512 -0.15652512 -0.15652512
  6.31501458 -0.15652512 -0.15652512 -0.15652512 -0.15652512 -0.15652512
 -0.15652512 -0.15652512 -0.15652512 -0.15652512 -0.15652512 -0.15652512
 -0.15652512 -0.15652512 -0.15652512 -0.15652512 -0.15652512 -0.15652512
 -0.15652512 -0.15652512  9.4838205  -0.15652512 -0.15652512 -0.15652512
  8.7620444  -0.15652512 -0.15652512 -0.15652512 -0.15652512 -0.15652512
 -0.15652512 -0.15652512 -0.15652512 -0.15652512 -0.15652512 -0.15652512
 -0.15652512 -0.15652512 -0.15652512 -0.15652512 -0.15652512 -0.15652512
 -0.15652512 -0.15652512 -0.15652512 -0.15652512 -0.15652512 -0.15652512
 -0.15652512 -0.15652512 -0.15652512 -0.15652512 -0.15652512 -0.15652512
 -0.15652512 -0.15652512 -0.15652512 -0.15652512 -0.15652512 -0.15652512
 -0.15652512 -0.15652512 -0.15652512 -0.15652512 -0.15652512 -0.15652512
 -0.15652512 -0.15652512 -0.15652512 -0.15652512 -0.15652512 -0.15652512
 -0.15652512 -0.15652512 -0.15652512 -0.15652512]",[-0.03417210815392091]
8,"[-0.20400089 -0.20400089 -0.20400089 -0.20400089 -0.20400089 -0.20400089
 -0.20400089 -0.20400089 -0.20400089 -0.20400089 -0.20400089 -0.20400089
 -0.20400089 -0.20400089 -0.20400089 -0.20400089 -0.20400089 -0.20400089
 -0.20400089 -0.20400089 -0.20400089 -0.20400089 -0.20400089 -0.20400089
 -0.20400089 -0.20400089 -0.20400089 -0.20400089 -0.20400089 -0.20400089
 -0.20400089 -0.20400089 -0.20400089 -0.20400089 -0.20400089 -0.20400089
 -0.20400089 -0.20400089 -0.20400089 -0.20400089 -0.20400089 -0.20400089
 -0.20400089 -0.20400089 -0.20400089 -0.20400089 -0.20400089 -0.20400089
 -0.20400089 -0.20400089 -0.20400089 -0.20400089 -0.20400089 -0.20400089
 -0.20400089 -0.20400089 -0.20400089 -0.20400089 -0.20400089 -0.20400089
 -0.20400089 -0.20400089 -0.20400089 -0.20400089 -0.20400089 -0.20400089
 -0.20400089 -0.20400089 -0.20400089 -0.20400089 -0.20400089 -0.20400089
 -0.20400089 -0.20400089 -0.20400089 -0.20400089 -0.20400089 -0.20400089
 -0.20400089 -0.20400089 -0.20400089 -0.20400089 -0.20400089  3.58238635
 -0.20400089 -0.20400089 -0.20400089 -0.20400089 -0.20400089 -0.20400089
 -0.20400089 -0.20400089 -0.20400089 -0.20400089 -0.20400089 -0.20400089
 -0.20400089 -0.20400089 -0.20400089 -0.20400089 -0.20400089 -0.20400089
 -0.20400089 -0.20400089 -0.20400089 -0.20400089 -0.20400089 -0.20400089
 -0.20400089 -0.20400089  7.60842726 -0.20400089 -0.20400089 -0.20400089
 -0.20400089 -0.20400089 -0.20400089 -0.20400089 -0.20400089 -0.20400089
 -0.20400089 -0.20400089 -0.20400089 -0.20400089 -0.20400089 -0.20400089
 -0.20400089 -0.20400089 -0.20400089 -0.20400089 -0.20400089 -0.20400089
 -0.20400089 -0.20400089 -0.20400089 -0.20400089 -0.20400089 -0.20400089
 -0.20400089 -0.20400089 -0.20400089 -0.20400089 -0.20400089 -0.20400089
 -0.20400089 -0.20400089 -0.20400089 -0.20400089 -0.20400089 -0.20400089
 -0.20400089 -0.20400089 -0.20400089 -0.20400089 -0.20400089 -0.20400089
 -0.20400089 -0.20400089 -0.20400089 -0.20400089 -0.20400089 -0.20400089
 -0.20400089  2.0107666  -0.20400089 -0.20400089 -0.20400089 -0.20400089
 -0.20400089 -0.20400089 -0.20400089 -0.20400089 -0.20400089 -0.20400089
 -0.20400089 -0.20400089 -0.20400089 -0.20400089 -0.20400089 -0.20400089
 -0.20400089 -0.20400089 -0.20400089 -0.20400089 -0.20400089 -0.20400089
 -0.20400089 -0.20400089 -0.20400089 -0.20400089 -0.20400089 -0.20400089
 -0.20400089 -0.20400089 -0.20400089 -0.20400089 -0.20400089 -0.20400089
 -0.20400089 -0.20400089  3.95594594 -0.20400089 -0.20400089 -0.20400089
 -0.20400089 -0.20400089 -0.20400089 -0.20400089 -0.20400089  3.43638609
  1.72043125 -0.20400089  0.67569617 -0.20400089 -0.20400089  2.51401081
 -0.20400089 -0.20400089 -0.20400089 -0.20400089 -0.20400089 -0.20400089
 -0.20400089 -0.20400089 -0.20400089 -0.20400089 -0.20400089 -0.20400089
 -0.20400089 -0.20400089 -0.20400089 -0.20400089 -0.20400089 -0.20400089
 -0.20400089  3.92503388 -0.20400089 -0.20400089  2.9080792  -0.20400089
  4.6874414  -0.20400089 -0.20400089 -0.20400089 -0.20400089 -0.20400089
 -0.20400089 -0.20400089 -0.20400089 -0.20400089 -0.20400089 -0.20400089
 -0.20400089 -0.20400089 -0.20400089  3.22100619  2.62373687 -0.20400089
 -0.20400089 -0.20400089 -0.20400089  4.04718893 -0.20400089  3.64018805
 -0.20400089 -0.20400089 -0.20400089  2.07292805  0.73877091 -0.20400089
 -0.20400089 -0.20400089 -0.20400089 -0.20400089  5.07628707 -0.20400089
 -0.20400089 -0.20400089 -0.20400089 -0.20400089 -0.20400089 -0.20400089
  4.44951448  0.80912749 -0.20400089 -0.20400089 -0.20400089  5.36701367
 -0.20400089 -0.20400089 -0.20400089 -0.20400089 -0.20400089 -0.20400089
 -0.20400089  7.74475256 -0.20400089 -0.20400089 -0.20400089 -0.20400089
 -0.20400089 -0.20400089 -0.20400089 -0.20400089 -0.20400089 -0.20400089
 -0.20400089 -0.20400089 -0.20400089 -0.20400089 -0.20400089  4.8087597
 -0.20400089 -0.20400089 -0.20400089 -0.20400089 -0.20400089 -0.20400089
 -0.20400089 -0.20400089 -0.20400089 -0.20400089 -0.20400089 -0.20400089
 -0.20400089 -0.20400089 -0.20400089 -0.20400089 -0.20400089 -0.20400089
 -0.20400089 -0.20400089 -0.20400089 -0.20400089 -0.20400089 -0.20400089
 -0.20400089 -0.20400089 -0.20400089 -0.20400089 -0.20400089 -0.20400089
 -0.20400089 -0.20400089 -0.20400089 -0.20400089 -0.20400089 -0.20400089
 -0.20400089 -0.20400089 -0.20400089 -0.20400089 -0.20400089 -0.20400089
 -0.20400089 -0.20400089 -0.20400089 -0.20400089 -0.20400089 -0.20400089
 -0.20400089 -0.20400089 -0.20400089 -0.20400089 -0.20400089 -0.20400089
 -0.20400089 -0.20400089 -0.20400089 -0.20400089 -0.20400089 -0.20400089
 -0.20400089 -0.20400089 -0.20400089 -0.20400089 -0.20400089 -0.20400089
 -0.20400089 -0.20400089 -0.20400089 -0.20400089 -0.20400089 -0.20400089
 -0.20400089 -0.20400089 -0.20400089 -0.20400089 -0.20400089 -0.20400089
 -0.20400089 -0.20400089 -0.20400089 -0.20400089 -0.20400089 -0.20400089
 -0.20400089 -0.20400089 -0.20400089 -0.20400089 -0.20400089 -0.20400089
 -0.20400089 -0.20400089 -0.20400089 -0.20400089 -0.20400089 -0.20400089
 -0.20400089 -0.20400089 -0.20400089 -0.20400089 -0.20400089 -0.20400089
 -0.20400089 -0.20400089 -0.20400089 -0.20400089 -0.20400089 -0.20400089
 -0.20400089 -0.20400089 -0.20400089 -0.20400089 -0.20400089 -0.20400089
 -0.20400089 -0.20400089 -0.20400089 -0.20400089 -0.20400089 -0.20400089
 -0.20400089 -0.20400089 -0.20400089 -0.20400089 -0.20400089 -0.20400089
 -0.20400089 -0.20400089 -0.20400089 -0.20400089 -0.20400089 -0.20400089
 -0.20400089 -0.20400089 -0.20400089 -0.20400089 -0.20400089 -0.20400089
 -0.20400089 -0.20400089 -0.20400089 -0.20400089 -0.20400089 -0.20400089
 -0.20400089 -0.20400089 -0.20400089 -0.20400089 -0.20400089 -0.20400089
 -0.20400089 -0.20400089  6.48791061 -0.20400089 -0.20400089 -0.20400089
  9.16134536 -0.20400089 -0.20400089 -0.20400089 -0.20400089 -0.20400089
 -0.20400089 -0.20400089 -0.20400089 -0.20400089 -0.20400089 -0.20400089
 -0.20400089 -0.20400089 -0.20400089 -0.20400089 -0.20400089 -0.20400089
 -0.20400089  2.07292805 -0.20400089 -0.20400089 -0.20400089  1.22637638
 -0.20400089 -0.20400089 -0.20400089 -0.20400089 -0.20400089 -0.20400089
 -0.20400089 -0.20400089 -0.20400089 -0.20400089 -0.20400089 -0.20400089
 -0.20400089 -0.20400089 -0.20400089 -0.20400089 -0.20400089 -0.20400089
 -0.20400089 -0.20400089 -0.20400089 -0.20400089 -0.20400089 -0.20400089
 -0.20400089 -0.20400089 -0.20400089 -0.20400089]",[0.009591229700392084]
8,"[-0.21628053 -0.21628053 -0.21628053 -0.21628053 -0.21628053 -0.21628053
 -0.21628053 -0.21628053 -0.21628053 -0.21628053 -0.21628053 -0.21628053
 -0.21628053 -0.21628053 -0.21628053 -0.21628053 -0.21628053 -0.21628053
 -0.21628053 -0.21628053 -0.21628053 -0.21628053 -0.21628053 -0.21628053
 -0.21628053 -0.21628053 -0.21628053 -0.21628053 -0.21628053 -0.21628053
 -0.21628053 -0.21628053 -0.21628053 -0.21628053 -0.21628053 -0.21628053
 -0.21628053 -0.21628053 -0.21628053 -0.21628053 -0.21628053 -0.21628053
 -0.21628053 -0.21628053 -0.21628053 -0.21628053 -0.21628053 -0.21628053
 -0.21628053 -0.21628053 -0.21628053 -0.21628053 -0.21628053 -0.21628053
 -0.21628053 -0.21628053 -0.21628053 -0.21628053 -0.21628053 -0.21628053
 -0.21628053 -0.21628053 -0.21628053 -0.21628053 -0.21628053 -0.21628053
 -0.21628053 -0.21628053 -0.21628053 -0.21628053 -0.21628053 -0.21628053
 -0.21628053 -0.21628053 -0.21628053 -0.21628053 -0.21628053 -0.21628053
 -0.21628053 -0.21628053 -0.21628053 -0.21628053 -0.21628053  6.95035919
 -0.21628053 -0.21628053 -0.21628053 -0.21628053 -0.21628053 -0.21628053
 -0.21628053 -0.21628053 -0.21628053 -0.21628053 -0.21628053 -0.21628053
 -0.21628053 -0.21628053 -0.21628053 -0.21628053 -0.21628053 -0.21628053
 -0.21628053 -0.21628053 -0.21628053 -0.21628053 -0.21628053 -0.21628053
 -0.21628053 -0.21628053  6.96730389 -0.21628053 -0.21628053 -0.21628053
 -0.21628053 -0.21628053  5.44916929 -0.21628053 -0.21628053 -0.21628053
 -0.21628053 -0.21628053 -0.21628053  0.20361784  0.66214303 -0.21628053
 -0.21628053 -0.21628053 -0.21628053 -0.21628053 -0.21628053 -0.21628053
 -0.21628053 -0.21628053 -0.21628053 -0.21628053 -0.21628053 -0.21628053
 -0.21628053 -0.21628053 -0.21628053 -0.21628053 -0.21628053 -0.21628053
 -0.21628053 -0.21628053 -0.21628053 -0.21628053 -0.21628053 -0.21628053
 -0.21628053 -0.21628053 -0.21628053 -0.21628053 -0.21628053 -0.21628053
 -0.21628053 -0.21628053 -0.21628053 -0.21628053 -0.21628053 -0.21628053
 -0.21628053 -0.21628053 -0.21628053 -0.21628053 -0.21628053 -0.21628053
 -0.21628053 -0.21628053 -0.21628053 -0.21628053 -0.21628053 -0.21628053
 -0.21628053 -0.21628053 -0.21628053 -0.21628053 -0.21628053 -0.21628053
 -0.21628053 -0.21628053 -0.21628053 -0.21628053 -0.21628053 -0.21628053
 -0.21628053 -0.21628053 -0.21628053 -0.21628053 -0.21628053 -0.21628053
 -0.21628053 -0.21628053 -0.21628053 -0.21628053 -0.21628053 -0.21628053
 -0.21628053 -0.21628053  3.48423468 -0.21628053 -0.21628053  3.53772902
 -0.21628053 -0.21628053 -0.21628053 -0.21628053 -0.21628053 -0.21628053
  4.81734807 -0.21628053 -0.21628053 -0.21628053 -0.21628053  4.65140902
 -0.21628053 -0.21628053  0.08283243 -0.21628053 -0.21628053 -0.21628053
 -0.21628053 -0.21628053 -0.21628053 -0.21628053 -0.21628053 -0.21628053
 -0.21628053 -0.21628053 -0.21628053 -0.21628053 -0.21628053 -0.21628053
 -0.21628053  1.29475975 -0.21628053 -0.21628053 -0.21628053 -0.21628053
  0.53395927 -0.21628053 -0.21628053 -0.21628053 -0.21628053 -0.21628053
 -0.21628053  2.03898551 -0.21628053 -0.21628053 -0.21628053 -0.21628053
 -0.21628053 -0.21628053 -0.21628053  5.25313792 -0.21628053 -0.21628053
 -0.21628053 -0.21628053  2.48444392  3.50485929 -0.21628053  0.70763773
 -0.21628053 -0.21628053 -0.21628053 -0.21628053 -0.21628053 -0.21628053
 -0.21628053 -0.21628053  0.35440028 -0.21628053  3.94906274 -0.21628053
 -0.21628053 -0.21628053 -0.21628053 -0.21628053 -0.21628053 -0.21628053
 -0.21628053 -0.21628053 -0.21628053 -0.21628053 -0.21628053  1.17708243
 -0.21628053 -0.21628053 -0.21628053 -0.21628053  1.73420413  1.58724437
 -0.21628053  6.13292229 -0.21628053 -0.21628053 -0.21628053 -0.21628053
 -0.21628053 -0.21628053 -0.21628053 -0.21628053 -0.21628053 -0.21628053
 -0.21628053 -0.21628053 -0.21628053 -0.21628053 -0.21628053  5.51722834
 -0.21628053 -0.21628053 -0.21628053 -0.21628053 -0.21628053 -0.21628053
 -0.21628053 -0.21628053 -0.21628053 -0.21628053 -0.21628053 -0.21628053
 -0.21628053 -0.21628053 -0.21628053 -0.21628053 -0.21628053 -0.21628053
 -0.21628053 -0.21628053 -0.21628053 -0.21628053 -0.21628053 -0.21628053
 -0.21628053 -0.21628053 -0.21628053 -0.21628053 -0.21628053 -0.21628053
 -0.21628053 -0.21628053 -0.21628053 -0.21628053 -0.21628053 -0.21628053
 -0.21628053 -0.21628053 -0.21628053 -0.21628053 -0.21628053 -0.21628053
 -0.21628053 -0.21628053 -0.21628053 -0.21628053 -0.21628053 -0.21628053
 -0.21628053 -0.21628053 -0.21628053 -0.21628053 -0.21628053 -0.21628053
 -0.21628053 -0.21628053 -0.21628053 -0.21628053 -0.21628053 -0.21628053
 -0.21628053 -0.21628053 -0.21628053 -0.21628053 -0.21628053 -0.21628053
 -0.21628053 -0.21628053 -0.21628053 -0.21628053 -0.21628053 -0.21628053
 -0.21628053 -0.21628053 -0.21628053 -0.21628053 -0.21628053 -0.21628053
 -0.21628053 -0.21628053 -0.21628053 -0.21628053 -0.21628053 -0.21628053
 -0.21628053 -0.21628053 -0.21628053 -0.21628053 -0.21628053 -0.21628053
 -0.21628053 -0.21628053 -0.21628053 -0.21628053 -0.21628053 -0.21628053
 -0.21628053 -0.21628053 -0.21628053 -0.21628053 -0.21628053 -0.21628053
 -0.21628053 -0.21628053 -0.21628053 -0.21628053 -0.21628053 -0.21628053
 -0.21628053 -0.21628053 -0.21628053 -0.21628053 -0.21628053 -0.21628053
 -0.21628053 -0.21628053 -0.21628053 -0.21628053 -0.21628053 -0.21628053
 -0.21628053  1.241164   -0.21628053 -0.21628053 -0.21628053 -0.21628053
 -0.21628053 -0.21628053 -0.21628053 -0.21628053 -0.21628053 -0.21628053
  4.37868144 -0.21628053 -0.21628053 -0.21628053 -0.21628053 -0.21628053
 -0.21628053 -0.21628053 -0.21628053 -0.21628053 -0.21628053 -0.21628053
 -0.21628053 -0.21628053 -0.21628053 -0.21628053 -0.21628053 -0.21628053
 -0.21628053 -0.21628053  6.55948494 -0.21628053  5.38698958 -0.21628053
  5.25200928  4.05599894 -0.21628053 -0.21628053 -0.21628053 -0.21628053
 -0.21628053 -0.21628053 -0.21628053 -0.21628053 -0.21628053 -0.21628053
 -0.21628053 -0.21628053 -0.21628053 -0.21628053 -0.21628053 -0.21628053
 -0.21628053  4.35333158 -0.21628053 -0.21628053 -0.21628053 -0.21628053
 -0.21628053 -0.21628053 -0.21628053 -0.21628053 -0.21628053 -0.21628053
 -0.21628053 -0.21628053 -0.21628053 -0.21628053 -0.21628053 -0.21628053
 -0.21628053 -0.21628053 -0.21628053 -0.21628053 -0.21628053 -0.21628053
 -0.21628053 -0.21628053 -0.21628053 -0.21628053 -0.21628053 -0.21628053
 -0.21628053 -0.21628053  1.241164   -0.21628053]",[0.03620238482489152]
8,"[-0.15006782 -0.15006782 -0.15006782 -0.15006782 -0.15006782 -0.15006782
 -0.15006782 -0.15006782 -0.15006782 -0.15006782 -0.15006782 -0.15006782
 -0.15006782 -0.15006782 -0.15006782 -0.15006782 -0.15006782 -0.15006782
 -0.15006782 -0.15006782 -0.15006782 -0.15006782 -0.15006782 -0.15006782
 -0.15006782 -0.15006782 -0.15006782 -0.15006782 -0.15006782 -0.15006782
 -0.15006782 -0.15006782 -0.15006782 -0.15006782 -0.15006782 -0.15006782
 -0.15006782 -0.15006782 -0.15006782 -0.15006782 -0.15006782 -0.15006782
 -0.15006782 -0.15006782 -0.15006782 -0.15006782 -0.15006782 -0.15006782
 -0.15006782 -0.15006782 -0.15006782 -0.15006782 -0.15006782 -0.15006782
 -0.15006782 -0.15006782 -0.15006782 -0.15006782 -0.15006782 -0.15006782
 -0.15006782 -0.15006782 -0.15006782 -0.15006782 -0.15006782 -0.15006782
 -0.15006782 -0.15006782 -0.15006782 -0.15006782 -0.15006782 -0.15006782
 -0.15006782 -0.15006782 -0.15006782 -0.15006782 -0.15006782 -0.15006782
 -0.15006782 -0.15006782 -0.15006782 -0.15006782 -0.15006782 -0.15006782
 -0.15006782 -0.15006782 -0.15006782 -0.15006782 -0.15006782 -0.15006782
 -0.15006782 -0.15006782  1.9849217  -0.15006782 -0.15006782 -0.15006782
 -0.15006782 -0.15006782 -0.15006782 -0.15006782 -0.15006782 -0.15006782
 -0.15006782 -0.15006782 -0.15006782 -0.15006782 -0.15006782 -0.15006782
 -0.15006782 -0.15006782  0.68844248 -0.15006782 -0.15006782 -0.15006782
 -0.15006782 -0.15006782 -0.15006782 -0.15006782 -0.15006782 -0.15006782
 -0.15006782 -0.15006782 -0.15006782 -0.15006782 -0.15006782 -0.15006782
 -0.15006782 -0.15006782 -0.15006782 -0.15006782 -0.15006782 -0.15006782
 -0.15006782 -0.15006782 -0.15006782 -0.15006782 -0.15006782 -0.15006782
 -0.15006782 -0.15006782 -0.15006782 -0.15006782 -0.15006782 -0.15006782
 -0.15006782 -0.15006782 -0.15006782 -0.15006782 -0.15006782 -0.15006782
 -0.15006782 -0.15006782 -0.15006782 -0.15006782 -0.15006782 -0.15006782
 -0.15006782 -0.15006782 -0.15006782 -0.15006782 -0.15006782 -0.15006782
 -0.15006782 -0.15006782 -0.15006782 -0.15006782 -0.15006782 -0.15006782
 -0.15006782 -0.15006782 -0.15006782 -0.15006782 -0.15006782 -0.15006782
 -0.15006782 -0.15006782 -0.15006782 -0.15006782 -0.15006782 -0.15006782
 -0.15006782 -0.15006782 -0.15006782 -0.15006782 -0.15006782 -0.15006782
 -0.15006782 -0.15006782 -0.15006782 -0.15006782 -0.15006782 -0.15006782
 -0.15006782 -0.15006782 -0.15006782 -0.15006782 -0.15006782 -0.15006782
 -0.15006782 -0.15006782  3.56630577 -0.15006782 -0.15006782 -0.15006782
 -0.15006782 -0.15006782 -0.15006782 -0.15006782 -0.15006782 -0.15006782
 -0.15006782 -0.15006782 -0.15006782 -0.15006782 -0.15006782  2.63006233
 -0.15006782 -0.15006782 -0.15006782 -0.15006782 -0.15006782 -0.15006782
 -0.15006782 -0.15006782 -0.15006782 -0.15006782 -0.15006782 -0.15006782
 -0.15006782 -0.15006782 -0.15006782 -0.15006782 -0.15006782 -0.15006782
 -0.15006782  5.03659274 -0.15006782 -0.15006782 -0.15006782 -0.15006782
  5.00572461 -0.15006782 -0.15006782 -0.15006782 -0.15006782 -0.15006782
 -0.15006782 -0.15006782 -0.15006782 -0.15006782 -0.15006782 -0.15006782
 -0.15006782 -0.15006782 -0.15006782 -0.15006782 -0.15006782 -0.15006782
 -0.15006782 -0.15006782  4.25323098  2.66736736 -0.15006782 -0.08238614
 -0.15006782 -0.15006782 -0.15006782 -0.15006782  1.07515585 -0.15006782
 -0.15006782 -0.15006782 -0.15006782 -0.15006782  4.76745678 -0.15006782
 -0.15006782 -0.15006782 -0.15006782 -0.15006782 -0.15006782 -0.15006782
 -0.15006782  3.75383199 -0.15006782 -0.15006782 -0.15006782 -0.15006782
 -0.15006782 -0.15006782 -0.15006782 -0.15006782 -0.15006782 -0.15006782
 -0.15006782 -0.15006782 -0.15006782 -0.15006782 -0.15006782 -0.15006782
 -0.15006782 -0.15006782 -0.15006782 -0.15006782 -0.15006782 -0.15006782
 -0.15006782 -0.15006782 -0.15006782 -0.15006782 -0.15006782  5.76337747
 -0.15006782 -0.15006782 -0.15006782 -0.15006782 -0.15006782 -0.15006782
 -0.15006782 -0.15006782 -0.15006782 -0.15006782 -0.15006782 -0.15006782
 -0.15006782 -0.15006782 -0.15006782 -0.15006782 -0.15006782 -0.15006782
 -0.15006782 -0.15006782 -0.15006782 -0.15006782 -0.15006782 -0.15006782
 -0.15006782 -0.15006782 -0.15006782 -0.15006782 -0.15006782 -0.15006782
 -0.15006782 -0.15006782 -0.15006782 -0.15006782 -0.15006782 -0.15006782
 -0.15006782 -0.15006782 -0.15006782 -0.15006782 -0.15006782 -0.15006782
 -0.15006782 -0.15006782 -0.15006782 -0.15006782 -0.15006782 -0.15006782
 -0.15006782 -0.15006782 -0.15006782 -0.15006782 -0.15006782 -0.15006782
 -0.15006782 -0.15006782 -0.15006782 -0.15006782 -0.15006782 -0.15006782
 -0.15006782 -0.15006782 -0.15006782 -0.15006782 -0.15006782 -0.15006782
 -0.15006782 -0.15006782 -0.15006782 -0.15006782 -0.15006782 -0.15006782
 -0.15006782 -0.15006782 -0.15006782 -0.15006782 -0.15006782 -0.15006782
 -0.15006782 -0.15006782 -0.15006782 -0.15006782 -0.15006782 -0.15006782
 -0.15006782 -0.15006782 -0.15006782 -0.15006782 -0.15006782 -0.15006782
 -0.15006782 -0.15006782 -0.15006782 -0.15006782 -0.15006782 -0.15006782
 -0.15006782 -0.15006782 -0.15006782 -0.15006782 -0.15006782 -0.15006782
 -0.15006782 -0.15006782 -0.15006782 -0.15006782 -0.15006782 -0.15006782
 -0.15006782 -0.15006782 -0.15006782 -0.15006782 -0.15006782 -0.15006782
 -0.15006782 -0.15006782 -0.15006782 -0.15006782 -0.15006782 -0.15006782
 -0.15006782 -0.15006782 -0.15006782 -0.15006782 -0.15006782 -0.15006782
 -0.15006782 -0.15006782 -0.15006782 -0.15006782 -0.15006782 -0.15006782
 -0.15006782 -0.15006782 -0.15006782 -0.15006782 -0.15006782 -0.15006782
 -0.15006782 -0.15006782 -0.15006782 -0.15006782 -0.15006782 -0.15006782
 -0.15006782 -0.15006782 -0.15006782 -0.15006782 -0.15006782 -0.15006782
 -0.15006782 -0.15006782  9.96874894 -0.15006782 -0.15006782 -0.15006782
 13.2788883  -0.15006782 -0.15006782 -0.15006782 -0.15006782 -0.15006782
 -0.15006782 -0.15006782 -0.15006782 -0.15006782 -0.15006782 -0.15006782
 -0.15006782 -0.15006782 -0.15006782 -0.15006782 -0.15006782 -0.15006782
 -0.15006782  5.87221156  5.25417927 -0.15006782 -0.15006782 -0.15006782
 -0.15006782 -0.15006782 -0.15006782 -0.15006782 -0.15006782 -0.15006782
 -0.15006782 -0.15006782 -0.15006782 -0.15006782 -0.15006782 -0.15006782
 -0.15006782 -0.15006782 -0.15006782 -0.15006782 -0.15006782 -0.15006782
 -0.15006782 -0.15006782 -0.15006782 -0.15006782 -0.15006782 -0.15006782
 -0.15006782 -0.15006782 -0.15006782 -0.15006782]",[0.0021707070668867956]
8,"[-0.22634055 -0.22634055 -0.22634055 -0.22634055 -0.22634055 -0.22634055
 -0.22634055 -0.22634055 -0.22634055 -0.22634055 -0.22634055 -0.22634055
 -0.22634055 -0.22634055 -0.22634055 -0.22634055 -0.22634055 -0.22634055
 -0.22634055 -0.22634055 -0.22634055 -0.22634055 -0.22634055 -0.22634055
 -0.22634055 -0.22634055 -0.22634055 -0.22634055 -0.22634055 -0.22634055
 -0.22634055 -0.22634055 -0.22634055 -0.22634055 -0.22634055 -0.22634055
 -0.22634055 -0.22634055 -0.22634055 -0.22634055 -0.22634055 -0.22634055
 -0.22634055 -0.22634055 -0.22634055 -0.22634055 -0.22634055 -0.22634055
 -0.22634055 -0.22634055 -0.22634055 -0.22634055 -0.22634055 -0.22634055
 -0.22634055 -0.22634055 -0.22634055 -0.22634055 -0.22634055 -0.22634055
 -0.22634055 -0.22634055 -0.22634055 -0.22634055 -0.22634055 -0.22634055
 -0.22634055 -0.22634055 -0.22634055 -0.22634055 -0.22634055 -0.22634055
 -0.22634055 -0.22634055 -0.22634055 -0.22634055 -0.22634055 -0.22634055
 -0.22634055 -0.22634055 -0.22634055 -0.22634055 -0.22634055  6.50353419
 -0.22634055 -0.22634055 -0.22634055 -0.22634055 -0.22634055 -0.22634055
 -0.22634055 -0.22634055  3.37135934 -0.22634055 -0.22634055 -0.22634055
 -0.22634055 -0.22634055 -0.22634055 -0.22634055 -0.22634055 -0.22634055
 -0.22634055 -0.22634055 -0.22634055 -0.22634055 -0.22634055 -0.22634055
 -0.22634055 -0.22634055  1.63725824 -0.22634055 -0.22634055 -0.22634055
  4.81542653 -0.22634055 -0.22634055 -0.22634055 -0.22634055 -0.22634055
 -0.22634055 -0.22634055 -0.22634055  0.10950531 -0.22634055 -0.22634055
 -0.22634055 -0.22634055 -0.22634055 -0.22634055 -0.22634055 -0.22634055
 -0.22634055 -0.22634055 -0.22634055 -0.22634055 -0.22634055 -0.22634055
 -0.22634055 -0.22634055 -0.22634055 -0.22634055 -0.22634055 -0.22634055
 -0.22634055 -0.22634055 -0.22634055 -0.22634055 -0.22634055 -0.22634055
 -0.22634055 -0.22634055 -0.22634055 -0.22634055 -0.22634055 -0.22634055
 -0.22634055 -0.22634055 -0.22634055 -0.22634055 -0.22634055 -0.22634055
 -0.22634055  4.3533074  -0.22634055 -0.22634055 -0.22634055 -0.22634055
 -0.22634055 -0.22634055 -0.22634055 -0.22634055 -0.22634055  1.16618097
 -0.22634055 -0.22634055 -0.22634055 -0.22634055 -0.22634055 -0.22634055
 -0.22634055 -0.22634055 -0.22634055 -0.22634055 -0.22634055 -0.22634055
 -0.22634055 -0.22634055 -0.22634055 -0.22634055 -0.22634055 -0.22634055
 -0.22634055 -0.22634055 -0.22634055 -0.22634055 -0.22634055 -0.22634055
 -0.22634055 -0.22634055  4.33485214 -0.22634055 -0.22634055 -0.22634055
 -0.22634055 -0.22634055 -0.22634055 -0.22634055 -0.22634055 -0.22634055
  2.42985189 -0.22634055 -0.22634055 -0.22634055 -0.22634055  4.14308987
 -0.22634055 -0.22634055 -0.22634055  1.76708951 -0.22634055 -0.22634055
 -0.22634055 -0.22634055 -0.22634055 -0.22634055 -0.22634055 -0.22634055
 -0.22634055 -0.22634055 -0.22634055 -0.22634055 -0.22634055 -0.22634055
 -0.22634055  3.59168177 -0.22634055  3.00514996  4.27341541 -0.22634055
  4.42793069 -0.22634055  4.78214082 -0.22634055 -0.22634055 -0.22634055
 -0.22634055 -0.22634055 -0.22634055 -0.22634055 -0.22634055 -0.22634055
 -0.22634055 -0.22634055 -0.22634055  4.18695682 -0.22634055 -0.22634055
 -0.22634055 -0.22634055 -0.22634055  4.53873254 -0.22634055  0.11024397
 -0.22634055 -0.22634055 -0.22634055  5.63385178 -0.22634055 -0.22634055
  5.08033314 -0.22634055  0.49364687 -0.22634055 -0.22634055 -0.22634055
 -0.22634055 -0.22634055 -0.22634055 -0.22634055 -0.22634055 -0.22634055
 -0.22634055  3.97717177 -0.22634055 -0.22634055 -0.22634055 -0.22634055
  4.78026701 -0.22634055 -0.22634055 -0.22634055 -0.22634055 -0.22634055
 -0.22634055 -0.22634055 -0.22634055 -0.22634055 -0.22634055 -0.22634055
 -0.22634055 -0.22634055 -0.22634055 -0.22634055 -0.22634055 -0.22634055
  1.8652426  -0.22634055 -0.22634055 -0.22634055 -0.22634055  2.1771763
 -0.22634055 -0.22634055 -0.22634055 -0.22634055 -0.22634055 -0.22634055
 -0.22634055 -0.22634055 -0.22634055 -0.22634055 -0.22634055 -0.22634055
 -0.22634055 -0.22634055 -0.22634055 -0.22634055 -0.22634055 -0.22634055
 -0.22634055 -0.22634055 -0.22634055 -0.22634055 -0.22634055 -0.22634055
 -0.22634055 -0.22634055 -0.22634055 -0.22634055 -0.22634055 -0.22634055
 -0.22634055 -0.22634055 -0.22634055 -0.22634055 -0.22634055 -0.22634055
 -0.22634055 -0.22634055 -0.22634055 -0.22634055 -0.22634055 -0.22634055
 -0.22634055 -0.22634055 -0.22634055 -0.22634055 -0.22634055 -0.22634055
 -0.22634055 -0.22634055 -0.22634055 -0.22634055 -0.22634055 -0.22634055
 -0.22634055 -0.22634055 -0.22634055 -0.22634055 -0.22634055 -0.22634055
 -0.22634055 -0.22634055 -0.22634055 -0.22634055 -0.22634055 -0.22634055
 -0.22634055 -0.22634055 -0.22634055 -0.22634055 -0.22634055 -0.22634055
 -0.22634055 -0.22634055 -0.22634055 -0.22634055 -0.22634055 -0.22634055
 -0.22634055 -0.22634055 -0.22634055 -0.22634055 -0.22634055 -0.22634055
 -0.22634055 -0.22634055 -0.22634055 -0.22634055 -0.22634055 -0.22634055
 -0.22634055 -0.22634055 -0.22634055 -0.22634055 -0.22634055 -0.22634055
 -0.22634055 -0.22634055 -0.22634055 -0.22634055 -0.22634055 -0.22634055
 -0.22634055 -0.22634055 -0.22634055 -0.22634055 -0.22634055 -0.22634055
 -0.22634055 -0.22634055 -0.22634055 -0.22634055 -0.22634055 -0.22634055
 -0.22634055 -0.22634055 -0.22634055 -0.22634055 -0.22634055 -0.22634055
 -0.22634055 -0.22634055 -0.22634055 -0.22634055 -0.22634055 -0.22634055
 -0.22634055 -0.22634055 -0.22634055 -0.22634055 -0.22634055 -0.22634055
 -0.22634055 -0.22634055 -0.22634055 -0.22634055 -0.22634055 -0.22634055
 -0.22634055 -0.22634055 -0.22634055 -0.22634055 -0.22634055 -0.22634055
 -0.22634055 -0.22634055 -0.22634055 -0.22634055 -0.22634055 -0.22634055
 -0.22634055 -0.22634055  6.37775593 -0.22634055  5.55964285 -0.22634055
  5.02592249 -0.22634055 -0.22634055 -0.22634055  5.17718846 -0.22634055
 -0.22634055 -0.22634055 -0.22634055 -0.22634055 -0.22634055 -0.22634055
 -0.22634055 -0.22634055 -0.22634055 -0.22634055 -0.22634055 -0.22634055
 -0.22634055 -0.22634055 -0.22634055 -0.22634055 -0.22634055 -0.22634055
 -0.22634055 -0.22634055 -0.22634055 -0.22634055 -0.22634055 -0.22634055
 -0.22634055 -0.22634055 -0.22634055 -0.22634055 -0.22634055 -0.22634055
 -0.22634055 -0.22634055 -0.22634055 -0.22634055 -0.22634055 -0.22634055
 -0.22634055 -0.22634055 -0.22634055 -0.22634055 -0.22634055 -0.22634055
 -0.22634055 -0.22634055  0.98461994 -0.22634055]",[0.011689578763327935]
8,"[-0.14322634 -0.14322634 -0.14322634 -0.14322634 -0.14322634 -0.14322634
 -0.14322634 -0.14322634 -0.14322634 -0.14322634 -0.14322634 -0.14322634
 -0.14322634 -0.14322634 -0.14322634 -0.14322634 -0.14322634 -0.14322634
 -0.14322634 -0.14322634 -0.14322634 -0.14322634 -0.14322634 -0.14322634
 -0.14322634 -0.14322634 -0.14322634 -0.14322634 -0.14322634 -0.14322634
 -0.14322634 -0.14322634 -0.14322634 -0.14322634 -0.14322634 -0.14322634
 -0.14322634 -0.14322634 -0.14322634 -0.14322634 -0.14322634 -0.14322634
 -0.14322634 -0.14322634 -0.14322634 -0.14322634 -0.14322634 -0.14322634
 -0.14322634 -0.14322634 -0.14322634 -0.14322634 -0.14322634 -0.14322634
 -0.14322634 -0.14322634 -0.14322634 -0.14322634 -0.14322634 -0.14322634
 -0.14322634 -0.14322634 -0.14322634 -0.14322634 -0.14322634 -0.14322634
 -0.14322634 -0.14322634 -0.14322634 -0.14322634 -0.14322634 -0.14322634
 -0.14322634 -0.14322634 -0.14322634 -0.14322634 -0.14322634 -0.14322634
 -0.14322634 -0.14322634 -0.14322634 -0.14322634 -0.14322634 11.87338733
 -0.14322634 -0.14322634 -0.14322634 -0.14322634 -0.14322634 -0.14322634
 -0.14322634 -0.14322634 -0.14322634 -0.14322634 -0.14322634 -0.14322634
 -0.14322634 -0.14322634 -0.14322634 -0.14322634 -0.14322634 -0.14322634
 -0.14322634 -0.14322634 -0.14322634 -0.14322634 -0.14322634 -0.14322634
 -0.14322634 -0.14322634  8.66560507 -0.14322634 -0.14322634 -0.14322634
 -0.14322634 -0.14322634  6.10507033 -0.14322634 -0.14322634 -0.14322634
 -0.14322634 -0.14322634 -0.14322634 -0.14322634 -0.14322634 -0.14322634
 -0.14322634 -0.14322634 -0.14322634 -0.14322634 -0.14322634 -0.14322634
 -0.14322634 -0.14322634 -0.14322634 -0.14322634 -0.14322634 -0.14322634
 -0.14322634 -0.14322634 -0.14322634 -0.14322634 -0.14322634 -0.14322634
 -0.14322634 -0.14322634 -0.14322634 -0.14322634 -0.14322634 -0.14322634
 -0.14322634 -0.14322634 -0.14322634 -0.14322634 -0.14322634 -0.14322634
 -0.14322634 -0.14322634 -0.14322634 -0.14322634 -0.14322634 -0.14322634
 -0.14322634 -0.14322634 -0.14322634 -0.14322634 -0.14322634 -0.14322634
 -0.14322634 -0.14322634 -0.14322634 -0.14322634 -0.14322634 -0.14322634
 -0.14322634 -0.14322634 -0.14322634 -0.14322634 -0.14322634 -0.14322634
 -0.14322634 -0.14322634 -0.14322634 -0.14322634 -0.14322634 -0.14322634
 -0.14322634 -0.14322634 -0.14322634 -0.14322634 -0.14322634 -0.14322634
 -0.14322634 -0.14322634 -0.14322634 -0.14322634 -0.14322634 -0.14322634
 -0.14322634 -0.14322634  6.63456679 -0.14322634 -0.14322634  4.71808608
 -0.14322634 -0.14322634 -0.14322634 -0.14322634 -0.14322634 -0.14322634
  1.69100661 -0.14322634 -0.14322634 -0.14322634 -0.14322634 -0.14322634
 -0.14322634 -0.14322634 -0.14322634 -0.14322634 -0.14322634 -0.14322634
 -0.14322634 -0.14322634 -0.14322634 -0.14322634 -0.14322634 -0.14322634
 -0.14322634 -0.14322634 -0.14322634 -0.14322634 -0.14322634 -0.14322634
 -0.14322634  4.79208847 -0.14322634 -0.14322634 -0.14322634 -0.14322634
 -0.14322634 -0.14322634 -0.14322634 -0.14322634 -0.14322634 -0.14322634
 -0.14322634 -0.14322634 -0.14322634 -0.14322634 -0.14322634 -0.14322634
 -0.14322634 -0.14322634 -0.14322634 -0.14322634  6.41464147 -0.14322634
 -0.14322634 -0.14322634 -0.14322634 -0.14322634 -0.14322634 -0.14322634
 -0.14322634 -0.14322634 -0.14322634 -0.14322634 -0.14322634 -0.14322634
 -0.14322634 -0.14322634 -0.14322634 -0.14322634 -0.14322634  1.56993353
 -0.14322634 -0.14322634 -0.14322634 -0.14322634 -0.14322634 -0.14322634
 -0.14322634 -0.14322634 -0.14322634 -0.14322634 -0.14322634 -0.14322634
 -0.14322634 -0.14322634 -0.14322634 -0.14322634 -0.14322634 -0.14322634
 -0.14322634 -0.14322634 -0.14322634 -0.14322634 -0.14322634 -0.14322634
 -0.14322634 -0.14322634 -0.14322634 -0.14322634 -0.14322634 -0.14322634
 -0.14322634  3.36765212 -0.14322634 -0.14322634 -0.14322634  1.49858446
 -0.14322634 -0.14322634 -0.14322634 -0.14322634 -0.14322634 -0.14322634
 -0.14322634 -0.14322634 -0.14322634 -0.14322634 -0.14322634 -0.14322634
 -0.14322634 -0.14322634 -0.14322634 -0.14322634 -0.14322634 -0.14322634
 -0.14322634 -0.14322634 -0.14322634 -0.14322634 -0.14322634 -0.14322634
 -0.14322634 -0.14322634 -0.14322634 -0.14322634 -0.14322634 -0.14322634
 -0.14322634 -0.14322634 -0.14322634 -0.14322634 -0.14322634 -0.14322634
 -0.14322634 -0.14322634 -0.14322634 -0.14322634 -0.14322634 -0.14322634
 -0.14322634 -0.14322634 -0.14322634 -0.14322634 -0.14322634 -0.14322634
 -0.14322634 -0.14322634 -0.14322634 -0.14322634 -0.14322634 -0.14322634
 -0.14322634 -0.14322634 -0.14322634 -0.14322634 -0.14322634 -0.14322634
 -0.14322634 -0.14322634 -0.14322634 -0.14322634 -0.14322634 -0.14322634
 -0.14322634 -0.14322634 -0.14322634 -0.14322634 -0.14322634 -0.14322634
 -0.14322634 -0.14322634 -0.14322634 -0.14322634 -0.14322634 -0.14322634
 -0.14322634 -0.14322634 -0.14322634 -0.14322634 -0.14322634 -0.14322634
 -0.14322634 -0.14322634 -0.14322634 -0.14322634 -0.14322634 -0.14322634
 -0.14322634 -0.14322634 -0.14322634 -0.14322634 -0.14322634 -0.14322634
 -0.14322634 -0.14322634 -0.14322634 -0.14322634 -0.14322634 -0.14322634
 -0.14322634 -0.14322634 -0.14322634 -0.14322634 -0.14322634 -0.14322634
 -0.14322634 -0.14322634 -0.14322634 -0.14322634 -0.14322634 -0.14322634
 -0.14322634 -0.14322634 -0.14322634 -0.14322634 -0.14322634 -0.14322634
 -0.14322634 -0.14322634 -0.14322634 -0.14322634 -0.14322634 -0.14322634
 -0.14322634 -0.14322634 -0.14322634 -0.14322634 -0.14322634 -0.14322634
 -0.14322634 -0.14322634 -0.14322634 -0.14322634 -0.14322634 -0.14322634
  0.80353285 -0.14322634 -0.14322634 -0.14322634 -0.14322634 -0.14322634
 -0.14322634 -0.14322634 -0.14322634 -0.14322634 -0.14322634 -0.14322634
 -0.14322634 -0.14322634  5.83925604 -0.14322634 -0.14322634 -0.14322634
 -0.14322634 -0.14322634 -0.14322634 -0.14322634 -0.14322634 -0.14322634
 -0.14322634 -0.14322634 -0.14322634 -0.14322634 -0.14322634 -0.14322634
 -0.14322634 -0.14322634 -0.14322634 -0.14322634 -0.14322634 -0.14322634
 -0.14322634 -0.14322634 -0.14322634 -0.14322634 -0.14322634 -0.14322634
 -0.14322634 -0.14322634 -0.14322634 -0.14322634 -0.14322634 -0.14322634
 -0.14322634 -0.14322634 -0.14322634 -0.14322634 -0.14322634 -0.14322634
 -0.14322634 -0.14322634 -0.14322634 -0.14322634 -0.14322634 -0.14322634
 -0.14322634 -0.14322634 -0.14322634 -0.14322634 -0.14322634 -0.14322634
 -0.14322634 -0.14322634  8.49911448 -0.14322634]",[-0.07773241455211452]
8,"[-0.19887596 -0.19887596 -0.19887596 -0.19887596 -0.19887596 -0.19887596
 -0.19887596 -0.19887596 -0.19887596 -0.19887596 -0.19887596 -0.19887596
 -0.19887596 -0.19887596 -0.19887596 -0.19887596 -0.19887596 -0.19887596
 -0.19887596 -0.19887596 -0.19887596 -0.19887596 -0.19887596 -0.19887596
 -0.19887596 -0.19887596 -0.19887596 -0.19887596 -0.19887596 -0.19887596
 -0.19887596 -0.19887596 -0.19887596 -0.19887596 -0.19887596 -0.19887596
 -0.19887596 -0.19887596 -0.19887596 -0.19887596 -0.19887596 -0.19887596
 -0.19887596 -0.19887596 -0.19887596 -0.19887596 -0.19887596 -0.19887596
 -0.19887596 -0.19887596 -0.19887596 -0.19887596 -0.19887596 -0.19887596
 -0.19887596 -0.19887596 -0.19887596 -0.19887596 -0.19887596 -0.19887596
 -0.19887596 -0.19887596 -0.19887596 -0.19887596 -0.19887596 -0.19887596
 -0.19887596 -0.19887596 -0.19887596 -0.19887596 -0.19887596 -0.19887596
 -0.19887596 -0.19887596 -0.19887596 -0.19887596 -0.19887596 -0.19887596
 -0.19887596 -0.19887596 -0.19887596 -0.19887596 -0.19887596  8.11694421
 -0.19887596 -0.19887596  4.76060256 -0.19887596 -0.19887596 -0.19887596
 -0.19887596 -0.19887596 -0.19887596 -0.19887596 -0.19887596 -0.19887596
 -0.19887596 -0.19887596 -0.19887596 -0.19887596 -0.19887596 -0.19887596
 -0.19887596 -0.19887596 -0.19887596 -0.19887596 -0.19887596 -0.19887596
 -0.19887596 -0.19887596  6.83816998 -0.19887596 -0.19887596 -0.19887596
 -0.19887596 -0.19887596  3.94148019 -0.19887596 -0.19887596 -0.19887596
 -0.19887596 -0.19887596 -0.19887596 -0.19887596 -0.19887596 -0.19887596
 -0.19887596 -0.19887596 -0.19887596 -0.19887596 -0.19887596 -0.19887596
 -0.19887596 -0.19887596 -0.19887596 -0.19887596 -0.19887596 -0.19887596
 -0.19887596 -0.19887596 -0.19887596 -0.19887596 -0.19887596 -0.19887596
 -0.19887596 -0.19887596 -0.19887596 -0.19887596 -0.19887596 -0.19887596
 -0.19887596 -0.19887596 -0.19887596 -0.19887596 -0.19887596 -0.19887596
 -0.19887596 -0.19887596 -0.19887596 -0.19887596 -0.19887596 -0.19887596
 -0.19887596  0.16806942 -0.19887596 -0.19887596 -0.19887596 -0.19887596
 -0.19887596 -0.19887596 -0.19887596 -0.19887596 -0.19887596 -0.19887596
 -0.19887596 -0.19887596 -0.19887596 -0.19887596 -0.19887596 -0.19887596
 -0.19887596 -0.19887596 -0.19887596 -0.19887596 -0.19887596 -0.19887596
 -0.19887596 -0.19887596 -0.19887596 -0.19887596 -0.19887596 -0.19887596
 -0.19887596 -0.19887596 -0.19887596 -0.19887596 -0.19887596 -0.19887596
 -0.19887596 -0.19887596  3.13928896 -0.19887596 -0.19887596  4.30111358
 -0.19887596 -0.19887596  1.48928155 -0.19887596 -0.19887596 -0.19887596
  2.73461167 -0.19887596 -0.19887596 -0.19887596 -0.19887596  4.09679454
 -0.19887596 -0.19887596 -0.19887596 -0.19887596 -0.19887596 -0.19887596
 -0.19887596 -0.19887596 -0.19887596 -0.19887596 -0.19887596 -0.19887596
 -0.19887596 -0.19887596 -0.19887596 -0.19887596 -0.19887596 -0.19887596
 -0.19887596  4.91413055 -0.19887596 -0.19887596  2.70350303 -0.19887596
 -0.19887596 -0.19887596 -0.19887596 -0.19887596 -0.19887596 -0.19887596
 -0.19887596 -0.19887596 -0.19887596 -0.19887596 -0.19887596 -0.19887596
 -0.19887596 -0.19887596 -0.19887596  4.39719302  5.60934189 -0.19887596
 -0.19887596 -0.19887596 -0.19887596  3.27670748 -0.19887596  0.12250799
 -0.19887596 -0.19887596 -0.19887596 -0.19887596 -0.19887596 -0.19887596
 -0.19887596 -0.19887596 -0.19887596 -0.19887596 -0.19887596 -0.19887596
 -0.19887596 -0.19887596 -0.19887596 -0.19887596 -0.19887596 -0.19887596
 -0.19887596 -0.19887596 -0.19887596 -0.19887596 -0.19887596 -0.19887596
 -0.19887596 -0.19887596 -0.19887596 -0.19887596 -0.19887596 -0.19887596
 -0.19887596 -0.19887596 -0.19887596 -0.19887596 -0.19887596 -0.19887596
 -0.19887596 -0.19887596 -0.19887596 -0.19887596 -0.19887596 -0.19887596
  5.20903434  7.9389335  -0.19887596 -0.19887596 -0.19887596  5.66409588
 -0.19887596 -0.19887596 -0.19887596 -0.19887596 -0.19887596 -0.19887596
 -0.19887596 -0.19887596 -0.19887596 -0.19887596 -0.19887596 -0.19887596
 -0.19887596 -0.19887596 -0.19887596 -0.19887596 -0.19887596 -0.19887596
 -0.19887596 -0.19887596 -0.19887596 -0.19887596 -0.19887596 -0.19887596
 -0.19887596 -0.19887596 -0.19887596 -0.19887596 -0.19887596 -0.19887596
 -0.19887596 -0.19887596 -0.19887596 -0.19887596 -0.19887596 -0.19887596
 -0.19887596 -0.19887596 -0.19887596 -0.19887596 -0.19887596 -0.19887596
 -0.19887596 -0.19887596 -0.19887596 -0.19887596 -0.19887596 -0.19887596
 -0.19887596 -0.19887596 -0.19887596 -0.19887596 -0.19887596 -0.19887596
 -0.19887596 -0.19887596 -0.19887596 -0.19887596 -0.19887596 -0.19887596
 -0.19887596 -0.19887596 -0.19887596 -0.19887596 -0.19887596 -0.19887596
 -0.19887596 -0.19887596 -0.19887596 -0.19887596 -0.19887596 -0.19887596
 -0.19887596 -0.19887596 -0.19887596 -0.19887596 -0.19887596 -0.19887596
 -0.19887596 -0.19887596 -0.19887596 -0.19887596 -0.19887596 -0.19887596
 -0.19887596 -0.19887596 -0.19887596 -0.19887596 -0.19887596 -0.19887596
 -0.19887596 -0.19887596 -0.19887596 -0.19887596 -0.19887596 -0.19887596
 -0.19887596 -0.19887596 -0.19887596 -0.19887596 -0.19887596 -0.19887596
 -0.19887596 -0.19887596 -0.19887596 -0.19887596 -0.19887596 -0.19887596
 -0.19887596 -0.19887596 -0.19887596 -0.19887596 -0.19887596 -0.19887596
 -0.19887596 -0.19887596 -0.19887596 -0.19887596 -0.19887596 -0.19887596
 -0.19887596 -0.19887596 -0.19887596 -0.19887596 -0.19887596 -0.19887596
 -0.19887596 -0.19887596 -0.19887596 -0.19887596 -0.19887596 -0.19887596
 -0.19887596 -0.19887596 -0.19887596 -0.19887596 -0.19887596 -0.19887596
  0.6115873  -0.19887596 -0.19887596 -0.19887596 -0.19887596 -0.19887596
 -0.19887596 -0.19887596 -0.19887596 -0.19887596 -0.19887596 -0.19887596
 -0.19887596 -0.19887596  3.96446129 -0.19887596 -0.19887596 -0.19887596
 -0.19887596 -0.19887596 -0.19887596 -0.19887596 -0.19887596 -0.19887596
 -0.19887596 -0.19887596 -0.19887596 -0.19887596 -0.19887596 -0.19887596
 -0.19887596 -0.19887596 -0.19887596 -0.19887596 -0.19887596  4.96878258
 -0.19887596  5.54113924  2.30975743 -0.19887596 -0.19887596 -0.19887596
 -0.19887596 -0.19887596 -0.19887596 -0.19887596 -0.19887596  1.62606894
 -0.19887596 -0.19887596 -0.19887596 -0.19887596 -0.19887596 -0.19887596
 -0.19887596 -0.19887596 -0.19887596 -0.19887596 -0.19887596 -0.19887596
 -0.19887596 -0.19887596 -0.19887596 -0.19887596 -0.19887596 -0.19887596
 -0.19887596 -0.19887596 -0.19887596 -0.19887596]",[-0.018695064832210312]
8,"[-0.19630387 -0.19630387 -0.19630387 -0.19630387 -0.19630387 -0.19630387
 -0.19630387 -0.19630387 -0.19630387 -0.19630387 -0.19630387 -0.19630387
 -0.19630387 -0.19630387 -0.19630387 -0.19630387 -0.19630387 -0.19630387
 -0.19630387 -0.19630387 -0.19630387 -0.19630387 -0.19630387 -0.19630387
 -0.19630387 -0.19630387 -0.19630387 -0.19630387 -0.19630387 -0.19630387
 -0.19630387 -0.19630387 -0.19630387 -0.19630387 -0.19630387 -0.19630387
 -0.19630387 -0.19630387 -0.19630387 -0.19630387 -0.19630387 -0.19630387
 -0.19630387 -0.19630387 -0.19630387 -0.19630387 -0.19630387 -0.19630387
 -0.19630387 -0.19630387 -0.19630387 -0.19630387 -0.19630387 -0.19630387
 -0.19630387 -0.19630387 -0.19630387 -0.19630387 -0.19630387 -0.19630387
 -0.19630387 -0.19630387 -0.19630387 -0.19630387 -0.19630387 -0.19630387
 -0.19630387 -0.19630387 -0.19630387 -0.19630387 -0.19630387 -0.19630387
 -0.19630387 -0.19630387 -0.19630387 -0.19630387 -0.19630387 -0.19630387
 -0.19630387 -0.19630387 -0.19630387 -0.19630387 -0.19630387  8.32608686
 -0.19630387 -0.19630387 -0.19630387 -0.19630387 -0.19630387  6.60853809
 -0.19630387 -0.19630387 -0.19630387 -0.19630387 -0.19630387 -0.19630387
 -0.19630387 -0.19630387 -0.19630387 -0.19630387 -0.19630387 -0.19630387
 -0.19630387 -0.19630387 -0.19630387 -0.19630387 -0.19630387 -0.19630387
 -0.19630387 -0.19630387  6.79725882 -0.19630387 -0.19630387 -0.19630387
 -0.19630387 -0.19630387  5.74270581 -0.19630387 -0.19630387 -0.19630387
 -0.19630387 -0.19630387 -0.19630387 -0.19630387  0.9429442  -0.19630387
 -0.19630387 -0.19630387 -0.19630387 -0.19630387 -0.19630387 -0.19630387
 -0.19630387 -0.19630387 -0.19630387 -0.19630387 -0.19630387 -0.19630387
 -0.19630387 -0.19630387 -0.19630387 -0.19630387 -0.19630387 -0.19630387
 -0.19630387 -0.19630387 -0.19630387 -0.19630387 -0.19630387 -0.19630387
 -0.19630387 -0.19630387 -0.19630387 -0.19630387 -0.19630387 -0.19630387
 -0.19630387 -0.19630387 -0.19630387 -0.19630387 -0.19630387 -0.19630387
 -0.19630387 -0.19630387 -0.19630387 -0.19630387 -0.19630387 -0.19630387
 -0.19630387 -0.19630387 -0.19630387 -0.19630387 -0.19630387 -0.19630387
 -0.19630387 -0.19630387 -0.19630387 -0.19630387 -0.19630387 -0.19630387
 -0.19630387 -0.19630387 -0.19630387 -0.19630387 -0.19630387 -0.19630387
 -0.19630387 -0.19630387 -0.19630387 -0.19630387 -0.19630387 -0.19630387
 -0.19630387 -0.19630387 -0.19630387 -0.19630387 -0.19630387 -0.19630387
 -0.19630387 -0.19630387 -0.19630387 -0.19630387 -0.19630387 -0.19630387
 -0.19630387 -0.19630387 -0.19630387 -0.19630387 -0.19630387  1.95247889
 -0.19630387 -0.19630387 -0.19630387 -0.19630387 -0.19630387  3.85736577
 -0.19630387 -0.19630387 -0.19630387 -0.19630387 -0.19630387 -0.19630387
 -0.19630387 -0.19630387 -0.19630387 -0.19630387 -0.19630387 -0.19630387
 -0.19630387 -0.19630387 -0.19630387  0.73974538 -0.19630387 -0.19630387
 -0.19630387  4.20803708 -0.19630387  1.64086697  3.05342794 -0.19630387
  4.68494413 -0.19630387 -0.19630387 -0.19630387 -0.19630387 -0.19630387
 -0.19630387 -0.19630387 -0.19630387 -0.19630387 -0.19630387 -0.19630387
 -0.19630387 -0.19630387 -0.19630387 -0.19630387 -0.19630387 -0.19630387
 -0.19630387 -0.19630387 -0.19630387  2.82313865 -0.19630387 -0.08773129
 -0.19630387 -0.19630387 -0.19630387 -0.19630387 -0.19630387 -0.19630387
 -0.19630387 -0.19630387  6.27984851 -0.19630387  2.07942721 -0.19630387
 -0.19630387 -0.19630387 -0.19630387 -0.19630387 -0.19630387 -0.19630387
 -0.19630387  1.17435824 -0.19630387 -0.19630387 -0.19630387  5.3594722
 -0.19630387 -0.19630387 -0.19630387 -0.19630387 -0.19630387 -0.19630387
 -0.19630387 -0.19630387 -0.19630387 -0.19630387 -0.19630387 -0.19630387
 -0.19630387 -0.19630387 -0.19630387 -0.19630387 -0.19630387 -0.19630387
 -0.19630387 -0.19630387 -0.19630387 -0.19630387 -0.19630387  4.26935815
 -0.19630387 -0.19630387 -0.19630387 -0.19630387 -0.19630387 -0.19630387
 -0.19630387 -0.19630387 -0.19630387 -0.19630387 -0.19630387 -0.19630387
 -0.19630387 -0.19630387 -0.19630387 -0.19630387 -0.19630387 -0.19630387
 -0.19630387 -0.19630387 -0.19630387 -0.19630387 -0.19630387 -0.19630387
 -0.19630387 -0.19630387 -0.19630387 -0.19630387 -0.19630387 -0.19630387
 -0.19630387 -0.19630387 -0.19630387 -0.19630387 -0.19630387 -0.19630387
 -0.19630387 -0.19630387 -0.19630387 -0.19630387 -0.19630387 -0.19630387
 -0.19630387 -0.19630387 -0.19630387 -0.19630387 -0.19630387 -0.19630387
 -0.19630387 -0.19630387 -0.19630387 -0.19630387 -0.19630387 -0.19630387
 -0.19630387 -0.19630387 -0.19630387 -0.19630387 -0.19630387 -0.19630387
 -0.19630387 -0.19630387 -0.19630387 -0.19630387 -0.19630387 -0.19630387
 -0.19630387 -0.19630387 -0.19630387 -0.19630387 -0.19630387 -0.19630387
 -0.19630387 -0.19630387 -0.19630387 -0.19630387 -0.19630387 -0.19630387
 -0.19630387 -0.19630387 -0.19630387 -0.19630387 -0.19630387 -0.19630387
 -0.19630387 -0.19630387 -0.19630387 -0.19630387 -0.19630387 -0.19630387
 -0.19630387 -0.19630387 -0.19630387 -0.19630387 -0.19630387 -0.19630387
 -0.19630387 -0.19630387 -0.19630387 -0.19630387 -0.19630387 -0.19630387
 -0.19630387 -0.19630387 -0.19630387 -0.19630387 -0.19630387 -0.19630387
 -0.19630387 -0.19630387 -0.19630387 -0.19630387 -0.19630387  6.70862974
 -0.19630387 -0.19630387 -0.19630387 -0.19630387 -0.19630387 -0.19630387
 -0.19630387 -0.19630387 -0.19630387 -0.19630387 -0.19630387 -0.19630387
 -0.19630387 -0.19630387 -0.19630387 -0.19630387 -0.19630387 -0.19630387
  3.97201058 -0.19630387 -0.19630387 -0.19630387 -0.19630387 -0.19630387
 -0.19630387 -0.19630387 -0.19630387 -0.19630387 -0.19630387 -0.19630387
 -0.19630387 -0.19630387 -0.19630387 -0.19630387 -0.19630387 -0.19630387
 -0.19630387 -0.19630387  1.69389006 -0.19630387 -0.19630387 -0.19630387
  7.16330605 -0.19630387 -0.19630387 -0.19630387 -0.19630387 -0.19630387
 -0.19630387 -0.19630387 -0.19630387 -0.19630387 -0.19630387 -0.19630387
 -0.19630387 -0.19630387 -0.19630387 -0.19630387 -0.19630387 -0.19630387
 -0.19630387  3.56294225 -0.19630387 -0.19630387 -0.19630387  0.40558519
 -0.19630387 -0.19630387 -0.19630387 -0.19630387 -0.19630387 -0.19630387
 -0.19630387 -0.19630387 -0.19630387 -0.19630387 -0.19630387 -0.19630387
 -0.19630387 -0.19630387 -0.19630387 -0.19630387 -0.19630387 -0.19630387
 -0.19630387 -0.19630387 -0.19630387 -0.19630387 -0.19630387 -0.19630387
 -0.19630387 -0.19630387  3.01547646 -0.19630387]",[-0.02790866781829085]
8,"[-0.21374921 -0.21374921 -0.21374921 -0.21374921 -0.21374921 -0.21374921
 -0.21374921 -0.21374921 -0.21374921 -0.21374921 -0.21374921 -0.21374921
 -0.21374921 -0.21374921 -0.21374921 -0.21374921 -0.21374921 -0.21374921
 -0.21374921 -0.21374921 -0.21374921 -0.21374921 -0.21374921 -0.21374921
 -0.21374921 -0.21374921 -0.21374921 -0.21374921 -0.21374921 -0.21374921
 -0.21374921 -0.21374921 -0.21374921 -0.21374921 -0.21374921 -0.21374921
 -0.21374921 -0.21374921 -0.21374921 -0.21374921 -0.21374921 -0.21374921
 -0.21374921 -0.21374921 -0.21374921 -0.21374921 -0.21374921 -0.21374921
 -0.21374921 -0.21374921 -0.21374921 -0.21374921 -0.21374921 -0.21374921
 -0.21374921 -0.21374921 -0.21374921 -0.21374921 -0.21374921 -0.21374921
 -0.21374921 -0.21374921 -0.21374921 -0.21374921 -0.21374921 -0.21374921
 -0.21374921 -0.21374921 -0.21374921 -0.21374921 -0.21374921 -0.21374921
 -0.21374921 -0.21374921 -0.21374921 -0.21374921 -0.21374921 -0.21374921
 -0.21374921 -0.21374921 -0.21374921 -0.21374921 -0.21374921  7.78763005
 -0.21374921 -0.21374921 -0.21374921 -0.21374921 -0.21374921 -0.21374921
 -0.21374921 -0.21374921  2.50849272 -0.21374921 -0.21374921 -0.21374921
 -0.21374921 -0.21374921 -0.21374921 -0.21374921 -0.21374921 -0.21374921
 -0.21374921 -0.21374921 -0.21374921 -0.21374921 -0.21374921 -0.21374921
 -0.21374921 -0.21374921  8.0266359  -0.21374921 -0.21374921 -0.21374921
 -0.21374921 -0.21374921 -0.21374921 -0.21374921 -0.21374921 -0.21374921
 -0.21374921 -0.21374921 -0.21374921 -0.21374921 -0.21374921 -0.21374921
 -0.21374921 -0.21374921 -0.21374921 -0.21374921 -0.21374921 -0.21374921
 -0.21374921 -0.21374921 -0.21374921 -0.21374921 -0.21374921 -0.21374921
 -0.21374921 -0.21374921 -0.21374921 -0.21374921 -0.21374921 -0.21374921
 -0.21374921 -0.21374921 -0.21374921 -0.21374921 -0.21374921 -0.21374921
 -0.21374921 -0.21374921 -0.21374921 -0.21374921 -0.21374921 -0.21374921
 -0.21374921 -0.21374921 -0.21374921 -0.21374921 -0.21374921 -0.21374921
 -0.21374921 -0.21374921 -0.21374921 -0.21374921 -0.21374921 -0.21374921
 -0.21374921 -0.21374921 -0.21374921 -0.21374921 -0.21374921 -0.21374921
 -0.21374921 -0.21374921 -0.21374921 -0.21374921 -0.21374921 -0.21374921
 -0.21374921 -0.21374921 -0.21374921 -0.21374921 -0.21374921 -0.21374921
 -0.21374921 -0.21374921 -0.21374921 -0.21374921 -0.21374921 -0.21374921
 -0.21374921 -0.21374921 -0.21374921 -0.21374921 -0.21374921 -0.21374921
 -0.21374921 -0.21374921 -0.21374921 -0.21374921 -0.21374921 -0.21374921
 -0.21374921 -0.21374921 -0.21374921 -0.21374921 -0.21374921 -0.21374921
  2.32633709 -0.21374921  0.17623748 -0.21374921 -0.21374921  0.94954813
 -0.21374921 -0.21374921 -0.21374921 -0.21374921 -0.21374921 -0.21374921
 -0.21374921 -0.21374921 -0.21374921 -0.21374921 -0.21374921 -0.21374921
 -0.21374921 -0.21374921 -0.21374921  1.58488475 -0.21374921 -0.21374921
 -0.21374921  2.38833007 -0.21374921  3.49583471  4.89963609 -0.21374921
  5.13680971  0.95532336 -0.21374921 -0.21374921 -0.21374921 -0.21374921
 -0.21374921 -0.21374921 -0.21374921 -0.21374921 -0.21374921 -0.21374921
 -0.21374921 -0.21374921  3.07511321 -0.21374921 -0.21374921 -0.21374921
 -0.21374921 -0.21374921  3.49583471  3.30582783 -0.21374921  1.88246016
 -0.21374921 -0.21374921 -0.21374921  2.50849272  0.63798627 -0.21374921
 -0.21374921 -0.21374921  6.78497835 -0.21374921  5.13217639 -0.21374921
 -0.21374921  1.97508721 -0.21374921  2.50420258 -0.21374921 -0.21374921
 -0.21374921  1.18980851 -0.21374921 -0.21374921 -0.21374921  5.08228765
 -0.21374921 -0.21374921 -0.21374921 -0.21374921 -0.21374921 -0.21374921
 -0.21374921 -0.21374921 -0.21374921 -0.21374921 -0.21374921 -0.21374921
 -0.21374921 -0.21374921 -0.21374921 -0.21374921 -0.21374921 -0.21374921
 -0.21374921 -0.21374921 -0.21374921 -0.21374921 -0.21374921  5.88240457
 -0.21374921 -0.21374921 -0.21374921 -0.21374921 -0.21374921 -0.21374921
 -0.21374921 -0.21374921 -0.21374921 -0.21374921 -0.21374921 -0.21374921
 -0.21374921 -0.21374921 -0.21374921 -0.21374921 -0.21374921 -0.21374921
 -0.21374921 -0.21374921 -0.21374921 -0.21374921 -0.21374921 -0.21374921
 -0.21374921 -0.21374921 -0.21374921 -0.21374921 -0.21374921 -0.21374921
 -0.21374921 -0.21374921 -0.21374921 -0.21374921 -0.21374921 -0.21374921
 -0.21374921 -0.21374921 -0.21374921 -0.21374921 -0.21374921 -0.21374921
 -0.21374921 -0.21374921 -0.21374921 -0.21374921 -0.21374921 -0.21374921
 -0.21374921 -0.21374921 -0.21374921 -0.21374921 -0.21374921 -0.21374921
 -0.21374921 -0.21374921 -0.21374921 -0.21374921 -0.21374921 -0.21374921
 -0.21374921 -0.21374921 -0.21374921 -0.21374921 -0.21374921 -0.21374921
 -0.21374921 -0.21374921 -0.21374921 -0.21374921 -0.21374921 -0.21374921
 -0.21374921 -0.21374921 -0.21374921 -0.21374921 -0.21374921 -0.21374921
 -0.21374921 -0.21374921 -0.21374921 -0.21374921 -0.21374921 -0.21374921
 -0.21374921 -0.21374921 -0.21374921 -0.21374921 -0.21374921 -0.21374921
 -0.21374921 -0.21374921 -0.21374921 -0.21374921 -0.21374921 -0.21374921
 -0.21374921 -0.21374921 -0.21374921 -0.21374921 -0.21374921 -0.21374921
 -0.21374921 -0.21374921 -0.21374921 -0.21374921 -0.21374921 -0.21374921
 -0.21374921 -0.21374921 -0.21374921 -0.21374921  6.80116477 -0.21374921
 -0.21374921 -0.21374921 -0.21374921 -0.21374921 -0.21374921 -0.21374921
 -0.21374921 -0.21374921 -0.21374921 -0.21374921 -0.21374921 -0.21374921
 -0.21374921 -0.21374921 -0.21374921 -0.21374921 -0.21374921 -0.21374921
 -0.21374921 -0.21374921 -0.21374921 -0.21374921 -0.21374921 -0.21374921
 -0.21374921 -0.21374921 -0.21374921 -0.21374921 -0.21374921 -0.21374921
 -0.21374921 -0.21374921 -0.21374921 -0.21374921 -0.21374921 -0.21374921
 -0.21374921 -0.21374921  2.78135529 -0.21374921 -0.21374921 -0.21374921
  4.53337912 -0.21374921 -0.21374921 -0.21374921 -0.21374921 -0.21374921
 -0.21374921 -0.21374921 -0.21374921 -0.21374921 -0.21374921 -0.21374921
 -0.21374921 -0.21374921 -0.21374921 -0.21374921 -0.21374921 -0.21374921
 -0.21374921  4.55226518 -0.21374921 -0.21374921 -0.21374921 -0.21374921
 -0.21374921 -0.21374921 -0.21374921 -0.21374921 -0.21374921 -0.21374921
 -0.21374921 -0.21374921 -0.21374921 -0.21374921 -0.21374921 -0.21374921
 -0.21374921 -0.21374921 -0.21374921 -0.21374921 -0.21374921 -0.21374921
 -0.21374921 -0.21374921 -0.21374921 -0.21374921 -0.21374921 -0.21374921
 -0.21374921 -0.21374921  2.37659059 -0.21374921]",[0.026189331792519227]
8,"[-0.19699395 -0.19699395 -0.19699395 -0.19699395 -0.19699395 -0.19699395
 -0.19699395 -0.19699395 -0.19699395 -0.19699395 -0.19699395 -0.19699395
 -0.19699395 -0.19699395 -0.19699395 -0.19699395 -0.19699395 -0.19699395
  1.91612599 -0.19699395 -0.19699395 -0.19699395 -0.19699395 -0.19699395
 -0.19699395 -0.19699395 -0.19699395 -0.19699395 -0.19699395 -0.19699395
 -0.19699395 -0.19699395 -0.19699395 -0.19699395 -0.19699395 -0.19699395
 -0.19699395 -0.19699395 -0.19699395 -0.19699395 -0.19699395 -0.19699395
 -0.19699395 -0.19699395 -0.19699395 -0.19699395 -0.19699395 -0.19699395
 -0.19699395 -0.19699395 -0.19699395 -0.19699395 -0.19699395 -0.19699395
 -0.19699395 -0.19699395 -0.19699395 -0.19699395 -0.19699395 -0.19699395
 -0.19699395 -0.19699395 -0.19699395 -0.19699395 -0.19699395 -0.19699395
 -0.19699395 -0.19699395 -0.19699395 -0.19699395 -0.19699395 -0.19699395
 -0.19699395 -0.19699395 -0.19699395 -0.19699395 -0.19699395 -0.19699395
 -0.19699395 -0.19699395 -0.19699395 -0.19699395 -0.19699395  8.05980433
 -0.19699395 -0.19699395 -0.19699395 -0.19699395 -0.19699395 -0.19699395
 -0.19699395 -0.19699395  2.15346067 -0.19699395 -0.19699395 -0.19699395
 -0.19699395 -0.19699395 -0.19699395 -0.19699395 -0.19699395 -0.19699395
 -0.19699395 -0.19699395 -0.19699395 -0.19699395 -0.19699395 -0.19699395
 -0.19699395 -0.19699395  5.93371283 -0.19699395 -0.19699395 -0.19699395
 -0.19699395 -0.19699395  6.26917018 -0.19699395 -0.19699395 -0.19699395
 -0.19699395 -0.19699395 -0.19699395 -0.19699395 -0.19699395 -0.19699395
 -0.19699395 -0.19699395 -0.19699395 -0.19699395 -0.19699395 -0.19699395
 -0.19699395 -0.19699395 -0.19699395 -0.19699395 -0.19699395 -0.19699395
 -0.19699395 -0.19699395 -0.19699395 -0.19699395 -0.19699395 -0.19699395
 -0.19699395 -0.19699395 -0.19699395 -0.19699395 -0.19699395 -0.19699395
 -0.19699395 -0.19699395 -0.19699395 -0.19699395 -0.19699395 -0.19699395
 -0.19699395 -0.19699395 -0.19699395 -0.19699395 -0.19699395 -0.19699395
 -0.19699395 -0.19699395 -0.19699395 -0.19699395 -0.19699395 -0.19699395
 -0.19699395 -0.19699395 -0.19699395 -0.19699395 -0.19699395 -0.19699395
 -0.19699395 -0.19699395 -0.19699395 -0.19699395 -0.19699395 -0.19699395
 -0.19699395 -0.19699395 -0.19699395 -0.19699395 -0.19699395 -0.19699395
 -0.19699395 -0.19699395 -0.19699395 -0.19699395 -0.19699395 -0.19699395
 -0.19699395 -0.19699395 -0.19699395 -0.19699395 -0.19699395 -0.19699395
 -0.19699395 -0.19699395 -0.19699395 -0.19699395 -0.19699395  2.23396961
 -0.19699395 -0.19699395 -0.19699395 -0.19699395 -0.19699395 -0.19699395
  1.54887495 -0.19699395 -0.19699395 -0.19699395 -0.19699395  1.07318841
 -0.19699395 -0.19699395 -0.19699395 -0.19699395 -0.19699395 -0.19699395
 -0.19699395 -0.19699395 -0.19699395 -0.19699395 -0.19699395 -0.19699395
 -0.19699395 -0.19699395 -0.19699395 -0.19699395 -0.19699395 -0.19699395
 -0.19699395  1.99788947 -0.19699395 -0.19699395 -0.19699395 -0.19699395
  3.37916601 -0.19699395 -0.19699395 -0.19699395 -0.19699395 -0.19699395
 -0.19699395 -0.19699395 -0.19699395 -0.19699395 -0.19699395 -0.19699395
 -0.19699395 -0.19699395 -0.19699395 -0.19699395 -0.19699395 -0.19699395
 -0.19699395 -0.19699395 -0.19699395  4.16145089 -0.19699395  0.20695233
 -0.19699395 -0.19699395 -0.19699395 -0.19699395 -0.19699395 -0.19699395
 -0.19699395 -0.19699395 -0.19699395 -0.19699395  3.50203002 -0.19699395
 -0.19699395 -0.19699395 -0.19699395 -0.19699395 -0.19699395 -0.19699395
  4.69701475  0.59329842 -0.19699395 -0.19699395 -0.19699395  4.67488671
 -0.19699395 -0.19699395 -0.19699395 -0.19699395 -0.19699395 -0.19699395
 -0.19699395 -0.19699395  6.38925978 -0.19699395 -0.19699395 -0.19699395
 -0.19699395 -0.19699395 -0.19699395 -0.19699395 -0.19699395 -0.19699395
 -0.19699395 -0.19699395 -0.19699395 -0.19699395 -0.19699395  1.80850236
 -0.19699395 -0.19699395 -0.19699395 -0.19699395 -0.19699395 -0.19699395
 -0.19699395 -0.19699395 -0.19699395 -0.19699395  2.99306549 -0.19699395
 -0.19699395 -0.19699395 -0.19699395 -0.19699395 -0.19699395 -0.19699395
 -0.19699395 -0.19699395 -0.19699395 -0.19699395 -0.19699395 -0.19699395
 -0.19699395 -0.19699395 -0.19699395 -0.19699395 -0.19699395 -0.19699395
 -0.19699395 -0.19699395 -0.19699395 -0.19699395 -0.19699395 -0.19699395
 -0.19699395 -0.19699395 -0.19699395 -0.19699395 -0.19699395 -0.19699395
 -0.19699395 -0.19699395 -0.19699395 -0.19699395 -0.19699395 -0.19699395
 -0.19699395 -0.19699395 -0.19699395 -0.19699395 -0.19699395 -0.19699395
 -0.19699395 -0.19699395 -0.19699395 -0.19699395 -0.19699395 -0.19699395
 -0.19699395 -0.19699395 -0.19699395 -0.19699395 -0.19699395 -0.19699395
 -0.19699395 -0.19699395 -0.19699395 -0.19699395 -0.19699395 -0.19699395
 -0.19699395 -0.19699395 -0.19699395 -0.19699395 -0.19699395 -0.19699395
 -0.19699395 -0.19699395 -0.19699395 -0.19699395 -0.19699395 -0.19699395
 -0.19699395 -0.19699395 -0.19699395 -0.19699395 -0.19699395 -0.19699395
 -0.19699395 -0.19699395 -0.19699395 -0.19699395 -0.19699395 -0.19699395
 -0.19699395 -0.19699395 -0.19699395 -0.19699395 -0.19699395 -0.19699395
 -0.19699395 -0.19699395 -0.19699395 -0.19699395 -0.19699395 -0.19699395
 -0.19699395 -0.19699395 -0.19699395 -0.19699395  6.82784192 -0.19699395
 -0.19699395 -0.19699395 -0.19699395 -0.19699395 -0.19699395 -0.19699395
 -0.19699395 -0.19699395 -0.19699395 -0.19699395 -0.19699395 -0.19699395
 -0.19699395 -0.19699395 -0.19699395 -0.19699395 -0.19699395 -0.19699395
 -0.19699395 -0.19699395 -0.19699395 -0.19699395 -0.19699395 -0.19699395
 -0.19699395 -0.19699395 -0.19699395 -0.19699395 -0.19699395 -0.19699395
 -0.19699395 -0.19699395 -0.19699395 -0.19699395 -0.19699395 -0.19699395
 -0.19699395 -0.19699395  5.43576646 -0.19699395 -0.19699395 -0.19699395
  5.24252438  5.24252438 -0.19699395 -0.19699395  3.51493807 -0.19699395
 -0.19699395 -0.19699395 -0.19699395 -0.19699395 -0.19699395 -0.19699395
 -0.19699395 -0.19699395 -0.19699395 -0.19699395 -0.19699395 -0.19699395
 -0.19699395 -0.19699395 -0.19699395 -0.19699395 -0.19699395 -0.19699395
 -0.19699395 -0.19699395 -0.19699395 -0.19699395 -0.19699395 -0.19699395
 -0.19699395 -0.19699395 -0.19699395 -0.19699395 -0.19699395 -0.19699395
 -0.19699395 -0.19699395 -0.19699395 -0.19699395 -0.19699395 -0.19699395
 -0.19699395 -0.19699395 -0.19699395 -0.19699395 -0.19699395 -0.19699395
 -0.19699395 -0.19699395  7.65658677 -0.19699395]",[0.008735217280375879]
8,"[-0.18693851 -0.18693851 -0.18693851 -0.18693851 -0.18693851 -0.18693851
 -0.18693851 -0.18693851 -0.18693851 -0.18693851 -0.18693851 -0.18693851
 -0.18693851 -0.18693851 -0.18693851 -0.18693851 -0.18693851 -0.18693851
  1.45928821 -0.18693851 -0.18693851 -0.18693851 -0.18693851 -0.18693851
 -0.18693851 -0.18693851 -0.18693851 -0.18693851 -0.18693851 -0.18693851
 -0.18693851 -0.18693851 -0.18693851 -0.18693851 -0.18693851 -0.18693851
 -0.18693851 -0.18693851 -0.18693851 -0.18693851 -0.18693851 -0.18693851
 -0.18693851 -0.18693851 -0.18693851 -0.18693851 -0.18693851 -0.18693851
 -0.18693851 -0.18693851 -0.18693851 -0.18693851 -0.18693851 -0.18693851
 -0.18693851 -0.18693851 -0.18693851 -0.18693851  1.62548626 -0.18693851
 -0.18693851 -0.18693851 -0.18693851 -0.18693851 -0.18693851 -0.18693851
 -0.18693851 -0.18693851 -0.18693851 -0.18693851 -0.18693851 -0.18693851
 -0.18693851 -0.18693851 -0.18693851 -0.18693851 -0.18693851 -0.18693851
 -0.18693851 -0.18693851 -0.18693851 -0.18693851 -0.18693851  7.07229441
 -0.18693851 -0.18693851 -0.18693851 -0.18693851 -0.18693851 -0.18693851
 -0.18693851 -0.18693851 -0.18693851 -0.18693851 -0.18693851 -0.18693851
 -0.18693851 -0.18693851 -0.18693851 -0.18693851 -0.18693851 -0.18693851
 -0.18693851 -0.18693851 -0.18693851 -0.18693851 -0.18693851 -0.18693851
 -0.18693851 -0.18693851  7.71912738 -0.18693851 -0.18693851 -0.18693851
 -0.18693851 -0.18693851 -0.18693851 -0.18693851 -0.18693851 -0.18693851
 -0.18693851 -0.18693851 -0.18693851 -0.18693851 -0.18693851 -0.18693851
 -0.18693851 -0.18693851 -0.18693851 -0.18693851 -0.18693851 -0.18693851
 -0.18693851 -0.18693851 -0.18693851 -0.18693851 -0.18693851 -0.18693851
 -0.18693851 -0.18693851 -0.18693851 -0.18693851 -0.18693851 -0.18693851
 -0.18693851 -0.18693851 -0.18693851 -0.18693851 -0.18693851 -0.18693851
 -0.18693851 -0.18693851 -0.18693851 -0.18693851 -0.18693851 -0.18693851
 -0.18693851 -0.18693851 -0.18693851 -0.18693851 -0.18693851 -0.18693851
 -0.18693851 -0.18693851 -0.18693851 -0.18693851 -0.18693851 -0.18693851
 -0.18693851 -0.18693851 -0.18693851 -0.18693851 -0.18693851 -0.18693851
 -0.18693851 -0.18693851 -0.18693851 -0.18693851 -0.18693851 -0.18693851
 -0.18693851 -0.18693851 -0.18693851 -0.18693851 -0.18693851 -0.18693851
 -0.18693851 -0.18693851 -0.18693851 -0.18693851 -0.18693851 -0.18693851
 -0.18693851 -0.18693851 -0.18693851 -0.18693851 -0.18693851 -0.18693851
 -0.18693851 -0.18693851 -0.18693851 -0.18693851 -0.18693851  1.03685311
 -0.18693851 -0.18693851 -0.18693851 -0.18693851 -0.18693851 -0.18693851
  2.03562781 -0.18693851 -0.18693851 -0.18693851 -0.18693851  1.96816725
 -0.18693851 -0.18693851 -0.18693851 -0.18693851 -0.18693851 -0.18693851
 -0.18693851 -0.18693851 -0.18693851 -0.18693851 -0.18693851 -0.18693851
 -0.18693851 -0.18693851 -0.18693851 -0.18693851 -0.18693851 -0.18693851
 -0.18693851  4.08615765 -0.18693851  3.42961292  5.54578394 -0.18693851
  1.97480053 -0.18693851 -0.18693851 -0.18693851 -0.18693851 -0.18693851
 -0.18693851 -0.18693851 -0.18693851 -0.18693851 -0.18693851 -0.18693851
 -0.18693851 -0.18693851 -0.18693851 -0.18693851 -0.18693851 -0.18693851
 -0.18693851 -0.18693851 -0.18693851 -0.18693851 -0.18693851 -0.18693851
 -0.18693851 -0.18693851 -0.18693851 -0.18693851 -0.18693851 -0.18693851
 -0.18693851 -0.18693851  5.77978345 -0.18693851  4.49312508  5.49215857
 -0.18693851 -0.18693851 -0.18693851 -0.18693851 -0.18693851 -0.18693851
 -0.18693851 -0.18693851 -0.18693851 -0.18693851 -0.18693851  5.42039673
 -0.18693851 -0.18693851 -0.18693851 -0.18693851 -0.18693851 -0.18693851
 -0.18693851 -0.18693851 -0.18693851 -0.18693851 -0.18693851 -0.18693851
  6.5330384  -0.18693851 -0.18693851 -0.18693851  6.53627964 -0.18693851
  5.82771553 -0.18693851 -0.18693851 -0.18693851 -0.18693851  3.08840915
 -0.18693851 -0.18693851 -0.18693851 -0.18693851 -0.18693851 -0.18693851
 -0.18693851 -0.18693851 -0.18693851 -0.18693851 -0.18693851 -0.18693851
 -0.18693851 -0.18693851 -0.18693851 -0.18693851 -0.18693851 -0.18693851
 -0.18693851 -0.18693851 -0.18693851 -0.18693851 -0.18693851 -0.18693851
 -0.18693851 -0.18693851 -0.18693851 -0.18693851 -0.18693851 -0.18693851
 -0.18693851 -0.18693851 -0.18693851 -0.18693851 -0.18693851 -0.18693851
 -0.18693851 -0.18693851 -0.18693851 -0.18693851 -0.18693851 -0.18693851
 -0.18693851 -0.18693851 -0.18693851 -0.18693851 -0.18693851 -0.18693851
 -0.18693851 -0.18693851 -0.18693851 -0.18693851 -0.18693851 -0.18693851
 -0.18693851 -0.18693851 -0.18693851 -0.18693851 -0.18693851 -0.18693851
 -0.18693851 -0.18693851 -0.18693851 -0.18693851 -0.18693851 -0.18693851
 -0.18693851 -0.18693851 -0.18693851 -0.18693851 -0.18693851 -0.18693851
 -0.18693851 -0.18693851 -0.18693851 -0.18693851 -0.18693851 -0.18693851
 -0.18693851 -0.18693851 -0.18693851 -0.18693851 -0.18693851 -0.18693851
 -0.18693851 -0.18693851 -0.18693851 -0.18693851 -0.18693851 -0.18693851
 -0.18693851 -0.18693851 -0.18693851 -0.18693851 -0.18693851 -0.18693851
 -0.18693851 -0.18693851 -0.18693851 -0.18693851 -0.18693851 -0.18693851
 -0.18693851 -0.18693851 -0.18693851 -0.18693851 -0.18693851 -0.18693851
 -0.18693851 -0.18693851 -0.18693851 -0.18693851 -0.18693851 -0.18693851
 -0.18693851 -0.18693851 -0.18693851 -0.18693851 -0.18693851 -0.18693851
 -0.18693851 -0.18693851 -0.18693851 -0.18693851 -0.18693851 -0.18693851
 -0.18693851 -0.18693851 -0.18693851 -0.18693851 -0.18693851 -0.18693851
 -0.18693851 -0.18693851 -0.18693851 -0.18693851 -0.18693851 -0.18693851
 -0.18693851 -0.18693851 -0.18693851 -0.18693851 -0.18693851 -0.18693851
 -0.18693851 -0.18693851 -0.18693851 -0.18693851 -0.18693851 -0.18693851
 -0.18693851 -0.18693851  6.19575536 -0.18693851 -0.18693851 -0.18693851
 -0.18693851 -0.18693851 -0.18693851 -0.18693851 -0.18693851 -0.18693851
 -0.18693851 -0.18693851 -0.18693851 -0.18693851 -0.18693851 -0.18693851
 -0.18693851 -0.18693851 -0.18693851 -0.18693851 -0.18693851 -0.18693851
 -0.18693851  5.96245617 -0.18693851 -0.18693851 -0.18693851 -0.18693851
 -0.18693851 -0.18693851 -0.18693851 -0.18693851 -0.18693851 -0.18693851
 -0.18693851 -0.18693851 -0.18693851 -0.18693851 -0.18693851 -0.18693851
 -0.18693851 -0.18693851 -0.18693851 -0.18693851 -0.18693851 -0.18693851
 -0.18693851 -0.18693851 -0.18693851 -0.18693851 -0.18693851 -0.18693851
 -0.18693851 -0.18693851 -0.18693851 -0.18693851]",[-0.06843173626489607]
8,"[-0.21951739 -0.21951739 -0.21951739 -0.21951739  0.33804009 -0.21951739
 -0.21951739 -0.21951739 -0.21951739 -0.21951739 -0.21951739 -0.21951739
 -0.21951739 -0.21951739 -0.21951739 -0.21951739 -0.21951739 -0.21951739
 -0.21951739 -0.21951739 -0.21951739 -0.21951739 -0.21951739 -0.21951739
 -0.21951739 -0.21951739 -0.21951739 -0.21951739 -0.21951739 -0.21951739
 -0.21951739 -0.21951739 -0.21951739 -0.21951739 -0.21951739 -0.21951739
 -0.21951739 -0.21951739 -0.21951739 -0.21951739 -0.21951739 -0.21951739
 -0.21951739 -0.21951739 -0.21951739 -0.21951739 -0.21951739 -0.21951739
 -0.21951739 -0.21951739 -0.21951739 -0.21951739 -0.21951739 -0.21951739
 -0.21951739 -0.21951739 -0.21951739 -0.21951739 -0.21951739 -0.21951739
 -0.21951739 -0.21951739 -0.21951739 -0.21951739 -0.21951739 -0.21951739
 -0.21951739 -0.21951739 -0.21951739 -0.21951739 -0.21951739 -0.21951739
 -0.21951739 -0.21951739 -0.21951739 -0.21951739 -0.21951739 -0.21951739
 -0.21951739 -0.21951739 -0.21951739 -0.21951739 -0.21951739  1.44651117
 -0.21951739 -0.21951739 -0.21951739 -0.21951739 -0.21951739 -0.21951739
 -0.21951739 -0.21951739  1.39985514 -0.21951739 -0.21951739 -0.21951739
 -0.21951739 -0.21951739 -0.21951739 -0.21951739 -0.21951739 -0.21951739
 -0.21951739 -0.21951739 -0.21951739 -0.21951739 -0.21951739 -0.21951739
 -0.21951739 -0.21951739  0.89762339 -0.21951739 -0.21951739 -0.21951739
 -0.21951739 -0.21951739 -0.21951739 -0.21951739 -0.21951739 -0.21951739
 -0.21951739 -0.21951739 -0.21951739 -0.21951739 -0.21951739 -0.21951739
 -0.21951739 -0.21951739 -0.21951739 -0.21951739 -0.21951739 -0.21951739
 -0.21951739 -0.21951739 -0.21951739 -0.21951739 -0.21951739 -0.21951739
 -0.21951739 -0.21951739 -0.21951739 -0.21951739 -0.21951739 -0.21951739
 -0.21951739 -0.21951739 -0.21951739 -0.21951739 -0.21951739 -0.21951739
 -0.21951739 -0.21951739 -0.21951739 -0.21951739 -0.21951739 -0.21951739
 -0.21951739 -0.21951739 -0.21951739 -0.21951739 -0.21951739 -0.21951739
 -0.21951739 -0.21951739 -0.21951739 -0.21951739 -0.21951739 -0.21951739
 -0.21951739 -0.21951739 -0.21951739 -0.21951739 -0.21951739 -0.21951739
 -0.21951739 -0.21951739 -0.21951739 -0.21951739 -0.21951739 -0.21951739
 -0.21951739 -0.21951739 -0.21951739 -0.21951739 -0.21951739 -0.21951739
 -0.21951739 -0.21951739 -0.21951739 -0.21951739 -0.21951739 -0.21951739
 -0.21951739 -0.21951739 -0.21951739 -0.21951739 -0.21951739 -0.21951739
 -0.21951739 -0.21951739  1.63252792 -0.21951739 -0.21951739 -0.21951739
 -0.21951739 -0.21951739 -0.21951739 -0.21951739 -0.21951739 -0.21951739
 -0.21951739 -0.21951739  2.5306376  -0.21951739 -0.21951739  5.55503195
 -0.21951739 -0.21951739 -0.21951739 -0.21951739 -0.21951739 -0.21951739
 -0.21951739 -0.21951739 -0.21951739 -0.21951739 -0.21951739 -0.21951739
 -0.21951739 -0.21951739 -0.21951739 -0.21951739 -0.21951739 -0.21951739
 -0.21951739  3.73718414 -0.21951739  2.38330787  3.68543397 -0.21951739
  5.81128472  3.11266721 -0.21951739 -0.21951739 -0.21951739 -0.21951739
 -0.21951739 -0.21951739 -0.21951739 -0.21951739 -0.21951739 -0.21951739
 -0.21951739 -0.21951739 -0.21951739 -0.21951739 -0.21951739 -0.21951739
 -0.21951739 -0.21951739  4.01361565  3.97312954 -0.21951739  1.18820885
 -0.21951739 -0.21951739 -0.21951739  2.80556888  0.84898367 -0.21951739
 -0.21951739 -0.21951739 -0.21951739 -0.21951739  4.51768137 -0.21951739
 -0.21951739  2.58236469 -0.21951739 -0.21951739 -0.21951739 -0.21951739
  4.82024166  0.95145642 -0.21951739 -0.21951739 -0.21951739  6.8103031
 -0.21951739 -0.21951739 -0.21951739 -0.21951739 -0.21951739  4.02117567
 -0.21951739 -0.21951739 -0.21951739 -0.21951739 -0.21951739 -0.21951739
 -0.21951739 -0.21951739 -0.21951739 -0.21951739 -0.21951739 -0.21951739
 -0.21951739 -0.21951739 -0.21951739 -0.21951739 -0.21951739  4.24217597
 -0.21951739 -0.21951739 -0.21951739 -0.21951739 -0.21951739 -0.21951739
 -0.21951739 -0.21951739 -0.21951739 -0.21951739 -0.21951739 -0.21951739
 -0.21951739 -0.21951739 -0.21951739 -0.21951739 -0.21951739 -0.21951739
 -0.21951739 -0.21951739 -0.21951739 -0.21951739 -0.21951739 -0.21951739
 -0.21951739 -0.21951739 -0.21951739 -0.21951739 -0.21951739 -0.21951739
 -0.21951739 -0.21951739 -0.21951739 -0.21951739 -0.21951739 -0.21951739
 -0.21951739 -0.21951739 -0.21951739 -0.21951739 -0.21951739 -0.21951739
 -0.21951739 -0.21951739 -0.21951739 -0.21951739 -0.21951739 -0.21951739
 -0.21951739 -0.21951739 -0.21951739 -0.21951739 -0.21951739 -0.21951739
 -0.21951739 -0.21951739 -0.21951739 -0.21951739 -0.21951739 -0.21951739
 -0.21951739 -0.21951739 -0.21951739 -0.21951739 -0.21951739 -0.21951739
 -0.21951739 -0.21951739 -0.21951739 -0.21951739 -0.21951739 -0.21951739
 -0.21951739 -0.21951739 -0.21951739 -0.21951739 -0.21951739 -0.21951739
 -0.21951739 -0.21951739 -0.21951739 -0.21951739 -0.21951739 -0.21951739
 -0.21951739 -0.21951739 -0.21951739 -0.21951739 -0.21951739 -0.21951739
 -0.21951739 -0.21951739 -0.21951739 -0.21951739 -0.21951739 -0.21951739
 -0.21951739 -0.21951739 -0.21951739 -0.21951739 -0.21951739 -0.21951739
 -0.21951739 -0.21951739 -0.21951739 -0.21951739 -0.21951739 -0.21951739
 -0.21951739 -0.21951739 -0.21951739 -0.21951739 -0.21951739 -0.21951739
 -0.21951739 -0.21951739 -0.21951739 -0.21951739 -0.21951739 -0.21951739
 -0.21951739 -0.21951739 -0.21951739 -0.21951739 -0.21951739 -0.21951739
 -0.21951739 -0.21951739 -0.21951739 -0.21951739 -0.21951739 -0.21951739
 -0.21951739 -0.21951739 -0.21951739 -0.21951739 -0.21951739 -0.21951739
  0.40938675 -0.21951739 -0.21951739 -0.21951739 -0.21951739 -0.21951739
 -0.21951739 -0.21951739 -0.21951739 -0.21951739 -0.21951739 -0.21951739
 -0.21951739 -0.21951739  6.08291939 -0.21951739  6.49011428 -0.21951739
  9.1450402  -0.21951739 -0.21951739 -0.21951739 -0.21951739 -0.21951739
 -0.21951739 -0.21951739 -0.21951739 -0.21951739 -0.21951739 -0.21951739
 -0.21951739 -0.21951739 -0.21951739 -0.21951739 -0.21951739 -0.21951739
 -0.21951739  3.80119861 -0.21951739 -0.21951739 -0.21951739  2.17839603
 -0.21951739 -0.21951739 -0.21951739 -0.21951739 -0.21951739 -0.21951739
 -0.21951739 -0.21951739 -0.21951739 -0.21951739 -0.21951739 -0.21951739
 -0.21951739  1.67305844 -0.21951739 -0.21951739 -0.21951739 -0.21951739
 -0.21951739 -0.21951739 -0.21951739 -0.21951739 -0.21951739 -0.21951739
 -0.21951739 -0.21951739  4.03936071 -0.21951739]",[0.013108081272202698]
8,"[-0.20905166 -0.20905166 -0.20905166 -0.20905166 -0.20905166 -0.20905166
 -0.20905166 -0.20905166 -0.20905166 -0.20905166 -0.20905166 -0.20905166
 -0.20905166 -0.20905166 -0.20905166 -0.20905166 -0.20905166 -0.20905166
 -0.20905166 -0.20905166 -0.20905166 -0.20905166 -0.20905166 -0.20905166
 -0.20905166 -0.20905166 -0.20905166 -0.20905166 -0.20905166 -0.20905166
 -0.20905166 -0.20905166 -0.20905166  2.79656314 -0.20905166 -0.20905166
 -0.20905166 -0.20905166 -0.20905166 -0.20905166 -0.20905166 -0.20905166
 -0.20905166 -0.20905166 -0.20905166 -0.20905166 -0.20905166 -0.20905166
 -0.20905166 -0.20905166 -0.20905166 -0.20905166 -0.20905166 -0.20905166
 -0.20905166 -0.20905166 -0.20905166 -0.20905166  0.78538429 -0.20905166
 -0.20905166 -0.20905166 -0.20905166 -0.20905166 -0.20905166 -0.20905166
 -0.20905166 -0.20905166 -0.20905166 -0.20905166 -0.20905166 -0.20905166
 -0.20905166 -0.20905166 -0.20905166 -0.20905166 -0.20905166 -0.20905166
 -0.20905166 -0.20905166 -0.20905166 -0.20905166 -0.20905166  7.64866412
 -0.20905166 -0.20905166 -0.20905166 -0.20905166 -0.20905166 -0.20905166
 -0.20905166 -0.20905166  3.41071241 -0.20905166 -0.20905166 -0.20905166
 -0.20905166 -0.20905166 -0.20905166 -0.20905166 -0.20905166 -0.20905166
 -0.20905166 -0.20905166 -0.20905166 -0.20905166 -0.20905166 -0.20905166
 -0.20905166 -0.20905166 -0.20905166 -0.20905166 -0.20905166 -0.20905166
 -0.20905166 -0.20905166 -0.20905166 -0.20905166 -0.20905166 -0.20905166
 -0.20905166 -0.20905166 -0.20905166 -0.20905166 -0.20905166 -0.20905166
 -0.20905166 -0.20905166 -0.20905166 -0.20905166 -0.20905166 -0.20905166
 -0.20905166 -0.20905166 -0.20905166 -0.20905166 -0.20905166 -0.20905166
 -0.20905166 -0.20905166 -0.20905166 -0.20905166 -0.20905166 -0.20905166
 -0.20905166 -0.20905166 -0.20905166 -0.20905166 -0.20905166 -0.20905166
  2.85894712 -0.20905166 -0.20905166 -0.20905166 -0.20905166 -0.20905166
 -0.20905166 -0.20905166 -0.20905166 -0.20905166 -0.20905166 -0.20905166
 -0.20905166 -0.20905166 -0.20905166 -0.20905166 -0.20905166 -0.20905166
 -0.20905166 -0.20905166 -0.20905166 -0.20905166 -0.20905166 -0.20905166
 -0.20905166 -0.20905166 -0.20905166 -0.20905166 -0.20905166 -0.20905166
 -0.20905166 -0.20905166 -0.20905166 -0.20905166 -0.20905166 -0.20905166
 -0.20905166 -0.20905166 -0.20905166 -0.20905166 -0.20905166 -0.20905166
 -0.20905166  1.80614964 -0.20905166 -0.20905166 -0.20905166 -0.20905166
 -0.20905166 -0.20905166  3.49336664 -0.20905166 -0.20905166  1.03435294
 -0.20905166 -0.20905166 -0.20905166 -0.20905166 -0.20905166 -0.20905166
  6.43501619 -0.20905166 -0.20905166 -0.20905166 -0.20905166  4.4552654
 -0.20905166 -0.20905166 -0.20905166 -0.20905166 -0.20905166 -0.20905166
 -0.20905166 -0.20905166 -0.20905166 -0.20905166 -0.20905166 -0.20905166
 -0.20905166 -0.20905166 -0.20905166 -0.20905166 -0.20905166 -0.20905166
 -0.20905166  3.83256272 -0.20905166 -0.20905166  2.95802094 -0.20905166
  4.81966398 -0.20905166 -0.20905166 -0.20905166 -0.20905166 -0.20905166
 -0.20905166 -0.20905166 -0.20905166 -0.20905166 -0.20905166 -0.20905166
 -0.20905166 -0.20905166 -0.20905166 -0.20905166 -0.20905166 -0.20905166
 -0.20905166 -0.20905166 -0.20905166  4.90144464 -0.20905166  0.37895896
 -0.20905166 -0.20905166 -0.20905166 -0.20905166 -0.20905166 -0.20905166
  0.81002341 -0.20905166 -0.20905166 -0.20905166  5.86907462 -0.20905166
 -0.20905166 -0.20905166 -0.20905166 -0.20905166 -0.20905166 -0.20905166
 -0.20905166 -0.20905166 -0.20905166 -0.20905166 -0.20905166  6.28281961
 -0.20905166 -0.20905166 -0.20905166 -0.20905166 -0.20905166 -0.20905166
 -0.20905166 -0.20905166 -0.20905166 -0.20905166 -0.20905166 -0.20905166
 -0.20905166 -0.20905166 -0.20905166 -0.20905166 -0.20905166 -0.20905166
 -0.20905166 -0.20905166 -0.20905166 -0.20905166 -0.20905166  5.28731139
 -0.20905166 -0.20905166 -0.20905166 -0.20905166 -0.20905166 -0.20905166
 -0.20905166 -0.20905166 -0.20905166 -0.20905166 -0.20905166 -0.20905166
 -0.20905166 -0.20905166 -0.20905166 -0.20905166 -0.20905166 -0.20905166
 -0.20905166 -0.20905166 -0.20905166 -0.20905166 -0.20905166 -0.20905166
  1.70898582 -0.20905166 -0.20905166 -0.20905166 -0.20905166 -0.20905166
 -0.20905166 -0.20905166 -0.20905166 -0.20905166 -0.20905166 -0.20905166
 -0.20905166  1.06211188 -0.20905166 -0.20905166 -0.20905166 -0.20905166
 -0.20905166 -0.20905166 -0.20905166 -0.20905166 -0.20905166 -0.20905166
 -0.20905166 -0.20905166 -0.20905166 -0.20905166 -0.20905166 -0.20905166
 -0.20905166 -0.20905166 -0.20905166 -0.20905166 -0.20905166 -0.20905166
 -0.20905166 -0.20905166 -0.20905166 -0.20905166 -0.20905166 -0.20905166
 -0.20905166 -0.20905166 -0.20905166 -0.20905166 -0.20905166 -0.20905166
  1.14230105 -0.20905166 -0.20905166 -0.20905166  7.09459867 -0.20905166
 -0.20905166 -0.20905166 -0.20905166 -0.20905166 -0.20905166 -0.20905166
 -0.20905166 -0.20905166 -0.20905166 -0.20905166 -0.20905166 -0.20905166
 -0.20905166 -0.20905166 -0.20905166 -0.20905166 -0.20905166 -0.20905166
 -0.20905166 -0.20905166 -0.20905166 -0.20905166 -0.20905166 -0.20905166
 -0.20905166 -0.20905166 -0.20905166 -0.20905166 -0.20905166 -0.20905166
 -0.20905166 -0.20905166 -0.20905166 -0.20905166 -0.20905166 -0.20905166
 -0.20905166 -0.20905166 -0.20905166 -0.20905166 -0.20905166 -0.20905166
 -0.20905166 -0.20905166 -0.20905166 -0.20905166 -0.20905166 -0.20905166
 -0.20905166 -0.20905166 -0.20905166 -0.20905166 -0.20905166 -0.20905166
 -0.20905166 -0.20905166 -0.20905166 -0.20905166 -0.20905166 -0.20905166
 -0.20905166 -0.20905166 -0.20905166 -0.20905166 -0.20905166 -0.20905166
 -0.20905166 -0.20905166 -0.20905166 -0.20905166 -0.20905166 -0.20905166
 -0.20905166 -0.20905166  5.75887692 -0.20905166 -0.20905166 -0.20905166
  6.63312566 -0.20905166 -0.20905166 -0.20905166 -0.20905166 -0.20905166
 -0.20905166 -0.20905166 -0.20905166 -0.20905166 -0.20905166 -0.20905166
 -0.20905166 -0.20905166 -0.20905166 -0.20905166 -0.20905166 -0.20905166
 -0.20905166  3.92899781 -0.20905166 -0.20905166 -0.20905166  0.80100079
 -0.20905166 -0.20905166 -0.20905166 -0.20905166 -0.20905166  1.65636578
 -0.20905166 -0.20905166 -0.20905166 -0.20905166 -0.20905166 -0.20905166
 -0.20905166  2.99369856 -0.20905166 -0.20905166 -0.20905166 -0.20905166
 -0.20905166 -0.20905166 -0.20905166 -0.20905166 -0.20905166 -0.20905166
 -0.20905166 -0.20905166 -0.20905166 -0.20905166]",[-0.022401634332575027]
8,"[-0.19376121 -0.19376121 -0.19376121 -0.19376121 -0.19376121 -0.19376121
 -0.19376121 -0.19376121 -0.19376121 -0.19376121 -0.19376121 -0.19376121
 -0.19376121 -0.19376121 -0.19376121 -0.19376121 -0.19376121 -0.19376121
 -0.19376121 -0.19376121 -0.19376121 -0.19376121 -0.19376121 -0.19376121
 -0.19376121 -0.19376121 -0.19376121 -0.19376121 -0.19376121 -0.19376121
 -0.19376121 -0.19376121 -0.19376121 -0.19376121 -0.19376121 -0.19376121
 -0.19376121 -0.19376121 -0.19376121 -0.19376121 -0.19376121 -0.19376121
 -0.19376121 -0.19376121 -0.19376121 -0.19376121 -0.19376121 -0.19376121
 -0.19376121 -0.19376121 -0.19376121 -0.19376121 -0.19376121 -0.19376121
 -0.19376121 -0.19376121 -0.19376121 -0.19376121 -0.19376121 -0.19376121
 -0.19376121 -0.19376121 -0.19376121 -0.19376121 -0.19376121 -0.19376121
 -0.19376121 -0.19376121 -0.19376121 -0.19376121 -0.19376121 -0.19376121
 -0.19376121 -0.19376121 -0.19376121 -0.19376121 -0.19376121 -0.19376121
 -0.19376121 -0.19376121 -0.19376121 -0.19376121 -0.19376121  8.49460528
 -0.19376121 -0.19376121 -0.19376121 -0.19376121 -0.19376121  7.01585275
 -0.19376121 -0.19376121  1.48167937 -0.19376121 -0.19376121 -0.19376121
 -0.19376121  2.21915909 -0.19376121 -0.19376121 -0.19376121 -0.19376121
 -0.19376121 -0.19376121 -0.19376121 -0.19376121 -0.19376121 -0.19376121
 -0.19376121 -0.19376121  6.22436882 -0.19376121 -0.19376121 -0.19376121
 -0.19376121 -0.19376121 -0.19376121 -0.19376121 -0.19376121 -0.19376121
 -0.19376121 -0.19376121 -0.19376121 -0.19376121 -0.19376121 -0.19376121
 -0.19376121 -0.19376121 -0.19376121 -0.19376121 -0.19376121 -0.19376121
 -0.19376121 -0.19376121 -0.19376121 -0.19376121 -0.19376121 -0.19376121
 -0.19376121 -0.19376121 -0.19376121 -0.19376121 -0.19376121 -0.19376121
 -0.19376121 -0.19376121 -0.19376121 -0.19376121 -0.19376121 -0.19376121
 -0.19376121 -0.19376121 -0.19376121 -0.19376121 -0.19376121 -0.19376121
 -0.19376121 -0.19376121 -0.19376121 -0.19376121 -0.19376121 -0.19376121
 -0.19376121 -0.19376121 -0.19376121 -0.19376121 -0.19376121 -0.19376121
 -0.19376121 -0.19376121 -0.19376121 -0.19376121 -0.19376121 -0.19376121
 -0.19376121 -0.19376121 -0.19376121 -0.19376121 -0.19376121 -0.19376121
 -0.19376121 -0.19376121 -0.19376121 -0.19376121 -0.19376121 -0.19376121
 -0.19376121 -0.19376121 -0.19376121 -0.19376121 -0.19376121 -0.19376121
 -0.19376121 -0.19376121 -0.19376121 -0.19376121 -0.19376121 -0.19376121
 -0.19376121 -0.19376121 -0.19376121 -0.19376121 -0.19376121 -0.19376121
 -0.19376121 -0.19376121 -0.19376121 -0.19376121 -0.19376121 -0.19376121
  2.1232517  -0.19376121 -0.19376121 -0.19376121 -0.19376121  4.12491501
 -0.19376121 -0.19376121 -0.19376121 -0.19376121 -0.19376121 -0.19376121
 -0.19376121 -0.19376121 -0.19376121 -0.19376121 -0.19376121 -0.19376121
 -0.19376121 -0.19376121 -0.19376121 -0.19376121 -0.19376121 -0.19376121
 -0.19376121  3.6514812  -0.19376121  2.49918249  1.35356787 -0.19376121
  4.08844475 -0.19376121 -0.19376121 -0.19376121 -0.19376121 -0.19376121
 -0.19376121 -0.19376121 -0.19376121 -0.19376121 -0.19376121 -0.19376121
 -0.19376121 -0.19376121 -0.19376121 -0.19376121 -0.19376121 -0.19376121
 -0.19376121 -0.19376121 -0.19376121  4.65265814 -0.19376121  0.41988439
 -0.19376121 -0.19376121 -0.19376121 -0.19376121 -0.19376121 -0.19376121
 -0.19376121 -0.19376121  0.42389532 -0.19376121  4.51276308 -0.19376121
 -0.19376121 -0.19376121 -0.19376121 -0.19376121  3.87010603 -0.19376121
 -0.19376121  2.61694883 -0.19376121 -0.19376121 -0.19376121  6.23881989
 -0.19376121 -0.19376121 -0.19376121 -0.19376121 -0.19376121 -0.19376121
 -0.19376121 -0.19376121 -0.19376121 -0.19376121 -0.19376121 -0.19376121
 -0.19376121 -0.19376121 -0.19376121 -0.19376121 -0.19376121 -0.19376121
 -0.19376121 -0.19376121 -0.19376121 -0.19376121 -0.19376121  5.81853878
 -0.19376121 -0.19376121 -0.19376121 -0.19376121 -0.19376121 -0.19376121
 -0.19376121 -0.19376121 -0.19376121 -0.19376121 -0.19376121 -0.19376121
 -0.19376121 -0.19376121 -0.19376121 -0.19376121 -0.19376121 -0.19376121
 -0.19376121 -0.19376121 -0.19376121 -0.19376121 -0.19376121 -0.19376121
 -0.19376121 -0.19376121 -0.19376121 -0.19376121 -0.19376121 -0.19376121
 -0.19376121 -0.19376121 -0.19376121 -0.19376121 -0.19376121 -0.19376121
 -0.19376121 -0.19376121 -0.19376121 -0.19376121 -0.19376121 -0.19376121
 -0.19376121 -0.19376121 -0.19376121 -0.19376121 -0.19376121 -0.19376121
 -0.19376121 -0.19376121 -0.19376121 -0.19376121 -0.19376121 -0.19376121
 -0.19376121 -0.19376121 -0.19376121 -0.19376121 -0.19376121 -0.19376121
 -0.19376121 -0.19376121 -0.19376121 -0.19376121 -0.19376121 -0.19376121
 -0.19376121 -0.19376121 -0.19376121 -0.19376121 -0.19376121 -0.19376121
 -0.19376121 -0.19376121 -0.19376121 -0.19376121 -0.19376121 -0.19376121
 -0.19376121 -0.19376121 -0.19376121 -0.19376121 -0.19376121 -0.19376121
 -0.19376121 -0.19376121 -0.19376121 -0.19376121 -0.19376121 -0.19376121
 -0.19376121 -0.19376121 -0.19376121 -0.19376121 -0.19376121 -0.19376121
 -0.19376121 -0.19376121 -0.19376121 -0.19376121 -0.19376121 -0.19376121
 -0.19376121 -0.19376121 -0.19376121 -0.19376121 -0.19376121 -0.19376121
 -0.19376121 -0.19376121 -0.19376121 -0.19376121 -0.19376121 -0.19376121
 -0.19376121 -0.19376121 -0.19376121 -0.19376121 -0.19376121 -0.19376121
 -0.19376121 -0.19376121 -0.19376121 -0.19376121 -0.19376121 -0.19376121
 -0.19376121 -0.19376121 -0.19376121 -0.19376121 -0.19376121 -0.19376121
 -0.19376121 -0.19376121 -0.19376121 -0.19376121 -0.19376121 -0.19376121
 -0.19376121 -0.19376121 -0.19376121 -0.19376121 -0.19376121 -0.19376121
 -0.19376121 -0.19376121 -0.19376121 -0.19376121 -0.19376121 -0.19376121
 -0.19376121 -0.19376121  5.05111279 -0.19376121  6.24492682 -0.19376121
  6.62978599  5.28275827 -0.19376121 -0.19376121 -0.19376121 -0.19376121
 -0.19376121 -0.19376121 -0.19376121 -0.19376121 -0.19376121 -0.19376121
 -0.19376121 -0.19376121 -0.19376121 -0.19376121 -0.19376121 -0.19376121
 -0.19376121 -0.19376121 -0.19376121 -0.19376121 -0.19376121 -0.19376121
 -0.19376121 -0.19376121 -0.19376121 -0.19376121 -0.19376121 -0.19376121
 -0.19376121 -0.19376121 -0.19376121 -0.19376121 -0.19376121 -0.19376121
 -0.19376121 -0.19376121 -0.19376121 -0.19376121 -0.19376121 -0.19376121
 -0.19376121 -0.19376121 -0.19376121 -0.19376121 -0.19376121 -0.19376121
 -0.19376121 -0.19376121  1.06685148 -0.19376121]",[-0.027925259914416106]
8,"[-0.172866   -0.172866   -0.172866   -0.172866   -0.172866   -0.172866
 -0.172866   -0.172866   -0.172866   -0.172866   -0.172866   -0.172866
 -0.172866   -0.172866   -0.172866   -0.172866   -0.172866   -0.172866
 -0.172866   -0.172866   -0.172866   -0.172866   -0.172866   -0.172866
 -0.172866   -0.172866   -0.172866    0.88258365 -0.172866   -0.172866
 -0.172866   -0.172866   -0.172866   -0.172866   -0.172866   -0.172866
 -0.172866   -0.172866   -0.172866   -0.172866   -0.172866   -0.172866
 -0.172866   -0.172866   -0.172866   -0.172866   -0.172866   -0.172866
 -0.172866   -0.172866   -0.172866   -0.172866   -0.172866   -0.172866
 -0.172866   -0.172866   -0.172866   -0.172866    2.87629566 -0.172866
 -0.172866   -0.172866   -0.172866   -0.172866   -0.172866   -0.172866
 -0.172866   -0.172866   -0.172866   -0.172866   -0.172866   -0.172866
 -0.172866   -0.172866   -0.172866   -0.172866   -0.172866   -0.172866
 -0.172866   -0.172866   -0.172866   -0.172866   -0.172866   10.22011476
 -0.172866   -0.172866   -0.172866   -0.172866   -0.172866   -0.172866
 -0.172866   -0.172866    2.68227601 -0.172866   -0.172866   -0.172866
 -0.172866   -0.172866   -0.172866   -0.172866   -0.172866   -0.172866
 -0.172866   -0.172866   -0.172866   -0.172866   -0.172866   -0.172866
 -0.172866   -0.172866    6.71126436 -0.172866   -0.172866   -0.172866
 -0.172866   -0.172866   -0.172866   -0.172866   -0.172866   -0.172866
 -0.172866   -0.172866   -0.172866   -0.172866   -0.172866   -0.172866
 -0.172866   -0.172866   -0.172866   -0.172866   -0.172866   -0.172866
 -0.172866   -0.172866   -0.172866   -0.172866   -0.172866   -0.172866
 -0.172866   -0.172866   -0.172866   -0.172866   -0.172866   -0.172866
 -0.172866   -0.172866   -0.172866   -0.172866   -0.172866   -0.172866
 -0.172866   -0.172866   -0.172866   -0.172866   -0.172866   -0.172866
 -0.172866   -0.172866   -0.172866   -0.172866   -0.172866   -0.172866
 -0.172866   -0.172866   -0.172866   -0.172866   -0.172866   -0.172866
 -0.172866   -0.172866   -0.172866   -0.172866   -0.172866   -0.172866
 -0.172866   -0.172866   -0.172866   -0.172866   -0.172866   -0.172866
 -0.172866   -0.172866   -0.172866   -0.172866   -0.172866   -0.172866
 -0.172866   -0.172866   -0.172866   -0.172866   -0.172866   -0.172866
 -0.172866   -0.172866   -0.172866   -0.172866   -0.172866   -0.172866
 -0.172866   -0.172866    1.98462318 -0.172866   -0.172866   -0.172866
 -0.172866   -0.172866   -0.172866   -0.172866   -0.172866    1.95751677
 -0.172866   -0.172866   -0.172866   -0.172866   -0.172866    3.87704062
 -0.172866   -0.172866   -0.172866   -0.172866   -0.172866   -0.172866
 -0.172866   -0.172866   -0.172866   -0.172866   -0.172866   -0.172866
 -0.172866   -0.172866   -0.172866   -0.172866   -0.172866   -0.172866
 -0.172866    3.76007196 -0.172866   -0.172866   -0.172866   -0.172866
  4.99313479 -0.172866   -0.172866   -0.172866   -0.172866   -0.172866
 -0.172866   -0.172866   -0.172866   -0.172866   -0.172866   -0.172866
 -0.172866   -0.172866   -0.172866   -0.172866   -0.172866   -0.172866
 -0.172866   -0.172866   -0.172866    4.85394587 -0.172866    0.75779102
 -0.172866   -0.172866   -0.172866   -0.172866   -0.172866   -0.172866
 -0.172866   -0.172866   -0.172866   -0.172866   -0.172866   -0.172866
 -0.172866   -0.172866   -0.172866   -0.172866   -0.172866   -0.172866
 -0.172866   -0.172866   -0.172866   -0.172866   -0.172866    6.27601436
 -0.172866   -0.172866   -0.172866   -0.172866   -0.172866   -0.172866
 -0.172866   -0.172866   -0.172866   -0.172866   -0.172866   -0.172866
 -0.172866   -0.172866   -0.172866   -0.172866   -0.172866   -0.172866
 -0.172866   -0.172866   -0.172866   -0.172866   -0.172866    6.80716643
 -0.172866   -0.172866   -0.172866   -0.172866   -0.172866   -0.172866
 -0.172866   -0.172866   -0.172866   -0.172866   -0.172866   -0.172866
 -0.172866   -0.172866   -0.172866   -0.172866   -0.172866   -0.172866
 -0.172866   -0.172866   -0.172866   -0.172866   -0.172866   -0.172866
 -0.172866   -0.172866   -0.172866   -0.172866   -0.172866   -0.172866
 -0.172866   -0.172866   -0.172866   -0.172866   -0.172866   -0.172866
 -0.172866    3.01794334 -0.172866   -0.172866   -0.172866   -0.172866
 -0.172866   -0.172866   -0.172866   -0.172866   -0.172866   -0.172866
 -0.172866   -0.172866   -0.172866   -0.172866   -0.172866   -0.172866
 -0.172866   -0.172866   -0.172866   -0.172866   -0.172866   -0.172866
 -0.172866   -0.172866   -0.172866   -0.172866   -0.172866   -0.172866
 -0.172866   -0.172866   -0.172866   -0.172866   -0.172866   -0.172866
  3.13905787 -0.172866   -0.172866   -0.172866   -0.172866   -0.172866
 -0.172866   -0.172866   -0.172866   -0.172866   -0.172866   -0.172866
 -0.172866   -0.172866   -0.172866   -0.172866   -0.172866   -0.172866
 -0.172866   -0.172866   -0.172866   -0.172866   -0.172866   -0.172866
 -0.172866   -0.172866   -0.172866   -0.172866   -0.172866   -0.172866
 -0.172866   -0.172866   -0.172866   -0.172866   -0.172866   -0.172866
 -0.172866   -0.172866   -0.172866   -0.172866   -0.172866   -0.172866
 -0.172866   -0.172866   -0.172866   -0.172866   -0.172866   -0.172866
 -0.172866   -0.172866   -0.172866   -0.172866   -0.172866   -0.172866
 -0.172866   -0.172866   -0.172866   -0.172866   -0.172866   -0.172866
 -0.172866   -0.172866   -0.172866   -0.172866   -0.172866   -0.172866
  1.17043824 -0.172866   -0.172866   -0.172866   -0.172866   -0.172866
 -0.172866   -0.172866   -0.172866   -0.172866   -0.172866   -0.172866
 -0.172866   -0.172866    8.74138342 -0.172866   -0.172866   -0.172866
  8.04366598 -0.172866   -0.172866   -0.172866   -0.172866   -0.172866
 -0.172866   -0.172866   -0.172866   -0.172866   -0.172866   -0.172866
 -0.172866   -0.172866   -0.172866   -0.172866   -0.172866   -0.172866
 -0.172866   -0.172866   -0.172866   -0.172866   -0.172866    1.85718633
 -0.172866   -0.172866   -0.172866   -0.172866   -0.172866   -0.172866
 -0.172866   -0.172866   -0.172866   -0.172866   -0.172866   -0.172866
 -0.172866    1.65061714 -0.172866   -0.172866   -0.172866   -0.172866
 -0.172866   -0.172866   -0.172866   -0.172866   -0.172866   -0.172866
 -0.172866   -0.172866   -0.172866   -0.172866  ]",[-0.07092911754650841]
9,"[-0.1842925  -0.1842925  -0.1842925  -0.1842925  -0.1842925  -0.1842925
 -0.1842925  -0.1842925  -0.1842925  -0.1842925  -0.1842925  -0.1842925
 -0.1842925  -0.1842925  -0.1842925  -0.1842925  -0.1842925  -0.1842925
  0.71785854 -0.1842925  -0.1842925  -0.1842925  -0.1842925  -0.1842925
 -0.1842925  -0.1842925  -0.1842925  -0.1842925  -0.1842925  -0.1842925
 -0.1842925  -0.1842925  -0.1842925  -0.1842925  -0.1842925  -0.1842925
 -0.1842925  -0.1842925  -0.1842925  -0.1842925  -0.1842925  -0.1842925
 -0.1842925  -0.1842925  -0.1842925  -0.1842925  -0.1842925  -0.1842925
 -0.1842925  -0.1842925  -0.1842925  -0.1842925  -0.1842925  -0.1842925
 -0.1842925  -0.1842925  -0.1842925  -0.1842925   1.44983877 -0.1842925
 -0.1842925  -0.1842925  -0.1842925  -0.1842925  -0.1842925  -0.1842925
 -0.1842925  -0.1842925  -0.1842925  -0.1842925  -0.1842925  -0.1842925
 -0.1842925  -0.1842925  -0.1842925  -0.1842925  -0.1842925  -0.1842925
 -0.1842925  -0.1842925  -0.1842925  -0.1842925  -0.1842925   8.77091681
 -0.1842925  -0.1842925  -0.1842925  -0.1842925  -0.1842925  -0.1842925
 -0.1842925  -0.1842925   2.5727081  -0.1842925  -0.1842925  -0.1842925
 -0.1842925  -0.1842925  -0.1842925  -0.1842925  -0.1842925  -0.1842925
 -0.1842925  -0.1842925  -0.1842925  -0.1842925  -0.1842925  -0.1842925
 -0.1842925  -0.1842925  -0.1842925  -0.1842925  -0.1842925  -0.1842925
 -0.1842925  -0.1842925  -0.1842925  -0.1842925  -0.1842925  -0.1842925
 -0.1842925  -0.1842925  -0.1842925   1.4572716  -0.1842925  -0.1842925
 -0.1842925  -0.1842925  -0.1842925  -0.1842925  -0.1842925  -0.1842925
 -0.1842925  -0.1842925  -0.1842925  -0.1842925  -0.1842925  -0.1842925
 -0.1842925  -0.1842925  -0.1842925  -0.1842925  -0.1842925  -0.1842925
 -0.1842925  -0.1842925  -0.1842925  -0.1842925  -0.1842925  -0.1842925
 -0.1842925  -0.1842925  -0.1842925  -0.1842925  -0.1842925  -0.1842925
 -0.1842925  -0.1842925  -0.1842925  -0.1842925  -0.1842925  -0.1842925
 -0.1842925  -0.1842925  -0.1842925  -0.1842925  -0.1842925  -0.1842925
 -0.1842925  -0.1842925  -0.1842925  -0.1842925  -0.1842925  -0.1842925
 -0.1842925  -0.1842925  -0.1842925  -0.1842925  -0.1842925  -0.1842925
 -0.1842925  -0.1842925  -0.1842925  -0.1842925  -0.1842925  -0.1842925
 -0.1842925  -0.1842925  -0.1842925  -0.1842925  -0.1842925  -0.1842925
 -0.1842925  -0.1842925  -0.1842925  -0.1842925  -0.1842925  -0.1842925
 -0.1842925  -0.1842925   5.02684468 -0.1842925  -0.1842925   0.30089197
 -0.1842925  -0.1842925  -0.1842925  -0.1842925  -0.1842925  -0.1842925
  2.81749046 -0.1842925   4.55859001 -0.1842925  -0.1842925   6.17095051
 -0.1842925  -0.1842925   0.5993616   0.96789625 -0.1842925  -0.1842925
 -0.1842925  -0.1842925  -0.1842925  -0.1842925  -0.1842925  -0.1842925
 -0.1842925  -0.1842925  -0.1842925  -0.1842925  -0.1842925  -0.1842925
 -0.1842925   0.9055749  -0.1842925  -0.1842925   2.06013912  2.72350815
  3.59294034 -0.1842925  -0.1842925  -0.1842925  -0.1842925  -0.1842925
 -0.1842925  -0.1842925  -0.1842925  -0.1842925  -0.1842925  -0.1842925
 -0.1842925  -0.1842925  -0.1842925  -0.1842925  -0.1842925  -0.1842925
 -0.1842925  -0.1842925  -0.1842925   4.99082287 -0.1842925  -0.1842925
 -0.1842925  -0.1842925  -0.1842925  -0.1842925  -0.1842925  -0.1842925
 -0.1842925  -0.1842925  -0.1842925  -0.1842925   3.2444902  -0.1842925
 -0.1842925  -0.1842925  -0.1842925  -0.1842925  -0.1842925  -0.1842925
 -0.1842925  -0.1842925  -0.1842925  -0.1842925  -0.1842925  -0.1842925
 -0.1842925  -0.1842925  -0.1842925  -0.1842925  -0.1842925  -0.1842925
 -0.1842925  -0.1842925  -0.1842925  -0.1842925  -0.1842925  -0.1842925
 -0.1842925  -0.1842925  -0.1842925  -0.1842925  -0.1842925  -0.1842925
 -0.1842925  -0.1842925  -0.1842925  -0.1842925  -0.1842925   6.55131848
 -0.1842925  -0.1842925  -0.1842925  -0.1842925  -0.1842925  -0.1842925
 -0.1842925  -0.1842925  -0.1842925  -0.1842925  -0.1842925  -0.1842925
 -0.1842925  -0.1842925  -0.1842925  -0.1842925  -0.1842925  -0.1842925
 -0.1842925  -0.1842925  -0.1842925  -0.1842925  -0.1842925  -0.1842925
 -0.1842925  -0.1842925  -0.1842925  -0.1842925  -0.1842925  -0.1842925
 -0.1842925  -0.1842925  -0.1842925  -0.1842925  -0.1842925  -0.1842925
 -0.1842925  -0.1842925  -0.1842925  -0.1842925  -0.1842925  -0.1842925
 -0.1842925  -0.1842925  -0.1842925  -0.1842925  -0.1842925  -0.1842925
 -0.1842925  -0.1842925  -0.1842925  -0.1842925  -0.1842925  -0.1842925
 -0.1842925  -0.1842925  -0.1842925  -0.1842925  -0.1842925  -0.1842925
 -0.1842925  -0.1842925  -0.1842925  -0.1842925  -0.1842925  -0.1842925
 -0.1842925  -0.1842925  -0.1842925  -0.1842925  -0.1842925  -0.1842925
 -0.1842925  -0.1842925  -0.1842925  -0.1842925  -0.1842925  -0.1842925
 -0.1842925  -0.1842925  -0.1842925  -0.1842925  -0.1842925  -0.1842925
 -0.1842925  -0.1842925  -0.1842925  -0.1842925  -0.1842925  -0.1842925
 -0.1842925  -0.1842925  -0.1842925  -0.1842925  -0.1842925  -0.1842925
 -0.1842925  -0.1842925  -0.1842925  -0.1842925  -0.1842925  -0.1842925
 -0.1842925  -0.1842925  -0.1842925  -0.1842925  -0.1842925  -0.1842925
 -0.1842925  -0.1842925  -0.1842925  -0.1842925  -0.1842925   4.99958874
 -0.1842925  -0.1842925  -0.1842925  -0.1842925  -0.1842925  -0.1842925
 -0.1842925  -0.1842925  -0.1842925  -0.1842925  -0.1842925  -0.1842925
 -0.1842925  -0.1842925  -0.1842925  -0.1842925  -0.1842925  -0.1842925
 -0.1842925  -0.1842925  -0.1842925  -0.1842925  -0.1842925  -0.1842925
 -0.1842925  -0.1842925  -0.1842925  -0.1842925  -0.1842925  -0.1842925
 -0.1842925  -0.1842925  -0.1842925  -0.1842925  -0.1842925  -0.1842925
 -0.1842925  -0.1842925   7.27488462 -0.1842925  -0.1842925  -0.1842925
  8.5352617  -0.1842925  -0.1842925  -0.1842925  -0.1842925  -0.1842925
  7.15167809 -0.1842925  -0.1842925  -0.1842925  -0.1842925  -0.1842925
 -0.1842925  -0.1842925  -0.1842925  -0.1842925  -0.1842925  -0.1842925
 -0.1842925   3.96825134 -0.1842925  -0.1842925  -0.1842925  -0.1842925
 -0.1842925  -0.1842925  -0.1842925  -0.1842925  -0.1842925  -0.1842925
 -0.1842925  -0.1842925  -0.1842925  -0.1842925  -0.1842925  -0.1842925
 -0.1842925  -0.1842925  -0.1842925  -0.1842925  -0.1842925  -0.1842925
 -0.1842925  -0.1842925  -0.1842925  -0.1842925  -0.1842925  -0.1842925
 -0.1842925  -0.1842925  -0.1842925  -0.1842925 ]",[-0.0012193215361192278]
9,"[-0.16724875 -0.16724875 -0.16724875 -0.16724875  0.76425444 -0.16724875
 -0.16724875 -0.16724875 -0.16724875 -0.16724875 -0.16724875 -0.16724875
 -0.16724875 -0.16724875 -0.16724875 -0.16724875 -0.16724875 -0.16724875
 -0.16724875 -0.16724875 -0.16724875 -0.16724875 -0.16724875 -0.16724875
 -0.16724875 -0.16724875 -0.16724875 -0.16724875 -0.16724875 -0.16724875
 -0.16724875 -0.16724875 -0.16724875 -0.16724875 -0.16724875 -0.16724875
 -0.16724875 -0.16724875 -0.16724875 -0.16724875 -0.16724875 -0.16724875
 -0.16724875 -0.16724875 -0.16724875 -0.16724875 -0.16724875 -0.16724875
 -0.16724875 -0.16724875 -0.16724875 -0.16724875 -0.16724875 -0.16724875
 -0.16724875 -0.16724875 -0.16724875 -0.16724875  0.65489501 -0.16724875
 -0.16724875 -0.16724875 -0.16724875 -0.16724875 -0.16724875 -0.16724875
 -0.16724875 -0.16724875 -0.16724875 -0.16724875 -0.16724875 -0.16724875
 -0.16724875 -0.16724875 -0.16724875 -0.16724875 -0.16724875 -0.16724875
 -0.16724875 -0.16724875 -0.16724875 -0.16724875 -0.16724875  8.19048242
 -0.16724875 -0.16724875 -0.16724875 -0.16724875 -0.16724875 -0.16724875
 -0.16724875 -0.16724875  1.52078275 -0.16724875 -0.16724875 -0.16724875
 -0.16724875 -0.16724875 -0.16724875 -0.16724875 -0.16724875 -0.16724875
 -0.16724875 -0.16724875 -0.16724875 -0.16724875 -0.16724875 -0.16724875
 -0.16724875 -0.16724875  1.04554377 -0.16724875 -0.16724875 -0.16724875
 -0.16724875 -0.16724875 -0.16724875 -0.16724875 -0.16724875 -0.16724875
 -0.16724875 -0.16724875 -0.16724875 -0.16724875  5.9542483  -0.16724875
 -0.16724875 -0.16724875 -0.16724875 -0.16724875 -0.16724875 -0.16724875
 -0.16724875 -0.16724875 -0.16724875 -0.16724875 -0.16724875 -0.16724875
 -0.16724875 -0.16724875 -0.16724875 -0.16724875 -0.16724875 -0.16724875
 -0.16724875 -0.16724875 -0.16724875 -0.16724875 -0.16724875 -0.16724875
 -0.16724875 -0.16724875 -0.16724875 -0.16724875 -0.16724875 -0.16724875
 -0.16724875 -0.16724875 -0.16724875 -0.16724875 -0.16724875 -0.16724875
 -0.16724875 -0.16724875 -0.16724875 -0.16724875 -0.16724875 -0.16724875
 -0.16724875 -0.16724875 -0.16724875 -0.16724875 -0.16724875 -0.16724875
 -0.16724875 -0.16724875 -0.16724875 -0.16724875 -0.16724875 -0.16724875
 -0.16724875 -0.16724875 -0.16724875 -0.16724875 -0.16724875 -0.16724875
 -0.16724875 -0.16724875 -0.16724875 -0.16724875 -0.16724875 -0.16724875
 -0.16724875 -0.16724875 -0.16724875 -0.16724875 -0.16724875 -0.16724875
 -0.16724875 -0.16724875  2.19573693 -0.16724875 -0.16724875 -0.16724875
 -0.16724875 -0.16724875 -0.16724875 -0.16724875 -0.16724875 -0.16724875
  1.94094732 -0.16724875 -0.06263768 -0.16724875 -0.16724875  5.28387199
 -0.16724875 -0.16724875 -0.16724875 -0.16724875 -0.16724875 -0.16724875
 -0.16724875 -0.16724875 -0.16724875 -0.16724875 -0.16724875 -0.16724875
 -0.16724875 -0.16724875 -0.16724875 -0.16724875 -0.16724875 -0.16724875
 -0.16724875  4.21111074 -0.16724875 -0.16724875  5.99666856 -0.16724875
  4.95995795  0.52304351 -0.16724875 -0.16724875 -0.16724875 -0.16724875
 -0.16724875 -0.16724875 -0.16724875 -0.16724875 -0.16724875 -0.16724875
 -0.16724875 -0.16724875 -0.16724875 -0.16724875 -0.16724875 -0.16724875
 -0.16724875 -0.16724875 -0.16724875  4.72376749 -0.16724875 -0.16724875
 -0.16724875 -0.16724875 -0.16724875 -0.16724875 -0.16724875 -0.16724875
 -0.16724875 -0.16724875  0.24953485 -0.16724875 -0.16724875 -0.16724875
 -0.16724875 -0.16724875 -0.16724875 -0.16724875 -0.16724875 -0.16724875
 -0.16724875 -0.16724875 -0.16724875 -0.16724875 -0.16724875  8.06035587
 -0.16724875 -0.16724875 -0.16724875 -0.16724875 -0.16724875 -0.16724875
 -0.16724875 -0.16724875 -0.16724875 -0.16724875 -0.16724875 -0.16724875
 -0.16724875 -0.16724875 -0.16724875 -0.16724875 -0.16724875 -0.16724875
  4.17206927 -0.16724875 -0.16724875 -0.16724875 -0.16724875  6.93611341
 -0.16724875 -0.16724875 -0.16724875 -0.16724875 -0.16724875 -0.16724875
 -0.16724875 -0.16724875 -0.16724875 -0.16724875 -0.16724875 -0.16724875
 -0.16724875 -0.16724875 -0.16724875 -0.16724875 -0.16724875 -0.16724875
 -0.16724875 -0.16724875 -0.16724875 -0.16724875 -0.16724875 -0.16724875
 -0.16724875 -0.16724875 -0.16724875 -0.16724875 -0.16724875 -0.16724875
 -0.16724875 -0.16724875 -0.16724875 -0.16724875 -0.16724875 -0.16724875
 -0.16724875 -0.16724875 -0.16724875 -0.16724875 -0.16724875 -0.16724875
 -0.16724875 -0.16724875 -0.16724875 -0.16724875 -0.16724875 -0.16724875
 -0.16724875 -0.16724875 -0.16724875 -0.16724875 -0.16724875 -0.16724875
 -0.16724875 -0.16724875 -0.16724875 -0.16724875 -0.16724875 -0.16724875
 -0.16724875 -0.16724875 -0.16724875 -0.16724875 -0.16724875 -0.16724875
 -0.16724875 -0.16724875 -0.16724875 -0.16724875 -0.16724875 -0.16724875
 -0.16724875 -0.16724875 -0.16724875 -0.16724875 -0.16724875 -0.16724875
 -0.16724875 -0.16724875 -0.16724875 -0.16724875 -0.16724875 -0.16724875
 -0.16724875 -0.16724875 -0.16724875 -0.16724875 -0.16724875 -0.16724875
 -0.16724875 -0.16724875 -0.16724875 -0.16724875 -0.16724875 -0.16724875
 -0.16724875 -0.16724875 -0.16724875 -0.16724875 -0.16724875 -0.16724875
 -0.16724875 -0.16724875 -0.16724875 -0.16724875 -0.16724875 -0.16724875
 -0.16724875 -0.16724875 -0.16724875 -0.16724875 -0.16724875 -0.16724875
 -0.16724875 -0.16724875 -0.16724875 -0.16724875 -0.16724875 -0.16724875
 -0.16724875 -0.16724875 -0.16724875 -0.16724875 -0.16724875 -0.16724875
 -0.16724875 -0.16724875 -0.16724875 -0.16724875 -0.16724875 -0.16724875
 -0.16724875 -0.16724875 -0.16724875 -0.16724875 -0.16724875 -0.16724875
 -0.16724875 -0.16724875 -0.16724875 -0.16724875 -0.16724875 -0.16724875
 -0.16724875 -0.16724875 -0.16724875 -0.16724875 -0.16724875 -0.16724875
 -0.16724875 -0.16724875  7.3778618  -0.16724875 -0.16724875 -0.16724875
  8.75851826 -0.16724875 -0.16724875 -0.16724875 -0.16724875 -0.16724875
 -0.16724875 -0.16724875 -0.16724875 -0.16724875 -0.16724875 -0.16724875
 -0.16724875 -0.16724875 -0.16724875 -0.16724875 -0.16724875 -0.16724875
 -0.16724875 -0.16724875 -0.16724875 -0.16724875 -0.16724875 -0.16724875
 -0.16724875 -0.16724875 -0.16724875 -0.16724875 -0.16724875 -0.16724875
 -0.16724875 -0.16724875 -0.16724875 -0.16724875 -0.16724875 -0.16724875
 -0.16724875 -0.16724875 -0.16724875 -0.16724875 -0.16724875 -0.16724875
 -0.16724875 -0.16724875 -0.16724875 -0.16724875 -0.16724875 -0.16724875
 -0.16724875 -0.16724875 -0.16724875 -0.16724875]",[-0.01632434983909889]
9,"[-0.14908213 -0.14908213 -0.14908213 -0.14908213 -0.14908213 -0.14908213
 -0.14908213 -0.14908213 -0.14908213 -0.14908213 -0.14908213 -0.14908213
 -0.14908213 -0.14908213 -0.14908213 -0.14908213 -0.14908213 -0.14908213
  2.13247361 -0.14908213 -0.14908213 -0.14908213 -0.14908213 -0.14908213
 -0.14908213 -0.14908213 -0.14908213 -0.14908213 -0.14908213 -0.14908213
 -0.14908213 -0.14908213 -0.14908213 -0.14908213 -0.14908213 -0.14908213
 -0.14908213 -0.14908213 -0.14908213 -0.14908213 -0.14908213 -0.14908213
 -0.14908213 -0.14908213 -0.14908213 -0.14908213 -0.14908213 -0.14908213
 -0.14908213 -0.14908213 -0.14908213 -0.14908213 -0.14908213 -0.14908213
 -0.14908213 -0.14908213 -0.14908213 -0.14908213 -0.14908213 -0.14908213
 -0.14908213 -0.14908213 -0.14908213 -0.14908213 -0.14908213 -0.14908213
 -0.14908213 -0.14908213 -0.14908213 -0.14908213 -0.14908213 -0.14908213
 -0.14908213 -0.14908213 -0.14908213 -0.14908213 -0.14908213 -0.14908213
 -0.14908213 -0.14908213 -0.14908213 -0.14908213 -0.14908213  4.93505349
 -0.14908213 -0.14908213 -0.14908213 -0.14908213  2.17855836 -0.14908213
 -0.14908213 -0.14908213 -0.14908213 -0.14908213 -0.14908213 -0.14908213
 -0.14908213 -0.14908213 -0.14908213 -0.14908213 -0.14908213 -0.14908213
 -0.14908213 -0.14908213 -0.14908213 -0.14908213 -0.14908213 -0.14908213
 -0.14908213 -0.14908213  0.7677968  -0.14908213 -0.14908213 -0.14908213
 -0.14908213 -0.14908213 -0.14908213 -0.14908213 -0.14908213 -0.14908213
 -0.14908213 -0.14908213 -0.14908213 -0.14908213 -0.14908213 -0.14908213
 -0.14908213 -0.14908213 -0.14908213 -0.14908213 -0.14908213 -0.14908213
 -0.14908213 -0.14908213 -0.14908213 -0.14908213 -0.14908213 -0.14908213
 -0.14908213 -0.14908213 -0.14908213 -0.14908213 -0.14908213 -0.14908213
 -0.14908213 -0.14908213 -0.14908213 -0.14908213 -0.14908213 -0.14908213
 -0.14908213 -0.14908213 -0.14908213 -0.14908213 -0.14908213 -0.14908213
 -0.14908213 -0.14908213 -0.14908213 -0.14908213 -0.14908213 -0.14908213
 -0.14908213 -0.14908213 -0.14908213 -0.14908213 -0.14908213 -0.14908213
 -0.14908213 -0.14908213 -0.14908213 -0.14908213 -0.14908213 -0.14908213
 -0.14908213 -0.14908213 -0.14908213 -0.14908213 -0.14908213 -0.14908213
 -0.14908213 -0.14908213 -0.14908213 -0.14908213 -0.14908213 -0.14908213
 -0.14908213 -0.14908213 -0.14908213 -0.14908213 -0.14908213 -0.14908213
 -0.14908213 -0.14908213 -0.14908213 -0.14908213 -0.14908213 -0.14908213
 -0.14908213 -0.14908213  1.39354243 -0.14908213 -0.14908213  0.22900052
 -0.14908213 -0.14908213 -0.14908213 -0.14908213 -0.14908213 -0.14908213
  2.07460064 -0.14908213  4.28826893 -0.14908213 -0.14908213  8.37079942
 -0.14908213 -0.14908213 -0.14908213 -0.14908213 -0.14908213 -0.14908213
 -0.14908213 -0.14908213 -0.14908213 -0.14908213 -0.14908213 -0.14908213
 -0.14908213 -0.14908213 -0.14908213 -0.14908213 -0.14908213 -0.14908213
 -0.14908213  5.143179   -0.14908213 -0.14908213 -0.14908213 -0.14908213
 -0.14908213 -0.14908213 -0.14908213 -0.14908213 -0.14908213 -0.14908213
 -0.14908213 -0.14908213 -0.14908213 -0.14908213 -0.14908213 -0.14908213
 -0.14908213 -0.14908213 -0.14908213 -0.14908213 -0.14908213 -0.14908213
 -0.14908213 -0.14908213 -0.14908213  5.21717105 -0.14908213 -0.14908213
 -0.14908213 -0.14908213 -0.14908213 -0.14908213 -0.14908213 -0.14908213
 -0.14908213 -0.14908213  0.18449758 -0.14908213 -0.14908213 -0.14908213
 -0.14908213 -0.14908213 -0.14908213 -0.14908213 -0.14908213 -0.14908213
 -0.14908213 -0.14908213 -0.14908213 -0.14908213 -0.14908213  6.17746173
 -0.14908213 -0.14908213 -0.14908213 -0.14908213 -0.14908213 -0.14908213
 -0.14908213 -0.14908213 -0.14908213 -0.14908213 -0.14908213 -0.14908213
 -0.14908213 -0.14908213 -0.14908213 -0.14908213 -0.14908213 -0.14908213
 -0.14908213 -0.14908213 -0.14908213 -0.14908213 -0.14908213  5.14417532
 -0.14908213 -0.14908213 -0.14908213 -0.14908213 -0.14908213 -0.14908213
 -0.14908213 -0.14908213 -0.14908213 -0.14908213 -0.14908213 -0.14908213
 -0.14908213 -0.14908213 -0.14908213 -0.14908213 -0.14908213 -0.14908213
 -0.14908213 -0.14908213 -0.14908213 -0.14908213 -0.14908213 -0.14908213
 -0.14908213 -0.14908213 -0.14908213 -0.14908213 -0.14908213 -0.14908213
 -0.14908213 -0.14908213 -0.14908213 -0.14908213 -0.14908213 -0.14908213
 -0.14908213 -0.14908213 -0.14908213 -0.14908213 -0.14908213 -0.14908213
 -0.14908213 -0.14908213 -0.14908213 -0.14908213 -0.14908213 -0.14908213
 -0.14908213 -0.14908213 -0.14908213 -0.14908213 -0.14908213 -0.14908213
 -0.14908213 -0.14908213 -0.14908213 -0.14908213 -0.14908213 -0.14908213
 -0.14908213 -0.14908213 -0.14908213 -0.14908213 -0.14908213 -0.14908213
 -0.14908213 -0.14908213 -0.14908213 -0.14908213 -0.14908213 -0.14908213
 -0.14908213 -0.14908213 -0.14908213 -0.14908213 -0.14908213 -0.14908213
 -0.14908213 -0.14908213 -0.14908213 -0.14908213 -0.14908213 -0.14908213
 -0.14908213 -0.14908213 -0.14908213 -0.14908213 -0.14908213 -0.14908213
 -0.14908213 -0.14908213 -0.14908213 -0.14908213 -0.14908213 -0.14908213
 -0.14908213 -0.14908213 -0.14908213 -0.14908213 -0.14908213 -0.14908213
 -0.14908213 -0.14908213 -0.14908213 -0.14908213 -0.14908213 -0.14908213
 -0.14908213 -0.14908213 -0.14908213 -0.14908213 -0.14908213 -0.14908213
 -0.14908213 -0.14908213 -0.14908213 -0.14908213 -0.14908213 -0.14908213
 -0.14908213 -0.14908213 -0.14908213 -0.14908213 -0.14908213 -0.14908213
 -0.14908213 -0.14908213 -0.14908213 -0.14908213 -0.14908213 -0.14908213
 -0.14908213 -0.14908213 -0.14908213 -0.14908213 -0.14908213 -0.14908213
 -0.14908213 -0.14908213 -0.14908213 -0.14908213 -0.14908213 -0.14908213
 -0.14908213 -0.14908213 -0.14908213 -0.14908213 -0.14908213 -0.14908213
 -0.14908213 -0.14908213  8.18964593 -0.14908213 -0.14908213 -0.14908213
 12.60897221 -0.14908213 -0.14908213 -0.14908213  5.95311661 -0.14908213
 -0.14908213 -0.14908213 -0.14908213 -0.14908213 -0.14908213 -0.14908213
 -0.14908213 -0.14908213 -0.14908213 -0.14908213 -0.14908213 -0.14908213
 -0.14908213 -0.14908213 -0.14908213 -0.14908213 -0.14908213 -0.14908213
 -0.14908213 -0.14908213 -0.14908213 -0.14908213 -0.14908213 -0.14908213
 -0.14908213 -0.14908213 -0.14908213 -0.14908213 -0.14908213 -0.14908213
 -0.14908213 -0.14908213 -0.14908213 -0.14908213 -0.14908213 -0.14908213
 -0.14908213 -0.14908213 -0.14908213 -0.14908213 -0.14908213 -0.14908213
 -0.14908213 -0.14908213 -0.14908213 -0.14908213]",[-0.001590983388926187]
9,"[-0.2286999  -0.2286999  -0.2286999  -0.2286999  -0.2286999  -0.2286999
 -0.2286999  -0.2286999  -0.2286999  -0.2286999  -0.2286999  -0.2286999
 -0.2286999  -0.2286999  -0.2286999  -0.2286999  -0.2286999  -0.2286999
 -0.2286999  -0.2286999  -0.2286999  -0.2286999  -0.2286999  -0.2286999
 -0.2286999  -0.2286999  -0.2286999  -0.2286999  -0.2286999  -0.2286999
 -0.2286999  -0.2286999  -0.2286999  -0.2286999  -0.2286999  -0.2286999
 -0.2286999  -0.2286999  -0.2286999  -0.2286999  -0.2286999  -0.2286999
 -0.2286999  -0.2286999  -0.2286999  -0.2286999  -0.2286999  -0.2286999
 -0.2286999  -0.2286999  -0.2286999  -0.2286999  -0.2286999  -0.2286999
 -0.2286999  -0.2286999  -0.2286999  -0.2286999  -0.2286999  -0.2286999
 -0.2286999  -0.2286999  -0.2286999  -0.2286999  -0.2286999  -0.2286999
 -0.2286999  -0.2286999  -0.2286999  -0.2286999  -0.2286999  -0.2286999
 -0.2286999  -0.2286999  -0.2286999  -0.2286999  -0.2286999  -0.2286999
 -0.2286999  -0.2286999  -0.2286999  -0.2286999  -0.2286999   7.98098087
 -0.2286999  -0.2286999  -0.2286999  -0.2286999  -0.2286999  -0.2286999
 -0.2286999  -0.2286999   2.44819083 -0.2286999  -0.2286999  -0.2286999
 -0.2286999  -0.2286999  -0.2286999  -0.2286999  -0.2286999  -0.2286999
 -0.2286999  -0.2286999  -0.2286999  -0.2286999  -0.2286999  -0.2286999
 -0.2286999  -0.2286999   6.14362654 -0.2286999  -0.2286999  -0.2286999
  2.44819083 -0.2286999  -0.2286999  -0.2286999  -0.2286999  -0.2286999
 -0.2286999  -0.2286999  -0.2286999  -0.2286999   5.17189718 -0.2286999
 -0.2286999  -0.2286999  -0.2286999  -0.2286999  -0.2286999  -0.2286999
 -0.2286999  -0.2286999  -0.2286999  -0.2286999  -0.2286999  -0.2286999
 -0.2286999  -0.2286999  -0.2286999  -0.2286999  -0.2286999  -0.2286999
 -0.2286999  -0.2286999  -0.2286999  -0.2286999  -0.2286999  -0.2286999
 -0.2286999  -0.2286999  -0.2286999  -0.2286999  -0.2286999  -0.2286999
 -0.2286999  -0.2286999  -0.2286999  -0.2286999  -0.2286999  -0.2286999
 -0.2286999  -0.2286999  -0.2286999  -0.2286999  -0.2286999  -0.2286999
 -0.2286999  -0.2286999  -0.2286999  -0.2286999  -0.2286999  -0.2286999
 -0.2286999  -0.2286999  -0.2286999  -0.2286999  -0.2286999  -0.2286999
 -0.2286999  -0.2286999  -0.2286999  -0.2286999  -0.2286999  -0.2286999
 -0.2286999  -0.2286999  -0.2286999  -0.2286999  -0.2286999  -0.2286999
 -0.2286999  -0.2286999  -0.2286999  -0.2286999  -0.2286999  -0.2286999
 -0.2286999  -0.2286999  -0.2286999  -0.2286999  -0.2286999  -0.2286999
 -0.2286999  -0.2286999  -0.2286999  -0.2286999  -0.2286999  -0.2286999
  3.41180238 -0.2286999   2.12944931 -0.2286999  -0.2286999   2.35962123
 -0.2286999  -0.2286999  -0.2286999  -0.2286999  -0.2286999  -0.2286999
 -0.2286999  -0.2286999  -0.2286999  -0.2286999  -0.2286999  -0.2286999
 -0.2286999  -0.2286999  -0.2286999  -0.2286999  -0.2286999  -0.2286999
 -0.2286999   3.02056015 -0.2286999  -0.2286999   1.82791297 -0.2286999
  3.51949086 -0.2286999  -0.2286999  -0.2286999  -0.2286999  -0.2286999
 -0.2286999  -0.2286999  -0.2286999  -0.2286999  -0.2286999  -0.2286999
 -0.2286999  -0.2286999  -0.2286999   5.55260472  2.01554201 -0.2286999
 -0.2286999  -0.2286999  -0.2286999   4.2381604  -0.2286999   0.85973043
  2.30962988 -0.2286999  -0.2286999   3.23284299  2.16831509 -0.2286999
 -0.2286999  -0.2286999   5.13869503 -0.2286999   3.7676471  -0.2286999
 -0.2286999   3.29516407 -0.2286999   3.83790785  0.9423013  -0.2286999
 -0.2286999   2.90237564 -0.2286999  -0.2286999  -0.2286999   5.58863807
 -0.2286999  -0.2286999  -0.2286999  -0.2286999  -0.2286999  -0.2286999
 -0.2286999  -0.2286999  -0.2286999  -0.2286999  -0.2286999  -0.2286999
 -0.2286999  -0.2286999  -0.2286999  -0.2286999  -0.2286999  -0.2286999
 -0.2286999  -0.2286999  -0.2286999  -0.2286999  -0.2286999   5.42647265
 -0.2286999  -0.2286999  -0.2286999  -0.2286999  -0.2286999  -0.2286999
 -0.2286999  -0.2286999  -0.2286999  -0.2286999  -0.2286999  -0.2286999
 -0.2286999  -0.2286999  -0.2286999  -0.2286999  -0.2286999  -0.2286999
 -0.2286999  -0.2286999  -0.2286999  -0.2286999  -0.2286999  -0.2286999
 -0.2286999  -0.2286999  -0.2286999  -0.2286999  -0.2286999  -0.2286999
 -0.2286999  -0.2286999  -0.2286999  -0.2286999  -0.2286999  -0.2286999
 -0.2286999  -0.2286999  -0.2286999  -0.2286999  -0.2286999  -0.2286999
 -0.2286999  -0.2286999  -0.2286999  -0.2286999  -0.2286999  -0.2286999
 -0.2286999  -0.2286999  -0.2286999  -0.2286999  -0.2286999  -0.2286999
 -0.2286999  -0.2286999  -0.2286999  -0.2286999  -0.2286999  -0.2286999
 -0.2286999  -0.2286999  -0.2286999  -0.2286999  -0.2286999  -0.2286999
 -0.2286999  -0.2286999  -0.2286999  -0.2286999  -0.2286999  -0.2286999
 -0.2286999  -0.2286999  -0.2286999  -0.2286999  -0.2286999  -0.2286999
 -0.2286999  -0.2286999  -0.2286999  -0.2286999  -0.2286999  -0.2286999
 -0.2286999  -0.2286999  -0.2286999  -0.2286999  -0.2286999  -0.2286999
 -0.2286999  -0.2286999  -0.2286999  -0.2286999  -0.2286999  -0.2286999
 -0.2286999  -0.2286999  -0.2286999  -0.2286999  -0.2286999  -0.2286999
 -0.2286999  -0.2286999  -0.2286999  -0.2286999  -0.2286999  -0.2286999
 -0.2286999  -0.2286999  -0.2286999  -0.2286999  -0.2286999   6.15998376
 -0.2286999  -0.2286999  -0.2286999  -0.2286999  -0.2286999  -0.2286999
 -0.2286999  -0.2286999  -0.2286999  -0.2286999  -0.2286999  -0.2286999
 -0.2286999  -0.2286999  -0.2286999  -0.2286999  -0.2286999  -0.2286999
  4.62719929 -0.2286999  -0.2286999  -0.2286999  -0.2286999  -0.2286999
 -0.2286999  -0.2286999  -0.2286999  -0.2286999  -0.2286999  -0.2286999
 -0.2286999  -0.2286999  -0.2286999  -0.2286999  -0.2286999  -0.2286999
 -0.2286999  -0.2286999   2.24118268 -0.2286999  -0.2286999  -0.2286999
 -0.2286999  -0.2286999  -0.2286999  -0.2286999  -0.2286999  -0.2286999
 -0.2286999  -0.2286999  -0.2286999  -0.2286999  -0.2286999  -0.2286999
 -0.2286999  -0.2286999  -0.2286999  -0.2286999  -0.2286999  -0.2286999
 -0.2286999   1.5300815  -0.2286999  -0.2286999  -0.2286999  -0.2286999
 -0.2286999  -0.2286999  -0.2286999  -0.2286999  -0.2286999  -0.2286999
 -0.2286999  -0.2286999  -0.2286999  -0.2286999  -0.2286999  -0.2286999
 -0.2286999  -0.2286999  -0.2286999  -0.2286999  -0.2286999  -0.2286999
 -0.2286999  -0.2286999  -0.2286999  -0.2286999  -0.2286999  -0.2286999
 -0.2286999  -0.2286999   5.53805499 -0.2286999 ]",[-0.008148005004063208]
9,"[-0.16120383 -0.16120383 -0.16120383 -0.16120383 -0.16120383 -0.16120383
 -0.16120383 -0.16120383 -0.16120383 -0.16120383 -0.16120383 -0.16120383
 -0.16120383 -0.16120383 -0.16120383 -0.16120383 -0.16120383 -0.16120383
 -0.16120383 -0.16120383 -0.16120383 -0.16120383 -0.16120383 -0.16120383
 -0.16120383 -0.16120383 -0.16120383 -0.16120383 -0.16120383 -0.16120383
 -0.16120383 -0.16120383 -0.16120383 -0.16120383 -0.16120383 -0.16120383
 -0.16120383 -0.16120383 -0.16120383 -0.16120383 -0.16120383 -0.16120383
 -0.16120383 -0.16120383 -0.16120383 -0.16120383 -0.16120383 -0.16120383
 -0.16120383 -0.16120383 -0.16120383 -0.16120383 -0.16120383 -0.16120383
 -0.16120383 -0.16120383 -0.16120383 -0.16120383  1.68419497 -0.16120383
 -0.16120383 -0.16120383 -0.16120383 -0.16120383 -0.16120383 -0.16120383
 -0.16120383 -0.16120383 -0.16120383 -0.16120383 -0.16120383 -0.16120383
 -0.16120383 -0.16120383 -0.16120383 -0.16120383 -0.16120383 -0.16120383
 -0.16120383 -0.16120383 -0.16120383 -0.16120383 -0.16120383 10.99405996
 -0.16120383 -0.16120383 -0.16120383 -0.16120383 -0.16120383 -0.16120383
 -0.16120383 -0.16120383 -0.16120383 -0.16120383 -0.16120383 -0.16120383
 -0.16120383 -0.16120383 -0.16120383 -0.16120383 -0.16120383 -0.16120383
 -0.16120383 -0.16120383 -0.16120383 -0.16120383 -0.16120383 -0.16120383
 -0.16120383 -0.16120383  0.70442758 -0.16120383 -0.16120383 -0.16120383
 -0.16120383 -0.16120383 -0.16120383 -0.16120383 -0.16120383 -0.16120383
 -0.16120383 -0.16120383 -0.16120383 -0.16120383 -0.16120383 -0.16120383
 -0.16120383 -0.16120383 -0.16120383 -0.16120383 -0.16120383 -0.16120383
 -0.16120383 -0.16120383 -0.16120383 -0.16120383 -0.16120383 -0.16120383
 -0.16120383 -0.16120383 -0.16120383 -0.16120383 -0.16120383 -0.16120383
 -0.16120383 -0.16120383 -0.16120383 -0.16120383 -0.16120383 -0.16120383
 -0.16120383 -0.16120383 -0.16120383 -0.16120383 -0.16120383 -0.16120383
 -0.16120383 -0.16120383 -0.16120383 -0.16120383 -0.16120383 -0.16120383
 -0.16120383 -0.16120383 -0.16120383 -0.16120383 -0.16120383 -0.16120383
 -0.16120383 -0.16120383 -0.16120383 -0.16120383 -0.16120383  2.67875917
 -0.16120383 -0.16120383 -0.16120383 -0.16120383 -0.16120383 -0.16120383
 -0.16120383 -0.16120383 -0.16120383 -0.16120383 -0.16120383 -0.16120383
 -0.16120383 -0.16120383 -0.16120383 -0.16120383 -0.16120383 -0.16120383
 -0.16120383 -0.16120383 -0.16120383 -0.16120383 -0.16120383 -0.16120383
  3.44459629 -0.16120383  4.25744533 -0.16120383 -0.16120383  2.47165925
 -0.16120383 -0.16120383 -0.16120383 -0.16120383 -0.16120383 -0.16120383
  5.55249429 -0.16120383  0.03598741 -0.16120383 -0.16120383  4.39793059
 -0.16120383 -0.16120383 -0.16120383 -0.16120383 -0.16120383 -0.16120383
 -0.16120383 -0.16120383 -0.16120383 -0.16120383 -0.16120383 -0.16120383
 -0.16120383 -0.16120383 -0.16120383 -0.16120383 -0.16120383 -0.16120383
 -0.16120383 -0.16120383 -0.16120383 -0.16120383 -0.16120383 -0.16120383
 -0.16120383 -0.16120383 -0.16120383 -0.16120383 -0.16120383 -0.16120383
 -0.16120383 -0.16120383 -0.16120383 -0.16120383 -0.16120383 -0.16120383
 -0.16120383 -0.16120383 -0.16120383 -0.16120383 -0.16120383 -0.16120383
 -0.16120383 -0.16120383 -0.16120383  2.05567736 -0.16120383 -0.16120383
 -0.16120383 -0.16120383 -0.16120383 -0.16120383 -0.16120383 -0.16120383
 -0.16120383 -0.16120383 -0.16120383 -0.16120383 -0.16120383 -0.16120383
 -0.16120383 -0.16120383 -0.16120383 -0.16120383 -0.16120383 -0.16120383
 -0.16120383 -0.16120383 -0.16120383 -0.16120383 -0.16120383 -0.16120383
 -0.16120383 -0.16120383 -0.16120383 -0.16120383  2.67875917 -0.16120383
 -0.16120383 -0.16120383 -0.16120383 -0.16120383 -0.16120383 -0.16120383
 -0.16120383 -0.16120383 -0.16120383 -0.16120383 -0.16120383 -0.16120383
 -0.16120383 -0.16120383 -0.16120383 -0.16120383 -0.16120383  5.89689706
 -0.16120383 -0.16120383 -0.16120383 -0.16120383 -0.16120383 -0.16120383
 -0.16120383 -0.16120383 -0.16120383 -0.16120383 -0.16120383 -0.16120383
 -0.16120383 -0.16120383 -0.16120383 -0.16120383 -0.16120383 -0.16120383
 -0.16120383 -0.16120383 -0.16120383 -0.16120383 -0.16120383 -0.16120383
 -0.16120383 -0.16120383 -0.16120383 -0.16120383 -0.16120383 -0.16120383
 -0.16120383 -0.16120383 -0.16120383 -0.16120383 -0.16120383 -0.16120383
 -0.16120383 -0.16120383 -0.16120383 -0.16120383 -0.16120383 -0.16120383
 -0.16120383 -0.16120383 -0.16120383 -0.16120383 -0.16120383 -0.16120383
 -0.16120383 -0.16120383 -0.16120383 -0.16120383 -0.16120383 -0.16120383
 -0.16120383 -0.16120383 -0.16120383 -0.16120383 -0.16120383 -0.16120383
 -0.16120383 -0.16120383 -0.16120383 -0.16120383 -0.16120383 -0.16120383
 -0.16120383 -0.16120383 -0.16120383 -0.16120383 -0.16120383 -0.16120383
 -0.16120383 -0.16120383 -0.16120383 -0.16120383 -0.16120383 -0.16120383
 -0.16120383 -0.16120383 -0.16120383 -0.16120383 -0.16120383 -0.16120383
 -0.16120383 -0.16120383 -0.16120383 -0.16120383 -0.16120383 -0.16120383
 -0.16120383 -0.16120383 -0.16120383 -0.16120383 -0.16120383 -0.16120383
 -0.16120383 -0.16120383 -0.16120383 -0.16120383 -0.16120383 -0.16120383
 -0.16120383 -0.16120383 -0.16120383 -0.16120383 -0.16120383 -0.16120383
 -0.16120383 -0.16120383 -0.16120383 -0.16120383 -0.16120383 -0.16120383
 -0.16120383 -0.16120383 -0.16120383 -0.16120383 -0.16120383 -0.16120383
 -0.16120383 -0.16120383 -0.16120383 -0.16120383 -0.16120383 -0.16120383
 -0.16120383 -0.16120383 -0.16120383 -0.16120383 -0.16120383 -0.16120383
 -0.16120383 -0.16120383 -0.16120383 -0.16120383 -0.16120383 -0.16120383
 -0.16120383 -0.16120383 -0.16120383 -0.16120383 -0.16120383 -0.16120383
 -0.16120383 -0.16120383 -0.16120383 -0.16120383 -0.16120383 -0.16120383
 -0.16120383 -0.16120383  7.96612893 -0.16120383 10.68150156 -0.16120383
 -0.16120383 -0.16120383 -0.16120383 -0.16120383  3.57781033 -0.16120383
  6.05936066 -0.16120383 -0.16120383 -0.16120383 -0.16120383 -0.16120383
 -0.16120383 -0.16120383 -0.16120383 -0.16120383 -0.16120383 -0.16120383
 -0.16120383  3.17425666 -0.16120383 -0.16120383 -0.16120383  2.4511732
 -0.16120383 -0.16120383 -0.16120383 -0.16120383 -0.16120383 -0.16120383
 -0.16120383 -0.16120383 -0.16120383 -0.16120383 -0.16120383 -0.16120383
 -0.16120383 -0.16120383 -0.16120383 -0.16120383 -0.16120383 -0.16120383
 -0.16120383 -0.16120383 -0.16120383 -0.16120383 -0.16120383 -0.16120383
 -0.16120383 -0.16120383 -0.16120383 -0.16120383]",[-0.011795553705278627]
9,"[-0.22874111 -0.22874111 -0.22874111 -0.22874111 -0.22874111 -0.22874111
 -0.22874111 -0.22874111 -0.22874111 -0.22874111 -0.22874111 -0.22874111
 -0.22874111 -0.22874111 -0.22874111 -0.22874111 -0.22874111 -0.22874111
  0.57892468 -0.22874111 -0.22874111 -0.22874111 -0.22874111 -0.22874111
 -0.22874111 -0.22874111 -0.22874111 -0.22874111 -0.22874111 -0.22874111
 -0.22874111 -0.22874111 -0.22874111 -0.22874111 -0.22874111 -0.22874111
 -0.22874111 -0.22874111 -0.22874111 -0.22874111 -0.22874111 -0.22874111
 -0.22874111 -0.22874111 -0.22874111 -0.22874111 -0.22874111 -0.22874111
 -0.22874111 -0.22874111 -0.22874111 -0.22874111 -0.22874111 -0.22874111
 -0.22874111 -0.22874111 -0.22874111 -0.22874111  1.35030663 -0.22874111
 -0.22874111 -0.22874111 -0.22874111 -0.22874111 -0.22874111 -0.22874111
 -0.22874111 -0.22874111 -0.22874111 -0.22874111 -0.22874111 -0.22874111
 -0.22874111 -0.22874111 -0.22874111 -0.22874111 -0.22874111 -0.22874111
 -0.22874111 -0.22874111 -0.22874111 -0.22874111 -0.22874111  7.48581568
 -0.22874111 -0.22874111 -0.22874111 -0.22874111 -0.22874111  5.85410345
 -0.22874111 -0.22874111 -0.22874111 -0.22874111 -0.22874111 -0.22874111
 -0.22874111 -0.22874111 -0.22874111 -0.22874111 -0.22874111 -0.22874111
 -0.22874111 -0.22874111 -0.22874111 -0.22874111 -0.22874111 -0.22874111
 -0.22874111 -0.22874111  5.25161621 -0.22874111 -0.22874111 -0.22874111
 -0.22874111 -0.22874111  2.8488677  -0.22874111 -0.22874111 -0.22874111
 -0.22874111 -0.22874111 -0.22874111  0.39634755 -0.22874111 -0.22874111
 -0.22874111 -0.22874111 -0.22874111 -0.22874111 -0.22874111 -0.22874111
 -0.22874111 -0.22874111 -0.22874111 -0.22874111 -0.22874111 -0.22874111
 -0.22874111 -0.22874111 -0.22874111 -0.22874111 -0.22874111 -0.22874111
 -0.22874111 -0.22874111 -0.22874111 -0.22874111 -0.22874111 -0.22874111
 -0.22874111 -0.22874111 -0.22874111 -0.22874111 -0.22874111 -0.22874111
 -0.22874111 -0.22874111 -0.22874111 -0.22874111 -0.22874111 -0.22874111
 -0.22874111 -0.10897049 -0.22874111 -0.22874111 -0.22874111 -0.22874111
 -0.22874111 -0.22874111 -0.22874111 -0.22874111 -0.22874111 -0.22874111
 -0.22874111 -0.22874111 -0.22874111 -0.22874111 -0.22874111 -0.22874111
 -0.22874111 -0.22874111 -0.22874111 -0.22874111 -0.22874111 -0.22874111
 -0.22874111 -0.22874111 -0.22874111 -0.22874111 -0.22874111 -0.22874111
 -0.22874111 -0.22874111 -0.22874111 -0.22874111 -0.22874111 -0.22874111
 -0.22874111 -0.22874111 -0.22874111 -0.22874111 -0.22874111  4.45615669
 -0.22874111 -0.22874111 -0.22874111 -0.22874111 -0.22874111 -0.22874111
  4.28954644 -0.22874111 -0.10166552 -0.22874111 -0.22874111  4.17803295
 -0.22874111 -0.22874111 -0.22874111 -0.22874111 -0.22874111 -0.22874111
 -0.22874111 -0.22874111 -0.22874111 -0.22874111 -0.22874111 -0.22874111
 -0.22874111 -0.22874111 -0.22874111 -0.22874111 -0.22874111 -0.22874111
 -0.22874111  1.61557749 -0.22874111  2.86170743  2.36316245 -0.22874111
  0.74407309  0.41055245 -0.22874111  5.19508046 -0.22874111 -0.22874111
 -0.22874111 -0.22874111 -0.22874111 -0.22874111 -0.22874111 -0.22874111
 -0.22874111 -0.22874111 -0.22874111  4.83482205 -0.22874111 -0.22874111
 -0.22874111 -0.22874111  3.46295428  2.43143806 -0.22874111 -0.22874111
 -0.22874111 -0.22874111 -0.22874111 -0.22874111 -0.22874111 -0.22874111
 -0.22874111 -0.22874111  3.03078483 -0.22874111  1.73058033  4.28273642
 -0.22874111 -0.22874111 -0.22874111 -0.22874111 -0.22874111 -0.22874111
 -0.22874111  0.99119015 -0.22874111 -0.22874111 -0.22874111  3.7736021
 -0.22874111 -0.22874111 -0.22874111 -0.22874111 -0.22874111 -0.22874111
 -0.22874111 -0.22874111  1.45358939 -0.22874111 -0.22874111 -0.22874111
 -0.22874111 -0.22874111 -0.22874111 -0.22874111 -0.22874111 -0.22874111
  2.44514526 -0.22874111 -0.22874111 -0.22874111 -0.22874111  5.78604672
 -0.22874111  2.20332945 -0.22874111 -0.22874111 -0.22874111 -0.22874111
 -0.22874111 -0.22874111 -0.22874111 -0.22874111 -0.22874111 -0.22874111
 -0.22874111 -0.22874111 -0.22874111 -0.22874111 -0.22874111 -0.22874111
 -0.22874111 -0.22874111 -0.22874111 -0.22874111 -0.22874111 -0.22874111
 -0.22874111 -0.22874111 -0.22874111 -0.22874111 -0.22874111 -0.22874111
 -0.22874111 -0.22874111 -0.22874111 -0.22874111 -0.22874111 -0.22874111
 -0.22874111 -0.22874111 -0.22874111 -0.22874111 -0.22874111 -0.22874111
 -0.22874111 -0.22874111 -0.22874111 -0.22874111 -0.22874111 -0.22874111
 -0.22874111 -0.22874111 -0.22874111 -0.22874111 -0.22874111 -0.22874111
 -0.22874111 -0.22874111 -0.22874111 -0.22874111 -0.22874111 -0.22874111
 -0.22874111 -0.22874111 -0.22874111 -0.22874111 -0.22874111 -0.22874111
 -0.22874111 -0.22874111 -0.22874111 -0.22874111 -0.22874111 -0.22874111
 -0.22874111 -0.22874111 -0.22874111 -0.22874111 -0.22874111 -0.22874111
 -0.22874111 -0.22874111 -0.22874111 -0.22874111 -0.22874111 -0.22874111
 -0.22874111 -0.22874111 -0.22874111 -0.22874111 -0.22874111 -0.22874111
 -0.22874111 -0.22874111 -0.22874111 -0.22874111 -0.22874111 -0.22874111
 -0.22874111 -0.22874111 -0.22874111 -0.22874111 -0.22874111 -0.22874111
 -0.22874111 -0.22874111 -0.22874111 -0.22874111 -0.22874111 -0.22874111
 -0.22874111 -0.22874111 -0.22874111 -0.22874111  7.39323896 -0.22874111
 -0.22874111 -0.22874111 -0.22874111 -0.22874111 -0.22874111 -0.22874111
 -0.22874111 -0.22874111 -0.22874111 -0.22874111 -0.22874111 -0.22874111
 -0.22874111 -0.22874111 -0.22874111 -0.22874111 -0.22874111 -0.22874111
  3.16164551 -0.22874111 -0.22874111 -0.22874111 -0.22874111 -0.22874111
 -0.22874111 -0.22874111 -0.22874111 -0.22874111 -0.22874111 -0.22874111
 -0.22874111 -0.22874111 -0.22874111 -0.22874111 -0.22874111 -0.22874111
 -0.22874111 -0.22874111  5.20184578 -0.22874111 -0.22874111 -0.22874111
 -0.22874111 -0.22874111 -0.22874111 -0.22874111 -0.22874111 -0.22874111
 -0.22874111 -0.22874111 -0.22874111 -0.22874111 -0.22874111 -0.22874111
 -0.22874111 -0.22874111 -0.22874111 -0.22874111 -0.22874111 -0.22874111
 -0.22874111  4.64482563 -0.22874111 -0.22874111 -0.22874111 -0.22874111
 -0.22874111 -0.22874111 -0.22874111 -0.22874111 -0.22874111 -0.22874111
 -0.22874111 -0.22874111 -0.22874111 -0.22874111 -0.22874111 -0.22874111
 -0.22874111 -0.22874111 -0.22874111 -0.22874111 -0.22874111 -0.22874111
 -0.22874111 -0.22874111 -0.22874111 -0.22874111 -0.22874111 -0.22874111
 -0.22874111 -0.22874111  4.44242598 -0.22874111]",[-0.033903874170353426]
9,"[-0.14548048 -0.14548048 -0.14548048 -0.14548048 -0.0568187  -0.14548048
 -0.14548048 -0.14548048 -0.14548048 -0.14548048 -0.14548048 -0.14548048
 -0.14548048 -0.14548048 -0.14548048 -0.14548048 -0.14548048 -0.14548048
 -0.14548048 -0.14548048 -0.14548048 -0.14548048 -0.14548048 -0.14548048
 -0.14548048 -0.14548048 -0.14548048  0.31123643 -0.14548048 -0.14548048
 -0.14548048 -0.14548048 -0.14548048 -0.14548048 -0.14548048 -0.14548048
 -0.14548048 -0.14548048 -0.14548048 -0.14548048 -0.14548048 -0.14548048
 -0.14548048 -0.14548048 -0.14548048 -0.14548048 -0.14548048 -0.14548048
 -0.14548048 -0.14548048 -0.14548048 -0.14548048 -0.14548048 -0.14548048
 -0.14548048 -0.14548048 -0.14548048 -0.14548048 -0.14548048 -0.14548048
 -0.14548048 -0.14548048 -0.14548048 -0.14548048 -0.14548048 -0.14548048
 -0.14548048 -0.14548048 -0.14548048 -0.14548048 -0.14548048 -0.14548048
 -0.14548048 -0.14548048 -0.14548048 -0.14548048 -0.14548048 -0.14548048
 -0.14548048 -0.14548048 -0.14548048 -0.14548048 -0.14548048  9.703751
 -0.14548048  6.35139724 -0.14548048 -0.14548048  1.76821022 -0.14548048
 -0.14548048 -0.14548048 -0.14548048 -0.14548048 -0.14548048 -0.14548048
 -0.14548048 -0.14548048 -0.14548048 -0.14548048 -0.14548048 -0.14548048
 -0.14548048 -0.14548048 -0.14548048 -0.14548048 -0.14548048 -0.14548048
 -0.14548048 -0.14548048  5.17997593 -0.14548048 -0.14548048 -0.14548048
 -0.14548048 -0.14548048  9.55303263 -0.14548048 -0.14548048 -0.14548048
 -0.14548048 -0.14548048 -0.14548048 -0.14548048  0.6788804  -0.14548048
 -0.14548048 -0.14548048 -0.14548048 -0.14548048 -0.14548048 -0.14548048
 -0.14548048 -0.14548048 -0.14548048 -0.14548048 -0.14548048 -0.14548048
 -0.14548048 -0.14548048 -0.14548048 -0.14548048 -0.14548048 -0.14548048
 -0.14548048 -0.14548048 -0.14548048 -0.14548048 -0.14548048 -0.14548048
 -0.14548048 -0.14548048 -0.14548048 -0.14548048 -0.14548048 -0.14548048
 -0.14548048 -0.14548048 -0.14548048 -0.14548048 -0.14548048 -0.14548048
 -0.14548048 -0.14548048 -0.14548048 -0.14548048 -0.14548048 -0.14548048
 -0.14548048 -0.14548048 -0.14548048 -0.14548048 -0.14548048 -0.14548048
 -0.14548048 -0.14548048 -0.14548048 -0.14548048 -0.14548048 -0.14548048
 -0.14548048 -0.14548048 -0.14548048 -0.14548048 -0.14548048 -0.14548048
 -0.14548048 -0.14548048 -0.14548048 -0.14548048 -0.14548048 -0.14548048
 -0.14548048 -0.14548048 -0.14548048 -0.14548048 -0.14548048 -0.14548048
 -0.14548048 -0.14548048  2.4259154  -0.14548048 -0.14548048 -0.14548048
 -0.14548048 -0.14548048 -0.14548048 -0.14548048 -0.14548048 -0.14548048
  3.40572958 -0.14548048 -0.14548048 -0.14548048 -0.14548048  1.04257397
 -0.14548048 -0.14548048 -0.14548048 -0.14548048 -0.14548048 -0.14548048
 -0.14548048 -0.14548048 -0.14548048 -0.14548048 -0.14548048 -0.14548048
 -0.14548048 -0.14548048 -0.14548048 -0.14548048 -0.14548048 -0.14548048
 -0.14548048 -0.14548048 -0.14548048 -0.14548048 -0.14548048 -0.14548048
  0.56790799 -0.14548048 -0.14548048 -0.14548048 -0.14548048 -0.14548048
 -0.14548048 -0.14548048 -0.14548048 -0.14548048 -0.14548048 -0.14548048
 -0.14548048 -0.14548048 -0.14548048 -0.14548048 -0.14548048 -0.14548048
 -0.14548048 -0.14548048 -0.14548048 -0.14548048 -0.14548048 -0.14548048
 -0.14548048 -0.14548048 -0.14548048 -0.14548048 -0.14548048 -0.14548048
 -0.14548048 -0.14548048 -0.14548048 -0.14548048 -0.14548048 -0.14548048
 -0.14548048 -0.14548048 -0.14548048 -0.14548048 -0.14548048 -0.14548048
 -0.14548048 -0.14548048 -0.14548048 -0.14548048 -0.14548048  6.02760474
 -0.14548048 -0.14548048 -0.14548048 -0.14548048 -0.14548048 -0.14548048
 -0.14548048 -0.14548048 -0.14548048 -0.14548048 -0.14548048 -0.14548048
 -0.14548048 -0.14548048 -0.14548048 -0.14548048 -0.14548048 -0.14548048
  1.23662455 -0.14548048 -0.14548048 -0.14548048 -0.14548048  4.73962312
 -0.14548048 -0.14548048 -0.14548048 -0.14548048 -0.14548048 -0.14548048
 -0.14548048 -0.14548048 -0.14548048 -0.14548048 -0.14548048 -0.14548048
 -0.14548048 -0.14548048 -0.14548048 -0.14548048 -0.14548048 -0.14548048
 -0.14548048 -0.14548048 -0.14548048 -0.14548048 -0.14548048 -0.14548048
 -0.14548048 -0.14548048 -0.14548048 -0.14548048 -0.14548048 -0.14548048
 -0.14548048 -0.14548048 -0.14548048 -0.14548048 -0.14548048 -0.14548048
 -0.14548048 -0.14548048 -0.14548048 -0.14548048 -0.14548048 -0.14548048
 -0.14548048 -0.14548048 -0.14548048 -0.14548048 -0.14548048 -0.14548048
 -0.14548048 -0.14548048 -0.14548048 -0.14548048 -0.14548048 -0.14548048
 -0.14548048 -0.14548048 -0.14548048 -0.14548048 -0.14548048 -0.14548048
 -0.14548048 -0.14548048 -0.14548048 -0.14548048 -0.14548048 -0.14548048
 -0.14548048 -0.14548048 -0.14548048 -0.14548048 -0.14548048  2.10170021
 -0.14548048 -0.14548048 -0.14548048 -0.14548048 -0.14548048 -0.14548048
 -0.14548048 -0.14548048 -0.14548048 -0.14548048 -0.14548048 -0.14548048
 -0.14548048 -0.14548048 -0.14548048 -0.14548048 -0.14548048 -0.14548048
 -0.14548048 -0.14548048 -0.14548048 -0.14548048 -0.14548048 -0.14548048
 -0.14548048 -0.14548048 -0.14548048 -0.14548048 -0.14548048 -0.14548048
 -0.14548048 -0.14548048 -0.14548048 -0.14548048 -0.14548048 -0.14548048
 -0.14548048 -0.14548048 -0.14548048 -0.14548048 -0.14548048 -0.14548048
 -0.14548048 -0.14548048  3.213375   -0.14548048 -0.14548048 -0.14548048
 -0.14548048 -0.14548048 -0.14548048 -0.14548048 -0.14548048 -0.14548048
 -0.14548048 -0.14548048 -0.14548048 -0.14548048 -0.14548048 -0.14548048
 -0.14548048 -0.14548048 -0.14548048 -0.14548048 -0.14548048 -0.14548048
 -0.14548048 -0.14548048 -0.14548048 -0.14548048 -0.14548048 -0.14548048
 -0.14548048 -0.14548048 -0.14548048 -0.14548048 -0.14548048 -0.14548048
 -0.14548048 -0.14548048 -0.14548048 -0.14548048 -0.14548048 -0.14548048
 12.41946209 -0.14548048 -0.14548048 -0.14548048 -0.14548048 -0.14548048
 -0.14548048 -0.14548048 -0.14548048 -0.14548048 -0.14548048 -0.14548048
 -0.14548048 -0.14548048 -0.14548048 -0.14548048 -0.14548048 -0.14548048
 -0.14548048 -0.14548048 -0.14548048 -0.14548048 -0.14548048 -0.14548048
 -0.14548048 -0.14548048 -0.14548048 -0.14548048 -0.14548048  2.21553775
 -0.14548048 -0.14548048 -0.14548048 -0.14548048 -0.14548048 -0.14548048
 -0.14548048 -0.14548048 -0.14548048 -0.14548048 -0.14548048 -0.14548048
 -0.14548048 -0.14548048 -0.14548048 -0.14548048 -0.14548048 -0.14548048
 -0.14548048 -0.14548048 -0.14548048 -0.14548048]",[-0.07291171045100864]
9,"[-0.18900348 -0.18900348 -0.18900348 -0.18900348 -0.18900348 -0.18900348
 -0.18900348 -0.18900348 -0.18900348 -0.18900348 -0.18900348 -0.18900348
 -0.18900348 -0.18900348 -0.18900348 -0.18900348 -0.18900348 -0.18900348
  0.74240699 -0.18900348 -0.18900348 -0.18900348 -0.18900348 -0.18900348
 -0.18900348 -0.18900348 -0.18900348 -0.18900348 -0.18900348 -0.18900348
 -0.18900348 -0.18900348 -0.18900348 -0.18900348 -0.18900348 -0.18900348
 -0.18900348 -0.18900348 -0.18900348 -0.18900348 -0.18900348 -0.18900348
 -0.18900348 -0.18900348 -0.18900348 -0.18900348 -0.18900348 -0.18900348
 -0.18900348 -0.18900348 -0.18900348 -0.18900348 -0.18900348 -0.18900348
 -0.18900348 -0.18900348 -0.18900348 -0.18900348 -0.18900348 -0.18900348
 -0.18900348 -0.18900348 -0.18900348 -0.18900348 -0.18900348 -0.18900348
 -0.18900348 -0.18900348 -0.18900348 -0.18900348 -0.18900348 -0.18900348
 -0.18900348 -0.18900348 -0.18900348 -0.18900348 -0.18900348 -0.18900348
 -0.18900348 -0.18900348 -0.18900348 -0.18900348 -0.18900348  8.47722322
 -0.18900348 -0.18900348 -0.18900348 -0.18900348 -0.18900348 -0.18900348
 -0.18900348 -0.18900348  1.8728706  -0.18900348 -0.18900348 -0.18900348
 -0.18900348 -0.18900348 -0.18900348 -0.18900348 -0.18900348 -0.18900348
 -0.18900348 -0.18900348 -0.18900348 -0.18900348 -0.18900348 -0.18900348
 -0.18900348 -0.18900348 -0.18900348 -0.18900348 -0.18900348 -0.18900348
 -0.18900348 -0.18900348 -0.18900348 -0.18900348 -0.18900348 -0.18900348
 -0.18900348 -0.18900348 -0.18900348  0.4539251  -0.18900348 -0.18900348
 -0.18900348 -0.18900348 -0.18900348 -0.18900348 -0.18900348 -0.18900348
 -0.18900348 -0.18900348 -0.18900348 -0.18900348 -0.18900348 -0.18900348
 -0.18900348 -0.18900348 -0.18900348 -0.18900348 -0.18900348 -0.18900348
 -0.18900348 -0.18900348 -0.18900348 -0.18900348 -0.18900348 -0.18900348
 -0.18900348 -0.18900348 -0.18900348 -0.18900348 -0.18900348 -0.18900348
 -0.18900348 -0.18900348 -0.18900348 -0.18900348 -0.18900348 -0.18900348
 -0.18900348 -0.18900348 -0.18900348 -0.18900348 -0.18900348 -0.18900348
 -0.18900348 -0.18900348 -0.18900348 -0.18900348 -0.18900348 -0.18900348
 -0.18900348 -0.18900348 -0.18900348 -0.18900348 -0.18900348 -0.18900348
 -0.18900348 -0.18900348 -0.18900348 -0.18900348 -0.18900348 -0.18900348
 -0.18900348 -0.18900348 -0.18900348 -0.18900348 -0.18900348 -0.18900348
 -0.18900348 -0.18900348 -0.18900348 -0.18900348 -0.18900348 -0.18900348
 -0.18900348 -0.18900348 -0.18900348 -0.18900348 -0.18900348 -0.18900348
 -0.18900348 -0.18900348 -0.18900348 -0.18900348 -0.18900348 -0.18900348
  3.31777933 -0.18900348  0.99793558 -0.18900348 -0.18900348  4.28203455
 -0.18900348 -0.18900348 -0.18900348 -0.18900348 -0.18900348 -0.18900348
 -0.18900348 -0.18900348 -0.18900348 -0.18900348 -0.18900348 -0.18900348
 -0.18900348 -0.18900348 -0.18900348 -0.18900348 -0.18900348 -0.18900348
 -0.18900348  4.25188742 -0.18900348  1.44663847  4.06010991 -0.18900348
  4.07044906 -0.18900348 -0.18900348 -0.18900348 -0.18900348 -0.18900348
 -0.18900348 -0.18900348 -0.18900348 -0.18900348 -0.18900348 -0.18900348
 -0.18900348 -0.18900348 -0.18900348 -0.18900348 -0.18900348 -0.18900348
 -0.18900348 -0.18900348  7.00899399  3.77783521 -0.18900348 -0.18900348
 -0.18900348 -0.18900348 -0.18900348 -0.18900348 -0.18900348 -0.18900348
 -0.18900348 -0.18900348  6.6270926  -0.18900348  2.90831485 -0.18900348
 -0.18900348 -0.18900348 -0.18900348 -0.18900348 -0.18900348 -0.18900348
 -0.18900348  1.00055416 -0.18900348 -0.18900348 -0.18900348  5.02792664
 -0.18900348 -0.18900348 -0.18900348 -0.18900348 -0.18900348 -0.18900348
 -0.18900348 -0.18900348 -0.18900348 -0.18900348 -0.18900348 -0.18900348
 -0.18900348 -0.18900348 -0.18900348 -0.18900348 -0.18900348 -0.18900348
 -0.18900348 -0.18900348 -0.18900348 -0.18900348 -0.18900348  6.63433281
 -0.18900348  0.36410932 -0.18900348 -0.18900348 -0.18900348 -0.18900348
 -0.18900348 -0.18900348 -0.18900348 -0.18900348 -0.18900348 -0.18900348
 -0.18900348 -0.18900348 -0.18900348 -0.18900348 -0.18900348 -0.18900348
 -0.18900348 -0.18900348 -0.18900348 -0.18900348 -0.18900348 -0.18900348
 -0.18900348 -0.18900348 -0.18900348 -0.18900348 -0.18900348 -0.18900348
 -0.18900348 -0.18900348 -0.18900348 -0.18900348 -0.18900348 -0.18900348
 -0.18900348 -0.18900348 -0.18900348 -0.18900348 -0.18900348 -0.18900348
 -0.18900348 -0.18900348 -0.18900348 -0.18900348 -0.18900348 -0.18900348
 -0.18900348 -0.18900348 -0.18900348 -0.18900348 -0.18900348 -0.18900348
 -0.18900348 -0.18900348 -0.18900348 -0.18900348 -0.18900348 -0.18900348
 -0.18900348 -0.18900348 -0.18900348 -0.18900348 -0.18900348 -0.18900348
 -0.18900348 -0.18900348 -0.18900348 -0.18900348 -0.18900348 -0.18900348
 -0.18900348 -0.18900348 -0.18900348 -0.18900348 -0.18900348 -0.18900348
 -0.18900348 -0.18900348 -0.18900348 -0.18900348 -0.18900348 -0.18900348
 -0.18900348 -0.18900348 -0.18900348 -0.18900348 -0.18900348 -0.18900348
 -0.18900348 -0.18900348 -0.18900348 -0.18900348 -0.18900348 -0.18900348
 -0.18900348 -0.18900348 -0.18900348 -0.18900348 -0.18900348 -0.18900348
 -0.18900348 -0.18900348 -0.18900348 -0.18900348 -0.18900348 -0.18900348
 -0.18900348 -0.18900348 -0.18900348 -0.18900348  8.23219685 -0.18900348
 -0.18900348 -0.18900348 -0.18900348 -0.18900348 -0.18900348 -0.18900348
 -0.18900348 -0.18900348 -0.18900348 -0.18900348 -0.18900348 -0.18900348
 -0.18900348 -0.18900348 -0.18900348 -0.18900348 -0.18900348 -0.18900348
 -0.18900348 -0.18900348 -0.18900348 -0.18900348 -0.18900348 -0.18900348
 -0.18900348 -0.18900348 -0.18900348 -0.18900348 -0.18900348 -0.18900348
 -0.18900348 -0.18900348 -0.18900348 -0.18900348 -0.18900348 -0.18900348
 -0.18900348 -0.18900348  4.75319069 -0.18900348 -0.18900348 -0.18900348
  6.42838349 -0.18900348 -0.18900348 -0.18900348 -0.18900348 -0.18900348
 -0.18900348 -0.18900348 -0.18900348 -0.18900348 -0.18900348 -0.18900348
 -0.18900348 -0.18900348 -0.18900348 -0.18900348 -0.18900348 -0.18900348
 -0.18900348  3.24567169 -0.18900348 -0.18900348 -0.18900348 -0.18900348
 -0.18900348 -0.18900348 -0.18900348 -0.18900348 -0.18900348 -0.18900348
 -0.18900348 -0.18900348 -0.18900348 -0.18900348 -0.18900348 -0.18900348
 -0.18900348 -0.18900348 -0.18900348 -0.18900348 -0.18900348 -0.18900348
 -0.18900348 -0.18900348 -0.18900348 -0.18900348 -0.18900348 -0.18900348
 -0.18900348 -0.18900348  3.76386364 -0.18900348]",[-0.007772390283418279]
9,"[-0.2298724  -0.2298724  -0.2298724  -0.2298724  -0.2298724  -0.2298724
 -0.2298724  -0.2298724  -0.2298724  -0.2298724  -0.2298724  -0.2298724
 -0.2298724  -0.2298724  -0.2298724  -0.2298724  -0.2298724  -0.2298724
 -0.2298724  -0.2298724  -0.2298724  -0.2298724  -0.2298724  -0.2298724
 -0.2298724  -0.2298724  -0.2298724  -0.2298724  -0.2298724  -0.2298724
 -0.2298724  -0.2298724  -0.2298724  -0.2298724  -0.2298724  -0.2298724
 -0.2298724  -0.2298724  -0.2298724  -0.2298724  -0.2298724  -0.2298724
 -0.2298724  -0.2298724  -0.2298724  -0.2298724  -0.2298724  -0.2298724
 -0.2298724  -0.2298724  -0.2298724  -0.2298724  -0.2298724  -0.2298724
 -0.2298724  -0.2298724  -0.2298724  -0.2298724  -0.2298724  -0.2298724
 -0.2298724  -0.2298724  -0.2298724  -0.2298724  -0.2298724  -0.2298724
 -0.2298724  -0.2298724  -0.2298724  -0.2298724  -0.2298724  -0.2298724
 -0.2298724  -0.2298724  -0.2298724  -0.2298724  -0.2298724  -0.2298724
 -0.2298724  -0.2298724  -0.2298724  -0.2298724  -0.2298724   6.47364349
 -0.2298724  -0.2298724  -0.2298724  -0.2298724  -0.2298724  -0.2298724
 -0.2298724  -0.2298724   2.14738506 -0.2298724  -0.2298724  -0.2298724
 -0.2298724  -0.2298724  -0.2298724  -0.2298724  -0.2298724  -0.2298724
 -0.2298724  -0.2298724  -0.2298724  -0.2298724  -0.2298724  -0.2298724
 -0.2298724  -0.2298724   2.2486825  -0.2298724  -0.2298724  -0.2298724
  3.13963765 -0.2298724  -0.2298724  -0.2298724  -0.2298724  -0.2298724
 -0.2298724  -0.2298724  -0.2298724  -0.2298724  -0.2298724  -0.2298724
 -0.2298724  -0.2298724  -0.2298724  -0.2298724  -0.2298724  -0.2298724
 -0.2298724  -0.2298724  -0.2298724  -0.2298724  -0.2298724  -0.2298724
 -0.2298724  -0.2298724  -0.2298724  -0.2298724  -0.2298724  -0.2298724
 -0.2298724  -0.2298724  -0.2298724  -0.2298724  -0.2298724  -0.2298724
 -0.2298724  -0.2298724  -0.2298724  -0.2298724  -0.2298724  -0.2298724
 -0.2298724  -0.2298724  -0.2298724  -0.2298724  -0.2298724  -0.2298724
 -0.2298724  -0.2298724  -0.2298724  -0.2298724  -0.2298724  -0.2298724
 -0.2298724  -0.2298724  -0.2298724  -0.2298724  -0.2298724  -0.2298724
 -0.2298724  -0.2298724  -0.2298724  -0.2298724  -0.2298724  -0.2298724
 -0.2298724  -0.2298724  -0.2298724  -0.2298724  -0.2298724  -0.2298724
 -0.2298724  -0.2298724  -0.2298724  -0.2298724  -0.2298724  -0.2298724
 -0.2298724  -0.2298724  -0.2298724  -0.2298724  -0.2298724  -0.2298724
 -0.2298724   4.09662016 -0.2298724  -0.2298724  -0.2298724  -0.2298724
 -0.2298724  -0.2298724  -0.2298724  -0.2298724  -0.2298724  -0.2298724
  2.62021725 -0.2298724  -0.2298724  -0.2298724  -0.2298724   5.26905593
 -0.2298724  -0.2298724  -0.2298724  -0.2298724  -0.2298724  -0.2298724
 -0.2298724  -0.2298724  -0.2298724  -0.2298724  -0.2298724  -0.2298724
 -0.2298724  -0.2298724  -0.2298724  -0.2298724  -0.2298724  -0.2298724
 -0.2298724   4.49283128 -0.2298724   3.08610854  3.42896774 -0.2298724
  3.38079535 -0.2298724  -0.2298724   5.32806261 -0.2298724  -0.2298724
 -0.2298724  -0.2298724  -0.2298724  -0.2298724  -0.2298724  -0.2298724
 -0.2298724  -0.2298724  -0.2298724   7.62699185  4.88949287 -0.2298724
 -0.2298724  -0.2298724  -0.2298724   2.24483442 -0.2298724   0.1291262
 -0.2298724  -0.2298724  -0.2298724  -0.2298724  -0.2298724  -0.2298724
  4.53991347 -0.2298724  -0.2298724  -0.2298724   3.73720893  1.55360626
 -0.2298724   2.96204261 -0.2298724  -0.2298724  -0.2298724  -0.2298724
  2.62021725  4.37318795 -0.2298724  -0.2298724  -0.2298724   6.46210696
  2.18172582 -0.2298724  -0.2298724  -0.2298724  -0.2298724  -0.2298724
 -0.2298724  -0.2298724  -0.2298724  -0.2298724  -0.2298724  -0.2298724
 -0.2298724  -0.2298724  -0.2298724  -0.2298724  -0.2298724  -0.2298724
 -0.2298724  -0.2298724  -0.2298724  -0.2298724  -0.2298724   3.90818071
 -0.2298724   1.46398185 -0.2298724  -0.2298724  -0.2298724  -0.2298724
 -0.2298724  -0.2298724  -0.2298724  -0.2298724  -0.2298724  -0.2298724
 -0.2298724  -0.2298724  -0.2298724  -0.2298724  -0.2298724  -0.2298724
 -0.2298724  -0.2298724  -0.2298724  -0.2298724  -0.2298724  -0.2298724
 -0.2298724  -0.2298724  -0.2298724  -0.2298724  -0.2298724  -0.2298724
 -0.2298724  -0.2298724  -0.2298724  -0.2298724  -0.2298724  -0.2298724
 -0.2298724  -0.2298724  -0.2298724  -0.2298724  -0.2298724  -0.2298724
 -0.2298724  -0.2298724  -0.2298724  -0.2298724  -0.2298724  -0.2298724
 -0.2298724  -0.2298724  -0.2298724  -0.2298724  -0.2298724  -0.2298724
 -0.2298724  -0.2298724  -0.2298724  -0.2298724  -0.2298724  -0.2298724
 -0.2298724  -0.2298724  -0.2298724  -0.2298724  -0.2298724  -0.2298724
 -0.2298724  -0.2298724  -0.2298724  -0.2298724  -0.2298724  -0.2298724
 -0.2298724  -0.2298724  -0.2298724  -0.2298724  -0.2298724  -0.2298724
 -0.2298724  -0.2298724  -0.2298724  -0.2298724  -0.2298724  -0.2298724
 -0.2298724  -0.2298724  -0.2298724  -0.2298724  -0.2298724  -0.2298724
 -0.2298724  -0.2298724  -0.2298724  -0.2298724  -0.2298724  -0.2298724
 -0.2298724  -0.2298724  -0.2298724  -0.2298724  -0.2298724  -0.2298724
 -0.2298724  -0.2298724  -0.2298724  -0.2298724  -0.2298724  -0.2298724
 -0.2298724  -0.2298724  -0.2298724  -0.2298724  -0.2298724   5.71970975
 -0.2298724  -0.2298724  -0.2298724  -0.2298724  -0.2298724  -0.2298724
 -0.2298724  -0.2298724  -0.2298724  -0.2298724  -0.2298724  -0.2298724
 -0.2298724  -0.2298724  -0.2298724  -0.2298724  -0.2298724  -0.2298724
 -0.2298724  -0.2298724  -0.2298724  -0.2298724  -0.2298724  -0.2298724
  0.67544713 -0.2298724  -0.2298724  -0.2298724  -0.2298724  -0.2298724
 -0.2298724  -0.2298724  -0.2298724  -0.2298724  -0.2298724  -0.2298724
 -0.2298724  -0.2298724   4.40798288 -0.2298724  -0.2298724  -0.2298724
 -0.2298724  -0.2298724  -0.2298724  -0.2298724   2.29379445 -0.2298724
 -0.2298724  -0.2298724  -0.2298724  -0.2298724  -0.2298724  -0.2298724
 -0.2298724  -0.2298724  -0.2298724  -0.2298724  -0.2298724  -0.2298724
 -0.2298724   4.39506921 -0.2298724  -0.2298724  -0.2298724  -0.2298724
 -0.2298724  -0.2298724  -0.2298724  -0.2298724  -0.2298724   0.2811007
 -0.2298724  -0.2298724  -0.2298724  -0.2298724  -0.2298724  -0.2298724
 -0.2298724  -0.2298724  -0.2298724  -0.2298724  -0.2298724  -0.2298724
 -0.2298724  -0.2298724  -0.2298724  -0.2298724  -0.2298724  -0.2298724
 -0.2298724  -0.2298724  -0.2298724  -0.2298724 ]",[-0.028795795865371315]
9,"[-0.16561113 -0.16561113 -0.16561113 -0.16561113 -0.16561113 -0.16561113
 -0.16561113 -0.16561113 -0.16561113 -0.16561113 -0.16561113 -0.16561113
 -0.16561113 -0.16561113 -0.16561113 -0.16561113 -0.16561113 -0.16561113
  2.37547322 -0.16561113 -0.16561113 -0.16561113 -0.16561113 -0.16561113
 -0.16561113 -0.16561113 -0.16561113 -0.16561113 -0.16561113 -0.16561113
 -0.16561113 -0.16561113 -0.16561113 -0.16561113 -0.16561113 -0.16561113
 -0.16561113 -0.16561113 -0.16561113 -0.16561113 -0.16561113 -0.16561113
 -0.16561113 -0.16561113 -0.16561113 -0.16561113 -0.16561113 -0.16561113
 -0.16561113 -0.16561113 -0.16561113 -0.16561113 -0.16561113 -0.16561113
 -0.16561113 -0.16561113 -0.16561113 -0.16561113  3.12082879 -0.16561113
 -0.16561113 -0.16561113 -0.16561113 -0.16561113 -0.16561113 -0.16561113
 -0.16561113 -0.16561113 -0.16561113 -0.16561113 -0.16561113 -0.16561113
 -0.16561113 -0.16561113 -0.16561113 -0.16561113 -0.16561113 -0.16561113
 -0.16561113 -0.16561113 -0.16561113 -0.16561113 -0.16561113  9.50596398
 -0.16561113 -0.16561113 -0.16561113 -0.16561113  0.85336274 -0.16561113
 -0.16561113 -0.16561113 -0.16561113 -0.16561113 -0.16561113 -0.16561113
 -0.16561113 -0.16561113 -0.16561113 -0.16561113 -0.16561113 -0.16561113
 -0.16561113 -0.16561113 -0.16561113 -0.16561113 -0.16561113 -0.16561113
 -0.16561113 -0.16561113 -0.16561113 -0.16561113 -0.16561113 -0.16561113
 -0.16561113 -0.16561113 -0.16561113 -0.16561113 -0.16561113 -0.16561113
 -0.16561113 -0.16561113 -0.16561113 -0.16561113 -0.16561113 -0.16561113
 -0.16561113 -0.16561113 -0.16561113 -0.16561113 -0.16561113 -0.16561113
 -0.16561113 -0.16561113 -0.16561113 -0.16561113 -0.16561113 -0.16561113
 -0.16561113 -0.16561113 -0.16561113 -0.16561113 -0.16561113 -0.16561113
 -0.16561113 -0.16561113 -0.16561113 -0.16561113 -0.16561113 -0.16561113
 -0.16561113 -0.16561113 -0.16561113 -0.16561113 -0.16561113 -0.16561113
 -0.16561113 -0.16561113 -0.16561113 -0.16561113 -0.16561113 -0.16561113
 -0.16561113 -0.16561113 -0.16561113 -0.16561113 -0.16561113 -0.16561113
 -0.16561113 -0.16561113 -0.16561113 -0.16561113 -0.16561113 -0.16561113
 -0.16561113 -0.16561113 -0.16561113 -0.16561113 -0.16561113 -0.16561113
 -0.16561113 -0.16561113 -0.16561113 -0.16561113 -0.16561113 -0.16561113
 -0.16561113 -0.16561113 -0.16561113 -0.16561113 -0.16561113 -0.16561113
 -0.16561113 -0.16561113 -0.16561113 -0.16561113 -0.16561113 -0.16561113
 -0.16561113 -0.16561113 -0.16561113 -0.16561113 -0.16561113 -0.16561113
 -0.16561113 -0.16561113  2.52054236 -0.16561113 -0.16561113 -0.16561113
  7.23504164 -0.16561113 -0.16561113  1.76992447 -0.16561113  7.40724967
 -0.16561113 -0.16561113  0.44871588 -0.16561113 -0.16561113 -0.16561113
 -0.16561113 -0.16561113 -0.16561113 -0.16561113 -0.16561113 -0.16561113
 -0.16561113 -0.16561113 -0.16561113 -0.16561113 -0.16561113 -0.16561113
 -0.16561113  1.9599251  -0.16561113  2.25281784 -0.16561113 -0.16561113
 -0.16561113 -0.16561113 -0.16561113 -0.16561113 -0.16561113 -0.16561113
 -0.16561113 -0.16561113 -0.16561113 -0.16561113 -0.16561113 -0.16561113
 -0.16561113 -0.16561113 -0.16561113 -0.16561113 -0.16561113 -0.16561113
 -0.16561113 -0.16561113 -0.16561113  2.82277708 -0.16561113 -0.16561113
 -0.16561113 -0.16561113 -0.16561113 -0.16561113 -0.16561113 -0.16561113
 -0.16561113 -0.16561113 -0.16561113 -0.16561113 -0.16561113 -0.16561113
 -0.16561113 -0.16561113 -0.16561113 -0.16561113 -0.16561113 -0.16561113
 -0.16561113 -0.16561113 -0.16561113 -0.16561113 -0.16561113  6.43953166
 -0.16561113 -0.16561113 -0.16561113 -0.16561113 -0.16561113  2.37547322
 -0.16561113 -0.16561113 -0.16561113 -0.16561113 -0.16561113 -0.16561113
 -0.16561113 -0.16561113 -0.16561113 -0.16561113 -0.16561113 -0.16561113
 -0.16561113 -0.16561113 -0.16561113 -0.16561113 -0.16561113  7.84237655
 -0.16561113 -0.16561113 -0.16561113 -0.16561113 -0.16561113 -0.16561113
 -0.16561113 -0.16561113 -0.16561113 -0.16561113 -0.16561113 -0.16561113
 -0.16561113 -0.16561113 -0.16561113 -0.16561113 -0.16561113 -0.16561113
 -0.16561113 -0.16561113 -0.16561113 -0.16561113 -0.16561113 -0.16561113
 -0.16561113 -0.16561113 -0.16561113 -0.16561113 -0.16561113 -0.16561113
 -0.16561113 -0.16561113 -0.16561113 -0.16561113 -0.16561113 -0.16561113
 -0.16561113 -0.16561113 -0.16561113 -0.16561113 -0.16561113 -0.16561113
 -0.16561113 -0.16561113 -0.16561113 -0.16561113 -0.16561113 -0.16561113
 -0.16561113 -0.16561113 -0.16561113 -0.16561113 -0.16561113 -0.16561113
 -0.16561113 -0.16561113 -0.16561113 -0.16561113 -0.16561113 -0.16561113
 -0.16561113 -0.16561113 -0.16561113 -0.16561113 -0.16561113 -0.16561113
 -0.16561113 -0.16561113 -0.16561113 -0.16561113 -0.16561113 -0.16561113
 -0.16561113 -0.16561113 -0.16561113 -0.16561113 -0.16561113 -0.16561113
 -0.16561113 -0.16561113 -0.16561113 -0.16561113 -0.16561113 -0.16561113
 -0.16561113 -0.16561113 -0.16561113 -0.16561113 -0.16561113 -0.16561113
 -0.16561113 -0.16561113 -0.16561113 -0.16561113 -0.16561113 -0.16561113
 -0.16561113 -0.16561113 -0.16561113 -0.16561113 -0.16561113 -0.16561113
 -0.16561113 -0.16561113 -0.16561113 -0.16561113 -0.16561113 -0.16561113
 -0.16561113 -0.16561113 -0.16561113 -0.16561113 -0.16561113  1.34098152
 -0.16561113 -0.16561113 -0.16561113 -0.16561113 -0.16561113 -0.16561113
 -0.16561113  3.82734819 -0.16561113 -0.16561113 -0.16561113 -0.16561113
 -0.16561113 -0.16561113 -0.16561113 -0.16561113 -0.16561113 -0.16561113
 -0.16561113 -0.16561113 -0.16561113 -0.16561113 -0.16561113 -0.16561113
  2.30751074 -0.16561113 -0.16561113 -0.16561113 -0.16561113 -0.16561113
 -0.16561113 -0.16561113 -0.16561113 -0.16561113 -0.16561113 -0.16561113
 -0.16561113 -0.16561113  7.43584523 -0.16561113 -0.16561113 -0.16561113
 -0.16561113 -0.16561113 -0.16561113 -0.16561113 -0.16561113 -0.16561113
 -0.16561113 -0.16561113 -0.16561113 -0.16561113 -0.16561113 -0.16561113
 -0.16561113 -0.16561113 -0.16561113 -0.16561113 -0.16561113 -0.16561113
 -0.16561113  8.96387544 -0.16561113 -0.16561113 -0.16561113 -0.16561113
 -0.16561113 -0.16561113 -0.16561113 -0.16561113 -0.16561113 -0.16561113
 -0.16561113 -0.16561113 -0.16561113 -0.16561113 -0.16561113 -0.16561113
 -0.16561113 -0.16561113 -0.16561113 -0.16561113 -0.16561113 -0.16561113
 -0.16561113 -0.16561113 -0.16561113 -0.16561113 -0.16561113 -0.16561113
 -0.16561113 -0.16561113 -0.16561113 -0.16561113]",[-0.0027385793809592274]
9,"[-0.12977585 -0.12977585 -0.12977585 -0.12977585 -0.12977585 -0.12977585
 -0.12977585 -0.12977585 -0.12977585 -0.12977585 -0.12977585 -0.12977585
 -0.12977585 -0.12977585 -0.12977585 -0.12977585 -0.12977585 -0.12977585
  2.53735425 -0.12977585 -0.12977585 -0.12977585 -0.12977585 -0.12977585
 -0.12977585 -0.12977585 -0.12977585 -0.12977585 -0.12977585 -0.12977585
 -0.12977585 -0.12977585 -0.12977585 -0.12977585 -0.12977585 -0.12977585
 -0.12977585 -0.12977585 -0.12977585 -0.12977585 -0.12977585 -0.12977585
 -0.12977585 -0.12977585 -0.12977585 -0.12977585 -0.12977585 -0.12977585
 -0.12977585 -0.12977585 -0.12977585 -0.12977585 -0.12977585 -0.12977585
 -0.12977585 -0.12977585 -0.12977585 -0.12977585  6.58171888 -0.12977585
 -0.12977585 -0.12977585 -0.12977585 -0.12977585 -0.12977585 -0.12977585
 -0.12977585 -0.12977585 -0.12977585 -0.12977585 -0.12977585 -0.12977585
 -0.12977585 -0.12977585 -0.12977585 -0.12977585 -0.12977585 -0.12977585
 -0.12977585 -0.12977585 -0.12977585 -0.12977585 -0.12977585 13.46831882
 -0.12977585 -0.12977585 -0.12977585 -0.12977585 -0.12977585 -0.12977585
 -0.12977585 -0.12977585 -0.12977585 -0.12977585 -0.12977585 -0.12977585
 -0.12977585 -0.12977585 -0.12977585 -0.12977585 -0.12977585 -0.12977585
 -0.12977585 -0.12977585 -0.12977585 -0.12977585 -0.12977585 -0.12977585
 -0.12977585 -0.12977585  6.64519242 -0.12977585 -0.12977585 -0.12977585
 -0.12977585 -0.12977585 -0.12977585 -0.12977585 -0.12977585 -0.12977585
 -0.12977585 -0.12977585 -0.12977585 -0.12977585 -0.12977585 -0.12977585
 -0.12977585 -0.12977585 -0.12977585 -0.12977585 -0.12977585 -0.12977585
 -0.12977585 -0.12977585 -0.12977585 -0.12977585 -0.12977585 -0.12977585
 -0.12977585 -0.12977585 -0.12977585 -0.12977585 -0.12977585 -0.12977585
 -0.12977585 -0.12977585 -0.12977585 -0.12977585 -0.12977585 -0.12977585
 -0.12977585 -0.12977585 -0.12977585 -0.12977585 -0.12977585 -0.12977585
 -0.12977585 -0.12977585 -0.12977585 -0.12977585 -0.12977585 -0.12977585
 -0.12977585 -0.12977585 -0.12977585 -0.12977585 -0.12977585 -0.12977585
 -0.12977585 -0.12977585 -0.12977585 -0.12977585 -0.12977585 -0.12977585
 -0.12977585 -0.12977585 -0.12977585 -0.12977585 -0.12977585 -0.12977585
 -0.12977585 -0.12977585 -0.12977585 -0.12977585 -0.12977585 -0.12977585
 -0.12977585 -0.12977585 -0.12977585 -0.12977585 -0.12977585 -0.12977585
 -0.12977585 -0.12977585 -0.12977585 -0.12977585 -0.12977585 -0.12977585
 -0.12977585 -0.12977585  3.47448087 -0.12977585 -0.12977585 -0.12977585
 -0.12977585 -0.12977585 -0.12977585 -0.12977585 -0.12977585 -0.12977585
  6.02616385 -0.12977585 -0.12977585 -0.12977585 -0.12977585  1.48693624
 -0.12977585 -0.12977585 -0.12977585 -0.12977585 -0.12977585 -0.12977585
 -0.12977585 -0.12977585 -0.12977585 -0.12977585 -0.12977585 -0.12977585
 -0.12977585 -0.12977585 -0.12977585 -0.12977585 -0.12977585 -0.12977585
 -0.12977585  0.17833329 -0.12977585 -0.12977585 -0.12977585 -0.12977585
 -0.12977585  5.6613883  -0.12977585 -0.12977585 -0.12977585 -0.12977585
 -0.12977585 -0.12977585 -0.12977585 -0.12977585 -0.12977585 -0.12977585
 -0.12977585 -0.12977585 -0.12977585 -0.12977585 -0.12977585 -0.12977585
 -0.12977585 -0.12977585 -0.12977585 -0.12977585 -0.12977585 -0.12977585
 -0.12977585 -0.12977585 -0.12977585 -0.12977585 -0.12977585 -0.12977585
 -0.12977585 -0.12977585 -0.12977585 -0.12977585 -0.12977585 -0.12977585
 -0.12977585 -0.12977585 -0.12977585 -0.12977585 -0.12977585 -0.12977585
 -0.12977585 -0.12977585 -0.12977585 -0.12977585 -0.12977585 -0.12977585
 -0.12977585 -0.12977585 -0.12977585 -0.12977585 -0.12977585 -0.12977585
 -0.12977585 -0.12977585 -0.12977585 -0.12977585 -0.12977585 -0.12977585
 -0.12977585 -0.12977585 -0.12977585 -0.12977585 -0.12977585 -0.12977585
 -0.12977585 -0.12977585 -0.12977585 -0.12977585 -0.12977585  3.15858309
 -0.12977585 -0.12977585 -0.12977585 -0.12977585 -0.12977585 -0.12977585
 -0.12977585 -0.12977585 -0.12977585 -0.12977585 -0.12977585 -0.12977585
 -0.12977585 -0.12977585 -0.12977585 -0.12977585 -0.12977585 -0.12977585
 -0.12977585 -0.12977585 -0.12977585 -0.12977585 -0.12977585 -0.12977585
 -0.12977585 -0.12977585 -0.12977585 -0.12977585 -0.12977585 -0.12977585
 -0.12977585 -0.12977585 -0.12977585 -0.12977585 -0.12977585 -0.12977585
 -0.12977585 -0.12977585 -0.12977585 -0.12977585 -0.12977585 -0.12977585
 -0.12977585 -0.12977585 -0.12977585 -0.12977585 -0.12977585 -0.12977585
 -0.12977585 -0.12977585 -0.12977585 -0.12977585 -0.12977585 -0.12977585
 -0.12977585 -0.12977585 -0.12977585 -0.12977585 -0.12977585 -0.12977585
 -0.12977585 -0.12977585 -0.12977585 -0.12977585 -0.12977585 -0.12977585
 -0.12977585 -0.12977585 -0.12977585 -0.12977585 -0.12977585 -0.12977585
 -0.12977585 -0.12977585 -0.12977585 -0.12977585 -0.12977585 -0.12977585
 -0.12977585 -0.12977585 -0.12977585 -0.12977585 -0.12977585 -0.12977585
 -0.12977585 -0.12977585 -0.12977585 -0.12977585 -0.12977585 -0.12977585
 -0.12977585 -0.12977585 -0.12977585 -0.12977585 -0.12977585 -0.12977585
 -0.12977585 -0.12977585 -0.12977585 -0.12977585 -0.12977585 -0.12977585
 -0.12977585 -0.12977585 -0.12977585 -0.12977585 -0.12977585 -0.12977585
 -0.12977585 -0.12977585 -0.12977585 -0.12977585 -0.12977585 -0.12977585
 -0.12977585 -0.12977585 -0.12977585 -0.12977585 -0.12977585 -0.12977585
 -0.12977585 -0.12977585 -0.12977585 -0.12977585 -0.12977585 -0.12977585
 -0.12977585 -0.12977585 -0.12977585 -0.12977585 -0.12977585 -0.12977585
 -0.12977585 -0.12977585 -0.12977585 -0.12977585 -0.12977585 -0.12977585
 -0.12977585 -0.12977585 -0.12977585 -0.12977585 -0.12977585 -0.12977585
 -0.12977585 -0.12977585 -0.12977585 -0.12977585 -0.12977585 -0.12977585
 -0.12977585 -0.12977585 11.0575079  -0.12977585 -0.12977585 -0.12977585
 -0.12977585 -0.12977585 -0.12977585 -0.12977585 -0.12977585 -0.12977585
 -0.12977585 -0.12977585 -0.12977585 -0.12977585 -0.12977585 -0.12977585
 -0.12977585 -0.12977585 -0.12977585 -0.12977585 -0.12977585 -0.12977585
 -0.12977585  4.49031229 -0.12977585 -0.12977585 -0.12977585 -0.12977585
 -0.12977585 -0.12977585 -0.12977585 -0.12977585 -0.12977585  1.03006662
 -0.12977585 -0.12977585 -0.12977585 -0.12977585 -0.12977585 -0.12977585
 -0.12977585 -0.12977585 -0.12977585 -0.12977585 -0.12977585 -0.12977585
 -0.12977585 -0.12977585 -0.12977585 -0.12977585 -0.12977585 -0.12977585
 -0.12977585 -0.12977585 -0.12977585 -0.12977585]",[-0.053593985554529794]
9,"[-0.18768999 -0.18768999 -0.18768999 -0.18768999 -0.18768999 -0.18768999
 -0.18768999 -0.18768999 -0.18768999 -0.18768999 -0.18768999 -0.18768999
 -0.18768999 -0.18768999 -0.18768999 -0.18768999 -0.18768999 -0.18768999
 -0.18768999 -0.18768999 -0.18768999 -0.18768999 -0.18768999 -0.18768999
 -0.18768999 -0.18768999 -0.18768999 -0.18768999 -0.18768999 -0.18768999
 -0.18768999 -0.18768999 -0.18768999 -0.18768999 -0.18768999 -0.18768999
 -0.18768999 -0.18768999 -0.18768999 -0.18768999 -0.18768999 -0.18768999
 -0.18768999 -0.18768999 -0.18768999 -0.18768999 -0.18768999 -0.18768999
 -0.18768999 -0.18768999 -0.18768999 -0.18768999 -0.18768999 -0.18768999
 -0.18768999 -0.18768999 -0.18768999 -0.18768999 -0.18768999 -0.18768999
 -0.18768999 -0.18768999 -0.18768999 -0.18768999 -0.18768999 -0.18768999
 -0.18768999 -0.18768999 -0.18768999 -0.18768999 -0.18768999 -0.18768999
 -0.18768999 -0.18768999 -0.18768999 -0.18768999 -0.18768999 -0.18768999
 -0.18768999 -0.18768999 -0.18768999 -0.18768999 -0.18768999  8.65818643
 -0.18768999 -0.18768999 -0.18768999 -0.18768999 -0.18768999  4.58325742
 -0.18768999 -0.18768999  1.5335358  -0.18768999 -0.18768999 -0.18768999
 -0.18768999 -0.18768999 -0.18768999 -0.18768999 -0.18768999 -0.18768999
 -0.18768999 -0.18768999 -0.18768999 -0.18768999 -0.18768999 -0.18768999
 -0.18768999 -0.18768999  7.40084994 -0.18768999 -0.18768999 -0.18768999
 -0.18768999 -0.18768999  4.6076727  -0.18768999 -0.18768999 -0.18768999
 -0.18768999 -0.18768999 -0.18768999 -0.18768999  2.54456771 -0.18768999
 -0.18768999 -0.18768999 -0.18768999 -0.18768999 -0.18768999 -0.18768999
 -0.18768999 -0.18768999 -0.18768999 -0.18768999 -0.18768999 -0.18768999
 -0.18768999 -0.18768999 -0.18768999 -0.18768999 -0.18768999 -0.18768999
 -0.18768999 -0.18768999 -0.18768999 -0.18768999 -0.18768999 -0.18768999
 -0.18768999 -0.18768999 -0.18768999 -0.18768999 -0.18768999 -0.18768999
 -0.18768999 -0.18768999 -0.18768999 -0.18768999 -0.18768999 -0.18768999
 -0.18768999 -0.18768999 -0.18768999 -0.18768999 -0.18768999 -0.18768999
 -0.18768999 -0.18768999 -0.18768999 -0.18768999 -0.18768999 -0.18768999
 -0.18768999 -0.18768999 -0.18768999 -0.18768999 -0.18768999 -0.18768999
 -0.18768999 -0.18768999 -0.18768999 -0.18768999 -0.18768999 -0.18768999
 -0.18768999 -0.18768999 -0.18768999 -0.18768999 -0.18768999 -0.18768999
 -0.18768999 -0.18768999 -0.18768999 -0.18768999 -0.18768999 -0.18768999
 -0.18768999 -0.18768999  2.06718203 -0.18768999 -0.18768999  2.29116884
 -0.18768999 -0.18768999  2.959629   -0.18768999 -0.18768999 -0.18768999
 -0.18768999 -0.18768999 -0.18768999 -0.18768999 -0.18768999  3.15443896
 -0.18768999 -0.18768999 -0.18768999 -0.18768999 -0.18768999 -0.18768999
 -0.18768999 -0.18768999 -0.18768999 -0.18768999 -0.18768999 -0.18768999
 -0.18768999  5.43848783 -0.18768999 -0.18768999 -0.18768999 -0.18768999
 -0.18768999  2.84459221 -0.18768999 -0.18768999 -0.18768999 -0.18768999
 -0.18768999 -0.18768999 -0.18768999 -0.18768999 -0.18768999 -0.18768999
 -0.18768999 -0.18768999 -0.18768999 -0.18768999 -0.18768999 -0.18768999
 -0.18768999 -0.18768999 -0.18768999 -0.18768999 -0.18768999 -0.18768999
 -0.18768999 -0.18768999 -0.18768999  1.36717171 -0.18768999  0.06021305
 -0.18768999 -0.18768999 -0.18768999 -0.18768999 -0.18768999 -0.18768999
 -0.18768999 -0.18768999 -0.18768999 -0.18768999 -0.18768999 -0.18768999
 -0.18768999 -0.18768999 -0.18768999 -0.18768999 -0.18768999 -0.18768999
 -0.18768999 -0.18768999 -0.18768999 -0.18768999 -0.18768999  5.92826924
 -0.18768999 -0.18768999 -0.18768999 -0.18768999 -0.18768999 -0.18768999
 -0.18768999 -0.18768999  5.96252567 -0.18768999 -0.18768999 -0.18768999
 -0.18768999 -0.18768999 -0.18768999 -0.18768999 -0.18768999 -0.18768999
  3.74174312 -0.18768999 -0.18768999 -0.18768999 -0.18768999  4.4754761
 -0.18768999 -0.18768999 -0.18768999 -0.18768999 -0.18768999 -0.18768999
 -0.18768999 -0.18768999 -0.18768999 -0.18768999 -0.18768999 -0.18768999
 -0.18768999 -0.18768999 -0.18768999 -0.18768999 -0.18768999 -0.18768999
 -0.18768999 -0.18768999 -0.18768999 -0.18768999 -0.18768999 -0.18768999
 -0.18768999 -0.18768999 -0.18768999 -0.18768999 -0.18768999 -0.18768999
 -0.18768999 -0.18768999 -0.18768999 -0.18768999 -0.18768999 -0.18768999
 -0.18768999 -0.18768999 -0.18768999 -0.18768999 -0.18768999 -0.18768999
 -0.18768999 -0.18768999 -0.18768999 -0.18768999 -0.18768999 -0.18768999
 -0.18768999 -0.18768999 -0.18768999 -0.18768999 -0.18768999 -0.18768999
 -0.18768999 -0.18768999 -0.18768999 -0.18768999 -0.18768999 -0.18768999
 -0.18768999 -0.18768999 -0.18768999 -0.18768999 -0.18768999 -0.18768999
 -0.18768999 -0.18768999 -0.18768999 -0.18768999 -0.18768999 -0.18768999
 -0.18768999 -0.18768999 -0.18768999 -0.18768999 -0.18768999 -0.18768999
 -0.18768999 -0.18768999 -0.18768999 -0.18768999 -0.18768999 -0.18768999
 -0.18768999 -0.18768999 -0.18768999 -0.18768999 -0.18768999 -0.18768999
 -0.18768999 -0.18768999 -0.18768999 -0.18768999 -0.18768999 -0.18768999
 -0.18768999 -0.18768999 -0.18768999 -0.18768999 -0.18768999 -0.18768999
 -0.18768999 -0.18768999 -0.18768999 -0.18768999 -0.18768999 -0.18768999
 -0.18768999 -0.18768999 -0.18768999 -0.18768999 -0.18768999 -0.18768999
 -0.18768999 -0.18768999 -0.18768999 -0.18768999 -0.18768999 -0.18768999
 -0.18768999 -0.18768999 -0.18768999 -0.18768999 -0.18768999 -0.18768999
 -0.18768999 -0.18768999 -0.18768999 -0.18768999 -0.18768999 -0.18768999
 -0.18768999 -0.18768999 -0.18768999 -0.18768999 -0.18768999 -0.18768999
 -0.18768999 -0.18768999 -0.18768999 -0.18768999 -0.18768999 -0.18768999
 -0.18768999 -0.18768999 -0.18768999 -0.18768999 -0.18768999 -0.18768999
 -0.18768999 -0.18768999  5.92687509 -0.18768999 -0.18768999 -0.18768999
  7.11648975 -0.18768999 -0.18768999 -0.18768999  3.82493258 -0.18768999
 -0.18768999 -0.18768999 -0.18768999 -0.18768999 -0.18768999 -0.18768999
 -0.18768999 -0.18768999 -0.18768999 -0.18768999 -0.18768999 -0.18768999
 -0.18768999 -0.18768999 -0.18768999 -0.18768999 -0.18768999 -0.18768999
 -0.18768999 -0.18768999 -0.18768999 -0.18768999 -0.18768999 -0.18768999
 -0.18768999 -0.18768999 -0.18768999 -0.18768999 -0.18768999 -0.18768999
 -0.18768999 -0.18768999 -0.18768999 -0.18768999 -0.18768999 -0.18768999
 -0.18768999 -0.18768999 -0.18768999 -0.18768999 -0.18768999 -0.18768999
 -0.18768999 -0.18768999  6.98235194 -0.18768999]",[-0.005520245274529656]
9,"[-0.25413077 -0.25413077 -0.25413077 -0.25413077 -0.25413077 -0.25413077
 -0.25413077 -0.25413077 -0.25413077 -0.25413077 -0.25413077 -0.25413077
 -0.25413077 -0.25413077 -0.25413077 -0.25413077 -0.25413077 -0.25413077
 -0.25413077 -0.25413077 -0.25413077 -0.25413077 -0.25413077 -0.25413077
 -0.25413077 -0.25413077 -0.25413077 -0.25413077 -0.25413077 -0.25413077
 -0.25413077 -0.25413077 -0.25413077 -0.25413077 -0.25413077 -0.25413077
 -0.25413077 -0.25413077 -0.25413077 -0.25413077 -0.25413077 -0.25413077
 -0.25413077 -0.25413077 -0.25413077 -0.25413077 -0.25413077 -0.25413077
 -0.25413077 -0.25413077 -0.25413077 -0.25413077 -0.25413077 -0.25413077
 -0.25413077 -0.25413077 -0.25413077 -0.25413077  0.45129966 -0.25413077
 -0.25413077 -0.25413077 -0.25413077 -0.25413077 -0.25413077 -0.25413077
 -0.25413077 -0.25413077 -0.25413077 -0.25413077 -0.25413077 -0.25413077
 -0.25413077 -0.25413077 -0.25413077 -0.25413077 -0.25413077 -0.25413077
 -0.25413077 -0.25413077 -0.25413077 -0.25413077 -0.25413077  5.97896837
 -0.25413077 -0.25413077 -0.25413077 -0.25413077 -0.25413077  4.96436066
 -0.25413077 -0.25413077  2.50527354 -0.25413077 -0.25413077 -0.25413077
 -0.25413077 -0.25413077 -0.25413077 -0.25413077 -0.25413077 -0.25413077
 -0.25413077 -0.25413077 -0.25413077 -0.25413077  0.06774922 -0.25413077
 -0.25413077 -0.25413077  6.12159976 -0.25413077 -0.25413077 -0.25413077
 -0.25413077 -0.25413077  4.42806568 -0.25413077 -0.25413077 -0.25413077
 -0.25413077 -0.25413077 -0.25413077 -0.25413077  4.012265   -0.25413077
 -0.25413077 -0.25413077 -0.25413077 -0.25413077 -0.25413077 -0.25413077
 -0.25413077 -0.25413077 -0.25413077 -0.25413077 -0.25413077 -0.25413077
 -0.25413077 -0.25413077 -0.25413077 -0.25413077 -0.25413077 -0.25413077
 -0.25413077 -0.25413077 -0.25413077 -0.25413077 -0.25413077 -0.25413077
 -0.25413077 -0.25413077 -0.25413077 -0.25413077 -0.25413077 -0.25413077
 -0.25413077 -0.25413077 -0.25413077 -0.25413077 -0.25413077 -0.25413077
 -0.25413077 -0.25413077 -0.25413077 -0.25413077 -0.25413077 -0.25413077
 -0.25413077 -0.25413077 -0.25413077 -0.25413077 -0.25413077 -0.25413077
 -0.25413077 -0.25413077 -0.25413077 -0.25413077 -0.25413077 -0.25413077
 -0.25413077 -0.25413077 -0.25413077 -0.25413077 -0.25413077 -0.25413077
 -0.25413077 -0.25413077 -0.25413077 -0.25413077 -0.25413077 -0.25413077
 -0.25413077 -0.25413077 -0.25413077 -0.25413077 -0.25413077 -0.25413077
 -0.25413077 -0.25413077  1.88653384 -0.25413077 -0.25413077 -0.25413077
 -0.25413077 -0.25413077 -0.25413077 -0.25413077 -0.25413077 -0.25413077
  3.78603766 -0.25413077 -0.25413077 -0.25413077 -0.25413077  0.8937955
 -0.25413077 -0.25413077 -0.25413077 -0.25413077 -0.25413077 -0.25413077
 -0.25413077 -0.25413077 -0.25413077 -0.25413077 -0.25413077 -0.25413077
 -0.25413077 -0.25413077 -0.25413077 -0.25413077 -0.25413077 -0.25413077
 -0.25413077  3.15958996 -0.25413077  5.03223993  3.57887832 -0.25413077
  3.56317166  1.61373674 -0.25413077  2.18744419 -0.25413077 -0.25413077
 -0.25413077 -0.25413077 -0.25413077 -0.25413077 -0.25413077 -0.25413077
 -0.25413077 -0.25413077 -0.25413077  4.82393191  3.03491726 -0.25413077
 -0.25413077 -0.25413077 -0.25413077  2.87518107 -0.25413077  0.91139875
 -0.25413077 -0.25413077 -0.25413077  2.03267031 -0.25413077 -0.25413077
 -0.25413077 -0.25413077  3.50245002 -0.25413077  4.05443067  5.3977232
 -0.25413077  3.48047377 -0.25413077 -0.25413077  1.22377179 -0.25413077
  3.11343765  1.88299044 -0.25413077 -0.25413077 -0.25413077  5.25070007
  2.56130725 -0.25413077 -0.25413077 -0.25413077 -0.25413077 -0.25413077
 -0.25413077 -0.25413077 -0.25413077 -0.25413077 -0.25413077 -0.25413077
 -0.25413077 -0.25413077 -0.25413077 -0.25413077 -0.25413077 -0.25413077
 -0.25413077 -0.25413077 -0.25413077 -0.25413077 -0.25413077  0.81395672
 -0.25413077 -0.25413077 -0.25413077 -0.25413077 -0.25413077 -0.25413077
 -0.25413077 -0.25413077 -0.25413077 -0.25413077 -0.25413077 -0.25413077
 -0.25413077 -0.25413077 -0.25413077 -0.25413077 -0.25413077 -0.25413077
 -0.25413077 -0.25413077 -0.25413077 -0.25413077 -0.25413077 -0.25413077
 -0.25413077 -0.25413077 -0.25413077 -0.25413077 -0.25413077 -0.25413077
 -0.25413077 -0.25413077 -0.25413077 -0.25413077 -0.25413077 -0.25413077
 -0.25413077 -0.25413077 -0.25413077 -0.25413077 -0.25413077 -0.25413077
 -0.25413077 -0.25413077 -0.25413077 -0.25413077 -0.25413077 -0.25413077
 -0.25413077 -0.25413077 -0.25413077 -0.25413077 -0.25413077 -0.25413077
 -0.25413077 -0.25413077 -0.25413077 -0.25413077 -0.25413077 -0.25413077
 -0.25413077 -0.25413077 -0.25413077 -0.25413077 -0.25413077 -0.25413077
 -0.25413077 -0.25413077 -0.25413077 -0.25413077 -0.25413077 -0.25413077
 -0.25413077 -0.25413077 -0.25413077 -0.25413077 -0.25413077 -0.25413077
 -0.25413077 -0.25413077 -0.25413077 -0.25413077 -0.25413077 -0.25413077
 -0.25413077 -0.25413077 -0.25413077 -0.25413077 -0.25413077 -0.25413077
 -0.25413077 -0.25413077 -0.25413077 -0.25413077 -0.25413077 -0.25413077
 -0.25413077 -0.25413077 -0.25413077 -0.25413077 -0.25413077 -0.25413077
 -0.25413077 -0.25413077 -0.25413077 -0.25413077 -0.25413077 -0.25413077
 -0.25413077 -0.25413077 -0.25413077 -0.25413077 -0.25413077  4.9902346
 -0.25413077 -0.25413077 -0.25413077 -0.25413077 -0.25413077 -0.25413077
 -0.25413077 -0.25413077 -0.25413077 -0.25413077 -0.25413077 -0.25413077
 -0.25413077 -0.25413077 -0.25413077 -0.25413077 -0.25413077 -0.25413077
  4.8087754  -0.25413077 -0.25413077 -0.25413077 -0.25413077 -0.25413077
 -0.25413077 -0.25413077 -0.25413077 -0.25413077 -0.25413077 -0.25413077
 -0.25413077 -0.25413077 -0.25413077 -0.25413077 -0.25413077 -0.25413077
 -0.25413077 -0.25413077  3.09512323 -0.25413077 -0.25413077 -0.25413077
  3.32192972 -0.25413077 -0.25413077 -0.25413077 -0.25413077 -0.25413077
 -0.25413077 -0.25413077 -0.25413077 -0.25413077 -0.25413077 -0.25413077
 -0.25413077 -0.25413077 -0.25413077 -0.25413077 -0.25413077 -0.25413077
 -0.25413077  1.40237063 -0.25413077 -0.25413077 -0.25413077 -0.25413077
 -0.25413077 -0.25413077 -0.25413077 -0.25413077 -0.25413077  0.32122159
 -0.25413077 -0.25413077 -0.25413077 -0.25413077 -0.25413077 -0.25413077
 -0.25413077 -0.25413077 -0.25413077 -0.25413077 -0.25413077 -0.25413077
 -0.25413077 -0.25413077 -0.25413077 -0.25413077 -0.25413077 -0.25413077
 -0.25413077 -0.25413077  5.10689578 -0.25413077]",[0.0019254694028844055]
9,"[-0.13931668 -0.13931668 -0.13931668 -0.13931668 -0.13931668 -0.13931668
 -0.13931668 -0.13931668 -0.13931668 -0.13931668 -0.13931668 -0.13931668
 -0.13931668 -0.13931668 -0.13931668 -0.13931668 -0.13931668 -0.13931668
  0.70494978 -0.13931668 -0.13931668 -0.13931668 -0.13931668 -0.13931668
 -0.13931668 -0.13931668 -0.13931668 -0.13931668 -0.13931668 -0.13931668
 -0.13931668 -0.13931668 -0.13931668 -0.13931668 -0.13931668 -0.13931668
 -0.13931668 -0.13931668 -0.13931668 -0.13931668 -0.13931668 -0.13931668
 -0.13931668 -0.13931668 -0.13931668 -0.13931668 -0.13931668 -0.13931668
 -0.13931668 -0.13931668 -0.13931668 -0.13931668 -0.13931668 -0.13931668
 -0.13931668 -0.13931668 -0.13931668 -0.13931668  3.13201438 -0.13931668
 -0.13931668 -0.13931668 -0.13931668 -0.13931668 -0.13931668 -0.13931668
 -0.13931668 -0.13931668 -0.13931668 -0.13931668 -0.13931668 -0.13931668
 -0.13931668 -0.13931668 -0.13931668 -0.13931668 -0.13931668 -0.13931668
 -0.13931668 -0.13931668 -0.13931668 -0.13931668 -0.13931668 10.39512786
 -0.13931668 -0.13931668 -0.13931668 -0.13931668  0.96695477 -0.13931668
 -0.13931668 -0.13931668 -0.13931668 -0.13931668 -0.13931668 -0.13931668
 -0.13931668 -0.13931668 -0.13931668 -0.13931668 -0.13931668 -0.13931668
 -0.13931668 -0.13931668 -0.13931668 -0.13931668 -0.13931668 -0.13931668
 -0.13931668 -0.13931668  0.3561626  -0.13931668 -0.13931668 -0.13931668
 -0.13931668 -0.13931668 -0.13931668 -0.13931668 -0.13931668 -0.13931668
 -0.13931668 -0.13931668 -0.13931668 -0.13931668 -0.13931668 -0.13931668
 -0.13931668 -0.13931668 -0.13931668 -0.13931668 -0.13931668 -0.13931668
 -0.13931668 -0.13931668 -0.13931668 -0.13931668 -0.13931668 -0.13931668
 -0.13931668 -0.13931668 -0.13931668 -0.13931668 -0.13931668 -0.13931668
 -0.13931668 -0.13931668 -0.13931668 -0.13931668 -0.13931668 -0.13931668
 -0.13931668 -0.13931668 -0.13931668 -0.13931668 -0.13931668 -0.13931668
 -0.13931668 -0.13931668 -0.13931668 -0.13931668 -0.13931668 -0.13931668
 -0.13931668 -0.13931668 -0.13931668 -0.13931668 -0.13931668 -0.13931668
 -0.13931668 -0.13931668 -0.13931668 -0.13931668 -0.13931668  2.44717086
 -0.13931668 -0.13931668 -0.13931668 -0.13931668 -0.13931668 -0.13931668
 -0.13931668 -0.13931668 -0.13931668 -0.13931668 -0.13931668 -0.13931668
 -0.13931668 -0.13931668 -0.13931668 -0.13931668 -0.13931668 -0.13931668
 -0.13931668 -0.13931668 -0.13931668 -0.13931668 -0.13931668 -0.13931668
 -0.13931668 -0.13931668 -0.13931668 -0.13931668 -0.13931668 -0.13931668
 -0.13931668 -0.13931668 -0.13931668 -0.13931668 -0.13931668 -0.13931668
  4.88761489 -0.13931668 -0.13931668 -0.13931668 -0.13931668  5.95938185
 -0.13931668 -0.13931668 -0.13931668 -0.13931668 -0.13931668 -0.13931668
 -0.13931668 -0.13931668 -0.13931668 -0.13931668 -0.13931668 -0.13931668
 -0.13931668 -0.13931668 -0.13931668 -0.13931668 -0.13931668 -0.13931668
 -0.13931668 -0.13931668 -0.13931668 -0.13931668 -0.13931668 -0.13931668
  2.04877519  0.57762398 -0.13931668 -0.13931668 -0.13931668 -0.13931668
 -0.13931668 -0.13931668 -0.13931668 -0.13931668 -0.13931668 -0.13931668
 -0.13931668 -0.13931668 -0.13931668 -0.13931668 -0.13931668 -0.13931668
 -0.13931668 -0.13931668 -0.13931668 -0.13931668 -0.13931668 -0.13931668
 -0.13931668 -0.13931668 -0.13931668 -0.13931668 -0.13931668 -0.13931668
 -0.13931668 -0.13931668 -0.13931668 -0.13931668 -0.13931668 -0.13931668
 -0.13931668 -0.13931668 -0.13931668 -0.13931668 -0.13931668 -0.13931668
 -0.13931668 -0.13931668 -0.13931668 -0.13931668 -0.13931668  2.29543273
 -0.13931668 -0.13931668 -0.13931668 -0.13931668 -0.13931668 -0.13931668
 -0.13931668 -0.13931668 -0.13931668 -0.13931668 -0.13931668 -0.13931668
 -0.13931668 -0.13931668 -0.13931668 -0.13931668 -0.13931668 -0.13931668
 -0.13931668 -0.13931668 -0.13931668 -0.13931668 -0.13931668  5.22803121
 -0.13931668 -0.13931668 -0.13931668 -0.13931668 -0.13931668 -0.13931668
 -0.13931668 -0.13931668 -0.13931668 -0.13931668 -0.13931668 -0.13931668
 -0.13931668 -0.13931668 -0.13931668 -0.13931668 -0.13931668 -0.13931668
 -0.13931668 -0.13931668 -0.13931668 -0.13931668 -0.13931668 -0.13931668
 -0.13931668 -0.13931668 -0.13931668 -0.13931668 -0.13931668 -0.13931668
 -0.13931668 -0.13931668 -0.13931668 -0.13931668 -0.13931668 -0.13931668
 -0.13931668 -0.13931668 -0.13931668 -0.13931668 -0.13931668 -0.13931668
 -0.13931668 -0.13931668 -0.13931668 -0.13931668 -0.13931668 -0.13931668
 -0.13931668 -0.13931668 -0.13931668 -0.13931668 -0.13931668 -0.13931668
 -0.13931668 -0.13931668 -0.13931668 -0.13931668 -0.13931668 -0.13931668
 -0.13931668 -0.13931668 -0.13931668 -0.13931668 -0.13931668 -0.13931668
 -0.13931668 -0.13931668 -0.13931668 -0.13931668 -0.13931668 -0.13931668
 -0.13931668 -0.13931668 -0.13931668 -0.13931668 -0.13931668 -0.13931668
 -0.13931668 -0.13931668 -0.13931668 -0.13931668 -0.13931668 -0.13931668
 -0.13931668 -0.13931668 -0.13931668 -0.13931668 -0.13931668 -0.13931668
 -0.13931668 -0.13931668 -0.13931668 -0.13931668 -0.13931668 -0.13931668
 -0.13931668 -0.13931668 -0.13931668 -0.13931668 -0.13931668 -0.13931668
 -0.13931668 -0.13931668 -0.13931668 -0.13931668 -0.13931668 -0.13931668
 -0.13931668 -0.13931668 -0.13931668 -0.13931668 -0.13931668 -0.13931668
 -0.13931668 -0.13931668 -0.13931668 -0.13931668 -0.13931668 -0.13931668
 -0.13931668 -0.13931668 -0.13931668 -0.13931668 -0.13931668 -0.13931668
 -0.13931668 -0.13931668 -0.13931668 -0.13931668 -0.13931668 -0.13931668
 -0.13931668 -0.13931668 -0.13931668 -0.13931668 -0.13931668 -0.13931668
 -0.13931668 -0.13931668 -0.13931668 -0.13931668 -0.13931668 -0.13931668
 -0.13931668 -0.13931668 -0.13931668 -0.13931668 -0.13931668 -0.13931668
 -0.13931668 -0.13931668  8.96260517 -0.13931668 -0.13931668 -0.13931668
 10.64360154 -0.13931668 -0.13931668 -0.13931668 -0.13931668 -0.13931668
 -0.13931668 -0.13931668 -0.13931668 -0.13931668 -0.13931668 -0.13931668
 -0.13931668 -0.13931668 -0.13931668 -0.13931668 -0.13931668 -0.13931668
 -0.13931668  9.49657184 -0.13931668 -0.13931668 -0.13931668  2.11358944
 -0.13931668 -0.13931668 -0.13931668 -0.13931668 -0.13931668 -0.13931668
 -0.13931668 -0.13931668 -0.13931668 -0.13931668 -0.13931668 -0.13931668
 -0.13931668 -0.13931668 -0.13931668 -0.13931668 -0.13931668 -0.13931668
 -0.13931668 -0.13931668 -0.13931668 -0.13931668 -0.13931668 -0.13931668
 -0.13931668 -0.13931668 -0.13931668 -0.13931668]",[-0.029292170873752826]
9,"[-0.22834741 -0.22834741 -0.22834741 -0.22834741 -0.22834741 -0.22834741
 -0.22834741 -0.22834741 -0.22834741 -0.22834741 -0.22834741 -0.22834741
 -0.22834741 -0.22834741 -0.22834741 -0.22834741 -0.22834741 -0.22834741
 -0.22834741 -0.22834741 -0.22834741 -0.22834741 -0.22834741 -0.22834741
 -0.22834741 -0.22834741 -0.22834741 -0.22834741 -0.22834741 -0.22834741
 -0.22834741 -0.22834741 -0.22834741 -0.22834741 -0.22834741 -0.22834741
 -0.22834741 -0.22834741 -0.22834741 -0.22834741 -0.22834741 -0.22834741
 -0.22834741 -0.22834741 -0.22834741 -0.22834741 -0.22834741 -0.22834741
 -0.22834741 -0.22834741 -0.22834741 -0.22834741 -0.22834741 -0.22834741
 -0.22834741 -0.22834741 -0.22834741 -0.22834741 -0.22834741 -0.22834741
 -0.22834741 -0.22834741 -0.22834741 -0.22834741 -0.22834741 -0.22834741
 -0.22834741 -0.22834741 -0.22834741 -0.22834741 -0.22834741 -0.22834741
 -0.22834741 -0.22834741 -0.22834741 -0.22834741 -0.22834741 -0.22834741
 -0.22834741 -0.22834741 -0.22834741 -0.22834741 -0.22834741  7.83027306
 -0.22834741 -0.22834741 -0.22834741 -0.22834741 -0.22834741  4.57580969
 -0.22834741 -0.22834741 -0.22834741 -0.22834741 -0.22834741 -0.22834741
 -0.22834741 -0.22834741 -0.22834741 -0.22834741 -0.22834741 -0.22834741
 -0.22834741 -0.22834741 -0.22834741 -0.22834741 -0.22834741 -0.22834741
 -0.22834741 -0.22834741  6.43701096 -0.22834741 -0.22834741 -0.22834741
  1.91794753 -0.22834741  6.79053312 -0.22834741 -0.22834741 -0.22834741
 -0.22834741 -0.22834741 -0.22834741 -0.22834741 -0.22834741 -0.22834741
 -0.22834741 -0.22834741 -0.22834741 -0.22834741 -0.22834741 -0.22834741
 -0.22834741 -0.22834741 -0.22834741 -0.22834741 -0.22834741 -0.22834741
 -0.22834741 -0.22834741 -0.22834741 -0.22834741 -0.22834741 -0.22834741
 -0.22834741 -0.22834741 -0.22834741 -0.22834741 -0.22834741 -0.22834741
 -0.22834741 -0.22834741 -0.22834741 -0.22834741 -0.22834741 -0.22834741
 -0.22834741 -0.22834741 -0.22834741 -0.22834741 -0.22834741 -0.22834741
 -0.22834741  0.1379992  -0.22834741 -0.22834741 -0.22834741 -0.22834741
 -0.22834741 -0.22834741 -0.22834741 -0.22834741 -0.22834741 -0.22834741
 -0.22834741 -0.22834741 -0.22834741 -0.22834741 -0.22834741 -0.22834741
 -0.22834741 -0.22834741 -0.22834741 -0.22834741 -0.22834741 -0.22834741
 -0.22834741 -0.22834741 -0.22834741 -0.22834741 -0.22834741 -0.22834741
 -0.22834741 -0.22834741 -0.22834741 -0.22834741 -0.22834741 -0.22834741
 -0.22834741 -0.22834741 -0.22834741 -0.22834741 -0.22834741 -0.22834741
 -0.22834741 -0.22834741 -0.22834741 -0.22834741 -0.22834741 -0.22834741
  3.9903009  -0.22834741 -0.1534712  -0.22834741 -0.22834741 -0.22834741
 -0.22834741 -0.22834741 -0.22834741 -0.22834741 -0.22834741 -0.22834741
 -0.22834741 -0.22834741 -0.22834741 -0.22834741 -0.22834741 -0.22834741
 -0.22834741 -0.22834741 -0.22834741  0.72132719 -0.22834741 -0.22834741
 -0.22834741  2.85629908 -0.22834741  3.88975705  4.32815632 -0.22834741
  4.34457604  1.16700219 -0.22834741 -0.22834741 -0.22834741 -0.22834741
 -0.22834741 -0.22834741 -0.22834741 -0.22834741 -0.22834741 -0.22834741
 -0.22834741 -0.22834741 -0.22834741  2.83739652  1.55369912 -0.22834741
 -0.22834741 -0.22834741  3.74626362  3.17310208 -0.22834741  1.19804985
 -0.22834741 -0.22834741 -0.22834741  2.69025519  0.94748988 -0.22834741
  5.68758548 -0.22834741  6.63173288 -0.22834741  3.76151022 -0.22834741
 -0.22834741 -0.22834741 -0.22834741 -0.22834741  3.37092462 -0.22834741
  4.64563618  2.16225122 -0.22834741 -0.22834741  6.33360421  3.41516952
  1.58536691 -0.22834741 -0.22834741 -0.22834741  1.95171352 -0.22834741
 -0.22834741 -0.22834741 -0.22834741 -0.22834741 -0.22834741 -0.22834741
 -0.22834741 -0.22834741 -0.22834741 -0.22834741 -0.22834741 -0.22834741
 -0.22834741 -0.22834741 -0.22834741 -0.22834741 -0.22834741 -0.22834741
 -0.22834741  0.67850975 -0.22834741 -0.22834741 -0.22834741 -0.22834741
 -0.22834741 -0.22834741 -0.22834741 -0.22834741 -0.22834741 -0.22834741
 -0.22834741 -0.22834741 -0.22834741 -0.22834741 -0.22834741 -0.22834741
 -0.22834741 -0.22834741 -0.22834741 -0.22834741 -0.22834741 -0.22834741
 -0.22834741 -0.22834741 -0.22834741 -0.22834741 -0.22834741 -0.22834741
 -0.22834741 -0.22834741 -0.22834741 -0.22834741 -0.22834741 -0.22834741
 -0.22834741 -0.22834741 -0.22834741 -0.22834741 -0.22834741 -0.22834741
 -0.22834741 -0.22834741 -0.22834741 -0.22834741 -0.22834741 -0.22834741
 -0.22834741 -0.22834741 -0.22834741 -0.22834741 -0.22834741 -0.22834741
 -0.22834741 -0.22834741 -0.22834741 -0.22834741 -0.22834741 -0.22834741
 -0.22834741 -0.22834741 -0.22834741 -0.22834741 -0.22834741 -0.22834741
 -0.22834741 -0.22834741 -0.22834741 -0.22834741 -0.22834741 -0.22834741
 -0.22834741 -0.22834741 -0.22834741 -0.22834741 -0.22834741 -0.22834741
 -0.22834741 -0.22834741 -0.22834741 -0.22834741 -0.22834741 -0.22834741
 -0.22834741 -0.22834741 -0.22834741 -0.22834741 -0.22834741 -0.22834741
 -0.22834741 -0.22834741 -0.22834741 -0.22834741 -0.22834741 -0.22834741
 -0.22834741 -0.22834741 -0.22834741 -0.22834741 -0.22834741 -0.22834741
 -0.22834741 -0.22834741 -0.22834741 -0.22834741 -0.22834741 -0.22834741
 -0.22834741 -0.22834741 -0.22834741 -0.22834741 -0.22834741 -0.22834741
 -0.22834741 -0.22834741 -0.22834741 -0.22834741 -0.22834741 -0.22834741
 -0.22834741 -0.22834741 -0.22834741 -0.22834741 -0.22834741 -0.22834741
 -0.22834741 -0.22834741 -0.22834741 -0.22834741 -0.22834741 -0.22834741
 -0.22834741 -0.22834741 -0.22834741 -0.22834741 -0.22834741 -0.22834741
  0.88057477 -0.22834741 -0.22834741 -0.22834741 -0.22834741 -0.22834741
 -0.22834741 -0.22834741 -0.22834741 -0.22834741 -0.22834741 -0.22834741
 -0.22834741 -0.22834741  2.47492285 -0.22834741 -0.22834741 -0.22834741
 -0.22834741 -0.22834741 -0.22834741 -0.22834741 -0.22834741 -0.22834741
 -0.22834741 -0.22834741 -0.22834741 -0.22834741 -0.22834741 -0.22834741
 -0.22834741 -0.22834741 -0.22834741 -0.22834741 -0.22834741 -0.22834741
 -0.22834741  2.18921217 -0.22834741 -0.22834741 -0.22834741 -0.22834741
 -0.22834741 -0.22834741 -0.22834741 -0.22834741 -0.22834741 -0.22834741
 -0.22834741 -0.22834741 -0.22834741 -0.22834741 -0.22834741 -0.22834741
 -0.22834741 -0.22834741 -0.22834741 -0.22834741 -0.22834741 -0.22834741
 -0.22834741 -0.22834741 -0.22834741 -0.22834741 -0.22834741 -0.22834741
 -0.22834741 -0.22834741 -0.22834741 -0.22834741]",[-0.001658945748406887]
9,"[-0.17565521 -0.17565521 -0.17565521 -0.17565521 -0.17565521 -0.17565521
 -0.17565521 -0.17565521 -0.17565521 -0.17565521 -0.17565521 -0.17565521
 -0.17565521 -0.17565521 -0.17565521 -0.17565521 -0.17565521 -0.17565521
 -0.17565521 -0.17565521 -0.17565521 -0.17565521 -0.17565521 -0.17565521
 -0.17565521 -0.17565521 -0.17565521 -0.17565521 -0.17565521 -0.17565521
 -0.17565521 -0.17565521 -0.17565521 -0.17565521 -0.17565521 -0.17565521
 -0.17565521 -0.17565521 -0.17565521 -0.17565521 -0.17565521 -0.17565521
 -0.17565521 -0.17565521 -0.17565521 -0.17565521 -0.17565521 -0.17565521
 -0.17565521 -0.17565521 -0.17565521 -0.17565521 -0.17565521 -0.17565521
 -0.17565521 -0.17565521 -0.17565521 -0.17565521 -0.17565521 -0.17565521
 -0.17565521 -0.17565521 -0.17565521 -0.17565521 -0.17565521 -0.17565521
 -0.17565521 -0.17565521 -0.17565521 -0.17565521 -0.17565521 -0.17565521
 -0.17565521 -0.17565521 -0.17565521 -0.17565521 -0.17565521 -0.17565521
 -0.17565521 -0.17565521 -0.17565521 -0.17565521 -0.17565521  9.49108448
 -0.17565521 -0.17565521 -0.17565521 -0.17565521 -0.17565521 -0.17565521
 -0.17565521 -0.17565521  5.36107567 -0.17565521 -0.17565521 -0.17565521
 -0.17565521 -0.17565521 -0.17565521 -0.17565521 -0.17565521 -0.17565521
 -0.17565521 -0.17565521 -0.17565521 -0.17565521 -0.17565521 -0.17565521
 -0.17565521 -0.17565521  8.01545138 -0.17565521 -0.17565521 -0.17565521
 -0.17565521 -0.17565521 -0.17565521 -0.17565521 -0.17565521 -0.17565521
 -0.17565521 -0.17565521 -0.17565521 -0.17565521 -0.17565521 -0.17565521
 -0.17565521 -0.17565521 -0.17565521 -0.17565521 -0.17565521 -0.17565521
 -0.17565521 -0.17565521 -0.17565521 -0.17565521 -0.17565521 -0.17565521
 -0.17565521 -0.17565521 -0.17565521 -0.17565521 -0.17565521 -0.17565521
 -0.17565521 -0.17565521 -0.17565521 -0.17565521 -0.17565521 -0.17565521
 -0.17565521 -0.17565521 -0.17565521 -0.17565521 -0.17565521 -0.17565521
 -0.17565521 -0.17565521 -0.17565521 -0.17565521 -0.17565521 -0.17565521
 -0.17565521  1.06769441 -0.17565521 -0.17565521 -0.17565521 -0.17565521
 -0.17565521 -0.17565521 -0.17565521 -0.17565521 -0.17565521 -0.17565521
 -0.17565521 -0.17565521 -0.17565521 -0.17565521 -0.17565521 -0.17565521
 -0.17565521 -0.17565521 -0.17565521 -0.17565521 -0.17565521 -0.17565521
 -0.17565521 -0.17565521 -0.17565521 -0.17565521 -0.17565521 -0.17565521
 -0.17565521 -0.17565521 -0.17565521 -0.17565521 -0.17565521 -0.17565521
 -0.17565521 -0.17565521 -0.17565521 -0.17565521 -0.17565521  0.9493021
 -0.17565521 -0.17565521 -0.17565521 -0.17565521 -0.17565521 -0.17565521
  5.28575355 -0.17565521 -0.17565521 -0.17565521 -0.17565521  3.30893184
 -0.17565521 -0.17565521 -0.17565521 -0.17565521 -0.17565521 -0.17565521
 -0.17565521 -0.17565521 -0.17565521 -0.17565521 -0.17565521 -0.17565521
 -0.17565521 -0.17565521 -0.17565521 -0.17565521 -0.17565521 -0.17565521
 -0.17565521  4.56091487 -0.17565521 -0.17565521  2.92801519 -0.17565521
  5.58819149  1.01201069 -0.17565521 -0.17565521 -0.17565521 -0.17565521
 -0.17565521 -0.17565521 -0.17565521 -0.17565521 -0.17565521 -0.17565521
 -0.17565521 -0.17565521 -0.17565521 -0.17565521 -0.17565521 -0.17565521
 -0.17565521 -0.17565521 -0.17565521  3.42615847 -0.17565521  0.11031018
 -0.17565521 -0.17565521 -0.17565521 -0.17565521 -0.17565521 -0.17565521
  2.31490653 -0.17565521 -0.17565521 -0.17565521  5.78392315 -0.17565521
 -0.17565521  3.89084135 -0.17565521 -0.17565521 -0.17565521 -0.17565521
  5.99007335 -0.17565521 -0.17565521 -0.17565521 -0.17565521 -0.17565521
 -0.17565521 -0.17565521 -0.17565521 -0.17565521 -0.17565521 -0.17565521
 -0.17565521 -0.17565521 -0.17565521 -0.17565521 -0.17565521 -0.17565521
 -0.17565521 -0.17565521 -0.17565521 -0.17565521 -0.17565521 -0.17565521
 -0.17565521 -0.17565521 -0.17565521 -0.17565521 -0.17565521  5.90661487
 -0.17565521 -0.17565521 -0.17565521 -0.17565521 -0.17565521 -0.17565521
 -0.17565521 -0.17565521 -0.17565521 -0.17565521 -0.17565521 -0.17565521
 -0.17565521 -0.17565521 -0.17565521 -0.17565521 -0.17565521 -0.17565521
 -0.17565521 -0.17565521 -0.17565521 -0.17565521 -0.17565521 -0.17565521
 -0.17565521 -0.17565521 -0.17565521 -0.17565521 -0.17565521 -0.17565521
 -0.17565521 -0.17565521 -0.17565521 -0.17565521 -0.17565521 -0.17565521
 -0.17565521 -0.17565521 -0.17565521 -0.17565521 -0.17565521 -0.17565521
 -0.17565521 -0.17565521 -0.17565521 -0.17565521 -0.17565521 -0.17565521
 -0.17565521 -0.17565521 -0.17565521 -0.17565521 -0.17565521 -0.17565521
 -0.17565521 -0.17565521 -0.17565521 -0.17565521 -0.17565521 -0.17565521
 -0.17565521 -0.17565521 -0.17565521 -0.17565521 -0.17565521 -0.17565521
 -0.17565521 -0.17565521 -0.17565521 -0.17565521 -0.17565521 -0.17565521
 -0.17565521 -0.17565521 -0.17565521 -0.17565521 -0.17565521 -0.17565521
 -0.17565521 -0.17565521 -0.17565521 -0.17565521 -0.17565521 -0.17565521
 -0.17565521 -0.17565521 -0.17565521 -0.17565521 -0.17565521 -0.17565521
 -0.17565521 -0.17565521 -0.17565521 -0.17565521 -0.17565521 -0.17565521
 -0.17565521 -0.17565521 -0.17565521 -0.17565521 -0.17565521 -0.17565521
 -0.17565521 -0.17565521 -0.17565521 -0.17565521 -0.17565521 -0.17565521
 -0.17565521 -0.17565521 -0.17565521 -0.17565521 -0.17565521 -0.17565521
 -0.17565521 -0.17565521 -0.17565521 -0.17565521 -0.17565521 -0.17565521
 -0.17565521 -0.17565521 -0.17565521 -0.17565521 -0.17565521 -0.17565521
 -0.17565521 -0.17565521 -0.17565521 -0.17565521 -0.17565521 -0.17565521
 -0.17565521 -0.17565521 -0.17565521 -0.17565521 -0.17565521 -0.17565521
 -0.17565521 -0.17565521 -0.17565521 -0.17565521 -0.17565521 -0.17565521
 -0.17565521 -0.17565521 -0.17565521 -0.17565521 -0.17565521 -0.17565521
 -0.17565521 -0.17565521  6.62999254 -0.17565521 -0.17565521 -0.17565521
  6.20635943 -0.17565521 -0.17565521 -0.17565521 -0.17565521 -0.17565521
 -0.17565521 -0.17565521 -0.17565521 -0.17565521 -0.17565521 -0.17565521
 -0.17565521 -0.17565521 -0.17565521 -0.17565521 -0.17565521 -0.17565521
 -0.17565521 -0.17565521 -0.17565521 -0.17565521 -0.17565521 -0.17565521
 -0.17565521 -0.17565521 -0.17565521 -0.17565521 -0.17565521 -0.17565521
 -0.17565521 -0.17565521 -0.17565521 -0.17565521 -0.17565521 -0.17565521
 -0.17565521 -0.17565521 -0.17565521 -0.17565521 -0.17565521 -0.17565521
 -0.17565521 -0.17565521 -0.17565521 -0.17565521 -0.17565521 -0.17565521
 -0.17565521 -0.17565521 -0.17565521 -0.17565521]",[-0.03625872934425539]
9,"[-0.15679922 -0.15679922 -0.15679922 -0.15679922 -0.15679922 -0.15679922
 -0.15679922 -0.15679922 -0.15679922 -0.15679922 -0.15679922 -0.15679922
 -0.15679922 -0.15679922 -0.15679922 -0.15679922 -0.15679922 -0.15679922
  2.24232323 -0.15679922 -0.15679922 -0.15679922 -0.15679922 -0.15679922
 -0.15679922 -0.15679922 -0.15679922 -0.15679922 -0.15679922 -0.15679922
 -0.15679922 -0.15679922 -0.15679922 -0.15679922 -0.15679922 -0.15679922
 -0.15679922 -0.15679922 -0.15679922 -0.15679922 -0.15679922 -0.15679922
 -0.15679922 -0.15679922 -0.15679922 -0.15679922 -0.15679922 -0.15679922
 -0.15679922 -0.15679922 -0.15679922 -0.15679922 -0.15679922 -0.15679922
 -0.15679922 -0.15679922 -0.15679922 -0.15679922 -0.15679922 -0.15679922
 -0.15679922 -0.15679922 -0.15679922 -0.15679922 -0.15679922 -0.15679922
 -0.15679922 -0.15679922 -0.15679922 -0.15679922 -0.15679922 -0.15679922
 -0.15679922 -0.15679922 -0.15679922 -0.15679922 -0.15679922 -0.15679922
 -0.15679922 -0.15679922 -0.15679922 -0.15679922 -0.15679922  9.89981557
 -0.15679922 -0.15679922 -0.15679922 -0.15679922 -0.15679922 -0.15679922
 -0.15679922 -0.15679922 -0.15679922 -0.15679922 -0.15679922 -0.15679922
 -0.15679922 -0.15679922 -0.15679922 -0.15679922 -0.15679922 -0.15679922
 -0.15679922 -0.15679922 -0.15679922 -0.15679922 -0.15679922 -0.15679922
 -0.15679922 -0.15679922  1.74483997 -0.15679922 -0.15679922 -0.15679922
 -0.15679922 -0.15679922 -0.15679922 -0.15679922 -0.15679922 -0.15679922
 -0.15679922 -0.15679922 -0.15679922 -0.15679922 -0.15679922 -0.15679922
 -0.15679922 -0.15679922 -0.15679922 -0.15679922 -0.15679922 -0.15679922
 -0.15679922 -0.15679922 -0.15679922 -0.15679922 -0.15679922 -0.15679922
 -0.15679922 -0.15679922 -0.15679922 -0.15679922 -0.15679922 -0.15679922
 -0.15679922 -0.15679922 -0.15679922 -0.15679922 -0.15679922 -0.15679922
 -0.15679922 -0.15679922 -0.15679922 -0.15679922 -0.15679922 -0.15679922
 -0.15679922 -0.15679922 -0.15679922 -0.15679922 -0.15679922 -0.15679922
 -0.15679922 -0.15679922 -0.15679922 -0.15679922 -0.15679922 -0.15679922
 -0.15679922 -0.15679922 -0.15679922 -0.15679922 -0.15679922 -0.15679922
 -0.15679922 -0.15679922 -0.15679922 -0.15679922 -0.15679922 -0.15679922
 -0.15679922 -0.15679922 -0.15679922 -0.15679922 -0.15679922 -0.15679922
 -0.15679922 -0.15679922 -0.15679922 -0.15679922 -0.15679922 -0.15679922
 -0.15679922 -0.15679922 -0.15679922 -0.15679922 -0.15679922 -0.15679922
 -0.15679922 -0.15679922  4.40145217 -0.15679922 -0.15679922 -0.15679922
 -0.15679922 -0.15679922 -0.15679922 -0.15679922 -0.15679922 -0.15679922
 -0.15679922 -0.15679922  1.48129658 -0.15679922 -0.15679922  4.74615103
 -0.15679922 -0.15679922 -0.15679922 -0.15679922 -0.15679922 -0.15679922
 -0.15679922 -0.15679922 -0.15679922 -0.15679922 -0.15679922 -0.15679922
 -0.15679922 -0.15679922 -0.15679922 -0.15679922 -0.15679922 -0.15679922
 -0.15679922  5.86546618 -0.15679922 -0.15679922 -0.15679922 -0.15679922
  5.4394261  -0.15679922 -0.15679922 -0.15679922 -0.15679922 -0.15679922
 -0.15679922 -0.15679922 -0.15679922 -0.15679922 -0.15679922 -0.15679922
 -0.15679922 -0.15679922 -0.15679922 -0.15679922 -0.15679922 -0.15679922
 -0.15679922 -0.15679922 -0.15679922  5.76149369 -0.15679922  0.37756936
 -0.15679922 -0.15679922 -0.15679922 -0.15679922 -0.15679922 -0.15679922
 -0.15679922 -0.15679922 -0.15679922 -0.15679922  3.89673604 -0.15679922
 -0.15679922 -0.15679922 -0.15679922 -0.15679922 -0.15679922 -0.15679922
 -0.15679922  5.20045908 -0.15679922 -0.15679922 -0.15679922 10.7420762
 -0.15679922 -0.15679922 -0.15679922 -0.15679922 -0.15679922 -0.15679922
 -0.15679922 -0.15679922 -0.15679922 -0.15679922 -0.15679922 -0.15679922
 -0.15679922 -0.15679922 -0.15679922 -0.15679922 -0.15679922 -0.15679922
 -0.15679922 -0.15679922 -0.15679922 -0.15679922 -0.15679922  5.84499881
 -0.15679922 -0.15679922 -0.15679922 -0.15679922 -0.15679922 -0.15679922
 -0.15679922 -0.15679922 -0.15679922 -0.15679922 -0.15679922 -0.15679922
 -0.15679922 -0.15679922 -0.15679922 -0.15679922 -0.15679922 -0.15679922
 -0.15679922 -0.15679922 -0.15679922 -0.15679922 -0.15679922 -0.15679922
 -0.15679922 -0.15679922 -0.15679922 -0.15679922 -0.15679922 -0.15679922
 -0.15679922 -0.15679922 -0.15679922 -0.15679922 -0.15679922 -0.15679922
 -0.15679922 -0.15679922 -0.15679922 -0.15679922 -0.15679922 -0.15679922
 -0.15679922 -0.15679922 -0.15679922 -0.15679922 -0.15679922 -0.15679922
 -0.15679922 -0.15679922 -0.15679922 -0.15679922 -0.15679922 -0.15679922
 -0.15679922 -0.15679922 -0.15679922 -0.15679922 -0.15679922 -0.15679922
 -0.15679922 -0.15679922 -0.15679922 -0.15679922 -0.15679922 -0.15679922
 -0.15679922 -0.15679922 -0.15679922 -0.15679922 -0.15679922 -0.15679922
 -0.15679922 -0.15679922 -0.15679922 -0.15679922 -0.15679922 -0.15679922
 -0.15679922 -0.15679922 -0.15679922 -0.15679922 -0.15679922 -0.15679922
 -0.15679922 -0.15679922 -0.15679922 -0.15679922 -0.15679922 -0.15679922
 -0.15679922 -0.15679922 -0.15679922 -0.15679922 -0.15679922 -0.15679922
 -0.15679922 -0.15679922 -0.15679922 -0.15679922 -0.15679922 -0.15679922
 -0.15679922 -0.15679922 -0.15679922 -0.15679922 -0.15679922 -0.15679922
 -0.15679922 -0.15679922 -0.15679922 -0.15679922 -0.15679922 -0.15679922
 -0.15679922 -0.15679922 -0.15679922 -0.15679922 -0.15679922 -0.15679922
 -0.15679922 -0.15679922 -0.15679922 -0.15679922 -0.15679922 -0.15679922
 -0.15679922 -0.15679922 -0.15679922 -0.15679922 -0.15679922 -0.15679922
 -0.15679922 -0.15679922 -0.15679922 -0.15679922 -0.15679922 -0.15679922
 -0.15679922 -0.15679922 -0.15679922 -0.15679922 -0.15679922 -0.15679922
 -0.15679922 -0.15679922 -0.15679922 -0.15679922 -0.15679922 -0.15679922
 -0.15679922 -0.15679922  7.02175378 -0.15679922 -0.15679922 -0.15679922
 -0.15679922 -0.15679922 -0.15679922 -0.15679922  4.3609491  -0.15679922
 -0.15679922 -0.15679922 -0.15679922 -0.15679922 -0.15679922 -0.15679922
 -0.15679922 -0.15679922 -0.15679922 -0.15679922 -0.15679922 -0.15679922
 -0.15679922 -0.15679922 -0.15679922 -0.15679922 -0.15679922 -0.15679922
 -0.15679922 -0.15679922 -0.15679922 -0.15679922 -0.15679922 -0.15679922
 -0.15679922 -0.15679922 -0.15679922 -0.15679922 -0.15679922 -0.15679922
 -0.15679922 -0.15679922 -0.15679922 -0.15679922 -0.15679922 -0.15679922
 -0.15679922 -0.15679922 -0.15679922 -0.15679922 -0.15679922 -0.15679922
 -0.15679922 -0.15679922 -0.15679922 -0.15679922]",[-0.024626945964466823]
9,"[-0.18912449 -0.18912449 -0.18912449 -0.18912449 -0.18912449 -0.18912449
 -0.18912449 -0.18912449 -0.18912449 -0.18912449 -0.18912449 -0.18912449
 -0.18912449 -0.18912449 -0.18912449 -0.18912449 -0.18912449 -0.18912449
 -0.18912449 -0.18912449 -0.18912449 -0.18912449 -0.18912449 -0.18912449
 -0.18912449 -0.18912449 -0.18912449 -0.18912449 -0.18912449 -0.18912449
 -0.18912449 -0.18912449 -0.18912449 -0.18912449 -0.18912449 -0.18912449
 -0.18912449 -0.18912449 -0.18912449 -0.18912449 -0.18912449 -0.18912449
 -0.18912449 -0.18912449 -0.18912449 -0.18912449 -0.18912449 -0.18912449
 -0.18912449 -0.18912449 -0.18912449 -0.18912449 -0.18912449 -0.18912449
 -0.18912449 -0.18912449 -0.18912449 -0.18912449 -0.18912449 -0.18912449
 -0.18912449 -0.18912449 -0.18912449 -0.18912449 -0.18912449 -0.18912449
 -0.18912449 -0.18912449 -0.18912449 -0.18912449 -0.18912449 -0.18912449
 -0.18912449 -0.18912449 -0.18912449 -0.18912449 -0.18912449 -0.18912449
 -0.18912449 -0.18912449 -0.18912449 -0.18912449 -0.18912449  9.27904763
 -0.18912449 -0.18912449 -0.18912449 -0.18912449 -0.18912449 -0.18912449
 -0.18912449 -0.18912449 -0.18912449 -0.18912449 -0.18912449 -0.18912449
 -0.18912449 -0.18912449 -0.18912449 -0.18912449 -0.18912449 -0.18912449
 -0.18912449 -0.18912449 -0.18912449 -0.18912449 -0.18912449 -0.18912449
 -0.18912449 -0.18912449  7.56912066 -0.18912449 -0.18912449 -0.18912449
 -0.18912449 -0.18912449 -0.18912449 -0.18912449 -0.18912449 -0.18912449
 -0.18912449 -0.18912449 -0.18912449 -0.18912449 -0.18912449 -0.18912449
 -0.18912449 -0.18912449 -0.18912449 -0.18912449 -0.18912449 -0.18912449
 -0.18912449 -0.18912449 -0.18912449 -0.18912449 -0.18912449 -0.18912449
 -0.18912449 -0.18912449 -0.18912449 -0.18912449 -0.18912449 -0.18912449
 -0.18912449 -0.18912449 -0.18912449 -0.18912449 -0.18912449 -0.18912449
 -0.18912449 -0.18912449 -0.18912449 -0.18912449 -0.18912449 -0.18912449
 -0.18912449 -0.18912449 -0.18912449 -0.18912449 -0.18912449 -0.18912449
 -0.18912449 -0.18912449 -0.18912449 -0.18912449 -0.18912449 -0.18912449
 -0.18912449 -0.18912449 -0.18912449 -0.18912449 -0.18912449 -0.18912449
 -0.18912449 -0.18912449 -0.18912449 -0.18912449 -0.18912449 -0.18912449
 -0.18912449 -0.18912449 -0.18912449 -0.18912449 -0.18912449 -0.18912449
 -0.18912449 -0.18912449 -0.18912449 -0.18912449 -0.18912449 -0.18912449
 -0.18912449 -0.18912449 -0.18912449 -0.18912449 -0.18912449 -0.18912449
 -0.18912449 -0.18912449  2.41373459 -0.18912449 -0.18912449 -0.18912449
 -0.18912449 -0.18912449 -0.18912449 -0.18912449 -0.18912449 -0.18912449
  3.38842913 -0.18912449  0.53134244 -0.18912449 -0.18912449  3.77585076
 -0.18912449 -0.18912449 -0.18912449 -0.18912449 -0.18912449 -0.18912449
 -0.18912449 -0.18912449 -0.18912449 -0.18912449 -0.18912449 -0.18912449
 -0.18912449 -0.18912449 -0.18912449 -0.18912449 -0.18912449 -0.18912449
 -0.18912449  3.15228344 -0.18912449  1.2995841   2.94365754 -0.18912449
  3.89407988 -0.18912449 -0.18912449 -0.18912449 -0.18912449 -0.18912449
 -0.18912449 -0.18912449 -0.18912449 -0.18912449 -0.18912449 -0.18912449
 -0.18912449 -0.18912449 -0.18912449  0.64371298 -0.18912449 -0.18912449
 -0.18912449 -0.18912449 -0.18912449  3.30488973 -0.18912449 -0.18912449
 -0.18912449 -0.18912449 -0.18912449 -0.18912449 -0.18912449 -0.18912449
 -0.18912449 -0.18912449 -0.18912449 -0.18912449  5.60495485 -0.18912449
 -0.18912449 -0.18912449 -0.18912449 -0.18912449 -0.18912449 -0.18912449
 -0.18912449  3.06267263 -0.18912449 -0.18912449 -0.18912449  6.96895666
 -0.18912449 -0.18912449 -0.18912449 -0.18912449  2.41373459 -0.18912449
 -0.18912449 -0.18912449 -0.18912449 -0.18912449 -0.18912449 -0.18912449
 -0.18912449 -0.18912449 -0.18912449 -0.18912449  2.22692698 -0.18912449
  2.13386714 -0.18912449 -0.18912449 -0.18912449 -0.18912449  5.08260042
 -0.18912449 -0.18912449 -0.18912449 -0.18912449 -0.18912449 -0.18912449
 -0.18912449 -0.18912449 -0.18912449 -0.18912449 -0.18912449 -0.18912449
 -0.18912449 -0.18912449 -0.18912449 -0.18912449 -0.18912449 -0.18912449
 -0.18912449 -0.18912449 -0.18912449 -0.18912449 -0.18912449 -0.18912449
 -0.18912449 -0.18912449 -0.18912449 -0.18912449 -0.18912449 -0.18912449
 -0.18912449 -0.18912449 -0.18912449 -0.18912449 -0.18912449 -0.18912449
 -0.18912449 -0.18912449 -0.18912449 -0.18912449 -0.18912449 -0.18912449
 -0.18912449 -0.18912449 -0.18912449 -0.18912449 -0.18912449 -0.18912449
 -0.18912449 -0.18912449 -0.18912449 -0.18912449 -0.18912449 -0.18912449
 -0.18912449 -0.18912449 -0.18912449 -0.18912449 -0.18912449 -0.18912449
 -0.18912449 -0.18912449 -0.18912449 -0.18912449 -0.18912449 -0.18912449
 -0.18912449 -0.18912449 -0.18912449 -0.18912449 -0.18912449 -0.18912449
 -0.18912449 -0.18912449 -0.18912449 -0.18912449 -0.18912449 -0.18912449
 -0.18912449 -0.18912449 -0.18912449 -0.18912449 -0.18912449 -0.18912449
 -0.18912449 -0.18912449 -0.18912449 -0.18912449 -0.18912449 -0.18912449
 -0.18912449 -0.18912449 -0.18912449 -0.18912449 -0.18912449 -0.18912449
 -0.18912449 -0.18912449 -0.18912449 -0.18912449 -0.18912449 -0.18912449
 -0.18912449 -0.18912449 -0.18912449 -0.18912449 -0.18912449 -0.18912449
 -0.18912449 -0.18912449 -0.18912449 -0.18912449  7.35530194 -0.18912449
 -0.18912449 -0.18912449 -0.18912449 -0.18912449 -0.18912449 -0.18912449
 -0.18912449 -0.18912449 -0.18912449 -0.18912449 -0.18912449 -0.18912449
 -0.18912449 -0.18912449 -0.18912449 -0.18912449 -0.18912449 -0.18912449
 -0.18912449 -0.18912449 -0.18912449 -0.18912449 -0.18912449 -0.18912449
 -0.18912449 -0.18912449 -0.18912449  0.82206009 -0.18912449 -0.18912449
 -0.18912449 -0.18912449 -0.18912449 -0.18912449 -0.18912449 -0.18912449
 -0.18912449 -0.18912449  5.73943461 -0.18912449 -0.18912449 -0.18912449
  7.33164082 -0.18912449 -0.18912449 -0.18912449 -0.18912449 -0.18912449
 -0.18912449 -0.18912449 -0.18912449 -0.18912449 -0.18912449 -0.18912449
 -0.18912449 -0.18912449 -0.18912449 -0.18912449 -0.18912449 -0.18912449
 -0.18912449  2.8678638  -0.18912449 -0.18912449 -0.18912449 -0.18912449
 -0.18912449 -0.18912449 -0.18912449 -0.18912449 -0.18912449 -0.18912449
 -0.18912449 -0.18912449 -0.18912449 -0.18912449 -0.18912449 -0.18912449
 -0.18912449 -0.18912449 -0.18912449 -0.18912449 -0.18912449 -0.18912449
 -0.18912449 -0.18912449 -0.18912449 -0.18912449 -0.18912449 -0.18912449
 -0.18912449 -0.18912449 -0.18912449 -0.18912449]",[-0.023193377375734292]
9,"[-0.17393118 -0.17393118 -0.17393118 -0.17393118 -0.17393118 -0.17393118
 -0.17393118 -0.17393118 -0.17393118 -0.17393118 -0.17393118 -0.17393118
 -0.17393118 -0.17393118 -0.17393118 -0.17393118 -0.17393118 -0.17393118
 -0.17393118 -0.17393118 -0.17393118 -0.17393118 -0.17393118 -0.17393118
 -0.17393118 -0.17393118 -0.17393118 -0.17393118 -0.17393118 -0.17393118
 -0.17393118 -0.17393118 -0.17393118 -0.17393118 -0.17393118 -0.17393118
 -0.17393118 -0.17393118 -0.17393118 -0.17393118 -0.17393118 -0.17393118
 -0.17393118 -0.17393118 -0.17393118 -0.17393118 -0.17393118 -0.17393118
 -0.17393118 -0.17393118 -0.17393118 -0.17393118 -0.17393118 -0.17393118
 -0.17393118 -0.17393118 -0.17393118 -0.17393118  1.08885322 -0.17393118
 -0.17393118 -0.17393118 -0.17393118 -0.17393118 -0.17393118 -0.17393118
 -0.17393118 -0.17393118 -0.17393118 -0.17393118 -0.17393118 -0.17393118
 -0.17393118 -0.17393118 -0.17393118 -0.17393118 -0.17393118 -0.17393118
 -0.17393118 -0.17393118 -0.17393118 -0.17393118 -0.17393118  9.63041224
 -0.17393118 -0.17393118 -0.17393118 -0.17393118 -0.17393118 -0.17393118
 -0.17393118 -0.17393118 -0.17393118 -0.17393118 -0.17393118 -0.17393118
 -0.17393118 -0.17393118 -0.17393118 -0.17393118 -0.17393118 -0.17393118
 -0.17393118 -0.17393118 -0.17393118 -0.17393118 -0.17393118 -0.17393118
 -0.17393118 -0.17393118  7.71164915 -0.17393118 -0.17393118 -0.17393118
 -0.17393118 -0.17393118 -0.17393118 -0.17393118 -0.17393118 -0.17393118
 -0.17393118 -0.17393118 -0.17393118 -0.17393118 -0.17393118 -0.17393118
 -0.17393118 -0.17393118 -0.17393118 -0.17393118 -0.17393118 -0.17393118
 -0.17393118 -0.17393118 -0.17393118 -0.17393118 -0.17393118 -0.17393118
 -0.17393118 -0.17393118 -0.17393118 -0.17393118 -0.17393118 -0.17393118
 -0.17393118 -0.17393118 -0.17393118 -0.17393118 -0.17393118 -0.17393118
 -0.17393118 -0.17393118 -0.17393118 -0.17393118 -0.17393118 -0.17393118
 -0.17393118 -0.17393118 -0.17393118 -0.17393118 -0.17393118 -0.17393118
 -0.17393118 -0.17393118 -0.17393118 -0.17393118 -0.17393118 -0.17393118
 -0.17393118 -0.17393118 -0.17393118 -0.17393118 -0.17393118 -0.17393118
 -0.17393118 -0.17393118 -0.17393118 -0.17393118 -0.17393118 -0.17393118
 -0.17393118 -0.17393118 -0.17393118 -0.17393118 -0.17393118 -0.17393118
 -0.17393118 -0.17393118 -0.17393118 -0.17393118 -0.17393118 -0.17393118
 -0.17393118 -0.17393118 -0.17393118 -0.17393118 -0.17393118 -0.17393118
 -0.17393118 -0.17393118  2.76860324 -0.17393118 -0.17393118 -0.17393118
 -0.17393118 -0.17393118 -0.17393118 -0.17393118 -0.17393118 -0.17393118
  2.84623137 -0.17393118 -0.17393118 -0.17393118 -0.17393118  4.59735983
 -0.17393118 -0.17393118 -0.17393118 -0.17393118 -0.17393118 -0.17393118
 -0.17393118 -0.17393118 -0.17393118 -0.17393118 -0.17393118 -0.17393118
 -0.17393118 -0.17393118 -0.17393118 -0.17393118 -0.17393118 -0.17393118
 -0.17393118  3.5029809  -0.17393118  3.20560502 -0.17393118 -0.17393118
  4.32411905 -0.17393118 -0.17393118 -0.17393118 -0.17393118 -0.17393118
 -0.17393118 -0.17393118 -0.17393118 -0.17393118 -0.17393118 -0.17393118
 -0.17393118 -0.17393118 -0.17393118 -0.17393118 -0.17393118 -0.17393118
 -0.17393118 -0.17393118 -0.17393118  2.74652706 -0.17393118 -0.1108158
 -0.17393118 -0.17393118 -0.17393118 -0.17393118 -0.17393118 -0.17393118
 -0.17393118 -0.17393118 -0.17393118 -0.17393118  3.24655967 -0.17393118
 -0.17393118 -0.17393118 -0.17393118 -0.17393118 -0.17393118 -0.17393118
 -0.17393118  4.03096489 -0.17393118 -0.17393118 -0.17393118  6.61372546
 -0.17393118 -0.17393118 -0.17393118 -0.17393118 -0.17393118 -0.17393118
 -0.17393118 -0.17393118 -0.17393118 -0.17393118 -0.17393118 -0.17393118
 -0.17393118 -0.17393118 -0.17393118 -0.17393118 -0.17393118 -0.17393118
 -0.17393118 -0.17393118 -0.17393118 -0.17393118 -0.17393118  5.87892881
 -0.17393118 -0.17393118 -0.17393118 -0.17393118 -0.17393118 -0.17393118
 -0.17393118 -0.17393118 -0.17393118 -0.17393118 -0.17393118 -0.17393118
 -0.17393118 -0.17393118 -0.17393118 -0.17393118 -0.17393118 -0.17393118
 -0.17393118 -0.17393118 -0.17393118 -0.17393118 -0.17393118 -0.17393118
 -0.17393118 -0.17393118 -0.17393118 -0.17393118 -0.17393118 -0.17393118
 -0.17393118 -0.17393118 -0.17393118 -0.17393118 -0.17393118 -0.17393118
 -0.17393118 -0.17393118 -0.17393118 -0.17393118 -0.17393118 -0.17393118
 -0.17393118 -0.17393118 -0.17393118 -0.17393118 -0.17393118 -0.17393118
 -0.17393118 -0.17393118 -0.17393118 -0.17393118 -0.17393118 -0.17393118
 -0.17393118 -0.17393118 -0.17393118 -0.17393118 -0.17393118 -0.17393118
 -0.17393118 -0.17393118 -0.17393118 -0.17393118 -0.17393118 -0.17393118
 -0.17393118 -0.17393118 -0.17393118 -0.17393118 -0.17393118 -0.17393118
 -0.17393118 -0.17393118 -0.17393118 -0.17393118 -0.17393118 -0.17393118
 -0.17393118 -0.17393118 -0.17393118 -0.17393118 -0.17393118 -0.17393118
 -0.17393118 -0.17393118 -0.17393118 -0.17393118 -0.17393118 -0.17393118
 -0.17393118 -0.17393118 -0.17393118 -0.17393118 -0.17393118 -0.17393118
 -0.17393118 -0.17393118 -0.17393118 -0.17393118 -0.17393118 -0.17393118
 -0.17393118 -0.17393118 -0.17393118 -0.17393118 -0.17393118 -0.17393118
 -0.17393118 -0.17393118 -0.17393118 -0.17393118 -0.17393118 -0.17393118
 -0.17393118 -0.17393118 -0.17393118 -0.17393118 -0.17393118 -0.17393118
 -0.17393118 -0.17393118 -0.17393118 -0.17393118 -0.17393118 -0.17393118
 -0.17393118 -0.17393118 -0.17393118 -0.17393118 -0.17393118 -0.17393118
 -0.17393118 -0.17393118 -0.17393118 -0.17393118 -0.17393118 -0.17393118
 -0.17393118 -0.17393118 -0.17393118 -0.17393118 -0.17393118 -0.17393118
 -0.17393118 -0.17393118 -0.17393118 -0.17393118 -0.17393118 -0.17393118
 -0.17393118 -0.17393118  5.64646654 -0.17393118 -0.17393118 -0.17393118
  7.87901685 -0.17393118 -0.17393118 -0.17393118 -0.17393118 -0.17393118
 -0.17393118 -0.17393118 -0.17393118 -0.17393118 -0.17393118 -0.17393118
 -0.17393118 -0.17393118 -0.17393118 -0.17393118 -0.17393118 -0.17393118
 -0.17393118  5.45753155 -0.17393118 -0.17393118 -0.17393118 -0.17393118
 -0.17393118 -0.17393118 -0.17393118 -0.17393118 -0.17393118 -0.17393118
 -0.17393118 -0.17393118 -0.17393118 -0.17393118 -0.17393118 -0.17393118
 -0.17393118 -0.17393118 -0.17393118 -0.17393118 -0.17393118 -0.17393118
 -0.17393118 -0.17393118 -0.17393118 -0.17393118 -0.17393118 -0.17393118
 -0.17393118 -0.17393118  6.074802   -0.17393118]",[-0.011556817181966439]
9,"[-0.19069723 -0.19069723 -0.19069723 -0.19069723 -0.19069723 -0.19069723
 -0.19069723 -0.19069723 -0.19069723 -0.19069723 -0.19069723 -0.19069723
 -0.19069723 -0.19069723 -0.19069723 -0.19069723 -0.19069723 -0.19069723
 -0.19069723 -0.19069723 -0.19069723 -0.19069723 -0.19069723 -0.19069723
 -0.19069723 -0.19069723 -0.19069723 -0.19069723 -0.19069723 -0.19069723
 -0.19069723 -0.19069723 -0.19069723 -0.19069723 -0.19069723 -0.19069723
 -0.19069723 -0.19069723 -0.19069723 -0.19069723 -0.19069723 -0.19069723
 -0.19069723 -0.19069723 -0.19069723 -0.19069723 -0.19069723 -0.19069723
 -0.19069723 -0.19069723 -0.19069723 -0.19069723 -0.19069723 -0.19069723
 -0.19069723 -0.19069723 -0.19069723 -0.19069723 -0.19069723 -0.19069723
 -0.19069723 -0.19069723 -0.19069723 -0.19069723 -0.19069723 -0.19069723
 -0.19069723 -0.19069723 -0.19069723 -0.19069723 -0.19069723 -0.19069723
 -0.19069723 -0.19069723 -0.19069723 -0.19069723 -0.19069723 -0.19069723
 -0.19069723 -0.19069723 -0.19069723 -0.19069723 -0.19069723  9.00569775
 -0.19069723 -0.19069723 -0.19069723 -0.19069723 -0.19069723  4.09529661
 -0.19069723 -0.19069723  1.38857948 -0.19069723 -0.19069723 -0.19069723
 -0.19069723 -0.19069723 -0.19069723 -0.19069723 -0.19069723 -0.19069723
 -0.19069723 -0.19069723 -0.19069723 -0.19069723 -0.19069723 -0.19069723
 -0.19069723 -0.19069723  7.52458693 -0.19069723 -0.19069723 -0.19069723
 -0.19069723 -0.19069723  5.99134085 -0.19069723 -0.19069723 -0.19069723
 -0.19069723 -0.19069723 -0.19069723 -0.19069723 -0.19069723 -0.19069723
 -0.19069723 -0.19069723 -0.19069723 -0.19069723 -0.19069723 -0.19069723
 -0.19069723 -0.19069723 -0.19069723 -0.19069723 -0.19069723 -0.19069723
 -0.19069723 -0.19069723 -0.19069723 -0.19069723 -0.19069723 -0.19069723
 -0.19069723 -0.19069723 -0.19069723 -0.19069723 -0.19069723 -0.19069723
 -0.19069723 -0.19069723 -0.19069723 -0.19069723 -0.19069723 -0.19069723
 -0.19069723 -0.19069723 -0.19069723 -0.19069723 -0.19069723 -0.19069723
 -0.19069723 -0.19069723 -0.19069723 -0.19069723 -0.19069723 -0.19069723
 -0.19069723 -0.19069723 -0.19069723 -0.19069723 -0.19069723 -0.19069723
 -0.19069723 -0.19069723 -0.19069723 -0.19069723 -0.19069723 -0.19069723
 -0.19069723 -0.19069723 -0.19069723 -0.19069723 -0.19069723 -0.19069723
 -0.19069723 -0.19069723 -0.19069723 -0.19069723 -0.19069723 -0.19069723
 -0.19069723 -0.19069723 -0.19069723 -0.19069723 -0.19069723 -0.19069723
 -0.19069723 -0.19069723 -0.19069723 -0.19069723 -0.19069723 -0.19069723
 -0.19069723 -0.19069723 -0.19069723 -0.19069723 -0.19069723 -0.19069723
  1.56892007 -0.19069723 -0.19069723 -0.19069723 -0.19069723 -0.19069723
 -0.19069723 -0.19069723 -0.19069723 -0.19069723 -0.19069723 -0.19069723
 -0.19069723 -0.19069723 -0.19069723 -0.19069723 -0.19069723 -0.19069723
 -0.19069723 -0.19069723 -0.19069723  1.58734405 -0.19069723 -0.19069723
 -0.19069723  1.33748411 -0.19069723  4.72630865  3.79732194 -0.19069723
  3.83431714 -0.19069723 -0.19069723 -0.19069723 -0.19069723 -0.19069723
 -0.19069723 -0.19069723 -0.19069723 -0.19069723 -0.19069723 -0.19069723
 -0.19069723 -0.19069723 -0.19069723 -0.19069723 -0.19069723 -0.19069723
 -0.19069723 -0.19069723 -0.19069723 -0.19069723 -0.19069723 -0.04203327
 -0.19069723 -0.19069723 -0.19069723 -0.19069723 -0.19069723 -0.19069723
 -0.19069723 -0.19069723  6.15733833 -0.19069723 -0.19069723 -0.19069723
 -0.19069723 -0.19069723 -0.19069723 -0.19069723 -0.19069723 -0.19069723
 -0.19069723 -0.19069723 -0.19069723 -0.19069723 -0.19069723  5.77367973
 -0.19069723 -0.19069723 -0.19069723 -0.19069723 -0.19069723 -0.19069723
 -0.19069723 -0.19069723  4.5185541  -0.19069723 -0.19069723 -0.19069723
 -0.19069723 -0.19069723 -0.19069723 -0.19069723  2.74569167 -0.19069723
  4.87581952 -0.19069723 -0.19069723 -0.19069723 -0.19069723  5.05509801
 -0.19069723 -0.19069723 -0.19069723 -0.19069723 -0.19069723 -0.19069723
 -0.19069723 -0.19069723 -0.19069723 -0.19069723 -0.19069723 -0.19069723
 -0.19069723 -0.19069723 -0.19069723 -0.19069723 -0.19069723 -0.19069723
 -0.19069723 -0.19069723 -0.19069723 -0.19069723 -0.19069723 -0.19069723
 -0.19069723 -0.19069723 -0.19069723 -0.19069723 -0.19069723 -0.19069723
 -0.19069723 -0.19069723 -0.19069723 -0.19069723 -0.19069723 -0.19069723
 -0.19069723 -0.19069723 -0.19069723 -0.19069723 -0.19069723 -0.19069723
 -0.19069723 -0.19069723 -0.19069723 -0.19069723 -0.19069723 -0.19069723
 -0.19069723 -0.19069723 -0.19069723 -0.19069723 -0.19069723 -0.19069723
 -0.19069723 -0.19069723 -0.19069723 -0.19069723 -0.19069723 -0.19069723
 -0.19069723 -0.19069723 -0.19069723 -0.19069723 -0.19069723 -0.19069723
 -0.19069723 -0.19069723 -0.19069723 -0.19069723 -0.19069723 -0.19069723
 -0.19069723 -0.19069723 -0.19069723 -0.19069723 -0.19069723 -0.19069723
 -0.19069723 -0.19069723 -0.19069723 -0.19069723 -0.19069723 -0.19069723
 -0.19069723 -0.19069723 -0.19069723 -0.19069723 -0.19069723 -0.19069723
 -0.19069723 -0.19069723 -0.19069723 -0.19069723 -0.19069723 -0.19069723
 -0.19069723 -0.19069723 -0.19069723 -0.19069723 -0.19069723 -0.19069723
 -0.19069723 -0.19069723 -0.19069723 -0.19069723 -0.19069723 -0.19069723
 -0.19069723 -0.19069723 -0.19069723 -0.19069723 -0.19069723  5.10778163
 -0.19069723 -0.19069723 -0.19069723 -0.19069723 -0.19069723 -0.19069723
 -0.19069723 -0.19069723 -0.19069723 -0.19069723 -0.19069723 -0.19069723
 -0.19069723 -0.19069723 -0.19069723 -0.19069723 -0.19069723 -0.19069723
  4.38597109 -0.19069723 -0.19069723 -0.19069723 -0.19069723 -0.19069723
  0.8156506  -0.19069723 -0.19069723 -0.19069723 -0.19069723 -0.19069723
 -0.19069723 -0.19069723 -0.19069723 -0.19069723 -0.19069723 -0.19069723
 -0.19069723 -0.19069723  6.11663555 -0.19069723  4.40913814 -0.19069723
 -0.19069723 -0.19069723 -0.19069723 -0.19069723 -0.19069723 -0.19069723
 -0.19069723 -0.19069723 -0.19069723 -0.19069723 -0.19069723 -0.19069723
 -0.19069723 -0.19069723 -0.19069723 -0.19069723 -0.19069723 -0.19069723
 -0.19069723 -0.19069723 -0.19069723 -0.19069723 -0.19069723 -0.19069723
 -0.19069723 -0.19069723 -0.19069723 -0.19069723 -0.19069723 -0.19069723
 -0.19069723 -0.19069723 -0.19069723 -0.19069723 -0.19069723 -0.19069723
 -0.19069723 -0.19069723 -0.19069723 -0.19069723 -0.19069723 -0.19069723
 -0.19069723 -0.19069723 -0.19069723 -0.19069723 -0.19069723 -0.19069723
 -0.19069723 -0.19069723 -0.19069723 -0.19069723]",[-0.02746143297565784]
9,"[-0.19440966 -0.19440966 -0.19440966 -0.19440966 -0.19440966 -0.19440966
 -0.19440966 -0.19440966 -0.19440966 -0.19440966 -0.19440966 -0.19440966
 -0.19440966 -0.19440966 -0.19440966 -0.19440966 -0.19440966 -0.19440966
 -0.19440966 -0.19440966 -0.19440966 -0.19440966 -0.19440966 -0.19440966
 -0.19440966 -0.19440966 -0.19440966 -0.19440966 -0.19440966 -0.19440966
 -0.19440966 -0.19440966 -0.19440966 -0.19440966 -0.19440966 -0.19440966
 -0.19440966 -0.19440966 -0.19440966 -0.19440966 -0.19440966 -0.19440966
 -0.19440966 -0.19440966 -0.19440966 -0.19440966 -0.19440966 -0.19440966
 -0.19440966 -0.19440966 -0.19440966 -0.19440966 -0.19440966 -0.19440966
 -0.19440966 -0.19440966 -0.19440966 -0.19440966 -0.19440966 -0.19440966
 -0.19440966 -0.19440966 -0.19440966 -0.19440966 -0.19440966 -0.19440966
 -0.19440966 -0.19440966 -0.19440966 -0.19440966 -0.19440966 -0.19440966
 -0.19440966 -0.19440966 -0.19440966 -0.19440966 -0.19440966 -0.19440966
 -0.19440966 -0.19440966 -0.19440966 -0.19440966 -0.19440966  2.63685282
 -0.19440966 -0.19440966 -0.19440966 -0.19440966 -0.19440966 -0.19440966
 -0.19440966 -0.19440966 -0.19440966 -0.19440966 -0.19440966 -0.19440966
 -0.19440966 -0.19440966 -0.19440966 -0.19440966 -0.19440966 -0.19440966
 -0.19440966 -0.19440966 -0.19440966 -0.19440966 -0.19440966 -0.19440966
 -0.19440966 -0.19440966  7.8489182  -0.19440966 -0.19440966 -0.19440966
  2.90948951 -0.19440966 -0.19440966 -0.19440966 -0.19440966 -0.19440966
 -0.19440966 -0.19440966 -0.19440966 -0.19440966 -0.19440966 -0.19440966
 -0.19440966 -0.19440966 -0.19440966 -0.19440966 -0.19440966 -0.19440966
 -0.19440966 -0.19440966 -0.19440966 -0.19440966 -0.19440966 -0.19440966
 -0.19440966 -0.19440966 -0.19440966 -0.19440966 -0.19440966 -0.19440966
 -0.19440966 -0.19440966 -0.19440966 -0.19440966 -0.19440966 -0.19440966
 -0.19440966 -0.19440966 -0.19440966 -0.19440966 -0.19440966 -0.19440966
 -0.19440966 -0.19440966 -0.19440966 -0.19440966 -0.19440966 -0.19440966
 -0.19440966  0.31863731 -0.19440966 -0.19440966 -0.19440966 -0.19440966
 -0.19440966 -0.19440966 -0.19440966 -0.19440966 -0.19440966 -0.19440966
 -0.19440966 -0.19440966 -0.19440966 -0.19440966 -0.19440966 -0.19440966
 -0.19440966 -0.19440966 -0.19440966 -0.19440966 -0.19440966 -0.19440966
 -0.19440966 -0.19440966 -0.19440966 -0.19440966 -0.19440966 -0.19440966
 -0.19440966 -0.19440966 -0.19440966 -0.19440966 -0.19440966 -0.19440966
 -0.19440966 -0.19440966  3.31715947 -0.19440966 -0.19440966 -0.19440966
 -0.19440966 -0.19440966 -0.19440966 -0.19440966 -0.19440966  2.37039554
  1.44242713 -0.19440966 -0.19440966 -0.19440966 -0.19440966  4.35480514
 -0.19440966 -0.19440966 -0.19440966 -0.19440966 -0.19440966 -0.19440966
 -0.19440966 -0.19440966 -0.19440966 -0.19440966 -0.19440966 -0.19440966
 -0.19440966 -0.19440966 -0.19440966 -0.19440966 -0.19440966 -0.19440966
 -0.19440966  3.07926393 -0.19440966 -0.19440966 -0.19440966 -0.19440966
  5.63083261 -0.19440966 -0.19440966 -0.19440966 -0.19440966 -0.19440966
 -0.19440966 -0.19440966 -0.19440966 -0.19440966 -0.19440966 -0.19440966
 -0.19440966 -0.19440966 -0.19440966 -0.19440966 -0.19440966 -0.19440966
 -0.19440966 -0.19440966  4.59306439  4.72528932 -0.19440966 -0.19440966
 -0.19440966 -0.19440966 -0.19440966 -0.19440966 -0.19440966 -0.19440966
 -0.19440966 -0.19440966 -0.19440966 -0.19440966  3.88239054 -0.19440966
 -0.19440966  1.99105717 -0.19440966 -0.19440966 -0.19440966 -0.19440966
  3.07926393 -0.19440966 -0.19440966 -0.19440966 -0.19440966  4.83865652
  3.26828129 -0.19440966 -0.19440966 -0.19440966 -0.19440966 -0.19440966
 -0.19440966  5.41828816 -0.19440966 -0.19440966 -0.19440966 -0.19440966
 -0.19440966 -0.19440966 -0.19440966 -0.19440966 -0.19440966 -0.19440966
 -0.19440966 -0.19440966 -0.19440966 -0.19440966 -0.19440966  4.05359584
 -0.19440966 -0.19440966 -0.19440966 -0.19440966 -0.19440966 -0.19440966
 -0.19440966 -0.19440966 -0.19440966 -0.19440966 -0.19440966 -0.19440966
 -0.19440966 -0.19440966 -0.19440966 -0.19440966 -0.19440966 -0.19440966
 -0.19440966 -0.19440966 -0.19440966 -0.19440966 -0.19440966 -0.19440966
 -0.19440966 -0.19440966 -0.19440966 -0.19440966 -0.19440966 -0.19440966
 -0.19440966 -0.19440966 -0.19440966 -0.19440966 -0.19440966 -0.19440966
 -0.19440966 -0.19440966 -0.19440966 -0.19440966 -0.19440966 -0.19440966
 -0.19440966 -0.19440966 -0.19440966 -0.19440966 -0.19440966 -0.19440966
 -0.19440966 -0.19440966 -0.19440966 -0.19440966 -0.19440966 -0.19440966
 -0.19440966 -0.19440966 -0.19440966 -0.19440966 -0.19440966 -0.19440966
 -0.19440966 -0.19440966 -0.19440966 -0.19440966 -0.19440966 -0.19440966
 -0.19440966 -0.19440966 -0.19440966 -0.19440966 -0.19440966 -0.19440966
 -0.19440966 -0.19440966 -0.19440966 -0.19440966 -0.19440966 -0.19440966
 -0.19440966 -0.19440966 -0.19440966 -0.19440966 -0.19440966 -0.19440966
 -0.19440966 -0.19440966 -0.19440966 -0.19440966 -0.19440966 -0.19440966
 -0.19440966 -0.19440966 -0.19440966 -0.19440966 -0.19440966 -0.19440966
 -0.19440966 -0.19440966 -0.19440966 -0.19440966 -0.19440966 -0.19440966
 -0.19440966 -0.19440966 -0.19440966 -0.19440966 -0.19440966 -0.19440966
 -0.19440966 -0.19440966 -0.19440966 -0.19440966 -0.19440966  5.41828816
 -0.19440966 -0.19440966 -0.19440966 -0.19440966 -0.19440966 -0.19440966
 -0.19440966 -0.19440966 -0.19440966 -0.19440966 -0.19440966 -0.19440966
 -0.19440966 -0.19440966 -0.19440966 -0.19440966 -0.19440966 -0.19440966
 -0.19440966 -0.19440966 -0.19440966 -0.19440966 -0.19440966 -0.19440966
 -0.19440966 -0.19440966 -0.19440966 -0.19440966 -0.19440966 -0.19440966
 -0.19440966 -0.19440966 -0.19440966 -0.19440966 -0.19440966 -0.19440966
 -0.19440966 -0.19440966  5.64873052 -0.19440966 -0.19440966 -0.19440966
 10.771478   -0.19440966 -0.19440966 -0.19440966 -0.19440966 -0.19440966
 -0.19440966 -0.19440966 -0.19440966 -0.19440966 -0.19440966 -0.19440966
 -0.19440966 -0.19440966 -0.19440966 -0.19440966 -0.19440966 -0.19440966
 -0.19440966  3.91339069 -0.19440966 -0.19440966 -0.19440966 -0.19440966
 -0.19440966 -0.19440966 -0.19440966 -0.19440966 -0.19440966  0.91663587
 -0.19440966 -0.19440966 -0.19440966 -0.19440966 -0.19440966 -0.19440966
 -0.19440966 -0.19440966 -0.19440966 -0.19440966 -0.19440966 -0.19440966
 -0.19440966 -0.19440966 -0.19440966 -0.19440966 -0.19440966 -0.19440966
 -0.19440966 -0.19440966 -0.19440966 -0.19440966]",[0.008949172066866379]
9,"[-0.18007814 -0.18007814 -0.18007814 -0.18007814 -0.18007814 -0.18007814
 -0.18007814 -0.18007814 -0.18007814 -0.18007814 -0.18007814 -0.18007814
 -0.18007814 -0.18007814 -0.18007814 -0.18007814 -0.18007814 -0.18007814
 -0.18007814 -0.18007814 -0.18007814 -0.18007814 -0.18007814 -0.18007814
 -0.18007814 -0.18007814 -0.18007814 -0.18007814 -0.18007814 -0.18007814
 -0.18007814 -0.18007814 -0.18007814 -0.18007814 -0.18007814 -0.18007814
 -0.18007814 -0.18007814 -0.18007814 -0.18007814 -0.18007814 -0.18007814
 -0.18007814 -0.18007814 -0.18007814 -0.18007814 -0.18007814 -0.18007814
 -0.18007814 -0.18007814 -0.18007814 -0.18007814 -0.18007814 -0.18007814
 -0.18007814 -0.18007814 -0.18007814 -0.18007814 -0.18007814 -0.18007814
 -0.18007814 -0.18007814 -0.18007814 -0.18007814 -0.18007814 -0.18007814
 -0.18007814 -0.18007814 -0.18007814 -0.18007814 -0.18007814 -0.18007814
 -0.18007814 -0.18007814 -0.18007814 -0.18007814 -0.18007814 -0.18007814
 -0.18007814 -0.18007814 -0.18007814 -0.18007814 -0.18007814  8.05081595
 -0.18007814 -0.18007814 -0.18007814 -0.18007814 -0.18007814 -0.18007814
 -0.18007814 -0.18007814 -0.18007814 -0.18007814 -0.18007814 -0.18007814
 -0.18007814 -0.18007814 -0.18007814 -0.18007814 -0.18007814 -0.18007814
 -0.18007814 -0.18007814 -0.18007814 -0.18007814 -0.18007814 -0.18007814
 -0.18007814 -0.18007814  7.54423629 -0.18007814 -0.18007814 -0.18007814
 -0.18007814 -0.18007814 -0.18007814 -0.18007814 -0.18007814 -0.18007814
 -0.18007814 -0.18007814 -0.18007814 -0.18007814 -0.18007814 -0.18007814
 -0.18007814 -0.18007814 -0.18007814 -0.18007814 -0.18007814 -0.18007814
 -0.18007814 -0.18007814 -0.18007814 -0.18007814 -0.18007814 -0.18007814
 -0.18007814 -0.18007814 -0.18007814 -0.18007814 -0.18007814 -0.18007814
 -0.18007814 -0.18007814 -0.18007814 -0.18007814 -0.18007814 -0.18007814
 -0.18007814 -0.18007814 -0.18007814 -0.18007814 -0.18007814 -0.18007814
 -0.18007814 -0.18007814 -0.18007814 -0.18007814 -0.18007814 -0.18007814
 -0.18007814 -0.18007814 -0.18007814 -0.18007814 -0.18007814 -0.18007814
 -0.18007814 -0.18007814 -0.18007814 -0.18007814 -0.18007814 -0.18007814
 -0.18007814 -0.18007814 -0.18007814 -0.18007814 -0.18007814 -0.18007814
 -0.18007814 -0.18007814 -0.18007814 -0.18007814 -0.18007814 -0.18007814
 -0.18007814 -0.18007814 -0.18007814 -0.18007814 -0.18007814 -0.18007814
 -0.18007814 -0.18007814 -0.18007814 -0.18007814 -0.18007814 -0.18007814
 -0.18007814 -0.18007814  1.75718323 -0.18007814 -0.18007814  1.93589888
 -0.18007814 -0.18007814 -0.18007814 -0.18007814 -0.18007814 -0.18007814
  5.15510546 -0.18007814 -0.18007814 -0.18007814 -0.18007814  5.37912016
 -0.18007814 -0.18007814 -0.18007814 -0.18007814 -0.18007814 -0.18007814
 -0.18007814 -0.18007814 -0.18007814 -0.18007814 -0.18007814 -0.18007814
 -0.18007814 -0.18007814 -0.18007814 -0.18007814 -0.18007814 -0.18007814
 -0.18007814 -0.05736084 -0.18007814 -0.18007814 -0.18007814 -0.18007814
  4.82591784 -0.18007814 -0.18007814 -0.18007814 -0.18007814 -0.18007814
 -0.18007814 -0.18007814 -0.18007814 -0.18007814 -0.18007814 -0.18007814
 -0.18007814 -0.18007814 -0.18007814 -0.18007814 -0.18007814 -0.18007814
 -0.18007814 -0.18007814 -0.18007814  3.64842888 -0.18007814 -0.18007814
 -0.18007814 -0.18007814 -0.18007814 -0.18007814 -0.18007814 -0.18007814
 -0.18007814 -0.18007814  4.70511625 -0.18007814 -0.18007814 -0.18007814
 -0.18007814 -0.18007814 -0.18007814 -0.18007814 -0.18007814 -0.18007814
 -0.18007814 -0.18007814 -0.18007814 -0.18007814 -0.18007814 -0.18007814
 -0.18007814 -0.18007814 -0.18007814 -0.18007814 -0.18007814 -0.18007814
 -0.18007814  6.32286854 -0.18007814 -0.18007814 -0.18007814 -0.18007814
 -0.18007814 -0.18007814 -0.18007814 -0.18007814 -0.18007814 -0.18007814
  2.52891193 -0.18007814 -0.18007814 -0.18007814 -0.18007814  5.80882827
 -0.18007814 -0.18007814 -0.18007814 -0.18007814 -0.18007814 -0.18007814
 -0.18007814 -0.18007814 -0.18007814 -0.18007814 -0.18007814 -0.18007814
 -0.18007814 -0.18007814 -0.18007814 -0.18007814 -0.18007814 -0.18007814
 -0.18007814 -0.18007814 -0.18007814 -0.18007814 -0.18007814 -0.18007814
 -0.18007814 -0.18007814 -0.18007814 -0.18007814 -0.18007814 -0.18007814
 -0.18007814 -0.18007814 -0.18007814 -0.18007814 -0.18007814 -0.18007814
 -0.18007814 -0.18007814 -0.18007814 -0.18007814 -0.18007814 -0.18007814
 -0.18007814 -0.18007814 -0.18007814 -0.18007814 -0.18007814 -0.18007814
 -0.18007814 -0.18007814 -0.18007814 -0.18007814 -0.18007814 -0.18007814
 -0.18007814 -0.18007814 -0.18007814 -0.18007814 -0.18007814 -0.18007814
 -0.18007814 -0.18007814 -0.18007814 -0.18007814 -0.18007814 -0.18007814
 -0.18007814 -0.18007814 -0.18007814 -0.18007814 -0.18007814 -0.18007814
 -0.18007814 -0.18007814 -0.18007814 -0.18007814 -0.18007814 -0.18007814
 -0.18007814 -0.18007814 -0.18007814 -0.18007814 -0.18007814 -0.18007814
 -0.18007814 -0.18007814 -0.18007814 -0.18007814 -0.18007814 -0.18007814
 -0.18007814 -0.18007814 -0.18007814 -0.18007814 -0.18007814 -0.18007814
 -0.18007814 -0.18007814 -0.18007814 -0.18007814 -0.18007814 -0.18007814
 -0.18007814 -0.18007814 -0.18007814 -0.18007814 -0.18007814 -0.18007814
 -0.18007814 -0.18007814 -0.18007814 -0.18007814 -0.18007814 -0.18007814
 -0.18007814 -0.18007814 -0.18007814 -0.18007814 -0.18007814 -0.18007814
 -0.18007814 -0.18007814 -0.18007814 -0.18007814 -0.18007814 -0.18007814
 -0.18007814 -0.18007814 -0.18007814 -0.18007814 -0.18007814 -0.18007814
  4.47350354 -0.18007814 -0.18007814 -0.18007814 -0.18007814 -0.18007814
 -0.18007814 -0.18007814 -0.18007814 -0.18007814 -0.18007814 -0.18007814
 -0.18007814 -0.18007814 -0.18007814 -0.18007814 -0.18007814 -0.18007814
 -0.18007814 -0.18007814  6.65785772 -0.18007814 -0.18007814 -0.18007814
  6.24531314 -0.18007814 -0.18007814 -0.18007814 -0.18007814 -0.18007814
 -0.18007814 -0.18007814 -0.18007814 -0.18007814 -0.18007814 -0.18007814
 -0.18007814 -0.18007814 -0.18007814 -0.18007814 -0.18007814 -0.18007814
 -0.18007814  5.20292539  4.84492576 -0.18007814 -0.18007814 -0.18007814
 -0.18007814 -0.18007814 -0.18007814 -0.18007814 -0.18007814 -0.18007814
 -0.18007814 -0.18007814 -0.18007814 -0.18007814 -0.18007814 -0.18007814
 -0.18007814 -0.18007814 -0.18007814 -0.18007814 -0.18007814 -0.18007814
 -0.18007814 -0.18007814 -0.18007814 -0.18007814 -0.18007814 -0.18007814
 -0.18007814 -0.18007814  5.18955388 -0.18007814]",[-0.0221642795408592]
9,"[-0.14789711 -0.14789711 -0.14789711 -0.14789711 -0.14789711 -0.14789711
 -0.14789711 -0.14789711 -0.14789711 -0.14789711 -0.14789711 -0.14789711
 -0.14789711 -0.14789711 -0.14789711 -0.14789711 -0.14789711 -0.14789711
 -0.14789711 -0.14789711 -0.14789711 -0.14789711 -0.14789711 -0.14789711
 -0.14789711 -0.14789711 -0.14789711 -0.14789711 -0.14789711 -0.14789711
 -0.14789711 -0.14789711 -0.14789711 -0.14789711 -0.14789711 -0.14789711
 -0.14789711 -0.14789711 -0.14789711 -0.14789711 -0.14789711 -0.14789711
 -0.14789711 -0.14789711 -0.14789711 -0.14789711 -0.14789711 -0.14789711
 -0.14789711 -0.14789711 -0.14789711 -0.14789711 -0.14789711 -0.14789711
 -0.14789711 -0.14789711 -0.14789711 -0.14789711 -0.14789711 -0.14789711
 -0.14789711 -0.14789711 -0.14789711 -0.14789711 -0.14789711 -0.14789711
 -0.14789711 -0.14789711 -0.14789711 -0.14789711 -0.14789711 -0.14789711
 -0.14789711 -0.14789711 -0.14789711 -0.14789711 -0.14789711 -0.14789711
 -0.14789711 -0.14789711 -0.14789711 -0.14789711 -0.14789711 -0.14789711
 -0.14789711 -0.14789711 -0.14789711 -0.14789711 -0.14789711 -0.14789711
 -0.14789711 -0.14789711  1.44932885 -0.14789711 -0.14789711 -0.14789711
 -0.14789711 -0.14789711 -0.14789711 -0.14789711 -0.14789711 -0.14789711
 -0.14789711 -0.14789711 -0.14789711 -0.14789711 -0.14789711 -0.14789711
 -0.14789711 -0.14789711 -0.14789711 -0.14789711 -0.14789711 -0.14789711
 -0.14789711 -0.14789711 -0.14789711 -0.14789711 -0.14789711 -0.14789711
 -0.14789711 -0.14789711 -0.14789711 -0.14789711 -0.14789711 -0.14789711
 -0.14789711 -0.14789711 -0.14789711 -0.14789711 -0.14789711 -0.14789711
 -0.14789711 -0.14789711 -0.14789711 -0.14789711 -0.14789711 -0.14789711
 -0.14789711 -0.14789711 -0.14789711 -0.14789711 -0.14789711 -0.14789711
 -0.14789711 -0.14789711 -0.14789711 -0.14789711 -0.14789711 -0.14789711
 -0.14789711 -0.14789711 -0.14789711 -0.14789711 -0.14789711 -0.14789711
 -0.14789711 -0.14789711 -0.14789711 -0.14789711 -0.14789711 -0.14789711
 -0.14789711 -0.14789711 -0.14789711 -0.14789711 -0.14789711 -0.14789711
 -0.14789711 -0.14789711 -0.14789711 -0.14789711 -0.14789711 -0.14789711
 -0.14789711 -0.14789711 -0.14789711 -0.14789711 -0.14789711 -0.14789711
 -0.14789711 -0.14789711 -0.14789711 -0.14789711 -0.14789711 -0.14789711
 -0.14789711 -0.14789711 -0.14789711 -0.14789711 -0.14789711 -0.14789711
 -0.14789711 -0.14789711 -0.14789711 -0.14789711 -0.14789711 -0.14789711
 -0.14789711 -0.14789711  4.30625881 -0.14789711 -0.14789711 -0.14789711
 -0.14789711 -0.14789711 -0.14789711 -0.14789711 -0.14789711 -0.14789711
 -0.14789711 -0.14789711 -0.14789711 -0.14789711 -0.14789711  3.67733495
 -0.14789711 -0.14789711 -0.14789711 -0.14789711 -0.14789711 -0.14789711
 -0.14789711 -0.14789711 -0.14789711 -0.14789711 -0.14789711 -0.14789711
 -0.14789711 -0.14789711 -0.14789711 -0.14789711 -0.14789711 -0.14789711
 -0.14789711  5.57909627 -0.14789711 -0.14789711 -0.14789711 -0.14789711
  4.87530851 -0.14789711 -0.14789711 -0.14789711 -0.14789711 -0.14789711
 -0.14789711 -0.14789711 -0.14789711 -0.14789711 -0.14789711 -0.14789711
 -0.14789711 -0.14789711 -0.14789711 -0.14789711 -0.14789711 -0.14789711
 -0.14789711 -0.14789711  6.45102858  5.81563318 -0.14789711  0.16080303
 -0.14789711 -0.14789711 -0.14789711 -0.14789711 -0.14789711 -0.14789711
 -0.14789711 -0.14789711 -0.14789711 -0.14789711  5.11026024 -0.14789711
 -0.14789711 -0.14789711 -0.14789711 -0.14789711 -0.14789711 -0.14789711
 -0.14789711  4.98653671 -0.14789711 -0.14789711 -0.14789711 -0.14789711
 -0.14789711 -0.14789711 -0.14789711 -0.14789711 -0.14789711 -0.14789711
 -0.14789711 -0.14789711 -0.14789711 -0.14789711 -0.14789711 -0.14789711
 -0.14789711 -0.14789711 -0.14789711 -0.14789711 -0.14789711 -0.14789711
 -0.14789711 -0.14789711 -0.14789711 -0.14789711 -0.14789711  6.78539037
 -0.14789711 -0.14789711 -0.14789711 -0.14789711 -0.14789711 -0.14789711
 -0.14789711 -0.14789711 -0.14789711 -0.14789711 -0.14789711 -0.14789711
 -0.14789711 -0.14789711 -0.14789711 -0.14789711 -0.14789711 -0.14789711
 -0.14789711 -0.14789711 -0.14789711 -0.14789711 -0.14789711 -0.14789711
 -0.14789711 -0.14789711 -0.14789711 -0.14789711 -0.14789711 -0.14789711
 -0.14789711 -0.14789711 -0.14789711 -0.14789711 -0.14789711 -0.14789711
 -0.14789711 -0.14789711 -0.14789711 -0.14789711 -0.14789711 -0.14789711
 -0.14789711 -0.14789711 -0.14789711 -0.14789711 -0.14789711 -0.14789711
 -0.14789711 -0.14789711 -0.14789711 -0.14789711 -0.14789711 -0.14789711
 -0.14789711 -0.14789711 -0.14789711 -0.14789711 -0.14789711 -0.14789711
 -0.14789711 -0.14789711 -0.14789711 -0.14789711 -0.14789711 -0.14789711
 -0.14789711 -0.14789711 -0.14789711 -0.14789711 -0.14789711 -0.14789711
 -0.14789711 -0.14789711 -0.14789711 -0.14789711 -0.14789711 -0.14789711
 -0.14789711 -0.14789711 -0.14789711 -0.14789711 -0.14789711 -0.14789711
 -0.14789711 -0.14789711 -0.14789711 -0.14789711 -0.14789711 -0.14789711
 -0.14789711 -0.14789711 -0.14789711 -0.14789711 -0.14789711 -0.14789711
 -0.14789711 -0.14789711 -0.14789711 -0.14789711 -0.14789711 -0.14789711
 -0.14789711 -0.14789711 -0.14789711 -0.14789711 -0.14789711 -0.14789711
 -0.14789711 -0.14789711 -0.14789711 -0.14789711 -0.14789711 -0.14789711
 -0.14789711 -0.14789711 -0.14789711 -0.14789711 -0.14789711 -0.14789711
 -0.14789711 -0.14789711 -0.14789711 -0.14789711 -0.14789711 -0.14789711
 -0.14789711 -0.14789711 -0.14789711 -0.14789711 -0.14789711 -0.14789711
 -0.14789711 -0.14789711 -0.14789711 -0.14789711 -0.14789711 -0.14789711
 -0.14789711 -0.14789711 -0.14789711 -0.14789711 -0.14789711 -0.14789711
 -0.14789711 -0.14789711 -0.14789711 -0.14789711 -0.14789711 -0.14789711
 -0.14789711 -0.14789711  8.57994725 -0.14789711 -0.14789711 -0.14789711
 12.28878416 -0.14789711 -0.14789711 -0.14789711 -0.14789711 -0.14789711
 -0.14789711 -0.14789711 -0.14789711 -0.14789711 -0.14789711 -0.14789711
 -0.14789711 -0.14789711 -0.14789711 -0.14789711 -0.14789711 -0.14789711
 -0.14789711  4.77022676 -0.14789711 -0.14789711 -0.14789711 -0.14789711
 -0.14789711 -0.14789711 -0.14789711 -0.14789711 -0.14789711 -0.14789711
 -0.14789711 -0.14789711 -0.14789711 -0.14789711 -0.14789711 -0.14789711
 -0.14789711 -0.14789711 -0.14789711 -0.14789711 -0.14789711 -0.14789711
 -0.14789711 -0.14789711 -0.14789711 -0.14789711 -0.14789711 -0.14789711
 -0.14789711 -0.14789711 -0.14789711 -0.14789711]",[-0.026704260098815408]
9,"[-0.21465097 -0.21465097 -0.21465097 -0.21465097 -0.21465097 -0.21465097
 -0.21465097 -0.21465097 -0.21465097 -0.21465097 -0.21465097 -0.21465097
 -0.21465097 -0.21465097 -0.21465097 -0.21465097 -0.21465097 -0.21465097
 -0.21465097 -0.21465097 -0.21465097 -0.21465097 -0.21465097 -0.21465097
 -0.21465097 -0.21465097 -0.21465097 -0.21465097 -0.21465097 -0.21465097
 -0.21465097 -0.21465097 -0.21465097 -0.21465097 -0.21465097 -0.21465097
 -0.21465097 -0.21465097 -0.21465097 -0.21465097 -0.21465097 -0.21465097
 -0.21465097 -0.21465097 -0.21465097 -0.21465097 -0.21465097 -0.21465097
 -0.21465097 -0.21465097 -0.21465097 -0.21465097 -0.21465097 -0.21465097
 -0.21465097 -0.21465097 -0.21465097 -0.21465097 -0.21465097 -0.21465097
 -0.21465097 -0.21465097 -0.21465097 -0.21465097 -0.21465097 -0.21465097
 -0.21465097 -0.21465097 -0.21465097 -0.21465097 -0.21465097 -0.21465097
 -0.21465097 -0.21465097 -0.21465097 -0.21465097 -0.21465097 -0.21465097
 -0.21465097 -0.21465097 -0.21465097 -0.21465097 -0.21465097  6.03427589
 -0.21465097 -0.21465097 -0.21465097 -0.21465097 -0.21465097 -0.21465097
 -0.21465097 -0.21465097  2.66562851 -0.21465097 -0.21465097 -0.21465097
 -0.21465097 -0.21465097 -0.21465097 -0.21465097 -0.21465097 -0.21465097
 -0.21465097 -0.21465097 -0.21465097 -0.21465097 -0.21465097 -0.21465097
 -0.21465097 -0.21465097  7.88347699 -0.21465097 -0.21465097 -0.21465097
 -0.21465097 -0.21465097 -0.21465097 -0.21465097 -0.21465097 -0.21465097
 -0.21465097 -0.21465097 -0.21465097  0.0380329  -0.21465097 -0.21465097
 -0.21465097 -0.21465097 -0.21465097 -0.21465097 -0.21465097 -0.21465097
 -0.21465097 -0.21465097 -0.21465097 -0.21465097 -0.21465097 -0.21465097
 -0.21465097 -0.21465097 -0.21465097 -0.21465097 -0.21465097 -0.21465097
 -0.21465097 -0.21465097 -0.21465097 -0.21465097 -0.21465097 -0.21465097
 -0.21465097 -0.21465097 -0.21465097 -0.21465097 -0.21465097 -0.21465097
 -0.21465097 -0.21465097 -0.21465097 -0.21465097 -0.21465097 -0.21465097
 -0.21465097  2.35026665 -0.21465097 -0.21465097 -0.21465097 -0.21465097
 -0.21465097 -0.21465097 -0.21465097 -0.21465097 -0.21465097 -0.21465097
 -0.21465097 -0.21465097 -0.21465097 -0.21465097 -0.21465097 -0.21465097
 -0.21465097 -0.21465097 -0.21465097 -0.21465097 -0.21465097 -0.21465097
 -0.21465097 -0.21465097 -0.21465097 -0.21465097 -0.21465097 -0.21465097
 -0.21465097 -0.21465097 -0.21465097 -0.21465097 -0.21465097 -0.21465097
 -0.21465097 -0.21465097  3.0364232  -0.21465097 -0.21465097 -0.21465097
 -0.21465097 -0.21465097 -0.21465097 -0.21465097 -0.21465097 -0.21465097
  1.58597146 -0.21465097 -0.21465097 -0.21465097 -0.21465097  2.6250551
 -0.21465097 -0.21465097 -0.21465097 -0.21465097 -0.21465097 -0.21465097
 -0.21465097 -0.21465097 -0.21465097 -0.21465097 -0.21465097 -0.21465097
 -0.21465097 -0.21465097 -0.21465097 -0.21465097 -0.21465097 -0.21465097
 -0.21465097  3.45106242 -0.21465097  2.52284392  4.71297256 -0.21465097
  3.79273543 -0.21465097  4.40296099 -0.21465097 -0.21465097 -0.21465097
 -0.21465097 -0.21465097 -0.21465097 -0.21465097 -0.21465097 -0.21465097
 -0.21465097 -0.21465097 -0.21465097  6.4746654  -0.21465097 -0.21465097
 -0.21465097 -0.21465097  2.31810096  3.36007602 -0.21465097  2.99425676
 -0.21465097 -0.21465097 -0.21465097  3.87740371 -0.21465097 -0.21465097
  3.8970947  -0.21465097 -0.21465097 -0.21465097 -0.21465097 -0.21465097
 -0.21465097 -0.21465097 -0.21465097 -0.21465097 -0.21465097 -0.21465097
 -0.21465097  2.79841129 -0.21465097 -0.21465097 -0.21465097  5.12228003
  2.07973726 -0.21465097 -0.21465097 -0.21465097 -0.21465097 -0.21465097
 -0.21465097 -0.21465097  6.42290034 -0.21465097 -0.21465097 -0.21465097
 -0.21465097 -0.21465097 -0.21465097 -0.21465097 -0.21465097 -0.21465097
  7.97151411 -0.21465097 -0.21465097 -0.21465097 -0.21465097  3.50250523
 -0.21465097  0.82133972 -0.21465097 -0.21465097 -0.21465097 -0.21465097
 -0.21465097 -0.21465097 -0.21465097 -0.21465097 -0.21465097 -0.21465097
 -0.21465097 -0.21465097 -0.21465097 -0.21465097 -0.21465097 -0.21465097
 -0.21465097 -0.21465097 -0.21465097 -0.21465097 -0.21465097 -0.21465097
 -0.21465097 -0.21465097 -0.21465097 -0.21465097 -0.21465097 -0.21465097
 -0.21465097 -0.21465097 -0.21465097 -0.21465097 -0.21465097 -0.21465097
 -0.21465097 -0.21465097 -0.21465097 -0.21465097 -0.21465097 -0.21465097
 -0.21465097 -0.21465097 -0.21465097 -0.21465097 -0.21465097 -0.21465097
 -0.21465097 -0.21465097 -0.21465097 -0.21465097 -0.21465097 -0.21465097
 -0.21465097 -0.21465097 -0.21465097 -0.21465097 -0.21465097 -0.21465097
 -0.21465097 -0.21465097 -0.21465097 -0.21465097 -0.21465097 -0.21465097
 -0.21465097 -0.21465097 -0.21465097 -0.21465097 -0.21465097 -0.21465097
 -0.21465097 -0.21465097 -0.21465097 -0.21465097 -0.21465097 -0.21465097
 -0.21465097 -0.21465097 -0.21465097 -0.21465097 -0.21465097 -0.21465097
 -0.21465097 -0.21465097 -0.21465097 -0.21465097 -0.21465097 -0.21465097
 -0.21465097 -0.21465097 -0.21465097 -0.21465097 -0.21465097 -0.21465097
 -0.21465097 -0.21465097 -0.21465097 -0.21465097 -0.21465097 -0.21465097
 -0.21465097 -0.21465097 -0.21465097 -0.21465097 -0.21465097 -0.21465097
 -0.21465097 -0.21465097 -0.21465097 -0.21465097 -0.21465097 -0.21465097
 -0.21465097 -0.21465097 -0.21465097 -0.21465097 -0.21465097 -0.21465097
 -0.21465097 -0.21465097 -0.21465097 -0.21465097 -0.21465097 -0.21465097
 -0.21465097 -0.21465097 -0.21465097 -0.21465097 -0.21465097 -0.21465097
 -0.21465097 -0.21465097 -0.21465097 -0.21465097 -0.21465097 -0.21465097
 -0.21465097 -0.21465097 -0.21465097 -0.21465097 -0.21465097 -0.21465097
 -0.21465097 -0.21465097 -0.21465097 -0.21465097 -0.21465097 -0.21465097
 -0.21465097 -0.21465097  4.57852357 -0.21465097 -0.21465097 -0.21465097
 -0.21465097 -0.21465097 -0.21465097 -0.21465097 -0.21465097 -0.21465097
 -0.21465097 -0.21465097 -0.21465097 -0.21465097 -0.21465097 -0.21465097
 -0.21465097 -0.21465097 -0.21465097 -0.21465097 -0.21465097 -0.21465097
 -0.21465097  4.28776029 -0.21465097 -0.21465097 -0.21465097 -0.21465097
 -0.21465097 -0.21465097 -0.21465097 -0.21465097 -0.21465097 -0.21465097
 -0.21465097 -0.21465097 -0.21465097 -0.21465097 -0.21465097 -0.21465097
 -0.21465097 -0.21465097 -0.21465097 -0.21465097 -0.21465097 -0.21465097
 -0.21465097 -0.21465097 -0.21465097 -0.21465097 -0.21465097 -0.21465097
 -0.21465097 -0.21465097 -0.21465097 -0.21465097]",[0.0067968790944163415]
9,"[-0.22095875 -0.22095875 -0.22095875 -0.22095875 -0.1762022  -0.22095875
 -0.22095875 -0.22095875 -0.22095875 -0.22095875 -0.22095875 -0.22095875
 -0.22095875 -0.22095875 -0.22095875 -0.22095875 -0.22095875 -0.22095875
 -0.22095875 -0.22095875 -0.22095875 -0.22095875 -0.22095875 -0.22095875
 -0.22095875 -0.22095875 -0.22095875 -0.22095875 -0.22095875 -0.22095875
 -0.22095875 -0.22095875 -0.22095875 -0.22095875 -0.22095875 -0.22095875
 -0.22095875 -0.22095875 -0.22095875 -0.22095875 -0.22095875 -0.22095875
 -0.22095875 -0.22095875 -0.22095875 -0.22095875 -0.22095875 -0.22095875
 -0.22095875 -0.22095875 -0.22095875 -0.22095875 -0.22095875 -0.22095875
 -0.22095875 -0.22095875 -0.22095875 -0.22095875 -0.22095875 -0.22095875
 -0.22095875 -0.22095875 -0.22095875 -0.22095875 -0.22095875 -0.22095875
 -0.22095875 -0.22095875 -0.22095875 -0.22095875 -0.22095875 -0.22095875
 -0.22095875 -0.22095875 -0.22095875 -0.22095875 -0.22095875 -0.22095875
 -0.22095875 -0.22095875 -0.22095875 -0.22095875 -0.22095875  7.41129405
 -0.22095875 -0.22095875 -0.22095875 -0.22095875 -0.22095875  4.6300032
 -0.22095875 -0.22095875 -0.22095875 -0.22095875 -0.22095875 -0.22095875
 -0.22095875 -0.22095875 -0.22095875 -0.22095875 -0.22095875 -0.22095875
 -0.22095875 -0.22095875 -0.22095875 -0.22095875 -0.22095875 -0.22095875
 -0.22095875 -0.22095875  7.72174701 -0.22095875 -0.22095875 -0.22095875
 -0.22095875 -0.22095875  5.72815561 -0.22095875 -0.22095875 -0.22095875
 -0.22095875 -0.22095875 -0.22095875 -0.22095875  4.74054171 -0.22095875
 -0.22095875 -0.22095875 -0.22095875 -0.22095875 -0.22095875 -0.22095875
 -0.22095875 -0.22095875 -0.22095875 -0.22095875 -0.22095875 -0.22095875
 -0.22095875 -0.22095875 -0.22095875 -0.22095875 -0.22095875 -0.22095875
 -0.22095875 -0.22095875 -0.22095875 -0.22095875 -0.22095875 -0.22095875
 -0.22095875 -0.22095875 -0.22095875 -0.22095875 -0.22095875 -0.22095875
 -0.22095875 -0.22095875 -0.22095875 -0.22095875 -0.22095875 -0.22095875
 -0.22095875 -0.22095875 -0.22095875 -0.22095875 -0.22095875 -0.22095875
 -0.22095875 -0.22095875 -0.22095875 -0.22095875 -0.22095875 -0.22095875
 -0.22095875 -0.22095875 -0.22095875 -0.22095875 -0.22095875 -0.22095875
 -0.22095875 -0.22095875 -0.22095875 -0.22095875 -0.22095875 -0.22095875
 -0.22095875 -0.22095875 -0.22095875 -0.22095875 -0.22095875 -0.22095875
 -0.22095875 -0.22095875 -0.22095875 -0.22095875 -0.22095875 -0.22095875
 -0.22095875 -0.22095875 -0.22095875 -0.22095875 -0.22095875 -0.22095875
 -0.22095875 -0.22095875 -0.22095875 -0.22095875 -0.22095875 -0.22095875
  2.93505837 -0.22095875 -0.07317859 -0.22095875 -0.22095875  1.61126181
 -0.22095875 -0.22095875 -0.22095875 -0.22095875 -0.22095875 -0.22095875
 -0.22095875 -0.22095875 -0.22095875 -0.22095875 -0.22095875 -0.22095875
 -0.22095875 -0.22095875 -0.22095875 -0.22095875 -0.22095875 -0.22095875
 -0.22095875  3.75287933 -0.22095875 -0.22095875  3.60703607 -0.22095875
  2.45588118 -0.22095875  1.88952064 -0.22095875 -0.22095875 -0.22095875
 -0.22095875 -0.22095875 -0.22095875 -0.22095875 -0.22095875 -0.22095875
 -0.22095875 -0.22095875 -0.22095875  4.23984128  2.80645025 -0.22095875
 -0.22095875  3.45581509 -0.22095875  4.24968468 -0.22095875  0.30803192
 -0.22095875 -0.22095875 -0.22095875  3.42305543 -0.22095875 -0.22095875
 -0.22095875 -0.22095875  2.414016   -0.22095875  6.26802541 -0.22095875
 -0.22095875 -0.22095875 -0.22095875 -0.22095875 -0.22095875 -0.22095875
  1.73547593  1.19773742 -0.22095875 -0.22095875 -0.22095875  4.2998032
 -0.22095875 -0.22095875 -0.22095875 -0.22095875 -0.22095875 -0.22095875
 -0.22095875 -0.22095875 -0.22095875 -0.22095875 -0.22095875 -0.22095875
 -0.22095875 -0.22095875 -0.22095875 -0.22095875  5.12027449 -0.22095875
 -0.22095875 -0.22095875 -0.22095875 -0.22095875 -0.22095875  2.03538643
 -0.22095875 -0.22095875 -0.22095875 -0.22095875 -0.22095875 -0.22095875
 -0.22095875 -0.22095875 -0.22095875 -0.22095875 -0.22095875 -0.22095875
 -0.22095875 -0.22095875 -0.22095875 -0.22095875 -0.22095875 -0.22095875
 -0.22095875 -0.22095875 -0.22095875 -0.22095875 -0.22095875 -0.22095875
 -0.22095875 -0.22095875 -0.22095875 -0.22095875 -0.22095875 -0.22095875
 -0.22095875 -0.22095875 -0.22095875 -0.22095875 -0.22095875 -0.22095875
 -0.22095875 -0.22095875 -0.22095875 -0.22095875 -0.22095875 -0.22095875
 -0.22095875 -0.22095875 -0.22095875 -0.22095875 -0.22095875 -0.22095875
 -0.22095875 -0.22095875 -0.22095875 -0.22095875 -0.22095875 -0.22095875
 -0.22095875 -0.22095875 -0.22095875 -0.22095875 -0.22095875 -0.22095875
 -0.22095875 -0.22095875 -0.22095875 -0.22095875 -0.22095875 -0.22095875
 -0.22095875 -0.22095875 -0.22095875 -0.22095875 -0.22095875 -0.22095875
 -0.22095875 -0.22095875 -0.22095875 -0.22095875 -0.22095875 -0.22095875
 -0.22095875 -0.22095875 -0.22095875 -0.22095875 -0.22095875 -0.22095875
 -0.22095875 -0.22095875 -0.22095875 -0.22095875 -0.22095875 -0.22095875
 -0.22095875 -0.22095875 -0.22095875 -0.22095875 -0.22095875 -0.22095875
 -0.22095875 -0.22095875 -0.22095875 -0.22095875 -0.22095875 -0.22095875
 -0.22095875 -0.22095875 -0.22095875 -0.22095875 -0.22095875 -0.22095875
 -0.22095875 -0.22095875 -0.22095875 -0.22095875  2.9649755   6.32161812
 -0.22095875 -0.22095875 -0.22095875 -0.22095875 -0.22095875 -0.22095875
 -0.22095875 -0.22095875 -0.22095875 -0.22095875 -0.22095875 -0.22095875
 -0.22095875 -0.22095875 -0.22095875 -0.22095875 -0.22095875 -0.22095875
 -0.22095875 -0.22095875 -0.22095875 -0.22095875 -0.22095875 -0.22095875
 -0.22095875 -0.22095875 -0.22095875 -0.22095875 -0.22095875 -0.22095875
 -0.22095875 -0.22095875 -0.22095875 -0.22095875 -0.22095875 -0.22095875
 -0.22095875 -0.22095875  2.536902   -0.22095875 -0.22095875 -0.22095875
 -0.22095875 -0.22095875 -0.22095875 -0.22095875 -0.22095875 -0.22095875
  4.07222913 -0.22095875 -0.22095875 -0.22095875 -0.22095875 -0.22095875
 -0.22095875 -0.22095875 -0.22095875 -0.22095875 -0.22095875 -0.22095875
 -0.22095875  4.36550822 -0.22095875 -0.22095875 -0.22095875 -0.22095875
 -0.22095875 -0.22095875 -0.22095875 -0.22095875 -0.22095875 -0.22095875
 -0.22095875 -0.22095875 -0.22095875 -0.22095875 -0.22095875 -0.22095875
 -0.22095875 -0.22095875 -0.22095875 -0.22095875 -0.22095875 -0.22095875
 -0.22095875 -0.22095875 -0.22095875 -0.22095875 -0.22095875 -0.22095875
 -0.22095875 -0.22095875 -0.22095875 -0.22095875]",[-0.00716906125779157]
9,"[-0.21757103 -0.21757103 -0.21757103 -0.21757103 -0.21757103 -0.21757103
 -0.21757103 -0.21757103 -0.21757103 -0.21757103 -0.21757103 -0.21757103
 -0.21757103 -0.21757103 -0.21757103 -0.21757103 -0.21757103 -0.21757103
 -0.21757103 -0.21757103 -0.21757103 -0.21757103 -0.21757103 -0.21757103
 -0.21757103 -0.21757103 -0.21757103 -0.21757103 -0.21757103 -0.21757103
 -0.21757103 -0.21757103 -0.21757103 -0.21757103 -0.21757103 -0.21757103
 -0.21757103 -0.21757103 -0.21757103 -0.21757103 -0.21757103 -0.21757103
 -0.21757103 -0.21757103 -0.21757103 -0.21757103 -0.21757103 -0.21757103
 -0.21757103 -0.21757103 -0.21757103 -0.21757103 -0.21757103 -0.21757103
 -0.21757103 -0.21757103 -0.21757103 -0.21757103 -0.21757103 -0.21757103
 -0.21757103 -0.21757103 -0.21757103 -0.21757103 -0.21757103 -0.21757103
 -0.21757103 -0.21757103 -0.21757103 -0.21757103 -0.21757103 -0.21757103
 -0.21757103 -0.21757103 -0.21757103 -0.21757103 -0.21757103 -0.21757103
 -0.21757103 -0.21757103 -0.21757103 -0.21757103 -0.21757103  7.25947355
 -0.21757103 -0.21757103  2.97205028 -0.21757103 -0.21757103 -0.21757103
 -0.21757103 -0.21757103 -0.21757103 -0.21757103 -0.21757103 -0.21757103
 -0.21757103 -0.21757103 -0.21757103 -0.21757103 -0.21757103 -0.21757103
 -0.21757103 -0.21757103 -0.21757103 -0.21757103 -0.21757103 -0.21757103
 -0.21757103 -0.21757103  6.12810733 -0.21757103 -0.21757103 -0.21757103
 -0.21757103 -0.21757103  4.62340882 -0.21757103 -0.21757103 -0.21757103
 -0.21757103 -0.21757103 -0.21757103 -0.21757103 -0.21757103 -0.21757103
 -0.21757103 -0.21757103 -0.21757103 -0.21757103 -0.21757103 -0.21757103
 -0.21757103 -0.21757103 -0.21757103 -0.21757103 -0.21757103 -0.21757103
 -0.21757103 -0.21757103 -0.21757103 -0.21757103 -0.21757103 -0.21757103
 -0.21757103 -0.21757103 -0.21757103 -0.21757103 -0.21757103 -0.21757103
 -0.21757103 -0.21757103 -0.21757103 -0.21757103 -0.21757103 -0.21757103
 -0.21757103 -0.21757103 -0.21757103 -0.21757103 -0.21757103 -0.21757103
 -0.21757103 -0.21757103 -0.21757103 -0.21757103 -0.21757103 -0.21757103
 -0.21757103 -0.21757103 -0.21757103 -0.21757103 -0.21757103 -0.21757103
 -0.21757103 -0.21757103 -0.21757103 -0.21757103 -0.21757103 -0.21757103
 -0.21757103 -0.21757103 -0.21757103 -0.21757103 -0.21757103 -0.21757103
 -0.21757103 -0.21757103 -0.21757103 -0.21757103 -0.21757103 -0.21757103
 -0.21757103 -0.21757103  2.30682384 -0.21757103 -0.21757103 -0.21757103
 -0.21757103 -0.21757103 -0.21757103 -0.21757103 -0.21757103  2.32340869
 -0.21757103 -0.21757103 -0.21757103 -0.21757103 -0.21757103 -0.21757103
  0.92304835 -0.21757103 -0.21757103 -0.21757103 -0.21757103  4.06506871
 -0.21757103 -0.21757103 -0.21757103 -0.21757103 -0.21757103 -0.21757103
 -0.21757103 -0.21757103 -0.21757103 -0.21757103 -0.21757103 -0.21757103
 -0.21757103 -0.21757103 -0.21757103 -0.21757103 -0.21757103 -0.21757103
 -0.21757103  4.04963529 -0.21757103  4.2843843   3.2645275  -0.21757103
  2.86026647 -0.21757103 -0.21757103 -0.21757103 -0.21757103 -0.21757103
 -0.21757103 -0.21757103 -0.21757103 -0.21757103 -0.21757103 -0.21757103
 -0.21757103 -0.21757103 -0.21757103  3.27592293  3.70383975 -0.21757103
 -0.21757103 -0.21757103 -0.21757103  2.27791719 -0.21757103 -0.10187206
 -0.21757103 -0.21757103 -0.21757103 -0.21757103 -0.21757103 -0.21757103
 -0.21757103 -0.21757103 -0.21757103 -0.21757103  0.70833032 -0.21757103
 -0.21757103 -0.21757103 -0.21757103 -0.21757103 -0.21757103 -0.21757103
 -0.21757103  1.87889353 -0.21757103 -0.21757103 -0.21757103  3.6032874
 -0.21757103 -0.21757103 -0.21757103 -0.21757103 -0.21757103 -0.21757103
 -0.21757103 -0.21757103 -0.21757103 -0.21757103 -0.21757103 -0.21757103
 -0.21757103 -0.21757103 -0.21757103 -0.21757103 -0.21757103 -0.21757103
  4.07037611  7.60122659 -0.21757103 -0.21757103 -0.21757103  4.97865579
 -0.21757103 -0.21757103 -0.21757103 -0.21757103 -0.21757103 -0.21757103
 -0.21757103 -0.21757103 -0.21757103 -0.21757103 -0.21757103 -0.21757103
 -0.21757103 -0.21757103 -0.21757103 -0.21757103 -0.21757103 -0.21757103
 -0.21757103 -0.21757103 -0.21757103 -0.21757103 -0.21757103 -0.21757103
 -0.21757103  1.73092281 -0.21757103 -0.21757103 -0.21757103 -0.21757103
 -0.21757103 -0.21757103 -0.21757103 -0.21757103 -0.21757103 -0.21757103
 -0.21757103 -0.21757103 -0.21757103 -0.21757103 -0.21757103 -0.21757103
 -0.21757103 -0.21757103 -0.21757103 -0.21757103 -0.21757103 -0.21757103
 -0.21757103 -0.21757103 -0.21757103 -0.21757103 -0.21757103 -0.21757103
 -0.21757103 -0.21757103 -0.21757103 -0.21757103 -0.21757103 -0.21757103
 -0.21757103 -0.21757103 -0.21757103 -0.21757103 -0.21757103 -0.21757103
 -0.21757103 -0.21757103 -0.21757103 -0.21757103 -0.21757103 -0.21757103
 -0.21757103 -0.21757103 -0.21757103 -0.21757103 -0.21757103 -0.21757103
 -0.21757103 -0.21757103 -0.21757103 -0.21757103 -0.21757103 -0.21757103
 -0.21757103 -0.21757103 -0.21757103 -0.21757103 -0.21757103 -0.21757103
 -0.21757103 -0.21757103 -0.21757103 -0.21757103 -0.21757103 -0.21757103
 -0.21757103 -0.21757103 -0.21757103 -0.21757103 -0.21757103 -0.21757103
 -0.21757103 -0.21757103 -0.21757103 -0.21757103 -0.21757103 -0.21757103
 -0.21757103 -0.21757103 -0.21757103 -0.21757103 -0.21757103 -0.21757103
 -0.21757103 -0.21757103 -0.21757103 -0.21757103 -0.21757103 -0.21757103
 -0.21757103  1.11750393 -0.21757103 -0.21757103 -0.21757103 -0.21757103
 -0.21757103 -0.21757103 -0.21757103 -0.21757103 -0.21757103 -0.21757103
 -0.21757103 -0.21757103 -0.21757103 -0.21757103 -0.21757103 -0.21757103
  0.37117201 -0.21757103 -0.21757103 -0.21757103 -0.21757103 -0.21757103
 -0.21757103 -0.21757103 -0.21757103 -0.21757103 -0.21757103 -0.21757103
 -0.21757103 -0.21757103  3.93343587 -0.21757103 -0.21757103 -0.21757103
  7.23327308 -0.21757103 -0.21757103 -0.21757103 -0.21757103 -0.21757103
  5.03722795 -0.21757103 -0.21757103 -0.21757103 -0.21757103 -0.21757103
 -0.21757103 -0.21757103 -0.21757103 -0.21757103 -0.21757103  5.03722795
 -0.21757103  5.09225877 -0.21757103 -0.21757103 -0.21757103 -0.21757103
 -0.21757103 -0.21757103 -0.21757103 -0.21757103 -0.21757103 -0.21757103
 -0.21757103 -0.21757103 -0.21757103 -0.21757103 -0.21757103 -0.21757103
 -0.21757103 -0.21757103 -0.21757103 -0.21757103 -0.21757103 -0.21757103
 -0.21757103 -0.21757103 -0.21757103 -0.21757103 -0.21757103 -0.21757103
 -0.21757103 -0.21757103 -0.21757103 -0.21757103]",[-0.0011977171628588523]
9,"[-0.22421254 -0.22421254 -0.22421254 -0.22421254 -0.15864366 -0.22421254
 -0.22421254 -0.22421254 -0.22421254 -0.22421254 -0.22421254 -0.22421254
 -0.22421254 -0.22421254 -0.22421254 -0.22421254 -0.22421254 -0.22421254
 -0.22421254 -0.22421254 -0.22421254 -0.22421254 -0.22421254 -0.22421254
 -0.22421254 -0.22421254 -0.22421254 -0.22421254 -0.22421254 -0.22421254
 -0.22421254 -0.22421254 -0.22421254 -0.22421254 -0.22421254 -0.22421254
 -0.22421254 -0.22421254 -0.22421254 -0.22421254 -0.22421254 -0.22421254
 -0.22421254 -0.22421254 -0.22421254 -0.22421254 -0.22421254 -0.22421254
 -0.22421254 -0.22421254 -0.22421254 -0.22421254 -0.22421254 -0.22421254
 -0.22421254 -0.22421254 -0.22421254 -0.22421254 -0.22421254 -0.22421254
 -0.22421254 -0.22421254 -0.22421254 -0.22421254 -0.22421254 -0.22421254
 -0.22421254 -0.22421254 -0.22421254 -0.22421254 -0.22421254 -0.22421254
 -0.22421254 -0.22421254 -0.22421254 -0.22421254 -0.22421254 -0.22421254
 -0.22421254 -0.22421254 -0.22421254 -0.22421254 -0.22421254  8.21621492
 -0.22421254 -0.22421254 -0.22421254 -0.22421254 -0.22421254  4.48248088
 -0.22421254 -0.22421254 -0.22421254 -0.22421254 -0.22421254 -0.22421254
 -0.22421254 -0.22421254 -0.22421254 -0.22421254 -0.22421254 -0.22421254
 -0.22421254 -0.22421254 -0.22421254 -0.22421254 -0.22421254 -0.22421254
 -0.22421254 -0.22421254  6.8069846   1.64131844 -0.22421254 -0.22421254
 -0.22421254 -0.22421254  6.60065381 -0.22421254 -0.22421254 -0.22421254
 -0.22421254 -0.22421254 -0.22421254 -0.22421254  5.07200536 -0.22421254
 -0.22421254 -0.22421254 -0.22421254 -0.22421254 -0.22421254 -0.22421254
 -0.22421254 -0.22421254 -0.22421254 -0.22421254 -0.22421254 -0.22421254
 -0.22421254 -0.22421254 -0.22421254 -0.22421254 -0.22421254 -0.22421254
 -0.22421254 -0.22421254 -0.22421254 -0.22421254 -0.22421254 -0.22421254
 -0.22421254 -0.22421254 -0.22421254 -0.22421254 -0.22421254 -0.22421254
 -0.22421254 -0.22421254 -0.22421254 -0.22421254 -0.22421254 -0.22421254
 -0.22421254 -0.22421254 -0.22421254 -0.22421254 -0.22421254 -0.22421254
 -0.22421254 -0.22421254 -0.22421254 -0.22421254 -0.22421254 -0.22421254
 -0.22421254 -0.22421254 -0.22421254 -0.22421254 -0.22421254 -0.22421254
 -0.22421254 -0.22421254 -0.22421254 -0.22421254 -0.22421254 -0.22421254
 -0.22421254 -0.22421254 -0.22421254 -0.22421254 -0.22421254 -0.22421254
 -0.22421254 -0.22421254 -0.22421254 -0.22421254 -0.22421254 -0.22421254
 -0.22421254 -0.22421254 -0.22421254 -0.22421254 -0.22421254 -0.22421254
 -0.22421254 -0.22421254 -0.22421254 -0.22421254 -0.22421254  1.60117657
 -0.22421254 -0.22421254 -0.22421254 -0.22421254 -0.22421254  2.02867807
 -0.22421254 -0.22421254 -0.22421254 -0.22421254 -0.22421254 -0.22421254
 -0.22421254 -0.22421254 -0.22421254 -0.22421254 -0.22421254 -0.22421254
 -0.22421254 -0.22421254 -0.22421254  0.73157507 -0.22421254 -0.22421254
 -0.22421254  2.66770278 -0.22421254  3.51494207  3.99057905 -0.22421254
  4.34109983  0.84861628 -0.22421254  2.41183257 -0.22421254 -0.22421254
 -0.22421254 -0.22421254 -0.22421254 -0.22421254 -0.22421254 -0.22421254
 -0.22421254 -0.22421254 -0.22421254 -0.22421254  2.73805526 -0.22421254
 -0.22421254 -0.22421254 -0.22421254  4.07265187 -0.22421254  1.1560736
 -0.22421254 -0.22421254 -0.22421254  2.49028555  1.98845391 -0.22421254
  1.84912989 -0.22421254  6.31937306 -0.22421254  4.11746913 -0.22421254
 -0.22421254  2.55475412 -0.22421254 -0.22421254  2.2491945  -0.22421254
 -0.22421254 -0.22421254 -0.22421254 -0.22421254 -0.22421254  5.27344676
 -0.22421254 -0.22421254 -0.22421254 -0.22421254 -0.22421254 -0.22421254
 -0.22421254 -0.22421254 -0.22421254 -0.22421254 -0.22421254 -0.22421254
 -0.22421254 -0.22421254 -0.22421254 -0.22421254 -0.22421254 -0.22421254
 -0.22421254 -0.22421254 -0.22421254 -0.22421254 -0.22421254  1.90326458
 -0.22421254 -0.22421254 -0.22421254 -0.22421254 -0.22421254 -0.22421254
 -0.22421254 -0.22421254 -0.22421254 -0.22421254 -0.22421254 -0.22421254
 -0.22421254 -0.22421254 -0.22421254 -0.22421254 -0.22421254 -0.22421254
 -0.22421254 -0.22421254 -0.22421254 -0.22421254 -0.22421254 -0.22421254
 -0.22421254 -0.22421254 -0.22421254 -0.22421254 -0.22421254 -0.22421254
 -0.22421254 -0.22421254 -0.22421254 -0.22421254 -0.22421254 -0.22421254
 -0.22421254 -0.22421254 -0.22421254 -0.22421254 -0.22421254 -0.22421254
 -0.22421254 -0.22421254 -0.22421254 -0.22421254 -0.22421254 -0.22421254
 -0.22421254 -0.22421254 -0.22421254 -0.22421254 -0.22421254 -0.22421254
 -0.22421254 -0.22421254 -0.22421254 -0.22421254 -0.22421254 -0.22421254
 -0.22421254 -0.22421254 -0.22421254 -0.22421254 -0.22421254 -0.22421254
 -0.22421254 -0.22421254 -0.22421254 -0.22421254 -0.22421254 -0.22421254
 -0.22421254 -0.22421254 -0.22421254 -0.22421254 -0.22421254 -0.22421254
 -0.22421254 -0.22421254 -0.22421254 -0.22421254 -0.22421254 -0.22421254
 -0.22421254 -0.22421254 -0.22421254 -0.22421254 -0.22421254 -0.22421254
 -0.22421254 -0.22421254 -0.22421254 -0.22421254 -0.22421254 -0.22421254
 -0.22421254 -0.22421254 -0.22421254 -0.22421254 -0.22421254 -0.22421254
 -0.22421254 -0.22421254 -0.22421254 -0.22421254 -0.22421254 -0.22421254
 -0.22421254 -0.22421254 -0.22421254 -0.22421254 -0.22421254  5.61865833
 -0.22421254 -0.22421254 -0.22421254 -0.22421254 -0.22421254 -0.22421254
 -0.22421254 -0.22421254 -0.22421254 -0.22421254 -0.22421254 -0.22421254
 -0.22421254 -0.22421254 -0.22421254 -0.22421254 -0.22421254 -0.22421254
  3.89993355 -0.22421254 -0.22421254 -0.22421254 -0.22421254 -0.22421254
 -0.22421254 -0.22421254 -0.22421254 -0.22421254 -0.22421254 -0.22421254
 -0.22421254 -0.22421254 -0.22421254 -0.22421254 -0.22421254 -0.22421254
 -0.22421254 -0.22421254 -0.22421254 -0.22421254 -0.22421254 -0.22421254
 -0.22421254 -0.22421254 -0.22421254 -0.22421254 -0.22421254 -0.22421254
 -0.22421254 -0.22421254 -0.22421254 -0.22421254 -0.22421254 -0.22421254
 -0.22421254 -0.22421254 -0.22421254 -0.22421254 -0.22421254 -0.22421254
 -0.22421254  3.61430434 -0.22421254 -0.22421254 -0.22421254 -0.22421254
 -0.22421254 -0.22421254 -0.22421254 -0.22421254 -0.22421254 -0.22421254
 -0.22421254 -0.22421254 -0.22421254 -0.22421254 -0.22421254 -0.22421254
 -0.22421254 -0.22421254 -0.22421254 -0.22421254 -0.22421254 -0.22421254
 -0.22421254 -0.22421254 -0.22421254 -0.22421254 -0.22421254 -0.22421254
 -0.22421254 -0.22421254  4.77345351 -0.22421254]",[-0.025754978918017896]
9,"[-0.18755988 -0.18755988 -0.18755988 -0.18755988 -0.18755988 -0.18755988
 -0.18755988 -0.18755988 -0.18755988 -0.18755988 -0.18755988 -0.18755988
 -0.18755988 -0.18755988 -0.18755988 -0.18755988 -0.18755988 -0.18755988
 -0.18755988 -0.18755988 -0.18755988 -0.18755988 -0.18755988 -0.18755988
 -0.18755988 -0.18755988 -0.18755988 -0.18755988 -0.18755988 -0.18755988
 -0.18755988 -0.18755988 -0.18755988 -0.18755988 -0.18755988 -0.18755988
 -0.18755988 -0.18755988 -0.18755988 -0.18755988 -0.18755988 -0.18755988
 -0.18755988 -0.18755988 -0.18755988 -0.18755988 -0.18755988 -0.18755988
 -0.18755988 -0.18755988 -0.18755988 -0.18755988 -0.18755988 -0.18755988
 -0.18755988 -0.18755988 -0.18755988 -0.18755988 -0.18755988 -0.18755988
 -0.18755988 -0.18755988 -0.18755988 -0.18755988 -0.18755988 -0.18755988
 -0.18755988 -0.18755988 -0.18755988 -0.18755988 -0.18755988 -0.18755988
 -0.18755988 -0.18755988 -0.18755988 -0.18755988 -0.18755988 -0.18755988
 -0.18755988 -0.18755988 -0.18755988 -0.18755988 -0.18755988  7.77230017
 -0.18755988 -0.18755988 -0.18755988 -0.18755988 -0.18755988 -0.18755988
 -0.18755988 -0.18755988  2.23933129 -0.18755988 -0.18755988 -0.18755988
 -0.18755988 -0.18755988 -0.18755988 -0.18755988 -0.18755988 -0.18755988
 -0.18755988 -0.18755988 -0.18755988 -0.18755988 -0.18755988 -0.18755988
 -0.18755988 -0.18755988  7.90681918 -0.18755988 -0.18755988 -0.18755988
 -0.18755988 -0.18755988 -0.18755988 -0.18755988 -0.18755988 -0.18755988
 -0.18755988 -0.18755988 -0.18755988 -0.18755988 -0.18755988 -0.18755988
 -0.18755988 -0.18755988 -0.18755988 -0.18755988 -0.18755988 -0.18755988
 -0.18755988 -0.18755988 -0.18755988 -0.18755988 -0.18755988 -0.18755988
 -0.18755988 -0.18755988 -0.18755988 -0.18755988 -0.18755988 -0.18755988
 -0.18755988 -0.18755988 -0.18755988 -0.18755988 -0.18755988 -0.18755988
 -0.18755988 -0.18755988 -0.18755988 -0.18755988 -0.18755988 -0.18755988
 -0.18755988 -0.18755988 -0.18755988 -0.18755988 -0.18755988 -0.18755988
 -0.18755988 -0.18755988 -0.18755988 -0.18755988 -0.18755988 -0.18755988
 -0.18755988 -0.18755988 -0.18755988 -0.18755988 -0.18755988 -0.18755988
 -0.18755988 -0.18755988 -0.18755988 -0.18755988 -0.18755988 -0.18755988
 -0.18755988 -0.18755988 -0.18755988 -0.18755988 -0.18755988 -0.18755988
 -0.18755988 -0.18755988 -0.18755988 -0.18755988 -0.18755988 -0.18755988
 -0.18755988 -0.18755988 -0.18755988 -0.18755988 -0.18755988 -0.18755988
 -0.18755988 -0.18755988 -0.18755988 -0.18755988 -0.18755988 -0.18755988
 -0.18755988 -0.18755988 -0.18755988 -0.18755988 -0.18755988 -0.18755988
  0.87280648 -0.18755988 -0.18755988 -0.18755988 -0.18755988 -0.18755988
 -0.18755988 -0.18755988 -0.18755988 -0.18755988 -0.18755988 -0.18755988
 -0.18755988 -0.18755988 -0.18755988 -0.18755988 -0.18755988 -0.18755988
 -0.18755988 -0.18755988 -0.18755988  0.839261   -0.18755988 -0.18755988
 -0.18755988  2.43053333 -0.18755988  1.56055452  3.90240571 -0.18755988
  5.13926022 -0.18755988 -0.18755988 -0.18755988 -0.18755988 -0.18755988
 -0.18755988 -0.18755988 -0.18755988 -0.18755988 -0.18755988 -0.18755988
 -0.18755988 -0.18755988 -0.18755988  3.33567686 -0.18755988 -0.18755988
 -0.18755988 -0.18755988 -0.18755988  3.76756295 -0.18755988  0.95335828
 -0.18755988 -0.18755988 -0.18755988  2.85458806 -0.18755988 -0.18755988
 -0.18755988 -0.18755988  7.75109914 -0.18755988  4.71624816 -0.18755988
 -0.18755988  2.03987149 -0.18755988 -0.18755988 -0.18755988 -0.18755988
 -0.18755988 -0.18755988 -0.18755988 -0.18755988 -0.18755988  3.60288952
 -0.18755988 -0.18755988 -0.18755988 -0.18755988 -0.18755988 -0.18755988
 -0.18755988 -0.18755988 -0.18755988 -0.18755988 -0.18755988 -0.18755988
 -0.18755988 -0.18755988 -0.18755988 -0.18755988 -0.18755988 -0.18755988
 -0.18755988 -0.18755988 -0.18755988 -0.18755988 -0.18755988  4.60195423
 -0.18755988 -0.18755988 -0.18755988 -0.18755988 -0.18755988 -0.18755988
 -0.18755988 -0.18755988 -0.18755988 -0.18755988 -0.18755988 -0.18755988
 -0.18755988 -0.18755988 -0.18755988 -0.18755988 -0.18755988 -0.18755988
 -0.18755988 -0.18755988 -0.18755988 -0.18755988 -0.18755988 -0.18755988
 -0.18755988 -0.18755988 -0.18755988 -0.18755988 -0.18755988 -0.18755988
 -0.18755988 -0.18755988 -0.18755988 -0.18755988 -0.18755988 -0.18755988
 -0.18755988 -0.18755988 -0.18755988 -0.18755988 -0.18755988 -0.18755988
 -0.18755988 -0.18755988 -0.18755988 -0.18755988 -0.18755988 -0.18755988
 -0.18755988 -0.18755988 -0.18755988 -0.18755988 -0.18755988 -0.18755988
 -0.18755988 -0.18755988 -0.18755988 -0.18755988 -0.18755988 -0.18755988
 -0.18755988 -0.18755988 -0.18755988 -0.18755988 -0.18755988 -0.18755988
 -0.18755988 -0.18755988 -0.18755988 -0.18755988 -0.18755988 -0.18755988
 -0.18755988 -0.18755988 -0.18755988 -0.18755988 -0.18755988 -0.18755988
 -0.18755988 -0.18755988 -0.18755988 -0.18755988 -0.18755988 -0.18755988
 -0.18755988 -0.18755988 -0.18755988 -0.18755988 -0.18755988 -0.18755988
 -0.18755988 -0.18755988 -0.18755988 -0.18755988 -0.18755988 -0.18755988
 -0.18755988 -0.18755988 -0.18755988 -0.18755988 -0.18755988 -0.18755988
 -0.18755988 -0.18755988 -0.18755988 -0.18755988 -0.18755988 -0.18755988
 -0.18755988 -0.18755988 -0.18755988 -0.18755988  8.04450882 -0.18755988
 -0.18755988 -0.18755988 -0.18755988 -0.18755988 -0.18755988 -0.18755988
 -0.18755988 -0.18755988 -0.18755988 -0.18755988 -0.18755988 -0.18755988
 -0.18755988 -0.18755988 -0.18755988 -0.18755988 -0.18755988 -0.18755988
  4.29234063 -0.18755988 -0.18755988 -0.18755988 -0.18755988 -0.18755988
 -0.18755988 -0.18755988 -0.18755988 -0.18755988 -0.18755988 -0.18755988
 -0.18755988 -0.18755988 -0.18755988 -0.18755988 -0.18755988 -0.18755988
 -0.18755988 -0.18755988  4.6868738  -0.18755988 -0.18755988 -0.18755988
 -0.18755988 -0.18755988 -0.18755988 -0.18755988 -0.18755988 -0.18755988
 -0.18755988 -0.18755988 -0.18755988 -0.18755988 -0.18755988 -0.18755988
 -0.18755988 -0.18755988 -0.18755988 -0.18755988 -0.18755988 -0.18755988
 -0.18755988 -0.18755988 -0.18755988 -0.18755988 -0.18755988  2.31489585
 -0.18755988 -0.18755988 -0.18755988 -0.18755988 -0.18755988 -0.18755988
 -0.18755988 -0.18755988 -0.18755988 -0.18755988 -0.18755988 -0.18755988
 -0.18755988 -0.18755988 -0.18755988 -0.18755988 -0.18755988 -0.18755988
 -0.18755988 -0.18755988 -0.18755988 -0.18755988 -0.18755988 -0.18755988
 -0.18755988 -0.18755988  7.59212208 -0.18755988]",[-0.0019195388856083073]
9,"[-0.18825873 -0.18825873 -0.18825873 -0.18825873 -0.18825873 -0.18825873
 -0.18825873 -0.18825873 -0.18825873 -0.18825873 -0.18825873 -0.18825873
 -0.18825873 -0.18825873 -0.18825873 -0.18825873 -0.18825873 -0.18825873
 -0.18825873 -0.18825873 -0.18825873 -0.18825873 -0.18825873 -0.18825873
 -0.18825873 -0.18825873 -0.18825873 -0.18825873 -0.18825873 -0.18825873
 -0.18825873 -0.18825873 -0.18825873 -0.18825873 -0.18825873 -0.18825873
 -0.18825873 -0.18825873 -0.18825873 -0.18825873 -0.18825873 -0.18825873
 -0.18825873 -0.18825873 -0.18825873 -0.18825873 -0.18825873 -0.18825873
 -0.18825873 -0.18825873 -0.18825873 -0.18825873 -0.18825873 -0.18825873
 -0.18825873 -0.18825873 -0.18825873 -0.18825873 -0.18825873 -0.18825873
 -0.18825873 -0.18825873 -0.18825873 -0.18825873 -0.18825873 -0.18825873
 -0.18825873 -0.18825873 -0.18825873 -0.18825873 -0.18825873 -0.18825873
 -0.18825873 -0.18825873 -0.18825873 -0.18825873 -0.18825873 -0.18825873
 -0.18825873 -0.18825873 -0.18825873 -0.18825873 -0.18825873  9.08346454
 -0.18825873 -0.18825873 -0.18825873 -0.18825873 -0.18825873 -0.18825873
 -0.18825873 -0.18825873 -0.18825873 -0.18825873 -0.18825873 -0.18825873
 -0.18825873 -0.18825873 -0.18825873 -0.18825873 -0.18825873 -0.18825873
 -0.18825873 -0.18825873 -0.18825873 -0.18825873 -0.18825873 -0.18825873
 -0.18825873 -0.18825873  6.64191678 -0.18825873 -0.18825873 -0.18825873
 -0.18825873 -0.18825873  5.94598459 -0.18825873 -0.18825873 -0.18825873
 -0.18825873 -0.18825873 -0.18825873 -0.18825873 -0.18825873 -0.18825873
 -0.18825873 -0.18825873 -0.18825873 -0.18825873 -0.18825873 -0.18825873
 -0.18825873 -0.18825873 -0.18825873 -0.18825873 -0.18825873 -0.18825873
 -0.18825873 -0.18825873 -0.18825873 -0.18825873 -0.18825873 -0.18825873
 -0.18825873 -0.18825873 -0.18825873 -0.18825873 -0.18825873 -0.18825873
 -0.18825873 -0.18825873 -0.18825873 -0.18825873 -0.18825873 -0.18825873
 -0.18825873 -0.18825873 -0.18825873 -0.18825873 -0.18825873 -0.18825873
 -0.18825873 -0.18825873 -0.18825873 -0.18825873 -0.18825873 -0.18825873
 -0.18825873 -0.18825873 -0.18825873 -0.18825873 -0.18825873 -0.18825873
 -0.18825873 -0.18825873 -0.18825873 -0.18825873 -0.18825873 -0.18825873
 -0.18825873 -0.18825873 -0.18825873 -0.18825873 -0.18825873 -0.18825873
 -0.18825873 -0.18825873 -0.18825873 -0.18825873 -0.18825873 -0.18825873
 -0.18825873 -0.18825873 -0.18825873 -0.18825873 -0.18825873 -0.18825873
 -0.18825873 -0.18825873 -0.18825873 -0.18825873 -0.18825873  1.77177405
 -0.18825873 -0.18825873 -0.18825873 -0.18825873 -0.18825873 -0.18825873
 -0.18825873 -0.18825873 -0.18825873 -0.18825873 -0.18825873  1.34728991
 -0.18825873 -0.18825873 -0.18825873 -0.18825873 -0.18825873 -0.18825873
 -0.18825873 -0.18825873 -0.18825873 -0.18825873 -0.18825873 -0.18825873
 -0.18825873 -0.18825873 -0.18825873 -0.18825873 -0.18825873 -0.18825873
 -0.18825873  3.27022226 -0.18825873  2.36659763 -0.18825873 -0.18825873
  3.44236809 -0.18825873  3.37239236 -0.18825873 -0.18825873 -0.18825873
 -0.18825873 -0.18825873 -0.18825873 -0.18825873 -0.18825873 -0.18825873
 -0.18825873 -0.18825873 -0.18825873 -0.18825873  3.20729449 -0.18825873
 -0.18825873 -0.18825873 -0.18825873  3.41766646 -0.18825873  0.17517666
 -0.18825873 -0.18825873 -0.18825873 -0.18825873 -0.18825873 -0.18825873
 -0.18825873 -0.18825873 -0.18825873 -0.18825873  4.55401051 -0.18825873
 -0.18825873 -0.18825873 -0.18825873 -0.18825873 -0.18825873 -0.18825873
  5.26474799  1.28877949 -0.18825873 -0.18825873 -0.18825873  4.14297042
 -0.18825873 -0.18825873 -0.18825873 -0.18825873 -0.18825873 -0.18825873
 -0.18825873 -0.18825873  5.47535938 -0.18825873 -0.18825873 -0.18825873
 -0.18825873 -0.18825873 -0.18825873 -0.18825873 -0.18825873 -0.18825873
 -0.18825873 -0.18825873 -0.18825873 -0.18825873 -0.18825873  3.5168919
 -0.18825873 -0.18825873 -0.18825873 -0.18825873 -0.18825873 -0.18825873
 -0.18825873 -0.18825873 -0.18825873 -0.18825873 -0.18825873 -0.18825873
 -0.18825873 -0.18825873 -0.18825873 -0.18825873 -0.18825873 -0.18825873
 -0.18825873 -0.18825873 -0.18825873 -0.18825873 -0.18825873 -0.18825873
 -0.18825873 -0.18825873 -0.18825873 -0.18825873 -0.18825873 -0.18825873
 -0.18825873 -0.18825873 -0.18825873 -0.18825873 -0.18825873 -0.18825873
 -0.18825873 -0.18825873 -0.18825873 -0.18825873 -0.18825873 -0.18825873
 -0.18825873 -0.18825873 -0.18825873 -0.18825873 -0.18825873 -0.18825873
 -0.18825873 -0.18825873 -0.18825873 -0.18825873 -0.18825873 -0.18825873
 -0.18825873 -0.18825873 -0.18825873 -0.18825873 -0.18825873 -0.18825873
 -0.18825873 -0.18825873 -0.18825873 -0.18825873 -0.18825873 -0.18825873
 -0.18825873 -0.18825873 -0.18825873 -0.18825873 -0.18825873 -0.18825873
 -0.18825873 -0.18825873 -0.18825873 -0.18825873 -0.18825873 -0.18825873
 -0.18825873 -0.18825873 -0.18825873 -0.18825873 -0.18825873 -0.18825873
 -0.18825873 -0.18825873 -0.18825873 -0.18825873 -0.18825873 -0.18825873
 -0.18825873 -0.18825873 -0.18825873 -0.18825873 -0.18825873 -0.18825873
 -0.18825873 -0.18825873 -0.18825873 -0.18825873 -0.18825873 -0.18825873
 -0.18825873 -0.18825873 -0.18825873 -0.18825873 -0.18825873 -0.18825873
 -0.18825873 -0.18825873 -0.18825873 -0.18825873  7.56276179 -0.18825873
 -0.18825873 -0.18825873 -0.18825873 -0.18825873 -0.18825873 -0.18825873
 -0.18825873 -0.18825873 -0.18825873 -0.18825873 -0.18825873 -0.18825873
 -0.18825873 -0.18825873 -0.18825873 -0.18825873 -0.18825873 -0.18825873
 -0.18825873 -0.18825873 -0.18825873 -0.18825873 -0.18825873 -0.18825873
 -0.18825873 -0.18825873 -0.18825873 -0.18825873 -0.18825873 -0.18825873
 -0.18825873 -0.18825873 -0.18825873 -0.18825873 -0.18825873 -0.18825873
 -0.18825873 -0.18825873  6.31137402 -0.18825873  5.92724872 -0.18825873
 -0.18825873 -0.18825873 -0.18825873 -0.18825873 -0.18825873 -0.18825873
 -0.18825873 -0.18825873 -0.18825873 -0.18825873 -0.18825873 -0.18825873
 -0.18825873 -0.18825873 -0.18825873 -0.18825873 -0.18825873 -0.18825873
 -0.18825873 -0.18825873 -0.18825873 -0.18825873 -0.18825873 -0.18825873
 -0.18825873 -0.18825873 -0.18825873 -0.18825873 -0.18825873 -0.18825873
 -0.18825873 -0.18825873 -0.18825873 -0.18825873 -0.18825873 -0.18825873
 -0.18825873 -0.18825873 -0.18825873 -0.18825873 -0.18825873 -0.18825873
 -0.18825873 -0.18825873 -0.18825873 -0.18825873 -0.18825873 -0.18825873
 -0.18825873 -0.18825873  5.66655679 -0.18825873]",[-0.028155747959164396]
9,"[-0.25537025 -0.25537025 -0.25537025 -0.25537025 -0.25537025 -0.25537025
 -0.25537025 -0.25537025 -0.25537025 -0.25537025 -0.25537025 -0.25537025
 -0.25537025 -0.25537025 -0.25537025 -0.25537025 -0.25537025 -0.25537025
  0.86649607 -0.25537025 -0.25537025 -0.25537025 -0.25537025 -0.25537025
 -0.25537025 -0.25537025 -0.25537025 -0.25537025 -0.25537025 -0.25537025
 -0.25537025 -0.25537025 -0.25537025 -0.25537025 -0.25537025 -0.25537025
 -0.25537025 -0.25537025 -0.25537025 -0.25537025 -0.25537025 -0.25537025
 -0.25537025 -0.25537025 -0.25537025 -0.25537025 -0.25537025 -0.25537025
 -0.25537025 -0.25537025 -0.25537025 -0.25537025 -0.25537025 -0.25537025
 -0.25537025 -0.25537025 -0.25537025 -0.25537025 -0.25537025 -0.25537025
 -0.25537025 -0.25537025 -0.25537025 -0.25537025 -0.25537025 -0.25537025
 -0.25537025 -0.25537025 -0.25537025 -0.25537025 -0.25537025 -0.25537025
 -0.25537025 -0.25537025 -0.25537025 -0.25537025 -0.25537025 -0.25537025
 -0.25537025 -0.25537025 -0.25537025 -0.25537025 -0.25537025  5.52148375
 -0.25537025 -0.25537025 -0.25537025 -0.25537025  0.85251721 -0.25537025
 -0.25537025 -0.25537025 -0.25537025 -0.25537025 -0.25537025 -0.25537025
 -0.25537025 -0.25537025 -0.25537025 -0.25537025 -0.25537025 -0.25537025
 -0.25537025 -0.25537025 -0.25537025 -0.25537025 -0.25537025 -0.25537025
 -0.25537025 -0.25537025  6.18594009 -0.25537025 -0.25537025 -0.25537025
 -0.25537025 -0.25537025  5.05249021 -0.25537025 -0.25537025 -0.25537025
  0.81284999 -0.25537025 -0.25537025 -0.25537025 -0.25537025 -0.25537025
 -0.25537025 -0.25537025 -0.25537025 -0.25537025 -0.25537025 -0.25537025
 -0.25537025 -0.25537025 -0.25537025 -0.25537025 -0.25537025 -0.25537025
 -0.25537025 -0.25537025 -0.25537025 -0.25537025 -0.25537025 -0.25537025
 -0.25537025 -0.25537025 -0.25537025 -0.25537025 -0.25537025 -0.25537025
 -0.25537025 -0.25537025 -0.25537025 -0.25537025 -0.25537025 -0.25537025
 -0.25537025 -0.25537025 -0.25537025 -0.25537025 -0.25537025 -0.25537025
 -0.25537025 -0.25537025 -0.25537025 -0.25537025 -0.25537025 -0.25537025
 -0.25537025 -0.25537025 -0.25537025 -0.25537025 -0.25537025  2.17293475
 -0.25537025 -0.25537025 -0.25537025 -0.25537025 -0.25537025 -0.25537025
 -0.25537025 -0.25537025 -0.25537025 -0.25537025 -0.25537025 -0.25537025
 -0.25537025 -0.25537025 -0.25537025 -0.25537025 -0.25537025 -0.25537025
 -0.25537025 -0.25537025  2.91116081 -0.25537025 -0.25537025 -0.25537025
 -0.25537025 -0.25537025 -0.25537025 -0.25537025 -0.25537025 -0.25537025
 -0.25537025 -0.25537025 -0.25537025 -0.25537025  2.91116081 -0.25537025
  4.10100568 -0.25537025 -0.25537025 -0.25537025 -0.25537025  0.90582778
 -0.25537025 -0.25537025 -0.25537025 -0.25537025 -0.25537025 -0.25537025
 -0.25537025 -0.25537025 -0.25537025 -0.25537025 -0.25537025 -0.25537025
 -0.25537025 -0.25537025 -0.25537025 -0.25537025 -0.25537025 -0.25537025
 -0.25537025  3.2174016  -0.25537025  4.35662724  3.45871667 -0.25537025
  3.94086061 -0.25537025  4.86619558 -0.25537025 -0.25537025 -0.25537025
 -0.25537025 -0.25537025 -0.25537025 -0.25537025 -0.25537025 -0.25537025
 -0.25537025 -0.25537025 -0.25537025  1.75894639  3.39215178 -0.25537025
 -0.25537025 -0.25537025  2.75984614  3.44855538 -0.25537025  2.89004786
 -0.25537025 -0.25537025 -0.25537025  1.67067419  1.84915706 -0.25537025
 -0.25537025 -0.25537025  4.28309161 -0.25537025  4.84809105  3.78563517
 -0.25537025  3.53917831 -0.25537025 -0.25537025 -0.25537025 -0.25537025
  3.11382139  2.03459852 -0.25537025 -0.25537025 -0.25537025  5.37921522
 -0.25537025 -0.25537025 -0.25537025 -0.25537025 -0.25537025 -0.25537025
 -0.25537025 -0.25537025 -0.25537025 -0.25537025 -0.25537025 -0.25537025
 -0.25537025 -0.25537025 -0.25537025 -0.25537025  0.83892821 -0.25537025
 -0.25537025 -0.25537025 -0.25537025 -0.25537025 -0.25537025  0.70078721
 -0.25537025  0.58097444 -0.25537025  1.07324631 -0.25537025 -0.25537025
 -0.25537025 -0.25537025 -0.25537025 -0.25537025 -0.25537025 -0.25537025
 -0.25537025 -0.25537025 -0.25537025 -0.25537025 -0.25537025 -0.25537025
 -0.25537025 -0.25537025 -0.25537025 -0.25537025 -0.25537025 -0.25537025
 -0.25537025 -0.25537025 -0.25537025 -0.25537025 -0.25537025 -0.25537025
 -0.25537025 -0.25537025 -0.25537025 -0.25537025 -0.25537025 -0.25537025
 -0.25537025 -0.25537025 -0.25537025 -0.25537025 -0.25537025 -0.25537025
 -0.25537025 -0.25537025 -0.25537025 -0.25537025 -0.25537025 -0.25537025
 -0.25537025 -0.25537025 -0.25537025 -0.25537025 -0.25537025 -0.25537025
 -0.25537025 -0.25537025 -0.25537025 -0.25537025 -0.25537025 -0.25537025
 -0.25537025 -0.25537025 -0.25537025 -0.25537025 -0.25537025 -0.25537025
 -0.25537025 -0.25537025 -0.25537025 -0.25537025 -0.25537025 -0.25537025
 -0.25537025 -0.25537025 -0.25537025 -0.25537025 -0.25537025 -0.25537025
 -0.25537025 -0.25537025 -0.25537025 -0.25537025 -0.25537025 -0.25537025
 -0.25537025 -0.25537025 -0.25537025 -0.25537025 -0.25537025 -0.25537025
 -0.25537025 -0.25537025 -0.25537025 -0.25537025 -0.25537025 -0.25537025
 -0.25537025 -0.25537025 -0.25537025 -0.25537025 -0.25537025 -0.25537025
 -0.25537025 -0.25537025 -0.25537025 -0.25537025 -0.25537025 -0.25537025
 -0.25537025 -0.25537025 -0.25537025 -0.25537025  4.86619558 -0.25537025
 -0.25537025 -0.25537025 -0.25537025 -0.25537025 -0.25537025 -0.25537025
 -0.25537025 -0.25537025 -0.25537025 -0.25537025 -0.25537025 -0.25537025
 -0.25537025 -0.25537025 -0.25537025 -0.25537025 -0.25537025 -0.25537025
 -0.25537025 -0.25537025 -0.25537025 -0.25537025 -0.25537025 -0.25537025
 -0.25537025 -0.25537025 -0.25537025 -0.25537025 -0.25537025 -0.25537025
 -0.25537025 -0.25537025 -0.25537025 -0.25537025 -0.25537025 -0.25537025
 -0.25537025 -0.25537025  3.1538612  -0.25537025 -0.25537025 -0.25537025
  6.71536896 -0.25537025 -0.25537025 -0.25537025 -0.25537025 -0.25537025
 -0.25537025 -0.25537025 -0.25537025 -0.25537025 -0.25537025 -0.25537025
 -0.25537025 -0.25537025 -0.25537025 -0.25537025 -0.25537025 -0.25537025
  1.78929449 -0.25537025 -0.25537025 -0.25537025 -0.25537025  0.76466251
 -0.25537025 -0.25537025 -0.25537025 -0.25537025 -0.25537025 -0.25537025
 -0.25537025 -0.25537025 -0.25537025 -0.25537025 -0.25537025 -0.25537025
 -0.25537025 -0.25537025 -0.25537025 -0.25537025 -0.25537025 -0.25537025
 -0.25537025 -0.25537025 -0.25537025 -0.25537025 -0.25537025 -0.25537025
 -0.25537025 -0.25537025  5.20772137 -0.25537025]",[0.013631544791660538]
9,"[-0.20640931 -0.20640931 -0.20640931 -0.20640931 -0.05712434 -0.20640931
 -0.20640931 -0.20640931 -0.20640931 -0.20640931 -0.20640931 -0.20640931
 -0.20640931 -0.20640931 -0.20640931 -0.20640931 -0.20640931 -0.20640931
 -0.20640931 -0.20640931 -0.20640931 -0.20640931 -0.20640931 -0.20640931
 -0.20640931 -0.20640931 -0.20640931 -0.20640931 -0.20640931 -0.20640931
 -0.20640931 -0.20640931 -0.20640931 -0.20640931 -0.20640931 -0.20640931
 -0.20640931 -0.20640931 -0.20640931 -0.20640931 -0.20640931 -0.20640931
 -0.20640931 -0.20640931 -0.20640931 -0.20640931 -0.20640931 -0.20640931
 -0.20640931 -0.20640931 -0.20640931 -0.20640931 -0.20640931 -0.20640931
 -0.20640931 -0.20640931 -0.20640931 -0.20640931 -0.20640931 -0.20640931
 -0.20640931 -0.20640931 -0.20640931 -0.20640931 -0.20640931 -0.20640931
 -0.20640931 -0.20640931 -0.20640931 -0.20640931 -0.20640931 -0.20640931
 -0.20640931 -0.20640931 -0.20640931 -0.20640931 -0.20640931 -0.20640931
 -0.20640931 -0.20640931 -0.20640931 -0.20640931 -0.20640931  1.46917319
 -0.20640931 -0.20640931 -0.20640931 -0.20640931 -0.20640931 -0.20640931
 -0.20640931 -0.20640931  1.87367661 -0.20640931 -0.20640931 -0.20640931
 -0.20640931 -0.20640931 -0.20640931 -0.20640931 -0.20640931 -0.20640931
 -0.20640931 -0.20640931 -0.20640931 -0.20640931 -0.20640931 -0.20640931
 -0.20640931 -0.20640931  1.10031027 -0.20640931 -0.20640931 -0.20640931
 -0.20640931 -0.20640931 -0.20640931 -0.20640931 -0.20640931 -0.20640931
 -0.20640931 -0.20640931 -0.20640931 -0.20640931 -0.20640931 -0.20640931
 -0.20640931 -0.20640931 -0.20640931 -0.20640931 -0.20640931 -0.20640931
 -0.20640931 -0.20640931 -0.20640931 -0.20640931 -0.20640931 -0.20640931
 -0.20640931 -0.20640931 -0.20640931 -0.20640931 -0.20640931 -0.20640931
 -0.20640931 -0.20640931 -0.20640931 -0.20640931 -0.20640931 -0.20640931
 -0.20640931 -0.20640931 -0.20640931 -0.20640931 -0.20640931 -0.20640931
 -0.20640931 -0.20640931 -0.20640931 -0.20640931 -0.20640931 -0.20640931
 -0.20640931 -0.20640931 -0.20640931 -0.20640931 -0.20640931 -0.20640931
 -0.20640931 -0.20640931 -0.20640931 -0.20640931 -0.20640931 -0.20640931
 -0.20640931 -0.20640931 -0.20640931 -0.20640931 -0.20640931 -0.20640931
 -0.20640931 -0.20640931 -0.20640931 -0.20640931 -0.20640931 -0.20640931
 -0.20640931 -0.20640931 -0.20640931 -0.20640931 -0.20640931 -0.20640931
 -0.20640931 -0.20640931  2.9808055  -0.20640931 -0.20640931 -0.20640931
 -0.20640931 -0.20640931 -0.20640931 -0.20640931 -0.20640931 -0.20640931
 -0.20640931 -0.20640931 -0.20640931 -0.20640931 -0.20640931 -0.20640931
  1.75081175 -0.20640931  0.49804492 -0.20640931 -0.20640931  7.35433117
 -0.20640931 -0.20640931 -0.20640931 -0.20640931 -0.20640931 -0.20640931
 -0.20640931 -0.20640931 -0.20640931 -0.20640931 -0.20640931 -0.20640931
 -0.20640931 -0.20640931 -0.20640931 -0.20640931 -0.20640931 -0.20640931
 -0.20640931  5.23019495 -0.20640931  3.58538041  5.03225269 -0.20640931
  4.98472759 -0.20640931 -0.20640931 -0.20640931 -0.20640931 -0.20640931
 -0.20640931 -0.20640931 -0.20640931 -0.20640931 -0.20640931 -0.20640931
 -0.20640931 -0.20640931 -0.20640931  0.96528108 -0.20640931 -0.20640931
 -0.20640931 -0.20640931  7.92592358  4.28408678 -0.20640931  1.57160027
 -0.20640931 -0.20640931 -0.20640931  2.66515042  1.78662958 -0.20640931
 -0.20640931 -0.20640931  0.3589697  -0.20640931  5.04806879 -0.20640931
 -0.20640931  1.41564235 -0.20640931 -0.20640931 -0.20640931 -0.20640931
  3.17007815  2.84473993 -0.20640931 -0.20640931 -0.20640931  7.68030029
 -0.20640931 -0.20640931 -0.20640931 -0.20640931 -0.20640931  2.31869556
 -0.20640931 -0.20640931 -0.20640931 -0.20640931 -0.20640931 -0.20640931
 -0.20640931 -0.20640931 -0.20640931 -0.20640931 -0.20640931 -0.20640931
 -0.20640931 -0.20640931 -0.20640931 -0.20640931 -0.20640931  2.54196191
 -0.20640931  0.71913301 -0.20640931 -0.20640931 -0.20640931 -0.20640931
 -0.20640931 -0.20640931 -0.20640931 -0.20640931 -0.20640931 -0.20640931
 -0.20640931 -0.20640931 -0.20640931 -0.20640931 -0.20640931 -0.20640931
 -0.20640931 -0.20640931 -0.20640931 -0.20640931 -0.20640931 -0.20640931
 -0.20640931 -0.20640931 -0.20640931 -0.20640931 -0.20640931 -0.20640931
 -0.20640931 -0.20640931 -0.20640931 -0.20640931 -0.20640931 -0.20640931
 -0.20640931 -0.20640931 -0.20640931 -0.20640931 -0.20640931 -0.20640931
 -0.20640931 -0.20640931 -0.20640931 -0.20640931 -0.20640931 -0.20640931
 -0.20640931 -0.20640931 -0.20640931 -0.20640931 -0.20640931 -0.20640931
 -0.20640931 -0.20640931 -0.20640931 -0.20640931 -0.20640931 -0.20640931
 -0.20640931 -0.20640931 -0.20640931 -0.20640931 -0.20640931 -0.20640931
 -0.20640931 -0.20640931 -0.20640931 -0.20640931 -0.20640931 -0.20640931
 -0.20640931 -0.20640931 -0.20640931 -0.20640931 -0.20640931 -0.20640931
 -0.20640931 -0.20640931 -0.20640931 -0.20640931 -0.20640931 -0.20640931
 -0.20640931 -0.20640931 -0.20640931 -0.20640931 -0.20640931 -0.20640931
 -0.20640931 -0.20640931 -0.20640931 -0.20640931 -0.20640931 -0.20640931
 -0.20640931 -0.20640931 -0.20640931 -0.20640931 -0.20640931 -0.20640931
 -0.20640931 -0.20640931 -0.20640931 -0.20640931 -0.20640931 -0.20640931
 -0.20640931 -0.20640931 -0.20640931 -0.20640931 -0.20640931 -0.20640931
 -0.20640931 -0.20640931 -0.20640931 -0.20640931 -0.20640931 -0.20640931
 -0.20640931 -0.20640931 -0.20640931 -0.20640931 -0.20640931 -0.20640931
 -0.20640931 -0.20640931 -0.20640931 -0.20640931 -0.20640931 -0.20640931
 -0.20640931 -0.20640931 -0.20640931 -0.20640931 -0.20640931 -0.20640931
  0.73322799 -0.20640931 -0.20640931 -0.20640931 -0.20640931 -0.20640931
 -0.20640931 -0.20640931 -0.20640931 -0.20640931 -0.20640931 -0.20640931
 -0.20640931 -0.20640931  6.32183293 -0.20640931 -0.20640931 -0.20640931
  7.24935378 -0.20640931 -0.20640931 -0.20640931 -0.20640931 -0.20640931
 -0.20640931 -0.20640931 -0.20640931 -0.20640931 -0.20640931 -0.20640931
 -0.20640931 -0.20640931 -0.20640931 -0.20640931 -0.20640931 -0.20640931
 -0.20640931  5.53088988 -0.20640931 -0.20640931 -0.20640931 -0.20640931
 -0.20640931 -0.20640931 -0.20640931 -0.20640931 -0.20640931 -0.20640931
 -0.20640931 -0.20640931 -0.20640931 -0.20640931 -0.20640931 -0.20640931
 -0.20640931 -0.20640931 -0.20640931 -0.20640931 -0.20640931 -0.20640931
 -0.20640931 -0.20640931 -0.20640931 -0.20640931 -0.20640931 -0.20640931
 -0.20640931 -0.20640931 -0.20640931 -0.20640931]",[-0.043123595426955125]
9,"[-0.22168647 -0.22168647 -0.22168647 -0.22168647 -0.22168647 -0.22168647
 -0.22168647 -0.22168647  2.98614849 -0.22168647 -0.22168647 -0.22168647
 -0.22168647 -0.22168647 -0.22168647 -0.22168647 -0.22168647 -0.22168647
 -0.22168647 -0.22168647 -0.22168647 -0.22168647 -0.22168647 -0.22168647
 -0.22168647 -0.22168647 -0.22168647 -0.22168647 -0.22168647  4.11147522
 -0.22168647 -0.22168647 -0.22168647 -0.22168647 -0.22168647 -0.22168647
 -0.22168647 -0.22168647 -0.22168647 -0.22168647 -0.22168647 -0.22168647
 -0.22168647 -0.22168647 -0.22168647 -0.22168647 -0.22168647 -0.22168647
 -0.22168647 -0.22168647 -0.22168647 -0.22168647 -0.22168647 -0.22168647
 -0.22168647  3.97753441  4.39986009 -0.22168647 -0.22168647 -0.22168647
 -0.22168647 -0.22168647 -0.22168647 -0.22168647 -0.22168647 -0.22168647
 -0.22168647 -0.22168647 -0.22168647 -0.22168647 -0.22168647 -0.22168647
 -0.22168647 -0.22168647 -0.22168647 -0.22168647 -0.22168647 -0.22168647
 -0.22168647 -0.22168647 -0.22168647 -0.22168647 -0.22168647  5.84107292
 -0.22168647 -0.22168647 -0.22168647 -0.22168647 -0.22168647 -0.22168647
 -0.22168647 -0.22168647 -0.22168647 -0.22168647 -0.22168647 -0.22168647
 -0.22168647 -0.22168647 -0.22168647 -0.22168647 -0.22168647 -0.22168647
 -0.22168647 -0.22168647 -0.22168647 -0.22168647 -0.22168647 -0.22168647
 -0.22168647 -0.22168647  6.32234825 -0.22168647 -0.22168647 -0.22168647
 -0.22168647 -0.22168647 -0.22168647 -0.22168647 -0.22168647 -0.22168647
 -0.22168647 -0.22168647 -0.22168647  1.01551145  1.83254566 -0.22168647
 -0.22168647 -0.22168647 -0.22168647 -0.22168647 -0.22168647 -0.22168647
 -0.22168647 -0.22168647 -0.22168647 -0.22168647  4.83181948 -0.22168647
 -0.22168647 -0.22168647 -0.22168647 -0.22168647 -0.22168647 -0.22168647
 -0.22168647 -0.22168647 -0.22168647 -0.22168647 -0.22168647 -0.22168647
 -0.22168647 -0.22168647 -0.22168647 -0.22168647 -0.22168647 -0.22168647
 -0.22168647 -0.22168647 -0.22168647 -0.22168647  0.93032745 -0.22168647
 -0.22168647  0.50475999 -0.22168647 -0.22168647 -0.22168647 -0.22168647
 -0.22168647 -0.22168647 -0.22168647 -0.22168647 -0.22168647 -0.22168647
 -0.22168647 -0.22168647 -0.22168647 -0.22168647 -0.22168647 -0.22168647
 -0.22168647 -0.22168647 -0.22168647 -0.22168647 -0.22168647 -0.22168647
  3.13069324 -0.22168647 -0.22168647  2.44411432 -0.22168647 -0.22168647
 -0.22168647 -0.22168647 -0.22168647 -0.22168647 -0.22168647 -0.22168647
 -0.22168647 -0.22168647 -0.22168647 -0.22168647 -0.22168647 -0.22168647
 -0.22168647 -0.22168647 -0.22168647 -0.22168647 -0.22168647 -0.22168647
  5.30171962 -0.22168647 -0.22168647 -0.22168647 -0.22168647  1.78309819
 -0.22168647 -0.22168647 -0.22168647 -0.22168647 -0.22168647 -0.22168647
 -0.22168647 -0.22168647 -0.22168647 -0.22168647 -0.22168647 -0.22168647
 -0.22168647 -0.22168647 -0.22168647 -0.22168647 -0.22168647 -0.22168647
 -0.22168647  3.76229478 -0.22168647 -0.22168647 -0.22168647 -0.22168647
  1.74815954 -0.22168647 -0.22168647 -0.22168647 -0.22168647 -0.22168647
 -0.22168647 -0.22168647 -0.22168647 -0.22168647 -0.22168647 -0.22168647
 -0.22168647 -0.22168647 -0.22168647 -0.22168647 -0.22168647 -0.22168647
 -0.22168647 -0.22168647 -0.22168647  3.36334441 -0.22168647  1.05122544
 -0.22168647 -0.22168647 -0.22168647 -0.22168647 -0.22168647 -0.22168647
 -0.22168647 -0.22168647 -0.22168647 -0.22168647 -0.22168647 -0.22168647
 -0.22168647 -0.22168647 -0.22168647 -0.22168647 -0.22168647 -0.22168647
 -0.22168647  1.90406339 -0.22168647 -0.22168647 -0.22168647  2.55102812
 -0.22168647 -0.22168647 -0.22168647 -0.22168647 -0.22168647 -0.22168647
 -0.22168647 -0.22168647 -0.22168647 -0.22168647 -0.22168647 -0.22168647
 -0.22168647 -0.22168647 -0.22168647 -0.22168647 -0.22168647 -0.22168647
 -0.22168647 -0.22168647 -0.22168647 -0.22168647 -0.22168647  5.6180482
 -0.22168647 -0.22168647 -0.22168647 -0.22168647 -0.22168647 -0.22168647
 -0.22168647 -0.22168647 -0.22168647 -0.22168647 -0.22168647 -0.22168647
 -0.22168647 -0.22168647 -0.22168647 -0.22168647 -0.22168647 -0.22168647
 -0.22168647 -0.22168647 -0.22168647 -0.22168647 -0.22168647 -0.22168647
 -0.22168647 -0.22168647 -0.22168647 -0.22168647 -0.22168647 -0.22168647
 -0.22168647 -0.22168647 -0.22168647 -0.22168647 -0.22168647 -0.22168647
 -0.22168647  2.93326567 -0.22168647 -0.22168647 -0.22168647 -0.22168647
 -0.22168647 -0.22168647 -0.22168647 -0.22168647 -0.22168647 -0.22168647
 -0.22168647 -0.22168647 -0.22168647 -0.22168647 -0.22168647 -0.22168647
 -0.22168647 -0.22168647 -0.22168647 -0.22168647 -0.22168647 -0.22168647
 -0.22168647 -0.22168647 -0.22168647 -0.22168647 -0.22168647 -0.22168647
 -0.22168647 -0.22168647 -0.22168647 -0.22168647  5.0266595  -0.22168647
 -0.22168647  4.22761946 -0.22168647 -0.22168647 -0.22168647 -0.22168647
 -0.22168647 -0.22168647 -0.22168647 -0.22168647 -0.22168647 -0.22168647
 -0.22168647 -0.22168647 -0.22168647 -0.22168647 -0.22168647 -0.22168647
 -0.22168647 -0.22168647 -0.22168647 -0.22168647 -0.22168647 -0.22168647
 -0.22168647 -0.22168647 -0.22168647 -0.22168647 -0.22168647 -0.22168647
 -0.22168647 -0.22168647 -0.22168647 -0.22168647 -0.22168647 -0.22168647
 -0.22168647 -0.22168647 -0.22168647 -0.22168647 -0.22168647 -0.22168647
 -0.22168647 -0.22168647 -0.22168647 -0.22168647 -0.22168647 -0.22168647
 -0.22168647 -0.22168647 -0.22168647 -0.22168647 -0.22168647 -0.22168647
 -0.22168647 -0.22168647 -0.22168647 -0.22168647 -0.22168647 -0.22168647
 -0.22168647 -0.22168647 -0.22168647 -0.22168647 -0.22168647 -0.22168647
 -0.22168647 -0.22168647 -0.22168647 -0.22168647 -0.22168647 -0.22168647
 -0.22168647 -0.22168647 -0.22168647 -0.22168647 -0.22168647 -0.22168647
 -0.22168647 -0.22168647  5.90063206 -0.22168647  6.05718337 -0.22168647
  8.02213468  4.28038274 -0.22168647 -0.22168647 -0.22168647 -0.22168647
 -0.22168647 -0.22168647 -0.22168647 -0.22168647 -0.22168647 -0.22168647
 -0.22168647 -0.22168647 -0.22168647 -0.22168647 -0.22168647 -0.22168647
 -0.22168647 -0.22168647 -0.22168647 -0.22168647 -0.22168647 -0.22168647
 -0.22168647 -0.22168647 -0.22168647 -0.22168647 -0.22168647  2.76729811
 -0.22168647 -0.22168647 -0.22168647 -0.22168647 -0.22168647 -0.22168647
 -0.22168647 -0.22168647 -0.22168647 -0.22168647 -0.22168647 -0.22168647
 -0.22168647 -0.22168647 -0.22168647 -0.22168647 -0.22168647 -0.22168647
 -0.22168647 -0.22168647 -0.22168647 -0.22168647]",[0.01182962421379935]
10,"[-0.18551182 -0.18551182 -0.18551182 -0.18551182 -0.18551182 -0.18551182
 -0.18551182 -0.18551182 -0.18551182 -0.18551182 -0.18551182 -0.18551182
 -0.18551182 -0.18551182 -0.18551182 -0.18551182 -0.18551182 -0.18551182
 -0.18551182 -0.18551182 -0.18551182 -0.18551182 -0.18551182 -0.18551182
 -0.18551182 -0.18551182 -0.18551182 -0.18551182 -0.18551182 -0.18551182
 -0.18551182 -0.18551182 -0.18551182 -0.18551182 -0.18551182 -0.18551182
 -0.18551182 -0.18551182 -0.18551182 -0.18551182 -0.18551182 -0.18551182
 -0.18551182 -0.18551182 -0.18551182 -0.18551182 -0.18551182 -0.18551182
 -0.18551182 -0.18551182 -0.18551182 -0.18551182 -0.18551182 -0.18551182
 -0.18551182 -0.18551182 -0.18551182 -0.18551182 -0.18551182 -0.18551182
 -0.18551182 -0.18551182 -0.18551182 -0.18551182 -0.18551182 -0.18551182
 -0.18551182 -0.18551182 -0.18551182 -0.18551182 -0.18551182 -0.18551182
 -0.18551182 -0.18551182 -0.18551182 -0.18551182 -0.18551182 -0.18551182
 -0.18551182 -0.18551182 -0.18551182 -0.18551182 -0.18551182  9.19616564
 -0.18551182 -0.18551182 -0.18551182 -0.18551182 -0.18551182 -0.18551182
 -0.18551182 -0.18551182  1.80719174 -0.18551182 -0.18551182 -0.18551182
 -0.18551182 -0.18551182 -0.18551182 -0.18551182 -0.18551182 -0.18551182
 -0.18551182 -0.18551182 -0.18551182 -0.18551182 -0.18551182 -0.18551182
 -0.18551182 -0.18551182 -0.18551182 -0.18551182 -0.18551182 -0.18551182
 -0.18551182 -0.18551182  1.39913138 -0.18551182 -0.18551182 -0.18551182
 -0.18551182 -0.18551182 -0.18551182  1.08539737 -0.18551182 -0.18551182
 -0.18551182 -0.18551182 -0.18551182 -0.18551182 -0.18551182 -0.18551182
 -0.18551182 -0.18551182 -0.18551182 -0.18551182 -0.18551182 -0.18551182
 -0.18551182 -0.18551182 -0.18551182 -0.18551182 -0.18551182 -0.18551182
 -0.18551182 -0.18551182 -0.18551182 -0.18551182 -0.18551182 -0.18551182
 -0.18551182 -0.18551182 -0.18551182 -0.18551182 -0.18551182 -0.18551182
 -0.18551182 -0.18551182 -0.18551182 -0.18551182 -0.18551182 -0.18551182
 -0.18551182 -0.18551182 -0.18551182 -0.18551182 -0.18551182 -0.18551182
 -0.18551182 -0.18551182 -0.18551182 -0.18551182 -0.18551182 -0.18551182
 -0.18551182 -0.18551182 -0.18551182 -0.18551182 -0.18551182 -0.18551182
 -0.18551182 -0.18551182 -0.18551182 -0.18551182 -0.18551182 -0.18551182
 -0.18551182 -0.18551182 -0.18551182 -0.18551182 -0.18551182 -0.18551182
 -0.18551182 -0.18551182 -0.18551182 -0.18551182 -0.18551182 -0.18551182
 -0.18551182 -0.18551182  3.13275944 -0.18551182 -0.18551182 -0.18551182
 -0.18551182 -0.18551182 -0.18551182 -0.18551182 -0.18551182 -0.18551182
  2.68432131 -0.18551182  2.82195212 -0.18551182 -0.18551182  6.73617224
 -0.18551182 -0.18551182 -0.18551182 -0.18551182 -0.18551182 -0.18551182
 -0.18551182 -0.18551182 -0.18551182 -0.18551182 -0.18551182 -0.18551182
 -0.18551182 -0.18551182 -0.18551182 -0.18551182 -0.18551182 -0.18551182
 -0.18551182  4.21608073 -0.18551182  2.74666943  0.9293895   5.36718953
  1.05449686 -0.18551182 -0.18551182 -0.18551182 -0.18551182 -0.18551182
 -0.18551182 -0.18551182 -0.18551182 -0.18551182 -0.18551182 -0.18551182
 -0.18551182 -0.18551182 -0.18551182 -0.18551182  4.56133796 -0.18551182
 -0.18551182 -0.18551182 -0.18551182  4.64272132 -0.18551182 -0.18551182
 -0.18551182 -0.18551182 -0.18551182 -0.18551182 -0.18551182 -0.18551182
 -0.18551182 -0.18551182 -0.18551182 -0.18551182  4.76856896 -0.18551182
 -0.18551182 -0.18551182 -0.18551182 -0.18551182 -0.18551182 -0.18551182
 -0.18551182 -0.18551182 -0.18551182 -0.18551182 -0.18551182  6.93827847
 -0.18551182 -0.18551182 -0.18551182 -0.18551182 -0.18551182 -0.18551182
 -0.18551182 -0.18551182 -0.18551182 -0.18551182 -0.18551182 -0.18551182
 -0.18551182 -0.18551182 -0.18551182 -0.18551182  1.91472201 -0.18551182
 -0.18551182 -0.18551182 -0.18551182 -0.18551182 -0.18551182  6.16769823
 -0.18551182 -0.18551182 -0.18551182 -0.18551182 -0.18551182 -0.18551182
 -0.18551182 -0.18551182 -0.18551182 -0.18551182 -0.18551182 -0.18551182
 -0.18551182 -0.18551182 -0.18551182 -0.18551182 -0.18551182 -0.18551182
 -0.18551182 -0.18551182 -0.18551182 -0.18551182 -0.18551182 -0.18551182
 -0.18551182 -0.18551182 -0.18551182 -0.18551182 -0.18551182 -0.18551182
 -0.18551182 -0.18551182 -0.18551182 -0.18551182 -0.18551182 -0.18551182
 -0.18551182 -0.18551182 -0.18551182 -0.18551182 -0.18551182 -0.18551182
 -0.18551182 -0.18551182 -0.18551182 -0.18551182 -0.18551182 -0.18551182
 -0.18551182 -0.18551182 -0.18551182 -0.18551182 -0.18551182 -0.18551182
 -0.18551182 -0.18551182 -0.18551182 -0.18551182 -0.18551182 -0.18551182
 -0.18551182 -0.18551182 -0.18551182 -0.18551182 -0.18551182 -0.18551182
 -0.18551182 -0.18551182 -0.18551182 -0.18551182 -0.18551182 -0.18551182
 -0.18551182 -0.18551182 -0.18551182 -0.18551182 -0.18551182 -0.18551182
 -0.18551182 -0.18551182 -0.18551182 -0.18551182 -0.18551182 -0.18551182
 -0.18551182 -0.18551182 -0.18551182 -0.18551182 -0.18551182 -0.18551182
 -0.18551182 -0.18551182 -0.18551182 -0.18551182 -0.18551182 -0.18551182
 -0.18551182 -0.18551182 -0.18551182 -0.18551182 -0.18551182 -0.18551182
 -0.18551182 -0.18551182 -0.18551182 -0.18551182 -0.18551182 -0.18551182
 -0.18551182 -0.18551182 -0.18551182 -0.18551182 -0.18551182  4.25894089
 -0.18551182 -0.18551182 -0.18551182 -0.18551182 -0.18551182 -0.18551182
 -0.18551182 -0.18551182 -0.18551182 -0.18551182 -0.18551182 -0.18551182
 -0.18551182 -0.18551182 -0.18551182 -0.18551182 -0.18551182 -0.18551182
 -0.18551182 -0.18551182 -0.18551182 -0.18551182 -0.18551182 -0.18551182
  0.84398856 -0.18551182 -0.18551182 -0.18551182 -0.18551182 -0.18551182
 -0.18551182 -0.18551182 -0.18551182 -0.18551182 -0.18551182 -0.18551182
 -0.18551182 -0.18551182  7.09513455 -0.18551182 -0.18551182 -0.18551182
 -0.18551182 -0.18551182 -0.18551182 -0.18551182 -0.18551182 -0.18551182
  7.83106495 -0.18551182 -0.18551182 -0.18551182 -0.18551182 -0.18551182
 -0.18551182 -0.18551182 -0.18551182 -0.18551182 -0.18551182 -0.18551182
 -0.18551182 -0.18551182 -0.18551182 -0.18551182 -0.18551182 -0.18551182
 -0.18551182 -0.18551182 -0.18551182 -0.18551182 -0.18551182 -0.18551182
 -0.18551182 -0.18551182 -0.18551182 -0.18551182 -0.18551182 -0.18551182
 -0.18551182 -0.18551182 -0.18551182 -0.18551182 -0.18551182 -0.18551182
 -0.18551182 -0.18551182 -0.18551182 -0.18551182 -0.18551182 -0.18551182
 -0.18551182 -0.18551182 -0.18551182 -0.18551182]",[-0.02844567945810278]
10,"[-0.1835731  -0.1835731  -0.1835731  -0.1835731  -0.1835731  -0.1835731
 -0.1835731  -0.1835731  -0.1835731  -0.1835731  -0.1835731  -0.1835731
 -0.1835731  -0.1835731  -0.1835731  -0.1835731  -0.1835731  -0.1835731
 -0.1835731  -0.1835731  -0.1835731  -0.1835731  -0.1835731  -0.1835731
 -0.1835731  -0.1835731  -0.1835731  -0.1835731  -0.1835731  -0.1835731
 -0.1835731  -0.1835731  -0.1835731  -0.1835731  -0.1835731  -0.1835731
 -0.1835731  -0.1835731  -0.1835731  -0.1835731  -0.1835731  -0.1835731
 -0.1835731  -0.1835731  -0.1835731  -0.1835731  -0.1835731  -0.1835731
 -0.1835731  -0.1835731  -0.1835731  -0.1835731  -0.1835731  -0.1835731
 -0.1835731  -0.1835731  -0.1835731  -0.1835731  -0.1835731  -0.1835731
 -0.1835731  -0.1835731  -0.1835731  -0.1835731  -0.1835731  -0.1835731
 -0.1835731  -0.1835731  -0.1835731  -0.1835731  -0.1835731  -0.1835731
 -0.1835731  -0.1835731  -0.1835731  -0.1835731  -0.1835731  -0.1835731
 -0.1835731  -0.1835731  -0.1835731  -0.1835731  -0.1835731   9.1273508
 -0.1835731  -0.1835731  -0.1835731  -0.1835731  -0.1835731  -0.1835731
 -0.1835731  -0.1835731  -0.1835731  -0.1835731  -0.1835731  -0.1835731
 -0.1835731  -0.1835731  -0.1835731  -0.1835731  -0.1835731  -0.1835731
 -0.1835731  -0.1835731  -0.1835731  -0.1835731  -0.1835731  -0.1835731
 -0.1835731  -0.1835731  -0.1835731  -0.1835731  -0.1835731  -0.1835731
 -0.1835731  -0.1835731  -0.1835731  -0.1835731  -0.1835731  -0.1835731
 -0.1835731  -0.1835731  -0.1835731   0.17562971  3.08423879 -0.1835731
 -0.1835731  -0.1835731  -0.1835731  -0.1835731  -0.1835731  -0.1835731
 -0.1835731  -0.1835731  -0.1835731  -0.1835731  -0.1835731  -0.1835731
 -0.1835731  -0.1835731  -0.1835731  -0.1835731  -0.1835731  -0.1835731
 -0.1835731  -0.1835731  -0.1835731  -0.1835731  -0.1835731  -0.1835731
 -0.1835731  -0.1835731  -0.1835731  -0.1835731  -0.1835731  -0.1835731
 -0.1835731  -0.1835731  -0.1835731  -0.1835731  -0.1835731  -0.1835731
 -0.1835731  -0.1835731  -0.1835731  -0.1835731  -0.1835731  -0.1835731
 -0.1835731  -0.1835731  -0.1835731  -0.1835731  -0.1835731   2.74280401
 -0.1835731  -0.1835731  -0.1835731  -0.1835731  -0.1835731  -0.1835731
 -0.1835731  -0.1835731  -0.1835731  -0.1835731  -0.1835731  -0.1835731
 -0.1835731  -0.1835731  -0.1835731  -0.1835731  -0.1835731  -0.1835731
 -0.1835731  -0.1835731  -0.1835731  -0.1835731  -0.1835731  -0.1835731
  4.27771228 -0.1835731   2.78890162 -0.1835731  -0.1835731  -0.1835731
 -0.1835731  -0.1835731  -0.1835731  -0.1835731  -0.1835731  -0.1835731
  5.4346906  -0.1835731  -0.1835731  -0.1835731  -0.1835731   3.13761555
 -0.1835731  -0.1835731  -0.1835731  -0.1835731  -0.1835731  -0.1835731
 -0.1835731  -0.1835731  -0.1835731  -0.1835731  -0.1835731  -0.1835731
 -0.1835731  -0.1835731  -0.1835731  -0.1835731  -0.1835731  -0.1835731
 -0.1835731   4.49065117 -0.1835731  -0.1835731   5.87784964 -0.1835731
  2.88299216  2.49961297 -0.1835731  -0.1835731  -0.1835731  -0.1835731
 -0.1835731  -0.1835731  -0.1835731  -0.1835731  -0.1835731  -0.1835731
 -0.1835731  -0.1835731  -0.1835731  -0.1835731   1.02507676 -0.1835731
 -0.1835731  -0.1835731  -0.1835731  -0.1835731  -0.1835731   1.0948758
 -0.1835731  -0.1835731  -0.1835731  -0.1835731  -0.1835731  -0.1835731
 -0.1835731  -0.1835731  -0.1835731  -0.1835731  -0.1835731  -0.1835731
 -0.1835731  -0.1835731  -0.1835731  -0.1835731  -0.1835731  -0.1835731
 -0.1835731  -0.1835731  -0.1835731  -0.1835731  -0.1835731   9.10112612
 -0.1835731  -0.1835731  -0.1835731  -0.1835731  -0.1835731  -0.1835731
 -0.1835731  -0.1835731  -0.1835731  -0.1835731  -0.1835731  -0.1835731
 -0.1835731  -0.1835731  -0.1835731  -0.1835731  -0.1835731  -0.1835731
  6.26688167 -0.1835731  -0.1835731  -0.1835731  -0.1835731   6.30958376
 -0.1835731   1.96628945 -0.1835731  -0.1835731  -0.1835731  -0.1835731
 -0.1835731  -0.1835731  -0.1835731  -0.1835731  -0.1835731  -0.1835731
 -0.1835731  -0.1835731  -0.1835731  -0.1835731  -0.1835731  -0.1835731
 -0.1835731  -0.1835731  -0.1835731  -0.1835731  -0.1835731  -0.1835731
 -0.1835731  -0.1835731  -0.1835731  -0.1835731  -0.1835731  -0.1835731
 -0.1835731  -0.1835731  -0.1835731  -0.1835731  -0.1835731  -0.1835731
 -0.1835731  -0.1835731  -0.1835731  -0.1835731  -0.1835731  -0.1835731
 -0.1835731  -0.1835731  -0.1835731  -0.1835731  -0.1835731  -0.1835731
 -0.1835731  -0.1835731  -0.1835731  -0.1835731  -0.1835731  -0.1835731
 -0.1835731  -0.1835731  -0.1835731  -0.1835731  -0.1835731  -0.1835731
 -0.1835731  -0.1835731  -0.1835731  -0.1835731  -0.1835731  -0.1835731
 -0.1835731  -0.1835731  -0.1835731  -0.1835731  -0.1835731  -0.1835731
 -0.1835731  -0.1835731  -0.1835731  -0.1835731  -0.1835731  -0.1835731
 -0.1835731  -0.1835731  -0.1835731  -0.1835731  -0.1835731  -0.1835731
 -0.1835731  -0.1835731  -0.1835731  -0.1835731  -0.1835731  -0.1835731
 -0.1835731  -0.1835731  -0.1835731  -0.1835731  -0.1835731  -0.1835731
 -0.1835731  -0.1835731  -0.1835731  -0.1835731  -0.1835731  -0.1835731
 -0.1835731  -0.1835731  -0.1835731  -0.1835731  -0.1835731  -0.1835731
 -0.1835731  -0.1835731  -0.1835731  -0.1835731  -0.1835731  -0.1835731
 -0.1835731  -0.1835731  -0.1835731  -0.1835731  -0.1835731  -0.1835731
 -0.1835731  -0.1835731  -0.1835731  -0.1835731  -0.1835731  -0.1835731
 -0.1835731  -0.1835731  -0.1835731  -0.1835731  -0.1835731  -0.1835731
 -0.1835731  -0.1835731  -0.1835731  -0.1835731  -0.1835731  -0.1835731
  1.98694505 -0.1835731  -0.1835731  -0.1835731  -0.1835731  -0.1835731
 -0.1835731  -0.1835731  -0.1835731  -0.1835731  -0.1835731  -0.1835731
 -0.1835731  -0.1835731   4.90407713 -0.1835731  -0.1835731  -0.1835731
  7.26489964 -0.1835731  -0.1835731  -0.1835731  -0.1835731  -0.1835731
 -0.1835731  -0.1835731  -0.1835731  -0.1835731  -0.1835731  -0.1835731
 -0.1835731  -0.1835731  -0.1835731  -0.1835731  -0.1835731  -0.1835731
 -0.1835731   4.37740821 -0.1835731  -0.1835731  -0.1835731   0.41861842
 -0.1835731  -0.1835731  -0.1835731  -0.1835731  -0.1835731  -0.1835731
 -0.1835731  -0.1835731  -0.1835731  -0.1835731  -0.1835731  -0.1835731
 -0.1835731  -0.1835731  -0.1835731  -0.1835731  -0.1835731  -0.1835731
 -0.1835731  -0.1835731  -0.1835731  -0.1835731  -0.1835731  -0.1835731
 -0.1835731  -0.1835731  -0.1835731  -0.1835731 ]",[-0.01796936313042416]
10,"[-0.15067312 -0.15067312 -0.15067312 -0.15067312 -0.07961201 -0.15067312
 -0.15067312 -0.15067312 -0.15067312 -0.15067312 -0.15067312 -0.15067312
 -0.15067312 -0.15067312 -0.15067312 -0.15067312 -0.15067312 -0.15067312
 -0.15067312 -0.15067312 -0.15067312 -0.15067312 -0.15067312 -0.15067312
 -0.15067312 -0.15067312 -0.15067312 -0.15067312 -0.15067312 -0.15067312
 -0.15067312 -0.15067312 -0.15067312 -0.15067312 -0.15067312 -0.15067312
 -0.15067312 -0.15067312 -0.15067312 -0.15067312 -0.15067312 -0.15067312
 -0.15067312 -0.15067312 -0.15067312 -0.15067312 -0.15067312 -0.15067312
 -0.15067312 -0.15067312 -0.15067312 -0.15067312 -0.15067312 -0.15067312
 -0.15067312 -0.15067312 -0.15067312 -0.15067312 -0.15067312 -0.15067312
 -0.15067312 -0.15067312 -0.15067312 -0.15067312 -0.15067312 -0.15067312
 -0.15067312 -0.15067312 -0.15067312 -0.15067312 -0.15067312 -0.15067312
 -0.15067312 -0.15067312 -0.15067312 -0.15067312 -0.15067312 -0.15067312
 -0.15067312 -0.15067312 -0.15067312 -0.15067312 -0.15067312  9.71383636
 -0.15067312 -0.15067312 -0.15067312 -0.15067312 -0.15067312 -0.15067312
 -0.15067312 -0.15067312 -0.15067312 -0.15067312 -0.15067312 -0.15067312
 -0.15067312 -0.15067312 -0.15067312 -0.15067312 -0.15067312 -0.15067312
 -0.15067312 -0.15067312 -0.15067312 -0.15067312 -0.15067312 -0.15067312
 -0.15067312 -0.15067312  1.0055287  -0.15067312 -0.15067312 -0.15067312
 -0.15067312 -0.15067312  0.67847038 -0.15067312 -0.15067312 -0.15067312
 -0.15067312 -0.15067312 -0.15067312 -0.15067312 -0.15067312 -0.15067312
 -0.15067312 -0.15067312 -0.15067312 -0.15067312 -0.15067312 -0.15067312
 -0.15067312 -0.15067312 -0.15067312 -0.15067312 -0.15067312 -0.15067312
 -0.15067312 -0.15067312 -0.15067312 -0.15067312 -0.15067312 -0.15067312
 -0.15067312 -0.15067312 -0.15067312 -0.15067312 -0.15067312 -0.15067312
 -0.15067312 -0.15067312 -0.15067312 -0.15067312 -0.15067312 -0.15067312
 -0.15067312 -0.15067312 -0.15067312 -0.15067312 -0.15067312 -0.15067312
 -0.15067312 -0.15067312 -0.15067312 -0.15067312 -0.15067312 -0.15067312
 -0.15067312 -0.15067312 -0.15067312 -0.15067312 -0.15067312 -0.15067312
 -0.15067312 -0.15067312 -0.15067312 -0.15067312 -0.15067312 -0.15067312
 -0.15067312 -0.15067312 -0.15067312 -0.15067312 -0.15067312 -0.15067312
 -0.15067312 -0.15067312 -0.15067312 -0.15067312 -0.15067312 -0.15067312
 -0.15067312 -0.15067312 -0.15067312 -0.15067312 -0.15067312 -0.15067312
 -0.15067312 -0.15067312 -0.15067312 -0.15067312 -0.15067312  0.64701248
 -0.15067312 -0.15067312 -0.15067312 -0.15067312 -0.15067312 -0.15067312
  3.31701982 -0.15067312 -0.15067312  2.64865492 -0.15067312  8.1903472
 -0.15067312 -0.15067312 -0.15067312 -0.15067312 -0.15067312 -0.15067312
 -0.15067312 -0.15067312 -0.15067312 -0.15067312 -0.15067312 -0.15067312
 -0.15067312 -0.15067312 -0.15067312 -0.15067312 -0.15067312 -0.15067312
 -0.15067312  4.08012105 -0.15067312  2.19695868 -0.15067312 -0.15067312
  7.36131095 -0.15067312 -0.15067312 -0.15067312 -0.15067312 -0.15067312
 -0.15067312 -0.15067312 -0.15067312 -0.15067312 -0.15067312 -0.15067312
 -0.15067312 -0.15067312 -0.15067312 -0.15067312 -0.15067312 -0.15067312
 -0.15067312 -0.15067312 -0.15067312  4.9203308  -0.15067312 -0.15067312
 -0.15067312 -0.15067312 -0.15067312 -0.15067312 -0.15067312 -0.15067312
 -0.15067312 -0.15067312 -0.15067312 -0.15067312 -0.15067312 -0.15067312
 -0.15067312 -0.15067312 -0.15067312 -0.15067312 -0.15067312 -0.15067312
 -0.15067312 -0.15067312 -0.15067312 -0.15067312 -0.15067312  8.82869603
 -0.15067312 -0.15067312 -0.15067312 -0.15067312 -0.15067312 -0.15067312
 -0.15067312 -0.15067312 -0.15067312 -0.15067312 -0.15067312 -0.15067312
 -0.15067312 -0.15067312 -0.15067312 -0.15067312 -0.15067312 -0.15067312
 -0.15067312 -0.15067312 -0.15067312 -0.15067312 -0.15067312  7.95499494
 -0.15067312 -0.15067312 -0.15067312 -0.15067312 -0.15067312 -0.15067312
 -0.15067312 -0.15067312 -0.15067312 -0.15067312 -0.15067312 -0.15067312
 -0.15067312 -0.15067312 -0.15067312 -0.15067312 -0.15067312 -0.15067312
 -0.15067312 -0.15067312 -0.15067312 -0.15067312 -0.15067312 -0.15067312
 -0.15067312 -0.15067312 -0.15067312 -0.15067312 -0.15067312 -0.15067312
 -0.15067312 -0.15067312 -0.15067312 -0.15067312 -0.15067312 -0.15067312
 -0.15067312 -0.15067312 -0.15067312 -0.15067312 -0.15067312 -0.15067312
 -0.15067312 -0.15067312 -0.15067312 -0.15067312 -0.15067312 -0.15067312
 -0.15067312 -0.15067312 -0.15067312 -0.15067312 -0.15067312 -0.15067312
 -0.15067312 -0.15067312 -0.15067312 -0.15067312 -0.15067312 -0.15067312
 -0.15067312 -0.15067312 -0.15067312 -0.15067312 -0.15067312 -0.15067312
 -0.15067312 -0.15067312 -0.15067312 -0.15067312 -0.15067312 -0.15067312
 -0.15067312 -0.15067312 -0.15067312 -0.15067312 -0.15067312 -0.15067312
 -0.15067312 -0.15067312 -0.15067312 -0.15067312 -0.15067312 -0.15067312
 -0.15067312 -0.15067312 -0.15067312 -0.15067312 -0.15067312 -0.15067312
 -0.15067312 -0.15067312 -0.15067312 -0.15067312 -0.15067312 -0.15067312
 -0.15067312 -0.15067312 -0.15067312 -0.15067312 -0.15067312 -0.15067312
 -0.15067312 -0.15067312 -0.15067312 -0.15067312 -0.15067312 -0.15067312
 -0.15067312 -0.15067312 -0.15067312 -0.15067312 -0.15067312 -0.15067312
 -0.15067312 -0.15067312 -0.15067312 -0.15067312 -0.15067312 -0.15067312
 -0.15067312 -0.15067312 -0.15067312 -0.15067312 -0.15067312 -0.15067312
 -0.15067312 -0.15067312 -0.15067312 -0.15067312 -0.15067312 -0.15067312
 -0.15067312 -0.15067312 -0.15067312 -0.15067312 -0.15067312 -0.15067312
 -0.15067312 -0.15067312 -0.15067312 -0.15067312 -0.15067312 -0.15067312
 -0.15067312 -0.15067312 -0.15067312 -0.15067312 -0.15067312 -0.15067312
 -0.15067312 -0.15067312  7.11825096 -0.15067312 -0.15067312 -0.15067312
  5.78141153 -0.15067312 -0.15067312 -0.15067312 -0.15067312 -0.15067312
 -0.15067312 -0.15067312 -0.15067312 -0.15067312 -0.15067312 -0.15067312
 -0.15067312 -0.15067312 -0.15067312 -0.15067312 -0.15067312 -0.15067312
 -0.15067312  1.42524546 -0.15067312 -0.15067312 -0.15067312 -0.15067312
 -0.15067312 -0.15067312 -0.15067312 -0.15067312 -0.15067312 -0.15067312
 -0.15067312 -0.15067312 -0.15067312 -0.15067312 -0.15067312 -0.15067312
 -0.15067312 -0.15067312 -0.15067312 -0.15067312 -0.15067312 -0.15067312
 -0.15067312 -0.15067312 -0.15067312 -0.15067312 -0.15067312 -0.15067312
 -0.15067312 -0.15067312 -0.15067312 -0.15067312]",[0.012843658906119076]
10,"[-0.23684791 -0.23684791 -0.23684791 -0.23684791 -0.23684791 -0.23684791
 -0.23684791 -0.23684791 -0.23684791 -0.23684791 -0.23684791 -0.23684791
 -0.23684791 -0.23684791 -0.23684791 -0.23684791 -0.23684791 -0.23684791
 -0.23684791 -0.23684791 -0.23684791 -0.23684791 -0.23684791 -0.23684791
 -0.23684791 -0.23684791 -0.23684791 -0.23684791 -0.23684791 -0.23684791
 -0.23684791 -0.23684791 -0.23684791 -0.23684791 -0.23684791 -0.23684791
 -0.23684791 -0.23684791 -0.23684791 -0.23684791 -0.23684791 -0.23684791
 -0.23684791 -0.23684791 -0.23684791 -0.23684791 -0.23684791 -0.23684791
 -0.23684791 -0.23684791 -0.23684791 -0.23684791 -0.23684791 -0.23684791
 -0.23684791 -0.23684791 -0.23684791 -0.23684791 -0.23684791 -0.23684791
 -0.23684791 -0.23684791 -0.23684791 -0.23684791 -0.23684791 -0.23684791
 -0.23684791 -0.23684791 -0.23684791 -0.23684791 -0.23684791 -0.23684791
 -0.23684791 -0.23684791 -0.23684791 -0.23684791 -0.23684791 -0.23684791
 -0.23684791 -0.23684791 -0.23684791 -0.23684791 -0.23684791  7.27326445
 -0.23684791 -0.23684791 -0.23684791 -0.23684791 -0.23684791 -0.23684791
 -0.23684791 -0.23684791  2.177963   -0.23684791 -0.23684791 -0.23684791
 -0.23684791 -0.23684791 -0.23684791 -0.23684791 -0.23684791 -0.23684791
 -0.23684791 -0.23684791 -0.23684791 -0.23684791 -0.23684791 -0.23684791
 -0.23684791 -0.23684791  6.71427785 -0.23684791 -0.23684791 -0.23684791
  2.82915171 -0.23684791 -0.23684791 -0.23684791 -0.23684791 -0.23684791
 -0.23684791 -0.23684791 -0.23684791 -0.23684791  5.07992674 -0.23684791
 -0.23684791 -0.23684791 -0.23684791 -0.23684791 -0.23684791 -0.23684791
 -0.23684791 -0.23684791 -0.23684791 -0.23684791 -0.23684791 -0.23684791
 -0.23684791 -0.23684791 -0.23684791 -0.23684791 -0.23684791 -0.23684791
 -0.23684791 -0.23684791 -0.23684791 -0.23684791 -0.23684791 -0.23684791
 -0.23684791 -0.23684791 -0.23684791 -0.23684791 -0.23684791 -0.23684791
 -0.23684791 -0.23684791 -0.23684791 -0.23684791 -0.23684791 -0.23684791
 -0.23684791  3.17847524 -0.23684791 -0.23684791 -0.23684791 -0.23684791
 -0.23684791 -0.23684791 -0.23684791 -0.23684791 -0.23684791 -0.23684791
 -0.23684791 -0.23684791 -0.23684791 -0.23684791 -0.23684791 -0.23684791
 -0.23684791 -0.23684791 -0.23684791 -0.23684791 -0.23684791 -0.23684791
 -0.23684791 -0.23684791 -0.23684791 -0.23684791 -0.23684791 -0.23684791
 -0.23684791 -0.23684791 -0.23684791 -0.23684791 -0.23684791 -0.23684791
 -0.23684791 -0.23684791 -0.23684791 -0.23684791 -0.23684791 -0.23684791
 -0.23684791 -0.23684791 -0.23684791 -0.23684791 -0.23684791 -0.23684791
  2.61635197 -0.23684791  2.0164027  -0.23684791 -0.23684791  0.73038949
 -0.23684791 -0.23684791 -0.23684791 -0.23684791 -0.23684791 -0.23684791
 -0.23684791 -0.23684791 -0.23684791 -0.23684791 -0.23684791 -0.23684791
 -0.23684791 -0.23684791 -0.23684791 -0.23684791 -0.23684791 -0.23684791
 -0.23684791  1.13596159 -0.23684791  2.37317183  2.91739152 -0.23684791
  2.92605857 -0.23684791 -0.23684791 -0.23684791 -0.23684791 -0.23684791
 -0.23684791 -0.23684791 -0.23684791 -0.23684791 -0.23684791 -0.23684791
 -0.23684791 -0.23684791 -0.23684791  6.41305257  1.56755129 -0.23684791
 -0.23684791 -0.23684791  2.6550896   3.20498868 -0.23684791  0.44883234
  2.02623991 -0.23684791 -0.23684791  3.66465472  1.66353383 -0.23684791
 -0.23684791 -0.23684791  6.22378283 -0.23684791  4.07245264 -0.23684791
 -0.23684791  3.51483196 -0.23684791  2.00628065  2.25301108 -0.23684791
 -0.23684791  3.69603578 -0.23684791 -0.23684791 -0.23684791  5.52561644
 -0.23684791 -0.23684791 -0.23684791  3.53316521 -0.23684791 -0.23684791
 -0.23684791 -0.23684791 -0.23684791 -0.23684791 -0.23684791 -0.23684791
 -0.23684791 -0.23684791 -0.23684791 -0.23684791 -0.23684791 -0.23684791
 -0.23684791 -0.23684791 -0.23684791 -0.23684791 -0.23684791  4.95319828
 -0.23684791 -0.23684791 -0.23684791 -0.23684791 -0.23684791 -0.23684791
 -0.23684791 -0.23684791 -0.23684791 -0.23684791 -0.23684791 -0.23684791
 -0.23684791 -0.23684791 -0.23684791 -0.23684791 -0.23684791 -0.23684791
 -0.23684791 -0.23684791 -0.23684791 -0.23684791 -0.23684791 -0.23684791
 -0.23684791 -0.23684791 -0.23684791 -0.23684791 -0.23684791 -0.23684791
 -0.23684791 -0.23684791 -0.23684791 -0.23684791 -0.23684791 -0.23684791
 -0.23684791 -0.23684791 -0.23684791 -0.23684791 -0.23684791 -0.23684791
 -0.23684791 -0.23684791 -0.23684791 -0.23684791 -0.23684791 -0.23684791
 -0.23684791 -0.23684791 -0.23684791 -0.23684791 -0.23684791 -0.23684791
 -0.23684791 -0.23684791 -0.23684791 -0.23684791 -0.23684791 -0.23684791
 -0.23684791 -0.23684791 -0.23684791 -0.23684791 -0.23684791 -0.23684791
 -0.23684791 -0.23684791 -0.23684791 -0.23684791 -0.23684791 -0.23684791
 -0.23684791 -0.23684791 -0.23684791 -0.23684791 -0.23684791 -0.23684791
 -0.23684791 -0.23684791 -0.23684791 -0.23684791 -0.23684791 -0.23684791
 -0.23684791 -0.23684791 -0.23684791 -0.23684791 -0.23684791 -0.23684791
 -0.23684791 -0.23684791 -0.23684791 -0.23684791 -0.23684791 -0.23684791
 -0.23684791 -0.23684791 -0.23684791 -0.23684791 -0.23684791 -0.23684791
 -0.23684791 -0.23684791 -0.23684791 -0.23684791 -0.23684791 -0.23684791
 -0.23684791 -0.23684791 -0.23684791 -0.23684791 -0.23684791  6.13302739
 -0.23684791 -0.23684791 -0.23684791 -0.23684791 -0.23684791 -0.23684791
 -0.23684791 -0.23684791 -0.23684791 -0.23684791 -0.23684791 -0.23684791
 -0.23684791 -0.23684791 -0.23684791 -0.23684791 -0.23684791 -0.23684791
  4.09757965 -0.23684791 -0.23684791 -0.23684791 -0.23684791 -0.23684791
 -0.23684791 -0.23684791 -0.23684791 -0.23684791 -0.23684791 -0.23684791
 -0.23684791 -0.23684791 -0.23684791 -0.23684791 -0.23684791 -0.23684791
 -0.23684791 -0.23684791  1.79226898 -0.23684791 -0.23684791 -0.23684791
 -0.23684791 -0.23684791 -0.23684791 -0.23684791 -0.23684791 -0.23684791
 -0.23684791 -0.23684791 -0.23684791 -0.23684791 -0.23684791 -0.23684791
 -0.23684791 -0.23684791 -0.23684791 -0.23684791 -0.23684791 -0.23684791
 -0.23684791  3.69410285 -0.23684791 -0.23684791 -0.23684791 -0.23684791
 -0.23684791 -0.23684791 -0.23684791 -0.23684791 -0.23684791 -0.23684791
 -0.23684791 -0.23684791 -0.23684791 -0.23684791 -0.23684791 -0.23684791
 -0.23684791 -0.23684791 -0.23684791 -0.23684791 -0.23684791 -0.23684791
 -0.23684791 -0.23684791 -0.23684791 -0.23684791 -0.23684791 -0.23684791
 -0.23684791 -0.23684791 -0.23684791 -0.23684791]",[-0.016189151414793046]
10,"[-0.17299939 -0.17299939 -0.17299939 -0.17299939 -0.17299939 -0.17299939
 -0.17299939 -0.17299939 -0.17299939 -0.17299939 -0.17299939 -0.17299939
 -0.17299939 -0.17299939 -0.17299939 -0.17299939 -0.17299939 -0.17299939
 -0.17299939 -0.17299939 -0.17299939  2.33915057 -0.17299939 -0.17299939
 -0.17299939 -0.17299939 -0.17299939 -0.17299939 -0.17299939 -0.17299939
 -0.17299939 -0.17299939 -0.17299939 -0.17299939 -0.17299939 -0.17299939
 -0.17299939 -0.17299939 -0.17299939 -0.17299939 -0.17299939 -0.17299939
 -0.17299939 -0.17299939 -0.17299939 -0.17299939 -0.17299939 -0.17299939
 -0.17299939 -0.17299939 -0.17299939 -0.17299939 -0.17299939 -0.17299939
 -0.17299939 -0.17299939 -0.17299939 -0.17299939 -0.17299939 -0.17299939
 -0.17299939 -0.17299939 -0.17299939 -0.17299939 -0.17299939 -0.17299939
 -0.17299939 -0.17299939 -0.17299939 -0.17299939 -0.17299939 -0.17299939
 -0.17299939 -0.17299939 -0.17299939 -0.17299939 -0.17299939 -0.17299939
 -0.17299939 -0.17299939 -0.17299939 -0.17299939 -0.17299939  9.99042008
 -0.17299939 -0.17299939 -0.17299939 -0.17299939 -0.17299939 -0.17299939
 -0.17299939 -0.17299939 -0.17299939 -0.17299939  2.41347011 -0.17299939
 -0.17299939 -0.17299939 -0.17299939 -0.17299939 -0.17299939 -0.17299939
 -0.17299939 -0.17299939 -0.17299939 -0.17299939 -0.17299939 -0.17299939
 -0.17299939 -0.17299939  8.68917793 -0.17299939 -0.17299939 -0.17299939
 -0.17299939 -0.17299939 -0.17299939 -0.17299939 -0.17299939 -0.17299939
 -0.17299939 -0.17299939 -0.17299939 -0.17299939 -0.17299939 -0.17299939
 -0.17299939 -0.17299939 -0.17299939 -0.17299939 -0.17299939 -0.17299939
 -0.17299939 -0.17299939 -0.17299939 -0.17299939 -0.17299939 -0.17299939
 -0.17299939 -0.17299939 -0.17299939 -0.17299939 -0.17299939 -0.17299939
 -0.17299939 -0.17299939 -0.17299939 -0.17299939 -0.17299939 -0.17299939
 -0.17299939 -0.17299939 -0.17299939 -0.17299939 -0.17299939 -0.17299939
 -0.17299939 -0.17299939 -0.17299939 -0.17299939 -0.17299939 -0.17299939
 -0.17299939  4.47086855 -0.17299939 -0.17299939 -0.17299939 -0.17299939
 -0.17299939 -0.17299939 -0.17299939  7.01964301 -0.17299939 -0.17299939
 -0.17299939 -0.17299939 -0.17299939 -0.17299939 -0.17299939 -0.17299939
 -0.17299939 -0.17299939 -0.17299939 -0.17299939 -0.17299939 -0.17299939
 -0.17299939 -0.17299939 -0.17299939 -0.17299939 -0.17299939 -0.17299939
 -0.17299939 -0.17299939 -0.17299939 -0.17299939 -0.17299939 -0.17299939
 -0.17299939 -0.17299939  5.89881856 -0.17299939 -0.17299939  3.0591697
 -0.17299939 -0.17299939 -0.17299939 -0.17299939 -0.17299939 -0.17299939
  3.12511148  2.42959231 -0.17299939 -0.17299939 -0.17299939  5.16035162
 -0.17299939 -0.17299939 -0.17299939 -0.17299939 -0.17299939 -0.17299939
 -0.17299939 -0.17299939 -0.17299939 -0.17299939 -0.17299939 -0.17299939
 -0.17299939 -0.17299939 -0.17299939 -0.17299939 -0.17299939 -0.17299939
 -0.17299939  0.85322175 -0.17299939 -0.17299939 -0.17299939 -0.17299939
  2.69029628 -0.17299939 -0.17299939 -0.17299939 -0.17299939 -0.17299939
 -0.17299939 -0.17299939 -0.17299939 -0.17299939 -0.17299939 -0.17299939
 -0.17299939 -0.17299939 -0.17299939  0.97592038 -0.17299939 -0.17299939
 -0.17299939 -0.17299939 -0.17299939  5.21597681 -0.17299939 -0.17299939
 -0.17299939 -0.17299939 -0.17299939 -0.17299939 -0.17299939 -0.17299939
  4.17351385 -0.17299939  0.69228855 -0.17299939 -0.17299939 -0.17299939
 -0.17299939 -0.17299939 -0.17299939 -0.17299939 -0.17299939 -0.17299939
 -0.17299939 -0.17299939 -0.17299939 -0.17299939 -0.17299939 -0.17299939
 -0.17299939 -0.17299939 -0.17299939 -0.17299939 -0.17299939 -0.17299939
 -0.17299939 -0.17299939 -0.17299939 -0.17299939 -0.17299939 -0.17299939
 -0.17299939 -0.17299939 -0.17299939 -0.17299939 -0.17299939 -0.17299939
 -0.17299939 -0.17299939 -0.17299939 -0.17299939 -0.17299939  3.58190501
 -0.17299939 -0.17299939 -0.17299939 -0.17299939 -0.17299939 -0.17299939
 -0.17299939 -0.17299939 -0.17299939 -0.17299939 -0.17299939 -0.17299939
 -0.17299939 -0.17299939 -0.17299939 -0.17299939 -0.17299939 -0.17299939
 -0.17299939 -0.17299939 -0.17299939 -0.17299939 -0.17299939 -0.17299939
 -0.17299939 -0.17299939 -0.17299939 -0.17299939 -0.17299939 -0.17299939
 -0.17299939 -0.17299939 -0.17299939 -0.17299939 -0.17299939 -0.17299939
 -0.17299939 -0.17299939 -0.17299939 -0.17299939 -0.17299939 -0.17299939
 -0.17299939 -0.17299939 -0.17299939 -0.17299939 -0.17299939 -0.17299939
 -0.17299939 -0.17299939 -0.17299939 -0.17299939 -0.17299939 -0.17299939
 -0.17299939 -0.17299939 -0.17299939 -0.17299939 -0.17299939 -0.17299939
 -0.17299939 -0.17299939 -0.17299939 -0.17299939 -0.17299939 -0.17299939
 -0.17299939 -0.17299939 -0.17299939 -0.17299939 -0.17299939 -0.17299939
 -0.17299939 -0.17299939 -0.17299939 -0.17299939 -0.17299939 -0.17299939
 -0.17299939 -0.17299939 -0.17299939 -0.17299939 -0.17299939 -0.17299939
 -0.17299939 -0.17299939 -0.17299939 -0.17299939 -0.17299939 -0.17299939
 -0.17299939 -0.17299939 -0.17299939 -0.17299939 -0.17299939 -0.17299939
 -0.17299939 -0.17299939 -0.17299939 -0.17299939 -0.17299939 -0.17299939
 -0.17299939 -0.17299939 -0.17299939 -0.17299939 -0.17299939 -0.17299939
 -0.17299939 -0.17299939 -0.17299939 -0.17299939 -0.17299939 -0.17299939
 -0.17299939 -0.17299939 -0.17299939 -0.17299939 -0.17299939 -0.17299939
 -0.17299939 -0.17299939 -0.17299939 -0.17299939 -0.17299939 -0.17299939
 -0.17299939 -0.17299939 -0.17299939 -0.17299939 -0.17299939 -0.17299939
 -0.17299939 -0.17299939 -0.17299939 -0.17299939 -0.17299939 -0.17299939
 -0.17299939 -0.17299939 -0.17299939 -0.17299939 -0.17299939 -0.17299939
 -0.17299939 -0.17299939 -0.17299939 -0.17299939 -0.17299939 -0.17299939
 -0.17299939 -0.17299939  7.79033584 -0.17299939 -0.17299939 -0.17299939
  5.9304604  -0.17299939 -0.17299939 -0.17299939 -0.17299939 -0.17299939
 -0.17299939 -0.17299939 -0.17299939 -0.17299939 -0.17299939 -0.17299939
 -0.17299939 -0.17299939 -0.17299939 -0.17299939 -0.17299939 -0.17299939
 -0.17299939 -0.17299939 -0.17299939 -0.17299939 -0.17299939 -0.17299939
 -0.17299939 -0.17299939 -0.17299939 -0.17299939 -0.17299939 -0.17299939
 -0.17299939 -0.17299939 -0.17299939 -0.17299939 -0.17299939 -0.17299939
 -0.17299939 -0.17299939 -0.17299939 -0.17299939 -0.17299939 -0.17299939
 -0.17299939 -0.17299939 -0.17299939 -0.17299939 -0.17299939 -0.17299939
 -0.17299939 -0.17299939 -0.17299939 -0.17299939]",[0.026406723828416107]
10,"[-0.26264498 -0.26264498 -0.26264498 -0.26264498 -0.26264498 -0.26264498
 -0.26264498 -0.26264498 -0.26264498 -0.26264498 -0.26264498 -0.26264498
 -0.26264498 -0.26264498 -0.26264498 -0.26264498 -0.26264498 -0.26264498
  0.75169101 -0.26264498 -0.26264498 -0.26264498 -0.26264498 -0.26264498
 -0.26264498 -0.26264498 -0.26264498 -0.26264498 -0.26264498 -0.26264498
 -0.26264498 -0.26264498 -0.26264498 -0.26264498 -0.26264498 -0.26264498
 -0.26264498 -0.26264498 -0.26264498 -0.26264498 -0.26264498 -0.26264498
 -0.26264498 -0.26264498 -0.26264498 -0.26264498 -0.26264498 -0.26264498
 -0.26264498 -0.26264498 -0.26264498 -0.26264498 -0.26264498 -0.26264498
 -0.26264498 -0.26264498 -0.26264498 -0.26264498  0.70318688 -0.26264498
 -0.26264498 -0.26264498 -0.26264498 -0.26264498 -0.26264498 -0.26264498
 -0.26264498 -0.26264498 -0.26264498 -0.26264498 -0.26264498 -0.26264498
 -0.26264498 -0.26264498 -0.26264498 -0.26264498 -0.26264498 -0.26264498
 -0.26264498 -0.26264498 -0.26264498 -0.26264498 -0.26264498  6.97575593
 -0.26264498 -0.26264498  2.04265382 -0.26264498 -0.26264498  5.30172511
 -0.26264498 -0.26264498  1.76405891 -0.26264498 -0.26264498 -0.26264498
 -0.26264498 -0.26264498 -0.26264498 -0.26264498 -0.26264498 -0.26264498
 -0.26264498 -0.26264498 -0.26264498 -0.26264498  0.02262488 -0.26264498
 -0.26264498 -0.26264498  4.8284995  -0.26264498 -0.26264498 -0.26264498
 -0.26264498 -0.26264498  1.65533429 -0.26264498 -0.26264498 -0.26264498
 -0.26264498 -0.26264498 -0.26264498 -0.07820813  0.76206749 -0.26264498
 -0.26264498 -0.26264498 -0.26264498 -0.26264498 -0.26264498 -0.26264498
 -0.26264498 -0.26264498 -0.26264498 -0.26264498 -0.26264498 -0.26264498
 -0.26264498 -0.26264498 -0.26264498 -0.26264498 -0.26264498 -0.26264498
 -0.26264498 -0.26264498 -0.26264498 -0.26264498 -0.26264498 -0.26264498
 -0.26264498 -0.26264498 -0.26264498 -0.26264498 -0.26264498 -0.26264498
 -0.26264498 -0.26264498 -0.26264498 -0.26264498 -0.26264498 -0.26264498
 -0.26264498 -0.1643002  -0.26264498 -0.26264498 -0.26264498 -0.26264498
 -0.26264498 -0.26264498 -0.26264498 -0.26264498 -0.26264498  1.58603965
 -0.26264498 -0.26264498 -0.26264498 -0.26264498 -0.26264498 -0.26264498
 -0.26264498 -0.26264498 -0.26264498 -0.26264498 -0.26264498 -0.26264498
 -0.26264498 -0.26264498 -0.26264498 -0.26264498 -0.26264498 -0.26264498
 -0.26264498 -0.26264498  2.60037564 -0.26264498 -0.26264498 -0.26264498
 -0.26264498 -0.26264498  0.90908197 -0.26264498 -0.26264498  5.21974784
 -0.26264498 -0.26264498 -0.26264498 -0.26264498 -0.26264498  1.18700361
  3.13945205 -0.26264498 -0.26264498 -0.26264498 -0.26264498  1.43683719
  1.87491383 -0.26264498 -0.26264498 -0.26264498 -0.26264498 -0.26264498
 -0.26264498 -0.26264498 -0.26264498 -0.26264498 -0.26264498 -0.26264498
 -0.26264498 -0.26264498 -0.26264498 -0.26264498 -0.26264498 -0.26264498
 -0.26264498  3.01214507 -0.26264498  2.75064779  1.96241823 -0.26264498
  2.17210841 -0.26264498 -0.26264498  4.8630213  -0.26264498 -0.26264498
 -0.26264498 -0.26264498 -0.26264498 -0.26264498 -0.26264498 -0.26264498
 -0.26264498 -0.26264498 -0.26264498  5.65649898  3.11847681 -0.26264498
 -0.26264498 -0.26264498  5.13714853  2.1712804  -0.26264498  0.55741296
 -0.26264498 -0.26264498 -0.26264498 -0.26264498  1.7148319  -0.26264498
 -0.26264498 -0.26264498  5.11413988 -0.26264498  0.67009333  3.86343091
 -0.26264498 -0.26264498 -0.26264498 -0.26264498 -0.26264498 -0.26264498
 -0.26264498  3.3278223  -0.26264498 -0.26264498 -0.26264498  3.42891006
 -0.26264498 -0.26264498 -0.26264498 -0.26264498 -0.26264498  1.58603965
 -0.26264498 -0.26264498 -0.26264498 -0.26264498 -0.26264498 -0.26264498
 -0.26264498 -0.26264498 -0.26264498 -0.26264498 -0.26264498 -0.26264498
  1.66901873 -0.26264498 -0.26264498 -0.26264498 -0.26264498  5.07061251
 -0.26264498 -0.26264498 -0.26264498 -0.26264498 -0.26264498 -0.26264498
 -0.26264498 -0.26264498 -0.26264498 -0.26264498 -0.26264498 -0.26264498
 -0.26264498 -0.26264498 -0.26264498 -0.26264498 -0.26264498 -0.26264498
 -0.26264498 -0.26264498 -0.26264498 -0.26264498 -0.26264498 -0.26264498
 -0.26264498 -0.26264498 -0.26264498 -0.26264498 -0.26264498 -0.26264498
 -0.26264498 -0.26264498 -0.26264498 -0.26264498 -0.26264498 -0.26264498
 -0.26264498 -0.26264498 -0.26264498 -0.26264498 -0.26264498 -0.26264498
 -0.26264498 -0.26264498 -0.26264498 -0.26264498 -0.26264498 -0.26264498
 -0.26264498 -0.26264498 -0.26264498 -0.26264498 -0.26264498 -0.26264498
 -0.26264498 -0.26264498 -0.26264498 -0.26264498 -0.26264498 -0.26264498
 -0.26264498 -0.26264498 -0.26264498 -0.26264498 -0.26264498 -0.26264498
 -0.26264498 -0.26264498 -0.26264498 -0.26264498 -0.26264498 -0.26264498
 -0.26264498 -0.26264498 -0.26264498 -0.26264498 -0.26264498 -0.26264498
 -0.26264498 -0.26264498 -0.26264498 -0.26264498 -0.26264498 -0.26264498
 -0.26264498 -0.26264498 -0.26264498 -0.26264498 -0.26264498 -0.26264498
 -0.26264498 -0.26264498 -0.26264498 -0.26264498 -0.26264498 -0.26264498
 -0.26264498 -0.26264498 -0.26264498 -0.26264498 -0.26264498 -0.26264498
 -0.26264498 -0.26264498 -0.26264498 -0.26264498 -0.26264498 -0.26264498
 -0.26264498 -0.26264498 -0.26264498 -0.26264498  6.36646379 -0.26264498
 -0.26264498 -0.26264498 -0.26264498 -0.26264498 -0.26264498 -0.26264498
 -0.26264498  2.0208121  -0.26264498 -0.26264498 -0.26264498 -0.26264498
 -0.26264498 -0.26264498 -0.26264498 -0.26264498 -0.26264498 -0.26264498
  0.97816948 -0.26264498 -0.26264498 -0.26264498 -0.26264498 -0.26264498
  0.75169101 -0.26264498 -0.26264498 -0.26264498 -0.26264498 -0.26264498
 -0.26264498 -0.26264498 -0.26264498 -0.26264498 -0.26264498 -0.26264498
 -0.26264498 -0.26264498  3.87251183 -0.26264498 -0.26264498 -0.26264498
 -0.26264498  2.90667997 -0.26264498 -0.26264498 -0.26264498 -0.26264498
 -0.26264498 -0.26264498 -0.26264498 -0.26264498 -0.26264498 -0.26264498
 -0.26264498 -0.26264498 -0.26264498 -0.26264498 -0.26264498 -0.26264498
 -0.26264498  5.38410865 -0.26264498 -0.26264498 -0.26264498 -0.26264498
 -0.26264498 -0.26264498 -0.26264498 -0.26264498 -0.26264498 -0.26264498
 -0.26264498 -0.26264498 -0.26264498 -0.26264498 -0.26264498 -0.26264498
 -0.26264498 -0.26264498 -0.26264498 -0.26264498 -0.26264498 -0.26264498
 -0.26264498 -0.26264498 -0.26264498 -0.26264498 -0.26264498 -0.26264498
 -0.26264498 -0.26264498  1.58603965 -0.26264498]",[0.04310429458923651]
10,"[-0.21839219 -0.21839219 -0.21839219 -0.21839219 -0.08791492 -0.21839219
 -0.21839219 -0.21839219 -0.21839219 -0.21839219 -0.21839219 -0.21839219
 -0.21839219 -0.21839219 -0.21839219 -0.21839219 -0.21839219 -0.21839219
  0.91355414 -0.21839219 -0.21839219  1.18155866 -0.21839219 -0.21839219
 -0.21839219 -0.21839219 -0.21839219 -0.21839219 -0.21839219 -0.21839219
 -0.21839219 -0.21839219 -0.21839219 -0.21839219 -0.21839219 -0.21839219
 -0.21839219 -0.21839219 -0.21839219 -0.21839219 -0.21839219 -0.21839219
 -0.21839219 -0.21839219 -0.21839219 -0.21839219 -0.21839219 -0.21839219
 -0.21839219 -0.21839219 -0.21839219 -0.21839219 -0.21839219 -0.21839219
 -0.21839219 -0.21839219 -0.21839219 -0.21839219  1.58685276 -0.21839219
 -0.21839219 -0.21839219 -0.21839219 -0.21839219 -0.21839219 -0.21839219
 -0.21839219 -0.21839219 -0.21839219 -0.21839219 -0.21839219 -0.21839219
 -0.21839219 -0.21839219 -0.21839219 -0.21839219 -0.21839219 -0.21839219
 -0.21839219 -0.21839219 -0.21839219 -0.21839219 -0.21839219  8.17919341
 -0.21839219 -0.21839219 -0.21839219 -0.21839219 -0.21839219  5.40915037
 -0.21839219 -0.21839219 -0.21839219 -0.21839219 -0.21839219 -0.21839219
 -0.21839219  1.72627295 -0.21839219 -0.21839219 -0.21839219 -0.21839219
 -0.21839219 -0.21839219 -0.21839219 -0.21839219 -0.21839219 -0.21839219
 -0.21839219 -0.21839219 -0.21839219 -0.21839219 -0.21839219 -0.21839219
 -0.21839219 -0.21839219 -0.21839219 -0.21839219 -0.21839219 -0.21839219
 -0.21839219 -0.21839219 -0.21839219  4.31664382 -0.21839219 -0.21839219
 -0.21839219 -0.21839219 -0.21839219 -0.21839219 -0.21839219 -0.21839219
 -0.21839219 -0.21839219 -0.21839219 -0.21839219 -0.21839219 -0.21839219
 -0.21839219 -0.21839219 -0.21839219 -0.21839219 -0.21839219 -0.21839219
 -0.21839219 -0.21839219 -0.21839219 -0.21839219 -0.21839219 -0.21839219
 -0.21839219 -0.21839219 -0.21839219 -0.21839219 -0.21839219 -0.21839219
 -0.21839219 -0.21839219 -0.21839219 -0.21839219 -0.21839219 -0.21839219
 -0.21839219 -0.21839219 -0.21839219 -0.21839219 -0.21839219 -0.21839219
 -0.21839219 -0.21839219 -0.21839219 -0.21839219 -0.21839219  2.35100889
 -0.21839219 -0.21839219 -0.21839219 -0.21839219 -0.21839219 -0.21839219
 -0.21839219 -0.21839219 -0.21839219 -0.21839219 -0.21839219 -0.21839219
 -0.21839219 -0.21839219 -0.21839219 -0.21839219 -0.21839219 -0.21839219
 -0.21839219 -0.21839219  3.48743961 -0.21839219 -0.21839219 -0.21839219
 -0.21839219 -0.21839219 -0.21839219 -0.21839219 -0.21839219  4.50897164
 -0.21839219 -0.21839219  1.18155866 -0.21839219 -0.21839219  4.65895743
  6.89133837 -0.21839219 -0.21839219 -0.21839219 -0.21839219  3.32705345
 -0.21839219 -0.21839219 -0.21839219 -0.21839219 -0.21839219 -0.21839219
 -0.21839219 -0.21839219 -0.21839219 -0.21839219 -0.21839219 -0.21839219
 -0.21839219 -0.21839219 -0.21839219 -0.21839219 -0.21839219 -0.21839219
 -0.21839219  3.94248443 -0.21839219 -0.21839219  3.74471559 -0.21839219
  2.26824881 -0.21839219 -0.21839219 -0.21839219 -0.21839219 -0.21839219
 -0.21839219 -0.21839219 -0.21839219 -0.21839219 -0.21839219 -0.21839219
 -0.21839219 -0.21839219 -0.21839219 -0.21839219  1.54744992 -0.21839219
 -0.21839219 -0.21839219  4.0156071   1.21759035 -0.21839219 -0.21839219
 -0.21839219 -0.21839219 -0.21839219 -0.21839219 -0.21839219 -0.21839219
 -0.21839219 -0.21839219 -0.21839219 -0.21839219 -0.21839219 -0.21839219
 -0.21839219 -0.21839219 -0.21839219 -0.21839219 -0.21839219 -0.21839219
  1.49224805 -0.21839219 -0.21839219 -0.21839219 -0.21839219  3.7749842
 -0.21839219 -0.21839219 -0.21839219 -0.21839219 -0.21839219 -0.21839219
 -0.21839219 -0.21839219 -0.21839219 -0.21839219 -0.21839219 -0.21839219
 -0.21839219 -0.21839219 -0.21839219 -0.21839219  5.00943768 -0.21839219
  5.07106246 -0.21839219 -0.21839219 -0.21839219 -0.21839219  5.68060577
 -0.21839219  3.71157089 -0.21839219 -0.21839219 -0.21839219 -0.21839219
 -0.21839219 -0.21839219 -0.21839219 -0.21839219 -0.21839219 -0.21839219
 -0.21839219 -0.21839219 -0.21839219 -0.21839219 -0.21839219 -0.21839219
 -0.21839219 -0.21839219 -0.21839219 -0.21839219 -0.21839219 -0.21839219
 -0.21839219 -0.21839219 -0.21839219 -0.21839219 -0.21839219 -0.21839219
 -0.21839219 -0.21839219 -0.21839219 -0.21839219 -0.21839219 -0.21839219
 -0.21839219 -0.21839219 -0.21839219 -0.21839219 -0.21839219 -0.21839219
 -0.21839219 -0.21839219 -0.21839219 -0.21839219 -0.21839219 -0.21839219
 -0.21839219 -0.21839219 -0.21839219 -0.21839219 -0.21839219 -0.21839219
 -0.21839219 -0.21839219 -0.21839219 -0.21839219 -0.21839219 -0.21839219
 -0.21839219 -0.21839219 -0.21839219 -0.21839219 -0.21839219 -0.21839219
 -0.21839219 -0.21839219 -0.21839219 -0.21839219 -0.21839219 -0.21839219
 -0.21839219 -0.21839219 -0.21839219 -0.21839219 -0.21839219 -0.21839219
 -0.21839219 -0.21839219 -0.21839219 -0.21839219 -0.21839219 -0.21839219
 -0.21839219 -0.21839219 -0.21839219 -0.21839219 -0.21839219 -0.21839219
 -0.21839219 -0.21839219 -0.21839219 -0.21839219 -0.21839219 -0.21839219
 -0.21839219 -0.21839219 -0.21839219 -0.21839219 -0.21839219 -0.21839219
 -0.21839219 -0.21839219 -0.21839219 -0.21839219 -0.21839219 -0.21839219
 -0.21839219 -0.21839219 -0.21839219 -0.21839219 -0.21839219 -0.21839219
 -0.21839219 -0.21839219 -0.21839219 -0.21839219 -0.21839219 -0.21839219
 -0.21839219 -0.21839219 -0.21839219 -0.21839219 -0.21839219 -0.21839219
 -0.21839219 -0.21839219 -0.21839219 -0.21839219 -0.21839219 -0.21839219
 -0.21839219 -0.21839219 -0.21839219 -0.21839219 -0.21839219 -0.21839219
 -0.21839219 -0.21839219 -0.21839219 -0.21839219 -0.21839219 -0.21839219
 -0.21839219 -0.21839219 -0.21839219 -0.21839219 -0.21839219 -0.21839219
 -0.21839219 -0.21839219  4.13432643 -0.21839219 -0.21839219 -0.21839219
  5.80758826 -0.21839219 -0.21839219 -0.21839219 -0.21839219 -0.21839219
 -0.21839219 -0.21839219 -0.21839219 -0.21839219 -0.21839219 -0.21839219
 -0.21839219 -0.21839219 -0.21839219 -0.21839219 -0.21839219 -0.21839219
 -0.21839219  5.96261324 -0.21839219 -0.21839219 -0.21839219 -0.21839219
 -0.21839219 -0.21839219 -0.21839219 -0.21839219 -0.21839219 -0.21839219
 -0.21839219 -0.21839219 -0.21839219 -0.21839219 -0.21839219 -0.21839219
 -0.21839219 -0.21839219 -0.21839219 -0.21839219 -0.21839219 -0.21839219
 -0.21839219 -0.21839219 -0.21839219 -0.21839219 -0.21839219 -0.21839219
 -0.21839219 -0.21839219 -0.21839219 -0.21839219]",[-0.011374619408564324]
10,"[-0.19677587 -0.19677587 -0.19677587 -0.19677587 -0.19677587 -0.19677587
 -0.19677587 -0.19677587 -0.19677587 -0.19677587 -0.19677587 -0.19677587
 -0.19677587 -0.19677587 -0.19677587 -0.19677587 -0.19677587 -0.19677587
 -0.19677587 -0.19677587 -0.19677587 -0.19677587 -0.19677587 -0.19677587
 -0.19677587 -0.19677587 -0.19677587 -0.19677587 -0.19677587 -0.19677587
 -0.19677587 -0.19677587 -0.19677587 -0.19677587 -0.19677587 -0.19677587
 -0.19677587 -0.19677587 -0.19677587 -0.19677587 -0.19677587 -0.19677587
 -0.19677587 -0.19677587 -0.19677587 -0.19677587 -0.19677587 -0.19677587
 -0.19677587 -0.19677587 -0.19677587 -0.19677587 -0.19677587 -0.19677587
 -0.19677587 -0.19677587 -0.19677587 -0.19677587 -0.19677587 -0.19677587
 -0.19677587 -0.19677587 -0.19677587 -0.19677587 -0.19677587 -0.19677587
 -0.19677587 -0.19677587 -0.19677587 -0.19677587 -0.19677587 -0.19677587
 -0.19677587 -0.19677587 -0.19677587 -0.19677587 -0.19677587 -0.19677587
 -0.19677587 -0.19677587 -0.19677587 -0.19677587 -0.19677587  7.79896765
 -0.19677587 -0.19677587 -0.19677587 -0.19677587 -0.19677587 -0.19677587
 -0.19677587 -0.19677587  2.504453   -0.19677587 -0.19677587 -0.19677587
 -0.19677587 -0.19677587 -0.19677587 -0.19677587 -0.19677587 -0.19677587
 -0.19677587 -0.19677587 -0.19677587 -0.19677587 -0.19677587 -0.19677587
 -0.19677587 -0.19677587 -0.19677587 -0.19677587 -0.19677587 -0.19677587
 -0.19677587 -0.19677587  0.32280715 -0.19677587 -0.19677587 -0.19677587
 -0.19677587 -0.19677587 -0.19677587 -0.19677587  6.60161701 -0.19677587
 -0.19677587 -0.19677587 -0.19677587 -0.19677587 -0.19677587 -0.19677587
 -0.19677587 -0.19677587 -0.19677587 -0.19677587 -0.19677587 -0.19677587
 -0.19677587 -0.19677587 -0.19677587 -0.19677587 -0.19677587 -0.19677587
 -0.19677587 -0.19677587 -0.19677587 -0.19677587 -0.19677587 -0.19677587
 -0.19677587 -0.19677587 -0.19677587 -0.19677587 -0.19677587 -0.19677587
 -0.19677587 -0.19677587 -0.19677587 -0.19677587 -0.19677587 -0.19677587
 -0.19677587 -0.19677587 -0.19677587 -0.19677587 -0.19677587 -0.19677587
 -0.19677587 -0.19677587 -0.19677587 -0.19677587 -0.19677587 -0.19677587
 -0.19677587 -0.19677587 -0.19677587 -0.19677587 -0.19677587 -0.19677587
 -0.19677587 -0.19677587 -0.19677587 -0.19677587 -0.19677587 -0.19677587
 -0.19677587 -0.19677587 -0.19677587 -0.19677587 -0.19677587 -0.19677587
 -0.19677587 -0.19677587 -0.19677587 -0.19677587 -0.19677587 -0.19677587
 -0.19677587 -0.19677587 -0.19677587 -0.19677587 -0.19677587 -0.19677587
 -0.19677587 -0.19677587 -0.19677587 -0.19677587 -0.19677587 -0.19677587
 -0.19677587 -0.19677587  0.20964331 -0.19677587 -0.19677587  4.06544511
 -0.19677587 -0.19677587 -0.19677587 -0.19677587 -0.19677587 -0.19677587
 -0.19677587 -0.19677587 -0.19677587 -0.19677587 -0.19677587 -0.19677587
 -0.19677587 -0.19677587 -0.19677587 -0.19677587 -0.19677587 -0.19677587
 -0.19677587  3.14713731 -0.19677587  2.12408813  3.29299603 -0.19677587
  4.86373204 -0.19677587 -0.19677587 -0.19677587 -0.19677587 -0.19677587
 -0.19677587 -0.19677587 -0.19677587 -0.19677587 -0.19677587 -0.19677587
 -0.19677587 -0.19677587 -0.19677587 -0.19677587 -0.19677587 -0.19677587
 -0.19677587 -0.19677587 -0.19677587  3.01139157 -0.19677587 -0.19677587
 -0.19677587 -0.19677587 -0.19677587  3.15812625 -0.19677587 -0.19677587
 -0.19677587 -0.19677587  6.33849412 -0.19677587  4.65882816  5.50299946
 -0.19677587 -0.19677587 -0.19677587 -0.19677587 -0.19677587 -0.19677587
 -0.19677587  2.05053481 -0.19677587 -0.19677587 -0.19677587  5.59848099
 -0.19677587 -0.19677587 -0.19677587 -0.19677587 -0.19677587 -0.19677587
 -0.19677587 -0.19677587 -0.19677587 -0.19677587 -0.19677587 -0.19677587
 -0.19677587 -0.19677587 -0.19677587 -0.19677587 -0.19677587 -0.19677587
 -0.19677587 -0.19677587 -0.19677587 -0.19677587 -0.19677587  5.7733935
 -0.19677587  1.32915691 -0.19677587 -0.19677587 -0.19677587 -0.19677587
 -0.19677587 -0.19677587 -0.19677587 -0.19677587 -0.19677587 -0.19677587
 -0.19677587 -0.19677587 -0.19677587 -0.19677587 -0.19677587 -0.19677587
 -0.19677587 -0.19677587 -0.19677587 -0.19677587 -0.19677587 -0.19677587
 -0.19677587 -0.19677587 -0.19677587 -0.19677587 -0.19677587 -0.19677587
 -0.19677587 -0.19677587 -0.19677587 -0.19677587 -0.19677587 -0.19677587
 -0.19677587 -0.19677587 -0.19677587 -0.19677587 -0.19677587 -0.19677587
 -0.19677587 -0.19677587 -0.19677587 -0.19677587 -0.19677587 -0.19677587
 -0.19677587 -0.19677587 -0.19677587 -0.19677587 -0.19677587 -0.19677587
 -0.19677587 -0.19677587 -0.19677587 -0.19677587 -0.19677587 -0.19677587
 -0.19677587 -0.19677587 -0.19677587 -0.19677587 -0.19677587 -0.19677587
 -0.19677587 -0.19677587 -0.19677587 -0.19677587 -0.19677587 -0.19677587
 -0.19677587 -0.19677587 -0.19677587 -0.19677587 -0.19677587 -0.19677587
 -0.19677587 -0.19677587 -0.19677587 -0.19677587 -0.19677587 -0.19677587
 -0.19677587 -0.19677587 -0.19677587 -0.19677587 -0.19677587 -0.19677587
 -0.19677587 -0.19677587 -0.19677587 -0.19677587 -0.19677587 -0.19677587
 -0.19677587 -0.19677587 -0.19677587 -0.19677587 -0.19677587 -0.19677587
 -0.19677587 -0.19677587 -0.19677587 -0.19677587 -0.19677587 -0.19677587
 -0.19677587 -0.19677587 -0.19677587 -0.19677587  7.70177777 -0.19677587
 -0.19677587 -0.19677587 -0.19677587 -0.19677587 -0.19677587 -0.19677587
 -0.19677587 -0.19677587 -0.19677587 -0.19677587 -0.19677587 -0.19677587
 -0.19677587 -0.19677587 -0.19677587 -0.19677587 -0.19677587 -0.19677587
 -0.19677587 -0.19677587 -0.19677587 -0.19677587 -0.19677587 -0.19677587
 -0.19677587 -0.19677587 -0.19677587 -0.19677587 -0.19677587 -0.19677587
 -0.19677587 -0.19677587 -0.19677587 -0.19677587 -0.19677587 -0.19677587
 -0.19677587 -0.19677587  3.79945891 -0.19677587 -0.19677587 -0.19677587
  5.05656755 -0.19677587 -0.19677587 -0.19677587 -0.19677587 -0.19677587
 -0.19677587 -0.19677587 -0.19677587 -0.19677587 -0.19677587 -0.19677587
 -0.19677587 -0.19677587 -0.19677587 -0.19677587 -0.19677587 -0.19677587
 -0.19677587  2.67419692 -0.19677587 -0.19677587 -0.19677587 -0.19677587
 -0.19677587 -0.19677587 -0.19677587 -0.19677587 -0.19677587 -0.19677587
 -0.19677587 -0.19677587 -0.19677587 -0.19677587 -0.19677587 -0.19677587
 -0.19677587 -0.19677587 -0.19677587 -0.19677587 -0.19677587 -0.19677587
 -0.19677587 -0.19677587 -0.19677587 -0.19677587 -0.19677587 -0.19677587
 -0.19677587 -0.19677587  6.01653812 -0.19677587]",[0.0006479633482329439]
10,"[-0.16834971 -0.16834971 -0.16834971 -0.16834971 -0.16834971 -0.16834971
 -0.16834971 -0.16834971 -0.16834971 -0.16834971 -0.16834971 -0.16834971
 -0.16834971 -0.16834971 -0.16834971 -0.16834971 -0.16834971 -0.16834971
  4.43218663 -0.16834971 -0.16834971 -0.16834971 -0.16834971 -0.16834971
 -0.16834971 -0.16834971 -0.16834971  0.59463405 -0.16834971 -0.16834971
 -0.16834971 -0.16834971 -0.16834971 -0.16834971 -0.16834971 -0.16834971
 -0.16834971 -0.16834971 -0.16834971 -0.16834971 -0.16834971 -0.16834971
 -0.16834971 -0.16834971 -0.16834971 -0.16834971 -0.16834971 -0.16834971
 -0.16834971 -0.16834971 -0.16834971 -0.16834971 -0.16834971 -0.16834971
 -0.16834971 -0.16834971 -0.16834971 -0.16834971  5.88191474 -0.16834971
 -0.16834971 -0.16834971 -0.16834971 -0.16834971 -0.16834971 -0.16834971
 -0.16834971 -0.16834971 -0.16834971 -0.16834971 -0.16834971 -0.16834971
 -0.16834971 -0.16834971 -0.16834971 -0.16834971 -0.16834971 -0.16834971
 -0.16834971 -0.16834971 -0.16834971 -0.16834971 -0.16834971 10.08388489
 -0.16834971 -0.16834971 -0.16834971 -0.16834971  3.12243731 -0.16834971
 -0.16834971 -0.16834971 -0.16834971 -0.16834971 -0.16834971 -0.16834971
 -0.16834971 -0.16834971 -0.16834971 -0.16834971 -0.16834971 -0.16834971
 -0.16834971 -0.16834971 -0.16834971 -0.16834971 -0.16834971 -0.16834971
 -0.16834971 -0.16834971  1.12466309 -0.16834971 -0.16834971 -0.16834971
 -0.16834971 -0.16834971  0.76857533 -0.16834971 -0.16834971 -0.16834971
 -0.16834971 -0.16834971 -0.16834971 -0.16834971 -0.16834971 -0.16834971
 -0.16834971 -0.16834971 -0.16834971 -0.16834971 -0.16834971 -0.16834971
 -0.16834971 -0.16834971 -0.16834971 -0.16834971 -0.16834971 -0.16834971
 -0.16834971 -0.16834971 -0.16834971 -0.16834971 -0.16834971 -0.16834971
 -0.16834971 -0.16834971 -0.16834971 -0.16834971 -0.16834971 -0.16834971
 -0.16834971 -0.16834971 -0.16834971 -0.16834971 -0.16834971 -0.16834971
 -0.16834971 -0.16834971 -0.16834971 -0.16834971 -0.16834971 -0.16834971
 -0.16834971 -0.16834971 -0.16834971 -0.16834971 -0.16834971 -0.16834971
 -0.16834971 -0.16834971 -0.16834971 -0.16834971 -0.16834971  5.57062874
 -0.16834971 -0.16834971 -0.16834971 -0.16834971 -0.16834971 -0.16834971
 -0.16834971 -0.16834971 -0.16834971 -0.16834971 -0.16834971 -0.16834971
 -0.16834971 -0.16834971 -0.16834971 -0.16834971 -0.16834971 -0.16834971
 -0.16834971 -0.16834971 -0.16834971 -0.16834971 -0.16834971 -0.16834971
  5.16136764 -0.16834971  4.50248016 -0.16834971 -0.16834971 -0.16834971
 -0.16834971 -0.16834971 -0.16834971 -0.16834971 -0.16834971 -0.16834971
  6.73241697 -0.16834971 -0.16834971 -0.16834971 -0.16834971  2.13451754
 -0.16834971 -0.16834971 -0.16834971 -0.16834971 -0.16834971 -0.16834971
 -0.16834971 -0.16834971 -0.16834971 -0.16834971 -0.16834971 -0.16834971
 -0.16834971 -0.16834971 -0.16834971 -0.16834971 -0.16834971 -0.16834971
 -0.16834971 -0.16834971 -0.16834971 -0.16834971 -0.16834971 -0.16834971
  0.2735458  -0.16834971 -0.16834971 -0.16834971 -0.16834971 -0.16834971
 -0.16834971 -0.16834971 -0.16834971 -0.16834971 -0.16834971 -0.16834971
 -0.16834971 -0.16834971 -0.16834971 -0.16834971 -0.16834971 -0.16834971
 -0.16834971 -0.16834971 -0.16834971  2.07929319 -0.16834971 -0.16834971
 -0.16834971 -0.16834971 -0.16834971 -0.16834971 -0.16834971 -0.16834971
 -0.16834971 -0.16834971 -0.16834971 -0.16834971 -0.16834971 -0.16834971
 -0.16834971 -0.16834971 -0.16834971 -0.16834971 -0.16834971 -0.16834971
 -0.16834971 -0.16834971 -0.16834971 -0.16834971 -0.16834971  1.68318787
 -0.16834971 -0.16834971 -0.16834971 -0.16834971 -0.16834971 -0.16834971
 -0.16834971 -0.16834971 -0.16834971 -0.16834971 -0.16834971 -0.16834971
 -0.16834971 -0.16834971 -0.16834971 -0.16834971 -0.16834971 -0.16834971
 -0.16834971 -0.16834971 -0.16834971 -0.16834971 -0.16834971  8.19517748
 -0.16834971 -0.16834971 -0.16834971 -0.16834971 -0.16834971 -0.16834971
 -0.16834971 -0.16834971 -0.16834971 -0.16834971 -0.16834971 -0.16834971
 -0.16834971 -0.16834971 -0.16834971 -0.16834971 -0.16834971 -0.16834971
 -0.16834971 -0.16834971 -0.16834971 -0.16834971 -0.16834971 -0.16834971
 -0.16834971 -0.16834971 -0.16834971 -0.16834971 -0.16834971 -0.16834971
 -0.16834971 -0.16834971 -0.16834971 -0.16834971 -0.16834971 -0.16834971
 -0.16834971 -0.16834971 -0.16834971 -0.16834971 -0.16834971 -0.16834971
 -0.16834971 -0.16834971 -0.16834971 -0.16834971 -0.16834971 -0.16834971
 -0.16834971 -0.16834971 -0.16834971 -0.16834971 -0.16834971 -0.16834971
 -0.16834971 -0.16834971 -0.16834971 -0.16834971 -0.16834971 -0.16834971
 -0.16834971 -0.16834971 -0.16834971 -0.16834971 -0.16834971 -0.16834971
 -0.16834971 -0.16834971 -0.16834971 -0.16834971 -0.16834971 -0.16834971
 -0.16834971 -0.16834971 -0.16834971 -0.16834971 -0.16834971 -0.16834971
 -0.16834971 -0.16834971 -0.16834971 -0.16834971 -0.16834971 -0.16834971
 -0.16834971 -0.16834971 -0.16834971 -0.16834971 -0.16834971 -0.16834971
 -0.16834971 -0.16834971 -0.16834971 -0.16834971 -0.16834971 -0.16834971
 -0.16834971 -0.16834971 -0.16834971 -0.16834971 -0.16834971 -0.16834971
 -0.16834971 -0.16834971 -0.16834971 -0.16834971 -0.16834971 -0.16834971
 -0.16834971 -0.16834971 -0.16834971 -0.16834971 -0.16834971 -0.16834971
 -0.16834971 -0.16834971 -0.16834971 -0.16834971 -0.16834971 -0.16834971
 -0.16834971 -0.16834971 -0.16834971 -0.16834971 -0.16834971 -0.16834971
 -0.16834971 -0.16834971 -0.16834971 -0.16834971 -0.16834971 -0.16834971
 -0.16834971 -0.16834971 -0.16834971 -0.16834971 -0.16834971 -0.16834971
 -0.16834971 -0.16834971 -0.16834971 -0.16834971 -0.16834971 -0.16834971
 -0.16834971 -0.16834971 -0.16834971 -0.16834971 -0.16834971 -0.16834971
 -0.16834971 -0.16834971  8.0634656  -0.16834971 -0.16834971 -0.16834971
 -0.16834971 -0.16834971 -0.16834971 -0.16834971 -0.16834971 -0.16834971
 -0.16834971 -0.16834971 -0.16834971 -0.16834971 -0.16834971 -0.16834971
 -0.16834971 -0.16834971 -0.16834971 -0.16834971 -0.16834971  5.84627225
 -0.16834971  5.56392762 -0.16834971 -0.16834971 -0.16834971 -0.16834971
 -0.16834971 -0.16834971 -0.16834971 -0.16834971 -0.16834971  2.36027809
 -0.16834971 -0.16834971 -0.16834971 -0.16834971 -0.16834971 -0.16834971
 -0.16834971 -0.16834971 -0.16834971 -0.16834971 -0.16834971 -0.16834971
 -0.16834971 -0.16834971 -0.16834971 -0.16834971 -0.16834971 -0.16834971
 -0.16834971 -0.16834971 -0.16834971 -0.16834971]",[-0.00978919994683658]
10,"[-0.26069991 -0.26069991 -0.26069991 -0.26069991 -0.26069991 -0.26069991
 -0.26069991 -0.26069991 -0.26069991 -0.26069991 -0.26069991 -0.26069991
 -0.26069991 -0.26069991 -0.26069991 -0.26069991 -0.26069991 -0.26069991
 -0.26069991 -0.26069991 -0.26069991 -0.26069991 -0.26069991 -0.26069991
 -0.26069991 -0.26069991 -0.26069991 -0.26069991 -0.26069991 -0.26069991
 -0.26069991 -0.26069991 -0.26069991 -0.26069991 -0.26069991 -0.26069991
 -0.26069991 -0.26069991 -0.26069991 -0.26069991 -0.26069991 -0.26069991
 -0.26069991 -0.26069991 -0.26069991 -0.26069991 -0.26069991 -0.26069991
 -0.26069991 -0.26069991 -0.26069991 -0.26069991 -0.26069991 -0.26069991
 -0.26069991 -0.26069991 -0.26069991 -0.26069991  0.74692797 -0.26069991
 -0.26069991 -0.26069991 -0.26069991 -0.26069991 -0.26069991 -0.26069991
 -0.26069991 -0.26069991 -0.26069991 -0.26069991 -0.26069991 -0.26069991
 -0.26069991 -0.26069991 -0.26069991 -0.26069991 -0.26069991 -0.26069991
 -0.26069991 -0.26069991 -0.26069991 -0.26069991 -0.26069991  6.69104446
 -0.26069991 -0.26069991 -0.26069991 -0.26069991 -0.26069991  3.8061622
 -0.26069991 -0.26069991  1.76619606 -0.26069991 -0.26069991 -0.26069991
 -0.26069991 -0.26069991 -0.26069991 -0.26069991 -0.26069991 -0.26069991
 -0.26069991 -0.26069991 -0.26069991 -0.26069991  0.0369149  -0.26069991
 -0.26069991 -0.26069991  5.60840302 -0.26069991 -0.26069991 -0.26069991
  2.03814856 -0.26069991  0.99981975 -0.26069991 -0.26069991 -0.26069991
 -0.26069991 -0.26069991 -0.26069991 -0.26069991  1.21685702 -0.26069991
 -0.26069991 -0.26069991 -0.26069991 -0.26069991 -0.26069991 -0.26069991
 -0.26069991 -0.26069991 -0.26069991 -0.26069991 -0.26069991 -0.26069991
 -0.26069991 -0.26069991 -0.26069991 -0.26069991 -0.26069991 -0.26069991
 -0.26069991 -0.26069991 -0.26069991 -0.26069991 -0.26069991 -0.26069991
 -0.26069991 -0.26069991 -0.26069991 -0.26069991 -0.26069991 -0.26069991
 -0.26069991 -0.26069991 -0.26069991 -0.26069991 -0.26069991 -0.26069991
 -0.26069991  2.76528841 -0.26069991 -0.26069991 -0.26069991 -0.26069991
 -0.26069991 -0.26069991 -0.26069991 -0.26069991 -0.26069991 -0.26069991
 -0.26069991 -0.26069991 -0.26069991 -0.26069991 -0.26069991 -0.26069991
 -0.26069991 -0.26069991 -0.26069991 -0.26069991 -0.26069991 -0.26069991
 -0.26069991 -0.26069991 -0.26069991 -0.26069991 -0.26069991 -0.26069991
 -0.26069991 -0.26069991 -0.26069991 -0.26069991 -0.26069991 -0.26069991
 -0.26069991 -0.26069991 -0.26069991 -0.26069991 -0.26069991  4.53359784
 -0.26069991 -0.26069991 -0.26069991 -0.26069991 -0.26069991  4.58453891
  4.60619654 -0.26069991  0.4232965  -0.26069991 -0.26069991  2.77531371
 -0.26069991 -0.26069991 -0.26069991 -0.26069991 -0.26069991 -0.26069991
 -0.26069991 -0.26069991 -0.26069991 -0.26069991 -0.26069991 -0.26069991
 -0.26069991 -0.26069991 -0.26069991 -0.26069991 -0.26069991 -0.26069991
 -0.26069991  3.25453662 -0.26069991  2.67868019  3.43589204 -0.26069991
  3.96849748  0.67362368  2.11524463 -0.26069991 -0.26069991 -0.26069991
 -0.26069991 -0.26069991 -0.26069991 -0.26069991 -0.26069991 -0.26069991
 -0.26069991 -0.26069991 -0.26069991  4.40233859 -0.26069991 -0.26069991
 -0.26069991 -0.26069991  2.50133995  2.31207108 -0.26069991  0.05885964
 -0.26069991 -0.26069991 -0.26069991 -0.26069991  2.2032603  -0.26069991
  0.46443755 -0.26069991  3.71388652 -0.26069991  3.58485474 -0.26069991
 -0.26069991 -0.26069991 -0.26069991  3.07699028  3.95572746 -0.26069991
 -0.26069991  1.56405772 -0.26069991 -0.26069991 -0.26069991  4.59080605
 -0.26069991 -0.26069991 -0.26069991 -0.26069991  1.88088457  1.99189255
 -0.26069991  6.1886117  -0.26069991 -0.26069991 -0.26069991 -0.26069991
 -0.26069991 -0.26069991 -0.26069991 -0.26069991 -0.26069991 -0.26069991
  3.95855081 -0.26069991 -0.26069991 -0.26069991 -0.26069991  4.51923891
 -0.26069991  0.15016963 -0.26069991 -0.26069991 -0.26069991 -0.26069991
 -0.26069991 -0.26069991 -0.26069991 -0.26069991 -0.26069991 -0.26069991
 -0.26069991 -0.26069991 -0.26069991 -0.26069991 -0.26069991 -0.26069991
 -0.26069991 -0.26069991 -0.26069991 -0.26069991 -0.26069991 -0.26069991
 -0.26069991 -0.26069991 -0.26069991 -0.26069991 -0.26069991 -0.26069991
 -0.26069991 -0.26069991 -0.26069991 -0.26069991 -0.26069991 -0.26069991
 -0.26069991 -0.26069991 -0.26069991 -0.26069991 -0.26069991 -0.26069991
 -0.26069991 -0.26069991 -0.26069991 -0.26069991 -0.26069991 -0.26069991
 -0.26069991 -0.26069991 -0.26069991 -0.26069991 -0.26069991 -0.26069991
 -0.26069991 -0.26069991 -0.26069991 -0.26069991 -0.26069991 -0.26069991
 -0.26069991 -0.26069991 -0.26069991 -0.26069991 -0.26069991 -0.26069991
 -0.26069991 -0.26069991 -0.26069991 -0.26069991 -0.26069991 -0.26069991
 -0.26069991 -0.26069991 -0.26069991 -0.26069991 -0.26069991 -0.26069991
 -0.26069991 -0.26069991 -0.26069991 -0.26069991 -0.26069991 -0.26069991
 -0.26069991 -0.26069991 -0.26069991 -0.26069991 -0.26069991 -0.26069991
 -0.26069991 -0.26069991 -0.26069991 -0.26069991 -0.26069991 -0.26069991
 -0.26069991 -0.26069991 -0.26069991 -0.26069991 -0.26069991 -0.26069991
 -0.26069991 -0.26069991 -0.26069991 -0.26069991 -0.26069991 -0.26069991
 -0.26069991 -0.26069991 -0.26069991 -0.26069991 -0.26069991 -0.26069991
 -0.26069991 -0.26069991 -0.26069991 -0.26069991 -0.26069991 -0.26069991
 -0.26069991 -0.26069991 -0.26069991 -0.26069991 -0.26069991 -0.26069991
 -0.26069991 -0.26069991 -0.26069991 -0.26069991 -0.26069991 -0.26069991
 -0.26069991 -0.26069991 -0.26069991 -0.26069991 -0.26069991 -0.26069991
  0.7975311  -0.26069991 -0.26069991 -0.26069991 -0.26069991 -0.26069991
 -0.26069991 -0.26069991 -0.26069991 -0.26069991 -0.26069991 -0.26069991
 -0.26069991 -0.26069991  3.68473251 -0.26069991  4.67254208 -0.26069991
 -0.26069991 -0.26069991 -0.26069991 -0.26069991 -0.26069991 -0.26069991
 -0.26069991 -0.26069991 -0.26069991 -0.26069991 -0.26069991 -0.26069991
 -0.26069991 -0.26069991 -0.26069991 -0.26069991 -0.26069991 -0.26069991
 -0.26069991  5.3558939  -0.26069991 -0.26069991 -0.26069991 -0.26069991
 -0.26069991 -0.26069991 -0.26069991 -0.26069991 -0.26069991 -0.26069991
 -0.26069991 -0.26069991 -0.26069991 -0.26069991 -0.26069991 -0.26069991
 -0.26069991 -0.26069991 -0.26069991 -0.26069991 -0.26069991 -0.26069991
 -0.26069991 -0.26069991 -0.26069991 -0.26069991 -0.26069991 -0.26069991
 -0.26069991 -0.26069991 -0.26069991 -0.26069991]",[0.02018572518463263]
10,"[-0.18336984 -0.18336984 -0.18336984 -0.18336984 -0.18336984 -0.18336984
 -0.18336984 -0.18336984 -0.18336984 -0.18336984 -0.18336984 -0.18336984
 -0.18336984 -0.18336984 -0.18336984 -0.18336984 -0.18336984 -0.18336984
 -0.18336984 -0.18336984 -0.18336984 -0.18336984 -0.18336984 -0.18336984
 -0.18336984 -0.18336984 -0.18336984 -0.18336984 -0.18336984 -0.18336984
 -0.18336984 -0.18336984 -0.18336984 -0.18336984 -0.18336984 -0.18336984
 -0.18336984 -0.18336984 -0.18336984 -0.18336984 -0.18336984 -0.18336984
 -0.18336984 -0.18336984 -0.18336984 -0.18336984 -0.18336984 -0.18336984
 -0.18336984 -0.18336984 -0.18336984 -0.18336984 -0.18336984 -0.18336984
 -0.18336984 -0.18336984 -0.18336984 -0.18336984 -0.18336984 -0.18336984
 -0.18336984 -0.18336984 -0.18336984 -0.18336984 -0.18336984 -0.18336984
 -0.18336984 -0.18336984 -0.18336984 -0.18336984 -0.18336984 -0.18336984
 -0.18336984 -0.18336984 -0.18336984 -0.18336984 -0.18336984 -0.18336984
 -0.18336984 -0.18336984 -0.18336984 -0.18336984 -0.18336984  8.49593338
 -0.18336984 -0.18336984 -0.18336984 -0.18336984 -0.18336984 -0.18336984
 -0.18336984 -0.18336984 -0.18336984 -0.18336984 -0.18336984 -0.18336984
 -0.18336984 -0.18336984 -0.18336984 -0.18336984 -0.18336984 -0.18336984
 -0.18336984 -0.18336984 -0.18336984 -0.18336984 -0.18336984 -0.18336984
 -0.18336984 -0.18336984  7.58610838 -0.18336984 -0.18336984 -0.18336984
 -0.18336984 -0.18336984 -0.18336984 -0.18336984 -0.18336984 -0.18336984
 -0.18336984 -0.18336984 -0.18336984 -0.18336984 -0.18336984 -0.18336984
 -0.18336984 -0.18336984 -0.18336984 -0.18336984 -0.18336984 -0.18336984
 -0.18336984 -0.18336984 -0.18336984 -0.18336984 -0.18336984 -0.18336984
 -0.18336984 -0.18336984 -0.18336984 -0.18336984 -0.18336984 -0.18336984
 -0.18336984 -0.18336984 -0.18336984 -0.18336984 -0.18336984 -0.18336984
 -0.18336984 -0.18336984 -0.18336984 -0.18336984 -0.18336984 -0.18336984
 -0.18336984 -0.18336984 -0.18336984 -0.18336984 -0.18336984 -0.18336984
 -0.18336984 -0.18336984 -0.18336984 -0.18336984 -0.18336984 -0.18336984
 -0.18336984 -0.18336984 -0.18336984 -0.18336984 -0.18336984 -0.18336984
 -0.18336984 -0.18336984 -0.18336984 -0.18336984 -0.18336984 -0.18336984
 -0.18336984 -0.18336984 -0.18336984 -0.18336984 -0.18336984 -0.18336984
 -0.18336984 -0.18336984 -0.18336984 -0.18336984 -0.18336984 -0.18336984
 -0.18336984 -0.18336984 -0.18336984 -0.18336984 -0.18336984 -0.18336984
 -0.18336984 -0.18336984 -0.18336984 -0.18336984 -0.18336984  0.82724634
 -0.18336984 -0.18336984 -0.18336984 -0.18336984 -0.18336984 -0.18336984
 -0.18336984 -0.18336984 -0.18336984 -0.18336984 -0.18336984  1.83033887
 -0.18336984 -0.18336984 -0.18336984 -0.18336984 -0.18336984 -0.18336984
 -0.18336984 -0.18336984 -0.18336984 -0.18336984 -0.18336984 -0.18336984
 -0.18336984 -0.18336984 -0.18336984 -0.18336984 -0.18336984 -0.18336984
 -0.18336984  2.55654881 -0.18336984  2.52835537  1.12207213 -0.18336984
  3.58496587 -0.18336984 -0.18336984  1.09120402 -0.18336984 -0.18336984
 -0.18336984 -0.18336984 -0.18336984 -0.18336984 -0.18336984 -0.18336984
 -0.18336984 -0.18336984 -0.18336984  2.30175085  1.44457807 -0.18336984
 -0.18336984 -0.18336984 -0.18336984  1.44457807 -0.18336984  1.17432787
 -0.18336984 -0.18336984 -0.18336984 -0.18336984  1.68150238 -0.18336984
 -0.18336984 -0.18336984  6.44020391 -0.18336984  2.86124315 -0.18336984
 -0.18336984 -0.18336984 -0.18336984 -0.18336984 -0.18336984 -0.18336984
 -0.18336984  1.38117594 -0.18336984 -0.18336984 -0.18336984  3.77294438
  3.05770843 -0.18336984 -0.18336984 -0.18336984 -0.18336984 -0.18336984
 -0.18336984 -0.18336984 -0.18336984 -0.18336984 -0.18336984 -0.18336984
 -0.18336984 -0.18336984 -0.18336984 -0.18336984 -0.18336984 -0.18336984
  9.5201885  -0.18336984 -0.18336984 -0.18336984 -0.18336984  4.24981237
 -0.18336984 -0.18336984 -0.18336984 -0.18336984 -0.18336984 -0.18336984
 -0.18336984 -0.18336984 -0.18336984 -0.18336984 -0.18336984 -0.18336984
 -0.18336984 -0.18336984 -0.18336984 -0.18336984 -0.18336984 -0.18336984
 -0.18336984 -0.18336984 -0.18336984 -0.18336984 -0.18336984 -0.18336984
 -0.18336984 -0.18336984 -0.18336984 -0.18336984 -0.18336984 -0.18336984
 -0.18336984 -0.18336984 -0.18336984 -0.18336984 -0.18336984 -0.18336984
 -0.18336984 -0.18336984 -0.18336984 -0.18336984 -0.18336984 -0.18336984
 -0.18336984 -0.18336984 -0.18336984 -0.18336984 -0.18336984 -0.18336984
 -0.18336984 -0.18336984 -0.18336984 -0.18336984 -0.18336984 -0.18336984
 -0.18336984 -0.18336984 -0.18336984 -0.18336984 -0.18336984 -0.18336984
 -0.18336984 -0.18336984 -0.18336984 -0.18336984 -0.18336984 -0.18336984
 -0.18336984 -0.18336984 -0.18336984 -0.18336984 -0.18336984 -0.18336984
 -0.18336984 -0.18336984 -0.18336984  3.46392569 -0.18336984 -0.18336984
 -0.18336984 -0.18336984 -0.18336984 -0.18336984 -0.18336984 -0.18336984
 -0.18336984 -0.18336984 -0.18336984 -0.18336984 -0.18336984 -0.18336984
 -0.18336984 -0.18336984 -0.18336984 -0.18336984 -0.18336984 -0.18336984
 -0.18336984 -0.18336984 -0.18336984 -0.18336984 -0.18336984 -0.18336984
 -0.18336984 -0.18336984 -0.18336984 -0.18336984 -0.18336984 -0.18336984
 -0.18336984 -0.18336984 -0.18336984 -0.18336984  8.19481373 -0.18336984
 -0.18336984 -0.18336984 -0.18336984 -0.18336984 -0.18336984 -0.18336984
 -0.18336984 -0.18336984 -0.18336984 -0.18336984 -0.18336984 -0.18336984
 -0.18336984 -0.18336984 -0.18336984 -0.18336984 -0.18336984 -0.18336984
 -0.18336984 -0.18336984 -0.18336984 -0.18336984 -0.18336984 -0.18336984
 -0.18336984 -0.18336984 -0.18336984 -0.18336984 -0.18336984 -0.18336984
 -0.18336984 -0.18336984 -0.18336984 -0.18336984 -0.18336984 -0.18336984
 -0.18336984 -0.18336984  2.51883529 -0.18336984 -0.18336984 -0.18336984
  7.63770765 -0.18336984 -0.18336984 -0.18336984 -0.18336984 -0.18336984
 -0.18336984 -0.18336984 -0.18336984 -0.18336984 -0.18336984 -0.18336984
 -0.18336984 -0.18336984 -0.18336984 -0.18336984 -0.18336984 -0.18336984
 -0.18336984 -0.18336984 -0.18336984 -0.18336984 -0.18336984 -0.18336984
 -0.18336984 -0.18336984 -0.18336984 -0.18336984 -0.18336984 -0.18336984
 -0.18336984 -0.18336984 -0.18336984 -0.18336984 -0.18336984 -0.18336984
 -0.18336984 -0.18336984 -0.18336984 -0.18336984 -0.18336984 -0.18336984
 -0.18336984 -0.18336984 -0.18336984 -0.18336984 -0.18336984 -0.18336984
 -0.18336984 -0.18336984 -0.18336984 -0.18336984]",[-0.055887525217643896]
10,"[-0.2522053  -0.2522053  -0.2522053  -0.2522053  -0.2522053  -0.2522053
 -0.2522053  -0.2522053  -0.2522053  -0.2522053  -0.2522053  -0.2522053
 -0.2522053  -0.2522053  -0.2522053  -0.2522053  -0.2522053  -0.2522053
 -0.2522053  -0.2522053  -0.2522053  -0.2522053  -0.2522053  -0.2522053
 -0.2522053  -0.2522053  -0.2522053  -0.2522053  -0.2522053  -0.2522053
 -0.2522053  -0.2522053  -0.2522053  -0.2522053  -0.2522053  -0.2522053
 -0.2522053  -0.2522053  -0.2522053  -0.2522053  -0.2522053  -0.2522053
 -0.2522053  -0.2522053  -0.2522053  -0.2522053  -0.2522053  -0.2522053
 -0.2522053  -0.2522053  -0.2522053  -0.2522053  -0.2522053  -0.2522053
 -0.2522053  -0.2522053  -0.2522053  -0.2522053   0.51343409 -0.2522053
 -0.2522053  -0.2522053  -0.2522053  -0.2522053  -0.2522053  -0.2522053
 -0.2522053  -0.2522053  -0.2522053  -0.2522053  -0.2522053  -0.2522053
 -0.2522053  -0.2522053  -0.2522053  -0.2522053  -0.2522053  -0.2522053
 -0.2522053  -0.2522053  -0.2522053  -0.2522053  -0.2522053   5.41974674
 -0.2522053  -0.2522053  -0.2522053  -0.2522053  -0.2522053   3.9642798
 -0.2522053  -0.2522053  -0.2522053  -0.2522053  -0.2522053  -0.2522053
 -0.2522053  -0.2522053  -0.2522053  -0.2522053  -0.2522053  -0.2522053
 -0.2522053  -0.2522053  -0.2522053  -0.2522053  -0.2522053  -0.2522053
 -0.2522053  -0.2522053   6.2810828  -0.2522053  -0.2522053  -0.2522053
 -0.2522053  -0.2522053   5.13724125 -0.2522053  -0.2522053  -0.2522053
 -0.2522053  -0.2522053  -0.2522053   0.15579321  3.83319744 -0.2522053
 -0.2522053  -0.2522053  -0.2522053  -0.2522053  -0.2522053  -0.2522053
 -0.2522053  -0.2522053  -0.2522053  -0.2522053  -0.2522053  -0.2522053
 -0.2522053  -0.2522053  -0.2522053  -0.2522053  -0.2522053  -0.2522053
 -0.2522053  -0.2522053  -0.2522053  -0.2522053  -0.2522053  -0.2522053
 -0.2522053  -0.2522053  -0.2522053  -0.2522053  -0.2522053  -0.2522053
 -0.2522053  -0.2522053  -0.2522053  -0.2522053  -0.2522053  -0.2522053
 -0.2522053   0.47334453 -0.2522053  -0.2522053  -0.2522053  -0.2522053
 -0.2522053  -0.2522053  -0.2522053  -0.2522053  -0.2522053  -0.2522053
 -0.2522053  -0.2522053  -0.2522053  -0.2522053  -0.2522053  -0.2522053
 -0.2522053  -0.2522053  -0.2522053  -0.2522053  -0.2522053  -0.2522053
 -0.2522053  -0.2522053  -0.2522053  -0.2522053  -0.2522053  -0.2522053
 -0.2522053  -0.2522053  -0.2522053  -0.2522053  -0.2522053  -0.2522053
 -0.2522053  -0.2522053  -0.2522053  -0.2522053  -0.2522053  -0.2522053
 -0.2522053  -0.2522053  -0.2522053  -0.2522053  -0.2522053  -0.2522053
  2.8419094  -0.2522053  -0.2522053  -0.2522053  -0.2522053   3.10108778
 -0.2522053  -0.2522053  -0.2522053  -0.2522053  -0.2522053  -0.2522053
 -0.2522053   0.18458048 -0.2522053  -0.2522053  -0.2522053  -0.2522053
 -0.2522053  -0.2522053  -0.2522053  -0.2522053  -0.2522053  -0.2522053
 -0.2522053   3.30932332 -0.2522053   4.35494009  3.42373607 -0.2522053
  2.996125   -0.2522053   1.68939293  2.05828566 -0.2522053  -0.2522053
 -0.2522053  -0.2522053  -0.2522053  -0.2522053  -0.2522053  -0.2522053
 -0.2522053  -0.2522053  -0.2522053   7.00764443  1.31981102 -0.2522053
 -0.2522053  -0.2522053   4.89977762  2.91060511 -0.2522053   0.54557489
 -0.2522053  -0.2522053  -0.2522053   2.12704963  2.19810324 -0.2522053
 -0.2522053  -0.2522053   5.28034106 -0.2522053   3.39231609  5.49199398
 -0.2522053   2.51803927 -0.2522053  -0.2522053   3.58180639 -0.2522053
  1.58502487  1.49053112 -0.2522053  -0.2522053  -0.2522053   4.86368949
 -0.2522053  -0.2522053  -0.2522053  -0.2522053  -0.2522053   1.63284013
 -0.2522053  -0.2522053  -0.2522053  -0.2522053  -0.2522053  -0.2522053
 -0.2522053  -0.2522053  -0.2522053  -0.2522053   2.76698233 -0.2522053
 -0.2522053  -0.2522053  -0.2522053  -0.2522053  -0.2522053   1.88526991
 -0.2522053  -0.2522053  -0.2522053  -0.2522053  -0.2522053  -0.2522053
 -0.2522053  -0.2522053  -0.2522053  -0.2522053  -0.2522053  -0.2522053
 -0.2522053  -0.2522053  -0.2522053  -0.2522053  -0.2522053  -0.2522053
 -0.2522053  -0.2522053  -0.2522053  -0.2522053  -0.2522053  -0.2522053
 -0.2522053  -0.2522053  -0.2522053  -0.2522053  -0.2522053  -0.2522053
 -0.2522053  -0.2522053  -0.2522053  -0.2522053  -0.2522053  -0.2522053
 -0.2522053  -0.2522053  -0.2522053  -0.2522053  -0.2522053  -0.2522053
 -0.2522053  -0.2522053  -0.2522053  -0.2522053  -0.2522053  -0.2522053
 -0.2522053  -0.2522053  -0.2522053  -0.2522053  -0.2522053  -0.2522053
 -0.2522053  -0.2522053  -0.2522053  -0.2522053  -0.2522053  -0.2522053
 -0.2522053  -0.2522053  -0.2522053  -0.2522053  -0.2522053  -0.2522053
 -0.2522053  -0.2522053  -0.2522053  -0.2522053  -0.2522053  -0.2522053
 -0.2522053  -0.2522053  -0.2522053  -0.2522053  -0.2522053  -0.2522053
 -0.2522053  -0.2522053  -0.2522053  -0.2522053  -0.2522053  -0.2522053
 -0.2522053  -0.2522053  -0.2522053  -0.2522053  -0.2522053  -0.2522053
 -0.2522053  -0.2522053  -0.2522053  -0.2522053  -0.2522053  -0.2522053
 -0.2522053  -0.2522053  -0.2522053  -0.2522053  -0.2522053  -0.2522053
 -0.2522053  -0.2522053  -0.2522053  -0.2522053  -0.2522053  -0.2522053
 -0.2522053  -0.2522053  -0.2522053  -0.2522053  -0.2522053   5.2353226
 -0.2522053  -0.2522053  -0.2522053  -0.2522053  -0.2522053  -0.2522053
 -0.2522053  -0.2522053  -0.2522053  -0.2522053  -0.2522053  -0.2522053
 -0.2522053  -0.2522053  -0.2522053  -0.2522053  -0.2522053  -0.2522053
  3.5650397  -0.2522053  -0.2522053  -0.2522053  -0.2522053  -0.2522053
 -0.2522053  -0.2522053  -0.2522053  -0.2522053  -0.2522053  -0.2522053
 -0.2522053  -0.2522053  -0.2522053  -0.2522053  -0.2522053  -0.2522053
 -0.2522053  -0.2522053   2.16949046 -0.2522053  -0.2522053  -0.2522053
 -0.2522053  -0.2522053  -0.2522053  -0.2522053  -0.2522053  -0.2522053
 -0.2522053  -0.2522053  -0.2522053  -0.2522053  -0.2522053  -0.2522053
 -0.2522053  -0.2522053  -0.2522053  -0.2522053  -0.2522053  -0.2522053
 -0.2522053   4.3403574  -0.2522053  -0.2522053  -0.2522053  -0.2522053
 -0.2522053  -0.2522053  -0.2522053  -0.2522053  -0.2522053   0.51343409
 -0.2522053  -0.2522053  -0.2522053  -0.2522053  -0.2522053  -0.2522053
 -0.2522053  -0.2522053  -0.2522053  -0.2522053  -0.2522053  -0.2522053
 -0.2522053  -0.2522053  -0.2522053  -0.2522053  -0.2522053  -0.2522053
 -0.2522053  -0.2522053  -0.2522053  -0.2522053 ]",[-0.006290541325238652]
10,"[-1.68608854e-01 -1.68608854e-01 -1.68608854e-01 -1.68608854e-01
 -1.68608854e-01 -1.68608854e-01 -1.68608854e-01 -1.68608854e-01
 -1.68608854e-01 -1.68608854e-01 -1.68608854e-01 -1.68608854e-01
 -1.68608854e-01 -1.68608854e-01 -1.68608854e-01 -1.68608854e-01
 -1.68608854e-01 -1.68608854e-01  1.76120002e+00 -1.68608854e-01
 -1.68608854e-01 -1.68608854e-01 -1.68608854e-01 -1.68608854e-01
 -1.68608854e-01 -1.68608854e-01 -1.68608854e-01 -1.68608854e-01
 -1.68608854e-01 -1.68608854e-01 -1.68608854e-01 -1.68608854e-01
 -1.68608854e-01 -1.68608854e-01 -1.68608854e-01 -1.68608854e-01
 -1.68608854e-01 -1.68608854e-01 -1.68608854e-01 -1.68608854e-01
 -1.68608854e-01 -1.68608854e-01 -1.68608854e-01 -1.68608854e-01
 -1.68608854e-01 -1.68608854e-01 -1.68608854e-01 -1.68608854e-01
 -1.68608854e-01 -1.68608854e-01 -1.68608854e-01 -1.68608854e-01
 -1.68608854e-01 -1.68608854e-01 -1.68608854e-01 -1.68608854e-01
 -1.68608854e-01 -1.68608854e-01  4.16688346e+00 -1.68608854e-01
 -1.68608854e-01 -1.68608854e-01 -1.68608854e-01 -1.68608854e-01
 -1.68608854e-01 -1.68608854e-01 -1.68608854e-01 -1.68608854e-01
 -1.68608854e-01 -1.68608854e-01 -1.68608854e-01 -1.68608854e-01
 -1.68608854e-01 -1.68608854e-01 -1.68608854e-01 -1.68608854e-01
 -1.68608854e-01 -1.68608854e-01 -1.68608854e-01 -1.68608854e-01
 -1.68608854e-01 -1.68608854e-01 -1.68608854e-01  9.70576901e+00
 -1.68608854e-01 -1.68608854e-01 -1.68608854e-01 -1.68608854e-01
 -1.68608854e-01 -1.68608854e-01 -1.68608854e-01 -1.68608854e-01
 -1.68608854e-01 -1.68608854e-01 -1.68608854e-01 -1.68608854e-01
 -1.68608854e-01 -1.68608854e-01 -1.68608854e-01 -1.68608854e-01
 -1.68608854e-01 -1.68608854e-01 -1.68608854e-01 -1.68608854e-01
 -1.68608854e-01 -1.68608854e-01 -1.68608854e-01 -1.68608854e-01
 -1.68608854e-01 -1.68608854e-01  7.67385612e-01 -1.68608854e-01
 -1.68608854e-01 -1.68608854e-01 -1.68608854e-01 -1.68608854e-01
  9.10755814e-01 -1.68608854e-01 -1.68608854e-01 -1.68608854e-01
 -1.68608854e-01 -1.68608854e-01 -1.68608854e-01 -1.68608854e-01
 -1.68608854e-01 -1.68608854e-01 -1.68608854e-01 -1.68608854e-01
 -1.68608854e-01 -1.68608854e-01 -1.68608854e-01 -1.68608854e-01
 -1.68608854e-01 -1.68608854e-01 -1.68608854e-01 -1.68608854e-01
 -1.68608854e-01 -1.68608854e-01 -1.68608854e-01 -1.68608854e-01
 -1.68608854e-01 -1.68608854e-01 -1.68608854e-01 -1.68608854e-01
 -1.68608854e-01 -1.68608854e-01 -1.68608854e-01 -1.68608854e-01
 -1.68608854e-01 -1.68608854e-01 -1.68608854e-01 -1.68608854e-01
 -1.68608854e-01 -1.68608854e-01 -1.68608854e-01 -1.68608854e-01
 -1.68608854e-01 -1.68608854e-01 -1.68608854e-01 -1.68608854e-01
 -1.68608854e-01 -1.68608854e-01 -1.68608854e-01 -1.68608854e-01
 -1.68608854e-01 -1.68608854e-01 -1.68608854e-01 -1.68608854e-01
 -1.68608854e-01 -1.68608854e-01 -1.68608854e-01 -1.68608854e-01
 -1.68608854e-01  3.69100889e+00 -1.68608854e-01 -1.68608854e-01
 -1.68608854e-01 -1.68608854e-01 -1.68608854e-01 -1.68608854e-01
 -1.68608854e-01 -1.68608854e-01 -1.68608854e-01 -1.68608854e-01
 -1.68608854e-01 -1.68608854e-01 -1.68608854e-01 -1.68608854e-01
 -1.68608854e-01 -1.68608854e-01 -1.68608854e-01 -1.68608854e-01
 -1.68608854e-01 -1.68608854e-01 -1.68608854e-01 -1.68608854e-01
 -1.68608854e-01 -1.68608854e-01  2.97396689e+00 -1.68608854e-01
 -1.68608854e-01 -1.68608854e-01 -1.68608854e-01 -1.68608854e-01
 -1.68608854e-01 -1.68608854e-01 -1.68608854e-01 -1.68608854e-01
 -1.68608854e-01 -1.68608854e-01  4.44501451e+00 -1.68608854e-01
  3.25625338e+00 -1.68608854e-01 -1.68608854e-01  4.97639277e+00
 -1.68608854e-01 -1.68608854e-01 -1.68608854e-01 -1.68608854e-01
 -1.68608854e-01 -1.68608854e-01 -1.68608854e-01 -1.68608854e-01
 -1.68608854e-01 -1.68608854e-01 -1.68608854e-01 -1.68608854e-01
 -1.68608854e-01 -1.68608854e-01 -1.68608854e-01 -1.68608854e-01
 -1.68608854e-01 -1.68608854e-01 -1.68608854e-01 -1.10290644e-03
 -1.68608854e-01  9.26676974e-01 -1.68608854e-01 -1.68608854e-01
  3.99335037e+00 -1.68608854e-01 -1.68608854e-01 -1.68608854e-01
 -1.68608854e-01 -1.68608854e-01 -1.68608854e-01 -1.68608854e-01
 -1.68608854e-01 -1.68608854e-01 -1.68608854e-01 -1.68608854e-01
 -1.68608854e-01 -1.68608854e-01 -1.68608854e-01 -1.68608854e-01
 -1.68608854e-01 -1.68608854e-01 -1.68608854e-01 -1.68608854e-01
 -1.68608854e-01 -1.68608854e-01 -1.68608854e-01 -1.68608854e-01
 -1.68608854e-01 -1.68608854e-01 -1.68608854e-01 -1.68608854e-01
 -1.68608854e-01 -1.68608854e-01 -1.68608854e-01 -1.68608854e-01
 -1.68608854e-01 -1.68608854e-01 -1.68608854e-01 -1.68608854e-01
 -1.68608854e-01 -1.68608854e-01 -1.68608854e-01 -1.68608854e-01
 -1.68608854e-01 -1.68608854e-01 -1.68608854e-01 -1.68608854e-01
 -1.68608854e-01 -1.68608854e-01 -1.68608854e-01  4.24282267e+00
 -1.68608854e-01 -1.68608854e-01 -1.68608854e-01 -1.68608854e-01
 -1.68608854e-01 -1.68608854e-01 -1.68608854e-01 -1.68608854e-01
 -1.68608854e-01 -1.68608854e-01 -1.68608854e-01 -1.68608854e-01
 -1.68608854e-01 -1.68608854e-01 -1.68608854e-01 -1.68608854e-01
 -1.68608854e-01 -1.68608854e-01 -1.68608854e-01 -1.68608854e-01
 -1.68608854e-01 -1.68608854e-01 -1.68608854e-01  5.23769330e+00
 -1.68608854e-01  7.43970628e-01 -1.68608854e-01 -1.68608854e-01
 -1.68608854e-01 -1.68608854e-01 -1.68608854e-01 -1.68608854e-01
 -1.68608854e-01 -1.68608854e-01 -1.68608854e-01 -1.68608854e-01
 -1.68608854e-01 -1.68608854e-01 -1.68608854e-01 -1.68608854e-01
 -1.68608854e-01 -1.68608854e-01 -1.68608854e-01 -1.68608854e-01
 -1.68608854e-01 -1.68608854e-01 -1.68608854e-01 -1.68608854e-01
 -1.68608854e-01 -1.68608854e-01 -1.68608854e-01 -1.68608854e-01
 -1.68608854e-01 -1.68608854e-01 -1.68608854e-01 -1.68608854e-01
 -1.68608854e-01 -1.68608854e-01 -1.68608854e-01 -1.68608854e-01
 -1.68608854e-01 -1.68608854e-01 -1.68608854e-01 -1.68608854e-01
 -1.68608854e-01 -1.68608854e-01 -1.68608854e-01 -1.68608854e-01
  2.13634264e+00 -1.68608854e-01 -1.68608854e-01 -1.68608854e-01
 -1.68608854e-01 -1.68608854e-01 -1.68608854e-01 -1.68608854e-01
 -1.68608854e-01 -1.68608854e-01 -1.68608854e-01 -1.68608854e-01
 -1.68608854e-01 -1.68608854e-01 -1.68608854e-01 -1.68608854e-01
 -1.68608854e-01 -1.68608854e-01 -1.68608854e-01 -1.68608854e-01
 -1.68608854e-01 -1.68608854e-01 -1.68608854e-01 -1.68608854e-01
 -1.68608854e-01 -1.68608854e-01 -1.68608854e-01 -1.68608854e-01
 -1.68608854e-01 -1.68608854e-01 -1.68608854e-01 -1.68608854e-01
 -1.68608854e-01 -1.68608854e-01 -1.68608854e-01 -1.68608854e-01
 -1.68608854e-01 -1.68608854e-01 -1.68608854e-01 -1.68608854e-01
 -1.68608854e-01 -1.68608854e-01 -1.68608854e-01 -1.68608854e-01
 -1.68608854e-01 -1.68608854e-01 -1.68608854e-01 -1.68608854e-01
 -1.68608854e-01 -1.68608854e-01 -1.68608854e-01 -1.68608854e-01
 -1.68608854e-01 -1.68608854e-01 -1.68608854e-01 -1.68608854e-01
 -1.68608854e-01 -1.68608854e-01 -1.68608854e-01 -1.68608854e-01
 -1.68608854e-01 -1.68608854e-01 -1.68608854e-01 -1.68608854e-01
 -1.68608854e-01 -1.68608854e-01 -1.68608854e-01 -1.68608854e-01
 -1.68608854e-01 -1.68608854e-01 -1.68608854e-01 -1.68608854e-01
 -1.68608854e-01 -1.68608854e-01 -1.68608854e-01 -1.68608854e-01
 -1.68608854e-01 -1.68608854e-01 -1.68608854e-01 -1.68608854e-01
 -1.68608854e-01 -1.68608854e-01 -1.68608854e-01 -1.68608854e-01
 -1.68608854e-01 -1.68608854e-01 -1.68608854e-01 -1.68608854e-01
 -1.68608854e-01 -1.68608854e-01 -1.68608854e-01 -1.68608854e-01
 -1.68608854e-01 -1.68608854e-01 -1.68608854e-01 -1.68608854e-01
 -1.68608854e-01 -1.68608854e-01 -1.68608854e-01 -1.68608854e-01
 -1.68608854e-01 -1.68608854e-01 -1.68608854e-01 -1.68608854e-01
 -1.68608854e-01 -1.68608854e-01 -1.68608854e-01 -1.68608854e-01
  6.74777911e+00 -1.68608854e-01 -1.68608854e-01 -1.68608854e-01
  1.13903237e+01 -1.68608854e-01 -1.68608854e-01 -1.68608854e-01
 -1.68608854e-01 -1.68608854e-01 -1.68608854e-01 -1.68608854e-01
 -1.68608854e-01 -1.68608854e-01 -1.68608854e-01 -1.68608854e-01
 -1.68608854e-01 -1.68608854e-01 -1.68608854e-01 -1.68608854e-01
 -1.68608854e-01 -1.68608854e-01 -1.68608854e-01  7.73211223e+00
 -1.68608854e-01 -1.68608854e-01 -1.68608854e-01  1.34501090e+00
 -1.68608854e-01 -1.68608854e-01 -1.68608854e-01 -1.68608854e-01
 -1.68608854e-01 -1.68608854e-01 -1.68608854e-01 -1.68608854e-01
 -1.68608854e-01 -1.68608854e-01 -1.68608854e-01 -1.68608854e-01
  2.81759906e+00 -1.68608854e-01 -1.68608854e-01 -1.68608854e-01
 -1.68608854e-01 -1.68608854e-01 -1.68608854e-01 -1.68608854e-01
 -1.68608854e-01 -1.68608854e-01 -1.68608854e-01 -1.68608854e-01
 -1.68608854e-01 -1.68608854e-01 -1.68608854e-01 -1.68608854e-01]",[0.001097942493675036]
10,"[-0.23000635 -0.23000635 -0.23000635 -0.23000635  1.09915073 -0.23000635
 -0.23000635 -0.23000635 -0.23000635 -0.23000635 -0.23000635 -0.23000635
 -0.23000635 -0.23000635 -0.23000635 -0.23000635 -0.23000635 -0.23000635
 -0.23000635 -0.23000635 -0.23000635 -0.23000635 -0.23000635 -0.23000635
 -0.23000635 -0.23000635 -0.23000635 -0.23000635 -0.23000635 -0.23000635
 -0.23000635 -0.23000635 -0.23000635 -0.23000635 -0.23000635 -0.23000635
 -0.23000635 -0.23000635 -0.23000635 -0.23000635 -0.23000635 -0.23000635
 -0.23000635 -0.23000635 -0.23000635 -0.23000635 -0.23000635 -0.23000635
 -0.23000635 -0.23000635 -0.23000635 -0.23000635 -0.23000635 -0.23000635
 -0.23000635 -0.23000635 -0.23000635 -0.23000635 -0.23000635 -0.23000635
 -0.23000635 -0.23000635 -0.23000635 -0.23000635 -0.23000635 -0.23000635
 -0.23000635 -0.23000635 -0.23000635 -0.23000635 -0.23000635 -0.23000635
 -0.23000635 -0.23000635 -0.23000635 -0.23000635 -0.23000635 -0.23000635
 -0.23000635 -0.23000635 -0.23000635 -0.23000635 -0.23000635  7.26594082
 -0.23000635 -0.23000635 -0.23000635 -0.23000635 -0.23000635 -0.23000635
 -0.23000635 -0.23000635 -0.23000635 -0.23000635 -0.23000635 -0.23000635
 -0.23000635 -0.23000635 -0.23000635 -0.23000635 -0.23000635 -0.23000635
 -0.23000635 -0.23000635 -0.23000635 -0.23000635 -0.23000635 -0.23000635
 -0.23000635 -0.23000635  7.06699415 -0.23000635 -0.23000635 -0.23000635
 -0.23000635 -0.23000635  6.19611206 -0.23000635 -0.23000635 -0.23000635
 -0.23000635 -0.23000635 -0.23000635 -0.23000635 -0.23000635 -0.23000635
 -0.23000635 -0.23000635 -0.23000635 -0.23000635 -0.23000635 -0.23000635
 -0.23000635 -0.23000635 -0.23000635 -0.23000635 -0.23000635 -0.23000635
 -0.23000635 -0.23000635 -0.23000635 -0.23000635 -0.23000635 -0.23000635
 -0.23000635 -0.23000635 -0.23000635 -0.23000635 -0.23000635 -0.23000635
 -0.23000635 -0.23000635 -0.23000635 -0.23000635 -0.23000635 -0.23000635
 -0.23000635 -0.23000635 -0.23000635 -0.23000635 -0.23000635 -0.23000635
 -0.23000635 -0.23000635 -0.23000635 -0.23000635 -0.23000635 -0.23000635
 -0.23000635 -0.23000635 -0.23000635 -0.23000635 -0.23000635 -0.23000635
 -0.23000635 -0.23000635 -0.23000635 -0.23000635 -0.23000635 -0.23000635
 -0.23000635 -0.23000635 -0.23000635 -0.23000635 -0.23000635 -0.23000635
 -0.23000635 -0.23000635 -0.23000635 -0.23000635 -0.23000635 -0.23000635
 -0.23000635 -0.23000635 -0.23000635 -0.23000635 -0.23000635 -0.23000635
 -0.23000635 -0.23000635 -0.23000635 -0.23000635 -0.23000635 -0.23000635
 -0.23000635 -0.23000635 -0.23000635 -0.23000635 -0.23000635 -0.23000635
  1.53317298 -0.23000635 -0.23000635 -0.23000635  2.00655095  1.86941236
 -0.23000635 -0.23000635 -0.23000635 -0.23000635 -0.23000635 -0.23000635
 -0.23000635 -0.23000635 -0.23000635 -0.23000635 -0.23000635 -0.23000635
 -0.23000635 -0.23000635 -0.23000635 -0.23000635 -0.23000635 -0.23000635
 -0.23000635  4.00946985 -0.23000635  1.76507049  3.39594496 -0.23000635
  3.34829795  1.72327144  3.99047345 -0.23000635 -0.23000635 -0.23000635
 -0.23000635 -0.23000635 -0.23000635 -0.23000635 -0.23000635  4.06700803
 -0.23000635 -0.23000635 -0.23000635  5.00055823  2.46189204 -0.23000635
 -0.23000635 -0.23000635  2.91886887  3.87636963 -0.23000635  0.23594083
 -0.23000635 -0.23000635 -0.23000635 -0.23000635  0.58547584 -0.23000635
 -0.23000635 -0.23000635  6.42991648 -0.23000635  3.34112461 -0.23000635
 -0.23000635 -0.23000635 -0.23000635 -0.23000635  3.87885787 -0.23000635
  3.85666855  1.782601   -0.23000635 -0.23000635  6.39552456  2.40829064
  2.01667114 -0.23000635 -0.23000635  3.0352021  -0.23000635  0.84159824
 -0.23000635 -0.23000635  5.56412836 -0.23000635 -0.23000635 -0.23000635
 -0.23000635 -0.23000635 -0.23000635 -0.23000635 -0.23000635 -0.23000635
 -0.23000635 -0.23000635 -0.23000635 -0.23000635 -0.23000635 -0.23000635
 -0.23000635 -0.23000635 -0.23000635 -0.23000635 -0.23000635 -0.23000635
 -0.23000635 -0.23000635 -0.23000635 -0.23000635 -0.23000635 -0.23000635
 -0.23000635 -0.23000635 -0.23000635 -0.23000635 -0.23000635 -0.23000635
 -0.23000635 -0.23000635 -0.23000635 -0.23000635 -0.23000635 -0.23000635
 -0.23000635 -0.23000635 -0.23000635 -0.23000635 -0.23000635 -0.23000635
 -0.23000635 -0.23000635 -0.23000635 -0.23000635 -0.23000635 -0.23000635
 -0.23000635 -0.23000635 -0.23000635 -0.23000635 -0.23000635 -0.23000635
 -0.23000635 -0.23000635 -0.23000635 -0.23000635 -0.23000635 -0.23000635
 -0.23000635 -0.23000635 -0.23000635 -0.23000635 -0.23000635 -0.23000635
 -0.23000635 -0.23000635 -0.23000635 -0.23000635 -0.23000635 -0.23000635
 -0.23000635 -0.23000635 -0.23000635 -0.23000635 -0.23000635 -0.23000635
 -0.23000635 -0.23000635 -0.23000635 -0.23000635 -0.23000635 -0.23000635
 -0.23000635 -0.23000635 -0.23000635 -0.23000635 -0.23000635 -0.23000635
 -0.23000635 -0.23000635 -0.23000635 -0.23000635 -0.23000635 -0.23000635
 -0.23000635 -0.23000635 -0.23000635 -0.23000635 -0.23000635 -0.23000635
 -0.23000635 -0.23000635 -0.23000635 -0.23000635 -0.23000635 -0.23000635
 -0.23000635 -0.23000635 -0.23000635 -0.23000635 -0.23000635 -0.23000635
 -0.23000635 -0.23000635 -0.23000635 -0.23000635 -0.23000635 -0.23000635
 -0.23000635 -0.23000635 -0.23000635 -0.23000635 -0.23000635 -0.23000635
 -0.23000635 -0.23000635 -0.23000635 -0.23000635 -0.23000635 -0.23000635
 -0.23000635 -0.23000635 -0.23000635 -0.23000635 -0.23000635 -0.23000635
 -0.23000635 -0.23000635 -0.23000635 -0.23000635 -0.23000635 -0.23000635
 -0.23000635 -0.23000635 -0.23000635 -0.23000635 -0.23000635 -0.23000635
 -0.23000635 -0.23000635 -0.23000635 -0.23000635 -0.23000635 -0.23000635
 -0.23000635 -0.23000635 -0.23000635 -0.23000635 -0.23000635 -0.23000635
 -0.23000635 -0.23000635  4.12649437 -0.23000635 -0.23000635 -0.23000635
 -0.23000635 -0.23000635 -0.23000635 -0.23000635 -0.23000635 -0.23000635
 -0.23000635 -0.23000635 -0.23000635 -0.23000635 -0.23000635 -0.23000635
 -0.23000635 -0.23000635 -0.23000635 -0.23000635 -0.23000635 -0.23000635
 -0.23000635  3.92003947 -0.23000635 -0.23000635 -0.23000635 -0.23000635
 -0.23000635 -0.23000635 -0.23000635 -0.23000635 -0.23000635 -0.23000635
 -0.23000635 -0.23000635 -0.23000635 -0.23000635 -0.23000635 -0.23000635
 -0.23000635 -0.23000635 -0.23000635 -0.23000635 -0.23000635 -0.23000635
 -0.23000635 -0.23000635 -0.23000635 -0.23000635 -0.23000635 -0.23000635
 -0.23000635 -0.23000635 -0.23000635 -0.23000635]",[-0.018305737482563283]
10,"[-0.21191394 -0.21191394 -0.21191394 -0.21191394 -0.21191394 -0.21191394
 -0.21191394 -0.21191394 -0.21191394 -0.21191394 -0.21191394 -0.21191394
 -0.21191394 -0.21191394 -0.21191394 -0.21191394 -0.21191394 -0.21191394
 -0.21191394 -0.21191394 -0.21191394 -0.21191394 -0.21191394 -0.21191394
 -0.21191394 -0.21191394 -0.21191394 -0.21191394 -0.21191394 -0.21191394
 -0.21191394 -0.21191394 -0.21191394 -0.21191394 -0.21191394 -0.21191394
 -0.21191394 -0.21191394 -0.21191394 -0.21191394 -0.21191394 -0.21191394
 -0.21191394 -0.21191394 -0.21191394 -0.21191394 -0.21191394 -0.21191394
 -0.21191394 -0.21191394 -0.21191394 -0.21191394 -0.21191394 -0.21191394
 -0.21191394 -0.21191394 -0.21191394 -0.21191394 -0.21191394 -0.21191394
 -0.21191394 -0.21191394 -0.21191394 -0.21191394 -0.21191394 -0.21191394
 -0.21191394 -0.21191394 -0.21191394 -0.21191394 -0.21191394 -0.21191394
 -0.21191394 -0.21191394 -0.21191394 -0.21191394 -0.21191394 -0.21191394
 -0.21191394 -0.21191394 -0.21191394 -0.21191394 -0.21191394  8.0760989
 -0.21191394 -0.21191394 -0.21191394 -0.21191394 -0.21191394 -0.21191394
 -0.21191394 -0.21191394  5.12624942 -0.21191394 -0.21191394 -0.21191394
 -0.21191394 -0.21191394 -0.21191394 -0.21191394 -0.21191394 -0.21191394
 -0.21191394 -0.21191394 -0.21191394 -0.21191394 -0.21191394 -0.21191394
 -0.21191394 -0.21191394  6.97872406 -0.21191394 -0.21191394 -0.21191394
 -0.21191394 -0.21191394 -0.21191394 -0.21191394 -0.21191394 -0.21191394
 -0.21191394 -0.21191394 -0.21191394 -0.21191394 -0.21191394 -0.21191394
 -0.21191394 -0.21191394 -0.21191394 -0.21191394 -0.21191394 -0.21191394
 -0.21191394 -0.21191394 -0.21191394 -0.21191394 -0.21191394 -0.21191394
 -0.21191394 -0.21191394 -0.21191394 -0.21191394 -0.21191394 -0.21191394
 -0.21191394 -0.21191394 -0.21191394 -0.21191394 -0.21191394 -0.21191394
 -0.21191394 -0.21191394 -0.21191394 -0.21191394 -0.21191394 -0.21191394
 -0.21191394 -0.21191394 -0.21191394 -0.21191394 -0.21191394 -0.21191394
 -0.21191394  2.39004419 -0.21191394 -0.21191394 -0.21191394 -0.21191394
 -0.21191394 -0.21191394 -0.21191394 -0.21191394 -0.21191394 -0.21191394
 -0.21191394 -0.21191394 -0.21191394 -0.21191394 -0.21191394 -0.21191394
 -0.21191394 -0.21191394 -0.21191394 -0.21191394 -0.21191394 -0.21191394
 -0.21191394 -0.21191394 -0.21191394 -0.21191394 -0.21191394 -0.21191394
 -0.21191394 -0.21191394 -0.21191394 -0.21191394 -0.21191394 -0.21191394
 -0.21191394 -0.21191394  1.62373312 -0.21191394 -0.21191394 -0.21191394
 -0.21191394 -0.21191394 -0.21191394 -0.21191394 -0.21191394 -0.21191394
  4.45612745 -0.21191394 -0.21191394 -0.21191394 -0.21191394  1.95356123
 -0.21191394 -0.21191394 -0.21191394 -0.21191394 -0.21191394 -0.21191394
 -0.21191394 -0.21191394 -0.21191394 -0.21191394 -0.21191394 -0.21191394
 -0.21191394 -0.21191394 -0.21191394 -0.21191394 -0.21191394 -0.21191394
 -0.21191394  3.60019599 -0.21191394  1.58810851  3.29537255 -0.21191394
  3.58828393  1.98593319 -0.21191394 -0.21191394 -0.21191394 -0.21191394
 -0.21191394 -0.21191394 -0.21191394 -0.21191394 -0.21191394 -0.21191394
 -0.21191394 -0.21191394 -0.21191394  3.16463752  2.93911212 -0.21191394
 -0.21191394 -0.21191394  3.57400745  2.52765982 -0.21191394  0.2655547
 -0.21191394 -0.21191394 -0.21191394  5.54515447 -0.21191394 -0.21191394
  3.00851403 -0.21191394 -0.21191394 -0.21191394  5.98801594 -0.21191394
 -0.21191394  4.73129109 -0.21191394 -0.21191394 -0.21191394 -0.21191394
  6.72240681 -0.21191394 -0.21191394 -0.21191394 -0.21191394 -0.21191394
  3.61283138 -0.21191394 -0.21191394 -0.21191394 -0.21191394 -0.21191394
 -0.21191394 -0.21191394 -0.21191394 -0.21191394 -0.21191394 -0.21191394
 -0.21191394 -0.21191394 -0.21191394 -0.21191394 -0.21191394 -0.21191394
 -0.21191394 -0.21191394 -0.21191394 -0.21191394 -0.21191394  4.3140153
 -0.21191394 -0.21191394 -0.21191394 -0.21191394 -0.21191394 -0.21191394
 -0.21191394 -0.21191394 -0.21191394 -0.21191394 -0.21191394 -0.21191394
 -0.21191394 -0.21191394 -0.21191394 -0.21191394 -0.21191394 -0.21191394
 -0.21191394 -0.21191394 -0.21191394 -0.21191394 -0.21191394 -0.21191394
 -0.21191394 -0.21191394 -0.21191394 -0.21191394 -0.21191394 -0.21191394
 -0.21191394 -0.21191394 -0.21191394 -0.21191394 -0.21191394 -0.21191394
 -0.21191394 -0.21191394 -0.21191394 -0.21191394 -0.21191394 -0.21191394
 -0.21191394 -0.21191394 -0.21191394 -0.21191394 -0.21191394 -0.21191394
 -0.21191394 -0.21191394 -0.21191394 -0.21191394 -0.21191394 -0.21191394
 -0.21191394 -0.21191394 -0.21191394 -0.21191394 -0.21191394 -0.21191394
 -0.21191394 -0.21191394 -0.21191394 -0.21191394 -0.21191394 -0.21191394
 -0.21191394 -0.21191394 -0.21191394 -0.21191394 -0.21191394 -0.21191394
 -0.21191394 -0.21191394 -0.21191394 -0.21191394 -0.21191394 -0.21191394
 -0.21191394 -0.21191394 -0.21191394 -0.21191394 -0.21191394 -0.21191394
 -0.21191394 -0.21191394 -0.21191394 -0.21191394 -0.21191394 -0.21191394
 -0.21191394 -0.21191394 -0.21191394 -0.21191394 -0.21191394 -0.21191394
 -0.21191394 -0.21191394 -0.21191394 -0.21191394 -0.21191394 -0.21191394
 -0.21191394 -0.21191394 -0.21191394 -0.21191394 -0.21191394 -0.21191394
 -0.21191394 -0.21191394 -0.21191394 -0.21191394 -0.21191394 -0.21191394
 -0.21191394 -0.21191394 -0.21191394 -0.21191394 -0.21191394 -0.21191394
 -0.21191394 -0.21191394 -0.21191394 -0.21191394 -0.21191394 -0.21191394
 -0.21191394 -0.21191394 -0.21191394 -0.21191394 -0.21191394 -0.21191394
 -0.21191394 -0.21191394 -0.21191394 -0.21191394 -0.21191394 -0.21191394
 -0.21191394 -0.21191394 -0.21191394 -0.21191394 -0.21191394 -0.21191394
 -0.21191394 -0.21191394 -0.21191394 -0.21191394 -0.21191394 -0.21191394
 -0.21191394 -0.21191394  5.69624235 -0.21191394  5.78827313 -0.21191394
 -0.21191394 -0.21191394 -0.21191394 -0.21191394 -0.21191394 -0.21191394
 -0.21191394 -0.21191394 -0.21191394 -0.21191394 -0.21191394 -0.21191394
 -0.21191394 -0.21191394 -0.21191394 -0.21191394  1.93342395 -0.21191394
 -0.21191394 -0.21191394 -0.21191394 -0.21191394 -0.21191394 -0.21191394
 -0.21191394 -0.21191394 -0.21191394 -0.21191394 -0.21191394 -0.21191394
 -0.21191394 -0.21191394 -0.21191394 -0.21191394 -0.21191394 -0.21191394
 -0.21191394 -0.21191394 -0.21191394 -0.21191394 -0.21191394 -0.21191394
 -0.21191394 -0.21191394 -0.21191394 -0.21191394 -0.21191394 -0.21191394
 -0.21191394 -0.21191394 -0.21191394 -0.21191394]",[-0.010757202491687656]
10,"[-0.25535108 -0.25535108 -0.25535108 -0.25535108 -0.25535108 -0.25535108
 -0.25535108 -0.25535108 -0.25535108 -0.25535108 -0.25535108 -0.25535108
 -0.25535108 -0.25535108 -0.25535108 -0.25535108 -0.25535108 -0.25535108
 -0.25535108 -0.25535108 -0.25535108 -0.25535108 -0.25535108 -0.25535108
 -0.25535108 -0.25535108 -0.25535108 -0.25535108 -0.25535108 -0.25535108
 -0.25535108 -0.25535108 -0.25535108 -0.25535108 -0.25535108 -0.25535108
 -0.25535108 -0.25535108 -0.25535108 -0.25535108 -0.25535108 -0.25535108
 -0.25535108 -0.25535108 -0.25535108 -0.25535108 -0.25535108 -0.25535108
 -0.25535108 -0.25535108 -0.25535108 -0.25535108 -0.25535108 -0.25535108
 -0.25535108 -0.25535108 -0.25535108 -0.25535108 -0.25535108 -0.25535108
 -0.25535108 -0.25535108 -0.25535108 -0.25535108 -0.25535108 -0.25535108
 -0.25535108 -0.25535108 -0.25535108 -0.25535108 -0.25535108 -0.25535108
 -0.25535108 -0.25535108 -0.25535108 -0.25535108 -0.25535108 -0.25535108
 -0.25535108 -0.25535108 -0.25535108 -0.25535108 -0.25535108  3.04660875
 -0.25535108 -0.25535108 -0.25535108 -0.25535108 -0.25535108  2.30397485
 -0.25535108 -0.25535108 -0.25535108 -0.25535108 -0.25535108 -0.25535108
 -0.25535108 -0.25535108 -0.25535108 -0.25535108 -0.25535108 -0.25535108
 -0.25535108 -0.25535108 -0.25535108 -0.25535108 -0.25535108 -0.25535108
 -0.25535108 -0.25535108  6.74876232 -0.25535108 -0.25535108 -0.25535108
 -0.25535108  4.08363203  4.85881166 -0.25535108 -0.25535108 -0.25535108
 -0.25535108 -0.25535108 -0.25535108 -0.25535108  4.26372829 -0.25535108
 -0.25535108 -0.25535108 -0.25535108 -0.25535108 -0.25535108 -0.25535108
 -0.25535108 -0.25535108 -0.25535108 -0.25535108 -0.25535108 -0.25535108
 -0.25535108 -0.25535108 -0.25535108 -0.25535108 -0.25535108 -0.25535108
 -0.25535108 -0.25535108 -0.25535108 -0.25535108 -0.25535108 -0.25535108
 -0.25535108 -0.25535108 -0.25535108 -0.25535108 -0.25535108 -0.25535108
 -0.25535108 -0.25535108 -0.25535108 -0.25535108 -0.25535108 -0.25535108
 -0.25535108 -0.25535108 -0.25535108 -0.25535108 -0.25535108 -0.25535108
 -0.25535108 -0.25535108 -0.25535108 -0.25535108 -0.25535108 -0.25535108
 -0.25535108 -0.25535108 -0.25535108 -0.25535108 -0.25535108 -0.25535108
 -0.25535108 -0.25535108 -0.25535108 -0.25535108 -0.25535108 -0.25535108
 -0.25535108 -0.25535108 -0.25535108 -0.25535108 -0.25535108 -0.25535108
 -0.25535108 -0.25535108 -0.25535108 -0.25535108 -0.25535108 -0.25535108
 -0.25535108 -0.25535108 -0.25535108 -0.25535108 -0.25535108 -0.25535108
 -0.25535108 -0.25535108 -0.25535108 -0.25535108 -0.25535108 -0.25535108
  3.277845   -0.25535108  0.36898302 -0.25535108 -0.25535108  0.42005157
 -0.25535108 -0.25535108 -0.25535108 -0.25535108 -0.25535108 -0.25535108
 -0.25535108  0.20625818 -0.25535108 -0.25535108 -0.25535108 -0.25535108
 -0.25535108 -0.25535108 -0.25535108 -0.25535108 -0.25535108 -0.25535108
 -0.25535108  3.47947788 -0.25535108 -0.25535108  2.92686618  2.34163244
  3.13130921 -0.25535108  3.80862367 -0.25535108 -0.25535108 -0.25535108
 -0.25535108 -0.25535108 -0.25535108 -0.25535108 -0.25535108 -0.25535108
 -0.25535108 -0.25535108  4.68255909  4.94856844  2.55473829 -0.25535108
 -0.25535108 -0.25535108  3.89959744  3.277845   -0.25535108  1.44048376
 -0.25535108 -0.25535108 -0.25535108 -0.25535108 -0.25535108 -0.25535108
 -0.25535108 -0.25535108 -0.25535108 -0.25535108  3.02890271 -0.25535108
 -0.25535108  1.70010354 -0.25535108 -0.25535108  2.75169753 -0.25535108
  1.68629283  5.0396308  -0.25535108 -0.25535108 -0.25535108  5.67441923
  2.03103699 -0.25535108 -0.25535108 -0.25535108 -0.25535108 -0.25535108
 -0.25535108 -0.25535108 -0.25535108 -0.25535108 -0.25535108  3.92511821
 -0.25535108 -0.25535108 -0.25535108 -0.25535108 -0.25535108 -0.25535108
  2.78249651  3.99798324 -0.25535108 -0.25535108 -0.25535108  3.77641869
 -0.25535108 -0.25535108 -0.25535108 -0.25535108 -0.25535108 -0.25535108
 -0.25535108 -0.25535108 -0.25535108 -0.25535108 -0.25535108 -0.25535108
 -0.25535108 -0.25535108 -0.25535108 -0.25535108 -0.25535108 -0.25535108
 -0.25535108 -0.25535108 -0.25535108 -0.25535108 -0.25535108 -0.25535108
 -0.25535108 -0.25535108 -0.25535108 -0.25535108 -0.25535108 -0.25535108
 -0.25535108 -0.25535108 -0.25535108 -0.25535108 -0.25535108 -0.25535108
 -0.25535108 -0.25535108 -0.25535108 -0.25535108 -0.25535108 -0.25535108
 -0.25535108 -0.25535108 -0.25535108 -0.25535108 -0.25535108 -0.25535108
 -0.25535108 -0.25535108 -0.25535108 -0.25535108 -0.25535108 -0.25535108
 -0.25535108 -0.25535108 -0.25535108 -0.25535108 -0.25535108 -0.25535108
 -0.25535108 -0.25535108 -0.25535108 -0.25535108 -0.25535108 -0.25535108
 -0.25535108 -0.25535108 -0.25535108 -0.25535108 -0.25535108 -0.25535108
 -0.25535108 -0.25535108 -0.25535108 -0.25535108 -0.25535108 -0.25535108
 -0.25535108 -0.25535108 -0.25535108 -0.25535108 -0.25535108 -0.25535108
 -0.25535108 -0.25535108 -0.25535108 -0.25535108 -0.25535108 -0.25535108
 -0.25535108 -0.25535108 -0.25535108 -0.25535108 -0.25535108 -0.25535108
 -0.25535108 -0.25535108 -0.25535108 -0.25535108 -0.25535108 -0.25535108
 -0.25535108 -0.25535108 -0.25535108 -0.25535108 -0.25535108 -0.25535108
 -0.25535108 -0.25535108 -0.25535108 -0.25535108 -0.25535108 -0.25535108
 -0.25535108 -0.25535108 -0.25535108 -0.25535108 -0.25535108 -0.25535108
 -0.25535108 -0.25535108 -0.25535108 -0.25535108 -0.25535108 -0.25535108
 -0.25535108 -0.25535108 -0.25535108 -0.25535108 -0.25535108 -0.25535108
  4.3788574  -0.25535108 -0.25535108 -0.25535108 -0.25535108 -0.25535108
 -0.25535108 -0.25535108 -0.25535108 -0.25535108 -0.25535108 -0.25535108
 -0.25535108 -0.25535108 -0.25535108 -0.25535108 -0.25535108 -0.25535108
 -0.25535108 -0.25535108  2.51115899 -0.25535108 -0.25535108 -0.25535108
 -0.25535108 -0.25535108 -0.25535108 -0.25535108 -0.25535108 -0.25535108
 -0.25535108 -0.25535108 -0.25535108 -0.25535108 -0.25535108 -0.25535108
 -0.25535108 -0.25535108 -0.25535108 -0.25535108 -0.25535108 -0.25535108
  2.99560237  4.1809084  -0.25535108 -0.25535108 -0.25535108 -0.25535108
 -0.25535108 -0.25535108 -0.25535108 -0.25535108 -0.25535108  0.40459735
 -0.25535108 -0.25535108 -0.25535108 -0.25535108 -0.25535108 -0.25535108
 -0.25535108 -0.25535108 -0.25535108 -0.25535108 -0.25535108 -0.25535108
 -0.25535108 -0.25535108 -0.25535108 -0.25535108 -0.25535108 -0.25535108
 -0.25535108 -0.25535108  6.14363791 -0.25535108]",[-0.005674584980659536]
10,"[-0.18142617 -0.18142617 -0.18142617 -0.18142617 -0.18142617 -0.18142617
 -0.18142617 -0.18142617 -0.18142617 -0.18142617 -0.18142617 -0.18142617
 -0.18142617 -0.18142617 -0.18142617 -0.18142617 -0.18142617 -0.18142617
  1.66531334 -0.18142617 -0.18142617 -0.18142617 -0.18142617 -0.18142617
 -0.18142617 -0.18142617 -0.18142617 -0.18142617 -0.18142617 -0.18142617
 -0.18142617 -0.18142617 -0.18142617 -0.18142617 -0.18142617 -0.18142617
 -0.18142617 -0.18142617 -0.18142617 -0.18142617 -0.18142617 -0.18142617
 -0.18142617 -0.18142617 -0.18142617 -0.18142617 -0.18142617 -0.18142617
 -0.18142617 -0.18142617 -0.18142617 -0.18142617 -0.18142617 -0.18142617
 -0.18142617 -0.18142617 -0.18142617 -0.18142617 -0.18142617 -0.18142617
 -0.18142617 -0.18142617 -0.18142617 -0.18142617 -0.18142617 -0.18142617
 -0.18142617 -0.18142617 -0.18142617 -0.18142617 -0.18142617 -0.18142617
 -0.18142617 -0.18142617 -0.18142617 -0.18142617 -0.18142617 -0.18142617
 -0.18142617 -0.18142617 -0.18142617 -0.18142617 -0.18142617  8.25490825
 -0.18142617 -0.18142617 -0.18142617 -0.18142617 -0.18142617 -0.18142617
 -0.18142617 -0.18142617 -0.18142617 -0.18142617 -0.18142617 -0.18142617
 -0.18142617 -0.18142617 -0.18142617 -0.18142617 -0.18142617 -0.18142617
 -0.18142617 -0.18142617 -0.18142617 -0.18142617 -0.18142617 -0.18142617
 -0.18142617 -0.18142617 -0.18142617 -0.18142617 -0.18142617 -0.18142617
 -0.18142617 -0.18142617 -0.18142617 -0.18142617 -0.18142617 -0.18142617
 -0.18142617 -0.18142617 -0.18142617 -0.18142617 -0.18142617 -0.18142617
 -0.18142617 -0.18142617 -0.18142617 -0.18142617 -0.18142617 -0.18142617
 -0.18142617 -0.18142617 -0.18142617 -0.18142617 -0.18142617 -0.18142617
 -0.18142617 -0.18142617 -0.18142617 -0.18142617 -0.18142617 -0.18142617
 -0.18142617 -0.18142617 -0.18142617 -0.18142617 -0.18142617 -0.18142617
 -0.18142617 -0.18142617 -0.18142617 -0.18142617 -0.18142617 -0.18142617
 -0.18142617 -0.18142617 -0.18142617 -0.18142617 -0.18142617 -0.18142617
 -0.18142617 -0.18142617 -0.18142617 -0.18142617 -0.18142617 -0.18142617
 -0.18142617 -0.18142617 -0.18142617 -0.18142617 -0.18142617 -0.18142617
 -0.18142617 -0.18142617 -0.18142617 -0.18142617 -0.18142617 -0.18142617
 -0.18142617 -0.18142617 -0.18142617 -0.18142617 -0.18142617 -0.18142617
 -0.18142617 -0.18142617 -0.18142617 -0.18142617 -0.18142617 -0.18142617
 -0.18142617 -0.18142617 -0.18142617 -0.18142617 -0.18142617 -0.18142617
 -0.18142617 -0.18142617  4.99467265 -0.18142617 -0.18142617 -0.18142617
 -0.18142617 -0.18142617 -0.18142617 -0.18142617 -0.18142617 -0.18142617
  0.95089698 -0.18142617  3.35067948 -0.18142617 -0.18142617  5.57152283
 -0.18142617 -0.18142617 -0.18142617 -0.18142617 -0.18142617 -0.18142617
 -0.18142617 -0.18142617 -0.18142617 -0.18142617 -0.18142617 -0.18142617
 -0.18142617 -0.18142617 -0.18142617 -0.18142617 -0.18142617 -0.18142617
 -0.18142617  4.94641095 -0.18142617 -0.18142617 -0.18142617 -0.18142617
  5.58216827 -0.18142617 -0.18142617 -0.18142617 -0.18142617 -0.18142617
 -0.18142617 -0.18142617 -0.18142617 -0.18142617 -0.18142617 -0.18142617
 -0.18142617 -0.18142617 -0.18142617 -0.18142617 -0.18142617 -0.18142617
 -0.18142617 -0.18142617  5.38237886  4.89327888 -0.18142617  0.10877951
 -0.18142617 -0.18142617 -0.18142617 -0.18142617  1.07990075 -0.18142617
 -0.18142617 -0.18142617 -0.18142617 -0.18142617  5.63853556 -0.18142617
 -0.18142617 -0.18142617 -0.18142617 -0.18142617  0.75858564 -0.18142617
 -0.18142617  5.34598865 -0.18142617 -0.18142617 -0.18142617  8.43117494
 -0.18142617 -0.18142617 -0.18142617 -0.18142617  1.91795737 -0.18142617
 -0.18142617 -0.18142617 -0.18142617 -0.18142617 -0.18142617 -0.18142617
 -0.18142617 -0.18142617 -0.18142617 -0.18142617 -0.18142617 -0.18142617
 -0.18142617 -0.18142617 -0.18142617 -0.18142617 -0.18142617  5.81471147
 -0.18142617 -0.18142617 -0.18142617 -0.18142617 -0.18142617 -0.18142617
 -0.18142617 -0.18142617 -0.18142617 -0.18142617 -0.18142617 -0.18142617
 -0.18142617 -0.18142617 -0.18142617 -0.18142617 -0.18142617 -0.18142617
 -0.18142617 -0.18142617 -0.18142617 -0.18142617 -0.18142617 -0.18142617
 -0.18142617 -0.18142617 -0.18142617 -0.18142617 -0.18142617 -0.18142617
 -0.18142617 -0.18142617 -0.18142617 -0.18142617 -0.18142617 -0.18142617
 -0.18142617 -0.18142617 -0.18142617 -0.18142617 -0.18142617 -0.18142617
 -0.18142617 -0.18142617 -0.18142617 -0.18142617 -0.18142617 -0.18142617
 -0.18142617 -0.18142617 -0.18142617 -0.18142617 -0.18142617 -0.18142617
 -0.18142617 -0.18142617 -0.18142617 -0.18142617 -0.18142617 -0.18142617
 -0.18142617 -0.18142617 -0.18142617 -0.18142617 -0.18142617 -0.18142617
 -0.18142617 -0.18142617 -0.18142617 -0.18142617 -0.18142617 -0.18142617
 -0.18142617 -0.18142617 -0.18142617 -0.18142617 -0.18142617 -0.18142617
 -0.18142617 -0.18142617 -0.18142617 -0.18142617 -0.18142617 -0.18142617
 -0.18142617 -0.18142617 -0.18142617 -0.18142617 -0.18142617 -0.18142617
 -0.18142617 -0.18142617 -0.18142617 -0.18142617 -0.18142617 -0.18142617
 -0.18142617 -0.18142617 -0.18142617 -0.18142617 -0.18142617 -0.18142617
 -0.18142617 -0.18142617 -0.18142617 -0.18142617 -0.18142617 -0.18142617
 -0.18142617 -0.18142617 -0.18142617 -0.18142617 -0.18142617 -0.18142617
 -0.18142617 -0.18142617 -0.18142617 -0.18142617 -0.18142617 -0.18142617
 -0.18142617 -0.18142617 -0.18142617 -0.18142617 -0.18142617 -0.18142617
 -0.18142617 -0.18142617 -0.18142617 -0.18142617 -0.18142617 -0.18142617
 -0.18142617 -0.18142617 -0.18142617 -0.18142617 -0.18142617 -0.18142617
 -0.18142617 -0.18142617 -0.18142617 -0.18142617 -0.18142617 -0.18142617
 -0.18142617 -0.18142617 -0.18142617 -0.18142617 -0.18142617 -0.18142617
 -0.18142617 -0.18142617  5.89526479 -0.18142617  5.70080646 -0.18142617
 -0.18142617 -0.18142617 -0.18142617 -0.18142617  4.2477212  -0.18142617
 -0.18142617 -0.18142617 -0.18142617 -0.18142617 -0.18142617 -0.18142617
 -0.18142617 -0.18142617 -0.18142617 -0.18142617 -0.18142617 -0.18142617
 -0.18142617 -0.18142617 -0.18142617 -0.18142617 -0.18142617 -0.18142617
 -0.18142617 -0.18142617 -0.18142617 -0.18142617 -0.18142617 -0.18142617
 -0.18142617 -0.18142617 -0.18142617 -0.18142617 -0.18142617 -0.18142617
 -0.18142617 -0.18142617 -0.18142617 -0.18142617 -0.18142617 -0.18142617
 -0.18142617 -0.18142617 -0.18142617 -0.18142617 -0.18142617 -0.18142617
 -0.18142617 -0.18142617 -0.18142617 -0.18142617]",[0.02295702347723716]
10,"[-0.18583965 -0.18583965 -0.18583965 -0.18583965 -0.18583965 -0.18583965
 -0.18583965 -0.18583965 -0.18583965 -0.18583965 -0.18583965 -0.18583965
 -0.18583965 -0.18583965 -0.18583965 -0.18583965 -0.18583965 -0.18583965
  0.59558568 -0.18583965 -0.18583965 -0.18583965 -0.18583965 -0.18583965
 -0.18583965 -0.18583965 -0.18583965 -0.18583965 -0.18583965 -0.18583965
 -0.18583965 -0.18583965 -0.18583965 -0.18583965 -0.18583965 -0.18583965
 -0.18583965 -0.18583965 -0.18583965 -0.18583965 -0.18583965 -0.18583965
 -0.18583965 -0.18583965 -0.18583965 -0.18583965 -0.18583965 -0.18583965
 -0.18583965 -0.18583965 -0.18583965 -0.18583965 -0.18583965 -0.18583965
 -0.18583965 -0.18583965 -0.18583965 -0.18583965 -0.18583965 -0.18583965
 -0.18583965 -0.18583965 -0.18583965 -0.18583965 -0.18583965 -0.18583965
 -0.18583965 -0.18583965 -0.18583965 -0.18583965 -0.18583965 -0.18583965
 -0.18583965 -0.18583965 -0.18583965 -0.18583965 -0.18583965 -0.18583965
 -0.18583965 -0.18583965 -0.18583965 -0.18583965 -0.18583965  6.5881636
 -0.18583965 -0.18583965 -0.18583965 -0.18583965 -0.18583965 -0.18583965
 -0.18583965 -0.18583965  4.78200139 -0.18583965 -0.18583965 -0.18583965
 -0.18583965 -0.18583965 -0.18583965 -0.18583965 -0.18583965 -0.18583965
 -0.18583965 -0.18583965 -0.18583965 -0.18583965 -0.18583965 -0.18583965
 -0.18583965 -0.18583965  1.01102104 -0.18583965 -0.18583965 -0.18583965
 -0.18583965 -0.18583965  1.16925947 -0.18583965 -0.18583965 -0.18583965
 -0.18583965 -0.18583965 -0.18583965 -0.18583965 -0.18583965 -0.18583965
 -0.18583965 -0.18583965 -0.18583965 -0.18583965 -0.18583965 -0.18583965
 -0.18583965 -0.18583965 -0.18583965 -0.18583965 -0.18583965 -0.18583965
 -0.18583965 -0.18583965 -0.18583965 -0.18583965 -0.18583965 -0.18583965
 -0.18583965 -0.18583965 -0.18583965 -0.18583965 -0.18583965 -0.18583965
 -0.18583965 -0.18583965 -0.18583965 -0.18583965 -0.18583965 -0.18583965
 -0.18583965 -0.18583965 -0.18583965 -0.18583965 -0.18583965 -0.18583965
 -0.18583965 -0.18583965 -0.18583965 -0.18583965 -0.18583965 -0.18583965
 -0.18583965 -0.18583965 -0.18583965 -0.18583965 -0.18583965 -0.18583965
 -0.18583965 -0.18583965 -0.18583965 -0.18583965 -0.18583965 -0.18583965
 -0.18583965 -0.18583965 -0.18583965 -0.18583965 -0.18583965 -0.18583965
 -0.18583965 -0.18583965 -0.18583965 -0.18583965 -0.18583965 -0.18583965
 -0.18583965 -0.18583965 -0.18583965 -0.18583965 -0.18583965 -0.18583965
 -0.18583965 -0.18583965 -0.18583965 -0.18583965 -0.18583965 -0.18583965
 -0.18583965 -0.18583965 -0.18583965 -0.18583965 -0.18583965 -0.18583965
  1.32807867 -0.18583965  1.91190678 -0.18583965 -0.18583965  2.95217518
 -0.18583965 -0.18583965 -0.18583965 -0.18583965 -0.18583965 -0.18583965
 -0.18583965 -0.18583965 -0.18583965 -0.18583965 -0.18583965 -0.18583965
 -0.18583965 -0.18583965 -0.18583965 -0.18583965 -0.18583965 -0.18583965
 -0.18583965  3.9972813  -0.18583965  4.64649197  2.81319985 -0.18583965
  5.0159607   5.04963111 -0.18583965 -0.18583965 -0.18583965 -0.18583965
 -0.18583965 -0.18583965 -0.18583965 -0.18583965 -0.18583965 -0.18583965
 -0.18583965 -0.18583965 -0.18583965 -0.18583965  1.82626146 -0.18583965
 -0.18583965 -0.18583965 -0.18583965  5.7420059  -0.18583965  2.14970914
 -0.18583965 -0.18583965 -0.18583965 -0.18583965  1.42746042 -0.18583965
 -0.18583965 -0.18583965 -0.18583965 -0.18583965  6.31163253 -0.18583965
 -0.18583965 -0.18583965 -0.18583965 -0.18583965 -0.18583965 -0.18583965
 -0.18583965  4.62721922 -0.18583965 -0.18583965 -0.18583965  8.2272572
  1.58617518 -0.18583965 -0.18583965 -0.18583965 -0.18583965 -0.18583965
 -0.18583965 -0.18583965 -0.18583965 -0.18583965 -0.18583965 -0.18583965
 -0.18583965 -0.18583965 -0.18583965 -0.18583965 -0.18583965 -0.18583965
 -0.18583965 -0.18583965 -0.18583965 -0.18583965 -0.18583965  1.79199272
 -0.18583965 -0.18583965 -0.18583965 -0.18583965 -0.18583965 -0.18583965
 -0.18583965 -0.18583965 -0.18583965 -0.18583965 -0.18583965 -0.18583965
 -0.18583965 -0.18583965 -0.18583965 -0.18583965 -0.18583965 -0.18583965
 -0.18583965 -0.18583965 -0.18583965 -0.18583965 -0.18583965 -0.18583965
 -0.18583965 -0.18583965 -0.18583965 -0.18583965 -0.18583965 -0.18583965
 -0.18583965 -0.18583965 -0.18583965 -0.18583965 -0.18583965 -0.18583965
 -0.18583965 -0.18583965 -0.18583965 -0.18583965 -0.18583965 -0.18583965
 -0.18583965 -0.18583965 -0.18583965 -0.18583965 -0.18583965 -0.18583965
 -0.18583965 -0.18583965 -0.18583965 -0.18583965 -0.18583965 -0.18583965
 -0.18583965 -0.18583965 -0.18583965 -0.18583965 -0.18583965 -0.18583965
 -0.18583965 -0.18583965 -0.18583965 -0.18583965 -0.18583965 -0.18583965
 -0.18583965 -0.18583965 -0.18583965 -0.18583965 -0.18583965 -0.18583965
 -0.18583965 -0.18583965 -0.18583965 -0.18583965 -0.18583965 -0.18583965
 -0.18583965 -0.18583965 -0.18583965 -0.18583965 -0.18583965 -0.18583965
 -0.18583965 -0.18583965 -0.18583965 -0.18583965 -0.18583965 -0.18583965
 -0.18583965 -0.18583965 -0.18583965 -0.18583965 -0.18583965 -0.18583965
 -0.18583965 -0.18583965 -0.18583965 -0.18583965 -0.18583965 -0.18583965
 -0.18583965 -0.18583965 -0.18583965 -0.18583965 -0.18583965 -0.18583965
 -0.18583965 -0.18583965 -0.18583965 -0.18583965 -0.18583965 -0.18583965
 -0.18583965 -0.18583965 -0.18583965 -0.18583965 -0.18583965 -0.18583965
 -0.18583965 -0.18583965 -0.18583965 -0.18583965 -0.18583965 -0.18583965
 -0.18583965 -0.18583965 -0.18583965 -0.18583965 -0.18583965 -0.18583965
 -0.18583965 -0.18583965 -0.18583965 -0.18583965 -0.18583965 -0.18583965
 -0.18583965 -0.18583965 -0.18583965 -0.18583965 -0.18583965 -0.18583965
 -0.18583965 -0.18583965 -0.18583965 -0.18583965 -0.18583965 -0.18583965
 -0.18583965 -0.18583965  6.3458175  -0.18583965 -0.18583965 -0.18583965
 10.28018017 -0.18583965 -0.18583965 -0.18583965 -0.18583965 -0.18583965
 -0.18583965 -0.18583965 -0.18583965 -0.18583965 -0.18583965 -0.18583965
 -0.18583965 -0.18583965 -0.18583965 -0.18583965 -0.18583965 -0.18583965
 -0.18583965 -0.18583965 -0.18583965 -0.18583965 -0.18583965 -0.18583965
 -0.18583965 -0.18583965 -0.18583965 -0.18583965 -0.18583965 -0.18583965
 -0.18583965 -0.18583965 -0.18583965 -0.18583965 -0.18583965 -0.18583965
 -0.18583965 -0.18583965 -0.18583965 -0.18583965 -0.18583965 -0.18583965
 -0.18583965 -0.18583965 -0.18583965 -0.18583965 -0.18583965 -0.18583965
 -0.18583965 -0.18583965 -0.18583965 -0.18583965]",[-0.009864776920271101]
10,"[-0.21231787 -0.21231787 -0.21231787 -0.21231787 -0.21231787 -0.21231787
 -0.21231787 -0.21231787 -0.21231787 -0.21231787 -0.21231787 -0.21231787
 -0.21231787 -0.21231787 -0.21231787 -0.21231787 -0.21231787 -0.21231787
  0.98566944 -0.21231787 -0.21231787 -0.21231787 -0.21231787 -0.21231787
 -0.21231787 -0.21231787 -0.21231787 -0.21231787 -0.21231787 -0.21231787
 -0.21231787 -0.21231787 -0.21231787 -0.21231787 -0.21231787 -0.21231787
 -0.21231787 -0.21231787 -0.21231787 -0.21231787 -0.21231787 -0.21231787
 -0.21231787 -0.21231787 -0.21231787 -0.21231787 -0.21231787 -0.21231787
 -0.21231787 -0.21231787 -0.21231787 -0.21231787 -0.21231787 -0.21231787
 -0.21231787 -0.21231787 -0.21231787 -0.21231787 -0.21231787 -0.21231787
 -0.21231787 -0.21231787 -0.21231787 -0.21231787 -0.21231787 -0.21231787
 -0.21231787 -0.21231787 -0.21231787 -0.21231787 -0.21231787 -0.21231787
 -0.21231787 -0.21231787 -0.21231787 -0.21231787 -0.21231787 -0.21231787
 -0.21231787 -0.21231787 -0.21231787 -0.21231787 -0.21231787  7.18280548
 -0.21231787 -0.21231787 -0.21231787 -0.21231787 -0.21231787  1.25315314
 -0.21231787 -0.21231787 -0.21231787 -0.21231787 -0.21231787 -0.21231787
 -0.21231787 -0.21231787 -0.21231787 -0.21231787 -0.21231787 -0.21231787
 -0.21231787 -0.21231787 -0.21231787 -0.21231787 -0.21231787 -0.21231787
 -0.21231787 -0.21231787  6.4270398  -0.21231787 -0.21231787 -0.21231787
  3.63165874 -0.21231787 -0.21231787 -0.21231787 -0.21231787 -0.21231787
 -0.21231787 -0.21231787 -0.21231787 -0.21231787 -0.21231787 -0.21231787
 -0.21231787 -0.21231787 -0.21231787 -0.21231787 -0.21231787 -0.21231787
 -0.21231787 -0.21231787 -0.21231787 -0.21231787 -0.21231787 -0.21231787
 -0.21231787 -0.21231787 -0.21231787 -0.21231787 -0.21231787 -0.21231787
 -0.21231787 -0.21231787 -0.21231787 -0.21231787 -0.21231787 -0.21231787
 -0.21231787 -0.21231787 -0.21231787 -0.21231787 -0.21231787 -0.21231787
 -0.21231787 -0.21231787 -0.21231787 -0.21231787 -0.21231787 -0.21231787
 -0.21231787 -0.04321343 -0.21231787 -0.21231787 -0.21231787 -0.21231787
 -0.21231787 -0.21231787 -0.21231787 -0.21231787 -0.21231787 -0.21231787
 -0.21231787 -0.21231787 -0.21231787 -0.21231787 -0.21231787 -0.21231787
 -0.21231787 -0.21231787 -0.21231787 -0.21231787 -0.21231787 -0.21231787
 -0.21231787 -0.21231787 -0.21231787 -0.21231787 -0.21231787 -0.21231787
 -0.21231787 -0.21231787 -0.21231787 -0.21231787 -0.21231787 -0.21231787
  2.55986695 -0.21231787 -0.21231787 -0.21231787 -0.21231787  0.77604064
 -0.21231787 -0.21231787 -0.21231787 -0.21231787 -0.21231787 -0.21231787
  1.25315314 -0.21231787  0.53337524 -0.21231787 -0.21231787  1.25900877
 -0.21231787 -0.21231787 -0.21231787 -0.21231787 -0.21231787 -0.21231787
 -0.21231787 -0.21231787 -0.21231787 -0.21231787 -0.21231787 -0.21231787
 -0.21231787 -0.21231787 -0.21231787 -0.21231787 -0.21231787 -0.21231787
 -0.21231787  2.56919961 -0.21231787  4.53292548  4.06322851 -0.21231787
  4.13294514 -0.21231787 -0.21231787 -0.21231787 -0.21231787 -0.21231787
 -0.21231787 -0.21231787 -0.21231787 -0.21231787 -0.21231787 -0.21231787
 -0.21231787 -0.21231787 -0.21231787  6.25184843 -0.21231787 -0.21231787
 -0.21231787 -0.21231787 -0.21231787  3.03791417 -0.21231787 -0.21231787
 -0.21231787 -0.21231787 -0.21231787 -0.21231787 -0.21231787 -0.21231787
 -0.21231787 -0.21231787  0.05348067 -0.21231787  4.61925843 -0.21231787
 -0.21231787 -0.21231787 -0.21231787 -0.21231787 -0.21231787 -0.21231787
 -0.21231787  3.78528563 -0.21231787 -0.21231787 -0.21231787  5.42984399
 -0.21231787 -0.21231787 -0.21231787 -0.21231787 -0.21231787  1.89253746
 -0.21231787 -0.21231787 -0.21231787 -0.21231787 -0.21231787 -0.21231787
  1.64236157 -0.21231787 -0.21231787 -0.21231787  5.07198659 -0.21231787
  1.7363158  -0.21231787 -0.21231787 -0.21231787 -0.21231787  4.34989839
 -0.21231787 -0.21231787 -0.21231787 -0.21231787 -0.21231787 -0.21231787
 -0.21231787 -0.21231787 -0.21231787 -0.21231787 -0.21231787 -0.21231787
 -0.21231787 -0.21231787 -0.21231787 -0.21231787 -0.21231787 -0.21231787
 -0.21231787 -0.21231787 -0.21231787 -0.21231787 -0.21231787 -0.21231787
 -0.21231787 -0.21231787 -0.21231787 -0.21231787 -0.21231787 -0.21231787
 -0.21231787 -0.21231787 -0.21231787 -0.21231787 -0.21231787 -0.21231787
 -0.21231787 -0.21231787 -0.21231787 -0.21231787 -0.21231787 -0.21231787
 -0.21231787 -0.21231787 -0.21231787 -0.21231787 -0.21231787 -0.21231787
 -0.21231787 -0.21231787 -0.21231787 -0.21231787 -0.21231787 -0.21231787
 -0.21231787 -0.21231787 -0.21231787 -0.21231787 -0.21231787 -0.21231787
 -0.21231787 -0.21231787 -0.21231787 -0.21231787 -0.21231787 -0.21231787
 -0.21231787 -0.21231787 -0.21231787 -0.21231787 -0.21231787 -0.21231787
 -0.21231787 -0.21231787 -0.21231787 -0.21231787 -0.21231787 -0.21231787
 -0.21231787 -0.21231787 -0.21231787 -0.21231787 -0.21231787 -0.21231787
 -0.21231787 -0.21231787 -0.21231787 -0.21231787 -0.21231787 -0.21231787
 -0.21231787 -0.21231787 -0.21231787 -0.21231787 -0.21231787 -0.21231787
 -0.21231787 -0.21231787 -0.21231787 -0.21231787 -0.21231787 -0.21231787
 -0.21231787 -0.21231787 -0.21231787 -0.21231787 -0.21231787 -0.21231787
 -0.21231787 -0.21231787 -0.21231787 -0.21231787  6.87790293 -0.21231787
 -0.21231787 -0.21231787 -0.21231787 -0.21231787 -0.21231787 -0.21231787
 -0.21231787 -0.21231787 -0.21231787 -0.21231787 -0.21231787 -0.21231787
 -0.21231787 -0.21231787 -0.21231787 -0.21231787 -0.21231787 -0.21231787
 -0.21231787 -0.21231787 -0.21231787 -0.21231787 -0.21231787 -0.21231787
  0.37646742 -0.21231787 -0.21231787 -0.21231787 -0.21231787 -0.21231787
 -0.21231787 -0.21231787 -0.21231787 -0.21231787 -0.21231787 -0.21231787
 -0.21231787 -0.21231787  4.2371518  -0.21231787 -0.21231787 -0.21231787
  7.76649484 -0.21231787 -0.21231787 -0.21231787 -0.21231787 -0.21231787
 -0.21231787 -0.21231787 -0.21231787 -0.21231787 -0.21231787 -0.21231787
 -0.21231787 -0.21231787 -0.21231787 -0.21231787 -0.21231787 -0.21231787
 -0.21231787  4.97559749 -0.21231787 -0.21231787 -0.21231787 -0.21231787
 -0.21231787 -0.21231787 -0.21231787 -0.21231787 -0.21231787  0.38991742
 -0.21231787 -0.21231787 -0.21231787 -0.21231787 -0.21231787 -0.21231787
 -0.21231787 -0.21231787 -0.21231787 -0.21231787 -0.21231787 -0.21231787
 -0.21231787 -0.21231787 -0.21231787 -0.21231787 -0.21231787 -0.21231787
 -0.21231787 -0.21231787 -0.21231787 -0.21231787]",[0.007419652051926129]
10,"[-0.185488   -0.185488   -0.185488   -0.185488   -0.185488   -0.185488
 -0.185488   -0.185488   -0.185488   -0.185488   -0.185488   -0.185488
 -0.185488   -0.185488   -0.185488   -0.185488   -0.185488   -0.185488
 -0.185488   -0.185488   -0.185488   -0.185488   -0.185488   -0.185488
 -0.185488   -0.185488   -0.185488   -0.185488   -0.185488   -0.185488
 -0.185488   -0.185488   -0.185488   -0.185488   -0.185488   -0.185488
 -0.185488   -0.185488   -0.185488   -0.185488   -0.185488   -0.185488
 -0.185488   -0.185488   -0.185488   -0.185488   -0.185488   -0.185488
 -0.185488   -0.185488   -0.185488   -0.185488   -0.185488   -0.185488
 -0.185488   -0.185488   -0.185488   -0.185488    1.10129522 -0.185488
 -0.185488   -0.185488   -0.185488   -0.185488   -0.185488   -0.185488
 -0.185488   -0.185488   -0.185488   -0.185488   -0.185488   -0.185488
 -0.185488   -0.185488   -0.185488   -0.185488   -0.185488   -0.185488
 -0.185488   -0.185488   -0.185488   -0.185488   -0.185488    8.97093329
 -0.185488   -0.185488   -0.185488   -0.185488   -0.185488   -0.185488
 -0.185488   -0.185488    2.36984476 -0.185488   -0.185488   -0.185488
 -0.185488   -0.185488   -0.185488   -0.185488   -0.185488   -0.185488
 -0.185488   -0.185488   -0.185488   -0.185488   -0.185488   -0.185488
  1.60122016 -0.185488    7.91315378 -0.185488   -0.185488   -0.185488
  3.67964498 -0.185488    1.53480133 -0.185488   -0.185488   -0.185488
 -0.185488   -0.185488   -0.185488    1.68680586 -0.185488   -0.185488
 -0.185488   -0.185488   -0.185488   -0.185488   -0.185488   -0.185488
 -0.185488   -0.185488   -0.185488   -0.185488   -0.185488   -0.185488
 -0.185488   -0.185488   -0.185488   -0.185488   -0.185488   -0.185488
 -0.185488   -0.185488   -0.185488   -0.185488   -0.185488   -0.185488
 -0.185488   -0.185488   -0.185488   -0.185488   -0.185488   -0.185488
 -0.185488   -0.185488   -0.185488   -0.185488   -0.185488   -0.185488
 -0.185488   -0.185488   -0.185488   -0.185488   -0.185488   -0.185488
 -0.185488   -0.185488   -0.185488   -0.185488   -0.185488   -0.185488
 -0.185488   -0.185488   -0.185488   -0.185488   -0.185488   -0.185488
 -0.185488   -0.185488   -0.185488   -0.185488   -0.185488   -0.185488
 -0.185488   -0.185488   -0.185488   -0.185488   -0.185488   -0.185488
 -0.185488   -0.185488   -0.185488   -0.185488   -0.185488   -0.185488
 -0.185488   -0.185488   -0.185488   -0.185488   -0.185488    0.96399525
 -0.185488   -0.185488   -0.185488   -0.185488   -0.185488   -0.185488
  1.77558624 -0.185488    0.15840773 -0.185488   -0.185488    1.99774213
 -0.185488   -0.185488   -0.185488   -0.185488   -0.185488   -0.185488
 -0.185488   -0.185488   -0.185488   -0.185488   -0.185488   -0.185488
 -0.185488   -0.185488   -0.185488   -0.185488   -0.185488   -0.185488
 -0.185488    4.27715039 -0.185488    2.79978592 -0.185488   -0.185488
  4.79908966 -0.185488   -0.185488   -0.185488   -0.185488   -0.185488
 -0.185488   -0.185488   -0.185488   -0.185488   -0.185488   -0.185488
 -0.185488   -0.185488   -0.185488   -0.185488   -0.185488   -0.185488
 -0.185488   -0.185488   -0.185488    2.18557226 -0.185488    0.02616604
 -0.185488   -0.185488   -0.185488   -0.185488   -0.185488   -0.185488
 -0.185488   -0.185488   -0.185488   -0.185488    3.90258747 -0.185488
 -0.185488   -0.185488   -0.185488   -0.185488   -0.185488   -0.185488
 -0.185488    2.69881409 -0.185488   -0.185488   -0.185488    7.29991437
 -0.185488   -0.185488   -0.185488   -0.185488   -0.185488   -0.185488
 -0.185488   -0.185488   -0.185488   -0.185488   -0.185488   -0.185488
 -0.185488   -0.185488   -0.185488   -0.185488   -0.185488   -0.185488
 -0.185488   -0.185488   -0.185488   -0.185488   -0.185488    5.67876433
 -0.185488   -0.185488   -0.185488   -0.185488   -0.185488   -0.185488
 -0.185488   -0.185488   -0.185488   -0.185488   -0.185488   -0.185488
 -0.185488   -0.185488   -0.185488   -0.185488   -0.185488   -0.185488
 -0.185488   -0.185488   -0.185488   -0.185488   -0.185488   -0.185488
 -0.185488   -0.185488   -0.185488   -0.185488   -0.185488   -0.185488
 -0.185488   -0.185488   -0.185488   -0.185488   -0.185488   -0.185488
 -0.185488   -0.185488   -0.185488   -0.185488   -0.185488   -0.185488
 -0.185488   -0.185488   -0.185488   -0.185488   -0.185488   -0.185488
 -0.185488   -0.185488   -0.185488   -0.185488   -0.185488   -0.185488
 -0.185488   -0.185488   -0.185488   -0.185488   -0.185488   -0.185488
 -0.185488   -0.185488   -0.185488   -0.185488   -0.185488   -0.185488
 -0.185488   -0.185488   -0.185488   -0.185488   -0.185488   -0.185488
 -0.185488   -0.185488   -0.185488   -0.185488   -0.185488   -0.185488
 -0.185488   -0.185488   -0.185488   -0.185488   -0.185488   -0.185488
 -0.185488   -0.185488   -0.185488   -0.185488   -0.185488   -0.185488
 -0.185488   -0.185488   -0.185488   -0.185488   -0.185488   -0.185488
 -0.185488   -0.185488   -0.185488   -0.185488   -0.185488   -0.185488
 -0.185488   -0.185488   -0.185488   -0.185488   -0.185488   -0.185488
 -0.185488   -0.185488   -0.185488   -0.185488   -0.185488   -0.185488
 -0.185488   -0.185488   -0.185488   -0.185488   -0.185488   -0.185488
 -0.185488   -0.185488   -0.185488   -0.185488   -0.185488   -0.185488
 -0.185488   -0.185488   -0.185488   -0.185488   -0.185488   -0.185488
 -0.185488   -0.185488   -0.185488   -0.185488   -0.185488   -0.185488
 -0.185488   -0.185488   -0.185488   -0.185488   -0.185488   -0.185488
 -0.185488   -0.185488   -0.185488   -0.185488   -0.185488   -0.185488
 -0.185488   -0.185488    4.24685229 -0.185488   -0.185488   -0.185488
  7.14807114 -0.185488   -0.185488   -0.185488   -0.185488   -0.185488
 -0.185488   -0.185488   -0.185488   -0.185488   -0.185488   -0.185488
 -0.185488   -0.185488   -0.185488   -0.185488   -0.185488   -0.185488
 -0.185488    4.49842519 -0.185488   -0.185488   -0.185488   -0.185488
 -0.185488   -0.185488   -0.185488   -0.185488   -0.185488   -0.185488
 -0.185488   -0.185488   -0.185488   -0.185488   -0.185488   -0.185488
 -0.185488   -0.185488   -0.185488   -0.185488   -0.185488   -0.185488
 -0.185488   -0.185488   -0.185488   -0.185488   -0.185488   -0.185488
 -0.185488   -0.185488    8.5019346  -0.185488  ]",[-0.029829141574394702]
10,"[-0.21815866 -0.21815866 -0.21815866 -0.21815866 -0.21815866 -0.21815866
 -0.21815866 -0.21815866 -0.21815866 -0.21815866 -0.21815866 -0.21815866
 -0.21815866 -0.21815866 -0.21815866 -0.21815866 -0.21815866 -0.21815866
  0.48917465 -0.21815866 -0.21815866 -0.21815866 -0.21815866 -0.21815866
 -0.21815866 -0.21815866 -0.21815866 -0.21815866 -0.21815866 -0.21815866
 -0.21815866 -0.21815866 -0.21815866 -0.21815866 -0.21815866 -0.21815866
 -0.21815866 -0.21815866 -0.21815866 -0.21815866 -0.21815866 -0.21815866
 -0.21815866 -0.21815866 -0.21815866 -0.21815866 -0.21815866 -0.21815866
 -0.21815866 -0.21815866 -0.21815866 -0.21815866 -0.21815866 -0.21815866
 -0.21815866 -0.21815866 -0.21815866 -0.21815866 -0.21815866 -0.21815866
 -0.21815866 -0.21815866 -0.21815866 -0.21815866 -0.21815866 -0.21815866
 -0.21815866 -0.21815866 -0.21815866 -0.21815866 -0.21815866 -0.21815866
 -0.21815866 -0.21815866 -0.21815866 -0.21815866 -0.21815866 -0.21815866
 -0.21815866 -0.21815866 -0.21815866 -0.21815866 -0.21815866  8.23664152
 -0.21815866 -0.21815866 -0.21815866 -0.21815866 -0.21815866  4.53344851
 -0.21815866 -0.21815866 -0.21815866 -0.21815866 -0.21815866 -0.21815866
 -0.21815866 -0.21815866 -0.21815866 -0.21815866 -0.21815866 -0.21815866
 -0.21815866 -0.21815866 -0.21815866 -0.21815866  0.18659747 -0.21815866
 -0.21815866 -0.21815866  6.86337893 -0.21815866 -0.21815866 -0.21815866
 -0.21815866  4.17618282  5.42804958 -0.21815866  0.98359269 -0.21815866
 -0.21815866 -0.21815866 -0.21815866 -0.21815866  3.182242   -0.21815866
 -0.21815866 -0.21815866 -0.21815866 -0.21815866 -0.21815866 -0.21815866
 -0.21815866 -0.21815866 -0.21815866 -0.21815866 -0.21815866 -0.21815866
 -0.21815866 -0.21815866 -0.21815866 -0.21815866 -0.21815866 -0.21815866
 -0.21815866 -0.21815866 -0.21815866 -0.21815866 -0.21815866 -0.21815866
 -0.21815866 -0.21815866 -0.21815866 -0.21815866 -0.21815866 -0.21815866
 -0.21815866 -0.21815866 -0.21815866 -0.21815866 -0.21815866 -0.21815866
 -0.21815866 -0.21815866 -0.21815866 -0.21815866 -0.21815866 -0.21815866
 -0.21815866 -0.21815866 -0.21815866 -0.21815866 -0.21815866 -0.21815866
 -0.21815866 -0.21815866 -0.21815866 -0.21815866 -0.21815866 -0.21815866
 -0.21815866 -0.21815866 -0.21815866 -0.21815866 -0.21815866 -0.21815866
 -0.21815866 -0.21815866 -0.21815866 -0.21815866 -0.21815866 -0.21815866
 -0.21815866 -0.21815866 -0.21815866 -0.21815866 -0.21815866 -0.21815866
 -0.21815866 -0.21815866 -0.21815866 -0.21815866 -0.21815866  1.22625438
 -0.21815866 -0.21815866 -0.21815866 -0.21815866 -0.21815866 -0.21815866
  1.98590591 -0.21815866 -0.10528736 -0.21815866 -0.21815866 -0.21815866
 -0.21815866 -0.21815866  0.47753751 -0.21815866 -0.21815866 -0.21815866
 -0.21815866 -0.21815866 -0.21815866 -0.21815866 -0.21815866 -0.21815866
 -0.21815866 -0.21815866 -0.21815866 -0.21815866 -0.21815866 -0.21815866
 -0.21815866  1.9268407  -0.21815866  4.95645337  3.17069752 -0.21815866
  3.09628754 -0.21815866 -0.21815866 -0.21815866 -0.21815866 -0.21815866
 -0.21815866 -0.21815866 -0.21815866 -0.21815866 -0.21815866 -0.21815866
 -0.21815866 -0.21815866 -0.21815866 -0.21815866 -0.21815866 -0.21815866
 -0.21815866 -0.21815866 -0.21815866  1.91043591 -0.21815866  1.3581277
 -0.21815866 -0.21815866 -0.21815866 -0.21815866 -0.21815866 -0.21815866
 -0.21815866 -0.21815866  5.00776356 -0.21815866 -0.21815866 -0.21815866
 -0.21815866 -0.21815866 -0.21815866 -0.21815866 -0.21815866 -0.21815866
 -0.21815866  0.70868456 -0.21815866 -0.21815866 -0.21815866  5.18099961
 -0.21815866 -0.21815866 -0.21815866 -0.21815866 -0.21815866 -0.21815866
 -0.21815866 -0.21815866  4.55455298 -0.21815866 -0.21815866 -0.21815866
 -0.21815866 -0.21815866 -0.21815866 -0.21815866  2.21659991 -0.21815866
  6.68115505 -0.21815866 -0.21815866 -0.21815866 -0.21815866  2.37001402
 -0.21815866  1.46690524 -0.21815866 -0.21815866 -0.21815866 -0.21815866
 -0.21815866 -0.21815866 -0.21815866 -0.21815866 -0.21815866 -0.21815866
 -0.21815866 -0.21815866 -0.21815866 -0.21815866 -0.21815866 -0.21815866
 -0.21815866 -0.21815866 -0.21815866 -0.21815866 -0.21815866 -0.21815866
 -0.21815866 -0.21815866 -0.21815866 -0.21815866 -0.21815866 -0.21815866
 -0.21815866 -0.21815866 -0.21815866 -0.21815866 -0.21815866 -0.21815866
 -0.21815866 -0.21815866 -0.21815866 -0.21815866 -0.21815866 -0.21815866
 -0.21815866 -0.21815866 -0.21815866 -0.21815866 -0.21815866 -0.21815866
 -0.21815866 -0.21815866 -0.21815866 -0.21815866 -0.21815866 -0.21815866
 -0.21815866 -0.21815866 -0.21815866 -0.21815866 -0.21815866 -0.21815866
 -0.21815866 -0.21815866 -0.21815866 -0.21815866 -0.21815866 -0.21815866
 -0.21815866 -0.21815866 -0.21815866 -0.21815866 -0.21815866 -0.21815866
 -0.21815866 -0.21815866 -0.21815866 -0.21815866 -0.21815866 -0.21815866
 -0.21815866 -0.21815866 -0.21815866 -0.21815866 -0.21815866 -0.21815866
 -0.21815866 -0.21815866 -0.21815866 -0.21815866 -0.21815866 -0.21815866
 -0.21815866 -0.21815866 -0.21815866 -0.21815866 -0.21815866 -0.21815866
 -0.21815866 -0.21815866 -0.21815866 -0.21815866 -0.21815866 -0.21815866
 -0.21815866 -0.21815866 -0.21815866 -0.21815866 -0.21815866 -0.21815866
 -0.21815866 -0.21815866 -0.21815866 -0.21815866 -0.21815866  5.67016548
 -0.21815866 -0.21815866 -0.21815866 -0.21815866 -0.21815866 -0.21815866
 -0.21815866  1.74181337 -0.21815866 -0.21815866 -0.21815866 -0.21815866
 -0.21815866 -0.21815866 -0.21815866 -0.21815866 -0.21815866 -0.21815866
  3.81703729 -0.21815866 -0.21815866 -0.21815866 -0.21815866 -0.21815866
 -0.21815866 -0.21815866 -0.21815866 -0.21815866 -0.21815866 -0.21815866
 -0.21815866 -0.21815866 -0.21815866 -0.21815866 -0.21815866 -0.21815866
 -0.21815866 -0.21815866  3.34581195 -0.21815866 -0.21815866 -0.21815866
 -0.21815866 -0.21815866 -0.21815866 -0.21815866 -0.21815866 -0.21815866
 -0.21815866 -0.21815866 -0.21815866 -0.21815866 -0.21815866 -0.21815866
 -0.21815866 -0.21815866 -0.21815866 -0.21815866 -0.21815866 -0.21815866
 -0.21815866  2.6574372  -0.21815866 -0.21815866 -0.21815866 -0.21815866
 -0.21815866 -0.21815866 -0.21815866 -0.21815866 -0.21815866 -0.21815866
 -0.21815866 -0.21815866 -0.21815866 -0.21815866 -0.21815866 -0.21815866
 -0.21815866 -0.21815866 -0.21815866 -0.21815866 -0.21815866 -0.21815866
 -0.21815866 -0.21815866 -0.21815866 -0.21815866 -0.21815866 -0.21815866
 -0.21815866 -0.21815866  6.74176668 -0.21815866]",[-0.007398703200955231]
10,"[-0.18546049 -0.18546049 -0.18546049 -0.18546049 -0.13278377 -0.18546049
 -0.18546049 -0.18546049 -0.18546049 -0.18546049 -0.18546049 -0.18546049
 -0.18546049 -0.18546049 -0.18546049 -0.18546049 -0.18546049 -0.18546049
 -0.18546049 -0.18546049 -0.18546049 -0.18546049 -0.18546049 -0.18546049
 -0.18546049 -0.18546049 -0.18546049 -0.18546049 -0.18546049 -0.18546049
 -0.18546049 -0.18546049 -0.18546049 -0.18546049 -0.18546049 -0.18546049
 -0.18546049 -0.18546049 -0.18546049 -0.18546049 -0.18546049 -0.18546049
 -0.18546049 -0.18546049 -0.18546049 -0.18546049 -0.18546049 -0.18546049
 -0.18546049 -0.18546049 -0.18546049 -0.18546049 -0.18546049 -0.18546049
 -0.18546049 -0.18546049 -0.18546049 -0.18546049 -0.18546049 -0.18546049
 -0.18546049 -0.18546049 -0.18546049 -0.18546049 -0.18546049 -0.18546049
 -0.18546049 -0.18546049 -0.18546049 -0.18546049 -0.18546049 -0.18546049
 -0.18546049 -0.18546049 -0.18546049 -0.18546049 -0.18546049 -0.18546049
 -0.18546049 -0.18546049 -0.18546049 -0.18546049 -0.18546049  3.54837459
 -0.18546049 -0.18546049 -0.18546049 -0.18546049 -0.18546049 -0.18546049
 -0.18546049 -0.18546049 -0.18546049 -0.18546049 -0.18546049 -0.18546049
 -0.18546049 -0.18546049 -0.18546049 -0.18546049 -0.18546049 -0.18546049
 -0.18546049 -0.18546049 -0.18546049 -0.18546049 -0.18546049 -0.18546049
 -0.18546049 -0.18546049  8.50873603 -0.18546049 -0.18546049 -0.18546049
 -0.18546049 -0.18546049 -0.18546049 -0.18546049 -0.18546049 -0.18546049
 -0.18546049 -0.18546049 -0.18546049  0.25190312 -0.18546049 -0.18546049
 -0.18546049 -0.18546049 -0.18546049 -0.18546049 -0.18546049 -0.18546049
 -0.18546049 -0.18546049 -0.18546049 -0.18546049 -0.18546049 -0.18546049
 -0.18546049 -0.18546049 -0.18546049 -0.18546049 -0.18546049 -0.18546049
 -0.18546049 -0.18546049 -0.18546049 -0.18546049 -0.18546049 -0.18546049
 -0.18546049 -0.18546049 -0.18546049 -0.18546049 -0.18546049 -0.18546049
 -0.18546049 -0.18546049 -0.18546049 -0.18546049 -0.18546049 -0.18546049
 -0.18546049 -0.18546049 -0.18546049 -0.18546049 -0.18546049 -0.18546049
 -0.18546049 -0.18546049 -0.18546049 -0.18546049 -0.18546049 -0.18546049
 -0.18546049 -0.18546049 -0.18546049 -0.18546049 -0.18546049 -0.18546049
 -0.18546049 -0.18546049 -0.18546049 -0.18546049 -0.18546049 -0.18546049
 -0.18546049 -0.18546049 -0.18546049 -0.18546049 -0.18546049 -0.18546049
 -0.18546049 -0.18546049 -0.18546049 -0.18546049 -0.18546049 -0.18546049
 -0.18546049 -0.18546049  2.39165798 -0.18546049 -0.18546049 -0.18546049
 -0.18546049 -0.18546049 -0.18546049 -0.18546049 -0.18546049  3.01981734
  4.43756084 -0.18546049 -0.18546049 -0.18546049 -0.18546049  1.26720266
 -0.18546049 -0.18546049 -0.18546049 -0.18546049 -0.18546049 -0.18546049
 -0.18546049 -0.18546049 -0.18546049 -0.18546049 -0.18546049 -0.18546049
 -0.18546049 -0.18546049 -0.18546049 -0.18546049 -0.18546049 -0.18546049
 -0.18546049  3.60372491 -0.18546049  2.29350861 -0.18546049 -0.18546049
  5.57542308 -0.18546049 -0.18546049 -0.18546049 -0.18546049 -0.18546049
 -0.18546049 -0.18546049 -0.18546049 -0.18546049 -0.18546049 -0.18546049
 -0.18546049 -0.18546049 -0.18546049 -0.18546049 -0.18546049 -0.18546049
 -0.18546049 -0.18546049 -0.18546049  4.00162384 -0.18546049 -0.18546049
 -0.18546049 -0.18546049 -0.18546049 -0.18546049 -0.18546049 -0.18546049
 -0.18546049 -0.18546049 -0.18546049 -0.18546049  4.54955453 -0.18546049
 -0.18546049  2.09079738 -0.18546049 -0.18546049 -0.18546049 -0.18546049
  3.52904893 -0.18546049 -0.18546049 -0.18546049 -0.18546049  6.18260875
  4.18075874 -0.18546049 -0.18546049 -0.18546049 -0.18546049 -0.18546049
 -0.18546049  7.06056988 -0.18546049 -0.18546049 -0.18546049 -0.18546049
 -0.18546049 -0.18546049 -0.18546049 -0.18546049 -0.18546049 -0.18546049
 -0.18546049 -0.18546049 -0.18546049 -0.18546049 -0.18546049  4.84995774
 -0.18546049 -0.18546049 -0.18546049 -0.18546049 -0.18546049 -0.18546049
 -0.18546049 -0.18546049 -0.18546049 -0.18546049 -0.18546049 -0.18546049
 -0.18546049 -0.18546049 -0.18546049 -0.18546049 -0.18546049 -0.18546049
 -0.18546049 -0.18546049 -0.18546049 -0.18546049 -0.18546049 -0.18546049
 -0.18546049 -0.18546049 -0.18546049 -0.18546049 -0.18546049 -0.18546049
 -0.18546049 -0.18546049 -0.18546049 -0.18546049 -0.18546049 -0.18546049
 -0.18546049 -0.18546049 -0.18546049 -0.18546049 -0.18546049 -0.18546049
 -0.18546049 -0.18546049 -0.18546049 -0.18546049 -0.18546049 -0.18546049
 -0.18546049 -0.18546049 -0.18546049 -0.18546049 -0.18546049 -0.18546049
 -0.18546049 -0.18546049 -0.18546049 -0.18546049 -0.18546049 -0.18546049
 -0.18546049 -0.18546049 -0.18546049 -0.18546049 -0.18546049 -0.18546049
 -0.18546049 -0.18546049 -0.18546049 -0.18546049 -0.18546049 -0.18546049
 -0.18546049 -0.18546049 -0.18546049 -0.18546049 -0.18546049 -0.18546049
 -0.18546049 -0.18546049 -0.18546049 -0.18546049 -0.18546049 -0.18546049
 -0.18546049 -0.18546049 -0.18546049 -0.18546049 -0.18546049 -0.18546049
 -0.18546049 -0.18546049 -0.18546049 -0.18546049 -0.18546049 -0.18546049
 -0.18546049 -0.18546049 -0.18546049 -0.18546049 -0.18546049 -0.18546049
 -0.18546049 -0.18546049 -0.18546049 -0.18546049 -0.18546049 -0.18546049
 -0.18546049 -0.18546049 -0.18546049 -0.18546049 -0.18546049  3.67511617
 -0.18546049 -0.18546049 -0.18546049 -0.18546049 -0.18546049 -0.18546049
 -0.18546049 -0.18546049 -0.18546049 -0.18546049 -0.18546049 -0.18546049
 -0.18546049 -0.18546049 -0.18546049 -0.18546049 -0.18546049 -0.18546049
 -0.18546049 -0.18546049 -0.18546049 -0.18546049 -0.18546049 -0.18546049
 -0.18546049 -0.18546049 -0.18546049 -0.18546049 -0.18546049 -0.18546049
 -0.18546049 -0.18546049 -0.18546049 -0.18546049 -0.18546049 -0.18546049
 -0.18546049 -0.18546049  7.71338431 -0.18546049 -0.18546049 -0.18546049
  8.71862561 -0.18546049 -0.18546049 -0.18546049 -0.18546049 -0.18546049
 -0.18546049 -0.18546049 -0.18546049 -0.18546049 -0.18546049 -0.18546049
 -0.18546049 -0.18546049 -0.18546049 -0.18546049 -0.18546049 -0.18546049
 -0.18546049 -0.18546049 -0.18546049 -0.18546049 -0.18546049 -0.18546049
 -0.18546049 -0.18546049 -0.18546049 -0.18546049 -0.18546049  0.85669193
 -0.18546049 -0.18546049 -0.18546049 -0.18546049 -0.18546049 -0.18546049
 -0.18546049 -0.18546049 -0.18546049 -0.18546049 -0.18546049 -0.18546049
 -0.18546049 -0.18546049 -0.18546049 -0.18546049 -0.18546049 -0.18546049
 -0.18546049 -0.18546049 -0.18546049 -0.18546049]",[-0.046456930007991115]
10,"[-0.20224242 -0.20224242 -0.20224242 -0.20224242 -0.20224242 -0.20224242
 -0.20224242 -0.20224242 -0.20224242 -0.20224242 -0.20224242 -0.20224242
 -0.20224242 -0.20224242 -0.20224242 -0.20224242 -0.20224242 -0.20224242
 -0.20224242 -0.20224242 -0.20224242 -0.20224242 -0.20224242 -0.20224242
 -0.20224242 -0.20224242 -0.20224242 -0.20224242 -0.20224242 -0.20224242
 -0.20224242 -0.20224242 -0.20224242 -0.20224242 -0.20224242 -0.20224242
 -0.20224242 -0.20224242 -0.20224242 -0.20224242 -0.20224242 -0.20224242
 -0.20224242 -0.20224242 -0.20224242 -0.20224242 -0.20224242 -0.20224242
 -0.20224242 -0.20224242 -0.20224242 -0.20224242 -0.20224242 -0.20224242
 -0.20224242 -0.20224242 -0.20224242 -0.20224242 -0.20224242 -0.20224242
 -0.20224242 -0.20224242 -0.20224242 -0.20224242 -0.20224242 -0.20224242
 -0.20224242 -0.20224242 -0.20224242 -0.20224242 -0.20224242 -0.20224242
 -0.20224242 -0.20224242 -0.20224242 -0.20224242 -0.20224242 -0.20224242
 -0.20224242 -0.20224242 -0.20224242 -0.20224242 -0.20224242  6.86094425
 -0.20224242 -0.20224242 -0.20224242 -0.20224242 -0.20224242 -0.20224242
 -0.20224242 -0.20224242 -0.20224242 -0.20224242 -0.20224242 -0.20224242
 -0.20224242 -0.20224242 -0.20224242 -0.20224242 -0.20224242 -0.20224242
 -0.20224242 -0.20224242 -0.20224242 -0.20224242 -0.20224242 -0.20224242
 -0.20224242 -0.20224242  7.14928385 -0.20224242 -0.20224242 -0.20224242
 -0.20224242 -0.20224242  1.72067705 -0.20224242 -0.20224242 -0.20224242
 -0.20224242 -0.20224242  1.65174444  1.40088379 -0.20224242 -0.20224242
 -0.20224242 -0.20224242 -0.20224242 -0.20224242 -0.20224242 -0.20224242
 -0.20224242 -0.20224242 -0.20224242 -0.20224242 -0.20224242 -0.20224242
 -0.20224242 -0.20224242 -0.20224242 -0.20224242 -0.20224242 -0.20224242
 -0.20224242 -0.20224242 -0.20224242 -0.20224242 -0.20224242 -0.20224242
 -0.20224242 -0.20224242 -0.20224242 -0.20224242 -0.20224242 -0.20224242
 -0.20224242 -0.20224242 -0.20224242 -0.20224242 -0.20224242 -0.20224242
 -0.20224242 -0.20224242 -0.20224242 -0.20224242 -0.20224242 -0.20224242
 -0.20224242 -0.20224242 -0.20224242 -0.20224242 -0.20224242 -0.20224242
 -0.20224242 -0.20224242 -0.20224242 -0.20224242 -0.20224242 -0.20224242
 -0.20224242 -0.20224242 -0.20224242 -0.20224242 -0.20224242 -0.20224242
 -0.20224242 -0.20224242 -0.20224242 -0.20224242 -0.20224242 -0.20224242
 -0.20224242 -0.20224242 -0.20224242 -0.20224242 -0.20224242 -0.20224242
 -0.20224242 -0.20224242 -0.20224242 -0.20224242 -0.20224242 -0.20224242
 -0.20224242 -0.20224242 -0.20224242 -0.20224242 -0.20224242 -0.20224242
  2.03958015 -0.20224242 -0.20224242 -0.20224242 -0.20224242  4.45917472
 -0.20224242 -0.20224242 -0.20224242 -0.20224242 -0.20224242 -0.20224242
 -0.20224242 -0.20224242 -0.20224242 -0.20224242 -0.20224242 -0.20224242
 -0.20224242 -0.20224242 -0.20224242 -0.20224242 -0.20224242 -0.20224242
 -0.20224242  1.10072694 -0.20224242 -0.20224242  0.54476577 -0.20224242
  5.50724094 -0.20224242 -0.20224242 -0.20224242 -0.20224242 -0.20224242
 -0.20224242 -0.20224242 -0.20224242 -0.20224242 -0.20224242 -0.20224242
 -0.20224242 -0.20224242 -0.20224242 -0.20224242 -0.20224242 -0.20224242
 -0.20224242 -0.20224242  3.41333283  3.60654688 -0.20224242  0.49993095
 -0.20224242 -0.20224242 -0.20224242 -0.20224242 -0.20224242 -0.20224242
 -0.20224242 -0.20224242  6.93261101 -0.20224242 -0.20224242  2.13237521
 -0.20224242  0.18457505 -0.20224242 -0.20224242 -0.20224242 -0.20224242
 -0.20224242 -0.20224242 -0.20224242 -0.20224242 -0.20224242  5.17740029
 -0.20224242 -0.20224242 -0.20224242 -0.20224242 -0.20224242  2.13237521
 -0.20224242  6.52419842 -0.20224242 -0.20224242 -0.20224242 -0.20224242
 -0.20224242 -0.20224242 -0.20224242 -0.20224242 -0.20224242 -0.20224242
 -0.20224242 -0.20224242 -0.20224242 -0.20224242 -0.20224242  6.23635192
 -0.20224242 -0.20224242 -0.20224242 -0.20224242 -0.20224242 -0.20224242
 -0.20224242 -0.20224242 -0.20224242 -0.20224242 -0.20224242 -0.20224242
 -0.20224242 -0.20224242 -0.20224242 -0.20224242 -0.20224242 -0.20224242
 -0.20224242 -0.20224242 -0.20224242 -0.20224242 -0.20224242 -0.20224242
 -0.20224242 -0.20224242 -0.20224242 -0.20224242 -0.20224242 -0.20224242
 -0.20224242 -0.20224242 -0.20224242 -0.20224242 -0.20224242 -0.20224242
 -0.20224242 -0.20224242 -0.20224242 -0.20224242 -0.20224242 -0.20224242
 -0.20224242 -0.20224242 -0.20224242 -0.20224242 -0.20224242 -0.20224242
 -0.20224242 -0.20224242 -0.20224242 -0.20224242 -0.20224242 -0.20224242
 -0.20224242 -0.20224242 -0.20224242 -0.20224242 -0.20224242 -0.20224242
 -0.20224242 -0.20224242 -0.20224242 -0.20224242 -0.20224242 -0.20224242
 -0.20224242 -0.20224242 -0.20224242 -0.20224242 -0.20224242 -0.20224242
 -0.20224242 -0.20224242 -0.20224242 -0.20224242 -0.20224242 -0.20224242
 -0.20224242 -0.20224242 -0.20224242 -0.20224242 -0.20224242 -0.20224242
 -0.20224242 -0.20224242 -0.20224242 -0.20224242 -0.20224242 -0.20224242
 -0.20224242 -0.20224242 -0.20224242 -0.20224242 -0.20224242 -0.20224242
 -0.20224242 -0.20224242 -0.20224242 -0.20224242 -0.20224242 -0.20224242
 -0.20224242 -0.20224242 -0.20224242 -0.20224242 -0.20224242 -0.20224242
 -0.20224242 -0.20224242 -0.20224242 -0.20224242  3.35207923 -0.20224242
 -0.20224242 -0.20224242 -0.20224242 -0.20224242 -0.20224242 -0.20224242
 -0.20224242 -0.20224242 -0.20224242 -0.20224242 -0.20224242 -0.20224242
 -0.20224242 -0.20224242 -0.20224242 -0.20224242 -0.20224242 -0.20224242
  3.14112589 -0.20224242 -0.20224242 -0.20224242 -0.20224242 -0.20224242
 -0.20224242 -0.20224242 -0.20224242 -0.20224242 -0.20224242 -0.20224242
 -0.20224242 -0.20224242 -0.20224242 -0.20224242 -0.20224242 -0.20224242
 -0.20224242 -0.20224242  3.75940749 -0.20224242 -0.20224242 -0.20224242
  5.55783801 -0.20224242 -0.20224242 -0.20224242 -0.20224242 -0.20224242
 -0.20224242 -0.20224242 -0.20224242 -0.20224242 -0.20224242 -0.20224242
 -0.20224242 -0.20224242 -0.20224242 -0.20224242 -0.20224242 -0.20224242
 -0.20224242  7.41516927  4.18958079 -0.20224242 -0.20224242 -0.20224242
 -0.20224242 -0.20224242 -0.20224242 -0.20224242 -0.20224242 -0.20224242
 -0.20224242 -0.20224242 -0.20224242 -0.20224242 -0.20224242 -0.20224242
 -0.20224242 -0.20224242 -0.20224242 -0.20224242 -0.20224242 -0.20224242
 -0.20224242 -0.20224242 -0.20224242 -0.20224242 -0.20224242 -0.20224242
 -0.20224242 -0.20224242  3.01559461 -0.20224242]",[0.0018635924218055322]
10,"[-0.17460137 -0.17460137 -0.17460137 -0.17460137 -0.17460137 -0.17460137
 -0.17460137 -0.17460137 -0.17460137 -0.17460137 -0.17460137 -0.17460137
 -0.17460137 -0.17460137 -0.17460137 -0.17460137 -0.17460137 -0.17460137
 -0.17460137 -0.17460137 -0.17460137 -0.17460137 -0.17460137 -0.17460137
 -0.17460137 -0.17460137 -0.17460137 -0.17460137 -0.17460137 -0.17460137
 -0.17460137 -0.17460137 -0.17460137 -0.17460137 -0.17460137 -0.17460137
 -0.17460137 -0.17460137 -0.17460137 -0.17460137 -0.17460137 -0.17460137
 -0.17460137 -0.17460137 -0.17460137 -0.17460137 -0.17460137 -0.17460137
 -0.17460137 -0.17460137 -0.17460137 -0.17460137 -0.17460137 -0.17460137
 -0.17460137 -0.17460137 -0.17460137 -0.17460137 -0.17460137 -0.17460137
 -0.17460137 -0.17460137 -0.17460137 -0.17460137 -0.17460137 -0.17460137
 -0.17460137 -0.17460137 -0.17460137 -0.17460137 -0.17460137 -0.17460137
 -0.17460137 -0.17460137 -0.17460137 -0.17460137 -0.17460137 -0.17460137
 -0.17460137 -0.17460137 -0.17460137 -0.17460137 -0.17460137  1.22086632
 -0.17460137 -0.17460137 -0.17460137 -0.17460137 -0.17460137 -0.17460137
 -0.17460137 -0.17460137  2.36871732 -0.17460137 -0.17460137 -0.17460137
 -0.17460137 -0.17460137 -0.17460137 -0.17460137 -0.17460137 -0.17460137
 -0.17460137 -0.17460137 -0.17460137 -0.17460137 -0.17460137 -0.17460137
 -0.17460137 -0.17460137  1.35525766 -0.17460137 -0.17460137 -0.17460137
 -0.17460137 -0.17460137 -0.17460137 -0.17460137 -0.17460137 -0.17460137
 -0.17460137 -0.17460137 -0.17460137 -0.17460137 -0.17460137 -0.17460137
 -0.17460137 -0.17460137 -0.17460137 -0.17460137 -0.17460137 -0.17460137
 -0.17460137 -0.17460137 -0.17460137 -0.17460137 -0.17460137 -0.17460137
 -0.17460137 -0.17460137 -0.17460137 -0.17460137 -0.17460137 -0.17460137
 -0.17460137 -0.17460137 -0.17460137 -0.17460137 -0.17460137 -0.17460137
 -0.17460137 -0.17460137 -0.17460137 -0.17460137 -0.17460137 -0.17460137
 -0.17460137 -0.17460137 -0.17460137 -0.17460137 -0.17460137 -0.17460137
 -0.17460137 -0.17460137 -0.17460137 -0.17460137 -0.17460137 -0.17460137
 -0.17460137 -0.17460137 -0.17460137 -0.17460137 -0.17460137 -0.17460137
 -0.17460137 -0.17460137 -0.17460137 -0.17460137 -0.17460137 -0.17460137
 -0.17460137 -0.17460137 -0.17460137 -0.17460137 -0.17460137 -0.17460137
 -0.17460137 -0.17460137 -0.17460137 -0.17460137 -0.17460137 -0.17460137
 -0.17460137 -0.17460137 -0.17460137 -0.17460137 -0.17460137 -0.17460137
 -0.17460137 -0.17460137  1.03997894 -0.17460137 -0.17460137 -0.17460137
 -0.17460137 -0.17460137 -0.17460137 -0.17460137 -0.17460137 -0.17460137
  1.15413701 -0.17460137 -0.17460137 -0.17460137 -0.17460137  2.42916936
 -0.17460137 -0.17460137 -0.17460137 -0.17460137 -0.17460137 -0.17460137
 -0.17460137 -0.17460137 -0.17460137 -0.17460137 -0.17460137 -0.17460137
 -0.17460137 -0.17460137 -0.17460137 -0.17460137 -0.17460137 -0.17460137
 -0.17460137  5.05161969 -0.17460137 -0.17460137 -0.17460137 -0.17460137
  3.87334515 -0.17460137 -0.17460137  1.90602442 -0.17460137 -0.17460137
 -0.17460137 -0.17460137 -0.17460137 -0.17460137 -0.17460137 -0.17460137
 -0.17460137 -0.17460137 -0.17460137 -0.17460137 -0.17460137 -0.17460137
 -0.17460137 -0.17460137  5.61307447  3.02900104 -0.17460137  0.35680535
 -0.17460137 -0.17460137 -0.17460137 -0.17460137 -0.17460137 -0.17460137
 -0.17460137 -0.17460137 -0.17460137 -0.17460137  5.43153961 -0.17460137
 -0.17460137 -0.17460137 -0.17460137 -0.17460137 -0.17460137 -0.17460137
 -0.17460137  4.93801232 -0.17460137 -0.17460137 -0.17460137  8.74138253
  3.16124749 -0.17460137 -0.17460137 -0.17460137 -0.17460137 -0.17460137
 -0.17460137 -0.17460137 -0.17460137 -0.17460137 -0.17460137 -0.17460137
 -0.17460137 -0.17460137 -0.17460137 -0.17460137 -0.17460137 -0.17460137
  3.62624465 -0.17460137 -0.17460137 -0.17460137 -0.17460137  6.58554855
 -0.17460137 -0.17460137 -0.17460137 -0.17460137 -0.17460137 -0.17460137
 -0.17460137 -0.17460137 -0.17460137 -0.17460137 -0.17460137 -0.17460137
 -0.17460137 -0.17460137 -0.17460137 -0.17460137 -0.17460137 -0.17460137
 -0.17460137 -0.17460137 -0.17460137 -0.17460137 -0.17460137 -0.17460137
 -0.17460137 -0.17460137 -0.17460137 -0.17460137 -0.17460137 -0.17460137
 -0.17460137 -0.17460137 -0.17460137 -0.17460137 -0.17460137 -0.17460137
 -0.17460137 -0.17460137 -0.17460137 -0.17460137 -0.17460137 -0.17460137
 -0.17460137 -0.17460137 -0.17460137 -0.17460137 -0.17460137 -0.17460137
 -0.17460137 -0.17460137 -0.17460137 -0.17460137 -0.17460137 -0.17460137
 -0.17460137 -0.17460137 -0.17460137 -0.17460137 -0.17460137 -0.17460137
 -0.17460137 -0.17460137 -0.17460137 -0.17460137 -0.17460137 -0.17460137
 -0.17460137 -0.17460137 -0.17460137 -0.17460137 -0.17460137 -0.17460137
 -0.17460137 -0.17460137 -0.17460137 -0.17460137 -0.17460137 -0.17460137
 -0.17460137 -0.17460137 -0.17460137 -0.17460137 -0.17460137 -0.17460137
 -0.17460137 -0.17460137 -0.17460137 -0.17460137 -0.17460137 -0.17460137
 -0.17460137 -0.17460137 -0.17460137 -0.17460137 -0.17460137 -0.17460137
 -0.17460137 -0.17460137 -0.17460137 -0.17460137 -0.17460137 -0.17460137
 -0.17460137 -0.17460137 -0.17460137 -0.17460137 -0.17460137 -0.17460137
 -0.17460137 -0.17460137 -0.17460137 -0.17460137 -0.17460137 -0.17460137
 -0.17460137 -0.17460137 -0.17460137 -0.17460137 -0.17460137 -0.17460137
 -0.17460137 -0.17460137 -0.17460137 -0.17460137 -0.17460137 -0.17460137
 -0.17460137 -0.17460137 -0.17460137 -0.17460137 -0.17460137 -0.17460137
 -0.17460137 -0.17460137 -0.17460137 -0.17460137 -0.17460137 -0.17460137
  0.51124132 -0.17460137 -0.17460137 -0.17460137 -0.17460137 -0.17460137
 -0.17460137 -0.17460137 -0.17460137 -0.17460137 -0.17460137 -0.17460137
 -0.17460137 -0.17460137  7.91578334 -0.17460137 -0.17460137 -0.17460137
 11.32445817 -0.17460137 -0.17460137 -0.17460137 -0.17460137 -0.17460137
 -0.17460137 -0.17460137 -0.17460137 -0.17460137 -0.17460137 -0.17460137
 -0.17460137 -0.17460137 -0.17460137 -0.17460137 -0.17460137 -0.17460137
 -0.17460137  3.4176046  -0.17460137 -0.17460137 -0.17460137 -0.17460137
 -0.17460137 -0.17460137 -0.17460137 -0.17460137 -0.17460137 -0.17460137
 -0.17460137 -0.17460137 -0.17460137 -0.17460137 -0.17460137 -0.17460137
 -0.17460137 -0.17460137 -0.17460137 -0.17460137 -0.17460137 -0.17460137
 -0.17460137 -0.17460137 -0.17460137 -0.17460137 -0.17460137 -0.17460137
 -0.17460137 -0.17460137  1.72582164 -0.17460137]",[-0.04566463685834593]
10,"[-0.20785409 -0.20785409 -0.20785409 -0.20785409 -0.20785409 -0.20785409
 -0.20785409 -0.20785409 -0.20785409 -0.20785409 -0.20785409 -0.20785409
 -0.20785409 -0.20785409 -0.20785409 -0.20785409 -0.20785409 -0.20785409
 -0.20785409 -0.20785409 -0.20785409 -0.20785409 -0.20785409 -0.20785409
 -0.20785409 -0.20785409 -0.20785409 -0.20785409 -0.20785409 -0.20785409
 -0.20785409 -0.20785409 -0.20785409 -0.20785409 -0.20785409 -0.20785409
 -0.20785409 -0.20785409 -0.20785409 -0.20785409 -0.20785409 -0.20785409
 -0.20785409 -0.20785409 -0.20785409 -0.20785409 -0.20785409 -0.20785409
 -0.20785409 -0.20785409 -0.20785409 -0.20785409 -0.20785409 -0.20785409
 -0.20785409 -0.20785409 -0.20785409 -0.20785409 -0.20785409 -0.20785409
 -0.20785409 -0.20785409 -0.20785409 -0.20785409 -0.20785409 -0.20785409
 -0.20785409 -0.20785409 -0.20785409 -0.20785409 -0.20785409 -0.20785409
 -0.20785409 -0.20785409 -0.20785409 -0.20785409 -0.20785409 -0.20785409
 -0.20785409 -0.20785409 -0.20785409 -0.20785409 -0.20785409  3.53907055
 -0.20785409 -0.20785409 -0.20785409 -0.20785409 -0.20785409 -0.20785409
 -0.20785409 -0.20785409 -0.20785409 -0.20785409 -0.20785409 -0.20785409
 -0.20785409 -0.20785409 -0.20785409 -0.20785409 -0.20785409 -0.20785409
 -0.20785409 -0.20785409 -0.20785409 -0.20785409 -0.20785409 -0.20785409
 -0.20785409 -0.20785409  8.2112302  -0.20785409 -0.20785409 -0.20785409
  2.19116971 -0.20785409 -0.20785409 -0.20785409 -0.20785409 -0.20785409
 -0.20785409 -0.20785409 -0.20785409 -0.20785409 -0.20785409 -0.20785409
 -0.20785409 -0.20785409 -0.20785409 -0.20785409 -0.20785409 -0.20785409
 -0.20785409 -0.20785409 -0.20785409 -0.20785409 -0.20785409 -0.20785409
 -0.20785409 -0.20785409 -0.20785409 -0.20785409 -0.20785409 -0.20785409
 -0.20785409 -0.20785409 -0.20785409 -0.20785409 -0.20785409 -0.20785409
 -0.20785409 -0.20785409 -0.20785409 -0.20785409 -0.20785409 -0.20785409
 -0.20785409 -0.20785409 -0.20785409 -0.20785409 -0.20785409 -0.20785409
 -0.20785409  2.142359   -0.20785409 -0.20785409 -0.20785409 -0.20785409
 -0.20785409 -0.20785409 -0.20785409 -0.20785409 -0.20785409 -0.20785409
 -0.20785409 -0.20785409 -0.20785409 -0.20785409 -0.20785409 -0.20785409
 -0.20785409 -0.20785409 -0.20785409 -0.20785409 -0.20785409 -0.20785409
 -0.20785409 -0.20785409 -0.20785409 -0.20785409 -0.20785409 -0.20785409
 -0.20785409 -0.20785409 -0.20785409 -0.20785409 -0.20785409 -0.20785409
 -0.20785409 -0.20785409  2.37607928 -0.20785409 -0.20785409 -0.20785409
 -0.20785409 -0.20785409 -0.20785409 -0.20785409 -0.20785409 -0.20785409
 -0.20785409 -0.20785409 -0.20785409 -0.20785409 -0.20785409  1.64061843
 -0.20785409 -0.20785409 -0.20785409 -0.20785409 -0.20785409 -0.20785409
 -0.20785409 -0.20785409 -0.20785409 -0.20785409 -0.20785409 -0.20785409
 -0.20785409 -0.20785409 -0.20785409 -0.20785409 -0.20785409 -0.20785409
 -0.20785409  4.27092726 -0.20785409 -0.20785409  4.77769233 -0.20785409
  4.21020635 -0.20785409  4.63876087 -0.20785409 -0.20785409 -0.20785409
 -0.20785409 -0.20785409 -0.20785409 -0.20785409 -0.20785409 -0.20785409
 -0.20785409 -0.20785409 -0.20785409  5.69939479 -0.20785409 -0.20785409
 -0.20785409 -0.20785409 -0.20785409  3.32814277 -0.20785409  0.86061641
 -0.20785409 -0.20785409 -0.20785409  3.86858546 -0.20785409 -0.20785409
  3.54576256 -0.20785409 -0.20785409 -0.20785409  4.16458107 -0.20785409
 -0.20785409 -0.20785409 -0.20785409 -0.20785409  2.39410028 -0.20785409
 -0.20785409  2.07138566 -0.20785409 -0.20785409 -0.20785409  6.10883498
 -0.20785409 -0.20785409 -0.20785409 -0.20785409 -0.20785409 -0.20785409
 -0.20785409 -0.20785409  6.65604557 -0.20785409 -0.20785409 -0.20785409
 -0.20785409 -0.20785409 -0.20785409 -0.20785409 -0.20785409 -0.20785409
  7.80822918 -0.20785409 -0.20785409 -0.20785409 -0.20785409  2.87413049
 -0.20785409 -0.20785409 -0.20785409 -0.20785409 -0.20785409 -0.20785409
 -0.20785409 -0.20785409 -0.20785409 -0.20785409 -0.20785409 -0.20785409
 -0.20785409 -0.20785409 -0.20785409 -0.20785409 -0.20785409 -0.20785409
 -0.20785409 -0.20785409 -0.20785409 -0.20785409 -0.20785409 -0.20785409
 -0.20785409 -0.20785409 -0.20785409 -0.20785409 -0.20785409 -0.20785409
 -0.20785409 -0.20785409 -0.20785409 -0.20785409 -0.20785409 -0.20785409
 -0.20785409 -0.20785409 -0.20785409 -0.20785409 -0.20785409 -0.20785409
 -0.20785409 -0.20785409 -0.20785409 -0.20785409 -0.20785409 -0.20785409
 -0.20785409 -0.20785409 -0.20785409 -0.20785409 -0.20785409 -0.20785409
 -0.20785409 -0.20785409 -0.20785409 -0.20785409 -0.20785409 -0.20785409
 -0.20785409 -0.20785409 -0.20785409 -0.20785409 -0.20785409 -0.20785409
 -0.20785409 -0.20785409 -0.20785409 -0.20785409 -0.20785409 -0.20785409
 -0.20785409 -0.20785409 -0.20785409 -0.20785409 -0.20785409 -0.20785409
 -0.20785409 -0.20785409 -0.20785409 -0.20785409 -0.20785409 -0.20785409
 -0.20785409 -0.20785409 -0.20785409 -0.20785409 -0.20785409 -0.20785409
 -0.20785409 -0.20785409 -0.20785409 -0.20785409 -0.20785409 -0.20785409
 -0.20785409 -0.20785409 -0.20785409 -0.20785409 -0.20785409 -0.20785409
 -0.20785409 -0.20785409 -0.20785409 -0.20785409 -0.20785409 -0.20785409
 -0.20785409 -0.20785409 -0.20785409 -0.20785409 -0.20785409 -0.20785409
 -0.20785409 -0.20785409 -0.20785409 -0.20785409 -0.20785409 -0.20785409
 -0.20785409 -0.20785409 -0.20785409 -0.20785409 -0.20785409 -0.20785409
 -0.20785409 -0.20785409 -0.20785409 -0.20785409 -0.20785409 -0.20785409
 -0.20785409 -0.20785409 -0.20785409 -0.20785409 -0.20785409 -0.20785409
 -0.20785409 -0.20785409 -0.20785409 -0.20785409 -0.20785409 -0.20785409
 -0.20785409 -0.20785409 -0.20785409 -0.20785409 -0.20785409 -0.20785409
 -0.20785409 -0.20785409  4.59353352 -0.20785409 -0.20785409 -0.20785409
  6.24213963 -0.20785409 -0.20785409 -0.20785409  2.76949181 -0.20785409
 -0.20785409 -0.20785409 -0.20785409 -0.20785409 -0.20785409 -0.20785409
 -0.20785409 -0.20785409 -0.20785409 -0.20785409 -0.20785409 -0.20785409
 -0.20785409  1.69683092 -0.20785409 -0.20785409 -0.20785409 -0.20785409
 -0.20785409 -0.20785409 -0.20785409 -0.20785409 -0.20785409 -0.20785409
 -0.20785409 -0.20785409 -0.20785409 -0.20785409 -0.20785409 -0.20785409
 -0.20785409 -0.20785409 -0.20785409 -0.20785409 -0.20785409 -0.20785409
 -0.20785409 -0.20785409 -0.20785409 -0.20785409 -0.20785409 -0.20785409
 -0.20785409 -0.20785409 -0.20785409 -0.20785409]",[-0.004430696037974607]
10,"[-0.22812781 -0.22812781 -0.22812781 -0.22812781 -0.22812781 -0.22812781
 -0.22812781 -0.22812781 -0.22812781 -0.22812781 -0.22812781 -0.22812781
 -0.22812781 -0.22812781 -0.22812781 -0.22812781 -0.22812781 -0.22812781
 -0.22812781 -0.22812781 -0.22812781 -0.22812781 -0.22812781 -0.22812781
 -0.22812781 -0.22812781 -0.22812781 -0.22812781 -0.22812781 -0.22812781
 -0.22812781 -0.22812781 -0.22812781 -0.22812781 -0.22812781 -0.22812781
 -0.22812781 -0.22812781 -0.22812781 -0.22812781 -0.22812781 -0.22812781
 -0.22812781 -0.22812781 -0.22812781 -0.22812781 -0.22812781 -0.22812781
 -0.22812781 -0.22812781 -0.22812781 -0.22812781 -0.22812781 -0.22812781
 -0.22812781 -0.22812781 -0.22812781 -0.22812781 -0.22812781 -0.22812781
 -0.22812781 -0.22812781 -0.22812781 -0.22812781 -0.22812781 -0.22812781
 -0.22812781 -0.22812781 -0.22812781 -0.22812781 -0.22812781 -0.22812781
 -0.22812781 -0.22812781 -0.22812781 -0.22812781 -0.22812781 -0.22812781
 -0.22812781 -0.22812781 -0.22812781 -0.22812781 -0.22812781  7.27261072
 -0.22812781 -0.22812781 -0.22812781 -0.22812781 -0.22812781  4.83454436
 -0.22812781 -0.22812781 -0.22812781 -0.22812781 -0.22812781 -0.22812781
 -0.22812781 -0.22812781 -0.22812781 -0.22812781 -0.22812781 -0.22812781
 -0.22812781 -0.22812781 -0.22812781 -0.22812781 -0.22812781 -0.22812781
 -0.22812781 -0.22812781  7.10725274 -0.22812781 -0.22812781 -0.22812781
 -0.22812781 -0.22812781  5.68824405 -0.22812781 -0.22812781 -0.22812781
 -0.22812781 -0.22812781 -0.22812781 -0.22812781  4.78946728 -0.22812781
 -0.22812781 -0.22812781 -0.22812781 -0.22812781 -0.22812781 -0.22812781
 -0.22812781 -0.22812781 -0.22812781 -0.22812781 -0.22812781 -0.22812781
 -0.22812781 -0.22812781 -0.22812781 -0.22812781 -0.22812781 -0.22812781
 -0.22812781 -0.22812781 -0.22812781 -0.22812781 -0.22812781 -0.22812781
 -0.22812781 -0.22812781 -0.22812781 -0.22812781 -0.22812781 -0.22812781
 -0.22812781 -0.22812781 -0.22812781 -0.22812781 -0.22812781 -0.22812781
 -0.22812781 -0.22812781 -0.22812781 -0.22812781 -0.22812781 -0.22812781
 -0.22812781 -0.22812781 -0.22812781 -0.22812781 -0.22812781 -0.22812781
 -0.22812781 -0.22812781 -0.22812781 -0.22812781 -0.22812781 -0.22812781
 -0.22812781 -0.22812781 -0.22812781 -0.22812781 -0.22812781 -0.22812781
 -0.22812781 -0.22812781 -0.22812781 -0.22812781 -0.22812781 -0.22812781
 -0.22812781 -0.22812781 -0.22812781 -0.22812781 -0.22812781 -0.22812781
 -0.22812781 -0.22812781 -0.22812781 -0.22812781 -0.22812781 -0.22812781
 -0.22812781 -0.22812781 -0.22812781 -0.22812781 -0.22812781 -0.22812781
  4.47227026 -0.22812781 -0.09393349 -0.22812781 -0.22812781  1.23800804
 -0.22812781 -0.22812781 -0.22812781 -0.22812781 -0.22812781 -0.22812781
 -0.22812781 -0.22812781 -0.22812781 -0.22812781 -0.22812781 -0.22812781
 -0.22812781 -0.22812781 -0.22812781 -0.22812781 -0.22812781 -0.22812781
 -0.22812781  2.94867579 -0.22812781  1.68448468  4.06339011 -0.22812781
  2.31662303  1.06453093  2.70079997 -0.22812781 -0.22812781 -0.22812781
 -0.22812781 -0.22812781 -0.22812781  2.6192141  -0.22812781 -0.22812781
 -0.22812781 -0.22812781 -0.22812781  4.88764232  3.39159081 -0.22812781
 -0.22812781  3.50119583 -0.22812781  2.58107382 -0.22812781  0.37652836
 -0.22812781 -0.22812781 -0.22812781  3.17675607 -0.22812781 -0.22812781
 -0.22812781 -0.22812781  5.37904721 -0.22812781  5.97572309 -0.22812781
 -0.22812781 -0.22812781 -0.22812781 -0.22812781  2.27535087 -0.22812781
  2.1494451   2.05494269 -0.22812781 -0.22812781 -0.22812781  5.14845993
 -0.22812781 -0.22812781 -0.22812781 -0.22812781 -0.22812781 -0.22812781
 -0.22812781 -0.22812781 -0.22812781 -0.22812781 -0.22812781 -0.22812781
 -0.22812781 -0.22812781 -0.22812781 -0.22812781  4.54816759 -0.22812781
 -0.22812781 -0.22812781 -0.22812781 -0.22812781 -0.22812781 -0.22812781
 -0.22812781 -0.22812781 -0.22812781 -0.22812781 -0.22812781 -0.22812781
 -0.22812781 -0.22812781 -0.22812781 -0.22812781 -0.22812781 -0.22812781
 -0.22812781 -0.22812781 -0.22812781 -0.22812781 -0.22812781 -0.22812781
 -0.22812781 -0.22812781 -0.22812781 -0.22812781 -0.22812781 -0.22812781
 -0.22812781 -0.22812781 -0.22812781 -0.22812781 -0.22812781 -0.22812781
 -0.22812781 -0.22812781 -0.22812781 -0.22812781 -0.22812781 -0.22812781
 -0.22812781 -0.22812781 -0.22812781 -0.22812781 -0.22812781 -0.22812781
 -0.22812781 -0.22812781 -0.22812781 -0.22812781 -0.22812781 -0.22812781
 -0.22812781 -0.22812781 -0.22812781 -0.22812781 -0.22812781 -0.22812781
 -0.22812781 -0.22812781 -0.22812781 -0.22812781 -0.22812781 -0.22812781
 -0.22812781 -0.22812781 -0.22812781 -0.22812781 -0.22812781 -0.22812781
 -0.22812781 -0.22812781 -0.22812781 -0.22812781 -0.22812781 -0.22812781
 -0.22812781 -0.22812781 -0.22812781 -0.22812781 -0.22812781 -0.22812781
 -0.22812781 -0.22812781 -0.22812781 -0.22812781 -0.22812781 -0.22812781
 -0.22812781 -0.22812781 -0.22812781 -0.22812781 -0.22812781 -0.22812781
 -0.22812781 -0.22812781 -0.22812781 -0.22812781 -0.22812781 -0.22812781
 -0.22812781 -0.22812781 -0.22812781 -0.22812781 -0.22812781 -0.22812781
 -0.22812781 -0.22812781 -0.22812781 -0.22812781 -0.22812781 -0.22812781
 -0.22812781 -0.22812781 -0.22812781 -0.22812781  3.45397143  5.95700369
 -0.22812781 -0.22812781 -0.22812781 -0.22812781 -0.22812781 -0.22812781
 -0.22812781 -0.22812781 -0.22812781 -0.22812781 -0.22812781 -0.22812781
 -0.22812781 -0.22812781 -0.22812781 -0.22812781 -0.22812781 -0.22812781
 -0.22812781 -0.22812781 -0.22812781 -0.22812781 -0.22812781 -0.22812781
 -0.22812781 -0.22812781 -0.22812781 -0.22812781 -0.22812781 -0.22812781
 -0.22812781 -0.22812781 -0.22812781 -0.22812781 -0.22812781 -0.22812781
 -0.22812781 -0.22812781  0.86117365 -0.22812781 -0.22812781 -0.22812781
 -0.22812781 -0.22812781 -0.22812781 -0.22812781 -0.22812781 -0.22812781
 -0.22812781 -0.22812781 -0.22812781 -0.22812781 -0.22812781 -0.22812781
 -0.22812781 -0.22812781 -0.22812781 -0.22812781 -0.22812781 -0.22812781
 -0.22812781  1.65997107 -0.22812781 -0.22812781 -0.22812781 -0.22812781
 -0.22812781 -0.22812781 -0.22812781 -0.22812781 -0.22812781 -0.22812781
 -0.22812781 -0.22812781 -0.22812781 -0.22812781 -0.22812781 -0.22812781
 -0.22812781 -0.22812781 -0.22812781 -0.22812781 -0.22812781 -0.22812781
 -0.22812781 -0.22812781 -0.22812781 -0.22812781 -0.22812781 -0.22812781
 -0.22812781 -0.22812781  1.01401789 -0.22812781]",[-0.024047071428545452]
10,"[-0.21876874 -0.21876874 -0.21876874 -0.21876874 -0.21876874 -0.21876874
 -0.21876874 -0.21876874 -0.21876874 -0.21876874 -0.21876874 -0.21876874
 -0.21876874 -0.21876874 -0.21876874 -0.21876874 -0.21876874 -0.21876874
 -0.21876874 -0.21876874 -0.21876874 -0.21876874 -0.21876874 -0.21876874
 -0.21876874 -0.21876874 -0.21876874 -0.21876874 -0.21876874 -0.21876874
 -0.21876874 -0.21876874 -0.21876874 -0.21876874 -0.21876874 -0.21876874
 -0.21876874 -0.21876874 -0.21876874 -0.21876874 -0.21876874 -0.21876874
 -0.21876874 -0.21876874 -0.21876874 -0.21876874 -0.21876874 -0.21876874
 -0.21876874 -0.21876874 -0.21876874 -0.21876874 -0.21876874 -0.21876874
 -0.21876874 -0.21876874 -0.21876874 -0.21876874 -0.21876874 -0.21876874
 -0.21876874 -0.21876874 -0.21876874 -0.21876874 -0.21876874 -0.21876874
 -0.21876874 -0.21876874 -0.21876874 -0.21876874 -0.21876874 -0.21876874
 -0.21876874 -0.21876874 -0.21876874 -0.21876874 -0.21876874 -0.21876874
 -0.21876874 -0.21876874 -0.21876874 -0.21876874 -0.21876874  7.43921835
 -0.21876874 -0.21876874  3.43061066 -0.21876874 -0.21876874  2.20356836
 -0.21876874 -0.21876874 -0.21876874 -0.21876874 -0.21876874 -0.21876874
 -0.21876874 -0.21876874 -0.21876874 -0.21876874 -0.21876874 -0.21876874
 -0.21876874 -0.21876874 -0.21876874 -0.21876874 -0.21876874 -0.21876874
 -0.21876874 -0.21876874  6.14172227 -0.21876874 -0.21876874 -0.21876874
 -0.21876874 -0.21876874  2.86441819 -0.21876874 -0.21876874 -0.21876874
 -0.21876874 -0.21876874 -0.21876874 -0.21876874 -0.21876874 -0.21876874
 -0.21876874 -0.21876874 -0.21876874 -0.21876874 -0.21876874 -0.21876874
 -0.21876874 -0.21876874 -0.21876874 -0.21876874 -0.21876874 -0.21876874
 -0.21876874 -0.21876874 -0.21876874 -0.21876874 -0.21876874 -0.21876874
 -0.21876874 -0.21876874 -0.21876874 -0.21876874 -0.21876874 -0.21876874
 -0.21876874 -0.21876874 -0.21876874 -0.21876874 -0.21876874 -0.21876874
 -0.21876874 -0.21876874 -0.21876874 -0.21876874 -0.21876874 -0.21876874
 -0.21876874 -0.21876874 -0.21876874 -0.21876874 -0.21876874 -0.21876874
 -0.21876874 -0.21876874 -0.21876874 -0.21876874 -0.21876874 -0.21876874
 -0.21876874 -0.21876874 -0.21876874 -0.21876874 -0.21876874 -0.21876874
 -0.21876874 -0.21876874 -0.21876874 -0.21876874 -0.21876874 -0.21876874
 -0.21876874 -0.21876874 -0.21876874 -0.21876874 -0.21876874 -0.21876874
 -0.21876874 -0.21876874 -0.21876874 -0.21876874 -0.21876874 -0.21876874
 -0.21876874 -0.21876874 -0.21876874 -0.21876874 -0.21876874  1.51856336
 -0.21876874 -0.21876874 -0.21876874 -0.21876874 -0.21876874 -0.21876874
  1.20168132 -0.21876874 -0.21876874 -0.21876874 -0.21876874  3.99672968
 -0.21876874 -0.21876874 -0.21876874 -0.21876874 -0.21876874 -0.21876874
 -0.21876874 -0.21876874 -0.21876874 -0.21876874 -0.21876874 -0.21876874
 -0.21876874 -0.21876874 -0.21876874 -0.21876874 -0.21876874 -0.21876874
 -0.21876874  4.61702487 -0.21876874  3.65438759  2.22566058 -0.21876874
  3.25034669 -0.21876874 -0.21876874 -0.21876874 -0.21876874 -0.21876874
 -0.21876874 -0.21876874 -0.21876874 -0.21876874 -0.21876874 -0.21876874
 -0.21876874 -0.21876874 -0.21876874  2.35313133  3.74810531 -0.21876874
 -0.21876874 -0.21876874 -0.21876874  3.44697849 -0.21876874  0.04714192
 -0.21876874 -0.21876874 -0.21876874 -0.21876874 -0.21876874 -0.21876874
  0.80327794 -0.21876874  3.73185673 -0.21876874  2.38214106 -0.21876874
 -0.21876874 -0.21876874 -0.21876874 -0.21876874 -0.21876874 -0.21876874
 -0.21876874  2.25079818 -0.21876874 -0.21876874 -0.21876874  3.71822266
 -0.21876874 -0.21876874 -0.21876874 -0.21876874 -0.21876874 -0.21876874
 -0.21876874 -0.21876874 -0.21876874 -0.21876874 -0.21876874 -0.21876874
 -0.21876874 -0.21876874 -0.21876874 -0.21876874 -0.21876874 -0.21876874
  3.77305128  6.31524413 -0.21876874 -0.21876874 -0.21876874  3.61422601
 -0.21876874 -0.21876874 -0.21876874 -0.21876874 -0.21876874 -0.21876874
 -0.21876874 -0.21876874 -0.21876874 -0.21876874 -0.21876874 -0.21876874
 -0.21876874 -0.21876874 -0.21876874 -0.21876874 -0.21876874 -0.21876874
 -0.21876874 -0.21876874 -0.21876874 -0.21876874 -0.21876874 -0.21876874
 -0.21876874 -0.21876874 -0.21876874 -0.21876874 -0.21876874 -0.21876874
 -0.21876874 -0.21876874 -0.21876874 -0.21876874 -0.21876874 -0.21876874
 -0.21876874 -0.21876874 -0.21876874 -0.21876874 -0.21876874 -0.21876874
 -0.21876874 -0.21876874 -0.21876874 -0.21876874 -0.21876874 -0.21876874
 -0.21876874 -0.21876874 -0.21876874 -0.21876874 -0.21876874 -0.21876874
 -0.21876874 -0.21876874 -0.21876874 -0.21876874 -0.21876874 -0.21876874
 -0.21876874 -0.21876874 -0.21876874 -0.21876874 -0.21876874 -0.21876874
 -0.21876874 -0.21876874 -0.21876874 -0.21876874 -0.21876874 -0.21876874
 -0.21876874 -0.21876874 -0.21876874 -0.21876874 -0.21876874 -0.21876874
 -0.21876874 -0.21876874 -0.21876874 -0.21876874 -0.21876874 -0.21876874
 -0.21876874 -0.21876874 -0.21876874 -0.21876874 -0.21876874 -0.21876874
 -0.21876874 -0.21876874 -0.21876874 -0.21876874 -0.21876874 -0.21876874
 -0.21876874 -0.21876874 -0.21876874 -0.21876874 -0.21876874 -0.21876874
 -0.21876874 -0.21876874 -0.21876874 -0.21876874 -0.21876874 -0.21876874
 -0.21876874 -0.21876874 -0.21876874 -0.21876874 -0.21876874 -0.21876874
 -0.21876874 -0.21876874 -0.21876874 -0.21876874 -0.21876874 -0.21876874
 -0.21876874 -0.21876874 -0.21876874 -0.21876874 -0.21876874 -0.21876874
 -0.21876874 -0.21876874 -0.21876874 -0.21876874 -0.21876874 -0.21876874
 -0.21876874 -0.21876874 -0.21876874 -0.21876874 -0.21876874 -0.21876874
 -0.21876874 -0.21876874 -0.21876874 -0.21876874 -0.21876874 -0.21876874
 -0.21876874 -0.21876874 -0.21876874 -0.21876874 -0.21876874 -0.21876874
 -0.21876874 -0.21876874  5.56227481 -0.21876874  7.7128985  -0.21876874
 -0.21876874 -0.21876874 -0.21876874 -0.21876874 -0.21876874 -0.21876874
  6.05930538 -0.21876874 -0.21876874 -0.21876874 -0.21876874 -0.21876874
 -0.21876874 -0.21876874 -0.21876874 -0.21876874 -0.21876874  4.7896702
 -0.21876874  4.56319739 -0.21876874 -0.21876874 -0.21876874 -0.21876874
 -0.21876874 -0.21876874 -0.21876874 -0.21876874 -0.21876874 -0.21876874
 -0.21876874 -0.21876874 -0.21876874 -0.21876874 -0.21876874 -0.21876874
 -0.21876874 -0.21876874 -0.21876874 -0.21876874 -0.21876874 -0.21876874
 -0.21876874 -0.21876874 -0.21876874 -0.21876874 -0.21876874 -0.21876874
 -0.21876874 -0.21876874 -0.21876874 -0.21876874]",[-0.012537219243612174]
10,"[-0.24996752 -0.24996752 -0.24996752 -0.24996752 -0.13270486 -0.24996752
 -0.24996752 -0.24996752 -0.24996752 -0.24996752 -0.24996752 -0.24996752
 -0.24996752 -0.24996752 -0.24996752 -0.24996752 -0.24996752 -0.24996752
 -0.24996752 -0.24996752 -0.24996752 -0.24996752 -0.24996752 -0.24996752
 -0.24996752 -0.24996752 -0.24996752 -0.24996752 -0.24996752 -0.24996752
 -0.24996752 -0.24996752 -0.24996752 -0.24996752 -0.24996752 -0.24996752
 -0.24996752 -0.24996752 -0.24996752 -0.24996752 -0.24996752 -0.24996752
 -0.24996752 -0.24996752 -0.24996752 -0.24996752 -0.24996752 -0.24996752
 -0.24996752 -0.24996752 -0.24996752 -0.24996752 -0.24996752 -0.24996752
 -0.24996752 -0.24996752 -0.24996752 -0.24996752 -0.24996752 -0.24996752
 -0.24996752 -0.24996752 -0.24996752 -0.24996752 -0.24996752 -0.24996752
 -0.24996752 -0.24996752 -0.24996752 -0.24996752 -0.24996752 -0.24996752
 -0.24996752 -0.24996752 -0.24996752 -0.24996752 -0.24996752 -0.24996752
 -0.24996752 -0.24996752 -0.24996752 -0.24996752 -0.24996752  7.2961811
 -0.24996752 -0.24996752 -0.24996752  2.39043722 -0.24996752  3.56810296
 -0.24996752 -0.24996752 -0.24996752 -0.24996752 -0.24996752 -0.24996752
 -0.24996752 -0.24996752 -0.24996752 -0.24996752 -0.24996752 -0.24996752
 -0.24996752 -0.24996752 -0.24996752 -0.24996752 -0.24996752 -0.24996752
 -0.24996752 -0.24996752  6.41481574  3.40990655 -0.24996752 -0.24996752
 -0.24996752 -0.24996752  5.96605612 -0.24996752 -0.24996752 -0.24996752
 -0.24996752 -0.24996752 -0.24996752 -0.24996752  5.16366301 -0.24996752
 -0.24996752 -0.24996752 -0.24996752 -0.24996752 -0.24996752 -0.24996752
 -0.24996752 -0.24996752 -0.24996752 -0.24996752 -0.24996752 -0.24996752
 -0.24996752 -0.24996752 -0.24996752 -0.24996752 -0.24996752 -0.24996752
 -0.24996752 -0.24996752 -0.24996752 -0.24996752 -0.24996752 -0.24996752
 -0.24996752 -0.24996752 -0.24996752 -0.24996752 -0.24996752 -0.24996752
 -0.24996752 -0.24996752 -0.24996752 -0.24996752 -0.24996752 -0.24996752
 -0.24996752 -0.24996752 -0.24996752 -0.24996752 -0.24996752 -0.24996752
 -0.24996752 -0.24996752 -0.24996752 -0.24996752 -0.24996752 -0.24996752
 -0.24996752 -0.24996752 -0.24996752 -0.24996752 -0.24996752 -0.24996752
 -0.24996752 -0.24996752 -0.24996752 -0.24996752 -0.24996752 -0.24996752
 -0.24996752 -0.24996752 -0.24996752 -0.24996752 -0.24996752 -0.24996752
 -0.24996752 -0.24996752 -0.24996752 -0.24996752 -0.24996752 -0.24996752
 -0.24996752 -0.24996752 -0.24996752 -0.24996752 -0.24996752 -0.24996752
 -0.24996752 -0.24996752 -0.24996752 -0.24996752 -0.24996752  1.20415291
  2.92205617 -0.24996752 -0.24996752 -0.24996752 -0.24996752  1.1792353
 -0.24996752 -0.24996752 -0.24996752 -0.24996752 -0.24996752 -0.24996752
 -0.24996752 -0.24996752 -0.24996752 -0.24996752 -0.24996752 -0.24996752
 -0.24996752 -0.24996752 -0.24996752 -0.24996752 -0.24996752 -0.24996752
 -0.24996752  2.41885374 -0.24996752  3.93524325  3.6712864  -0.24996752
  3.28827285  1.75937207 -0.24996752  3.36309479 -0.24996752 -0.24996752
 -0.24996752 -0.24996752 -0.24996752 -0.24996752 -0.24996752 -0.24996752
 -0.24996752 -0.24996752 -0.24996752  3.44192464  1.58420194 -0.24996752
 -0.24996752 -0.24996752 -0.24996752  3.18689395 -0.24996752  2.68509972
 -0.24996752 -0.24996752 -0.24996752  1.4011684   1.67973047 -0.24996752
  2.21221874 -0.24996752  6.47535723 -0.24996752  4.12924271 -0.24996752
 -0.24996752  3.75685019 -0.24996752 -0.24996752  3.3852332  -0.24996752
 -0.24996752  0.59027116 -0.24996752 -0.24996752 -0.24996752  4.77215927
  1.43050985 -0.24996752 -0.24996752 -0.24996752 -0.24996752 -0.24996752
 -0.24996752 -0.24996752 -0.24996752 -0.24996752 -0.24996752 -0.24996752
 -0.24996752 -0.24996752 -0.24996752 -0.24996752 -0.24996752 -0.24996752
 -0.24996752 -0.24996752 -0.24996752 -0.24996752 -0.24996752  2.09636546
 -0.24996752 -0.24996752 -0.24996752 -0.24996752 -0.24996752 -0.24996752
 -0.24996752 -0.24996752 -0.24996752 -0.24996752 -0.24996752 -0.24996752
 -0.24996752 -0.24996752 -0.24996752 -0.24996752 -0.24996752 -0.24996752
 -0.24996752 -0.24996752 -0.24996752 -0.24996752 -0.24996752 -0.24996752
 -0.24996752 -0.24996752 -0.24996752 -0.24996752 -0.24996752 -0.24996752
 -0.24996752 -0.24996752 -0.24996752 -0.24996752 -0.24996752 -0.24996752
 -0.24996752 -0.24996752 -0.24996752 -0.24996752 -0.24996752 -0.24996752
 -0.24996752 -0.24996752 -0.24996752 -0.24996752 -0.24996752 -0.24996752
 -0.24996752 -0.24996752 -0.24996752 -0.24996752 -0.24996752 -0.24996752
 -0.24996752 -0.24996752 -0.24996752 -0.24996752 -0.24996752 -0.24996752
 -0.24996752 -0.24996752 -0.24996752 -0.24996752 -0.24996752 -0.24996752
 -0.24996752 -0.24996752 -0.24996752 -0.24996752 -0.24996752 -0.24996752
 -0.24996752 -0.24996752 -0.24996752 -0.24996752 -0.24996752 -0.24996752
 -0.24996752 -0.24996752 -0.24996752 -0.24996752 -0.24996752 -0.24996752
 -0.24996752 -0.24996752 -0.24996752 -0.24996752 -0.24996752 -0.24996752
 -0.24996752 -0.24996752 -0.24996752 -0.24996752 -0.24996752 -0.24996752
 -0.24996752 -0.24996752 -0.24996752 -0.24996752 -0.24996752 -0.24996752
 -0.24996752 -0.24996752 -0.24996752 -0.24996752 -0.24996752 -0.24996752
 -0.24996752 -0.24996752 -0.24996752 -0.24996752 -0.24996752  5.4040883
 -0.24996752 -0.24996752 -0.24996752 -0.24996752 -0.24996752 -0.24996752
 -0.24996752 -0.24996752 -0.24996752 -0.24996752 -0.24996752 -0.24996752
 -0.24996752 -0.24996752 -0.24996752 -0.24996752 -0.24996752 -0.24996752
  3.4081784  -0.24996752 -0.24996752 -0.24996752 -0.24996752 -0.24996752
 -0.24996752 -0.24996752 -0.24996752 -0.24996752 -0.24996752 -0.24996752
 -0.24996752 -0.24996752 -0.24996752 -0.24996752 -0.24996752 -0.24996752
 -0.24996752 -0.24996752  0.83949179 -0.24996752 -0.24996752 -0.24996752
  3.43266529 -0.24996752 -0.24996752 -0.24996752 -0.24996752 -0.24996752
 -0.24996752 -0.24996752 -0.24996752 -0.24996752 -0.24996752 -0.24996752
 -0.24996752 -0.24996752 -0.24996752 -0.24996752 -0.24996752 -0.24996752
 -0.24996752  3.15540976 -0.24996752 -0.24996752 -0.24996752 -0.24996752
 -0.24996752 -0.24996752 -0.24996752 -0.24996752 -0.24996752 -0.24996752
 -0.24996752 -0.24996752 -0.24996752 -0.24996752 -0.24996752 -0.24996752
 -0.24996752 -0.24996752 -0.24996752 -0.24996752 -0.24996752 -0.24996752
 -0.24996752 -0.24996752 -0.24996752 -0.24996752 -0.24996752 -0.24996752
 -0.24996752 -0.24996752  3.59925742 -0.24996752]",[-0.01338834012286741]
10,"[-0.21641448 -0.21641448 -0.21641448 -0.21641448 -0.21641448 -0.21641448
 -0.21641448 -0.21641448 -0.21641448 -0.21641448 -0.21641448 -0.21641448
 -0.21641448 -0.21641448 -0.21641448 -0.21641448 -0.21641448 -0.21641448
 -0.21641448 -0.21641448 -0.21641448 -0.21641448 -0.21641448 -0.21641448
 -0.21641448 -0.21641448 -0.21641448 -0.21641448 -0.21641448 -0.21641448
 -0.21641448 -0.21641448 -0.21641448 -0.21641448 -0.21641448 -0.21641448
 -0.21641448 -0.21641448 -0.21641448 -0.21641448 -0.21641448 -0.21641448
 -0.21641448 -0.21641448 -0.21641448 -0.21641448 -0.21641448 -0.21641448
 -0.21641448 -0.21641448 -0.21641448 -0.21641448 -0.21641448 -0.21641448
 -0.21641448 -0.21641448 -0.21641448 -0.21641448 -0.21641448 -0.21641448
 -0.21641448 -0.21641448 -0.21641448 -0.21641448 -0.21641448 -0.21641448
 -0.21641448 -0.21641448 -0.21641448 -0.21641448 -0.21641448 -0.21641448
 -0.21641448 -0.21641448 -0.21641448 -0.21641448 -0.21641448 -0.21641448
 -0.21641448 -0.21641448 -0.21641448 -0.21641448 -0.21641448  8.41583596
 -0.21641448 -0.21641448 -0.21641448 -0.21641448 -0.21641448 -0.21641448
 -0.21641448 -0.21641448  1.12686161 -0.21641448 -0.21641448 -0.21641448
 -0.21641448 -0.21641448 -0.21641448 -0.21641448 -0.21641448 -0.21641448
 -0.21641448 -0.21641448 -0.21641448 -0.21641448 -0.21641448 -0.21641448
 -0.21641448 -0.21641448  6.63946796 -0.21641448 -0.21641448 -0.21641448
 -0.21641448 -0.21641448  5.44533072 -0.21641448 -0.21641448 -0.21641448
 -0.21641448 -0.21641448 -0.21641448  0.8857098   0.22324151 -0.21641448
 -0.21641448 -0.21641448 -0.21641448 -0.21641448 -0.21641448 -0.21641448
 -0.21641448 -0.21641448 -0.21641448 -0.21641448 -0.21641448 -0.21641448
 -0.21641448 -0.21641448 -0.21641448 -0.21641448 -0.21641448 -0.21641448
 -0.21641448 -0.21641448 -0.21641448 -0.21641448 -0.21641448 -0.21641448
 -0.21641448 -0.21641448 -0.21641448 -0.21641448 -0.21641448 -0.21641448
 -0.21641448 -0.21641448 -0.21641448 -0.21641448 -0.21641448 -0.21641448
 -0.21641448 -0.08948171 -0.21641448 -0.21641448 -0.21641448 -0.21641448
 -0.21641448 -0.21641448 -0.21641448 -0.21641448 -0.21641448 -0.21641448
 -0.21641448 -0.21641448 -0.21641448 -0.21641448 -0.21641448 -0.21641448
 -0.21641448 -0.21641448 -0.21641448 -0.21641448 -0.21641448 -0.21641448
 -0.21641448 -0.21641448 -0.21641448 -0.21641448 -0.21641448 -0.21641448
 -0.21641448 -0.21641448 -0.21641448 -0.21641448 -0.21641448 -0.21641448
 -0.21641448 -0.21641448 -0.21641448 -0.21641448 -0.21641448  2.69486007
 -0.21641448 -0.21641448 -0.21641448 -0.21641448 -0.21641448 -0.21641448
  2.47829408 -0.21641448 -0.21641448 -0.21641448 -0.21641448  0.53553014
 -0.21641448 -0.21641448 -0.21641448 -0.21641448 -0.21641448 -0.21641448
 -0.21641448 -0.21641448 -0.21641448 -0.21641448 -0.21641448 -0.21641448
 -0.21641448 -0.21641448 -0.21641448 -0.21641448 -0.21641448 -0.21641448
 -0.21641448  3.33066909 -0.21641448  4.16358499  0.78321962 -0.21641448
  3.25736932 -0.21641448  2.95349218 -0.21641448 -0.21641448 -0.21641448
 -0.21641448 -0.21641448 -0.21641448 -0.21641448 -0.21641448 -0.21641448
 -0.21641448 -0.21641448 -0.21641448  0.54706067  2.92503247 -0.21641448
 -0.21641448 -0.21641448 -0.21641448  2.07482656 -0.21641448  0.52711865
 -0.21641448 -0.21641448 -0.21641448 -0.21641448  1.53278307 -0.21641448
  2.19148983 -0.21641448 -0.21641448 -0.21641448  4.09682628  4.38685603
 -0.21641448  2.80148381 -0.21641448 -0.21641448 -0.21641448 -0.21641448
  4.315027    1.16305008 -0.21641448 -0.21641448 -0.21641448  3.88892679
 -0.21641448 -0.21641448 -0.21641448 -0.21641448 -0.21641448 -0.21641448
 -0.21641448 -0.21641448  4.5349741  -0.21641448 -0.21641448 -0.21641448
 -0.21641448 -0.21641448 -0.21641448 -0.21641448 -0.21641448 -0.21641448
 -0.21641448 -0.21641448 -0.21641448 -0.21641448 -0.21641448  5.61059772
 -0.21641448 -0.21641448 -0.21641448 -0.21641448 -0.21641448 -0.21641448
 -0.21641448 -0.21641448 -0.21641448 -0.21641448  0.39631239 -0.21641448
 -0.21641448 -0.21641448 -0.21641448 -0.21641448 -0.21641448 -0.21641448
 -0.21641448 -0.21641448 -0.21641448 -0.21641448 -0.21641448 -0.21641448
 -0.21641448 -0.21641448 -0.21641448 -0.21641448 -0.21641448 -0.21641448
 -0.21641448 -0.21641448 -0.21641448 -0.21641448 -0.21641448 -0.21641448
 -0.21641448 -0.21641448 -0.21641448 -0.21641448 -0.21641448 -0.21641448
 -0.21641448 -0.21641448 -0.21641448 -0.21641448 -0.21641448 -0.21641448
 -0.21641448 -0.21641448 -0.21641448 -0.21641448 -0.21641448 -0.21641448
 -0.21641448 -0.21641448 -0.21641448 -0.21641448 -0.21641448 -0.21641448
 -0.21641448 -0.21641448 -0.21641448 -0.21641448 -0.21641448 -0.21641448
 -0.21641448 -0.21641448 -0.21641448 -0.21641448 -0.21641448 -0.21641448
 -0.21641448 -0.21641448 -0.21641448 -0.21641448 -0.21641448 -0.21641448
 -0.21641448 -0.21641448 -0.21641448 -0.21641448 -0.21641448 -0.21641448
 -0.21641448 -0.21641448 -0.21641448 -0.21641448 -0.21641448 -0.21641448
 -0.21641448 -0.21641448 -0.21641448 -0.21641448 -0.21641448 -0.21641448
 -0.21641448 -0.21641448 -0.21641448 -0.21641448 -0.21641448 -0.21641448
 -0.21641448 -0.21641448 -0.21641448 -0.21641448 -0.21641448 -0.21641448
 -0.21641448 -0.21641448 -0.21641448 -0.21641448  7.28069526 -0.21641448
 -0.21641448 -0.21641448 -0.21641448 -0.21641448 -0.21641448 -0.21641448
 -0.21641448 -0.21641448 -0.21641448 -0.21641448 -0.21641448 -0.21641448
 -0.21641448 -0.21641448 -0.21641448 -0.21641448 -0.21641448 -0.21641448
 -0.21641448 -0.21641448 -0.21641448 -0.21641448 -0.21641448 -0.21641448
 -0.21641448 -0.21641448 -0.21641448 -0.21641448 -0.21641448 -0.21641448
 -0.21641448 -0.21641448 -0.21641448 -0.21641448 -0.21641448 -0.21641448
 -0.21641448 -0.21641448  5.30532319 -0.21641448 -0.21641448 -0.21641448
 -0.21641448 -0.21641448 -0.21641448 -0.21641448 -0.21641448 -0.21641448
 -0.21641448 -0.21641448 -0.21641448 -0.21641448 -0.21641448 -0.21641448
 -0.21641448 -0.21641448 -0.21641448 -0.21641448 -0.21641448 -0.21641448
 -0.21641448  1.44039035 -0.21641448 -0.21641448 -0.21641448 -0.21641448
 -0.21641448 -0.21641448 -0.21641448 -0.21641448 -0.21641448 -0.21641448
 -0.21641448 -0.21641448 -0.21641448 -0.21641448 -0.21641448 -0.21641448
 -0.21641448 -0.21641448 -0.21641448 -0.21641448 -0.21641448 -0.21641448
 -0.21641448 -0.21641448 -0.21641448 -0.21641448 -0.21641448 -0.21641448
 -0.21641448 -0.21641448  7.31467795 -0.21641448]",[-0.02728028121677642]
10,"[-0.2417387  -0.2417387  -0.2417387  -0.2417387  -0.2417387  -0.2417387
 -0.2417387  -0.2417387  -0.2417387  -0.2417387  -0.2417387  -0.2417387
 -0.2417387  -0.2417387  -0.2417387  -0.2417387  -0.2417387  -0.2417387
 -0.2417387  -0.2417387  -0.2417387  -0.2417387  -0.2417387  -0.2417387
 -0.2417387  -0.2417387  -0.2417387  -0.2417387  -0.2417387  -0.2417387
 -0.2417387  -0.2417387  -0.2417387  -0.2417387  -0.2417387  -0.2417387
 -0.2417387  -0.2417387  -0.2417387  -0.2417387  -0.2417387  -0.2417387
 -0.2417387  -0.2417387  -0.2417387  -0.2417387  -0.2417387  -0.2417387
 -0.2417387   3.53215733 -0.2417387  -0.2417387  -0.2417387  -0.2417387
 -0.2417387  -0.2417387  -0.2417387  -0.2417387  -0.2417387  -0.2417387
 -0.2417387  -0.2417387  -0.2417387  -0.2417387  -0.2417387  -0.2417387
 -0.2417387  -0.2417387  -0.2417387  -0.2417387  -0.2417387  -0.2417387
 -0.2417387  -0.2417387  -0.2417387  -0.2417387  -0.2417387  -0.2417387
 -0.2417387  -0.2417387  -0.2417387  -0.2417387  -0.2417387   5.55109272
 -0.2417387  -0.2417387  -0.2417387   1.95959555 -0.2417387  -0.2417387
 -0.2417387  -0.2417387   2.61363555 -0.2417387  -0.2417387  -0.2417387
 -0.2417387  -0.2417387  -0.2417387  -0.2417387  -0.2417387  -0.2417387
 -0.2417387  -0.2417387  -0.2417387  -0.2417387   0.27004458 -0.2417387
 -0.2417387  -0.2417387   6.59009634 -0.2417387  -0.2417387  -0.2417387
 -0.2417387  -0.2417387   5.45766404 -0.2417387  -0.2417387  -0.2417387
 -0.2417387  -0.2417387  -0.2417387  -0.2417387  -0.2417387  -0.2417387
 -0.2417387  -0.2417387  -0.2417387  -0.2417387  -0.2417387  -0.2417387
 -0.2417387  -0.2417387  -0.2417387  -0.2417387  -0.2417387  -0.2417387
 -0.2417387  -0.2417387  -0.2417387  -0.2417387  -0.2417387  -0.2417387
 -0.2417387  -0.2417387  -0.2417387  -0.2417387  -0.2417387  -0.2417387
 -0.2417387  -0.2417387  -0.2417387  -0.2417387  -0.2417387  -0.2417387
 -0.2417387  -0.2417387  -0.2417387  -0.2417387  -0.2417387  -0.2417387
 -0.2417387   0.19673662 -0.2417387  -0.2417387  -0.2417387  -0.2417387
 -0.2417387  -0.2417387  -0.2417387  -0.2417387  -0.2417387  -0.2417387
 -0.2417387  -0.2417387  -0.2417387  -0.2417387  -0.2417387  -0.2417387
 -0.2417387  -0.2417387  -0.2417387  -0.2417387  -0.2417387  -0.2417387
 -0.2417387  -0.2417387  -0.2417387  -0.2417387  -0.2417387   1.62817531
 -0.2417387  -0.2417387  -0.2417387  -0.2417387  -0.2417387  -0.2417387
 -0.2417387  -0.2417387  -0.2417387  -0.2417387  -0.2417387  -0.2417387
 -0.2417387  -0.2417387  -0.2417387  -0.2417387  -0.2417387  -0.2417387
  1.03091791 -0.2417387  -0.2417387  -0.2417387  -0.2417387  -0.2417387
 -0.2417387  -0.2417387   0.44422481 -0.2417387  -0.2417387  -0.2417387
 -0.2417387  -0.2417387  -0.2417387  -0.2417387  -0.2417387  -0.2417387
 -0.2417387  -0.2417387  -0.2417387  -0.2417387  -0.2417387  -0.2417387
 -0.2417387   3.08468239 -0.2417387   4.47528738  3.66653287 -0.2417387
  4.0640271   0.26235747  4.05116216 -0.2417387  -0.2417387  -0.2417387
 -0.2417387  -0.2417387  -0.2417387  -0.2417387  -0.2417387  -0.2417387
 -0.2417387  -0.2417387  -0.2417387   1.70189288  4.20329154 -0.2417387
 -0.2417387   3.76953541  3.08957771  3.91436419 -0.2417387   1.06928883
 -0.2417387  -0.2417387  -0.2417387   2.41895978  1.99238574 -0.2417387
 -0.2417387  -0.2417387   6.11089179 -0.2417387   5.00469494  5.31039856
 -0.2417387   3.26572954 -0.2417387  -0.2417387  -0.2417387  -0.2417387
  3.67151946  1.49986997 -0.2417387  -0.2417387  -0.2417387   5.56015079
 -0.2417387  -0.2417387  -0.2417387  -0.2417387  -0.2417387  -0.2417387
 -0.2417387  -0.2417387  -0.2417387  -0.2417387  -0.2417387  -0.2417387
 -0.2417387  -0.2417387  -0.2417387  -0.2417387  -0.2417387  -0.2417387
 -0.2417387  -0.2417387  -0.2417387  -0.2417387  -0.2417387  -0.2417387
 -0.2417387  -0.2417387  -0.2417387  -0.2417387  -0.2417387  -0.2417387
 -0.2417387  -0.2417387  -0.2417387  -0.2417387  -0.2417387  -0.2417387
 -0.2417387  -0.2417387  -0.2417387  -0.2417387  -0.2417387  -0.2417387
 -0.2417387  -0.2417387  -0.2417387  -0.2417387  -0.2417387  -0.2417387
 -0.2417387  -0.2417387  -0.2417387  -0.2417387  -0.2417387  -0.2417387
 -0.2417387  -0.2417387  -0.2417387  -0.2417387  -0.2417387  -0.2417387
 -0.2417387  -0.2417387  -0.2417387  -0.2417387  -0.2417387  -0.2417387
 -0.2417387  -0.2417387  -0.2417387  -0.2417387  -0.2417387  -0.2417387
 -0.2417387  -0.2417387  -0.2417387  -0.2417387  -0.2417387  -0.2417387
 -0.2417387  -0.2417387  -0.2417387  -0.2417387  -0.2417387  -0.2417387
 -0.2417387  -0.2417387  -0.2417387  -0.2417387  -0.2417387  -0.2417387
 -0.2417387  -0.2417387  -0.2417387  -0.2417387  -0.2417387  -0.2417387
  0.48208699 -0.2417387  -0.2417387  -0.2417387  -0.2417387  -0.2417387
 -0.2417387  -0.2417387  -0.2417387  -0.2417387  -0.2417387  -0.2417387
 -0.2417387  -0.2417387  -0.2417387  -0.2417387  -0.2417387  -0.2417387
 -0.2417387  -0.2417387  -0.2417387  -0.2417387  -0.2417387  -0.2417387
 -0.2417387  -0.2417387  -0.2417387  -0.2417387  -0.2417387  -0.2417387
 -0.2417387  -0.2417387  -0.2417387  -0.2417387  -0.2417387  -0.2417387
 -0.2417387  -0.2417387  -0.2417387  -0.2417387   5.55676448 -0.2417387
 -0.2417387  -0.2417387  -0.2417387  -0.2417387  -0.2417387  -0.2417387
 -0.2417387  -0.2417387  -0.2417387  -0.2417387  -0.2417387  -0.2417387
 -0.2417387  -0.2417387  -0.2417387  -0.2417387  -0.2417387  -0.2417387
 -0.2417387  -0.2417387  -0.2417387  -0.2417387  -0.2417387  -0.2417387
  0.96608902 -0.2417387  -0.2417387  -0.2417387  -0.2417387  -0.2417387
 -0.2417387  -0.2417387  -0.2417387  -0.2417387  -0.2417387  -0.2417387
 -0.2417387  -0.2417387   1.7753743  -0.2417387  -0.2417387  -0.2417387
 -0.2417387  -0.2417387  -0.2417387  -0.2417387  -0.2417387  -0.2417387
 -0.2417387  -0.2417387  -0.2417387  -0.2417387  -0.2417387  -0.2417387
 -0.2417387  -0.2417387  -0.2417387  -0.2417387  -0.2417387  -0.2417387
 -0.2417387  -0.2417387  -0.2417387  -0.2417387  -0.2417387  -0.2417387
 -0.2417387  -0.2417387  -0.2417387  -0.2417387  -0.2417387  -0.2417387
 -0.2417387  -0.2417387  -0.2417387  -0.2417387  -0.2417387  -0.2417387
 -0.2417387   0.7668178  -0.2417387  -0.2417387  -0.2417387  -0.2417387
 -0.2417387  -0.2417387  -0.2417387  -0.2417387  -0.2417387  -0.2417387
 -0.2417387  -0.2417387   5.50998129 -0.2417387 ]",[-0.03765826393973479]
10,"[-0.2495329  -0.2495329  -0.2495329  -0.2495329   0.85514405 -0.2495329
 -0.2495329  -0.2495329  -0.2495329  -0.2495329  -0.2495329  -0.2495329
 -0.2495329  -0.2495329  -0.2495329  -0.2495329  -0.2495329  -0.2495329
 -0.2495329  -0.2495329  -0.2495329  -0.2495329  -0.2495329  -0.2495329
 -0.2495329  -0.2495329  -0.2495329  -0.2495329  -0.2495329  -0.2495329
 -0.2495329  -0.2495329  -0.2495329  -0.2495329  -0.2495329  -0.2495329
 -0.2495329  -0.2495329  -0.2495329  -0.2495329  -0.2495329  -0.2495329
 -0.2495329  -0.2495329  -0.2495329  -0.2495329  -0.2495329  -0.2495329
 -0.2495329  -0.2495329  -0.2495329  -0.2495329  -0.2495329   2.58981432
 -0.2495329  -0.2495329  -0.2495329  -0.2495329  -0.2495329  -0.2495329
 -0.2495329  -0.2495329  -0.2495329  -0.2495329  -0.2495329  -0.2495329
 -0.2495329  -0.2495329  -0.2495329  -0.2495329  -0.2495329  -0.2495329
 -0.2495329  -0.2495329  -0.2495329  -0.2495329  -0.2495329  -0.2495329
 -0.2495329  -0.2495329  -0.2495329  -0.2495329  -0.2495329  -0.2495329
 -0.2495329  -0.2495329  -0.2495329  -0.2495329  -0.2495329  -0.2495329
 -0.2495329  -0.2495329   2.92379982 -0.2495329   1.57807157 -0.2495329
 -0.2495329  -0.2495329  -0.2495329  -0.2495329  -0.2495329  -0.2495329
 -0.2495329  -0.2495329  -0.2495329  -0.2495329  -0.2495329  -0.2495329
 -0.2495329  -0.2495329   0.56229608 -0.2495329  -0.2495329  -0.2495329
 -0.2495329  -0.2495329  -0.2495329  -0.2495329  -0.2495329  -0.2495329
 -0.2495329  -0.2495329  -0.2495329  -0.2495329  -0.2495329  -0.2495329
 -0.2495329  -0.2495329  -0.2495329  -0.2495329  -0.2495329  -0.2495329
 -0.2495329  -0.2495329  -0.2495329  -0.2495329  -0.2495329  -0.2495329
 -0.2495329  -0.2495329  -0.2495329  -0.2495329  -0.2495329  -0.2495329
 -0.2495329  -0.2495329  -0.2495329  -0.2495329  -0.2495329  -0.2495329
 -0.2495329  -0.2495329  -0.2495329  -0.2495329  -0.2495329  -0.2495329
 -0.2495329  -0.2495329  -0.2495329  -0.2495329  -0.2495329  -0.2495329
 -0.2495329  -0.2495329  -0.2495329  -0.2495329  -0.2495329  -0.2495329
 -0.2495329  -0.2495329  -0.2495329  -0.2495329  -0.2495329   1.47685886
 -0.2495329  -0.2495329  -0.2495329  -0.2495329  -0.2495329  -0.2495329
 -0.2495329  -0.2495329  -0.2495329  -0.2495329  -0.2495329  -0.2495329
 -0.2495329  -0.2495329  -0.2495329  -0.2495329  -0.2495329  -0.2495329
 -0.2495329  -0.2495329   2.66982223 -0.2495329  -0.2495329  -0.2495329
 -0.2495329  -0.2495329  -0.2495329  -0.2495329  -0.2495329  -0.2495329
 -0.2495329  -0.2495329  -0.2495329  -0.2495329  -0.2495329  -0.2495329
  3.63231604 -0.2495329   0.29575367 -0.2495329  -0.2495329   5.49578894
 -0.2495329  -0.2495329  -0.2495329  -0.2495329  -0.2495329  -0.2495329
 -0.2495329  -0.2495329  -0.2495329  -0.2495329  -0.2495329  -0.2495329
 -0.2495329  -0.2495329  -0.2495329  -0.2495329  -0.2495329  -0.2495329
 -0.2495329   4.70798129 -0.2495329  -0.2495329   4.68010407 -0.2495329
  4.70424886  1.17819121 -0.2495329  -0.2495329  -0.2495329  -0.2495329
 -0.2495329  -0.2495329  -0.2495329  -0.2495329  -0.2495329  -0.2495329
 -0.2495329  -0.2495329  -0.2495329  -0.2495329  -0.2495329  -0.2495329
 -0.2495329  -0.2495329   6.30855525  3.98228407 -0.2495329   2.15556528
 -0.2495329  -0.2495329  -0.2495329   3.07339109  0.70787941 -0.2495329
 -0.2495329  -0.2495329  -0.2495329  -0.2495329   4.6946222  -0.2495329
 -0.2495329   2.87635872 -0.2495329  -0.2495329  -0.2495329  -0.2495329
  3.08702946  3.12411907 -0.2495329  -0.2495329  -0.2495329   6.3835606
 -0.2495329  -0.2495329  -0.2495329  -0.2495329   2.25306193  2.574444
 -0.2495329  -0.2495329  -0.2495329  -0.2495329  -0.2495329  -0.2495329
 -0.2495329  -0.2495329  -0.2495329  -0.2495329  -0.2495329  -0.2495329
 -0.2495329  -0.2495329  -0.2495329  -0.2495329  -0.2495329   4.35097435
 -0.2495329  -0.2495329  -0.2495329  -0.2495329  -0.2495329  -0.2495329
 -0.2495329  -0.2495329  -0.2495329  -0.2495329  -0.2495329  -0.2495329
 -0.2495329  -0.2495329  -0.2495329  -0.2495329  -0.2495329  -0.2495329
 -0.2495329  -0.2495329  -0.2495329  -0.2495329  -0.2495329  -0.2495329
 -0.2495329  -0.2495329  -0.2495329  -0.2495329  -0.2495329  -0.2495329
 -0.2495329  -0.2495329  -0.2495329  -0.2495329  -0.2495329  -0.2495329
 -0.2495329  -0.2495329  -0.2495329  -0.2495329  -0.2495329  -0.2495329
 -0.2495329  -0.2495329  -0.2495329  -0.2495329  -0.2495329  -0.2495329
 -0.2495329  -0.2495329  -0.2495329  -0.2495329  -0.2495329  -0.2495329
 -0.2495329  -0.2495329  -0.2495329  -0.2495329  -0.2495329  -0.2495329
 -0.2495329  -0.2495329  -0.2495329  -0.2495329  -0.2495329  -0.2495329
 -0.2495329  -0.2495329  -0.2495329  -0.2495329  -0.2495329  -0.2495329
 -0.2495329  -0.2495329  -0.2495329  -0.2495329  -0.2495329  -0.2495329
 -0.2495329  -0.2495329  -0.2495329  -0.2495329  -0.2495329  -0.2495329
 -0.2495329  -0.2495329  -0.2495329  -0.2495329  -0.2495329  -0.2495329
 -0.2495329  -0.2495329  -0.2495329   1.84017107 -0.2495329  -0.2495329
 -0.2495329  -0.2495329  -0.2495329  -0.2495329  -0.2495329  -0.2495329
 -0.2495329  -0.2495329  -0.2495329  -0.2495329  -0.2495329  -0.2495329
 -0.2495329  -0.2495329  -0.2495329  -0.2495329  -0.2495329  -0.2495329
 -0.2495329  -0.2495329  -0.2495329  -0.2495329  -0.2495329  -0.2495329
 -0.2495329   3.08702946 -0.2495329  -0.2495329  -0.2495329  -0.2495329
 -0.2495329  -0.2495329  -0.2495329  -0.2495329  -0.2495329  -0.2495329
  0.70787941 -0.2495329  -0.2495329  -0.2495329  -0.2495329  -0.2495329
  2.08907616 -0.2495329  -0.2495329  -0.2495329  -0.2495329  -0.2495329
 -0.2495329  -0.2495329  -0.2495329  -0.2495329  -0.2495329  -0.2495329
 -0.2495329  -0.2495329   4.60976313 -0.2495329   5.52085158 -0.2495329
 -0.2495329  -0.2495329  -0.2495329  -0.2495329  -0.2495329  -0.2495329
 -0.2495329  -0.2495329  -0.2495329  -0.2495329  -0.2495329  -0.2495329
 -0.2495329  -0.2495329  -0.2495329  -0.2495329  -0.2495329  -0.2495329
 -0.2495329   5.89511491  3.61526121 -0.2495329  -0.2495329  -0.2495329
 -0.2495329  -0.2495329  -0.2495329  -0.2495329  -0.2495329   1.10835
 -0.2495329  -0.2495329  -0.2495329  -0.2495329  -0.2495329  -0.2495329
 -0.2495329   3.54722663 -0.2495329  -0.2495329  -0.2495329  -0.2495329
 -0.2495329  -0.2495329  -0.2495329  -0.2495329  -0.2495329  -0.2495329
 -0.2495329  -0.2495329   5.33209854 -0.2495329 ]",[0.007251142210331296]
10,"[-0.20985684 -0.20985684 -0.20985684 -0.20985684  0.10533511 -0.20985684
 -0.20985684 -0.20985684 -0.20985684 -0.20985684 -0.20985684 -0.20985684
 -0.20985684 -0.20985684 -0.20985684 -0.20985684 -0.20985684 -0.20985684
 -0.20985684 -0.20985684 -0.20985684 -0.20985684 -0.20985684 -0.20985684
 -0.20985684 -0.20985684 -0.20985684  0.80377218 -0.20985684  5.0080544
 -0.20985684 -0.20985684 -0.20985684 -0.20985684 -0.20985684 -0.20985684
  4.43480204 -0.20985684 -0.20985684 -0.20985684 -0.20985684 -0.20985684
 -0.20985684 -0.20985684 -0.20985684 -0.20985684 -0.20985684 -0.20985684
 -0.20985684 -0.20985684 -0.20985684 -0.20985684 -0.20985684 -0.20985684
 -0.20985684  3.78897137  5.6114708  -0.20985684 -0.20985684 -0.20985684
 -0.20985684 -0.20985684 -0.20985684 -0.20985684 -0.20985684 -0.20985684
 -0.20985684 -0.20985684 -0.20985684 -0.20985684 -0.20985684 -0.20985684
 -0.20985684 -0.20985684 -0.20985684 -0.20985684 -0.20985684 -0.20985684
 -0.20985684 -0.20985684 -0.20985684 -0.20985684 -0.20985684  7.49599784
 -0.20985684 -0.20985684 -0.20985684 -0.20985684 -0.20985684  3.04058159
 -0.20985684 -0.20985684 -0.20985684 -0.20985684 -0.20985684 -0.20985684
 -0.20985684 -0.20985684 -0.20985684 -0.20985684 -0.20985684 -0.20985684
 -0.20985684 -0.20985684 -0.20985684 -0.20985684 -0.20985684 -0.20985684
 -0.20985684 -0.20985684  6.65497555 -0.20985684 -0.20985684 -0.20985684
 -0.20985684 -0.20985684 -0.20985684 -0.20985684 -0.20985684 -0.20985684
 -0.20985684 -0.20985684 -0.20985684 -0.20985684 -0.20985684 -0.20985684
 -0.20985684  5.57020011 -0.20985684 -0.20985684 -0.20985684 -0.20985684
 -0.20985684 -0.20985684 -0.20985684 -0.20985684 -0.20985684 -0.20985684
 -0.20985684 -0.20985684 -0.20985684 -0.20985684 -0.20985684 -0.20985684
 -0.20985684 -0.20985684 -0.20985684 -0.20985684 -0.20985684 -0.20985684
 -0.20985684 -0.20985684 -0.20985684 -0.20985684 -0.20985684 -0.20985684
 -0.20985684 -0.20985684 -0.20985684 -0.20985684 -0.20985684 -0.20985684
 -0.20985684 -0.20985684 -0.20985684 -0.20985684 -0.20985684 -0.20985684
 -0.20985684 -0.20985684 -0.20985684 -0.20985684 -0.20985684  3.73778436
 -0.20985684 -0.20985684 -0.20985684 -0.20985684 -0.20985684 -0.20985684
 -0.20985684 -0.20985684 -0.20985684 -0.20985684 -0.20985684 -0.20985684
 -0.20985684 -0.20985684 -0.20985684 -0.20985684 -0.20985684 -0.20985684
 -0.20985684 -0.20985684 -0.20985684 -0.20985684 -0.20985684 -0.20985684
 -0.20985684 -0.20985684 -0.20985684 -0.20985684 -0.20985684 -0.20985684
 -0.20985684 -0.20985684 -0.20985684 -0.20985684 -0.20985684 -0.20985684
  4.4123358  -0.20985684 -0.20985684 -0.20985684 -0.20985684  3.96914927
 -0.20985684 -0.20985684 -0.20985684 -0.20985684 -0.20985684 -0.20985684
 -0.20985684 -0.20985684 -0.20985684 -0.20985684 -0.20985684 -0.20985684
 -0.20985684 -0.20985684 -0.20985684 -0.20985684 -0.20985684 -0.20985684
 -0.20985684  3.34515221 -0.20985684 -0.20985684 -0.20985684 -0.20985684
  3.85737086 -0.20985684 -0.20985684 -0.20985684 -0.20985684 -0.20985684
 -0.20985684 -0.20985684 -0.20985684 -0.20985684 -0.20985684 -0.20985684
 -0.20985684 -0.20985684 -0.20985684 -0.20985684 -0.20985684 -0.20985684
 -0.20985684 -0.20985684 -0.20985684  3.36456069 -0.20985684 -0.20985684
 -0.20985684 -0.20985684 -0.20985684 -0.20985684 -0.20985684 -0.20985684
 -0.20985684 -0.20985684 -0.20985684 -0.20985684 -0.20985684 -0.20985684
 -0.20985684 -0.20985684 -0.20985684 -0.20985684 -0.20985684 -0.20985684
 -0.20985684  3.56604702 -0.20985684 -0.20985684 -0.20985684  5.31509572
 -0.20985684 -0.20985684 -0.20985684 -0.20985684 -0.20985684 -0.20985684
 -0.20985684 -0.20985684 -0.20985684 -0.20985684 -0.20985684 -0.20985684
 -0.20985684 -0.20985684 -0.20985684 -0.20985684 -0.20985684 -0.20985684
 -0.20985684 -0.20985684 -0.20985684 -0.20985684 -0.20985684  5.45849835
 -0.20985684  6.06325408 -0.20985684 -0.20985684 -0.20985684 -0.20985684
 -0.20985684 -0.20985684 -0.20985684 -0.20985684 -0.20985684 -0.20985684
 -0.20985684 -0.20985684 -0.20985684 -0.20985684 -0.20985684 -0.20985684
 -0.20985684 -0.20985684 -0.20985684 -0.20985684 -0.20985684 -0.20985684
 -0.20985684 -0.20985684 -0.20985684 -0.20985684 -0.20985684 -0.20985684
 -0.20985684 -0.20985684 -0.20985684 -0.20985684 -0.20985684 -0.20985684
 -0.20985684 -0.20985684 -0.20985684 -0.20985684 -0.20985684 -0.20985684
 -0.20985684 -0.20985684 -0.20985684 -0.20985684 -0.20985684 -0.20985684
 -0.20985684 -0.20985684 -0.20985684 -0.20985684 -0.20985684 -0.20985684
 -0.20985684 -0.20985684 -0.20985684 -0.20985684 -0.20985684 -0.20985684
 -0.20985684 -0.20985684 -0.20985684 -0.20985684 -0.20985684 -0.20985684
 -0.20985684 -0.20985684 -0.20985684 -0.20985684 -0.20985684 -0.20985684
 -0.20985684 -0.20985684 -0.20985684 -0.20985684 -0.20985684 -0.20985684
 -0.20985684 -0.20985684 -0.20985684 -0.20985684 -0.20985684 -0.20985684
 -0.20985684 -0.20985684 -0.20985684 -0.20985684 -0.20985684 -0.20985684
 -0.20985684 -0.20985684 -0.20985684 -0.20985684 -0.20985684 -0.20985684
 -0.20985684 -0.20985684 -0.20985684 -0.20985684 -0.20985684 -0.20985684
 -0.20985684 -0.20985684 -0.20985684 -0.20985684 -0.20985684 -0.20985684
 -0.20985684 -0.20985684 -0.20985684 -0.20985684 -0.20985684  4.48531475
 -0.20985684 -0.20985684 -0.20985684 -0.20985684 -0.20985684 -0.20985684
 -0.20985684 -0.20985684 -0.20985684 -0.20985684 -0.20985684 -0.20985684
 -0.20985684 -0.20985684 -0.20985684 -0.20985684 -0.20985684 -0.20985684
 -0.20985684 -0.20985684 -0.20985684 -0.20985684 -0.20985684 -0.20985684
 -0.20985684 -0.20985684 -0.20985684 -0.20985684 -0.20985684 -0.20985684
 -0.20985684 -0.20985684 -0.20985684 -0.20985684 -0.20985684 -0.20985684
 -0.20985684 -0.20985684  4.8837869  -0.20985684 -0.20985684 -0.20985684
 -0.20985684 -0.20985684 -0.20985684 -0.20985684 -0.20985684 -0.20985684
 -0.20985684 -0.20985684 -0.20985684 -0.20985684 -0.20985684 -0.20985684
 -0.20985684 -0.20985684 -0.20985684 -0.20985684 -0.20985684 -0.20985684
 -0.20985684  3.8672222  -0.20985684 -0.20985684 -0.20985684 -0.20985684
 -0.20985684  3.00336112 -0.20985684 -0.20985684 -0.20985684  2.03604228
 -0.20985684 -0.20985684 -0.20985684 -0.20985684 -0.20985684 -0.20985684
 -0.20985684 -0.20985684 -0.20985684 -0.20985684 -0.20985684 -0.20985684
 -0.20985684 -0.20985684 -0.20985684 -0.20985684 -0.20985684 -0.20985684
 -0.20985684 -0.20985684 -0.20985684 -0.20985684]",[-0.0019262493171431916]
11,"[-0.2139575  -0.2139575  -0.2139575  -0.2139575  -0.2139575  -0.2139575
 -0.2139575  -0.2139575  -0.2139575  -0.2139575  -0.2139575  -0.2139575
 -0.2139575  -0.2139575  -0.2139575  -0.2139575  -0.2139575  -0.2139575
  1.51884428 -0.2139575  -0.2139575  -0.2139575  -0.2139575  -0.2139575
 -0.2139575  -0.2139575  -0.2139575  -0.2139575  -0.2139575  -0.2139575
 -0.2139575  -0.2139575  -0.2139575  -0.2139575  -0.2139575  -0.2139575
 -0.2139575  -0.2139575  -0.2139575  -0.2139575  -0.2139575  -0.2139575
 -0.2139575  -0.2139575  -0.2139575  -0.2139575  -0.2139575  -0.2139575
 -0.2139575  -0.2139575  -0.2139575  -0.2139575  -0.2139575  -0.2139575
 -0.2139575  -0.2139575  -0.2139575  -0.2139575   1.68583817 -0.2139575
 -0.2139575  -0.2139575  -0.2139575  -0.2139575  -0.2139575  -0.2139575
 -0.2139575  -0.2139575  -0.2139575  -0.2139575  -0.2139575  -0.2139575
 -0.2139575  -0.2139575  -0.2139575  -0.2139575  -0.2139575  -0.2139575
 -0.2139575  -0.2139575  -0.2139575  -0.2139575  -0.2139575   8.53432653
 -0.2139575  -0.2139575  -0.2139575  -0.2139575   1.98423654 -0.2139575
 -0.2139575  -0.2139575   2.49482075 -0.2139575  -0.2139575  -0.2139575
 -0.2139575  -0.2139575  -0.2139575  -0.2139575  -0.2139575  -0.2139575
 -0.2139575  -0.2139575  -0.2139575  -0.2139575  -0.2139575  -0.2139575
 -0.2139575  -0.2139575  -0.2139575  -0.2139575  -0.2139575  -0.2139575
 -0.2139575  -0.2139575  -0.2139575  -0.2139575   2.10647983 -0.2139575
 -0.2139575  -0.2139575  -0.2139575   2.06013698 -0.2139575  -0.2139575
 -0.2139575  -0.2139575  -0.2139575  -0.2139575  -0.2139575  -0.2139575
 -0.2139575  -0.2139575  -0.2139575  -0.2139575  -0.2139575  -0.2139575
 -0.2139575  -0.2139575  -0.2139575  -0.2139575  -0.2139575  -0.2139575
 -0.2139575  -0.2139575  -0.2139575  -0.2139575  -0.2139575  -0.2139575
 -0.2139575  -0.2139575  -0.2139575  -0.2139575  -0.2139575  -0.2139575
 -0.2139575  -0.2139575  -0.2139575  -0.2139575  -0.2139575  -0.2139575
 -0.2139575  -0.2139575  -0.2139575  -0.2139575  -0.2139575  -0.2139575
 -0.2139575  -0.2139575  -0.2139575  -0.2139575  -0.2139575   2.02387739
 -0.2139575  -0.2139575  -0.2139575  -0.2139575  -0.2139575  -0.2139575
 -0.2139575  -0.2139575  -0.2139575  -0.2139575  -0.2139575  -0.2139575
  2.20356454 -0.2139575  -0.2139575  -0.2139575  -0.2139575  -0.2139575
 -0.2139575  -0.2139575  -0.2139575  -0.2139575  -0.2139575  -0.2139575
  2.91809256 -0.2139575   4.46888614 -0.2139575  -0.2139575   2.64541253
 -0.2139575  -0.2139575  -0.2139575  -0.2139575  -0.2139575  -0.2139575
  4.7980112  -0.2139575   2.00967493 -0.2139575  -0.2139575   6.28743001
 -0.2139575  -0.2139575  -0.2139575  -0.2139575  -0.2139575  -0.2139575
 -0.2139575  -0.2139575  -0.2139575  -0.2139575  -0.2139575  -0.2139575
 -0.2139575  -0.2139575  -0.2139575  -0.2139575  -0.2139575  -0.2139575
 -0.2139575   4.67824793 -0.2139575   3.28685847  2.67682895 -0.2139575
  1.38855624 -0.2139575  -0.2139575  -0.2139575  -0.2139575  -0.2139575
 -0.2139575  -0.2139575  -0.2139575  -0.2139575  -0.2139575  -0.2139575
 -0.2139575  -0.2139575  -0.2139575  -0.2139575   2.45753525 -0.2139575
 -0.2139575  -0.2139575  -0.2139575   5.4040991  -0.2139575  -0.2139575
 -0.2139575  -0.2139575  -0.2139575  -0.2139575  -0.2139575  -0.2139575
 -0.2139575  -0.2139575   1.31805405 -0.2139575   2.55366991 -0.2139575
 -0.2139575  -0.2139575  -0.2139575  -0.2139575  -0.2139575  -0.2139575
 -0.2139575  -0.2139575  -0.2139575  -0.2139575  -0.2139575   7.42863078
 -0.2139575  -0.2139575  -0.2139575  -0.2139575  -0.2139575  -0.2139575
 -0.2139575  -0.2139575  -0.2139575  -0.2139575  -0.2139575  -0.2139575
 -0.2139575  -0.2139575  -0.2139575  -0.2139575   2.35223913 -0.2139575
 -0.2139575  -0.2139575  -0.2139575  -0.2139575  -0.2139575   7.56213365
 -0.2139575   1.1461083  -0.2139575  -0.2139575  -0.2139575  -0.2139575
 -0.2139575  -0.2139575  -0.2139575  -0.2139575  -0.2139575  -0.2139575
 -0.2139575  -0.2139575  -0.2139575  -0.2139575  -0.2139575  -0.2139575
 -0.2139575  -0.2139575  -0.2139575  -0.2139575  -0.2139575  -0.2139575
 -0.2139575  -0.2139575  -0.2139575  -0.2139575  -0.2139575  -0.2139575
 -0.2139575  -0.2139575  -0.2139575  -0.2139575  -0.2139575  -0.2139575
 -0.2139575  -0.2139575  -0.2139575  -0.2139575  -0.2139575  -0.2139575
 -0.2139575  -0.2139575  -0.2139575  -0.2139575  -0.2139575  -0.2139575
 -0.2139575  -0.2139575  -0.2139575  -0.2139575  -0.2139575  -0.2139575
 -0.2139575  -0.2139575  -0.2139575  -0.2139575  -0.2139575  -0.2139575
 -0.2139575  -0.2139575  -0.2139575  -0.2139575  -0.2139575  -0.2139575
 -0.2139575  -0.2139575  -0.2139575  -0.2139575  -0.2139575  -0.2139575
 -0.2139575  -0.2139575  -0.2139575  -0.2139575  -0.2139575  -0.2139575
 -0.2139575  -0.2139575  -0.2139575  -0.2139575  -0.2139575  -0.2139575
 -0.2139575  -0.2139575  -0.2139575  -0.2139575  -0.2139575  -0.2139575
 -0.2139575  -0.2139575  -0.2139575  -0.2139575  -0.2139575  -0.2139575
 -0.2139575  -0.2139575  -0.2139575  -0.2139575  -0.2139575  -0.2139575
 -0.2139575  -0.2139575  -0.2139575  -0.2139575  -0.2139575  -0.2139575
 -0.2139575  -0.2139575  -0.2139575  -0.2139575  -0.2139575   2.79383024
 -0.2139575  -0.2139575  -0.2139575  -0.2139575  -0.2139575  -0.2139575
 -0.2139575  -0.2139575  -0.2139575  -0.2139575  -0.2139575  -0.2139575
 -0.2139575  -0.2139575  -0.2139575  -0.2139575  -0.2139575  -0.2139575
 -0.2139575  -0.2139575  -0.2139575  -0.2139575  -0.2139575  -0.2139575
 -0.2139575  -0.2139575  -0.2139575  -0.2139575  -0.2139575  -0.2139575
 -0.2139575  -0.2139575  -0.2139575  -0.2139575  -0.2139575  -0.2139575
 -0.2139575  -0.2139575   7.57115578 -0.2139575  -0.2139575  -0.2139575
 -0.2139575  -0.2139575  -0.2139575  -0.2139575  -0.2139575  -0.2139575
 -0.2139575  -0.2139575  -0.2139575  -0.2139575  -0.2139575  -0.2139575
 -0.2139575  -0.2139575  -0.2139575  -0.2139575  -0.2139575  -0.2139575
 -0.2139575   4.48159323 -0.2139575  -0.2139575  -0.2139575  -0.2139575
 -0.2139575  -0.2139575  -0.2139575  -0.2139575  -0.2139575  -0.2139575
 -0.2139575  -0.2139575  -0.2139575  -0.2139575  -0.2139575  -0.2139575
 -0.2139575  -0.2139575  -0.2139575  -0.2139575  -0.2139575  -0.2139575
 -0.2139575  -0.2139575  -0.2139575  -0.2139575  -0.2139575  -0.2139575
 -0.2139575  -0.2139575  -0.2139575  -0.2139575 ]",[0.08543157594580941]
11,"[-0.20154246 -0.20154246 -0.20154246 -0.20154246 -0.20154246 -0.20154246
 -0.20154246 -0.20154246 -0.20154246 -0.20154246 -0.20154246 -0.20154246
 -0.20154246 -0.20154246 -0.20154246 -0.20154246 -0.20154246 -0.20154246
 -0.20154246 -0.20154246 -0.20154246 -0.20154246 -0.20154246 -0.20154246
 -0.20154246 -0.20154246 -0.20154246 -0.20154246 -0.20154246 -0.20154246
 -0.20154246 -0.20154246 -0.20154246 -0.20154246 -0.20154246 -0.20154246
 -0.20154246 -0.20154246 -0.20154246 -0.20154246 -0.20154246 -0.20154246
 -0.20154246 -0.20154246 -0.20154246 -0.20154246 -0.20154246 -0.20154246
 -0.20154246 -0.20154246 -0.20154246 -0.20154246 -0.20154246 -0.20154246
 -0.20154246 -0.20154246 -0.20154246 -0.20154246 -0.20154246 -0.20154246
 -0.20154246 -0.20154246 -0.20154246 -0.20154246 -0.20154246 -0.20154246
 -0.20154246 -0.20154246 -0.20154246 -0.20154246 -0.20154246 -0.20154246
 -0.20154246 -0.20154246 -0.20154246 -0.20154246 -0.20154246 -0.20154246
 -0.20154246 -0.20154246 -0.20154246 -0.20154246 -0.20154246  7.87299897
 -0.20154246 -0.20154246 -0.20154246 -0.20154246 -0.20154246 -0.20154246
 -0.20154246 -0.20154246 -0.20154246 -0.20154246 -0.20154246 -0.20154246
 -0.20154246 -0.20154246 -0.20154246 -0.20154246 -0.20154246 -0.20154246
 -0.20154246 -0.20154246 -0.20154246 -0.20154246 -0.20154246 -0.20154246
 -0.20154246 -0.20154246  0.19744212 -0.20154246 -0.20154246 -0.20154246
  2.8456234  -0.20154246 -0.20154246 -0.20154246 -0.20154246 -0.20154246
  1.68226244 -0.20154246 -0.20154246 -0.20154246  4.89928761 -0.20154246
 -0.20154246 -0.20154246 -0.20154246 -0.20154246 -0.20154246 -0.20154246
 -0.20154246 -0.20154246 -0.20154246 -0.20154246 -0.20154246 -0.20154246
 -0.20154246 -0.20154246 -0.20154246 -0.20154246 -0.20154246 -0.20154246
 -0.20154246 -0.20154246 -0.20154246 -0.20154246 -0.20154246 -0.20154246
 -0.20154246 -0.20154246 -0.20154246 -0.20154246 -0.20154246 -0.20154246
 -0.20154246 -0.20154246 -0.20154246 -0.20154246 -0.20154246 -0.20154246
 -0.20154246 -0.20154246 -0.20154246 -0.20154246 -0.20154246 -0.20154246
 -0.20154246 -0.20154246 -0.20154246 -0.20154246 -0.20154246 -0.20154246
 -0.20154246 -0.20154246 -0.20154246 -0.20154246 -0.20154246 -0.20154246
  3.40885393 -0.20154246 -0.20154246 -0.20154246 -0.20154246 -0.20154246
 -0.20154246 -0.20154246 -0.20154246 -0.20154246 -0.20154246 -0.20154246
 -0.20154246 -0.20154246 -0.20154246 -0.20154246 -0.20154246 -0.20154246
 -0.20154246 -0.20154246  1.68226244 -0.20154246 -0.20154246 -0.20154246
 -0.20154246 -0.20154246 -0.20154246 -0.20154246 -0.20154246 -0.20154246
  3.49039645 -0.20154246 -0.20154246 -0.20154246 -0.20154246  2.47674977
 -0.20154246 -0.20154246 -0.20154246 -0.20154246 -0.20154246 -0.20154246
 -0.20154246 -0.20154246 -0.20154246 -0.20154246 -0.20154246 -0.20154246
 -0.20154246 -0.20154246 -0.20154246 -0.20154246 -0.20154246 -0.20154246
 -0.20154246  3.90922075 -0.20154246 -0.20154246  5.48937105 -0.20154246
  4.55380633 -0.20154246 -0.20154246 -0.20154246 -0.20154246 -0.20154246
 -0.20154246 -0.20154246 -0.20154246 -0.20154246 -0.20154246 -0.20154246
 -0.20154246 -0.20154246 -0.20154246 -0.20154246 -0.20154246 -0.20154246
 -0.20154246 -0.20154246 -0.20154246 -0.20154246 -0.20154246  0.29010992
 -0.20154246 -0.20154246 -0.20154246 -0.20154246 -0.20154246 -0.20154246
 -0.20154246 -0.20154246  6.05214525 -0.20154246 -0.20154246 -0.20154246
 -0.20154246 -0.20154246 -0.20154246 -0.20154246 -0.20154246 -0.20154246
 -0.20154246 -0.20154246 -0.20154246 -0.20154246 -0.20154246  7.18116366
 -0.20154246 -0.20154246 -0.20154246 -0.20154246 -0.20154246 -0.20154246
 -0.20154246  6.73163613 -0.20154246 -0.20154246 -0.20154246 -0.20154246
 -0.20154246 -0.20154246 -0.20154246 -0.20154246  1.26733425 -0.20154246
  4.16274273 -0.20154246 -0.20154246 -0.20154246 -0.20154246  4.29532596
 -0.20154246  1.55842871 -0.20154246 -0.20154246 -0.20154246 -0.20154246
 -0.20154246 -0.20154246 -0.20154246 -0.20154246 -0.20154246 -0.20154246
 -0.20154246 -0.20154246 -0.20154246 -0.20154246 -0.20154246 -0.20154246
 -0.20154246 -0.20154246 -0.20154246 -0.20154246 -0.20154246 -0.20154246
 -0.20154246 -0.20154246 -0.20154246 -0.20154246 -0.20154246 -0.20154246
 -0.20154246 -0.20154246 -0.20154246 -0.20154246 -0.20154246 -0.20154246
 -0.20154246 -0.20154246 -0.20154246 -0.20154246 -0.20154246 -0.20154246
 -0.20154246 -0.20154246 -0.20154246 -0.20154246 -0.20154246 -0.20154246
 -0.20154246 -0.20154246 -0.20154246 -0.20154246 -0.20154246 -0.20154246
 -0.20154246 -0.20154246 -0.20154246 -0.20154246 -0.20154246 -0.20154246
 -0.20154246 -0.20154246 -0.20154246 -0.20154246 -0.20154246 -0.20154246
 -0.20154246 -0.20154246 -0.20154246 -0.20154246 -0.20154246 -0.20154246
 -0.20154246 -0.20154246 -0.20154246 -0.20154246 -0.20154246 -0.20154246
 -0.20154246 -0.20154246 -0.20154246 -0.20154246 -0.20154246 -0.20154246
 -0.20154246 -0.20154246 -0.20154246 -0.20154246 -0.20154246 -0.20154246
 -0.20154246 -0.20154246 -0.20154246 -0.20154246 -0.20154246 -0.20154246
 -0.20154246 -0.20154246 -0.20154246 -0.20154246 -0.20154246 -0.20154246
 -0.20154246 -0.20154246 -0.20154246 -0.20154246 -0.20154246 -0.20154246
 -0.20154246 -0.20154246 -0.20154246 -0.20154246 -0.20154246  5.760213
 -0.20154246 -0.20154246 -0.20154246 -0.20154246 -0.20154246 -0.20154246
 -0.20154246 -0.20154246 -0.20154246 -0.20154246 -0.20154246 -0.20154246
 -0.20154246 -0.20154246 -0.20154246 -0.20154246 -0.20154246 -0.20154246
 -0.20154246 -0.20154246 -0.20154246 -0.20154246 -0.20154246 -0.20154246
  0.70284866 -0.20154246 -0.20154246 -0.20154246 -0.20154246 -0.20154246
 -0.20154246 -0.20154246 -0.20154246 -0.20154246 -0.20154246 -0.20154246
 -0.20154246 -0.20154246  4.73561893 -0.20154246 -0.20154246 -0.20154246
  6.64159212  4.54104681 -0.20154246 -0.20154246 -0.20154246 -0.20154246
 -0.20154246 -0.20154246 -0.20154246 -0.20154246 -0.20154246 -0.20154246
 -0.20154246 -0.20154246 -0.20154246 -0.20154246 -0.20154246 -0.20154246
 -0.20154246  3.133496   -0.20154246 -0.20154246 -0.20154246 -0.20154246
 -0.20154246 -0.20154246 -0.20154246 -0.20154246 -0.20154246 -0.20154246
 -0.20154246 -0.20154246 -0.20154246 -0.20154246 -0.20154246 -0.20154246
 -0.20154246 -0.20154246 -0.20154246 -0.20154246 -0.20154246 -0.20154246
 -0.20154246 -0.20154246 -0.20154246 -0.20154246 -0.20154246 -0.20154246
 -0.20154246 -0.20154246 -0.20154246 -0.20154246]",[-0.03326676700395656]
11,"[-0.13782946 -0.13782946 -0.13782946 -0.13782946 -0.13782946 -0.13782946
 -0.13782946 -0.13782946 -0.13782946 -0.13782946 -0.13782946 -0.13782946
 -0.13782946 -0.13782946 -0.13782946 -0.13782946 -0.13782946 -0.13782946
  3.94463635 -0.13782946 -0.13782946 -0.13782946 -0.13782946 -0.13782946
 -0.13782946 -0.13782946 -0.13782946 -0.13782946 -0.13782946 -0.13782946
 -0.13782946 -0.13782946 -0.13782946 -0.13782946 -0.13782946 -0.13782946
 -0.13782946 -0.13782946 -0.13782946 -0.13782946 -0.13782946 -0.13782946
 -0.13782946 -0.13782946 -0.13782946 -0.13782946 -0.13782946 -0.13782946
 -0.13782946 -0.13782946 -0.13782946 -0.13782946 -0.13782946 -0.13782946
 -0.13782946 -0.13782946 -0.13782946 -0.13782946 -0.13782946 -0.13782946
 -0.13782946 -0.13782946 -0.13782946 -0.13782946 -0.13782946 -0.13782946
 -0.13782946 -0.13782946 -0.13782946 -0.13782946 -0.13782946 -0.13782946
 -0.13782946 -0.13782946 -0.13782946 -0.13782946 -0.13782946 -0.13782946
 -0.13782946 -0.13782946 -0.13782946 -0.13782946 -0.13782946  2.66642946
 -0.13782946 -0.13782946 -0.13782946 -0.13782946 -0.13782946 -0.13782946
 -0.13782946 -0.13782946 -0.13782946 -0.13782946 -0.13782946 -0.13782946
 -0.13782946 -0.13782946 -0.13782946 -0.13782946 -0.13782946 -0.13782946
 -0.13782946 -0.13782946 -0.13782946 -0.13782946 -0.13782946 -0.13782946
 -0.13782946 -0.13782946  0.8862666  -0.13782946 -0.13782946 -0.13782946
 -0.13782946 -0.13782946 -0.13782946 -0.13782946 -0.13782946 -0.13782946
 -0.13782946 -0.13782946 -0.13782946 -0.13782946 -0.13782946 -0.13782946
 -0.13782946 -0.13782946 -0.13782946 -0.13782946 -0.13782946 -0.13782946
 -0.13782946 -0.13782946 -0.13782946 -0.13782946 -0.13782946 -0.13782946
 -0.13782946 -0.13782946 -0.13782946 -0.13782946 -0.13782946 -0.13782946
 -0.13782946 -0.13782946 -0.13782946 -0.13782946 -0.13782946 -0.13782946
 -0.13782946 -0.13782946 -0.13782946 -0.13782946 -0.13782946 -0.13782946
 -0.13782946 -0.13782946 -0.13782946 -0.13782946 -0.13782946 -0.13782946
 -0.13782946 -0.13782946 -0.13782946 -0.13782946 -0.13782946 -0.13782946
 -0.13782946 -0.13782946 -0.13782946 -0.13782946 -0.13782946  2.61658699
 -0.13782946 -0.13782946 -0.13782946 -0.13782946 -0.13782946 -0.13782946
 -0.13782946 -0.13782946 -0.13782946 -0.13782946 -0.13782946 -0.13782946
  6.67134627 -0.13782946 -0.13782946 -0.13782946 -0.13782946 -0.13782946
 -0.13782946 -0.13782946 -0.13782946 -0.13782946 -0.13782946 -0.13782946
 -0.13782946 -0.13782946  2.1676346  -0.13782946 -0.13782946 -0.13782946
 -0.13782946 -0.13782946 -0.13782946 -0.13782946 -0.13782946 -0.13782946
  5.868761   -0.13782946 -0.13782946 -0.13782946 -0.13782946  5.71412338
 -0.13782946 -0.13782946 -0.13782946 -0.13782946 -0.13782946 -0.13782946
 -0.13782946 -0.13782946 -0.13782946 -0.13782946 -0.13782946 -0.13782946
 -0.13782946 -0.13782946 -0.13782946 -0.13782946 -0.13782946 -0.13782946
 -0.13782946 -0.08620793 -0.13782946 -0.13782946 -0.13782946 -0.13782946
 -0.13782946 -0.13782946 -0.13782946 -0.13782946 -0.13782946 -0.13782946
 -0.13782946 -0.13782946 -0.13782946 -0.13782946 -0.13782946 -0.13782946
 -0.13782946 -0.13782946 -0.13782946 -0.13782946 -0.13782946 -0.13782946
 -0.13782946 -0.13782946 -0.13782946 -0.13782946 -0.13782946 -0.13782946
 -0.13782946 -0.13782946 -0.13782946 -0.13782946 -0.13782946 -0.13782946
 -0.13782946 -0.13782946 -0.13782946 -0.13782946 -0.13782946 -0.13782946
 -0.13782946 -0.13782946 -0.13782946 -0.13782946 -0.13782946 -0.13782946
 -0.13782946 -0.13782946 -0.13782946 -0.13782946 -0.13782946 -0.13782946
 -0.13782946 -0.13782946 -0.13782946 -0.13782946 -0.13782946 -0.13782946
 -0.13782946 -0.13782946 -0.13782946 -0.13782946 -0.13782946 -0.13782946
 -0.13782946 -0.13782946 -0.13782946 -0.13782946 -0.13782946 -0.13782946
 -0.13782946 -0.13782946 -0.13782946 -0.13782946 -0.13782946  7.34109228
 -0.13782946 -0.13782946 -0.13782946 -0.13782946 -0.13782946 -0.13782946
 -0.13782946 -0.13782946 -0.13782946 -0.13782946 -0.13782946 -0.13782946
 -0.13782946 -0.13782946 -0.13782946 -0.13782946 -0.13782946 -0.13782946
 -0.13782946 -0.13782946 -0.13782946 -0.13782946 -0.13782946 -0.13782946
 -0.13782946 -0.13782946 -0.13782946 -0.13782946 -0.13782946 -0.13782946
 -0.13782946 -0.13782946 -0.13782946 -0.13782946 -0.13782946 -0.13782946
 -0.13782946 -0.13782946 -0.13782946 -0.13782946 -0.13782946 -0.13782946
 -0.13782946 -0.13782946 -0.13782946 -0.13782946 -0.13782946 -0.13782946
 -0.13782946 -0.13782946 -0.13782946 -0.13782946 -0.13782946 -0.13782946
 -0.13782946 -0.13782946 -0.13782946 -0.13782946 -0.13782946 -0.13782946
 -0.13782946 -0.13782946 -0.13782946 -0.13782946 -0.13782946 -0.13782946
 -0.13782946 -0.13782946 -0.13782946 -0.13782946 -0.13782946 -0.13782946
 -0.13782946 -0.13782946 -0.13782946 -0.13782946 -0.13782946 -0.13782946
 -0.13782946 -0.13782946 -0.13782946 -0.13782946 -0.13782946 -0.13782946
 -0.13782946 -0.13782946 -0.13782946 -0.13782946 -0.13782946 -0.13782946
 -0.13782946 -0.13782946 -0.13782946 -0.13782946 -0.13782946 -0.13782946
 -0.13782946 -0.13782946 -0.13782946 -0.13782946 -0.13782946 -0.13782946
 -0.13782946 -0.13782946 -0.13782946 -0.13782946 -0.13782946 -0.13782946
 -0.13782946 -0.13782946 -0.13782946 -0.13782946 -0.13782946 -0.13782946
 -0.13782946 -0.13782946 -0.13782946 -0.13782946 -0.13782946 -0.13782946
 -0.13782946 -0.13782946 -0.13782946 -0.13782946 -0.13782946 -0.13782946
 -0.13782946 -0.13782946 -0.13782946 -0.13782946 -0.13782946 -0.13782946
 -0.13782946 -0.13782946 -0.13782946 -0.13782946 -0.13782946 -0.13782946
 -0.13782946 -0.13782946 -0.13782946 -0.13782946 -0.13782946 -0.13782946
 -0.13782946 -0.13782946 -0.13782946 -0.13782946 -0.13782946 -0.13782946
 -0.13782946 -0.13782946  2.07722724 -0.13782946 -0.13782946 -0.13782946
 12.26240654 -0.13782946 -0.13782946 -0.13782946  8.55554383 -0.13782946
 -0.13782946 -0.13782946 -0.13782946 -0.13782946 -0.13782946 -0.13782946
 -0.13782946 -0.13782946 -0.13782946 -0.13782946 -0.13782946 -0.13782946
 -0.13782946  9.05585959 -0.13782946 -0.13782946 -0.13782946 -0.13782946
 -0.13782946 -0.13782946 -0.13782946 -0.13782946 -0.13782946 -0.13782946
 -0.13782946 -0.13782946 -0.13782946 -0.13782946 -0.13782946 -0.13782946
 -0.13782946 -0.13782946 -0.13782946 -0.13782946 -0.13782946 -0.13782946
 -0.13782946 -0.13782946 -0.13782946 -0.13782946 -0.13782946 -0.13782946
 -0.13782946 -0.13782946 -0.13782946 -0.13782946]",[-0.027815931208391098]
11,"[-0.25303706 -0.25303706 -0.25303706 -0.25303706  0.01530481 -0.25303706
 -0.25303706 -0.25303706 -0.25303706 -0.25303706 -0.25303706 -0.25303706
 -0.25303706 -0.25303706 -0.25303706 -0.25303706 -0.25303706 -0.25303706
 -0.25303706 -0.25303706 -0.25303706 -0.25303706 -0.25303706 -0.25303706
 -0.25303706 -0.25303706 -0.25303706 -0.25303706 -0.25303706 -0.25303706
 -0.25303706 -0.25303706 -0.25303706 -0.25303706 -0.25303706 -0.25303706
 -0.25303706 -0.25303706 -0.25303706 -0.25303706 -0.25303706 -0.25303706
 -0.25303706 -0.25303706 -0.25303706 -0.25303706 -0.25303706 -0.25303706
 -0.25303706 -0.25303706 -0.25303706 -0.25303706 -0.25303706 -0.25303706
 -0.25303706 -0.25303706 -0.25303706 -0.25303706  0.46211529 -0.25303706
 -0.25303706 -0.25303706 -0.25303706 -0.25303706 -0.25303706 -0.25303706
 -0.25303706 -0.25303706 -0.25303706 -0.25303706 -0.25303706 -0.25303706
 -0.25303706 -0.25303706 -0.25303706 -0.25303706 -0.25303706 -0.25303706
 -0.25303706 -0.25303706 -0.25303706 -0.25303706 -0.25303706  6.81994385
 -0.25303706 -0.25303706 -0.25303706 -0.25303706 -0.25303706 -0.25303706
 -0.25303706 -0.25303706  2.23060165 -0.25303706 -0.25303706 -0.25303706
 -0.25303706 -0.25303706 -0.25303706 -0.25303706 -0.25303706 -0.25303706
 -0.25303706 -0.25303706 -0.25303706 -0.25303706 -0.25303706 -0.25303706
 -0.25303706 -0.25303706  6.09365867 -0.25303706 -0.25303706 -0.25303706
  0.75684523 -0.25303706 -0.25303706 -0.25303706 -0.25303706 -0.25303706
 -0.25303706 -0.25303706 -0.25303706 -0.25303706  5.06419366 -0.25303706
 -0.25303706 -0.25303706 -0.25303706 -0.25303706 -0.25303706 -0.25303706
 -0.25303706 -0.25303706 -0.25303706 -0.25303706 -0.25303706 -0.25303706
 -0.25303706 -0.25303706 -0.25303706 -0.25303706 -0.25303706 -0.25303706
 -0.25303706 -0.25303706 -0.25303706 -0.25303706 -0.25303706 -0.25303706
 -0.25303706 -0.25303706 -0.25303706 -0.25303706 -0.25303706 -0.25303706
 -0.25303706 -0.25303706 -0.25303706 -0.25303706 -0.25303706 -0.25303706
 -0.25303706  2.65530878 -0.25303706 -0.25303706 -0.25303706 -0.25303706
 -0.25303706 -0.25303706 -0.25303706 -0.25303706 -0.25303706 -0.25303706
 -0.25303706 -0.25303706 -0.25303706 -0.25303706 -0.25303706 -0.25303706
 -0.25303706 -0.25303706 -0.25303706 -0.25303706 -0.25303706 -0.25303706
 -0.25303706 -0.25303706 -0.25303706 -0.25303706 -0.25303706 -0.25303706
 -0.25303706 -0.25303706  1.32710014 -0.25303706 -0.25303706 -0.25303706
 -0.25303706 -0.25303706 -0.25303706 -0.25303706 -0.25303706 -0.25303706
 -0.25303706 -0.25303706 -0.25303706 -0.25303706 -0.25303706 -0.25303706
  1.82062047 -0.25303706  1.76342044 -0.25303706 -0.25303706  1.0179537
 -0.25303706 -0.25303706 -0.25303706 -0.25303706 -0.25303706 -0.25303706
 -0.25303706 -0.25303706 -0.25303706 -0.25303706 -0.25303706 -0.25303706
 -0.25303706 -0.25303706 -0.25303706 -0.25303706 -0.25303706 -0.25303706
 -0.25303706  1.2873523  -0.25303706  4.91257883  3.45200229 -0.25303706
  3.1622398  -0.25303706 -0.25303706 -0.25303706 -0.25303706 -0.25303706
 -0.25303706 -0.25303706 -0.25303706 -0.25303706 -0.25303706 -0.25303706
 -0.25303706 -0.25303706 -0.25303706  5.72132504  2.63228159 -0.25303706
 -0.25303706 -0.25303706 -0.25303706  2.4927452  -0.25303706  0.70942329
  2.36480466 -0.25303706 -0.25303706  3.21440601  1.9235586  -0.25303706
 -0.25303706 -0.25303706  6.04962783 -0.25303706  4.50520555 -0.25303706
 -0.25303706  3.79106437 -0.25303706  3.05111028  2.63811003 -0.25303706
  3.56619927  3.62601143 -0.25303706 -0.25303706 -0.25303706  4.59058629
 -0.25303706 -0.25303706 -0.25303706  3.19252173 -0.25303706 -0.25303706
 -0.25303706 -0.25303706 -0.25303706 -0.25303706 -0.25303706 -0.25303706
 -0.25303706 -0.25303706 -0.25303706 -0.25303706 -0.25303706 -0.25303706
 -0.25303706 -0.25303706 -0.25303706 -0.25303706 -0.25303706  4.18564458
 -0.25303706 -0.25303706 -0.25303706 -0.25303706 -0.25303706 -0.25303706
 -0.25303706 -0.25303706 -0.25303706 -0.25303706 -0.25303706 -0.25303706
 -0.25303706 -0.25303706 -0.25303706 -0.25303706 -0.25303706 -0.25303706
 -0.25303706 -0.25303706 -0.25303706 -0.25303706 -0.25303706 -0.25303706
 -0.25303706 -0.25303706 -0.25303706 -0.25303706 -0.25303706 -0.25303706
 -0.25303706 -0.25303706 -0.25303706 -0.25303706 -0.25303706 -0.25303706
 -0.25303706 -0.25303706 -0.25303706 -0.25303706 -0.25303706 -0.25303706
 -0.25303706 -0.25303706 -0.25303706 -0.25303706 -0.25303706 -0.25303706
 -0.25303706 -0.25303706 -0.25303706 -0.25303706 -0.25303706 -0.25303706
 -0.25303706 -0.25303706 -0.25303706 -0.25303706 -0.25303706 -0.25303706
 -0.25303706 -0.25303706 -0.25303706 -0.25303706 -0.25303706 -0.25303706
 -0.25303706 -0.25303706 -0.25303706 -0.25303706 -0.25303706 -0.25303706
 -0.25303706 -0.25303706 -0.25303706 -0.25303706 -0.25303706 -0.25303706
 -0.25303706 -0.25303706 -0.25303706 -0.25303706 -0.25303706 -0.25303706
 -0.25303706 -0.25303706 -0.25303706 -0.25303706 -0.25303706 -0.25303706
 -0.25303706 -0.25303706 -0.25303706 -0.25303706 -0.25303706 -0.25303706
 -0.25303706 -0.25303706 -0.25303706 -0.25303706 -0.25303706 -0.25303706
 -0.25303706 -0.25303706 -0.25303706 -0.25303706 -0.25303706 -0.25303706
 -0.25303706 -0.25303706 -0.25303706 -0.25303706 -0.25303706  5.62368509
 -0.25303706 -0.25303706 -0.25303706 -0.25303706 -0.25303706 -0.25303706
 -0.25303706 -0.25303706 -0.25303706 -0.25303706 -0.25303706 -0.25303706
 -0.25303706 -0.25303706 -0.25303706 -0.25303706 -0.25303706 -0.25303706
  4.34116379 -0.25303706 -0.25303706 -0.25303706 -0.25303706 -0.25303706
 -0.25303706 -0.25303706 -0.25303706 -0.25303706 -0.25303706 -0.25303706
 -0.25303706 -0.25303706 -0.25303706 -0.25303706 -0.25303706 -0.25303706
 -0.25303706 -0.25303706  1.39768911 -0.25303706 -0.25303706 -0.25303706
  3.90025695 -0.25303706 -0.25303706 -0.25303706 -0.25303706 -0.25303706
 -0.25303706 -0.25303706 -0.25303706 -0.25303706 -0.25303706 -0.25303706
 -0.25303706 -0.25303706 -0.25303706 -0.25303706 -0.25303706 -0.25303706
 -0.25303706  2.7753666  -0.25303706 -0.25303706 -0.25303706 -0.25303706
 -0.25303706 -0.25303706 -0.25303706 -0.25303706 -0.25303706 -0.25303706
 -0.25303706 -0.25303706 -0.25303706 -0.25303706 -0.25303706 -0.25303706
 -0.25303706 -0.25303706 -0.25303706 -0.25303706 -0.25303706 -0.25303706
 -0.25303706 -0.25303706 -0.25303706 -0.25303706 -0.25303706 -0.25303706
 -0.25303706 -0.25303706  2.57679843 -0.25303706]",[0.024457223349417384]
11,"[-0.14659266 -0.14659266 -0.14659266 -0.14659266 -0.14659266 -0.14659266
 -0.14659266 -0.14659266 -0.14659266 -0.14659266 -0.14659266 -0.14659266
 -0.14659266 -0.14659266 -0.14659266 -0.14659266 -0.14659266 -0.14659266
 -0.14659266 -0.14659266 -0.14659266 -0.14659266 -0.14659266 -0.14659266
 -0.14659266 -0.14659266 -0.14659266 -0.14659266 -0.14659266 -0.14659266
 -0.14659266 -0.14659266 -0.14659266 -0.14659266 -0.14659266 -0.14659266
 -0.14659266 -0.14659266 -0.14659266 -0.14659266 -0.14659266 -0.14659266
 -0.14659266 -0.14659266 -0.14659266 -0.14659266 -0.14659266 -0.14659266
 -0.14659266 -0.14659266 -0.14659266 -0.14659266 -0.14659266 -0.14659266
 -0.14659266 -0.14659266 -0.14659266 -0.14659266  5.43301354 -0.14659266
 -0.14659266 -0.14659266 -0.14659266 -0.14659266 -0.14659266 -0.14659266
 -0.14659266 -0.14659266 -0.14659266 -0.14659266 -0.14659266 -0.14659266
 -0.14659266 -0.14659266 -0.14659266 -0.14659266 -0.14659266 -0.14659266
 -0.14659266 -0.14659266 -0.14659266 -0.14659266 -0.14659266 10.28798437
 -0.14659266 -0.14659266 -0.14659266 -0.14659266 -0.14659266 -0.14659266
 -0.14659266 -0.14659266 -0.14659266 -0.14659266 -0.14659266 -0.14659266
 -0.14659266 -0.14659266 -0.14659266 -0.14659266 -0.14659266 -0.14659266
 -0.14659266 -0.14659266 -0.14659266 -0.14659266 -0.14659266 -0.14659266
 -0.14659266 -0.14659266 -0.14659266 -0.14659266 -0.14659266 -0.14659266
 -0.14659266 -0.14659266 -0.14659266 -0.14659266 -0.14659266 -0.14659266
 -0.14659266 -0.14659266 -0.14659266 -0.14659266 -0.14659266 -0.14659266
 -0.14659266 -0.14659266 -0.14659266 -0.14659266 -0.14659266 -0.14659266
 -0.14659266 -0.14659266 -0.14659266 -0.14659266 -0.14659266 -0.14659266
 -0.14659266 -0.14659266 -0.14659266 -0.14659266 -0.14659266 -0.14659266
 -0.14659266 -0.14659266 -0.14659266 -0.14659266 -0.14659266 -0.14659266
 -0.14659266 -0.14659266 -0.14659266 -0.14659266 -0.14659266 -0.14659266
 -0.14659266 -0.14659266 -0.14659266 -0.14659266 -0.14659266 -0.14659266
 -0.14659266 -0.14659266 -0.14659266 -0.14659266 -0.14659266 -0.14659266
 -0.14659266 -0.14659266 -0.14659266 -0.14659266 -0.14659266 -0.14659266
 -0.14659266 -0.14659266 -0.14659266 -0.14659266 -0.14659266 -0.14659266
 -0.14659266 -0.14659266 -0.14659266 -0.14659266 -0.14659266 -0.14659266
  6.35520116 -0.14659266 -0.14659266 -0.14659266 -0.14659266 -0.14659266
 -0.14659266 -0.14659266  6.04812592 -0.14659266 -0.14659266 -0.14659266
 -0.14659266 -0.14659266 -0.14659266 -0.14659266 -0.14659266 -0.14659266
 -0.14659266 -0.14659266 -0.14659266 -0.14659266 -0.14659266 -0.14659266
  6.56249277 -0.14659266 -0.14659266 -0.14659266 -0.14659266  7.90138455
 -0.14659266 -0.14659266 -0.14659266 -0.14659266 -0.14659266 -0.14659266
 -0.14659266 -0.14659266 -0.14659266 -0.14659266 -0.14659266 -0.14659266
 -0.14659266 -0.14659266 -0.14659266 -0.14659266 -0.14659266 -0.14659266
 -0.14659266 -0.14659266 -0.14659266 -0.14659266 -0.14659266 -0.14659266
 -0.14659266 -0.14659266 -0.14659266 -0.14659266 -0.14659266 -0.14659266
 -0.14659266 -0.14659266 -0.14659266 -0.14659266 -0.14659266 -0.14659266
 -0.14659266 -0.14659266 -0.14659266 -0.14659266 -0.14659266 -0.14659266
 -0.14659266 -0.14659266  4.53611647  8.20532829 -0.14659266 -0.14659266
 -0.14659266 -0.14659266 -0.14659266 -0.14659266 -0.14659266 -0.14659266
 -0.14659266 -0.14659266 -0.14659266 -0.14659266 -0.14659266 -0.14659266
 -0.14659266 -0.14659266 -0.14659266 -0.14659266 -0.14659266 -0.14659266
 -0.14659266 -0.14659266 -0.14659266 -0.14659266 -0.14659266 -0.14659266
 -0.14659266 -0.14659266 -0.14659266 -0.14659266 -0.14659266 -0.14659266
 -0.14659266 -0.14659266 -0.14659266 -0.14659266 -0.14659266 -0.14659266
 -0.14659266 -0.14659266 -0.14659266 -0.14659266 -0.14659266 -0.14659266
 -0.14659266 -0.14659266 -0.14659266 -0.14659266 -0.14659266  7.08692216
 -0.14659266 -0.14659266 -0.14659266 -0.14659266 -0.14659266 -0.14659266
 -0.14659266 -0.14659266 -0.14659266 -0.14659266 -0.14659266 -0.14659266
 -0.14659266 -0.14659266 -0.14659266 -0.14659266 -0.14659266 -0.14659266
 -0.14659266 -0.14659266 -0.14659266 -0.14659266 -0.14659266 -0.14659266
 -0.14659266 -0.14659266 -0.14659266 -0.14659266 -0.14659266 -0.14659266
 -0.14659266 -0.14659266 -0.14659266 -0.14659266 -0.14659266 -0.14659266
 -0.14659266 -0.14659266 -0.14659266 -0.14659266 -0.14659266 -0.14659266
 -0.14659266 -0.14659266 -0.14659266 -0.14659266 -0.14659266 -0.14659266
 -0.14659266 -0.14659266 -0.14659266 -0.14659266 -0.14659266 -0.14659266
 -0.14659266 -0.14659266 -0.14659266 -0.14659266 -0.14659266 -0.14659266
 -0.14659266 -0.14659266 -0.14659266 -0.14659266 -0.14659266 -0.14659266
 -0.14659266 -0.14659266 -0.14659266 -0.14659266 -0.14659266 -0.14659266
 -0.14659266 -0.14659266 -0.14659266 -0.14659266 -0.14659266 -0.14659266
 -0.14659266 -0.14659266 -0.14659266 -0.14659266 -0.14659266 -0.14659266
 -0.14659266 -0.14659266 -0.14659266 -0.14659266 -0.14659266 -0.14659266
 -0.14659266 -0.14659266 -0.14659266 -0.14659266 -0.14659266 -0.14659266
 -0.14659266 -0.14659266 -0.14659266 -0.14659266 -0.14659266 -0.14659266
 -0.14659266 -0.14659266 -0.14659266 -0.14659266 -0.14659266 -0.14659266
 -0.14659266 -0.14659266 -0.14659266 -0.14659266 -0.14659266 -0.14659266
 -0.14659266 -0.14659266 -0.14659266 -0.14659266 -0.14659266 -0.14659266
 -0.14659266 -0.14659266 -0.14659266 -0.14659266 -0.14659266 -0.14659266
 -0.14659266 -0.14659266 -0.14659266 -0.14659266 -0.14659266 -0.14659266
 -0.14659266 -0.14659266 -0.14659266 -0.14659266 -0.14659266 -0.14659266
 -0.14659266 -0.14659266 -0.14659266 -0.14659266 -0.14659266 -0.14659266
 -0.14659266 -0.14659266 -0.14659266 -0.14659266 -0.14659266 -0.14659266
 -0.14659266 -0.14659266  4.74794928 -0.14659266 -0.14659266 -0.14659266
 -0.14659266 -0.14659266 -0.14659266 -0.14659266 -0.14659266 -0.14659266
 -0.14659266 -0.14659266 -0.14659266 -0.14659266 -0.14659266 -0.14659266
 -0.14659266 -0.14659266 -0.14659266 -0.14659266 -0.14659266 -0.14659266
 -0.14659266  2.2545968  -0.14659266 -0.14659266 -0.14659266 -0.14659266
 -0.14659266 -0.14659266 -0.14659266 -0.14659266 -0.14659266  5.04995683
 -0.14659266 -0.14659266 -0.14659266 -0.14659266 -0.14659266 -0.14659266
 -0.14659266 -0.14659266 -0.14659266 -0.14659266 -0.14659266 -0.14659266
 -0.14659266 -0.14659266 -0.14659266 -0.14659266 -0.14659266 -0.14659266
 -0.14659266 -0.14659266 -0.14659266 -0.14659266]",[0.010892495024263205]
11,"[-0.21954069 -0.21954069 -0.21954069 -0.21954069 -0.21954069 -0.21954069
 -0.21954069 -0.21954069 -0.21954069 -0.21954069 -0.21954069 -0.21954069
 -0.21954069 -0.21954069 -0.21954069 -0.21954069 -0.21954069 -0.21954069
 -0.21954069 -0.21954069 -0.21954069 -0.21954069 -0.21954069 -0.21954069
 -0.21954069 -0.21954069 -0.21954069 -0.21954069 -0.21954069 -0.21954069
 -0.21954069 -0.21954069 -0.21954069 -0.21954069 -0.21954069 -0.21954069
 -0.21954069 -0.21954069 -0.21954069 -0.21954069 -0.21954069 -0.21954069
 -0.21954069 -0.21954069 -0.21954069 -0.21954069 -0.21954069 -0.21954069
 -0.21954069 -0.21954069 -0.21954069 -0.21954069 -0.21954069 -0.21954069
 -0.21954069 -0.21954069 -0.21954069 -0.21954069  1.28032345 -0.21954069
 -0.21954069 -0.21954069 -0.21954069 -0.21954069 -0.21954069 -0.21954069
 -0.21954069 -0.21954069 -0.21954069 -0.21954069 -0.21954069 -0.21954069
 -0.21954069 -0.21954069 -0.21954069 -0.21954069 -0.21954069 -0.21954069
 -0.21954069 -0.21954069 -0.21954069 -0.21954069 -0.21954069  7.20150683
 -0.21954069 -0.21954069 -0.21954069 -0.21954069 -0.21954069  5.23485391
 -0.21954069 -0.21954069 -0.21954069 -0.21954069 -0.21954069 -0.21954069
 -0.21954069 -0.21954069 -0.21954069 -0.21954069 -0.21954069 -0.21954069
 -0.21954069 -0.21954069 -0.21954069 -0.21954069 -0.21954069 -0.21954069
 -0.21954069 -0.21954069  6.00117061 -0.21954069 -0.21954069 -0.21954069
 -0.21954069 -0.21954069  2.28475104 -0.21954069 -0.21954069 -0.21954069
 -0.21954069 -0.21954069 -0.21954069  0.2378419   1.18725569 -0.21954069
 -0.21954069 -0.21954069 -0.21954069 -0.21954069 -0.21954069 -0.21954069
 -0.21954069 -0.21954069 -0.21954069 -0.21954069 -0.21954069 -0.21954069
 -0.21954069 -0.21954069 -0.21954069 -0.21954069 -0.21954069 -0.21954069
 -0.21954069 -0.21954069 -0.21954069 -0.21954069 -0.21954069 -0.21954069
 -0.21954069 -0.21954069 -0.21954069 -0.21954069 -0.21954069 -0.21954069
 -0.21954069 -0.21954069 -0.21954069 -0.21954069 -0.21954069 -0.21954069
 -0.21954069 -0.21954069 -0.21954069 -0.21954069 -0.21954069 -0.21954069
 -0.21954069 -0.21954069 -0.21954069 -0.21954069 -0.21954069 -0.21954069
 -0.21954069 -0.21954069 -0.21954069 -0.21954069 -0.21954069 -0.21954069
 -0.21954069 -0.21954069 -0.21954069 -0.21954069 -0.21954069 -0.21954069
 -0.21954069 -0.21954069 -0.21954069 -0.21954069 -0.21954069 -0.21954069
 -0.21954069 -0.21954069 -0.21954069 -0.21954069 -0.21954069 -0.21954069
 -0.21954069 -0.21954069 -0.21954069 -0.21954069 -0.21954069 -0.21954069
 -0.21954069 -0.21954069 -0.21954069 -0.21954069 -0.21954069 -0.21954069
  3.78575634 -0.21954069  0.68054611 -0.21954069 -0.21954069  3.51486896
 -0.21954069 -0.21954069 -0.21954069 -0.21954069 -0.21954069 -0.21954069
 -0.21954069  0.4499397  -0.21954069 -0.21954069 -0.21954069 -0.21954069
 -0.21954069 -0.21954069 -0.21954069 -0.21954069 -0.21954069 -0.21954069
 -0.21954069  3.33321372 -0.21954069  4.39252531  2.80055045 -0.21954069
  3.11392929 -0.21954069  2.88163682  3.60553418 -0.21954069 -0.21954069
 -0.21954069 -0.21954069 -0.21954069 -0.21954069 -0.21954069 -0.21954069
 -0.21954069 -0.21954069 -0.21954069  6.55562534  3.285538   -0.21954069
 -0.21954069 -0.21954069  4.3871945  -0.21954069 -0.21954069  0.42591539
 -0.21954069 -0.21954069 -0.21954069 -0.21954069 -0.21954069 -0.21954069
 -0.21954069 -0.21954069  6.92673576 -0.21954069 -0.21954069  5.41104115
 -0.21954069 -0.21954069 -0.21954069 -0.21954069  0.43219826 -0.21954069
 -0.21954069 -0.21954069 -0.21954069 -0.21954069 -0.21954069  3.21025634
 -0.21954069 -0.21954069 -0.21954069 -0.21954069 -0.21954069 -0.21954069
 -0.21954069 -0.21954069  3.12192092 -0.21954069 -0.21954069 -0.21954069
 -0.21954069 -0.21954069 -0.21954069 -0.21954069 -0.21954069 -0.21954069
 -0.21954069 -0.21954069 -0.21954069 -0.21954069 -0.21954069  2.09792429
 -0.21954069 -0.21954069 -0.21954069 -0.21954069 -0.21954069 -0.21954069
 -0.21954069 -0.21954069 -0.21954069 -0.21954069 -0.21954069 -0.21954069
 -0.21954069 -0.21954069 -0.21954069 -0.21954069 -0.21954069 -0.21954069
 -0.21954069 -0.21954069 -0.21954069 -0.21954069 -0.21954069 -0.21954069
 -0.21954069 -0.21954069 -0.21954069 -0.21954069 -0.21954069 -0.21954069
 -0.21954069 -0.21954069 -0.21954069 -0.21954069 -0.21954069 -0.21954069
 -0.21954069 -0.21954069 -0.21954069 -0.21954069 -0.21954069 -0.21954069
 -0.21954069 -0.21954069 -0.21954069 -0.21954069 -0.21954069 -0.21954069
 -0.21954069 -0.21954069 -0.21954069 -0.21954069 -0.21954069 -0.21954069
 -0.21954069 -0.21954069 -0.21954069 -0.21954069 -0.21954069 -0.21954069
 -0.21954069 -0.21954069 -0.21954069 -0.21954069 -0.21954069 -0.21954069
 -0.21954069 -0.21954069 -0.21954069 -0.21954069 -0.21954069 -0.21954069
 -0.21954069 -0.21954069 -0.21954069 -0.21954069 -0.21954069 -0.21954069
 -0.21954069 -0.21954069 -0.21954069 -0.21954069 -0.21954069 -0.21954069
 -0.21954069 -0.21954069 -0.21954069 -0.21954069 -0.21954069 -0.21954069
 -0.21954069 -0.21954069 -0.21954069 -0.21954069 -0.21954069 -0.21954069
 -0.21954069 -0.21954069 -0.21954069 -0.21954069 -0.21954069 -0.21954069
 -0.21954069 -0.21954069 -0.21954069 -0.21954069 -0.21954069 -0.21954069
 -0.21954069 -0.21954069 -0.21954069 -0.21954069  6.59182072 -0.21954069
 -0.21954069 -0.21954069 -0.21954069 -0.21954069 -0.21954069 -0.21954069
 -0.21954069 -0.21954069 -0.21954069 -0.21954069 -0.21954069 -0.21954069
 -0.21954069 -0.21954069 -0.21954069 -0.21954069 -0.21954069 -0.21954069
  1.84006755 -0.21954069 -0.21954069 -0.21954069 -0.21954069 -0.21954069
  1.5030068  -0.21954069 -0.21954069 -0.21954069 -0.21954069 -0.21954069
 -0.21954069 -0.21954069 -0.21954069 -0.21954069 -0.21954069 -0.21954069
 -0.21954069 -0.21954069  2.64673888 -0.21954069 -0.21954069 -0.21954069
 -0.21954069 -0.21954069 -0.21954069 -0.21954069 -0.21954069 -0.21954069
 -0.21954069 -0.21954069 -0.21954069 -0.21954069 -0.21954069 -0.21954069
 -0.21954069 -0.21954069 -0.21954069 -0.21954069 -0.21954069 -0.21954069
 -0.21954069  6.71366619 -0.21954069 -0.21954069 -0.21954069 -0.21954069
 -0.21954069 -0.21954069 -0.21954069 -0.21954069 -0.21954069 -0.21954069
 -0.21954069 -0.21954069 -0.21954069 -0.21954069 -0.21954069 -0.21954069
 -0.21954069 -0.21954069 -0.21954069 -0.21954069 -0.21954069 -0.21954069
 -0.21954069 -0.21954069 -0.21954069 -0.21954069 -0.21954069 -0.21954069
 -0.21954069 -0.21954069 -0.21954069 -0.21954069]",[-0.012852413176278582]
11,"[-0.22976681 -0.22976681 -0.22976681 -0.22976681 -0.22976681 -0.22976681
 -0.22976681 -0.22976681 -0.22976681 -0.22976681 -0.22976681 -0.22976681
 -0.22976681 -0.22976681 -0.22976681 -0.22976681 -0.22976681 -0.22976681
 -0.22976681 -0.22976681 -0.22976681 -0.22976681 -0.22976681 -0.22976681
 -0.22976681 -0.22976681 -0.22976681 -0.22976681 -0.22976681 -0.22976681
 -0.22976681 -0.22976681 -0.22976681 -0.22976681 -0.22976681 -0.22976681
 -0.22976681 -0.22976681 -0.22976681 -0.22976681 -0.22976681 -0.22976681
 -0.22976681 -0.22976681 -0.22976681 -0.22976681 -0.22976681 -0.22976681
 -0.22976681 -0.22976681 -0.22976681 -0.22976681 -0.22976681 -0.22976681
 -0.22976681 -0.22976681 -0.22976681 -0.22976681  1.72539147 -0.22976681
 -0.22976681 -0.22976681 -0.22976681 -0.22976681 -0.22976681 -0.22976681
 -0.22976681 -0.22976681 -0.22976681 -0.22976681 -0.22976681 -0.22976681
 -0.22976681 -0.22976681 -0.22976681 -0.22976681 -0.22976681 -0.22976681
 -0.22976681 -0.22976681 -0.22976681 -0.22976681 -0.22976681  6.96459006
 -0.22976681 -0.22976681 -0.22976681 -0.22976681 -0.22976681  5.07237626
 -0.22976681 -0.22976681 -0.22976681 -0.22976681 -0.22976681 -0.22976681
 -0.22976681 -0.22976681 -0.22976681 -0.22976681 -0.22976681 -0.22976681
 -0.22976681 -0.22976681 -0.22976681 -0.22976681 -0.22976681 -0.22976681
 -0.22976681 -0.22976681  0.42443789 -0.22976681 -0.22976681 -0.22976681
 -0.22976681 -0.22976681 -0.22976681 -0.22976681 -0.22976681 -0.22976681
 -0.22976681 -0.22976681 -0.22976681  4.53689233  0.26445471 -0.22976681
 -0.22976681 -0.22976681 -0.22976681 -0.22976681 -0.22976681 -0.22976681
 -0.22976681 -0.22976681 -0.22976681 -0.22976681 -0.22976681 -0.22976681
 -0.22976681 -0.22976681 -0.22976681 -0.22976681 -0.22976681 -0.22976681
 -0.22976681 -0.22976681 -0.22976681 -0.22976681 -0.22976681 -0.22976681
 -0.22976681 -0.22976681 -0.22976681 -0.22976681 -0.22976681 -0.22976681
 -0.22976681 -0.22976681 -0.22976681 -0.22976681 -0.22976681 -0.22976681
 -0.22976681 -0.22976681 -0.22976681 -0.22976681 -0.22976681 -0.22976681
 -0.22976681 -0.22976681 -0.22976681 -0.22976681 -0.22976681 -0.22976681
 -0.22976681 -0.22976681 -0.22976681 -0.22976681 -0.22976681 -0.22976681
 -0.22976681 -0.22976681 -0.22976681 -0.22976681 -0.22976681 -0.22976681
 -0.22976681 -0.22976681 -0.22976681 -0.22976681 -0.22976681 -0.22976681
 -0.22976681 -0.22976681 -0.22976681 -0.22976681 -0.22976681 -0.22976681
 -0.22976681 -0.22976681  1.99366542 -0.22976681 -0.22976681  3.52847519
 -0.22976681 -0.22976681 -0.22976681 -0.22976681 -0.22976681  2.44400769
  5.5018615  -0.22976681 -0.17272507 -0.22976681 -0.22976681  3.06401964
 -0.22976681 -0.22976681 -0.22976681 -0.22976681 -0.22976681 -0.22976681
 -0.22976681 -0.22976681 -0.22976681 -0.22976681 -0.22976681 -0.22976681
 -0.22976681 -0.22976681 -0.22976681 -0.22976681 -0.22976681 -0.22976681
 -0.22976681  4.04377258 -0.22976681  1.80824078  4.33394076 -0.22976681
  4.22402441 -0.22976681 -0.22976681  4.73296628 -0.22976681 -0.22976681
 -0.22976681 -0.22976681 -0.22976681 -0.22976681 -0.22976681 -0.22976681
 -0.22976681 -0.22976681 -0.22976681 -0.22976681  3.72958442 -0.22976681
 -0.22976681 -0.22976681  4.93609222  1.97828074 -0.22976681  1.41649437
 -0.22976681 -0.22976681 -0.22976681 -0.22976681 -0.22976681 -0.22976681
 -0.22976681 -0.22976681 -0.22976681 -0.22976681 -0.22976681 -0.22976681
 -0.22976681 -0.22976681 -0.22976681 -0.22976681 -0.22976681 -0.22976681
 -0.22976681  2.03090314 -0.22976681 -0.22976681  6.26281843  3.54054403
 -0.22976681 -0.22976681 -0.22976681 -0.22976681 -0.22976681  4.10170122
 -0.22976681 -0.22976681 -0.22976681 -0.22976681 -0.22976681 -0.22976681
 -0.22976681 -0.22976681 -0.22976681 -0.22976681  4.33143398 -0.22976681
  4.29949701 -0.22976681 -0.22976681 -0.22976681 -0.22976681  5.07892574
 -0.22976681  0.46108965 -0.22976681 -0.22976681 -0.22976681 -0.22976681
 -0.22976681 -0.22976681 -0.22976681 -0.22976681 -0.22976681 -0.22976681
 -0.22976681 -0.22976681 -0.22976681 -0.22976681 -0.22976681 -0.22976681
 -0.22976681 -0.22976681 -0.22976681 -0.22976681 -0.22976681 -0.22976681
 -0.22976681 -0.22976681 -0.22976681 -0.22976681 -0.22976681 -0.22976681
 -0.22976681 -0.22976681 -0.22976681 -0.22976681 -0.22976681 -0.22976681
 -0.22976681 -0.22976681 -0.22976681 -0.22976681 -0.22976681 -0.22976681
 -0.22976681 -0.22976681 -0.22976681 -0.22976681 -0.22976681 -0.22976681
 -0.22976681 -0.22976681 -0.22976681 -0.22976681 -0.22976681 -0.22976681
 -0.22976681 -0.22976681 -0.22976681 -0.22976681 -0.22976681 -0.22976681
 -0.22976681 -0.22976681 -0.22976681 -0.22976681 -0.22976681 -0.22976681
 -0.22976681 -0.22976681 -0.22976681 -0.22976681 -0.22976681 -0.22976681
 -0.22976681 -0.22976681 -0.22976681 -0.22976681 -0.22976681 -0.22976681
 -0.22976681 -0.22976681 -0.22976681 -0.22976681 -0.22976681 -0.22976681
 -0.22976681 -0.22976681 -0.22976681 -0.22976681 -0.22976681 -0.22976681
 -0.22976681 -0.22976681 -0.22976681 -0.22976681 -0.22976681 -0.22976681
 -0.22976681 -0.22976681 -0.22976681 -0.22976681 -0.22976681 -0.22976681
 -0.22976681 -0.22976681 -0.22976681 -0.22976681 -0.22976681 -0.22976681
 -0.22976681 -0.22976681 -0.22976681 -0.22976681 -0.22976681 -0.22976681
 -0.22976681 -0.22976681 -0.22976681 -0.22976681 -0.22976681 -0.22976681
 -0.22976681 -0.22976681 -0.22976681 -0.22976681 -0.22976681 -0.22976681
 -0.22976681 -0.22976681 -0.22976681 -0.22976681 -0.22976681 -0.22976681
 -0.22976681 -0.22976681 -0.22976681 -0.22976681 -0.22976681 -0.22976681
  0.29746992 -0.22976681 -0.22976681 -0.22976681 -0.22976681 -0.22976681
 -0.22976681 -0.22976681 -0.22976681 -0.22976681 -0.22976681 -0.22976681
 -0.22976681 -0.22976681  5.32656841 -0.22976681  5.38692948 -0.22976681
 -0.22976681 -0.22976681 -0.22976681 -0.22976681 -0.22976681 -0.22976681
 -0.22976681 -0.22976681 -0.22976681 -0.22976681 -0.22976681 -0.22976681
 -0.22976681 -0.22976681 -0.22976681 -0.22976681 -0.22976681 -0.22976681
 -0.22976681  4.22771085 -0.22976681 -0.22976681 -0.22976681 -0.22976681
 -0.22976681 -0.22976681 -0.22976681 -0.22976681 -0.22976681 -0.22976681
 -0.22976681 -0.22976681 -0.22976681 -0.22976681 -0.22976681 -0.22976681
 -0.22976681 -0.22976681 -0.22976681 -0.22976681 -0.22976681 -0.22976681
 -0.22976681 -0.22976681 -0.22976681 -0.22976681 -0.22976681 -0.22976681
 -0.22976681 -0.22976681 -0.22976681 -0.22976681]",[-0.010566270422098567]
11,"[-0.19612791 -0.19612791 -0.19612791 -0.19612791 -0.19612791 -0.19612791
 -0.19612791 -0.19612791 -0.19612791 -0.19612791 -0.19612791 -0.19612791
 -0.19612791 -0.19612791 -0.19612791 -0.19612791 -0.19612791 -0.19612791
 -0.19612791 -0.19612791 -0.19612791 -0.19612791 -0.19612791 -0.19612791
 -0.19612791 -0.19612791 -0.19612791 -0.19612791 -0.19612791 -0.19612791
 -0.19612791 -0.19612791 -0.19612791 -0.19612791 -0.19612791 -0.19612791
 -0.19612791 -0.19612791 -0.19612791 -0.19612791 -0.19612791 -0.19612791
 -0.19612791 -0.19612791 -0.19612791 -0.19612791 -0.19612791 -0.19612791
 -0.19612791 -0.19612791 -0.19612791 -0.19612791 -0.19612791 -0.19612791
 -0.19612791 -0.19612791 -0.19612791 -0.19612791 -0.19612791 -0.19612791
 -0.19612791 -0.19612791 -0.19612791 -0.19612791 -0.19612791 -0.19612791
 -0.19612791 -0.19612791 -0.19612791 -0.19612791 -0.19612791 -0.19612791
 -0.19612791 -0.19612791 -0.19612791 -0.19612791 -0.19612791 -0.19612791
 -0.19612791 -0.19612791 -0.19612791 -0.19612791 -0.19612791  7.60581362
 -0.19612791 -0.19612791 -0.19612791 -0.19612791 -0.19612791  4.41083598
 -0.19612791 -0.19612791  1.12951747 -0.19612791 -0.19612791 -0.19612791
 -0.19612791 -0.19612791 -0.19612791 -0.19612791 -0.19612791 -0.19612791
 -0.19612791 -0.19612791 -0.19612791 -0.19612791 -0.19612791 -0.19612791
 -0.19612791 -0.19612791 -0.19612791 -0.19612791 -0.19612791 -0.19612791
 -0.19612791 -0.19612791 -0.19612791 -0.19612791 -0.19612791 -0.19612791
 -0.19612791 -0.19612791 -0.19612791 -0.19612791  5.68113587 -0.19612791
 -0.19612791 -0.19612791 -0.19612791 -0.19612791 -0.19612791 -0.19612791
 -0.19612791 -0.19612791 -0.19612791 -0.19612791 -0.19612791 -0.19612791
 -0.19612791 -0.19612791 -0.19612791 -0.19612791 -0.19612791 -0.19612791
 -0.19612791 -0.19612791 -0.19612791 -0.19612791 -0.19612791 -0.19612791
 -0.19612791 -0.19612791 -0.19612791 -0.19612791 -0.19612791 -0.19612791
 -0.19612791 -0.19612791 -0.19612791 -0.19612791 -0.19612791 -0.19612791
 -0.19612791 -0.19612791 -0.19612791 -0.19612791 -0.19612791 -0.19612791
 -0.19612791 -0.19612791 -0.19612791 -0.19612791 -0.19612791 -0.19612791
 -0.19612791 -0.19612791 -0.19612791 -0.19612791 -0.19612791 -0.19612791
 -0.19612791 -0.19612791 -0.19612791 -0.19612791 -0.19612791 -0.19612791
 -0.19612791 -0.19612791 -0.19612791 -0.19612791 -0.19612791 -0.19612791
 -0.19612791 -0.19612791 -0.19612791 -0.19612791 -0.19612791 -0.19612791
 -0.19612791 -0.19612791 -0.19612791 -0.19612791 -0.19612791  0.3724908
 -0.19612791 -0.19612791 -0.19612791 -0.19612791 -0.19612791 -0.19612791
 -0.19612791 -0.19612791  0.02584422 -0.19612791 -0.19612791  1.93300519
 -0.19612791 -0.19612791 -0.19612791 -0.19612791 -0.19612791 -0.19612791
 -0.19612791 -0.19612791 -0.19612791 -0.19612791 -0.19612791 -0.19612791
 -0.19612791 -0.19612791 -0.19612791 -0.19612791 -0.19612791 -0.19612791
 -0.19612791  3.75344106 -0.19612791  4.74231538  4.61839372 -0.19612791
  4.71567901 -0.19612791 -0.19612791 -0.19612791 -0.19612791 -0.19612791
 -0.19612791 -0.19612791 -0.19612791 -0.19612791 -0.19612791 -0.19612791
 -0.19612791 -0.19612791 -0.19612791 -0.19612791 -0.19612791 -0.19612791
 -0.19612791 -0.19612791 -0.19612791  3.84080304 -0.19612791  0.0181999
 -0.19612791 -0.19612791 -0.19612791  2.15863605 -0.19612791 -0.19612791
 -0.19612791 -0.19612791  5.81019754 -0.19612791  4.21436344  6.15912449
 -0.19612791 -0.19612791 -0.19612791 -0.19612791 -0.19612791 -0.19612791
 -0.19612791  1.24383393 -0.19612791 -0.19612791 -0.19612791  6.22182208
  3.4236675  -0.19612791 -0.19612791 -0.19612791 -0.19612791 -0.19612791
 -0.19612791 -0.19612791 -0.19612791 -0.19612791 -0.19612791 -0.19612791
 -0.19612791 -0.19612791 -0.19612791 -0.19612791 -0.19612791 -0.19612791
 -0.19612791 -0.19612791 -0.19612791 -0.19612791 -0.19612791  4.35260187
 -0.19612791 -0.19612791 -0.19612791 -0.19612791 -0.19612791 -0.19612791
 -0.19612791 -0.19612791 -0.19612791 -0.19612791 -0.19612791 -0.19612791
 -0.19612791 -0.19612791 -0.19612791 -0.19612791 -0.19612791 -0.19612791
 -0.19612791 -0.19612791 -0.19612791 -0.19612791 -0.19612791 -0.19612791
 -0.19612791 -0.19612791 -0.19612791 -0.19612791 -0.19612791 -0.19612791
 -0.19612791 -0.19612791 -0.19612791 -0.19612791 -0.19612791 -0.19612791
 -0.19612791 -0.19612791 -0.19612791 -0.19612791 -0.19612791 -0.19612791
 -0.19612791 -0.19612791 -0.19612791 -0.19612791 -0.19612791 -0.19612791
 -0.19612791 -0.19612791 -0.19612791 -0.19612791 -0.19612791 -0.19612791
 -0.19612791 -0.19612791 -0.19612791 -0.19612791 -0.19612791 -0.19612791
 -0.19612791 -0.19612791 -0.19612791 -0.19612791 -0.19612791 -0.19612791
 -0.19612791 -0.19612791 -0.19612791 -0.19612791 -0.19612791 -0.19612791
 -0.19612791 -0.19612791 -0.19612791 -0.19612791 -0.19612791 -0.19612791
 -0.19612791 -0.19612791 -0.19612791 -0.19612791 -0.19612791 -0.19612791
 -0.19612791 -0.19612791 -0.19612791 -0.19612791 -0.19612791 -0.19612791
 -0.19612791 -0.19612791 -0.19612791 -0.19612791 -0.19612791 -0.19612791
 -0.19612791 -0.19612791 -0.19612791 -0.19612791 -0.19612791 -0.19612791
 -0.19612791 -0.19612791 -0.19612791 -0.19612791 -0.19612791 -0.19612791
 -0.19612791 -0.19612791 -0.19612791 -0.19612791  7.34522262 -0.19612791
 -0.19612791 -0.19612791 -0.19612791 -0.19612791 -0.19612791 -0.19612791
 -0.19612791 -0.19612791 -0.19612791 -0.19612791 -0.19612791 -0.19612791
 -0.19612791 -0.19612791 -0.19612791 -0.19612791 -0.19612791 -0.19612791
 -0.19612791 -0.19612791 -0.19612791 -0.19612791 -0.19612791 -0.19612791
 -0.19612791 -0.19612791 -0.19612791 -0.19612791 -0.19612791 -0.19612791
 -0.19612791 -0.19612791 -0.19612791 -0.19612791 -0.19612791 -0.19612791
 -0.19612791 -0.19612791  1.96157485 -0.19612791  4.23359408 -0.19612791
 -0.19612791 -0.19612791 -0.19612791 -0.19612791 -0.19612791 -0.19612791
 -0.19612791 -0.19612791 -0.19612791 -0.19612791 -0.19612791 -0.19612791
 -0.19612791 -0.19612791 -0.19612791 -0.19612791 -0.19612791 -0.19612791
 -0.19612791 -0.19612791 -0.19612791 -0.19612791 -0.19612791 -0.19612791
 -0.19612791 -0.19612791 -0.19612791 -0.19612791 -0.19612791 -0.19612791
 -0.19612791 -0.19612791 -0.19612791 -0.19612791 -0.19612791 -0.19612791
 -0.19612791 -0.19612791 -0.19612791 -0.19612791 -0.19612791 -0.19612791
 -0.19612791 -0.19612791 -0.19612791 -0.19612791 -0.19612791 -0.19612791
 -0.19612791 -0.19612791  7.11120031 -0.19612791]",[-0.02845642598309417]
11,"[-0.17813891 -0.17813891 -0.17813891 -0.17813891 -0.17813891 -0.17813891
 -0.17813891 -0.17813891 -0.17813891 -0.17813891 -0.17813891 -0.17813891
 -0.17813891 -0.17813891 -0.17813891 -0.17813891 -0.17813891 -0.17813891
  0.48004722 -0.17813891 -0.17813891 -0.17813891 -0.17813891 -0.17813891
 -0.17813891 -0.17813891 -0.17813891 -0.17813891 -0.17813891 -0.17813891
 -0.17813891 -0.17813891 -0.17813891 -0.17813891 -0.17813891 -0.17813891
 -0.17813891 -0.17813891 -0.17813891 -0.17813891 -0.17813891 -0.17813891
 -0.17813891 -0.17813891 -0.17813891 -0.17813891 -0.17813891 -0.17813891
 -0.17813891 -0.17813891 -0.17813891 -0.17813891 -0.17813891 -0.17813891
 -0.17813891 -0.17813891 -0.17813891 -0.17813891  4.96605707 -0.17813891
 -0.17813891 -0.17813891 -0.17813891 -0.17813891 -0.17813891 -0.17813891
 -0.17813891 -0.17813891 -0.17813891 -0.17813891 -0.17813891 -0.17813891
 -0.17813891 -0.17813891 -0.17813891 -0.17813891 -0.17813891 -0.17813891
 -0.17813891 -0.17813891 -0.17813891 -0.17813891 -0.17813891  9.54894147
 -0.17813891 -0.17813891 -0.17813891 -0.17813891  3.29510488 -0.17813891
 -0.17813891 -0.17813891 -0.17813891 -0.17813891 -0.17813891 -0.17813891
 -0.17813891 -0.17813891 -0.17813891 -0.17813891 -0.17813891 -0.17813891
 -0.17813891 -0.17813891 -0.17813891 -0.17813891 -0.17813891 -0.17813891
 -0.17813891 -0.17813891  6.05293932 -0.17813891 -0.17813891 -0.17813891
 -0.17813891 -0.17813891  2.7382301  -0.17813891  0.79445304 -0.17813891
 -0.17813891 -0.17813891 -0.17813891  0.85404301 -0.17813891 -0.17813891
 -0.17813891 -0.17813891 -0.17813891 -0.17813891 -0.17813891 -0.17813891
 -0.17813891 -0.17813891 -0.17813891 -0.17813891 -0.17813891 -0.17813891
 -0.17813891 -0.17813891 -0.17813891 -0.17813891 -0.17813891 -0.17813891
 -0.17813891 -0.17813891 -0.17813891 -0.17813891 -0.17813891 -0.17813891
 -0.17813891 -0.17813891 -0.17813891 -0.17813891 -0.17813891 -0.17813891
 -0.17813891 -0.17813891 -0.17813891 -0.17813891 -0.17813891 -0.17813891
 -0.17813891 -0.17813891 -0.17813891 -0.17813891 -0.17813891 -0.17813891
 -0.17813891 -0.17813891 -0.17813891 -0.17813891 -0.17813891  1.40785875
 -0.17813891 -0.17813891 -0.17813891 -0.17813891 -0.17813891 -0.17813891
 -0.17813891 -0.17813891 -0.17813891 -0.17813891 -0.17813891 -0.17813891
  3.08804683 -0.17813891 -0.17813891 -0.17813891 -0.17813891 -0.17813891
 -0.17813891 -0.17813891 -0.17813891 -0.17813891 -0.17813891 -0.17813891
 -0.17813891 -0.17813891  5.0030914  -0.17813891 -0.17813891 -0.17813891
 -0.17813891 -0.17813891 -0.17813891 -0.17813891 -0.17813891 -0.17813891
  6.10600841 -0.17813891 -0.17813891 -0.17813891 -0.17813891  0.66536729
 -0.17813891 -0.17813891 -0.17813891 -0.17813891 -0.17813891 -0.17813891
 -0.17813891 -0.17813891 -0.17813891 -0.17813891 -0.17813891 -0.17813891
 -0.17813891 -0.17813891 -0.17813891 -0.17813891 -0.17813891 -0.17813891
 -0.17813891  0.04113342 -0.17813891 -0.17813891 -0.17813891 -0.17813891
 -0.17813891 -0.17813891 -0.17813891 -0.17813891 -0.17813891 -0.17813891
 -0.17813891  2.92080673 -0.17813891 -0.17813891 -0.17813891 -0.17813891
 -0.17813891 -0.17813891 -0.17813891 -0.17813891 -0.17813891 -0.17813891
 -0.17813891 -0.17813891 -0.17813891 -0.17813891 -0.17813891 -0.17813891
 -0.17813891 -0.17813891 -0.17813891 -0.17813891 -0.17813891 -0.17813891
 -0.17813891 -0.17813891  0.11898962 -0.17813891 -0.17813891 -0.17813891
 -0.17813891 -0.17813891 -0.17813891 -0.17813891 -0.17813891 -0.17813891
 -0.17813891 -0.17813891 -0.17813891 -0.17813891 -0.17813891 -0.17813891
 -0.17813891 -0.17813891 -0.17813891 -0.17813891 -0.17813891 -0.17813891
 -0.17813891 -0.17813891  4.76459349 -0.17813891 -0.17813891 -0.17813891
 -0.17813891 -0.17813891 -0.17813891 -0.17813891 -0.17813891 -0.17813891
 -0.17813891 -0.17813891 -0.17813891 -0.17813891 -0.17813891  1.61597187
 -0.17813891 -0.17813891 -0.17813891 -0.17813891 -0.17813891 -0.17813891
 -0.17813891 -0.17813891 -0.17813891 -0.17813891 -0.17813891 -0.17813891
 -0.17813891 -0.17813891 -0.17813891 -0.17813891 -0.17813891 -0.17813891
 -0.17813891 -0.17813891 -0.17813891 -0.17813891 -0.17813891 -0.17813891
 -0.17813891 -0.17813891 -0.17813891 -0.17813891 -0.17813891 -0.17813891
 -0.17813891 -0.17813891 -0.17813891 -0.17813891 -0.17813891 -0.17813891
 -0.17813891 -0.17813891 -0.17813891 -0.17813891 -0.17813891 -0.17813891
 -0.17813891 -0.17813891 -0.17813891 -0.17813891 -0.17813891 -0.17813891
 -0.17813891 -0.17813891 -0.17813891 -0.17813891 -0.17813891 -0.17813891
 -0.17813891 -0.17813891 -0.17813891 -0.17813891 -0.17813891 -0.17813891
 -0.17813891 -0.17813891 -0.17813891 -0.17813891 -0.17813891 -0.17813891
 -0.17813891 -0.17813891 -0.17813891 -0.17813891 -0.17813891 -0.17813891
 -0.17813891 -0.17813891 -0.17813891 -0.17813891 -0.17813891 -0.17813891
 -0.17813891 -0.17813891 -0.17813891 -0.17813891 -0.17813891 -0.17813891
 -0.17813891 -0.17813891 -0.17813891 -0.17813891 -0.17813891 -0.17813891
 -0.17813891 -0.17813891 -0.17813891 -0.17813891 -0.17813891 -0.17813891
 -0.17813891 -0.17813891 -0.17813891 -0.17813891 -0.17813891 -0.17813891
 -0.17813891 -0.17813891 -0.17813891 -0.17813891 -0.17813891 -0.17813891
 -0.17813891 -0.17813891 -0.17813891 -0.17813891 -0.17813891 -0.17813891
 -0.17813891 -0.17813891 -0.17813891 -0.17813891 -0.17813891 -0.17813891
 -0.17813891 -0.17813891 -0.17813891 -0.17813891 -0.17813891 -0.17813891
 -0.17813891 -0.17813891 -0.17813891 -0.17813891 -0.17813891 -0.17813891
 -0.17813891 -0.17813891 -0.17813891 -0.17813891 -0.17813891 -0.17813891
 -0.17813891 -0.17813891 -0.17813891 -0.17813891 -0.17813891 -0.17813891
 -0.17813891 -0.17813891 -0.17813891 -0.17813891 -0.17813891 -0.17813891
 -0.17813891 -0.17813891  7.43916051 -0.17813891  6.31775702 -0.17813891
  9.61706111 -0.17813891 -0.17813891 -0.17813891 -0.17813891 -0.17813891
 -0.17813891 -0.17813891 -0.17813891 -0.17813891 -0.17813891 -0.17813891
 -0.17813891 -0.17813891 -0.17813891 -0.17813891 -0.17813891 -0.17813891
 -0.17813891  4.27675229  3.88841519 -0.17813891 -0.17813891  0.77007162
 -0.17813891 -0.17813891 -0.17813891 -0.17813891 -0.17813891  1.40785875
 -0.17813891 -0.17813891 -0.17813891 -0.17813891 -0.17813891 -0.17813891
 -0.17813891 -0.17813891 -0.17813891 -0.17813891 -0.17813891 -0.17813891
 -0.17813891 -0.17813891 -0.17813891 -0.17813891 -0.17813891 -0.17813891
 -0.17813891 -0.17813891 -0.17813891 -0.17813891]",[-0.061888112593782185]
11,"[-0.24051419 -0.24051419 -0.24051419 -0.24051419 -0.20526831 -0.24051419
 -0.24051419 -0.24051419 -0.24051419 -0.24051419 -0.24051419 -0.24051419
 -0.24051419 -0.24051419 -0.24051419 -0.24051419 -0.24051419 -0.24051419
 -0.24051419 -0.24051419 -0.24051419 -0.24051419 -0.24051419 -0.24051419
 -0.24051419 -0.24051419 -0.24051419 -0.24051419 -0.24051419 -0.24051419
 -0.24051419 -0.24051419 -0.24051419 -0.24051419 -0.24051419 -0.24051419
 -0.24051419 -0.24051419 -0.24051419 -0.24051419 -0.24051419 -0.24051419
 -0.24051419 -0.24051419 -0.24051419 -0.24051419 -0.24051419 -0.24051419
 -0.24051419 -0.24051419 -0.24051419 -0.24051419 -0.24051419 -0.24051419
 -0.24051419 -0.24051419 -0.24051419 -0.24051419 -0.24051419 -0.24051419
 -0.24051419 -0.24051419 -0.24051419 -0.24051419 -0.24051419 -0.24051419
 -0.24051419 -0.24051419 -0.24051419 -0.24051419 -0.24051419 -0.24051419
 -0.24051419 -0.24051419 -0.24051419 -0.24051419 -0.24051419 -0.24051419
 -0.24051419 -0.24051419 -0.24051419 -0.24051419 -0.24051419  7.12877574
 -0.24051419 -0.24051419 -0.24051419 -0.24051419 -0.24051419  1.14340763
 -0.24051419 -0.24051419  3.16413508 -0.24051419 -0.24051419 -0.24051419
 -0.24051419 -0.24051419 -0.24051419 -0.24051419 -0.24051419 -0.24051419
 -0.24051419 -0.24051419 -0.24051419 -0.24051419 -0.24051419 -0.24051419
 -0.24051419 -0.24051419  4.26324701 -0.24051419 -0.24051419 -0.24051419
 -0.24051419 -0.24051419 -0.24051419 -0.24051419 -0.24051419 -0.24051419
 -0.24051419 -0.24051419 -0.24051419 -0.24051419 -0.24051419 -0.24051419
 -0.24051419 -0.24051419 -0.24051419 -0.24051419 -0.24051419 -0.24051419
 -0.24051419 -0.24051419 -0.24051419 -0.24051419 -0.24051419 -0.24051419
 -0.24051419 -0.24051419 -0.24051419 -0.24051419 -0.24051419 -0.24051419
 -0.24051419 -0.24051419 -0.24051419 -0.24051419 -0.24051419 -0.24051419
 -0.24051419 -0.24051419 -0.24051419 -0.24051419 -0.24051419 -0.24051419
 -0.24051419 -0.24051419 -0.24051419 -0.24051419 -0.24051419 -0.24051419
 -0.24051419 -0.24051419 -0.24051419 -0.24051419 -0.24051419 -0.24051419
 -0.24051419 -0.24051419 -0.24051419 -0.24051419 -0.24051419  1.46290732
 -0.24051419 -0.24051419 -0.24051419 -0.24051419 -0.24051419 -0.24051419
 -0.24051419 -0.24051419 -0.24051419 -0.24051419 -0.24051419 -0.24051419
 -0.24051419 -0.24051419 -0.24051419 -0.24051419 -0.24051419 -0.24051419
 -0.24051419 -0.24051419  3.18153039 -0.24051419 -0.24051419 -0.24051419
 -0.24051419 -0.24051419 -0.24051419 -0.24051419 -0.24051419  2.00060059
 -0.24051419 -0.24051419 -0.24051419 -0.24051419 -0.24051419 -0.24051419
  3.50019834 -0.24051419  0.22813446 -0.24051419 -0.24051419  4.20626394
 -0.24051419 -0.24051419 -0.24051419 -0.24051419 -0.24051419 -0.24051419
 -0.24051419 -0.24051419 -0.24051419 -0.24051419 -0.24051419 -0.24051419
 -0.24051419 -0.24051419 -0.24051419 -0.24051419 -0.24051419 -0.24051419
 -0.24051419  3.18268868 -0.24051419  3.24309055  3.46358367 -0.24051419
  4.29425062  0.88051671  3.4782341  -0.24051419 -0.24051419 -0.24051419
 -0.24051419  2.37740664 -0.24051419 -0.24051419 -0.24051419 -0.24051419
 -0.24051419 -0.24051419 -0.24051419  4.6148213  -0.24051419 -0.24051419
 -0.24051419 -0.24051419  5.17634655  4.23430174 -0.24051419  0.3449577
 -0.24051419 -0.24051419 -0.24051419 -0.24051419  2.72332345 -0.24051419
 -0.24051419 -0.24051419  4.95818373 -0.24051419  1.48867985 -0.24051419
 -0.24051419 -0.24051419 -0.24051419  2.33396918  0.67941299 -0.24051419
 -0.24051419  1.43273304 -0.24051419 -0.24051419 -0.24051419  4.89584118
 -0.24051419 -0.24051419 -0.24051419 -0.24051419 -0.24051419  0.89080862
 -0.24051419  6.03020832 -0.24051419 -0.24051419 -0.24051419 -0.24051419
 -0.24051419 -0.24051419 -0.24051419 -0.24051419  1.49454735 -0.24051419
  3.2765363  -0.24051419 -0.24051419 -0.24051419 -0.24051419  3.17457453
 -0.24051419 -0.24051419 -0.24051419 -0.24051419 -0.24051419 -0.24051419
 -0.24051419 -0.24051419 -0.24051419 -0.24051419 -0.24051419 -0.24051419
 -0.24051419 -0.24051419 -0.24051419 -0.24051419 -0.24051419 -0.24051419
 -0.24051419 -0.24051419 -0.24051419 -0.24051419 -0.24051419 -0.24051419
 -0.24051419 -0.24051419 -0.24051419 -0.24051419 -0.24051419 -0.24051419
 -0.24051419 -0.24051419 -0.24051419 -0.24051419 -0.24051419 -0.24051419
 -0.24051419 -0.24051419 -0.24051419 -0.24051419 -0.24051419 -0.24051419
 -0.24051419 -0.24051419 -0.24051419 -0.24051419 -0.24051419 -0.24051419
 -0.24051419 -0.24051419 -0.24051419 -0.24051419 -0.24051419 -0.24051419
 -0.24051419 -0.24051419 -0.24051419 -0.24051419 -0.24051419 -0.24051419
 -0.24051419 -0.24051419 -0.24051419 -0.24051419 -0.24051419 -0.24051419
 -0.24051419 -0.24051419 -0.24051419 -0.24051419 -0.24051419 -0.24051419
 -0.24051419 -0.24051419 -0.24051419 -0.24051419 -0.24051419 -0.24051419
 -0.24051419 -0.24051419 -0.24051419 -0.24051419 -0.24051419 -0.24051419
 -0.24051419 -0.24051419 -0.24051419 -0.24051419 -0.24051419 -0.24051419
 -0.24051419 -0.24051419 -0.24051419 -0.24051419 -0.24051419 -0.24051419
 -0.24051419 -0.24051419 -0.24051419 -0.24051419 -0.24051419 -0.24051419
 -0.24051419 -0.24051419 -0.24051419 -0.24051419 -0.24051419 -0.24051419
 -0.24051419 -0.24051419 -0.24051419 -0.24051419 -0.24051419 -0.24051419
 -0.24051419 -0.24051419 -0.24051419 -0.24051419 -0.24051419 -0.24051419
 -0.24051419 -0.24051419 -0.24051419 -0.24051419 -0.24051419 -0.24051419
 -0.24051419 -0.24051419 -0.24051419 -0.24051419 -0.24051419 -0.24051419
 -0.24051419 -0.24051419 -0.24051419 -0.24051419 -0.24051419 -0.24051419
 -0.24051419 -0.24051419 -0.24051419 -0.24051419 -0.24051419 -0.24051419
 -0.24051419 -0.24051419 -0.24051419 -0.24051419 -0.24051419 -0.24051419
 -0.24051419 -0.24051419  4.82914247 -0.24051419 -0.24051419 -0.24051419
  6.88510788 -0.24051419 -0.24051419 -0.24051419 -0.24051419 -0.24051419
 -0.24051419 -0.24051419 -0.24051419 -0.24051419 -0.24051419 -0.24051419
 -0.24051419 -0.24051419 -0.24051419 -0.24051419 -0.24051419 -0.24051419
 -0.24051419  5.711153   -0.24051419 -0.24051419 -0.24051419 -0.24051419
 -0.24051419 -0.24051419 -0.24051419 -0.24051419 -0.24051419 -0.24051419
 -0.24051419 -0.24051419 -0.24051419 -0.24051419 -0.24051419 -0.24051419
 -0.24051419 -0.24051419 -0.24051419 -0.24051419 -0.24051419 -0.24051419
 -0.24051419 -0.24051419 -0.24051419 -0.24051419 -0.24051419 -0.24051419
 -0.24051419 -0.24051419 -0.24051419 -0.24051419]",[-0.03494658083269453]
11,"[-0.23925736 -0.23925736 -0.23925736 -0.23925736 -0.23925736 -0.23925736
 -0.23925736 -0.23925736 -0.23925736 -0.23925736 -0.23925736 -0.23925736
 -0.23925736 -0.23925736 -0.23925736 -0.23925736 -0.23925736 -0.23925736
 -0.23925736 -0.23925736 -0.23925736 -0.23925736 -0.23925736 -0.23925736
 -0.23925736 -0.23925736 -0.23925736 -0.23925736 -0.23925736 -0.23925736
 -0.23925736 -0.23925736 -0.23925736 -0.23925736 -0.23925736 -0.23925736
 -0.23925736 -0.23925736 -0.23925736 -0.23925736 -0.23925736 -0.23925736
 -0.23925736 -0.23925736 -0.23925736 -0.23925736 -0.23925736 -0.23925736
 -0.23925736 -0.23925736 -0.23925736 -0.23925736 -0.23925736 -0.23925736
 -0.23925736 -0.23925736 -0.23925736 -0.23925736 -0.23925736 -0.23925736
 -0.23925736 -0.23925736 -0.23925736 -0.23925736 -0.23925736 -0.23925736
 -0.23925736 -0.23925736 -0.23925736 -0.23925736 -0.23925736 -0.23925736
 -0.23925736 -0.23925736 -0.23925736 -0.23925736 -0.23925736 -0.23925736
 -0.23925736 -0.23925736 -0.23925736 -0.23925736 -0.23925736  7.25762226
 -0.23925736 -0.23925736 -0.23925736 -0.23925736 -0.23925736 -0.23925736
 -0.23925736 -0.23925736  2.62919831 -0.23925736 -0.23925736 -0.23925736
 -0.23925736 -0.23925736 -0.23925736 -0.23925736 -0.23925736 -0.23925736
 -0.23925736 -0.23925736 -0.23925736 -0.23925736  0.09534329 -0.23925736
 -0.23925736 -0.23925736  6.7162587  -0.23925736 -0.23925736 -0.23925736
 -0.23925736 -0.23925736 -0.23925736 -0.23925736  1.14072669 -0.23925736
 -0.23925736 -0.23925736 -0.23925736 -0.23925736 -0.23925736 -0.23925736
 -0.23925736 -0.23925736 -0.23925736 -0.23925736 -0.23925736 -0.23925736
 -0.23925736 -0.23925736 -0.23925736 -0.23925736 -0.23925736 -0.23925736
 -0.23925736 -0.23925736 -0.23925736 -0.23925736 -0.23925736 -0.23925736
 -0.23925736 -0.23925736 -0.23925736 -0.23925736 -0.23925736 -0.23925736
 -0.23925736 -0.23925736 -0.23925736 -0.23925736 -0.23925736 -0.23925736
 -0.23925736 -0.23925736 -0.23925736 -0.23925736 -0.23925736 -0.23925736
 -0.23925736 -0.23925736 -0.23925736 -0.23925736 -0.23925736 -0.23925736
 -0.23925736 -0.23925736 -0.23925736 -0.23925736 -0.23925736 -0.23925736
 -0.23925736 -0.23925736 -0.23925736 -0.23925736 -0.23925736 -0.23925736
 -0.23925736 -0.23925736 -0.23925736 -0.23925736 -0.23925736 -0.23925736
 -0.23925736 -0.23925736 -0.23925736 -0.23925736 -0.23925736 -0.23925736
 -0.23925736 -0.23925736 -0.23925736 -0.23925736 -0.23925736 -0.23925736
 -0.23925736 -0.23925736  2.57336074 -0.23925736 -0.23925736  1.0867237
 -0.23925736 -0.23925736 -0.23925736 -0.23925736 -0.23925736 -0.23925736
  1.79654352 -0.23925736 -0.1459498  -0.23925736 -0.23925736  2.94267442
 -0.23925736 -0.23925736  0.33585533 -0.23925736 -0.23925736 -0.23925736
 -0.23925736  1.00094558 -0.23925736 -0.23925736 -0.23925736 -0.23925736
 -0.23925736 -0.23925736 -0.23925736  1.26637788 -0.23925736 -0.23925736
 -0.23925736  3.79326353 -0.23925736  3.52899198  1.7553476  -0.23925736
  4.12132536 -0.23925736 -0.23925736  2.78114109 -0.23925736 -0.23925736
 -0.23925736 -0.23925736 -0.23925736 -0.23925736 -0.23925736 -0.23925736
 -0.23925736 -0.23925736 -0.23925736  3.13566478  2.58764668 -0.23925736
 -0.23925736 -0.23925736 -0.23925736  2.94956422 -0.23925736  1.17808864
 -0.23925736 -0.23925736 -0.23925736 -0.23925736 -0.23925736 -0.23925736
 -0.23925736 -0.23925736  6.15552466 -0.23925736  3.81011848 -0.23925736
 -0.23925736  1.36242801 -0.23925736 -0.23925736  3.04047192 -0.23925736
  1.21612711  2.26794254 -0.23925736 -0.23925736 -0.23925736  5.44871926
  2.01613149 -0.23925736 -0.23925736 -0.23925736 -0.23925736 -0.23925736
 -0.23925736 -0.23925736 -0.23925736 -0.23925736 -0.23925736 -0.23925736
 -0.23925736 -0.23925736 -0.23925736 -0.23925736 -0.23925736 -0.23925736
  7.44919706 -0.23925736 -0.23925736 -0.23925736 -0.23925736  3.46266166
 -0.23925736 -0.23925736 -0.23925736 -0.23925736 -0.23925736 -0.23925736
 -0.23925736 -0.23925736 -0.23925736 -0.23925736 -0.23925736 -0.23925736
 -0.23925736 -0.23925736 -0.23925736 -0.23925736 -0.23925736 -0.23925736
 -0.23925736 -0.23925736 -0.23925736 -0.23925736 -0.23925736 -0.23925736
 -0.23925736 -0.23925736 -0.23925736 -0.23925736 -0.23925736 -0.23925736
 -0.23925736 -0.23925736 -0.23925736 -0.23925736 -0.23925736 -0.23925736
 -0.23925736 -0.23925736 -0.23925736 -0.23925736 -0.23925736 -0.23925736
 -0.23925736 -0.23925736 -0.23925736 -0.23925736 -0.23925736 -0.23925736
 -0.23925736 -0.23925736 -0.23925736 -0.23925736 -0.23925736 -0.23925736
 -0.23925736 -0.23925736 -0.23925736 -0.23925736 -0.23925736 -0.23925736
 -0.23925736 -0.23925736 -0.23925736 -0.23925736 -0.23925736 -0.23925736
 -0.23925736 -0.23925736 -0.23925736 -0.23925736 -0.23925736 -0.23925736
 -0.23925736 -0.23925736 -0.23925736  4.24995397 -0.23925736 -0.23925736
 -0.23925736 -0.23925736 -0.23925736 -0.23925736 -0.23925736 -0.23925736
 -0.23925736 -0.23925736 -0.23925736 -0.23925736 -0.23925736 -0.23925736
 -0.23925736 -0.23925736 -0.23925736 -0.23925736 -0.23925736 -0.23925736
 -0.23925736 -0.23925736 -0.23925736 -0.23925736 -0.23925736 -0.23925736
 -0.23925736 -0.23925736 -0.23925736 -0.23925736 -0.23925736 -0.23925736
 -0.23925736 -0.23925736 -0.23925736 -0.23925736  6.23651205 -0.23925736
 -0.23925736 -0.23925736 -0.23925736 -0.23925736 -0.23925736 -0.23925736
 -0.23925736 -0.23925736 -0.23925736 -0.23925736 -0.23925736 -0.23925736
 -0.23925736 -0.23925736 -0.23925736 -0.23925736 -0.23925736 -0.23925736
 -0.23925736 -0.23925736 -0.23925736 -0.23925736 -0.23925736 -0.23925736
  0.34547544 -0.23925736 -0.23925736 -0.23925736 -0.23925736 -0.23925736
 -0.23925736 -0.23925736 -0.23925736 -0.23925736 -0.23925736 -0.23925736
 -0.23925736 -0.23925736  4.10492863 -0.23925736 -0.23925736 -0.23925736
  5.60513877 -0.23925736 -0.23925736 -0.23925736 -0.23925736 -0.23925736
 -0.23925736 -0.23925736 -0.23925736 -0.23925736 -0.23925736 -0.23925736
 -0.23925736 -0.23925736 -0.23925736 -0.23925736 -0.23925736 -0.23925736
 -0.23925736  2.22664398 -0.23925736 -0.23925736 -0.23925736  0.27667564
 -0.23925736 -0.23925736 -0.23925736 -0.23925736 -0.23925736  1.04216882
 -0.23925736 -0.23925736 -0.23925736 -0.23925736 -0.23925736 -0.23925736
 -0.23925736 -0.23925736 -0.23925736 -0.23925736 -0.23925736 -0.23925736
 -0.23925736 -0.23925736 -0.23925736 -0.23925736 -0.23925736 -0.23925736
 -0.23925736 -0.23925736 -0.23925736 -0.23925736]",[0.014014715427315444]
11,"[-0.25849584 -0.25849584 -0.25849584 -0.25849584  0.13783481 -0.25849584
 -0.25849584 -0.25849584 -0.25849584 -0.25849584 -0.25849584 -0.25849584
 -0.25849584 -0.25849584 -0.25849584 -0.25849584 -0.25849584 -0.25849584
 -0.25849584 -0.25849584 -0.25849584 -0.25849584 -0.25849584 -0.25849584
 -0.25849584 -0.25849584 -0.25849584 -0.25849584 -0.25849584 -0.25849584
 -0.25849584 -0.25849584 -0.25849584 -0.25849584 -0.25849584 -0.25849584
 -0.25849584 -0.25849584 -0.25849584 -0.25849584 -0.25849584 -0.25849584
 -0.25849584 -0.25849584 -0.25849584 -0.25849584 -0.25849584 -0.25849584
 -0.25849584 -0.25849584 -0.25849584 -0.25849584 -0.25849584 -0.25849584
 -0.25849584 -0.25849584 -0.25849584 -0.25849584  0.88465529 -0.25849584
 -0.25849584 -0.25849584 -0.25849584 -0.25849584 -0.25849584 -0.25849584
 -0.25849584 -0.25849584 -0.25849584 -0.25849584 -0.25849584 -0.25849584
 -0.25849584 -0.25849584 -0.25849584 -0.25849584 -0.25849584 -0.25849584
 -0.25849584 -0.25849584 -0.25849584 -0.25849584 -0.25849584  5.71237188
 -0.25849584 -0.25849584 -0.25849584 -0.25849584 -0.25849584  3.29280548
 -0.25849584 -0.25849584 -0.25849584 -0.25849584 -0.25849584 -0.25849584
 -0.25849584 -0.25849584 -0.25849584 -0.25849584 -0.25849584 -0.25849584
 -0.25849584 -0.25849584 -0.25849584 -0.25849584  0.16868029 -0.25849584
 -0.25849584 -0.25849584  6.23893764 -0.25849584 -0.25849584 -0.25849584
 -0.25849584 -0.25849584  4.65732752 -0.25849584 -0.25849584 -0.25849584
 -0.25849584 -0.25849584 -0.25849584 -0.25849584  4.03896898 -0.25849584
 -0.25849584 -0.25849584 -0.25849584 -0.25849584 -0.25849584 -0.25849584
 -0.25849584 -0.25849584 -0.25849584 -0.25849584 -0.25849584 -0.25849584
 -0.25849584 -0.25849584 -0.25849584 -0.25849584 -0.25849584 -0.25849584
 -0.25849584 -0.25849584 -0.25849584 -0.25849584 -0.25849584 -0.25849584
 -0.25849584 -0.25849584 -0.25849584 -0.25849584 -0.25849584 -0.25849584
 -0.25849584 -0.25849584 -0.25849584 -0.25849584 -0.25849584 -0.25849584
 -0.25849584  1.4316902  -0.25849584 -0.25849584 -0.25849584 -0.25849584
 -0.25849584 -0.25849584 -0.25849584 -0.25849584 -0.25849584 -0.25849584
 -0.25849584 -0.25849584 -0.25849584 -0.25849584 -0.25849584 -0.25849584
 -0.25849584 -0.25849584 -0.25849584 -0.25849584 -0.25849584 -0.25849584
 -0.25849584 -0.25849584 -0.25849584 -0.25849584 -0.25849584 -0.25849584
 -0.25849584 -0.25849584 -0.25849584 -0.25849584 -0.25849584 -0.25849584
 -0.25849584 -0.25849584  1.26083029 -0.25849584 -0.25849584 -0.25849584
 -0.25849584 -0.25849584 -0.25849584 -0.25849584 -0.25849584 -0.25849584
  2.32682247 -0.25849584 -0.25849584 -0.25849584 -0.25849584  3.54883573
 -0.25849584 -0.25849584 -0.25849584 -0.25849584 -0.25849584 -0.25849584
 -0.25849584 -0.25849584 -0.25849584 -0.25849584 -0.25849584 -0.25849584
 -0.25849584 -0.25849584 -0.25849584 -0.25849584 -0.25849584 -0.25849584
 -0.25849584  3.41895196 -0.25849584  4.03412038  3.36639556 -0.25849584
  3.6286162   0.24256719  2.19021675  2.58933349 -0.25849584 -0.25849584
 -0.25849584 -0.25849584 -0.25849584 -0.25849584 -0.25849584 -0.25849584
 -0.25849584 -0.25849584 -0.25849584  7.16758689  2.59411351 -0.25849584
 -0.25849584 -0.25849584  4.41532911  3.6439788  -0.25849584  1.37855015
 -0.25849584 -0.25849584 -0.25849584  2.14029525 -0.25849584 -0.25849584
  0.80149177 -0.25849584  5.34293882 -0.25849584  3.576699    4.12602293
 -0.25849584  3.00215842 -0.25849584 -0.25849584  4.02486781 -0.25849584
  3.31124053  1.84262211 -0.25849584 -0.25849584 -0.25849584  5.12199629
 -0.25849584 -0.25849584 -0.25849584 -0.25849584  1.60016692 -0.25849584
 -0.25849584 -0.25849584 -0.25849584 -0.25849584 -0.25849584 -0.25849584
 -0.25849584 -0.25849584 -0.25849584 -0.25849584  1.2714905  -0.25849584
 -0.25849584 -0.25849584 -0.25849584 -0.25849584 -0.25849584  0.76473181
 -0.25849584 -0.25849584 -0.25849584 -0.25849584 -0.25849584 -0.25849584
 -0.25849584 -0.25849584 -0.25849584 -0.25849584 -0.25849584 -0.25849584
 -0.25849584 -0.25849584 -0.25849584 -0.25849584 -0.25849584 -0.25849584
 -0.25849584 -0.25849584 -0.25849584 -0.25849584 -0.25849584 -0.25849584
 -0.25849584 -0.25849584 -0.25849584 -0.25849584 -0.25849584 -0.25849584
 -0.25849584 -0.25849584 -0.25849584 -0.25849584 -0.25849584 -0.25849584
 -0.25849584 -0.25849584 -0.25849584 -0.25849584 -0.25849584 -0.25849584
 -0.25849584 -0.25849584 -0.25849584 -0.25849584 -0.25849584 -0.25849584
 -0.25849584 -0.25849584 -0.25849584 -0.25849584 -0.25849584 -0.25849584
 -0.25849584 -0.25849584 -0.25849584 -0.25849584 -0.25849584 -0.25849584
 -0.25849584 -0.25849584 -0.25849584 -0.25849584 -0.25849584 -0.25849584
 -0.25849584 -0.25849584 -0.25849584 -0.25849584 -0.25849584 -0.25849584
 -0.25849584 -0.25849584 -0.25849584 -0.25849584 -0.25849584 -0.25849584
 -0.25849584 -0.25849584 -0.25849584 -0.25849584 -0.25849584 -0.25849584
 -0.25849584 -0.25849584 -0.25849584 -0.25849584 -0.25849584 -0.25849584
 -0.25849584 -0.25849584 -0.25849584 -0.25849584 -0.25849584 -0.25849584
 -0.25849584 -0.25849584 -0.25849584 -0.25849584 -0.25849584 -0.25849584
 -0.25849584 -0.25849584 -0.25849584 -0.25849584 -0.25849584 -0.25849584
 -0.25849584 -0.25849584 -0.25849584 -0.25849584 -0.25849584  5.42324335
 -0.25849584 -0.25849584 -0.25849584 -0.25849584 -0.25849584 -0.25849584
 -0.25849584 -0.25849584 -0.25849584 -0.25849584 -0.25849584 -0.25849584
 -0.25849584 -0.25849584 -0.25849584 -0.25849584 -0.25849584 -0.25849584
  3.68122903 -0.25849584 -0.25849584 -0.25849584 -0.25849584 -0.25849584
 -0.25849584 -0.25849584 -0.25849584 -0.25849584 -0.25849584 -0.25849584
 -0.25849584 -0.25849584 -0.25849584 -0.25849584 -0.25849584 -0.25849584
 -0.25849584 -0.25849584  1.58011108 -0.25849584 -0.25849584 -0.25849584
 -0.25849584 -0.25849584 -0.25849584 -0.25849584 -0.25849584 -0.25849584
 -0.25849584 -0.25849584 -0.25849584 -0.25849584 -0.25849584 -0.25849584
 -0.25849584 -0.25849584 -0.25849584 -0.25849584 -0.25849584 -0.25849584
 -0.25849584  2.87503098 -0.25849584 -0.25849584 -0.25849584 -0.25849584
 -0.25849584 -0.25849584 -0.25849584 -0.25849584 -0.25849584  0.70515637
 -0.25849584 -0.25849584 -0.25849584 -0.25849584 -0.25849584 -0.25849584
 -0.25849584 -0.25849584 -0.25849584 -0.25849584 -0.25849584 -0.25849584
 -0.25849584 -0.25849584 -0.25849584 -0.25849584 -0.25849584 -0.25849584
 -0.25849584 -0.25849584 -0.25849584 -0.25849584]",[-0.014603556463085754]
11,"[-0.16751091 -0.16751091 -0.16751091 -0.16751091 -0.16751091 -0.16751091
 -0.16751091 -0.16751091 -0.16751091 -0.16751091 -0.16751091 -0.16751091
 -0.16751091 -0.16751091 -0.16751091 -0.16751091 -0.16751091 -0.16751091
  3.04389146 -0.16751091 -0.16751091 -0.16751091 -0.16751091 -0.16751091
 -0.16751091 -0.16751091 -0.16751091 -0.16751091 -0.16751091 -0.16751091
 -0.16751091 -0.16751091 -0.16751091 -0.16751091 -0.16751091 -0.16751091
 -0.16751091 -0.16751091 -0.16751091 -0.16751091 -0.16751091 -0.16751091
 -0.16751091 -0.16751091 -0.16751091 -0.16751091 -0.16751091 -0.16751091
 -0.16751091 -0.16751091 -0.16751091 -0.16751091 -0.16751091 -0.16751091
 -0.16751091 -0.16751091 -0.16751091 -0.16751091  3.46637108 -0.16751091
 -0.16751091 -0.16751091 -0.16751091 -0.16751091 -0.16751091 -0.16751091
 -0.16751091 -0.16751091 -0.16751091 -0.16751091 -0.16751091 -0.16751091
 -0.16751091 -0.16751091 -0.16751091 -0.16751091 -0.16751091 -0.16751091
 -0.16751091 -0.16751091 -0.16751091 -0.16751091 -0.16751091  9.4706808
 -0.16751091 -0.16751091 -0.16751091 -0.16751091  2.26719544 -0.16751091
 -0.16751091 -0.16751091 -0.16751091 -0.16751091 -0.16751091 -0.16751091
 -0.16751091 -0.16751091 -0.16751091 -0.16751091 -0.16751091 -0.16751091
 -0.16751091 -0.16751091 -0.16751091 -0.16751091 -0.16751091 -0.16751091
 -0.16751091 -0.16751091  7.11581976 -0.16751091 -0.16751091 -0.16751091
 -0.16751091 -0.16751091  5.56592202 -0.16751091  1.57458439 -0.16751091
 -0.16751091 -0.16751091 -0.16751091 -0.16751091 -0.16751091 -0.16751091
 -0.16751091 -0.16751091 -0.16751091 -0.16751091 -0.16751091 -0.16751091
 -0.16751091 -0.16751091 -0.16751091 -0.16751091 -0.16751091 -0.16751091
 -0.16751091 -0.16751091 -0.16751091 -0.16751091 -0.16751091 -0.16751091
 -0.16751091 -0.16751091 -0.16751091 -0.16751091 -0.16751091 -0.16751091
 -0.16751091 -0.16751091 -0.16751091 -0.16751091 -0.16751091 -0.16751091
 -0.16751091 -0.16751091 -0.16751091 -0.16751091 -0.16751091 -0.16751091
 -0.16751091 -0.16751091 -0.16751091 -0.16751091 -0.16751091 -0.16751091
 -0.16751091 -0.16751091 -0.16751091 -0.16751091 -0.16751091  2.84971146
 -0.16751091 -0.16751091 -0.16751091 -0.16751091 -0.16751091 -0.16751091
 -0.16751091 -0.16751091 -0.16751091 -0.16751091 -0.16751091 -0.16751091
 -0.16751091 -0.16751091 -0.16751091 -0.16751091 -0.16751091 -0.16751091
 -0.16751091 -0.16751091 -0.16751091 -0.16751091 -0.16751091 -0.16751091
 -0.16751091 -0.16751091  4.39210855 -0.16751091 -0.16751091 -0.16751091
 -0.16751091 -0.16751091 -0.16751091 -0.16751091 -0.16751091 -0.16751091
  4.85905227 -0.16751091 -0.16751091 -0.16751091 -0.16751091  0.89970513
 -0.16751091 -0.16751091 -0.16751091  1.76095037 -0.16751091 -0.16751091
 -0.16751091 -0.16751091 -0.16751091 -0.16751091 -0.16751091 -0.16751091
 -0.16751091 -0.16751091 -0.16751091 -0.16751091 -0.16751091 -0.16751091
 -0.16751091 -0.16751091 -0.16751091 -0.16751091 -0.16751091 -0.16751091
 -0.16751091 -0.16751091 -0.16751091 -0.16751091 -0.16751091 -0.16751091
 -0.16751091 -0.16751091 -0.16751091 -0.16751091 -0.16751091 -0.16751091
 -0.16751091 -0.16751091 -0.16751091 -0.16751091 -0.16751091 -0.16751091
 -0.16751091 -0.16751091 -0.16751091  1.95336539 -0.16751091 -0.16751091
 -0.16751091 -0.16751091 -0.16751091 -0.16751091 -0.16751091 -0.16751091
 -0.16751091 -0.16751091  0.23990171 -0.16751091 -0.16751091 -0.16751091
 -0.16751091 -0.16751091 -0.16751091 -0.16751091 -0.16751091 -0.16751091
 -0.16751091 -0.16751091 -0.16751091 -0.16751091 -0.16751091 -0.16751091
 -0.16751091 -0.16751091 -0.16751091 -0.16751091 -0.16751091 -0.16751091
 -0.16751091 -0.16751091  7.58776377 -0.16751091 -0.16751091 -0.16751091
 -0.16751091 -0.16751091 -0.16751091 -0.16751091 -0.16751091 -0.16751091
 -0.16751091 -0.16751091 -0.16751091 -0.16751091 -0.16751091  2.14471562
 -0.16751091  1.12012147 -0.16751091 -0.16751091 -0.16751091 -0.16751091
 -0.16751091 -0.16751091 -0.16751091 -0.16751091 -0.16751091 -0.16751091
 -0.16751091 -0.16751091 -0.16751091 -0.16751091 -0.16751091 -0.16751091
 -0.16751091 -0.16751091 -0.16751091 -0.16751091 -0.16751091 -0.16751091
 -0.16751091 -0.16751091 -0.16751091 -0.16751091 -0.16751091 -0.16751091
 -0.16751091 -0.16751091 -0.16751091 -0.16751091 -0.16751091 -0.16751091
 -0.16751091 -0.16751091 -0.16751091 -0.16751091 -0.16751091 -0.16751091
 -0.16751091 -0.16751091 -0.16751091 -0.16751091 -0.16751091 -0.16751091
 -0.16751091 -0.16751091 -0.16751091 -0.16751091 -0.16751091 -0.16751091
 -0.16751091 -0.16751091 -0.16751091 -0.16751091 -0.16751091 -0.16751091
 -0.16751091 -0.16751091 -0.16751091 -0.16751091 -0.16751091 -0.16751091
 -0.16751091 -0.16751091 -0.16751091 -0.16751091 -0.16751091 -0.16751091
 -0.16751091 -0.16751091 -0.16751091 -0.16751091 -0.16751091 -0.16751091
 -0.16751091 -0.16751091 -0.16751091 -0.16751091 -0.16751091 -0.16751091
 -0.16751091 -0.16751091 -0.16751091 -0.16751091 -0.16751091 -0.16751091
 -0.16751091 -0.16751091 -0.16751091 -0.16751091 -0.16751091 -0.16751091
 -0.16751091 -0.16751091 -0.16751091 -0.16751091 -0.16751091 -0.16751091
 -0.16751091 -0.16751091 -0.16751091 -0.16751091 -0.16751091 -0.16751091
 -0.16751091 -0.16751091 -0.16751091 -0.16751091 -0.16751091 -0.16751091
 -0.16751091 -0.16751091 -0.16751091 -0.16751091 -0.16751091 -0.16751091
 -0.16751091 -0.16751091 -0.16751091 -0.16751091 -0.16751091 -0.16751091
 -0.16751091 -0.16751091 -0.16751091 -0.16751091 -0.16751091 -0.16751091
 -0.16751091 -0.16751091 -0.16751091 -0.16751091 -0.16751091 -0.16751091
 -0.16751091 -0.16751091 -0.16751091 -0.16751091 -0.16751091 -0.16751091
 -0.16751091 -0.16751091 -0.16751091 -0.16751091 -0.16751091 -0.16751091
 -0.16751091 -0.16751091  7.35050805 -0.16751091  8.08888907 -0.16751091
  8.00419772 -0.16751091 -0.16751091 -0.16751091 -0.16751091 -0.16751091
 -0.16751091 -0.16751091 -0.16751091 -0.16751091 -0.16751091 -0.16751091
 -0.16751091 -0.16751091 -0.16751091 -0.16751091 -0.16751091 -0.16751091
 -0.16751091 -0.16751091 -0.16751091 -0.16751091 -0.16751091 -0.16751091
 -0.16751091 -0.16751091 -0.16751091 -0.16751091 -0.16751091 -0.16751091
 -0.16751091 -0.16751091 -0.16751091 -0.16751091 -0.16751091 -0.16751091
 -0.16751091 -0.16751091 -0.16751091 -0.16751091 -0.16751091 -0.16751091
 -0.16751091 -0.16751091 -0.16751091 -0.16751091 -0.16751091 -0.16751091
 -0.16751091 -0.16751091 -0.16751091 -0.16751091]",[0.00149128253170977]
11,"[-0.24831209 -0.24831209 -0.24831209 -0.24831209  0.43236696 -0.24831209
 -0.24831209 -0.24831209 -0.24831209 -0.24831209 -0.24831209 -0.24831209
 -0.24831209 -0.24831209 -0.24831209 -0.24831209 -0.24831209 -0.24831209
 -0.24831209 -0.24831209 -0.24831209 -0.24831209 -0.24831209 -0.24831209
 -0.24831209 -0.24831209 -0.24831209 -0.24831209 -0.24831209 -0.24831209
 -0.24831209 -0.24831209 -0.24831209 -0.24831209 -0.24831209 -0.24831209
 -0.24831209 -0.24831209 -0.24831209 -0.24831209 -0.24831209 -0.24831209
 -0.24831209 -0.24831209 -0.24831209 -0.24831209 -0.24831209 -0.24831209
 -0.24831209 -0.24831209 -0.24831209 -0.24831209 -0.24831209 -0.24831209
 -0.24831209 -0.24831209 -0.24831209 -0.24831209 -0.24831209 -0.24831209
 -0.24831209 -0.24831209 -0.24831209 -0.24831209 -0.24831209 -0.24831209
 -0.24831209 -0.24831209 -0.24831209 -0.24831209 -0.24831209 -0.24831209
 -0.24831209 -0.24831209 -0.24831209 -0.24831209 -0.24831209 -0.24831209
 -0.24831209 -0.24831209 -0.24831209 -0.24831209 -0.24831209  5.97316303
 -0.24831209 -0.24831209 -0.24831209 -0.24831209 -0.24831209 -0.24831209
 -0.24831209 -0.24831209  1.74565653 -0.24831209 -0.24831209 -0.24831209
 -0.24831209 -0.24831209 -0.24831209 -0.24831209 -0.24831209 -0.24831209
 -0.24831209 -0.24831209 -0.24831209 -0.24831209 -0.24831209 -0.24831209
 -0.24831209 -0.24831209  6.32157686 -0.24831209 -0.24831209 -0.24831209
 -0.24831209 -0.24831209  4.84952979 -0.24831209 -0.24831209 -0.24831209
 -0.24831209 -0.24831209 -0.24831209 -0.24831209 -0.24831209 -0.24831209
 -0.24831209 -0.24831209 -0.24831209 -0.24831209 -0.24831209 -0.24831209
 -0.24831209 -0.24831209 -0.24831209 -0.24831209 -0.24831209 -0.24831209
 -0.24831209 -0.24831209 -0.24831209 -0.24831209 -0.24831209 -0.24831209
 -0.24831209 -0.24831209 -0.24831209 -0.24831209 -0.24831209 -0.24831209
 -0.24831209 -0.24831209 -0.24831209 -0.24831209 -0.24831209 -0.24831209
 -0.24831209 -0.24831209 -0.24831209 -0.24831209 -0.24831209 -0.24831209
 -0.24831209  1.71334065 -0.24831209 -0.24831209 -0.24831209 -0.24831209
 -0.24831209 -0.24831209 -0.24831209 -0.24831209 -0.24831209 -0.24831209
 -0.24831209 -0.24831209 -0.24831209 -0.24831209 -0.24831209 -0.24831209
 -0.24831209 -0.24831209 -0.24831209 -0.24831209 -0.24831209 -0.24831209
 -0.24831209 -0.24831209 -0.24831209 -0.24831209 -0.24831209 -0.24831209
 -0.24831209 -0.24831209 -0.24831209 -0.24831209 -0.24831209 -0.24831209
 -0.24831209 -0.24831209 -0.24831209 -0.24831209 -0.24831209 -0.24831209
 -0.24831209 -0.24831209 -0.24831209 -0.24831209 -0.24831209 -0.24831209
 -0.24831209 -0.24831209 -0.24831209 -0.24831209  1.88836628  1.19193872
 -0.24831209 -0.24831209 -0.24831209 -0.24831209 -0.24831209 -0.24831209
 -0.24831209 -0.24831209 -0.24831209 -0.24831209  1.33478272 -0.24831209
 -0.24831209 -0.24831209 -0.24831209 -0.24831209 -0.24831209 -0.24831209
 -0.24831209  3.8331974  -0.24831209  5.69537171  5.38027582 -0.24831209
  3.31706752  0.99125751  4.17751144  4.39106514 -0.24831209 -0.24831209
 -0.24831209 -0.24831209 -0.24831209 -0.24831209 -0.24831209  3.17083934
 -0.24831209 -0.24831209 -0.24831209  4.84025208  4.28882081 -0.24831209
 -0.24831209 -0.24831209  3.55027807  4.03538924 -0.24831209  3.94915393
 -0.24831209 -0.24831209 -0.24831209  1.33478272 -0.24831209 -0.24831209
  1.10952196 -0.24831209  5.50010029 -0.24831209  3.33562152 -0.24831209
 -0.24831209  1.73748455 -0.24831209 -0.24831209 -0.24831209  2.08114676
  3.01673414  2.03161456 -0.24831209 -0.24831209  5.8069434   3.88627192
 -0.24831209 -0.24831209 -0.24831209  2.75337421 -0.24831209 -0.24831209
 -0.24831209 -0.24831209  5.11265392 -0.24831209 -0.24831209 -0.24831209
 -0.24831209 -0.24831209 -0.24831209 -0.24831209 -0.24831209 -0.24831209
 -0.24831209 -0.24831209 -0.24831209 -0.24831209 -0.24831209  1.09405826
 -0.24831209 -0.24831209 -0.24831209 -0.24831209 -0.24831209 -0.24831209
 -0.24831209 -0.24831209 -0.24831209 -0.24831209 -0.24831209 -0.24831209
 -0.24831209 -0.24831209 -0.24831209 -0.24831209 -0.24831209 -0.24831209
 -0.24831209 -0.24831209 -0.24831209 -0.24831209 -0.24831209 -0.24831209
 -0.24831209 -0.24831209 -0.24831209 -0.24831209 -0.24831209 -0.24831209
 -0.24831209 -0.24831209 -0.24831209 -0.24831209 -0.24831209 -0.24831209
 -0.24831209 -0.24831209 -0.24831209 -0.24831209 -0.24831209 -0.24831209
 -0.24831209 -0.24831209 -0.24831209 -0.24831209 -0.24831209 -0.24831209
 -0.24831209 -0.24831209 -0.24831209 -0.24831209 -0.24831209 -0.24831209
 -0.24831209 -0.24831209 -0.24831209 -0.24831209 -0.24831209 -0.24831209
 -0.24831209 -0.24831209 -0.24831209 -0.24831209 -0.24831209 -0.24831209
 -0.24831209 -0.24831209 -0.24831209 -0.24831209 -0.24831209 -0.24831209
 -0.24831209 -0.24831209 -0.24831209 -0.24831209 -0.24831209 -0.24831209
 -0.24831209 -0.24831209 -0.24831209 -0.24831209 -0.24831209 -0.24831209
 -0.24831209 -0.24831209 -0.24831209 -0.24831209 -0.24831209 -0.24831209
 -0.24831209 -0.24831209 -0.24831209 -0.24831209 -0.24831209 -0.24831209
 -0.24831209 -0.24831209 -0.24831209 -0.24831209 -0.24831209 -0.24831209
 -0.24831209 -0.24831209 -0.24831209 -0.24831209 -0.24831209 -0.24831209
 -0.24831209 -0.24831209 -0.24831209 -0.24831209 -0.24831209 -0.24831209
 -0.24831209 -0.24831209 -0.24831209 -0.24831209 -0.24831209 -0.24831209
 -0.24831209 -0.24831209 -0.24831209 -0.24831209 -0.24831209 -0.24831209
 -0.24831209 -0.24831209 -0.24831209 -0.24831209 -0.24831209 -0.24831209
 -0.24831209 -0.24831209 -0.24831209 -0.24831209 -0.24831209 -0.24831209
 -0.24831209 -0.24831209 -0.24831209 -0.24831209 -0.24831209 -0.24831209
 -0.24831209 -0.24831209 -0.24831209 -0.24831209 -0.24831209 -0.24831209
 -0.24831209 -0.24831209  2.03161456 -0.24831209 -0.24831209 -0.24831209
 -0.24831209 -0.24831209 -0.24831209 -0.24831209 -0.24831209 -0.24831209
 -0.24831209 -0.24831209 -0.24831209 -0.24831209 -0.24831209 -0.24831209
 -0.24831209 -0.24831209 -0.24831209 -0.24831209 -0.24831209 -0.24831209
 -0.24831209  2.03161456 -0.24831209 -0.24831209 -0.24831209 -0.24831209
 -0.24831209 -0.24831209 -0.24831209 -0.24831209 -0.24831209 -0.24831209
 -0.24831209 -0.24831209 -0.24831209 -0.24831209 -0.24831209 -0.24831209
 -0.24831209 -0.24831209 -0.24831209 -0.24831209 -0.24831209 -0.24831209
 -0.24831209 -0.24831209 -0.24831209 -0.24831209 -0.24831209 -0.24831209
 -0.24831209 -0.24831209 -0.24831209 -0.24831209]",[0.024579396371301576]
11,"[-0.22267114 -0.22267114 -0.22267114 -0.22267114 -0.22267114 -0.22267114
 -0.22267114 -0.22267114 -0.22267114 -0.22267114 -0.22267114 -0.22267114
 -0.22267114 -0.22267114 -0.22267114 -0.22267114 -0.22267114 -0.22267114
  0.86904469 -0.22267114 -0.22267114 -0.22267114 -0.22267114 -0.22267114
 -0.22267114 -0.22267114 -0.22267114 -0.22267114 -0.22267114 -0.22267114
 -0.22267114 -0.22267114 -0.22267114 -0.22267114 -0.22267114 -0.22267114
 -0.22267114 -0.22267114 -0.22267114 -0.22267114 -0.22267114 -0.22267114
 -0.22267114 -0.22267114 -0.22267114 -0.22267114 -0.22267114 -0.22267114
 -0.22267114 -0.22267114 -0.22267114 -0.22267114 -0.22267114 -0.22267114
 -0.22267114 -0.22267114 -0.22267114 -0.22267114 -0.22267114 -0.22267114
 -0.22267114 -0.22267114 -0.22267114 -0.22267114 -0.22267114 -0.22267114
 -0.22267114 -0.22267114 -0.22267114 -0.22267114 -0.22267114 -0.22267114
 -0.22267114 -0.22267114 -0.22267114 -0.22267114 -0.22267114 -0.22267114
 -0.22267114 -0.22267114 -0.22267114 -0.22267114 -0.22267114  4.38605836
 -0.22267114 -0.22267114 -0.22267114 -0.22267114 -0.22267114 -0.22267114
 -0.22267114 -0.22267114  3.47203046 -0.22267114  1.31045896 -0.22267114
 -0.22267114 -0.22267114 -0.22267114 -0.22267114 -0.22267114 -0.22267114
 -0.22267114 -0.22267114 -0.22267114 -0.22267114 -0.22267114 -0.22267114
 -0.22267114 -0.22267114  6.19567319 -0.22267114 -0.22267114 -0.22267114
 -0.22267114 -0.22267114 -0.22267114 -0.22267114 -0.22267114 -0.22267114
 -0.22267114 -0.22267114 -0.22267114 -0.22267114 -0.22267114 -0.22267114
 -0.22267114 -0.22267114 -0.22267114 -0.22267114 -0.22267114 -0.22267114
 -0.22267114 -0.22267114 -0.22267114 -0.22267114 -0.22267114 -0.22267114
 -0.22267114 -0.22267114 -0.22267114 -0.22267114 -0.22267114 -0.22267114
 -0.22267114 -0.22267114 -0.22267114 -0.22267114 -0.22267114 -0.22267114
 -0.22267114 -0.22267114 -0.22267114 -0.22267114 -0.22267114 -0.22267114
 -0.22267114 -0.22267114 -0.22267114 -0.22267114 -0.22267114 -0.22267114
 -0.22267114  0.73739866 -0.22267114 -0.22267114 -0.22267114 -0.22267114
 -0.22267114 -0.22267114 -0.22267114 -0.22267114 -0.22267114 -0.22267114
 -0.22267114 -0.22267114 -0.22267114 -0.22267114 -0.22267114 -0.22267114
 -0.22267114 -0.22267114 -0.22267114 -0.22267114 -0.22267114 -0.22267114
 -0.22267114 -0.22267114 -0.22267114 -0.22267114 -0.22267114 -0.22267114
 -0.22267114 -0.22267114 -0.22267114 -0.22267114 -0.22267114 -0.22267114
 -0.22267114 -0.22267114 -0.22267114 -0.22267114 -0.22267114  0.83585471
 -0.22267114 -0.22267114 -0.22267114 -0.22267114 -0.22267114 -0.22267114
  4.83531    -0.22267114 -0.12765966 -0.22267114 -0.22267114  3.28971527
 -0.22267114 -0.22267114 -0.22267114 -0.22267114 -0.22267114 -0.22267114
 -0.22267114 -0.22267114 -0.22267114 -0.22267114 -0.22267114 -0.22267114
 -0.22267114  3.70238134 -0.22267114 -0.22267114 -0.22267114 -0.22267114
 -0.22267114  2.70844692 -0.22267114  3.12822271  5.55208946 -0.22267114
  5.22593784 -0.22267114 -0.22267114 -0.22267114 -0.22267114 -0.22267114
 -0.22267114 -0.22267114 -0.22267114 -0.22267114 -0.22267114 -0.22267114
 -0.22267114 -0.22267114 -0.22267114  0.63510259  1.17677616 -0.22267114
 -0.22267114 -0.22267114  5.39102204  4.17014935 -0.22267114 -0.22267114
 -0.22267114 -0.22267114 -0.22267114  4.07758225  1.18251321 -0.22267114
  2.69141752 -0.22267114 -0.22267114 -0.22267114  3.85655586 -0.22267114
 -0.22267114  4.42504685 -0.22267114 -0.22267114  5.66585474 -0.22267114
  6.03168272 -0.22267114 -0.22267114 -0.22267114 -0.22267114 -0.22267114
  5.60021402 -0.22267114 -0.22267114 -0.22267114 -0.22267114 -0.22267114
 -0.22267114 -0.22267114 -0.22267114 -0.22267114 -0.22267114 -0.22267114
 -0.22267114 -0.22267114 -0.22267114 -0.22267114 -0.22267114 -0.22267114
 -0.22267114 -0.22267114 -0.22267114 -0.22267114 -0.22267114  2.27931516
 -0.22267114 -0.22267114 -0.22267114 -0.22267114 -0.22267114 -0.22267114
 -0.22267114 -0.22267114 -0.22267114 -0.22267114 -0.22267114 -0.22267114
 -0.22267114 -0.22267114 -0.22267114 -0.22267114 -0.22267114 -0.22267114
 -0.22267114 -0.22267114 -0.22267114 -0.22267114 -0.22267114 -0.22267114
 -0.22267114 -0.22267114 -0.22267114 -0.22267114 -0.22267114 -0.22267114
 -0.22267114 -0.22267114 -0.22267114 -0.22267114 -0.22267114 -0.22267114
 -0.22267114 -0.22267114 -0.22267114 -0.22267114 -0.22267114 -0.22267114
 -0.22267114 -0.22267114 -0.22267114 -0.22267114 -0.22267114 -0.22267114
 -0.22267114 -0.22267114 -0.22267114 -0.22267114 -0.22267114 -0.22267114
 -0.22267114 -0.22267114 -0.22267114 -0.22267114 -0.22267114 -0.22267114
 -0.22267114 -0.22267114 -0.22267114 -0.22267114 -0.22267114 -0.22267114
 -0.22267114 -0.22267114 -0.22267114 -0.22267114 -0.22267114 -0.22267114
 -0.22267114 -0.22267114 -0.22267114 -0.22267114 -0.22267114 -0.22267114
 -0.22267114 -0.22267114 -0.22267114 -0.22267114 -0.22267114 -0.22267114
 -0.22267114 -0.22267114 -0.22267114 -0.22267114 -0.22267114 -0.22267114
 -0.22267114 -0.22267114 -0.22267114 -0.22267114 -0.22267114 -0.22267114
 -0.22267114 -0.22267114 -0.22267114 -0.22267114 -0.22267114 -0.22267114
 -0.22267114 -0.22267114 -0.22267114 -0.22267114 -0.22267114 -0.22267114
 -0.22267114 -0.22267114 -0.22267114 -0.22267114 -0.22267114 -0.22267114
 -0.22267114 -0.22267114 -0.22267114 -0.22267114 -0.22267114 -0.22267114
 -0.22267114 -0.22267114 -0.22267114 -0.22267114 -0.22267114 -0.22267114
 -0.22267114 -0.22267114 -0.22267114 -0.22267114 -0.22267114 -0.22267114
 -0.22267114 -0.22267114 -0.22267114 -0.22267114 -0.22267114 -0.22267114
 -0.22267114 -0.22267114 -0.22267114 -0.22267114 -0.22267114 -0.22267114
 -0.22267114 -0.22267114 -0.22267114 -0.22267114 -0.22267114 -0.22267114
 -0.22267114 -0.22267114  5.88585803 -0.22267114  6.35148932 -0.22267114
 -0.22267114 -0.22267114 -0.22267114 -0.22267114 -0.22267114 -0.22267114
 -0.22267114 -0.22267114 -0.22267114 -0.22267114 -0.22267114 -0.22267114
 -0.22267114 -0.22267114 -0.22267114 -0.22267114 -0.22267114 -0.22267114
 -0.22267114  3.34464611 -0.22267114 -0.22267114 -0.22267114 -0.22267114
 -0.22267114 -0.22267114 -0.22267114 -0.22267114 -0.22267114 -0.22267114
 -0.22267114 -0.22267114 -0.22267114 -0.22267114 -0.22267114 -0.22267114
 -0.22267114 -0.22267114 -0.22267114 -0.22267114 -0.22267114 -0.22267114
 -0.22267114 -0.22267114 -0.22267114 -0.22267114 -0.22267114 -0.22267114
 -0.22267114 -0.22267114 -0.22267114 -0.22267114]",[0.021154923481697674]
11,"[-0.26102566 -0.26102566 -0.26102566 -0.26102566  0.24200179 -0.26102566
 -0.26102566 -0.26102566 -0.26102566 -0.26102566 -0.26102566 -0.26102566
 -0.26102566 -0.26102566 -0.26102566 -0.26102566 -0.26102566 -0.26102566
 -0.26102566 -0.26102566 -0.26102566 -0.26102566 -0.26102566 -0.26102566
 -0.26102566 -0.26102566 -0.26102566 -0.26102566 -0.26102566 -0.26102566
 -0.26102566 -0.26102566 -0.26102566 -0.26102566 -0.26102566 -0.26102566
 -0.26102566 -0.26102566 -0.26102566 -0.26102566 -0.26102566 -0.26102566
 -0.26102566 -0.26102566 -0.26102566 -0.26102566 -0.26102566 -0.26102566
 -0.26102566 -0.26102566 -0.26102566 -0.26102566 -0.26102566 -0.26102566
 -0.26102566 -0.26102566 -0.26102566 -0.26102566 -0.26102566 -0.26102566
 -0.26102566 -0.26102566 -0.26102566 -0.26102566 -0.26102566 -0.26102566
 -0.26102566 -0.26102566 -0.26102566 -0.26102566 -0.26102566 -0.26102566
 -0.26102566 -0.26102566 -0.26102566 -0.26102566 -0.26102566 -0.26102566
 -0.26102566 -0.26102566 -0.26102566 -0.26102566 -0.26102566  3.98765037
 -0.26102566 -0.26102566 -0.26102566 -0.26102566 -0.26102566  1.88751608
 -0.26102566  3.55838453 -0.26102566 -0.26102566 -0.26102566 -0.26102566
 -0.26102566 -0.26102566 -0.26102566 -0.26102566 -0.26102566 -0.26102566
 -0.26102566 -0.26102566 -0.26102566 -0.26102566 -0.26102566 -0.26102566
 -0.26102566 -0.26102566  6.53407214 -0.26102566 -0.26102566 -0.26102566
 -0.26102566  3.81586411  4.9169644  -0.26102566 -0.26102566 -0.26102566
 -0.26102566 -0.26102566 -0.26102566 -0.26102566  5.34563033 -0.26102566
 -0.26102566 -0.26102566 -0.26102566 -0.26102566 -0.26102566 -0.26102566
 -0.26102566 -0.26102566 -0.26102566 -0.26102566 -0.26102566 -0.26102566
 -0.26102566 -0.26102566 -0.26102566 -0.26102566 -0.26102566 -0.26102566
 -0.26102566 -0.26102566 -0.26102566 -0.26102566 -0.26102566 -0.26102566
 -0.26102566 -0.26102566 -0.26102566 -0.26102566 -0.26102566 -0.26102566
 -0.26102566 -0.26102566 -0.26102566 -0.26102566 -0.26102566 -0.26102566
 -0.26102566 -0.26102566 -0.26102566 -0.26102566 -0.26102566 -0.26102566
 -0.26102566 -0.26102566 -0.26102566 -0.26102566 -0.26102566 -0.26102566
 -0.26102566 -0.26102566 -0.26102566 -0.26102566 -0.26102566 -0.26102566
 -0.26102566 -0.26102566 -0.26102566 -0.26102566 -0.26102566 -0.26102566
 -0.26102566 -0.26102566 -0.26102566 -0.26102566 -0.26102566 -0.26102566
 -0.26102566 -0.26102566 -0.26102566 -0.26102566 -0.26102566 -0.26102566
 -0.26102566 -0.26102566 -0.26102566 -0.26102566 -0.26102566  0.87392648
 -0.26102566 -0.26102566  2.12468365 -0.26102566 -0.26102566 -0.26102566
  3.3848691  -0.26102566  0.0395293  -0.26102566 -0.26102566  1.53855117
 -0.26102566 -0.26102566 -0.26102566 -0.26102566 -0.26102566 -0.26102566
 -0.26102566 -0.26102566 -0.26102566 -0.26102566 -0.26102566 -0.26102566
 -0.26102566 -0.26102566 -0.26102566 -0.26102566 -0.26102566 -0.26102566
 -0.26102566  2.83307009 -0.26102566 -0.26102566  3.21690014 -0.26102566
  3.03263826 -0.26102566  3.61936121 -0.26102566 -0.26102566 -0.26102566
 -0.26102566 -0.26102566 -0.26102566  2.46690145 -0.26102566 -0.26102566
 -0.26102566 -0.26102566 -0.26102566  5.16301229  0.86146436 -0.26102566
 -0.26102566 -0.26102566 -0.26102566  2.75611013 -0.26102566  2.65029253
 -0.26102566 -0.26102566 -0.26102566  2.26237908 -0.26102566 -0.26102566
 -0.26102566 -0.26102566 -0.26102566 -0.26102566  3.9492202  -0.26102566
 -0.26102566  3.41517057 -0.26102566 -0.26102566  2.0313133  -0.26102566
  3.47927334  3.87712766 -0.26102566 -0.26102566  1.05282921  4.41028768
 -0.26102566 -0.26102566 -0.26102566 -0.26102566 -0.26102566 -0.26102566
 -0.26102566 -0.26102566 -0.26102566 -0.26102566 -0.26102566  3.73012074
 -0.26102566 -0.26102566 -0.26102566 -0.26102566 -0.26102566 -0.26102566
  4.49079652  5.26639145 -0.26102566 -0.26102566 -0.26102566  4.09054339
 -0.26102566 -0.26102566 -0.26102566 -0.26102566 -0.26102566 -0.26102566
 -0.26102566 -0.26102566 -0.26102566 -0.26102566 -0.26102566 -0.26102566
 -0.26102566 -0.26102566 -0.26102566 -0.26102566 -0.26102566 -0.26102566
 -0.26102566 -0.26102566 -0.26102566 -0.26102566 -0.26102566 -0.26102566
 -0.26102566 -0.26102566 -0.26102566 -0.26102566 -0.26102566 -0.26102566
 -0.26102566 -0.26102566 -0.26102566 -0.26102566 -0.26102566 -0.26102566
 -0.26102566 -0.26102566 -0.26102566 -0.26102566 -0.26102566 -0.26102566
 -0.26102566 -0.26102566 -0.26102566 -0.26102566 -0.26102566 -0.26102566
 -0.26102566 -0.26102566 -0.26102566 -0.26102566 -0.26102566 -0.26102566
 -0.26102566 -0.26102566 -0.26102566 -0.26102566 -0.26102566 -0.26102566
 -0.26102566 -0.26102566 -0.26102566 -0.26102566 -0.26102566 -0.26102566
 -0.26102566 -0.26102566 -0.26102566 -0.26102566 -0.26102566 -0.26102566
 -0.26102566 -0.26102566 -0.26102566 -0.26102566 -0.26102566 -0.26102566
 -0.26102566 -0.26102566 -0.26102566 -0.26102566 -0.26102566 -0.26102566
 -0.26102566 -0.26102566 -0.26102566 -0.26102566 -0.26102566 -0.26102566
 -0.26102566 -0.26102566 -0.26102566 -0.26102566 -0.26102566 -0.26102566
 -0.26102566 -0.26102566 -0.26102566 -0.26102566 -0.26102566 -0.26102566
 -0.26102566 -0.26102566 -0.26102566 -0.26102566 -0.26102566 -0.26102566
 -0.26102566 -0.26102566 -0.26102566 -0.26102566  3.9174694  -0.26102566
 -0.26102566 -0.26102566 -0.26102566 -0.26102566 -0.26102566 -0.26102566
 -0.26102566 -0.26102566 -0.26102566 -0.26102566 -0.26102566 -0.26102566
 -0.26102566 -0.26102566 -0.26102566 -0.26102566 -0.26102566 -0.26102566
  4.21045933 -0.26102566 -0.26102566 -0.26102566 -0.26102566 -0.26102566
 -0.26102566 -0.26102566 -0.26102566 -0.26102566 -0.26102566 -0.26102566
 -0.26102566 -0.26102566 -0.26102566 -0.26102566 -0.26102566 -0.26102566
 -0.26102566 -0.26102566  3.8145721  -0.26102566 -0.26102566 -0.26102566
 -0.26102566 -0.26102566 -0.26102566 -0.26102566 -0.26102566 -0.26102566
 -0.26102566 -0.26102566 -0.26102566 -0.26102566 -0.26102566 -0.26102566
 -0.26102566 -0.26102566 -0.26102566 -0.26102566 -0.26102566 -0.26102566
 -0.26102566  1.88751608 -0.26102566 -0.26102566 -0.26102566 -0.26102566
 -0.26102566 -0.26102566 -0.26102566 -0.26102566 -0.26102566 -0.26102566
 -0.26102566 -0.26102566 -0.26102566 -0.26102566 -0.26102566 -0.26102566
 -0.26102566 -0.26102566 -0.26102566 -0.26102566 -0.26102566 -0.26102566
 -0.26102566 -0.26102566 -0.26102566 -0.26102566 -0.26102566 -0.26102566
 -0.26102566 -0.26102566  4.81848009 -0.26102566]",[-0.0023318996683760473]
11,"[-0.15846914 -0.15846914 -0.15846914 -0.15846914 -0.15846914 -0.15846914
 -0.15846914 -0.15846914 -0.15846914 -0.15846914 -0.15846914 -0.15846914
 -0.15846914 -0.15846914 -0.15846914 -0.15846914 -0.15846914 -0.15846914
 -0.15846914 -0.15846914 -0.15846914 -0.15846914 -0.15846914 -0.15846914
 -0.15846914 -0.15846914 -0.15846914 -0.15846914 -0.15846914 -0.15846914
 -0.15846914 -0.15846914 -0.15846914 -0.15846914 -0.15846914 -0.15846914
 -0.15846914 -0.15846914 -0.15846914 -0.15846914 -0.15846914 -0.15846914
 -0.15846914 -0.15846914 -0.15846914 -0.15846914 -0.15846914 -0.15846914
 -0.15846914 -0.15846914 -0.15846914 -0.15846914 -0.15846914 -0.15846914
 -0.15846914 -0.15846914 -0.15846914 -0.15846914 -0.15846914 -0.15846914
 -0.15846914 -0.15846914 -0.15846914 -0.15846914 -0.15846914 -0.15846914
 -0.15846914 -0.15846914 -0.15846914 -0.15846914 -0.15846914 -0.15846914
 -0.15846914 -0.15846914 -0.15846914 -0.15846914 -0.15846914 -0.15846914
 -0.15846914 -0.15846914 -0.15846914 -0.15846914 -0.15846914  9.65995773
 -0.15846914 -0.15846914 -0.15846914 -0.15846914 -0.15846914 -0.15846914
 -0.15846914 -0.15846914 -0.15846914 -0.15846914 -0.15846914 -0.15846914
 -0.15846914 -0.15846914 -0.15846914 -0.15846914 -0.15846914 -0.15846914
 -0.15846914 -0.15846914 -0.15846914 -0.15846914 -0.15846914 -0.15846914
 -0.15846914 -0.15846914 -0.15846914 -0.15846914 -0.15846914 -0.15846914
 -0.15846914 -0.15846914 -0.15846914 -0.15846914 -0.15846914 -0.15846914
 -0.15846914 -0.15846914 -0.15846914 -0.15846914 -0.15846914 -0.15846914
 -0.15846914 -0.15846914 -0.15846914 -0.15846914 -0.15846914 -0.15846914
 -0.15846914 -0.15846914 -0.15846914 -0.15846914 -0.15846914 -0.15846914
 -0.15846914 -0.15846914 -0.15846914 -0.15846914 -0.15846914 -0.15846914
 -0.15846914 -0.15846914 -0.15846914 -0.15846914 -0.15846914 -0.15846914
 -0.15846914 -0.15846914 -0.15846914 -0.15846914 -0.15846914 -0.15846914
 -0.15846914 -0.15846914 -0.15846914 -0.15846914 -0.15846914 -0.15846914
 -0.15846914 -0.15846914 -0.15846914 -0.15846914 -0.15846914 -0.15846914
 -0.15846914 -0.15846914 -0.15846914 -0.15846914 -0.15846914 -0.15846914
 -0.15846914 -0.15846914 -0.15846914 -0.15846914 -0.15846914 -0.15846914
 -0.15846914 -0.15846914 -0.15846914 -0.15846914 -0.15846914 -0.15846914
 -0.15846914 -0.15846914 -0.15846914 -0.15846914 -0.15846914 -0.15846914
 -0.15846914 -0.15846914 -0.15846914 -0.15846914 -0.15846914 -0.15846914
 -0.15846914 -0.15846914  4.86196505 -0.15846914 -0.15846914 -0.15846914
 -0.15846914 -0.15846914 -0.15846914 -0.15846914 -0.15846914 -0.15846914
  0.7060267  -0.15846914  1.35123792 -0.15846914 -0.15846914  5.56115102
 -0.15846914 -0.15846914 -0.15846914 -0.15846914 -0.15846914 -0.15846914
 -0.15846914 -0.15846914 -0.15846914 -0.15846914 -0.15846914 -0.15846914
 -0.15846914 -0.15846914 -0.15846914 -0.15846914 -0.15846914 -0.15846914
 -0.15846914  4.82004469 -0.15846914 -0.15846914 -0.15846914 -0.15846914
  4.71784643 -0.15846914 -0.15846914 -0.15846914 -0.15846914 -0.15846914
 -0.15846914 -0.15846914 -0.15846914 -0.15846914 -0.15846914 -0.15846914
 -0.15846914 -0.15846914 -0.15846914 -0.15846914 -0.15846914 -0.15846914
 -0.15846914 -0.15846914 -0.15846914  4.96862864 -0.15846914  0.02943493
 -0.15846914 -0.15846914 -0.15846914 -0.15846914 -0.15846914 -0.15846914
 -0.15846914 -0.15846914 -0.15846914 -0.15846914  5.99793527 -0.15846914
 -0.15846914 -0.15846914 -0.15846914 -0.15846914 -0.15846914 -0.15846914
 -0.15846914  4.28759663 -0.15846914 -0.15846914 -0.15846914  9.74352294
 -0.15846914 -0.15846914 -0.15846914 -0.15846914 -0.15846914 -0.15846914
 -0.15846914 -0.15846914 -0.15846914 -0.15846914 -0.15846914 -0.15846914
 -0.15846914 -0.15846914 -0.15846914 -0.15846914 -0.15846914 -0.15846914
 -0.15846914 -0.15846914 -0.15846914 -0.15846914 -0.15846914  6.20289045
 -0.15846914 -0.15846914 -0.15846914 -0.15846914 -0.15846914 -0.15846914
 -0.15846914 -0.15846914 -0.15846914 -0.15846914 -0.15846914 -0.15846914
 -0.15846914 -0.15846914 -0.15846914 -0.15846914 -0.15846914 -0.15846914
 -0.15846914 -0.15846914 -0.15846914 -0.15846914 -0.15846914 -0.15846914
 -0.15846914 -0.15846914 -0.15846914 -0.15846914 -0.15846914 -0.15846914
 -0.15846914 -0.15846914 -0.15846914 -0.15846914 -0.15846914 -0.15846914
 -0.15846914 -0.15846914 -0.15846914 -0.15846914 -0.15846914 -0.15846914
 -0.15846914 -0.15846914 -0.15846914 -0.15846914 -0.15846914 -0.15846914
 -0.15846914 -0.15846914 -0.15846914 -0.15846914 -0.15846914 -0.15846914
 -0.15846914 -0.15846914 -0.15846914 -0.15846914 -0.15846914 -0.15846914
 -0.15846914 -0.15846914 -0.15846914 -0.15846914 -0.15846914 -0.15846914
 -0.15846914 -0.15846914 -0.15846914 -0.15846914 -0.15846914 -0.15846914
 -0.15846914 -0.15846914 -0.15846914 -0.15846914 -0.15846914 -0.15846914
 -0.15846914 -0.15846914 -0.15846914 -0.15846914 -0.15846914 -0.15846914
 -0.15846914 -0.15846914 -0.15846914 -0.15846914 -0.15846914 -0.15846914
 -0.15846914 -0.15846914 -0.15846914 -0.15846914 -0.15846914 -0.15846914
 -0.15846914 -0.15846914 -0.15846914 -0.15846914 -0.15846914 -0.15846914
 -0.15846914 -0.15846914 -0.15846914 -0.15846914 -0.15846914 -0.15846914
 -0.15846914 -0.15846914 -0.15846914 -0.15846914 -0.15846914 -0.15846914
 -0.15846914 -0.15846914 -0.15846914 -0.15846914 -0.15846914 -0.15846914
 -0.15846914 -0.15846914 -0.15846914 -0.15846914 -0.15846914 -0.15846914
 -0.15846914 -0.15846914 -0.15846914 -0.15846914 -0.15846914 -0.15846914
 -0.15846914 -0.15846914 -0.15846914 -0.15846914 -0.15846914 -0.15846914
 -0.15846914 -0.15846914 -0.15846914 -0.15846914 -0.15846914 -0.15846914
 -0.15846914 -0.15846914 -0.15846914 -0.15846914 -0.15846914 -0.15846914
 -0.15846914 -0.15846914  5.77559125 -0.15846914  6.87370861 -0.15846914
 -0.15846914 -0.15846914 -0.15846914 -0.15846914  4.31090954 -0.15846914
 -0.15846914 -0.15846914 -0.15846914 -0.15846914 -0.15846914 -0.15846914
 -0.15846914 -0.15846914 -0.15846914 -0.15846914 -0.15846914 -0.15846914
 -0.15846914 -0.15846914 -0.15846914 -0.15846914 -0.15846914 -0.15846914
 -0.15846914 -0.15846914 -0.15846914 -0.15846914 -0.15846914 -0.15846914
 -0.15846914 -0.15846914 -0.15846914 -0.15846914 -0.15846914 -0.15846914
 -0.15846914 -0.15846914 -0.15846914 -0.15846914 -0.15846914 -0.15846914
 -0.15846914 -0.15846914 -0.15846914 -0.15846914 -0.15846914 -0.15846914
 -0.15846914 -0.15846914 -0.15846914 -0.15846914]",[-0.048746888065613614]
11,"[-0.19570443 -0.19570443 -0.19570443 -0.19570443 -0.19570443 -0.19570443
 -0.19570443 -0.19570443 -0.19570443 -0.19570443 -0.19570443 -0.19570443
 -0.19570443 -0.19570443 -0.19570443 -0.19570443 -0.19570443 -0.19570443
 -0.19570443 -0.19570443 -0.19570443 -0.19570443 -0.19570443 -0.19570443
 -0.19570443 -0.19570443 -0.19570443 -0.19570443 -0.19570443 -0.19570443
 -0.19570443 -0.19570443 -0.19570443 -0.19570443 -0.19570443 -0.19570443
 -0.19570443 -0.19570443 -0.19570443 -0.19570443 -0.19570443 -0.19570443
 -0.19570443 -0.19570443 -0.19570443 -0.19570443 -0.19570443 -0.19570443
 -0.19570443 -0.19570443 -0.19570443 -0.19570443 -0.19570443 -0.19570443
 -0.19570443 -0.19570443 -0.19570443 -0.19570443 -0.19570443 -0.19570443
 -0.19570443 -0.19570443 -0.19570443 -0.19570443 -0.19570443 -0.19570443
 -0.19570443 -0.19570443 -0.19570443 -0.19570443 -0.19570443 -0.19570443
 -0.19570443 -0.19570443 -0.19570443 -0.19570443 -0.19570443 -0.19570443
 -0.19570443 -0.19570443 -0.19570443 -0.19570443 -0.19570443  3.34982489
 -0.19570443 -0.19570443 -0.19570443 -0.19570443 -0.19570443 -0.19570443
 -0.19570443 -0.19570443  4.85163754 -0.19570443 -0.19570443 -0.19570443
 -0.19570443 -0.19570443 -0.19570443 -0.19570443 -0.19570443 -0.19570443
 -0.19570443 -0.19570443 -0.19570443 -0.19570443 -0.19570443 -0.19570443
 -0.19570443 -0.19570443  0.64377262 -0.19570443 -0.19570443 -0.19570443
 -0.19570443 -0.19570443 -0.19570443 -0.19570443 -0.19570443 -0.19570443
 -0.19570443 -0.19570443 -0.19570443 -0.19570443 -0.19570443 -0.19570443
 -0.19570443 -0.19570443 -0.19570443 -0.19570443 -0.19570443 -0.19570443
 -0.19570443 -0.19570443 -0.19570443 -0.19570443 -0.19570443 -0.19570443
 -0.19570443 -0.19570443 -0.19570443 -0.19570443 -0.19570443 -0.19570443
 -0.19570443 -0.19570443 -0.19570443 -0.19570443 -0.19570443 -0.19570443
 -0.19570443 -0.19570443 -0.19570443 -0.19570443 -0.19570443 -0.19570443
 -0.19570443 -0.19570443 -0.19570443 -0.19570443 -0.19570443 -0.19570443
 -0.19570443 -0.19570443 -0.19570443 -0.19570443 -0.19570443 -0.19570443
 -0.19570443 -0.19570443 -0.19570443 -0.19570443 -0.19570443 -0.19570443
 -0.19570443 -0.19570443 -0.19570443 -0.19570443 -0.19570443 -0.19570443
 -0.19570443 -0.19570443 -0.19570443 -0.19570443 -0.19570443 -0.19570443
 -0.19570443 -0.19570443 -0.19570443 -0.19570443 -0.19570443 -0.19570443
 -0.19570443 -0.19570443 -0.19570443 -0.19570443 -0.19570443 -0.19570443
 -0.19570443 -0.19570443 -0.19570443 -0.19570443 -0.19570443 -0.19570443
 -0.19570443 -0.19570443 -0.19570443 -0.19570443 -0.19570443 -0.19570443
 -0.19570443 -0.19570443  2.9888138  -0.19570443 -0.19570443  5.34729157
 -0.19570443 -0.19570443 -0.19570443 -0.19570443 -0.19570443 -0.19570443
 -0.19570443 -0.19570443 -0.19570443 -0.19570443 -0.19570443 -0.19570443
 -0.19570443 -0.19570443 -0.19570443 -0.19570443 -0.19570443 -0.19570443
 -0.19570443  4.22904978 -0.19570443  3.33287982  3.17919982 -0.19570443
  6.69571559  6.32723581 -0.19570443 -0.19570443 -0.19570443 -0.19570443
 -0.19570443 -0.19570443 -0.19570443 -0.19570443 -0.19570443 -0.19570443
 -0.19570443 -0.19570443 -0.19570443 -0.19570443  1.54992512 -0.19570443
 -0.19570443 -0.19570443 -0.19570443  5.85184675 -0.19570443  3.27869799
 -0.19570443 -0.19570443 -0.19570443 -0.19570443  1.82332224 -0.19570443
 -0.19570443 -0.19570443 -0.19570443 -0.19570443  6.45406934 -0.19570443
 -0.19570443 -0.19570443 -0.19570443 -0.19570443 -0.19570443 -0.19570443
 -0.19570443  6.48908081 -0.19570443 -0.19570443 -0.19570443  7.66182675
 -0.19570443 -0.19570443 -0.19570443 -0.19570443 -0.19570443 -0.19570443
 -0.19570443 -0.19570443 -0.19570443 -0.19570443 -0.19570443 -0.19570443
 -0.19570443  4.52593086 -0.19570443 -0.19570443 -0.19570443 -0.19570443
 -0.19570443 -0.19570443 -0.19570443 -0.19570443 -0.19570443  2.898734
 -0.19570443 -0.19570443 -0.19570443 -0.19570443 -0.19570443 -0.19570443
 -0.19570443 -0.19570443 -0.19570443 -0.19570443 -0.19570443 -0.19570443
 -0.19570443 -0.19570443 -0.19570443 -0.19570443 -0.19570443 -0.19570443
 -0.19570443 -0.19570443 -0.19570443 -0.19570443 -0.19570443 -0.19570443
 -0.19570443 -0.19570443 -0.19570443 -0.19570443 -0.19570443 -0.19570443
 -0.19570443 -0.19570443 -0.19570443 -0.19570443 -0.19570443 -0.19570443
 -0.19570443 -0.19570443 -0.19570443 -0.19570443 -0.19570443 -0.19570443
 -0.19570443 -0.19570443 -0.19570443 -0.19570443 -0.19570443 -0.19570443
 -0.19570443 -0.19570443 -0.19570443 -0.19570443 -0.19570443 -0.19570443
 -0.19570443 -0.19570443 -0.19570443 -0.19570443 -0.19570443 -0.19570443
 -0.19570443 -0.19570443 -0.19570443 -0.19570443 -0.19570443 -0.19570443
 -0.19570443 -0.19570443 -0.19570443 -0.19570443 -0.19570443 -0.19570443
 -0.19570443 -0.19570443 -0.19570443 -0.19570443 -0.19570443 -0.19570443
 -0.19570443 -0.19570443 -0.19570443 -0.19570443 -0.19570443 -0.19570443
 -0.19570443 -0.19570443 -0.19570443 -0.19570443 -0.19570443 -0.19570443
 -0.19570443 -0.19570443 -0.19570443 -0.19570443 -0.19570443 -0.19570443
 -0.19570443 -0.19570443 -0.19570443 -0.19570443 -0.19570443 -0.19570443
 -0.19570443 -0.19570443 -0.19570443 -0.19570443 -0.19570443 -0.19570443
 -0.19570443 -0.19570443 -0.19570443 -0.19570443 -0.19570443 -0.19570443
 -0.19570443 -0.19570443 -0.19570443 -0.19570443 -0.19570443 -0.19570443
 -0.19570443 -0.19570443 -0.19570443 -0.19570443 -0.19570443 -0.19570443
 -0.19570443 -0.19570443 -0.19570443 -0.19570443 -0.19570443 -0.19570443
 -0.19570443 -0.19570443 -0.19570443 -0.19570443 -0.19570443 -0.19570443
  0.7922988  -0.19570443 -0.19570443 -0.19570443 -0.19570443 -0.19570443
 -0.19570443 -0.19570443 -0.19570443 -0.19570443 -0.19570443 -0.19570443
 -0.19570443 -0.19570443  6.36693002 -0.19570443  6.15067701 -0.19570443
 -0.19570443 -0.19570443 -0.19570443 -0.19570443 -0.19570443 -0.19570443
 -0.19570443 -0.19570443 -0.19570443 -0.19570443 -0.19570443 -0.19570443
 -0.19570443 -0.19570443 -0.19570443 -0.19570443 -0.19570443 -0.19570443
 -0.19570443  1.71667714 -0.19570443 -0.19570443 -0.19570443 -0.19570443
 -0.19570443 -0.19570443 -0.19570443 -0.19570443 -0.19570443  0.56395946
 -0.19570443 -0.19570443 -0.19570443 -0.19570443 -0.19570443 -0.19570443
 -0.19570443 -0.19570443 -0.19570443 -0.19570443 -0.19570443 -0.19570443
 -0.19570443 -0.19570443 -0.19570443 -0.19570443 -0.19570443 -0.19570443
 -0.19570443 -0.19570443 -0.19570443 -0.19570443]",[-0.03125965299089617]
11,"[-0.20489822 -0.20489822 -0.20489822 -0.20489822 -0.20489822 -0.20489822
 -0.20489822 -0.20489822 -0.20489822 -0.20489822 -0.20489822 -0.20489822
 -0.20489822 -0.20489822 -0.20489822 -0.20489822 -0.20489822 -0.20489822
 -0.20489822 -0.20489822 -0.20489822 -0.20489822 -0.20489822 -0.20489822
 -0.20489822 -0.20489822 -0.20489822 -0.20489822 -0.20489822 -0.20489822
 -0.20489822 -0.20489822 -0.20489822 -0.20489822 -0.20489822 -0.20489822
 -0.20489822 -0.20489822 -0.20489822 -0.20489822 -0.20489822 -0.20489822
 -0.20489822 -0.20489822 -0.20489822 -0.20489822 -0.20489822 -0.20489822
 -0.20489822 -0.20489822 -0.20489822 -0.20489822 -0.20489822 -0.20489822
 -0.20489822 -0.20489822 -0.20489822 -0.20489822 -0.20489822 -0.20489822
 -0.20489822 -0.20489822 -0.20489822 -0.20489822 -0.20489822 -0.20489822
 -0.20489822 -0.20489822 -0.20489822 -0.20489822 -0.20489822 -0.20489822
 -0.20489822 -0.20489822 -0.20489822 -0.20489822 -0.20489822 -0.20489822
 -0.20489822 -0.20489822 -0.20489822 -0.20489822 -0.20489822  8.11144677
 -0.20489822 -0.20489822 -0.20489822 -0.20489822 -0.20489822 -0.20489822
 -0.20489822 -0.20489822  1.61747391 -0.20489822 -0.20489822 -0.20489822
 -0.20489822 -0.20489822 -0.20489822 -0.20489822 -0.20489822 -0.20489822
 -0.20489822 -0.20489822 -0.20489822 -0.20489822 -0.20489822 -0.20489822
 -0.20489822 -0.20489822  6.6892269  -0.20489822 -0.20489822 -0.20489822
 -0.20489822 -0.20489822 -0.20489822 -0.20489822 -0.20489822 -0.20489822
 -0.20489822 -0.20489822 -0.20489822 -0.20489822 -0.20489822 -0.20489822
 -0.20489822 -0.20489822 -0.20489822 -0.20489822 -0.20489822 -0.20489822
 -0.20489822 -0.20489822 -0.20489822 -0.20489822 -0.20489822 -0.20489822
 -0.20489822 -0.20489822 -0.20489822 -0.20489822 -0.20489822 -0.20489822
 -0.20489822 -0.20489822 -0.20489822 -0.20489822 -0.20489822 -0.20489822
 -0.20489822 -0.20489822 -0.20489822 -0.20489822 -0.20489822 -0.20489822
 -0.20489822 -0.20489822 -0.20489822 -0.20489822 -0.20489822 -0.20489822
 -0.20489822 -0.20489822 -0.20489822 -0.20489822 -0.20489822 -0.20489822
 -0.20489822 -0.20489822 -0.20489822 -0.20489822 -0.20489822 -0.20489822
 -0.20489822 -0.20489822 -0.20489822 -0.20489822 -0.20489822 -0.20489822
 -0.20489822 -0.20489822 -0.20489822 -0.20489822 -0.20489822 -0.20489822
 -0.20489822 -0.20489822 -0.20489822 -0.20489822 -0.20489822 -0.20489822
 -0.20489822 -0.20489822 -0.20489822 -0.20489822 -0.20489822 -0.20489822
 -0.20489822 -0.20489822 -0.20489822 -0.20489822 -0.20489822 -0.20489822
 -0.20489822 -0.20489822 -0.20489822 -0.20489822 -0.20489822 -0.20489822
  2.36871185 -0.20489822 -0.20489822 -0.20489822 -0.20489822  3.03075872
 -0.20489822 -0.20489822 -0.20489822 -0.20489822 -0.20489822 -0.20489822
 -0.20489822 -0.20489822 -0.20489822 -0.20489822 -0.20489822 -0.20489822
 -0.20489822 -0.20489822 -0.20489822 -0.20489822 -0.20489822 -0.20489822
 -0.20489822  3.88565269 -0.20489822  3.15760731  3.63223165 -0.20489822
  3.84061333 -0.20489822 -0.20489822 -0.20489822 -0.20489822 -0.20489822
 -0.20489822 -0.20489822 -0.20489822 -0.20489822 -0.20489822 -0.20489822
 -0.20489822 -0.20489822 -0.20489822  4.02160534  4.94974236 -0.20489822
 -0.20489822 -0.20489822  6.06558355  2.55954384 -0.20489822  1.35816605
 -0.20489822 -0.20489822 -0.20489822 -0.20489822 -0.20489822 -0.20489822
 -0.20489822 -0.20489822  5.7765135  -0.20489822  2.72420928  6.94765323
 -0.20489822 -0.20489822 -0.20489822 -0.20489822 -0.20489822 -0.20489822
 -0.20489822  2.35119927 -0.20489822 -0.20489822  6.51868531  1.66997859
 -0.20489822 -0.20489822 -0.20489822 -0.20489822  2.70933795 -0.20489822
 -0.20489822 -0.20489822 -0.20489822 -0.20489822 -0.20489822 -0.20489822
 -0.20489822 -0.20489822 -0.20489822 -0.20489822 -0.20489822 -0.20489822
 -0.20489822 -0.20489822 -0.20489822 -0.20489822 -0.20489822  2.23303637
 -0.20489822 -0.20489822 -0.20489822 -0.20489822 -0.20489822 -0.20489822
 -0.20489822 -0.20489822 -0.20489822 -0.20489822 -0.20489822 -0.20489822
 -0.20489822 -0.20489822 -0.20489822 -0.20489822 -0.20489822 -0.20489822
 -0.20489822 -0.20489822 -0.20489822 -0.20489822 -0.20489822 -0.20489822
 -0.20489822 -0.20489822 -0.20489822 -0.20489822 -0.20489822 -0.20489822
 -0.20489822 -0.20489822 -0.20489822 -0.20489822 -0.20489822 -0.20489822
 -0.20489822 -0.20489822 -0.20489822 -0.20489822 -0.20489822 -0.20489822
 -0.20489822 -0.20489822 -0.20489822 -0.20489822 -0.20489822 -0.20489822
 -0.20489822 -0.20489822 -0.20489822 -0.20489822 -0.20489822 -0.20489822
 -0.20489822 -0.20489822 -0.20489822 -0.20489822 -0.20489822 -0.20489822
 -0.20489822 -0.20489822 -0.20489822 -0.20489822 -0.20489822 -0.20489822
 -0.20489822 -0.20489822 -0.20489822 -0.20489822 -0.20489822 -0.20489822
 -0.20489822 -0.20489822 -0.20489822 -0.20489822 -0.20489822 -0.20489822
 -0.20489822 -0.20489822 -0.20489822 -0.20489822 -0.20489822 -0.20489822
 -0.20489822 -0.20489822 -0.20489822 -0.20489822 -0.20489822 -0.20489822
 -0.20489822 -0.20489822 -0.20489822 -0.20489822 -0.20489822 -0.20489822
 -0.20489822 -0.20489822 -0.20489822 -0.20489822 -0.20489822 -0.20489822
 -0.20489822 -0.20489822 -0.20489822 -0.20489822 -0.20489822 -0.20489822
 -0.20489822 -0.20489822 -0.20489822 -0.20489822  6.44715836 -0.20489822
 -0.20489822 -0.20489822 -0.20489822 -0.20489822 -0.20489822 -0.20489822
 -0.20489822 -0.20489822 -0.20489822 -0.20489822 -0.20489822 -0.20489822
 -0.20489822 -0.20489822 -0.20489822 -0.20489822 -0.20489822 -0.20489822
 -0.20489822 -0.20489822 -0.20489822 -0.20489822 -0.20489822 -0.20489822
 -0.20489822 -0.20489822 -0.20489822 -0.20489822 -0.20489822 -0.20489822
 -0.20489822 -0.20489822 -0.20489822 -0.20489822 -0.20489822 -0.20489822
 -0.20489822 -0.20489822  4.0091372  -0.20489822 -0.20489822 -0.20489822
 -0.20489822 -0.20489822 -0.20489822 -0.20489822 -0.20489822 -0.20489822
 -0.20489822 -0.20489822 -0.20489822 -0.20489822 -0.20489822 -0.20489822
 -0.20489822 -0.20489822 -0.20489822 -0.20489822 -0.20489822 -0.20489822
 -0.20489822  4.7493436  -0.20489822 -0.20489822 -0.20489822 -0.20489822
 -0.20489822 -0.20489822 -0.20489822 -0.20489822 -0.20489822 -0.20489822
 -0.20489822 -0.20489822 -0.20489822 -0.20489822 -0.20489822 -0.20489822
 -0.20489822 -0.20489822 -0.20489822 -0.20489822 -0.20489822 -0.20489822
 -0.20489822 -0.20489822 -0.20489822 -0.20489822 -0.20489822 -0.20489822
 -0.20489822 -0.20489822 -0.20489822 -0.20489822]",[-0.03176747642379632]
11,"[-0.21531714 -0.21531714 -0.21531714 -0.21531714 -0.21531714 -0.21531714
 -0.21531714 -0.21531714 -0.21531714 -0.21531714 -0.21531714 -0.21531714
 -0.21531714 -0.21531714 -0.21531714 -0.21531714 -0.21531714 -0.21531714
 -0.21531714 -0.21531714 -0.21531714  1.44863091 -0.21531714 -0.21531714
 -0.21531714 -0.21531714 -0.21531714 -0.21531714 -0.21531714 -0.21531714
 -0.21531714 -0.21531714 -0.21531714 -0.21531714 -0.21531714 -0.21531714
 -0.21531714 -0.21531714 -0.21531714 -0.21531714 -0.21531714 -0.21531714
 -0.21531714 -0.21531714 -0.21531714 -0.21531714 -0.21531714 -0.21531714
 -0.21531714 -0.21531714 -0.21531714 -0.21531714 -0.21531714 -0.21531714
 -0.21531714 -0.21531714 -0.21531714 -0.21531714 -0.21531714 -0.21531714
 -0.21531714 -0.21531714 -0.21531714 -0.21531714 -0.21531714 -0.21531714
 -0.21531714 -0.21531714 -0.21531714 -0.21531714 -0.21531714 -0.21531714
 -0.21531714 -0.21531714 -0.21531714 -0.21531714 -0.21531714 -0.21531714
 -0.21531714 -0.21531714 -0.21531714 -0.21531714 -0.21531714  8.28101912
 -0.21531714 -0.21531714 -0.21531714 -0.21531714 -0.21531714  4.07059339
 -0.21531714 -0.21531714 -0.21531714 -0.21531714 -0.21531714 -0.21531714
 -0.21531714 -0.21531714 -0.21531714 -0.21531714 -0.21531714 -0.21531714
 -0.21531714 -0.21531714 -0.21531714 -0.21531714 -0.21531714 -0.21531714
 -0.21531714 -0.21531714  7.03862427 -0.21531714 -0.21531714 -0.21531714
 -0.21531714 -0.21531714  5.80007722 -0.21531714  0.67203489 -0.21531714
 -0.21531714 -0.21531714 -0.21531714 -0.21531714 -0.21531714 -0.21531714
 -0.21531714 -0.21531714 -0.21531714 -0.21531714 -0.21531714 -0.21531714
 -0.21531714 -0.21531714 -0.21531714 -0.21531714 -0.21531714 -0.21531714
 -0.21531714 -0.21531714 -0.21531714 -0.21531714 -0.21531714 -0.21531714
 -0.21531714 -0.21531714 -0.21531714 -0.21531714 -0.21531714 -0.21531714
 -0.21531714 -0.21531714 -0.21531714 -0.21531714 -0.21531714 -0.21531714
 -0.21531714 -0.21531714 -0.21531714 -0.21531714 -0.21531714 -0.21531714
 -0.21531714 -0.04284774 -0.21531714 -0.21531714 -0.21531714 -0.21531714
 -0.21531714 -0.21531714 -0.21531714 -0.21531714 -0.21531714  1.23168049
 -0.21531714 -0.21531714 -0.21531714 -0.21531714 -0.21531714 -0.21531714
 -0.21531714 -0.21531714 -0.21531714 -0.21531714 -0.21531714 -0.21531714
 -0.21531714 -0.21531714 -0.21531714 -0.21531714 -0.21531714 -0.21531714
 -0.21531714 -0.21531714  2.61203065 -0.21531714 -0.21531714 -0.21531714
 -0.21531714 -0.21531714 -0.21531714 -0.21531714 -0.21531714  1.26463209
 -0.21531714 -0.21531714 -0.21531714 -0.21531714 -0.21531714 -0.21531714
  2.35949476 -0.21531714 -0.11949333 -0.21531714 -0.21531714 -0.21531714
 -0.21531714 -0.21531714 -0.21531714 -0.21531714 -0.21531714 -0.21531714
 -0.21531714 -0.21531714 -0.21531714 -0.21531714 -0.21531714 -0.21531714
 -0.21531714 -0.21531714 -0.21531714  1.64697015 -0.21531714 -0.21531714
 -0.21531714  2.23898995 -0.21531714  4.26945255  3.87662231 -0.21531714
  3.92835156  0.52509747 -0.21531714 -0.21531714 -0.21531714 -0.21531714
 -0.21531714 -0.21531714 -0.21531714 -0.21531714 -0.21531714 -0.21531714
 -0.21531714 -0.21531714 -0.21531714 -0.21531714 -0.21531714 -0.21531714
 -0.21531714 -0.21531714 -0.21531714  2.46887599 -0.21531714  0.33722809
 -0.21531714 -0.21531714 -0.21531714 -0.21531714 -0.21531714 -0.21531714
 -0.21531714 -0.21531714  5.94439235 -0.21531714 -0.21531714 -0.21531714
 -0.21531714 -0.21531714 -0.21531714 -0.21531714 -0.21531714 -0.21531714
 -0.21531714 -0.21531714 -0.21531714 -0.21531714 -0.21531714  5.35318053
 -0.21531714 -0.21531714 -0.21531714 -0.21531714 -0.21531714 -0.21531714
 -0.21531714 -0.21531714  4.55957659 -0.21531714 -0.21531714 -0.21531714
 -0.21531714 -0.21531714 -0.21531714 -0.21531714  3.19310313 -0.21531714
  5.10377382 -0.21531714 -0.21531714 -0.21531714 -0.21531714  5.29850832
 -0.21531714  1.67626807 -0.21531714 -0.21531714 -0.21531714 -0.21531714
 -0.21531714 -0.21531714 -0.21531714 -0.21531714 -0.21531714 -0.21531714
 -0.21531714 -0.21531714 -0.21531714 -0.21531714 -0.21531714 -0.21531714
 -0.21531714 -0.21531714 -0.21531714 -0.21531714 -0.21531714 -0.21531714
 -0.21531714 -0.21531714 -0.21531714 -0.21531714 -0.21531714 -0.21531714
 -0.21531714 -0.21531714 -0.21531714 -0.21531714 -0.21531714 -0.21531714
 -0.21531714 -0.21531714 -0.21531714 -0.21531714 -0.21531714 -0.21531714
 -0.21531714 -0.21531714 -0.21531714 -0.21531714 -0.21531714 -0.21531714
 -0.21531714 -0.21531714 -0.21531714 -0.21531714 -0.21531714 -0.21531714
 -0.21531714 -0.21531714 -0.21531714 -0.21531714 -0.21531714 -0.21531714
 -0.21531714 -0.21531714 -0.21531714 -0.21531714 -0.21531714 -0.21531714
 -0.21531714 -0.21531714 -0.21531714 -0.21531714 -0.21531714 -0.21531714
 -0.21531714 -0.21531714 -0.21531714 -0.21531714 -0.21531714 -0.21531714
 -0.21531714 -0.21531714 -0.21531714 -0.21531714 -0.21531714 -0.21531714
 -0.21531714 -0.21531714 -0.21531714 -0.21531714 -0.21531714 -0.21531714
 -0.21531714 -0.21531714 -0.21531714 -0.21531714 -0.21531714 -0.21531714
 -0.21531714 -0.21531714 -0.21531714 -0.21531714 -0.21531714 -0.21531714
 -0.21531714 -0.21531714 -0.21531714 -0.21531714 -0.21531714 -0.21531714
 -0.21531714 -0.21531714 -0.21531714 -0.21531714 -0.21531714  5.23617978
 -0.21531714 -0.21531714 -0.21531714 -0.21531714 -0.21531714 -0.21531714
 -0.21531714 -0.21531714 -0.21531714 -0.21531714 -0.21531714 -0.21531714
 -0.21531714 -0.21531714 -0.21531714 -0.21531714 -0.21531714 -0.21531714
  4.85086004 -0.21531714 -0.21531714 -0.21531714 -0.21531714 -0.21531714
 -0.21531714 -0.21531714 -0.21531714 -0.21531714 -0.21531714 -0.21531714
 -0.21531714 -0.21531714 -0.21531714 -0.21531714 -0.21531714 -0.21531714
 -0.21531714 -0.21531714  6.04602646 -0.21531714 -0.21531714 -0.21531714
 -0.21531714 -0.21531714 -0.21531714 -0.21531714 -0.21531714 -0.21531714
 -0.21531714 -0.21531714 -0.21531714 -0.21531714 -0.21531714 -0.21531714
 -0.21531714 -0.21531714 -0.21531714 -0.21531714 -0.21531714 -0.21531714
 -0.21531714  2.67314922 -0.21531714 -0.21531714 -0.21531714 -0.21531714
 -0.21531714 -0.21531714 -0.21531714 -0.21531714 -0.21531714  1.23168049
 -0.21531714 -0.21531714 -0.21531714 -0.21531714 -0.21531714 -0.21531714
 -0.21531714 -0.21531714 -0.21531714 -0.21531714 -0.21531714 -0.21531714
 -0.21531714 -0.21531714 -0.21531714 -0.21531714 -0.21531714 -0.21531714
 -0.21531714 -0.21531714 -0.21531714 -0.21531714]",[-0.00415453723808798]
11,"[-0.21825502 -0.21825502 -0.21825502 -0.21825502 -0.21825502 -0.21825502
 -0.21825502 -0.21825502 -0.21825502 -0.21825502 -0.21825502 -0.21825502
 -0.21825502 -0.21825502 -0.21825502 -0.21825502 -0.21825502 -0.21825502
  1.43626754 -0.21825502 -0.21825502 -0.21825502 -0.21825502 -0.21825502
 -0.21825502 -0.21825502 -0.21825502 -0.21825502 -0.21825502 -0.21825502
 -0.21825502 -0.21825502 -0.21825502 -0.21825502 -0.21825502 -0.21825502
 -0.21825502 -0.21825502 -0.21825502 -0.21825502 -0.21825502 -0.21825502
 -0.21825502 -0.21825502 -0.21825502 -0.21825502 -0.21825502 -0.21825502
 -0.21825502 -0.21825502 -0.21825502 -0.21825502 -0.21825502 -0.21825502
 -0.21825502 -0.21825502 -0.21825502 -0.21825502 -0.21825502 -0.21825502
 -0.21825502 -0.21825502 -0.21825502 -0.21825502 -0.21825502 -0.21825502
 -0.21825502 -0.21825502 -0.21825502 -0.21825502 -0.21825502 -0.21825502
 -0.21825502 -0.21825502 -0.21825502 -0.21825502 -0.21825502 -0.21825502
 -0.21825502 -0.21825502 -0.21825502 -0.21825502 -0.21825502  7.8497437
 -0.21825502 -0.21825502 -0.21825502 -0.21825502 -0.21825502  5.93253119
 -0.21825502 -0.21825502  2.11413783 -0.21825502 -0.21825502 -0.21825502
 -0.21825502 -0.21825502 -0.21825502 -0.21825502 -0.21825502 -0.21825502
 -0.21825502 -0.21825502 -0.21825502 -0.21825502 -0.21825502 -0.21825502
 -0.21825502 -0.21825502  6.23068425 -0.21825502 -0.21825502 -0.21825502
 -0.21825502 -0.21825502  5.30288257 -0.21825502 -0.21825502 -0.21825502
 -0.21825502 -0.21825502 -0.21825502  1.81748103 -0.21825502 -0.21825502
 -0.21825502 -0.21825502 -0.21825502 -0.21825502 -0.21825502 -0.21825502
 -0.21825502 -0.21825502 -0.21825502 -0.21825502 -0.21825502 -0.21825502
 -0.21825502 -0.21825502 -0.21825502 -0.21825502 -0.21825502 -0.21825502
 -0.21825502 -0.21825502 -0.21825502 -0.21825502 -0.21825502 -0.21825502
 -0.21825502 -0.21825502 -0.21825502 -0.21825502 -0.21825502 -0.21825502
 -0.21825502 -0.21825502 -0.21825502 -0.21825502 -0.21825502 -0.21825502
 -0.21825502 -0.21825502 -0.21825502 -0.21825502 -0.21825502 -0.21825502
 -0.21825502 -0.21825502 -0.21825502 -0.21825502 -0.21825502 -0.21825502
 -0.21825502 -0.21825502 -0.21825502 -0.21825502 -0.21825502 -0.21825502
 -0.21825502 -0.21825502 -0.21825502 -0.21825502 -0.21825502 -0.21825502
  5.20657524 -0.21825502 -0.21825502 -0.21825502 -0.21825502 -0.21825502
 -0.21825502 -0.21825502 -0.21825502 -0.21825502 -0.21825502 -0.21825502
 -0.21825502 -0.21825502  2.71993551 -0.21825502 -0.21825502  2.06812763
 -0.21825502 -0.21825502 -0.21825502 -0.21825502 -0.21825502 -0.21825502
  2.85670507 -0.21825502  0.22722401 -0.21825502 -0.21825502  0.2234501
 -0.21825502 -0.21825502 -0.21825502 -0.21825502 -0.21825502 -0.21825502
 -0.21825502 -0.21825502 -0.21825502 -0.21825502 -0.21825502 -0.21825502
 -0.21825502 -0.21825502 -0.21825502 -0.21825502 -0.21825502 -0.21825502
 -0.21825502  1.80224112 -0.21825502 -0.21825502  0.53836819 -0.21825502
  1.74896906 -0.21825502 -0.21825502 -0.21825502 -0.21825502 -0.21825502
 -0.21825502 -0.21825502 -0.21825502 -0.21825502 -0.21825502 -0.21825502
 -0.21825502 -0.21825502 -0.21825502  1.42660245 -0.21825502 -0.21825502
 -0.21825502 -0.21825502  3.0765967   2.295502   -0.21825502 -0.21825502
 -0.21825502 -0.21825502 -0.21825502 -0.21825502 -0.21825502 -0.21825502
 -0.21825502 -0.21825502  2.15799497 -0.21825502  2.53134838 -0.21825502
 -0.21825502 -0.21825502 -0.21825502 -0.21825502 -0.21825502 -0.21825502
  3.0765967  -0.21825502 -0.21825502 -0.21825502 -0.21825502  3.15199201
 -0.21825502 -0.21825502 -0.21825502 -0.21825502 -0.21825502 -0.21825502
 -0.21825502 -0.21825502 -0.21825502 -0.21825502 -0.21825502 -0.21825502
 -0.21825502 -0.21825502 -0.21825502 -0.21825502 -0.21825502 -0.21825502
 -0.21825502 -0.21825502 -0.21825502 -0.21825502 -0.21825502  4.54739076
 -0.21825502 -0.21825502 -0.21825502 -0.21825502 -0.21825502 -0.21825502
 -0.21825502 -0.21825502 -0.21825502 -0.21825502 -0.21825502 -0.21825502
 -0.21825502 -0.21825502 -0.21825502 -0.21825502 -0.21825502 -0.21825502
 -0.21825502 -0.21825502 -0.21825502 -0.21825502 -0.21825502 -0.21825502
 -0.21825502 -0.21825502 -0.21825502 -0.21825502 -0.21825502 -0.21825502
 -0.21825502 -0.21825502 -0.21825502 -0.21825502 -0.21825502 -0.21825502
 -0.21825502 -0.21825502 -0.21825502 -0.21825502 -0.21825502 -0.21825502
 -0.21825502 -0.21825502 -0.21825502 -0.21825502 -0.21825502 -0.21825502
 -0.21825502 -0.21825502 -0.21825502 -0.21825502 -0.21825502 -0.21825502
 -0.21825502 -0.21825502 -0.21825502 -0.21825502 -0.21825502 -0.21825502
 -0.21825502 -0.21825502 -0.21825502 -0.21825502 -0.21825502 -0.21825502
 -0.21825502 -0.21825502 -0.21825502 -0.21825502 -0.21825502 -0.21825502
 -0.21825502 -0.21825502 -0.21825502 -0.21825502  5.54162224 -0.21825502
 -0.21825502 -0.21825502 -0.21825502 -0.21825502 -0.21825502 -0.21825502
 -0.21825502 -0.21825502 -0.21825502 -0.21825502 -0.21825502 -0.21825502
 -0.21825502 -0.21825502 -0.21825502 -0.21825502 -0.21825502 -0.21825502
 -0.21825502 -0.21825502 -0.21825502 -0.21825502 -0.21825502 -0.21825502
 -0.21825502 -0.21825502 -0.21825502 -0.21825502 -0.21825502 -0.21825502
 -0.21825502 -0.21825502 -0.21825502 -0.21825502  6.4497039  -0.21825502
 -0.21825502 -0.21825502 -0.21825502 -0.21825502 -0.21825502 -0.21825502
 -0.21825502 -0.21825502 -0.21825502 -0.21825502 -0.21825502 -0.21825502
 -0.21825502 -0.21825502 -0.21825502 -0.21825502 -0.21825502 -0.21825502
  3.69158872 -0.21825502 -0.21825502 -0.21825502 -0.21825502 -0.21825502
 -0.21825502 -0.21825502 -0.21825502 -0.21825502 -0.21825502 -0.21825502
 -0.21825502 -0.21825502 -0.21825502 -0.21825502 -0.21825502 -0.21825502
 -0.21825502 -0.21825502  5.83760665 -0.21825502 -0.21825502 -0.21825502
  5.75698406 -0.21825502 -0.21825502 -0.21825502 -0.21825502 -0.21825502
 -0.21825502 -0.21825502 -0.21825502 -0.21825502 -0.21825502 -0.21825502
 -0.21825502 -0.21825502 -0.21825502 -0.21825502 -0.21825502 -0.21825502
 -0.21825502  2.69652397 -0.21825502 -0.21825502 -0.21825502 -0.21825502
 -0.21825502 -0.21825502 -0.21825502 -0.21825502 -0.21825502 -0.21825502
 -0.21825502 -0.21825502 -0.21825502 -0.21825502 -0.21825502 -0.21825502
 -0.21825502 -0.21825502 -0.21825502 -0.21825502 -0.21825502 -0.21825502
 -0.21825502 -0.21825502 -0.21825502 -0.21825502 -0.21825502 -0.21825502
 -0.21825502 -0.21825502  6.41332869 -0.21825502]",[0.008251920837719195]
11,"[-0.22555736 -0.22555736 -0.22555736 -0.22555736 -0.22555736 -0.22555736
 -0.22555736 -0.22555736 -0.22555736 -0.22555736 -0.22555736 -0.22555736
 -0.22555736 -0.22555736 -0.22555736 -0.22555736 -0.22555736 -0.22555736
  0.55577051 -0.22555736 -0.22555736 -0.22555736 -0.22555736 -0.22555736
 -0.22555736 -0.22555736 -0.22555736 -0.22555736 -0.22555736 -0.22555736
 -0.22555736 -0.22555736 -0.22555736 -0.22555736 -0.22555736 -0.22555736
 -0.22555736 -0.22555736 -0.22555736 -0.22555736 -0.22555736 -0.22555736
 -0.22555736 -0.22555736 -0.22555736 -0.22555736 -0.22555736 -0.22555736
 -0.22555736 -0.22555736 -0.22555736 -0.22555736 -0.22555736 -0.22555736
 -0.22555736 -0.22555736 -0.22555736 -0.22555736 -0.22555736 -0.22555736
 -0.22555736 -0.22555736 -0.22555736 -0.22555736 -0.22555736 -0.22555736
 -0.22555736 -0.22555736 -0.22555736 -0.22555736 -0.22555736 -0.22555736
 -0.22555736 -0.22555736 -0.22555736 -0.22555736 -0.22555736 -0.22555736
 -0.22555736 -0.22555736 -0.22555736 -0.22555736 -0.22555736  7.38439506
 -0.22555736 -0.22555736 -0.22555736 -0.22555736 -0.22555736  5.2097011
 -0.22555736 -0.22555736 -0.22555736 -0.22555736 -0.22555736 -0.22555736
 -0.22555736 -0.22555736 -0.22555736 -0.22555736 -0.22555736 -0.22555736
 -0.22555736 -0.22555736 -0.22555736 -0.22555736 -0.22555736 -0.22555736
 -0.22555736 -0.22555736  6.51799799 -0.22555736 -0.22555736 -0.22555736
 -0.22555736  1.78836653  4.97065947 -0.22555736  0.88600791 -0.22555736
 -0.22555736 -0.22555736 -0.22555736  0.08356336  1.5200408  -0.22555736
 -0.22555736 -0.22555736 -0.22555736 -0.22555736 -0.22555736 -0.22555736
 -0.22555736 -0.22555736 -0.22555736 -0.22555736 -0.22555736 -0.22555736
 -0.22555736 -0.22555736 -0.22555736 -0.22555736 -0.22555736 -0.22555736
 -0.22555736 -0.22555736 -0.22555736 -0.22555736 -0.22555736 -0.22555736
 -0.22555736 -0.22555736 -0.22555736 -0.22555736 -0.22555736 -0.22555736
 -0.22555736 -0.22555736 -0.22555736 -0.22555736 -0.22555736 -0.22555736
 -0.22555736 -0.22555736 -0.22555736 -0.22555736 -0.22555736 -0.22555736
 -0.22555736 -0.22555736 -0.22555736 -0.22555736 -0.22555736 -0.22555736
 -0.22555736 -0.22555736 -0.22555736 -0.22555736 -0.22555736 -0.22555736
 -0.22555736 -0.22555736 -0.22555736 -0.22555736 -0.22555736 -0.22555736
 -0.22555736 -0.22555736 -0.22555736 -0.22555736 -0.22555736 -0.22555736
 -0.22555736 -0.22555736  3.14751064 -0.22555736 -0.22555736 -0.22555736
 -0.22555736 -0.22555736 -0.22555736 -0.22555736 -0.22555736 -0.22555736
 -0.22555736 -0.22555736 -0.22555736 -0.22555736 -0.22555736 -0.22555736
  5.05002616 -0.22555736 -0.13183428 -0.22555736 -0.22555736  2.16521965
 -0.22555736 -0.22555736  0.10845007 -0.22555736 -0.22555736 -0.22555736
 -0.22555736 -0.22555736 -0.22555736 -0.22555736 -0.22555736 -0.22555736
 -0.22555736 -0.22555736 -0.22555736  1.00059216 -0.22555736 -0.22555736
 -0.22555736  2.25803439 -0.22555736  5.41030926  4.99186678 -0.22555736
  2.80991571 -0.22555736 -0.22555736 -0.22555736 -0.22555736 -0.22555736
 -0.22555736 -0.22555736 -0.22555736 -0.22555736 -0.22555736 -0.22555736
 -0.22555736 -0.22555736 -0.22555736 -0.22555736 -0.22555736 -0.22555736
 -0.22555736 -0.22555736  3.72778707  3.88654343 -0.22555736  0.71473905
 -0.22555736 -0.22555736 -0.22555736 -0.22555736 -0.22555736 -0.22555736
 -0.22555736 -0.22555736  6.23156145 -0.22555736 -0.22555736 -0.22555736
 -0.22555736 -0.22555736 -0.22555736 -0.22555736 -0.22555736 -0.22555736
 -0.22555736  0.7723212  -0.22555736 -0.22555736 -0.22555736  3.90728297
 -0.22555736 -0.22555736 -0.22555736 -0.22555736 -0.22555736  1.87411963
 -0.22555736 -0.22555736  3.82036287 -0.22555736 -0.22555736 -0.22555736
 -0.22555736 -0.22555736 -0.22555736 -0.22555736 -0.22555736 -0.22555736
  5.55364172 -0.22555736 -0.22555736 -0.22555736 -0.22555736  2.26295922
 -0.22555736  0.40403391 -0.22555736 -0.22555736 -0.22555736 -0.22555736
 -0.22555736 -0.22555736 -0.22555736 -0.22555736 -0.22555736 -0.22555736
 -0.22555736 -0.22555736 -0.22555736 -0.22555736 -0.22555736 -0.22555736
 -0.22555736 -0.22555736 -0.22555736 -0.22555736 -0.22555736 -0.22555736
 -0.22555736 -0.22555736 -0.22555736 -0.22555736 -0.22555736 -0.22555736
 -0.22555736 -0.22555736 -0.22555736 -0.22555736 -0.22555736 -0.22555736
 -0.22555736 -0.22555736 -0.22555736 -0.22555736 -0.22555736 -0.22555736
 -0.22555736 -0.22555736 -0.22555736 -0.22555736 -0.22555736 -0.22555736
 -0.22555736 -0.22555736 -0.22555736 -0.22555736 -0.22555736 -0.22555736
 -0.22555736 -0.22555736 -0.22555736 -0.22555736 -0.22555736 -0.22555736
 -0.22555736 -0.22555736 -0.22555736 -0.22555736 -0.22555736 -0.22555736
 -0.22555736 -0.22555736 -0.22555736 -0.22555736 -0.22555736 -0.22555736
 -0.22555736 -0.22555736 -0.22555736 -0.22555736 -0.22555736 -0.22555736
 -0.22555736 -0.22555736 -0.22555736 -0.22555736 -0.22555736 -0.22555736
 -0.22555736 -0.22555736 -0.22555736 -0.22555736 -0.22555736 -0.22555736
 -0.22555736 -0.22555736 -0.22555736 -0.22555736 -0.22555736 -0.22555736
 -0.22555736 -0.22555736 -0.22555736 -0.22555736 -0.22555736 -0.22555736
 -0.22555736 -0.22555736 -0.22555736 -0.22555736 -0.22555736 -0.22555736
 -0.22555736 -0.22555736 -0.22555736 -0.22555736 -0.22555736  5.94652986
 -0.22555736 -0.22555736 -0.22555736 -0.22555736 -0.22555736 -0.22555736
 -0.22555736 -0.22555736 -0.22555736 -0.22555736 -0.22555736 -0.22555736
 -0.22555736 -0.22555736 -0.22555736 -0.22555736 -0.22555736 -0.22555736
  3.14751064 -0.22555736 -0.22555736 -0.22555736 -0.22555736 -0.22555736
 -0.22555736 -0.22555736 -0.22555736 -0.22555736 -0.22555736 -0.22555736
 -0.22555736 -0.22555736 -0.22555736 -0.22555736 -0.22555736 -0.22555736
 -0.22555736 -0.22555736  2.53980737 -0.22555736 -0.22555736 -0.22555736
 -0.22555736 -0.22555736 -0.22555736 -0.22555736 -0.22555736 -0.22555736
 -0.22555736 -0.22555736 -0.22555736 -0.22555736 -0.22555736 -0.22555736
 -0.22555736 -0.22555736 -0.22555736 -0.22555736 -0.22555736 -0.22555736
 -0.22555736  5.42877393 -0.22555736 -0.22555736 -0.22555736 -0.22555736
 -0.22555736 -0.22555736 -0.22555736 -0.22555736 -0.22555736 -0.22555736
 -0.22555736 -0.22555736 -0.22555736 -0.22555736 -0.22555736 -0.22555736
 -0.22555736 -0.22555736 -0.22555736 -0.22555736 -0.22555736 -0.22555736
 -0.22555736 -0.22555736 -0.22555736 -0.22555736 -0.22555736 -0.22555736
 -0.22555736 -0.22555736  3.4507544  -0.22555736]",[0.005211398662065325]
11,"[-0.23191742 -0.23191742 -0.23191742 -0.23191742 -0.23191742 -0.23191742
 -0.23191742 -0.23191742 -0.23191742 -0.23191742 -0.23191742 -0.23191742
 -0.23191742 -0.23191742 -0.23191742 -0.23191742 -0.23191742 -0.23191742
 -0.23191742 -0.23191742 -0.23191742 -0.23191742 -0.23191742 -0.23191742
 -0.23191742 -0.23191742 -0.23191742 -0.23191742 -0.23191742 -0.23191742
 -0.23191742 -0.23191742 -0.23191742 -0.23191742 -0.23191742 -0.23191742
 -0.23191742 -0.23191742 -0.23191742 -0.23191742 -0.23191742 -0.23191742
 -0.23191742 -0.23191742 -0.23191742 -0.23191742 -0.23191742 -0.23191742
 -0.23191742 -0.23191742 -0.23191742 -0.23191742 -0.23191742 -0.23191742
 -0.23191742 -0.23191742 -0.23191742 -0.23191742 -0.23191742 -0.23191742
 -0.23191742 -0.23191742 -0.23191742 -0.23191742 -0.23191742 -0.23191742
 -0.23191742 -0.23191742 -0.23191742 -0.23191742 -0.23191742 -0.23191742
 -0.23191742 -0.23191742 -0.23191742 -0.23191742 -0.23191742 -0.23191742
 -0.23191742 -0.23191742 -0.23191742 -0.23191742 -0.23191742  3.95282695
 -0.23191742 -0.23191742 -0.23191742 -0.23191742 -0.23191742 -0.23191742
 -0.23191742 -0.23191742  2.05361808 -0.23191742 -0.23191742 -0.23191742
 -0.23191742 -0.23191742 -0.23191742 -0.23191742 -0.23191742 -0.23191742
 -0.23191742 -0.23191742 -0.23191742 -0.23191742 -0.23191742 -0.23191742
 -0.23191742 -0.23191742  6.91560956 -0.23191742 -0.23191742 -0.23191742
  2.42672798 -0.23191742 -0.23191742 -0.23191742 -0.23191742 -0.23191742
 -0.23191742 -0.23191742 -0.23191742  1.59442176 -0.23191742 -0.23191742
 -0.23191742 -0.23191742 -0.23191742 -0.23191742 -0.23191742 -0.23191742
 -0.23191742 -0.23191742 -0.23191742 -0.23191742 -0.23191742 -0.23191742
 -0.23191742 -0.23191742 -0.23191742 -0.23191742 -0.23191742 -0.23191742
 -0.23191742 -0.23191742 -0.23191742 -0.23191742 -0.23191742 -0.23191742
 -0.23191742 -0.23191742 -0.23191742 -0.23191742 -0.23191742 -0.23191742
 -0.23191742 -0.23191742 -0.23191742 -0.23191742 -0.23191742 -0.23191742
 -0.23191742  0.29911449 -0.23191742 -0.23191742 -0.23191742 -0.23191742
 -0.23191742 -0.23191742 -0.23191742 -0.23191742 -0.23191742 -0.23191742
 -0.23191742 -0.23191742 -0.23191742 -0.23191742 -0.23191742 -0.23191742
 -0.23191742 -0.23191742 -0.23191742 -0.23191742 -0.23191742 -0.23191742
 -0.23191742 -0.23191742 -0.23191742 -0.23191742 -0.23191742 -0.23191742
 -0.23191742 -0.23191742 -0.23191742 -0.23191742 -0.23191742 -0.23191742
 -0.23191742 -0.23191742  2.92326905 -0.23191742 -0.23191742 -0.23191742
 -0.23191742 -0.23191742 -0.23191742 -0.23191742 -0.23191742  1.68860299
  2.48254363 -0.23191742 -0.11848263 -0.23191742 -0.23191742  2.10030257
 -0.23191742 -0.23191742 -0.23191742 -0.23191742 -0.23191742 -0.23191742
 -0.23191742 -0.23191742 -0.23191742 -0.23191742 -0.23191742 -0.23191742
 -0.23191742 -0.23191742 -0.23191742 -0.23191742 -0.23191742 -0.23191742
 -0.23191742  3.78828498 -0.23191742  4.88924467  0.66710077 -0.23191742
  5.12278094 -0.23191742 -0.23191742 -0.23191742 -0.23191742 -0.23191742
 -0.23191742 -0.23191742 -0.23191742 -0.23191742 -0.23191742 -0.23191742
 -0.23191742 -0.23191742 -0.23191742 -0.23191742 -0.23191742 -0.23191742
 -0.23191742 -0.23191742  2.31981401  3.59799244 -0.23191742 -0.23191742
 -0.23191742 -0.23191742 -0.23191742  2.96389761 -0.23191742 -0.23191742
 -0.23191742 -0.23191742 -0.23191742 -0.23191742  3.7835347  -0.23191742
 -0.23191742  3.08330267 -0.23191742 -0.23191742 -0.23191742 -0.23191742
  3.69235696 -0.23191742 -0.23191742 -0.23191742 -0.23191742  4.19768462
  3.43966286 -0.23191742 -0.23191742 -0.23191742 -0.23191742 -0.23191742
 -0.23191742  6.99980718 -0.23191742 -0.23191742 -0.23191742 -0.23191742
 -0.23191742 -0.23191742 -0.23191742 -0.23191742  1.45927622 -0.23191742
 -0.23191742 -0.23191742 -0.23191742 -0.23191742 -0.23191742  5.24920301
 -0.23191742  1.54515705 -0.23191742 -0.23191742 -0.23191742 -0.23191742
 -0.23191742 -0.23191742 -0.23191742 -0.23191742 -0.23191742 -0.23191742
 -0.23191742 -0.23191742 -0.23191742 -0.23191742 -0.23191742 -0.23191742
 -0.23191742 -0.23191742 -0.23191742 -0.23191742 -0.23191742 -0.23191742
 -0.23191742 -0.23191742 -0.23191742 -0.23191742 -0.23191742 -0.23191742
 -0.23191742 -0.23191742 -0.23191742 -0.23191742 -0.23191742 -0.23191742
 -0.23191742  0.32883882 -0.23191742 -0.23191742 -0.23191742 -0.23191742
 -0.23191742 -0.23191742 -0.23191742 -0.23191742 -0.23191742 -0.23191742
 -0.23191742 -0.23191742 -0.23191742 -0.23191742 -0.23191742 -0.23191742
 -0.23191742 -0.23191742 -0.23191742 -0.23191742 -0.23191742 -0.23191742
 -0.23191742 -0.23191742 -0.23191742 -0.23191742 -0.23191742 -0.23191742
 -0.23191742 -0.23191742 -0.23191742 -0.23191742 -0.23191742 -0.23191742
 -0.23191742 -0.23191742 -0.23191742 -0.23191742 -0.23191742 -0.23191742
 -0.23191742 -0.23191742 -0.23191742 -0.23191742 -0.23191742 -0.23191742
 -0.23191742 -0.23191742 -0.23191742 -0.23191742 -0.23191742 -0.23191742
 -0.23191742 -0.23191742 -0.23191742 -0.23191742 -0.23191742 -0.23191742
 -0.23191742 -0.23191742 -0.23191742 -0.23191742 -0.23191742 -0.23191742
 -0.23191742 -0.23191742 -0.23191742 -0.23191742 -0.23191742 -0.23191742
 -0.23191742 -0.23191742 -0.23191742 -0.23191742 -0.23191742  4.69795336
 -0.23191742 -0.23191742 -0.23191742 -0.23191742 -0.23191742 -0.23191742
 -0.23191742  1.47527171 -0.23191742 -0.23191742 -0.23191742 -0.23191742
 -0.23191742 -0.23191742 -0.23191742 -0.23191742 -0.23191742 -0.23191742
 -0.23191742 -0.23191742 -0.23191742 -0.23191742 -0.23191742 -0.23191742
  0.87080194 -0.23191742 -0.23191742 -0.23191742 -0.23191742 -0.23191742
 -0.23191742 -0.23191742 -0.23191742 -0.23191742 -0.23191742 -0.23191742
 -0.23191742 -0.23191742  6.44765295 -0.23191742 -0.23191742 -0.23191742
  6.86561781 -0.23191742 -0.23191742 -0.23191742 -0.23191742 -0.23191742
 -0.23191742 -0.23191742 -0.23191742 -0.23191742 -0.23191742 -0.23191742
 -0.23191742 -0.23191742 -0.23191742 -0.23191742 -0.23191742 -0.23191742
 -0.23191742  5.79558643  2.88057025 -0.23191742 -0.23191742 -0.23191742
 -0.23191742 -0.23191742 -0.23191742 -0.23191742 -0.23191742 -0.23191742
 -0.23191742 -0.23191742 -0.23191742 -0.23191742 -0.23191742 -0.23191742
 -0.23191742 -0.23191742 -0.23191742 -0.23191742 -0.23191742 -0.23191742
 -0.23191742 -0.23191742 -0.23191742 -0.23191742 -0.23191742 -0.23191742
 -0.23191742 -0.23191742 -0.23191742 -0.23191742]",[0.006588865433642094]
11,"[-0.20037883 -0.20037883 -0.20037883 -0.20037883 -0.20037883 -0.20037883
 -0.20037883 -0.20037883 -0.20037883 -0.20037883 -0.20037883 -0.20037883
 -0.20037883 -0.20037883 -0.20037883 -0.20037883 -0.20037883 -0.20037883
 -0.20037883 -0.20037883 -0.20037883 -0.20037883 -0.20037883 -0.20037883
 -0.20037883 -0.20037883 -0.20037883 -0.20037883 -0.20037883 -0.20037883
 -0.20037883 -0.20037883 -0.20037883 -0.20037883 -0.20037883 -0.20037883
 -0.20037883 -0.20037883 -0.20037883 -0.20037883 -0.20037883 -0.20037883
 -0.20037883 -0.20037883 -0.20037883 -0.20037883 -0.20037883 -0.20037883
 -0.20037883 -0.20037883 -0.20037883 -0.20037883 -0.20037883 -0.20037883
 -0.20037883 -0.20037883 -0.20037883 -0.20037883 -0.20037883 -0.20037883
 -0.20037883 -0.20037883 -0.20037883 -0.20037883 -0.20037883 -0.20037883
 -0.20037883 -0.20037883 -0.20037883 -0.20037883 -0.20037883 -0.20037883
 -0.20037883 -0.20037883 -0.20037883 -0.20037883 -0.20037883 -0.20037883
 -0.20037883 -0.20037883 -0.20037883 -0.20037883 -0.20037883  6.69117089
 -0.20037883 -0.20037883 -0.20037883 -0.20037883 -0.20037883 -0.20037883
 -0.20037883 -0.20037883 -0.20037883 -0.20037883 -0.20037883 -0.20037883
 -0.20037883 -0.20037883 -0.20037883 -0.20037883 -0.20037883 -0.20037883
 -0.20037883 -0.20037883 -0.20037883 -0.20037883 -0.20037883 -0.20037883
 -0.20037883 -0.20037883  7.07177709 -0.20037883 -0.20037883 -0.20037883
 -0.20037883 -0.20037883 -0.20037883 -0.20037883 -0.20037883 -0.20037883
 -0.20037883 -0.20037883 -0.20037883 -0.20037883 -0.20037883 -0.20037883
 -0.20037883 -0.20037883 -0.20037883 -0.20037883 -0.20037883 -0.20037883
 -0.20037883 -0.20037883 -0.20037883 -0.20037883 -0.20037883 -0.20037883
 -0.20037883 -0.20037883 -0.20037883 -0.20037883 -0.20037883 -0.20037883
 -0.20037883 -0.20037883 -0.20037883 -0.20037883 -0.20037883 -0.20037883
 -0.20037883 -0.20037883 -0.20037883 -0.20037883 -0.20037883 -0.20037883
 -0.20037883 -0.20037883 -0.20037883 -0.20037883 -0.20037883 -0.20037883
 -0.20037883 -0.20037883 -0.20037883 -0.20037883 -0.20037883 -0.20037883
 -0.20037883 -0.20037883 -0.20037883 -0.20037883 -0.20037883 -0.20037883
 -0.20037883 -0.20037883 -0.20037883 -0.20037883 -0.20037883 -0.20037883
 -0.20037883 -0.20037883 -0.20037883 -0.20037883 -0.20037883 -0.20037883
 -0.20037883 -0.20037883 -0.20037883 -0.20037883 -0.20037883 -0.20037883
 -0.20037883 -0.20037883 -0.20037883 -0.20037883 -0.20037883 -0.20037883
 -0.20037883 -0.20037883  1.14994976 -0.20037883 -0.20037883 -0.20037883
 -0.20037883 -0.20037883 -0.20037883 -0.20037883  1.59191404 -0.20037883
  5.35617055 -0.20037883 -0.20037883 -0.20037883 -0.20037883  3.07102192
 -0.20037883 -0.20037883 -0.20037883 -0.20037883 -0.20037883 -0.20037883
 -0.20037883 -0.20037883 -0.20037883 -0.20037883 -0.20037883 -0.20037883
 -0.20037883 -0.20037883 -0.20037883 -0.20037883 -0.20037883 -0.20037883
 -0.20037883  3.24004564 -0.20037883 -0.20037883 -0.20037883 -0.20037883
  4.20407252  0.34889245 -0.20037883 -0.20037883 -0.20037883 -0.20037883
 -0.20037883 -0.20037883 -0.20037883 -0.20037883 -0.20037883 -0.20037883
 -0.20037883 -0.20037883 -0.20037883 -0.20037883 -0.20037883 -0.20037883
 -0.20037883 -0.20037883  6.64149064  3.61847002 -0.20037883  0.25026112
 -0.20037883 -0.20037883 -0.20037883 -0.20037883 -0.20037883 -0.20037883
 -0.20037883 -0.20037883  5.98049427 -0.20037883  3.58359916 -0.20037883
 -0.20037883 -0.20037883 -0.20037883 -0.20037883 -0.20037883 -0.20037883
 -0.20037883  2.67215569 -0.20037883 -0.20037883 -0.20037883  5.09541532
 -0.20037883 -0.20037883 -0.20037883 -0.20037883 -0.20037883  2.01750648
 -0.20037883  7.15168292 -0.20037883 -0.20037883 -0.20037883 -0.20037883
 -0.20037883 -0.20037883 -0.20037883 -0.20037883  5.01160836 -0.20037883
 -0.20037883 -0.20037883 -0.20037883 -0.20037883 -0.20037883  4.66568177
 -0.20037883 -0.20037883 -0.20037883 -0.20037883 -0.20037883 -0.20037883
 -0.20037883 -0.20037883 -0.20037883 -0.20037883 -0.20037883 -0.20037883
 -0.20037883 -0.20037883 -0.20037883 -0.20037883 -0.20037883 -0.20037883
 -0.20037883 -0.20037883 -0.20037883 -0.20037883 -0.20037883 -0.20037883
 -0.20037883 -0.20037883 -0.20037883 -0.20037883 -0.20037883 -0.20037883
 -0.20037883 -0.20037883 -0.20037883 -0.20037883 -0.20037883 -0.20037883
 -0.20037883 -0.20037883 -0.20037883 -0.20037883 -0.20037883 -0.20037883
 -0.20037883 -0.20037883 -0.20037883 -0.20037883 -0.20037883 -0.20037883
 -0.20037883 -0.20037883 -0.20037883 -0.20037883 -0.20037883 -0.20037883
 -0.20037883 -0.20037883 -0.20037883 -0.20037883 -0.20037883 -0.20037883
 -0.20037883 -0.20037883 -0.20037883 -0.20037883 -0.20037883 -0.20037883
 -0.20037883 -0.20037883 -0.20037883 -0.20037883 -0.20037883 -0.20037883
 -0.20037883 -0.20037883 -0.20037883 -0.20037883 -0.20037883 -0.20037883
 -0.20037883 -0.20037883 -0.20037883 -0.20037883 -0.20037883 -0.20037883
 -0.20037883 -0.20037883 -0.20037883 -0.20037883 -0.20037883 -0.20037883
 -0.20037883 -0.20037883 -0.20037883 -0.20037883 -0.20037883 -0.20037883
 -0.20037883 -0.20037883 -0.20037883 -0.20037883 -0.20037883 -0.20037883
 -0.20037883 -0.20037883 -0.20037883 -0.20037883 -0.20037883 -0.20037883
 -0.20037883 -0.20037883 -0.20037883 -0.20037883 -0.20037883 -0.20037883
 -0.20037883 -0.20037883 -0.20037883 -0.20037883 -0.20037883 -0.20037883
 -0.20037883 -0.20037883 -0.20037883 -0.20037883 -0.20037883 -0.20037883
 -0.20037883 -0.20037883 -0.20037883 -0.20037883 -0.20037883 -0.20037883
  4.20765229 -0.20037883 -0.20037883 -0.20037883 -0.20037883 -0.20037883
 -0.20037883 -0.20037883 -0.20037883 -0.20037883 -0.20037883 -0.20037883
 -0.20037883 -0.20037883 -0.20037883 -0.20037883 -0.20037883 -0.20037883
 -0.20037883 -0.20037883  4.88563996 -0.20037883 -0.20037883 -0.20037883
  6.5480417  -0.20037883 -0.20037883 -0.20037883 -0.20037883 -0.20037883
 -0.20037883 -0.20037883 -0.20037883 -0.20037883 -0.20037883 -0.20037883
 -0.20037883 -0.20037883 -0.20037883 -0.20037883 -0.20037883 -0.20037883
 -0.20037883  2.77457732 -0.20037883 -0.20037883 -0.20037883 -0.20037883
 -0.20037883 -0.20037883 -0.20037883 -0.20037883 -0.20037883 -0.20037883
 -0.20037883 -0.20037883 -0.20037883 -0.20037883 -0.20037883 -0.20037883
 -0.20037883 -0.20037883 -0.20037883 -0.20037883 -0.20037883 -0.20037883
 -0.20037883 -0.20037883 -0.20037883 -0.20037883 -0.20037883 -0.20037883
 -0.20037883 -0.20037883  1.35822964 -0.20037883]",[-0.029446449273616865]
11,"[-0.22026601 -0.22026601 -0.22026601 -0.22026601 -0.22026601 -0.22026601
 -0.22026601 -0.22026601 -0.22026601 -0.22026601 -0.22026601 -0.22026601
 -0.22026601 -0.22026601 -0.22026601 -0.22026601 -0.22026601 -0.22026601
  0.96599682 -0.22026601 -0.22026601 -0.22026601 -0.22026601 -0.22026601
 -0.22026601 -0.22026601 -0.22026601 -0.22026601 -0.22026601 -0.22026601
 -0.22026601 -0.22026601 -0.22026601 -0.22026601 -0.22026601 -0.22026601
 -0.22026601 -0.22026601 -0.22026601 -0.22026601 -0.22026601 -0.22026601
 -0.22026601 -0.22026601 -0.22026601 -0.22026601 -0.22026601 -0.22026601
 -0.22026601 -0.22026601 -0.22026601 -0.22026601 -0.22026601 -0.22026601
 -0.22026601 -0.22026601 -0.22026601 -0.22026601 -0.22026601 -0.22026601
 -0.22026601 -0.22026601 -0.22026601 -0.22026601 -0.22026601 -0.22026601
 -0.22026601 -0.22026601 -0.22026601 -0.22026601 -0.22026601 -0.22026601
 -0.22026601 -0.22026601 -0.22026601 -0.22026601 -0.22026601 -0.22026601
 -0.22026601 -0.22026601 -0.22026601 -0.22026601 -0.22026601  5.14227404
 -0.22026601 -0.22026601 -0.22026601 -0.22026601 -0.22026601 -0.22026601
 -0.22026601 -0.22026601  3.12802781 -0.22026601 -0.22026601 -0.22026601
 -0.22026601 -0.22026601 -0.22026601 -0.22026601 -0.22026601 -0.22026601
 -0.22026601 -0.22026601 -0.22026601 -0.22026601 -0.22026601 -0.22026601
 -0.22026601 -0.22026601  1.2308627  -0.22026601 -0.22026601 -0.22026601
 -0.22026601 -0.22026601 -0.22026601 -0.22026601 -0.22026601 -0.22026601
 -0.22026601 -0.22026601 -0.22026601 -0.22026601 -0.22026601 -0.22026601
 -0.22026601 -0.22026601 -0.22026601 -0.22026601 -0.22026601 -0.22026601
 -0.22026601 -0.22026601 -0.22026601 -0.22026601 -0.22026601 -0.22026601
 -0.22026601 -0.22026601 -0.22026601 -0.22026601 -0.22026601 -0.22026601
 -0.22026601 -0.22026601 -0.22026601 -0.22026601 -0.22026601 -0.22026601
 -0.22026601 -0.22026601 -0.22026601 -0.22026601 -0.22026601 -0.22026601
 -0.22026601 -0.22026601 -0.22026601 -0.22026601 -0.22026601 -0.22026601
 -0.22026601 -0.22026601 -0.22026601 -0.22026601 -0.22026601 -0.22026601
 -0.22026601 -0.22026601 -0.22026601 -0.22026601 -0.22026601  1.70929674
 -0.22026601 -0.22026601 -0.22026601 -0.22026601 -0.22026601 -0.22026601
 -0.22026601 -0.22026601 -0.22026601 -0.22026601 -0.22026601 -0.22026601
 -0.22026601 -0.22026601 -0.22026601 -0.22026601 -0.22026601 -0.22026601
 -0.22026601 -0.22026601 -0.22026601 -0.22026601 -0.22026601 -0.22026601
 -0.22026601 -0.22026601  3.99051837 -0.22026601 -0.22026601 -0.22026601
 -0.22026601 -0.22026601 -0.22026601 -0.22026601 -0.22026601 -0.22026601
  5.06915841 -0.22026601  0.39484705 -0.22026601 -0.22026601  4.70427616
 -0.22026601 -0.22026601 -0.22026601 -0.22026601 -0.22026601 -0.22026601
 -0.22026601 -0.22026601 -0.22026601 -0.22026601 -0.22026601 -0.22026601
 -0.22026601 -0.22026601 -0.22026601 -0.22026601 -0.22026601 -0.22026601
 -0.22026601  4.33951517 -0.22026601  4.76379715  0.29415832 -0.22026601
  5.5209331  -0.22026601 -0.22026601  2.54833071 -0.22026601 -0.22026601
 -0.22026601 -0.22026601 -0.22026601 -0.22026601 -0.22026601 -0.22026601
 -0.22026601 -0.22026601 -0.22026601 -0.22026601 -0.22026601 -0.22026601
 -0.22026601 -0.22026601  5.28337008  3.98019996 -0.22026601  0.30261751
 -0.22026601 -0.22026601 -0.22026601 -0.22026601  1.48118573 -0.22026601
  0.27482989 -0.22026601  0.5523796  -0.22026601  4.87659926 -0.22026601
 -0.22026601 -0.22026601 -0.22026601 -0.22026601 -0.22026601 -0.22026601
 -0.22026601  5.00932054 -0.22026601 -0.22026601 -0.22026601  7.40355282
  3.93092325 -0.22026601 -0.22026601 -0.22026601  2.18042158 -0.22026601
 -0.22026601 -0.22026601 -0.22026601 -0.22026601 -0.22026601 -0.22026601
 -0.22026601 -0.22026601 -0.22026601 -0.22026601 -0.22026601 -0.22026601
 -0.22026601 -0.22026601 -0.22026601 -0.22026601 -0.22026601  5.08850234
 -0.22026601 -0.22026601 -0.22026601 -0.22026601 -0.22026601 -0.22026601
 -0.22026601 -0.22026601 -0.22026601 -0.22026601 -0.22026601 -0.22026601
 -0.22026601 -0.22026601 -0.22026601 -0.22026601 -0.22026601 -0.22026601
 -0.22026601 -0.22026601 -0.22026601 -0.22026601 -0.22026601 -0.22026601
 -0.22026601 -0.22026601 -0.22026601 -0.22026601 -0.22026601 -0.22026601
 -0.22026601 -0.22026601 -0.22026601 -0.22026601 -0.22026601 -0.22026601
 -0.22026601 -0.22026601 -0.22026601 -0.22026601 -0.22026601 -0.22026601
 -0.22026601 -0.22026601 -0.22026601 -0.22026601 -0.22026601 -0.22026601
 -0.22026601 -0.22026601 -0.22026601 -0.22026601 -0.22026601 -0.22026601
 -0.22026601 -0.22026601 -0.22026601 -0.22026601 -0.22026601 -0.22026601
 -0.22026601 -0.22026601 -0.22026601 -0.22026601 -0.22026601 -0.22026601
 -0.22026601 -0.22026601 -0.22026601 -0.22026601 -0.22026601 -0.22026601
 -0.22026601 -0.22026601 -0.22026601 -0.22026601 -0.22026601 -0.22026601
 -0.22026601 -0.22026601 -0.22026601 -0.22026601 -0.22026601 -0.22026601
 -0.22026601 -0.22026601 -0.22026601 -0.22026601 -0.22026601 -0.22026601
 -0.22026601 -0.22026601 -0.22026601 -0.22026601 -0.22026601 -0.22026601
 -0.22026601 -0.22026601 -0.22026601 -0.22026601 -0.22026601 -0.22026601
 -0.22026601 -0.22026601 -0.22026601 -0.22026601 -0.22026601 -0.22026601
 -0.22026601 -0.22026601 -0.22026601 -0.22026601 -0.22026601 -0.22026601
 -0.22026601 -0.22026601 -0.22026601 -0.22026601 -0.22026601 -0.22026601
 -0.22026601 -0.22026601 -0.22026601 -0.22026601 -0.22026601 -0.22026601
 -0.22026601 -0.22026601 -0.22026601 -0.22026601 -0.22026601 -0.22026601
 -0.22026601 -0.22026601 -0.22026601 -0.22026601 -0.22026601 -0.22026601
 -0.22026601 -0.22026601 -0.22026601 -0.22026601 -0.22026601 -0.22026601
 -0.22026601 -0.22026601 -0.22026601 -0.22026601 -0.22026601 -0.22026601
 -0.22026601 -0.22026601  6.00531247 -0.22026601  5.36667703 -0.22026601
  6.14261935  3.12802781 -0.22026601 -0.22026601 -0.22026601 -0.22026601
 -0.22026601 -0.22026601 -0.22026601 -0.22026601 -0.22026601 -0.22026601
 -0.22026601 -0.22026601 -0.22026601 -0.22026601 -0.22026601 -0.22026601
 -0.22026601  1.49666486 -0.22026601 -0.22026601 -0.22026601 -0.22026601
 -0.22026601 -0.22026601 -0.22026601 -0.22026601 -0.22026601 -0.22026601
 -0.22026601 -0.22026601 -0.22026601 -0.22026601 -0.22026601 -0.22026601
 -0.22026601 -0.22026601 -0.22026601 -0.22026601 -0.22026601 -0.22026601
 -0.22026601 -0.22026601 -0.22026601 -0.22026601 -0.22026601 -0.22026601
 -0.22026601 -0.22026601  1.18461477 -0.22026601]",[-0.0022195211001336257]
11,"[-0.21228478 -0.21228478 -0.21228478 -0.21228478 -0.21228478 -0.21228478
 -0.21228478 -0.21228478 -0.21228478 -0.21228478 -0.21228478 -0.21228478
 -0.21228478 -0.21228478 -0.21228478 -0.21228478 -0.21228478 -0.21228478
  0.66285439 -0.21228478 -0.21228478 -0.21228478 -0.21228478 -0.21228478
 -0.21228478 -0.21228478 -0.21228478 -0.21228478 -0.21228478 -0.21228478
 -0.21228478 -0.21228478 -0.21228478 -0.21228478 -0.21228478 -0.21228478
 -0.21228478 -0.21228478 -0.21228478 -0.21228478 -0.21228478 -0.21228478
 -0.21228478 -0.21228478 -0.21228478 -0.21228478 -0.21228478 -0.21228478
 -0.21228478 -0.21228478 -0.21228478 -0.21228478 -0.21228478 -0.21228478
 -0.21228478 -0.21228478 -0.21228478 -0.21228478 -0.21228478 -0.21228478
 -0.21228478 -0.21228478 -0.21228478 -0.21228478 -0.21228478 -0.21228478
 -0.21228478 -0.21228478 -0.21228478 -0.21228478 -0.21228478 -0.21228478
 -0.21228478 -0.21228478 -0.21228478 -0.21228478 -0.21228478 -0.21228478
 -0.21228478 -0.21228478 -0.21228478 -0.21228478 -0.21228478  3.08444712
 -0.21228478 -0.21228478 -0.21228478 -0.21228478 -0.21228478 -0.21228478
 -0.21228478 -0.21228478  2.22725137 -0.21228478 -0.21228478 -0.21228478
 -0.21228478 -0.21228478 -0.21228478 -0.21228478 -0.21228478 -0.21228478
 -0.21228478 -0.21228478 -0.21228478 -0.21228478 -0.21228478 -0.21228478
 -0.21228478 -0.21228478  7.23256683 -0.21228478 -0.21228478 -0.21228478
  3.71395777 -0.21228478 -0.21228478 -0.21228478 -0.21228478 -0.21228478
 -0.21228478 -0.21228478 -0.21228478 -0.21228478 -0.21228478 -0.21228478
 -0.21228478 -0.21228478 -0.21228478 -0.21228478 -0.21228478 -0.21228478
 -0.21228478 -0.21228478 -0.21228478 -0.21228478 -0.21228478 -0.21228478
 -0.21228478 -0.21228478 -0.21228478 -0.21228478 -0.21228478 -0.21228478
 -0.21228478 -0.21228478 -0.21228478 -0.21228478 -0.21228478 -0.21228478
 -0.21228478 -0.21228478 -0.21228478 -0.21228478 -0.21228478 -0.21228478
 -0.21228478 -0.21228478 -0.21228478 -0.21228478 -0.21228478 -0.21228478
 -0.21228478  2.36804429 -0.21228478 -0.21228478 -0.21228478 -0.21228478
 -0.21228478 -0.21228478 -0.21228478 -0.21228478 -0.21228478 -0.21228478
 -0.21228478 -0.21228478 -0.21228478 -0.21228478 -0.21228478 -0.21228478
 -0.21228478 -0.21228478 -0.21228478 -0.21228478 -0.21228478 -0.21228478
 -0.21228478 -0.21228478 -0.21228478 -0.21228478 -0.21228478 -0.21228478
 -0.21228478 -0.21228478 -0.21228478 -0.21228478 -0.21228478 -0.21228478
 -0.21228478 -0.21228478 -0.21228478 -0.21228478 -0.21228478 -0.21228478
 -0.21228478 -0.21228478 -0.21228478 -0.21228478 -0.21228478 -0.21228478
  1.31791181 -0.21228478 -0.21228478 -0.21228478 -0.21228478  0.47635642
 -0.21228478 -0.21228478 -0.21228478 -0.21228478 -0.21228478 -0.21228478
 -0.21228478 -0.21228478 -0.21228478 -0.21228478 -0.21228478 -0.21228478
 -0.21228478 -0.21228478 -0.21228478 -0.21228478 -0.21228478 -0.21228478
 -0.21228478  1.76181192 -0.21228478  0.57892509  4.01698393 -0.21228478
  4.2366769  -0.21228478 -0.21228478 -0.21228478 -0.21228478 -0.21228478
 -0.21228478 -0.21228478 -0.21228478 -0.21228478 -0.21228478 -0.21228478
 -0.21228478 -0.21228478 -0.21228478  5.65449319 -0.21228478 -0.21228478
 -0.21228478 -0.21228478 -0.21228478  2.54279232 -0.21228478  0.86986896
 -0.21228478 -0.21228478 -0.21228478  3.18296289 -0.21228478 -0.21228478
  3.215196   -0.21228478 -0.21228478 -0.21228478  4.3834637  -0.21228478
 -0.21228478 -0.21228478 -0.21228478 -0.21228478  1.19265744 -0.21228478
 -0.21228478  2.58703258 -0.21228478 -0.21228478 -0.21228478  5.49392104
  3.20566022 -0.21228478 -0.21228478 -0.21228478 -0.21228478 -0.21228478
 -0.21228478 -0.21228478  5.80665565 -0.21228478 -0.21228478 -0.21228478
 -0.21228478 -0.21228478 -0.21228478 -0.21228478 -0.21228478 -0.21228478
  7.48225529 -0.21228478 -0.21228478 -0.21228478 -0.21228478  1.03686113
 -0.21228478  0.49289931 -0.21228478 -0.21228478 -0.21228478 -0.21228478
 -0.21228478 -0.21228478 -0.21228478 -0.21228478 -0.21228478 -0.21228478
 -0.21228478 -0.21228478 -0.21228478 -0.21228478 -0.21228478 -0.21228478
 -0.21228478 -0.21228478 -0.21228478 -0.21228478 -0.21228478 -0.21228478
 -0.21228478 -0.21228478 -0.21228478 -0.21228478 -0.21228478 -0.21228478
 -0.21228478 -0.21228478 -0.21228478 -0.21228478 -0.21228478 -0.21228478
 -0.21228478 -0.21228478 -0.21228478 -0.21228478 -0.21228478 -0.21228478
 -0.21228478 -0.21228478 -0.21228478 -0.21228478 -0.21228478 -0.21228478
 -0.21228478 -0.21228478 -0.21228478 -0.21228478 -0.21228478 -0.21228478
 -0.21228478 -0.21228478 -0.21228478 -0.21228478 -0.21228478 -0.21228478
 -0.21228478 -0.21228478 -0.21228478 -0.21228478 -0.21228478 -0.21228478
 -0.21228478 -0.21228478 -0.21228478 -0.21228478 -0.21228478 -0.21228478
 -0.21228478 -0.21228478 -0.21228478 -0.21228478 -0.21228478 -0.21228478
 -0.21228478 -0.21228478 -0.21228478 -0.21228478 -0.21228478 -0.21228478
 -0.21228478 -0.21228478 -0.21228478 -0.21228478 -0.21228478 -0.21228478
 -0.21228478 -0.21228478 -0.21228478 -0.21228478 -0.21228478 -0.21228478
 -0.21228478 -0.21228478 -0.21228478 -0.21228478 -0.21228478 -0.21228478
 -0.21228478 -0.21228478 -0.21228478 -0.21228478 -0.21228478 -0.21228478
 -0.21228478 -0.21228478 -0.21228478 -0.21228478  7.04325992 -0.21228478
 -0.21228478 -0.21228478 -0.21228478 -0.21228478 -0.21228478 -0.21228478
 -0.21228478 -0.21228478 -0.21228478 -0.21228478 -0.21228478 -0.21228478
 -0.21228478 -0.21228478 -0.21228478 -0.21228478 -0.21228478 -0.21228478
 -0.21228478 -0.21228478 -0.21228478 -0.21228478 -0.21228478 -0.21228478
 -0.21228478 -0.21228478 -0.21228478 -0.21228478 -0.21228478 -0.21228478
 -0.21228478 -0.21228478 -0.21228478 -0.21228478 -0.21228478 -0.21228478
 -0.21228478 -0.21228478  4.69170384 -0.21228478 -0.21228478 -0.21228478
  4.12441907 -0.21228478 -0.21228478 -0.21228478 -0.21228478 -0.21228478
 -0.21228478 -0.21228478 -0.21228478 -0.21228478 -0.21228478 -0.21228478
 -0.21228478 -0.21228478 -0.21228478 -0.21228478 -0.21228478 -0.21228478
 -0.21228478  1.16108421 -0.21228478 -0.21228478 -0.21228478 -0.21228478
 -0.21228478 -0.21228478 -0.21228478 -0.21228478 -0.21228478 -0.21228478
 -0.21228478 -0.21228478 -0.21228478 -0.21228478 -0.21228478 -0.21228478
 -0.21228478 -0.21228478 -0.21228478 -0.21228478 -0.21228478 -0.21228478
 -0.21228478 -0.21228478 -0.21228478 -0.21228478 -0.21228478 -0.21228478
 -0.21228478 -0.21228478  7.96228441 -0.21228478]",[-0.022373298570083605]
11,"[-0.25217488 -0.25217488 -0.25217488 -0.25217488 -0.17337375 -0.25217488
 -0.25217488 -0.25217488 -0.25217488 -0.25217488 -0.25217488 -0.25217488
 -0.25217488 -0.25217488 -0.25217488 -0.25217488 -0.25217488 -0.25217488
 -0.25217488 -0.25217488 -0.25217488 -0.25217488 -0.25217488 -0.25217488
 -0.25217488 -0.25217488 -0.25217488 -0.25217488 -0.25217488 -0.25217488
 -0.25217488 -0.25217488 -0.25217488 -0.25217488 -0.25217488 -0.25217488
 -0.25217488 -0.25217488 -0.25217488 -0.25217488 -0.25217488 -0.25217488
 -0.25217488 -0.25217488 -0.25217488 -0.25217488 -0.25217488 -0.25217488
 -0.25217488 -0.25217488 -0.25217488 -0.25217488 -0.25217488 -0.25217488
 -0.25217488 -0.25217488 -0.25217488 -0.25217488 -0.25217488 -0.25217488
 -0.25217488 -0.25217488 -0.25217488 -0.25217488 -0.25217488 -0.25217488
 -0.25217488 -0.25217488 -0.25217488 -0.25217488 -0.25217488 -0.25217488
 -0.25217488 -0.25217488 -0.25217488 -0.25217488 -0.25217488 -0.25217488
 -0.25217488 -0.25217488 -0.25217488 -0.25217488 -0.25217488  6.98489714
 -0.25217488 -0.25217488  1.18563662 -0.25217488 -0.25217488  4.10405071
 -0.25217488 -0.25217488 -0.25217488 -0.25217488 -0.25217488 -0.25217488
 -0.25217488 -0.25217488 -0.25217488 -0.25217488 -0.25217488 -0.25217488
 -0.25217488 -0.25217488 -0.25217488 -0.25217488 -0.25217488 -0.25217488
 -0.25217488 -0.25217488  6.63669126 -0.25217488 -0.25217488  3.73968795
 -0.25217488 -0.25217488  4.34417979 -0.25217488 -0.25217488 -0.25217488
 -0.25217488 -0.25217488 -0.25217488 -0.25217488  4.17690011 -0.25217488
 -0.25217488 -0.25217488 -0.25217488 -0.25217488 -0.25217488 -0.25217488
 -0.25217488 -0.25217488 -0.25217488 -0.25217488 -0.25217488 -0.25217488
 -0.25217488 -0.25217488 -0.25217488 -0.25217488 -0.25217488 -0.25217488
 -0.25217488 -0.25217488 -0.25217488 -0.25217488 -0.25217488 -0.25217488
 -0.25217488 -0.25217488 -0.25217488 -0.25217488 -0.25217488 -0.25217488
 -0.25217488 -0.25217488 -0.25217488 -0.25217488 -0.25217488 -0.25217488
 -0.25217488 -0.25217488 -0.25217488 -0.25217488 -0.25217488 -0.25217488
 -0.25217488 -0.25217488 -0.25217488 -0.25217488 -0.25217488 -0.25217488
 -0.25217488 -0.25217488 -0.25217488 -0.25217488 -0.25217488 -0.25217488
 -0.25217488 -0.25217488 -0.25217488 -0.25217488 -0.25217488 -0.25217488
 -0.25217488 -0.25217488 -0.25217488 -0.25217488 -0.25217488 -0.25217488
 -0.25217488 -0.25217488 -0.25217488 -0.25217488 -0.25217488 -0.25217488
 -0.25217488 -0.25217488 -0.25217488 -0.25217488 -0.25217488 -0.25217488
 -0.25217488 -0.25217488 -0.25217488 -0.25217488 -0.25217488 -0.25217488
  1.58321396 -0.25217488  0.38017982 -0.25217488 -0.25217488  2.49569101
 -0.25217488 -0.25217488 -0.25217488 -0.25217488 -0.25217488 -0.25217488
 -0.25217488 -0.25217488 -0.25217488 -0.25217488 -0.25217488 -0.25217488
 -0.25217488 -0.25217488 -0.25217488 -0.25217488 -0.25217488 -0.25217488
 -0.25217488  3.19806922 -0.25217488  4.3068446   3.17973544 -0.25217488
  1.81968454  0.63183518  3.65424417 -0.25217488 -0.25217488 -0.25217488
 -0.25217488 -0.25217488 -0.25217488  4.47696709 -0.25217488 -0.25217488
 -0.25217488 -0.25217488 -0.25217488  6.74259338  2.87277031 -0.25217488
 -0.25217488  2.40319393 -0.25217488  2.09907264 -0.25217488  0.33123787
 -0.25217488 -0.25217488 -0.25217488  1.80416924  0.94779368 -0.25217488
  1.20386291 -0.25217488  5.59231031 -0.25217488  4.20212256 -0.25217488
 -0.25217488  1.3066319  -0.25217488 -0.25217488  2.49854476 -0.25217488
  1.32595363  0.70957369 -0.25217488 -0.25217488 -0.25217488  2.77467536
 -0.25217488 -0.25217488 -0.25217488 -0.25217488 -0.25217488 -0.25217488
 -0.25217488 -0.25217488 -0.25217488 -0.25217488 -0.25217488 -0.25217488
 -0.25217488 -0.25217488 -0.25217488 -0.25217488  5.19424557 -0.25217488
 -0.25217488 -0.25217488 -0.25217488 -0.25217488 -0.25217488 -0.25217488
 -0.25217488  0.92837629 -0.25217488 -0.25217488 -0.25217488 -0.25217488
 -0.25217488 -0.25217488 -0.25217488 -0.25217488  3.83843435 -0.25217488
 -0.25217488 -0.25217488 -0.25217488 -0.25217488 -0.25217488 -0.25217488
 -0.25217488 -0.25217488 -0.25217488 -0.25217488 -0.25217488 -0.25217488
 -0.25217488 -0.25217488 -0.25217488 -0.25217488 -0.25217488 -0.25217488
 -0.25217488 -0.25217488 -0.25217488 -0.25217488 -0.25217488 -0.25217488
 -0.25217488 -0.25217488 -0.25217488 -0.25217488 -0.25217488 -0.25217488
 -0.25217488 -0.25217488 -0.25217488 -0.25217488 -0.25217488 -0.25217488
 -0.25217488 -0.25217488 -0.25217488 -0.25217488 -0.25217488 -0.25217488
 -0.25217488 -0.25217488 -0.25217488 -0.25217488 -0.25217488 -0.25217488
 -0.25217488 -0.25217488 -0.25217488 -0.25217488 -0.25217488 -0.25217488
 -0.25217488 -0.25217488 -0.25217488 -0.25217488 -0.25217488 -0.25217488
 -0.25217488 -0.25217488 -0.25217488 -0.25217488 -0.25217488 -0.25217488
 -0.25217488 -0.25217488 -0.25217488 -0.25217488 -0.25217488 -0.25217488
 -0.25217488 -0.25217488 -0.25217488 -0.25217488 -0.25217488 -0.25217488
 -0.25217488 -0.25217488 -0.25217488 -0.25217488 -0.25217488 -0.25217488
 -0.25217488 -0.25217488 -0.25217488 -0.25217488 -0.25217488 -0.25217488
 -0.25217488 -0.25217488 -0.25217488 -0.25217488 -0.25217488 -0.25217488
 -0.25217488 -0.25217488 -0.25217488 -0.25217488  3.32746483  5.21033701
 -0.25217488 -0.25217488 -0.25217488 -0.25217488 -0.25217488 -0.25217488
 -0.25217488 -0.25217488 -0.25217488 -0.25217488 -0.25217488 -0.25217488
 -0.25217488 -0.25217488 -0.25217488 -0.25217488 -0.25217488  2.46647695
  2.86405429 -0.25217488 -0.25217488 -0.25217488 -0.25217488 -0.25217488
 -0.25217488 -0.25217488 -0.25217488 -0.25217488 -0.25217488 -0.25217488
 -0.25217488 -0.25217488 -0.25217488 -0.25217488 -0.25217488 -0.25217488
 -0.25217488 -0.25217488 -0.25217488 -0.25217488 -0.25217488 -0.25217488
 -0.25217488 -0.25217488 -0.25217488 -0.25217488 -0.25217488 -0.25217488
 -0.25217488 -0.25217488 -0.25217488 -0.25217488 -0.25217488 -0.25217488
 -0.25217488 -0.25217488 -0.25217488 -0.25217488 -0.25217488 -0.25217488
 -0.25217488  3.42273839 -0.25217488 -0.25217488 -0.25217488 -0.25217488
 -0.25217488 -0.25217488 -0.25217488 -0.25217488 -0.25217488 -0.25217488
 -0.25217488 -0.25217488 -0.25217488 -0.25217488 -0.25217488 -0.25217488
 -0.25217488 -0.25217488 -0.25217488 -0.25217488 -0.25217488 -0.25217488
 -0.25217488 -0.25217488 -0.25217488 -0.25217488 -0.25217488 -0.25217488
 -0.25217488 -0.25217488 -0.25217488 -0.25217488]",[0.003778277923918355]
11,"[-0.23130596 -0.23130596 -0.23130596 -0.23130596 -0.23130596 -0.23130596
 -0.23130596 -0.23130596 -0.23130596 -0.23130596 -0.23130596 -0.23130596
 -0.23130596 -0.23130596 -0.23130596 -0.23130596 -0.23130596 -0.23130596
 -0.23130596 -0.23130596 -0.23130596 -0.23130596 -0.23130596 -0.23130596
 -0.23130596 -0.23130596 -0.23130596 -0.23130596 -0.23130596 -0.23130596
 -0.23130596 -0.23130596 -0.23130596 -0.23130596 -0.23130596 -0.23130596
 -0.23130596 -0.23130596 -0.23130596 -0.23130596 -0.23130596 -0.23130596
 -0.23130596 -0.23130596 -0.23130596 -0.23130596 -0.23130596 -0.23130596
 -0.23130596 -0.23130596 -0.23130596 -0.23130596 -0.23130596 -0.23130596
 -0.23130596 -0.23130596 -0.23130596 -0.23130596 -0.23130596 -0.23130596
 -0.23130596 -0.23130596 -0.23130596 -0.23130596 -0.23130596 -0.23130596
 -0.23130596 -0.23130596 -0.23130596 -0.23130596 -0.23130596 -0.23130596
 -0.23130596 -0.23130596 -0.23130596 -0.23130596 -0.23130596 -0.23130596
 -0.23130596 -0.23130596 -0.23130596 -0.23130596 -0.23130596  6.9979289
 -0.23130596 -0.23130596  0.83859488 -0.23130596 -0.23130596 -0.23130596
 -0.23130596 -0.23130596 -0.23130596 -0.23130596 -0.23130596 -0.23130596
 -0.23130596 -0.23130596 -0.23130596 -0.23130596 -0.23130596 -0.23130596
 -0.23130596 -0.23130596 -0.23130596 -0.23130596  0.35344105 -0.23130596
 -0.23130596 -0.23130596  6.08514312 -0.23130596 -0.23130596 -0.23130596
 -0.23130596 -0.23130596  4.33317915 -0.23130596 -0.23130596 -0.23130596
 -0.23130596 -0.23130596 -0.23130596 -0.23130596 -0.23130596 -0.23130596
 -0.23130596 -0.23130596 -0.23130596 -0.23130596 -0.23130596 -0.23130596
 -0.23130596 -0.23130596 -0.23130596 -0.23130596 -0.23130596 -0.23130596
 -0.23130596 -0.23130596 -0.23130596 -0.23130596 -0.23130596 -0.23130596
 -0.23130596 -0.23130596 -0.23130596 -0.23130596 -0.23130596 -0.23130596
 -0.23130596 -0.23130596 -0.23130596 -0.23130596 -0.23130596 -0.23130596
 -0.23130596 -0.23130596 -0.23130596 -0.23130596 -0.23130596 -0.23130596
 -0.23130596 -0.23130596 -0.23130596 -0.23130596 -0.23130596 -0.23130596
 -0.23130596 -0.23130596 -0.23130596 -0.23130596 -0.23130596 -0.23130596
 -0.23130596 -0.23130596 -0.23130596 -0.23130596 -0.23130596 -0.23130596
 -0.23130596 -0.23130596 -0.23130596 -0.23130596 -0.23130596 -0.23130596
 -0.23130596 -0.23130596 -0.23130596 -0.23130596 -0.23130596 -0.23130596
 -0.23130596 -0.23130596 -0.23130596 -0.23130596 -0.23130596 -0.23130596
 -0.23130596 -0.23130596 -0.23130596 -0.23130596 -0.23130596 -0.23130596
 -0.23130596 -0.23130596 -0.23130596 -0.23130596 -0.23130596 -0.23130596
  1.96130425 -0.23130596  1.33230402 -0.23130596 -0.23130596  3.77961988
 -0.23130596 -0.23130596 -0.23130596 -0.23130596 -0.23130596 -0.23130596
 -0.23130596 -0.23130596 -0.23130596 -0.23130596 -0.23130596 -0.23130596
 -0.23130596 -0.23130596 -0.23130596 -0.23130596 -0.23130596 -0.23130596
 -0.23130596  3.86641299 -0.23130596  3.49166502  3.05514335 -0.23130596
  3.62791779 -0.23130596 -0.23130596 -0.23130596 -0.23130596 -0.23130596
 -0.23130596 -0.23130596 -0.23130596 -0.23130596 -0.23130596 -0.23130596
 -0.23130596 -0.23130596 -0.23130596  5.25126168  4.56617383 -0.23130596
 -0.23130596 -0.23130596  2.68728549  3.92303499 -0.23130596 -0.0317372
 -0.23130596 -0.23130596 -0.23130596 -0.23130596  0.30615998 -0.23130596
  2.20850823 -0.23130596  4.74786326 -0.23130596  2.00893947 -0.23130596
 -0.23130596  1.80707603 -0.23130596 -0.23130596 -0.23130596 -0.23130596
 -0.23130596  1.63119744 -0.23130596 -0.23130596  5.9206734   2.27756689
 -0.23130596 -0.23130596 -0.23130596 -0.23130596 -0.23130596  1.47383346
 -0.23130596 -0.23130596 -0.23130596 -0.23130596 -0.23130596 -0.23130596
 -0.23130596 -0.23130596 -0.23130596 -0.23130596 -0.23130596 -0.23130596
  2.97961424  6.20032711 -0.23130596 -0.23130596 -0.23130596  3.98558449
 -0.23130596 -0.23130596 -0.23130596 -0.23130596 -0.23130596 -0.23130596
 -0.23130596 -0.23130596 -0.23130596 -0.23130596 -0.23130596 -0.23130596
 -0.23130596 -0.23130596 -0.23130596 -0.23130596 -0.23130596 -0.23130596
 -0.23130596 -0.23130596 -0.23130596 -0.23130596 -0.23130596 -0.23130596
 -0.23130596 -0.23130596 -0.23130596 -0.23130596 -0.23130596 -0.23130596
 -0.23130596 -0.23130596 -0.23130596 -0.23130596 -0.23130596 -0.23130596
 -0.23130596 -0.23130596 -0.23130596 -0.23130596 -0.23130596 -0.23130596
 -0.23130596 -0.23130596 -0.23130596 -0.23130596 -0.23130596 -0.23130596
 -0.23130596 -0.23130596 -0.23130596 -0.23130596 -0.23130596 -0.23130596
 -0.23130596 -0.23130596 -0.23130596 -0.23130596 -0.23130596 -0.23130596
 -0.23130596 -0.23130596 -0.23130596 -0.23130596 -0.23130596 -0.23130596
 -0.23130596 -0.23130596 -0.23130596 -0.23130596 -0.23130596 -0.23130596
 -0.23130596 -0.23130596 -0.23130596 -0.23130596 -0.23130596 -0.23130596
 -0.23130596 -0.23130596 -0.23130596 -0.23130596 -0.23130596 -0.23130596
 -0.23130596 -0.23130596 -0.23130596 -0.23130596 -0.23130596 -0.23130596
 -0.23130596 -0.23130596 -0.23130596 -0.23130596 -0.23130596 -0.23130596
 -0.23130596 -0.23130596 -0.23130596 -0.23130596 -0.23130596 -0.23130596
 -0.23130596 -0.23130596 -0.23130596 -0.23130596 -0.23130596 -0.23130596
 -0.23130596 -0.23130596 -0.23130596 -0.23130596  6.41116688 -0.23130596
 -0.23130596 -0.23130596 -0.23130596 -0.23130596 -0.23130596 -0.23130596
 -0.23130596 -0.23130596 -0.23130596 -0.23130596 -0.23130596 -0.23130596
 -0.23130596 -0.23130596 -0.23130596 -0.23130596 -0.23130596 -0.23130596
 -0.23130596 -0.23130596 -0.23130596 -0.23130596 -0.23130596 -0.23130596
 -0.23130596 -0.23130596 -0.23130596 -0.23130596 -0.23130596 -0.23130596
 -0.23130596 -0.23130596 -0.23130596 -0.23130596 -0.23130596 -0.23130596
 -0.23130596 -0.23130596  2.11405674 -0.23130596 -0.23130596 -0.23130596
 -0.23130596 -0.23130596 -0.23130596 -0.23130596 -0.23130596 -0.23130596
 -0.23130596 -0.23130596 -0.23130596 -0.23130596 -0.23130596 -0.23130596
 -0.23130596 -0.23130596 -0.23130596 -0.23130596 -0.23130596  5.27203235
 -0.23130596  5.37132393 -0.23130596 -0.23130596 -0.23130596 -0.23130596
 -0.23130596 -0.23130596 -0.23130596 -0.23130596 -0.23130596 -0.23130596
 -0.23130596 -0.23130596 -0.23130596 -0.23130596 -0.23130596 -0.23130596
 -0.23130596 -0.23130596 -0.23130596 -0.23130596 -0.23130596 -0.23130596
 -0.23130596 -0.23130596 -0.23130596 -0.23130596 -0.23130596 -0.23130596
 -0.23130596 -0.23130596  1.58010094 -0.23130596]",[-0.0035083824911922024]
11,"[-0.26335586 -0.26335586 -0.26335586 -0.26335586 -0.26335586 -0.26335586
 -0.26335586 -0.26335586 -0.26335586 -0.26335586 -0.26335586 -0.26335586
 -0.26335586 -0.26335586 -0.26335586 -0.26335586 -0.26335586 -0.26335586
 -0.26335586 -0.26335586 -0.26335586 -0.26335586 -0.26335586 -0.26335586
 -0.26335586 -0.26335586 -0.26335586 -0.26335586 -0.26335586 -0.26335586
 -0.26335586 -0.26335586 -0.26335586 -0.26335586 -0.26335586 -0.26335586
 -0.26335586 -0.26335586 -0.26335586 -0.26335586 -0.26335586 -0.26335586
 -0.26335586 -0.26335586 -0.26335586 -0.26335586 -0.26335586 -0.26335586
 -0.26335586 -0.26335586 -0.26335586 -0.26335586 -0.26335586 -0.26335586
 -0.26335586 -0.26335586 -0.26335586 -0.26335586 -0.26335586 -0.26335586
 -0.26335586 -0.26335586 -0.26335586 -0.26335586 -0.26335586 -0.26335586
 -0.26335586 -0.26335586 -0.26335586 -0.26335586 -0.26335586 -0.26335586
 -0.26335586 -0.26335586 -0.26335586 -0.26335586 -0.26335586 -0.26335586
 -0.26335586 -0.26335586 -0.26335586 -0.26335586 -0.26335586  6.20914956
 -0.26335586 -0.26335586 -0.26335586 -0.26335586 -0.26335586  3.63846619
 -0.26335586 -0.26335586  1.70132682 -0.26335586 -0.26335586 -0.26335586
 -0.26335586 -0.26335586 -0.26335586 -0.26335586 -0.26335586 -0.26335586
 -0.26335586 -0.26335586 -0.26335586 -0.26335586 -0.26335586 -0.26335586
 -0.26335586 -0.26335586  5.06423813  1.33642509 -0.26335586 -0.26335586
 -0.26335586 -0.26335586  4.74399128 -0.26335586 -0.26335586 -0.26335586
 -0.26335586 -0.26335586 -0.26335586 -0.26335586  3.83533619 -0.26335586
 -0.26335586 -0.26335586 -0.26335586 -0.26335586 -0.26335586 -0.26335586
 -0.26335586 -0.26335586 -0.26335586 -0.26335586 -0.26335586 -0.26335586
 -0.26335586 -0.26335586 -0.26335586 -0.26335586 -0.26335586 -0.26335586
 -0.26335586 -0.26335586 -0.26335586 -0.26335586 -0.26335586 -0.26335586
 -0.26335586 -0.26335586 -0.26335586 -0.26335586 -0.26335586 -0.26335586
 -0.26335586 -0.26335586 -0.26335586 -0.26335586 -0.26335586 -0.26335586
 -0.26335586 -0.26335586 -0.26335586 -0.26335586 -0.26335586 -0.26335586
 -0.26335586 -0.26335586 -0.26335586 -0.26335586 -0.26335586 -0.26335586
 -0.26335586 -0.26335586 -0.26335586 -0.26335586 -0.26335586 -0.26335586
 -0.26335586 -0.26335586 -0.26335586 -0.26335586 -0.26335586 -0.26335586
 -0.26335586 -0.26335586 -0.26335586 -0.26335586 -0.26335586 -0.26335586
 -0.26335586 -0.26335586 -0.26335586 -0.26335586 -0.26335586 -0.26335586
 -0.26335586 -0.26335586 -0.26335586 -0.26335586 -0.26335586 -0.26335586
 -0.26335586 -0.26335586 -0.26335586 -0.26335586 -0.26335586  4.04950019
  3.85019228 -0.26335586  0.95836574 -0.26335586 -0.26335586  0.22117054
 -0.26335586 -0.26335586 -0.26335586 -0.26335586 -0.26335586 -0.26335586
 -0.26335586 -0.26335586 -0.26335586 -0.26335586 -0.26335586 -0.26335586
 -0.26335586 -0.26335586 -0.26335586  1.20469775 -0.26335586 -0.26335586
 -0.26335586  2.31908794 -0.26335586  3.81159941  4.37245475 -0.26335586
  2.79530006  1.28399908 -0.26335586  3.02659205 -0.26335586 -0.26335586
 -0.26335586 -0.26335586 -0.26335586 -0.26335586 -0.26335586  2.64111281
 -0.26335586 -0.26335586 -0.26335586  5.32453123  4.27081361 -0.26335586
 -0.26335586 -0.26335586  3.90002328  3.87679644 -0.26335586  1.41130751
 -0.26335586 -0.26335586 -0.26335586 -0.26335586  1.97701075 -0.26335586
  1.47225279 -0.26335586  5.31546068 -0.26335586  2.92927882 -0.26335586
 -0.26335586  2.10815458 -0.26335586 -0.26335586  3.10768524 -0.26335586
  0.87248546  1.05531507 -0.26335586 -0.26335586  5.58498198  1.70132682
 -0.26335586 -0.26335586 -0.26335586 -0.26335586 -0.26335586 -0.26335586
 -0.26335586 -0.26335586 -0.26335586 -0.26335586 -0.26335586 -0.26335586
 -0.26335586 -0.26335586 -0.26335586 -0.26335586 -0.26335586 -0.26335586
 -0.26335586 -0.26335586 -0.26335586 -0.26335586 -0.26335586  2.2037726
 -0.26335586 -0.26335586 -0.26335586 -0.26335586 -0.26335586 -0.26335586
 -0.26335586 -0.26335586 -0.26335586 -0.26335586 -0.26335586 -0.26335586
 -0.26335586 -0.26335586 -0.26335586 -0.26335586 -0.26335586 -0.26335586
 -0.26335586 -0.26335586 -0.26335586 -0.26335586 -0.26335586 -0.26335586
 -0.26335586 -0.26335586 -0.26335586 -0.26335586 -0.26335586 -0.26335586
 -0.26335586 -0.26335586 -0.26335586 -0.26335586 -0.26335586 -0.26335586
 -0.26335586 -0.26335586 -0.26335586 -0.26335586 -0.26335586 -0.26335586
 -0.26335586 -0.26335586 -0.26335586 -0.26335586 -0.26335586 -0.26335586
 -0.26335586 -0.26335586 -0.26335586 -0.26335586 -0.26335586 -0.26335586
 -0.26335586 -0.26335586 -0.26335586 -0.26335586 -0.26335586 -0.26335586
 -0.26335586 -0.26335586 -0.26335586 -0.26335586 -0.26335586 -0.26335586
 -0.26335586 -0.26335586 -0.26335586 -0.26335586 -0.26335586 -0.26335586
 -0.26335586 -0.26335586 -0.26335586 -0.26335586 -0.26335586 -0.26335586
 -0.26335586 -0.26335586 -0.26335586 -0.26335586 -0.26335586 -0.26335586
 -0.26335586 -0.26335586 -0.26335586 -0.26335586 -0.26335586 -0.26335586
 -0.26335586 -0.26335586 -0.26335586 -0.26335586 -0.26335586 -0.26335586
 -0.26335586 -0.26335586 -0.26335586 -0.26335586 -0.26335586 -0.26335586
 -0.26335586 -0.26335586 -0.26335586 -0.26335586 -0.26335586 -0.26335586
 -0.26335586 -0.26335586 -0.26335586 -0.26335586 -0.26335586  3.42501751
 -0.26335586 -0.26335586 -0.26335586 -0.26335586 -0.26335586 -0.26335586
 -0.26335586 -0.26335586 -0.26335586 -0.26335586 -0.26335586 -0.26335586
 -0.26335586 -0.26335586 -0.26335586 -0.26335586 -0.26335586 -0.26335586
  2.46684031 -0.26335586 -0.26335586 -0.26335586 -0.26335586 -0.26335586
 -0.26335586 -0.26335586 -0.26335586 -0.26335586 -0.26335586 -0.26335586
 -0.26335586 -0.26335586 -0.26335586 -0.26335586 -0.26335586 -0.26335586
 -0.26335586 -0.26335586  2.55023457 -0.26335586 -0.26335586 -0.26335586
  6.66456738 -0.26335586 -0.26335586 -0.26335586 -0.26335586 -0.26335586
 -0.26335586 -0.26335586 -0.26335586 -0.26335586 -0.26335586 -0.26335586
 -0.26335586 -0.26335586 -0.26335586 -0.26335586 -0.26335586 -0.26335586
 -0.26335586  3.10483239 -0.26335586 -0.26335586 -0.26335586 -0.26335586
 -0.26335586 -0.26335586 -0.26335586 -0.26335586 -0.26335586 -0.26335586
 -0.26335586 -0.26335586 -0.26335586 -0.26335586 -0.26335586 -0.26335586
 -0.26335586 -0.26335586 -0.26335586 -0.26335586 -0.26335586 -0.26335586
 -0.26335586 -0.26335586 -0.26335586 -0.26335586 -0.26335586 -0.26335586
 -0.26335586 -0.26335586  3.7617607  -0.26335586]",[-0.013443679804214403]
11,"[-0.24228176 -0.24228176 -0.24228176 -0.24228176 -0.24228176 -0.24228176
 -0.24228176 -0.24228176 -0.24228176 -0.24228176 -0.24228176 -0.24228176
 -0.24228176 -0.24228176 -0.24228176 -0.24228176 -0.24228176 -0.24228176
 -0.24228176 -0.24228176 -0.24228176 -0.24228176 -0.24228176 -0.24228176
 -0.24228176 -0.24228176 -0.24228176  1.05877613 -0.24228176 -0.24228176
 -0.24228176 -0.24228176 -0.24228176 -0.24228176 -0.24228176 -0.24228176
 -0.24228176 -0.24228176 -0.24228176 -0.24228176 -0.24228176 -0.24228176
 -0.24228176 -0.24228176 -0.24228176 -0.24228176  4.07585937 -0.24228176
 -0.24228176 -0.24228176 -0.24228176 -0.24228176 -0.24228176 -0.24228176
 -0.24228176 -0.24228176 -0.24228176 -0.24228176 -0.24228176 -0.24228176
 -0.24228176 -0.24228176 -0.24228176 -0.24228176 -0.24228176 -0.24228176
 -0.24228176 -0.24228176 -0.24228176 -0.24228176 -0.24228176 -0.24228176
 -0.24228176 -0.24228176 -0.24228176 -0.24228176 -0.24228176 -0.24228176
 -0.24228176 -0.24228176 -0.24228176 -0.24228176 -0.24228176  1.18866544
 -0.24228176 -0.24228176 -0.24228176 -0.24228176 -0.24228176 -0.24228176
 -0.24228176 -0.24228176  2.90992194 -0.24228176 -0.24228176 -0.24228176
 -0.24228176 -0.24228176 -0.24228176 -0.24228176 -0.24228176 -0.24228176
 -0.24228176 -0.24228176 -0.24228176 -0.24228176 -0.24228176 -0.24228176
 -0.24228176 -0.24228176  8.06136765 -0.24228176 -0.24228176 -0.24228176
 -0.24228176 -0.24228176 -0.24228176 -0.24228176 -0.24228176 -0.24228176
 -0.24228176 -0.24228176 -0.24228176  1.22045892 -0.24228176 -0.24228176
 -0.24228176 -0.24228176 -0.24228176 -0.24228176 -0.24228176 -0.24228176
 -0.24228176 -0.24228176 -0.24228176 -0.24228176 -0.24228176 -0.24228176
 -0.24228176 -0.24228176 -0.24228176 -0.24228176 -0.24228176 -0.24228176
 -0.24228176 -0.24228176 -0.24228176 -0.24228176 -0.24228176 -0.24228176
 -0.24228176 -0.24228176 -0.24228176 -0.24228176 -0.24228176 -0.24228176
 -0.24228176 -0.24228176 -0.24228176 -0.24228176 -0.24228176 -0.24228176
 -0.24228176 -0.24228176 -0.24228176 -0.24228176 -0.24228176 -0.24228176
 -0.24228176 -0.24228176 -0.24228176 -0.24228176 -0.24228176 -0.24228176
 -0.24228176 -0.24228176 -0.24228176 -0.24228176 -0.24228176 -0.24228176
 -0.24228176 -0.24228176 -0.24228176 -0.24228176 -0.24228176 -0.24228176
 -0.24228176 -0.24228176 -0.24228176 -0.24228176 -0.24228176 -0.24228176
 -0.24228176 -0.24228176 -0.24228176 -0.24228176 -0.24228176 -0.24228176
 -0.24228176 -0.24228176 -0.24228176 -0.24228176 -0.24228176 -0.24228176
 -0.24228176 -0.24228176 -0.24228176 -0.24228176 -0.24228176 -0.24228176
  3.45690476 -0.24228176  0.59500602 -0.24228176 -0.24228176  3.60534655
 -0.24228176 -0.24228176 -0.24228176 -0.24228176 -0.24228176 -0.24228176
 -0.24228176 -0.24228176 -0.24228176 -0.24228176 -0.24228176 -0.24228176
 -0.24228176 -0.24228176 -0.24228176 -0.24228176 -0.24228176 -0.24228176
 -0.24228176  2.71447205 -0.24228176  2.97351455  6.21457651 -0.24228176
  4.93955915  0.62485843 -0.24228176 -0.24228176 -0.24228176 -0.24228176
 -0.24228176 -0.24228176  4.5371783  -0.24228176 -0.24228176 -0.24228176
 -0.24228176 -0.24228176 -0.24228176 -0.24228176 -0.24228176 -0.24228176
 -0.24228176 -0.24228176  4.03402294  4.07585937 -0.24228176  1.53953948
 -0.24228176 -0.24228176 -0.24228176  4.27854316  1.20968277 -0.24228176
 -0.24228176 -0.24228176 -0.24228176 -0.24228176  4.27997348 -0.24228176
 -0.24228176  2.7135883  -0.24228176 -0.24228176  3.4699394  -0.24228176
  4.29783614  2.49013452 -0.24228176 -0.24228176 -0.24228176  5.33237229
 -0.24228176 -0.24228176 -0.24228176 -0.24228176 -0.24228176 -0.24228176
 -0.24228176 -0.24228176 -0.24228176 -0.24228176 -0.24228176 -0.24228176
 -0.24228176 -0.24228176 -0.24228176 -0.24228176 -0.24228176 -0.24228176
 -0.24228176 -0.24228176 -0.24228176 -0.24228176 -0.24228176 -0.24228176
 -0.24228176 -0.24228176 -0.24228176 -0.24228176 -0.24228176 -0.24228176
 -0.24228176 -0.24228176 -0.24228176 -0.24228176 -0.24228176 -0.24228176
 -0.24228176 -0.24228176 -0.24228176 -0.24228176 -0.24228176 -0.24228176
 -0.24228176 -0.24228176 -0.24228176 -0.24228176 -0.24228176 -0.24228176
  4.44376358 -0.24228176 -0.24228176 -0.24228176 -0.24228176 -0.24228176
 -0.24228176 -0.24228176 -0.24228176 -0.24228176 -0.24228176 -0.24228176
 -0.24228176  1.82879166 -0.24228176 -0.24228176 -0.24228176 -0.24228176
 -0.24228176 -0.24228176 -0.24228176 -0.24228176 -0.24228176 -0.24228176
 -0.24228176 -0.24228176 -0.24228176 -0.24228176 -0.24228176 -0.24228176
 -0.24228176 -0.24228176 -0.24228176 -0.24228176 -0.24228176 -0.24228176
 -0.24228176 -0.24228176 -0.24228176 -0.24228176 -0.24228176 -0.24228176
 -0.24228176 -0.24228176 -0.24228176 -0.24228176 -0.24228176 -0.24228176
 -0.24228176 -0.24228176 -0.24228176 -0.24228176 -0.24228176 -0.24228176
 -0.24228176 -0.24228176 -0.24228176 -0.24228176 -0.24228176 -0.24228176
 -0.24228176 -0.24228176 -0.24228176 -0.24228176 -0.24228176 -0.24228176
 -0.24228176 -0.24228176 -0.24228176 -0.24228176 -0.24228176 -0.24228176
 -0.24228176 -0.24228176 -0.24228176  2.83915793 -0.24228176 -0.24228176
 -0.24228176 -0.24228176 -0.24228176 -0.24228176 -0.24228176 -0.24228176
 -0.24228176 -0.24228176 -0.24228176 -0.24228176 -0.24228176 -0.24228176
 -0.24228176 -0.24228176 -0.24228176 -0.24228176 -0.24228176 -0.24228176
 -0.24228176 -0.24228176 -0.24228176 -0.24228176 -0.24228176 -0.24228176
 -0.24228176 -0.24228176 -0.24228176 -0.24228176 -0.24228176 -0.24228176
 -0.24228176 -0.24228176 -0.24228176 -0.24228176 -0.24228176 -0.24228176
 -0.24228176 -0.24228176 -0.24228176 -0.24228176 -0.24228176 -0.24228176
 -0.24228176 -0.24228176 -0.24228176 -0.24228176 -0.24228176 -0.24228176
 -0.24228176 -0.24228176  3.75611067 -0.24228176 -0.24228176 -0.24228176
 -0.24228176 -0.24228176 -0.24228176 -0.24228176 -0.24228176 -0.24228176
 -0.24228176 -0.24228176 -0.24228176 -0.24228176 -0.24228176 -0.24228176
 -0.24228176 -0.24228176 -0.24228176 -0.24228176 -0.24228176 -0.24228176
 -0.24228176  3.63340347 -0.24228176 -0.24228176 -0.24228176  2.57283293
 -0.24228176 -0.24228176 -0.24228176 -0.24228176 -0.24228176  2.04454271
 -0.24228176 -0.24228176 -0.24228176 -0.24228176 -0.24228176 -0.24228176
 -0.24228176  4.29783614 -0.24228176 -0.24228176 -0.24228176 -0.24228176
 -0.24228176 -0.24228176 -0.24228176 -0.24228176 -0.24228176 -0.24228176
 -0.24228176 -0.24228176  6.19225656 -0.24228176]",[0.016936371959835633]
11,"[-0.21178309 -0.21178309 -0.21178309 -0.21178309  0.16677386 -0.21178309
 -0.21178309 -0.21178309 -0.21178309 -0.21178309 -0.21178309 -0.21178309
 -0.21178309 -0.21178309 -0.21178309 -0.21178309 -0.21178309 -0.21178309
 -0.21178309 -0.21178309 -0.21178309 -0.21178309 -0.21178309 -0.21178309
 -0.21178309 -0.21178309 -0.21178309 -0.21178309 -0.21178309  5.22989546
 -0.21178309 -0.21178309 -0.21178309 -0.21178309 -0.21178309 -0.21178309
 -0.21178309 -0.21178309 -0.21178309 -0.21178309 -0.21178309 -0.21178309
 -0.21178309 -0.21178309 -0.21178309 -0.21178309 -0.21178309 -0.21178309
 -0.21178309 -0.21178309 -0.21178309 -0.21178309 -0.21178309 -0.21178309
 -0.21178309  4.59249571 -0.21178309 -0.21178309 -0.21178309 -0.21178309
 -0.21178309 -0.21178309 -0.21178309 -0.21178309 -0.21178309 -0.21178309
 -0.21178309 -0.21178309 -0.21178309 -0.21178309 -0.21178309 -0.21178309
 -0.21178309 -0.21178309 -0.21178309 -0.21178309 -0.21178309 -0.21178309
 -0.21178309 -0.21178309 -0.21178309 -0.21178309 -0.21178309  7.91034802
 -0.21178309 -0.21178309 -0.21178309 -0.21178309 -0.21178309  5.38957488
 -0.21178309 -0.21178309 -0.21178309 -0.21178309 -0.21178309 -0.21178309
 -0.21178309 -0.21178309 -0.21178309 -0.21178309 -0.21178309 -0.21178309
 -0.21178309 -0.21178309 -0.21178309 -0.21178309 -0.21178309 -0.21178309
 -0.21178309 -0.21178309  6.99070133 -0.21178309 -0.21178309 -0.21178309
 -0.21178309 -0.21178309 -0.21178309 -0.21178309 -0.21178309 -0.21178309
 -0.21178309 -0.21178309 -0.21178309 -0.21178309 -0.21178309 -0.21178309
 -0.21178309 -0.21178309 -0.21178309 -0.21178309 -0.21178309 -0.21178309
 -0.21178309 -0.21178309 -0.21178309 -0.21178309 -0.21178309 -0.21178309
 -0.21178309 -0.21178309 -0.21178309 -0.21178309 -0.21178309 -0.21178309
 -0.21178309 -0.21178309 -0.21178309 -0.21178309 -0.21178309 -0.21178309
 -0.21178309 -0.21178309 -0.21178309 -0.21178309 -0.21178309 -0.21178309
 -0.21178309 -0.21178309 -0.21178309 -0.21178309 -0.21178309 -0.21178309
 -0.21178309 -0.21178309 -0.21178309 -0.21178309 -0.21178309 -0.21178309
 -0.21178309 -0.21178309 -0.21178309 -0.21178309 -0.21178309 -0.21178309
 -0.21178309 -0.21178309 -0.21178309 -0.21178309 -0.21178309 -0.21178309
 -0.21178309 -0.21178309 -0.21178309 -0.21178309 -0.21178309 -0.21178309
 -0.21178309 -0.21178309 -0.21178309 -0.21178309 -0.21178309 -0.21178309
 -0.21178309 -0.21178309 -0.21178309 -0.21178309 -0.21178309 -0.21178309
 -0.21178309 -0.21178309 -0.21178309 -0.21178309 -0.21178309 -0.21178309
 -0.21178309 -0.21178309 -0.21178309 -0.21178309 -0.21178309 -0.21178309
  4.39276165 -0.21178309 -0.21178309 -0.21178309 -0.21178309  3.61633832
 -0.21178309 -0.21178309 -0.21178309 -0.21178309 -0.21178309 -0.21178309
 -0.21178309 -0.21178309 -0.21178309 -0.21178309 -0.21178309 -0.21178309
 -0.21178309 -0.21178309 -0.21178309 -0.21178309 -0.21178309 -0.21178309
 -0.21178309  2.86164949 -0.21178309  2.01094745  1.1933686  -0.21178309
  5.50357075 -0.21178309 -0.21178309 -0.21178309 -0.21178309 -0.21178309
 -0.21178309 -0.21178309 -0.21178309 -0.21178309 -0.21178309 -0.21178309
 -0.21178309 -0.21178309 -0.21178309 -0.21178309 -0.21178309 -0.21178309
 -0.21178309 -0.21178309 -0.21178309  4.55400789 -0.21178309  1.81416257
 -0.21178309 -0.21178309 -0.21178309 -0.21178309 -0.21178309 -0.21178309
 -0.21178309 -0.21178309 -0.21178309 -0.21178309  4.56372143 -0.21178309
 -0.21178309 -0.21178309 -0.21178309 -0.21178309 -0.21178309 -0.21178309
 -0.21178309  1.52258238 -0.21178309 -0.21178309 -0.21178309  5.40949977
 -0.21178309 -0.21178309 -0.21178309 -0.21178309 -0.21178309 -0.21178309
 -0.21178309 -0.21178309 -0.21178309 -0.21178309 -0.21178309 -0.21178309
 -0.21178309 -0.21178309 -0.21178309 -0.21178309 -0.21178309 -0.21178309
 -0.21178309 -0.21178309 -0.21178309 -0.21178309 -0.21178309  5.54916041
 -0.21178309  5.35834611 -0.21178309 -0.21178309 -0.21178309 -0.21178309
 -0.21178309 -0.21178309 -0.21178309 -0.21178309 -0.21178309 -0.21178309
 -0.21178309 -0.21178309 -0.21178309 -0.21178309 -0.21178309 -0.21178309
 -0.21178309 -0.21178309 -0.21178309 -0.21178309 -0.21178309 -0.21178309
 -0.21178309 -0.21178309 -0.21178309 -0.21178309 -0.21178309 -0.21178309
 -0.21178309 -0.21178309 -0.21178309 -0.21178309 -0.21178309 -0.21178309
 -0.21178309  2.60409821 -0.21178309 -0.21178309 -0.21178309 -0.21178309
 -0.21178309 -0.21178309 -0.21178309 -0.21178309 -0.21178309 -0.21178309
 -0.21178309 -0.21178309  4.14005195 -0.21178309 -0.21178309 -0.21178309
 -0.21178309 -0.21178309 -0.21178309 -0.21178309 -0.21178309 -0.21178309
 -0.21178309 -0.21178309 -0.21178309 -0.21178309 -0.21178309 -0.21178309
 -0.21178309 -0.21178309 -0.21178309 -0.21178309 -0.21178309 -0.21178309
  2.28931313 -0.21178309 -0.21178309 -0.21178309 -0.21178309 -0.21178309
 -0.21178309 -0.21178309 -0.21178309 -0.21178309 -0.21178309 -0.21178309
 -0.21178309 -0.21178309 -0.21178309 -0.21178309 -0.21178309 -0.21178309
 -0.21178309 -0.21178309 -0.21178309 -0.21178309 -0.21178309 -0.21178309
  2.90868846 -0.21178309 -0.21178309 -0.21178309 -0.21178309 -0.21178309
 -0.21178309 -0.21178309 -0.21178309 -0.21178309 -0.21178309 -0.21178309
 -0.21178309 -0.21178309 -0.21178309 -0.21178309 -0.21178309  6.33983487
 -0.21178309 -0.21178309 -0.21178309 -0.21178309 -0.21178309 -0.21178309
 -0.21178309 -0.21178309 -0.21178309 -0.21178309 -0.21178309 -0.21178309
 -0.21178309 -0.21178309  2.74964537 -0.21178309 -0.21178309 -0.21178309
 -0.21178309 -0.21178309 -0.21178309 -0.21178309 -0.21178309 -0.21178309
 -0.21178309 -0.21178309 -0.21178309 -0.21178309 -0.21178309 -0.21178309
 -0.21178309 -0.21178309 -0.21178309 -0.21178309 -0.21178309 -0.21178309
 -0.21178309 -0.21178309  2.46200237 -0.21178309 -0.21178309 -0.21178309
 -0.21178309 -0.21178309 -0.21178309 -0.21178309 -0.21178309 -0.21178309
 -0.21178309 -0.21178309 -0.21178309 -0.21178309 -0.21178309 -0.21178309
 -0.21178309 -0.21178309 -0.21178309 -0.21178309 -0.21178309 -0.21178309
 -0.21178309 -0.21178309 -0.21178309 -0.21178309 -0.21178309  2.28552337
 -0.21178309 -0.21178309 -0.21178309 -0.21178309 -0.21178309 -0.21178309
 -0.21178309 -0.21178309 -0.21178309 -0.21178309 -0.21178309 -0.21178309
 -0.21178309 -0.21178309 -0.21178309 -0.21178309 -0.21178309 -0.21178309
 -0.21178309 -0.21178309 -0.21178309 -0.21178309 -0.21178309 -0.21178309
 -0.21178309 -0.21178309 -0.21178309 -0.21178309]",[0.02518542044832428]
12,"[-0.12852592 -0.12852592 -0.12852592 -0.12852592 -0.12852592 -0.12852592
 -0.12852592 -0.12852592 -0.12852592 -0.12852592 -0.12852592 -0.12852592
 -0.12852592 -0.12852592 -0.12852592 -0.12852592 -0.12852592 -0.12852592
 -0.12852592 -0.12852592 -0.12852592 -0.12852592 -0.12852592 -0.12852592
 -0.12852592 -0.12852592 -0.12852592 -0.12852592 -0.12852592 -0.12852592
 -0.12852592 -0.12852592 -0.12852592 -0.12852592 -0.12852592 -0.12852592
 -0.12852592 -0.12852592 -0.12852592 -0.12852592 -0.12852592 -0.12852592
 -0.12852592 -0.12852592 -0.12852592 -0.12852592 -0.12852592 -0.12852592
 -0.12852592 -0.12852592 -0.12852592 -0.12852592 -0.12852592 -0.12852592
 -0.12852592 -0.12852592 -0.12852592 -0.12852592 -0.12852592 -0.12852592
 -0.12852592 -0.12852592 -0.12852592 -0.12852592 -0.12852592 -0.12852592
 -0.12852592 -0.12852592 -0.12852592 -0.12852592 -0.12852592 -0.12852592
 -0.12852592 -0.12852592 -0.12852592 -0.12852592 -0.12852592 -0.12852592
 -0.12852592 -0.12852592 -0.12852592 -0.12852592 -0.12852592  6.23930657
 -0.12852592 -0.12852592 -0.12852592 -0.12852592 -0.12852592 -0.12852592
 -0.12852592 -0.12852592 -0.12852592 -0.12852592 -0.12852592 -0.12852592
 -0.12852592 -0.12852592 -0.12852592 -0.12852592 -0.12852592 -0.12852592
 -0.12852592 -0.12852592 -0.12852592 -0.12852592 -0.12852592 -0.12852592
 -0.12852592 -0.12852592 -0.12852592 -0.12852592 -0.12852592 -0.12852592
 -0.12852592 -0.12852592 -0.12852592 -0.12852592 -0.12852592 -0.12852592
 -0.12852592 -0.12852592 -0.12852592 -0.12852592 -0.12852592 -0.12852592
 -0.12852592 -0.12852592 -0.12852592 -0.12852592 -0.12852592 -0.12852592
 -0.12852592 -0.12852592 -0.12852592 -0.12852592 -0.12852592 -0.12852592
 -0.12852592 -0.12852592 -0.12852592 -0.12852592 -0.12852592 -0.12852592
 -0.12852592 -0.12852592 -0.12852592 -0.12852592 -0.12852592 -0.12852592
 -0.12852592 -0.12852592 -0.12852592 -0.12852592 -0.12852592 -0.12852592
 -0.12852592 -0.12852592 -0.12852592 -0.12852592 -0.12852592 -0.12852592
 -0.12852592 -0.12852592 -0.12852592 -0.12852592 -0.12852592 -0.12852592
 -0.12852592 -0.12852592 -0.12852592 -0.12852592 -0.12852592 -0.12852592
 -0.12852592 -0.12852592 -0.12852592 -0.12852592 -0.12852592 -0.12852592
 -0.12852592 -0.12852592 -0.12852592 -0.12852592 -0.12852592 -0.12852592
 -0.12852592 -0.12852592 -0.12852592 -0.12852592 -0.12852592 -0.12852592
 -0.12852592 -0.12852592 -0.12852592 -0.12852592 -0.12852592 -0.12852592
 -0.12852592 -0.12852592  2.12645026 -0.12852592 -0.12852592 -0.12852592
 -0.12852592 -0.12852592 -0.12852592 -0.12852592 -0.12852592 -0.12852592
 -0.12852592 -0.12852592 -0.12852592 -0.12852592 -0.12852592  7.40062286
 -0.12852592 -0.12852592 -0.12852592 -0.12852592 -0.12852592 -0.12852592
 -0.12852592 -0.12852592 -0.12852592 -0.12852592 -0.12852592 -0.12852592
 -0.12852592 -0.12852592 -0.12852592 -0.12852592 -0.12852592 -0.12852592
 -0.12852592  2.6901485  -0.12852592 -0.12852592 -0.12852592 -0.12852592
  0.50475309 -0.12852592 -0.12852592 -0.12852592 -0.12852592 -0.12852592
 -0.12852592 -0.12852592 -0.12852592 -0.12852592 -0.12852592 -0.12852592
 -0.12852592 -0.12852592 -0.12852592 -0.12852592 -0.12852592 -0.12852592
 -0.12852592 -0.12852592 -0.12852592  5.40498447 -0.12852592 -0.12852592
 -0.12852592 -0.12852592 -0.12852592 -0.12852592 -0.12852592 -0.12852592
 -0.12852592 -0.12852592 -0.12852592 -0.12852592 -0.12852592 -0.12852592
 -0.12852592 -0.12852592 -0.12852592 -0.12852592 -0.12852592 -0.12852592
 -0.12852592 -0.12852592 -0.12852592 -0.12852592 -0.12852592  7.94824683
 -0.12852592 -0.12852592 -0.12852592 -0.12852592 -0.12852592 -0.12852592
 -0.12852592 -0.12852592 -0.12852592 -0.12852592 -0.12852592 -0.12852592
 -0.12852592 -0.12852592 -0.12852592 -0.12852592 -0.12852592 -0.12852592
 -0.12852592 -0.12852592 -0.12852592 -0.12852592 -0.12852592  6.04316254
 -0.12852592 -0.12852592 -0.12852592 -0.12852592 -0.12852592 -0.12852592
 -0.12852592 -0.12852592 -0.12852592 -0.12852592 -0.12852592 -0.12852592
 -0.12852592 -0.12852592 -0.12852592 -0.12852592 -0.12852592 -0.12852592
 -0.12852592 -0.12852592 -0.12852592 -0.12852592 -0.12852592 -0.12852592
 -0.12852592 -0.12852592 -0.12852592 -0.12852592 -0.12852592 -0.12852592
 -0.12852592 -0.12852592 -0.12852592 -0.12852592 -0.12852592 -0.12852592
 -0.12852592 -0.12852592 -0.12852592 -0.12852592 -0.12852592 -0.12852592
 -0.12852592 -0.12852592 -0.12852592 -0.12852592 -0.12852592 -0.12852592
 -0.12852592 -0.12852592 -0.12852592 -0.12852592 -0.12852592 -0.12852592
 -0.12852592 -0.12852592 -0.12852592 -0.12852592 -0.12852592 -0.12852592
 -0.12852592 -0.12852592 -0.12852592 -0.12852592 -0.12852592 -0.12852592
 -0.12852592 -0.12852592 -0.12852592 -0.12852592 -0.12852592 -0.12852592
 -0.12852592 -0.12852592 -0.12852592 -0.12852592 -0.12852592 -0.12852592
 -0.12852592 -0.12852592 -0.12852592 -0.12852592 -0.12852592 -0.12852592
 -0.12852592 -0.12852592 -0.12852592 -0.12852592 -0.12852592 -0.12852592
 -0.12852592 -0.12852592 -0.12852592 -0.12852592 -0.12852592 -0.12852592
 -0.12852592 -0.12852592 -0.12852592 -0.12852592 -0.12852592 -0.12852592
 -0.12852592 -0.12852592 -0.12852592 -0.12852592 -0.12852592 -0.12852592
 -0.12852592 -0.12852592 -0.12852592 -0.12852592 -0.12852592 -0.12852592
 -0.12852592 -0.12852592 -0.12852592 -0.12852592 -0.12852592 -0.12852592
 -0.12852592 -0.12852592 -0.12852592 -0.12852592 -0.12852592 -0.12852592
 -0.12852592 -0.12852592 -0.12852592 -0.12852592 -0.12852592 -0.12852592
 -0.12852592 -0.12852592 -0.12852592 -0.12852592 -0.12852592 -0.12852592
 -0.12852592 -0.12852592 -0.12852592 -0.12852592 -0.12852592 -0.12852592
 -0.12852592 -0.12852592 -0.12852592 -0.12852592 -0.12852592 -0.12852592
 -0.12852592 -0.12852592  5.08261778 -0.12852592  8.79973329 -0.12852592
 13.1796675  -0.12852592 -0.12852592 -0.12852592 -0.12852592 -0.12852592
 -0.12852592 -0.12852592 -0.12852592 -0.12852592 -0.12852592 -0.12852592
 -0.12852592 -0.12852592 -0.12852592 -0.12852592 -0.12852592 -0.12852592
 -0.12852592 -0.12852592 -0.12852592 -0.12852592 -0.12852592 -0.12852592
 -0.12852592 -0.12852592 -0.12852592 -0.12852592 -0.12852592 -0.12852592
 -0.12852592 -0.12852592 -0.12852592 -0.12852592 -0.12852592 -0.12852592
 -0.12852592 -0.12852592 -0.12852592 -0.12852592 -0.12852592 -0.12852592
 -0.12852592 -0.12852592 -0.12852592 -0.12852592 -0.12852592 -0.12852592
 -0.12852592 -0.12852592 -0.12852592 -0.12852592]",[-0.02344717590072304]
12,"[-0.23480923 -0.23480923 -0.23480923 -0.23480923 -0.23480923 -0.23480923
 -0.23480923 -0.23480923 -0.23480923 -0.23480923 -0.23480923 -0.23480923
 -0.23480923 -0.23480923 -0.23480923 -0.23480923 -0.23480923 -0.23480923
 -0.23480923 -0.23480923 -0.23480923 -0.23480923 -0.23480923 -0.23480923
 -0.23480923 -0.23480923 -0.23480923 -0.23480923 -0.23480923 -0.23480923
 -0.23480923 -0.23480923 -0.23480923 -0.23480923 -0.23480923 -0.23480923
 -0.23480923 -0.23480923 -0.23480923 -0.23480923 -0.23480923 -0.23480923
 -0.23480923 -0.23480923 -0.23480923 -0.23480923 -0.23480923 -0.23480923
 -0.23480923 -0.23480923 -0.23480923 -0.23480923 -0.23480923 -0.23480923
 -0.23480923 -0.23480923 -0.23480923 -0.23480923 -0.23480923 -0.23480923
 -0.23480923 -0.23480923 -0.23480923 -0.23480923 -0.23480923 -0.23480923
 -0.23480923 -0.23480923 -0.23480923 -0.23480923 -0.23480923 -0.23480923
 -0.23480923 -0.23480923 -0.23480923 -0.23480923 -0.23480923 -0.23480923
 -0.23480923 -0.23480923 -0.23480923 -0.23480923 -0.23480923  8.09572513
 -0.23480923 -0.23480923 -0.23480923 -0.23480923 -0.23480923 -0.23480923
 -0.23480923 -0.23480923  1.40100078 -0.23480923 -0.23480923 -0.23480923
 -0.23480923 -0.23480923 -0.23480923 -0.23480923 -0.23480923 -0.23480923
 -0.23480923 -0.23480923 -0.23480923 -0.23480923 -0.23480923 -0.23480923
 -0.23480923 -0.23480923 -0.23480923 -0.23480923 -0.23480923 -0.23480923
 -0.23480923 -0.23480923 -0.23480923 -0.23480923 -0.23480923 -0.23480923
 -0.23480923 -0.23480923 -0.23480923  3.59092892  3.50873127 -0.23480923
 -0.23480923 -0.23480923 -0.23480923 -0.23480923 -0.23480923 -0.23480923
 -0.23480923 -0.23480923 -0.23480923 -0.23480923 -0.23480923 -0.23480923
 -0.23480923 -0.23480923 -0.23480923 -0.23480923 -0.23480923 -0.23480923
 -0.23480923 -0.23480923 -0.23480923 -0.23480923 -0.23480923 -0.23480923
 -0.23480923 -0.23480923 -0.23480923 -0.23480923 -0.23480923 -0.23480923
 -0.23480923 -0.23480923 -0.23480923 -0.23480923 -0.23480923 -0.23480923
 -0.23480923 -0.23480923 -0.23480923 -0.23480923 -0.23480923 -0.23480923
 -0.23480923 -0.23480923 -0.23480923 -0.23480923 -0.23480923 -0.23480923
 -0.23480923 -0.23480923 -0.23480923 -0.23480923 -0.23480923 -0.23480923
 -0.23480923 -0.23480923 -0.23480923 -0.23480923 -0.23480923 -0.23480923
 -0.23480923 -0.23480923 -0.23480923 -0.23480923 -0.23480923 -0.23480923
 -0.23480923 -0.23480923 -0.23480923 -0.23480923 -0.23480923 -0.23480923
 -0.23480923 -0.23480923  2.65058091 -0.23480923 -0.23480923  1.99009668
 -0.23480923 -0.23480923  3.13895922 -0.23480923 -0.23480923  1.76635372
  2.77944201 -0.23480923 -0.23480923 -0.23480923 -0.23480923  3.17902446
 -0.23480923 -0.23480923 -0.23480923 -0.23480923 -0.23480923 -0.23480923
 -0.23480923 -0.23480923 -0.23480923 -0.23480923 -0.23480923 -0.23480923
 -0.23480923 -0.23480923 -0.23480923 -0.23480923 -0.23480923 -0.23480923
 -0.23480923  3.35855532 -0.23480923  3.92000926  4.63517578 -0.23480923
  5.32632634 -0.23480923 -0.23480923 -0.23480923 -0.23480923 -0.23480923
 -0.23480923 -0.23480923 -0.23480923 -0.23480923 -0.23480923 -0.23480923
 -0.23480923 -0.23480923 -0.23480923 -0.23480923  2.82098326 -0.23480923
 -0.23480923 -0.23480923 -0.23480923  1.97700368 -0.23480923  0.80098644
 -0.23480923 -0.23480923 -0.23480923 -0.23480923 -0.23480923 -0.23480923
 -0.23480923 -0.23480923  0.2736968  -0.23480923  2.17221787 -0.23480923
 -0.23480923 -0.23480923 -0.23480923 -0.23480923  0.25019175 -0.23480923
 -0.23480923  0.2670585  -0.23480923 -0.23480923 -0.23480923  6.39119582
 -0.23480923 -0.23480923 -0.23480923 -0.23480923  2.1210363  -0.23480923
 -0.23480923  7.00493815 -0.23480923 -0.23480923 -0.23480923 -0.23480923
  4.12219926 -0.23480923 -0.23480923 -0.23480923  3.91634211 -0.23480923
  4.34685131 -0.23480923 -0.23480923 -0.23480923 -0.23480923  3.33630961
 -0.23480923 -0.23480923 -0.23480923 -0.23480923 -0.23480923 -0.23480923
 -0.23480923 -0.23480923 -0.23480923 -0.23480923 -0.23480923 -0.23480923
 -0.23480923 -0.23480923 -0.23480923 -0.23480923 -0.23480923 -0.23480923
 -0.23480923 -0.23480923 -0.23480923 -0.23480923 -0.23480923 -0.23480923
 -0.23480923 -0.23480923 -0.23480923 -0.23480923 -0.23480923 -0.23480923
 -0.23480923 -0.23480923 -0.23480923 -0.23480923 -0.23480923 -0.23480923
 -0.23480923 -0.23480923 -0.23480923 -0.23480923 -0.23480923 -0.23480923
 -0.23480923 -0.23480923 -0.23480923 -0.23480923 -0.23480923 -0.23480923
 -0.23480923 -0.23480923 -0.23480923 -0.23480923 -0.23480923 -0.23480923
 -0.23480923 -0.23480923 -0.23480923 -0.23480923 -0.23480923 -0.23480923
 -0.23480923 -0.23480923 -0.23480923 -0.23480923 -0.23480923 -0.23480923
 -0.23480923 -0.23480923 -0.23480923 -0.23480923 -0.23480923 -0.23480923
 -0.23480923 -0.23480923 -0.23480923 -0.23480923 -0.23480923 -0.23480923
 -0.23480923 -0.23480923 -0.23480923 -0.23480923 -0.23480923 -0.23480923
 -0.23480923 -0.23480923 -0.23480923 -0.23480923 -0.23480923 -0.23480923
 -0.23480923 -0.23480923 -0.23480923 -0.23480923 -0.23480923 -0.23480923
 -0.23480923 -0.23480923 -0.23480923 -0.23480923 -0.23480923 -0.23480923
 -0.23480923 -0.23480923 -0.23480923 -0.23480923 -0.23480923 -0.23480923
 -0.23480923 -0.23480923 -0.23480923 -0.23480923 -0.23480923  4.25798961
 -0.23480923 -0.23480923 -0.23480923 -0.23480923 -0.23480923 -0.23480923
 -0.23480923 -0.23480923 -0.23480923 -0.23480923 -0.23480923 -0.23480923
 -0.23480923 -0.23480923 -0.23480923 -0.23480923 -0.23480923 -0.23480923
  3.07343735 -0.23480923 -0.23480923 -0.23480923 -0.23480923 -0.23480923
 -0.23480923 -0.23480923 -0.23480923 -0.23480923 -0.23480923 -0.23480923
 -0.23480923 -0.23480923 -0.23480923 -0.23480923 -0.23480923 -0.23480923
 -0.23480923 -0.23480923  5.00912923 -0.23480923 -0.23480923 -0.23480923
  5.37222056  3.41364125 -0.23480923 -0.23480923 -0.23480923 -0.23480923
 -0.23480923 -0.23480923 -0.23480923 -0.23480923 -0.23480923 -0.23480923
 -0.23480923 -0.23480923 -0.23480923 -0.23480923 -0.23480923 -0.23480923
 -0.23480923  3.8489478  -0.23480923 -0.23480923 -0.23480923 -0.23480923
 -0.23480923 -0.23480923 -0.23480923 -0.23480923 -0.23480923 -0.23480923
 -0.23480923 -0.23480923 -0.23480923 -0.23480923 -0.23480923 -0.23480923
 -0.23480923 -0.23480923 -0.23480923 -0.23480923 -0.23480923 -0.23480923
 -0.23480923 -0.23480923 -0.23480923 -0.23480923 -0.23480923 -0.23480923
 -0.23480923 -0.23480923 -0.23480923 -0.23480923]",[3.069625782296585]
12,"[-0.16564539 -0.16564539 -0.16564539 -0.16564539 -0.16564539 -0.16564539
 -0.16564539 -0.16564539 -0.16564539 -0.16564539 -0.16564539 -0.16564539
 -0.16564539 -0.16564539 -0.16564539 -0.16564539 -0.16564539 -0.16564539
 -0.16564539 -0.16564539 -0.16564539 -0.16564539 -0.16564539 -0.16564539
 -0.16564539 -0.16564539 -0.16564539 -0.16564539 -0.16564539 -0.16564539
 -0.16564539 -0.16564539 -0.16564539 -0.16564539 -0.16564539 -0.16564539
 -0.16564539 -0.16564539 -0.16564539 -0.16564539 -0.16564539 -0.16564539
 -0.16564539 -0.16564539 -0.16564539 -0.16564539 -0.16564539 -0.16564539
 -0.16564539 -0.16564539 -0.16564539 -0.16564539 -0.16564539 -0.16564539
 -0.16564539 -0.16564539 -0.16564539 -0.16564539 -0.16564539 -0.16564539
 -0.16564539 -0.16564539 -0.16564539 -0.16564539 -0.16564539 -0.16564539
 -0.16564539 -0.16564539 -0.16564539 -0.16564539 -0.16564539 -0.16564539
 -0.16564539 -0.16564539 -0.16564539 -0.16564539 -0.16564539 -0.16564539
 -0.16564539 -0.16564539 -0.16564539 -0.16564539 -0.16564539 10.74677577
 -0.16564539 -0.16564539 -0.16564539 -0.16564539 -0.16564539 -0.16564539
 -0.16564539 -0.16564539  2.9081355  -0.16564539 -0.16564539 -0.16564539
 -0.16564539 -0.16564539 -0.16564539 -0.16564539 -0.16564539 -0.16564539
 -0.16564539 -0.16564539 -0.16564539 -0.16564539 -0.16564539 -0.16564539
 -0.16564539 -0.16564539  0.82895594 -0.16564539 -0.16564539 -0.16564539
 -0.16564539 -0.16564539 -0.16564539 -0.16564539 -0.16564539 -0.16564539
 -0.16564539 -0.16564539 -0.16564539 -0.16564539 -0.16564539 -0.16564539
 -0.16564539 -0.16564539 -0.16564539 -0.16564539 -0.16564539 -0.16564539
 -0.16564539 -0.16564539 -0.16564539 -0.16564539 -0.16564539 -0.16564539
 -0.16564539 -0.16564539 -0.16564539 -0.16564539 -0.16564539 -0.16564539
 -0.16564539 -0.16564539 -0.16564539 -0.16564539 -0.16564539 -0.16564539
 -0.16564539 -0.16564539 -0.16564539 -0.16564539 -0.16564539 -0.16564539
 -0.16564539 -0.16564539 -0.16564539 -0.16564539 -0.16564539 -0.16564539
 -0.16564539 -0.16564539 -0.16564539 -0.16564539 -0.16564539 -0.16564539
 -0.16564539 -0.16564539 -0.16564539 -0.16564539 -0.16564539 -0.16564539
 -0.16564539 -0.16564539 -0.16564539 -0.16564539 -0.16564539 -0.16564539
 -0.16564539 -0.16564539 -0.16564539 -0.16564539 -0.16564539 -0.16564539
 -0.16564539 -0.16564539 -0.16564539 -0.16564539 -0.16564539 -0.16564539
 -0.16564539 -0.16564539 -0.16564539 -0.16564539 -0.16564539 -0.16564539
 -0.16564539 -0.16564539 -0.16564539 -0.16564539 -0.16564539  3.2357145
 -0.16564539 -0.16564539 -0.16564539 -0.16564539 -0.16564539 -0.16564539
  4.15909206 -0.16564539 -0.16564539 -0.16564539 -0.16564539  5.79252667
 -0.16564539 -0.16564539 -0.16564539 -0.16564539 -0.16564539 -0.16564539
 -0.16564539 -0.16564539 -0.16564539 -0.16564539 -0.16564539 -0.16564539
 -0.16564539 -0.16564539 -0.16564539 -0.16564539 -0.16564539 -0.16564539
 -0.16564539  4.33431367 -0.16564539  2.57091413  2.13503154 -0.16564539
  5.12420933 -0.16564539 -0.16564539 -0.16564539 -0.16564539 -0.16564539
 -0.16564539 -0.16564539 -0.16564539 -0.16564539 -0.16564539 -0.16564539
 -0.16564539 -0.16564539 -0.16564539 -0.16564539 -0.16564539 -0.16564539
 -0.16564539 -0.16564539  5.92200905  5.61576281 -0.16564539 -0.16564539
 -0.16564539 -0.16564539 -0.16564539 -0.16564539 -0.16564539 -0.16564539
 -0.16564539 -0.16564539 -0.16564539 -0.16564539 -0.16564539 -0.16564539
 -0.16564539 -0.16564539 -0.16564539 -0.16564539 -0.16564539 -0.16564539
 -0.16564539  3.13806634 -0.16564539 -0.16564539 -0.16564539  5.58176308
 -0.16564539 -0.16564539 -0.16564539 -0.16564539 -0.16564539 -0.16564539
 -0.16564539 -0.16564539 -0.16564539 -0.16564539 -0.16564539 -0.16564539
 -0.16564539 -0.16564539 -0.16564539 -0.16564539 -0.16564539 -0.16564539
 -0.16564539 -0.16564539 -0.16564539 -0.16564539 -0.16564539  7.94338462
 -0.16564539 -0.16564539 -0.16564539 -0.16564539 -0.16564539 -0.16564539
 -0.16564539 -0.16564539 -0.16564539 -0.16564539 -0.16564539 -0.16564539
 -0.16564539 -0.16564539 -0.16564539 -0.16564539 -0.16564539 -0.16564539
 -0.16564539 -0.16564539 -0.16564539 -0.16564539 -0.16564539 -0.16564539
 -0.16564539 -0.16564539 -0.16564539 -0.16564539 -0.16564539 -0.16564539
 -0.16564539 -0.16564539 -0.16564539 -0.16564539 -0.16564539 -0.16564539
 -0.16564539 -0.16564539 -0.16564539 -0.16564539 -0.16564539 -0.16564539
 -0.16564539 -0.16564539 -0.16564539 -0.16564539 -0.16564539 -0.16564539
 -0.16564539 -0.16564539 -0.16564539 -0.16564539 -0.16564539 -0.16564539
 -0.16564539 -0.16564539 -0.16564539 -0.16564539 -0.16564539 -0.16564539
 -0.16564539 -0.16564539 -0.16564539 -0.16564539 -0.16564539 -0.16564539
 -0.16564539 -0.16564539 -0.16564539 -0.16564539 -0.16564539 -0.16564539
 -0.16564539 -0.16564539 -0.16564539 -0.16564539 -0.16564539 -0.16564539
 -0.16564539 -0.16564539 -0.16564539 -0.16564539 -0.16564539 -0.16564539
 -0.16564539 -0.16564539 -0.16564539 -0.16564539 -0.16564539 -0.16564539
 -0.16564539 -0.16564539 -0.16564539 -0.16564539 -0.16564539 -0.16564539
 -0.16564539 -0.16564539 -0.16564539 -0.16564539 -0.16564539 -0.16564539
 -0.16564539 -0.16564539 -0.16564539 -0.16564539 -0.16564539 -0.16564539
 -0.16564539 -0.16564539 -0.16564539 -0.16564539 -0.16564539 -0.16564539
 -0.16564539 -0.16564539 -0.16564539 -0.16564539 -0.16564539 -0.16564539
 -0.16564539 -0.16564539 -0.16564539 -0.16564539 -0.16564539 -0.16564539
 -0.16564539 -0.16564539 -0.16564539 -0.16564539 -0.16564539 -0.16564539
 -0.16564539 -0.16564539 -0.16564539 -0.16564539 -0.16564539 -0.16564539
 -0.16564539 -0.16564539 -0.16564539 -0.16564539 -0.16564539 -0.16564539
 -0.16564539 -0.16564539 -0.16564539 -0.16564539 -0.16564539 -0.16564539
 -0.16564539 -0.16564539  5.04442018 -0.16564539  8.23855602 -0.16564539
 -0.16564539 -0.16564539 -0.16564539 -0.16564539 -0.16564539 -0.16564539
 -0.16564539 -0.16564539 -0.16564539 -0.16564539 -0.16564539 -0.16564539
 -0.16564539 -0.16564539 -0.16564539 -0.16564539 -0.16564539 -0.16564539
 -0.16564539 -0.16564539 -0.16564539 -0.16564539 -0.16564539 -0.16564539
 -0.16564539 -0.16564539 -0.16564539 -0.16564539 -0.16564539 -0.16564539
 -0.16564539 -0.16564539 -0.16564539 -0.16564539 -0.16564539 -0.16564539
 -0.16564539 -0.16564539 -0.16564539 -0.16564539 -0.16564539 -0.16564539
 -0.16564539 -0.16564539 -0.16564539 -0.16564539 -0.16564539 -0.16564539
 -0.16564539 -0.16564539 -0.16564539 -0.16564539]",[-0.02199142656103109]
12,"[-0.22857984 -0.22857984 -0.22857984 -0.22857984 -0.11820264 -0.22857984
 -0.22857984 -0.22857984 -0.22857984 -0.22857984 -0.22857984 -0.22857984
 -0.22857984 -0.22857984 -0.22857984 -0.22857984 -0.22857984 -0.22857984
 -0.22857984 -0.22857984 -0.22857984 -0.22857984 -0.22857984 -0.22857984
 -0.22857984 -0.22857984 -0.22857984 -0.22857984 -0.22857984 -0.22857984
 -0.22857984 -0.22857984 -0.22857984 -0.22857984 -0.22857984 -0.22857984
 -0.22857984 -0.22857984 -0.22857984 -0.22857984 -0.22857984 -0.22857984
 -0.22857984 -0.22857984 -0.22857984 -0.22857984 -0.22857984 -0.22857984
 -0.22857984 -0.22857984 -0.22857984 -0.22857984 -0.22857984 -0.22857984
 -0.22857984 -0.22857984 -0.22857984 -0.22857984  0.94079868 -0.22857984
 -0.22857984 -0.22857984 -0.22857984 -0.22857984 -0.22857984 -0.22857984
 -0.22857984 -0.22857984 -0.22857984 -0.22857984 -0.22857984 -0.22857984
 -0.22857984 -0.22857984 -0.22857984 -0.22857984 -0.22857984 -0.22857984
 -0.22857984 -0.22857984 -0.22857984 -0.22857984 -0.22857984  7.71473792
 -0.22857984 -0.22857984 -0.22857984 -0.22857984 -0.22857984 -0.22857984
 -0.22857984 -0.22857984  2.4002322  -0.22857984 -0.22857984 -0.22857984
 -0.22857984 -0.22857984 -0.22857984 -0.22857984 -0.22857984 -0.22857984
 -0.22857984 -0.22857984 -0.22857984 -0.22857984 -0.22857984 -0.22857984
 -0.22857984 -0.22857984  6.51675398 -0.22857984 -0.22857984 -0.22857984
 -0.22857984 -0.22857984  0.43438779 -0.22857984 -0.22857984 -0.22857984
 -0.22857984 -0.22857984 -0.22857984 -0.22857984  5.06086644 -0.22857984
 -0.22857984 -0.22857984 -0.22857984 -0.22857984 -0.22857984 -0.22857984
 -0.22857984 -0.22857984 -0.22857984 -0.22857984 -0.22857984 -0.22857984
 -0.22857984 -0.22857984 -0.22857984 -0.22857984 -0.22857984 -0.22857984
 -0.22857984 -0.22857984 -0.22857984 -0.22857984 -0.22857984 -0.22857984
 -0.22857984 -0.22857984 -0.22857984 -0.22857984 -0.22857984 -0.22857984
 -0.22857984 -0.22857984 -0.22857984 -0.22857984 -0.22857984 -0.22857984
 -0.22857984 -0.22857984 -0.22857984 -0.22857984 -0.22857984 -0.22857984
 -0.22857984 -0.22857984 -0.22857984 -0.22857984 -0.22857984 -0.22857984
 -0.22857984 -0.22857984 -0.22857984 -0.22857984 -0.22857984 -0.22857984
 -0.22857984 -0.22857984 -0.22857984 -0.22857984 -0.22857984 -0.22857984
 -0.22857984 -0.22857984 -0.22857984 -0.22857984 -0.22857984 -0.22857984
 -0.22857984 -0.22857984 -0.22857984 -0.22857984 -0.22857984 -0.22857984
 -0.22857984 -0.22857984 -0.22857984 -0.22857984 -0.22857984 -0.22857984
 -0.22857984 -0.22857984 -0.22857984 -0.22857984 -0.22857984 -0.22857984
  1.82239651 -0.22857984 -0.22857984 -0.22857984 -0.22857984 -0.22857984
 -0.22857984 -0.22857984 -0.22857984 -0.22857984 -0.22857984 -0.22857984
 -0.22857984 -0.22857984 -0.22857984 -0.22857984 -0.22857984 -0.22857984
 -0.22857984 -0.22857984 -0.22857984 -0.22857984 -0.22857984 -0.22857984
 -0.22857984  2.37889418 -0.22857984  4.39467453  3.03845674 -0.22857984
  4.52739984 -0.22857984 -0.22857984 -0.22857984 -0.22857984 -0.22857984
 -0.22857984 -0.22857984 -0.22857984 -0.22857984 -0.22857984 -0.22857984
 -0.22857984 -0.22857984 -0.22857984  4.66275333  3.20471109 -0.22857984
 -0.22857984 -0.22857984 -0.22857984  5.29885574 -0.22857984  0.87142876
 -0.22857984 -0.22857984 -0.22857984  2.4002322   0.32008349 -0.22857984
 -0.22857984 -0.22857984  6.09047181 -0.22857984  4.58677087 -0.22857984
 -0.22857984  2.86790561 -0.22857984 -0.22857984 -0.22857984 -0.22857984
  2.73794134  2.14139883 -0.22857984 -0.22857984 -0.22857984  5.71544688
 -0.22857984 -0.22857984 -0.22857984  2.97683968 -0.22857984 -0.22857984
 -0.22857984 -0.22857984 -0.22857984 -0.22857984 -0.22857984 -0.22857984
 -0.22857984 -0.22857984 -0.22857984 -0.22857984 -0.22857984 -0.22857984
 -0.22857984 -0.22857984 -0.22857984 -0.22857984 -0.22857984  2.59784321
 -0.22857984  2.519876   -0.22857984 -0.22857984 -0.22857984 -0.22857984
 -0.22857984 -0.22857984 -0.22857984 -0.22857984 -0.22857984 -0.22857984
 -0.22857984 -0.22857984 -0.22857984 -0.22857984 -0.22857984 -0.22857984
 -0.22857984 -0.22857984 -0.22857984 -0.22857984 -0.22857984 -0.22857984
 -0.22857984 -0.22857984 -0.22857984 -0.22857984 -0.22857984 -0.22857984
 -0.22857984 -0.22857984 -0.22857984 -0.22857984 -0.22857984 -0.22857984
 -0.22857984 -0.22857984 -0.22857984 -0.22857984 -0.22857984 -0.22857984
 -0.22857984 -0.22857984 -0.22857984 -0.22857984 -0.22857984 -0.22857984
 -0.22857984 -0.22857984 -0.22857984 -0.22857984 -0.22857984 -0.22857984
 -0.22857984 -0.22857984 -0.22857984 -0.22857984 -0.22857984 -0.22857984
 -0.22857984 -0.22857984 -0.22857984 -0.22857984 -0.22857984 -0.22857984
 -0.22857984 -0.22857984 -0.22857984 -0.22857984 -0.22857984 -0.22857984
 -0.22857984 -0.22857984 -0.22857984 -0.22857984 -0.22857984 -0.22857984
 -0.22857984 -0.22857984 -0.22857984 -0.22857984 -0.22857984 -0.22857984
 -0.22857984 -0.22857984 -0.22857984 -0.22857984 -0.22857984 -0.22857984
 -0.22857984 -0.22857984 -0.22857984 -0.22857984 -0.22857984 -0.22857984
 -0.22857984 -0.22857984 -0.22857984 -0.22857984 -0.22857984 -0.22857984
 -0.22857984 -0.22857984 -0.22857984 -0.22857984 -0.22857984 -0.22857984
 -0.22857984 -0.22857984 -0.22857984 -0.22857984  2.00971048  5.5585894
 -0.22857984 -0.22857984 -0.22857984 -0.22857984 -0.22857984 -0.22857984
 -0.22857984 -0.22857984 -0.22857984 -0.22857984 -0.22857984 -0.22857984
 -0.22857984 -0.22857984 -0.22857984 -0.22857984 -0.22857984 -0.22857984
  3.59324336 -0.22857984 -0.22857984 -0.22857984 -0.22857984 -0.22857984
 -0.22857984 -0.22857984 -0.22857984 -0.22857984 -0.22857984 -0.22857984
 -0.22857984 -0.22857984 -0.22857984 -0.22857984 -0.22857984 -0.22857984
 -0.22857984 -0.22857984  5.73003781 -0.22857984 -0.22857984 -0.22857984
 -0.22857984 -0.22857984 -0.22857984 -0.22857984 -0.22857984 -0.22857984
 -0.22857984 -0.22857984 -0.22857984 -0.22857984 -0.22857984 -0.22857984
 -0.22857984 -0.22857984 -0.22857984 -0.22857984 -0.22857984 -0.22857984
 -0.22857984  4.06605916  2.25678498 -0.22857984 -0.22857984 -0.22857984
 -0.22857984 -0.22857984 -0.22857984 -0.22857984 -0.22857984 -0.22857984
 -0.22857984 -0.22857984 -0.22857984 -0.22857984 -0.22857984 -0.22857984
 -0.22857984 -0.22857984 -0.22857984 -0.22857984 -0.22857984 -0.22857984
 -0.22857984 -0.22857984 -0.22857984 -0.22857984 -0.22857984 -0.22857984
 -0.22857984 -0.22857984 -0.22857984 -0.22857984]",[-0.014596021196273012]
12,"[-0.13570017 -0.13570017 -0.13570017 -0.13570017 -0.13570017 -0.13570017
 -0.13570017 -0.13570017 -0.13570017 -0.13570017 -0.13570017 -0.13570017
 -0.13570017 -0.13570017 -0.13570017 -0.13570017 -0.13570017 -0.13570017
 -0.13570017 -0.13570017 -0.13570017 -0.13570017 -0.13570017 -0.13570017
 -0.13570017 -0.13570017 -0.13570017 -0.13570017 -0.13570017 -0.13570017
 -0.13570017 -0.13570017 -0.13570017 -0.13570017 -0.13570017 -0.13570017
 -0.13570017 -0.13570017 -0.13570017 -0.13570017 -0.13570017 -0.13570017
 -0.13570017 -0.13570017 -0.13570017 -0.13570017 -0.13570017 -0.13570017
 -0.13570017 -0.13570017 -0.13570017 -0.13570017 -0.13570017 -0.13570017
 -0.13570017 -0.13570017 -0.13570017 -0.13570017 -0.13570017 -0.13570017
 -0.13570017 -0.13570017 -0.13570017 -0.13570017 -0.13570017 -0.13570017
 -0.13570017 -0.13570017 -0.13570017 -0.13570017 -0.13570017 -0.13570017
 -0.13570017 -0.13570017 -0.13570017 -0.13570017 -0.13570017 -0.13570017
 -0.13570017 -0.13570017 -0.13570017 -0.13570017 -0.13570017 11.65270522
 -0.13570017 -0.13570017 -0.13570017 -0.13570017 -0.13570017 -0.13570017
 -0.13570017 -0.13570017 -0.13570017 -0.13570017 -0.13570017 -0.13570017
 -0.13570017 -0.13570017 -0.13570017 -0.13570017 -0.13570017 -0.13570017
 -0.13570017 -0.13570017 -0.13570017 -0.13570017 -0.13570017 -0.13570017
 -0.13570017 -0.13570017 -0.13570017 -0.13570017 -0.13570017 -0.13570017
 -0.13570017 -0.13570017 -0.13570017 -0.13570017 -0.13570017 -0.13570017
 -0.13570017 -0.13570017 -0.13570017 -0.13570017 -0.13570017 -0.13570017
 -0.13570017 -0.13570017 -0.13570017 -0.13570017 -0.13570017 -0.13570017
 -0.13570017 -0.13570017 -0.13570017 -0.13570017 -0.13570017 -0.13570017
 -0.13570017 -0.13570017 -0.13570017 -0.13570017 -0.13570017 -0.13570017
 -0.13570017 -0.13570017 -0.13570017 -0.13570017 -0.13570017 -0.13570017
 -0.13570017 -0.13570017 -0.13570017 -0.13570017 -0.13570017 -0.13570017
 -0.13570017 -0.13570017 -0.13570017 -0.13570017 -0.13570017 -0.13570017
 -0.13570017 -0.13570017 -0.13570017 -0.13570017 -0.13570017 -0.13570017
 -0.13570017 -0.13570017 -0.13570017 -0.13570017 -0.13570017 -0.13570017
 -0.13570017 -0.13570017 -0.13570017 -0.13570017 -0.13570017 -0.13570017
 -0.13570017 -0.13570017 -0.13570017 -0.13570017 -0.13570017 -0.13570017
 -0.13570017 -0.13570017 -0.13570017 -0.13570017 -0.13570017 -0.13570017
 -0.13570017 -0.13570017 -0.13570017 -0.13570017 -0.13570017 -0.13570017
 -0.13570017 -0.13570017  5.32536093 -0.13570017 -0.13570017  1.70181847
 -0.13570017 -0.13570017 -0.13570017 -0.13570017 -0.13570017 -0.13570017
 -0.13570017 -0.13570017  3.53081221 -0.13570017 -0.13570017  7.28009278
 -0.13570017 -0.13570017 -0.13570017 -0.13570017 -0.13570017 -0.13570017
 -0.13570017 -0.13570017 -0.13570017 -0.13570017 -0.13570017 -0.13570017
 -0.13570017 -0.13570017 -0.13570017 -0.13570017 -0.13570017 -0.13570017
 -0.13570017 -0.13570017 -0.13570017 -0.13570017 -0.13570017 -0.13570017
 -0.13570017 -0.13570017 -0.13570017 -0.13570017 -0.13570017 -0.13570017
 -0.13570017 -0.13570017 -0.13570017 -0.13570017 -0.13570017 -0.13570017
 -0.13570017 -0.13570017 -0.13570017 -0.13570017 -0.13570017 -0.13570017
 -0.13570017 -0.13570017 -0.13570017  6.17510529 -0.13570017 -0.13570017
 -0.13570017 -0.13570017 -0.13570017 -0.13570017 -0.13570017 -0.13570017
 -0.13570017 -0.13570017 -0.13570017 -0.13570017 -0.13570017 -0.13570017
 -0.13570017 -0.13570017 -0.13570017 -0.13570017 -0.13570017 -0.13570017
 -0.13570017  2.61638955 -0.13570017 -0.13570017 -0.13570017 -0.13570017
 -0.13570017 -0.13570017 -0.13570017 -0.13570017 -0.13570017 -0.13570017
 -0.13570017 -0.13570017 -0.13570017 -0.13570017 -0.13570017 -0.13570017
 -0.13570017 -0.13570017 -0.13570017 -0.13570017 -0.13570017 -0.13570017
 -0.13570017 -0.13570017 -0.13570017 -0.13570017 -0.13570017  5.75206157
 -0.13570017 -0.13570017 -0.13570017 -0.13570017 -0.13570017 -0.13570017
 -0.13570017 -0.13570017 -0.13570017 -0.13570017 -0.13570017 -0.13570017
 -0.13570017 -0.13570017 -0.13570017 -0.13570017 -0.13570017 -0.13570017
 -0.13570017 -0.13570017 -0.13570017 -0.13570017 -0.13570017 -0.13570017
 -0.13570017 -0.13570017 -0.13570017 -0.13570017 -0.13570017 -0.13570017
 -0.13570017 -0.13570017 -0.13570017 -0.13570017 -0.13570017 -0.13570017
 -0.13570017 -0.13570017 -0.13570017 -0.13570017 -0.13570017 -0.13570017
 -0.13570017 -0.13570017 -0.13570017 -0.13570017 -0.13570017 -0.13570017
 -0.13570017 -0.13570017 -0.13570017 -0.13570017 -0.13570017 -0.13570017
 -0.13570017 -0.13570017 -0.13570017 -0.13570017 -0.13570017 -0.13570017
 -0.13570017 -0.13570017 -0.13570017 -0.13570017 -0.13570017 -0.13570017
 -0.13570017 -0.13570017 -0.13570017 -0.13570017 -0.13570017 -0.13570017
 -0.13570017 -0.13570017 -0.13570017 -0.13570017 -0.13570017 -0.13570017
 -0.13570017 -0.13570017 -0.13570017 -0.13570017 -0.13570017 -0.13570017
 -0.13570017 -0.13570017 -0.13570017 -0.13570017 -0.13570017 -0.13570017
 -0.13570017 -0.13570017 -0.13570017 -0.13570017 -0.13570017 -0.13570017
 -0.13570017 -0.13570017 -0.13570017 -0.13570017 -0.13570017 -0.13570017
 -0.13570017 -0.13570017 -0.13570017 -0.13570017 -0.13570017 -0.13570017
 -0.13570017 -0.13570017 -0.13570017 -0.13570017 -0.13570017 -0.13570017
 -0.13570017 -0.13570017 -0.13570017 -0.13570017 -0.13570017 -0.13570017
 -0.13570017 -0.13570017 -0.13570017 -0.13570017 -0.13570017 -0.13570017
 -0.13570017 -0.13570017 -0.13570017 -0.13570017 -0.13570017 -0.13570017
 -0.13570017 -0.13570017 -0.13570017 -0.13570017 -0.13570017 -0.13570017
  0.80234064 -0.13570017 -0.13570017 -0.13570017 -0.13570017 -0.13570017
 -0.13570017 -0.13570017 -0.13570017 -0.13570017 -0.13570017 -0.13570017
 -0.13570017 -0.13570017  9.36358642 -0.13570017 -0.13570017 -0.13570017
  8.63014901 -0.13570017 -0.13570017 -0.13570017 -0.13570017 -0.13570017
 -0.13570017 -0.13570017 -0.13570017 -0.13570017 -0.13570017 -0.13570017
 -0.13570017 -0.13570017 -0.13570017 -0.13570017 -0.13570017 -0.13570017
 -0.13570017  6.10526261 -0.13570017 -0.13570017 -0.13570017 -0.13570017
 -0.13570017 -0.13570017 -0.13570017 -0.13570017 -0.13570017 -0.13570017
 -0.13570017 -0.13570017 -0.13570017 -0.13570017 -0.13570017 -0.13570017
 -0.13570017 -0.13570017 -0.13570017 -0.13570017 -0.13570017 -0.13570017
 -0.13570017 -0.13570017 -0.13570017 -0.13570017 -0.13570017 -0.13570017
 -0.13570017 -0.13570017 -0.13570017 -0.13570017]",[-0.0823961083943725]
12,"[-0.2323931  -0.2323931  -0.2323931  -0.2323931  -0.2323931  -0.2323931
 -0.2323931  -0.2323931  -0.2323931  -0.2323931  -0.2323931  -0.2323931
 -0.2323931  -0.2323931  -0.2323931  -0.2323931  -0.2323931  -0.2323931
 -0.2323931  -0.2323931  -0.2323931  -0.2323931  -0.2323931  -0.2323931
 -0.2323931  -0.2323931  -0.2323931  -0.2323931  -0.2323931  -0.2323931
 -0.2323931  -0.2323931  -0.2323931  -0.2323931  -0.2323931  -0.2323931
 -0.2323931  -0.2323931  -0.2323931  -0.2323931  -0.2323931  -0.2323931
 -0.2323931  -0.2323931  -0.2323931  -0.2323931  -0.2323931  -0.2323931
 -0.2323931  -0.2323931  -0.2323931  -0.2323931  -0.2323931  -0.2323931
 -0.2323931  -0.2323931  -0.2323931  -0.2323931  -0.2323931  -0.2323931
 -0.2323931  -0.2323931  -0.2323931  -0.2323931  -0.2323931  -0.2323931
 -0.2323931  -0.2323931  -0.2323931  -0.2323931  -0.2323931  -0.2323931
 -0.2323931  -0.2323931  -0.2323931  -0.2323931  -0.2323931  -0.2323931
 -0.2323931  -0.2323931  -0.2323931  -0.2323931  -0.2323931   7.18021141
 -0.2323931  -0.2323931   1.28710559 -0.2323931  -0.2323931   4.02751928
 -0.2323931  -0.2323931  -0.2323931  -0.2323931  -0.2323931  -0.2323931
 -0.2323931  -0.2323931  -0.2323931  -0.2323931  -0.2323931  -0.2323931
 -0.2323931  -0.2323931  -0.2323931  -0.2323931  -0.2323931  -0.2323931
 -0.2323931  -0.2323931   6.61904405 -0.2323931   4.62903821 -0.2323931
 -0.2323931  -0.2323931   4.96204305 -0.2323931  -0.2323931  -0.2323931
 -0.2323931  -0.2323931  -0.2323931  -0.2323931   3.76587939 -0.2323931
 -0.2323931  -0.2323931  -0.2323931  -0.2323931  -0.2323931  -0.2323931
 -0.2323931  -0.2323931  -0.2323931  -0.2323931  -0.2323931  -0.2323931
 -0.2323931  -0.2323931  -0.2323931  -0.2323931  -0.2323931  -0.2323931
 -0.2323931  -0.2323931  -0.2323931  -0.2323931  -0.2323931  -0.2323931
 -0.2323931  -0.2323931  -0.2323931  -0.2323931  -0.2323931  -0.2323931
 -0.2323931  -0.2323931  -0.2323931  -0.2323931  -0.2323931  -0.2323931
 -0.2323931  -0.2323931  -0.2323931  -0.2323931  -0.2323931  -0.2323931
 -0.2323931  -0.2323931  -0.2323931  -0.2323931  -0.2323931  -0.2323931
 -0.2323931  -0.2323931  -0.2323931  -0.2323931  -0.2323931  -0.2323931
 -0.2323931  -0.2323931  -0.2323931  -0.2323931  -0.2323931  -0.2323931
 -0.2323931  -0.2323931  -0.2323931  -0.2323931  -0.2323931  -0.2323931
 -0.2323931  -0.2323931  -0.2323931  -0.2323931  -0.2323931  -0.2323931
 -0.2323931  -0.2323931  -0.2323931  -0.2323931  -0.2323931  -0.2323931
 -0.2323931  -0.2323931  -0.2323931  -0.2323931  -0.2323931  -0.2323931
  1.06578842 -0.2323931   1.87342654 -0.2323931  -0.2323931  -0.2323931
 -0.2323931  -0.2323931  -0.2323931  -0.2323931  -0.2323931  -0.2323931
 -0.2323931  -0.2323931  -0.2323931  -0.2323931  -0.2323931  -0.2323931
 -0.2323931  -0.2323931  -0.2323931  -0.2323931  -0.2323931  -0.2323931
 -0.2323931   2.80984192 -0.2323931   3.24429405  0.94515764 -0.2323931
  3.34946243  1.30636738  1.45406627  3.64352242 -0.2323931  -0.2323931
 -0.2323931  -0.2323931  -0.2323931  -0.2323931  -0.2323931  -0.2323931
 -0.2323931  -0.2323931  -0.2323931   6.10417256  4.80533029 -0.2323931
 -0.2323931  -0.2323931  -0.2323931   1.62432608 -0.2323931   1.26085327
 -0.2323931  -0.2323931  -0.2323931   2.77096001 -0.2323931  -0.2323931
 -0.2323931  -0.2323931   6.31769071 -0.2323931   2.54080582  2.01858349
 -0.2323931  -0.2323931  -0.2323931  -0.2323931  -0.2323931   2.95113524
  1.20416095 -0.2323931  -0.2323931  -0.2323931   5.26318155  2.66974365
 -0.2323931  -0.2323931  -0.2323931  -0.2323931  -0.2323931  -0.2323931
 -0.2323931  -0.2323931   5.18281147 -0.2323931  -0.2323931  -0.2323931
 -0.2323931  -0.2323931  -0.2323931  -0.2323931  -0.2323931  -0.2323931
 -0.2323931  -0.2323931  -0.2323931  -0.2323931  -0.2323931  -0.2323931
 -0.2323931  -0.2323931  -0.2323931  -0.2323931  -0.2323931  -0.2323931
 -0.2323931  -0.2323931  -0.2323931  -0.2323931  -0.2323931  -0.2323931
 -0.2323931  -0.2323931  -0.2323931  -0.2323931  -0.2323931  -0.2323931
 -0.2323931  -0.2323931  -0.2323931  -0.2323931  -0.2323931  -0.2323931
 -0.2323931  -0.2323931  -0.2323931  -0.2323931  -0.2323931  -0.2323931
 -0.2323931  -0.2323931  -0.2323931  -0.2323931  -0.2323931  -0.2323931
 -0.2323931  -0.2323931  -0.2323931  -0.2323931  -0.2323931  -0.2323931
 -0.2323931  -0.2323931  -0.2323931  -0.2323931  -0.2323931  -0.2323931
 -0.2323931  -0.2323931  -0.2323931  -0.2323931  -0.2323931  -0.2323931
 -0.2323931  -0.2323931  -0.2323931  -0.2323931  -0.2323931  -0.2323931
 -0.2323931  -0.2323931  -0.2323931  -0.2323931  -0.2323931  -0.2323931
 -0.2323931  -0.2323931  -0.2323931  -0.2323931  -0.2323931  -0.2323931
 -0.2323931  -0.2323931  -0.2323931  -0.2323931  -0.2323931  -0.2323931
 -0.2323931  -0.2323931  -0.2323931  -0.2323931  -0.2323931  -0.2323931
 -0.2323931  -0.2323931  -0.2323931  -0.2323931  -0.2323931  -0.2323931
 -0.2323931  -0.2323931  -0.2323931  -0.2323931  -0.2323931  -0.2323931
 -0.2323931  -0.2323931  -0.2323931  -0.2323931  -0.2323931  -0.2323931
 -0.2323931  -0.2323931  -0.2323931  -0.2323931  -0.2323931  -0.2323931
 -0.2323931  -0.2323931  -0.2323931  -0.2323931  -0.2323931   6.16197842
 -0.2323931  -0.2323931  -0.2323931  -0.2323931  -0.2323931  -0.2323931
 -0.2323931  -0.2323931  -0.2323931  -0.2323931  -0.2323931  -0.2323931
 -0.2323931  -0.2323931  -0.2323931  -0.2323931  -0.2323931  -0.2323931
  4.17013008 -0.2323931  -0.2323931  -0.2323931  -0.2323931  -0.2323931
 -0.2323931  -0.2323931  -0.2323931  -0.2323931  -0.2323931  -0.2323931
 -0.2323931  -0.2323931  -0.2323931  -0.2323931  -0.2323931  -0.2323931
 -0.2323931  -0.2323931   2.640715   -0.2323931  -0.2323931  -0.2323931
 -0.2323931   3.32609229 -0.2323931  -0.2323931  -0.2323931  -0.2323931
 -0.2323931  -0.2323931  -0.2323931  -0.2323931  -0.2323931  -0.2323931
 -0.2323931  -0.2323931  -0.2323931  -0.2323931  -0.2323931  -0.2323931
 -0.2323931  -0.2323931  -0.2323931  -0.2323931  -0.2323931  -0.2323931
 -0.2323931  -0.2323931  -0.2323931  -0.2323931  -0.2323931  -0.2323931
 -0.2323931  -0.2323931  -0.2323931  -0.2323931  -0.2323931  -0.2323931
 -0.2323931  -0.2323931  -0.2323931  -0.2323931  -0.2323931  -0.2323931
 -0.2323931  -0.2323931  -0.2323931  -0.2323931  -0.2323931  -0.2323931
 -0.2323931  -0.2323931  -0.2323931  -0.2323931 ]",[-0.008384010038242212]
12,"[-0.22458433 -0.22458433 -0.22458433 -0.22458433 -0.22458433 -0.22458433
 -0.22458433 -0.22458433 -0.22458433 -0.22458433 -0.22458433 -0.22458433
 -0.22458433 -0.22458433 -0.22458433 -0.22458433 -0.22458433 -0.22458433
 -0.22458433 -0.22458433 -0.22458433  1.09661627 -0.22458433 -0.22458433
 -0.22458433 -0.22458433 -0.22458433 -0.22458433 -0.22458433 -0.22458433
 -0.22458433 -0.22458433 -0.22458433 -0.22458433 -0.22458433 -0.22458433
 -0.22458433 -0.22458433 -0.22458433 -0.22458433 -0.22458433 -0.22458433
 -0.22458433 -0.22458433 -0.22458433 -0.22458433 -0.22458433 -0.22458433
 -0.22458433 -0.22458433 -0.22458433 -0.22458433 -0.22458433 -0.22458433
 -0.22458433 -0.22458433 -0.22458433 -0.22458433 -0.22458433 -0.22458433
 -0.22458433 -0.22458433 -0.22458433 -0.22458433 -0.22458433 -0.22458433
 -0.22458433 -0.22458433 -0.22458433 -0.22458433 -0.22458433 -0.22458433
 -0.22458433 -0.22458433 -0.22458433 -0.22458433 -0.22458433 -0.22458433
 -0.22458433 -0.22458433 -0.22458433 -0.22458433 -0.22458433  7.68081306
 -0.22458433 -0.22458433 -0.22458433 -0.22458433 -0.22458433  4.59755263
 -0.22458433 -0.22458433  2.31292869 -0.22458433 -0.22458433 -0.22458433
 -0.22458433 -0.22458433 -0.22458433 -0.22458433 -0.22458433 -0.22458433
 -0.22458433 -0.22458433 -0.22458433 -0.22458433 -0.22458433 -0.22458433
 -0.22458433 -0.22458433  6.24712957 -0.22458433 -0.22458433 -0.22458433
 -0.22458433 -0.22458433 -0.22458433 -0.22458433 -0.22458433 -0.22458433
 -0.22458433 -0.22458433 -0.22458433 -0.22458433  3.87485875 -0.22458433
 -0.22458433 -0.22458433 -0.22458433 -0.22458433 -0.22458433 -0.22458433
 -0.22458433 -0.22458433 -0.22458433 -0.22458433 -0.22458433 -0.22458433
 -0.22458433 -0.22458433 -0.22458433 -0.22458433 -0.22458433 -0.22458433
 -0.22458433 -0.22458433 -0.22458433 -0.22458433 -0.22458433 -0.22458433
 -0.22458433 -0.22458433 -0.22458433 -0.22458433 -0.22458433 -0.22458433
 -0.22458433 -0.22458433 -0.22458433 -0.22458433 -0.22458433 -0.22458433
 -0.22458433 -0.22458433 -0.22458433 -0.22458433 -0.22458433 -0.22458433
 -0.22458433 -0.22458433 -0.22458433 -0.22458433 -0.22458433  0.9041815
 -0.22458433 -0.22458433 -0.22458433 -0.22458433 -0.22458433 -0.22458433
 -0.22458433 -0.22458433 -0.22458433 -0.22458433 -0.22458433 -0.22458433
 -0.22458433 -0.22458433 -0.22458433 -0.22458433 -0.22458433 -0.22458433
 -0.22458433 -0.22458433  2.61993957 -0.22458433 -0.22458433 -0.22458433
 -0.22458433 -0.22458433 -0.22458433 -0.22458433 -0.22458433 -0.22458433
 -0.22458433 -0.22458433 -0.22458433 -0.22458433 -0.22458433 -0.22458433
  2.58075857 -0.22458433 -0.16155017 -0.22458433 -0.22458433  2.36011334
 -0.22458433 -0.22458433 -0.22458433 -0.22458433 -0.22458433 -0.22458433
 -0.22458433 -0.22458433 -0.22458433 -0.22458433 -0.22458433 -0.22458433
 -0.22458433 -0.22458433 -0.22458433 -0.22458433 -0.22458433 -0.22458433
 -0.22458433  4.66621079 -0.22458433  3.90710865  3.08696228 -0.22458433
  4.81967812 -0.22458433 -0.22458433 -0.22458433 -0.22458433 -0.22458433
 -0.22458433 -0.22458433 -0.22458433 -0.22458433 -0.22458433 -0.22458433
 -0.22458433 -0.22458433 -0.22458433  3.83597887 -0.22458433 -0.22458433
 -0.22458433 -0.22458433  2.51859454  2.99163985 -0.22458433  0.06523033
 -0.22458433 -0.22458433 -0.22458433 -0.22458433  0.87806312 -0.22458433
 -0.22458433 -0.22458433  5.41636439 -0.22458433  4.66060376  6.04617051
 -0.22458433 -0.22458433 -0.22458433 -0.22458433 -0.22458433 -0.22458433
 -0.22458433  2.36285952 -0.22458433 -0.22458433 -0.22458433  4.98069483
 -0.22458433 -0.22458433 -0.22458433 -0.22458433 -0.22458433 -0.22458433
 -0.22458433 -0.22458433 -0.22458433 -0.22458433 -0.22458433 -0.22458433
 -0.22458433 -0.22458433 -0.22458433 -0.22458433 -0.22458433 -0.22458433
 -0.22458433 -0.22458433 -0.22458433 -0.22458433 -0.22458433  4.41720209
 -0.22458433 -0.22458433 -0.22458433 -0.22458433 -0.22458433 -0.22458433
 -0.22458433 -0.22458433 -0.22458433 -0.22458433 -0.22458433 -0.22458433
 -0.22458433 -0.22458433 -0.22458433 -0.22458433 -0.22458433 -0.22458433
 -0.22458433 -0.22458433 -0.22458433 -0.22458433 -0.22458433 -0.22458433
 -0.22458433 -0.22458433 -0.22458433 -0.22458433 -0.22458433 -0.22458433
 -0.22458433 -0.22458433 -0.22458433 -0.22458433 -0.22458433 -0.22458433
 -0.22458433 -0.22458433 -0.22458433 -0.22458433 -0.22458433 -0.22458433
 -0.22458433 -0.22458433 -0.22458433 -0.22458433 -0.22458433 -0.22458433
 -0.22458433 -0.22458433 -0.22458433 -0.22458433 -0.22458433 -0.22458433
 -0.22458433 -0.22458433 -0.22458433 -0.22458433 -0.22458433 -0.22458433
 -0.22458433 -0.22458433 -0.22458433 -0.22458433 -0.22458433 -0.22458433
 -0.22458433 -0.22458433 -0.22458433 -0.22458433 -0.22458433 -0.22458433
 -0.22458433 -0.22458433 -0.22458433 -0.22458433 -0.22458433 -0.22458433
 -0.22458433 -0.22458433 -0.22458433 -0.22458433 -0.22458433 -0.22458433
 -0.22458433 -0.22458433 -0.22458433 -0.22458433 -0.22458433 -0.22458433
 -0.22458433 -0.22458433 -0.22458433 -0.22458433 -0.22458433 -0.22458433
 -0.22458433 -0.22458433 -0.22458433 -0.22458433 -0.22458433 -0.22458433
 -0.22458433 -0.22458433 -0.22458433 -0.22458433 -0.22458433 -0.22458433
 -0.22458433 -0.22458433 -0.22458433 -0.22458433  6.55666147 -0.22458433
 -0.22458433 -0.22458433 -0.22458433 -0.22458433 -0.22458433 -0.22458433
 -0.22458433 -0.22458433 -0.22458433 -0.22458433 -0.22458433 -0.22458433
 -0.22458433 -0.22458433 -0.22458433 -0.22458433 -0.22458433 -0.22458433
  4.29609053 -0.22458433 -0.22458433 -0.22458433 -0.22458433 -0.22458433
 -0.22458433 -0.22458433 -0.22458433 -0.22458433 -0.22458433 -0.22458433
 -0.22458433 -0.22458433 -0.22458433 -0.22458433 -0.22458433 -0.22458433
 -0.22458433 -0.22458433  2.8695105  -0.22458433 -0.22458433 -0.22458433
  3.73490696 -0.22458433 -0.22458433 -0.22458433 -0.22458433 -0.22458433
 -0.22458433 -0.22458433 -0.22458433 -0.22458433 -0.22458433 -0.22458433
 -0.22458433 -0.22458433 -0.22458433 -0.22458433 -0.22458433 -0.22458433
 -0.22458433  3.597866   -0.22458433 -0.22458433 -0.22458433 -0.22458433
 -0.22458433 -0.22458433 -0.22458433 -0.22458433 -0.22458433 -0.22458433
 -0.22458433 -0.22458433 -0.22458433 -0.22458433 -0.22458433 -0.22458433
 -0.22458433 -0.22458433 -0.22458433 -0.22458433 -0.22458433 -0.22458433
 -0.22458433 -0.22458433 -0.22458433 -0.22458433 -0.22458433 -0.22458433
 -0.22458433 -0.22458433 -0.22458433 -0.22458433]",[-0.005277432779953045]
12,"[-0.25799143 -0.25799143 -0.25799143 -0.25799143 -0.25799143 -0.25799143
 -0.25799143 -0.25799143 -0.25799143 -0.25799143 -0.25799143 -0.25799143
 -0.25799143 -0.25799143 -0.25799143 -0.25799143 -0.25799143 -0.25799143
 -0.25799143 -0.25799143 -0.25799143 -0.25799143 -0.25799143 -0.25799143
 -0.25799143 -0.25799143 -0.25799143 -0.25799143 -0.25799143 -0.25799143
 -0.25799143 -0.25799143 -0.25799143 -0.25799143 -0.25799143 -0.25799143
 -0.25799143 -0.25799143 -0.25799143 -0.25799143 -0.25799143 -0.25799143
 -0.25799143 -0.25799143 -0.25799143 -0.25799143 -0.25799143 -0.25799143
 -0.25799143 -0.25799143 -0.25799143 -0.25799143 -0.25799143 -0.25799143
 -0.25799143 -0.25799143 -0.25799143 -0.25799143  1.23253125 -0.25799143
 -0.25799143 -0.25799143 -0.25799143 -0.25799143 -0.25799143 -0.25799143
 -0.25799143 -0.25799143 -0.25799143 -0.25799143 -0.25799143 -0.25799143
 -0.25799143 -0.25799143 -0.25799143 -0.25799143 -0.25799143 -0.25799143
 -0.25799143 -0.25799143 -0.25799143 -0.25799143 -0.25799143  7.13963402
 -0.25799143 -0.25799143 -0.25799143 -0.25799143 -0.25799143 -0.25799143
 -0.25799143 -0.25799143  1.74394068 -0.25799143 -0.25799143 -0.25799143
 -0.25799143 -0.25799143 -0.25799143 -0.25799143 -0.25799143 -0.25799143
 -0.25799143 -0.25799143 -0.25799143 -0.25799143  0.82350823 -0.25799143
 -0.25799143 -0.25799143  5.86037557 -0.25799143 -0.25799143 -0.25799143
  1.67520174 -0.25799143 -0.25799143 -0.25799143 -0.25799143 -0.25799143
 -0.25799143 -0.25799143 -0.25799143 -0.25799143 -0.25799143 -0.25799143
 -0.25799143 -0.25799143 -0.25799143 -0.25799143 -0.25799143 -0.25799143
 -0.25799143 -0.25799143 -0.25799143 -0.25799143 -0.25799143 -0.25799143
 -0.25799143 -0.25799143 -0.25799143 -0.25799143 -0.25799143 -0.25799143
 -0.25799143 -0.25799143 -0.25799143 -0.25799143 -0.25799143 -0.25799143
 -0.25799143 -0.25799143 -0.25799143 -0.25799143 -0.25799143 -0.25799143
 -0.25799143 -0.25799143 -0.25799143 -0.25799143 -0.25799143 -0.25799143
 -0.25799143  0.04537277 -0.25799143 -0.25799143 -0.25799143 -0.25799143
 -0.25799143 -0.25799143 -0.25799143 -0.25799143 -0.25799143 -0.25799143
 -0.25799143 -0.25799143 -0.25799143 -0.25799143 -0.25799143 -0.25799143
 -0.25799143 -0.25799143 -0.25799143 -0.25799143 -0.25799143 -0.25799143
 -0.25799143 -0.25799143 -0.25799143 -0.25799143 -0.25799143 -0.25799143
 -0.25799143 -0.25799143 -0.25799143 -0.25799143 -0.25799143 -0.25799143
 -0.25799143 -0.25799143  1.08901211 -0.25799143 -0.25799143 -0.25799143
 -0.25799143 -0.25799143 -0.25799143 -0.25799143 -0.25799143 -0.25799143
  2.98897981 -0.25799143 -0.16654047 -0.25799143 -0.25799143 -0.25799143
 -0.25799143 -0.25799143 -0.25799143 -0.25799143 -0.25799143 -0.25799143
 -0.25799143 -0.25799143 -0.25799143 -0.25799143 -0.25799143 -0.25799143
 -0.25799143 -0.25799143 -0.25799143 -0.25799143 -0.25799143 -0.25799143
 -0.25799143  1.87494832 -0.25799143  4.01374641  4.41645378 -0.25799143
  3.44226925 -0.25799143 -0.25799143 -0.25799143 -0.25799143 -0.25799143
 -0.25799143 -0.25799143 -0.25799143 -0.25799143 -0.25799143 -0.25799143
 -0.25799143 -0.25799143 -0.25799143 -0.25799143  1.33002374 -0.25799143
 -0.25799143 -0.25799143 -0.25799143  3.73013651 -0.25799143  0.11013085
 -0.25799143 -0.25799143 -0.25799143 -0.25799143 -0.25799143 -0.25799143
  1.00770912 -0.25799143  6.16803289 -0.25799143  1.9991044  -0.25799143
 -0.25799143  1.23504127 -0.25799143 -0.25799143  3.71896157 -0.25799143
  2.14212134  3.23824939 -0.25799143 -0.25799143 -0.25799143  4.5930322
  2.03031496 -0.25799143 -0.25799143 -0.25799143 -0.25799143  0.66028456
 -0.25799143 -0.25799143  3.87515933 -0.25799143 -0.25799143 -0.25799143
 -0.25799143 -0.25799143 -0.25799143 -0.25799143 -0.25799143 -0.25799143
 -0.25799143 -0.25799143 -0.25799143 -0.25799143 -0.25799143  0.9155002
 -0.25799143 -0.25799143 -0.25799143 -0.25799143 -0.25799143 -0.25799143
 -0.25799143 -0.25799143 -0.25799143 -0.25799143 -0.25799143 -0.25799143
 -0.25799143 -0.25799143 -0.25799143 -0.25799143 -0.25799143 -0.25799143
 -0.25799143 -0.25799143 -0.25799143 -0.25799143 -0.25799143 -0.25799143
  2.7855107  -0.25799143 -0.25799143 -0.25799143 -0.25799143 -0.25799143
 -0.25799143 -0.25799143 -0.25799143 -0.25799143  2.19932107 -0.25799143
 -0.25799143 -0.25799143 -0.25799143 -0.25799143 -0.25799143 -0.25799143
  4.419939   -0.25799143  1.86723471 -0.25799143 -0.25799143 -0.25799143
 -0.25799143 -0.25799143 -0.25799143 -0.25799143 -0.25799143 -0.25799143
 -0.25799143 -0.25799143 -0.25799143 -0.25799143 -0.25799143 -0.25799143
 -0.25799143 -0.25799143 -0.25799143 -0.25799143 -0.25799143 -0.25799143
 -0.25799143 -0.25799143 -0.25799143  2.1272254  -0.25799143 -0.25799143
 -0.25799143 -0.25799143 -0.25799143 -0.25799143 -0.25799143 -0.25799143
 -0.25799143 -0.25799143 -0.25799143 -0.25799143 -0.25799143 -0.25799143
 -0.25799143 -0.25799143 -0.25799143 -0.25799143 -0.25799143  5.68946562
 -0.25799143 -0.25799143 -0.25799143 -0.25799143 -0.25799143 -0.25799143
  4.85716839 -0.25799143 -0.25799143  3.32531696 -0.25799143 -0.25799143
  4.06283814 -0.25799143 -0.25799143 -0.25799143 -0.25799143 -0.25799143
 -0.25799143 -0.25799143 -0.25799143 -0.25799143 -0.25799143  4.83149061
 -0.25799143 -0.25799143 -0.25799143 -0.25799143 -0.25799143 -0.25799143
 -0.25799143 -0.25799143 -0.25799143 -0.25799143 -0.25799143 -0.25799143
 -0.25799143 -0.25799143 -0.25799143 -0.25799143 -0.25799143 -0.25799143
 -0.25799143 -0.25799143 -0.25799143 -0.25799143 -0.25799143 -0.25799143
 -0.25799143 -0.25799143 -0.25799143 -0.25799143 -0.25799143 -0.25799143
 -0.25799143 -0.25799143 -0.25799143 -0.25799143 -0.25799143 -0.25799143
 -0.25799143 -0.25799143 -0.25799143 -0.25799143 -0.25799143 -0.25799143
 -0.25799143 -0.25799143 -0.25799143 -0.25799143 -0.25799143 -0.25799143
 -0.25799143 -0.25799143 -0.25799143 -0.25799143 -0.25799143 -0.25799143
 -0.25799143 -0.25799143 -0.25799143 -0.25799143 -0.25799143 -0.25799143
 -0.25799143  4.94353908 -0.25799143 -0.25799143 -0.25799143 -0.25799143
 -0.25799143 -0.25799143 -0.25799143 -0.25799143 -0.25799143  1.41784683
 -0.25799143 -0.25799143 -0.25799143  4.39703622 -0.25799143 -0.25799143
 -0.25799143 -0.25799143 -0.25799143 -0.25799143 -0.25799143 -0.25799143
 -0.25799143 -0.25799143 -0.25799143 -0.25799143 -0.25799143 -0.25799143
 -0.25799143 -0.25799143  3.20474561 -0.25799143]",[0.042536943064351046]
12,"[-0.24002702 -0.24002702 -0.24002702 -0.24002702 -0.24002702 -0.24002702
 -0.24002702 -0.24002702 -0.24002702 -0.24002702 -0.24002702 -0.24002702
 -0.24002702 -0.24002702 -0.24002702 -0.24002702 -0.24002702 -0.24002702
 -0.24002702 -0.24002702 -0.24002702 -0.24002702 -0.24002702 -0.24002702
 -0.24002702 -0.24002702 -0.24002702  0.14007044 -0.24002702 -0.24002702
 -0.24002702 -0.24002702 -0.24002702 -0.24002702 -0.24002702 -0.24002702
 -0.24002702 -0.24002702 -0.24002702 -0.24002702 -0.24002702 -0.24002702
 -0.24002702 -0.24002702 -0.24002702 -0.24002702 -0.24002702 -0.24002702
 -0.24002702 -0.24002702 -0.24002702 -0.24002702 -0.24002702 -0.24002702
 -0.24002702 -0.24002702 -0.24002702 -0.24002702 -0.24002702 -0.24002702
 -0.24002702 -0.24002702 -0.24002702 -0.24002702 -0.24002702 -0.24002702
 -0.24002702 -0.24002702 -0.24002702 -0.24002702 -0.24002702 -0.24002702
 -0.24002702 -0.24002702 -0.24002702 -0.24002702 -0.24002702 -0.24002702
 -0.24002702 -0.24002702 -0.24002702 -0.24002702 -0.24002702  8.06204402
 -0.24002702 -0.24002702 -0.24002702 -0.24002702 -0.24002702  4.6995983
 -0.24002702 -0.24002702  2.82415409 -0.24002702 -0.24002702 -0.24002702
 -0.24002702 -0.24002702 -0.24002702 -0.24002702 -0.24002702 -0.24002702
 -0.24002702 -0.24002702 -0.24002702 -0.24002702 -0.24002702 -0.24002702
 -0.24002702 -0.24002702  5.06348948  0.24591957 -0.24002702 -0.24002702
 -0.24002702 -0.24002702 -0.24002702 -0.24002702 -0.24002702 -0.24002702
 -0.24002702 -0.24002702 -0.24002702  0.15674205 -0.24002702 -0.24002702
 -0.24002702 -0.24002702 -0.24002702 -0.24002702 -0.24002702 -0.24002702
 -0.24002702 -0.24002702 -0.24002702 -0.24002702 -0.24002702 -0.24002702
 -0.24002702 -0.24002702 -0.24002702 -0.24002702 -0.24002702 -0.24002702
 -0.24002702 -0.24002702 -0.24002702 -0.24002702 -0.24002702 -0.24002702
 -0.24002702 -0.24002702 -0.24002702 -0.24002702 -0.24002702 -0.24002702
 -0.24002702 -0.24002702 -0.24002702 -0.24002702 -0.24002702 -0.24002702
 -0.24002702 -0.24002702 -0.24002702 -0.24002702 -0.24002702 -0.24002702
 -0.24002702 -0.24002702 -0.24002702 -0.24002702 -0.24002702  1.4051011
 -0.24002702 -0.24002702 -0.24002702 -0.24002702 -0.24002702 -0.24002702
 -0.24002702 -0.24002702 -0.24002702 -0.24002702 -0.24002702 -0.24002702
 -0.24002702 -0.24002702 -0.24002702 -0.24002702 -0.24002702 -0.24002702
 -0.24002702 -0.24002702  3.32388314 -0.24002702 -0.24002702 -0.24002702
 -0.24002702 -0.24002702 -0.24002702 -0.24002702 -0.24002702  1.06379497
 -0.24002702 -0.24002702 -0.24002702 -0.24002702 -0.24002702  4.00745378
  5.2224394  -0.24002702  1.2548379  -0.24002702  1.0503072   3.12523915
 -0.24002702 -0.24002702 -0.24002702 -0.24002702 -0.24002702 -0.24002702
 -0.24002702 -0.24002702 -0.24002702 -0.24002702 -0.24002702 -0.24002702
 -0.24002702 -0.24002702 -0.24002702 -0.24002702 -0.24002702 -0.24002702
 -0.24002702  3.65146916 -0.24002702  2.65285174  3.38377694 -0.24002702
  4.62232652  3.42541086 -0.24002702 -0.24002702 -0.24002702 -0.24002702
 -0.24002702 -0.24002702 -0.24002702 -0.24002702 -0.24002702 -0.24002702
 -0.24002702 -0.24002702 -0.24002702 -0.24002702  3.650422   -0.24002702
 -0.24002702 -0.24002702  2.55534232  3.34262182 -0.24002702 -0.145531
 -0.24002702 -0.24002702 -0.24002702 -0.24002702  2.44391321 -0.24002702
 -0.24002702 -0.24002702  5.791438   -0.24002702  3.60266021 -0.24002702
 -0.24002702 -0.24002702 -0.24002702  1.19889869 -0.24002702 -0.24002702
 -0.24002702  3.28192109 -0.24002702 -0.24002702 -0.24002702  5.25504541
 -0.24002702 -0.24002702 -0.24002702 -0.24002702 -0.24002702 -0.24002702
 -0.24002702 -0.24002702 -0.24002702 -0.24002702 -0.24002702 -0.24002702
 -0.24002702 -0.24002702 -0.24002702 -0.24002702 -0.24002702 -0.24002702
  1.72490359 -0.24002702 -0.24002702 -0.24002702 -0.24002702  5.27048807
 -0.24002702 -0.24002702 -0.24002702 -0.24002702 -0.24002702 -0.24002702
 -0.24002702 -0.24002702 -0.24002702 -0.24002702 -0.24002702 -0.24002702
 -0.24002702 -0.24002702 -0.24002702 -0.24002702 -0.24002702 -0.24002702
 -0.24002702 -0.24002702 -0.24002702 -0.24002702 -0.24002702 -0.24002702
 -0.24002702 -0.24002702 -0.24002702 -0.24002702 -0.24002702 -0.24002702
 -0.24002702 -0.24002702 -0.24002702 -0.24002702 -0.24002702 -0.24002702
 -0.24002702 -0.24002702 -0.24002702 -0.24002702 -0.24002702 -0.24002702
 -0.24002702 -0.24002702 -0.24002702 -0.24002702 -0.24002702 -0.24002702
 -0.24002702 -0.24002702 -0.24002702 -0.24002702 -0.24002702 -0.24002702
 -0.24002702 -0.24002702 -0.24002702 -0.24002702 -0.24002702 -0.24002702
 -0.24002702 -0.24002702 -0.24002702 -0.24002702 -0.24002702 -0.24002702
 -0.24002702 -0.24002702 -0.24002702 -0.24002702 -0.24002702 -0.24002702
 -0.24002702 -0.24002702 -0.24002702 -0.24002702 -0.24002702 -0.24002702
 -0.24002702 -0.24002702 -0.24002702 -0.24002702 -0.24002702 -0.24002702
 -0.24002702 -0.24002702 -0.24002702 -0.24002702 -0.24002702 -0.24002702
 -0.24002702 -0.24002702 -0.24002702 -0.24002702 -0.24002702 -0.24002702
 -0.24002702 -0.24002702 -0.24002702 -0.24002702 -0.24002702 -0.24002702
 -0.24002702 -0.24002702 -0.24002702 -0.24002702 -0.24002702 -0.24002702
 -0.24002702 -0.24002702 -0.24002702 -0.24002702 -0.24002702  3.52179758
 -0.24002702 -0.24002702 -0.24002702 -0.24002702 -0.24002702 -0.24002702
 -0.24002702 -0.24002702 -0.24002702 -0.24002702 -0.24002702 -0.24002702
 -0.24002702 -0.24002702 -0.24002702 -0.24002702 -0.24002702 -0.24002702
 -0.24002702 -0.24002702 -0.24002702 -0.24002702 -0.24002702 -0.24002702
  0.71127476 -0.24002702 -0.24002702 -0.24002702 -0.24002702 -0.24002702
 -0.24002702 -0.24002702 -0.24002702 -0.24002702 -0.24002702 -0.24002702
 -0.24002702 -0.24002702  4.05467429 -0.24002702 -0.24002702 -0.24002702
  5.35071166 -0.24002702 -0.24002702 -0.24002702 -0.24002702 -0.24002702
 -0.24002702 -0.24002702 -0.24002702 -0.24002702 -0.24002702 -0.24002702
 -0.24002702 -0.24002702 -0.24002702 -0.24002702 -0.24002702 -0.24002702
 -0.24002702  4.94156038 -0.24002702 -0.24002702 -0.24002702 -0.24002702
 -0.24002702 -0.24002702 -0.24002702 -0.24002702 -0.24002702 -0.24002702
 -0.24002702 -0.24002702 -0.24002702 -0.24002702 -0.24002702 -0.24002702
 -0.24002702 -0.24002702 -0.24002702 -0.24002702 -0.24002702 -0.24002702
 -0.24002702 -0.24002702 -0.24002702 -0.24002702 -0.24002702 -0.24002702
 -0.24002702 -0.24002702 -0.24002702 -0.24002702]",[0.042742610051896696]
12,"[-0.27546077 -0.27546077 -0.27546077 -0.27546077 -0.27546077 -0.27546077
 -0.27546077 -0.27546077 -0.27546077 -0.27546077 -0.27546077 -0.27546077
 -0.27546077 -0.27546077 -0.27546077 -0.27546077 -0.27546077 -0.27546077
 -0.27546077 -0.27546077 -0.27546077 -0.27546077 -0.27546077 -0.27546077
 -0.27546077 -0.27546077 -0.27546077  0.52639203 -0.27546077  4.16042274
 -0.27546077 -0.27546077 -0.27546077 -0.27546077 -0.27546077 -0.27546077
 -0.27546077 -0.27546077 -0.27546077 -0.27546077 -0.27546077 -0.27546077
 -0.27546077 -0.27546077 -0.27546077 -0.27546077 -0.27546077 -0.27546077
 -0.27546077 -0.27546077 -0.27546077 -0.27546077 -0.27546077 -0.27546077
 -0.27546077  2.68337285  3.79627512 -0.27546077 -0.27546077 -0.27546077
 -0.27546077 -0.27546077 -0.27546077 -0.27546077 -0.27546077 -0.27546077
 -0.27546077 -0.27546077 -0.27546077 -0.27546077 -0.27546077 -0.27546077
 -0.27546077 -0.27546077 -0.27546077 -0.27546077 -0.27546077 -0.27546077
 -0.27546077 -0.27546077 -0.27546077 -0.27546077 -0.27546077  5.34991711
 -0.27546077 -0.27546077 -0.27546077 -0.27546077 -0.27546077 -0.27546077
 -0.27546077 -0.27546077 -0.27546077 -0.27546077 -0.27546077 -0.27546077
 -0.27546077 -0.27546077 -0.27546077 -0.27546077 -0.27546077 -0.27546077
 -0.27546077 -0.27546077 -0.27546077 -0.27546077 -0.27546077 -0.27546077
 -0.27546077 -0.27546077 -0.27546077 -0.27546077 -0.27546077 -0.27546077
  3.10566068 -0.27546077 -0.27546077 -0.27546077 -0.27546077 -0.27546077
 -0.27546077 -0.27546077 -0.27546077  2.82294626  3.79217619 -0.27546077
 -0.27546077 -0.27546077 -0.27546077 -0.27546077 -0.27546077 -0.27546077
 -0.27546077 -0.27546077 -0.27546077 -0.27546077 -0.27546077 -0.27546077
 -0.27546077 -0.27546077 -0.27546077 -0.27546077 -0.27546077 -0.27546077
 -0.27546077 -0.27546077 -0.27546077 -0.27546077 -0.27546077 -0.27546077
  4.2567247  -0.27546077 -0.27546077 -0.27546077 -0.27546077 -0.27546077
 -0.27546077 -0.27546077 -0.27546077 -0.27546077 -0.27546077 -0.27546077
 -0.27546077 -0.27546077 -0.27546077 -0.27546077 -0.27546077 -0.27546077
 -0.27546077 -0.27546077 -0.27546077 -0.27546077 -0.27546077 -0.27546077
 -0.27546077 -0.27546077 -0.27546077 -0.27546077 -0.27546077 -0.27546077
 -0.27546077 -0.27546077 -0.27546077 -0.27546077 -0.27546077  4.20976606
  3.9008765  -0.27546077 -0.27546077 -0.27546077 -0.27546077 -0.27546077
 -0.27546077 -0.27546077 -0.27546077 -0.27546077 -0.27546077 -0.27546077
 -0.27546077 -0.27546077 -0.27546077 -0.27546077 -0.27546077 -0.27546077
 -0.27546077 -0.27546077 -0.27546077 -0.27546077 -0.27546077 -0.27546077
  1.54365908 -0.27546077 -0.08428693 -0.27546077  3.88807865  2.23640088
 -0.27546077 -0.27546077 -0.27546077 -0.27546077 -0.27546077 -0.27546077
 -0.27546077 -0.27546077 -0.27546077 -0.27546077 -0.27546077 -0.27546077
 -0.27546077 -0.27546077 -0.27546077 -0.27546077 -0.27546077 -0.27546077
 -0.27546077  3.35500672 -0.27546077  3.09807593  3.18620796 -0.27546077
  3.5926704   1.55993238  3.10371268 -0.27546077 -0.27546077 -0.27546077
 -0.27546077 -0.27546077 -0.27546077 -0.27546077 -0.27546077 -0.27546077
 -0.27546077 -0.27546077 -0.27546077  5.58638751  2.37470813 -0.27546077
 -0.27546077 -0.27546077 -0.27546077  2.4780111  -0.27546077  0.57909169
 -0.27546077 -0.27546077 -0.27546077 -0.27546077 -0.27546077 -0.27546077
 -0.27546077 -0.27546077  5.61224135 -0.27546077  3.14996662 -0.27546077
 -0.27546077 -0.27546077 -0.27546077  2.91008003  3.04165641 -0.27546077
  2.05494516 -0.27546077 -0.27546077 -0.27546077  4.27188655 -0.27546077
 -0.27546077 -0.27546077 -0.27546077 -0.27546077 -0.27546077 -0.27546077
 -0.27546077  4.92576802 -0.27546077 -0.27546077 -0.27546077 -0.27546077
 -0.27546077 -0.27546077 -0.27546077 -0.27546077 -0.27546077 -0.27546077
 -0.27546077 -0.27546077 -0.27546077 -0.27546077 -0.27546077  1.43753323
 -0.27546077 -0.27546077 -0.27546077 -0.27546077 -0.27546077 -0.27546077
 -0.27546077 -0.27546077 -0.27546077 -0.27546077 -0.27546077 -0.27546077
 -0.27546077  0.94204288 -0.27546077 -0.27546077 -0.27546077 -0.27546077
 -0.27546077 -0.27546077 -0.27546077 -0.27546077 -0.27546077 -0.27546077
 -0.27546077 -0.27546077 -0.27546077  3.86724495 -0.27546077 -0.27546077
 -0.27546077 -0.27546077 -0.27546077 -0.27546077 -0.27546077 -0.27546077
 -0.27546077  3.90558739 -0.27546077 -0.27546077 -0.27546077 -0.27546077
 -0.27546077 -0.27546077 -0.27546077 -0.27546077 -0.27546077 -0.27546077
 -0.27546077 -0.27546077 -0.27546077 -0.27546077 -0.27546077 -0.27546077
 -0.27546077 -0.27546077 -0.27546077 -0.27546077 -0.27546077 -0.27546077
 -0.27546077 -0.27546077 -0.27546077 -0.27546077 -0.27546077 -0.27546077
 -0.27546077 -0.27546077 -0.27546077 -0.27546077 -0.27546077 -0.27546077
  3.01037499 -0.27546077 -0.27546077 -0.27546077 -0.27546077 -0.27546077
 -0.27546077 -0.27546077 -0.27546077 -0.27546077 -0.27546077 -0.27546077
 -0.27546077 -0.27546077 -0.27546077 -0.27546077 -0.27546077 -0.27546077
 -0.27546077 -0.27546077 -0.27546077 -0.27546077 -0.27546077 -0.27546077
 -0.27546077 -0.27546077 -0.27546077 -0.27546077 -0.27546077 -0.27546077
 -0.27546077 -0.27546077 -0.27546077 -0.27546077 -0.27546077 -0.27546077
 -0.27546077 -0.27546077 -0.27546077 -0.27546077 -0.27546077 -0.27546077
 -0.27546077 -0.27546077 -0.27546077 -0.27546077 -0.27546077 -0.27546077
 -0.27546077 -0.27546077 -0.27546077 -0.27546077 -0.27546077 -0.27546077
 -0.27546077 -0.27546077  3.20719916 -0.27546077 -0.27546077 -0.27546077
 -0.27546077 -0.27546077 -0.27546077 -0.27546077 -0.27546077 -0.27546077
 -0.27546077 -0.27546077 -0.27546077 -0.27546077 -0.27546077 -0.27546077
 -0.27546077 -0.27546077 -0.27546077 -0.27546077 -0.27546077 -0.27546077
 -0.27546077 -0.27546077  3.41320346 -0.27546077  4.46252294 -0.27546077
 -0.27546077 -0.27546077 -0.27546077 -0.27546077 -0.27546077 -0.27546077
 -0.27546077 -0.27546077 -0.27546077 -0.27546077 -0.27546077 -0.27546077
 -0.27546077 -0.27546077 -0.27546077 -0.27546077 -0.27546077 -0.27546077
 -0.27546077  3.84749112 -0.27546077 -0.27546077 -0.27546077  2.50831638
 -0.27546077 -0.27546077 -0.27546077 -0.27546077 -0.27546077 -0.27546077
 -0.27546077 -0.27546077 -0.27546077 -0.27546077 -0.27546077 -0.27546077
 -0.27546077 -0.27546077 -0.27546077 -0.27546077 -0.27546077 -0.27546077
 -0.27546077 -0.27546077 -0.27546077 -0.27546077 -0.27546077 -0.27546077
 -0.27546077 -0.27546077 -0.27546077 -0.27546077]",[0.06619342341234499]
12,"[-0.22524265 -0.22524265 -0.22524265 -0.22524265  0.28230504 -0.22524265
 -0.22524265 -0.22524265 -0.22524265 -0.22524265 -0.22524265 -0.22524265
 -0.22524265 -0.22524265 -0.22524265 -0.22524265 -0.22524265 -0.22524265
 -0.22524265 -0.22524265 -0.22524265 -0.22524265 -0.22524265 -0.22524265
 -0.22524265 -0.22524265 -0.22524265 -0.22524265 -0.22524265 -0.22524265
 -0.22524265 -0.22524265 -0.22524265 -0.22524265 -0.22524265 -0.22524265
 -0.22524265 -0.22524265 -0.22524265 -0.22524265 -0.22524265 -0.22524265
 -0.22524265 -0.22524265 -0.22524265 -0.22524265 -0.22524265 -0.22524265
 -0.22524265 -0.22524265 -0.22524265 -0.22524265 -0.22524265 -0.22524265
 -0.22524265 -0.22524265 -0.22524265 -0.22524265 -0.22524265 -0.22524265
 -0.22524265 -0.22524265 -0.22524265 -0.22524265 -0.22524265 -0.22524265
 -0.22524265 -0.22524265 -0.22524265 -0.22524265 -0.22524265 -0.22524265
 -0.22524265 -0.22524265 -0.22524265 -0.22524265 -0.22524265 -0.22524265
 -0.22524265 -0.22524265 -0.22524265 -0.22524265 -0.22524265  7.21775689
 -0.22524265 -0.22524265 -0.22524265 -0.22524265  0.86275822 -0.22524265
 -0.22524265 -0.22524265  2.14949152 -0.22524265 -0.22524265 -0.22524265
 -0.22524265 -0.22524265 -0.22524265 -0.22524265 -0.22524265 -0.22524265
 -0.22524265 -0.22524265 -0.22524265 -0.22524265 -0.22524265 -0.22524265
 -0.22524265 -0.22524265  6.90886905 -0.22524265 -0.22524265 -0.22524265
 -0.22524265 -0.22524265 -0.22524265 -0.22524265 -0.22524265 -0.22524265
 -0.22524265 -0.22524265 -0.22524265 -0.22524265 -0.22524265 -0.22524265
 -0.22524265 -0.22524265 -0.22524265 -0.22524265 -0.22524265 -0.22524265
 -0.22524265 -0.22524265 -0.22524265 -0.22524265 -0.22524265 -0.22524265
 -0.22524265 -0.22524265 -0.22524265 -0.22524265 -0.22524265 -0.22524265
 -0.22524265 -0.22524265 -0.22524265 -0.22524265 -0.22524265 -0.22524265
 -0.22524265 -0.22524265 -0.22524265 -0.22524265 -0.22524265 -0.22524265
 -0.22524265 -0.22524265 -0.22524265 -0.22524265 -0.22524265 -0.22524265
 -0.22524265 -0.22524265 -0.22524265 -0.22524265 -0.22524265 -0.22524265
 -0.22524265 -0.22524265 -0.22524265 -0.22524265 -0.22524265 -0.22524265
 -0.22524265 -0.22524265 -0.22524265 -0.22524265 -0.22524265 -0.22524265
 -0.22524265 -0.22524265 -0.22524265 -0.22524265 -0.22524265 -0.22524265
 -0.22524265 -0.22524265 -0.22524265 -0.22524265 -0.22524265 -0.22524265
 -0.22524265 -0.22524265 -0.22524265 -0.22524265 -0.22524265 -0.22524265
 -0.22524265 -0.22524265  0.9088289  -0.22524265 -0.22524265 -0.22524265
 -0.22524265 -0.22524265 -0.22524265 -0.22524265 -0.22524265 -0.22524265
  1.70187209 -0.22524265  0.52040389 -0.22524265 -0.22524265 -0.22524265
 -0.22524265 -0.22524265 -0.22524265 -0.22524265 -0.22524265 -0.22524265
 -0.22524265 -0.22524265 -0.22524265 -0.22524265 -0.22524265 -0.22524265
 -0.22524265 -0.22524265 -0.22524265 -0.22524265 -0.22524265 -0.22524265
 -0.22524265  2.96596447 -0.22524265  3.84592458  4.35094159 -0.22524265
  3.76923449 -0.22524265 -0.22524265  1.63690841 -0.22524265 -0.22524265
 -0.22524265 -0.22524265 -0.22524265 -0.22524265 -0.22524265 -0.22524265
 -0.22524265 -0.22524265 -0.22524265 -0.22524265  2.24153988 -0.22524265
 -0.22524265 -0.22524265  2.14949152  2.58060489 -0.22524265  3.30977438
 -0.22524265 -0.22524265 -0.22524265 -0.22524265 -0.22524265 -0.22524265
  2.05751446 -0.22524265  6.86913114 -0.22524265  3.21246439  4.6678825
 -0.22524265  2.05751446 -0.22524265 -0.22524265  2.27524696 -0.22524265
  2.87996605  1.43256497 -0.22524265 -0.22524265 -0.22524265  4.58203005
 -0.22524265 -0.22524265 -0.22524265 -0.22524265 -0.22524265 -0.22524265
 -0.22524265 -0.22524265 -0.22524265 -0.22524265 -0.22524265 -0.22524265
 -0.22524265 -0.22524265 -0.22524265 -0.22524265  5.08910497 -0.22524265
  7.04725394 -0.22524265 -0.22524265 -0.22524265 -0.22524265  1.32679819
 -0.22524265 -0.22524265 -0.22524265 -0.22524265 -0.22524265 -0.22524265
 -0.22524265 -0.22524265 -0.22524265 -0.22524265 -0.22524265 -0.22524265
 -0.22524265 -0.22524265 -0.22524265 -0.22524265 -0.22524265 -0.22524265
 -0.22524265 -0.22524265 -0.22524265 -0.22524265 -0.22524265 -0.22524265
 -0.22524265 -0.22524265 -0.22524265 -0.22524265 -0.22524265 -0.22524265
 -0.22524265 -0.22524265 -0.22524265 -0.22524265 -0.22524265 -0.22524265
 -0.22524265 -0.22524265 -0.22524265 -0.22524265 -0.22524265 -0.22524265
 -0.22524265 -0.22524265 -0.22524265 -0.22524265 -0.22524265 -0.22524265
 -0.22524265 -0.22524265 -0.22524265 -0.22524265 -0.22524265 -0.22524265
 -0.22524265 -0.22524265 -0.22524265 -0.22524265 -0.22524265 -0.22524265
 -0.22524265 -0.22524265 -0.22524265 -0.22524265 -0.22524265 -0.22524265
 -0.22524265 -0.22524265 -0.22524265 -0.22524265 -0.22524265 -0.22524265
 -0.22524265 -0.22524265 -0.22524265  2.97999368 -0.22524265 -0.22524265
 -0.22524265 -0.22524265 -0.22524265 -0.22524265 -0.22524265 -0.22524265
 -0.22524265 -0.22524265 -0.22524265 -0.22524265 -0.22524265 -0.22524265
 -0.22524265 -0.22524265 -0.22524265 -0.22524265 -0.22524265 -0.22524265
 -0.22524265 -0.22524265 -0.22524265 -0.22524265 -0.22524265 -0.22524265
 -0.22524265 -0.22524265 -0.22524265 -0.22524265 -0.22524265 -0.22524265
 -0.22524265 -0.22524265 -0.22524265 -0.22524265  6.77634406 -0.22524265
 -0.22524265 -0.22524265 -0.22524265 -0.22524265 -0.22524265 -0.22524265
 -0.22524265 -0.22524265 -0.22524265 -0.22524265 -0.22524265 -0.22524265
 -0.22524265 -0.22524265 -0.22524265 -0.22524265 -0.22524265 -0.22524265
 -0.22524265 -0.22524265 -0.22524265 -0.22524265 -0.22524265 -0.22524265
 -0.22524265 -0.22524265 -0.22524265 -0.22524265 -0.22524265 -0.22524265
 -0.22524265 -0.22524265 -0.22524265 -0.22524265 -0.22524265 -0.22524265
 -0.22524265 -0.22524265 -0.22524265 -0.22524265 -0.22524265 -0.22524265
  5.55031009 -0.22524265 -0.22524265 -0.22524265 -0.22524265 -0.22524265
 -0.22524265 -0.22524265 -0.22524265 -0.22524265 -0.22524265 -0.22524265
 -0.22524265 -0.22524265 -0.22524265 -0.22524265 -0.22524265 -0.22524265
 -0.22524265  3.48637939 -0.22524265 -0.22524265 -0.22524265 -0.22524265
 -0.22524265 -0.22524265 -0.22524265 -0.22524265 -0.22524265 -0.22524265
 -0.22524265 -0.22524265 -0.22524265 -0.22524265 -0.22524265 -0.22524265
 -0.22524265 -0.22524265 -0.22524265 -0.22524265 -0.22524265 -0.22524265
 -0.22524265 -0.22524265 -0.22524265 -0.22524265 -0.22524265 -0.22524265
 -0.22524265 -0.22524265 -0.22524265 -0.22524265]",[-0.010299680505093167]
12,"[-0.2730994  -0.2730994  -0.2730994  -0.2730994   0.83805739 -0.2730994
 -0.2730994  -0.2730994  -0.2730994  -0.2730994  -0.2730994  -0.2730994
 -0.2730994  -0.2730994  -0.2730994  -0.2730994  -0.2730994  -0.2730994
 -0.2730994  -0.2730994  -0.2730994  -0.2730994  -0.2730994  -0.2730994
 -0.2730994  -0.2730994  -0.2730994  -0.2730994  -0.2730994  -0.2730994
 -0.2730994  -0.2730994  -0.2730994  -0.2730994  -0.2730994  -0.2730994
 -0.2730994  -0.2730994  -0.2730994  -0.2730994  -0.2730994  -0.2730994
 -0.2730994  -0.2730994  -0.2730994  -0.2730994  -0.2730994  -0.2730994
 -0.2730994  -0.2730994  -0.2730994  -0.2730994  -0.2730994  -0.2730994
 -0.2730994  -0.2730994  -0.2730994  -0.2730994  -0.2730994  -0.2730994
 -0.2730994  -0.2730994  -0.2730994  -0.2730994  -0.2730994  -0.2730994
 -0.2730994  -0.2730994  -0.2730994  -0.2730994  -0.2730994  -0.2730994
 -0.2730994  -0.2730994  -0.2730994  -0.2730994  -0.2730994  -0.2730994
 -0.2730994  -0.2730994  -0.2730994  -0.2730994  -0.2730994   4.93610545
 -0.2730994  -0.2730994   1.9298089  -0.2730994  -0.2730994   2.97479243
 -0.2730994  -0.2730994   1.14750595 -0.2730994  -0.2730994  -0.2730994
 -0.2730994  -0.2730994  -0.2730994  -0.2730994  -0.2730994  -0.2730994
 -0.2730994  -0.2730994  -0.2730994  -0.2730994  -0.2730994  -0.2730994
 -0.2730994  -0.2730994   5.04476069 -0.2730994  -0.2730994  -0.2730994
 -0.2730994  -0.2730994   4.70789644 -0.2730994  -0.2730994  -0.2730994
 -0.2730994  -0.2730994   1.7728147  -0.2730994   3.21866487 -0.2730994
 -0.2730994  -0.2730994  -0.2730994  -0.2730994  -0.2730994  -0.2730994
 -0.2730994  -0.2730994  -0.2730994  -0.2730994  -0.2730994  -0.2730994
 -0.2730994  -0.2730994  -0.2730994  -0.2730994  -0.2730994  -0.2730994
 -0.2730994  -0.2730994  -0.2730994  -0.2730994  -0.2730994  -0.2730994
 -0.2730994  -0.2730994  -0.2730994  -0.2730994  -0.2730994  -0.2730994
 -0.2730994  -0.2730994  -0.2730994  -0.2730994  -0.2730994  -0.2730994
 -0.2730994   1.59121855 -0.2730994  -0.2730994  -0.2730994  -0.2730994
 -0.2730994  -0.2730994  -0.2730994  -0.2730994  -0.2730994  -0.2730994
 -0.2730994  -0.2730994  -0.2730994  -0.2730994  -0.2730994  -0.2730994
 -0.2730994  -0.2730994  -0.2730994  -0.2730994  -0.2730994  -0.2730994
 -0.2730994  -0.2730994  -0.2730994  -0.2730994  -0.2730994  -0.2730994
 -0.2730994  -0.2730994  -0.2730994  -0.2730994  -0.2730994  -0.2730994
 -0.2730994  -0.2730994  -0.2730994  -0.2730994  -0.2730994  -0.2730994
 -0.2730994  -0.2730994  -0.2730994  -0.2730994  -0.2730994  -0.2730994
  1.8107415  -0.2730994  -0.08024104 -0.2730994  -0.2730994   1.69424274
 -0.2730994  -0.2730994  -0.2730994  -0.2730994  -0.2730994  -0.2730994
 -0.2730994  -0.2730994  -0.2730994  -0.2730994  -0.2730994  -0.2730994
 -0.2730994  -0.2730994  -0.2730994  -0.2730994  -0.2730994  -0.2730994
 -0.2730994   2.9043237  -0.2730994   4.41075256  3.97897582 -0.2730994
  2.75641891  0.89395215  2.75145692  2.36851482 -0.2730994  -0.2730994
 -0.2730994  -0.2730994  -0.2730994  -0.2730994  -0.2730994   2.89536653
 -0.2730994  -0.2730994  -0.2730994   6.17049458  2.30988983 -0.2730994
 -0.2730994  -0.2730994   3.4404448   2.49018138 -0.2730994   1.8587275
 -0.2730994  -0.2730994  -0.2730994   2.19974657  1.38717537 -0.2730994
 -0.2730994  -0.2730994   5.03358021 -0.2730994   3.60276218  4.25644988
 -0.2730994   3.15203963 -0.2730994  -0.2730994   3.93627124 -0.2730994
  1.69149487  0.97799764 -0.2730994  -0.2730994  -0.2730994   4.0478412
 -0.2730994  -0.2730994  -0.2730994  -0.2730994  -0.2730994  -0.2730994
 -0.2730994  -0.2730994  -0.2730994  -0.2730994  -0.2730994  -0.2730994
 -0.2730994  -0.2730994  -0.2730994  -0.2730994   5.03909257 -0.2730994
 -0.2730994  -0.2730994  -0.2730994  -0.2730994  -0.2730994  -0.2730994
 -0.2730994  -0.2730994  -0.2730994  -0.2730994  -0.2730994  -0.2730994
 -0.2730994  -0.2730994  -0.2730994  -0.2730994  -0.2730994  -0.2730994
 -0.2730994  -0.2730994  -0.2730994  -0.2730994  -0.2730994  -0.2730994
 -0.2730994  -0.2730994  -0.2730994  -0.2730994  -0.2730994  -0.2730994
 -0.2730994  -0.2730994  -0.2730994  -0.2730994  -0.2730994  -0.2730994
 -0.2730994  -0.2730994  -0.2730994  -0.2730994  -0.2730994  -0.2730994
 -0.2730994  -0.2730994  -0.2730994  -0.2730994  -0.2730994  -0.2730994
 -0.2730994  -0.2730994  -0.2730994  -0.2730994  -0.2730994  -0.2730994
 -0.2730994  -0.2730994  -0.2730994  -0.2730994  -0.2730994  -0.2730994
 -0.2730994  -0.2730994  -0.2730994  -0.2730994  -0.2730994  -0.2730994
 -0.2730994  -0.2730994  -0.2730994  -0.2730994  -0.2730994  -0.2730994
 -0.2730994  -0.2730994  -0.2730994  -0.2730994  -0.2730994  -0.2730994
 -0.2730994  -0.2730994  -0.2730994  -0.2730994  -0.2730994  -0.2730994
 -0.2730994  -0.2730994  -0.2730994  -0.2730994  -0.2730994  -0.2730994
 -0.2730994  -0.2730994  -0.2730994  -0.2730994  -0.2730994  -0.2730994
 -0.2730994  -0.2730994  -0.2730994  -0.2730994  -0.2730994  -0.2730994
 -0.2730994  -0.2730994  -0.2730994  -0.2730994  -0.2730994  -0.2730994
 -0.2730994  -0.2730994  -0.2730994  -0.2730994  -0.2730994  -0.2730994
 -0.2730994  -0.2730994  -0.2730994  -0.2730994   1.25565209  5.39879109
 -0.2730994  -0.2730994  -0.2730994  -0.2730994  -0.2730994  -0.2730994
 -0.2730994  -0.2730994  -0.2730994  -0.2730994  -0.2730994  -0.2730994
 -0.2730994  -0.2730994  -0.2730994  -0.2730994  -0.2730994  -0.2730994
  3.74513041 -0.2730994  -0.2730994  -0.2730994  -0.2730994  -0.2730994
 -0.2730994  -0.2730994  -0.2730994  -0.2730994  -0.2730994  -0.2730994
 -0.2730994  -0.2730994  -0.2730994  -0.2730994  -0.2730994  -0.2730994
 -0.2730994  -0.2730994   1.38717537 -0.2730994  -0.2730994  -0.2730994
  6.36799967 -0.2730994  -0.2730994  -0.2730994  -0.2730994  -0.2730994
 -0.2730994  -0.2730994  -0.2730994  -0.2730994  -0.2730994  -0.2730994
 -0.2730994  -0.2730994  -0.2730994  -0.2730994  -0.2730994  -0.2730994
 -0.2730994   0.87867488 -0.2730994  -0.2730994  -0.2730994   0.74755664
 -0.2730994  -0.2730994  -0.2730994  -0.2730994  -0.2730994  -0.2730994
 -0.2730994  -0.2730994  -0.2730994  -0.2730994  -0.2730994  -0.2730994
 -0.2730994  -0.2730994  -0.2730994  -0.2730994  -0.2730994  -0.2730994
 -0.2730994  -0.2730994  -0.2730994  -0.2730994  -0.2730994  -0.2730994
 -0.2730994  -0.2730994   3.80091579 -0.2730994 ]",[-0.006092518360496235]
12,"[-0.16601963 -0.16601963 -0.16601963 -0.16601963 -0.16601963 -0.16601963
 -0.16601963 -0.16601963 -0.16601963 -0.16601963 -0.16601963 -0.16601963
 -0.16601963 -0.16601963 -0.16601963 -0.16601963 -0.16601963 -0.16601963
 -0.16601963 -0.16601963 -0.16601963 -0.16601963 -0.16601963 -0.16601963
 -0.16601963 -0.16601963 -0.16601963 -0.16601963 -0.16601963 -0.16601963
 -0.16601963 -0.16601963 -0.16601963 -0.16601963 -0.16601963 -0.16601963
 -0.16601963 -0.16601963 -0.16601963 -0.16601963 -0.16601963 -0.16601963
 -0.16601963 -0.16601963 -0.16601963 -0.16601963 -0.16601963 -0.16601963
 -0.16601963 -0.16601963 -0.16601963 -0.16601963 -0.16601963 -0.16601963
 -0.16601963 -0.16601963 -0.16601963 -0.16601963 -0.16601963 -0.16601963
 -0.16601963 -0.16601963 -0.16601963 -0.16601963 -0.16601963 -0.16601963
 -0.16601963 -0.16601963 -0.16601963 -0.16601963 -0.16601963 -0.16601963
 -0.16601963 -0.16601963 -0.16601963 -0.16601963 -0.16601963 -0.16601963
 -0.16601963 -0.16601963 -0.16601963 -0.16601963 -0.16601963  8.11393104
 -0.16601963 -0.16601963 -0.16601963 -0.16601963 -0.16601963 -0.16601963
 -0.16601963 -0.16601963 -0.16601963 -0.16601963 -0.16601963 -0.16601963
 -0.16601963 -0.16601963 -0.16601963 -0.16601963 -0.16601963 -0.16601963
 -0.16601963 -0.16601963 -0.16601963 -0.16601963 -0.16601963 -0.16601963
 -0.16601963 -0.16601963  0.40066544 -0.16601963 -0.16601963 -0.16601963
 -0.16601963 -0.16601963 -0.16601963 -0.16601963 -0.16601963 -0.16601963
 -0.16601963 -0.16601963 -0.16601963  0.17200384  0.27282408 -0.16601963
 -0.16601963 -0.16601963 -0.16601963 -0.16601963 -0.16601963 -0.16601963
 -0.16601963 -0.16601963 -0.16601963 -0.16601963 -0.16601963 -0.16601963
 -0.16601963 -0.16601963 -0.16601963 -0.16601963 -0.16601963 -0.16601963
 -0.16601963 -0.16601963 -0.16601963 -0.16601963 -0.16601963 -0.16601963
 -0.16601963 -0.16601963 -0.16601963 -0.16601963 -0.16601963 -0.16601963
 -0.16601963 -0.16601963 -0.16601963 -0.16601963 -0.16601963 -0.16601963
 -0.16601963 -0.16601963 -0.16601963 -0.16601963 -0.16601963 -0.16601963
 -0.16601963 -0.16601963 -0.16601963 -0.16601963 -0.16601963 -0.16601963
 -0.16601963 -0.16601963 -0.16601963 -0.16601963 -0.16601963 -0.16601963
 -0.16601963 -0.16601963 -0.16601963 -0.16601963 -0.16601963 -0.16601963
 -0.16601963 -0.16601963 -0.16601963 -0.16601963 -0.16601963 -0.16601963
 -0.16601963 -0.16601963 -0.16601963 -0.16601963 -0.16601963 -0.16601963
 -0.16601963 -0.16601963 -0.16601963 -0.16601963 -0.16601963  0.97578209
 -0.16601963 -0.16601963 -0.16601963 -0.16601963 -0.16601963 -0.16601963
  5.1063371  -0.16601963  0.11430351 -0.16601963 -0.16601963  5.99824514
 -0.16601963 -0.16601963 -0.16601963 -0.16601963 -0.16601963 -0.16601963
 -0.16601963 -0.16601963 -0.16601963 -0.16601963 -0.16601963 -0.16601963
 -0.16601963 -0.16601963 -0.16601963 -0.16601963 -0.16601963 -0.16601963
 -0.16601963  0.13980615 -0.16601963  2.73987622 -0.16601963 -0.16601963
  6.45908408 -0.16601963 -0.16601963 -0.16601963 -0.16601963 -0.16601963
 -0.16601963 -0.16601963 -0.16601963 -0.16601963 -0.16601963 -0.16601963
 -0.16601963 -0.16601963 -0.16601963 -0.16601963 -0.16601963 -0.16601963
 -0.16601963 -0.16601963 -0.16601963  3.48541049 -0.16601963  0.2465233
 -0.16601963 -0.16601963 -0.16601963 -0.16601963 -0.16601963 -0.16601963
 -0.16601963 -0.16601963 -0.16601963 -0.16601963  1.19618145 -0.16601963
 -0.16601963 -0.16601963 -0.16601963 -0.16601963 -0.16601963 -0.16601963
 -0.16601963 -0.16601963 -0.16601963 -0.16601963 -0.16601963  6.72795056
 -0.16601963 -0.16601963 -0.16601963 -0.16601963 -0.16601963 -0.16601963
 -0.16601963 -0.16601963 -0.16601963 -0.16601963 -0.16601963 -0.16601963
 -0.16601963 -0.16601963 -0.16601963 -0.16601963 -0.16601963 -0.16601963
 -0.16601963 -0.16601963 -0.16601963 -0.16601963 -0.16601963  7.01040622
 -0.16601963  0.92516044 -0.16601963 -0.16601963 -0.16601963 -0.16601963
 -0.16601963 -0.16601963 -0.16601963 -0.16601963 -0.16601963 -0.16601963
 -0.16601963 -0.16601963 -0.16601963 -0.16601963 -0.16601963 -0.16601963
 -0.16601963 -0.16601963 -0.16601963 -0.16601963 -0.16601963 -0.16601963
 -0.16601963 -0.16601963 -0.16601963 -0.16601963 -0.16601963 -0.16601963
 -0.16601963 -0.16601963 -0.16601963 -0.16601963 -0.16601963 -0.16601963
 -0.16601963 -0.16601963 -0.16601963 -0.16601963 -0.16601963 -0.16601963
 -0.16601963 -0.16601963 -0.16601963 -0.16601963 -0.16601963 -0.16601963
 -0.16601963 -0.16601963 -0.16601963 -0.16601963 -0.16601963 -0.16601963
 -0.16601963 -0.16601963 -0.16601963 -0.16601963 -0.16601963 -0.16601963
 -0.16601963 -0.16601963 -0.16601963 -0.16601963 -0.16601963 -0.16601963
 -0.16601963 -0.16601963 -0.16601963 -0.16601963 -0.16601963 -0.16601963
 -0.16601963 -0.16601963 -0.16601963 -0.16601963 -0.16601963 -0.16601963
 -0.16601963 -0.16601963 -0.16601963 -0.16601963 -0.16601963 -0.16601963
 -0.16601963 -0.16601963 -0.16601963 -0.16601963 -0.16601963 -0.16601963
 -0.16601963 -0.16601963 -0.16601963 -0.16601963 -0.16601963 -0.16601963
 -0.16601963 -0.16601963 -0.16601963 -0.16601963 -0.16601963 -0.16601963
 -0.16601963 -0.16601963 -0.16601963 -0.16601963 -0.16601963 -0.16601963
 -0.16601963 -0.16601963 -0.16601963 -0.16601963 -0.16601963 -0.16601963
 -0.16601963 -0.16601963 -0.16601963 -0.16601963 -0.16601963 -0.16601963
 -0.16601963 -0.16601963 -0.16601963 -0.16601963 -0.16601963 -0.16601963
 -0.16601963 -0.16601963 -0.16601963 -0.16601963 -0.16601963 -0.16601963
 -0.16601963 -0.16601963 -0.16601963 -0.16601963 -0.16601963 -0.16601963
 -0.16601963 -0.16601963 -0.16601963 -0.16601963 -0.16601963 -0.16601963
 -0.16601963 -0.16601963 -0.16601963 -0.16601963 -0.16601963 -0.16601963
 -0.16601963 -0.16601963  6.69500398 -0.16601963  5.88183224 -0.16601963
  8.12533381 -0.16601963 -0.16601963 -0.16601963 -0.16601963 -0.16601963
 -0.16601963 -0.16601963 -0.16601963 -0.16601963 -0.16601963 -0.16601963
 -0.16601963 -0.16601963 -0.16601963 -0.16601963 -0.16601963  4.7492614
 -0.16601963  7.14185244 -0.16601963 -0.16601963 -0.16601963 -0.16601963
 -0.16601963 -0.16601963 -0.16601963 -0.16601963 -0.16601963 -0.16601963
 -0.16601963 -0.16601963 -0.16601963 -0.16601963 -0.16601963 -0.16601963
 -0.16601963 -0.16601963 -0.16601963 -0.16601963 -0.16601963 -0.16601963
 -0.16601963 -0.16601963 -0.16601963 -0.16601963 -0.16601963 -0.16601963
 -0.16601963 -0.16601963 -0.16601963 -0.16601963]",[-0.032630108260884916]
12,"[-0.22373269 -0.22373269 -0.22373269 -0.22373269 -0.02628428 -0.22373269
 -0.22373269 -0.22373269 -0.22373269 -0.22373269 -0.22373269 -0.22373269
 -0.22373269 -0.22373269 -0.22373269 -0.22373269 -0.22373269 -0.22373269
 -0.22373269 -0.22373269 -0.22373269 -0.22373269 -0.22373269 -0.22373269
 -0.22373269 -0.22373269 -0.22373269 -0.22373269 -0.22373269 -0.22373269
 -0.22373269 -0.22373269 -0.22373269 -0.22373269 -0.22373269 -0.22373269
 -0.22373269 -0.22373269 -0.22373269 -0.22373269 -0.22373269 -0.22373269
 -0.22373269 -0.22373269 -0.22373269 -0.22373269 -0.22373269 -0.22373269
 -0.22373269 -0.22373269 -0.22373269 -0.22373269 -0.22373269 -0.22373269
 -0.22373269 -0.22373269 -0.22373269 -0.22373269 -0.22373269 -0.22373269
 -0.22373269 -0.22373269 -0.22373269 -0.22373269 -0.22373269 -0.22373269
 -0.22373269 -0.22373269 -0.22373269 -0.22373269 -0.22373269 -0.22373269
 -0.22373269 -0.22373269 -0.22373269 -0.22373269 -0.22373269 -0.22373269
 -0.22373269 -0.22373269 -0.22373269 -0.22373269 -0.22373269  3.93460988
 -0.22373269 -0.22373269  1.30038368 -0.22373269 -0.22373269 -0.22373269
 -0.22373269 -0.22373269 -0.22373269 -0.22373269 -0.22373269 -0.22373269
 -0.22373269 -0.22373269 -0.22373269 -0.22373269 -0.22373269 -0.22373269
 -0.22373269 -0.22373269 -0.22373269 -0.22373269 -0.22373269 -0.22373269
 -0.22373269 -0.22373269  7.3782428  -0.22373269 -0.22373269 -0.22373269
 -0.22373269 -0.22373269  5.83479032 -0.22373269 -0.22373269 -0.22373269
 -0.22373269 -0.22373269 -0.22373269 -0.22373269 -0.22373269 -0.22373269
 -0.22373269 -0.22373269 -0.22373269 -0.22373269 -0.22373269 -0.22373269
 -0.22373269 -0.22373269 -0.22373269 -0.22373269 -0.22373269 -0.22373269
 -0.22373269 -0.22373269 -0.22373269 -0.22373269 -0.22373269 -0.22373269
 -0.22373269 -0.22373269 -0.22373269 -0.22373269 -0.22373269 -0.22373269
 -0.22373269 -0.22373269 -0.22373269 -0.22373269 -0.22373269 -0.22373269
 -0.22373269 -0.22373269 -0.22373269 -0.22373269 -0.22373269 -0.22373269
 -0.22373269  0.18107848 -0.22373269 -0.22373269 -0.22373269 -0.22373269
 -0.22373269 -0.22373269 -0.22373269 -0.22373269 -0.22373269 -0.22373269
 -0.22373269 -0.22373269 -0.22373269 -0.22373269 -0.22373269 -0.22373269
 -0.22373269 -0.22373269 -0.22373269 -0.22373269 -0.22373269 -0.22373269
 -0.22373269 -0.22373269 -0.22373269 -0.22373269 -0.22373269 -0.22373269
 -0.22373269 -0.22373269 -0.22373269 -0.22373269 -0.22373269 -0.22373269
 -0.22373269 -0.22373269 -0.22373269 -0.22373269 -0.22373269 -0.22373269
 -0.22373269 -0.22373269 -0.22373269 -0.22373269 -0.22373269 -0.22373269
  1.93764682 -0.22373269 -0.22373269 -0.22373269 -0.22373269  0.77457514
 -0.22373269 -0.22373269 -0.22373269 -0.22373269 -0.22373269 -0.22373269
 -0.22373269 -0.22373269 -0.22373269 -0.22373269 -0.22373269 -0.22373269
 -0.22373269 -0.22373269 -0.22373269 -0.22373269 -0.22373269 -0.22373269
 -0.22373269  3.31198451 -0.22373269  5.7382907   4.00220685 -0.22373269
  2.97032812  1.13134616  1.97249044  5.44556144 -0.22373269 -0.22373269
 -0.22373269 -0.22373269 -0.22373269 -0.22373269 -0.22373269 -0.22373269
 -0.22373269 -0.22373269 -0.22373269  5.93310603  3.68048043 -0.22373269
 -0.22373269 -0.22373269 -0.22373269  3.66121545 -0.22373269  1.1465313
 -0.22373269 -0.22373269 -0.22373269 -0.22373269 -0.22373269 -0.22373269
  1.06012627 -0.22373269  4.45319098 -0.22373269  3.34556678 -0.22373269
 -0.22373269  1.26063108 -0.22373269 -0.22373269  1.99413545 -0.22373269
  2.59102507  1.7481411  -0.22373269 -0.22373269  7.3189794   4.61000563
 -0.22373269 -0.22373269 -0.22373269  3.57077549 -0.22373269 -0.22373269
 -0.22373269 -0.22373269  5.02510701 -0.22373269 -0.22373269 -0.22373269
 -0.22373269 -0.22373269 -0.22373269 -0.22373269  1.74587906 -0.22373269
 -0.22373269 -0.22373269 -0.22373269 -0.22373269 -0.22373269 -0.22373269
 -0.22373269 -0.22373269 -0.22373269 -0.22373269 -0.22373269 -0.22373269
 -0.22373269 -0.22373269 -0.22373269 -0.22373269 -0.22373269 -0.22373269
 -0.22373269 -0.22373269 -0.22373269 -0.22373269 -0.22373269 -0.22373269
 -0.22373269 -0.22373269 -0.22373269 -0.22373269 -0.22373269 -0.22373269
 -0.22373269 -0.22373269 -0.22373269 -0.22373269 -0.22373269 -0.22373269
 -0.22373269 -0.22373269 -0.22373269 -0.22373269 -0.22373269 -0.22373269
 -0.22373269 -0.22373269 -0.22373269 -0.22373269 -0.22373269 -0.22373269
 -0.22373269 -0.22373269 -0.22373269 -0.22373269 -0.22373269 -0.22373269
 -0.22373269 -0.22373269 -0.22373269 -0.22373269 -0.22373269 -0.22373269
 -0.22373269 -0.22373269 -0.22373269 -0.22373269 -0.22373269 -0.22373269
 -0.22373269 -0.22373269 -0.22373269 -0.22373269 -0.22373269 -0.22373269
 -0.22373269 -0.22373269 -0.22373269 -0.22373269 -0.22373269 -0.22373269
 -0.22373269 -0.22373269 -0.22373269 -0.22373269 -0.22373269 -0.22373269
 -0.22373269 -0.22373269 -0.22373269 -0.22373269 -0.22373269 -0.22373269
 -0.22373269 -0.22373269 -0.22373269 -0.22373269 -0.22373269 -0.22373269
 -0.22373269 -0.22373269 -0.22373269 -0.22373269 -0.22373269 -0.22373269
 -0.22373269 -0.22373269 -0.22373269 -0.22373269 -0.22373269 -0.22373269
 -0.22373269 -0.22373269 -0.22373269 -0.22373269 -0.22373269 -0.22373269
 -0.22373269 -0.22373269 -0.22373269 -0.22373269  6.6859001  -0.22373269
 -0.22373269 -0.22373269 -0.22373269 -0.22373269 -0.22373269 -0.22373269
 -0.22373269 -0.22373269 -0.22373269 -0.22373269 -0.22373269 -0.22373269
 -0.22373269 -0.22373269 -0.22373269 -0.22373269 -0.22373269 -0.22373269
 -0.22373269 -0.22373269 -0.22373269 -0.22373269 -0.22373269 -0.22373269
 -0.22373269 -0.22373269 -0.22373269 -0.22373269 -0.22373269 -0.22373269
 -0.22373269 -0.22373269 -0.22373269 -0.22373269 -0.22373269 -0.22373269
 -0.22373269 -0.22373269  3.23977346 -0.22373269 -0.22373269 -0.22373269
 -0.22373269 -0.22373269 -0.22373269 -0.22373269 -0.22373269 -0.22373269
 -0.22373269 -0.22373269 -0.22373269 -0.22373269 -0.22373269 -0.22373269
 -0.22373269 -0.22373269 -0.22373269 -0.22373269 -0.22373269 -0.22373269
 -0.22373269 -0.22373269 -0.22373269 -0.22373269 -0.22373269 -0.22373269
 -0.22373269 -0.22373269 -0.22373269 -0.22373269 -0.22373269 -0.22373269
 -0.22373269 -0.22373269 -0.22373269 -0.22373269 -0.22373269 -0.22373269
 -0.22373269 -0.22373269 -0.22373269 -0.22373269 -0.22373269 -0.22373269
 -0.22373269 -0.22373269 -0.22373269 -0.22373269 -0.22373269 -0.22373269
 -0.22373269 -0.22373269 -0.22373269 -0.22373269]",[-0.04295399038063588]
12,"[-0.20151622 -0.20151622 -0.20151622 -0.20151622 -0.20151622 -0.20151622
 -0.20151622 -0.20151622 -0.20151622 -0.20151622 -0.20151622 -0.20151622
 -0.20151622 -0.20151622 -0.20151622 -0.20151622 -0.20151622 -0.20151622
 -0.20151622 -0.20151622 -0.20151622 -0.20151622 -0.20151622 -0.20151622
 -0.20151622 -0.20151622 -0.20151622 -0.20151622 -0.20151622 -0.20151622
 -0.20151622 -0.20151622 -0.20151622 -0.20151622 -0.20151622 -0.20151622
 -0.20151622 -0.20151622 -0.20151622 -0.20151622 -0.20151622 -0.20151622
 -0.20151622 -0.20151622 -0.20151622 -0.20151622 -0.20151622 -0.20151622
 -0.20151622 -0.20151622 -0.20151622 -0.20151622 -0.20151622 -0.20151622
 -0.20151622 -0.20151622 -0.20151622 -0.20151622 -0.20151622 -0.20151622
 -0.20151622 -0.20151622 -0.20151622 -0.20151622 -0.20151622 -0.20151622
 -0.20151622 -0.20151622 -0.20151622 -0.20151622 -0.20151622 -0.20151622
 -0.20151622 -0.20151622 -0.20151622 -0.20151622 -0.20151622 -0.20151622
 -0.20151622 -0.20151622 -0.20151622 -0.20151622 -0.20151622  1.36915796
 -0.20151622 -0.20151622 -0.20151622 -0.20151622 -0.20151622 -0.20151622
 -0.20151622 -0.20151622  3.25848913 -0.20151622 -0.20151622 -0.20151622
 -0.20151622 -0.20151622 -0.20151622 -0.20151622 -0.20151622 -0.20151622
 -0.20151622 -0.20151622 -0.20151622 -0.20151622 -0.20151622 -0.20151622
 -0.20151622 -0.20151622  7.06725797 -0.20151622 -0.20151622 -0.20151622
 -0.20151622 -0.20151622 -0.20151622 -0.20151622 -0.20151622 -0.20151622
 -0.20151622 -0.20151622 -0.20151622 -0.20151622 -0.20151622 -0.20151622
 -0.20151622 -0.20151622 -0.20151622 -0.20151622 -0.20151622 -0.20151622
 -0.20151622 -0.20151622 -0.20151622 -0.20151622 -0.20151622 -0.20151622
 -0.20151622 -0.20151622 -0.20151622 -0.20151622 -0.20151622 -0.20151622
 -0.20151622 -0.20151622 -0.20151622 -0.20151622 -0.20151622 -0.20151622
 -0.20151622 -0.20151622 -0.20151622 -0.20151622 -0.20151622 -0.20151622
 -0.20151622 -0.20151622 -0.20151622 -0.20151622 -0.20151622 -0.20151622
 -0.20151622 -0.20151622 -0.20151622 -0.20151622 -0.20151622 -0.20151622
 -0.20151622 -0.20151622 -0.20151622 -0.20151622 -0.20151622 -0.20151622
 -0.20151622 -0.20151622 -0.20151622 -0.20151622 -0.20151622 -0.20151622
 -0.20151622 -0.20151622 -0.20151622 -0.20151622 -0.20151622 -0.20151622
 -0.20151622 -0.20151622 -0.20151622 -0.20151622 -0.20151622 -0.20151622
 -0.20151622 -0.20151622 -0.20151622 -0.20151622 -0.20151622 -0.20151622
 -0.20151622 -0.20151622 -0.20151622 -0.20151622 -0.20151622 -0.20151622
 -0.20151622 -0.20151622 -0.20151622 -0.20151622 -0.20151622 -0.20151622
  4.80015482 -0.20151622 -0.20151622 -0.20151622 -0.20151622  0.26962772
 -0.20151622 -0.20151622 -0.20151622 -0.20151622 -0.20151622 -0.20151622
 -0.20151622 -0.20151622 -0.20151622 -0.20151622 -0.20151622 -0.20151622
 -0.20151622  5.57210778 -0.20151622 -0.20151622 -0.20151622 -0.20151622
 -0.20151622  3.83238055 -0.20151622  2.10130512  5.19366277 -0.20151622
  5.77372386 -0.20151622 -0.20151622 -0.20151622 -0.20151622 -0.20151622
 -0.20151622 -0.20151622 -0.20151622 -0.20151622 -0.20151622 -0.20151622
 -0.20151622 -0.20151622 -0.20151622 -0.20151622  5.55849515 -0.20151622
 -0.20151622 -0.20151622  4.49235467  2.42156258 -0.20151622  0.10995473
 -0.20151622 -0.20151622 -0.20151622  4.42352785 -0.20151622 -0.20151622
  1.18524898 -0.20151622 -0.20151622 -0.20151622  2.7233181  -0.20151622
 -0.20151622  3.17049404 -0.20151622 -0.20151622  4.36640772 -0.20151622
  5.37697512  2.8605578  -0.20151622 -0.20151622 -0.20151622  8.38068959
 -0.20151622 -0.20151622 -0.20151622 -0.20151622 -0.20151622 -0.20151622
 -0.20151622 -0.20151622 -0.20151622 -0.20151622 -0.20151622 -0.20151622
 -0.20151622 -0.20151622 -0.20151622 -0.20151622 -0.20151622 -0.20151622
 -0.20151622 -0.20151622 -0.20151622 -0.20151622 -0.20151622  3.89802788
 -0.20151622 -0.20151622 -0.20151622 -0.20151622 -0.20151622 -0.20151622
 -0.20151622 -0.20151622 -0.20151622 -0.20151622 -0.20151622 -0.20151622
 -0.20151622 -0.20151622 -0.20151622 -0.20151622 -0.20151622 -0.20151622
 -0.20151622 -0.20151622 -0.20151622 -0.20151622 -0.20151622 -0.20151622
 -0.20151622 -0.20151622 -0.20151622 -0.20151622 -0.20151622 -0.20151622
 -0.20151622 -0.20151622 -0.20151622 -0.20151622 -0.20151622 -0.20151622
 -0.20151622 -0.20151622 -0.20151622 -0.20151622 -0.20151622 -0.20151622
 -0.20151622 -0.20151622 -0.20151622 -0.20151622 -0.20151622 -0.20151622
 -0.20151622 -0.20151622 -0.20151622 -0.20151622 -0.20151622 -0.20151622
 -0.20151622 -0.20151622 -0.20151622 -0.20151622 -0.20151622 -0.20151622
 -0.20151622 -0.20151622 -0.20151622 -0.20151622 -0.20151622 -0.20151622
 -0.20151622 -0.20151622 -0.20151622 -0.20151622 -0.20151622 -0.20151622
 -0.20151622 -0.20151622 -0.20151622 -0.20151622 -0.20151622 -0.20151622
 -0.20151622 -0.20151622 -0.20151622 -0.20151622 -0.20151622 -0.20151622
 -0.20151622 -0.20151622 -0.20151622 -0.20151622 -0.20151622 -0.20151622
 -0.20151622 -0.20151622 -0.20151622 -0.20151622 -0.20151622 -0.20151622
 -0.20151622 -0.20151622 -0.20151622 -0.20151622 -0.20151622 -0.20151622
 -0.20151622 -0.20151622 -0.20151622 -0.20151622 -0.20151622 -0.20151622
 -0.20151622 -0.20151622 -0.20151622 -0.20151622 -0.20151622 -0.20151622
 -0.20151622 -0.20151622 -0.20151622 -0.20151622 -0.20151622 -0.20151622
 -0.20151622 -0.20151622 -0.20151622 -0.20151622 -0.20151622 -0.20151622
 -0.20151622 -0.20151622 -0.20151622 -0.20151622 -0.20151622 -0.20151622
 -0.20151622 -0.20151622 -0.20151622 -0.20151622 -0.20151622 -0.20151622
 -0.20151622 -0.20151622 -0.20151622 -0.20151622 -0.20151622 -0.20151622
 -0.20151622 -0.20151622 -0.20151622 -0.20151622 -0.20151622 -0.20151622
 -0.20151622 -0.20151622  5.41540005 -0.20151622  6.12964666 -0.20151622
 -0.20151622 -0.20151622 -0.20151622 -0.20151622 -0.20151622 -0.20151622
 -0.20151622 -0.20151622 -0.20151622 -0.20151622 -0.20151622 -0.20151622
 -0.20151622 -0.20151622 -0.20151622 -0.20151622 -0.20151622 -0.20151622
 -0.20151622 -0.20151622 -0.20151622 -0.20151622 -0.20151622 -0.20151622
 -0.20151622 -0.20151622 -0.20151622 -0.20151622 -0.20151622 -0.20151622
 -0.20151622 -0.20151622 -0.20151622 -0.20151622 -0.20151622 -0.20151622
 -0.20151622 -0.20151622 -0.20151622 -0.20151622 -0.20151622 -0.20151622
 -0.20151622 -0.20151622 -0.20151622 -0.20151622 -0.20151622 -0.20151622
 -0.20151622 -0.20151622 -0.20151622 -0.20151622]",[0.0028395833347373833]
12,"[-0.26335756 -0.26335756 -0.26335756 -0.26335756  2.90546877 -0.26335756
 -0.26335756 -0.26335756 -0.26335756 -0.26335756 -0.26335756 -0.26335756
 -0.26335756 -0.26335756 -0.26335756 -0.26335756 -0.26335756 -0.26335756
 -0.26335756 -0.26335756 -0.26335756 -0.26335756 -0.26335756 -0.26335756
 -0.26335756 -0.26335756 -0.26335756 -0.26335756 -0.26335756 -0.26335756
 -0.26335756 -0.26335756 -0.26335756 -0.26335756 -0.26335756 -0.26335756
 -0.26335756 -0.26335756 -0.26335756 -0.26335756 -0.26335756 -0.26335756
 -0.26335756 -0.26335756 -0.26335756 -0.26335756 -0.26335756 -0.26335756
 -0.26335756 -0.26335756 -0.26335756 -0.26335756 -0.26335756 -0.26335756
 -0.26335756 -0.26335756 -0.26335756 -0.26335756 -0.26335756 -0.26335756
 -0.26335756 -0.26335756 -0.26335756 -0.26335756 -0.26335756 -0.26335756
 -0.26335756 -0.26335756 -0.26335756 -0.26335756 -0.26335756 -0.26335756
 -0.26335756 -0.26335756 -0.26335756 -0.26335756 -0.26335756 -0.26335756
 -0.26335756 -0.26335756 -0.26335756 -0.26335756 -0.26335756  2.90868372
 -0.26335756 -0.26335756 -0.26335756 -0.26335756 -0.26335756  2.27583021
 -0.26335756 -0.26335756 -0.26335756 -0.26335756 -0.26335756 -0.26335756
 -0.26335756 -0.26335756 -0.26335756 -0.26335756 -0.26335756 -0.26335756
 -0.26335756 -0.26335756 -0.26335756 -0.26335756 -0.26335756 -0.26335756
 -0.26335756 -0.26335756  5.03258031 -0.26335756 -0.26335756 -0.26335756
 -0.26335756  3.91773313  6.07493978 -0.26335756 -0.26335756 -0.26335756
 -0.26335756 -0.26335756 -0.26335756 -0.26335756  5.25991595 -0.26335756
 -0.26335756 -0.26335756 -0.26335756 -0.26335756 -0.26335756 -0.26335756
 -0.26335756 -0.26335756 -0.26335756 -0.26335756 -0.26335756 -0.26335756
 -0.26335756 -0.26335756 -0.26335756 -0.26335756 -0.26335756 -0.26335756
 -0.26335756 -0.26335756 -0.26335756 -0.26335756 -0.26335756 -0.26335756
 -0.26335756 -0.26335756 -0.26335756 -0.26335756 -0.26335756 -0.26335756
 -0.26335756 -0.26335756 -0.26335756 -0.26335756 -0.26335756 -0.26335756
 -0.26335756  0.55796002 -0.26335756 -0.26335756 -0.26335756 -0.26335756
 -0.26335756 -0.26335756 -0.26335756 -0.26335756 -0.26335756 -0.26335756
 -0.26335756 -0.26335756 -0.26335756 -0.26335756 -0.26335756 -0.26335756
 -0.26335756 -0.26335756 -0.26335756 -0.26335756 -0.26335756 -0.26335756
 -0.26335756 -0.26335756 -0.26335756 -0.26335756 -0.26335756 -0.26335756
 -0.26335756 -0.26335756 -0.26335756 -0.26335756 -0.26335756 -0.26335756
 -0.26335756 -0.26335756 -0.26335756 -0.26335756 -0.26335756  0.59192994
 -0.26335756 -0.26335756 -0.26335756 -0.26335756 -0.26335756 -0.26335756
  4.52827079 -0.26335756 -0.26335756 -0.26335756 -0.26335756  0.48472027
 -0.26335756 -0.26335756 -0.26335756 -0.26335756 -0.26335756 -0.26335756
 -0.26335756 -0.26335756 -0.26335756 -0.26335756 -0.26335756 -0.26335756
 -0.26335756 -0.26335756 -0.26335756 -0.26335756 -0.26335756 -0.26335756
 -0.26335756  3.04787846 -0.26335756  1.93734742  3.59092732 -0.26335756
  2.84584814 -0.26335756  2.11045396 -0.26335756 -0.26335756 -0.26335756
 -0.26335756 -0.26335756 -0.26335756 -0.26335756 -0.26335756 -0.26335756
 -0.26335756 -0.26335756  3.4902962   5.59649801  2.45903651 -0.26335756
 -0.26335756 -0.26335756  3.02352337  2.27583021 -0.26335756  1.47628973
 -0.26335756 -0.26335756 -0.26335756 -0.26335756 -0.26335756 -0.26335756
  2.80646804 -0.26335756  4.990016   -0.26335756  3.17301384  2.44639967
 -0.26335756  2.23410173 -0.26335756 -0.26335756  1.41850739 -0.26335756
  2.96201562  4.37783979 -0.26335756 -0.26335756 -0.26335756  4.24098497
  1.41421814 -0.26335756 -0.26335756 -0.26335756 -0.26335756  1.03910496
 -0.26335756 -0.26335756 -0.26335756 -0.26335756 -0.26335756  4.25514767
 -0.26335756 -0.26335756 -0.26335756 -0.26335756 -0.26335756 -0.26335756
  3.28416958  4.56287473 -0.26335756 -0.26335756 -0.26335756  1.97782029
 -0.26335756 -0.26335756 -0.26335756 -0.26335756 -0.26335756 -0.26335756
 -0.26335756 -0.26335756 -0.26335756 -0.26335756 -0.26335756 -0.26335756
 -0.26335756 -0.26335756 -0.26335756 -0.26335756 -0.26335756 -0.26335756
 -0.26335756 -0.26335756 -0.26335756 -0.26335756 -0.26335756 -0.26335756
 -0.26335756 -0.26335756 -0.26335756 -0.26335756 -0.26335756 -0.26335756
 -0.26335756 -0.26335756 -0.26335756 -0.26335756 -0.26335756 -0.26335756
 -0.26335756 -0.26335756 -0.26335756 -0.26335756 -0.26335756 -0.26335756
 -0.26335756 -0.26335756 -0.26335756 -0.26335756 -0.26335756 -0.26335756
 -0.26335756 -0.26335756 -0.26335756 -0.26335756 -0.26335756 -0.26335756
 -0.26335756 -0.26335756 -0.26335756 -0.26335756 -0.26335756 -0.26335756
 -0.26335756 -0.26335756 -0.26335756 -0.26335756 -0.26335756 -0.26335756
 -0.26335756 -0.26335756 -0.26335756 -0.26335756 -0.26335756 -0.26335756
 -0.26335756 -0.26335756 -0.26335756 -0.26335756 -0.26335756 -0.26335756
 -0.26335756 -0.26335756 -0.26335756 -0.26335756 -0.26335756 -0.26335756
 -0.26335756 -0.26335756 -0.26335756 -0.26335756 -0.26335756 -0.26335756
 -0.26335756 -0.26335756 -0.26335756 -0.26335756 -0.26335756 -0.26335756
 -0.26335756 -0.26335756 -0.26335756 -0.26335756 -0.26335756 -0.26335756
 -0.26335756 -0.26335756 -0.26335756 -0.26335756 -0.26335756 -0.26335756
 -0.26335756 -0.26335756 -0.26335756 -0.26335756  5.45779699 -0.26335756
 -0.26335756 -0.26335756 -0.26335756 -0.26335756 -0.26335756 -0.26335756
 -0.26335756 -0.26335756 -0.26335756 -0.26335756 -0.26335756 -0.26335756
 -0.26335756 -0.26335756 -0.26335756 -0.26335756 -0.26335756 -0.26335756
  3.91377066 -0.26335756 -0.26335756 -0.26335756 -0.26335756 -0.26335756
 -0.26335756 -0.26335756 -0.26335756 -0.26335756 -0.26335756 -0.26335756
 -0.26335756 -0.26335756 -0.26335756 -0.26335756 -0.26335756 -0.26335756
 -0.26335756 -0.26335756 -0.26335756 -0.26335756 -0.26335756 -0.26335756
 -0.26335756 -0.26335756 -0.26335756 -0.26335756 -0.26335756 -0.26335756
 -0.26335756 -0.26335756 -0.26335756 -0.26335756 -0.26335756 -0.26335756
 -0.26335756 -0.26335756 -0.26335756 -0.26335756 -0.26335756 -0.26335756
 -0.26335756 -0.26335756 -0.26335756 -0.26335756 -0.26335756 -0.26335756
 -0.26335756 -0.26335756 -0.26335756 -0.26335756 -0.26335756 -0.26335756
 -0.26335756 -0.26335756 -0.26335756 -0.26335756 -0.26335756 -0.26335756
 -0.26335756 -0.26335756 -0.26335756 -0.26335756 -0.26335756 -0.26335756
 -0.26335756 -0.26335756 -0.26335756 -0.26335756 -0.26335756 -0.26335756
 -0.26335756 -0.26335756  5.46541794 -0.26335756]",[-0.01842689040152251]
12,"[-0.20721603 -0.20721603 -0.20721603 -0.20721603 -0.20721603 -0.20721603
 -0.20721603 -0.20721603 -0.20721603 -0.20721603 -0.20721603 -0.20721603
 -0.20721603 -0.20721603 -0.20721603 -0.20721603 -0.20721603 -0.20721603
  1.12630642 -0.20721603 -0.20721603 -0.20721603 -0.20721603 -0.20721603
 -0.20721603 -0.20721603 -0.20721603 -0.20721603 -0.20721603 -0.20721603
 -0.20721603 -0.20721603 -0.20721603 -0.20721603 -0.20721603 -0.20721603
 -0.20721603 -0.20721603 -0.20721603 -0.20721603 -0.20721603 -0.20721603
 -0.20721603 -0.20721603 -0.20721603 -0.20721603 -0.20721603 -0.20721603
 -0.20721603 -0.20721603 -0.20721603 -0.20721603 -0.20721603 -0.20721603
 -0.20721603 -0.20721603 -0.20721603 -0.20721603  0.61471353 -0.20721603
 -0.20721603 -0.20721603 -0.20721603 -0.20721603 -0.20721603 -0.20721603
 -0.20721603 -0.20721603 -0.20721603 -0.20721603 -0.20721603 -0.20721603
 -0.20721603 -0.20721603 -0.20721603 -0.20721603 -0.20721603 -0.20721603
 -0.20721603 -0.20721603 -0.20721603 -0.20721603 -0.20721603  2.9627634
 -0.20721603 -0.20721603 -0.20721603 -0.20721603 -0.20721603 -0.20721603
 -0.20721603 -0.20721603 -0.20721603 -0.20721603 -0.20721603 -0.20721603
 -0.20721603 -0.20721603 -0.20721603 -0.20721603 -0.20721603 -0.20721603
 -0.20721603 -0.20721603 -0.20721603 -0.20721603 -0.20721603 -0.20721603
 -0.20721603 -0.20721603  0.8529399  -0.20721603 -0.20721603 -0.20721603
 -0.20721603 -0.20721603 -0.20721603 -0.20721603 -0.20721603 -0.20721603
 -0.20721603 -0.20721603 -0.20721603 -0.20721603 -0.20721603 -0.20721603
 -0.20721603 -0.20721603 -0.20721603 -0.20721603 -0.20721603 -0.20721603
 -0.20721603 -0.20721603 -0.20721603 -0.20721603 -0.20721603 -0.20721603
 -0.20721603 -0.20721603 -0.20721603 -0.20721603 -0.20721603 -0.20721603
 -0.20721603 -0.20721603 -0.20721603 -0.20721603 -0.20721603 -0.20721603
 -0.20721603 -0.20721603 -0.20721603 -0.20721603 -0.20721603 -0.20721603
 -0.20721603 -0.20721603 -0.20721603 -0.20721603 -0.20721603 -0.20721603
 -0.20721603 -0.20721603 -0.20721603 -0.20721603 -0.20721603 -0.20721603
 -0.20721603 -0.20721603 -0.20721603 -0.20721603 -0.20721603 -0.20721603
 -0.20721603 -0.20721603 -0.20721603 -0.20721603 -0.20721603 -0.20721603
 -0.20721603 -0.20721603 -0.20721603 -0.20721603 -0.20721603 -0.20721603
 -0.20721603 -0.20721603 -0.20721603 -0.20721603 -0.20721603 -0.20721603
 -0.20721603 -0.20721603 -0.20721603 -0.20721603 -0.20721603 -0.20721603
 -0.20721603 -0.20721603  4.64762297 -0.20721603 -0.20721603 -0.20721603
 -0.20721603 -0.20721603 -0.20721603 -0.20721603 -0.20721603 -0.20721603
  2.46763711 -0.20721603  2.03680568 -0.20721603 -0.20721603  2.52880925
 -0.20721603 -0.20721603 -0.20721603 -0.20721603 -0.20721603 -0.20721603
 -0.20721603 -0.20721603 -0.20721603 -0.20721603 -0.20721603 -0.20721603
 -0.20721603 -0.20721603 -0.20721603 -0.20721603 -0.20721603 -0.20721603
 -0.20721603  4.64391232 -0.20721603 -0.20721603 -0.20721603 -0.20721603
  5.51956905 -0.20721603 -0.20721603 -0.20721603 -0.20721603 -0.20721603
 -0.20721603 -0.20721603 -0.20721603 -0.20721603 -0.20721603 -0.20721603
 -0.20721603 -0.20721603 -0.20721603 -0.20721603 -0.20721603 -0.20721603
 -0.20721603 -0.20721603  2.87860189  4.62817751 -0.20721603  0.38057691
 -0.20721603 -0.20721603 -0.20721603 -0.20721603 -0.20721603 -0.20721603
 -0.20721603 -0.20721603  0.91768616 -0.20721603  5.12252245 -0.20721603
 -0.20721603 -0.20721603 -0.20721603 -0.20721603  0.15213799 -0.20721603
 -0.20721603  5.00616218 -0.20721603 -0.20721603 -0.20721603  8.44955941
 -0.20721603 -0.20721603 -0.20721603 -0.20721603 -0.20721603 -0.20721603
 -0.20721603 -0.20721603 -0.20721603 -0.20721603 -0.20721603 -0.20721603
 -0.20721603 -0.20721603 -0.20721603 -0.20721603 -0.20721603 -0.20721603
 -0.20721603 -0.20721603 -0.20721603 -0.20721603 -0.20721603  5.24500906
 -0.20721603  2.41818516 -0.20721603 -0.20721603 -0.20721603 -0.20721603
 -0.20721603 -0.20721603 -0.20721603 -0.20721603 -0.20721603 -0.20721603
 -0.20721603 -0.20721603 -0.20721603 -0.20721603 -0.20721603 -0.20721603
 -0.20721603 -0.20721603 -0.20721603 -0.20721603 -0.20721603 -0.20721603
 -0.20721603 -0.20721603 -0.20721603 -0.20721603 -0.20721603 -0.20721603
 -0.20721603 -0.20721603 -0.20721603 -0.20721603 -0.20721603 -0.20721603
 -0.20721603 -0.20721603 -0.20721603 -0.20721603 -0.20721603 -0.20721603
 -0.20721603 -0.20721603 -0.20721603 -0.20721603 -0.20721603 -0.20721603
 -0.20721603 -0.20721603 -0.20721603 -0.20721603 -0.20721603 -0.20721603
 -0.20721603 -0.20721603 -0.20721603 -0.20721603 -0.20721603 -0.20721603
 -0.20721603 -0.20721603 -0.20721603 -0.20721603 -0.20721603 -0.20721603
 -0.20721603 -0.20721603 -0.20721603 -0.20721603 -0.20721603 -0.20721603
 -0.20721603 -0.20721603 -0.20721603 -0.20721603 -0.20721603 -0.20721603
 -0.20721603 -0.20721603 -0.20721603 -0.20721603 -0.20721603 -0.20721603
 -0.20721603 -0.20721603 -0.20721603 -0.20721603 -0.20721603 -0.20721603
 -0.20721603 -0.20721603 -0.20721603 -0.20721603 -0.20721603 -0.20721603
 -0.20721603 -0.20721603 -0.20721603 -0.20721603 -0.20721603 -0.20721603
 -0.20721603 -0.20721603 -0.20721603 -0.20721603 -0.20721603 -0.20721603
 -0.20721603 -0.20721603 -0.20721603 -0.20721603 -0.20721603 -0.20721603
 -0.20721603 -0.20721603 -0.20721603 -0.20721603  3.55672642 -0.20721603
 -0.20721603 -0.20721603 -0.20721603 -0.20721603 -0.20721603 -0.20721603
 -0.20721603 -0.20721603 -0.20721603 -0.20721603 -0.20721603 -0.20721603
 -0.20721603 -0.20721603 -0.20721603 -0.20721603 -0.20721603 -0.20721603
  0.66465289 -0.20721603 -0.20721603 -0.20721603 -0.20721603 -0.20721603
 -0.20721603 -0.20721603 -0.20721603 -0.20721603 -0.20721603 -0.20721603
 -0.20721603 -0.20721603  6.19471863 -0.20721603  7.25207442 -0.20721603
  5.94117192  4.80866816 -0.20721603 -0.20721603  5.29799279  4.36482816
 -0.20721603 -0.20721603 -0.20721603 -0.20721603 -0.20721603 -0.20721603
 -0.20721603 -0.20721603 -0.20721603 -0.20721603 -0.20721603 -0.20721603
 -0.20721603 -0.20721603 -0.20721603 -0.20721603 -0.20721603 -0.20721603
 -0.20721603 -0.20721603 -0.20721603 -0.20721603 -0.20721603 -0.20721603
 -0.20721603 -0.20721603 -0.20721603 -0.20721603 -0.20721603 -0.20721603
 -0.20721603 -0.20721603 -0.20721603 -0.20721603 -0.20721603 -0.20721603
 -0.20721603 -0.20721603 -0.20721603 -0.20721603 -0.20721603 -0.20721603
 -0.20721603 -0.20721603  1.06253924 -0.20721603]",[-0.018859173466421575]
12,"[-0.22696408 -0.22696408 -0.22696408 -0.22696408 -0.22696408 -0.22696408
 -0.22696408 -0.22696408 -0.22696408 -0.22696408 -0.22696408 -0.22696408
 -0.22696408 -0.22696408 -0.22696408 -0.22696408 -0.22696408 -0.22696408
 -0.22696408 -0.22696408 -0.22696408 -0.22696408 -0.22696408 -0.22696408
 -0.22696408 -0.22696408 -0.22696408 -0.22696408 -0.22696408 -0.22696408
 -0.22696408 -0.22696408 -0.22696408 -0.22696408 -0.22696408 -0.22696408
 -0.22696408 -0.22696408 -0.22696408 -0.22696408 -0.22696408 -0.22696408
 -0.22696408 -0.22696408 -0.22696408 -0.22696408 -0.22696408 -0.22696408
 -0.22696408 -0.22696408 -0.22696408 -0.22696408 -0.22696408 -0.22696408
 -0.22696408 -0.22696408 -0.22696408 -0.22696408  1.01717442 -0.22696408
 -0.22696408 -0.22696408 -0.22696408 -0.22696408 -0.22696408 -0.22696408
 -0.22696408 -0.22696408 -0.22696408 -0.22696408 -0.22696408 -0.22696408
 -0.22696408 -0.22696408 -0.22696408 -0.22696408 -0.22696408 -0.22696408
 -0.22696408 -0.22696408 -0.22696408 -0.22696408 -0.22696408  4.0314817
 -0.22696408 -0.22696408 -0.22696408 -0.22696408 -0.22696408 -0.22696408
 -0.22696408 -0.22696408  2.92328182 -0.22696408 -0.22696408 -0.22696408
 -0.22696408 -0.22696408 -0.22696408 -0.22696408 -0.22696408 -0.22696408
 -0.22696408 -0.22696408 -0.22696408 -0.22696408 -0.22696408 -0.22696408
 -0.22696408 -0.22696408  0.56985875 -0.22696408 -0.22696408 -0.22696408
 -0.22696408 -0.22696408 -0.22696408 -0.22696408 -0.22696408 -0.22696408
 -0.22696408 -0.22696408 -0.22696408 -0.22696408 -0.22696408 -0.22696408
 -0.22696408 -0.22696408 -0.22696408 -0.22696408 -0.22696408 -0.22696408
 -0.22696408 -0.22696408 -0.22696408 -0.22696408 -0.22696408 -0.22696408
 -0.22696408 -0.22696408 -0.22696408 -0.22696408 -0.22696408 -0.22696408
 -0.22696408 -0.22696408 -0.22696408 -0.22696408 -0.22696408 -0.22696408
 -0.22696408 -0.22696408 -0.22696408 -0.22696408 -0.22696408 -0.22696408
 -0.22696408 -0.22696408 -0.22696408 -0.22696408 -0.22696408 -0.22696408
 -0.22696408 -0.22696408 -0.22696408 -0.22696408 -0.22696408 -0.22696408
 -0.22696408 -0.22696408 -0.22696408 -0.22696408 -0.22696408 -0.22696408
 -0.22696408 -0.22696408 -0.22696408 -0.22696408 -0.22696408 -0.22696408
 -0.22696408 -0.22696408 -0.22696408 -0.22696408 -0.22696408 -0.22696408
 -0.22696408 -0.22696408 -0.22696408 -0.22696408 -0.22696408 -0.22696408
 -0.22696408 -0.22696408  2.15442322 -0.22696408 -0.22696408 -0.22696408
 -0.22696408 -0.22696408 -0.22696408 -0.22696408 -0.22696408  0.34808351
 -0.22696408 -0.22696408 -0.22696408 -0.22696408 -0.22696408 -0.22696408
  2.00882902 -0.22696408  2.31977352 -0.22696408 -0.22696408  5.34775506
 -0.22696408 -0.22696408 -0.22696408 -0.22696408 -0.22696408 -0.22696408
 -0.22696408 -0.22696408 -0.22696408 -0.22696408 -0.22696408 -0.22696408
 -0.22696408 -0.22696408 -0.22696408 -0.22696408 -0.22696408 -0.22696408
 -0.22696408  3.67121838 -0.22696408  4.32703477  2.17163536 -0.22696408
  5.94644414  6.04043889 -0.22696408 -0.22696408 -0.22696408 -0.22696408
 -0.22696408 -0.22696408 -0.22696408 -0.22696408 -0.22696408 -0.22696408
 -0.22696408 -0.22696408 -0.22696408 -0.22696408  1.3571042  -0.22696408
 -0.22696408 -0.22696408  5.34872868  4.54398437 -0.22696408  1.98401597
 -0.22696408 -0.22696408 -0.22696408 -0.22696408 -0.22696408 -0.22696408
 -0.22696408 -0.22696408  2.1074216  -0.22696408  4.84099378 -0.22696408
 -0.22696408 -0.22696408 -0.22696408 -0.22696408 -0.22696408 -0.22696408
  4.32643884  4.80077824 -0.22696408 -0.22696408 -0.22696408  6.57475928
  1.64040404 -0.22696408 -0.22696408 -0.22696408 -0.22696408  0.80199502
 -0.22696408 -0.22696408 -0.22696408 -0.22696408 -0.22696408 -0.22696408
 -0.22696408  4.81945808 -0.22696408 -0.22696408 -0.22696408 -0.22696408
 -0.22696408 -0.22696408 -0.22696408 -0.22696408 -0.22696408  1.46292981
 -0.22696408 -0.22696408 -0.22696408 -0.22696408 -0.22696408 -0.22696408
 -0.22696408 -0.22696408 -0.22696408 -0.22696408 -0.22696408 -0.22696408
 -0.22696408 -0.22696408 -0.22696408 -0.22696408 -0.22696408 -0.22696408
 -0.22696408 -0.22696408 -0.22696408 -0.22696408 -0.22696408 -0.22696408
 -0.22696408 -0.22696408 -0.22696408 -0.22696408 -0.22696408 -0.22696408
 -0.22696408 -0.22696408 -0.22696408 -0.22696408 -0.22696408 -0.22696408
 -0.22696408 -0.22696408 -0.22696408 -0.22696408 -0.22696408 -0.22696408
 -0.22696408 -0.22696408 -0.22696408 -0.22696408 -0.22696408 -0.22696408
 -0.22696408 -0.22696408 -0.22696408 -0.22696408 -0.22696408 -0.22696408
 -0.22696408 -0.22696408 -0.22696408 -0.22696408 -0.22696408 -0.22696408
 -0.22696408 -0.22696408 -0.22696408 -0.22696408 -0.22696408 -0.22696408
 -0.22696408 -0.22696408 -0.22696408 -0.22696408 -0.22696408 -0.22696408
 -0.22696408 -0.22696408 -0.22696408 -0.22696408 -0.22696408 -0.22696408
 -0.22696408 -0.22696408 -0.22696408 -0.22696408 -0.22696408 -0.22696408
 -0.22696408 -0.22696408 -0.22696408 -0.22696408 -0.22696408 -0.22696408
 -0.22696408 -0.22696408 -0.22696408 -0.22696408 -0.22696408 -0.22696408
 -0.22696408 -0.22696408 -0.22696408 -0.22696408 -0.22696408 -0.22696408
 -0.22696408 -0.22696408 -0.22696408 -0.22696408 -0.22696408 -0.22696408
 -0.22696408 -0.22696408 -0.22696408 -0.22696408 -0.22696408 -0.22696408
 -0.22696408 -0.22696408 -0.22696408 -0.22696408 -0.22696408 -0.22696408
 -0.22696408 -0.22696408 -0.22696408 -0.22696408 -0.22696408 -0.22696408
 -0.22696408 -0.22696408 -0.22696408 -0.22696408 -0.22696408 -0.22696408
 -0.22696408 -0.22696408 -0.22696408 -0.22696408 -0.22696408 -0.22696408
  1.62498268 -0.22696408 -0.22696408 -0.22696408 -0.22696408 -0.22696408
 -0.22696408 -0.22696408 -0.22696408 -0.22696408 -0.22696408 -0.22696408
 -0.22696408 -0.22696408  5.08333205 -0.22696408  5.92682151 -0.22696408
  6.93200968 -0.22696408 -0.22696408 -0.22696408 -0.22696408 -0.22696408
 -0.22696408 -0.22696408 -0.22696408 -0.22696408 -0.22696408 -0.22696408
 -0.22696408 -0.22696408 -0.22696408 -0.22696408 -0.22696408 -0.22696408
 -0.22696408 -0.22696408  2.94290925 -0.22696408 -0.22696408  0.53500901
 -0.22696408 -0.22696408 -0.22696408 -0.22696408 -0.22696408 -0.22696408
 -0.22696408 -0.22696408 -0.22696408 -0.22696408 -0.22696408 -0.22696408
 -0.22696408 -0.22696408 -0.22696408 -0.22696408 -0.22696408 -0.22696408
 -0.22696408 -0.22696408 -0.22696408 -0.22696408 -0.22696408 -0.22696408
 -0.22696408 -0.22696408 -0.22696408 -0.22696408]",[-0.018221144391728422]
12,"[-0.23666569 -0.23666569 -0.23666569 -0.23666569 -0.23666569 -0.23666569
 -0.23666569 -0.23666569 -0.23666569 -0.23666569 -0.23666569 -0.23666569
 -0.23666569 -0.23666569 -0.23666569 -0.23666569 -0.23666569 -0.23666569
 -0.23666569 -0.23666569 -0.23666569 -0.23666569 -0.23666569 -0.23666569
 -0.23666569 -0.23666569 -0.23666569 -0.23666569 -0.23666569 -0.23666569
 -0.23666569 -0.23666569 -0.23666569 -0.23666569 -0.23666569 -0.23666569
 -0.23666569 -0.23666569 -0.23666569 -0.23666569 -0.23666569 -0.23666569
 -0.23666569 -0.23666569 -0.23666569 -0.23666569 -0.23666569 -0.23666569
 -0.23666569 -0.23666569 -0.23666569 -0.23666569 -0.23666569 -0.23666569
 -0.23666569 -0.23666569 -0.23666569 -0.23666569 -0.23666569 -0.23666569
 -0.23666569 -0.23666569 -0.23666569 -0.23666569 -0.23666569 -0.23666569
 -0.23666569 -0.23666569 -0.23666569 -0.23666569 -0.23666569 -0.23666569
 -0.23666569 -0.23666569 -0.23666569 -0.23666569 -0.23666569 -0.23666569
 -0.23666569 -0.23666569 -0.23666569 -0.23666569 -0.23666569  5.73777922
 -0.23666569 -0.23666569 -0.23666569 -0.23666569 -0.23666569 -0.23666569
 -0.23666569 -0.23666569 -0.23666569 -0.23666569 -0.23666569 -0.23666569
 -0.23666569 -0.23666569 -0.23666569 -0.23666569 -0.23666569 -0.23666569
 -0.23666569 -0.23666569 -0.23666569 -0.23666569 -0.23666569 -0.23666569
 -0.23666569 -0.23666569  5.96001999 -0.23666569 -0.23666569 -0.23666569
  3.33777448 -0.23666569 -0.23666569 -0.23666569 -0.23666569 -0.23666569
 -0.23666569 -0.23666569 -0.23666569  0.29575623 -0.23666569 -0.23666569
 -0.23666569 -0.23666569 -0.23666569 -0.23666569 -0.23666569 -0.23666569
 -0.23666569 -0.23666569 -0.23666569 -0.23666569 -0.23666569 -0.23666569
 -0.23666569 -0.23666569 -0.23666569 -0.23666569 -0.23666569 -0.23666569
 -0.23666569 -0.23666569 -0.23666569 -0.23666569 -0.23666569 -0.23666569
 -0.23666569 -0.23666569 -0.23666569 -0.23666569 -0.23666569 -0.23666569
 -0.23666569 -0.23666569 -0.23666569 -0.23666569 -0.23666569 -0.23666569
 -0.23666569 -0.23666569 -0.23666569 -0.23666569 -0.23666569 -0.23666569
 -0.23666569 -0.23666569 -0.23666569 -0.23666569 -0.23666569 -0.23666569
 -0.23666569 -0.23666569 -0.23666569 -0.23666569 -0.23666569 -0.23666569
 -0.23666569 -0.23666569 -0.23666569 -0.23666569 -0.23666569 -0.23666569
 -0.23666569 -0.23666569 -0.23666569 -0.23666569 -0.23666569 -0.23666569
 -0.23666569 -0.23666569 -0.23666569 -0.23666569 -0.23666569 -0.23666569
  2.24944057 -0.23666569 -0.23666569 -0.23666569 -0.23666569 -0.23666569
 -0.23666569 -0.23666569 -0.23666569 -0.23666569 -0.23666569 -0.23666569
 -0.23666569 -0.23666569 -0.14414314 -0.23666569 -0.23666569  1.34552315
 -0.23666569 -0.23666569 -0.23666569 -0.23666569 -0.23666569 -0.23666569
 -0.23666569 -0.23666569 -0.23666569 -0.23666569 -0.23666569 -0.23666569
 -0.23666569 -0.23666569 -0.23666569 -0.23666569 -0.23666569 -0.23666569
 -0.23666569  3.17022533 -0.23666569  3.26797054  3.22223862 -0.23666569
  3.27457605  1.8517409  -0.23666569 -0.23666569 -0.23666569 -0.23666569
 -0.23666569 -0.23666569 -0.23666569 -0.23666569 -0.23666569 -0.23666569
 -0.23666569 -0.23666569 -0.23666569  4.98653879  3.28259604 -0.23666569
 -0.23666569 -0.23666569  4.15732422  3.20606866 -0.23666569  2.46027629
 -0.23666569 -0.23666569 -0.23666569  0.97377755  1.6052122  -0.23666569
 -0.23666569 -0.23666569  5.36566991 -0.23666569  3.1432318   5.26298854
 -0.23666569 -0.23666569 -0.23666569 -0.23666569  2.29023197 -0.23666569
 -0.23666569  2.4789292  -0.23666569 -0.23666569  5.28855473  2.66896771
 -0.23666569 -0.23666569 -0.23666569 -0.23666569 -0.23666569  1.1387687
 -0.23666569 -0.23666569 -0.23666569 -0.23666569 -0.23666569 -0.23666569
 -0.23666569 -0.23666569 -0.23666569 -0.23666569  3.92068476 -0.23666569
  2.09709664 -0.23666569 -0.23666569 -0.23666569 -0.23666569  0.54058029
 -0.23666569 -0.23666569 -0.23666569 -0.23666569 -0.23666569 -0.23666569
 -0.23666569 -0.23666569 -0.23666569 -0.23666569 -0.23666569 -0.23666569
 -0.23666569 -0.23666569 -0.23666569 -0.23666569 -0.23666569 -0.23666569
 -0.23666569 -0.23666569 -0.23666569 -0.23666569 -0.23666569 -0.23666569
 -0.23666569 -0.23666569 -0.23666569 -0.23666569 -0.23666569 -0.23666569
 -0.23666569 -0.23666569 -0.23666569 -0.23666569 -0.23666569 -0.23666569
 -0.23666569 -0.23666569 -0.23666569 -0.23666569 -0.23666569 -0.23666569
 -0.23666569 -0.23666569 -0.23666569 -0.23666569 -0.23666569 -0.23666569
 -0.23666569 -0.23666569 -0.23666569 -0.23666569 -0.23666569 -0.23666569
 -0.23666569 -0.23666569 -0.23666569 -0.23666569 -0.23666569 -0.23666569
 -0.23666569 -0.23666569 -0.23666569 -0.23666569 -0.23666569 -0.23666569
 -0.23666569 -0.23666569 -0.23666569 -0.23666569 -0.23666569 -0.23666569
 -0.23666569 -0.23666569 -0.23666569 -0.23666569 -0.23666569 -0.23666569
 -0.23666569 -0.23666569 -0.23666569 -0.23666569 -0.23666569 -0.23666569
 -0.23666569 -0.23666569 -0.23666569 -0.23666569 -0.23666569 -0.23666569
 -0.23666569 -0.23666569 -0.23666569 -0.23666569 -0.23666569 -0.23666569
 -0.23666569 -0.23666569 -0.23666569 -0.23666569 -0.23666569 -0.23666569
 -0.23666569 -0.23666569 -0.23666569 -0.23666569 -0.23666569 -0.23666569
 -0.23666569 -0.23666569 -0.23666569 -0.23666569  5.83606149 -0.23666569
 -0.23666569 -0.23666569 -0.23666569 -0.23666569 -0.23666569 -0.23666569
 -0.23666569 -0.23666569 -0.23666569 -0.23666569 -0.23666569 -0.23666569
 -0.23666569 -0.23666569 -0.23666569 -0.23666569 -0.23666569 -0.23666569
 -0.23666569 -0.23666569 -0.23666569 -0.23666569 -0.23666569 -0.23666569
 -0.23666569 -0.23666569 -0.23666569 -0.23666569 -0.23666569 -0.23666569
 -0.23666569 -0.23666569 -0.23666569 -0.23666569 -0.23666569 -0.23666569
 -0.23666569 -0.23666569  2.71862321 -0.23666569  5.66401769 -0.23666569
 -0.23666569 -0.23666569 -0.23666569 -0.23666569 -0.23666569 -0.23666569
 -0.23666569 -0.23666569 -0.23666569 -0.23666569 -0.23666569 -0.23666569
 -0.23666569 -0.23666569 -0.23666569 -0.23666569 -0.23666569 -0.23666569
 -0.23666569  4.20075515 -0.23666569 -0.23666569 -0.23666569 -0.23666569
 -0.23666569 -0.23666569 -0.23666569 -0.23666569 -0.23666569 -0.23666569
 -0.23666569 -0.23666569 -0.23666569 -0.23666569 -0.23666569 -0.23666569
 -0.23666569 -0.23666569 -0.23666569 -0.23666569 -0.23666569 -0.23666569
 -0.23666569 -0.23666569 -0.23666569 -0.23666569 -0.23666569 -0.23666569
 -0.23666569 -0.23666569  7.92700339 -0.23666569]",[0.0007262723682045502]
12,"[-0.21947168 -0.21947168 -0.21947168 -0.21947168  0.332657   -0.21947168
 -0.21947168 -0.21947168 -0.21947168 -0.21947168 -0.21947168 -0.21947168
 -0.21947168 -0.21947168 -0.21947168 -0.21947168 -0.21947168 -0.21947168
 -0.21947168 -0.21947168 -0.21947168 -0.21947168 -0.21947168 -0.21947168
 -0.21947168 -0.21947168 -0.21947168 -0.21947168 -0.21947168 -0.21947168
 -0.21947168 -0.21947168 -0.21947168 -0.21947168 -0.21947168 -0.21947168
 -0.21947168 -0.21947168 -0.21947168 -0.21947168 -0.21947168 -0.21947168
 -0.21947168 -0.21947168 -0.21947168 -0.21947168 -0.21947168 -0.21947168
 -0.21947168 -0.21947168 -0.21947168 -0.21947168 -0.21947168 -0.21947168
 -0.21947168 -0.21947168 -0.21947168 -0.21947168 -0.21947168 -0.21947168
 -0.21947168 -0.21947168 -0.21947168 -0.21947168 -0.21947168 -0.21947168
 -0.21947168 -0.21947168 -0.21947168 -0.21947168 -0.21947168 -0.21947168
 -0.21947168 -0.21947168 -0.21947168 -0.21947168 -0.21947168 -0.21947168
 -0.21947168 -0.21947168 -0.21947168 -0.21947168 -0.21947168  7.29590961
 -0.21947168 -0.21947168 -0.21947168 -0.21947168 -0.21947168 -0.21947168
 -0.21947168 -0.21947168  1.88807591 -0.21947168 -0.21947168 -0.21947168
 -0.21947168 -0.21947168 -0.21947168 -0.21947168 -0.21947168 -0.21947168
 -0.21947168 -0.21947168 -0.21947168 -0.21947168 -0.21947168 -0.21947168
  3.19019341 -0.21947168  7.0369574   1.80698661 -0.21947168 -0.21947168
  4.69081735 -0.21947168  4.77090349 -0.21947168 -0.21947168 -0.21947168
 -0.21947168 -0.21947168 -0.21947168 -0.21947168  1.89782344 -0.21947168
 -0.21947168 -0.21947168 -0.21947168 -0.21947168 -0.21947168 -0.21947168
 -0.21947168 -0.21947168 -0.21947168 -0.21947168 -0.21947168 -0.21947168
 -0.21947168 -0.21947168 -0.21947168 -0.21947168 -0.21947168 -0.21947168
 -0.21947168 -0.21947168 -0.21947168 -0.21947168 -0.21947168 -0.21947168
 -0.21947168 -0.21947168 -0.21947168 -0.21947168 -0.21947168 -0.21947168
 -0.21947168 -0.21947168 -0.21947168 -0.21947168 -0.21947168 -0.21947168
 -0.21947168 -0.21947168 -0.21947168 -0.21947168 -0.21947168 -0.21947168
 -0.21947168 -0.21947168 -0.21947168 -0.21947168 -0.21947168 -0.21947168
 -0.21947168 -0.21947168 -0.21947168 -0.21947168 -0.21947168 -0.21947168
 -0.21947168 -0.21947168 -0.21947168 -0.21947168 -0.21947168 -0.21947168
 -0.21947168 -0.21947168 -0.21947168 -0.21947168 -0.21947168 -0.21947168
 -0.21947168 -0.21947168 -0.21947168 -0.21947168 -0.21947168 -0.21947168
 -0.21947168 -0.21947168 -0.21947168 -0.21947168 -0.21947168  1.45910987
 -0.21947168 -0.21947168 -0.21947168 -0.21947168 -0.21947168 -0.21947168
  1.58117889 -0.21947168  0.26282787 -0.21947168 -0.21947168  1.18978152
 -0.21947168 -0.21947168 -0.21947168 -0.21947168 -0.21947168 -0.21947168
 -0.21947168 -0.21947168 -0.21947168 -0.21947168 -0.21947168 -0.21947168
 -0.21947168 -0.21947168 -0.21947168 -0.21947168 -0.21947168 -0.21947168
 -0.21947168  3.32594935 -0.21947168  3.77719182  3.51252794 -0.21947168
  4.68532712 -0.21947168 -0.21947168 -0.21947168 -0.21947168 -0.21947168
 -0.21947168 -0.21947168 -0.21947168 -0.21947168 -0.21947168 -0.21947168
 -0.21947168 -0.21947168 -0.21947168 -0.21947168 -0.21947168 -0.21947168
 -0.21947168 -0.21947168 -0.21947168  3.79856897 -0.21947168  0.02152442
 -0.21947168 -0.21947168 -0.21947168 -0.21947168 -0.21947168 -0.21947168
 -0.21947168 -0.21947168 -0.21947168 -0.21947168  3.11008464 -0.21947168
 -0.21947168 -0.21947168 -0.21947168 -0.21947168 -0.21947168 -0.21947168
 -0.21947168  3.04182481 -0.21947168 -0.21947168 -0.21947168  6.27420245
 -0.21947168 -0.21947168 -0.21947168 -0.21947168 -0.21947168 -0.21947168
  3.73186453 -0.21947168 -0.21947168 -0.21947168 -0.21947168 -0.21947168
 -0.21947168 -0.21947168 -0.21947168 -0.21947168  4.07049586 -0.21947168
  1.58117889 -0.21947168 -0.21947168 -0.21947168 -0.21947168  5.63421088
 -0.21947168  1.25414168 -0.21947168 -0.21947168 -0.21947168 -0.21947168
 -0.21947168 -0.21947168 -0.21947168 -0.21947168  1.48788726 -0.21947168
 -0.21947168 -0.21947168 -0.21947168 -0.21947168 -0.21947168 -0.21947168
 -0.21947168 -0.21947168 -0.21947168 -0.21947168 -0.21947168 -0.21947168
 -0.21947168 -0.21947168 -0.21947168 -0.21947168 -0.21947168 -0.21947168
 -0.21947168 -0.21947168 -0.21947168 -0.21947168 -0.21947168 -0.21947168
 -0.21947168 -0.21947168 -0.21947168 -0.21947168 -0.21947168 -0.21947168
 -0.21947168 -0.21947168 -0.21947168 -0.21947168 -0.21947168 -0.21947168
 -0.21947168 -0.21947168 -0.21947168 -0.21947168 -0.21947168 -0.21947168
 -0.21947168 -0.21947168 -0.21947168 -0.21947168 -0.21947168 -0.21947168
 -0.21947168 -0.21947168 -0.21947168 -0.21947168 -0.21947168 -0.21947168
 -0.21947168 -0.21947168 -0.21947168 -0.21947168 -0.21947168 -0.21947168
 -0.21947168 -0.21947168 -0.21947168 -0.21947168 -0.21947168 -0.21947168
 -0.21947168 -0.21947168 -0.21947168 -0.21947168 -0.21947168 -0.21947168
 -0.21947168 -0.21947168 -0.21947168 -0.21947168 -0.21947168 -0.21947168
 -0.21947168 -0.21947168 -0.21947168 -0.21947168 -0.21947168 -0.21947168
 -0.21947168 -0.21947168 -0.21947168 -0.21947168 -0.21947168 -0.21947168
 -0.21947168 -0.21947168 -0.21947168 -0.21947168 -0.21947168 -0.21947168
 -0.21947168 -0.21947168 -0.21947168 -0.21947168 -0.21947168 -0.21947168
 -0.21947168 -0.21947168 -0.21947168 -0.21947168 -0.21947168 -0.21947168
 -0.21947168 -0.21947168 -0.21947168 -0.21947168 -0.21947168 -0.21947168
 -0.21947168 -0.21947168 -0.21947168 -0.21947168 -0.21947168 -0.21947168
 -0.21947168 -0.21947168 -0.21947168 -0.21947168 -0.21947168 -0.21947168
 -0.21947168 -0.21947168 -0.21947168 -0.21947168 -0.21947168 -0.21947168
 -0.21947168 -0.21947168 -0.21947168 -0.21947168 -0.21947168 -0.21947168
 -0.21947168 -0.21947168  3.72196334 -0.21947168 -0.21947168 -0.21947168
  6.08642708 -0.21947168 -0.21947168 -0.21947168 -0.21947168 -0.21947168
 -0.21947168 -0.21947168 -0.21947168 -0.21947168 -0.21947168 -0.21947168
 -0.21947168 -0.21947168 -0.21947168 -0.21947168 -0.21947168 -0.21947168
 -0.21947168  2.61076702 -0.21947168 -0.21947168 -0.21947168 -0.21947168
 -0.21947168 -0.21947168 -0.21947168 -0.21947168 -0.21947168 -0.21947168
 -0.21947168 -0.21947168 -0.21947168 -0.21947168 -0.21947168 -0.21947168
 -0.21947168 -0.21947168 -0.21947168 -0.21947168 -0.21947168 -0.21947168
 -0.21947168 -0.21947168 -0.21947168 -0.21947168 -0.21947168 -0.21947168
 -0.21947168 -0.21947168  7.97281734 -0.21947168]",[0.005462753420786587]
12,"[-0.2100031  -0.2100031  -0.2100031  -0.2100031  -0.16931312 -0.2100031
 -0.2100031  -0.2100031  -0.2100031  -0.2100031  -0.2100031  -0.2100031
 -0.2100031  -0.2100031  -0.2100031  -0.2100031  -0.2100031  -0.2100031
 -0.2100031  -0.2100031  -0.2100031  -0.2100031  -0.2100031  -0.2100031
 -0.2100031  -0.2100031  -0.2100031  -0.2100031  -0.2100031  -0.2100031
 -0.2100031  -0.2100031  -0.2100031  -0.2100031  -0.2100031  -0.2100031
 -0.2100031  -0.2100031  -0.2100031  -0.2100031  -0.2100031  -0.2100031
 -0.2100031  -0.2100031  -0.2100031  -0.2100031  -0.2100031  -0.2100031
 -0.2100031  -0.2100031  -0.2100031  -0.2100031  -0.2100031  -0.2100031
 -0.2100031  -0.2100031  -0.2100031  -0.2100031  -0.2100031  -0.2100031
 -0.2100031  -0.2100031  -0.2100031  -0.2100031  -0.2100031  -0.2100031
 -0.2100031  -0.2100031  -0.2100031  -0.2100031  -0.2100031  -0.2100031
 -0.2100031  -0.2100031  -0.2100031  -0.2100031  -0.2100031  -0.2100031
 -0.2100031  -0.2100031  -0.2100031  -0.2100031  -0.2100031   8.81313002
 -0.2100031  -0.2100031  -0.2100031  -0.2100031  -0.2100031   7.5109852
 -0.2100031  -0.2100031  -0.2100031  -0.2100031  -0.2100031  -0.2100031
 -0.2100031  -0.2100031  -0.2100031  -0.2100031  -0.2100031  -0.2100031
 -0.2100031  -0.2100031  -0.2100031  -0.2100031  -0.2100031  -0.2100031
 -0.2100031  -0.2100031   6.0661117  -0.2100031  -0.2100031  -0.2100031
 -0.2100031  -0.2100031   3.59439    -0.2100031  -0.2100031  -0.2100031
 -0.2100031  -0.2100031  -0.2100031   0.30244324 -0.2100031  -0.2100031
 -0.2100031  -0.2100031  -0.2100031  -0.2100031  -0.2100031  -0.2100031
 -0.2100031  -0.2100031  -0.2100031  -0.2100031  -0.2100031  -0.2100031
 -0.2100031  -0.2100031  -0.2100031  -0.2100031  -0.2100031  -0.2100031
 -0.2100031  -0.2100031  -0.2100031  -0.2100031  -0.2100031  -0.2100031
 -0.2100031  -0.2100031  -0.2100031  -0.2100031  -0.2100031  -0.2100031
 -0.2100031  -0.2100031  -0.2100031  -0.2100031  -0.2100031  -0.2100031
 -0.2100031   0.22134087 -0.2100031  -0.2100031  -0.2100031  -0.2100031
 -0.2100031  -0.2100031  -0.2100031  -0.2100031  -0.2100031   2.46158476
 -0.2100031  -0.2100031  -0.2100031  -0.2100031  -0.2100031  -0.2100031
 -0.2100031  -0.2100031  -0.2100031  -0.2100031  -0.2100031  -0.2100031
 -0.2100031  -0.2100031  -0.2100031  -0.2100031  -0.2100031  -0.2100031
 -0.2100031  -0.2100031  -0.2100031  -0.2100031  -0.2100031  -0.2100031
 -0.2100031  -0.2100031   3.02429826 -0.2100031  -0.2100031  -0.2100031
 -0.2100031  -0.2100031  -0.2100031  -0.2100031  -0.2100031   4.2679118
  5.42358982 -0.2100031   0.04266783 -0.2100031  -0.2100031   0.54014549
 -0.2100031  -0.2100031  -0.2100031  -0.2100031  -0.2100031  -0.2100031
 -0.2100031  -0.2100031  -0.2100031  -0.2100031  -0.2100031  -0.2100031
 -0.2100031  -0.2100031  -0.2100031  -0.2100031  -0.2100031  -0.2100031
 -0.2100031   3.7587344  -0.2100031   1.86152398  2.62252839 -0.2100031
  0.43190149 -0.2100031   1.40556735 -0.2100031  -0.2100031  -0.2100031
 -0.2100031  -0.2100031  -0.2100031  -0.2100031  -0.2100031  -0.2100031
 -0.2100031  -0.2100031  -0.2100031   2.17037939 -0.2100031  -0.2100031
 -0.2100031  -0.2100031   3.62600721  2.78836242 -0.2100031  -0.2100031
 -0.2100031  -0.2100031  -0.2100031  -0.2100031  -0.2100031  -0.2100031
 -0.2100031  -0.2100031   4.92796284 -0.2100031   1.41076745 -0.2100031
 -0.2100031  -0.2100031  -0.2100031  -0.2100031  -0.2100031  -0.2100031
 -0.2100031   1.93370957 -0.2100031  -0.2100031  -0.2100031   6.82006078
 -0.2100031  -0.2100031  -0.2100031  -0.2100031  -0.2100031  -0.2100031
 -0.2100031  -0.2100031  -0.2100031  -0.2100031  -0.2100031  -0.2100031
 -0.2100031  -0.2100031  -0.2100031  -0.2100031  -0.2100031  -0.2100031
 -0.2100031  -0.2100031  -0.2100031  -0.2100031  -0.2100031   4.99309905
 -0.2100031  -0.2100031  -0.2100031  -0.2100031  -0.2100031  -0.2100031
 -0.2100031  -0.2100031  -0.2100031  -0.2100031  -0.2100031  -0.2100031
 -0.2100031  -0.2100031  -0.2100031  -0.2100031  -0.2100031  -0.2100031
 -0.2100031  -0.2100031  -0.2100031  -0.2100031  -0.2100031  -0.2100031
 -0.2100031  -0.2100031  -0.2100031  -0.2100031  -0.2100031  -0.2100031
 -0.2100031  -0.2100031  -0.2100031  -0.2100031  -0.2100031  -0.2100031
 -0.2100031  -0.2100031  -0.2100031  -0.2100031  -0.2100031  -0.2100031
 -0.2100031  -0.2100031  -0.2100031  -0.2100031  -0.2100031  -0.2100031
 -0.2100031  -0.2100031  -0.2100031  -0.2100031  -0.2100031  -0.2100031
 -0.2100031  -0.2100031  -0.2100031  -0.2100031  -0.2100031  -0.2100031
 -0.2100031  -0.2100031  -0.2100031  -0.2100031  -0.2100031  -0.2100031
 -0.2100031  -0.2100031  -0.2100031  -0.2100031  -0.2100031  -0.2100031
 -0.2100031  -0.2100031  -0.2100031  -0.2100031   4.61046102 -0.2100031
 -0.2100031  -0.2100031  -0.2100031  -0.2100031  -0.2100031  -0.2100031
 -0.2100031  -0.2100031  -0.2100031  -0.2100031  -0.2100031  -0.2100031
 -0.2100031  -0.2100031  -0.2100031  -0.2100031  -0.2100031  -0.2100031
 -0.2100031  -0.2100031  -0.2100031  -0.2100031  -0.2100031  -0.2100031
 -0.2100031  -0.2100031  -0.2100031  -0.2100031  -0.2100031  -0.2100031
 -0.2100031  -0.2100031  -0.2100031  -0.2100031   5.51928688 -0.2100031
 -0.2100031  -0.2100031  -0.2100031  -0.2100031  -0.2100031  -0.2100031
 -0.2100031  -0.2100031  -0.2100031  -0.2100031  -0.2100031  -0.2100031
 -0.2100031  -0.2100031  -0.2100031  -0.2100031  -0.2100031  -0.2100031
  1.38768044 -0.2100031  -0.2100031  -0.2100031  -0.2100031  -0.2100031
 -0.2100031  -0.2100031  -0.2100031  -0.2100031  -0.2100031  -0.2100031
 -0.2100031  -0.2100031  -0.2100031  -0.2100031  -0.2100031  -0.2100031
 -0.2100031  -0.2100031   5.62480523 -0.2100031  -0.2100031  -0.2100031
 -0.2100031  -0.2100031  -0.2100031  -0.2100031  -0.2100031  -0.2100031
 -0.2100031  -0.2100031  -0.2100031  -0.2100031  -0.2100031  -0.2100031
 -0.2100031  -0.2100031  -0.2100031  -0.2100031  -0.2100031  -0.2100031
 -0.2100031  -0.2100031  -0.2100031  -0.2100031  -0.2100031   0.35637484
 -0.2100031  -0.2100031  -0.2100031  -0.2100031  -0.2100031   0.44656492
 -0.2100031  -0.2100031  -0.2100031  -0.2100031  -0.2100031  -0.2100031
 -0.2100031  -0.2100031  -0.2100031  -0.2100031  -0.2100031  -0.2100031
 -0.2100031  -0.2100031  -0.2100031  -0.2100031  -0.2100031  -0.2100031
 -0.2100031  -0.2100031   3.47644727 -0.2100031 ]",[0.029962281538534724]
12,"[-0.22034597 -0.22034597 -0.22034597 -0.22034597  0.13779768 -0.22034597
 -0.22034597 -0.22034597 -0.22034597 -0.22034597 -0.22034597 -0.22034597
 -0.22034597 -0.22034597 -0.22034597 -0.22034597 -0.22034597 -0.22034597
 -0.22034597 -0.22034597 -0.22034597 -0.22034597 -0.22034597 -0.22034597
 -0.22034597 -0.22034597 -0.22034597 -0.22034597 -0.22034597 -0.22034597
 -0.22034597 -0.22034597 -0.22034597 -0.22034597 -0.22034597 -0.22034597
 -0.22034597 -0.22034597 -0.22034597 -0.22034597 -0.22034597 -0.22034597
 -0.22034597 -0.22034597 -0.22034597 -0.22034597 -0.22034597 -0.22034597
 -0.22034597 -0.22034597 -0.22034597 -0.22034597 -0.22034597 -0.22034597
 -0.22034597 -0.22034597 -0.22034597 -0.22034597 -0.22034597 -0.22034597
 -0.22034597 -0.22034597 -0.22034597 -0.22034597 -0.22034597 -0.22034597
 -0.22034597 -0.22034597 -0.22034597 -0.22034597 -0.22034597 -0.22034597
 -0.22034597 -0.22034597 -0.22034597 -0.22034597 -0.22034597 -0.22034597
 -0.22034597 -0.22034597 -0.22034597 -0.22034597 -0.22034597  6.66023639
 -0.22034597 -0.22034597 -0.22034597 -0.22034597 -0.22034597  3.02087864
 -0.22034597 -0.22034597 -0.22034597 -0.22034597 -0.22034597 -0.22034597
 -0.22034597 -0.22034597 -0.22034597 -0.22034597 -0.22034597 -0.22034597
 -0.22034597 -0.22034597 -0.22034597 -0.22034597 -0.22034597 -0.22034597
 -0.22034597 -0.22034597  7.21039679 -0.22034597 -0.22034597 -0.22034597
 -0.22034597  3.87935425  5.41116555 -0.22034597 -0.22034597 -0.22034597
 -0.22034597 -0.22034597 -0.22034597  0.28731676  3.18282702 -0.22034597
 -0.22034597 -0.22034597 -0.22034597 -0.22034597 -0.22034597 -0.22034597
 -0.22034597 -0.22034597 -0.22034597 -0.22034597 -0.22034597 -0.22034597
 -0.22034597 -0.22034597 -0.22034597 -0.22034597 -0.22034597 -0.22034597
 -0.22034597 -0.22034597 -0.22034597 -0.22034597 -0.22034597 -0.22034597
 -0.22034597 -0.22034597 -0.22034597 -0.22034597 -0.22034597 -0.22034597
 -0.22034597 -0.22034597 -0.22034597 -0.22034597 -0.22034597 -0.22034597
 -0.22034597 -0.22034597 -0.22034597 -0.22034597 -0.22034597 -0.22034597
 -0.22034597 -0.22034597 -0.22034597 -0.22034597 -0.22034597 -0.22034597
 -0.22034597 -0.22034597 -0.22034597 -0.22034597 -0.22034597 -0.22034597
 -0.22034597 -0.22034597 -0.22034597 -0.22034597 -0.22034597 -0.22034597
 -0.22034597 -0.22034597 -0.22034597 -0.22034597 -0.22034597 -0.22034597
 -0.22034597 -0.22034597 -0.22034597 -0.22034597 -0.22034597 -0.22034597
 -0.22034597 -0.22034597 -0.22034597 -0.22034597 -0.22034597 -0.22034597
 -0.22034597 -0.22034597 -0.22034597 -0.22034597 -0.22034597  2.23244953
  1.14297739 -0.22034597  0.71713743 -0.22034597 -0.22034597  0.66154102
 -0.22034597 -0.22034597 -0.22034597  1.36242344 -0.22034597 -0.22034597
 -0.22034597 -0.22034597 -0.22034597 -0.22034597 -0.22034597 -0.22034597
 -0.22034597 -0.22034597 -0.22034597  1.10721237 -0.22034597 -0.22034597
 -0.22034597  1.65334358 -0.22034597  4.62148276  4.36403382 -0.22034597
  3.74273004 -0.22034597 -0.22034597 -0.22034597 -0.22034597 -0.22034597
 -0.22034597 -0.22034597 -0.22034597 -0.22034597 -0.22034597 -0.22034597
 -0.22034597 -0.22034597 -0.22034597 -0.22034597  2.61035437 -0.22034597
 -0.22034597 -0.22034597  3.04486592  1.25880876 -0.22034597  0.62200748
 -0.22034597 -0.22034597 -0.22034597 -0.22034597 -0.22034597 -0.22034597
 -0.22034597 -0.22034597  6.06414777 -0.22034597 -0.22034597 -0.22034597
 -0.22034597 -0.22034597 -0.22034597 -0.22034597 -0.22034597 -0.22034597
 -0.22034597 -0.22034597 -0.22034597 -0.22034597 -0.22034597  4.95421417
 -0.22034597 -0.22034597 -0.22034597 -0.22034597 -0.22034597 -0.22034597
 -0.22034597 -0.22034597  5.43221193 -0.22034597 -0.22034597 -0.22034597
 -0.22034597 -0.22034597 -0.22034597 -0.22034597 -0.22034597 -0.22034597
  4.82890463 -0.22034597 -0.22034597 -0.22034597 -0.22034597  2.16817119
 -0.22034597  0.74423087 -0.22034597 -0.22034597 -0.22034597 -0.22034597
 -0.22034597 -0.22034597 -0.22034597 -0.22034597 -0.22034597 -0.22034597
 -0.22034597 -0.22034597 -0.22034597 -0.22034597 -0.22034597 -0.22034597
 -0.22034597 -0.22034597 -0.22034597 -0.22034597 -0.22034597 -0.22034597
 -0.22034597 -0.22034597 -0.22034597 -0.22034597 -0.22034597 -0.22034597
 -0.22034597 -0.22034597 -0.22034597 -0.22034597 -0.22034597 -0.22034597
 -0.22034597 -0.22034597 -0.22034597 -0.22034597 -0.22034597 -0.22034597
 -0.22034597 -0.22034597 -0.22034597 -0.22034597 -0.22034597 -0.22034597
 -0.22034597 -0.22034597 -0.22034597 -0.22034597 -0.22034597 -0.22034597
 -0.22034597 -0.22034597 -0.22034597 -0.22034597 -0.22034597 -0.22034597
 -0.22034597 -0.22034597 -0.22034597 -0.22034597 -0.22034597 -0.22034597
 -0.22034597 -0.22034597 -0.22034597 -0.22034597 -0.22034597 -0.22034597
 -0.22034597 -0.22034597 -0.22034597 -0.22034597 -0.22034597 -0.22034597
 -0.22034597 -0.22034597 -0.22034597 -0.22034597 -0.22034597 -0.22034597
 -0.22034597 -0.22034597 -0.22034597 -0.22034597 -0.22034597 -0.22034597
 -0.22034597 -0.22034597 -0.22034597 -0.22034597 -0.22034597 -0.22034597
 -0.22034597 -0.22034597 -0.22034597 -0.22034597 -0.22034597 -0.22034597
 -0.22034597 -0.22034597 -0.22034597 -0.22034597 -0.22034597 -0.22034597
 -0.22034597 -0.22034597 -0.22034597 -0.22034597 -0.22034597  6.35983215
 -0.22034597 -0.22034597 -0.22034597 -0.22034597 -0.22034597 -0.22034597
 -0.22034597 -0.22034597 -0.22034597 -0.22034597 -0.22034597 -0.22034597
 -0.22034597 -0.22034597 -0.22034597 -0.22034597 -0.22034597 -0.22034597
  4.14869023 -0.22034597 -0.22034597 -0.22034597 -0.22034597 -0.22034597
 -0.22034597 -0.22034597 -0.22034597 -0.22034597 -0.22034597 -0.22034597
 -0.22034597 -0.22034597 -0.22034597 -0.22034597 -0.22034597 -0.22034597
 -0.22034597 -0.22034597  4.39776677 -0.22034597 -0.22034597 -0.22034597
 -0.22034597 -0.22034597 -0.22034597 -0.22034597 -0.22034597 -0.22034597
 -0.22034597 -0.22034597 -0.22034597 -0.22034597 -0.22034597 -0.22034597
 -0.22034597 -0.22034597 -0.22034597 -0.22034597 -0.22034597 -0.22034597
 -0.22034597  2.25789545 -0.22034597 -0.22034597 -0.22034597 -0.22034597
 -0.22034597 -0.22034597 -0.22034597 -0.22034597 -0.22034597 -0.22034597
 -0.22034597 -0.22034597 -0.22034597 -0.22034597 -0.22034597 -0.22034597
 -0.22034597 -0.22034597 -0.22034597 -0.22034597 -0.22034597 -0.22034597
 -0.22034597 -0.22034597 -0.22034597 -0.22034597 -0.22034597 -0.22034597
 -0.22034597 -0.22034597  7.02107942 -0.22034597]",[-0.02985042421161188]
12,"[-0.22532855 -0.22532855 -0.22532855 -0.22532855 -0.22532855 -0.22532855
 -0.22532855 -0.22532855 -0.22532855 -0.22532855 -0.22532855 -0.22532855
 -0.22532855 -0.22532855 -0.22532855 -0.22532855 -0.22532855 -0.22532855
 -0.22532855 -0.22532855 -0.22532855 -0.22532855 -0.22532855 -0.22532855
 -0.22532855 -0.22532855 -0.22532855 -0.22532855 -0.22532855 -0.22532855
 -0.22532855 -0.22532855 -0.22532855 -0.22532855 -0.22532855 -0.22532855
 -0.22532855 -0.22532855 -0.22532855 -0.22532855 -0.22532855 -0.22532855
 -0.22532855 -0.22532855 -0.22532855 -0.22532855 -0.22532855 -0.22532855
 -0.22532855 -0.22532855 -0.22532855 -0.22532855 -0.22532855 -0.22532855
 -0.22532855 -0.22532855 -0.22532855 -0.22532855 -0.22532855 -0.22532855
 -0.22532855 -0.22532855 -0.22532855 -0.22532855 -0.22532855 -0.22532855
 -0.22532855 -0.22532855 -0.22532855 -0.22532855 -0.22532855 -0.22532855
 -0.22532855 -0.22532855 -0.22532855 -0.22532855 -0.22532855 -0.22532855
 -0.22532855 -0.22532855 -0.22532855 -0.22532855 -0.22532855  4.36796945
 -0.22532855 -0.22532855 -0.22532855 -0.22532855 -0.22532855 -0.22532855
 -0.22532855 -0.22532855  2.13575911 -0.22532855 -0.22532855 -0.22532855
 -0.22532855 -0.22532855 -0.22532855 -0.22532855 -0.22532855 -0.22532855
 -0.22532855 -0.22532855 -0.22532855 -0.22532855 -0.22532855 -0.22532855
 -0.22532855 -0.22532855  6.7576461  -0.22532855 -0.22532855 -0.22532855
  2.22670686 -0.22532855 -0.22532855 -0.22532855 -0.22532855 -0.22532855
 -0.22532855 -0.22532855 -0.22532855 -0.22532855 -0.22532855 -0.22532855
 -0.22532855 -0.22532855 -0.22532855 -0.22532855 -0.22532855 -0.22532855
 -0.22532855 -0.22532855 -0.22532855 -0.22532855 -0.22532855 -0.22532855
 -0.22532855 -0.22532855 -0.22532855 -0.22532855 -0.22532855 -0.22532855
 -0.22532855 -0.22532855 -0.22532855 -0.22532855 -0.22532855 -0.22532855
 -0.22532855 -0.22532855 -0.22532855 -0.22532855 -0.22532855 -0.22532855
 -0.22532855 -0.22532855 -0.22532855 -0.22532855 -0.22532855 -0.22532855
 -0.22532855  0.49751494 -0.22532855 -0.22532855 -0.22532855 -0.22532855
 -0.22532855 -0.22532855 -0.22532855 -0.22532855 -0.22532855 -0.22532855
 -0.22532855 -0.22532855 -0.22532855 -0.22532855 -0.22532855 -0.22532855
 -0.22532855 -0.22532855 -0.22532855 -0.22532855 -0.22532855 -0.22532855
 -0.22532855 -0.22532855 -0.22532855 -0.22532855 -0.22532855 -0.22532855
 -0.22532855 -0.22532855 -0.22532855 -0.22532855 -0.22532855 -0.22532855
 -0.22532855 -0.22532855  1.40832084 -0.22532855 -0.22532855 -0.22532855
 -0.22532855 -0.22532855 -0.22532855 -0.22532855 -0.22532855  3.78669934
  3.36461495 -0.22532855 -0.22532855 -0.22532855 -0.22532855  3.78828853
 -0.22532855 -0.22532855 -0.22532855 -0.22532855 -0.22532855 -0.22532855
 -0.22532855 -0.22532855 -0.22532855 -0.22532855 -0.22532855 -0.22532855
 -0.22532855 -0.22532855 -0.22532855 -0.22532855 -0.22532855 -0.22532855
 -0.22532855  3.20568417 -0.22532855  3.94920514 -0.22532855 -0.22532855
  5.15366279 -0.22532855 -0.22532855 -0.22532855 -0.22532855 -0.22532855
 -0.22532855 -0.22532855 -0.22532855 -0.22532855 -0.22532855 -0.22532855
 -0.22532855 -0.22532855 -0.22532855 -0.22532855 -0.22532855 -0.22532855
 -0.22532855 -0.22532855  3.07782484  3.75245675 -0.22532855 -0.22532855
 -0.22532855 -0.22532855 -0.22532855  2.06894692 -0.22532855 -0.22532855
 -0.22532855 -0.22532855 -0.22532855 -0.22532855  3.31211642 -0.22532855
 -0.22532855  2.6630567  -0.22532855 -0.22532855 -0.22532855 -0.22532855
  2.25489833  2.37491673 -0.22532855 -0.22532855 -0.22532855  5.36813912
  3.90292601 -0.22532855 -0.22532855 -0.22532855  1.72812209 -0.22532855
 -0.22532855  5.36116033 -0.22532855 -0.22532855 -0.22532855 -0.22532855
 -0.22532855 -0.22532855 -0.22532855 -0.22532855 -0.22532855 -0.22532855
 -0.22532855 -0.22532855 -0.22532855 -0.22532855 -0.22532855  5.18620762
 -0.22532855  0.19081666 -0.22532855 -0.22532855 -0.22532855 -0.22532855
 -0.22532855 -0.22532855 -0.22532855 -0.22532855 -0.22532855 -0.22532855
 -0.22532855 -0.22532855 -0.22532855 -0.22532855 -0.22532855 -0.22532855
 -0.22532855 -0.22532855 -0.22532855 -0.22532855 -0.22532855 -0.22532855
 -0.22532855 -0.22532855 -0.22532855 -0.22532855 -0.22532855 -0.22532855
 -0.22532855 -0.22532855 -0.22532855 -0.22532855 -0.22532855 -0.22532855
 -0.22532855 -0.22532855 -0.22532855 -0.22532855 -0.22532855 -0.22532855
 -0.22532855 -0.22532855 -0.22532855 -0.22532855 -0.22532855 -0.22532855
 -0.22532855 -0.22532855 -0.22532855 -0.22532855 -0.22532855 -0.22532855
 -0.22532855 -0.22532855 -0.22532855 -0.22532855 -0.22532855 -0.22532855
 -0.22532855 -0.22532855 -0.22532855 -0.22532855 -0.22532855 -0.22532855
 -0.22532855 -0.22532855 -0.22532855 -0.22532855 -0.22532855 -0.22532855
 -0.22532855 -0.22532855 -0.22532855 -0.22532855 -0.22532855 -0.22532855
 -0.22532855 -0.22532855 -0.22532855 -0.22532855 -0.22532855 -0.22532855
 -0.22532855 -0.22532855 -0.22532855 -0.22532855 -0.22532855 -0.22532855
 -0.22532855 -0.22532855 -0.22532855 -0.22532855 -0.22532855 -0.22532855
 -0.22532855 -0.22532855 -0.22532855 -0.22532855 -0.22532855 -0.22532855
 -0.22532855 -0.22532855 -0.22532855 -0.22532855 -0.22532855 -0.22532855
 -0.22532855 -0.22532855 -0.22532855 -0.22532855 -0.22532855  4.57954646
 -0.22532855 -0.22532855 -0.22532855 -0.22532855 -0.22532855 -0.22532855
 -0.22532855 -0.22532855 -0.22532855 -0.22532855 -0.22532855 -0.22532855
 -0.22532855 -0.22532855 -0.22532855 -0.22532855 -0.22532855 -0.22532855
 -0.22532855 -0.22532855 -0.22532855 -0.22532855 -0.22532855 -0.22532855
 -0.22532855 -0.22532855 -0.22532855 -0.22532855 -0.22532855 -0.22532855
 -0.22532855 -0.22532855 -0.22532855 -0.22532855 -0.22532855 -0.22532855
 -0.22532855 -0.22532855  5.52510427 -0.22532855 -0.22532855 -0.22532855
  8.3348989  -0.22532855 -0.22532855 -0.22532855 -0.22532855 -0.22532855
 -0.22532855 -0.22532855 -0.22532855 -0.22532855 -0.22532855 -0.22532855
 -0.22532855 -0.22532855 -0.22532855 -0.22532855 -0.22532855 -0.22532855
 -0.22532855  3.6320044  -0.22532855 -0.22532855 -0.22532855  0.53356738
 -0.22532855 -0.22532855 -0.22532855 -0.22532855 -0.22532855 -0.22532855
 -0.22532855 -0.22532855 -0.22532855 -0.22532855 -0.22532855 -0.22532855
 -0.22532855 -0.22532855 -0.22532855 -0.22532855 -0.22532855 -0.22532855
 -0.22532855 -0.22532855 -0.22532855 -0.22532855 -0.22532855 -0.22532855
 -0.22532855 -0.22532855  5.69688069 -0.22532855]",[0.020781580445210668]
12,"[-0.22982528 -0.22982528 -0.22982528 -0.22982528 -0.22982528 -0.22982528
 -0.22982528 -0.22982528 -0.22982528 -0.22982528 -0.22982528 -0.22982528
 -0.22982528 -0.22982528 -0.22982528 -0.22982528 -0.22982528 -0.22982528
 -0.22982528 -0.22982528 -0.22982528 -0.22982528 -0.22982528 -0.22982528
 -0.22982528 -0.22982528 -0.22982528 -0.22982528 -0.22982528 -0.22982528
 -0.22982528 -0.22982528 -0.22982528 -0.22982528 -0.22982528 -0.22982528
 -0.22982528 -0.22982528 -0.22982528 -0.22982528 -0.22982528 -0.22982528
 -0.22982528 -0.22982528 -0.22982528 -0.22982528 -0.22982528 -0.22982528
 -0.22982528 -0.22982528 -0.22982528 -0.22982528 -0.22982528 -0.22982528
 -0.22982528 -0.22982528 -0.22982528 -0.22982528 -0.22982528 -0.22982528
 -0.22982528 -0.22982528 -0.22982528 -0.22982528 -0.22982528 -0.22982528
 -0.22982528 -0.22982528 -0.22982528 -0.22982528 -0.22982528 -0.22982528
 -0.22982528 -0.22982528 -0.22982528 -0.22982528 -0.22982528 -0.22982528
 -0.22982528 -0.22982528 -0.22982528 -0.22982528 -0.22982528  4.13426248
 -0.22982528 -0.22982528 -0.22982528 -0.22982528 -0.22982528 -0.22982528
 -0.22982528 -0.22982528 -0.22982528 -0.22982528 -0.22982528 -0.22982528
 -0.22982528 -0.22982528 -0.22982528 -0.22982528 -0.22982528 -0.22982528
 -0.22982528 -0.22982528 -0.22982528 -0.22982528  0.41610798 -0.22982528
 -0.22982528 -0.22982528  6.5646973  -0.22982528 -0.22982528 -0.22982528
 -0.22982528 -0.22982528 -0.22982528 -0.22982528 -0.22982528 -0.22982528
 -0.22982528 -0.22982528 -0.22982528 -0.22982528 -0.22982528 -0.22982528
 -0.22982528 -0.22982528 -0.22982528 -0.22982528 -0.22982528 -0.22982528
 -0.22982528 -0.22982528 -0.22982528 -0.22982528 -0.22982528 -0.22982528
 -0.22982528 -0.22982528 -0.22982528 -0.22982528 -0.22982528 -0.22982528
 -0.22982528 -0.22982528 -0.22982528 -0.22982528 -0.22982528 -0.22982528
 -0.22982528 -0.22982528 -0.22982528 -0.22982528 -0.22982528 -0.22982528
 -0.22982528 -0.22982528 -0.22982528 -0.22982528 -0.22982528 -0.22982528
 -0.22982528 -0.22982528 -0.22982528 -0.22982528 -0.22982528 -0.22982528
 -0.22982528 -0.22982528 -0.22982528 -0.22982528 -0.22982528  2.20047229
 -0.22982528 -0.22982528 -0.22982528 -0.22982528 -0.22982528 -0.22982528
 -0.22982528 -0.22982528 -0.22982528 -0.22982528 -0.22982528 -0.22982528
 -0.22982528 -0.22982528 -0.22982528 -0.22982528 -0.22982528 -0.22982528
 -0.22982528 -0.22982528 -0.22982528 -0.22982528 -0.22982528 -0.22982528
 -0.22982528 -0.22982528 -0.22982528 -0.22982528 -0.22982528 -0.22982528
 -0.22982528 -0.22982528 -0.22982528 -0.22982528 -0.22982528 -0.22982528
  4.76704145 -0.22982528 -0.22982528 -0.22982528 -0.22982528  2.43217922
 -0.22982528 -0.22982528 -0.22982528 -0.22982528 -0.22982528 -0.22982528
 -0.22982528 -0.22982528 -0.22982528 -0.22982528 -0.22982528 -0.22982528
 -0.22982528 -0.22982528 -0.22982528 -0.22982528 -0.22982528 -0.22982528
 -0.22982528  2.23228291 -0.22982528  2.81827164  4.51681226 -0.22982528
  3.82645377  2.22441721 -0.22982528 -0.22982528 -0.22982528 -0.22982528
 -0.22982528 -0.22982528 -0.22982528 -0.22982528 -0.22982528  3.35240009
 -0.22982528 -0.22982528 -0.22982528  5.97870594  1.58106922 -0.22982528
 -0.22982528 -0.22982528  4.41329764  3.42120785 -0.22982528 -0.18216044
 -0.22982528 -0.22982528 -0.22982528 -0.22982528 -0.22982528 -0.22982528
  0.26604051 -0.22982528  4.89865156 -0.22982528  3.08394574 -0.22982528
 -0.22982528 -0.22982528 -0.22982528 -0.22982528 -0.22982528 -0.22982528
 -0.22982528  1.78719569 -0.22982528 -0.22982528 -0.22982528  5.49779145
  2.36341353 -0.22982528 -0.22982528 -0.22982528 -0.22982528  2.13558124
 -0.22982528  5.19043142 -0.22982528 -0.22982528 -0.22982528 -0.22982528
 -0.22982528 -0.22982528 -0.22982528 -0.22982528  3.20599287 -0.22982528
 -0.22982528 -0.22982528 -0.22982528 -0.22982528 -0.22982528  2.13764109
 -0.22982528 -0.22982528 -0.22982528 -0.22982528 -0.22982528 -0.22982528
 -0.22982528 -0.22982528 -0.22982528 -0.22982528 -0.22982528 -0.22982528
 -0.22982528 -0.22982528 -0.22982528 -0.22982528 -0.22982528 -0.22982528
 -0.22982528 -0.22982528 -0.22982528 -0.22982528 -0.22982528 -0.22982528
 -0.22982528 -0.22982528 -0.22982528 -0.22982528 -0.22982528 -0.22982528
 -0.22982528 -0.22982528 -0.22982528 -0.22982528 -0.22982528 -0.22982528
 -0.22982528 -0.22982528 -0.22982528 -0.22982528 -0.22982528 -0.22982528
 -0.22982528 -0.22982528 -0.22982528 -0.22982528 -0.22982528 -0.22982528
 -0.22982528 -0.22982528 -0.22982528 -0.22982528 -0.22982528 -0.22982528
 -0.22982528 -0.22982528 -0.22982528 -0.22982528 -0.22982528 -0.22982528
 -0.22982528 -0.22982528 -0.22982528 -0.22982528 -0.22982528 -0.22982528
 -0.22982528 -0.22982528 -0.22982528 -0.22982528 -0.22982528 -0.22982528
 -0.22982528 -0.22982528 -0.22982528 -0.22982528 -0.22982528 -0.22982528
 -0.22982528 -0.22982528 -0.22982528 -0.22982528 -0.22982528 -0.22982528
 -0.22982528 -0.22982528 -0.22982528 -0.22982528 -0.22982528 -0.22982528
 -0.22982528 -0.22982528 -0.22982528 -0.22982528 -0.22982528 -0.22982528
 -0.22982528 -0.22982528 -0.22982528 -0.22982528 -0.22982528 -0.22982528
 -0.22982528 -0.22982528 -0.22982528 -0.22982528 -0.22982528 -0.22982528
 -0.22982528 -0.22982528 -0.22982528 -0.22982528 -0.22982528 -0.22982528
 -0.22982528 -0.22982528 -0.22982528 -0.22982528 -0.22982528 -0.22982528
 -0.22982528 -0.22982528 -0.22982528 -0.22982528 -0.22982528 -0.22982528
 -0.22982528 -0.22982528 -0.22982528 -0.22982528 -0.22982528 -0.22982528
  4.77060374 -0.22982528 -0.22982528 -0.22982528 -0.22982528 -0.22982528
 -0.22982528 -0.22982528 -0.22982528 -0.22982528 -0.22982528 -0.22982528
 -0.22982528 -0.22982528 -0.22982528 -0.22982528 -0.22982528 -0.22982528
 -0.22982528 -0.22982528  5.0352672  -0.22982528 -0.22982528 -0.22982528
  5.98157205 -0.22982528 -0.22982528 -0.22982528 -0.22982528 -0.22982528
 -0.22982528 -0.22982528 -0.22982528 -0.22982528 -0.22982528 -0.22982528
 -0.22982528 -0.22982528 -0.22982528 -0.22982528 -0.22982528 -0.22982528
 -0.22982528  4.47876391 -0.22982528 -0.22982528 -0.22982528 -0.22982528
 -0.22982528 -0.22982528 -0.22982528 -0.22982528 -0.22982528 -0.22982528
 -0.22982528 -0.22982528 -0.22982528 -0.22982528 -0.22982528 -0.22982528
 -0.22982528 -0.22982528 -0.22982528 -0.22982528 -0.22982528 -0.22982528
 -0.22982528 -0.22982528 -0.22982528 -0.22982528 -0.22982528 -0.22982528
 -0.22982528 -0.22982528  6.62432615 -0.22982528]",[-0.008582765429586692]
12,"[-0.22248553 -0.22248553 -0.22248553 -0.22248553 -0.22248553 -0.22248553
 -0.22248553 -0.22248553 -0.22248553 -0.22248553 -0.22248553 -0.22248553
 -0.22248553 -0.22248553 -0.22248553 -0.22248553 -0.22248553 -0.22248553
  0.62272084 -0.22248553 -0.22248553 -0.22248553 -0.22248553 -0.22248553
 -0.22248553 -0.22248553 -0.22248553 -0.22248553 -0.22248553 -0.22248553
 -0.22248553 -0.22248553 -0.22248553 -0.22248553 -0.22248553 -0.22248553
 -0.22248553 -0.22248553 -0.22248553 -0.22248553 -0.22248553 -0.22248553
 -0.22248553 -0.22248553 -0.22248553 -0.22248553 -0.22248553 -0.22248553
 -0.22248553 -0.22248553 -0.22248553 -0.22248553 -0.22248553 -0.22248553
 -0.22248553 -0.22248553 -0.22248553 -0.22248553 -0.22248553 -0.22248553
 -0.22248553 -0.22248553 -0.22248553 -0.22248553 -0.22248553 -0.22248553
 -0.22248553 -0.22248553 -0.22248553 -0.22248553 -0.22248553 -0.22248553
 -0.22248553 -0.22248553 -0.22248553 -0.22248553 -0.22248553 -0.22248553
 -0.22248553 -0.22248553 -0.22248553 -0.22248553 -0.22248553  4.54705622
 -0.22248553 -0.22248553 -0.22248553 -0.22248553 -0.22248553 -0.22248553
 -0.22248553 -0.22248553  2.95144503 -0.22248553 -0.22248553 -0.22248553
 -0.22248553 -0.22248553 -0.22248553 -0.22248553 -0.22248553 -0.22248553
 -0.22248553 -0.22248553 -0.22248553 -0.22248553 -0.22248553 -0.22248553
 -0.22248553 -0.22248553  0.90611457 -0.22248553 -0.22248553 -0.22248553
  5.50361152 -0.22248553 -0.22248553 -0.22248553 -0.22248553 -0.22248553
 -0.22248553 -0.22248553 -0.22248553 -0.22248553 -0.22248553 -0.22248553
 -0.22248553 -0.22248553 -0.22248553 -0.22248553 -0.22248553 -0.22248553
 -0.22248553 -0.22248553 -0.22248553 -0.22248553 -0.22248553 -0.22248553
 -0.22248553 -0.22248553 -0.22248553 -0.22248553 -0.22248553 -0.22248553
 -0.22248553 -0.22248553 -0.22248553 -0.22248553 -0.22248553 -0.22248553
 -0.22248553 -0.22248553 -0.22248553 -0.22248553 -0.22248553 -0.22248553
 -0.22248553 -0.22248553 -0.22248553 -0.22248553 -0.22248553 -0.22248553
 -0.22248553 -0.22248553 -0.22248553 -0.22248553 -0.22248553 -0.22248553
 -0.22248553 -0.22248553 -0.22248553 -0.22248553 -0.22248553 -0.22248553
 -0.22248553 -0.22248553 -0.22248553 -0.22248553 -0.22248553 -0.22248553
 -0.22248553 -0.22248553 -0.22248553 -0.22248553 -0.22248553 -0.22248553
 -0.22248553 -0.22248553 -0.22248553 -0.22248553 -0.22248553 -0.22248553
 -0.22248553 -0.22248553 -0.22248553 -0.22248553 -0.22248553 -0.22248553
 -0.22248553 -0.22248553 -0.22248553 -0.22248553 -0.22248553 -0.22248553
 -0.22248553 -0.22248553 -0.22248553 -0.22248553 -0.22248553 -0.22248553
  1.98956211 -0.22248553  3.47215594 -0.22248553 -0.22248553  4.92570563
 -0.22248553 -0.22248553 -0.22248553 -0.22248553 -0.22248553 -0.22248553
 -0.22248553 -0.22248553 -0.22248553 -0.22248553 -0.22248553 -0.22248553
 -0.22248553 -0.22248553 -0.22248553 -0.22248553 -0.22248553 -0.22248553
 -0.22248553  3.83171431 -0.22248553  3.84475014  2.76896527 -0.22248553
  6.02531876  1.12150293  3.16594351  2.74262139 -0.22248553 -0.22248553
 -0.22248553 -0.22248553 -0.22248553 -0.22248553 -0.22248553 -0.22248553
 -0.22248553 -0.22248553 -0.22248553 -0.22248553 -0.22248553 -0.22248553
 -0.22248553 -0.22248553  5.69119252  4.40936493 -0.22248553  0.18562694
 -0.22248553 -0.22248553 -0.22248553 -0.22248553  1.79583104 -0.22248553
 -0.22248553 -0.22248553 -0.22248553 -0.22248553  4.4357047  -0.22248553
 -0.22248553 -0.22248553 -0.22248553 -0.22248553 -0.22248553 -0.22248553
 -0.22248553  5.93297708 -0.22248553 -0.22248553 -0.22248553  5.80011318
  3.3715988  -0.22248553 -0.22248553 -0.22248553 -0.22248553 -0.22248553
 -0.22248553 -0.22248553 -0.22248553 -0.22248553 -0.22248553 -0.22248553
 -0.22248553 -0.22248553 -0.22248553 -0.22248553 -0.22248553 -0.22248553
 -0.22248553 -0.22248553 -0.22248553 -0.22248553 -0.22248553  4.81356904
 -0.22248553  3.54650998 -0.22248553 -0.22248553 -0.22248553 -0.22248553
 -0.22248553 -0.22248553 -0.22248553 -0.22248553 -0.22248553 -0.22248553
 -0.22248553 -0.22248553 -0.22248553 -0.22248553 -0.22248553 -0.22248553
 -0.22248553 -0.22248553 -0.22248553 -0.22248553 -0.22248553 -0.22248553
 -0.22248553 -0.22248553 -0.22248553 -0.22248553 -0.22248553 -0.22248553
 -0.22248553 -0.22248553 -0.22248553 -0.22248553 -0.22248553 -0.22248553
 -0.22248553 -0.22248553 -0.22248553 -0.22248553 -0.22248553 -0.22248553
 -0.22248553 -0.22248553 -0.22248553 -0.22248553 -0.22248553 -0.22248553
 -0.22248553 -0.22248553 -0.22248553 -0.22248553 -0.22248553 -0.22248553
 -0.22248553 -0.22248553 -0.22248553 -0.22248553 -0.22248553 -0.22248553
 -0.22248553 -0.22248553 -0.22248553 -0.22248553 -0.22248553 -0.22248553
 -0.22248553 -0.22248553 -0.22248553 -0.22248553 -0.22248553 -0.22248553
 -0.22248553 -0.22248553 -0.22248553 -0.22248553 -0.22248553 -0.22248553
 -0.22248553 -0.22248553 -0.22248553 -0.22248553 -0.22248553 -0.22248553
 -0.22248553 -0.22248553 -0.22248553 -0.22248553 -0.22248553 -0.22248553
 -0.22248553 -0.22248553 -0.22248553 -0.22248553 -0.22248553 -0.22248553
 -0.22248553 -0.22248553 -0.22248553 -0.22248553 -0.22248553 -0.22248553
 -0.22248553 -0.22248553 -0.22248553 -0.22248553 -0.22248553 -0.22248553
 -0.22248553 -0.22248553 -0.22248553 -0.22248553 -0.22248553 -0.22248553
 -0.22248553 -0.22248553 -0.22248553 -0.22248553 -0.22248553 -0.22248553
 -0.22248553 -0.22248553 -0.22248553 -0.22248553 -0.22248553 -0.22248553
 -0.22248553 -0.22248553 -0.22248553 -0.22248553 -0.22248553 -0.22248553
 -0.22248553  3.86900482 -0.22248553 -0.22248553 -0.22248553 -0.22248553
  0.41286973 -0.22248553 -0.22248553 -0.22248553 -0.22248553 -0.22248553
 -0.22248553 -0.22248553 -0.22248553 -0.22248553 -0.22248553 -0.22248553
 -0.22248553 -0.22248553  6.89440844 -0.22248553  6.20168247 -0.22248553
 -0.22248553 -0.22248553 -0.22248553 -0.22248553 -0.22248553 -0.22248553
 -0.22248553 -0.22248553 -0.22248553 -0.22248553 -0.22248553 -0.22248553
 -0.22248553 -0.22248553 -0.22248553 -0.22248553 -0.22248553 -0.22248553
 -0.22248553  3.2382669  -0.22248553 -0.22248553 -0.22248553 -0.22248553
 -0.22248553 -0.22248553 -0.22248553 -0.22248553 -0.22248553 -0.22248553
 -0.22248553 -0.22248553 -0.22248553 -0.22248553 -0.22248553 -0.22248553
 -0.22248553 -0.22248553 -0.22248553 -0.22248553 -0.22248553 -0.22248553
 -0.22248553 -0.22248553 -0.22248553 -0.22248553 -0.22248553 -0.22248553
 -0.22248553 -0.22248553 -0.22248553 -0.22248553]",[0.0033574902244555005]
12,"[-0.23465808 -0.23465808 -0.23465808 -0.23465808 -0.14777984 -0.23465808
 -0.23465808 -0.23465808 -0.23465808 -0.23465808 -0.23465808 -0.23465808
 -0.23465808 -0.23465808 -0.23465808 -0.23465808 -0.23465808 -0.23465808
  1.01477669 -0.23465808 -0.23465808 -0.23465808 -0.23465808 -0.23465808
 -0.23465808 -0.23465808 -0.23465808 -0.23465808 -0.23465808 -0.23465808
 -0.23465808 -0.23465808 -0.23465808 -0.23465808 -0.23465808 -0.23465808
 -0.23465808 -0.23465808 -0.23465808 -0.23465808 -0.23465808 -0.23465808
 -0.23465808 -0.23465808 -0.23465808 -0.23465808 -0.23465808 -0.23465808
 -0.23465808 -0.23465808 -0.23465808 -0.23465808 -0.23465808 -0.23465808
 -0.23465808 -0.23465808 -0.23465808 -0.23465808 -0.23465808 -0.23465808
 -0.23465808 -0.23465808 -0.23465808 -0.23465808 -0.23465808 -0.23465808
 -0.23465808 -0.23465808 -0.23465808 -0.23465808 -0.23465808 -0.23465808
 -0.23465808 -0.23465808 -0.23465808 -0.23465808 -0.23465808 -0.23465808
 -0.23465808 -0.23465808 -0.23465808 -0.23465808 -0.23465808  3.2294975
 -0.23465808 -0.23465808 -0.23465808 -0.23465808 -0.23465808 -0.23465808
 -0.23465808 -0.23465808  3.00831144 -0.23465808 -0.23465808 -0.23465808
 -0.23465808 -0.23465808 -0.23465808 -0.23465808 -0.23465808 -0.23465808
 -0.23465808 -0.23465808 -0.23465808 -0.23465808 -0.23465808 -0.23465808
 -0.23465808 -0.23465808  6.23522973 -0.23465808 -0.23465808 -0.23465808
  2.84114733 -0.23465808 -0.23465808 -0.23465808 -0.23465808 -0.23465808
 -0.23465808 -0.23465808 -0.23465808 -0.23465808 -0.23465808 -0.23465808
 -0.23465808 -0.23465808 -0.23465808 -0.23465808 -0.23465808 -0.23465808
 -0.23465808 -0.23465808 -0.23465808 -0.23465808 -0.23465808 -0.23465808
 -0.23465808 -0.23465808 -0.23465808 -0.23465808 -0.23465808 -0.23465808
 -0.23465808 -0.23465808 -0.23465808 -0.23465808 -0.23465808 -0.23465808
 -0.23465808 -0.23465808 -0.23465808 -0.23465808 -0.23465808 -0.23465808
 -0.23465808 -0.23465808 -0.23465808 -0.23465808 -0.23465808 -0.23465808
 -0.23465808  1.85936383 -0.23465808 -0.23465808 -0.23465808 -0.23465808
 -0.23465808 -0.23465808 -0.23465808 -0.23465808 -0.23465808 -0.23465808
 -0.23465808 -0.23465808 -0.23465808 -0.23465808 -0.23465808 -0.23465808
 -0.23465808 -0.23465808 -0.23465808 -0.23465808 -0.23465808 -0.23465808
 -0.23465808 -0.23465808 -0.23465808 -0.23465808 -0.23465808 -0.23465808
 -0.23465808 -0.23465808 -0.23465808 -0.23465808 -0.23465808 -0.23465808
 -0.23465808 -0.23465808  3.99368239 -0.23465808 -0.23465808 -0.23465808
 -0.23465808 -0.23465808 -0.23465808 -0.23465808 -0.23465808 -0.23465808
  3.14596485 -0.23465808 -0.173565   -0.23465808 -0.23465808 -0.23465808
 -0.23465808 -0.23465808 -0.23465808 -0.23465808 -0.23465808 -0.23465808
 -0.23465808 -0.23465808 -0.23465808 -0.23465808 -0.23465808 -0.23465808
 -0.23465808 -0.23465808 -0.23465808 -0.23465808 -0.23465808 -0.23465808
 -0.23465808  2.48111896 -0.23465808  2.99569164  5.60978773 -0.23465808
  3.58641453 -0.23465808 -0.23465808 -0.23465808 -0.23465808 -0.23465808
 -0.23465808 -0.23465808 -0.23465808 -0.23465808 -0.23465808 -0.23465808
 -0.23465808 -0.23465808 -0.23465808  4.79381071 -0.23465808 -0.23465808
 -0.23465808 -0.23465808 -0.23465808  3.09925452 -0.23465808  1.23645275
 -0.23465808 -0.23465808 -0.23465808  2.91189653 -0.23465808 -0.23465808
  2.9266884  -0.23465808  1.64717137 -0.23465808  4.03441508 -0.23465808
 -0.23465808  0.63508722 -0.23465808 -0.23465808  4.04097622 -0.23465808
 -0.23465808  4.45131444 -0.23465808 -0.23465808 -0.23465808  4.97359453
  1.94339736 -0.23465808 -0.23465808 -0.23465808 -0.23465808  1.1048849
 -0.23465808 -0.23465808  5.15857219 -0.23465808 -0.23465808 -0.23465808
  1.98256424 -0.23465808 -0.23465808 -0.23465808 -0.23465808 -0.23465808
  6.23024984 -0.23465808 -0.23465808 -0.23465808 -0.23465808  1.06871928
 -0.23465808 -0.23465808 -0.23465808 -0.23465808 -0.23465808 -0.23465808
 -0.23465808 -0.23465808 -0.23465808 -0.23465808 -0.23465808 -0.23465808
 -0.23465808 -0.23465808 -0.23465808 -0.23465808 -0.23465808 -0.23465808
 -0.23465808 -0.23465808 -0.23465808 -0.23465808 -0.23465808 -0.23465808
 -0.23465808 -0.23465808 -0.23465808 -0.23465808 -0.23465808 -0.23465808
 -0.23465808 -0.23465808 -0.23465808 -0.23465808 -0.23465808 -0.23465808
 -0.23465808 -0.23465808 -0.23465808 -0.23465808 -0.23465808 -0.23465808
 -0.23465808 -0.23465808 -0.23465808 -0.23465808 -0.23465808 -0.23465808
 -0.23465808 -0.23465808 -0.23465808 -0.23465808 -0.23465808 -0.23465808
 -0.23465808 -0.23465808 -0.23465808 -0.23465808 -0.23465808 -0.23465808
 -0.23465808 -0.23465808 -0.23465808 -0.23465808 -0.23465808 -0.23465808
 -0.23465808 -0.23465808 -0.23465808 -0.23465808 -0.23465808 -0.23465808
 -0.23465808 -0.23465808 -0.23465808 -0.23465808 -0.23465808 -0.23465808
 -0.23465808 -0.23465808 -0.23465808 -0.23465808 -0.23465808 -0.23465808
 -0.23465808 -0.23465808 -0.23465808 -0.23465808 -0.23465808 -0.23465808
 -0.23465808 -0.23465808 -0.23465808 -0.23465808 -0.23465808 -0.23465808
 -0.23465808 -0.23465808 -0.23465808 -0.23465808 -0.23465808 -0.23465808
 -0.23465808 -0.23465808 -0.23465808 -0.23465808 -0.23465808 -0.23465808
 -0.23465808 -0.23465808 -0.23465808 -0.23465808  6.25128095 -0.23465808
 -0.23465808 -0.23465808 -0.23465808 -0.23465808 -0.23465808 -0.23465808
 -0.23465808 -0.23465808 -0.23465808 -0.23465808 -0.23465808 -0.23465808
 -0.23465808 -0.23465808 -0.23465808 -0.23465808 -0.23465808 -0.23465808
 -0.23465808 -0.23465808 -0.23465808 -0.23465808 -0.23465808 -0.23465808
 -0.23465808 -0.23465808 -0.23465808 -0.23465808 -0.23465808 -0.23465808
 -0.23465808 -0.23465808 -0.23465808 -0.23465808 -0.23465808 -0.23465808
 -0.23465808 -0.23465808  2.90678466 -0.23465808 -0.23465808 -0.23465808
  5.49985256 -0.23465808 -0.23465808 -0.23465808 -0.23465808 -0.23465808
 -0.23465808 -0.23465808 -0.23465808 -0.23465808 -0.23465808 -0.23465808
 -0.23465808 -0.23465808 -0.23465808 -0.23465808 -0.23465808 -0.23465808
 -0.23465808 -0.23465808 -0.23465808 -0.23465808 -0.23465808 -0.23465808
 -0.23465808 -0.23465808 -0.23465808 -0.23465808 -0.23465808 -0.23465808
 -0.23465808 -0.23465808 -0.23465808 -0.23465808 -0.23465808 -0.23465808
 -0.23465808 -0.23465808 -0.23465808 -0.23465808 -0.23465808 -0.23465808
 -0.23465808 -0.23465808 -0.23465808 -0.23465808 -0.23465808 -0.23465808
 -0.23465808 -0.23465808  7.23256016 -0.23465808]",[0.003367027506093745]
12,"[-0.2483966  -0.2483966  -0.2483966  -0.2483966  -0.09731012 -0.2483966
 -0.2483966  -0.2483966  -0.2483966  -0.2483966  -0.2483966  -0.2483966
 -0.2483966  -0.2483966  -0.2483966  -0.2483966  -0.2483966  -0.2483966
 -0.2483966  -0.2483966  -0.2483966  -0.2483966  -0.2483966  -0.2483966
 -0.2483966  -0.2483966  -0.2483966  -0.2483966  -0.2483966  -0.2483966
 -0.2483966  -0.2483966  -0.2483966  -0.2483966  -0.2483966  -0.2483966
 -0.2483966  -0.2483966  -0.2483966  -0.2483966  -0.2483966  -0.2483966
 -0.2483966  -0.2483966  -0.2483966  -0.2483966  -0.2483966  -0.2483966
 -0.2483966  -0.2483966  -0.2483966  -0.2483966  -0.2483966  -0.2483966
 -0.2483966  -0.2483966  -0.2483966  -0.2483966  -0.2483966  -0.2483966
 -0.2483966  -0.2483966  -0.2483966  -0.2483966  -0.2483966  -0.2483966
 -0.2483966  -0.2483966  -0.2483966  -0.2483966  -0.2483966  -0.2483966
 -0.2483966  -0.2483966  -0.2483966  -0.2483966  -0.2483966  -0.2483966
 -0.2483966  -0.2483966  -0.2483966  -0.2483966  -0.2483966   6.77306551
 -0.2483966  -0.2483966  -0.2483966  -0.2483966  -0.2483966   4.29543908
 -0.2483966  -0.2483966  -0.2483966  -0.2483966  -0.2483966  -0.2483966
 -0.2483966  -0.2483966  -0.2483966  -0.2483966  -0.2483966  -0.2483966
 -0.2483966  -0.2483966  -0.2483966  -0.2483966  -0.2483966  -0.2483966
 -0.2483966  -0.2483966   6.19816087 -0.2483966  -0.2483966   2.86792324
 -0.2483966  -0.2483966   4.07476607 -0.2483966  -0.2483966  -0.2483966
 -0.2483966  -0.2483966  -0.2483966  -0.2483966   3.92480994 -0.2483966
 -0.2483966  -0.2483966  -0.2483966  -0.2483966  -0.2483966  -0.2483966
 -0.2483966  -0.2483966  -0.2483966  -0.2483966  -0.2483966  -0.2483966
 -0.2483966  -0.2483966  -0.2483966  -0.2483966  -0.2483966  -0.2483966
 -0.2483966  -0.2483966  -0.2483966  -0.2483966  -0.2483966  -0.2483966
 -0.2483966  -0.2483966  -0.2483966  -0.2483966  -0.2483966  -0.2483966
 -0.2483966  -0.2483966  -0.2483966  -0.2483966  -0.2483966  -0.2483966
 -0.2483966   0.83741364 -0.2483966  -0.2483966  -0.2483966  -0.2483966
 -0.2483966  -0.2483966  -0.2483966  -0.2483966  -0.2483966  -0.2483966
 -0.2483966  -0.2483966  -0.2483966  -0.2483966  -0.2483966  -0.2483966
 -0.2483966  -0.2483966  -0.2483966  -0.2483966  -0.2483966  -0.2483966
 -0.2483966  -0.2483966  -0.2483966  -0.2483966  -0.2483966  -0.2483966
 -0.2483966  -0.2483966  -0.2483966  -0.2483966  -0.2483966  -0.2483966
 -0.2483966  -0.2483966  -0.2483966  -0.2483966  -0.2483966  -0.2483966
 -0.2483966  -0.2483966  -0.2483966  -0.2483966  -0.2483966  -0.2483966
  1.10509447 -0.2483966   0.73540054 -0.2483966  -0.2483966   0.74781914
 -0.2483966  -0.2483966  -0.2483966  -0.2483966  -0.2483966  -0.2483966
 -0.2483966  -0.2483966  -0.2483966  -0.2483966  -0.2483966  -0.2483966
 -0.2483966  -0.2483966  -0.2483966  -0.2483966  -0.2483966  -0.2483966
 -0.2483966   2.8595282  -0.2483966   3.95304683  4.33435052 -0.2483966
  2.08375144 -0.2483966   4.30049784 -0.2483966  -0.2483966  -0.2483966
 -0.2483966  -0.2483966  -0.2483966   4.31992532 -0.2483966  -0.2483966
 -0.2483966  -0.2483966  -0.2483966   5.90164136  3.91341731 -0.2483966
 -0.2483966   4.0891301  -0.2483966   1.50096523 -0.2483966   0.84343268
 -0.2483966  -0.2483966  -0.2483966   2.31820004 -0.2483966  -0.2483966
  1.69796936 -0.2483966   6.41842608 -0.2483966   4.58326291 -0.2483966
 -0.2483966   1.87543596 -0.2483966  -0.2483966   3.61849569 -0.2483966
 -0.2483966   1.25559755 -0.2483966  -0.2483966  -0.2483966   2.80515501
 -0.2483966  -0.2483966  -0.2483966  -0.2483966  -0.2483966  -0.2483966
 -0.2483966  -0.2483966  -0.2483966  -0.2483966  -0.2483966  -0.2483966
 -0.2483966  -0.2483966  -0.2483966  -0.2483966   3.92530227 -0.2483966
 -0.2483966  -0.2483966  -0.2483966  -0.2483966  -0.2483966  -0.2483966
 -0.2483966  -0.2483966  -0.2483966  -0.2483966  -0.2483966  -0.2483966
 -0.2483966  -0.2483966  -0.2483966  -0.2483966   2.78170235 -0.2483966
 -0.2483966  -0.2483966  -0.2483966  -0.2483966  -0.2483966  -0.2483966
 -0.2483966  -0.2483966  -0.2483966  -0.2483966  -0.2483966  -0.2483966
 -0.2483966  -0.2483966  -0.2483966  -0.2483966  -0.2483966  -0.2483966
 -0.2483966  -0.2483966  -0.2483966  -0.2483966  -0.2483966  -0.2483966
 -0.2483966  -0.2483966  -0.2483966  -0.2483966  -0.2483966  -0.2483966
 -0.2483966  -0.2483966  -0.2483966  -0.2483966  -0.2483966  -0.2483966
 -0.2483966  -0.2483966  -0.2483966  -0.2483966  -0.2483966  -0.2483966
 -0.2483966  -0.2483966  -0.2483966  -0.2483966  -0.2483966  -0.2483966
 -0.2483966  -0.2483966  -0.2483966  -0.2483966  -0.2483966  -0.2483966
 -0.2483966  -0.2483966  -0.2483966  -0.2483966  -0.2483966  -0.2483966
 -0.2483966  -0.2483966  -0.2483966  -0.2483966  -0.2483966  -0.2483966
 -0.2483966  -0.2483966  -0.2483966  -0.2483966  -0.2483966  -0.2483966
 -0.2483966  -0.2483966  -0.2483966  -0.2483966  -0.2483966  -0.2483966
 -0.2483966  -0.2483966  -0.2483966  -0.2483966  -0.2483966  -0.2483966
 -0.2483966  -0.2483966  -0.2483966  -0.2483966  -0.2483966  -0.2483966
 -0.2483966  -0.2483966  -0.2483966  -0.2483966  -0.2483966  -0.2483966
 -0.2483966  -0.2483966  -0.2483966  -0.2483966   2.29270675  4.9690802
 -0.2483966  -0.2483966  -0.2483966  -0.2483966  -0.2483966  -0.2483966
 -0.2483966  -0.2483966  -0.2483966  -0.2483966  -0.2483966  -0.2483966
 -0.2483966  -0.2483966  -0.2483966  -0.2483966  -0.2483966   2.45858554
  1.99970341 -0.2483966  -0.2483966  -0.2483966  -0.2483966  -0.2483966
 -0.2483966  -0.2483966  -0.2483966  -0.2483966  -0.2483966  -0.2483966
 -0.2483966  -0.2483966  -0.2483966  -0.2483966  -0.2483966  -0.2483966
 -0.2483966  -0.2483966   1.99970341 -0.2483966  -0.2483966  -0.2483966
 -0.2483966  -0.2483966  -0.2483966  -0.2483966  -0.2483966  -0.2483966
 -0.2483966  -0.2483966  -0.2483966  -0.2483966  -0.2483966  -0.2483966
 -0.2483966  -0.2483966  -0.2483966  -0.2483966  -0.2483966  -0.2483966
 -0.2483966  -0.2483966  -0.2483966  -0.2483966  -0.2483966  -0.2483966
 -0.2483966  -0.2483966  -0.2483966  -0.2483966  -0.2483966  -0.2483966
 -0.2483966  -0.2483966  -0.2483966  -0.2483966  -0.2483966  -0.2483966
 -0.2483966  -0.2483966  -0.2483966  -0.2483966  -0.2483966  -0.2483966
 -0.2483966  -0.2483966  -0.2483966  -0.2483966  -0.2483966  -0.2483966
 -0.2483966  -0.2483966   5.16556769 -0.2483966 ]",[-0.016507529609404797]
12,"[-2.76799537e-01 -2.76799537e-01 -2.76799537e-01 -2.76799537e-01
  1.26958589e-03 -2.76799537e-01 -2.76799537e-01 -2.76799537e-01
 -2.76799537e-01 -2.76799537e-01 -2.76799537e-01 -2.76799537e-01
 -2.76799537e-01 -2.76799537e-01 -2.76799537e-01 -2.76799537e-01
 -2.76799537e-01 -2.76799537e-01 -2.76799537e-01 -2.76799537e-01
 -2.76799537e-01 -2.76799537e-01 -2.76799537e-01 -2.76799537e-01
 -2.76799537e-01 -2.76799537e-01 -2.76799537e-01 -2.76799537e-01
 -2.76799537e-01 -2.76799537e-01 -2.76799537e-01 -2.76799537e-01
 -2.76799537e-01 -2.76799537e-01 -2.76799537e-01 -2.76799537e-01
 -2.76799537e-01 -2.76799537e-01 -2.76799537e-01 -2.76799537e-01
 -2.76799537e-01 -2.76799537e-01 -2.76799537e-01 -2.76799537e-01
 -2.76799537e-01 -2.76799537e-01 -2.76799537e-01 -2.76799537e-01
 -2.76799537e-01 -2.76799537e-01 -2.76799537e-01 -2.76799537e-01
 -2.76799537e-01 -2.76799537e-01 -2.76799537e-01 -2.76799537e-01
 -2.76799537e-01 -2.76799537e-01 -2.76799537e-01 -2.76799537e-01
 -2.76799537e-01 -2.76799537e-01 -2.76799537e-01 -2.76799537e-01
 -2.76799537e-01 -2.76799537e-01 -2.76799537e-01 -2.76799537e-01
 -2.76799537e-01 -2.76799537e-01 -2.76799537e-01 -2.76799537e-01
 -2.76799537e-01 -2.76799537e-01 -2.76799537e-01 -2.76799537e-01
 -2.76799537e-01 -2.76799537e-01 -2.76799537e-01 -2.76799537e-01
 -2.76799537e-01 -2.76799537e-01 -2.76799537e-01  5.13647101e+00
 -2.76799537e-01 -2.76799537e-01 -2.76799537e-01 -2.76799537e-01
 -2.76799537e-01  2.19797775e+00 -2.76799537e-01 -2.76799537e-01
 -2.76799537e-01 -2.76799537e-01 -2.76799537e-01 -2.76799537e-01
 -2.76799537e-01 -2.76799537e-01 -2.76799537e-01 -2.76799537e-01
 -2.76799537e-01 -2.76799537e-01 -2.76799537e-01 -2.76799537e-01
 -2.76799537e-01 -2.76799537e-01 -2.76799537e-01 -2.76799537e-01
 -2.76799537e-01 -2.76799537e-01  5.73424572e+00  2.67157621e+00
 -2.76799537e-01 -2.76799537e-01 -2.76799537e-01 -2.76799537e-01
  4.78391787e+00 -2.76799537e-01 -2.76799537e-01 -2.76799537e-01
 -2.76799537e-01 -2.76799537e-01 -2.76799537e-01 -2.76799537e-01
  4.91130329e+00 -2.76799537e-01 -2.76799537e-01 -2.76799537e-01
 -2.76799537e-01 -2.76799537e-01 -2.76799537e-01 -2.76799537e-01
 -2.76799537e-01 -2.76799537e-01 -2.76799537e-01 -2.76799537e-01
 -2.76799537e-01 -2.76799537e-01 -2.76799537e-01 -2.76799537e-01
 -2.76799537e-01 -2.76799537e-01 -2.76799537e-01 -2.76799537e-01
 -2.76799537e-01 -2.76799537e-01 -2.76799537e-01 -2.76799537e-01
 -2.76799537e-01 -2.76799537e-01 -2.76799537e-01 -2.76799537e-01
 -2.76799537e-01 -2.76799537e-01 -2.76799537e-01 -2.76799537e-01
 -2.76799537e-01 -2.76799537e-01 -2.76799537e-01 -2.76799537e-01
 -2.76799537e-01 -2.76799537e-01 -2.76799537e-01 -1.07080167e-01
 -2.76799537e-01 -2.76799537e-01 -2.76799537e-01 -2.76799537e-01
 -2.76799537e-01 -2.76799537e-01 -2.76799537e-01 -2.76799537e-01
 -2.76799537e-01 -2.76799537e-01 -2.76799537e-01 -2.76799537e-01
 -2.76799537e-01 -2.76799537e-01 -2.76799537e-01 -2.76799537e-01
 -2.76799537e-01 -2.76799537e-01 -2.76799537e-01 -2.76799537e-01
 -2.76799537e-01 -2.76799537e-01 -2.76799537e-01 -2.76799537e-01
 -2.76799537e-01 -2.76799537e-01 -2.76799537e-01 -2.76799537e-01
 -2.76799537e-01 -2.76799537e-01 -2.76799537e-01 -2.76799537e-01
 -2.76799537e-01 -2.76799537e-01 -2.76799537e-01 -2.76799537e-01
  1.24478356e+00 -2.76799537e-01 -2.76799537e-01 -2.76799537e-01
 -2.76799537e-01 -2.76799537e-01 -2.76799537e-01 -2.76799537e-01
  1.67892017e+00  1.70830725e+00  3.14972023e+00 -2.76799537e-01
 -7.02326557e-02 -2.76799537e-01 -2.76799537e-01  2.72304244e+00
 -2.76799537e-01 -2.76799537e-01 -2.76799537e-01 -2.76799537e-01
 -2.76799537e-01 -2.76799537e-01 -2.76799537e-01 -2.76799537e-01
 -2.76799537e-01 -2.76799537e-01 -2.76799537e-01 -2.76799537e-01
 -2.76799537e-01 -2.76799537e-01 -2.76799537e-01  7.69690450e-01
 -2.76799537e-01 -2.76799537e-01 -2.76799537e-01  2.57105086e+00
 -2.76799537e-01  3.57209482e+00  3.16285770e+00 -2.76799537e-01
  2.66995532e+00  6.33366224e-01  2.61705079e+00  1.86717891e+00
 -2.76799537e-01 -2.76799537e-01 -2.76799537e-01 -2.76799537e-01
 -2.76799537e-01 -2.76799537e-01 -2.76799537e-01 -2.76799537e-01
 -2.76799537e-01 -2.76799537e-01 -2.76799537e-01  5.98481552e+00
  2.56561012e+00 -2.76799537e-01 -2.76799537e-01 -2.76799537e-01
  3.42860750e+00  3.80441284e+00 -2.76799537e-01  1.78925652e+00
 -2.76799537e-01 -2.76799537e-01 -2.76799537e-01  2.02612444e+00
  9.43203814e-01 -2.76799537e-01  3.37964848e+00 -2.76799537e-01
  5.19502642e+00 -2.76799537e-01  3.20434104e+00 -2.76799537e-01
 -2.76799537e-01  3.02547843e+00 -2.76799537e-01 -2.76799537e-01
  4.90982291e+00 -2.76799537e-01  2.13492796e+00 -2.76799537e-01
 -2.76799537e-01 -2.76799537e-01  4.59949443e+00  9.25544145e-01
  7.92481144e-01 -2.76799537e-01 -2.76799537e-01 -2.76799537e-01
 -2.76799537e-01  1.42735151e+00 -2.76799537e-01 -2.76799537e-01
 -2.76799537e-01 -2.76799537e-01 -2.76799537e-01 -2.76799537e-01
 -2.76799537e-01 -2.76799537e-01 -2.76799537e-01 -2.76799537e-01
 -2.76799537e-01 -2.76799537e-01 -2.76799537e-01 -2.76799537e-01
 -2.76799537e-01 -2.76799537e-01 -2.76799537e-01  2.44338046e+00
 -2.76799537e-01 -2.76799537e-01 -2.76799537e-01 -2.76799537e-01
 -2.76799537e-01 -2.76799537e-01 -2.76799537e-01 -2.76799537e-01
 -2.76799537e-01 -2.76799537e-01 -2.76799537e-01 -2.76799537e-01
 -2.76799537e-01 -2.76799537e-01 -2.76799537e-01 -2.76799537e-01
 -2.76799537e-01 -2.76799537e-01 -2.76799537e-01 -2.76799537e-01
 -2.76799537e-01 -2.76799537e-01 -2.76799537e-01 -2.76799537e-01
 -2.76799537e-01 -2.76799537e-01 -2.76799537e-01 -2.76799537e-01
 -2.76799537e-01 -2.76799537e-01 -2.76799537e-01 -2.76799537e-01
 -2.76799537e-01 -2.76799537e-01 -2.76799537e-01 -2.76799537e-01
 -2.76799537e-01 -2.76799537e-01 -2.76799537e-01 -2.76799537e-01
 -2.76799537e-01 -2.76799537e-01 -2.76799537e-01 -2.76799537e-01
 -2.76799537e-01 -2.76799537e-01 -2.76799537e-01 -2.76799537e-01
 -2.76799537e-01 -2.76799537e-01 -2.76799537e-01 -2.76799537e-01
 -2.76799537e-01 -2.76799537e-01 -2.76799537e-01 -2.76799537e-01
 -2.76799537e-01 -2.76799537e-01 -2.76799537e-01 -2.76799537e-01
 -2.76799537e-01 -2.76799537e-01 -2.76799537e-01 -2.76799537e-01
 -2.76799537e-01 -2.76799537e-01 -2.76799537e-01 -2.76799537e-01
 -2.76799537e-01 -2.76799537e-01 -2.76799537e-01 -2.76799537e-01
 -2.76799537e-01 -2.76799537e-01 -2.76799537e-01 -2.76799537e-01
 -2.76799537e-01 -2.76799537e-01 -2.76799537e-01 -2.76799537e-01
 -2.76799537e-01 -2.76799537e-01 -2.76799537e-01 -2.76799537e-01
 -2.76799537e-01 -2.76799537e-01 -2.76799537e-01 -2.76799537e-01
 -2.76799537e-01 -2.76799537e-01 -2.76799537e-01 -2.76799537e-01
 -2.76799537e-01 -2.76799537e-01 -2.76799537e-01 -2.76799537e-01
 -2.76799537e-01 -2.76799537e-01 -2.76799537e-01 -2.76799537e-01
 -2.76799537e-01 -2.76799537e-01 -2.76799537e-01 -2.76799537e-01
 -2.76799537e-01 -2.76799537e-01 -2.76799537e-01 -2.76799537e-01
 -2.76799537e-01 -2.76799537e-01 -2.76799537e-01 -2.76799537e-01
 -2.76799537e-01  4.89729214e+00 -2.76799537e-01 -2.76799537e-01
 -2.76799537e-01 -2.76799537e-01 -2.76799537e-01 -2.76799537e-01
 -2.76799537e-01 -2.76799537e-01 -2.76799537e-01 -2.76799537e-01
 -2.76799537e-01 -2.76799537e-01 -2.76799537e-01 -2.76799537e-01
 -2.76799537e-01 -2.76799537e-01 -2.76799537e-01 -2.76799537e-01
  3.80441284e+00 -2.76799537e-01 -2.76799537e-01 -2.76799537e-01
 -2.76799537e-01 -2.76799537e-01 -2.76799537e-01 -2.76799537e-01
 -2.76799537e-01 -2.76799537e-01 -2.76799537e-01 -2.76799537e-01
 -2.76799537e-01 -2.76799537e-01 -2.76799537e-01 -2.76799537e-01
 -2.76799537e-01 -2.76799537e-01 -2.76799537e-01 -2.76799537e-01
  1.73115492e+00 -2.76799537e-01 -2.76799537e-01 -2.76799537e-01
  4.84274973e+00 -2.76799537e-01 -2.76799537e-01 -2.76799537e-01
 -2.76799537e-01 -2.76799537e-01 -2.76799537e-01 -2.76799537e-01
 -2.76799537e-01 -2.76799537e-01 -2.76799537e-01 -2.76799537e-01
 -2.76799537e-01 -2.76799537e-01 -2.76799537e-01 -2.76799537e-01
 -2.76799537e-01 -2.76799537e-01 -2.76799537e-01  3.43612283e+00
  4.47389614e+00 -2.76799537e-01 -2.76799537e-01 -2.76799537e-01
 -2.76799537e-01 -2.76799537e-01 -2.76799537e-01 -2.76799537e-01
 -2.76799537e-01 -2.76799537e-01 -2.76799537e-01 -2.76799537e-01
 -2.76799537e-01 -2.76799537e-01 -2.76799537e-01 -2.76799537e-01
 -2.76799537e-01 -2.76799537e-01 -2.76799537e-01 -2.76799537e-01
 -2.76799537e-01 -2.76799537e-01 -2.76799537e-01 -2.76799537e-01
 -2.76799537e-01 -2.76799537e-01 -2.76799537e-01 -2.76799537e-01
 -2.76799537e-01 -2.76799537e-01  1.53355739e+00 -2.76799537e-01]",[-0.008166056435489677]
12,"[-0.23375672 -0.23375672 -0.23375672 -0.23375672 -0.23375672 -0.23375672
 -0.23375672 -0.23375672 -0.23375672 -0.23375672 -0.23375672 -0.23375672
 -0.23375672 -0.23375672 -0.23375672 -0.23375672 -0.23375672 -0.23375672
 -0.23375672 -0.23375672 -0.23375672 -0.23375672 -0.23375672 -0.23375672
 -0.23375672 -0.23375672 -0.23375672 -0.23375672 -0.23375672 -0.23375672
 -0.23375672 -0.23375672 -0.23375672 -0.23375672 -0.23375672 -0.23375672
 -0.23375672 -0.23375672 -0.23375672 -0.23375672 -0.23375672 -0.23375672
 -0.23375672 -0.23375672 -0.23375672 -0.23375672 -0.23375672 -0.23375672
 -0.23375672 -0.23375672 -0.23375672 -0.23375672 -0.23375672 -0.23375672
 -0.23375672 -0.23375672 -0.23375672 -0.23375672 -0.23375672 -0.23375672
 -0.23375672 -0.23375672 -0.23375672 -0.23375672 -0.23375672 -0.23375672
 -0.23375672 -0.23375672 -0.23375672 -0.23375672 -0.23375672 -0.23375672
 -0.23375672 -0.23375672 -0.23375672 -0.23375672 -0.23375672 -0.23375672
 -0.23375672 -0.23375672 -0.23375672 -0.23375672 -0.23375672  6.14908623
 -0.23375672 -0.23375672 -0.23375672 -0.23375672 -0.23375672 -0.23375672
 -0.23375672 -0.23375672  2.25516657 -0.23375672 -0.23375672 -0.23375672
 -0.23375672 -0.23375672 -0.23375672 -0.23375672 -0.23375672 -0.23375672
 -0.23375672 -0.23375672 -0.23375672 -0.23375672 -0.23375672 -0.23375672
 -0.23375672 -0.23375672  6.05503683 -0.23375672 -0.23375672 -0.23375672
 -0.23375672 -0.23375672  0.24498919 -0.23375672 -0.23375672 -0.23375672
 -0.23375672 -0.23375672 -0.23375672 -0.23375672 -0.23375672 -0.23375672
 -0.23375672 -0.23375672 -0.23375672 -0.23375672 -0.23375672 -0.23375672
 -0.23375672 -0.23375672 -0.23375672 -0.23375672 -0.23375672 -0.23375672
 -0.23375672 -0.23375672 -0.23375672 -0.23375672 -0.23375672 -0.23375672
 -0.23375672 -0.23375672 -0.23375672 -0.23375672 -0.23375672 -0.23375672
 -0.23375672 -0.23375672 -0.23375672 -0.23375672 -0.23375672 -0.23375672
 -0.23375672 -0.23375672 -0.23375672 -0.23375672 -0.23375672 -0.23375672
 -0.23375672 -0.23375672 -0.23375672 -0.23375672 -0.23375672 -0.23375672
 -0.23375672 -0.23375672 -0.23375672 -0.23375672 -0.23375672 -0.23375672
 -0.23375672 -0.23375672 -0.23375672 -0.23375672 -0.23375672 -0.23375672
 -0.23375672 -0.23375672 -0.23375672 -0.23375672 -0.23375672 -0.23375672
 -0.23375672 -0.23375672 -0.23375672 -0.23375672 -0.23375672 -0.23375672
 -0.23375672 -0.23375672 -0.23375672 -0.23375672 -0.23375672 -0.23375672
 -0.23375672 -0.23375672 -0.23375672 -0.23375672 -0.23375672  0.81549102
 -0.23375672 -0.23375672 -0.23375672 -0.23375672 -0.23375672 -0.23375672
  4.74933632 -0.23375672  0.14071956 -0.23375672 -0.23375672  2.59284854
 -0.23375672 -0.23375672 -0.23375672 -0.23375672 -0.23375672 -0.23375672
 -0.23375672 -0.23375672 -0.23375672 -0.23375672 -0.23375672 -0.23375672
 -0.23375672 -0.23375672 -0.23375672 -0.23375672 -0.23375672 -0.23375672
 -0.23375672  4.30310157 -0.23375672  3.39608069  5.5839221  -0.23375672
  3.47974632 -0.23375672 -0.23375672 -0.23375672 -0.23375672 -0.23375672
 -0.23375672 -0.23375672 -0.23375672 -0.23375672 -0.23375672 -0.23375672
 -0.23375672 -0.23375672 -0.23375672  5.7913424   2.11730854 -0.23375672
 -0.23375672 -0.23375672  3.97857311  4.14723874 -0.23375672  1.79289138
 -0.23375672 -0.23375672 -0.23375672  1.50428591  0.63836121 -0.23375672
 -0.23375672 -0.23375672  5.75762239 -0.23375672  2.64198275 -0.23375672
 -0.23375672  1.91345864 -0.23375672 -0.23375672  5.32209567 -0.23375672
 -0.23375672  2.05928414 -0.23375672 -0.23375672 -0.23375672  3.91036408
 -0.23375672 -0.23375672 -0.23375672 -0.23375672 -0.23375672  2.37150184
 -0.23375672 -0.23375672 -0.23375672 -0.23375672 -0.23375672 -0.23375672
 -0.23375672 -0.23375672 -0.23375672 -0.23375672 -0.23375672 -0.23375672
 -0.23375672 -0.23375672 -0.23375672 -0.23375672 -0.23375672  3.2910161
 -0.23375672 -0.23375672 -0.23375672 -0.23375672 -0.23375672 -0.23375672
 -0.23375672 -0.23375672 -0.23375672 -0.23375672 -0.23375672 -0.23375672
 -0.23375672 -0.23375672 -0.23375672 -0.23375672 -0.23375672 -0.23375672
 -0.23375672 -0.23375672 -0.23375672 -0.23375672 -0.23375672 -0.23375672
 -0.23375672 -0.23375672 -0.23375672 -0.23375672 -0.23375672 -0.23375672
 -0.23375672 -0.23375672 -0.23375672 -0.23375672 -0.23375672 -0.23375672
 -0.23375672 -0.23375672 -0.23375672 -0.23375672 -0.23375672 -0.23375672
 -0.23375672 -0.23375672 -0.23375672 -0.23375672 -0.23375672 -0.23375672
 -0.23375672 -0.23375672 -0.23375672 -0.23375672 -0.23375672 -0.23375672
 -0.23375672 -0.23375672 -0.23375672 -0.23375672 -0.23375672 -0.23375672
 -0.23375672 -0.23375672 -0.23375672 -0.23375672 -0.23375672 -0.23375672
 -0.23375672 -0.23375672 -0.23375672 -0.23375672 -0.23375672 -0.23375672
 -0.23375672 -0.23375672 -0.23375672 -0.23375672 -0.23375672 -0.23375672
 -0.23375672 -0.23375672 -0.23375672 -0.23375672 -0.23375672 -0.23375672
 -0.23375672 -0.23375672 -0.23375672 -0.23375672 -0.23375672 -0.23375672
 -0.23375672 -0.23375672 -0.23375672 -0.23375672 -0.23375672 -0.23375672
 -0.23375672 -0.23375672 -0.23375672 -0.23375672 -0.23375672 -0.23375672
 -0.23375672 -0.23375672 -0.23375672 -0.23375672 -0.23375672 -0.23375672
 -0.23375672 -0.23375672 -0.23375672 -0.23375672  4.88781121 -0.23375672
 -0.23375672 -0.23375672 -0.23375672 -0.23375672 -0.23375672 -0.23375672
 -0.23375672 -0.23375672 -0.23375672 -0.23375672 -0.23375672 -0.23375672
 -0.23375672 -0.23375672 -0.23375672 -0.23375672 -0.23375672 -0.23375672
  3.37263703 -0.23375672 -0.23375672 -0.23375672 -0.23375672 -0.23375672
 -0.23375672 -0.23375672 -0.23375672 -0.23375672 -0.23375672 -0.23375672
 -0.23375672 -0.23375672 -0.23375672 -0.23375672 -0.23375672 -0.23375672
 -0.23375672 -0.23375672  4.12826251 -0.23375672 -0.23375672 -0.23375672
  6.00585908 -0.23375672 -0.23375672  5.06197418 -0.23375672 -0.23375672
 -0.23375672 -0.23375672 -0.23375672 -0.23375672 -0.23375672 -0.23375672
 -0.23375672 -0.23375672 -0.23375672 -0.23375672 -0.23375672 -0.23375672
 -0.23375672  3.38012865 -0.23375672 -0.23375672 -0.23375672 -0.23375672
 -0.23375672 -0.23375672 -0.23375672 -0.23375672 -0.23375672 -0.23375672
 -0.23375672 -0.23375672 -0.23375672 -0.23375672 -0.23375672 -0.23375672
 -0.23375672 -0.23375672 -0.23375672 -0.23375672 -0.23375672 -0.23375672
 -0.23375672 -0.23375672 -0.23375672 -0.23375672 -0.23375672 -0.23375672
 -0.23375672 -0.23375672 -0.23375672 -0.23375672]",[-0.019763513118558673]
13,"[-0.1519731  -0.1519731  -0.1519731  -0.1519731  -0.1519731  -0.1519731
 -0.1519731  -0.1519731  -0.1519731  -0.1519731  -0.1519731  -0.1519731
 -0.1519731  -0.1519731  -0.1519731  -0.1519731  -0.1519731  -0.1519731
 -0.1519731  -0.1519731  -0.1519731  -0.1519731  -0.1519731  -0.1519731
 -0.1519731  -0.1519731  -0.1519731  -0.1519731  -0.1519731  -0.1519731
 -0.1519731  -0.1519731  -0.1519731  -0.1519731  -0.1519731  -0.1519731
 -0.1519731  -0.1519731  -0.1519731  -0.1519731  -0.1519731  -0.1519731
 -0.1519731  -0.1519731  -0.1519731  -0.1519731  -0.1519731  -0.1519731
 -0.1519731  -0.1519731  -0.1519731  -0.1519731  -0.1519731  -0.1519731
 -0.1519731  -0.1519731  -0.1519731  -0.1519731  -0.1519731  -0.1519731
 -0.1519731  -0.1519731  -0.1519731  -0.1519731  -0.1519731  -0.1519731
 -0.1519731  -0.1519731  -0.1519731  -0.1519731  -0.1519731  -0.1519731
 -0.1519731  -0.1519731  -0.1519731  -0.1519731  -0.1519731  -0.1519731
 -0.1519731  -0.1519731  -0.1519731  -0.1519731  -0.1519731   7.25398349
 -0.1519731  -0.1519731  -0.1519731  -0.1519731  -0.1519731  -0.1519731
 -0.1519731  -0.1519731  -0.1519731  -0.1519731  -0.1519731  -0.1519731
 -0.1519731  -0.1519731  -0.1519731  -0.1519731  -0.1519731  -0.1519731
 -0.1519731  -0.1519731  -0.1519731  -0.1519731  -0.1519731  -0.1519731
 -0.1519731  -0.1519731   0.77323282 -0.1519731  -0.1519731  -0.1519731
 -0.1519731  -0.1519731   9.41000496 -0.1519731  -0.1519731  -0.1519731
 -0.1519731  -0.1519731  -0.1519731  -0.1519731   0.35751537 -0.1519731
 -0.1519731  -0.1519731  -0.1519731  -0.1519731  -0.1519731  -0.1519731
 -0.1519731  -0.1519731  -0.1519731  -0.1519731  -0.1519731  -0.1519731
 -0.1519731  -0.1519731  -0.1519731  -0.1519731  -0.1519731  -0.1519731
 -0.1519731  -0.1519731  -0.1519731  -0.1519731  -0.1519731  -0.1519731
 -0.1519731  -0.1519731  -0.1519731  -0.1519731  -0.1519731  -0.1519731
 -0.1519731  -0.1519731  -0.1519731  -0.1519731  -0.1519731  -0.1519731
 -0.1519731  -0.1519731  -0.1519731  -0.1519731  -0.1519731  -0.1519731
 -0.1519731  -0.1519731  -0.1519731  -0.1519731  -0.1519731  -0.1519731
 -0.1519731  -0.1519731  -0.1519731  -0.1519731  -0.1519731  -0.1519731
 -0.1519731  -0.1519731  -0.1519731  -0.1519731  -0.1519731  -0.1519731
  3.04516877 -0.1519731  -0.1519731  -0.1519731  -0.1519731  -0.1519731
 -0.1519731  -0.1519731  -0.1519731  -0.1519731  -0.1519731  -0.1519731
 -0.1519731  -0.1519731   2.16042753 -0.1519731  -0.1519731  -0.1519731
 -0.1519731  -0.1519731  -0.1519731  -0.1519731  -0.1519731  -0.1519731
  1.44659783 -0.1519731  -0.1519731  -0.1519731  -0.1519731   5.52110923
 -0.1519731  -0.1519731  -0.1519731  -0.1519731  -0.1519731  -0.1519731
 -0.1519731  -0.1519731  -0.1519731  -0.1519731  -0.1519731  -0.1519731
 -0.1519731  -0.1519731  -0.1519731  -0.1519731  -0.1519731  -0.1519731
 -0.1519731  -0.02109296 -0.1519731  -0.1519731  -0.1519731  -0.1519731
  3.63377778 -0.1519731  -0.1519731  -0.1519731  -0.1519731  -0.1519731
 -0.1519731  -0.1519731  -0.1519731  -0.1519731  -0.1519731  -0.1519731
 -0.1519731  -0.1519731  -0.1519731  -0.1519731  -0.1519731  -0.1519731
 -0.1519731  -0.1519731  -0.1519731  -0.1519731  -0.1519731  -0.1519731
 -0.1519731  -0.1519731  -0.1519731  -0.1519731  -0.1519731  -0.1519731
 -0.1519731  -0.1519731  -0.1519731  -0.1519731  -0.1519731  -0.1519731
 -0.1519731  -0.1519731  -0.1519731  -0.1519731  -0.1519731  -0.1519731
 -0.1519731  -0.1519731  -0.1519731  -0.1519731  -0.1519731   1.0427706
 -0.1519731  -0.1519731  -0.1519731  -0.1519731  -0.1519731  -0.1519731
 -0.1519731  -0.1519731  -0.1519731  -0.1519731  -0.1519731  -0.1519731
 -0.1519731  -0.1519731  -0.1519731  -0.1519731  -0.1519731  -0.1519731
 -0.1519731  -0.1519731  -0.1519731  -0.1519731  -0.1519731   1.37482466
 -0.1519731  -0.1519731  -0.1519731  -0.1519731  -0.1519731  -0.1519731
 -0.1519731  -0.1519731  -0.1519731  -0.1519731  -0.1519731  -0.1519731
 -0.1519731  -0.1519731  -0.1519731  -0.1519731  -0.1519731  -0.1519731
 -0.1519731  -0.1519731  -0.1519731  -0.1519731  -0.1519731  -0.1519731
 -0.1519731  -0.1519731  -0.1519731  -0.1519731  -0.1519731  -0.1519731
 -0.1519731  -0.1519731  -0.1519731  -0.1519731  -0.1519731  -0.1519731
 -0.1519731  -0.1519731  -0.1519731  -0.1519731  -0.1519731  -0.1519731
 -0.1519731  -0.1519731  -0.1519731  -0.1519731  -0.1519731  -0.1519731
 -0.1519731  -0.1519731  -0.1519731  -0.1519731  -0.1519731  -0.1519731
 -0.1519731  -0.1519731  -0.1519731  -0.1519731  -0.1519731  -0.1519731
 -0.1519731  -0.1519731  -0.1519731  -0.1519731  -0.1519731  -0.1519731
 -0.1519731  -0.1519731  -0.1519731  -0.1519731  -0.1519731  -0.1519731
 -0.1519731  -0.1519731  -0.1519731  -0.1519731  -0.1519731  -0.1519731
 -0.1519731  -0.1519731  -0.1519731  -0.1519731  -0.1519731  -0.1519731
 -0.1519731  -0.1519731  -0.1519731  -0.1519731  -0.1519731  -0.1519731
 -0.1519731  -0.1519731  -0.1519731  -0.1519731  -0.1519731  -0.1519731
 -0.1519731  -0.1519731  -0.1519731  -0.1519731  -0.1519731  -0.1519731
 -0.1519731  -0.1519731  -0.1519731  -0.1519731  -0.1519731  -0.1519731
 -0.1519731  -0.1519731  -0.1519731  -0.1519731  -0.1519731  -0.1519731
 -0.1519731  -0.1519731  -0.1519731  -0.1519731  -0.1519731  -0.1519731
 -0.1519731  -0.1519731  -0.1519731  -0.1519731  -0.1519731  -0.1519731
 -0.1519731  -0.1519731  -0.1519731  -0.1519731  -0.1519731  -0.1519731
  3.69047582 -0.1519731  -0.1519731  -0.1519731  -0.1519731  -0.1519731
 -0.1519731  -0.1519731  -0.1519731  -0.1519731  -0.1519731  -0.1519731
 -0.1519731  -0.1519731  -0.1519731  -0.1519731  -0.1519731  -0.1519731
 -0.1519731  -0.1519731   7.55405685 -0.1519731  -0.1519731  -0.1519731
 11.17565485 -0.1519731  -0.1519731  -0.1519731  -0.1519731  -0.1519731
  8.95930407 -0.1519731  -0.1519731  -0.1519731  -0.1519731  -0.1519731
 -0.1519731  -0.1519731  -0.1519731  -0.1519731  -0.1519731  -0.1519731
 -0.1519731   4.1697348  -0.1519731  -0.1519731  -0.1519731   2.11697381
 -0.1519731  -0.1519731  -0.1519731  -0.1519731  -0.1519731  -0.1519731
 -0.1519731  -0.1519731  -0.1519731  -0.1519731  -0.1519731  -0.1519731
 -0.1519731  -0.1519731  -0.1519731  -0.1519731  -0.1519731  -0.1519731
 -0.1519731  -0.1519731  -0.1519731  -0.1519731  -0.1519731  -0.1519731
 -0.1519731  -0.1519731   2.47400115 -0.1519731 ]",[-0.06053942929988304]
13,"[-0.25435221 -0.25435221 -0.25435221 -0.25435221 -0.25435221 -0.25435221
 -0.25435221 -0.25435221 -0.25435221 -0.25435221 -0.25435221 -0.25435221
 -0.25435221 -0.25435221 -0.25435221 -0.25435221 -0.25435221 -0.25435221
  0.51947329 -0.25435221 -0.25435221 -0.25435221 -0.25435221 -0.25435221
 -0.25435221 -0.25435221 -0.25435221 -0.25435221 -0.25435221 -0.25435221
 -0.25435221 -0.25435221 -0.25435221 -0.25435221 -0.25435221 -0.25435221
 -0.25435221 -0.25435221 -0.25435221 -0.25435221 -0.25435221 -0.25435221
 -0.25435221 -0.25435221 -0.25435221 -0.25435221 -0.25435221 -0.25435221
 -0.25435221 -0.25435221 -0.25435221 -0.25435221 -0.25435221 -0.25435221
 -0.25435221 -0.25435221 -0.25435221 -0.25435221 -0.25435221 -0.25435221
 -0.25435221 -0.25435221 -0.25435221 -0.25435221 -0.25435221 -0.25435221
 -0.25435221 -0.25435221 -0.25435221 -0.25435221 -0.25435221 -0.25435221
 -0.25435221 -0.25435221 -0.25435221 -0.25435221 -0.25435221 -0.25435221
 -0.25435221 -0.25435221 -0.25435221 -0.25435221 -0.25435221  6.63962321
 -0.25435221 -0.25435221 -0.25435221 -0.25435221  1.65300839 -0.25435221
  2.83481655 -0.25435221  1.90276217 -0.25435221 -0.25435221 -0.25435221
 -0.25435221 -0.25435221 -0.25435221 -0.25435221 -0.25435221 -0.25435221
 -0.25435221 -0.25435221 -0.25435221 -0.25435221 -0.25435221 -0.25435221
 -0.25435221 -0.25435221 -0.25435221 -0.25435221 -0.25435221 -0.25435221
 -0.25435221 -0.25435221 -0.25435221 -0.25435221 -0.25435221 -0.25435221
  0.87261653 -0.25435221 -0.25435221  4.12198179  3.15664332 -0.25435221
 -0.25435221 -0.25435221 -0.25435221 -0.25435221 -0.25435221 -0.25435221
 -0.25435221 -0.25435221 -0.25435221 -0.25435221 -0.25435221 -0.25435221
 -0.25435221 -0.25435221 -0.25435221 -0.25435221 -0.25435221 -0.25435221
 -0.25435221 -0.25435221 -0.25435221 -0.25435221 -0.25435221 -0.25435221
 -0.25435221 -0.25435221 -0.25435221 -0.25435221 -0.25435221 -0.25435221
 -0.25435221 -0.25435221 -0.25435221 -0.25435221 -0.25435221 -0.25435221
 -0.25435221 -0.25435221 -0.25435221 -0.25435221 -0.25435221 -0.25435221
 -0.25435221 -0.25435221 -0.25435221 -0.25435221 -0.25435221  1.35749054
 -0.25435221 -0.25435221 -0.25435221 -0.25435221 -0.25435221 -0.25435221
 -0.25435221 -0.25435221 -0.25435221 -0.25435221 -0.25435221 -0.25435221
 -0.25435221 -0.25435221 -0.25435221 -0.25435221 -0.25435221 -0.25435221
 -0.25435221 -0.25435221 -0.25435221 -0.25435221 -0.25435221 -0.25435221
  2.08699247 -0.25435221  1.70784781 -0.25435221 -0.25435221 -0.25435221
 -0.25435221 -0.25435221 -0.25435221 -0.25435221 -0.25435221  2.38384205
  4.89597678 -0.25435221 -0.25435221 -0.25435221 -0.25435221  4.66206626
 -0.25435221 -0.25435221 -0.25435221 -0.25435221 -0.25435221 -0.25435221
 -0.25435221 -0.25435221 -0.25435221 -0.25435221 -0.25435221 -0.25435221
 -0.25435221 -0.25435221 -0.25435221 -0.25435221 -0.25435221 -0.25435221
 -0.25435221  3.88158112 -0.25435221  3.81511195  3.19733252 -0.25435221
  4.47810231 -0.25435221 -0.25435221 -0.25435221 -0.25435221  1.57799941
 -0.25435221 -0.25435221 -0.25435221 -0.25435221 -0.25435221 -0.25435221
 -0.25435221 -0.25435221 -0.25435221 -0.25435221  2.58564296 -0.25435221
 -0.25435221 -0.25435221  2.48445928  1.49616242 -0.25435221  1.63348996
 -0.25435221 -0.25435221 -0.25435221 -0.25435221 -0.25435221 -0.25435221
 -0.25435221 -0.25435221  3.03269625 -0.25435221  2.55704594 -0.25435221
 -0.25435221 -0.25435221 -0.25435221 -0.25435221 -0.25435221 -0.25435221
 -0.25435221  0.36919368 -0.25435221 -0.25435221 -0.25435221  6.00218157
 -0.25435221 -0.25435221 -0.25435221 -0.25435221 -0.25435221 -0.25435221
 -0.25435221  5.86931169 -0.25435221 -0.25435221 -0.25435221 -0.25435221
  3.08632734 -0.25435221 -0.25435221 -0.25435221  3.96807173 -0.25435221
 -0.25435221 -0.25435221 -0.25435221 -0.25435221 -0.25435221  3.86609858
 -0.25435221  1.45227144 -0.25435221 -0.25435221 -0.25435221 -0.25435221
 -0.25435221 -0.25435221 -0.25435221 -0.25435221 -0.25435221 -0.25435221
 -0.25435221 -0.25435221 -0.25435221 -0.25435221 -0.25435221 -0.25435221
 -0.25435221 -0.25435221 -0.25435221 -0.25435221 -0.25435221 -0.25435221
 -0.25435221 -0.25435221 -0.25435221 -0.25435221 -0.25435221 -0.25435221
 -0.25435221 -0.25435221 -0.25435221 -0.25435221 -0.25435221 -0.25435221
 -0.25435221 -0.25435221 -0.25435221 -0.25435221 -0.25435221 -0.25435221
 -0.25435221 -0.25435221 -0.25435221 -0.25435221 -0.25435221 -0.25435221
 -0.25435221 -0.25435221 -0.25435221 -0.25435221 -0.25435221 -0.25435221
 -0.25435221 -0.25435221 -0.25435221 -0.25435221 -0.25435221 -0.25435221
 -0.25435221 -0.25435221 -0.25435221 -0.25435221 -0.25435221 -0.25435221
 -0.25435221 -0.25435221 -0.25435221 -0.25435221 -0.25435221 -0.25435221
 -0.25435221 -0.25435221 -0.25435221 -0.25435221 -0.25435221 -0.25435221
 -0.25435221 -0.25435221 -0.25435221 -0.25435221 -0.25435221 -0.25435221
 -0.25435221 -0.25435221 -0.25435221 -0.25435221 -0.25435221 -0.25435221
 -0.25435221 -0.25435221 -0.25435221 -0.25435221 -0.25435221 -0.25435221
 -0.25435221 -0.25435221 -0.25435221 -0.25435221 -0.25435221 -0.25435221
 -0.25435221 -0.25435221 -0.25435221 -0.25435221 -0.25435221 -0.25435221
 -0.25435221 -0.25435221 -0.25435221 -0.25435221  2.08699247  4.60176244
 -0.25435221 -0.25435221 -0.25435221 -0.25435221 -0.25435221 -0.25435221
 -0.25435221 -0.25435221 -0.25435221 -0.25435221 -0.25435221 -0.25435221
 -0.25435221 -0.25435221 -0.25435221 -0.25435221 -0.25435221 -0.25435221
  3.66488453 -0.25435221 -0.25435221 -0.25435221 -0.25435221 -0.25435221
  1.42318297 -0.25435221 -0.25435221 -0.25435221 -0.25435221 -0.25435221
 -0.25435221 -0.25435221 -0.25435221 -0.25435221 -0.25435221 -0.25435221
 -0.25435221 -0.25435221  6.21935337 -0.25435221  4.25912534 -0.25435221
 -0.25435221 -0.25435221 -0.25435221 -0.25435221 -0.25435221 -0.25435221
 -0.25435221 -0.25435221 -0.25435221 -0.25435221 -0.25435221 -0.25435221
 -0.25435221 -0.25435221 -0.25435221 -0.25435221 -0.25435221 -0.25435221
 -0.25435221  5.93989119 -0.25435221 -0.25435221 -0.25435221 -0.25435221
 -0.25435221 -0.25435221 -0.25435221 -0.25435221 -0.25435221 -0.25435221
 -0.25435221 -0.25435221 -0.25435221 -0.25435221 -0.25435221 -0.25435221
 -0.25435221 -0.25435221 -0.25435221 -0.25435221 -0.25435221 -0.25435221
 -0.25435221 -0.25435221 -0.25435221 -0.25435221 -0.25435221 -0.25435221
 -0.25435221 -0.25435221 -0.25435221 -0.25435221]",[-3.0989647187994382]
13,"[-0.18763682 -0.18763682 -0.18763682 -0.18763682 -0.18763682 -0.18763682
 -0.18763682 -0.18763682 -0.18763682 -0.18763682 -0.18763682 -0.18763682
 -0.18763682 -0.18763682 -0.18763682 -0.18763682 -0.18763682 -0.18763682
 -0.18763682 -0.18763682 -0.18763682 -0.18763682 -0.18763682 -0.18763682
 -0.18763682 -0.18763682 -0.18763682 -0.18763682 -0.18763682 -0.18763682
 -0.18763682 -0.18763682 -0.18763682 -0.18763682 -0.18763682 -0.18763682
 -0.18763682 -0.18763682 -0.18763682 -0.18763682 -0.18763682 -0.18763682
 -0.18763682 -0.18763682 -0.18763682 -0.18763682 -0.18763682 -0.18763682
 -0.18763682 -0.18763682 -0.18763682 -0.18763682 -0.18763682 -0.18763682
 -0.18763682 -0.18763682 -0.18763682 -0.18763682 -0.18763682 -0.18763682
 -0.18763682 -0.18763682 -0.18763682 -0.18763682 -0.18763682 -0.18763682
 -0.18763682 -0.18763682 -0.18763682 -0.18763682 -0.18763682 -0.18763682
 -0.18763682 -0.18763682 -0.18763682 -0.18763682 -0.18763682 -0.18763682
 -0.18763682 -0.18763682 -0.18763682 -0.18763682 -0.18763682  7.82248505
 -0.18763682 -0.18763682 -0.18763682 -0.18763682 -0.18763682  4.65858728
 -0.18763682  3.05233614 -0.18763682 -0.18763682 -0.18763682 -0.18763682
 -0.18763682 -0.18763682 -0.18763682 -0.18763682 -0.18763682 -0.18763682
 -0.18763682 -0.18763682 -0.18763682 -0.18763682 -0.18763682 -0.18763682
 -0.18763682 -0.18763682  7.31820483 -0.18763682 -0.18763682 -0.18763682
 -0.18763682  4.68474089  6.01648308 -0.18763682 -0.18763682 -0.18763682
 -0.18763682 -0.18763682 -0.18763682 -0.18763682  3.91844956 -0.18763682
 -0.18763682 -0.18763682 -0.18763682 -0.18763682 -0.18763682 -0.18763682
 -0.18763682 -0.18763682 -0.18763682 -0.18763682 -0.18763682 -0.18763682
 -0.18763682 -0.18763682 -0.18763682 -0.18763682 -0.18763682 -0.18763682
 -0.18763682 -0.18763682 -0.18763682 -0.18763682 -0.18763682 -0.18763682
 -0.18763682 -0.18763682 -0.18763682 -0.18763682 -0.18763682 -0.18763682
 -0.18763682 -0.18763682 -0.18763682 -0.18763682 -0.18763682 -0.18763682
 -0.18763682 -0.18763682 -0.18763682 -0.18763682 -0.18763682 -0.18763682
 -0.18763682 -0.18763682 -0.18763682 -0.18763682 -0.18763682 -0.18763682
 -0.18763682 -0.18763682 -0.18763682 -0.18763682 -0.18763682 -0.18763682
 -0.18763682 -0.18763682 -0.18763682 -0.18763682 -0.18763682 -0.18763682
 -0.18763682 -0.18763682 -0.18763682 -0.18763682 -0.18763682 -0.18763682
 -0.18763682 -0.18763682 -0.18763682 -0.18763682 -0.18763682 -0.18763682
 -0.18763682 -0.18763682 -0.18763682 -0.18763682 -0.18763682 -0.18763682
 -0.18763682 -0.18763682 -0.18763682 -0.18763682 -0.18763682 -0.18763682
  2.0898161  -0.18763682 -0.18763682 -0.18763682 -0.18763682  2.09986525
 -0.18763682 -0.18763682 -0.18763682 -0.18763682 -0.18763682 -0.18763682
 -0.18763682 -0.18763682 -0.18763682 -0.18763682 -0.18763682 -0.18763682
 -0.18763682 -0.18763682 -0.18763682 -0.18763682 -0.18763682 -0.18763682
 -0.18763682  2.21996501 -0.18763682 -0.18763682 -0.18763682 -0.18763682
  2.17192859 -0.18763682 -0.18763682 -0.18763682 -0.18763682 -0.18763682
 -0.18763682 -0.18763682 -0.18763682 -0.18763682 -0.18763682 -0.18763682
 -0.18763682 -0.18763682 -0.18763682 -0.18763682 -0.18763682 -0.18763682
 -0.18763682 -0.18763682 -0.18763682  1.80433025 -0.18763682 -0.18763682
 -0.18763682 -0.18763682 -0.18763682 -0.18763682 -0.18763682 -0.18763682
 -0.18763682 -0.18763682 -0.18763682 -0.18763682 -0.18763682 -0.18763682
 -0.18763682 -0.18763682 -0.18763682 -0.18763682 -0.18763682 -0.18763682
 -0.18763682  4.38793369 -0.18763682 -0.18763682 -0.18763682  0.91496956
 -0.18763682 -0.18763682 -0.18763682 -0.18763682 -0.18763682 -0.18763682
 -0.18763682 -0.18763682 -0.18763682 -0.18763682 -0.18763682  5.21998066
 -0.18763682 -0.18763682 -0.18763682 -0.18763682 -0.18763682 -0.18763682
  7.67927199  7.04075868 -0.18763682 -0.18763682 -0.18763682  6.28227653
 -0.18763682 -0.18763682 -0.18763682 -0.18763682 -0.18763682 -0.18763682
 -0.18763682 -0.18763682 -0.18763682 -0.18763682 -0.18763682 -0.18763682
 -0.18763682 -0.18763682 -0.18763682 -0.18763682 -0.18763682 -0.18763682
 -0.18763682 -0.18763682 -0.18763682 -0.18763682 -0.18763682 -0.18763682
 -0.18763682 -0.18763682 -0.18763682 -0.18763682 -0.18763682 -0.18763682
 -0.18763682 -0.18763682 -0.18763682 -0.18763682 -0.18763682 -0.18763682
 -0.18763682 -0.18763682 -0.18763682 -0.18763682 -0.18763682 -0.18763682
 -0.18763682 -0.18763682 -0.18763682 -0.18763682 -0.18763682 -0.18763682
 -0.18763682 -0.18763682 -0.18763682 -0.18763682 -0.18763682 -0.18763682
 -0.18763682 -0.18763682 -0.18763682 -0.18763682 -0.18763682 -0.18763682
 -0.18763682 -0.18763682 -0.18763682 -0.18763682 -0.18763682 -0.18763682
 -0.18763682 -0.18763682 -0.18763682 -0.18763682 -0.18763682 -0.18763682
 -0.18763682 -0.18763682 -0.18763682 -0.18763682 -0.18763682 -0.18763682
 -0.18763682 -0.18763682 -0.18763682 -0.18763682 -0.18763682 -0.18763682
 -0.18763682 -0.18763682 -0.18763682 -0.18763682 -0.18763682 -0.18763682
 -0.18763682 -0.18763682 -0.18763682 -0.18763682 -0.18763682 -0.18763682
 -0.18763682 -0.18763682 -0.18763682 -0.18763682 -0.18763682 -0.18763682
 -0.18763682 -0.18763682 -0.18763682 -0.18763682 -0.18763682 -0.18763682
 -0.18763682 -0.18763682 -0.18763682 -0.18763682 -0.18763682 -0.18763682
 -0.18763682 -0.18763682 -0.18763682 -0.18763682 -0.18763682 -0.18763682
 -0.18763682 -0.18763682 -0.18763682 -0.18763682 -0.18763682 -0.18763682
 -0.18763682 -0.18763682 -0.18763682 -0.18763682 -0.18763682 -0.18763682
  5.44012338 -0.18763682 -0.18763682 -0.18763682 -0.18763682 -0.18763682
 -0.18763682 -0.18763682 -0.18763682 -0.18763682 -0.18763682 -0.18763682
 -0.18763682 -0.18763682 -0.18763682 -0.18763682 -0.18763682 -0.18763682
 -0.18763682 -0.18763682  5.1692144  -0.18763682 -0.18763682 -0.18763682
 -0.18763682 -0.18763682 -0.18763682 -0.18763682 -0.18763682 -0.18763682
 -0.18763682 -0.18763682 -0.18763682 -0.18763682 -0.18763682 -0.18763682
 -0.18763682 -0.18763682 -0.18763682 -0.18763682 -0.18763682 -0.18763682
 -0.18763682  3.1223744  -0.18763682 -0.18763682 -0.18763682 -0.18763682
 -0.18763682 -0.18763682 -0.18763682 -0.18763682 -0.18763682  0.32903935
 -0.18763682 -0.18763682 -0.18763682 -0.18763682 -0.18763682 -0.18763682
 -0.18763682 -0.18763682 -0.18763682 -0.18763682 -0.18763682 -0.18763682
 -0.18763682 -0.18763682 -0.18763682 -0.18763682 -0.18763682 -0.18763682
 -0.18763682 -0.18763682 -0.18763682 -0.18763682]",[-0.02814628958059559]
13,"[-0.24317586 -0.24317586 -0.24317586 -0.24317586  2.90262719 -0.24317586
 -0.24317586 -0.24317586 -0.24317586 -0.24317586 -0.24317586 -0.24317586
 -0.24317586 -0.24317586 -0.24317586 -0.24317586 -0.24317586 -0.24317586
 -0.24317586 -0.24317586 -0.24317586 -0.24317586 -0.24317586 -0.24317586
 -0.24317586 -0.24317586 -0.24317586 -0.24317586 -0.24317586 -0.24317586
 -0.24317586 -0.24317586 -0.24317586 -0.24317586 -0.24317586 -0.24317586
 -0.24317586 -0.24317586 -0.24317586 -0.24317586 -0.24317586 -0.24317586
 -0.24317586 -0.24317586 -0.24317586 -0.24317586 -0.24317586 -0.24317586
 -0.24317586 -0.24317586 -0.24317586 -0.24317586 -0.24317586 -0.24317586
 -0.24317586 -0.24317586 -0.24317586 -0.24317586 -0.24317586 -0.24317586
 -0.24317586 -0.24317586 -0.24317586 -0.24317586 -0.24317586 -0.24317586
 -0.24317586 -0.24317586 -0.24317586 -0.24317586 -0.24317586 -0.24317586
 -0.24317586 -0.24317586 -0.24317586 -0.24317586 -0.24317586 -0.24317586
 -0.24317586 -0.24317586 -0.24317586 -0.24317586 -0.24317586  5.50032429
 -0.24317586 -0.24317586 -0.24317586 -0.24317586 -0.24317586  3.85185675
 -0.24317586 -0.24317586 -0.24317586 -0.24317586 -0.24317586 -0.24317586
 -0.24317586 -0.24317586 -0.24317586 -0.24317586 -0.24317586 -0.24317586
 -0.24317586 -0.24317586 -0.24317586 -0.24317586 -0.24317586 -0.24317586
 -0.24317586 -0.24317586  5.95322154 -0.24317586 -0.24317586 -0.24317586
 -0.24317586 -0.24317586 -0.24317586 -0.24317586 -0.24317586 -0.24317586
 -0.24317586 -0.24317586 -0.24317586 -0.24317586  5.96719785 -0.24317586
 -0.24317586 -0.24317586 -0.24317586 -0.24317586 -0.24317586 -0.24317586
 -0.24317586 -0.24317586 -0.24317586 -0.24317586 -0.24317586 -0.24317586
 -0.24317586 -0.24317586 -0.24317586 -0.24317586 -0.24317586 -0.24317586
 -0.24317586 -0.24317586 -0.24317586 -0.24317586 -0.24317586 -0.24317586
 -0.24317586 -0.24317586 -0.24317586 -0.24317586 -0.24317586 -0.24317586
 -0.24317586 -0.24317586 -0.24317586 -0.24317586 -0.24317586 -0.24317586
 -0.24317586  2.95151199 -0.24317586 -0.24317586 -0.24317586 -0.24317586
 -0.24317586 -0.24317586 -0.24317586 -0.24317586 -0.24317586 -0.24317586
 -0.24317586 -0.24317586 -0.24317586 -0.24317586 -0.24317586 -0.24317586
 -0.24317586 -0.24317586 -0.24317586 -0.24317586 -0.24317586 -0.24317586
 -0.24317586 -0.24317586 -0.24317586 -0.24317586 -0.24317586 -0.24317586
 -0.24317586 -0.24317586 -0.24317586 -0.24317586 -0.24317586 -0.24317586
 -0.24317586 -0.24317586 -0.24317586 -0.24317586 -0.24317586 -0.24317586
 -0.24317586 -0.24317586 -0.24317586 -0.24317586 -0.24317586 -0.24317586
  1.72912394 -0.24317586  1.17110695 -0.24317586 -0.24317586  0.54281901
 -0.24317586 -0.24317586 -0.24317586 -0.24317586 -0.24317586 -0.24317586
 -0.24317586 -0.24317586 -0.24317586 -0.24317586 -0.24317586 -0.24317586
 -0.24317586 -0.24317586 -0.24317586 -0.24317586 -0.24317586 -0.24317586
 -0.24317586  2.23716119 -0.24317586  3.54953211  2.94684114 -0.24317586
  4.80855611  1.96588171 -0.24317586 -0.24317586 -0.24317586 -0.24317586
 -0.24317586 -0.24317586 -0.24317586 -0.24317586 -0.24317586 -0.24317586
 -0.24317586 -0.24317586 -0.24317586  5.86030355  3.26238745 -0.24317586
 -0.24317586 -0.24317586 -0.24317586  4.15734512 -0.24317586  1.19954606
 -0.24317586 -0.24317586 -0.24317586  2.57765803 -0.24317586 -0.24317586
 -0.24317586 -0.24317586  6.19104378 -0.24317586  3.89689238 -0.24317586
 -0.24317586  3.52167622 -0.24317586 -0.24317586  3.9638999  -0.24317586
  3.52254958  2.00198339 -0.24317586 -0.24317586 -0.24317586  5.79659916
  2.03116956 -0.24317586 -0.24317586  2.80031718 -0.24317586 -0.24317586
 -0.24317586 -0.24317586 -0.24317586 -0.24317586 -0.24317586 -0.24317586
 -0.24317586 -0.24317586 -0.24317586 -0.24317586 -0.24317586 -0.24317586
 -0.24317586 -0.24317586 -0.24317586 -0.24317586 -0.24317586  1.86947369
 -0.24317586 -0.24317586 -0.24317586 -0.24317586 -0.24317586 -0.24317586
 -0.24317586 -0.24317586 -0.24317586 -0.24317586 -0.24317586 -0.24317586
 -0.24317586 -0.24317586 -0.24317586 -0.24317586 -0.24317586 -0.24317586
 -0.24317586 -0.24317586 -0.24317586 -0.24317586 -0.24317586 -0.24317586
 -0.24317586 -0.24317586 -0.24317586 -0.24317586 -0.24317586 -0.24317586
 -0.24317586 -0.24317586 -0.24317586 -0.24317586 -0.24317586 -0.24317586
 -0.24317586 -0.24317586 -0.24317586 -0.24317586 -0.24317586 -0.24317586
 -0.24317586 -0.24317586 -0.24317586 -0.24317586 -0.24317586 -0.24317586
 -0.24317586 -0.24317586 -0.24317586 -0.24317586 -0.24317586 -0.24317586
 -0.24317586 -0.24317586 -0.24317586 -0.24317586 -0.24317586 -0.24317586
 -0.24317586 -0.24317586 -0.24317586 -0.24317586 -0.24317586 -0.24317586
 -0.24317586 -0.24317586 -0.24317586 -0.24317586 -0.24317586 -0.24317586
 -0.24317586 -0.24317586 -0.24317586 -0.24317586 -0.24317586 -0.24317586
 -0.24317586 -0.24317586 -0.24317586 -0.24317586 -0.24317586 -0.24317586
 -0.24317586 -0.24317586 -0.24317586 -0.24317586 -0.24317586 -0.24317586
 -0.24317586 -0.24317586 -0.24317586 -0.24317586 -0.24317586 -0.24317586
 -0.24317586 -0.24317586 -0.24317586 -0.24317586 -0.24317586 -0.24317586
 -0.24317586 -0.24317586 -0.24317586 -0.24317586 -0.24317586 -0.24317586
 -0.24317586 -0.24317586 -0.24317586 -0.24317586  1.78662492  5.28124377
 -0.24317586 -0.24317586 -0.24317586 -0.24317586 -0.24317586 -0.24317586
 -0.24317586 -0.24317586 -0.24317586 -0.24317586 -0.24317586 -0.24317586
 -0.24317586 -0.24317586 -0.24317586 -0.24317586 -0.24317586 -0.24317586
  4.11518371 -0.24317586 -0.24317586 -0.24317586 -0.24317586 -0.24317586
 -0.24317586 -0.24317586 -0.24317586 -0.24317586 -0.24317586 -0.24317586
 -0.24317586 -0.24317586 -0.24317586 -0.24317586 -0.24317586 -0.24317586
 -0.24317586 -0.24317586  4.57050323 -0.24317586 -0.24317586 -0.24317586
 -0.24317586 -0.24317586 -0.24317586 -0.24317586 -0.24317586 -0.24317586
 -0.24317586 -0.24317586 -0.24317586 -0.24317586 -0.24317586 -0.24317586
 -0.24317586 -0.24317586 -0.24317586 -0.24317586 -0.24317586 -0.24317586
 -0.24317586  3.69930423 -0.24317586 -0.24317586 -0.24317586 -0.24317586
 -0.24317586 -0.24317586 -0.24317586 -0.24317586 -0.24317586 -0.24317586
 -0.24317586 -0.24317586 -0.24317586 -0.24317586 -0.24317586 -0.24317586
 -0.24317586 -0.24317586 -0.24317586 -0.24317586 -0.24317586 -0.24317586
 -0.24317586 -0.24317586 -0.24317586 -0.24317586 -0.24317586 -0.24317586
 -0.24317586 -0.24317586 -0.24317586 -0.24317586]",[-0.012308188180690433]
13,"[-0.21809628 -0.21809628 -0.21809628 -0.21809628 -0.21809628 -0.21809628
 -0.21809628 -0.21809628 -0.21809628 -0.21809628 -0.21809628 -0.21809628
 -0.21809628 -0.21809628 -0.21809628 -0.21809628 -0.21809628 -0.21809628
 -0.21809628 -0.21809628 -0.21809628 -0.21809628 -0.21809628 -0.21809628
 -0.21809628 -0.21809628 -0.21809628 -0.21809628 -0.21809628 -0.21809628
 -0.21809628 -0.21809628 -0.21809628 -0.21809628 -0.21809628 -0.21809628
 -0.21809628 -0.21809628 -0.21809628 -0.21809628 -0.21809628 -0.21809628
 -0.21809628 -0.21809628 -0.21809628 -0.21809628 -0.21809628 -0.21809628
 -0.21809628 -0.21809628 -0.21809628 -0.21809628 -0.21809628 -0.21809628
 -0.21809628 -0.21809628 -0.21809628 -0.21809628  0.98928546 -0.21809628
 -0.21809628 -0.21809628 -0.21809628 -0.21809628 -0.21809628 -0.21809628
 -0.21809628 -0.21809628 -0.21809628 -0.21809628 -0.21809628 -0.21809628
 -0.21809628 -0.21809628 -0.21809628 -0.21809628 -0.21809628 -0.21809628
 -0.21809628 -0.21809628 -0.21809628 -0.21809628 -0.21809628  5.53663355
 -0.21809628 -0.21809628 -0.21809628 -0.21809628 -0.21809628 -0.21809628
 -0.21809628 -0.21809628  3.76617212 -0.21809628 -0.21809628 -0.21809628
 -0.21809628 -0.21809628 -0.21809628 -0.21809628 -0.21809628 -0.21809628
 -0.21809628 -0.21809628 -0.21809628 -0.21809628 -0.21809628 -0.21809628
 -0.21809628 -0.21809628  6.26616735 -0.21809628 -0.21809628 -0.21809628
 -0.21809628 -0.21809628 -0.21809628 -0.21809628 -0.21809628 -0.21809628
 -0.21809628 -0.21809628 -0.21809628 -0.21809628 -0.21809628 -0.21809628
 -0.21809628 -0.21809628 -0.21809628 -0.21809628 -0.21809628 -0.21809628
 -0.21809628 -0.21809628 -0.21809628 -0.21809628 -0.21809628 -0.21809628
 -0.21809628 -0.21809628 -0.21809628 -0.21809628 -0.21809628 -0.21809628
 -0.21809628 -0.21809628 -0.21809628 -0.21809628 -0.21809628 -0.21809628
 -0.21809628 -0.21809628 -0.21809628 -0.21809628 -0.21809628 -0.21809628
 -0.21809628 -0.21809628 -0.21809628 -0.21809628 -0.21809628 -0.21809628
 -0.21809628 -0.21809628 -0.21809628 -0.21809628 -0.21809628 -0.21809628
 -0.21809628 -0.21809628 -0.21809628 -0.21809628 -0.21809628 -0.21809628
 -0.21809628 -0.21809628 -0.21809628 -0.21809628 -0.21809628 -0.21809628
 -0.21809628 -0.21809628 -0.21809628 -0.21809628 -0.21809628 -0.21809628
 -0.21809628 -0.21809628 -0.21809628 -0.21809628 -0.21809628 -0.21809628
 -0.21809628 -0.21809628 -0.21809628 -0.21809628 -0.21809628 -0.21809628
 -0.21809628 -0.21809628 -0.21809628 -0.21809628 -0.21809628 -0.21809628
 -0.21809628 -0.21809628 -0.21809628 -0.21809628 -0.21809628 -0.21809628
  2.45405565 -0.21809628 -0.21809628 -0.21809628 -0.21809628  2.81456845
 -0.21809628 -0.21809628 -0.21809628 -0.21809628 -0.21809628 -0.21809628
 -0.21809628 -0.21809628 -0.21809628 -0.21809628 -0.21809628 -0.21809628
 -0.21809628 -0.21809628 -0.21809628 -0.21809628 -0.21809628 -0.21809628
 -0.21809628  3.76489891 -0.21809628  4.33099272  4.2605437  -0.21809628
  4.3770443   0.55030949  2.83381812 -0.21809628 -0.21809628 -0.21809628
 -0.21809628 -0.21809628 -0.21809628 -0.21809628 -0.21809628 -0.21809628
 -0.21809628 -0.21809628 -0.21809628  6.88696738  3.67970277 -0.21809628
 -0.21809628 -0.21809628  2.98185704  3.07582354 -0.21809628 -0.21809628
 -0.21809628 -0.21809628 -0.21809628 -0.21809628 -0.21809628 -0.21809628
 -0.21809628 -0.21809628  6.46535742 -0.21809628  4.89872146 -0.21809628
 -0.21809628 -0.21809628 -0.21809628 -0.21809628 -0.21809628 -0.21809628
  2.84483281  2.32536142 -0.21809628 -0.21809628  6.7293731   2.87005453
 -0.21809628 -0.21809628 -0.21809628 -0.21809628 -0.21809628 -0.21809628
 -0.21809628 -0.21809628 -0.21809628 -0.21809628 -0.21809628 -0.21809628
 -0.21809628 -0.21809628 -0.21809628 -0.21809628  2.16626167 -0.21809628
 -0.21809628 -0.21809628 -0.21809628 -0.21809628 -0.21809628  3.02492483
 -0.21809628 -0.21809628 -0.21809628 -0.21809628 -0.21809628 -0.21809628
 -0.21809628 -0.21809628 -0.21809628 -0.21809628 -0.21809628 -0.21809628
 -0.21809628 -0.21809628 -0.21809628 -0.21809628 -0.21809628 -0.21809628
 -0.21809628 -0.21809628 -0.21809628 -0.21809628 -0.21809628 -0.21809628
 -0.21809628 -0.21809628 -0.21809628 -0.21809628 -0.21809628 -0.21809628
 -0.21809628 -0.21809628 -0.21809628 -0.21809628 -0.21809628 -0.21809628
 -0.21809628 -0.21809628 -0.21809628 -0.21809628 -0.21809628 -0.21809628
 -0.21809628 -0.21809628 -0.21809628 -0.21809628 -0.21809628 -0.21809628
 -0.21809628 -0.21809628 -0.21809628 -0.21809628 -0.21809628 -0.21809628
 -0.21809628 -0.21809628 -0.21809628 -0.21809628 -0.21809628 -0.21809628
 -0.21809628 -0.21809628 -0.21809628 -0.21809628 -0.21809628 -0.21809628
 -0.21809628 -0.21809628 -0.21809628 -0.21809628 -0.21809628 -0.21809628
 -0.21809628 -0.21809628 -0.21809628 -0.21809628 -0.21809628 -0.21809628
 -0.21809628 -0.21809628 -0.21809628 -0.21809628 -0.21809628 -0.21809628
 -0.21809628 -0.21809628 -0.21809628 -0.21809628 -0.21809628 -0.21809628
 -0.21809628 -0.21809628 -0.21809628 -0.21809628 -0.21809628 -0.21809628
 -0.21809628 -0.21809628 -0.21809628 -0.21809628 -0.21809628 -0.21809628
 -0.21809628 -0.21809628 -0.21809628 -0.21809628 -0.21809628 -0.21809628
 -0.21809628 -0.21809628 -0.21809628 -0.21809628 -0.21809628 -0.21809628
 -0.21809628 -0.21809628 -0.21809628 -0.21809628 -0.21809628 -0.21809628
 -0.21809628 -0.21809628 -0.21809628 -0.21809628 -0.21809628 -0.21809628
 -0.21809628 -0.21809628 -0.21809628 -0.21809628 -0.21809628 -0.21809628
 -0.21809628 -0.21809628 -0.21809628 -0.21809628 -0.21809628 -0.21809628
  0.40510687 -0.21809628 -0.21809628 -0.21809628 -0.21809628 -0.21809628
 -0.21809628 -0.21809628 -0.21809628 -0.21809628 -0.21809628 -0.21809628
 -0.21809628 -0.21809628  1.33303988 -0.21809628  7.04834265 -0.21809628
 -0.21809628 -0.21809628 -0.21809628 -0.21809628  2.45405565 -0.21809628
 -0.21809628 -0.21809628 -0.21809628 -0.21809628 -0.21809628 -0.21809628
 -0.21809628 -0.21809628 -0.21809628 -0.21809628 -0.21809628 -0.21809628
 -0.21809628  5.95099824 -0.21809628 -0.21809628 -0.21809628 -0.21809628
 -0.21809628 -0.21809628 -0.21809628 -0.21809628 -0.21809628 -0.21809628
 -0.21809628 -0.21809628 -0.21809628 -0.21809628 -0.21809628 -0.21809628
 -0.21809628 -0.21809628 -0.21809628 -0.21809628 -0.21809628 -0.21809628
 -0.21809628 -0.21809628 -0.21809628 -0.21809628 -0.21809628 -0.21809628
 -0.21809628 -0.21809628 -0.21809628 -0.21809628]",[0.0150516246488345]
13,"[-0.24077711 -0.24077711 -0.24077711 -0.24077711 -0.1007476  -0.24077711
 -0.24077711 -0.24077711 -0.24077711 -0.24077711 -0.24077711 -0.24077711
 -0.24077711 -0.24077711 -0.24077711 -0.24077711 -0.24077711 -0.24077711
 -0.24077711 -0.24077711 -0.24077711 -0.24077711 -0.24077711 -0.24077711
 -0.24077711 -0.24077711 -0.24077711 -0.24077711 -0.24077711 -0.24077711
 -0.24077711 -0.24077711 -0.24077711 -0.24077711 -0.24077711 -0.24077711
 -0.24077711 -0.24077711 -0.24077711 -0.24077711 -0.24077711 -0.24077711
 -0.24077711 -0.24077711 -0.24077711 -0.24077711 -0.24077711 -0.24077711
 -0.24077711 -0.24077711 -0.24077711 -0.24077711 -0.24077711 -0.24077711
 -0.24077711 -0.24077711 -0.24077711 -0.24077711 -0.24077711 -0.24077711
 -0.24077711 -0.24077711 -0.24077711 -0.24077711 -0.24077711 -0.24077711
 -0.24077711 -0.24077711 -0.24077711 -0.24077711 -0.24077711 -0.24077711
 -0.24077711 -0.24077711 -0.24077711 -0.24077711 -0.24077711 -0.24077711
 -0.24077711 -0.24077711 -0.24077711 -0.24077711 -0.24077711  5.8285983
 -0.24077711 -0.24077711  1.26166412 -0.24077711 -0.24077711 -0.24077711
 -0.24077711 -0.24077711 -0.24077711 -0.24077711 -0.24077711 -0.24077711
 -0.24077711 -0.24077711 -0.24077711 -0.24077711 -0.24077711 -0.24077711
 -0.24077711 -0.24077711 -0.24077711 -0.24077711 -0.24077711 -0.24077711
 -0.24077711 -0.24077711  6.87322283 -0.24077711 -0.24077711 -0.24077711
 -0.24077711 -0.24077711  4.02765777 -0.24077711  0.56709365 -0.24077711
 -0.24077711 -0.24077711 -0.24077711  0.1079282   4.51303006 -0.24077711
 -0.24077711 -0.24077711 -0.24077711 -0.24077711 -0.24077711 -0.24077711
 -0.24077711 -0.24077711 -0.24077711 -0.24077711 -0.24077711 -0.24077711
 -0.24077711 -0.24077711 -0.24077711 -0.24077711 -0.24077711 -0.24077711
 -0.24077711 -0.24077711 -0.24077711 -0.24077711 -0.24077711 -0.24077711
 -0.24077711 -0.24077711 -0.24077711 -0.24077711 -0.24077711 -0.24077711
 -0.24077711 -0.24077711 -0.24077711 -0.24077711 -0.24077711 -0.24077711
 -0.24077711  0.69667955 -0.24077711 -0.24077711 -0.24077711 -0.24077711
 -0.24077711 -0.24077711 -0.24077711 -0.24077711 -0.24077711 -0.24077711
 -0.24077711 -0.24077711 -0.24077711 -0.24077711 -0.24077711 -0.24077711
 -0.24077711 -0.24077711 -0.24077711 -0.24077711 -0.24077711 -0.24077711
 -0.24077711 -0.24077711 -0.24077711 -0.24077711 -0.24077711 -0.24077711
 -0.24077711 -0.24077711 -0.24077711 -0.24077711 -0.24077711 -0.24077711
 -0.24077711 -0.24077711 -0.24077711 -0.24077711 -0.24077711 -0.24077711
 -0.24077711 -0.24077711 -0.24077711 -0.24077711 -0.24077711 -0.24077711
  1.0428314  -0.24077711  0.29590429 -0.24077711 -0.24077711  0.67804872
 -0.24077711 -0.24077711 -0.24077711 -0.24077711 -0.24077711 -0.24077711
 -0.24077711 -0.24077711 -0.24077711 -0.24077711  2.21615916 -0.24077711
 -0.24077711 -0.24077711 -0.24077711 -0.24077711 -0.24077711 -0.24077711
 -0.24077711  3.41093953 -0.24077711  2.98752295  4.08146361 -0.24077711
  2.75857879 -0.24077711  2.83336292  3.07540938 -0.24077711 -0.24077711
 -0.24077711 -0.24077711 -0.24077711 -0.24077711 -0.24077711 -0.24077711
 -0.24077711 -0.24077711 -0.24077711  6.51923357  3.451106   -0.24077711
 -0.24077711 -0.24077711  2.70160903  2.38732645 -0.24077711  1.02482352
 -0.24077711 -0.24077711 -0.24077711 -0.24077711  1.91516505 -0.24077711
  0.77970351 -0.24077711  6.3011063  -0.24077711  2.10025924  5.57613957
 -0.24077711  0.57614115 -0.24077711 -0.24077711  4.08294388 -0.24077711
  3.51298877 -0.24077711 -0.24077711 -0.24077711 -0.24077711  4.53308201
 -0.24077711 -0.24077711 -0.24077711 -0.24077711 -0.24077711 -0.24077711
 -0.24077711 -0.24077711  5.09977274 -0.24077711 -0.24077711 -0.24077711
 -0.24077711 -0.24077711 -0.24077711 -0.24077711 -0.24077711 -0.24077711
 -0.24077711 -0.24077711 -0.24077711 -0.24077711 -0.24077711 -0.24077711
 -0.24077711 -0.24077711 -0.24077711 -0.24077711 -0.24077711 -0.24077711
 -0.24077711 -0.24077711 -0.24077711 -0.24077711  4.8220712  -0.24077711
 -0.24077711 -0.24077711 -0.24077711 -0.24077711 -0.24077711 -0.24077711
 -0.24077711 -0.24077711 -0.24077711 -0.24077711 -0.24077711 -0.24077711
 -0.24077711 -0.24077711 -0.24077711 -0.24077711 -0.24077711 -0.24077711
 -0.24077711 -0.24077711 -0.24077711 -0.24077711 -0.24077711 -0.24077711
 -0.24077711 -0.24077711 -0.24077711 -0.24077711 -0.24077711 -0.24077711
 -0.24077711 -0.24077711 -0.24077711 -0.24077711 -0.24077711 -0.24077711
 -0.24077711 -0.24077711 -0.24077711 -0.24077711 -0.24077711 -0.24077711
 -0.24077711 -0.24077711 -0.24077711 -0.24077711 -0.24077711 -0.24077711
 -0.24077711 -0.24077711 -0.24077711 -0.24077711 -0.24077711 -0.24077711
 -0.24077711 -0.24077711 -0.24077711 -0.24077711 -0.24077711 -0.24077711
 -0.24077711 -0.24077711 -0.24077711 -0.24077711 -0.24077711 -0.24077711
 -0.24077711 -0.24077711 -0.24077711 -0.24077711 -0.24077711 -0.24077711
 -0.24077711 -0.24077711 -0.24077711 -0.24077711 -0.24077711 -0.24077711
 -0.24077711 -0.24077711 -0.24077711 -0.24077711 -0.24077711 -0.24077711
 -0.24077711 -0.24077711 -0.24077711 -0.24077711 -0.24077711 -0.24077711
 -0.24077711 -0.24077711 -0.24077711 -0.24077711 -0.24077711 -0.24077711
 -0.24077711 -0.24077711 -0.24077711 -0.24077711 -0.24077711  5.54246445
 -0.24077711 -0.24077711 -0.24077711 -0.24077711 -0.24077711 -0.24077711
 -0.24077711 -0.24077711 -0.24077711 -0.24077711 -0.24077711 -0.24077711
 -0.24077711 -0.24077711 -0.24077711 -0.24077711 -0.24077711 -0.24077711
  2.7207614  -0.24077711 -0.24077711 -0.24077711 -0.24077711 -0.24077711
 -0.24077711 -0.24077711 -0.24077711 -0.24077711 -0.24077711 -0.24077711
 -0.24077711 -0.24077711 -0.24077711 -0.24077711 -0.24077711 -0.24077711
 -0.24077711 -0.24077711  0.88488522 -0.24077711 -0.24077711 -0.24077711
 -0.24077711 -0.24077711 -0.24077711 -0.24077711 -0.24077711 -0.24077711
 -0.24077711 -0.24077711 -0.24077711 -0.24077711 -0.24077711 -0.24077711
 -0.24077711 -0.24077711 -0.24077711 -0.24077711 -0.24077711 -0.24077711
 -0.24077711 -0.24077711 -0.24077711 -0.24077711 -0.24077711 -0.24077711
 -0.24077711 -0.24077711 -0.24077711 -0.24077711 -0.24077711 -0.24077711
 -0.24077711 -0.24077711 -0.24077711 -0.24077711 -0.24077711 -0.24077711
 -0.24077711 -0.24077711 -0.24077711 -0.24077711 -0.24077711 -0.24077711
 -0.24077711 -0.24077711 -0.24077711 -0.24077711 -0.24077711 -0.24077711
 -0.24077711 -0.24077711  4.1268585  -0.24077711]",[-0.019899791221757085]
13,"[-0.22986177 -0.22986177 -0.22986177 -0.22986177 -0.22986177 -0.22986177
 -0.22986177 -0.22986177 -0.22986177 -0.22986177 -0.22986177 -0.22986177
 -0.22986177 -0.22986177 -0.22986177 -0.22986177 -0.22986177 -0.22986177
 -0.22986177 -0.22986177 -0.22986177 -0.22986177 -0.22986177 -0.22986177
 -0.22986177 -0.22986177 -0.22986177 -0.22986177 -0.22986177 -0.22986177
 -0.22986177 -0.22986177 -0.22986177 -0.22986177 -0.22986177 -0.22986177
 -0.22986177 -0.22986177 -0.22986177 -0.22986177 -0.22986177 -0.22986177
 -0.22986177 -0.22986177 -0.22986177 -0.22986177 -0.22986177 -0.22986177
 -0.22986177 -0.22986177 -0.22986177 -0.22986177 -0.22986177 -0.22986177
 -0.22986177 -0.22986177 -0.22986177 -0.22986177 -0.22986177 -0.22986177
 -0.22986177 -0.22986177 -0.22986177 -0.22986177 -0.22986177 -0.22986177
 -0.22986177 -0.22986177 -0.22986177 -0.22986177 -0.22986177 -0.22986177
 -0.22986177 -0.22986177 -0.22986177 -0.22986177 -0.22986177 -0.22986177
 -0.22986177 -0.22986177 -0.22986177 -0.22986177 -0.22986177  7.73588293
 -0.22986177 -0.22986177 -0.22986177 -0.22986177 -0.22986177  4.60538596
 -0.22986177 -0.22986177  2.25416105 -0.22986177 -0.22986177 -0.22986177
 -0.22986177 -0.22986177 -0.22986177 -0.22986177 -0.22986177 -0.22986177
 -0.22986177 -0.22986177 -0.22986177 -0.22986177  0.02762466 -0.22986177
 -0.22986177 -0.22986177  6.33543371 -0.22986177 -0.22986177 -0.22986177
 -0.22986177 -0.22986177 -0.22986177 -0.22986177 -0.22986177 -0.22986177
 -0.22986177 -0.22986177 -0.22986177 -0.22986177  5.4463083  -0.22986177
 -0.22986177 -0.22986177 -0.22986177 -0.22986177 -0.22986177 -0.22986177
 -0.22986177 -0.22986177 -0.22986177 -0.22986177 -0.22986177 -0.22986177
 -0.22986177 -0.22986177 -0.22986177 -0.22986177 -0.22986177 -0.22986177
 -0.22986177 -0.22986177 -0.22986177 -0.22986177 -0.22986177 -0.22986177
 -0.22986177 -0.22986177 -0.22986177 -0.22986177 -0.22986177 -0.22986177
 -0.22986177 -0.22986177 -0.22986177 -0.22986177 -0.22986177 -0.22986177
 -0.22986177 -0.22986177 -0.22986177 -0.22986177 -0.22986177 -0.22986177
 -0.22986177 -0.22986177 -0.22986177 -0.22986177 -0.22986177 -0.22986177
 -0.22986177 -0.22986177 -0.22986177 -0.22986177 -0.22986177 -0.22986177
 -0.22986177 -0.22986177 -0.22986177 -0.22986177 -0.22986177 -0.22986177
 -0.22986177 -0.22986177 -0.22986177 -0.22986177 -0.22986177 -0.22986177
 -0.22986177 -0.22986177 -0.22986177 -0.22986177 -0.22986177 -0.22986177
 -0.22986177 -0.22986177 -0.22986177 -0.22986177 -0.22986177 -0.22986177
 -0.22986177  2.77119748 -0.22986177 -0.22986177 -0.22986177 -0.22986177
  2.25980991 -0.22986177 -0.22986177 -0.22986177 -0.22986177  2.31784675
 -0.22986177 -0.22986177 -0.22986177 -0.22986177 -0.22986177 -0.22986177
 -0.22986177 -0.22986177 -0.22986177 -0.22986177 -0.22986177 -0.22986177
 -0.22986177 -0.22986177 -0.22986177 -0.22986177 -0.22986177 -0.22986177
 -0.22986177  3.68945688 -0.22986177  3.52503101  3.90570966 -0.22986177
  3.88401299  0.6588163  -0.22986177 -0.22986177 -0.22986177 -0.22986177
 -0.22986177 -0.22986177 -0.22986177 -0.22986177 -0.22986177 -0.22986177
 -0.22986177 -0.22986177 -0.22986177  3.39299625  1.9202236  -0.22986177
 -0.22986177 -0.22986177 -0.22986177  3.17087422 -0.22986177  1.35873478
 -0.22986177 -0.22986177 -0.22986177 -0.22986177  0.97644321 -0.22986177
  2.69999511 -0.22986177  5.7367716  -0.22986177  3.70110172  6.33842865
 -0.22986177  2.60985312 -0.22986177 -0.22986177 -0.22986177 -0.22986177
 -0.22986177  1.4202172  -0.22986177 -0.22986177 -0.22986177  4.93800258
 -0.22986177 -0.22986177 -0.22986177 -0.22986177 -0.22986177 -0.22986177
 -0.22986177 -0.22986177 -0.22986177 -0.22986177 -0.22986177 -0.22986177
 -0.22986177 -0.22986177 -0.22986177 -0.22986177 -0.22986177 -0.22986177
 -0.22986177 -0.22986177 -0.22986177 -0.22986177 -0.22986177  3.5404209
 -0.22986177 -0.22986177 -0.22986177 -0.22986177 -0.22986177 -0.22986177
 -0.22986177 -0.22986177 -0.22986177 -0.22986177 -0.22986177 -0.22986177
 -0.22986177 -0.22986177 -0.22986177 -0.22986177 -0.22986177 -0.22986177
 -0.22986177 -0.22986177 -0.22986177 -0.22986177 -0.22986177 -0.22986177
 -0.22986177 -0.22986177 -0.22986177 -0.22986177 -0.22986177 -0.22986177
 -0.22986177 -0.22986177 -0.22986177 -0.22986177 -0.22986177 -0.22986177
 -0.22986177 -0.22986177 -0.22986177 -0.22986177 -0.22986177 -0.22986177
 -0.22986177 -0.22986177 -0.22986177 -0.22986177 -0.22986177 -0.22986177
 -0.22986177 -0.22986177 -0.22986177 -0.22986177 -0.22986177 -0.22986177
 -0.22986177 -0.22986177 -0.22986177 -0.22986177 -0.22986177 -0.22986177
 -0.22986177 -0.22986177 -0.22986177 -0.22986177 -0.22986177 -0.22986177
 -0.22986177 -0.22986177 -0.22986177 -0.22986177 -0.22986177 -0.22986177
 -0.22986177 -0.22986177 -0.22986177 -0.22986177 -0.22986177 -0.22986177
 -0.22986177 -0.22986177 -0.22986177 -0.22986177 -0.22986177 -0.22986177
 -0.22986177 -0.22986177 -0.22986177 -0.22986177 -0.22986177 -0.22986177
 -0.22986177 -0.22986177 -0.22986177 -0.22986177 -0.22986177 -0.22986177
 -0.22986177 -0.22986177 -0.22986177 -0.22986177 -0.22986177 -0.22986177
 -0.22986177 -0.22986177 -0.22986177 -0.22986177 -0.22986177 -0.22986177
 -0.22986177 -0.22986177 -0.22986177 -0.22986177  6.17118811 -0.22986177
 -0.22986177 -0.22986177 -0.22986177 -0.22986177 -0.22986177 -0.22986177
 -0.22986177 -0.22986177 -0.22986177 -0.22986177 -0.22986177 -0.22986177
 -0.22986177 -0.22986177 -0.22986177 -0.22986177 -0.22986177 -0.22986177
  4.23803094 -0.22986177 -0.22986177 -0.22986177 -0.22986177 -0.22986177
 -0.22986177 -0.22986177 -0.22986177 -0.22986177 -0.22986177 -0.22986177
 -0.22986177 -0.22986177 -0.22986177 -0.22986177 -0.22986177 -0.22986177
 -0.22986177 -0.22986177  2.88206974 -0.22986177 -0.22986177 -0.22986177
 -0.22986177 -0.22986177 -0.22986177 -0.22986177 -0.22986177 -0.22986177
 -0.22986177 -0.22986177 -0.22986177 -0.22986177 -0.22986177 -0.22986177
 -0.22986177 -0.22986177 -0.22986177 -0.22986177 -0.22986177 -0.22986177
 -0.22986177  2.89693765 -0.22986177 -0.22986177 -0.22986177 -0.22986177
 -0.22986177 -0.22986177 -0.22986177 -0.22986177 -0.22986177 -0.22986177
 -0.22986177 -0.22986177 -0.22986177 -0.22986177 -0.22986177 -0.22986177
 -0.22986177 -0.22986177 -0.22986177 -0.22986177 -0.22986177 -0.22986177
 -0.22986177 -0.22986177 -0.22986177 -0.22986177 -0.22986177 -0.22986177
 -0.22986177 -0.22986177  4.76357479 -0.22986177]",[0.022766417537973205]
13,"[-0.21545449 -0.21545449 -0.21545449 -0.21545449 -0.21545449 -0.21545449
 -0.21545449 -0.21545449 -0.21545449 -0.21545449 -0.21545449 -0.21545449
 -0.21545449 -0.21545449 -0.21545449 -0.21545449 -0.21545449 -0.21545449
 -0.21545449 -0.21545449 -0.21545449 -0.21545449 -0.21545449 -0.21545449
 -0.21545449 -0.21545449 -0.21545449 -0.21545449 -0.21545449 -0.21545449
 -0.21545449 -0.21545449 -0.21545449 -0.21545449 -0.21545449 -0.21545449
 -0.21545449 -0.21545449 -0.21545449 -0.21545449 -0.21545449 -0.21545449
 -0.21545449 -0.21545449 -0.21545449 -0.21545449 -0.21545449 -0.21545449
 -0.21545449 -0.21545449 -0.21545449 -0.21545449 -0.21545449 -0.21545449
 -0.21545449 -0.21545449 -0.21545449 -0.21545449  1.62194331 -0.21545449
 -0.21545449 -0.21545449 -0.21545449 -0.21545449 -0.21545449 -0.21545449
 -0.21545449 -0.21545449 -0.21545449 -0.21545449 -0.21545449 -0.21545449
 -0.21545449 -0.21545449 -0.21545449 -0.21545449 -0.21545449 -0.21545449
 -0.21545449 -0.21545449 -0.21545449 -0.21545449 -0.21545449  8.5457166
 -0.21545449 -0.21545449 -0.21545449 -0.21545449 -0.21545449 -0.21545449
 -0.21545449 -0.21545449  3.37377438 -0.21545449 -0.21545449 -0.21545449
 -0.21545449 -0.21545449 -0.21545449 -0.21545449 -0.21545449 -0.21545449
 -0.21545449 -0.21545449 -0.21545449 -0.21545449 -0.21545449 -0.21545449
 -0.21545449 -0.21545449 -0.21545449 -0.21545449 -0.21545449 -0.21545449
 -0.21545449 -0.21545449 -0.21545449 -0.21545449 -0.21545449 -0.21545449
 -0.21545449 -0.21545449 -0.21545449 -0.21545449 -0.21545449 -0.21545449
 -0.21545449 -0.21545449 -0.21545449 -0.21545449 -0.21545449 -0.21545449
 -0.21545449 -0.21545449 -0.21545449 -0.21545449 -0.21545449 -0.21545449
 -0.21545449 -0.21545449 -0.21545449 -0.21545449 -0.21545449 -0.21545449
 -0.21545449 -0.21545449 -0.21545449 -0.21545449 -0.21545449 -0.21545449
 -0.21545449 -0.21545449 -0.21545449 -0.21545449 -0.21545449 -0.21545449
 -0.21545449 -0.21545449 -0.21545449 -0.21545449 -0.21545449 -0.21545449
 -0.21545449 -0.21545449 -0.21545449 -0.21545449 -0.21545449 -0.21545449
 -0.21545449 -0.21545449 -0.21545449 -0.21545449 -0.21545449  1.48688943
 -0.21545449 -0.21545449 -0.21545449 -0.21545449 -0.21545449 -0.21545449
 -0.21545449 -0.21545449 -0.21545449 -0.21545449 -0.21545449 -0.21545449
 -0.21545449 -0.21545449 -0.21545449 -0.21545449 -0.21545449 -0.21545449
 -0.21545449 -0.21545449 -0.21545449 -0.21545449 -0.21545449 -0.21545449
 -0.21545449 -0.21545449  2.90716177 -0.21545449 -0.21545449 -0.21545449
 -0.21545449 -0.21545449 -0.21545449 -0.21545449 -0.21545449 -0.21545449
  4.35362566 -0.21545449  2.63103076 -0.21545449  6.91059949 -0.21545449
 -0.21545449 -0.21545449 -0.21545449 -0.21545449 -0.21545449 -0.21545449
 -0.21545449 -0.21545449 -0.21545449 -0.21545449 -0.21545449 -0.21545449
 -0.21545449 -0.21545449 -0.21545449 -0.21545449 -0.21545449 -0.21545449
 -0.21545449  3.30926883 -0.21545449 -0.21545449  4.40255378 -0.21545449
  5.23501702  0.38447079 -0.21545449 -0.21545449 -0.21545449 -0.21545449
 -0.21545449 -0.21545449 -0.21545449 -0.21545449 -0.21545449 -0.21545449
 -0.21545449 -0.21545449 -0.21545449  5.5554055  -0.21545449 -0.21545449
 -0.21545449 -0.21545449 -0.21545449  2.70617464 -0.21545449  0.72036153
 -0.21545449 -0.21545449 -0.21545449 -0.21545449  1.35244068 -0.21545449
 -0.21545449 -0.21545449  7.42214514 -0.21545449  4.05474586  2.2880172
 -0.21545449  3.40883082 -0.21545449 -0.21545449  4.68177301 -0.21545449
  2.18511338  2.9011752  -0.21545449 -0.21545449 -0.21545449  4.64533283
 -0.21545449 -0.21545449 -0.21545449 -0.21545449 -0.21545449 -0.21545449
 -0.21545449 -0.21545449  3.84179204 -0.21545449 -0.21545449 -0.21545449
 -0.21545449 -0.21545449 -0.21545449 -0.21545449 -0.21545449 -0.21545449
 -0.21545449 -0.21545449 -0.21545449 -0.21545449 -0.21545449  3.75579566
 -0.21545449 -0.21545449 -0.21545449 -0.21545449 -0.21545449 -0.21545449
 -0.21545449 -0.21545449 -0.21545449 -0.21545449 -0.21545449 -0.21545449
 -0.21545449 -0.21545449 -0.21545449 -0.21545449 -0.21545449 -0.21545449
 -0.21545449 -0.21545449 -0.21545449 -0.21545449 -0.21545449 -0.21545449
 -0.21545449 -0.21545449 -0.21545449 -0.21545449 -0.21545449 -0.21545449
 -0.21545449 -0.21545449 -0.21545449 -0.21545449 -0.21545449 -0.21545449
 -0.21545449 -0.21545449 -0.21545449 -0.21545449 -0.21545449 -0.21545449
 -0.21545449 -0.21545449 -0.21545449 -0.21545449 -0.21545449 -0.21545449
 -0.21545449 -0.21545449 -0.21545449 -0.21545449 -0.21545449 -0.21545449
 -0.21545449 -0.21545449 -0.21545449 -0.21545449 -0.21545449 -0.21545449
 -0.21545449 -0.21545449 -0.21545449 -0.21545449 -0.21545449 -0.21545449
 -0.21545449 -0.21545449 -0.21545449 -0.21545449 -0.21545449 -0.21545449
 -0.21545449 -0.21545449 -0.21545449 -0.21545449 -0.21545449 -0.21545449
 -0.21545449 -0.21545449 -0.21545449 -0.21545449 -0.21545449 -0.21545449
 -0.21545449 -0.21545449 -0.21545449 -0.21545449 -0.21545449 -0.21545449
 -0.21545449 -0.21545449 -0.21545449 -0.21545449 -0.21545449 -0.21545449
 -0.21545449 -0.21545449 -0.21545449 -0.21545449 -0.21545449 -0.21545449
 -0.21545449 -0.21545449 -0.21545449 -0.21545449 -0.21545449 -0.21545449
 -0.21545449 -0.21545449 -0.21545449 -0.21545449 -0.21545449 -0.21545449
 -0.21545449 -0.21545449 -0.21545449 -0.21545449 -0.21545449 -0.21545449
  3.11082486 -0.21545449 -0.21545449 -0.21545449 -0.21545449 -0.21545449
 -0.21545449 -0.21545449 -0.21545449 -0.21545449 -0.21545449 -0.21545449
 -0.21545449 -0.21545449 -0.21545449 -0.21545449 -0.21545449 -0.21545449
  1.56261573 -0.21545449 -0.21545449 -0.21545449 -0.21545449 -0.21545449
 -0.21545449 -0.21545449 -0.21545449 -0.21545449 -0.21545449 -0.21545449
 -0.21545449 -0.21545449 -0.21545449 -0.21545449 -0.21545449 -0.21545449
 -0.21545449 -0.21545449 -0.21545449 -0.21545449 -0.21545449 -0.21545449
 -0.21545449 -0.21545449 -0.21545449 -0.21545449 -0.21545449 -0.21545449
 -0.21545449 -0.21545449 -0.21545449 -0.21545449 -0.21545449 -0.21545449
 -0.21545449  6.43355929 -0.21545449 -0.21545449 -0.21545449 -0.21545449
 -0.21545449 -0.21545449 -0.21545449 -0.21545449 -0.21545449 -0.21545449
 -0.21545449 -0.21545449 -0.21545449 -0.21545449 -0.21545449 -0.21545449
 -0.21545449 -0.21545449 -0.21545449 -0.21545449 -0.21545449 -0.21545449
 -0.21545449 -0.21545449 -0.21545449 -0.21545449 -0.21545449 -0.21545449
 -0.21545449 -0.21545449 -0.21545449 -0.21545449]",[-0.024052798658673796]
13,"[-0.19728441 -0.19728441 -0.19728441 -0.19728441 -0.19728441 -0.19728441
 -0.19728441 -0.19728441 -0.19728441 -0.19728441 -0.19728441 -0.19728441
 -0.19728441 -0.19728441 -0.19728441 -0.19728441 -0.19728441 -0.19728441
 -0.19728441 -0.19728441 -0.19728441 -0.19728441 -0.19728441 -0.19728441
 -0.19728441 -0.19728441 -0.19728441 -0.19728441 -0.19728441 -0.19728441
 -0.19728441 -0.19728441 -0.19728441 -0.19728441 -0.19728441 -0.19728441
 -0.19728441 -0.19728441 -0.19728441 -0.19728441 -0.19728441 -0.19728441
 -0.19728441 -0.19728441 -0.19728441 -0.19728441 -0.19728441 -0.19728441
 -0.19728441 -0.19728441 -0.19728441 -0.19728441 -0.19728441 -0.19728441
 -0.19728441 -0.19728441 -0.19728441 -0.19728441 -0.19728441 -0.19728441
 -0.19728441 -0.19728441 -0.19728441 -0.19728441 -0.19728441 -0.19728441
 -0.19728441 -0.19728441 -0.19728441 -0.19728441 -0.19728441 -0.19728441
 -0.19728441 -0.19728441 -0.19728441 -0.19728441 -0.19728441 -0.19728441
 -0.19728441 -0.19728441 -0.19728441 -0.19728441 -0.19728441  9.58768827
 -0.19728441 -0.19728441 -0.19728441 -0.19728441 -0.19728441 -0.19728441
 -0.19728441 -0.19728441  3.72552987 -0.19728441 -0.19728441 -0.19728441
 -0.19728441 -0.19728441 -0.19728441 -0.19728441 -0.19728441 -0.19728441
 -0.19728441 -0.19728441 -0.19728441 -0.19728441 -0.19728441 -0.19728441
 -0.19728441 -0.19728441 -0.19728441 -0.19728441 -0.19728441 -0.19728441
 -0.19728441 -0.19728441 -0.19728441 -0.19728441 -0.19728441 -0.19728441
 -0.19728441 -0.19728441 -0.19728441 -0.19728441 -0.19728441 -0.19728441
 -0.19728441 -0.19728441 -0.19728441 -0.19728441 -0.19728441 -0.19728441
 -0.19728441 -0.19728441 -0.19728441 -0.19728441 -0.19728441 -0.19728441
 -0.19728441 -0.19728441 -0.19728441 -0.19728441 -0.19728441 -0.19728441
 -0.19728441 -0.19728441 -0.19728441 -0.19728441 -0.19728441 -0.19728441
 -0.19728441 -0.19728441 -0.19728441 -0.19728441 -0.19728441 -0.19728441
 -0.19728441 -0.19728441 -0.19728441 -0.19728441 -0.19728441 -0.19728441
 -0.19728441 -0.19728441 -0.19728441 -0.19728441 -0.19728441 -0.19728441
 -0.19728441 -0.19728441 -0.19728441 -0.19728441 -0.19728441 -0.19728441
 -0.19728441 -0.19728441 -0.19728441 -0.19728441 -0.19728441 -0.19728441
 -0.19728441 -0.19728441 -0.19728441 -0.19728441 -0.19728441 -0.19728441
 -0.19728441 -0.19728441 -0.19728441 -0.19728441 -0.19728441 -0.19728441
 -0.19728441 -0.19728441 -0.19728441 -0.19728441 -0.19728441 -0.19728441
  3.13583013 -0.19728441  3.46004451 -0.19728441 -0.19728441 -0.19728441
 -0.19728441 -0.19728441 -0.19728441 -0.19728441 -0.19728441 -0.19728441
  4.85057686 -0.19728441 -0.19728441 -0.19728441 -0.19728441  4.05386618
 -0.19728441 -0.19728441 -0.19728441 -0.19728441 -0.19728441 -0.19728441
 -0.19728441 -0.19728441 -0.19728441 -0.19728441 -0.19728441 -0.19728441
 -0.19728441 -0.19728441 -0.19728441 -0.19728441 -0.19728441 -0.19728441
 -0.19728441  3.8528122  -0.19728441  4.64343477  3.59822115 -0.19728441
  4.84946414 -0.19728441  1.55500049 -0.19728441 -0.19728441 -0.19728441
 -0.19728441 -0.19728441 -0.19728441 -0.19728441 -0.19728441 -0.19728441
 -0.19728441 -0.19728441 -0.19728441 -0.19728441 -0.19728441 -0.19728441
 -0.19728441 -0.19728441 -0.19728441  4.12558351 -0.19728441  1.42664859
 -0.19728441 -0.19728441 -0.19728441 -0.19728441 -0.19728441 -0.19728441
 -0.19728441 -0.19728441  6.78800578 -0.19728441  3.21476519 -0.19728441
 -0.19728441 -0.19728441 -0.19728441 -0.19728441  0.63042035 -0.19728441
 -0.19728441  2.92136354 -0.19728441 -0.19728441 -0.19728441  6.61574252
 -0.19728441 -0.19728441 -0.19728441 -0.19728441 -0.19728441 -0.19728441
 -0.19728441 -0.19728441 -0.19728441 -0.19728441 -0.19728441 -0.19728441
 -0.19728441 -0.19728441 -0.19728441 -0.19728441 -0.19728441 -0.19728441
 -0.19728441 -0.19728441 -0.19728441 -0.19728441 -0.19728441  6.40061773
 -0.19728441 -0.19728441 -0.19728441 -0.19728441 -0.19728441 -0.19728441
 -0.19728441 -0.19728441 -0.19728441 -0.19728441 -0.19728441 -0.19728441
 -0.19728441 -0.19728441 -0.19728441 -0.19728441 -0.19728441 -0.19728441
 -0.19728441 -0.19728441 -0.19728441 -0.19728441 -0.19728441 -0.19728441
 -0.19728441 -0.19728441 -0.19728441 -0.19728441 -0.19728441 -0.19728441
 -0.19728441 -0.19728441 -0.19728441 -0.19728441 -0.19728441 -0.19728441
 -0.19728441 -0.19728441 -0.19728441 -0.19728441 -0.19728441 -0.19728441
 -0.19728441 -0.19728441 -0.19728441 -0.19728441 -0.19728441 -0.19728441
 -0.19728441 -0.19728441 -0.19728441 -0.19728441 -0.19728441 -0.19728441
 -0.19728441 -0.19728441 -0.19728441 -0.19728441 -0.19728441 -0.19728441
 -0.19728441 -0.19728441 -0.19728441 -0.19728441 -0.19728441 -0.19728441
 -0.19728441 -0.19728441 -0.19728441 -0.19728441 -0.19728441 -0.19728441
 -0.19728441 -0.19728441 -0.19728441 -0.19728441 -0.19728441 -0.19728441
 -0.19728441 -0.19728441 -0.19728441 -0.19728441 -0.19728441 -0.19728441
 -0.19728441 -0.19728441 -0.19728441 -0.19728441 -0.19728441 -0.19728441
 -0.19728441 -0.19728441 -0.19728441 -0.19728441 -0.19728441 -0.19728441
 -0.19728441 -0.19728441 -0.19728441 -0.19728441 -0.19728441 -0.19728441
 -0.19728441 -0.19728441 -0.19728441 -0.19728441 -0.19728441 -0.19728441
 -0.19728441 -0.19728441 -0.19728441 -0.19728441 -0.19728441  5.85143269
 -0.19728441 -0.19728441 -0.19728441 -0.19728441 -0.19728441 -0.19728441
 -0.19728441 -0.19728441 -0.19728441 -0.19728441 -0.19728441 -0.19728441
 -0.19728441 -0.19728441 -0.19728441 -0.19728441 -0.19728441 -0.19728441
 -0.19728441 -0.19728441 -0.19728441 -0.19728441 -0.19728441 -0.19728441
 -0.19728441 -0.19728441 -0.19728441 -0.19728441 -0.19728441 -0.19728441
 -0.19728441 -0.19728441 -0.19728441 -0.19728441 -0.19728441 -0.19728441
 -0.19728441 -0.19728441  4.26013293 -0.19728441 -0.19728441 -0.19728441
  4.49877114 -0.19728441 -0.19728441 -0.19728441 -0.19728441 -0.19728441
 -0.19728441 -0.19728441 -0.19728441 -0.19728441 -0.19728441 -0.19728441
 -0.19728441 -0.19728441 -0.19728441 -0.19728441 -0.19728441 -0.19728441
 -0.19728441  4.00440045 -0.19728441 -0.19728441 -0.19728441 -0.19728441
 -0.19728441 -0.19728441 -0.19728441 -0.19728441 -0.19728441 -0.19728441
 -0.19728441 -0.19728441 -0.19728441 -0.19728441 -0.19728441 -0.19728441
 -0.19728441 -0.19728441 -0.19728441 -0.19728441 -0.19728441 -0.19728441
 -0.19728441 -0.19728441 -0.19728441 -0.19728441 -0.19728441 -0.19728441
 -0.19728441 -0.19728441 -0.19728441 -0.19728441]",[-0.02473991604326617]
13,"[-0.20926734 -0.20926734 -0.20926734 -0.20926734 -0.20926734 -0.20926734
 -0.20926734 -0.20926734 -0.20926734 -0.20926734 -0.20926734 -0.20926734
 -0.20926734 -0.20926734 -0.20926734 -0.20926734 -0.20926734 -0.20926734
 -0.20926734 -0.20926734 -0.20926734 -0.20926734 -0.20926734 -0.20926734
 -0.20926734 -0.20926734 -0.20926734 -0.20926734 -0.20926734 -0.20926734
 -0.20926734 -0.20926734 -0.20926734 -0.20926734 -0.20926734 -0.20926734
 -0.20926734 -0.20926734 -0.20926734 -0.20926734 -0.20926734 -0.20926734
 -0.20926734 -0.20926734 -0.20926734 -0.20926734 -0.20926734 -0.20926734
 -0.20926734 -0.20926734 -0.20926734 -0.20926734 -0.20926734 -0.20926734
 -0.20926734 -0.20926734 -0.20926734 -0.20926734 -0.20926734 -0.20926734
 -0.20926734 -0.20926734 -0.20926734 -0.20926734 -0.20926734 -0.20926734
 -0.20926734 -0.20926734 -0.20926734 -0.20926734 -0.20926734 -0.20926734
 -0.20926734 -0.20926734 -0.20926734 -0.20926734 -0.20926734 -0.20926734
 -0.20926734 -0.20926734 -0.20926734 -0.20926734 -0.20926734  6.16754406
 -0.20926734 -0.20926734 -0.20926734 -0.20926734 -0.20926734 -0.20926734
 -0.20926734 -0.20926734 -0.20926734 -0.20926734 -0.20926734 -0.20926734
 -0.20926734 -0.20926734 -0.20926734 -0.20926734 -0.20926734 -0.20926734
 -0.20926734 -0.20926734 -0.20926734 -0.20926734 -0.20926734 -0.20926734
 -0.20926734 -0.20926734  0.66644775 -0.20926734 -0.20926734 -0.20926734
  4.74874692 -0.20926734 -0.20926734 -0.20926734 -0.20926734 -0.20926734
 -0.20926734 -0.20926734 -0.20926734  3.95277259  4.22234767 -0.20926734
 -0.20926734 -0.20926734 -0.20926734 -0.20926734 -0.20926734 -0.20926734
 -0.20926734 -0.20926734 -0.20926734 -0.20926734 -0.20926734 -0.20926734
 -0.20926734 -0.20926734 -0.20926734 -0.20926734 -0.20926734 -0.20926734
 -0.20926734 -0.20926734 -0.20926734 -0.20926734 -0.20926734 -0.20926734
 -0.20926734 -0.20926734 -0.20926734 -0.20926734 -0.20926734 -0.20926734
 -0.20926734 -0.20926734 -0.20926734 -0.20926734 -0.20926734 -0.20926734
 -0.20926734 -0.20926734 -0.20926734 -0.20926734 -0.20926734 -0.20926734
 -0.20926734 -0.20926734 -0.20926734 -0.20926734 -0.20926734 -0.20926734
 -0.20926734 -0.20926734 -0.20926734 -0.20926734 -0.20926734 -0.20926734
 -0.20926734 -0.20926734 -0.20926734 -0.20926734 -0.20926734 -0.20926734
 -0.20926734 -0.20926734 -0.20926734 -0.20926734 -0.20926734 -0.20926734
 -0.20926734 -0.20926734 -0.20926734 -0.20926734 -0.20926734 -0.20926734
 -0.20926734 -0.20926734 -0.20926734 -0.20926734 -0.20926734 -0.20926734
 -0.20926734 -0.20926734 -0.20926734 -0.20926734 -0.20926734 -0.20926734
 -0.20926734 -0.20926734 -0.10188965 -0.20926734 -0.20926734  3.6006224
 -0.20926734 -0.20926734 -0.20926734 -0.20926734 -0.20926734 -0.20926734
 -0.20926734 -0.20926734 -0.20926734 -0.20926734 -0.20926734 -0.20926734
 -0.20926734 -0.20926734 -0.20926734 -0.20926734 -0.20926734 -0.20926734
 -0.20926734  3.0884341  -0.20926734  2.29671519  2.21305006 -0.20926734
  2.273372    1.01446928  3.19389645 -0.20926734 -0.20926734 -0.20926734
 -0.20926734 -0.20926734 -0.20926734 -0.20926734 -0.20926734 -0.20926734
 -0.20926734 -0.20926734 -0.20926734  8.32704607 -0.20926734 -0.20926734
 -0.20926734 -0.20926734  5.06147407 -0.20926734 -0.20926734 -0.20926734
 -0.20926734 -0.20926734 -0.20926734 -0.20926734 -0.20926734 -0.20926734
 -0.20926734 -0.20926734  7.33581896 -0.20926734  1.89578203 -0.20926734
 -0.20926734 -0.20926734 -0.20926734  1.67528916  3.28186098 -0.20926734
  3.32491315  1.47696529 -0.20926734 -0.20926734  4.82395487  5.06147407
 -0.20926734 -0.20926734 -0.20926734 -0.20926734 -0.20926734  3.90958391
 -0.20926734  4.33677285 -0.20926734 -0.20926734 -0.20926734 -0.20926734
 -0.20926734 -0.20926734 -0.20926734 -0.20926734 -0.20926734 -0.20926734
 -0.20926734 -0.20926734 -0.20926734 -0.20926734 -0.20926734  2.74691588
 -0.20926734 -0.20926734 -0.20926734 -0.20926734 -0.20926734 -0.20926734
 -0.20926734 -0.20926734 -0.20926734 -0.20926734 -0.20926734 -0.20926734
 -0.20926734 -0.20926734 -0.20926734 -0.20926734 -0.20926734 -0.20926734
 -0.20926734 -0.20926734 -0.20926734 -0.20926734 -0.20926734 -0.20926734
 -0.20926734 -0.20926734 -0.20926734 -0.20926734 -0.20926734 -0.20926734
 -0.20926734 -0.20926734 -0.20926734 -0.20926734 -0.20926734 -0.20926734
 -0.20926734 -0.20926734 -0.20926734 -0.20926734 -0.20926734 -0.20926734
 -0.20926734 -0.20926734 -0.20926734 -0.20926734 -0.20926734 -0.20926734
 -0.20926734 -0.20926734 -0.20926734 -0.20926734 -0.20926734 -0.20926734
 -0.20926734 -0.20926734 -0.20926734 -0.20926734 -0.20926734 -0.20926734
 -0.20926734 -0.20926734 -0.20926734 -0.20926734 -0.20926734 -0.20926734
 -0.20926734 -0.20926734 -0.20926734 -0.20926734 -0.20926734 -0.20926734
 -0.20926734 -0.20926734 -0.20926734 -0.20926734 -0.20926734 -0.20926734
 -0.20926734 -0.20926734 -0.20926734 -0.20926734 -0.20926734 -0.20926734
 -0.20926734 -0.20926734 -0.20926734 -0.20926734 -0.20926734 -0.20926734
 -0.20926734 -0.20926734 -0.20926734 -0.20926734 -0.20926734 -0.20926734
 -0.20926734 -0.20926734 -0.20926734 -0.20926734 -0.20926734 -0.20926734
 -0.20926734 -0.20926734 -0.20926734 -0.20926734 -0.20926734 -0.20926734
 -0.20926734 -0.20926734 -0.20926734 -0.20926734 -0.20926734 -0.20926734
 -0.20926734 -0.20926734 -0.20926734 -0.20926734 -0.20926734 -0.20926734
 -0.20926734 -0.20926734 -0.20926734 -0.20926734 -0.20926734 -0.20926734
 -0.20926734 -0.20926734 -0.20926734 -0.20926734 -0.20926734 -0.20926734
 -0.20926734 -0.20926734 -0.20926734 -0.20926734 -0.20926734 -0.20926734
 -0.20926734 -0.20926734 -0.20926734 -0.20926734 -0.20926734 -0.20926734
 -0.20926734 -0.20926734 -0.20926734 -0.20926734 -0.20926734 -0.20926734
 -0.20926734 -0.20926734  4.09354067 -0.20926734 -0.20926734 -0.20926734
 -0.20926734 -0.20926734 -0.20926734 -0.20926734 -0.20926734 -0.20926734
 -0.20926734 -0.20926734 -0.20926734 -0.20926734 -0.20926734 -0.20926734
 -0.20926734 -0.20926734 -0.20926734 -0.20926734 -0.20926734 -0.20926734
 -0.20926734  8.27161272 -0.20926734 -0.20926734 -0.20926734 -0.20926734
 -0.20926734 -0.20926734 -0.20926734 -0.20926734 -0.20926734 -0.20926734
 -0.20926734 -0.20926734 -0.20926734 -0.20926734 -0.20926734 -0.20926734
 -0.20926734 -0.20926734 -0.20926734 -0.20926734 -0.20926734 -0.20926734
 -0.20926734 -0.20926734 -0.20926734 -0.20926734 -0.20926734 -0.20926734
 -0.20926734 -0.20926734 -0.20926734 -0.20926734]",[-0.0029131071602340186]
13,"[-0.23554233 -0.23554233 -0.23554233 -0.23554233 -0.23554233 -0.23554233
 -0.23554233 -0.23554233 -0.23554233 -0.23554233 -0.23554233 -0.23554233
 -0.23554233 -0.23554233 -0.23554233 -0.23554233 -0.23554233 -0.23554233
 -0.23554233 -0.23554233 -0.23554233 -0.23554233 -0.23554233 -0.23554233
 -0.23554233 -0.23554233 -0.23554233 -0.23554233 -0.23554233 -0.23554233
 -0.23554233 -0.23554233 -0.23554233 -0.23554233 -0.23554233 -0.23554233
 -0.23554233 -0.23554233 -0.23554233 -0.23554233 -0.23554233 -0.23554233
 -0.23554233 -0.23554233 -0.23554233 -0.23554233 -0.23554233 -0.23554233
 -0.23554233 -0.23554233 -0.23554233 -0.23554233 -0.23554233 -0.23554233
 -0.23554233 -0.23554233 -0.23554233 -0.23554233 -0.23554233 -0.23554233
 -0.23554233 -0.23554233 -0.23554233 -0.23554233 -0.23554233 -0.23554233
 -0.23554233 -0.23554233 -0.23554233 -0.23554233 -0.23554233 -0.23554233
 -0.23554233 -0.23554233 -0.23554233 -0.23554233 -0.23554233 -0.23554233
 -0.23554233 -0.23554233 -0.23554233 -0.23554233 -0.23554233  7.41781326
 -0.23554233 -0.23554233 -0.23554233 -0.23554233 -0.23554233 -0.23554233
 -0.23554233 -0.23554233  1.145043   -0.23554233  1.145043   -0.23554233
 -0.23554233 -0.23554233 -0.23554233 -0.23554233 -0.23554233 -0.23554233
 -0.23554233 -0.23554233 -0.23554233 -0.23554233  0.24322588 -0.23554233
 -0.23554233 -0.23554233  6.38501465 -0.23554233 -0.23554233 -0.23554233
 -0.23554233 -0.23554233 -0.23554233 -0.23554233 -0.23554233 -0.23554233
 -0.23554233 -0.23554233 -0.23554233 -0.23554233 -0.23554233 -0.23554233
 -0.23554233 -0.23554233 -0.23554233 -0.23554233 -0.23554233 -0.23554233
 -0.23554233 -0.23554233 -0.23554233 -0.23554233 -0.23554233 -0.23554233
 -0.23554233 -0.23554233 -0.23554233 -0.23554233 -0.23554233 -0.23554233
 -0.23554233 -0.23554233 -0.23554233 -0.23554233 -0.23554233 -0.23554233
 -0.23554233 -0.23554233 -0.23554233 -0.23554233 -0.23554233 -0.23554233
 -0.23554233 -0.23554233 -0.23554233 -0.23554233 -0.23554233 -0.23554233
 -0.23554233 -0.23554233 -0.23554233 -0.23554233 -0.23554233 -0.23554233
 -0.23554233 -0.23554233 -0.23554233 -0.23554233 -0.23554233  1.95312755
 -0.23554233 -0.23554233 -0.23554233 -0.23554233 -0.23554233 -0.23554233
 -0.23554233 -0.23554233 -0.23554233 -0.23554233 -0.23554233 -0.23554233
 -0.23554233 -0.23554233 -0.23554233 -0.23554233 -0.23554233 -0.23554233
 -0.23554233 -0.23554233 -0.23554233 -0.23554233 -0.23554233 -0.23554233
 -0.23554233 -0.23554233 -0.23554233 -0.23554233 -0.23554233 -0.23554233
 -0.23554233 -0.23554233 -0.23554233 -0.23554233 -0.23554233 -0.23554233
  1.89112606 -0.23554233  0.36394554 -0.23554233 -0.23554233  2.42013015
 -0.23554233 -0.23554233 -0.23554233 -0.23554233 -0.23554233 -0.23554233
 -0.23554233  0.23758798 -0.23554233 -0.23554233 -0.23554233 -0.23554233
 -0.23554233 -0.23554233 -0.23554233 -0.23554233 -0.23554233 -0.23554233
 -0.23554233  2.66548188 -0.23554233  3.2956597   1.33707473 -0.23554233
  4.1151812  -0.23554233 -0.23554233  1.26409718 -0.23554233 -0.23554233
 -0.23554233 -0.23554233 -0.23554233 -0.23554233 -0.23554233  3.3898712
 -0.23554233 -0.23554233 -0.23554233 -0.23554233  1.23560756 -0.23554233
 -0.23554233 -0.23554233  4.12394861  3.29279897 -0.23554233  2.67594268
 -0.23554233 -0.23554233 -0.23554233 -0.23554233 -0.23554233 -0.23554233
  1.02769823 -0.23554233  5.3206779  -0.23554233  3.73727319  4.54976485
 -0.23554233  0.78303532 -0.23554233 -0.23554233  1.57861449 -0.23554233
  2.60001553  1.47645231 -0.23554233 -0.23554233 -0.23554233  4.36749645
  2.93085397 -0.23554233 -0.23554233 -0.23554233 -0.23554233 -0.23554233
 -0.23554233 -0.23554233 -0.23554233 -0.23554233 -0.23554233 -0.23554233
 -0.23554233 -0.23554233 -0.23554233 -0.23554233  2.99787721 -0.23554233
  6.68048202 -0.23554233 -0.23554233 -0.23554233 -0.23554233  3.07599904
 -0.23554233 -0.23554233 -0.23554233 -0.23554233 -0.23554233 -0.23554233
 -0.23554233 -0.23554233 -0.23554233 -0.23554233 -0.23554233 -0.23554233
 -0.23554233 -0.23554233 -0.23554233 -0.23554233 -0.23554233 -0.23554233
 -0.23554233 -0.23554233 -0.23554233 -0.23554233 -0.23554233 -0.23554233
 -0.23554233 -0.23554233 -0.23554233 -0.23554233 -0.23554233 -0.23554233
 -0.23554233 -0.23554233 -0.23554233 -0.23554233 -0.23554233 -0.23554233
 -0.23554233 -0.23554233 -0.23554233 -0.23554233 -0.23554233 -0.23554233
 -0.23554233 -0.23554233 -0.23554233 -0.23554233 -0.23554233 -0.23554233
 -0.23554233 -0.23554233 -0.23554233 -0.23554233 -0.23554233 -0.23554233
 -0.23554233 -0.23554233 -0.23554233 -0.23554233 -0.23554233 -0.23554233
 -0.23554233 -0.23554233 -0.23554233 -0.23554233 -0.23554233 -0.23554233
 -0.23554233 -0.23554233 -0.23554233 -0.23554233 -0.23554233 -0.23554233
 -0.23554233 -0.23554233 -0.23554233 -0.23554233 -0.23554233 -0.23554233
 -0.23554233 -0.23554233 -0.23554233 -0.23554233 -0.23554233 -0.23554233
 -0.23554233 -0.23554233 -0.23554233 -0.23554233 -0.23554233 -0.23554233
 -0.23554233 -0.23554233 -0.23554233 -0.23554233 -0.23554233 -0.23554233
 -0.23554233 -0.23554233 -0.23554233 -0.23554233 -0.23554233 -0.23554233
 -0.23554233 -0.23554233 -0.23554233 -0.23554233 -0.23554233 -0.23554233
 -0.23554233 -0.23554233 -0.23554233 -0.23554233  7.43928382 -0.23554233
 -0.23554233 -0.23554233 -0.23554233 -0.23554233 -0.23554233 -0.23554233
 -0.23554233 -0.23554233 -0.23554233 -0.23554233 -0.23554233 -0.23554233
 -0.23554233 -0.23554233 -0.23554233 -0.23554233 -0.23554233 -0.23554233
 -0.23554233 -0.23554233 -0.23554233 -0.23554233 -0.23554233 -0.23554233
 -0.23554233 -0.23554233 -0.23554233 -0.23554233 -0.23554233 -0.23554233
 -0.23554233 -0.23554233 -0.23554233 -0.23554233 -0.23554233 -0.23554233
 -0.23554233 -0.23554233  5.07819032 -0.23554233 -0.23554233 -0.23554233
  6.53624414 -0.23554233 -0.23554233 -0.23554233 -0.23554233 -0.23554233
 -0.23554233 -0.23554233 -0.23554233 -0.23554233 -0.23554233 -0.23554233
 -0.23554233 -0.23554233 -0.23554233 -0.23554233 -0.23554233 -0.23554233
 -0.23554233  1.90922762 -0.23554233 -0.23554233 -0.23554233 -0.23554233
 -0.23554233 -0.23554233 -0.23554233 -0.23554233 -0.23554233  0.84449469
 -0.23554233 -0.23554233 -0.23554233 -0.23554233 -0.23554233 -0.23554233
 -0.23554233 -0.23554233 -0.23554233 -0.23554233 -0.23554233 -0.23554233
 -0.23554233 -0.23554233 -0.23554233 -0.23554233 -0.23554233 -0.23554233
 -0.23554233 -0.23554233 -0.23554233 -0.23554233]",[0.0034402969122030724]
13,"[-0.27919192 -0.27919192 -0.27919192 -0.27919192  0.09777104 -0.27919192
 -0.27919192 -0.27919192 -0.27919192 -0.27919192 -0.27919192 -0.27919192
 -0.27919192 -0.27919192 -0.27919192 -0.27919192 -0.27919192 -0.27919192
 -0.27919192 -0.27919192 -0.27919192  0.99345981 -0.27919192 -0.27919192
 -0.27919192 -0.27919192 -0.27919192 -0.27919192 -0.27919192 -0.27919192
 -0.27919192 -0.27919192 -0.27919192 -0.27919192 -0.27919192 -0.27919192
 -0.27919192 -0.27919192 -0.27919192 -0.27919192 -0.27919192 -0.27919192
 -0.27919192 -0.27919192 -0.27919192 -0.27919192 -0.27919192 -0.27919192
 -0.27919192 -0.27919192 -0.27919192 -0.27919192 -0.27919192 -0.27919192
 -0.27919192 -0.27919192 -0.27919192 -0.27919192 -0.27919192 -0.27919192
 -0.27919192 -0.27919192 -0.27919192 -0.27919192 -0.27919192 -0.27919192
 -0.27919192 -0.27919192 -0.27919192 -0.27919192 -0.27919192 -0.27919192
 -0.27919192 -0.27919192 -0.27919192 -0.27919192 -0.27919192 -0.27919192
 -0.27919192 -0.27919192 -0.27919192 -0.27919192 -0.27919192  5.48012302
 -0.27919192 -0.27919192  2.56689936 -0.27919192 -0.27919192  2.80653778
 -0.27919192 -0.27919192 -0.27919192 -0.27919192 -0.27919192 -0.27919192
 -0.27919192 -0.27919192 -0.27919192 -0.27919192 -0.27919192 -0.27919192
 -0.27919192 -0.27919192 -0.27919192 -0.27919192 -0.27919192 -0.27919192
 -0.27919192 -0.27919192  5.4039912  -0.27919192  4.55032283 -0.27919192
 -0.27919192 -0.27919192  2.96548915 -0.27919192 -0.27919192 -0.27919192
 -0.27919192 -0.27919192  3.67577941 -0.27919192  3.71188568 -0.27919192
 -0.27919192 -0.27919192 -0.27919192 -0.27919192 -0.27919192 -0.27919192
 -0.27919192 -0.27919192 -0.27919192 -0.27919192 -0.27919192 -0.27919192
 -0.27919192 -0.27919192 -0.27919192 -0.27919192 -0.27919192 -0.27919192
 -0.27919192 -0.27919192 -0.27919192 -0.27919192 -0.27919192 -0.27919192
 -0.27919192 -0.27919192 -0.27919192 -0.27919192 -0.27919192 -0.27919192
 -0.27919192 -0.27919192 -0.27919192 -0.27919192 -0.27919192 -0.27919192
 -0.27919192  0.92251247 -0.27919192 -0.27919192 -0.27919192 -0.27919192
 -0.27919192 -0.27919192 -0.27919192 -0.27919192 -0.27919192 -0.27919192
 -0.27919192 -0.27919192 -0.27919192 -0.27919192 -0.27919192 -0.27919192
 -0.27919192 -0.27919192 -0.27919192 -0.27919192 -0.27919192 -0.27919192
 -0.27919192 -0.27919192 -0.27919192 -0.27919192 -0.27919192 -0.27919192
 -0.27919192 -0.27919192 -0.27919192 -0.27919192 -0.27919192 -0.27919192
 -0.27919192 -0.27919192 -0.27919192 -0.27919192 -0.27919192 -0.27919192
 -0.27919192 -0.27919192 -0.27919192 -0.27919192 -0.27919192 -0.27919192
  1.4096871  -0.27919192  1.0631531  -0.27919192 -0.27919192  2.10051904
 -0.27919192 -0.27919192 -0.27919192 -0.27919192 -0.27919192 -0.27919192
 -0.27919192 -0.27919192 -0.27919192 -0.27919192 -0.27919192 -0.27919192
 -0.27919192 -0.27919192 -0.27919192 -0.27919192 -0.27919192 -0.27919192
 -0.27919192  3.37582258 -0.27919192  5.08936817  4.4783552  -0.27919192
  2.02556233  1.00959247 -0.27919192  3.24823479 -0.27919192 -0.27919192
 -0.27919192 -0.27919192 -0.27919192 -0.27919192 -0.27919192  2.99975579
 -0.27919192 -0.27919192 -0.27919192  5.73187843  3.18633299 -0.27919192
 -0.27919192 -0.27919192  4.26403935  3.61655002 -0.27919192  1.50082831
 -0.27919192 -0.27919192 -0.27919192  1.54094229  1.30435654 -0.27919192
 -0.27919192 -0.27919192  4.8567403  -0.27919192  2.8380496   5.16311032
 -0.27919192  1.95988876 -0.27919192 -0.27919192  4.61243075 -0.27919192
  1.62780594  0.84847154 -0.27919192 -0.27919192  3.49833153  2.81995937
  1.35275442 -0.27919192 -0.27919192 -0.27919192 -0.27919192 -0.27919192
 -0.27919192 -0.27919192 -0.27919192 -0.27919192 -0.27919192 -0.27919192
 -0.27919192 -0.27919192 -0.27919192 -0.27919192  2.80437879 -0.27919192
 -0.27919192 -0.27919192 -0.27919192 -0.27919192 -0.27919192 -0.27919192
 -0.27919192 -0.27919192 -0.27919192 -0.27919192 -0.27919192 -0.27919192
 -0.27919192 -0.27919192 -0.27919192 -0.27919192 -0.27919192 -0.27919192
 -0.27919192 -0.27919192 -0.27919192 -0.27919192 -0.27919192 -0.27919192
 -0.27919192 -0.27919192 -0.27919192 -0.27919192 -0.27919192 -0.27919192
 -0.27919192 -0.27919192 -0.27919192 -0.27919192 -0.27919192 -0.27919192
 -0.27919192 -0.27919192 -0.27919192 -0.27919192 -0.27919192 -0.27919192
 -0.27919192 -0.27919192 -0.27919192 -0.27919192 -0.27919192 -0.27919192
 -0.27919192 -0.27919192 -0.27919192 -0.27919192 -0.27919192 -0.27919192
 -0.27919192 -0.27919192 -0.27919192 -0.27919192 -0.27919192 -0.27919192
 -0.27919192 -0.27919192 -0.27919192 -0.27919192 -0.27919192 -0.27919192
 -0.27919192 -0.27919192 -0.27919192 -0.27919192 -0.27919192 -0.27919192
 -0.27919192 -0.27919192 -0.27919192 -0.27919192 -0.27919192 -0.27919192
 -0.27919192 -0.27919192 -0.27919192 -0.27919192 -0.27919192 -0.27919192
 -0.27919192 -0.27919192 -0.27919192 -0.27919192 -0.27919192 -0.27919192
 -0.27919192 -0.27919192 -0.27919192 -0.27919192 -0.27919192 -0.27919192
 -0.27919192 -0.27919192 -0.27919192 -0.27919192 -0.27919192 -0.27919192
 -0.27919192 -0.27919192 -0.27919192 -0.27919192 -0.27919192 -0.27919192
 -0.27919192 -0.27919192 -0.27919192 -0.27919192 -0.27919192 -0.27919192
 -0.27919192 -0.27919192 -0.27919192 -0.27919192  1.97971402  4.13550127
 -0.27919192 -0.27919192 -0.27919192 -0.27919192 -0.27919192 -0.27919192
 -0.27919192 -0.27919192 -0.27919192 -0.27919192 -0.27919192 -0.27919192
 -0.27919192 -0.27919192 -0.27919192 -0.27919192 -0.27919192 -0.27919192
  3.08067039 -0.27919192 -0.27919192 -0.27919192 -0.27919192 -0.27919192
 -0.27919192 -0.27919192 -0.27919192 -0.27919192 -0.27919192 -0.27919192
 -0.27919192 -0.27919192 -0.27919192 -0.27919192 -0.27919192 -0.27919192
 -0.27919192 -0.27919192  1.4096871  -0.27919192 -0.27919192 -0.27919192
  3.28868536 -0.27919192 -0.27919192 -0.27919192 -0.27919192 -0.27919192
 -0.27919192 -0.27919192 -0.27919192 -0.27919192 -0.27919192 -0.27919192
 -0.27919192 -0.27919192 -0.27919192 -0.27919192 -0.27919192 -0.27919192
 -0.27919192 -0.27919192 -0.27919192 -0.27919192 -0.27919192 -0.27919192
 -0.27919192 -0.27919192 -0.27919192 -0.27919192 -0.27919192  0.42462425
 -0.27919192 -0.27919192 -0.27919192 -0.27919192 -0.27919192 -0.27919192
 -0.27919192 -0.27919192 -0.27919192 -0.27919192 -0.27919192 -0.27919192
 -0.27919192 -0.27919192 -0.27919192 -0.27919192 -0.27919192 -0.27919192
 -0.27919192 -0.27919192  4.5164157  -0.27919192]",[-0.013477901837272932]
13,"[-0.19864974 -0.19864974 -0.19864974 -0.19864974 -0.19864974 -0.19864974
 -0.19864974 -0.19864974 -0.19864974 -0.19864974 -0.19864974 -0.19864974
 -0.19864974 -0.19864974 -0.19864974 -0.19864974 -0.19864974 -0.19864974
 -0.19864974 -0.19864974 -0.19864974 -0.19864974 -0.19864974 -0.19864974
 -0.19864974 -0.19864974 -0.19864974 -0.19864974 -0.19864974 -0.19864974
 -0.19864974 -0.19864974 -0.19864974 -0.19864974 -0.19864974 -0.19864974
 -0.19864974 -0.19864974 -0.19864974 -0.19864974 -0.19864974 -0.19864974
 -0.19864974 -0.19864974 -0.19864974 -0.19864974 -0.19864974 -0.19864974
 -0.19864974 -0.19864974 -0.19864974 -0.19864974 -0.19864974 -0.19864974
 -0.19864974 -0.19864974 -0.19864974 -0.19864974  0.66897896 -0.19864974
 -0.19864974 -0.19864974 -0.19864974 -0.19864974 -0.19864974 -0.19864974
 -0.19864974 -0.19864974 -0.19864974 -0.19864974 -0.19864974 -0.19864974
 -0.19864974 -0.19864974 -0.19864974 -0.19864974 -0.19864974 -0.19864974
 -0.19864974 -0.19864974 -0.19864974 -0.19864974 -0.19864974  7.57005951
 -0.19864974 -0.19864974 -0.19864974 -0.19864974 -0.19864974 -0.19864974
 -0.19864974 -0.19864974 -0.19864974 -0.19864974 -0.19864974 -0.19864974
 -0.19864974 -0.19864974 -0.19864974 -0.19864974 -0.19864974 -0.19864974
 -0.19864974 -0.19864974 -0.19864974 -0.19864974 -0.19864974 -0.19864974
 -0.19864974 -0.19864974  0.41178638 -0.19864974 -0.19864974 -0.19864974
 -0.19864974 -0.19864974 -0.19864974 -0.19864974 -0.19864974 -0.19864974
 -0.19864974 -0.19864974 -0.19864974  0.35365947 -0.19864974 -0.19864974
 -0.19864974 -0.19864974 -0.19864974 -0.19864974 -0.19864974 -0.19864974
 -0.19864974 -0.19864974 -0.19864974 -0.19864974 -0.19864974 -0.19864974
 -0.19864974 -0.19864974 -0.19864974 -0.19864974 -0.19864974 -0.19864974
 -0.19864974 -0.19864974 -0.19864974 -0.19864974 -0.19864974 -0.19864974
 -0.19864974 -0.19864974 -0.19864974 -0.19864974 -0.19864974 -0.19864974
 -0.19864974 -0.19864974 -0.19864974 -0.19864974 -0.19864974 -0.19864974
 -0.19864974 -0.19864974 -0.19864974 -0.19864974 -0.19864974 -0.19864974
 -0.19864974 -0.19864974 -0.19864974 -0.19864974 -0.19864974 -0.19864974
 -0.19864974 -0.19864974 -0.19864974 -0.19864974 -0.19864974 -0.19864974
 -0.19864974 -0.19864974 -0.19864974 -0.19864974 -0.19864974 -0.19864974
 -0.19864974 -0.19864974 -0.19864974 -0.19864974 -0.19864974 -0.19864974
 -0.19864974 -0.19864974 -0.19864974 -0.19864974 -0.19864974 -0.19864974
 -0.19864974 -0.19864974 -0.19864974 -0.19864974 -0.19864974  1.03130504
 -0.19864974 -0.19864974 -0.19864974 -0.19864974 -0.19864974  3.6838419
  2.4144609  -0.19864974  3.03823839 -0.19864974  3.77456722  6.14873128
 -0.19864974 -0.19864974  0.19478556 -0.19864974 -0.19864974 -0.19864974
 -0.19864974 -0.19864974 -0.19864974 -0.19864974 -0.19864974 -0.19864974
 -0.19864974 -0.19864974 -0.19864974 -0.19864974 -0.19864974 -0.19864974
 -0.19864974  4.82640194 -0.19864974  2.96482641 -0.19864974  7.06860066
  5.03378448  5.66529228 -0.19864974 -0.19864974 -0.19864974 -0.19864974
 -0.19864974 -0.19864974 -0.19864974 -0.19864974 -0.19864974 -0.19864974
 -0.19864974 -0.19864974 -0.19864974  2.60114782 -0.19864974 -0.19864974
 -0.19864974 -0.19864974 -0.19864974  2.89381054 -0.19864974  0.18672588
 -0.19864974 -0.19864974 -0.19864974 -0.19864974 -0.19864974 -0.19864974
 -0.19864974 -0.19864974 -0.19864974 -0.19864974  3.53467006 -0.19864974
 -0.19864974 -0.19864974 -0.19864974 -0.19864974 -0.19864974 -0.19864974
 -0.19864974 -0.19864974 -0.19864974 -0.19864974 -0.19864974  6.47944837
 -0.19864974 -0.19864974 -0.19864974 -0.19864974 -0.19864974 -0.19864974
 -0.19864974 -0.19864974 -0.19864974 -0.19864974 -0.19864974 -0.19864974
 -0.19864974 -0.19864974 -0.19864974 -0.19864974 -0.19864974 -0.19864974
  2.23783913 -0.19864974 -0.19864974 -0.19864974 -0.19864974  5.35513038
 -0.19864974  1.08950223 -0.19864974 -0.19864974 -0.19864974 -0.19864974
 -0.19864974 -0.19864974 -0.19864974 -0.19864974 -0.19864974 -0.19864974
 -0.19864974 -0.19864974 -0.19864974 -0.19864974 -0.19864974 -0.19864974
 -0.19864974 -0.19864974 -0.19864974 -0.19864974 -0.19864974 -0.19864974
 -0.19864974 -0.19864974 -0.19864974 -0.19864974 -0.19864974 -0.19864974
 -0.19864974 -0.19864974 -0.19864974 -0.19864974 -0.19864974 -0.19864974
 -0.19864974 -0.19864974 -0.19864974 -0.19864974 -0.19864974 -0.19864974
 -0.19864974 -0.19864974 -0.19864974 -0.19864974 -0.19864974 -0.19864974
 -0.19864974 -0.19864974 -0.19864974 -0.19864974 -0.19864974 -0.19864974
 -0.19864974 -0.19864974 -0.19864974 -0.19864974 -0.19864974 -0.19864974
 -0.19864974 -0.19864974 -0.19864974 -0.19864974 -0.19864974 -0.19864974
 -0.19864974 -0.19864974 -0.19864974 -0.19864974 -0.19864974 -0.19864974
 -0.19864974 -0.19864974 -0.19864974 -0.19864974 -0.19864974 -0.19864974
 -0.19864974 -0.19864974 -0.19864974 -0.19864974 -0.19864974 -0.19864974
 -0.19864974 -0.19864974 -0.19864974 -0.19864974 -0.19864974 -0.19864974
 -0.19864974 -0.19864974 -0.19864974 -0.19864974 -0.19864974 -0.19864974
 -0.19864974 -0.19864974 -0.19864974 -0.19864974 -0.19864974 -0.19864974
 -0.19864974 -0.19864974 -0.19864974 -0.19864974 -0.19864974 -0.19864974
 -0.19864974 -0.19864974 -0.19864974 -0.19864974 -0.19864974 -0.19864974
 -0.19864974 -0.19864974 -0.19864974 -0.19864974 -0.19864974 -0.19864974
 -0.19864974 -0.19864974 -0.19864974 -0.19864974 -0.19864974 -0.19864974
 -0.19864974 -0.19864974 -0.19864974 -0.19864974 -0.19864974 -0.19864974
 -0.19864974 -0.19864974 -0.19864974 -0.19864974 -0.19864974 -0.19864974
 -0.19864974 -0.19864974 -0.19864974 -0.19864974 -0.19864974 -0.19864974
 -0.19864974 -0.19864974 -0.19864974 -0.19864974 -0.19864974 -0.19864974
 -0.19864974 -0.19864974  6.07950342 -0.19864974 -0.19864974 -0.19864974
  6.40902076 -0.19864974 -0.19864974 -0.19864974 -0.19864974 -0.19864974
 -0.19864974 -0.19864974 -0.19864974 -0.19864974 -0.19864974 -0.19864974
 -0.19864974 -0.19864974 -0.19864974 -0.19864974 -0.19864974 -0.19864974
 -0.19864974  6.21820129 -0.19864974 -0.19864974 -0.19864974 -0.19864974
 -0.19864974 -0.19864974 -0.19864974 -0.19864974 -0.19864974 -0.19864974
 -0.19864974 -0.19864974 -0.19864974 -0.19864974 -0.19864974 -0.19864974
 -0.19864974 -0.19864974 -0.19864974 -0.19864974 -0.19864974 -0.19864974
 -0.19864974 -0.19864974 -0.19864974 -0.19864974 -0.19864974 -0.19864974
 -0.19864974 -0.19864974 -0.19864974 -0.19864974]",[-0.017635884313470296]
13,"[-0.19867664 -0.19867664 -0.19867664 -0.19867664 -0.19867664 -0.19867664
 -0.19867664 -0.19867664 -0.19867664 -0.19867664 -0.19867664 -0.19867664
 -0.19867664 -0.19867664 -0.19867664 -0.19867664 -0.19867664 -0.19867664
 -0.19867664 -0.19867664 -0.19867664 -0.19867664 -0.19867664 -0.19867664
 -0.19867664 -0.19867664 -0.19867664 -0.19867664 -0.19867664 -0.19867664
 -0.19867664 -0.19867664 -0.19867664 -0.19867664 -0.19867664 -0.19867664
 -0.19867664 -0.19867664 -0.19867664 -0.19867664 -0.19867664 -0.19867664
 -0.19867664 -0.19867664 -0.19867664 -0.19867664 -0.19867664 -0.19867664
 -0.19867664 -0.19867664 -0.19867664 -0.19867664 -0.19867664 -0.19867664
 -0.19867664 -0.19867664 -0.19867664 -0.19867664 -0.19867664 -0.19867664
 -0.19867664 -0.19867664 -0.19867664 -0.19867664 -0.19867664 -0.19867664
 -0.19867664 -0.19867664 -0.19867664 -0.19867664 -0.19867664 -0.19867664
 -0.19867664 -0.19867664 -0.19867664 -0.19867664 -0.19867664 -0.19867664
 -0.19867664 -0.19867664 -0.19867664 -0.19867664 -0.19867664  4.36887677
 -0.19867664 -0.19867664 -0.19867664 -0.19867664 -0.19867664 -0.19867664
 -0.19867664 -0.19867664 -0.19867664 -0.19867664 -0.19867664 -0.19867664
 -0.19867664 -0.19867664 -0.19867664 -0.19867664 -0.19867664 -0.19867664
 -0.19867664 -0.19867664 -0.19867664 -0.19867664 -0.19867664 -0.19867664
 -0.19867664 -0.19867664  8.38724322 -0.19867664 -0.19867664 -0.19867664
 -0.19867664 -0.19867664 -0.19867664 -0.19867664 -0.19867664 -0.19867664
 -0.19867664 -0.19867664 -0.19867664 -0.19867664 -0.19867664 -0.19867664
 -0.19867664 -0.19867664 -0.19867664 -0.19867664 -0.19867664 -0.19867664
 -0.19867664 -0.19867664 -0.19867664 -0.19867664 -0.19867664 -0.19867664
 -0.19867664 -0.19867664 -0.19867664 -0.19867664 -0.19867664 -0.19867664
 -0.19867664 -0.19867664 -0.19867664 -0.19867664 -0.19867664 -0.19867664
 -0.19867664 -0.19867664 -0.19867664 -0.19867664 -0.19867664 -0.19867664
 -0.19867664 -0.19867664 -0.19867664 -0.19867664 -0.19867664 -0.19867664
 -0.19867664  1.29809733 -0.19867664 -0.19867664 -0.19867664 -0.19867664
 -0.19867664 -0.19867664 -0.19867664 -0.19867664 -0.19867664 -0.19867664
 -0.19867664 -0.19867664 -0.19867664 -0.19867664 -0.19867664 -0.19867664
 -0.19867664 -0.19867664 -0.19867664 -0.19867664 -0.19867664 -0.19867664
 -0.19867664 -0.19867664 -0.19867664 -0.19867664 -0.19867664 -0.19867664
 -0.19867664 -0.19867664 -0.19867664 -0.19867664 -0.19867664 -0.19867664
 -0.19867664 -0.19867664 -0.19867664 -0.19867664 -0.19867664 -0.19867664
 -0.19867664 -0.19867664 -0.19867664 -0.19867664 -0.19867664 -0.19867664
 -0.19867664 -0.19867664 -0.19867664 -0.19867664 -0.19867664  1.87337074
 -0.19867664 -0.19867664 -0.19867664 -0.19867664 -0.19867664 -0.19867664
 -0.19867664 -0.19867664 -0.19867664 -0.19867664 -0.19867664 -0.19867664
 -0.19867664  4.10315529 -0.19867664 -0.19867664 -0.19867664 -0.19867664
 -0.19867664  3.00423029 -0.19867664  2.6097484   6.65849776 -0.19867664
  6.3773672   0.92037424 -0.19867664 -0.19867664 -0.19867664 -0.19867664
 -0.19867664 -0.19867664 -0.19867664 -0.19867664 -0.19867664 -0.19867664
 -0.19867664 -0.19867664 -0.19867664 -0.19867664  3.31382315 -0.19867664
 -0.19867664 -0.19867664  5.25009729  4.54232966 -0.19867664  0.28793297
 -0.19867664 -0.19867664 -0.19867664 -0.19867664  1.30132026 -0.19867664
  1.53019634 -0.19867664 -0.19867664 -0.19867664  3.1902029  -0.19867664
 -0.19867664  2.79934168 -0.19867664 -0.19867664 -0.19867664 -0.19867664
  2.68328067  2.18363511 -0.19867664 -0.19867664 -0.19867664  7.70474732
 -0.19867664 -0.19867664 -0.19867664 -0.19867664 -0.19867664  0.96546826
 -0.19867664 -0.19867664 -0.19867664 -0.19867664 -0.19867664 -0.19867664
 -0.19867664 -0.19867664 -0.19867664 -0.19867664 -0.19867664 -0.19867664
 -0.19867664 -0.19867664 -0.19867664 -0.19867664 -0.19867664  4.98299451
 -0.19867664 -0.19867664 -0.19867664 -0.19867664 -0.19867664 -0.19867664
 -0.19867664 -0.19867664 -0.19867664 -0.19867664 -0.19867664 -0.19867664
 -0.19867664 -0.19867664 -0.19867664 -0.19867664 -0.19867664 -0.19867664
 -0.19867664 -0.19867664 -0.19867664 -0.19867664 -0.19867664 -0.19867664
 -0.19867664 -0.19867664 -0.19867664 -0.19867664 -0.19867664 -0.19867664
 -0.19867664 -0.19867664 -0.19867664 -0.19867664 -0.19867664 -0.19867664
 -0.19867664 -0.19867664 -0.19867664 -0.19867664 -0.19867664 -0.19867664
 -0.19867664 -0.19867664 -0.19867664 -0.19867664 -0.19867664 -0.19867664
 -0.19867664 -0.19867664 -0.19867664 -0.19867664 -0.19867664 -0.19867664
 -0.19867664 -0.19867664 -0.19867664 -0.19867664 -0.19867664 -0.19867664
 -0.19867664 -0.19867664 -0.19867664 -0.19867664 -0.19867664 -0.19867664
 -0.19867664 -0.19867664 -0.19867664 -0.19867664 -0.19867664 -0.19867664
 -0.19867664 -0.19867664 -0.19867664 -0.19867664 -0.19867664 -0.19867664
 -0.19867664 -0.19867664 -0.19867664 -0.19867664 -0.19867664 -0.19867664
 -0.19867664 -0.19867664 -0.19867664 -0.19867664 -0.19867664 -0.19867664
 -0.19867664 -0.19867664 -0.19867664 -0.19867664 -0.19867664 -0.19867664
 -0.19867664 -0.19867664 -0.19867664 -0.19867664 -0.19867664 -0.19867664
 -0.19867664 -0.19867664 -0.19867664 -0.19867664 -0.19867664 -0.19867664
 -0.19867664 -0.19867664 -0.19867664 -0.19867664 -0.19867664 -0.19867664
 -0.19867664 -0.19867664 -0.19867664 -0.19867664 -0.19867664 -0.19867664
 -0.19867664 -0.19867664 -0.19867664 -0.19867664 -0.19867664 -0.19867664
 -0.19867664 -0.19867664 -0.19867664 -0.19867664 -0.19867664 -0.19867664
 -0.19867664 -0.19867664 -0.19867664 -0.19867664 -0.19867664 -0.19867664
 -0.19867664 -0.19867664 -0.19867664 -0.19867664 -0.19867664 -0.19867664
 -0.19867664 -0.19867664 -0.19867664 -0.19867664 -0.19867664 -0.19867664
 -0.19867664 -0.19867664  7.26403758 -0.19867664 -0.19867664 -0.19867664
  4.73889253 -0.19867664 -0.19867664 -0.19867664 -0.19867664 -0.19867664
 -0.19867664 -0.19867664 -0.19867664 -0.19867664 -0.19867664 -0.19867664
 -0.19867664 -0.19867664 -0.19867664 -0.19867664 -0.19867664 -0.19867664
 -0.19867664  5.80699674 -0.19867664 -0.19867664 -0.19867664 -0.19867664
 -0.19867664 -0.19867664 -0.19867664 -0.19867664 -0.19867664 -0.19867664
 -0.19867664 -0.19867664 -0.19867664 -0.19867664 -0.19867664 -0.19867664
 -0.19867664 -0.19867664 -0.19867664 -0.19867664 -0.19867664 -0.19867664
 -0.19867664 -0.19867664 -0.19867664 -0.19867664 -0.19867664 -0.19867664
 -0.19867664 -0.19867664 -0.19867664 -0.19867664]",[-0.055412697392379195]
13,"[-0.28178445 -0.28178445 -0.28178445 -0.28178445  1.6784334  -0.28178445
 -0.28178445 -0.28178445 -0.28178445 -0.28178445 -0.28178445 -0.28178445
 -0.28178445 -0.28178445 -0.28178445 -0.28178445 -0.28178445 -0.28178445
 -0.28178445 -0.28178445 -0.28178445 -0.28178445 -0.28178445 -0.28178445
 -0.28178445 -0.28178445 -0.28178445 -0.28178445 -0.28178445 -0.28178445
 -0.28178445 -0.28178445 -0.28178445 -0.28178445 -0.28178445 -0.28178445
 -0.28178445 -0.28178445 -0.28178445 -0.28178445 -0.28178445 -0.28178445
 -0.28178445 -0.28178445 -0.28178445 -0.28178445 -0.28178445 -0.28178445
 -0.28178445 -0.28178445 -0.28178445 -0.28178445 -0.28178445 -0.28178445
 -0.28178445 -0.28178445 -0.28178445 -0.28178445 -0.28178445 -0.28178445
 -0.28178445 -0.28178445 -0.28178445 -0.28178445 -0.28178445 -0.28178445
 -0.28178445 -0.28178445 -0.28178445 -0.28178445 -0.28178445 -0.28178445
 -0.28178445 -0.28178445 -0.28178445 -0.28178445 -0.28178445 -0.28178445
 -0.28178445 -0.28178445 -0.28178445 -0.28178445 -0.28178445  1.25858523
 -0.28178445 -0.28178445 -0.28178445 -0.28178445 -0.28178445  2.80617578
 -0.28178445 -0.28178445 -0.28178445 -0.28178445 -0.28178445 -0.28178445
 -0.28178445 -0.28178445 -0.28178445 -0.28178445 -0.28178445 -0.28178445
 -0.28178445 -0.28178445 -0.28178445 -0.28178445 -0.28178445 -0.28178445
  0.03142499 -0.28178445  5.96057593 -0.28178445 -0.28178445 -0.28178445
 -0.28178445  2.77941087  5.11358993 -0.28178445 -0.28178445 -0.28178445
 -0.28178445 -0.28178445 -0.28178445 -0.28178445  4.21659524 -0.28178445
 -0.28178445 -0.28178445 -0.28178445 -0.28178445 -0.28178445 -0.28178445
 -0.28178445 -0.28178445 -0.28178445 -0.28178445 -0.28178445 -0.28178445
 -0.28178445 -0.28178445 -0.28178445 -0.28178445 -0.28178445 -0.28178445
 -0.28178445 -0.28178445 -0.28178445 -0.28178445 -0.28178445 -0.28178445
 -0.28178445 -0.28178445 -0.28178445 -0.28178445 -0.28178445 -0.28178445
 -0.28178445 -0.28178445 -0.28178445 -0.28178445 -0.28178445 -0.28178445
 -0.28178445  0.31984815 -0.28178445 -0.28178445 -0.28178445 -0.28178445
 -0.28178445 -0.28178445 -0.28178445 -0.28178445 -0.28178445 -0.28178445
 -0.28178445 -0.28178445 -0.28178445 -0.28178445 -0.28178445 -0.28178445
 -0.28178445 -0.28178445 -0.28178445 -0.28178445 -0.28178445 -0.28178445
 -0.28178445 -0.28178445 -0.28178445 -0.28178445 -0.28178445 -0.28178445
 -0.28178445 -0.28178445  1.64263716 -0.28178445 -0.28178445 -0.28178445
 -0.28178445 -0.28178445 -0.28178445 -0.28178445 -0.28178445 -0.28178445
 -0.28178445 -0.28178445 -0.28178445 -0.28178445 -0.28178445 -0.28178445
  5.80416213 -0.28178445 -0.16008083 -0.28178445 -0.28178445  2.28951591
 -0.28178445 -0.28178445 -0.28178445 -0.28178445 -0.28178445 -0.28178445
 -0.28178445 -0.28178445 -0.28178445 -0.28178445 -0.28178445 -0.28178445
 -0.28178445 -0.28178445 -0.28178445 -0.28178445 -0.28178445 -0.28178445
 -0.28178445  3.37722534 -0.28178445  3.78033071  4.0995178  -0.28178445
  3.79915048  3.05222279  1.87448603 -0.28178445 -0.28178445 -0.28178445
 -0.28178445 -0.28178445 -0.28178445  2.11250674 -0.28178445 -0.28178445
 -0.28178445 -0.28178445 -0.28178445  3.26731119  0.74795818 -0.28178445
 -0.28178445 -0.28178445  3.12787664  2.26593912 -0.28178445  1.12255396
 -0.28178445 -0.28178445 -0.28178445 -0.28178445  2.59823608 -0.28178445
  2.434821   -0.28178445  4.15524609 -0.28178445  2.45595557  3.21378772
 -0.28178445  2.16211859 -0.28178445 -0.28178445  1.72331598 -0.28178445
  2.02470685  4.01324652 -0.28178445 -0.28178445 -0.28178445  3.91558932
 -0.28178445 -0.28178445 -0.28178445  2.21142336 -0.28178445  1.61826617
 -0.28178445 -0.28178445 -0.28178445 -0.28178445 -0.28178445  5.16257711
 -0.28178445 -0.28178445 -0.28178445 -0.28178445 -0.28178445 -0.28178445
  3.3176516   5.54391581 -0.28178445 -0.28178445 -0.28178445  1.90224239
 -0.28178445 -0.28178445 -0.28178445 -0.28178445 -0.28178445 -0.28178445
 -0.28178445 -0.28178445 -0.28178445 -0.28178445 -0.28178445 -0.28178445
 -0.28178445 -0.28178445 -0.28178445 -0.28178445 -0.28178445 -0.28178445
 -0.28178445 -0.28178445 -0.28178445 -0.28178445 -0.28178445 -0.28178445
 -0.28178445 -0.28178445 -0.28178445 -0.28178445 -0.28178445 -0.28178445
 -0.28178445 -0.28178445 -0.28178445 -0.28178445 -0.28178445 -0.28178445
 -0.28178445 -0.28178445 -0.28178445 -0.28178445 -0.28178445 -0.28178445
 -0.28178445 -0.28178445 -0.28178445 -0.28178445 -0.28178445 -0.28178445
 -0.28178445 -0.28178445 -0.28178445 -0.28178445 -0.28178445 -0.28178445
 -0.28178445 -0.28178445 -0.28178445 -0.28178445 -0.28178445 -0.28178445
 -0.28178445 -0.28178445 -0.28178445 -0.28178445 -0.28178445 -0.28178445
 -0.28178445 -0.28178445 -0.28178445 -0.28178445 -0.28178445 -0.28178445
 -0.28178445 -0.28178445 -0.28178445 -0.28178445 -0.28178445 -0.28178445
 -0.28178445 -0.28178445 -0.28178445 -0.28178445 -0.28178445 -0.28178445
 -0.28178445 -0.28178445 -0.28178445 -0.28178445 -0.28178445 -0.28178445
 -0.28178445 -0.28178445 -0.28178445 -0.28178445 -0.28178445 -0.28178445
 -0.28178445 -0.28178445 -0.28178445 -0.28178445 -0.28178445 -0.28178445
 -0.28178445 -0.28178445 -0.28178445 -0.28178445 -0.28178445 -0.28178445
 -0.28178445 -0.28178445 -0.28178445 -0.28178445  5.06218658 -0.28178445
 -0.28178445 -0.28178445 -0.28178445 -0.28178445 -0.28178445 -0.28178445
 -0.28178445 -0.28178445 -0.28178445 -0.28178445 -0.28178445 -0.28178445
 -0.28178445 -0.28178445 -0.28178445 -0.28178445 -0.28178445 -0.28178445
  3.35386728 -0.28178445 -0.28178445 -0.28178445 -0.28178445 -0.28178445
 -0.28178445 -0.28178445 -0.28178445 -0.28178445 -0.28178445 -0.28178445
 -0.28178445 -0.28178445 -0.28178445 -0.28178445 -0.28178445 -0.28178445
 -0.28178445 -0.28178445  4.91368063 -0.28178445 -0.28178445 -0.28178445
 -0.28178445 -0.28178445 -0.28178445 -0.28178445 -0.28178445 -0.28178445
 -0.28178445 -0.28178445 -0.28178445 -0.28178445 -0.28178445 -0.28178445
 -0.28178445 -0.28178445 -0.28178445 -0.28178445 -0.28178445 -0.28178445
 -0.28178445  2.0821243  -0.28178445 -0.28178445 -0.28178445 -0.28178445
 -0.28178445 -0.28178445 -0.28178445 -0.28178445 -0.28178445  0.99249039
 -0.28178445 -0.28178445 -0.28178445 -0.28178445 -0.28178445 -0.28178445
 -0.28178445 -0.28178445 -0.28178445 -0.28178445 -0.28178445 -0.28178445
 -0.28178445 -0.28178445 -0.28178445 -0.28178445 -0.28178445 -0.28178445
 -0.28178445 -0.28178445  2.05864426 -0.28178445]",[-0.002976311019800282]
13,"[-0.2260752  -0.2260752  -0.2260752  -0.2260752  -0.01499082 -0.2260752
 -0.2260752  -0.2260752  -0.2260752  -0.2260752  -0.2260752  -0.2260752
 -0.2260752  -0.2260752  -0.2260752  -0.2260752  -0.2260752  -0.2260752
  1.26878712 -0.2260752  -0.2260752  -0.2260752  -0.2260752  -0.2260752
 -0.2260752  -0.2260752  -0.2260752  -0.2260752  -0.2260752  -0.2260752
 -0.2260752  -0.2260752  -0.2260752  -0.2260752  -0.2260752  -0.2260752
 -0.2260752  -0.2260752  -0.2260752  -0.2260752  -0.2260752  -0.2260752
 -0.2260752  -0.2260752  -0.2260752  -0.2260752  -0.2260752  -0.2260752
 -0.2260752  -0.2260752  -0.2260752  -0.2260752  -0.2260752  -0.2260752
 -0.2260752  -0.2260752  -0.2260752  -0.2260752   1.36999083 -0.2260752
 -0.2260752  -0.2260752  -0.2260752  -0.2260752  -0.2260752  -0.2260752
 -0.2260752  -0.2260752  -0.2260752  -0.2260752  -0.2260752  -0.2260752
 -0.2260752  -0.2260752  -0.2260752  -0.2260752  -0.2260752  -0.2260752
 -0.2260752  -0.2260752  -0.2260752  -0.2260752  -0.2260752   6.72412903
 -0.2260752  -0.2260752  -0.2260752  -0.2260752  -0.2260752  -0.2260752
 -0.2260752  -0.2260752  -0.2260752  -0.2260752  -0.2260752  -0.2260752
 -0.2260752  -0.2260752  -0.2260752  -0.2260752  -0.2260752  -0.2260752
 -0.2260752  -0.2260752  -0.2260752  -0.2260752  -0.2260752  -0.2260752
 -0.2260752  -0.2260752   1.3746981  -0.2260752  -0.2260752  -0.2260752
 -0.2260752  -0.2260752  -0.2260752  -0.2260752  -0.2260752  -0.2260752
 -0.2260752  -0.2260752  -0.2260752  -0.2260752  -0.2260752  -0.2260752
 -0.2260752  -0.2260752  -0.2260752  -0.2260752  -0.2260752  -0.2260752
 -0.2260752  -0.2260752  -0.2260752  -0.2260752  -0.2260752  -0.2260752
 -0.2260752  -0.2260752  -0.2260752  -0.2260752  -0.2260752  -0.2260752
 -0.2260752  -0.2260752  -0.2260752  -0.2260752  -0.2260752  -0.2260752
 -0.2260752  -0.2260752  -0.2260752  -0.2260752  -0.2260752  -0.2260752
 -0.2260752  -0.2260752  -0.2260752  -0.2260752  -0.2260752  -0.2260752
 -0.2260752  -0.2260752  -0.2260752  -0.2260752  -0.2260752  -0.2260752
 -0.2260752  -0.2260752  -0.2260752  -0.2260752  -0.2260752   2.12856689
 -0.2260752  -0.2260752  -0.2260752  -0.2260752  -0.2260752  -0.2260752
 -0.2260752  -0.2260752  -0.2260752  -0.2260752  -0.2260752  -0.2260752
 -0.2260752  -0.2260752  -0.2260752  -0.2260752  -0.2260752  -0.2260752
 -0.2260752  -0.2260752   3.52951367 -0.2260752  -0.2260752  -0.2260752
 -0.2260752  -0.2260752   3.07069323 -0.2260752  -0.2260752  -0.2260752
 -0.2260752  -0.2260752  -0.2260752  -0.2260752  -0.2260752  -0.2260752
  5.48279882 -0.2260752   3.49654675 -0.2260752  -0.2260752   4.53543221
 -0.2260752  -0.2260752  -0.2260752  -0.2260752  -0.2260752  -0.2260752
 -0.2260752  -0.2260752  -0.2260752  -0.2260752  -0.2260752  -0.2260752
 -0.2260752  -0.2260752  -0.2260752  -0.2260752  -0.2260752  -0.2260752
 -0.2260752   3.92147944 -0.2260752  -0.2260752  -0.2260752  -0.2260752
  4.68397032 -0.2260752  -0.2260752  -0.2260752  -0.2260752  -0.2260752
 -0.2260752   3.07069323 -0.2260752  -0.2260752  -0.2260752  -0.2260752
 -0.2260752  -0.2260752  -0.2260752  -0.2260752  -0.2260752  -0.2260752
 -0.2260752  -0.2260752   2.90982501  4.24476786 -0.2260752   0.82106074
 -0.2260752  -0.2260752  -0.2260752  -0.2260752  -0.2260752  -0.2260752
 -0.2260752  -0.2260752  -0.2260752  -0.2260752   3.44049715 -0.2260752
 -0.2260752  -0.2260752  -0.2260752  -0.2260752   0.0481309  -0.2260752
 -0.2260752   4.19633743 -0.2260752  -0.2260752  -0.2260752   6.45480996
 -0.2260752  -0.2260752  -0.2260752  -0.2260752   1.99488978 -0.2260752
 -0.2260752  -0.2260752  -0.2260752  -0.2260752  -0.2260752  -0.2260752
 -0.2260752  -0.2260752  -0.2260752  -0.2260752  -0.2260752  -0.2260752
 -0.2260752  -0.2260752  -0.2260752  -0.2260752  -0.2260752   4.76576402
 -0.2260752   2.29374569 -0.2260752   0.97899816 -0.2260752  -0.2260752
 -0.2260752  -0.2260752  -0.2260752  -0.2260752  -0.2260752  -0.2260752
 -0.2260752  -0.2260752  -0.2260752  -0.2260752  -0.2260752  -0.2260752
 -0.2260752  -0.2260752  -0.2260752  -0.2260752  -0.2260752  -0.2260752
 -0.2260752  -0.2260752  -0.2260752  -0.2260752  -0.2260752  -0.2260752
 -0.2260752  -0.2260752  -0.2260752  -0.2260752  -0.2260752  -0.2260752
 -0.2260752  -0.2260752  -0.2260752  -0.2260752  -0.2260752  -0.2260752
 -0.2260752  -0.2260752  -0.2260752  -0.2260752  -0.2260752  -0.2260752
 -0.2260752  -0.2260752  -0.2260752  -0.2260752  -0.2260752  -0.2260752
 -0.2260752  -0.2260752  -0.2260752  -0.2260752  -0.2260752  -0.2260752
 -0.2260752  -0.2260752  -0.2260752  -0.2260752  -0.2260752  -0.2260752
 -0.2260752  -0.2260752  -0.2260752  -0.2260752  -0.2260752  -0.2260752
 -0.2260752  -0.2260752  -0.2260752  -0.2260752  -0.2260752  -0.2260752
 -0.2260752  -0.2260752  -0.2260752  -0.2260752  -0.2260752  -0.2260752
 -0.2260752  -0.2260752  -0.2260752  -0.2260752  -0.2260752  -0.2260752
 -0.2260752  -0.2260752  -0.2260752  -0.2260752  -0.2260752  -0.2260752
 -0.2260752  -0.2260752  -0.2260752  -0.2260752  -0.2260752  -0.2260752
 -0.2260752  -0.2260752  -0.2260752  -0.2260752  -0.2260752  -0.2260752
 -0.2260752  -0.2260752  -0.2260752  -0.2260752  -0.2260752  -0.2260752
 -0.2260752  -0.2260752  -0.2260752  -0.2260752  -0.2260752  -0.2260752
 -0.2260752   4.4349687  -0.2260752  -0.2260752  -0.2260752  -0.2260752
 -0.2260752  -0.2260752  -0.2260752  -0.2260752  -0.2260752  -0.2260752
 -0.2260752  -0.2260752  -0.2260752  -0.2260752  -0.2260752  -0.2260752
  2.00149445 -0.2260752  -0.2260752  -0.2260752  -0.2260752  -0.2260752
 -0.2260752  -0.2260752  -0.2260752  -0.2260752  -0.2260752  -0.2260752
 -0.2260752  -0.2260752   6.55676651 -0.2260752   6.2659614  -0.2260752
 -0.2260752  -0.2260752  -0.2260752  -0.2260752   4.41925498  3.65430293
 -0.2260752  -0.2260752  -0.2260752  -0.2260752  -0.2260752  -0.2260752
 -0.2260752  -0.2260752  -0.2260752  -0.2260752  -0.2260752  -0.2260752
 -0.2260752   6.20081509 -0.2260752  -0.2260752  -0.2260752  -0.2260752
 -0.2260752  -0.2260752  -0.2260752  -0.2260752  -0.2260752  -0.2260752
 -0.2260752  -0.2260752  -0.2260752  -0.2260752  -0.2260752  -0.2260752
 -0.2260752  -0.2260752  -0.2260752  -0.2260752  -0.2260752  -0.2260752
 -0.2260752  -0.2260752  -0.2260752  -0.2260752  -0.2260752  -0.2260752
 -0.2260752  -0.2260752  -0.2260752  -0.2260752 ]",[0.03423659614214908]
13,"[-0.24518523 -0.24518523 -0.24518523 -0.24518523 -0.17447006 -0.24518523
 -0.24518523 -0.24518523 -0.24518523 -0.24518523 -0.24518523 -0.24518523
 -0.24518523 -0.24518523 -0.24518523 -0.24518523 -0.24518523 -0.24518523
 -0.24518523 -0.24518523 -0.24518523 -0.24518523 -0.24518523 -0.24518523
 -0.24518523 -0.24518523 -0.24518523 -0.24518523 -0.24518523 -0.24518523
 -0.24518523 -0.24518523 -0.24518523 -0.24518523 -0.24518523 -0.24518523
 -0.24518523 -0.24518523 -0.24518523 -0.24518523 -0.24518523 -0.24518523
 -0.24518523 -0.24518523 -0.24518523 -0.24518523 -0.24518523 -0.24518523
 -0.24518523 -0.24518523 -0.24518523 -0.24518523 -0.24518523 -0.24518523
 -0.24518523 -0.24518523 -0.24518523 -0.24518523  0.46837688 -0.24518523
 -0.24518523 -0.24518523 -0.24518523 -0.24518523 -0.24518523 -0.24518523
 -0.24518523 -0.24518523 -0.24518523 -0.24518523 -0.24518523 -0.24518523
 -0.24518523 -0.24518523 -0.24518523 -0.24518523 -0.24518523 -0.24518523
 -0.24518523 -0.24518523 -0.24518523 -0.24518523 -0.24518523  5.23452346
 -0.24518523 -0.24518523 -0.24518523 -0.24518523 -0.24518523 -0.24518523
 -0.24518523 -0.24518523  2.73497049 -0.24518523 -0.24518523 -0.24518523
 -0.24518523 -0.24518523 -0.24518523 -0.24518523 -0.24518523 -0.24518523
 -0.24518523 -0.24518523 -0.24518523 -0.24518523 -0.24518523 -0.24518523
 -0.24518523 -0.24518523 -0.24518523 -0.24518523 -0.24518523 -0.24518523
 -0.24518523 -0.24518523 -0.24518523 -0.24518523 -0.24518523 -0.24518523
 -0.24518523 -0.24518523 -0.24518523 -0.24518523 -0.24518523 -0.24518523
 -0.24518523 -0.24518523 -0.24518523 -0.24518523 -0.24518523 -0.24518523
 -0.24518523 -0.24518523 -0.24518523 -0.24518523 -0.24518523 -0.24518523
 -0.24518523 -0.24518523 -0.24518523 -0.24518523 -0.24518523 -0.24518523
 -0.24518523 -0.24518523 -0.24518523 -0.24518523 -0.24518523 -0.24518523
 -0.24518523 -0.24518523 -0.24518523 -0.24518523 -0.24518523 -0.24518523
 -0.24518523 -0.24518523 -0.24518523 -0.24518523 -0.24518523 -0.24518523
 -0.24518523 -0.24518523 -0.24518523 -0.24518523 -0.24518523 -0.24518523
 -0.24518523 -0.24518523 -0.24518523 -0.24518523 -0.24518523 -0.24518523
 -0.24518523 -0.24518523 -0.24518523 -0.24518523 -0.24518523 -0.24518523
 -0.24518523 -0.24518523 -0.24518523 -0.24518523 -0.24518523 -0.24518523
 -0.24518523 -0.24518523 -0.24518523 -0.24518523 -0.24518523 -0.24518523
 -0.24518523 -0.24518523 -0.24518523 -0.24518523 -0.24518523 -0.24518523
 -0.24518523 -0.24518523 -0.24518523 -0.24518523 -0.24518523  0.70993887
 -0.24518523 -0.24518523 -0.24518523 -0.24518523 -0.24518523 -0.24518523
  3.6588471  -0.24518523  2.91247873 -0.24518523 -0.24518523  4.61399678
 -0.24518523 -0.24518523 -0.24518523 -0.24518523 -0.24518523 -0.24518523
 -0.24518523 -0.24518523 -0.24518523 -0.24518523 -0.24518523 -0.24518523
 -0.24518523 -0.24518523 -0.24518523 -0.24518523 -0.24518523 -0.24518523
 -0.24518523  3.87687682 -0.24518523  2.87136218  3.93764305 -0.24518523
  4.91619277  5.06577208 -0.24518523 -0.24518523 -0.24518523 -0.24518523
 -0.24518523 -0.24518523 -0.24518523 -0.24518523 -0.24518523 -0.24518523
 -0.24518523 -0.24518523 -0.24518523  2.10554219  2.95893904 -0.24518523
 -0.24518523 -0.24518523  5.97705777  2.88327344 -0.24518523  2.43831294
 -0.24518523 -0.24518523 -0.24518523 -0.24518523  1.36029107 -0.24518523
 -0.24518523 -0.24518523  6.45027589 -0.24518523  5.00950533 -0.24518523
 -0.24518523 -0.24518523 -0.24518523 -0.24518523  3.37209745 -0.24518523
  4.12790433  3.61799537 -0.24518523 -0.24518523 -0.24518523  6.04981533
  3.23351223 -0.24518523 -0.24518523 -0.24518523 -0.24518523  2.31137289
 -0.24518523 -0.24518523 -0.24518523 -0.24518523 -0.24518523 -0.24518523
 -0.24518523  3.62162395 -0.24518523 -0.24518523 -0.24518523 -0.24518523
 -0.24518523 -0.24518523 -0.24518523 -0.24518523 -0.24518523  3.43911746
 -0.24518523 -0.24518523 -0.24518523  1.33143831 -0.24518523 -0.24518523
 -0.24518523 -0.24518523 -0.24518523 -0.24518523 -0.24518523 -0.24518523
 -0.24518523 -0.24518523 -0.24518523 -0.24518523 -0.24518523 -0.24518523
 -0.24518523 -0.24518523 -0.24518523 -0.24518523 -0.24518523 -0.24518523
 -0.24518523 -0.24518523 -0.24518523 -0.24518523 -0.24518523 -0.24518523
 -0.24518523 -0.24518523 -0.24518523 -0.24518523 -0.24518523 -0.24518523
 -0.24518523 -0.24518523 -0.24518523 -0.24518523 -0.24518523 -0.24518523
 -0.24518523 -0.24518523 -0.24518523 -0.24518523 -0.24518523 -0.24518523
 -0.24518523 -0.24518523 -0.24518523 -0.24518523 -0.24518523 -0.24518523
 -0.24518523 -0.24518523 -0.24518523 -0.24518523 -0.24518523 -0.24518523
 -0.24518523 -0.24518523 -0.24518523 -0.24518523 -0.24518523 -0.24518523
 -0.24518523 -0.24518523 -0.24518523 -0.24518523 -0.24518523 -0.24518523
 -0.24518523 -0.24518523 -0.24518523 -0.24518523 -0.24518523 -0.24518523
 -0.24518523 -0.24518523 -0.24518523 -0.24518523 -0.24518523 -0.24518523
 -0.24518523 -0.24518523 -0.24518523 -0.24518523 -0.24518523 -0.24518523
 -0.24518523 -0.24518523 -0.24518523 -0.24518523 -0.24518523 -0.24518523
 -0.24518523 -0.24518523 -0.24518523 -0.24518523 -0.24518523 -0.24518523
 -0.24518523 -0.24518523 -0.24518523 -0.24518523 -0.24518523 -0.24518523
 -0.24518523 -0.24518523 -0.24518523 -0.24518523 -0.24518523 -0.24518523
 -0.24518523 -0.24518523 -0.24518523 -0.24518523 -0.24518523 -0.24518523
 -0.24518523 -0.24518523 -0.24518523 -0.24518523 -0.24518523 -0.24518523
 -0.24518523 -0.24518523 -0.24518523 -0.24518523 -0.24518523 -0.24518523
 -0.24518523 -0.24518523 -0.24518523 -0.24518523 -0.24518523 -0.24518523
  1.10456665 -0.24518523 -0.24518523 -0.24518523 -0.24518523 -0.24518523
 -0.24518523 -0.24518523 -0.24518523 -0.24518523 -0.24518523 -0.24518523
 -0.24518523 -0.24518523  3.86657868 -0.24518523  4.16967157 -0.24518523
 -0.24518523 -0.24518523 -0.24518523 -0.24518523 -0.24518523 -0.24518523
 -0.24518523 -0.24518523 -0.24518523 -0.24518523 -0.24518523 -0.24518523
 -0.24518523 -0.24518523 -0.24518523 -0.24518523 -0.24518523 -0.24518523
 -0.24518523  4.16967157 -0.24518523 -0.24518523 -0.24518523 -0.24518523
 -0.24518523 -0.24518523 -0.24518523 -0.24518523 -0.24518523 -0.24518523
 -0.24518523 -0.24518523 -0.24518523 -0.24518523 -0.24518523 -0.24518523
 -0.24518523 -0.24518523 -0.24518523 -0.24518523 -0.24518523 -0.24518523
 -0.24518523 -0.24518523 -0.24518523 -0.24518523 -0.24518523 -0.24518523
 -0.24518523 -0.24518523  4.48976289 -0.24518523]",[0.04745657891744137]
13,"[-0.23593942 -0.23593942 -0.23593942 -0.23593942 -0.23593942 -0.23593942
 -0.23593942 -0.23593942 -0.23593942 -0.23593942 -0.23593942 -0.23593942
 -0.23593942 -0.23593942 -0.23593942 -0.23593942 -0.23593942 -0.23593942
 -0.23593942 -0.23593942 -0.23593942 -0.23593942 -0.23593942 -0.23593942
 -0.23593942 -0.23593942 -0.23593942 -0.23593942 -0.23593942 -0.23593942
 -0.23593942 -0.23593942 -0.23593942 -0.23593942 -0.23593942 -0.23593942
 -0.23593942 -0.23593942 -0.23593942 -0.23593942 -0.23593942 -0.23593942
 -0.23593942 -0.23593942 -0.23593942 -0.23593942 -0.23593942 -0.23593942
 -0.23593942 -0.23593942 -0.23593942 -0.23593942 -0.23593942 -0.23593942
 -0.23593942 -0.23593942 -0.23593942 -0.23593942 -0.23593942 -0.23593942
 -0.23593942 -0.23593942 -0.23593942 -0.23593942 -0.23593942 -0.23593942
 -0.23593942 -0.23593942 -0.23593942 -0.23593942 -0.23593942 -0.23593942
 -0.23593942 -0.23593942 -0.23593942 -0.23593942 -0.23593942 -0.23593942
 -0.23593942 -0.23593942 -0.23593942 -0.23593942 -0.23593942  5.53414127
 -0.23593942 -0.23593942 -0.23593942 -0.23593942 -0.23593942 -0.23593942
 -0.23593942 -0.23593942  1.36931823 -0.23593942 -0.23593942 -0.23593942
 -0.23593942 -0.23593942 -0.23593942 -0.23593942 -0.23593942 -0.23593942
 -0.23593942 -0.23593942 -0.23593942 -0.23593942 -0.23593942 -0.23593942
 -0.23593942 -0.23593942  6.82873174 -0.23593942 -0.23593942  0.40910083
 -0.23593942 -0.23593942  4.82959105 -0.23593942 -0.23593942 -0.23593942
 -0.23593942 -0.23593942 -0.23593942 -0.23593942 -0.23593942 -0.23593942
 -0.23593942 -0.23593942 -0.23593942 -0.23593942 -0.23593942 -0.23593942
 -0.23593942 -0.23593942 -0.23593942 -0.23593942 -0.23593942 -0.23593942
 -0.23593942 -0.23593942 -0.23593942 -0.23593942 -0.23593942 -0.23593942
 -0.23593942 -0.23593942 -0.23593942 -0.23593942 -0.23593942 -0.23593942
 -0.23593942 -0.23593942 -0.23593942 -0.23593942 -0.23593942 -0.23593942
 -0.23593942 -0.23593942 -0.23593942 -0.23593942 -0.23593942 -0.23593942
 -0.23593942 -0.23593942 -0.23593942 -0.23593942 -0.23593942 -0.23593942
 -0.23593942 -0.23593942 -0.23593942 -0.23593942 -0.23593942  2.27335069
 -0.23593942 -0.23593942 -0.23593942 -0.23593942 -0.23593942 -0.23593942
 -0.23593942 -0.23593942 -0.23593942 -0.23593942 -0.23593942 -0.23593942
 -0.23593942 -0.23593942 -0.23593942 -0.23593942 -0.23593942 -0.23593942
 -0.23593942 -0.23593942 -0.23593942 -0.23593942 -0.23593942 -0.23593942
 -0.23593942 -0.23593942 -0.23593942 -0.23593942 -0.23593942 -0.23593942
 -0.23593942 -0.23593942 -0.23593942 -0.23593942 -0.23593942 -0.23593942
  3.04320331 -0.23593942  1.04857672 -0.23593942 -0.23593942  0.69005559
 -0.23593942 -0.23593942 -0.23593942 -0.23593942 -0.23593942 -0.23593942
 -0.23593942 -0.23593942 -0.23593942 -0.23593942 -0.23593942 -0.23593942
 -0.23593942 -0.23593942 -0.23593942 -0.23593942 -0.23593942 -0.23593942
 -0.23593942  3.09185987 -0.23593942  3.16220541  2.67247064 -0.23593942
  3.50783618  0.72427797 -0.23593942 -0.23593942 -0.23593942 -0.23593942
 -0.23593942 -0.23593942 -0.23593942 -0.23593942 -0.23593942 -0.23593942
 -0.23593942 -0.23593942 -0.23593942  4.46995231  4.5851956  -0.23593942
 -0.23593942 -0.23593942  3.17328094  2.19915146 -0.23593942  0.1293817
 -0.23593942 -0.23593942 -0.23593942 -0.23593942  1.79268622 -0.23593942
 -0.23593942 -0.23593942  5.22816031 -0.23593942  1.70286894  2.96513988
 -0.23593942 -0.23593942 -0.23593942 -0.23593942 -0.23593942 -0.23593942
 -0.23593942  1.49152135 -0.23593942 -0.23593942  6.09508278  2.15246269
 -0.23593942 -0.23593942 -0.23593942 -0.23593942 -0.23593942 -0.23593942
 -0.23593942 -0.23593942 -0.23593942 -0.23593942 -0.23593942 -0.23593942
 -0.23593942 -0.23593942 -0.23593942 -0.23593942  2.11327893 -0.23593942
  2.69932793 -0.23593942 -0.23593942 -0.23593942 -0.23593942  4.0449342
 -0.23593942  1.54364832 -0.23593942 -0.23593942 -0.23593942 -0.23593942
 -0.23593942 -0.23593942 -0.23593942 -0.23593942 -0.23593942 -0.23593942
 -0.23593942 -0.23593942 -0.23593942 -0.23593942 -0.23593942 -0.23593942
 -0.23593942 -0.23593942 -0.23593942 -0.23593942 -0.23593942 -0.23593942
 -0.23593942 -0.23593942 -0.23593942 -0.23593942 -0.23593942 -0.23593942
 -0.23593942 -0.23593942 -0.23593942 -0.23593942 -0.23593942 -0.23593942
 -0.23593942 -0.23593942 -0.23593942 -0.23593942 -0.23593942 -0.23593942
 -0.23593942 -0.23593942 -0.23593942 -0.23593942 -0.23593942 -0.23593942
 -0.23593942 -0.23593942 -0.23593942 -0.23593942 -0.23593942 -0.23593942
 -0.23593942 -0.23593942 -0.23593942 -0.23593942 -0.23593942 -0.23593942
 -0.23593942 -0.23593942 -0.23593942 -0.23593942 -0.23593942 -0.23593942
 -0.23593942 -0.23593942 -0.23593942 -0.23593942 -0.23593942 -0.23593942
 -0.23593942 -0.23593942 -0.23593942 -0.23593942 -0.23593942 -0.23593942
 -0.23593942 -0.23593942 -0.23593942 -0.23593942 -0.23593942 -0.23593942
 -0.23593942 -0.23593942 -0.23593942 -0.23593942 -0.23593942 -0.23593942
 -0.23593942 -0.23593942 -0.23593942 -0.23593942 -0.23593942 -0.23593942
 -0.23593942 -0.23593942 -0.23593942 -0.23593942 -0.23593942 -0.23593942
 -0.23593942 -0.23593942 -0.23593942 -0.23593942 -0.23593942 -0.23593942
 -0.23593942 -0.23593942 -0.23593942 -0.23593942  4.08618705 -0.23593942
 -0.23593942 -0.23593942 -0.23593942 -0.23593942 -0.23593942 -0.23593942
 -0.23593942 -0.23593942 -0.23593942 -0.23593942 -0.23593942 -0.23593942
 -0.23593942 -0.23593942 -0.23593942 -0.23593942 -0.23593942 -0.23593942
 -0.23593942 -0.23593942 -0.23593942 -0.23593942 -0.23593942 -0.23593942
  0.9071372  -0.23593942 -0.23593942 -0.23593942 -0.23593942 -0.23593942
 -0.23593942 -0.23593942 -0.23593942 -0.23593942 -0.23593942 -0.23593942
 -0.23593942 -0.23593942  6.49365098 -0.23593942 -0.23593942 -0.23593942
  7.19757897 -0.23593942 -0.23593942 -0.23593942 -0.23593942 -0.23593942
 -0.23593942 -0.23593942 -0.23593942 -0.23593942 -0.23593942 -0.23593942
 -0.23593942 -0.23593942 -0.23593942 -0.23593942 -0.23593942 -0.23593942
 -0.23593942  5.78735455 -0.23593942 -0.23593942 -0.23593942 -0.23593942
 -0.23593942 -0.23593942 -0.23593942 -0.23593942 -0.23593942 -0.23593942
 -0.23593942 -0.23593942 -0.23593942 -0.23593942 -0.23593942 -0.23593942
 -0.23593942 -0.23593942 -0.23593942 -0.23593942 -0.23593942 -0.23593942
 -0.23593942 -0.23593942 -0.23593942 -0.23593942 -0.23593942 -0.23593942
 -0.23593942 -0.23593942  4.15197752 -0.23593942]",[-0.022028808500905772]
13,"[-0.21400892 -0.21400892 -0.21400892 -0.21400892  0.13578925 -0.21400892
 -0.21400892 -0.21400892 -0.21400892 -0.21400892 -0.21400892 -0.21400892
 -0.21400892 -0.21400892 -0.21400892 -0.21400892 -0.21400892 -0.21400892
 -0.21400892 -0.21400892 -0.21400892 -0.21400892 -0.21400892 -0.21400892
 -0.21400892 -0.21400892 -0.21400892 -0.21400892 -0.21400892 -0.21400892
 -0.21400892 -0.21400892 -0.21400892 -0.21400892 -0.21400892 -0.21400892
 -0.21400892 -0.21400892 -0.21400892 -0.21400892 -0.21400892 -0.21400892
 -0.21400892 -0.21400892 -0.21400892 -0.21400892 -0.21400892 -0.21400892
 -0.21400892 -0.21400892 -0.21400892 -0.21400892 -0.21400892 -0.21400892
 -0.21400892 -0.21400892 -0.21400892 -0.21400892 -0.21400892 -0.21400892
 -0.21400892 -0.21400892 -0.21400892 -0.21400892 -0.21400892 -0.21400892
 -0.21400892 -0.21400892 -0.21400892 -0.21400892 -0.21400892 -0.21400892
 -0.21400892 -0.21400892 -0.21400892 -0.21400892 -0.21400892 -0.21400892
 -0.21400892 -0.21400892 -0.21400892 -0.21400892 -0.21400892  6.73648392
 -0.21400892 -0.21400892 -0.21400892 -0.21400892 -0.21400892 -0.21400892
 -0.21400892 -0.21400892 -0.21400892 -0.21400892 -0.21400892 -0.21400892
 -0.21400892 -0.21400892 -0.21400892 -0.21400892 -0.21400892 -0.21400892
 -0.21400892 -0.21400892 -0.21400892 -0.21400892 -0.21400892 -0.21400892
  2.18824297 -0.21400892  7.66627272  0.69898599 -0.21400892 -0.21400892
  4.61698842 -0.21400892  4.04652926 -0.21400892 -0.21400892 -0.21400892
 -0.21400892 -0.21400892 -0.21400892  4.14549471  0.69616347 -0.21400892
 -0.21400892 -0.21400892 -0.21400892 -0.21400892 -0.21400892 -0.21400892
 -0.21400892 -0.21400892 -0.21400892 -0.21400892 -0.21400892 -0.21400892
 -0.21400892 -0.21400892 -0.21400892 -0.21400892 -0.21400892 -0.21400892
 -0.21400892 -0.21400892 -0.21400892 -0.21400892 -0.21400892 -0.21400892
 -0.21400892 -0.21400892 -0.21400892 -0.21400892 -0.21400892 -0.21400892
 -0.21400892 -0.21400892 -0.21400892 -0.21400892 -0.21400892 -0.21400892
 -0.21400892 -0.21400892 -0.21400892 -0.21400892 -0.21400892 -0.21400892
 -0.21400892 -0.21400892 -0.21400892 -0.21400892 -0.21400892 -0.21400892
 -0.21400892 -0.21400892 -0.21400892 -0.21400892 -0.21400892 -0.21400892
 -0.21400892 -0.21400892 -0.21400892 -0.21400892 -0.21400892 -0.21400892
 -0.21400892 -0.21400892 -0.21400892 -0.21400892 -0.21400892 -0.21400892
 -0.21400892 -0.21400892 -0.21400892 -0.21400892 -0.21400892 -0.21400892
 -0.21400892 -0.21400892 -0.21400892 -0.21400892 -0.21400892  0.59883235
 -0.21400892 -0.21400892 -0.21400892 -0.21400892 -0.21400892 -0.21400892
  2.08248628 -0.21400892  0.31076754 -0.21400892 -0.21400892  1.25164147
 -0.21400892 -0.21400892 -0.21400892 -0.21400892 -0.21400892 -0.21400892
 -0.21400892 -0.21400892 -0.21400892 -0.21400892 -0.21400892 -0.21400892
 -0.21400892 -0.21400892 -0.21400892 -0.21400892 -0.21400892 -0.21400892
 -0.21400892  3.65996285 -0.21400892  3.13043424  4.09894085 -0.21400892
  3.88505467 -0.21400892 -0.21400892 -0.21400892 -0.21400892 -0.21400892
 -0.21400892 -0.21400892 -0.21400892 -0.21400892 -0.21400892 -0.21400892
 -0.21400892 -0.21400892 -0.21400892 -0.21400892 -0.21400892 -0.21400892
 -0.21400892 -0.21400892  4.60962278 -0.21400892 -0.21400892 -0.10644055
 -0.21400892 -0.21400892 -0.21400892 -0.21400892 -0.21400892 -0.21400892
 -0.21400892 -0.21400892  0.21566346 -0.21400892  3.55672169 -0.21400892
 -0.21400892 -0.21400892 -0.21400892 -0.21400892 -0.21400892 -0.21400892
 -0.21400892  2.08248628 -0.21400892 -0.21400892 -0.21400892  4.74198913
 -0.21400892 -0.21400892 -0.21400892 -0.21400892 -0.21400892 -0.21400892
 -0.21400892 -0.21400892 -0.21400892 -0.21400892 -0.21400892 -0.21400892
 -0.21400892 -0.21400892 -0.21400892 -0.21400892  5.68070258 -0.21400892
  4.01628153 -0.21400892 -0.21400892 -0.21400892 -0.21400892  5.27932936
 -0.21400892  3.25622734 -0.21400892 -0.21400892 -0.21400892 -0.21400892
 -0.21400892 -0.21400892 -0.21400892 -0.21400892 -0.21400892 -0.21400892
 -0.21400892 -0.21400892 -0.21400892 -0.21400892 -0.21400892 -0.21400892
 -0.21400892 -0.21400892 -0.21400892 -0.21400892 -0.21400892 -0.21400892
 -0.21400892 -0.21400892 -0.21400892 -0.21400892 -0.21400892 -0.21400892
 -0.21400892 -0.21400892 -0.21400892 -0.21400892 -0.21400892 -0.21400892
 -0.21400892 -0.21400892 -0.21400892 -0.21400892 -0.21400892 -0.21400892
 -0.21400892 -0.21400892 -0.21400892 -0.21400892 -0.21400892 -0.21400892
 -0.21400892 -0.21400892 -0.21400892 -0.21400892 -0.21400892 -0.21400892
 -0.21400892 -0.21400892 -0.21400892 -0.21400892 -0.21400892 -0.21400892
 -0.21400892 -0.21400892 -0.21400892 -0.21400892 -0.21400892 -0.21400892
 -0.21400892 -0.21400892 -0.21400892 -0.21400892 -0.21400892 -0.21400892
 -0.21400892 -0.21400892 -0.21400892 -0.21400892 -0.21400892 -0.21400892
 -0.21400892 -0.21400892 -0.21400892 -0.21400892 -0.21400892 -0.21400892
 -0.21400892 -0.21400892 -0.21400892 -0.21400892 -0.21400892 -0.21400892
 -0.21400892 -0.21400892 -0.21400892 -0.21400892 -0.21400892 -0.21400892
 -0.21400892 -0.21400892 -0.21400892 -0.21400892 -0.21400892 -0.21400892
 -0.21400892 -0.21400892 -0.21400892 -0.21400892 -0.21400892 -0.21400892
 -0.21400892 -0.21400892 -0.21400892 -0.21400892 -0.21400892 -0.21400892
 -0.21400892 -0.21400892 -0.21400892 -0.21400892 -0.21400892 -0.21400892
 -0.21400892 -0.21400892 -0.21400892 -0.21400892 -0.21400892 -0.21400892
 -0.21400892 -0.21400892 -0.21400892 -0.21400892 -0.21400892 -0.21400892
 -0.21400892 -0.21400892 -0.21400892 -0.21400892 -0.21400892 -0.21400892
 -0.21400892 -0.21400892 -0.21400892 -0.21400892 -0.21400892 -0.21400892
 -0.21400892 -0.21400892 -0.21400892 -0.21400892 -0.21400892 -0.21400892
 -0.21400892 -0.21400892  4.62503112 -0.21400892 -0.21400892 -0.21400892
  5.60191656 -0.21400892 -0.21400892 -0.21400892 -0.21400892 -0.21400892
 -0.21400892 -0.21400892 -0.21400892 -0.21400892 -0.21400892 -0.21400892
 -0.21400892 -0.21400892 -0.21400892 -0.21400892 -0.21400892 -0.21400892
 -0.21400892  3.46727184 -0.21400892 -0.21400892 -0.21400892 -0.21400892
 -0.21400892 -0.21400892 -0.21400892 -0.21400892 -0.21400892 -0.21400892
 -0.21400892 -0.21400892 -0.21400892 -0.21400892 -0.21400892 -0.21400892
 -0.21400892 -0.21400892 -0.21400892 -0.21400892 -0.21400892 -0.21400892
 -0.21400892 -0.21400892 -0.21400892 -0.21400892 -0.21400892 -0.21400892
 -0.21400892 -0.21400892  7.67448895 -0.21400892]",[0.019542414413253578]
13,"[-0.18004082 -0.18004082 -0.18004082 -0.18004082 -0.18004082 -0.18004082
 -0.18004082 -0.18004082 -0.18004082 -0.18004082 -0.18004082 -0.18004082
 -0.18004082 -0.18004082 -0.18004082 -0.18004082 -0.18004082 -0.18004082
  0.55164318 -0.18004082 -0.18004082 -0.18004082 -0.18004082 -0.18004082
 -0.18004082 -0.18004082 -0.18004082 -0.18004082 -0.18004082 -0.18004082
 -0.18004082 -0.18004082 -0.18004082 -0.18004082 -0.18004082 -0.18004082
 -0.18004082 -0.18004082 -0.18004082 -0.18004082 -0.18004082 -0.18004082
 -0.18004082 -0.18004082 -0.18004082 -0.18004082 -0.18004082 -0.18004082
 -0.18004082 -0.18004082 -0.18004082 -0.18004082 -0.18004082 -0.18004082
 -0.18004082 -0.18004082 -0.18004082 -0.18004082 -0.18004082 -0.18004082
 -0.18004082 -0.18004082 -0.18004082 -0.18004082 -0.18004082 -0.18004082
 -0.18004082 -0.18004082 -0.18004082 -0.18004082 -0.18004082 -0.18004082
 -0.18004082 -0.18004082 -0.18004082 -0.18004082 -0.18004082 -0.18004082
 -0.18004082 -0.18004082 -0.18004082 -0.18004082 -0.18004082  3.26495573
 -0.18004082 -0.18004082 -0.18004082 -0.18004082 -0.18004082 -0.18004082
 -0.18004082 -0.18004082 -0.18004082 -0.18004082 -0.18004082 -0.18004082
 -0.18004082 -0.18004082 -0.18004082 -0.18004082 -0.18004082 -0.18004082
 -0.18004082 -0.18004082 -0.18004082 -0.18004082 -0.18004082 -0.18004082
 -0.18004082 -0.18004082  7.76622192 -0.18004082 -0.18004082 -0.18004082
 -0.18004082 -0.18004082  5.40575343 -0.18004082 -0.18004082 -0.18004082
 -0.18004082 -0.18004082 -0.18004082  4.24473023 -0.18004082 -0.18004082
 -0.18004082 -0.18004082 -0.18004082 -0.18004082 -0.18004082 -0.18004082
 -0.18004082 -0.18004082 -0.18004082 -0.18004082 -0.18004082 -0.18004082
 -0.18004082 -0.18004082 -0.18004082 -0.18004082 -0.18004082 -0.18004082
 -0.18004082 -0.18004082 -0.18004082 -0.18004082 -0.18004082 -0.18004082
 -0.18004082 -0.18004082 -0.18004082 -0.18004082 -0.18004082 -0.18004082
 -0.18004082 -0.18004082 -0.18004082 -0.18004082 -0.18004082 -0.18004082
 -0.18004082 -0.18004082 -0.18004082 -0.18004082 -0.18004082 -0.18004082
 -0.18004082 -0.18004082 -0.18004082 -0.18004082 -0.18004082 -0.18004082
 -0.18004082 -0.18004082 -0.18004082 -0.18004082 -0.18004082 -0.18004082
 -0.18004082 -0.18004082 -0.18004082 -0.18004082 -0.18004082 -0.18004082
 -0.18004082 -0.18004082 -0.18004082 -0.18004082 -0.18004082 -0.18004082
 -0.18004082 -0.18004082 -0.18004082 -0.18004082 -0.18004082 -0.18004082
 -0.18004082 -0.18004082  1.70398077 -0.18004082 -0.18004082 -0.18004082
 -0.18004082 -0.18004082 -0.18004082 -0.18004082 -0.18004082 -0.18004082
 -0.18004082 -0.18004082 -0.18004082 -0.18004082 -0.18004082 -0.18004082
 -0.18004082 -0.18004082 -0.18004082 -0.18004082 -0.18004082 -0.18004082
 -0.18004082 -0.18004082 -0.18004082 -0.18004082 -0.18004082 -0.18004082
 -0.18004082 -0.18004082 -0.18004082 -0.18004082 -0.18004082 -0.18004082
 -0.18004082  3.45416331 -0.18004082  2.09545485 -0.18004082 -0.18004082
  2.84072798 -0.18004082 -0.18004082 -0.18004082 -0.18004082 -0.18004082
 -0.18004082 -0.18004082 -0.18004082 -0.18004082 -0.18004082 -0.18004082
 -0.18004082 -0.18004082 -0.18004082 -0.18004082 -0.18004082 -0.18004082
 -0.18004082 -0.18004082 -0.18004082  3.15170737 -0.18004082 -0.18004082
 -0.18004082 -0.18004082 -0.18004082 -0.18004082 -0.18004082 -0.18004082
 -0.18004082 -0.18004082 -0.18004082 -0.18004082  1.90155626 -0.18004082
 -0.18004082 -0.18004082 -0.18004082 -0.18004082 -0.18004082 -0.18004082
  1.38860562  2.83278174 -0.18004082 -0.18004082 -0.18004082  8.56491949
 -0.18004082 -0.18004082 -0.18004082 -0.18004082 -0.18004082 -0.18004082
 -0.18004082 -0.18004082 -0.18004082 -0.18004082 -0.18004082 -0.18004082
 -0.18004082 -0.18004082 -0.18004082 -0.18004082 -0.18004082 -0.18004082
  4.05599434 -0.18004082 -0.18004082 -0.18004082 -0.18004082  5.56247352
 -0.18004082 -0.18004082 -0.18004082 -0.18004082 -0.18004082 -0.18004082
 -0.18004082 -0.18004082 -0.18004082 -0.18004082 -0.18004082 -0.18004082
 -0.18004082 -0.18004082 -0.18004082 -0.18004082 -0.18004082 -0.18004082
 -0.18004082 -0.18004082 -0.18004082 -0.18004082 -0.18004082 -0.18004082
 -0.18004082 -0.18004082 -0.18004082 -0.18004082 -0.18004082 -0.18004082
 -0.18004082 -0.18004082 -0.18004082 -0.18004082 -0.18004082 -0.18004082
 -0.18004082 -0.18004082 -0.18004082 -0.18004082 -0.18004082 -0.18004082
 -0.18004082 -0.18004082 -0.18004082 -0.18004082 -0.18004082 -0.18004082
 -0.18004082 -0.18004082 -0.18004082 -0.18004082 -0.18004082 -0.18004082
 -0.18004082 -0.18004082 -0.18004082 -0.18004082 -0.18004082 -0.18004082
 -0.18004082 -0.18004082 -0.18004082 -0.18004082 -0.18004082 -0.18004082
 -0.18004082 -0.18004082 -0.18004082 -0.18004082 -0.18004082 -0.18004082
 -0.18004082 -0.18004082 -0.18004082 -0.18004082  3.91347425 -0.18004082
 -0.18004082 -0.18004082 -0.18004082 -0.18004082 -0.18004082 -0.18004082
 -0.18004082 -0.18004082 -0.18004082 -0.18004082 -0.18004082 -0.18004082
 -0.18004082 -0.18004082 -0.18004082 -0.18004082 -0.18004082 -0.18004082
 -0.18004082 -0.18004082 -0.18004082 -0.18004082 -0.18004082 -0.18004082
 -0.18004082 -0.18004082 -0.18004082 -0.18004082 -0.18004082 -0.18004082
 -0.18004082 -0.18004082 -0.18004082 -0.18004082  8.0359228  -0.18004082
 -0.18004082 -0.18004082 -0.18004082 -0.18004082 -0.18004082 -0.18004082
 -0.18004082 -0.18004082 -0.18004082 -0.18004082 -0.18004082 -0.18004082
 -0.18004082 -0.18004082 -0.18004082 -0.18004082 -0.18004082 -0.18004082
  4.70536632 -0.18004082 -0.18004082 -0.18004082 -0.18004082 -0.18004082
 -0.18004082 -0.18004082 -0.18004082 -0.18004082 -0.18004082 -0.18004082
 -0.18004082 -0.18004082 -0.18004082 -0.18004082 -0.18004082 -0.18004082
 -0.18004082 -0.18004082  5.19394506 -0.18004082 -0.18004082 -0.18004082
 -0.18004082 -0.18004082 -0.18004082 -0.18004082 -0.18004082 -0.18004082
 -0.18004082 -0.18004082 -0.18004082 -0.18004082 -0.18004082 -0.18004082
 -0.18004082 -0.18004082 -0.18004082 -0.18004082 -0.18004082 -0.18004082
 -0.18004082 -0.18004082 -0.18004082 -0.18004082 -0.18004082 -0.18004082
 -0.18004082 -0.18004082 -0.18004082 -0.18004082 -0.18004082 -0.18004082
 -0.18004082 -0.18004082 -0.18004082 -0.18004082 -0.18004082 -0.18004082
 -0.18004082 -0.18004082 -0.18004082 -0.18004082 -0.18004082 -0.18004082
 -0.18004082 -0.18004082 -0.18004082 -0.18004082 -0.18004082 -0.18004082
 -0.18004082 -0.18004082  9.20599133 -0.18004082]",[-0.05702122533244258]
13,"[-2.50196390e-01 -2.50196390e-01 -2.50196390e-01 -2.50196390e-01
  3.96567441e-03 -2.50196390e-01 -2.50196390e-01 -2.50196390e-01
 -2.50196390e-01 -2.50196390e-01 -2.50196390e-01 -2.50196390e-01
 -2.50196390e-01 -2.50196390e-01 -2.50196390e-01 -2.50196390e-01
 -2.50196390e-01 -2.50196390e-01 -2.50196390e-01 -2.50196390e-01
 -2.50196390e-01 -2.50196390e-01 -2.50196390e-01 -2.50196390e-01
 -2.50196390e-01 -2.50196390e-01 -2.50196390e-01 -2.50196390e-01
 -2.50196390e-01 -2.50196390e-01 -2.50196390e-01 -2.50196390e-01
 -2.50196390e-01 -2.50196390e-01 -2.50196390e-01 -2.50196390e-01
 -2.50196390e-01 -2.50196390e-01 -2.50196390e-01 -2.50196390e-01
 -2.50196390e-01 -2.50196390e-01 -2.50196390e-01 -2.50196390e-01
 -2.50196390e-01 -2.50196390e-01 -2.50196390e-01 -2.50196390e-01
 -2.50196390e-01 -2.50196390e-01 -2.50196390e-01 -2.50196390e-01
 -2.50196390e-01 -2.50196390e-01 -2.50196390e-01 -2.50196390e-01
 -2.50196390e-01 -2.50196390e-01 -2.50196390e-01 -2.50196390e-01
 -2.50196390e-01 -2.50196390e-01 -2.50196390e-01 -2.50196390e-01
 -2.50196390e-01 -2.50196390e-01 -2.50196390e-01 -2.50196390e-01
 -2.50196390e-01 -2.50196390e-01 -2.50196390e-01 -2.50196390e-01
 -2.50196390e-01 -2.50196390e-01 -2.50196390e-01 -2.50196390e-01
 -2.50196390e-01 -2.50196390e-01 -2.50196390e-01 -2.50196390e-01
 -2.50196390e-01 -2.50196390e-01 -2.50196390e-01  5.90068899e+00
 -2.50196390e-01 -2.50196390e-01 -2.50196390e-01 -2.50196390e-01
 -2.50196390e-01  3.75011255e+00 -2.50196390e-01 -2.50196390e-01
  1.98470668e+00 -2.50196390e-01 -2.50196390e-01 -2.50196390e-01
 -2.50196390e-01 -2.50196390e-01 -2.50196390e-01 -2.50196390e-01
 -2.50196390e-01 -2.50196390e-01 -2.50196390e-01 -2.50196390e-01
 -2.50196390e-01 -2.50196390e-01 -2.50196390e-01 -2.50196390e-01
 -2.50196390e-01 -2.50196390e-01  6.87801839e+00 -2.50196390e-01
 -2.50196390e-01 -2.50196390e-01 -2.50196390e-01  3.98000760e+00
  4.71855044e+00 -2.50196390e-01 -2.50196390e-01 -2.50196390e-01
 -2.50196390e-01 -2.50196390e-01 -2.50196390e-01 -2.50196390e-01
  2.76213996e+00 -2.50196390e-01 -2.50196390e-01 -2.50196390e-01
 -2.50196390e-01 -2.50196390e-01 -2.50196390e-01 -2.50196390e-01
 -2.50196390e-01 -2.50196390e-01 -2.50196390e-01 -2.50196390e-01
 -2.50196390e-01 -2.50196390e-01 -2.50196390e-01 -2.50196390e-01
 -2.50196390e-01 -2.50196390e-01 -2.50196390e-01 -2.50196390e-01
 -2.50196390e-01 -2.50196390e-01 -2.50196390e-01 -2.50196390e-01
 -2.50196390e-01 -2.50196390e-01 -2.50196390e-01 -2.50196390e-01
 -2.50196390e-01 -2.50196390e-01 -2.50196390e-01 -2.50196390e-01
 -2.50196390e-01 -2.50196390e-01 -2.50196390e-01 -2.50196390e-01
 -2.50196390e-01 -2.50196390e-01 -2.50196390e-01 -2.50196390e-01
 -2.50196390e-01 -2.50196390e-01 -2.50196390e-01 -2.50196390e-01
 -2.50196390e-01 -2.50196390e-01 -2.50196390e-01 -2.50196390e-01
 -2.50196390e-01 -2.50196390e-01 -2.50196390e-01 -2.50196390e-01
 -2.50196390e-01 -2.50196390e-01 -2.50196390e-01 -2.50196390e-01
 -2.50196390e-01 -2.50196390e-01 -2.50196390e-01 -2.50196390e-01
 -2.50196390e-01 -2.50196390e-01 -2.50196390e-01 -2.50196390e-01
 -2.50196390e-01 -2.50196390e-01 -2.50196390e-01 -2.50196390e-01
 -2.50196390e-01 -2.50196390e-01 -2.50196390e-01 -2.50196390e-01
 -2.50196390e-01 -2.50196390e-01 -2.50196390e-01 -2.50196390e-01
 -2.50196390e-01 -2.50196390e-01 -2.50196390e-01 -2.50196390e-01
 -2.50196390e-01 -2.50196390e-01 -2.50196390e-01 -2.50196390e-01
 -2.50196390e-01 -2.50196390e-01  1.60181747e+00 -2.50196390e-01
  4.06520049e-01 -2.50196390e-01 -2.50196390e-01  1.99889567e+00
 -2.50196390e-01 -2.50196390e-01 -2.50196390e-01 -2.50196390e-01
 -2.50196390e-01 -2.50196390e-01 -2.50196390e-01 -2.50196390e-01
 -2.50196390e-01 -2.50196390e-01 -2.50196390e-01 -2.50196390e-01
 -2.50196390e-01 -2.50196390e-01 -2.50196390e-01  1.08545917e+00
 -2.50196390e-01 -2.50196390e-01 -2.50196390e-01  3.42411653e+00
 -2.50196390e-01  4.66262105e+00  3.68384992e+00 -2.50196390e-01
  3.80733859e+00 -2.50196390e-01  4.16746461e+00 -2.50196390e-01
 -2.50196390e-01 -2.50196390e-01 -2.50196390e-01 -2.50196390e-01
 -2.50196390e-01 -2.50196390e-01 -2.50196390e-01 -2.50196390e-01
 -2.50196390e-01 -2.50196390e-01 -2.50196390e-01  4.43659932e+00
  3.62610727e+00 -2.50196390e-01 -2.50196390e-01 -2.50196390e-01
  3.64006277e+00  2.07632060e+00 -2.50196390e-01  2.03579183e+00
 -2.50196390e-01 -2.50196390e-01 -2.50196390e-01  1.08545917e+00
 -2.50196390e-01 -2.50196390e-01  4.02357681e+00 -2.50196390e-01
  5.32016010e+00 -2.50196390e-01  3.14748739e+00 -2.50196390e-01
 -2.50196390e-01 -2.50196390e-01 -2.50196390e-01 -2.50196390e-01
  3.80681031e+00 -2.50196390e-01 -2.50196390e-01  1.76515203e+00
 -2.50196390e-01 -2.50196390e-01 -2.50196390e-01  4.59384861e+00
 -2.50196390e-01 -2.50196390e-01 -2.50196390e-01 -2.50196390e-01
 -2.50196390e-01 -2.50196390e-01 -2.50196390e-01 -2.50196390e-01
  4.61052289e+00 -2.50196390e-01 -2.50196390e-01 -2.50196390e-01
 -2.50196390e-01 -2.50196390e-01 -2.50196390e-01 -2.50196390e-01
 -2.50196390e-01 -2.50196390e-01  3.32921046e+00 -2.50196390e-01
 -2.50196390e-01 -2.50196390e-01 -2.50196390e-01  1.14670571e+00
 -2.50196390e-01 -2.50196390e-01 -2.50196390e-01 -2.50196390e-01
 -2.50196390e-01 -2.50196390e-01 -2.50196390e-01 -2.50196390e-01
 -2.50196390e-01 -2.50196390e-01 -2.50196390e-01 -2.50196390e-01
 -2.50196390e-01 -2.50196390e-01 -2.50196390e-01 -2.50196390e-01
 -2.50196390e-01 -2.50196390e-01 -2.50196390e-01 -2.50196390e-01
 -2.50196390e-01 -2.50196390e-01 -2.50196390e-01 -2.50196390e-01
 -2.50196390e-01 -2.50196390e-01 -2.50196390e-01 -2.50196390e-01
 -2.50196390e-01 -2.50196390e-01 -2.50196390e-01 -2.50196390e-01
 -2.50196390e-01 -2.50196390e-01 -2.50196390e-01 -2.50196390e-01
 -2.50196390e-01 -2.50196390e-01 -2.50196390e-01 -2.50196390e-01
 -2.50196390e-01 -2.50196390e-01 -2.50196390e-01 -2.50196390e-01
 -2.50196390e-01 -2.50196390e-01 -2.50196390e-01 -2.50196390e-01
 -2.50196390e-01 -2.50196390e-01 -2.50196390e-01 -2.50196390e-01
 -2.50196390e-01 -2.50196390e-01 -2.50196390e-01 -2.50196390e-01
 -2.50196390e-01 -2.50196390e-01 -2.50196390e-01 -2.50196390e-01
 -2.50196390e-01 -2.50196390e-01 -2.50196390e-01 -2.50196390e-01
 -2.50196390e-01 -2.50196390e-01 -2.50196390e-01 -2.50196390e-01
 -2.50196390e-01 -2.50196390e-01 -2.50196390e-01 -2.50196390e-01
 -2.50196390e-01 -2.50196390e-01 -2.50196390e-01 -2.50196390e-01
 -2.50196390e-01 -2.50196390e-01 -2.50196390e-01 -2.50196390e-01
 -2.50196390e-01 -2.50196390e-01 -2.50196390e-01 -2.50196390e-01
 -2.50196390e-01 -2.50196390e-01 -2.50196390e-01 -2.50196390e-01
 -2.50196390e-01 -2.50196390e-01 -2.50196390e-01 -2.50196390e-01
 -2.50196390e-01 -2.50196390e-01 -2.50196390e-01 -2.50196390e-01
 -2.50196390e-01 -2.50196390e-01 -2.50196390e-01 -2.50196390e-01
 -2.50196390e-01 -2.50196390e-01 -2.50196390e-01 -2.50196390e-01
 -2.50196390e-01 -2.50196390e-01 -2.50196390e-01 -2.50196390e-01
 -2.50196390e-01 -2.50196390e-01 -2.50196390e-01 -2.50196390e-01
 -2.50196390e-01  6.32077652e+00 -2.50196390e-01 -2.50196390e-01
 -2.50196390e-01 -2.50196390e-01 -2.50196390e-01 -2.50196390e-01
 -2.50196390e-01 -2.50196390e-01 -2.50196390e-01 -2.50196390e-01
 -2.50196390e-01 -2.50196390e-01 -2.50196390e-01 -2.50196390e-01
 -2.50196390e-01 -2.50196390e-01 -2.50196390e-01 -2.50196390e-01
  4.10993590e+00 -2.50196390e-01 -2.50196390e-01 -2.50196390e-01
 -2.50196390e-01 -2.50196390e-01 -2.50196390e-01 -2.50196390e-01
 -2.50196390e-01 -2.50196390e-01 -2.50196390e-01 -2.50196390e-01
 -2.50196390e-01 -2.50196390e-01 -2.50196390e-01 -2.50196390e-01
 -2.50196390e-01 -2.50196390e-01 -2.50196390e-01 -2.50196390e-01
  3.30908580e+00 -2.50196390e-01 -2.50196390e-01 -2.50196390e-01
 -2.50196390e-01 -2.50196390e-01 -2.50196390e-01 -2.50196390e-01
 -2.50196390e-01 -2.50196390e-01 -2.50196390e-01 -2.50196390e-01
 -2.50196390e-01 -2.50196390e-01 -2.50196390e-01 -2.50196390e-01
 -2.50196390e-01 -2.50196390e-01 -2.50196390e-01 -2.50196390e-01
 -2.50196390e-01 -2.50196390e-01 -2.50196390e-01  2.12234881e+00
 -2.50196390e-01 -2.50196390e-01 -2.50196390e-01 -2.50196390e-01
 -2.50196390e-01 -2.50196390e-01 -2.50196390e-01 -2.50196390e-01
 -2.50196390e-01 -2.50196390e-01 -2.50196390e-01 -2.50196390e-01
 -2.50196390e-01 -2.50196390e-01 -2.50196390e-01 -2.50196390e-01
 -2.50196390e-01 -2.50196390e-01 -2.50196390e-01 -2.50196390e-01
 -2.50196390e-01 -2.50196390e-01 -2.50196390e-01 -2.50196390e-01
 -2.50196390e-01 -2.50196390e-01 -2.50196390e-01 -2.50196390e-01
 -2.50196390e-01 -2.50196390e-01  1.52262095e+00 -2.50196390e-01]",[-0.009244117325029721]
13,"[-0.20454697 -0.20454697 -0.20454697 -0.20454697 -0.20454697 -0.20454697
 -0.20454697 -0.20454697 -0.20454697 -0.20454697 -0.20454697 -0.20454697
 -0.20454697 -0.20454697 -0.20454697 -0.20454697 -0.20454697 -0.20454697
 -0.20454697 -0.20454697 -0.20454697 -0.20454697 -0.20454697 -0.20454697
 -0.20454697 -0.20454697 -0.20454697 -0.20454697 -0.20454697 -0.20454697
 -0.20454697 -0.20454697 -0.20454697 -0.20454697 -0.20454697 -0.20454697
 -0.20454697 -0.20454697 -0.20454697 -0.20454697 -0.20454697 -0.20454697
 -0.20454697 -0.20454697 -0.20454697 -0.20454697 -0.20454697 -0.20454697
 -0.20454697 -0.20454697 -0.20454697 -0.20454697 -0.20454697 -0.20454697
 -0.20454697 -0.20454697 -0.20454697 -0.20454697 -0.20454697 -0.20454697
 -0.20454697 -0.20454697 -0.20454697 -0.20454697 -0.20454697 -0.20454697
 -0.20454697 -0.20454697 -0.20454697 -0.20454697 -0.20454697 -0.20454697
 -0.20454697 -0.20454697 -0.20454697 -0.20454697 -0.20454697 -0.20454697
 -0.20454697 -0.20454697 -0.20454697 -0.20454697 -0.20454697  6.20252479
 -0.20454697 -0.20454697 -0.20454697 -0.20454697 -0.20454697 -0.20454697
 -0.20454697 -0.20454697  2.32481458 -0.20454697 -0.20454697 -0.20454697
 -0.20454697 -0.20454697 -0.20454697 -0.20454697 -0.20454697 -0.20454697
 -0.20454697 -0.20454697 -0.20454697 -0.20454697  0.16684627 -0.20454697
 -0.20454697 -0.20454697  7.36220542 -0.20454697 -0.20454697 -0.20454697
  1.70676608 -0.20454697 -0.20454697 -0.20454697 -0.20454697 -0.20454697
 -0.20454697 -0.20454697 -0.20454697 -0.20454697 -0.20454697 -0.20454697
 -0.20454697 -0.20454697 -0.20454697 -0.20454697 -0.20454697 -0.20454697
 -0.20454697 -0.20454697 -0.20454697 -0.20454697 -0.20454697 -0.20454697
 -0.20454697 -0.20454697 -0.20454697 -0.20454697 -0.20454697 -0.20454697
 -0.20454697 -0.20454697 -0.20454697 -0.20454697 -0.20454697 -0.20454697
 -0.20454697 -0.20454697 -0.20454697 -0.20454697 -0.20454697 -0.20454697
 -0.20454697 -0.20454697 -0.20454697 -0.20454697 -0.20454697 -0.20454697
 -0.20454697  0.53460449 -0.20454697 -0.20454697 -0.20454697 -0.20454697
 -0.20454697 -0.20454697 -0.20454697 -0.20454697 -0.20454697 -0.20454697
 -0.20454697 -0.20454697 -0.20454697 -0.20454697 -0.20454697 -0.20454697
 -0.20454697 -0.20454697 -0.20454697 -0.20454697 -0.20454697 -0.20454697
 -0.20454697 -0.20454697 -0.20454697 -0.20454697 -0.20454697 -0.20454697
 -0.20454697 -0.20454697 -0.20454697 -0.20454697 -0.20454697 -0.20454697
 -0.20454697 -0.20454697 -0.20454697 -0.20454697 -0.20454697 -0.20454697
 -0.20454697 -0.20454697 -0.20454697 -0.20454697 -0.20454697 -0.20454697
  1.50653547 -0.20454697 -0.20454697 -0.20454697 -0.20454697  3.65230011
 -0.20454697 -0.20454697 -0.20454697 -0.20454697 -0.20454697 -0.20454697
 -0.20454697 -0.20454697 -0.20454697 -0.20454697 -0.20454697 -0.20454697
 -0.20454697 -0.20454697 -0.20454697 -0.20454697 -0.20454697 -0.20454697
 -0.20454697  3.47398755 -0.20454697  2.55972154 -0.20454697 -0.20454697
  5.39069882 -0.20454697 -0.20454697 -0.20454697 -0.20454697 -0.20454697
 -0.20454697 -0.20454697 -0.20454697 -0.20454697 -0.20454697 -0.20454697
 -0.20454697 -0.20454697 -0.20454697 -0.20454697 -0.20454697 -0.20454697
 -0.20454697 -0.20454697  3.12801836  5.02976599 -0.20454697  0.71133305
 -0.20454697 -0.20454697 -0.20454697  2.43402172 -0.20454697 -0.20454697
 -0.20454697 -0.20454697 -0.20454697 -0.20454697  3.78715926 -0.20454697
 -0.20454697  3.11615046 -0.20454697 -0.20454697 -0.20454697 -0.20454697
  3.24219994 -0.20454697 -0.20454697 -0.20454697 -0.20454697  6.2178233
  3.92160172 -0.20454697 -0.20454697 -0.20454697 -0.20454697 -0.20454697
 -0.20454697  7.5491927  -0.20454697 -0.20454697 -0.20454697 -0.20454697
 -0.20454697 -0.20454697 -0.20454697 -0.20454697 -0.20454697 -0.20454697
 -0.20454697 -0.20454697 -0.20454697 -0.20454697 -0.20454697  5.40553422
 -0.20454697 -0.20454697 -0.20454697 -0.20454697 -0.20454697 -0.20454697
 -0.20454697 -0.20454697 -0.20454697 -0.20454697 -0.20454697 -0.20454697
 -0.20454697 -0.20454697 -0.20454697 -0.20454697 -0.20454697 -0.20454697
 -0.20454697 -0.20454697 -0.20454697 -0.20454697 -0.20454697 -0.20454697
 -0.20454697 -0.20454697 -0.20454697 -0.20454697 -0.20454697 -0.20454697
 -0.20454697 -0.20454697 -0.20454697 -0.20454697 -0.20454697 -0.20454697
 -0.20454697 -0.20454697 -0.20454697 -0.20454697 -0.20454697 -0.20454697
 -0.20454697 -0.20454697 -0.20454697 -0.20454697 -0.20454697 -0.20454697
 -0.20454697 -0.20454697 -0.20454697 -0.20454697 -0.20454697 -0.20454697
 -0.20454697 -0.20454697 -0.20454697 -0.20454697 -0.20454697 -0.20454697
 -0.20454697 -0.20454697 -0.20454697 -0.20454697 -0.20454697 -0.20454697
 -0.20454697 -0.20454697 -0.20454697 -0.20454697 -0.20454697 -0.20454697
 -0.20454697 -0.20454697 -0.20454697 -0.20454697 -0.20454697 -0.20454697
 -0.20454697 -0.20454697 -0.20454697 -0.20454697 -0.20454697 -0.20454697
 -0.20454697 -0.20454697 -0.20454697 -0.20454697 -0.20454697 -0.20454697
 -0.20454697 -0.20454697 -0.20454697 -0.20454697 -0.20454697 -0.20454697
 -0.20454697 -0.20454697 -0.20454697 -0.20454697 -0.20454697 -0.20454697
 -0.20454697 -0.20454697 -0.20454697 -0.20454697 -0.20454697 -0.20454697
 -0.20454697 -0.20454697 -0.20454697 -0.20454697 -0.20454697  5.41838771
 -0.20454697 -0.20454697 -0.20454697 -0.20454697 -0.20454697 -0.20454697
 -0.20454697 -0.20454697 -0.20454697 -0.20454697 -0.20454697 -0.20454697
 -0.20454697 -0.20454697 -0.20454697 -0.20454697 -0.20454697 -0.20454697
 -0.20454697 -0.20454697 -0.20454697 -0.20454697 -0.20454697 -0.20454697
 -0.20454697 -0.20454697 -0.20454697 -0.20454697 -0.20454697 -0.20454697
 -0.20454697 -0.20454697 -0.20454697 -0.20454697 -0.20454697 -0.20454697
 -0.20454697 -0.20454697  5.03248978 -0.20454697 -0.20454697 -0.20454697
 -0.20454697 -0.20454697 -0.20454697 -0.20454697 -0.20454697 -0.20454697
 -0.20454697 -0.20454697 -0.20454697 -0.20454697 -0.20454697 -0.20454697
 -0.20454697 -0.20454697 -0.20454697 -0.20454697 -0.20454697 -0.20454697
 -0.20454697  4.77271927 -0.20454697 -0.20454697 -0.20454697 -0.20454697
 -0.20454697 -0.20454697 -0.20454697 -0.20454697 -0.20454697 -0.20454697
 -0.20454697 -0.20454697 -0.20454697 -0.20454697 -0.20454697 -0.20454697
 -0.20454697 -0.20454697 -0.20454697 -0.20454697 -0.20454697 -0.20454697
 -0.20454697 -0.20454697 -0.20454697 -0.20454697 -0.20454697 -0.20454697
 -0.20454697 -0.20454697  6.39880227 -0.20454697]",[-0.04008787142744952]
13,"[-0.23840805 -0.23840805 -0.23840805 -0.23840805 -0.09373953 -0.23840805
 -0.23840805 -0.23840805 -0.23840805 -0.23840805 -0.23840805 -0.23840805
 -0.23840805 -0.23840805 -0.23840805 -0.23840805 -0.23840805 -0.23840805
 -0.23840805 -0.23840805 -0.23840805 -0.23840805 -0.23840805 -0.23840805
 -0.23840805 -0.23840805 -0.23840805 -0.23840805 -0.23840805 -0.23840805
 -0.23840805 -0.23840805 -0.23840805 -0.23840805 -0.23840805 -0.23840805
 -0.23840805 -0.23840805 -0.23840805 -0.23840805 -0.23840805 -0.23840805
 -0.23840805 -0.23840805 -0.23840805 -0.23840805 -0.23840805 -0.23840805
 -0.23840805 -0.23840805 -0.23840805 -0.23840805 -0.23840805 -0.23840805
 -0.23840805 -0.23840805 -0.23840805 -0.23840805 -0.23840805 -0.23840805
 -0.23840805 -0.23840805 -0.23840805 -0.23840805 -0.23840805 -0.23840805
 -0.23840805 -0.23840805 -0.23840805 -0.23840805 -0.23840805 -0.23840805
 -0.23840805 -0.23840805 -0.23840805 -0.23840805 -0.23840805 -0.23840805
 -0.23840805 -0.23840805 -0.23840805 -0.23840805 -0.23840805  5.79297661
 -0.23840805 -0.23840805 -0.23840805 -0.23840805 -0.23840805 -0.23840805
 -0.23840805 -0.23840805 -0.23840805 -0.23840805 -0.23840805 -0.23840805
 -0.23840805 -0.23840805 -0.23840805 -0.23840805 -0.23840805 -0.23840805
 -0.23840805 -0.23840805 -0.23840805 -0.23840805 -0.23840805 -0.23840805
 -0.23840805 -0.23840805  6.70058628 -0.23840805 -0.23840805 -0.23840805
 -0.23840805 -0.23840805 -0.23840805 -0.23840805 -0.23840805 -0.23840805
 -0.23840805 -0.23840805 -0.23840805  0.07975022 -0.23840805 -0.23840805
 -0.23840805 -0.23840805 -0.23840805 -0.23840805 -0.23840805 -0.23840805
 -0.23840805 -0.23840805 -0.23840805 -0.23840805 -0.23840805 -0.23840805
 -0.23840805 -0.23840805 -0.23840805 -0.23840805 -0.23840805 -0.23840805
 -0.23840805 -0.23840805 -0.23840805 -0.23840805 -0.23840805 -0.23840805
 -0.23840805 -0.23840805 -0.23840805 -0.23840805 -0.23840805 -0.23840805
 -0.23840805 -0.23840805 -0.23840805 -0.23840805 -0.23840805 -0.23840805
 -0.23840805 -0.11915568 -0.23840805 -0.23840805 -0.23840805 -0.23840805
 -0.23840805 -0.23840805 -0.23840805 -0.23840805 -0.23840805 -0.23840805
 -0.23840805 -0.23840805 -0.23840805 -0.23840805 -0.23840805 -0.23840805
 -0.23840805 -0.23840805 -0.23840805 -0.23840805 -0.23840805 -0.23840805
 -0.23840805 -0.23840805 -0.23840805 -0.23840805 -0.23840805 -0.23840805
 -0.23840805 -0.23840805 -0.23840805 -0.23840805 -0.23840805 -0.23840805
 -0.23840805 -0.23840805 -0.23840805 -0.23840805 -0.23840805 -0.23840805
 -0.23840805 -0.23840805 -0.23840805 -0.23840805  2.0032974  -0.23840805
  3.94196511 -0.23840805  0.88306904 -0.23840805 -0.23840805  2.36296158
 -0.23840805 -0.23840805 -0.23840805 -0.23840805 -0.23840805 -0.23840805
 -0.23840805 -0.23840805 -0.23840805 -0.23840805 -0.23840805 -0.23840805
 -0.23840805 -0.23840805 -0.23840805 -0.23840805 -0.23840805 -0.23840805
 -0.23840805  4.09874227 -0.23840805  3.70706525  3.57170396 -0.23840805
  4.03695966  0.77331882 -0.23840805 -0.23840805 -0.23840805 -0.23840805
 -0.23840805 -0.23840805 -0.23840805 -0.23840805 -0.23840805  3.73456961
 -0.23840805 -0.23840805 -0.23840805  4.20244643  4.72277594 -0.23840805
 -0.23840805 -0.23840805  4.07610098  2.80746841 -0.23840805  0.9089282
 -0.23840805 -0.23840805 -0.23840805 -0.23840805 -0.23840805 -0.23840805
 -0.23840805 -0.23840805  5.0505579  -0.23840805  1.89755047 -0.23840805
 -0.23840805  0.27493296 -0.23840805 -0.23840805  1.57505247 -0.23840805
  2.0032974   1.94484938 -0.23840805 -0.23840805  5.85257625  2.79098008
  1.6657991  -0.23840805 -0.23840805 -0.23840805 -0.23840805  1.50491154
 -0.23840805  4.74996362 -0.23840805 -0.23840805 -0.23840805 -0.23840805
 -0.23840805 -0.23840805 -0.23840805 -0.23840805  4.91409221 -0.23840805
 -0.23840805 -0.23840805 -0.23840805 -0.23840805 -0.23840805 -0.23840805
 -0.23840805 -0.23840805 -0.23840805 -0.23840805 -0.23840805 -0.23840805
 -0.23840805 -0.23840805 -0.23840805 -0.23840805 -0.23840805 -0.23840805
 -0.23840805 -0.23840805 -0.23840805 -0.23840805 -0.23840805 -0.23840805
 -0.23840805 -0.23840805 -0.23840805 -0.23840805 -0.23840805 -0.23840805
 -0.23840805 -0.23840805 -0.23840805 -0.23840805 -0.23840805 -0.23840805
 -0.23840805 -0.23840805 -0.23840805 -0.23840805 -0.23840805 -0.23840805
 -0.23840805 -0.23840805 -0.23840805 -0.23840805 -0.23840805 -0.23840805
 -0.23840805 -0.23840805 -0.23840805 -0.23840805 -0.23840805 -0.23840805
 -0.23840805 -0.23840805 -0.23840805 -0.23840805 -0.23840805 -0.23840805
 -0.23840805 -0.23840805 -0.23840805 -0.23840805 -0.23840805 -0.23840805
 -0.23840805 -0.23840805 -0.23840805 -0.23840805 -0.23840805 -0.23840805
 -0.23840805 -0.23840805 -0.23840805 -0.23840805 -0.23840805 -0.23840805
 -0.23840805 -0.23840805 -0.23840805 -0.23840805 -0.23840805 -0.23840805
 -0.23840805 -0.23840805 -0.23840805 -0.23840805 -0.23840805 -0.23840805
 -0.23840805 -0.23840805 -0.23840805 -0.23840805 -0.23840805 -0.23840805
 -0.23840805 -0.23840805 -0.23840805 -0.23840805 -0.23840805 -0.23840805
 -0.23840805 -0.23840805 -0.23840805 -0.23840805 -0.23840805 -0.23840805
 -0.23840805 -0.23840805 -0.23840805 -0.23840805 -0.23840805 -0.23840805
 -0.23840805 -0.23840805 -0.23840805 -0.23840805 -0.23840805 -0.23840805
 -0.23840805 -0.23840805 -0.23840805 -0.23840805 -0.23840805 -0.23840805
 -0.23840805 -0.23840805 -0.23840805 -0.23840805 -0.23840805 -0.23840805
 -0.23840805 -0.23840805 -0.23840805 -0.23840805 -0.23840805 -0.23840805
  2.80746841 -0.23840805 -0.23840805 -0.23840805 -0.23840805 -0.23840805
 -0.23840805 -0.23840805 -0.23840805 -0.23840805 -0.23840805 -0.23840805
 -0.23840805 -0.23840805 -0.23840805 -0.23840805 -0.23840805 -0.23840805
 -0.23840805 -0.23840805  3.21019176 -0.23840805 -0.23840805 -0.23840805
  4.16436118 -0.23840805 -0.23840805 -0.23840805 -0.23840805 -0.23840805
 -0.23840805 -0.23840805 -0.23840805 -0.23840805 -0.23840805 -0.23840805
 -0.23840805 -0.23840805 -0.23840805 -0.23840805 -0.23840805 -0.23840805
 -0.23840805  5.51837708 -0.23840805 -0.23840805 -0.23840805 -0.23840805
 -0.23840805 -0.23840805 -0.23840805 -0.23840805 -0.23840805 -0.23840805
 -0.23840805 -0.23840805 -0.23840805 -0.23840805 -0.23840805 -0.23840805
 -0.23840805 -0.23840805 -0.23840805 -0.23840805 -0.23840805 -0.23840805
 -0.23840805 -0.23840805 -0.23840805 -0.23840805 -0.23840805 -0.23840805
 -0.23840805 -0.23840805  7.03433388 -0.23840805]",[0.02567987258808513]
13,"[-0.21912804 -0.21912804 -0.21912804 -0.21912804 -0.21912804 -0.21912804
 -0.21912804 -0.21912804 -0.21912804 -0.21912804 -0.21912804 -0.21912804
 -0.21912804 -0.21912804 -0.21912804 -0.21912804 -0.21912804 -0.21912804
 -0.21912804 -0.21912804 -0.21912804 -0.21912804 -0.21912804 -0.21912804
 -0.21912804 -0.21912804 -0.21912804 -0.21912804 -0.21912804 -0.21912804
 -0.21912804 -0.21912804 -0.21912804 -0.21912804 -0.21912804 -0.21912804
 -0.21912804 -0.21912804 -0.21912804 -0.21912804 -0.21912804 -0.21912804
 -0.21912804 -0.21912804 -0.21912804 -0.21912804 -0.21912804 -0.21912804
 -0.21912804 -0.21912804 -0.21912804 -0.21912804 -0.21912804 -0.21912804
 -0.21912804 -0.21912804 -0.21912804 -0.21912804 -0.21912804 -0.21912804
 -0.21912804 -0.21912804 -0.21912804 -0.21912804 -0.21912804 -0.21912804
 -0.21912804 -0.21912804 -0.21912804 -0.21912804 -0.21912804 -0.21912804
 -0.21912804 -0.21912804 -0.21912804 -0.21912804 -0.21912804 -0.21912804
 -0.21912804  4.00754516 -0.21912804 -0.21912804 -0.21912804  5.12275447
 -0.21912804 -0.21912804 -0.21912804 -0.21912804 -0.21912804 -0.21912804
 -0.21912804 -0.21912804  2.02769869 -0.21912804 -0.21912804 -0.21912804
 -0.21912804 -0.21912804 -0.21912804 -0.21912804 -0.21912804 -0.21912804
 -0.21912804 -0.21912804 -0.21912804 -0.21912804 -0.21912804 -0.21912804
 -0.21912804 -0.21912804  0.59516001 -0.21912804 -0.21912804 -0.21912804
 -0.21912804 -0.21912804 -0.21912804 -0.21912804 -0.21912804 -0.21912804
 -0.21912804 -0.21912804 -0.21912804 -0.21912804 -0.21912804 -0.21912804
 -0.21912804 -0.21912804 -0.21912804 -0.21912804 -0.21912804 -0.21912804
 -0.21912804 -0.21912804 -0.21912804 -0.21912804 -0.21912804 -0.21912804
 -0.21912804 -0.21912804 -0.21912804 -0.21912804 -0.21912804 -0.21912804
 -0.21912804 -0.21912804 -0.21912804 -0.21912804 -0.21912804 -0.21912804
 -0.21912804 -0.21912804 -0.21912804 -0.21912804 -0.21912804 -0.21912804
 -0.21912804 -0.21912804 -0.21912804 -0.21912804 -0.21912804 -0.21912804
 -0.21912804 -0.21912804 -0.21912804 -0.21912804 -0.21912804 -0.21912804
 -0.21912804 -0.21912804 -0.21912804 -0.21912804 -0.21912804 -0.21912804
 -0.21912804 -0.21912804 -0.21912804 -0.21912804 -0.21912804 -0.21912804
 -0.21912804 -0.21912804 -0.21912804 -0.21912804 -0.21912804 -0.21912804
 -0.21912804 -0.21912804 -0.21912804 -0.21912804  3.36830712 -0.21912804
 -0.21912804 -0.21912804 -0.21912804 -0.21912804 -0.21912804 -0.21912804
 -0.21912804 -0.21912804 -0.21912804 -0.21912804 -0.21912804  0.21434998
 -0.21912804 -0.21912804 -0.21912804 -0.21912804 -0.21912804 -0.21912804
  2.61100864 -0.21912804  3.78356853 -0.21912804 -0.21912804  5.14436222
 -0.21912804 -0.21912804 -0.21912804 -0.21912804 -0.21912804 -0.21912804
 -0.21912804  0.21434998 -0.21912804 -0.21912804 -0.21912804 -0.21912804
 -0.21912804 -0.21912804 -0.21912804 -0.21912804 -0.21912804 -0.21912804
 -0.21912804  4.13659745 -0.21912804  3.01612962  3.48249213 -0.21912804
  5.03839932 -0.21912804  2.65365303 -0.21912804 -0.21912804 -0.21912804
 -0.21912804 -0.21912804 -0.21912804 -0.21912804 -0.21912804 -0.21912804
 -0.21912804 -0.21912804 -0.21912804  6.44933931 -0.21912804 -0.21912804
 -0.21912804 -0.21912804  6.05714593  4.10523768 -0.21912804 -0.21912804
 -0.21912804 -0.21912804 -0.21912804 -0.21912804  0.67618573 -0.21912804
 -0.21912804 -0.21912804 -0.21912804 -0.21912804  3.31277411 -0.21912804
 -0.21912804 -0.21912804 -0.21912804 -0.21912804 -0.21912804 -0.21912804
 -0.21912804  5.79894412 -0.21912804 -0.21912804 -0.21912804  5.60922322
 -0.21912804 -0.21912804 -0.21912804 -0.21912804 -0.21912804  2.78322789
 -0.21912804 -0.21912804 -0.21912804 -0.21912804 -0.21912804 -0.21912804
 -0.21912804 -0.21912804 -0.21912804 -0.21912804 -0.21912804 -0.21912804
 -0.21912804 -0.21912804 -0.21912804 -0.21912804 -0.21912804  5.09677315
 -0.21912804 -0.21912804 -0.21912804 -0.21912804 -0.21912804 -0.21912804
 -0.21912804 -0.21912804 -0.21912804 -0.21912804 -0.21912804 -0.21912804
 -0.21912804 -0.21912804 -0.21912804 -0.21912804 -0.21912804 -0.21912804
 -0.21912804 -0.21912804 -0.21912804 -0.21912804 -0.21912804 -0.21912804
 -0.21912804 -0.21912804 -0.21912804 -0.21912804 -0.21912804 -0.21912804
 -0.21912804 -0.21912804 -0.21912804 -0.21912804 -0.21912804 -0.21912804
 -0.21912804 -0.21912804 -0.21912804 -0.21912804 -0.21912804 -0.21912804
 -0.21912804 -0.21912804 -0.21912804 -0.21912804 -0.21912804 -0.21912804
 -0.21912804 -0.21912804 -0.21912804 -0.21912804 -0.21912804 -0.21912804
 -0.21912804 -0.21912804 -0.21912804 -0.21912804 -0.21912804 -0.21912804
 -0.21912804 -0.21912804 -0.21912804 -0.21912804 -0.21912804 -0.21912804
 -0.21912804 -0.21912804 -0.21912804 -0.21912804 -0.21912804 -0.21912804
 -0.21912804 -0.21912804 -0.21912804 -0.21912804 -0.21912804 -0.21912804
 -0.21912804 -0.21912804 -0.21912804 -0.21912804 -0.21912804 -0.21912804
 -0.21912804 -0.21912804 -0.21912804 -0.21912804 -0.21912804 -0.21912804
 -0.21912804 -0.21912804 -0.21912804 -0.21912804 -0.21912804 -0.21912804
 -0.21912804 -0.21912804 -0.21912804 -0.21912804 -0.21912804 -0.21912804
 -0.21912804 -0.21912804 -0.21912804 -0.21912804 -0.21912804 -0.21912804
 -0.21912804 -0.21912804 -0.21912804 -0.21912804 -0.21912804 -0.21912804
 -0.21912804 -0.21912804 -0.21912804 -0.21912804 -0.21912804 -0.21912804
 -0.21912804 -0.21912804 -0.21912804 -0.21912804 -0.21912804 -0.21912804
 -0.21912804 -0.21912804 -0.21912804 -0.21912804 -0.21912804 -0.21912804
 -0.21912804 -0.21912804 -0.21912804 -0.21912804 -0.21912804 -0.21912804
 -0.21912804 -0.21912804 -0.21912804 -0.21912804 -0.21912804 -0.21912804
 -0.21912804 -0.21912804 -0.21912804 -0.21912804 -0.21912804 -0.21912804
 -0.21912804 -0.21912804  6.59380349 -0.21912804 -0.21912804 -0.21912804
  6.44052623 -0.21912804 -0.21912804 -0.21912804 -0.21912804 -0.21912804
 -0.21912804 -0.21912804 -0.21912804 -0.21912804 -0.21912804 -0.21912804
 -0.21912804 -0.21912804 -0.21912804 -0.21912804 -0.21912804 -0.21912804
 -0.21912804  3.38274499 -0.21912804 -0.21912804 -0.21912804  2.28405926
 -0.21912804 -0.21912804 -0.21912804 -0.21912804 -0.21912804 -0.21912804
 -0.21912804 -0.21912804 -0.21912804 -0.21912804 -0.21912804 -0.21912804
 -0.21912804  3.58550512 -0.21912804 -0.21912804 -0.21912804 -0.21912804
 -0.21912804 -0.21912804 -0.21912804 -0.21912804 -0.21912804 -0.21912804
 -0.21912804 -0.21912804 -0.21912804 -0.21912804]",[-0.007470088868901575]
13,"[-0.23129105 -0.23129105 -0.23129105 -0.23129105 -0.23129105 -0.23129105
 -0.23129105 -0.23129105 -0.23129105 -0.23129105 -0.23129105 -0.23129105
 -0.23129105 -0.23129105 -0.23129105 -0.23129105 -0.23129105 -0.23129105
 -0.23129105 -0.23129105 -0.23129105 -0.23129105 -0.23129105 -0.23129105
 -0.23129105 -0.23129105 -0.23129105 -0.23129105 -0.23129105 -0.23129105
 -0.23129105 -0.23129105 -0.23129105 -0.23129105 -0.23129105 -0.23129105
 -0.23129105 -0.23129105 -0.23129105 -0.23129105 -0.23129105 -0.23129105
 -0.23129105 -0.23129105 -0.23129105 -0.23129105 -0.23129105 -0.23129105
 -0.23129105 -0.23129105 -0.23129105 -0.23129105 -0.23129105 -0.23129105
 -0.23129105 -0.23129105 -0.23129105 -0.23129105 -0.23129105 -0.23129105
 -0.23129105 -0.23129105 -0.23129105 -0.23129105 -0.23129105 -0.23129105
 -0.23129105 -0.23129105 -0.23129105 -0.23129105 -0.23129105 -0.23129105
 -0.23129105 -0.23129105 -0.23129105 -0.23129105 -0.23129105 -0.23129105
 -0.23129105 -0.23129105 -0.23129105 -0.23129105 -0.23129105  1.42694309
 -0.23129105 -0.23129105 -0.23129105 -0.23129105 -0.23129105 -0.23129105
 -0.23129105 -0.23129105  1.61208958 -0.23129105 -0.23129105 -0.23129105
 -0.23129105 -0.23129105 -0.23129105 -0.23129105 -0.23129105 -0.23129105
 -0.23129105 -0.23129105 -0.23129105 -0.23129105 -0.23129105 -0.23129105
 -0.23129105 -0.23129105  7.06794699 -0.23129105 -0.23129105 -0.23129105
  3.09295062 -0.23129105 -0.23129105 -0.23129105 -0.23129105 -0.23129105
 -0.23129105 -0.23129105 -0.23129105  1.75180394  3.46912882 -0.23129105
 -0.23129105 -0.23129105 -0.23129105 -0.23129105 -0.23129105 -0.23129105
 -0.23129105 -0.23129105 -0.23129105 -0.23129105 -0.23129105 -0.23129105
 -0.23129105 -0.23129105 -0.23129105 -0.23129105 -0.23129105 -0.23129105
 -0.23129105 -0.23129105 -0.23129105 -0.23129105 -0.23129105 -0.23129105
 -0.23129105 -0.23129105 -0.23129105 -0.23129105 -0.23129105 -0.23129105
 -0.23129105 -0.23129105 -0.23129105 -0.23129105 -0.23129105 -0.23129105
 -0.23129105  2.53736592 -0.23129105 -0.23129105 -0.23129105 -0.23129105
 -0.23129105 -0.23129105 -0.23129105 -0.23129105 -0.23129105 -0.23129105
 -0.23129105 -0.23129105 -0.23129105 -0.23129105 -0.23129105 -0.23129105
 -0.23129105 -0.23129105 -0.23129105 -0.23129105 -0.23129105 -0.23129105
 -0.23129105 -0.23129105 -0.23129105 -0.23129105 -0.23129105 -0.23129105
 -0.23129105 -0.23129105 -0.23129105 -0.23129105 -0.23129105 -0.23129105
 -0.23129105 -0.23129105  1.23996315 -0.23129105 -0.23129105 -0.23129105
 -0.23129105 -0.23129105 -0.23129105 -0.23129105 -0.23129105 -0.23129105
  0.65571628 -0.23129105 -0.23129105 -0.23129105 -0.23129105 -0.23129105
 -0.23129105 -0.23129105 -0.23129105 -0.23129105 -0.23129105 -0.23129105
 -0.23129105 -0.23129105 -0.23129105 -0.23129105 -0.23129105 -0.23129105
 -0.23129105 -0.23129105 -0.23129105 -0.23129105 -0.23129105 -0.23129105
 -0.23129105  2.3548243  -0.23129105 -0.23129105  3.62813984 -0.23129105
  3.28669186 -0.23129105 -0.23129105 -0.23129105 -0.23129105 -0.23129105
 -0.23129105 -0.23129105 -0.23129105 -0.23129105 -0.23129105 -0.23129105
 -0.23129105 -0.23129105 -0.23129105  5.39212521 -0.23129105 -0.23129105
 -0.23129105 -0.23129105  3.09295062 -0.23129105 -0.23129105  0.76147999
 -0.23129105 -0.23129105 -0.23129105  2.64773249 -0.23129105 -0.23129105
  2.62152984 -0.23129105  4.43003271 -0.23129105  2.68842959 -0.23129105
 -0.23129105  1.56050351 -0.23129105 -0.23129105  1.90482428 -0.23129105
 -0.23129105  2.45268953 -0.23129105 -0.23129105 -0.23129105  5.55562612
  1.74049491 -0.23129105 -0.23129105 -0.23129105 -0.23129105  1.04233851
 -0.23129105 -0.23129105  5.94246724 -0.23129105 -0.23129105 -0.23129105
 -0.23129105 -0.23129105 -0.23129105 -0.23129105  2.56436728 -0.23129105
  6.50039404 -0.23129105 -0.23129105 -0.23129105 -0.23129105 -0.23129105
 -0.23129105 -0.23129105 -0.23129105 -0.23129105 -0.23129105 -0.23129105
 -0.23129105 -0.23129105 -0.23129105 -0.23129105 -0.23129105 -0.23129105
 -0.23129105 -0.23129105 -0.23129105 -0.23129105 -0.23129105 -0.23129105
 -0.23129105 -0.23129105 -0.23129105 -0.23129105 -0.23129105 -0.23129105
 -0.23129105 -0.23129105 -0.23129105 -0.23129105 -0.23129105 -0.23129105
 -0.23129105 -0.23129105 -0.23129105 -0.23129105 -0.23129105 -0.23129105
 -0.23129105 -0.23129105 -0.23129105 -0.23129105 -0.23129105 -0.23129105
 -0.23129105 -0.23129105 -0.23129105 -0.23129105 -0.23129105 -0.23129105
 -0.23129105 -0.23129105 -0.23129105 -0.23129105 -0.23129105 -0.23129105
 -0.23129105 -0.23129105 -0.23129105 -0.23129105 -0.23129105 -0.23129105
 -0.23129105 -0.23129105 -0.23129105 -0.23129105 -0.23129105 -0.23129105
 -0.23129105 -0.23129105 -0.23129105 -0.23129105 -0.23129105 -0.23129105
 -0.23129105 -0.23129105 -0.23129105 -0.23129105 -0.23129105 -0.23129105
 -0.23129105 -0.23129105 -0.23129105 -0.23129105 -0.23129105 -0.23129105
 -0.23129105 -0.23129105 -0.23129105 -0.23129105 -0.23129105 -0.23129105
 -0.23129105 -0.23129105 -0.23129105 -0.23129105 -0.23129105 -0.23129105
 -0.23129105 -0.23129105 -0.23129105 -0.23129105 -0.23129105 -0.23129105
 -0.23129105 -0.23129105 -0.23129105 -0.23129105 -0.23129105 -0.23129105
 -0.23129105 -0.23129105 -0.23129105 -0.23129105  6.39425789 -0.23129105
 -0.23129105 -0.23129105 -0.23129105 -0.23129105 -0.23129105 -0.23129105
 -0.23129105 -0.23129105 -0.23129105 -0.23129105 -0.23129105 -0.23129105
 -0.23129105 -0.23129105 -0.23129105 -0.23129105 -0.23129105 -0.23129105
  3.77943476 -0.23129105 -0.23129105 -0.23129105 -0.23129105 -0.23129105
 -0.23129105 -0.23129105 -0.23129105 -0.23129105 -0.23129105 -0.23129105
 -0.23129105 -0.23129105 -0.23129105 -0.23129105 -0.23129105 -0.23129105
 -0.23129105 -0.23129105  3.06120871 -0.23129105 -0.23129105 -0.23129105
  7.8679266  -0.23129105 -0.23129105 -0.23129105 -0.23129105 -0.23129105
 -0.23129105 -0.23129105 -0.23129105 -0.23129105 -0.23129105 -0.23129105
 -0.23129105 -0.23129105 -0.23129105 -0.23129105 -0.23129105 -0.23129105
 -0.23129105  2.57436092 -0.23129105 -0.23129105 -0.23129105 -0.23129105
 -0.23129105 -0.23129105 -0.23129105 -0.23129105 -0.23129105 -0.23129105
 -0.23129105 -0.23129105 -0.23129105 -0.23129105 -0.23129105 -0.23129105
 -0.23129105 -0.23129105 -0.23129105 -0.23129105 -0.23129105 -0.23129105
 -0.23129105 -0.23129105 -0.23129105 -0.23129105 -0.23129105 -0.23129105
 -0.23129105 -0.23129105  5.70871327 -0.23129105]",[-0.03576810219534041]
13,"[-0.26490413 -0.26490413 -0.26490413 -0.26490413 -0.16446115 -0.26490413
 -0.26490413 -0.26490413 -0.26490413 -0.26490413 -0.26490413 -0.26490413
 -0.26490413 -0.26490413 -0.26490413 -0.26490413 -0.26490413 -0.26490413
 -0.26490413 -0.26490413 -0.26490413 -0.26490413 -0.26490413 -0.26490413
 -0.26490413 -0.26490413 -0.26490413 -0.26490413 -0.26490413 -0.26490413
 -0.26490413 -0.26490413 -0.26490413 -0.26490413 -0.26490413 -0.26490413
 -0.26490413 -0.26490413 -0.26490413 -0.26490413 -0.26490413 -0.26490413
 -0.26490413 -0.26490413 -0.26490413 -0.26490413 -0.26490413 -0.26490413
 -0.26490413 -0.26490413 -0.26490413 -0.26490413 -0.26490413 -0.26490413
 -0.26490413 -0.26490413 -0.26490413 -0.26490413 -0.26490413 -0.26490413
 -0.26490413 -0.26490413 -0.26490413 -0.26490413 -0.26490413 -0.26490413
 -0.26490413 -0.26490413 -0.26490413 -0.26490413 -0.26490413 -0.26490413
 -0.26490413 -0.26490413 -0.26490413 -0.26490413 -0.26490413 -0.26490413
 -0.26490413 -0.26490413 -0.26490413 -0.26490413 -0.26490413  4.29940309
 -0.26490413 -0.26490413  2.42330791 -0.26490413 -0.26490413 -0.26490413
 -0.26490413 -0.26490413 -0.26490413  2.53436743 -0.26490413 -0.26490413
 -0.26490413 -0.26490413 -0.26490413 -0.26490413 -0.26490413 -0.26490413
 -0.26490413 -0.26490413 -0.26490413 -0.26490413 -0.26490413 -0.26490413
 -0.26490413 -0.26490413  6.80322484 -0.26490413 -0.26490413  4.32057886
 -0.26490413 -0.26490413  4.48994965 -0.26490413 -0.26490413 -0.26490413
 -0.26490413 -0.26490413 -0.26490413 -0.26490413  4.58626894 -0.26490413
 -0.26490413 -0.26490413 -0.26490413 -0.26490413 -0.26490413 -0.26490413
 -0.26490413 -0.26490413 -0.26490413 -0.26490413 -0.26490413 -0.26490413
 -0.26490413 -0.26490413 -0.26490413 -0.26490413 -0.26490413 -0.26490413
 -0.26490413 -0.26490413 -0.26490413 -0.26490413 -0.26490413 -0.26490413
 -0.26490413 -0.26490413 -0.26490413 -0.26490413 -0.26490413 -0.26490413
 -0.26490413 -0.26490413 -0.26490413 -0.26490413 -0.26490413 -0.26490413
 -0.26490413  0.29911564 -0.26490413 -0.26490413 -0.26490413 -0.26490413
 -0.26490413 -0.26490413 -0.26490413 -0.26490413 -0.26490413 -0.26490413
 -0.26490413 -0.26490413 -0.26490413 -0.26490413 -0.26490413 -0.26490413
 -0.26490413 -0.26490413 -0.26490413 -0.26490413 -0.26490413 -0.26490413
 -0.26490413 -0.26490413 -0.26490413 -0.26490413 -0.26490413 -0.26490413
 -0.26490413 -0.26490413 -0.26490413 -0.26490413 -0.26490413 -0.26490413
  2.156068   -0.26490413 -0.26490413 -0.26490413 -0.26490413 -0.26490413
 -0.26490413 -0.26490413 -0.26490413 -0.26490413 -0.26490413 -0.26490413
  2.10910029 -0.26490413  0.26392143 -0.26490413  1.82479464  3.31154771
 -0.26490413 -0.26490413 -0.26490413 -0.26490413 -0.26490413 -0.26490413
 -0.26490413 -0.26490413 -0.26490413 -0.26490413 -0.26490413 -0.26490413
 -0.26490413 -0.26490413 -0.26490413 -0.26490413 -0.26490413 -0.26490413
 -0.26490413  4.04493316 -0.26490413  5.01908517  2.74203122 -0.26490413
  3.59279386 -0.26490413  2.74113274 -0.26490413 -0.26490413 -0.26490413
 -0.26490413 -0.26490413 -0.26490413 -0.26490413 -0.26490413 -0.26490413
 -0.26490413 -0.26490413 -0.26490413  2.45879922  1.41612733 -0.26490413
 -0.26490413 -0.26490413 -0.26490413  3.83461577 -0.26490413  1.2218391
 -0.26490413 -0.26490413 -0.26490413  1.09801401 -0.26490413 -0.26490413
  4.14409766 -0.26490413  1.55825932 -0.26490413  3.82535782 -0.26490413
 -0.26490413  2.11027223 -0.26490413 -0.26490413  1.59642269 -0.26490413
  2.59557549  1.99018373 -0.26490413 -0.26490413 -0.26490413  4.02578813
 -0.26490413  4.92624177 -0.26490413 -0.26490413 -0.26490413  2.80891818
 -0.26490413 -0.26490413 -0.26490413 -0.26490413 -0.26490413 -0.26490413
 -0.26490413 -0.26490413 -0.26490413 -0.26490413  4.60565343 -0.26490413
 -0.26490413 -0.26490413 -0.26490413 -0.26490413 -0.26490413  1.51466169
 -0.26490413 -0.26490413 -0.26490413 -0.26490413 -0.26490413 -0.26490413
 -0.26490413 -0.26490413 -0.26490413 -0.26490413  2.05337552 -0.26490413
 -0.26490413 -0.26490413 -0.26490413 -0.26490413 -0.26490413 -0.26490413
 -0.26490413 -0.26490413 -0.26490413 -0.26490413 -0.26490413 -0.26490413
 -0.26490413 -0.26490413 -0.26490413 -0.26490413 -0.26490413 -0.26490413
 -0.26490413 -0.26490413 -0.26490413 -0.26490413 -0.26490413 -0.26490413
 -0.26490413 -0.26490413 -0.26490413 -0.26490413 -0.26490413 -0.26490413
 -0.26490413 -0.26490413 -0.26490413 -0.26490413 -0.26490413 -0.26490413
 -0.26490413 -0.26490413 -0.26490413 -0.26490413 -0.26490413 -0.26490413
 -0.26490413 -0.26490413 -0.26490413 -0.26490413 -0.26490413 -0.26490413
 -0.26490413 -0.26490413 -0.26490413 -0.26490413 -0.26490413 -0.26490413
 -0.26490413 -0.26490413 -0.26490413 -0.26490413 -0.26490413 -0.26490413
 -0.26490413 -0.26490413 -0.26490413 -0.26490413 -0.26490413 -0.26490413
 -0.26490413 -0.26490413 -0.26490413 -0.26490413 -0.26490413 -0.26490413
 -0.26490413 -0.26490413 -0.26490413 -0.26490413 -0.26490413 -0.26490413
 -0.26490413 -0.26490413 -0.26490413 -0.26490413 -0.26490413 -0.26490413
 -0.26490413 -0.26490413 -0.26490413 -0.26490413 -0.26490413 -0.26490413
 -0.26490413 -0.26490413 -0.26490413 -0.26490413 -0.26490413 -0.26490413
 -0.26490413 -0.26490413 -0.26490413 -0.26490413 -0.26490413  5.80338908
 -0.26490413 -0.26490413 -0.26490413 -0.26490413 -0.26490413 -0.26490413
 -0.26490413 -0.26490413 -0.26490413 -0.26490413 -0.26490413 -0.26490413
 -0.26490413 -0.26490413 -0.26490413 -0.26490413 -0.26490413 -0.26490413
  4.34337043 -0.26490413 -0.26490413 -0.26490413 -0.26490413 -0.26490413
 -0.26490413 -0.26490413 -0.26490413 -0.26490413 -0.26490413 -0.26490413
 -0.26490413 -0.26490413 -0.26490413 -0.26490413 -0.26490413 -0.26490413
 -0.26490413 -0.26490413  1.62491189 -0.26490413 -0.26490413 -0.26490413
 -0.26490413 -0.26490413 -0.26490413 -0.26490413 -0.26490413 -0.26490413
 -0.26490413 -0.26490413 -0.26490413 -0.26490413 -0.26490413 -0.26490413
 -0.26490413 -0.26490413 -0.26490413 -0.26490413 -0.26490413 -0.26490413
 -0.26490413  4.11695195 -0.26490413 -0.26490413 -0.26490413 -0.26490413
 -0.26490413 -0.26490413 -0.26490413 -0.26490413 -0.26490413 -0.26490413
 -0.26490413 -0.26490413 -0.26490413 -0.26490413 -0.26490413 -0.26490413
 -0.26490413 -0.26490413 -0.26490413 -0.26490413 -0.26490413 -0.26490413
 -0.26490413 -0.26490413 -0.26490413 -0.26490413 -0.26490413 -0.26490413
 -0.26490413 -0.26490413  5.55418629 -0.26490413]",[-0.014414143024644388]
13,"[-2.84965593e-01 -2.84965593e-01 -2.84965593e-01 -2.84965593e-01
 -6.83550692e-04 -2.84965593e-01 -2.84965593e-01 -2.84965593e-01
 -2.84965593e-01 -2.84965593e-01 -2.84965593e-01 -2.84965593e-01
 -2.84965593e-01 -2.84965593e-01 -2.84965593e-01 -2.84965593e-01
 -2.84965593e-01 -2.84965593e-01 -2.84965593e-01 -2.84965593e-01
 -2.84965593e-01 -2.84965593e-01 -2.84965593e-01 -2.84965593e-01
 -2.84965593e-01 -2.84965593e-01 -2.84965593e-01 -2.84965593e-01
 -2.84965593e-01 -2.84965593e-01 -2.84965593e-01 -2.84965593e-01
 -2.84965593e-01 -2.84965593e-01 -2.84965593e-01 -2.84965593e-01
 -2.84965593e-01 -2.84965593e-01 -2.84965593e-01 -2.84965593e-01
 -2.84965593e-01 -2.84965593e-01 -2.84965593e-01 -2.84965593e-01
 -2.84965593e-01 -2.84965593e-01 -2.84965593e-01 -2.84965593e-01
 -2.84965593e-01 -2.84965593e-01 -2.84965593e-01 -2.84965593e-01
 -2.84965593e-01 -2.84965593e-01 -2.84965593e-01 -2.84965593e-01
 -2.84965593e-01 -2.84965593e-01 -2.84965593e-01 -2.84965593e-01
 -2.84965593e-01 -2.84965593e-01 -2.84965593e-01 -2.84965593e-01
 -2.84965593e-01 -2.84965593e-01 -2.84965593e-01 -2.84965593e-01
 -2.84965593e-01 -2.84965593e-01 -2.84965593e-01 -2.84965593e-01
 -2.84965593e-01 -2.84965593e-01 -2.84965593e-01 -2.84965593e-01
 -2.84965593e-01 -2.84965593e-01 -2.84965593e-01 -2.84965593e-01
 -2.84965593e-01 -2.84965593e-01 -2.84965593e-01  4.14615510e+00
 -2.84965593e-01 -2.84965593e-01 -2.84965593e-01 -2.84965593e-01
 -2.84965593e-01  2.69616949e+00 -2.84965593e-01 -2.84965593e-01
  1.14485095e+00 -2.84965593e-01 -2.84965593e-01 -2.84965593e-01
 -2.84965593e-01 -2.84965593e-01 -2.84965593e-01 -2.84965593e-01
 -2.84965593e-01 -2.84965593e-01 -2.84965593e-01 -2.84965593e-01
 -2.84965593e-01 -2.84965593e-01 -2.84965593e-01 -2.84965593e-01
 -2.84965593e-01 -2.84965593e-01  5.50540893e+00  1.68528788e+00
 -2.84965593e-01 -2.84965593e-01 -2.84965593e-01 -2.84965593e-01
  4.32036028e+00 -2.84965593e-01 -2.84965593e-01 -2.84965593e-01
 -2.84965593e-01 -2.84965593e-01 -2.84965593e-01 -2.84965593e-01
  4.39522455e+00 -2.84965593e-01 -2.84965593e-01 -2.84965593e-01
 -2.84965593e-01 -2.84965593e-01 -2.84965593e-01 -2.84965593e-01
 -2.84965593e-01 -2.84965593e-01 -2.84965593e-01 -2.84965593e-01
 -2.84965593e-01 -2.84965593e-01 -2.84965593e-01 -2.84965593e-01
 -2.84965593e-01 -2.84965593e-01 -2.84965593e-01 -2.84965593e-01
 -2.84965593e-01 -2.84965593e-01 -2.84965593e-01 -2.84965593e-01
 -2.84965593e-01 -2.84965593e-01 -2.84965593e-01 -2.84965593e-01
 -2.84965593e-01 -2.84965593e-01 -2.84965593e-01 -2.84965593e-01
 -2.84965593e-01 -2.84965593e-01 -2.84965593e-01 -2.84965593e-01
 -2.84965593e-01 -2.84965593e-01 -2.84965593e-01  2.67979409e-01
 -2.84965593e-01 -2.84965593e-01 -2.84965593e-01 -2.84965593e-01
 -2.84965593e-01 -2.84965593e-01 -2.84965593e-01 -2.84965593e-01
 -2.84965593e-01 -2.84965593e-01 -2.84965593e-01 -2.84965593e-01
 -2.84965593e-01 -2.84965593e-01 -2.84965593e-01 -2.84965593e-01
 -2.84965593e-01 -2.84965593e-01 -2.84965593e-01 -2.84965593e-01
 -2.84965593e-01 -2.84965593e-01 -2.84965593e-01 -2.84965593e-01
 -2.84965593e-01 -2.84965593e-01 -2.84965593e-01 -2.84965593e-01
 -2.84965593e-01 -2.84965593e-01 -2.84965593e-01 -2.84965593e-01
 -2.84965593e-01 -2.84965593e-01 -2.84965593e-01 -2.84965593e-01
 -2.84965593e-01 -2.84965593e-01 -2.84965593e-01 -2.84965593e-01
 -2.84965593e-01 -2.84965593e-01 -2.84965593e-01 -2.84965593e-01
 -2.84965593e-01  3.17203971e+00  1.81996678e+00 -2.84965593e-01
 -7.30484021e-02 -2.84965593e-01 -2.84965593e-01  9.74978642e-01
 -2.84965593e-01 -2.84965593e-01 -2.84965593e-01 -2.84965593e-01
 -2.84965593e-01 -2.84965593e-01 -2.84965593e-01 -2.84965593e-01
 -2.84965593e-01 -2.84965593e-01 -2.84965593e-01 -2.84965593e-01
 -2.84965593e-01 -2.84965593e-01 -2.84965593e-01  1.22076003e+00
 -2.84965593e-01 -2.84965593e-01 -2.84965593e-01  3.17748098e+00
 -2.84965593e-01  3.05188396e+00  2.93775650e+00 -2.84965593e-01
  2.94606877e+00  2.47611823e+00  2.98456236e+00  3.65657149e+00
 -2.84965593e-01 -2.84965593e-01 -2.84965593e-01 -2.84965593e-01
 -2.84965593e-01 -2.84965593e-01 -2.84965593e-01  3.78660829e+00
 -2.84965593e-01 -2.84965593e-01 -2.84965593e-01  5.35438273e+00
  2.66201006e+00 -2.84965593e-01 -2.84965593e-01 -2.84965593e-01
  2.75953264e+00  2.34042357e+00 -2.84965593e-01  1.73526482e+00
 -2.84965593e-01 -2.84965593e-01 -2.84965593e-01  2.52912563e+00
  1.89359706e+00 -2.84965593e-01  1.32729255e+00 -2.84965593e-01
  4.99186033e+00 -2.84965593e-01  3.60359406e+00 -2.84965593e-01
 -2.84965593e-01  2.40829624e+00 -2.84965593e-01 -2.84965593e-01
  2.88821332e+00 -2.84965593e-01  2.31731835e+00  3.51236840e-01
 -2.84965593e-01 -2.84965593e-01  5.38193470e+00  2.14816713e+00
 -2.84965593e-01 -2.84965593e-01 -2.84965593e-01 -2.84965593e-01
 -2.84965593e-01 -2.84965593e-01 -2.84965593e-01 -2.84965593e-01
 -2.84965593e-01 -2.84965593e-01 -2.84965593e-01 -2.84965593e-01
 -2.84965593e-01 -2.84965593e-01 -2.84965593e-01 -2.84965593e-01
 -2.84965593e-01 -2.84965593e-01 -2.84965593e-01 -2.84965593e-01
 -2.84965593e-01 -2.84965593e-01 -2.84965593e-01  1.92316671e+00
 -2.84965593e-01 -2.84965593e-01 -2.84965593e-01 -2.84965593e-01
 -2.84965593e-01 -2.84965593e-01 -2.84965593e-01 -2.84965593e-01
 -2.84965593e-01 -2.84965593e-01 -2.84965593e-01 -2.84965593e-01
 -2.84965593e-01 -2.84965593e-01 -2.84965593e-01 -2.84965593e-01
 -2.84965593e-01 -2.84965593e-01 -2.84965593e-01 -2.84965593e-01
 -2.84965593e-01 -2.84965593e-01 -2.84965593e-01 -2.84965593e-01
 -2.84965593e-01 -2.84965593e-01 -2.84965593e-01 -2.84965593e-01
 -2.84965593e-01 -2.84965593e-01 -2.84965593e-01 -2.84965593e-01
 -2.84965593e-01 -2.84965593e-01 -2.84965593e-01 -2.84965593e-01
 -2.84965593e-01 -2.84965593e-01 -2.84965593e-01 -2.84965593e-01
 -2.84965593e-01 -2.84965593e-01 -2.84965593e-01 -2.84965593e-01
 -2.84965593e-01 -2.84965593e-01 -2.84965593e-01 -2.84965593e-01
 -2.84965593e-01 -2.84965593e-01 -2.84965593e-01 -2.84965593e-01
 -2.84965593e-01 -2.84965593e-01 -2.84965593e-01 -2.84965593e-01
 -2.84965593e-01 -2.84965593e-01 -2.84965593e-01 -2.84965593e-01
 -2.84965593e-01 -2.84965593e-01 -2.84965593e-01 -2.84965593e-01
 -2.84965593e-01 -2.84965593e-01 -2.84965593e-01 -2.84965593e-01
 -2.84965593e-01 -2.84965593e-01 -2.84965593e-01 -2.84965593e-01
 -2.84965593e-01 -2.84965593e-01 -2.84965593e-01 -2.84965593e-01
 -2.84965593e-01 -2.84965593e-01 -2.84965593e-01 -2.84965593e-01
 -2.84965593e-01 -2.84965593e-01 -2.84965593e-01 -2.84965593e-01
 -2.84965593e-01 -2.84965593e-01 -2.84965593e-01 -2.84965593e-01
 -2.84965593e-01 -2.84965593e-01 -2.84965593e-01 -2.84965593e-01
 -2.84965593e-01 -2.84965593e-01 -2.84965593e-01 -2.84965593e-01
 -2.84965593e-01 -2.84965593e-01 -2.84965593e-01 -2.84965593e-01
 -2.84965593e-01 -2.84965593e-01 -2.84965593e-01 -2.84965593e-01
 -2.84965593e-01 -2.84965593e-01 -2.84965593e-01 -2.84965593e-01
 -2.84965593e-01 -2.84965593e-01 -2.84965593e-01 -2.84965593e-01
 -2.84965593e-01  4.94033362e+00 -2.84965593e-01 -2.84965593e-01
 -2.84965593e-01 -2.84965593e-01 -2.84965593e-01 -2.84965593e-01
 -2.84965593e-01 -2.84965593e-01 -2.84965593e-01 -2.84965593e-01
 -2.84965593e-01 -2.84965593e-01 -2.84965593e-01 -2.84965593e-01
 -2.84965593e-01 -2.84965593e-01 -2.84965593e-01 -2.84965593e-01
  4.15524980e+00 -2.84965593e-01 -2.84965593e-01 -2.84965593e-01
 -2.84965593e-01 -2.84965593e-01 -2.84965593e-01 -2.84965593e-01
 -2.84965593e-01 -2.84965593e-01 -2.84965593e-01 -2.84965593e-01
 -2.84965593e-01 -2.84965593e-01 -2.84965593e-01 -2.84965593e-01
 -2.84965593e-01 -2.84965593e-01 -2.84965593e-01 -2.84965593e-01
  2.89967882e+00 -2.84965593e-01  5.76595107e+00 -2.84965593e-01
  5.10512014e+00 -2.84965593e-01 -2.84965593e-01 -2.84965593e-01
 -2.84965593e-01 -2.84965593e-01 -2.84965593e-01 -2.84965593e-01
 -2.84965593e-01 -2.84965593e-01 -2.84965593e-01 -2.84965593e-01
 -2.84965593e-01 -2.84965593e-01 -2.84965593e-01 -2.84965593e-01
 -2.84965593e-01 -2.84965593e-01 -2.84965593e-01  1.68889692e+00
  3.04493311e+00 -2.84965593e-01 -2.84965593e-01 -2.84965593e-01
 -2.84965593e-01 -2.84965593e-01 -2.84965593e-01 -2.84965593e-01
 -2.84965593e-01  1.13479913e+00 -2.84965593e-01 -2.84965593e-01
 -2.84965593e-01 -2.84965593e-01 -2.84965593e-01 -2.84965593e-01
 -2.84965593e-01 -2.84965593e-01 -2.84965593e-01 -2.84965593e-01
 -2.84965593e-01 -2.84965593e-01 -2.84965593e-01 -2.84965593e-01
 -2.84965593e-01 -2.84965593e-01 -2.84965593e-01 -2.84965593e-01
 -2.84965593e-01 -2.84965593e-01  2.86088036e+00 -2.84965593e-01]",[0.030798550616287557]
13,"[-0.25352024 -0.25352024 -0.25352024 -0.25352024 -0.25352024 -0.25352024
 -0.25352024 -0.25352024 -0.25352024 -0.25352024 -0.25352024 -0.25352024
 -0.25352024 -0.25352024 -0.25352024 -0.25352024 -0.25352024 -0.25352024
 -0.25352024 -0.25352024 -0.25352024 -0.25352024 -0.25352024 -0.25352024
 -0.25352024 -0.25352024 -0.25352024 -0.25352024 -0.25352024 -0.25352024
 -0.25352024 -0.25352024 -0.25352024 -0.25352024 -0.25352024 -0.25352024
 -0.25352024 -0.25352024 -0.25352024 -0.25352024 -0.25352024 -0.25352024
 -0.25352024 -0.25352024 -0.25352024 -0.25352024 -0.25352024 -0.25352024
 -0.25352024 -0.25352024 -0.25352024 -0.25352024 -0.25352024 -0.25352024
 -0.25352024 -0.25352024 -0.25352024 -0.25352024 -0.25352024 -0.25352024
 -0.25352024 -0.25352024 -0.25352024 -0.25352024 -0.25352024 -0.25352024
 -0.25352024 -0.25352024 -0.25352024 -0.25352024 -0.25352024 -0.25352024
 -0.25352024 -0.25352024 -0.25352024 -0.25352024 -0.25352024 -0.25352024
 -0.25352024 -0.25352024 -0.25352024 -0.25352024 -0.25352024  4.90020288
 -0.25352024 -0.25352024 -0.25352024 -0.25352024 -0.25352024  2.88300677
 -0.25352024 -0.25352024 -0.25352024 -0.25352024 -0.25352024 -0.25352024
 -0.25352024 -0.25352024 -0.25352024 -0.25352024 -0.25352024 -0.25352024
 -0.25352024 -0.25352024 -0.25352024 -0.25352024 -0.25352024 -0.25352024
 -0.25352024 -0.25352024  6.34367323 -0.25352024 -0.25352024 -0.25352024
 -0.25352024 -0.25352024  5.71806338 -0.25352024 -0.25352024 -0.25352024
 -0.25352024 -0.25352024 -0.25352024  0.04209465  3.2684682  -0.25352024
 -0.25352024 -0.25352024 -0.25352024 -0.25352024 -0.25352024 -0.25352024
 -0.25352024 -0.25352024 -0.25352024 -0.25352024 -0.25352024 -0.25352024
 -0.25352024 -0.25352024 -0.25352024 -0.25352024 -0.25352024 -0.25352024
 -0.25352024 -0.25352024 -0.25352024 -0.25352024 -0.25352024 -0.25352024
 -0.25352024 -0.25352024 -0.25352024 -0.25352024 -0.25352024 -0.25352024
 -0.25352024 -0.25352024 -0.25352024 -0.25352024 -0.25352024 -0.25352024
 -0.25352024 -0.25352024 -0.25352024 -0.25352024 -0.25352024 -0.25352024
 -0.25352024 -0.25352024 -0.25352024 -0.25352024 -0.25352024 -0.25352024
 -0.25352024 -0.25352024 -0.25352024 -0.25352024 -0.25352024 -0.25352024
 -0.25352024 -0.25352024 -0.25352024 -0.25352024 -0.25352024 -0.25352024
 -0.25352024 -0.25352024 -0.25352024 -0.25352024 -0.25352024 -0.25352024
 -0.25352024 -0.25352024 -0.25352024 -0.25352024 -0.25352024 -0.25352024
 -0.25352024 -0.25352024 -0.25352024 -0.25352024 -0.25352024 -0.25352024
 -0.25352024 -0.25352024 -0.25352024 -0.25352024 -0.25352024 -0.25352024
  2.39102253 -0.25352024  0.4984989  -0.25352024 -0.25352024  3.31267445
 -0.25352024 -0.25352024 -0.25352024 -0.25352024 -0.25352024 -0.25352024
 -0.25352024 -0.25352024 -0.25352024 -0.25352024 -0.25352024 -0.25352024
 -0.25352024 -0.25352024 -0.25352024  0.74116823 -0.25352024 -0.25352024
 -0.25352024  3.82573561 -0.25352024  4.31936147  4.00135544 -0.25352024
  2.79995725  2.64317681  1.3662749  -0.25352024 -0.25352024 -0.25352024
 -0.25352024 -0.25352024 -0.25352024 -0.25352024 -0.25352024 -0.25352024
 -0.25352024 -0.25352024 -0.25352024  4.75760328  2.24672088 -0.25352024
 -0.25352024 -0.25352024  3.98118917  4.01691329 -0.25352024  0.63729287
 -0.25352024 -0.25352024 -0.25352024  2.19275177  0.4313521  -0.25352024
  1.32032149 -0.25352024  5.54955112 -0.25352024  3.21045705 -0.25352024
 -0.25352024  3.41257614 -0.25352024 -0.25352024  3.73865379 -0.25352024
  1.90492728  1.25319445 -0.25352024 -0.25352024 -0.25352024  2.93277445
 -0.25352024 -0.25352024 -0.25352024 -0.25352024 -0.25352024  2.1297805
 -0.25352024 -0.25352024 -0.25352024 -0.25352024 -0.25352024 -0.25352024
 -0.25352024 -0.25352024 -0.25352024 -0.25352024  1.89543404 -0.25352024
 -0.25352024 -0.25352024 -0.25352024 -0.25352024 -0.25352024  1.97905013
 -0.25352024 -0.25352024 -0.25352024 -0.25352024 -0.25352024 -0.25352024
 -0.25352024 -0.25352024 -0.25352024 -0.25352024 -0.25352024 -0.25352024
 -0.25352024 -0.25352024 -0.25352024 -0.25352024 -0.25352024 -0.25352024
 -0.25352024 -0.25352024 -0.25352024 -0.25352024 -0.25352024 -0.25352024
 -0.25352024 -0.25352024 -0.25352024 -0.25352024 -0.25352024 -0.25352024
 -0.25352024 -0.25352024 -0.25352024 -0.25352024 -0.25352024 -0.25352024
 -0.25352024 -0.25352024 -0.25352024 -0.25352024 -0.25352024 -0.25352024
 -0.25352024 -0.25352024 -0.25352024 -0.25352024 -0.25352024 -0.25352024
 -0.25352024 -0.25352024 -0.25352024 -0.25352024 -0.25352024 -0.25352024
 -0.25352024 -0.25352024 -0.25352024 -0.25352024 -0.25352024 -0.25352024
 -0.25352024 -0.25352024 -0.25352024 -0.25352024 -0.25352024 -0.25352024
 -0.25352024 -0.25352024 -0.25352024 -0.25352024 -0.25352024 -0.25352024
 -0.25352024 -0.25352024 -0.25352024 -0.25352024 -0.25352024 -0.25352024
 -0.25352024 -0.25352024 -0.25352024 -0.25352024 -0.25352024 -0.25352024
 -0.25352024 -0.25352024 -0.25352024 -0.25352024 -0.25352024 -0.25352024
 -0.25352024 -0.25352024 -0.25352024 -0.25352024 -0.25352024 -0.25352024
 -0.25352024 -0.25352024 -0.25352024 -0.25352024 -0.25352024 -0.25352024
 -0.25352024 -0.25352024 -0.25352024 -0.25352024 -0.25352024 -0.25352024
 -0.25352024 -0.25352024 -0.25352024 -0.25352024  5.62674771 -0.25352024
 -0.25352024 -0.25352024 -0.25352024 -0.25352024 -0.25352024 -0.25352024
 -0.25352024 -0.25352024 -0.25352024 -0.25352024 -0.25352024 -0.25352024
 -0.25352024 -0.25352024 -0.25352024 -0.25352024 -0.25352024 -0.25352024
  4.2227483  -0.25352024 -0.25352024 -0.25352024 -0.25352024 -0.25352024
 -0.25352024 -0.25352024 -0.25352024 -0.25352024 -0.25352024 -0.25352024
 -0.25352024 -0.25352024 -0.25352024 -0.25352024 -0.25352024 -0.25352024
 -0.25352024 -0.25352024  1.05295626 -0.25352024 -0.25352024 -0.25352024
  7.97942171 -0.25352024 -0.25352024 -0.25352024 -0.25352024 -0.25352024
 -0.25352024 -0.25352024 -0.25352024 -0.25352024 -0.25352024 -0.25352024
 -0.25352024 -0.25352024 -0.25352024 -0.25352024 -0.25352024 -0.25352024
 -0.25352024  2.76845444  2.89851831 -0.25352024 -0.25352024  0.24206825
 -0.25352024 -0.25352024 -0.25352024 -0.25352024 -0.25352024 -0.25352024
 -0.25352024 -0.25352024 -0.25352024 -0.25352024 -0.25352024 -0.25352024
 -0.25352024 -0.25352024 -0.25352024 -0.25352024 -0.25352024 -0.25352024
 -0.25352024 -0.25352024 -0.25352024 -0.25352024 -0.25352024 -0.25352024
 -0.25352024 -0.25352024 -0.25352024 -0.25352024]",[-0.005075874311579354]
13,"[-0.2376361  -0.2376361  -0.2376361  -0.2376361  -0.2376361  -0.2376361
 -0.2376361  -0.2376361  -0.2376361  -0.2376361  -0.2376361  -0.2376361
 -0.2376361  -0.2376361  -0.2376361  -0.2376361  -0.2376361  -0.2376361
 -0.2376361  -0.2376361  -0.2376361  -0.2376361  -0.2376361  -0.2376361
 -0.2376361  -0.2376361  -0.2376361  -0.2376361  -0.2376361  -0.2376361
 -0.2376361  -0.2376361  -0.2376361  -0.2376361  -0.2376361  -0.2376361
 -0.2376361  -0.2376361  -0.2376361  -0.2376361  -0.2376361  -0.2376361
 -0.2376361  -0.2376361  -0.2376361  -0.2376361  -0.2376361  -0.2376361
 -0.2376361  -0.2376361  -0.2376361  -0.2376361  -0.2376361  -0.2376361
 -0.2376361  -0.2376361  -0.2376361  -0.2376361  -0.2376361  -0.2376361
 -0.2376361  -0.2376361  -0.2376361  -0.2376361  -0.2376361  -0.2376361
 -0.2376361  -0.2376361  -0.2376361  -0.2376361  -0.2376361  -0.2376361
 -0.2376361  -0.2376361  -0.2376361  -0.2376361  -0.2376361  -0.2376361
 -0.2376361  -0.2376361  -0.2376361  -0.2376361  -0.2376361   5.16947527
 -0.2376361  -0.2376361  -0.2376361  -0.2376361  -0.2376361  -0.2376361
 -0.2376361  -0.2376361   1.65424809 -0.2376361  -0.2376361  -0.2376361
 -0.2376361  -0.2376361  -0.2376361  -0.2376361  -0.2376361  -0.2376361
 -0.2376361  -0.2376361  -0.2376361  -0.2376361  -0.2376361  -0.2376361
 -0.2376361  -0.2376361   6.35896536 -0.2376361  -0.2376361  -0.2376361
 -0.2376361  -0.2376361   6.08582491 -0.2376361  -0.2376361  -0.2376361
 -0.2376361  -0.2376361  -0.2376361  -0.2376361   3.11916979 -0.2376361
 -0.2376361  -0.2376361  -0.2376361  -0.2376361  -0.2376361  -0.2376361
 -0.2376361  -0.2376361  -0.2376361  -0.2376361  -0.2376361  -0.2376361
 -0.2376361  -0.2376361  -0.2376361  -0.2376361  -0.2376361  -0.2376361
 -0.2376361  -0.2376361  -0.2376361  -0.2376361  -0.2376361  -0.2376361
 -0.2376361  -0.2376361  -0.2376361  -0.2376361  -0.2376361  -0.2376361
 -0.2376361  -0.2376361  -0.2376361  -0.2376361  -0.2376361  -0.2376361
 -0.2376361  -0.2376361  -0.2376361  -0.2376361  -0.2376361  -0.2376361
 -0.2376361  -0.2376361  -0.2376361  -0.2376361  -0.2376361  -0.2376361
 -0.2376361  -0.2376361  -0.2376361  -0.2376361  -0.2376361  -0.2376361
 -0.2376361  -0.2376361  -0.2376361  -0.2376361  -0.2376361  -0.2376361
 -0.2376361  -0.2376361  -0.2376361  -0.2376361  -0.2376361  -0.2376361
 -0.2376361  -0.2376361  -0.2376361  -0.2376361  -0.2376361  -0.2376361
 -0.2376361  -0.2376361  -0.2376361  -0.2376361  -0.2376361  -0.2376361
 -0.2376361  -0.2376361  -0.2376361  -0.2376361  -0.2376361  -0.2376361
 -0.2376361  -0.2376361  -0.2376361  -0.2376361  -0.2376361   2.11513241
 -0.2376361  -0.2376361  -0.2376361  -0.2376361  -0.2376361  -0.2376361
 -0.2376361  -0.2376361  -0.2376361  -0.2376361  -0.2376361  -0.2376361
 -0.2376361  -0.2376361  -0.2376361  -0.2376361  -0.2376361  -0.2376361
 -0.2376361   2.94359521 -0.2376361   3.80748823  3.39921535 -0.2376361
  1.73224286 -0.2376361  -0.2376361   4.96893754 -0.2376361  -0.2376361
 -0.2376361  -0.2376361  -0.2376361  -0.2376361  -0.2376361  -0.2376361
 -0.2376361  -0.2376361  -0.2376361   5.25955477  3.95658362 -0.2376361
 -0.2376361  -0.2376361   2.61541421  3.01824897 -0.2376361   2.47134071
 -0.2376361  -0.2376361  -0.2376361  -0.2376361   2.18018979 -0.2376361
  1.12132273 -0.2376361   6.12112923 -0.2376361   3.11584366  5.9539466
 -0.2376361   0.83756176 -0.2376361   2.70202271  3.79318024 -0.2376361
 -0.2376361   1.05321811 -0.2376361  -0.2376361  -0.2376361   3.89002449
 -0.2376361  -0.2376361  -0.2376361  -0.2376361  -0.2376361   1.8616208
 -0.2376361  -0.2376361   5.03126493 -0.2376361  -0.2376361  -0.2376361
 -0.2376361  -0.2376361  -0.2376361  -0.2376361   4.19532052 -0.2376361
 -0.2376361  -0.2376361  -0.2376361  -0.2376361  -0.2376361  -0.2376361
 -0.2376361  -0.2376361  -0.2376361  -0.2376361  -0.2376361  -0.2376361
 -0.2376361  -0.2376361  -0.2376361  -0.2376361   0.7499548  -0.2376361
 -0.2376361  -0.2376361  -0.2376361  -0.2376361  -0.2376361  -0.2376361
 -0.2376361  -0.2376361  -0.2376361  -0.2376361  -0.2376361  -0.2376361
 -0.2376361  -0.2376361  -0.2376361  -0.2376361  -0.2376361  -0.2376361
 -0.2376361  -0.2376361  -0.2376361  -0.2376361  -0.2376361  -0.2376361
 -0.2376361  -0.2376361  -0.2376361  -0.2376361  -0.2376361  -0.2376361
 -0.2376361  -0.2376361  -0.2376361  -0.2376361  -0.2376361  -0.2376361
 -0.2376361  -0.2376361  -0.2376361  -0.2376361  -0.2376361  -0.2376361
 -0.2376361  -0.2376361  -0.2376361  -0.2376361  -0.2376361  -0.2376361
 -0.2376361  -0.2376361  -0.2376361  -0.2376361  -0.2376361  -0.2376361
 -0.2376361  -0.2376361  -0.2376361  -0.2376361  -0.2376361  -0.2376361
 -0.2376361  -0.2376361  -0.2376361  -0.2376361  -0.2376361  -0.2376361
 -0.2376361  -0.2376361  -0.2376361  -0.2376361  -0.2376361  -0.2376361
 -0.2376361  -0.2376361  -0.2376361  -0.2376361  -0.2376361  -0.2376361
 -0.2376361  -0.2376361  -0.2376361  -0.2376361  -0.2376361  -0.2376361
 -0.2376361  -0.2376361  -0.2376361  -0.2376361  -0.2376361  -0.2376361
 -0.2376361  -0.2376361  -0.2376361  -0.2376361  -0.2376361  -0.2376361
 -0.2376361  -0.2376361  -0.2376361  -0.2376361   6.56224616 -0.2376361
 -0.2376361  -0.2376361  -0.2376361  -0.2376361  -0.2376361  -0.2376361
 -0.2376361  -0.2376361  -0.2376361  -0.2376361  -0.2376361  -0.2376361
 -0.2376361  -0.2376361  -0.2376361  -0.2376361  -0.2376361  -0.2376361
 -0.2376361  -0.2376361  -0.2376361  -0.2376361  -0.2376361  -0.2376361
 -0.2376361  -0.2376361  -0.2376361  -0.2376361  -0.2376361  -0.2376361
 -0.2376361  -0.2376361  -0.2376361  -0.2376361  -0.2376361  -0.2376361
 -0.2376361  -0.2376361   1.54249978 -0.2376361  -0.2376361  -0.2376361
 -0.2376361  -0.2376361  -0.2376361  -0.2376361  -0.2376361  -0.2376361
 -0.2376361  -0.2376361  -0.2376361  -0.2376361  -0.2376361  -0.2376361
 -0.2376361  -0.2376361  -0.2376361  -0.2376361  -0.2376361  -0.2376361
 -0.2376361   1.41657034 -0.2376361  -0.2376361  -0.2376361  -0.2376361
 -0.2376361  -0.2376361  -0.2376361  -0.2376361  -0.2376361  -0.2376361
 -0.2376361  -0.2376361  -0.2376361  -0.2376361  -0.2376361  -0.2376361
 -0.2376361  -0.2376361  -0.2376361  -0.2376361  -0.2376361  -0.2376361
 -0.2376361  -0.2376361  -0.2376361  -0.2376361  -0.2376361  -0.2376361
 -0.2376361  -0.2376361   4.68778886 -0.2376361 ]",[-0.01581131244858902]
14,"[-0.21251253 -0.21251253 -0.21251253 -0.21251253 -0.21251253 -0.21251253
 -0.21251253 -0.21251253 -0.21251253 -0.21251253 -0.21251253 -0.21251253
 -0.21251253 -0.21251253 -0.21251253 -0.21251253 -0.21251253 -0.21251253
  0.60570102 -0.21251253 -0.21251253 -0.21251253 -0.21251253 -0.21251253
 -0.21251253 -0.21251253 -0.21251253 -0.21251253 -0.21251253 -0.21251253
 -0.21251253 -0.21251253 -0.21251253 -0.21251253 -0.21251253 -0.21251253
 -0.21251253 -0.21251253 -0.21251253 -0.21251253 -0.21251253 -0.21251253
 -0.21251253 -0.21251253 -0.21251253 -0.21251253 -0.21251253 -0.21251253
 -0.21251253 -0.21251253 -0.21251253 -0.21251253 -0.21251253 -0.21251253
 -0.21251253 -0.21251253 -0.21251253 -0.21251253  1.58604258 -0.21251253
 -0.21251253 -0.21251253 -0.21251253 -0.21251253 -0.21251253 -0.21251253
 -0.21251253 -0.21251253 -0.21251253 -0.21251253 -0.21251253 -0.21251253
 -0.21251253 -0.21251253 -0.21251253 -0.21251253 -0.21251253 -0.21251253
 -0.21251253 -0.21251253 -0.21251253 -0.21251253 -0.21251253  7.44342986
 -0.21251253 -0.21251253 -0.21251253 -0.21251253 -0.21251253 -0.21251253
 -0.21251253 -0.21251253  1.37122369 -0.21251253 -0.21251253 -0.21251253
 -0.21251253 -0.21251253 -0.21251253 -0.21251253 -0.21251253 -0.21251253
 -0.21251253 -0.21251253 -0.21251253 -0.21251253 -0.21251253 -0.21251253
 -0.21251253 -0.21251253  0.61410627 -0.21251253 -0.21251253 -0.21251253
 -0.21251253 -0.21251253 -0.21251253 -0.21251253 -0.21251253 -0.21251253
 -0.21251253 -0.21251253 -0.21251253 -0.21251253 -0.21251253 -0.21251253
 -0.21251253 -0.21251253 -0.21251253 -0.21251253 -0.21251253 -0.21251253
 -0.21251253 -0.21251253 -0.21251253 -0.21251253 -0.21251253 -0.21251253
 -0.21251253 -0.21251253 -0.21251253 -0.21251253 -0.21251253 -0.21251253
 -0.21251253 -0.21251253 -0.21251253 -0.21251253 -0.21251253 -0.21251253
 -0.21251253 -0.21251253 -0.21251253 -0.21251253 -0.21251253 -0.21251253
 -0.21251253 -0.21251253 -0.21251253 -0.21251253 -0.21251253 -0.21251253
 -0.21251253 -0.21251253 -0.21251253 -0.21251253 -0.21251253 -0.21251253
 -0.21251253 -0.21251253 -0.21251253 -0.21251253 -0.21251253  2.06833785
 -0.21251253 -0.21251253 -0.21251253 -0.21251253 -0.21251253 -0.21251253
 -0.21251253 -0.21251253 -0.21251253 -0.21251253 -0.21251253 -0.21251253
 -0.21251253 -0.21251253 -0.21251253 -0.21251253 -0.21251253 -0.21251253
 -0.21251253 -0.21251253  2.97387768 -0.21251253 -0.21251253 -0.21251253
 -0.21251253 -0.21251253 -0.21251253 -0.21251253 -0.21251253  1.09202277
 -0.21251253 -0.21251253 -0.21251253 -0.21251253 -0.21251253 -0.21251253
  3.25995157 -0.21251253 -0.21251253 -0.21251253 -0.21251253  5.209889
 -0.21251253 -0.21251253 -0.21251253 -0.21251253 -0.21251253 -0.21251253
 -0.21251253 -0.21251253 -0.21251253 -0.21251253 -0.21251253 -0.21251253
 -0.21251253 -0.21251253 -0.21251253 -0.21251253 -0.21251253 -0.21251253
 -0.21251253  4.66728568 -0.21251253  3.73370345  3.28803988 -0.21251253
  3.09331804 -0.21251253 -0.21251253 -0.21251253 -0.21251253 -0.21251253
 -0.21251253 -0.21251253 -0.21251253 -0.21251253 -0.21251253 -0.21251253
 -0.21251253 -0.21251253 -0.21251253 -0.21251253 -0.21251253 -0.21251253
 -0.21251253 -0.21251253  3.05385657  5.24711242 -0.21251253  0.1825663
 -0.21251253 -0.21251253 -0.21251253 -0.21251253 -0.21251253 -0.21251253
 -0.21251253 -0.21251253  6.76487939 -0.21251253  3.64101201 -0.21251253
 -0.21251253 -0.21251253 -0.21251253 -0.21251253 -0.21251253 -0.21251253
 -0.21251253 -0.21251253 -0.21251253 -0.21251253 -0.21251253  6.46207104
  1.96705199 -0.21251253 -0.21251253 -0.21251253 -0.21251253 -0.21251253
 -0.21251253 -0.21251253 -0.21251253 -0.21251253 -0.21251253 -0.21251253
 -0.21251253 -0.21251253 -0.21251253 -0.21251253 -0.21251253 -0.21251253
  1.67179327 -0.21251253 -0.21251253 -0.21251253 -0.21251253  5.5218327
 -0.21251253  1.59200616 -0.21251253 -0.21251253 -0.21251253 -0.21251253
 -0.21251253 -0.21251253 -0.21251253 -0.21251253 -0.21251253 -0.21251253
 -0.21251253 -0.21251253 -0.21251253 -0.21251253 -0.21251253 -0.21251253
 -0.21251253 -0.21251253 -0.21251253 -0.21251253 -0.21251253 -0.21251253
 -0.21251253 -0.21251253 -0.21251253 -0.21251253 -0.21251253 -0.21251253
 -0.21251253 -0.21251253 -0.21251253 -0.21251253 -0.21251253 -0.21251253
 -0.21251253 -0.21251253 -0.21251253 -0.21251253 -0.21251253 -0.21251253
 -0.21251253 -0.21251253 -0.21251253 -0.21251253 -0.21251253 -0.21251253
 -0.21251253 -0.21251253 -0.21251253 -0.21251253 -0.21251253 -0.21251253
 -0.21251253 -0.21251253 -0.21251253 -0.21251253 -0.21251253 -0.21251253
 -0.21251253 -0.21251253 -0.21251253 -0.21251253 -0.21251253 -0.21251253
 -0.21251253 -0.21251253 -0.21251253 -0.21251253 -0.21251253 -0.21251253
 -0.21251253 -0.21251253 -0.21251253 -0.21251253 -0.21251253 -0.21251253
 -0.21251253 -0.21251253 -0.21251253 -0.21251253 -0.21251253 -0.21251253
 -0.21251253 -0.21251253 -0.21251253 -0.21251253 -0.21251253 -0.21251253
 -0.21251253 -0.21251253 -0.21251253 -0.21251253 -0.21251253 -0.21251253
 -0.21251253 -0.21251253 -0.21251253 -0.21251253 -0.21251253 -0.21251253
 -0.21251253 -0.21251253 -0.21251253 -0.21251253 -0.21251253 -0.21251253
 -0.21251253 -0.21251253 -0.21251253 -0.21251253 -0.21251253 -0.21251253
 -0.21251253 -0.21251253 -0.21251253 -0.21251253 -0.21251253 -0.21251253
 -0.21251253 -0.21251253 -0.21251253 -0.21251253 -0.21251253 -0.21251253
 -0.21251253 -0.21251253 -0.21251253 -0.21251253 -0.21251253 -0.21251253
 -0.21251253 -0.21251253 -0.21251253 -0.21251253 -0.21251253 -0.21251253
 -0.21251253 -0.21251253 -0.21251253 -0.21251253 -0.21251253 -0.21251253
 -0.21251253 -0.21251253 -0.21251253 -0.21251253 -0.21251253 -0.21251253
 -0.21251253 -0.21251253  5.12663031 -0.21251253  5.36219986  4.38770315
  6.92295581 -0.21251253 -0.21251253 -0.21251253 -0.21251253 -0.21251253
 -0.21251253 -0.21251253 -0.21251253 -0.21251253 -0.21251253 -0.21251253
 -0.21251253 -0.21251253 -0.21251253 -0.21251253 -0.21251253 -0.21251253
 -0.21251253  5.43304993 -0.21251253 -0.21251253 -0.21251253 -0.21251253
 -0.21251253 -0.21251253 -0.21251253 -0.21251253 -0.21251253 -0.21251253
 -0.21251253 -0.21251253 -0.21251253 -0.21251253 -0.21251253 -0.21251253
 -0.21251253 -0.21251253 -0.21251253 -0.21251253 -0.21251253 -0.21251253
 -0.21251253 -0.21251253 -0.21251253 -0.21251253 -0.21251253 -0.21251253
 -0.21251253 -0.21251253 -0.21251253 -0.21251253]",[-0.0216595369959888]
14,"[-0.26414817 -0.26414817 -0.26414817 -0.26414817 -0.26414817 -0.26414817
 -0.26414817 -0.26414817 -0.26414817 -0.26414817 -0.26414817 -0.26414817
 -0.26414817 -0.26414817 -0.26414817 -0.26414817 -0.26414817 -0.26414817
 -0.26414817 -0.26414817 -0.26414817 -0.26414817 -0.26414817 -0.26414817
 -0.26414817 -0.26414817 -0.26414817 -0.26414817 -0.26414817 -0.26414817
 -0.26414817 -0.26414817 -0.26414817 -0.26414817 -0.26414817 -0.26414817
 -0.26414817 -0.26414817 -0.26414817 -0.26414817 -0.26414817 -0.26414817
 -0.26414817 -0.26414817 -0.26414817 -0.26414817 -0.26414817 -0.26414817
 -0.26414817 -0.26414817 -0.26414817 -0.26414817 -0.26414817 -0.26414817
 -0.26414817 -0.26414817 -0.26414817 -0.26414817 -0.26414817 -0.26414817
 -0.26414817 -0.26414817 -0.26414817 -0.26414817 -0.26414817 -0.26414817
 -0.26414817 -0.26414817 -0.26414817 -0.26414817 -0.26414817 -0.26414817
 -0.26414817 -0.26414817 -0.26414817 -0.26414817 -0.26414817 -0.26414817
 -0.26414817 -0.26414817 -0.26414817 -0.26414817 -0.26414817  6.01617269
 -0.26414817 -0.26414817 -0.26414817 -0.26414817 -0.26414817 -0.26414817
 -0.26414817 -0.26414817  2.77927774 -0.26414817 -0.26414817 -0.26414817
 -0.26414817 -0.26414817 -0.26414817 -0.26414817 -0.26414817 -0.26414817
 -0.26414817 -0.26414817 -0.26414817 -0.26414817  0.19687398 -0.26414817
 -0.26414817 -0.26414817  0.52785962 -0.26414817 -0.26414817 -0.26414817
  1.82526766 -0.26414817 -0.26414817 -0.26414817 -0.26414817 -0.26414817
 -0.26414817 -0.26414817 -0.26414817  3.43970801  3.9546864  -0.26414817
 -0.26414817 -0.26414817 -0.26414817 -0.26414817 -0.26414817 -0.26414817
 -0.26414817 -0.26414817 -0.26414817 -0.26414817 -0.26414817 -0.26414817
 -0.26414817 -0.26414817 -0.26414817 -0.26414817 -0.26414817 -0.26414817
 -0.26414817 -0.26414817 -0.26414817 -0.26414817 -0.26414817 -0.26414817
 -0.26414817 -0.26414817 -0.26414817 -0.26414817 -0.26414817 -0.26414817
 -0.26414817 -0.26414817 -0.26414817 -0.26414817 -0.26414817 -0.26414817
 -0.26414817 -0.26414817 -0.26414817 -0.26414817 -0.26414817 -0.26414817
 -0.26414817 -0.26414817 -0.26414817 -0.26414817 -0.26414817  1.67601353
 -0.26414817 -0.26414817 -0.26414817 -0.26414817 -0.26414817 -0.26414817
 -0.26414817 -0.26414817 -0.26414817 -0.26414817 -0.26414817 -0.26414817
 -0.26414817 -0.26414817 -0.26414817 -0.26414817 -0.26414817 -0.26414817
 -0.26414817 -0.26414817 -0.26414817 -0.26414817 -0.26414817 -0.26414817
 -0.26414817 -0.26414817  2.44975437 -0.26414817 -0.26414817  0.82486267
 -0.26414817 -0.26414817 -0.26414817 -0.26414817  1.93069847 -0.26414817
  4.42219776 -0.26414817  0.24075831 -0.26414817 -0.26414817  2.88497548
 -0.26414817 -0.26414817 -0.26414817 -0.26414817 -0.26414817 -0.26414817
 -0.26414817 -0.26414817 -0.26414817 -0.26414817 -0.26414817 -0.26414817
  0.6389894  -0.26414817 -0.26414817 -0.26414817 -0.26414817 -0.26414817
 -0.26414817  4.0317549  -0.26414817  3.6685019   3.92245482 -0.26414817
  4.27220866  0.2267074  -0.26414817 -0.26414817 -0.26414817  2.52164091
 -0.26414817 -0.26414817 -0.26414817 -0.26414817 -0.26414817 -0.26414817
 -0.26414817 -0.26414817 -0.26414817 -0.26414817  4.20715387 -0.26414817
 -0.26414817 -0.26414817  4.55579969  3.11460763 -0.26414817  2.93711409
 -0.26414817 -0.26414817 -0.26414817 -0.26414817  1.8275347  -0.26414817
 -0.26414817 -0.26414817  3.40290512 -0.26414817  3.55909215 -0.26414817
 -0.26414817 -0.26414817 -0.26414817  2.21147006 -0.26414817 -0.26414817
 -0.26414817  3.94366743 -0.26414817 -0.26414817 -0.26414817  5.32164701
 -0.26414817 -0.26414817 -0.26414817 -0.26414817 -0.26414817 -0.26414817
 -0.26414817  5.7889416  -0.26414817 -0.26414817 -0.26414817 -0.26414817
 -0.26414817 -0.26414817 -0.26414817 -0.26414817  4.4420106  -0.26414817
 -0.26414817 -0.26414817 -0.26414817 -0.26414817 -0.26414817  2.71157219
 -0.26414817  0.84638417 -0.26414817 -0.26414817 -0.26414817 -0.26414817
 -0.26414817 -0.26414817 -0.26414817 -0.26414817 -0.26414817 -0.26414817
 -0.26414817 -0.26414817 -0.26414817 -0.26414817 -0.26414817 -0.26414817
 -0.26414817 -0.26414817 -0.26414817 -0.26414817 -0.26414817 -0.26414817
 -0.26414817 -0.26414817 -0.26414817 -0.26414817 -0.26414817 -0.26414817
 -0.26414817 -0.26414817 -0.26414817 -0.26414817 -0.26414817 -0.26414817
 -0.26414817 -0.26414817 -0.26414817 -0.26414817 -0.26414817 -0.26414817
 -0.26414817 -0.26414817 -0.26414817 -0.26414817 -0.26414817 -0.26414817
 -0.26414817 -0.26414817 -0.26414817 -0.26414817 -0.26414817 -0.26414817
 -0.26414817 -0.26414817 -0.26414817 -0.26414817 -0.26414817 -0.26414817
 -0.26414817 -0.26414817 -0.26414817 -0.26414817 -0.26414817 -0.26414817
 -0.26414817 -0.26414817 -0.26414817 -0.26414817 -0.26414817 -0.26414817
 -0.26414817 -0.26414817 -0.26414817 -0.26414817 -0.26414817 -0.26414817
 -0.26414817 -0.26414817 -0.26414817 -0.26414817 -0.26414817 -0.26414817
 -0.26414817 -0.26414817 -0.26414817 -0.26414817 -0.26414817 -0.26414817
 -0.26414817 -0.26414817 -0.26414817 -0.26414817 -0.26414817 -0.26414817
 -0.26414817 -0.26414817 -0.26414817 -0.26414817 -0.26414817 -0.26414817
 -0.26414817 -0.26414817 -0.26414817 -0.26414817 -0.26414817 -0.26414817
 -0.26414817 -0.26414817 -0.26414817 -0.26414817 -0.26414817  5.38616936
 -0.26414817 -0.26414817 -0.26414817 -0.26414817 -0.26414817 -0.26414817
 -0.26414817 -0.26414817 -0.26414817 -0.26414817 -0.26414817 -0.26414817
 -0.26414817 -0.26414817 -0.26414817 -0.26414817 -0.26414817 -0.26414817
  4.13367277 -0.26414817 -0.26414817 -0.26414817 -0.26414817 -0.26414817
  0.84168763 -0.26414817 -0.26414817 -0.26414817 -0.26414817 -0.26414817
 -0.26414817 -0.26414817 -0.26414817 -0.26414817 -0.26414817 -0.26414817
 -0.26414817 -0.26414817  1.73465695 -0.26414817 -0.26414817 -0.26414817
  5.32587676 -0.26414817 -0.26414817 -0.26414817 -0.26414817 -0.26414817
 -0.26414817 -0.26414817 -0.26414817 -0.26414817 -0.26414817 -0.26414817
 -0.26414817 -0.26414817 -0.26414817 -0.26414817 -0.26414817 -0.26414817
 -0.26414817  4.80542341  2.1294594  -0.26414817 -0.26414817 -0.26414817
 -0.26414817 -0.26414817 -0.26414817 -0.26414817 -0.26414817  0.32046485
 -0.26414817 -0.26414817 -0.26414817 -0.26414817 -0.26414817 -0.26414817
 -0.26414817 -0.26414817 -0.26414817 -0.26414817 -0.26414817 -0.26414817
 -0.26414817 -0.26414817 -0.26414817 -0.26414817 -0.26414817 -0.26414817
 -0.26414817 -0.26414817 -0.26414817 -0.26414817]",[0.01498366023252734]
14,"[-0.25548405 -0.25548405 -0.25548405 -0.25548405  1.76658695 -0.25548405
 -0.25548405 -0.25548405 -0.25548405 -0.25548405 -0.25548405 -0.25548405
 -0.25548405 -0.25548405 -0.25548405 -0.25548405 -0.25548405 -0.25548405
 -0.25548405 -0.25548405 -0.25548405 -0.25548405 -0.25548405 -0.25548405
 -0.25548405 -0.25548405 -0.25548405 -0.25548405 -0.25548405 -0.25548405
 -0.25548405 -0.25548405 -0.25548405 -0.25548405 -0.25548405 -0.25548405
 -0.25548405 -0.25548405 -0.25548405 -0.25548405 -0.25548405 -0.25548405
 -0.25548405 -0.25548405 -0.25548405 -0.25548405 -0.25548405 -0.25548405
 -0.25548405 -0.25548405 -0.25548405 -0.25548405 -0.25548405 -0.25548405
 -0.25548405 -0.25548405 -0.25548405 -0.25548405 -0.25548405 -0.25548405
 -0.25548405 -0.25548405 -0.25548405 -0.25548405 -0.25548405 -0.25548405
 -0.25548405 -0.25548405 -0.25548405 -0.25548405 -0.25548405 -0.25548405
 -0.25548405 -0.25548405 -0.25548405 -0.25548405 -0.25548405 -0.25548405
 -0.25548405 -0.25548405 -0.25548405 -0.25548405 -0.25548405  5.81624035
 -0.25548405 -0.25548405 -0.25548405 -0.25548405 -0.25548405  4.88311298
 -0.25548405 -0.25548405  1.82191998 -0.25548405 -0.25548405 -0.25548405
 -0.25548405 -0.25548405 -0.25548405 -0.25548405 -0.25548405 -0.25548405
 -0.25548405 -0.25548405 -0.25548405 -0.25548405 -0.25548405 -0.25548405
 -0.25548405 -0.25548405  6.0886979  -0.25548405 -0.25548405 -0.25548405
 -0.25548405 -0.25548405  1.89031378 -0.25548405 -0.25548405 -0.25548405
 -0.25548405 -0.25548405 -0.25548405 -0.25548405  5.68056347 -0.25548405
 -0.25548405 -0.25548405 -0.25548405 -0.25548405 -0.25548405 -0.25548405
 -0.25548405 -0.25548405 -0.25548405 -0.25548405 -0.25548405 -0.25548405
 -0.25548405 -0.25548405 -0.25548405 -0.25548405 -0.25548405 -0.25548405
 -0.25548405 -0.25548405 -0.25548405 -0.25548405 -0.25548405 -0.25548405
 -0.25548405 -0.25548405 -0.25548405 -0.25548405 -0.25548405 -0.25548405
 -0.25548405 -0.25548405 -0.25548405 -0.25548405 -0.25548405 -0.25548405
 -0.25548405  2.69028784 -0.25548405 -0.25548405 -0.25548405 -0.25548405
 -0.25548405 -0.25548405 -0.25548405 -0.25548405 -0.25548405 -0.25548405
 -0.25548405 -0.25548405 -0.25548405 -0.25548405 -0.25548405 -0.25548405
 -0.25548405 -0.25548405 -0.25548405 -0.25548405 -0.25548405 -0.25548405
 -0.25548405 -0.25548405 -0.25548405 -0.25548405 -0.25548405 -0.25548405
 -0.25548405 -0.25548405 -0.25548405 -0.25548405 -0.25548405 -0.25548405
 -0.25548405 -0.25548405 -0.25548405 -0.25548405 -0.25548405 -0.25548405
 -0.25548405 -0.25548405 -0.25548405 -0.25548405 -0.25548405  1.09310732
  4.1242911  -0.25548405  1.5595243  -0.25548405 -0.25548405  1.92248807
 -0.25548405 -0.25548405 -0.25548405 -0.25548405 -0.25548405 -0.25548405
 -0.25548405 -0.25548405 -0.25548405 -0.25548405 -0.25548405 -0.25548405
 -0.25548405 -0.25548405 -0.25548405 -0.25548405 -0.25548405 -0.25548405
 -0.25548405  2.06495114 -0.25548405  3.56009826  3.449788   -0.25548405
  4.21682178  1.4814139  -0.25548405 -0.25548405 -0.25548405 -0.25548405
 -0.25548405 -0.25548405 -0.25548405 -0.25548405 -0.25548405 -0.25548405
 -0.25548405 -0.25548405 -0.25548405  5.87251402  2.60509412 -0.25548405
 -0.25548405 -0.25548405  2.79813257  3.02741801 -0.25548405  1.43103859
 -0.25548405 -0.25548405 -0.25548405  2.94419168 -0.25548405 -0.25548405
 -0.25548405 -0.25548405  6.00274261 -0.25548405  3.70223666 -0.25548405
 -0.25548405  3.31091788 -0.25548405 -0.25548405  3.68938206 -0.25548405
  3.77466933  1.28407341 -0.25548405 -0.25548405 -0.25548405  5.79557463
  1.74231142  4.15520832 -0.25548405  3.21432718 -0.25548405 -0.25548405
 -0.25548405 -0.25548405 -0.25548405 -0.25548405 -0.25548405 -0.25548405
 -0.25548405 -0.25548405 -0.25548405 -0.25548405 -0.25548405 -0.25548405
 -0.25548405 -0.25548405 -0.25548405 -0.25548405 -0.25548405 -0.25548405
 -0.25548405 -0.25548405 -0.25548405 -0.25548405 -0.25548405 -0.25548405
 -0.25548405 -0.25548405 -0.25548405 -0.25548405 -0.25548405 -0.25548405
 -0.25548405 -0.25548405 -0.25548405 -0.25548405 -0.25548405 -0.25548405
 -0.25548405 -0.25548405 -0.25548405 -0.25548405 -0.25548405 -0.25548405
 -0.25548405 -0.25548405 -0.25548405 -0.25548405 -0.25548405 -0.25548405
 -0.25548405 -0.25548405 -0.25548405 -0.25548405 -0.25548405 -0.25548405
 -0.25548405 -0.25548405 -0.25548405 -0.25548405 -0.25548405 -0.25548405
 -0.25548405 -0.25548405 -0.25548405 -0.25548405 -0.25548405 -0.25548405
 -0.25548405 -0.25548405 -0.25548405 -0.25548405 -0.25548405 -0.25548405
 -0.25548405 -0.25548405 -0.25548405 -0.25548405 -0.25548405 -0.25548405
 -0.25548405 -0.25548405 -0.25548405 -0.25548405 -0.25548405 -0.25548405
 -0.25548405 -0.25548405 -0.25548405 -0.25548405 -0.25548405 -0.25548405
 -0.25548405 -0.25548405 -0.25548405 -0.25548405 -0.25548405 -0.25548405
 -0.25548405 -0.25548405 -0.25548405 -0.25548405 -0.25548405 -0.25548405
 -0.25548405 -0.25548405 -0.25548405 -0.25548405 -0.25548405 -0.25548405
 -0.25548405 -0.25548405 -0.25548405 -0.25548405 -0.25548405 -0.25548405
 -0.25548405 -0.25548405 -0.25548405 -0.25548405 -0.25548405 -0.25548405
 -0.25548405 -0.25548405 -0.25548405 -0.25548405 -0.25548405 -0.25548405
 -0.25548405 -0.25548405 -0.25548405 -0.25548405  1.94986214  5.09679588
 -0.25548405 -0.25548405 -0.25548405 -0.25548405 -0.25548405 -0.25548405
 -0.25548405 -0.25548405 -0.25548405 -0.25548405 -0.25548405 -0.25548405
 -0.25548405 -0.25548405 -0.25548405 -0.25548405 -0.25548405 -0.25548405
  3.55496025 -0.25548405 -0.25548405 -0.25548405 -0.25548405 -0.25548405
 -0.25548405 -0.25548405 -0.25548405 -0.25548405 -0.25548405 -0.25548405
 -0.25548405 -0.25548405 -0.25548405 -0.25548405 -0.25548405 -0.25548405
 -0.25548405 -0.25548405  1.01949198 -0.25548405 -0.25548405 -0.25548405
 -0.25548405 -0.25548405 -0.25548405 -0.25548405 -0.25548405 -0.25548405
 -0.25548405 -0.25548405 -0.25548405 -0.25548405 -0.25548405 -0.25548405
 -0.25548405 -0.25548405 -0.25548405 -0.25548405 -0.25548405 -0.25548405
 -0.25548405  2.06216009 -0.25548405 -0.25548405 -0.25548405 -0.25548405
 -0.25548405 -0.25548405 -0.25548405 -0.25548405 -0.25548405 -0.25548405
 -0.25548405 -0.25548405 -0.25548405 -0.25548405 -0.25548405 -0.25548405
 -0.25548405 -0.25548405 -0.25548405 -0.25548405 -0.25548405 -0.25548405
 -0.25548405 -0.25548405 -0.25548405 -0.25548405 -0.25548405 -0.25548405
 -0.25548405 -0.25548405 -0.25548405 -0.25548405]",[0.027219172871486425]
14,"[-0.20304465 -0.20304465 -0.20304465 -0.20304465 -0.20304465 -0.20304465
 -0.20304465 -0.20304465 -0.20304465 -0.20304465 -0.20304465 -0.20304465
 -0.20304465 -0.20304465 -0.20304465 -0.20304465 -0.20304465 -0.20304465
 -0.20304465 -0.20304465 -0.20304465 -0.20304465 -0.20304465 -0.20304465
 -0.20304465 -0.20304465 -0.20304465 -0.20304465 -0.20304465 -0.20304465
 -0.20304465 -0.20304465 -0.20304465 -0.20304465 -0.20304465 -0.20304465
 -0.20304465 -0.20304465 -0.20304465 -0.20304465 -0.20304465 -0.20304465
 -0.20304465 -0.20304465 -0.20304465 -0.20304465 -0.20304465 -0.20304465
 -0.20304465 -0.20304465 -0.20304465 -0.20304465 -0.20304465 -0.20304465
 -0.20304465 -0.20304465 -0.20304465 -0.20304465 -0.20304465 -0.20304465
 -0.20304465 -0.20304465 -0.20304465 -0.20304465 -0.20304465 -0.20304465
 -0.20304465 -0.20304465 -0.20304465 -0.20304465 -0.20304465 -0.20304465
 -0.20304465 -0.20304465 -0.20304465 -0.20304465 -0.20304465 -0.20304465
 -0.20304465 -0.20304465 -0.20304465 -0.20304465 -0.20304465  8.30809702
 -0.20304465 -0.20304465 -0.20304465 -0.20304465 -0.20304465 -0.20304465
 -0.20304465 -0.20304465 -0.20304465 -0.20304465 -0.20304465 -0.20304465
 -0.20304465 -0.20304465 -0.20304465 -0.20304465 -0.20304465 -0.20304465
 -0.20304465 -0.20304465 -0.20304465 -0.20304465 -0.20304465 -0.20304465
 -0.20304465 -0.20304465  0.33329691 -0.20304465 -0.20304465 -0.20304465
 -0.20304465 -0.20304465 -0.20304465 -0.20304465 -0.20304465 -0.20304465
 -0.20304465 -0.20304465 -0.20304465 -0.20304465 -0.20304465 -0.20304465
 -0.20304465 -0.20304465 -0.20304465 -0.20304465 -0.20304465 -0.20304465
 -0.20304465 -0.20304465 -0.20304465 -0.20304465 -0.20304465 -0.20304465
 -0.20304465 -0.20304465 -0.20304465 -0.20304465 -0.20304465 -0.20304465
 -0.20304465 -0.20304465 -0.20304465 -0.20304465 -0.20304465 -0.20304465
 -0.20304465 -0.20304465 -0.20304465 -0.20304465 -0.20304465 -0.20304465
 -0.20304465 -0.20304465 -0.20304465 -0.20304465 -0.20304465 -0.20304465
 -0.20304465 -0.20304465 -0.20304465 -0.20304465 -0.20304465 -0.20304465
 -0.20304465 -0.20304465 -0.20304465 -0.20304465 -0.20304465  1.48130156
 -0.20304465 -0.20304465 -0.20304465 -0.20304465 -0.20304465 -0.20304465
 -0.20304465 -0.20304465 -0.20304465 -0.20304465 -0.20304465 -0.20304465
 -0.20304465 -0.20304465 -0.20304465 -0.20304465 -0.20304465 -0.20304465
 -0.20304465 -0.20304465  3.73544665 -0.20304465 -0.20304465 -0.20304465
 -0.20304465 -0.20304465  3.84118175 -0.20304465 -0.20304465  0.68377334
 -0.20304465 -0.20304465 -0.20304465 -0.20304465 -0.20304465 -0.20304465
  3.02508023 -0.20304465 -0.20304465 -0.20304465 -0.20304465  4.96233698
 -0.20304465 -0.20304465 -0.20304465 -0.20304465 -0.20304465 -0.20304465
 -0.20304465 -0.20304465 -0.20304465 -0.20304465 -0.20304465 -0.20304465
 -0.20304465 -0.20304465 -0.20304465 -0.20304465 -0.20304465 -0.20304465
 -0.20304465  5.09697749 -0.20304465  2.19096952  4.94390221  1.48130156
  4.14476115 -0.20304465 -0.20304465 -0.20304465 -0.20304465 -0.20304465
 -0.20304465 -0.20304465 -0.20304465 -0.20304465 -0.20304465 -0.20304465
 -0.20304465 -0.20304465 -0.20304465 -0.20304465 -0.20304465 -0.20304465
 -0.20304465 -0.20304465  4.10385808  2.99425611 -0.20304465 -0.20304465
 -0.20304465 -0.20304465 -0.20304465  5.00180597 -0.20304465 -0.20304465
 -0.20304465 -0.20304465 -0.20304465 -0.20304465  5.24116806 -0.20304465
 -0.20304465 -0.20304465 -0.20304465 -0.20304465 -0.20304465 -0.20304465
 -0.20304465  1.66994235 -0.20304465 -0.20304465 -0.20304465  5.77128188
 -0.20304465 -0.20304465 -0.20304465 -0.20304465 -0.20304465 -0.20304465
 -0.20304465 -0.20304465 -0.20304465 -0.20304465 -0.20304465 -0.20304465
 -0.20304465 -0.20304465 -0.20304465 -0.20304465 -0.20304465 -0.20304465
  5.1658288  -0.20304465 -0.20304465 -0.20304465 -0.20304465  3.70803796
 -0.20304465 -0.20304465 -0.20304465 -0.20304465 -0.20304465 -0.20304465
 -0.20304465 -0.20304465 -0.20304465 -0.20304465 -0.20304465 -0.20304465
 -0.20304465 -0.20304465 -0.20304465 -0.20304465 -0.20304465 -0.20304465
 -0.20304465 -0.20304465 -0.20304465 -0.20304465 -0.20304465 -0.20304465
 -0.20304465 -0.20304465 -0.20304465 -0.20304465 -0.20304465 -0.20304465
 -0.20304465 -0.20304465 -0.20304465 -0.20304465 -0.20304465 -0.20304465
 -0.20304465 -0.20304465 -0.20304465 -0.20304465 -0.20304465 -0.20304465
 -0.20304465 -0.20304465 -0.20304465 -0.20304465 -0.20304465 -0.20304465
 -0.20304465 -0.20304465 -0.20304465 -0.20304465 -0.20304465 -0.20304465
 -0.20304465 -0.20304465 -0.20304465 -0.20304465 -0.20304465 -0.20304465
 -0.20304465 -0.20304465 -0.20304465 -0.20304465 -0.20304465 -0.20304465
 -0.20304465 -0.20304465 -0.20304465 -0.20304465 -0.20304465 -0.20304465
 -0.20304465 -0.20304465 -0.20304465 -0.20304465 -0.20304465 -0.20304465
 -0.20304465 -0.20304465 -0.20304465 -0.20304465 -0.20304465 -0.20304465
 -0.20304465 -0.20304465 -0.20304465 -0.20304465 -0.20304465 -0.20304465
 -0.20304465 -0.20304465 -0.20304465 -0.20304465 -0.20304465 -0.20304465
 -0.20304465 -0.20304465 -0.20304465 -0.20304465 -0.20304465 -0.20304465
 -0.20304465 -0.20304465 -0.20304465 -0.20304465 -0.20304465 -0.20304465
 -0.20304465 -0.20304465 -0.20304465 -0.20304465 -0.20304465 -0.20304465
 -0.20304465 -0.20304465 -0.20304465 -0.20304465 -0.20304465 -0.20304465
 -0.20304465 -0.20304465 -0.20304465 -0.20304465 -0.20304465 -0.20304465
 -0.20304465 -0.20304465 -0.20304465 -0.20304465 -0.20304465 -0.20304465
 -0.20304465 -0.20304465 -0.20304465 -0.20304465 -0.20304465 -0.20304465
 -0.20304465 -0.20304465 -0.20304465 -0.20304465 -0.20304465 -0.20304465
 -0.20304465 -0.20304465 -0.20304465 -0.20304465 -0.20304465 -0.20304465
 -0.20304465 -0.20304465  4.97796523 -0.20304465  6.45491588 -0.20304465
  7.44404957 -0.20304465 -0.20304465 -0.20304465 -0.20304465 -0.20304465
 -0.20304465 -0.20304465 -0.20304465 -0.20304465 -0.20304465 -0.20304465
 -0.20304465 -0.20304465 -0.20304465 -0.20304465 -0.20304465 -0.20304465
 -0.20304465  3.74556571 -0.20304465 -0.20304465 -0.20304465 -0.20304465
 -0.20304465 -0.20304465 -0.20304465 -0.20304465 -0.20304465 -0.20304465
 -0.20304465 -0.20304465 -0.20304465 -0.20304465 -0.20304465 -0.20304465
 -0.20304465 -0.20304465 -0.20304465 -0.20304465 -0.20304465 -0.20304465
 -0.20304465 -0.20304465 -0.20304465 -0.20304465 -0.20304465 -0.20304465
 -0.20304465 -0.20304465 -0.20304465 -0.20304465]",[-0.010950900011777398]
14,"[-0.2606769  -0.2606769  -0.2606769  -0.2606769  -0.01834213 -0.2606769
 -0.2606769  -0.2606769  -0.2606769  -0.2606769  -0.2606769  -0.2606769
 -0.2606769  -0.2606769  -0.2606769  -0.2606769  -0.2606769  -0.2606769
 -0.2606769  -0.2606769  -0.2606769  -0.2606769  -0.2606769  -0.2606769
 -0.2606769  -0.2606769  -0.2606769  -0.2606769  -0.2606769  -0.2606769
 -0.2606769  -0.2606769  -0.2606769  -0.2606769  -0.2606769  -0.2606769
 -0.2606769  -0.2606769  -0.2606769  -0.2606769  -0.2606769  -0.2606769
 -0.2606769  -0.2606769  -0.2606769  -0.2606769  -0.2606769  -0.2606769
 -0.2606769  -0.2606769  -0.2606769  -0.2606769  -0.2606769  -0.2606769
 -0.2606769  -0.2606769  -0.2606769  -0.2606769  -0.2606769  -0.2606769
 -0.2606769  -0.2606769  -0.2606769  -0.2606769  -0.2606769  -0.2606769
 -0.2606769  -0.2606769  -0.2606769  -0.2606769  -0.2606769  -0.2606769
 -0.2606769  -0.2606769  -0.2606769  -0.2606769  -0.2606769  -0.2606769
 -0.2606769  -0.2606769  -0.2606769  -0.2606769  -0.2606769   3.24608932
 -0.2606769  -0.2606769  -0.2606769  -0.2606769   0.71478389  1.69024467
 -0.2606769  -0.2606769  -0.2606769  -0.2606769  -0.2606769  -0.2606769
 -0.2606769  -0.2606769  -0.2606769  -0.2606769  -0.2606769  -0.2606769
 -0.2606769  -0.2606769  -0.2606769  -0.2606769  -0.2606769  -0.2606769
 -0.2606769  -0.2606769   6.13193673 -0.2606769  -0.2606769  -0.2606769
 -0.2606769   0.65927189  5.55992909 -0.2606769  -0.2606769  -0.2606769
 -0.2606769  -0.2606769  -0.2606769  -0.2606769   0.77823249 -0.2606769
 -0.2606769  -0.2606769  -0.2606769  -0.2606769  -0.2606769  -0.2606769
 -0.2606769  -0.2606769  -0.2606769  -0.2606769  -0.2606769  -0.2606769
 -0.2606769  -0.2606769  -0.2606769  -0.2606769  -0.2606769  -0.2606769
 -0.2606769  -0.2606769  -0.2606769  -0.2606769  -0.2606769  -0.2606769
 -0.2606769  -0.2606769  -0.2606769  -0.2606769  -0.2606769  -0.2606769
 -0.2606769  -0.2606769  -0.2606769  -0.2606769  -0.2606769  -0.2606769
 -0.2606769   1.28373344 -0.2606769  -0.2606769  -0.2606769  -0.2606769
 -0.2606769  -0.2606769  -0.2606769  -0.2606769  -0.2606769  -0.2606769
 -0.2606769  -0.2606769  -0.2606769  -0.2606769  -0.2606769  -0.2606769
 -0.2606769  -0.2606769  -0.2606769  -0.2606769  -0.2606769  -0.2606769
 -0.2606769  -0.2606769  -0.2606769  -0.2606769  -0.2606769  -0.2606769
 -0.2606769  -0.2606769  -0.2606769  -0.2606769  -0.2606769  -0.2606769
 -0.2606769  -0.2606769  -0.2606769  -0.2606769  -0.2606769  -0.2606769
 -0.2606769  -0.2606769   1.7225356  -0.2606769  -0.2606769   3.32220877
  2.64910866 -0.2606769   1.03383255 -0.2606769  -0.2606769   4.00106192
 -0.2606769  -0.2606769  -0.2606769  -0.2606769  -0.2606769  -0.2606769
 -0.2606769  -0.2606769  -0.2606769  -0.2606769  -0.2606769  -0.2606769
 -0.2606769  -0.2606769  -0.2606769  -0.2606769  -0.2606769  -0.2606769
 -0.2606769   3.05973609 -0.2606769   1.45205236  2.92113914 -0.2606769
  2.56967927  2.42169447  1.83095091  3.52416795 -0.2606769  -0.2606769
 -0.2606769  -0.2606769  -0.2606769   2.78836951 -0.2606769   5.23621676
 -0.2606769  -0.2606769  -0.2606769   5.09480519  5.3906023  -0.2606769
 -0.2606769  -0.2606769   5.7364091   4.31750696 -0.2606769   1.50281147
 -0.2606769  -0.2606769  -0.2606769  -0.2606769  -0.2606769  -0.2606769
 -0.2606769  -0.2606769   4.61675088 -0.2606769   4.10320063 -0.2606769
 -0.2606769   1.23507562 -0.2606769  -0.2606769   0.38266486 -0.2606769
  1.33023112 -0.2606769  -0.2606769  -0.2606769   4.15408656  4.78496472
 -0.2606769  -0.2606769  -0.2606769  -0.2606769  -0.2606769  -0.2606769
 -0.2606769  -0.2606769   4.70523036 -0.2606769  -0.2606769  -0.2606769
 -0.2606769  -0.2606769  -0.2606769  -0.2606769  -0.2606769  -0.2606769
 -0.2606769  -0.2606769  -0.2606769  -0.2606769  -0.2606769   1.44943163
 -0.2606769  -0.2606769  -0.2606769  -0.2606769  -0.2606769  -0.2606769
 -0.2606769  -0.2606769  -0.2606769  -0.2606769   1.83339043 -0.2606769
 -0.2606769  -0.2606769  -0.2606769  -0.2606769  -0.2606769  -0.2606769
 -0.2606769  -0.2606769  -0.2606769  -0.2606769  -0.2606769  -0.2606769
 -0.2606769  -0.2606769  -0.2606769  -0.2606769  -0.2606769  -0.2606769
 -0.2606769  -0.2606769  -0.2606769  -0.2606769  -0.2606769  -0.2606769
 -0.2606769  -0.2606769  -0.2606769  -0.2606769  -0.2606769  -0.2606769
 -0.2606769  -0.2606769  -0.2606769  -0.2606769  -0.2606769  -0.2606769
 -0.2606769  -0.2606769  -0.2606769  -0.2606769  -0.2606769  -0.2606769
 -0.2606769  -0.2606769  -0.2606769  -0.2606769  -0.2606769  -0.2606769
 -0.2606769  -0.2606769  -0.2606769  -0.2606769  -0.2606769  -0.2606769
 -0.2606769  -0.2606769  -0.2606769  -0.2606769  -0.2606769  -0.2606769
 -0.2606769  -0.2606769  -0.2606769  -0.2606769  -0.2606769  -0.2606769
 -0.2606769  -0.2606769  -0.2606769  -0.2606769  -0.2606769  -0.2606769
 -0.2606769  -0.2606769  -0.2606769  -0.2606769  -0.2606769  -0.2606769
 -0.2606769  -0.2606769  -0.2606769  -0.2606769  -0.2606769  -0.2606769
 -0.2606769  -0.2606769  -0.2606769  -0.2606769  -0.2606769  -0.2606769
 -0.2606769  -0.2606769  -0.2606769  -0.2606769  -0.2606769  -0.2606769
 -0.2606769  -0.2606769  -0.2606769  -0.2606769  -0.2606769   5.29523933
 -0.2606769  -0.2606769  -0.2606769  -0.2606769  -0.2606769  -0.2606769
 -0.2606769  -0.2606769  -0.2606769  -0.2606769  -0.2606769  -0.2606769
 -0.2606769  -0.2606769  -0.2606769  -0.2606769  -0.2606769  -0.2606769
 -0.2606769  -0.2606769  -0.2606769  -0.2606769  -0.2606769  -0.2606769
 -0.2606769  -0.2606769  -0.2606769  -0.2606769  -0.2606769  -0.2606769
 -0.2606769  -0.2606769  -0.2606769  -0.2606769  -0.2606769  -0.2606769
 -0.2606769  -0.2606769   2.8438815  -0.2606769  -0.2606769  -0.2606769
  3.23040158 -0.2606769  -0.2606769  -0.2606769  -0.2606769  -0.2606769
 -0.2606769  -0.2606769  -0.2606769  -0.2606769  -0.2606769  -0.2606769
 -0.2606769  -0.2606769  -0.2606769  -0.2606769  -0.2606769  -0.2606769
 -0.2606769   4.01824046 -0.2606769  -0.2606769  -0.2606769  -0.2606769
 -0.2606769  -0.2606769  -0.2606769  -0.2606769  -0.2606769  -0.2606769
 -0.2606769  -0.2606769  -0.2606769  -0.2606769  -0.2606769  -0.2606769
 -0.2606769  -0.2606769  -0.2606769  -0.2606769  -0.2606769  -0.2606769
 -0.2606769  -0.2606769  -0.2606769  -0.2606769  -0.2606769  -0.2606769
 -0.2606769  -0.2606769  -0.2606769  -0.2606769 ]",[-0.032020932946248304]
14,"[-0.26087209 -0.26087209 -0.26087209 -0.26087209 -0.26087209 -0.26087209
 -0.26087209 -0.26087209 -0.26087209 -0.26087209 -0.26087209 -0.26087209
 -0.26087209 -0.26087209 -0.26087209 -0.26087209 -0.26087209 -0.26087209
 -0.26087209 -0.26087209 -0.26087209 -0.26087209 -0.26087209 -0.26087209
 -0.26087209 -0.26087209 -0.26087209 -0.26087209 -0.26087209 -0.26087209
 -0.26087209 -0.26087209 -0.26087209 -0.26087209 -0.26087209 -0.26087209
 -0.26087209 -0.26087209 -0.26087209 -0.26087209 -0.26087209 -0.26087209
 -0.26087209 -0.26087209 -0.26087209 -0.26087209 -0.26087209 -0.26087209
 -0.26087209 -0.26087209 -0.26087209 -0.26087209 -0.26087209 -0.26087209
 -0.26087209 -0.26087209 -0.26087209 -0.26087209 -0.26087209 -0.26087209
 -0.26087209 -0.26087209 -0.26087209 -0.26087209 -0.26087209 -0.26087209
 -0.26087209 -0.26087209 -0.26087209 -0.26087209 -0.26087209 -0.26087209
 -0.26087209 -0.26087209 -0.26087209 -0.26087209 -0.26087209 -0.26087209
 -0.26087209 -0.26087209 -0.26087209 -0.26087209 -0.26087209  5.82513093
 -0.26087209 -0.26087209 -0.26087209 -0.26087209 -0.26087209  2.23049114
 -0.26087209 -0.26087209  1.49099616 -0.26087209 -0.26087209 -0.26087209
 -0.26087209 -0.26087209 -0.26087209 -0.26087209 -0.26087209 -0.26087209
 -0.26087209 -0.26087209 -0.26087209 -0.26087209 -0.26087209 -0.26087209
 -0.26087209 -0.26087209  0.34072989 -0.26087209 -0.26087209 -0.26087209
 -0.26087209 -0.26087209 -0.26087209 -0.26087209 -0.26087209 -0.26087209
 -0.26087209 -0.26087209 -0.26087209  2.89834167 -0.26087209 -0.26087209
 -0.26087209 -0.26087209 -0.26087209 -0.26087209 -0.26087209 -0.26087209
 -0.26087209 -0.26087209 -0.26087209 -0.26087209 -0.26087209 -0.26087209
 -0.26087209 -0.26087209 -0.26087209 -0.26087209 -0.26087209 -0.26087209
 -0.26087209 -0.26087209 -0.26087209 -0.26087209 -0.26087209 -0.26087209
 -0.26087209 -0.26087209 -0.26087209 -0.26087209 -0.26087209 -0.26087209
 -0.26087209 -0.26087209 -0.26087209 -0.26087209 -0.26087209 -0.26087209
 -0.26087209 -0.26087209 -0.26087209 -0.26087209 -0.26087209 -0.26087209
 -0.26087209 -0.26087209 -0.26087209 -0.26087209 -0.26087209 -0.26087209
 -0.26087209 -0.26087209 -0.26087209 -0.26087209 -0.26087209 -0.26087209
 -0.26087209 -0.26087209 -0.26087209 -0.26087209 -0.26087209 -0.26087209
 -0.26087209 -0.26087209 -0.26087209 -0.26087209 -0.26087209 -0.26087209
 -0.26087209 -0.26087209 -0.26087209 -0.26087209 -0.26087209 -0.26087209
 -0.26087209 -0.26087209  2.05748607 -0.26087209 -0.26087209 -0.26087209
 -0.26087209 -0.26087209 -0.26087209 -0.26087209 -0.26087209 -0.26087209
  1.94515353 -0.26087209 -0.26087209 -0.26087209 -0.26087209  2.09426359
 -0.26087209 -0.26087209 -0.26087209 -0.26087209 -0.26087209 -0.26087209
 -0.26087209 -0.26087209 -0.26087209 -0.26087209 -0.26087209 -0.26087209
 -0.26087209 -0.26087209 -0.26087209 -0.26087209 -0.26087209 -0.26087209
 -0.26087209  3.82018824 -0.26087209  2.59018805  4.19681698 -0.26087209
  2.7056319  -0.26087209  3.15555531  3.8190526  -0.26087209 -0.26087209
 -0.26087209 -0.26087209 -0.26087209 -0.26087209 -0.26087209 -0.26087209
 -0.26087209 -0.26087209  3.35634513  6.27929445  3.36914067 -0.26087209
 -0.26087209 -0.26087209  2.99229919  4.8946842  -0.26087209  2.65275483
 -0.26087209 -0.26087209 -0.26087209 -0.26087209  1.41768432 -0.26087209
  2.42645797 -0.26087209  5.50206751 -0.26087209  3.51215202  5.59635537
 -0.26087209 -0.26087209 -0.26087209 -0.26087209  4.60038609 -0.26087209
 -0.26087209  2.415105   -0.26087209 -0.26087209  5.79321154  1.15031951
  0.8155749  -0.26087209 -0.26087209 -0.26087209 -0.26087209  1.86579538
 -0.26087209 -0.26087209 -0.26087209 -0.26087209 -0.26087209 -0.26087209
 -0.26087209 -0.26087209 -0.26087209 -0.26087209  3.13583357 -0.26087209
 -0.26087209 -0.26087209 -0.26087209 -0.26087209 -0.26087209  3.55175269
 -0.26087209  0.64147527 -0.26087209 -0.26087209 -0.26087209 -0.26087209
 -0.26087209 -0.26087209 -0.26087209 -0.26087209 -0.26087209 -0.26087209
 -0.26087209 -0.26087209 -0.26087209 -0.26087209 -0.26087209 -0.26087209
 -0.26087209 -0.26087209 -0.26087209 -0.26087209 -0.26087209 -0.26087209
 -0.26087209 -0.26087209 -0.26087209 -0.26087209 -0.26087209 -0.26087209
 -0.26087209 -0.26087209 -0.26087209 -0.26087209 -0.26087209 -0.26087209
 -0.26087209 -0.26087209 -0.26087209 -0.26087209 -0.26087209 -0.26087209
 -0.26087209 -0.26087209 -0.26087209 -0.26087209 -0.26087209 -0.26087209
 -0.26087209 -0.26087209 -0.26087209 -0.26087209 -0.26087209 -0.26087209
 -0.26087209 -0.26087209 -0.26087209 -0.26087209 -0.26087209 -0.26087209
 -0.26087209 -0.26087209 -0.26087209 -0.26087209 -0.26087209 -0.26087209
 -0.26087209 -0.26087209 -0.26087209 -0.26087209 -0.26087209 -0.26087209
 -0.26087209 -0.26087209 -0.26087209 -0.26087209 -0.26087209 -0.26087209
 -0.26087209 -0.26087209 -0.26087209 -0.26087209 -0.26087209 -0.26087209
 -0.26087209 -0.26087209 -0.26087209 -0.26087209 -0.26087209 -0.26087209
 -0.26087209 -0.26087209 -0.26087209 -0.26087209 -0.26087209 -0.26087209
 -0.26087209 -0.26087209 -0.26087209 -0.26087209 -0.26087209 -0.26087209
 -0.26087209 -0.26087209 -0.26087209 -0.26087209 -0.26087209 -0.26087209
 -0.26087209 -0.26087209 -0.26087209 -0.26087209 -0.26087209 -0.26087209
 -0.26087209 -0.26087209 -0.26087209 -0.26087209 -0.26087209 -0.26087209
 -0.26087209 -0.26087209 -0.26087209 -0.26087209 -0.26087209 -0.26087209
 -0.26087209 -0.26087209 -0.26087209 -0.26087209 -0.26087209 -0.26087209
 -0.26087209 -0.26087209 -0.26087209 -0.26087209 -0.26087209 -0.26087209
  0.69231605 -0.26087209 -0.26087209 -0.26087209 -0.26087209 -0.26087209
 -0.26087209 -0.26087209 -0.26087209 -0.26087209 -0.26087209 -0.26087209
 -0.26087209 -0.26087209  3.32888088 -0.26087209 -0.26087209 -0.26087209
  3.66072579 -0.26087209 -0.26087209 -0.26087209  3.0359085  -0.26087209
 -0.26087209 -0.26087209 -0.26087209 -0.26087209 -0.26087209 -0.26087209
 -0.26087209 -0.26087209 -0.26087209 -0.26087209 -0.26087209 -0.26087209
 -0.26087209  3.30330542 -0.26087209 -0.26087209 -0.26087209 -0.26087209
 -0.26087209 -0.26087209 -0.26087209 -0.26087209 -0.26087209 -0.26087209
 -0.26087209 -0.26087209 -0.26087209 -0.26087209 -0.26087209 -0.26087209
 -0.26087209 -0.26087209 -0.26087209 -0.26087209 -0.26087209 -0.26087209
 -0.26087209 -0.26087209 -0.26087209 -0.26087209 -0.26087209 -0.26087209
 -0.26087209 -0.26087209  6.05875131 -0.26087209]",[0.004916201212405047]
14,"[-0.20709535 -0.20709535 -0.20709535 -0.20709535  0.08493294 -0.20709535
 -0.20709535 -0.20709535 -0.20709535 -0.20709535 -0.20709535 -0.20709535
 -0.20709535 -0.20709535 -0.20709535 -0.20709535 -0.20709535 -0.20709535
 -0.20709535 -0.20709535 -0.20709535 -0.20709535 -0.20709535 -0.20709535
 -0.20709535 -0.20709535 -0.20709535 -0.20709535 -0.20709535 -0.20709535
 -0.20709535 -0.20709535 -0.20709535 -0.20709535 -0.20709535 -0.20709535
 -0.20709535 -0.20709535 -0.20709535 -0.20709535 -0.20709535 -0.20709535
 -0.20709535 -0.20709535 -0.20709535 -0.20709535 -0.20709535 -0.20709535
 -0.20709535 -0.20709535 -0.20709535 -0.20709535 -0.20709535 -0.20709535
 -0.20709535 -0.20709535 -0.20709535 -0.20709535 -0.20709535 -0.20709535
 -0.20709535 -0.20709535 -0.20709535 -0.20709535 -0.20709535 -0.20709535
 -0.20709535 -0.20709535 -0.20709535 -0.20709535 -0.20709535 -0.20709535
 -0.20709535 -0.20709535 -0.20709535 -0.20709535 -0.20709535 -0.20709535
 -0.20709535 -0.20709535 -0.20709535 -0.20709535 -0.20709535  8.32731273
 -0.20709535 -0.20709535 -0.20709535 -0.20709535 -0.20709535  4.64268297
 -0.20709535 -0.20709535 -0.20709535 -0.20709535 -0.20709535 -0.20709535
 -0.20709535 -0.20709535 -0.20709535 -0.20709535 -0.20709535 -0.20709535
 -0.20709535 -0.20709535 -0.20709535 -0.20709535 -0.20709535 -0.20709535
 -0.20709535 -0.20709535  5.63243342 -0.20709535 -0.20709535 -0.20709535
 -0.20709535 -0.20709535 -0.20709535 -0.20709535 -0.20709535 -0.20709535
 -0.20709535 -0.20709535 -0.20709535 -0.20709535  5.12117112 -0.20709535
 -0.20709535 -0.20709535 -0.20709535 -0.20709535 -0.20709535 -0.20709535
 -0.20709535 -0.20709535 -0.20709535 -0.20709535 -0.20709535 -0.20709535
 -0.20709535 -0.20709535 -0.20709535 -0.20709535 -0.20709535 -0.20709535
 -0.20709535 -0.20709535 -0.20709535 -0.20709535 -0.20709535 -0.20709535
 -0.20709535 -0.20709535 -0.20709535 -0.20709535 -0.20709535 -0.20709535
 -0.20709535 -0.20709535 -0.20709535 -0.20709535 -0.20709535 -0.20709535
 -0.20709535 -0.20709535 -0.20709535 -0.20709535 -0.20709535 -0.20709535
 -0.20709535 -0.20709535 -0.20709535 -0.20709535 -0.20709535 -0.20709535
 -0.20709535 -0.20709535 -0.20709535 -0.20709535 -0.20709535 -0.20709535
 -0.20709535 -0.20709535 -0.20709535 -0.20709535 -0.20709535 -0.20709535
 -0.20709535 -0.20709535 -0.20709535 -0.20709535 -0.20709535 -0.20709535
 -0.20709535 -0.20709535 -0.20709535 -0.20709535 -0.20709535 -0.20709535
 -0.20709535 -0.20709535 -0.20709535 -0.20709535 -0.20709535 -0.20709535
 -0.20709535 -0.20709535 -0.20709535 -0.20709535 -0.20709535 -0.20709535
 -0.20709535 -0.20709535 -0.20709535 -0.20709535 -0.20709535  0.94513351
 -0.20709535 -0.20709535 -0.20709535 -0.20709535 -0.20709535 -0.20709535
 -0.20709535 -0.20709535 -0.20709535 -0.20709535 -0.20709535 -0.20709535
 -0.20709535 -0.20709535 -0.20709535 -0.20709535 -0.20709535 -0.20709535
 -0.20709535  3.31115109 -0.20709535  4.16003555  3.68828307 -0.20709535
  4.02085334 -0.20709535 -0.20709535 -0.20709535 -0.20709535 -0.20709535
 -0.20709535 -0.20709535 -0.20709535 -0.20709535 -0.20709535 -0.20709535
 -0.20709535 -0.20709535 -0.20709535  4.95115979 -0.20709535 -0.20709535
 -0.20709535 -0.20709535 -0.20709535  1.87498423 -0.20709535  2.0240039
 -0.20709535 -0.20709535 -0.20709535 -0.20709535  0.63653609 -0.20709535
  2.88987735 -0.20709535  6.32436812 -0.20709535  3.81143224  6.17928592
 -0.20709535  2.44952126 -0.20709535 -0.20709535 -0.20709535 -0.20709535
 -0.20709535  0.69949408 -0.20709535 -0.20709535 -0.20709535  5.12191395
 -0.20709535 -0.20709535 -0.20709535  1.13333252 -0.20709535 -0.20709535
 -0.20709535 -0.20709535 -0.20709535 -0.20709535 -0.20709535 -0.20709535
 -0.20709535 -0.20709535 -0.20709535 -0.20709535 -0.20709535 -0.20709535
 -0.20709535 -0.20709535 -0.20709535 -0.20709535 -0.20709535  4.43394817
 -0.20709535 -0.20709535 -0.20709535 -0.20709535 -0.20709535 -0.20709535
 -0.20709535 -0.20709535 -0.20709535 -0.20709535 -0.20709535 -0.20709535
 -0.20709535 -0.20709535 -0.20709535 -0.20709535 -0.20709535 -0.20709535
 -0.20709535 -0.20709535 -0.20709535 -0.20709535 -0.20709535 -0.20709535
 -0.20709535 -0.20709535 -0.20709535 -0.20709535 -0.20709535 -0.20709535
 -0.20709535 -0.20709535 -0.20709535 -0.20709535 -0.20709535 -0.20709535
 -0.20709535 -0.20709535 -0.20709535 -0.20709535 -0.20709535 -0.20709535
 -0.20709535 -0.20709535 -0.20709535 -0.20709535 -0.20709535 -0.20709535
 -0.20709535 -0.20709535 -0.20709535 -0.20709535 -0.20709535 -0.20709535
 -0.20709535 -0.20709535 -0.20709535 -0.20709535 -0.20709535 -0.20709535
 -0.20709535 -0.20709535 -0.20709535 -0.20709535 -0.20709535 -0.20709535
 -0.20709535 -0.20709535 -0.20709535 -0.20709535 -0.20709535 -0.20709535
 -0.20709535 -0.20709535 -0.20709535 -0.20709535 -0.20709535 -0.20709535
 -0.20709535 -0.20709535 -0.20709535 -0.20709535 -0.20709535 -0.20709535
 -0.20709535 -0.20709535 -0.20709535 -0.20709535 -0.20709535 -0.20709535
 -0.20709535 -0.20709535 -0.20709535 -0.20709535 -0.20709535 -0.20709535
 -0.20709535 -0.20709535 -0.20709535 -0.20709535 -0.20709535 -0.20709535
 -0.20709535 -0.20709535 -0.20709535 -0.20709535 -0.20709535 -0.20709535
 -0.20709535 -0.20709535 -0.20709535 -0.20709535  7.20102974 -0.20709535
 -0.20709535 -0.20709535 -0.20709535 -0.20709535 -0.20709535 -0.20709535
 -0.20709535 -0.20709535 -0.20709535 -0.20709535 -0.20709535 -0.20709535
 -0.20709535 -0.20709535 -0.20709535 -0.20709535 -0.20709535 -0.20709535
  4.22596453 -0.20709535 -0.20709535 -0.20709535 -0.20709535 -0.20709535
 -0.20709535 -0.20709535 -0.20709535 -0.20709535 -0.20709535 -0.20709535
 -0.20709535 -0.20709535 -0.20709535 -0.20709535 -0.20709535 -0.20709535
 -0.20709535 -0.20709535 -0.20709535 -0.20709535 -0.20709535 -0.20709535
 -0.20709535 -0.20709535 -0.20709535 -0.20709535 -0.20709535 -0.20709535
 -0.20709535 -0.20709535 -0.20709535 -0.20709535 -0.20709535 -0.20709535
 -0.20709535 -0.20709535 -0.20709535 -0.20709535 -0.20709535 -0.20709535
 -0.20709535  3.64821021 -0.20709535 -0.20709535 -0.20709535 -0.20709535
 -0.20709535 -0.20709535 -0.20709535 -0.20709535 -0.20709535 -0.20709535
 -0.20709535 -0.20709535 -0.20709535 -0.20709535 -0.20709535 -0.20709535
 -0.20709535 -0.20709535 -0.20709535 -0.20709535 -0.20709535 -0.20709535
 -0.20709535 -0.20709535 -0.20709535 -0.20709535 -0.20709535 -0.20709535
 -0.20709535 -0.20709535  4.5589549  -0.20709535]",[-0.04833275882697402]
14,"[-0.23950729 -0.23950729 -0.23950729 -0.23950729  0.31102648 -0.23950729
 -0.23950729 -0.23950729 -0.23950729 -0.23950729 -0.23950729 -0.23950729
 -0.23950729 -0.23950729 -0.23950729 -0.23950729 -0.23950729 -0.23950729
 -0.23950729 -0.23950729 -0.23950729 -0.23950729 -0.23950729 -0.23950729
 -0.23950729 -0.23950729 -0.23950729 -0.23950729 -0.23950729 -0.23950729
 -0.23950729 -0.23950729 -0.23950729 -0.23950729 -0.23950729 -0.23950729
 -0.23950729 -0.23950729 -0.23950729 -0.23950729 -0.23950729 -0.23950729
 -0.23950729 -0.23950729 -0.23950729 -0.23950729 -0.23950729 -0.23950729
 -0.23950729 -0.23950729 -0.23950729 -0.23950729 -0.23950729 -0.23950729
 -0.23950729 -0.23950729 -0.23950729 -0.23950729 -0.23950729 -0.23950729
 -0.23950729 -0.23950729 -0.23950729 -0.23950729 -0.23950729 -0.23950729
 -0.23950729 -0.23950729 -0.23950729 -0.23950729 -0.23950729 -0.23950729
 -0.23950729 -0.23950729 -0.23950729 -0.23950729 -0.23950729 -0.23950729
 -0.23950729 -0.23950729 -0.23950729 -0.23950729 -0.23950729  6.32379678
 -0.23950729 -0.23950729 -0.23950729 -0.23950729 -0.23950729 -0.23950729
 -0.23950729 -0.23950729  3.36983914 -0.23950729 -0.23950729 -0.23950729
 -0.23950729 -0.23950729 -0.23950729 -0.23950729 -0.23950729 -0.23950729
 -0.23950729 -0.23950729 -0.23950729 -0.23950729 -0.23950729 -0.23950729
 -0.23950729 -0.23950729 -0.23950729 -0.23950729 -0.23950729 -0.23950729
 -0.23950729 -0.23950729  0.5453289  -0.23950729 -0.23950729 -0.23950729
 -0.23950729 -0.23950729 -0.23950729 -0.23950729 -0.23950729 -0.23950729
 -0.23950729 -0.23950729 -0.23950729 -0.23950729 -0.23950729 -0.23950729
 -0.23950729 -0.23950729 -0.23950729 -0.23950729 -0.23950729 -0.23950729
 -0.23950729 -0.23950729 -0.23950729 -0.23950729 -0.23950729 -0.23950729
 -0.23950729 -0.23950729 -0.23950729 -0.23950729 -0.23950729 -0.23950729
 -0.23950729 -0.23950729 -0.23950729 -0.23950729 -0.23950729 -0.23950729
 -0.23950729 -0.23950729 -0.23950729 -0.23950729 -0.23950729 -0.23950729
 -0.23950729  0.39728106 -0.23950729 -0.23950729 -0.23950729 -0.23950729
 -0.23950729 -0.23950729 -0.23950729 -0.23950729 -0.23950729 -0.23950729
 -0.23950729 -0.23950729 -0.23950729 -0.23950729 -0.23950729 -0.23950729
 -0.23950729 -0.23950729 -0.23950729 -0.23950729 -0.23950729 -0.23950729
 -0.23950729 -0.23950729 -0.23950729 -0.23950729 -0.23950729 -0.23950729
 -0.23950729 -0.23950729 -0.23950729 -0.23950729 -0.23950729 -0.23950729
 -0.23950729 -0.23950729  3.29476053 -0.23950729 -0.23950729 -0.23950729
 -0.23950729 -0.23950729 -0.23950729 -0.23950729 -0.23950729 -0.23950729
  4.0645348  -0.23950729  2.14574609 -0.23950729  5.55512921  2.45967824
 -0.23950729 -0.23950729 -0.23950729 -0.23950729 -0.23950729 -0.23950729
 -0.23950729 -0.23950729 -0.23950729 -0.23950729 -0.23950729 -0.23950729
 -0.23950729 -0.23950729 -0.23950729 -0.23950729 -0.23950729 -0.23950729
 -0.23950729  3.86883242 -0.23950729  5.52789951  5.66224917 -0.23950729
  3.56563352 -0.23950729 -0.23950729 -0.23950729 -0.23950729 -0.23950729
 -0.23950729 -0.23950729 -0.23950729 -0.23950729 -0.23950729 -0.23950729
 -0.23950729 -0.23950729 -0.23950729  6.11808852 -0.23950729 -0.23950729
 -0.23950729 -0.23950729  2.76672628  4.87842471 -0.23950729  0.38931484
 -0.23950729 -0.23950729 -0.23950729  2.14068725  0.75520899 -0.23950729
 -0.23950729 -0.23950729  6.19312408 -0.23950729  3.14848642  2.36059694
 -0.23950729  2.78776539 -0.23950729 -0.23950729  4.42040311 -0.23950729
  2.80934261  2.42647543 -0.23950729 -0.23950729 -0.23950729  5.1562782
  2.23887977 -0.23950729 -0.23950729 -0.23950729 -0.23950729  1.31147453
 -0.23950729 -0.23950729  4.68821974 -0.23950729 -0.23950729 -0.23950729
 -0.23950729 -0.23950729 -0.23950729 -0.23950729 -0.23950729 -0.23950729
 -0.23950729 -0.23950729 -0.23950729 -0.23950729 -0.23950729  1.35640584
 -0.23950729  0.22300944 -0.23950729 -0.23950729 -0.23950729 -0.23950729
 -0.23950729 -0.23950729 -0.23950729 -0.23950729 -0.23950729 -0.23950729
 -0.23950729 -0.23950729 -0.23950729 -0.23950729 -0.23950729 -0.23950729
 -0.23950729 -0.23950729 -0.23950729 -0.23950729 -0.23950729 -0.23950729
 -0.23950729 -0.23950729 -0.23950729 -0.23950729 -0.23950729 -0.23950729
 -0.23950729 -0.23950729 -0.23950729 -0.23950729 -0.23950729 -0.23950729
 -0.23950729 -0.23950729 -0.23950729 -0.23950729 -0.23950729 -0.23950729
 -0.23950729 -0.23950729 -0.23950729 -0.23950729 -0.23950729 -0.23950729
 -0.23950729 -0.23950729 -0.23950729 -0.23950729 -0.23950729 -0.23950729
 -0.23950729 -0.23950729 -0.23950729 -0.23950729 -0.23950729 -0.23950729
 -0.23950729 -0.23950729 -0.23950729 -0.23950729 -0.23950729 -0.23950729
 -0.23950729 -0.23950729 -0.23950729 -0.23950729 -0.23950729 -0.23950729
 -0.23950729 -0.23950729 -0.23950729 -0.23950729 -0.23950729 -0.23950729
 -0.23950729 -0.23950729 -0.23950729 -0.23950729 -0.23950729 -0.23950729
 -0.23950729 -0.23950729 -0.23950729 -0.23950729 -0.23950729 -0.23950729
 -0.23950729 -0.23950729 -0.23950729 -0.23950729 -0.23950729 -0.23950729
 -0.23950729 -0.23950729 -0.23950729 -0.23950729 -0.23950729 -0.23950729
 -0.23950729 -0.23950729 -0.23950729 -0.23950729 -0.23950729 -0.23950729
 -0.23950729 -0.23950729 -0.23950729 -0.23950729 -0.23950729  4.9790481
 -0.23950729 -0.23950729 -0.23950729 -0.23950729 -0.23950729 -0.23950729
 -0.23950729 -0.23950729 -0.23950729 -0.23950729 -0.23950729 -0.23950729
 -0.23950729 -0.23950729 -0.23950729 -0.23950729 -0.23950729 -0.23950729
 -0.23950729 -0.23950729 -0.23950729 -0.23950729 -0.23950729 -0.23950729
 -0.23950729 -0.23950729 -0.23950729 -0.23950729 -0.23950729 -0.23950729
 -0.23950729 -0.23950729 -0.23950729 -0.23950729 -0.23950729 -0.23950729
 -0.23950729 -0.23950729 -0.23950729 -0.23950729  3.3204847  -0.23950729
 -0.23950729 -0.23950729 -0.23950729 -0.23950729 -0.23950729 -0.23950729
 -0.23950729 -0.23950729 -0.23950729 -0.23950729 -0.23950729 -0.23950729
 -0.23950729 -0.23950729 -0.23950729 -0.23950729 -0.23950729 -0.23950729
 -0.23950729  4.36134751 -0.23950729 -0.23950729 -0.23950729 -0.23950729
 -0.23950729 -0.23950729 -0.23950729 -0.23950729 -0.23950729 -0.23950729
 -0.23950729 -0.23950729 -0.23950729 -0.23950729 -0.23950729 -0.23950729
 -0.23950729 -0.23950729 -0.23950729 -0.23950729 -0.23950729 -0.23950729
 -0.23950729 -0.23950729 -0.23950729 -0.23950729 -0.23950729 -0.23950729
 -0.23950729 -0.23950729 -0.23950729 -0.23950729]",[-0.015287964120899666]
14,"[-0.22202433 -0.22202433 -0.22202433 -0.22202433  0.70912224 -0.22202433
 -0.22202433 -0.22202433 -0.22202433 -0.22202433 -0.22202433 -0.22202433
 -0.22202433 -0.22202433 -0.22202433 -0.22202433 -0.22202433 -0.22202433
  0.40537271 -0.22202433 -0.22202433 -0.22202433 -0.22202433 -0.22202433
 -0.22202433 -0.22202433 -0.22202433 -0.22202433 -0.22202433 -0.22202433
 -0.22202433 -0.22202433 -0.22202433 -0.22202433 -0.22202433 -0.22202433
 -0.22202433 -0.22202433 -0.22202433 -0.22202433 -0.22202433 -0.22202433
 -0.22202433 -0.22202433 -0.22202433 -0.22202433 -0.22202433 -0.22202433
 -0.22202433 -0.22202433 -0.22202433 -0.22202433 -0.22202433 -0.22202433
 -0.22202433 -0.22202433 -0.22202433 -0.22202433 -0.22202433 -0.22202433
 -0.22202433 -0.22202433 -0.22202433 -0.22202433 -0.22202433 -0.22202433
 -0.22202433 -0.22202433 -0.22202433 -0.22202433 -0.22202433 -0.22202433
 -0.22202433 -0.22202433 -0.22202433 -0.22202433 -0.22202433 -0.22202433
 -0.22202433 -0.22202433 -0.22202433 -0.22202433 -0.22202433  7.97451166
 -0.22202433 -0.22202433 -0.22202433 -0.22202433 -0.22202433 -0.22202433
 -0.22202433 -0.22202433 -0.22202433 -0.22202433 -0.22202433 -0.22202433
 -0.22202433 -0.22202433 -0.22202433 -0.22202433 -0.22202433 -0.22202433
 -0.22202433 -0.22202433 -0.22202433 -0.22202433 -0.22202433 -0.22202433
 -0.22202433 -0.22202433 -0.22202433 -0.22202433 -0.22202433 -0.22202433
 -0.22202433 -0.22202433 -0.22202433 -0.22202433 -0.22202433 -0.22202433
 -0.22202433 -0.22202433 -0.22202433 -0.22202433  5.27420766 -0.22202433
 -0.22202433 -0.22202433 -0.22202433 -0.22202433 -0.22202433 -0.22202433
 -0.22202433 -0.22202433 -0.22202433 -0.22202433 -0.22202433 -0.22202433
 -0.22202433 -0.22202433 -0.22202433 -0.22202433 -0.22202433 -0.22202433
 -0.22202433 -0.22202433 -0.22202433 -0.22202433 -0.22202433 -0.22202433
 -0.22202433 -0.22202433 -0.22202433 -0.22202433 -0.22202433 -0.22202433
 -0.22202433 -0.22202433 -0.22202433 -0.22202433 -0.22202433 -0.22202433
 -0.22202433 -0.22202433 -0.22202433 -0.22202433 -0.22202433 -0.22202433
 -0.22202433 -0.22202433 -0.22202433 -0.22202433 -0.22202433 -0.22202433
 -0.22202433 -0.22202433 -0.22202433 -0.22202433 -0.22202433 -0.22202433
 -0.22202433 -0.22202433 -0.22202433 -0.22202433 -0.22202433 -0.22202433
 -0.22202433 -0.22202433 -0.22202433 -0.22202433 -0.22202433 -0.22202433
 -0.22202433 -0.22202433 -0.22202433 -0.22202433 -0.22202433 -0.22202433
 -0.22202433 -0.22202433  2.73195667 -0.22202433 -0.22202433 -0.22202433
 -0.22202433 -0.22202433 -0.22202433 -0.22202433 -0.22202433 -0.22202433
  3.21362995 -0.22202433 -0.22202433 -0.22202433 -0.22202433  1.13856735
 -0.22202433 -0.22202433 -0.22202433 -0.22202433 -0.22202433 -0.22202433
 -0.22202433 -0.22202433 -0.22202433 -0.22202433 -0.22202433 -0.22202433
 -0.22202433 -0.22202433 -0.22202433 -0.22202433 -0.22202433 -0.22202433
 -0.22202433  3.55984641 -0.22202433  3.72842912  3.72279831 -0.22202433
  4.02218276 -0.22202433  6.13183548 -0.22202433 -0.22202433 -0.22202433
 -0.22202433 -0.22202433 -0.22202433 -0.22202433 -0.22202433 -0.22202433
 -0.22202433 -0.22202433 -0.22202433 -0.22202433  4.46214497 -0.22202433
 -0.22202433 -0.22202433 -0.22202433  2.60897445 -0.22202433  1.80441043
 -0.22202433 -0.22202433 -0.22202433  2.10455963 -0.22202433 -0.22202433
  4.26749166 -0.22202433  6.0348465  -0.22202433  3.8644154  -0.22202433
 -0.22202433 -0.22202433 -0.22202433 -0.22202433  3.66688466 -0.22202433
 -0.22202433  0.94614337 -0.22202433 -0.22202433 -0.22202433  5.30356841
 -0.22202433 -0.22202433 -0.22202433 -0.22202433 -0.22202433 -0.22202433
 -0.22202433 -0.22202433 -0.22202433 -0.22202433 -0.22202433 -0.22202433
 -0.22202433 -0.22202433 -0.22202433 -0.22202433 -0.22202433 -0.22202433
 -0.22202433 -0.22202433 -0.22202433 -0.22202433 -0.22202433  5.22819542
 -0.22202433 -0.22202433 -0.22202433 -0.22202433 -0.22202433 -0.22202433
 -0.22202433 -0.22202433 -0.22202433 -0.22202433 -0.22202433 -0.22202433
 -0.22202433 -0.22202433 -0.22202433 -0.22202433 -0.22202433 -0.22202433
 -0.22202433 -0.22202433 -0.22202433 -0.22202433 -0.22202433 -0.22202433
 -0.22202433 -0.22202433 -0.22202433 -0.22202433 -0.22202433 -0.22202433
 -0.22202433 -0.22202433 -0.22202433 -0.22202433 -0.22202433 -0.22202433
 -0.22202433 -0.22202433 -0.22202433 -0.22202433 -0.22202433 -0.22202433
 -0.22202433 -0.22202433 -0.22202433 -0.22202433 -0.22202433 -0.22202433
 -0.22202433 -0.22202433 -0.22202433 -0.22202433 -0.22202433 -0.22202433
 -0.22202433 -0.22202433 -0.22202433 -0.22202433 -0.22202433 -0.22202433
 -0.22202433 -0.22202433 -0.22202433 -0.22202433 -0.22202433 -0.22202433
 -0.22202433 -0.22202433 -0.22202433 -0.22202433 -0.22202433 -0.22202433
 -0.22202433 -0.22202433 -0.22202433 -0.22202433 -0.22202433 -0.22202433
 -0.22202433 -0.22202433 -0.22202433 -0.22202433 -0.22202433 -0.22202433
 -0.22202433 -0.22202433 -0.22202433 -0.22202433 -0.22202433 -0.22202433
 -0.22202433 -0.22202433 -0.22202433 -0.22202433 -0.22202433 -0.22202433
 -0.22202433 -0.22202433 -0.22202433 -0.22202433 -0.22202433 -0.22202433
 -0.22202433 -0.22202433 -0.22202433 -0.22202433 -0.22202433 -0.22202433
 -0.22202433 -0.22202433 -0.22202433 -0.22202433 -0.22202433  5.17390924
 -0.22202433 -0.22202433 -0.22202433 -0.22202433 -0.22202433 -0.22202433
 -0.22202433 -0.22202433 -0.22202433 -0.22202433 -0.22202433 -0.22202433
 -0.22202433 -0.22202433 -0.22202433 -0.22202433 -0.22202433 -0.22202433
 -0.22202433 -0.22202433 -0.22202433 -0.22202433 -0.22202433 -0.22202433
 -0.22202433 -0.22202433 -0.22202433 -0.22202433 -0.22202433 -0.22202433
 -0.22202433 -0.22202433 -0.22202433 -0.22202433 -0.22202433 -0.22202433
 -0.22202433 -0.22202433  3.25492388 -0.22202433 -0.22202433 -0.22202433
  5.05854062 -0.22202433 -0.22202433 -0.22202433 -0.22202433 -0.22202433
 -0.22202433 -0.22202433 -0.22202433 -0.22202433 -0.22202433 -0.22202433
 -0.22202433 -0.22202433 -0.22202433 -0.22202433 -0.22202433 -0.22202433
  3.59287224  4.40795823 -0.22202433 -0.22202433 -0.22202433 -0.22202433
 -0.22202433 -0.22202433 -0.22202433 -0.22202433 -0.22202433 -0.22202433
 -0.22202433 -0.22202433 -0.22202433 -0.22202433 -0.22202433 -0.22202433
 -0.22202433 -0.22202433 -0.22202433 -0.22202433 -0.22202433 -0.22202433
 -0.22202433 -0.22202433 -0.22202433 -0.22202433 -0.22202433 -0.22202433
 -0.22202433 -0.22202433  4.62164585 -0.22202433]",[-0.021582226583452713]
14,"[-0.21218045 -0.21218045 -0.21218045 -0.21218045 -0.21218045 -0.21218045
 -0.21218045 -0.21218045 -0.21218045 -0.21218045 -0.21218045 -0.21218045
 -0.21218045 -0.21218045 -0.21218045 -0.21218045 -0.21218045 -0.21218045
 -0.21218045 -0.21218045 -0.21218045 -0.21218045 -0.21218045 -0.21218045
 -0.21218045 -0.21218045 -0.21218045 -0.21218045 -0.21218045 -0.21218045
 -0.21218045 -0.21218045 -0.21218045 -0.21218045 -0.21218045 -0.21218045
 -0.21218045 -0.21218045 -0.21218045 -0.21218045 -0.21218045 -0.21218045
 -0.21218045 -0.21218045 -0.21218045 -0.21218045 -0.21218045 -0.21218045
 -0.21218045 -0.21218045 -0.21218045 -0.21218045 -0.21218045 -0.21218045
 -0.21218045 -0.21218045 -0.21218045 -0.21218045 -0.21218045 -0.21218045
 -0.21218045 -0.21218045 -0.21218045 -0.21218045 -0.21218045 -0.21218045
 -0.21218045 -0.21218045 -0.21218045 -0.21218045 -0.21218045 -0.21218045
 -0.21218045 -0.21218045 -0.21218045 -0.21218045 -0.21218045 -0.21218045
 -0.21218045 -0.21218045 -0.21218045 -0.21218045 -0.21218045  6.15006768
 -0.21218045 -0.21218045 -0.21218045 -0.21218045 -0.21218045 -0.21218045
 -0.21218045 -0.21218045  1.16188027 -0.21218045 -0.21218045 -0.21218045
 -0.21218045 -0.21218045 -0.21218045 -0.21218045 -0.21218045 -0.21218045
 -0.21218045 -0.21218045 -0.21218045 -0.21218045 -0.21218045 -0.21218045
 -0.21218045 -0.21218045  4.93246415 -0.21218045 -0.21218045 -0.21218045
 -0.21218045 -0.21218045 -0.21218045 -0.21218045 -0.21218045 -0.21218045
 -0.21218045 -0.21218045 -0.21218045 -0.21218045 -0.21218045 -0.21218045
 -0.21218045 -0.21218045 -0.21218045 -0.21218045 -0.21218045 -0.21218045
 -0.21218045 -0.21218045 -0.21218045 -0.21218045 -0.21218045 -0.21218045
 -0.21218045 -0.21218045 -0.21218045 -0.21218045 -0.21218045 -0.21218045
 -0.21218045 -0.21218045 -0.21218045 -0.21218045 -0.21218045 -0.21218045
 -0.21218045 -0.21218045 -0.21218045 -0.21218045 -0.21218045 -0.21218045
 -0.21218045 -0.21218045 -0.21218045 -0.21218045 -0.21218045 -0.21218045
 -0.21218045  4.50244599 -0.21218045 -0.21218045 -0.21218045 -0.21218045
 -0.21218045 -0.21218045 -0.21218045 -0.21218045 -0.21218045 -0.21218045
 -0.21218045 -0.21218045 -0.21218045 -0.21218045 -0.21218045 -0.21218045
 -0.21218045 -0.21218045 -0.21218045 -0.21218045 -0.21218045 -0.21218045
 -0.21218045 -0.21218045 -0.21218045 -0.21218045 -0.21218045 -0.21218045
 -0.21218045 -0.21218045 -0.21218045 -0.21218045 -0.21218045 -0.21218045
 -0.21218045 -0.21218045 -0.21218045 -0.21218045 -0.21218045 -0.21218045
 -0.21218045 -0.21218045 -0.21218045 -0.21218045 -0.21218045  1.70174867
  3.04367858 -0.21218045 -0.21218045 -0.21218045 -0.21218045  4.0423781
 -0.21218045 -0.21218045 -0.21218045 -0.21218045 -0.21218045 -0.21218045
 -0.21218045 -0.21218045 -0.21218045 -0.21218045 -0.21218045 -0.21218045
 -0.21218045 -0.21218045 -0.21218045 -0.21218045 -0.21218045 -0.21218045
 -0.21218045  5.11040673 -0.21218045  5.02838478  3.56299737 -0.21218045
  4.59990561 -0.21218045  4.52586435 -0.21218045 -0.21218045 -0.21218045
 -0.21218045 -0.21218045 -0.21218045 -0.21218045 -0.21218045 -0.21218045
 -0.21218045 -0.21218045 -0.21218045 -0.21218045 -0.21218045 -0.21218045
 -0.21218045 -0.21218045 -0.21218045  3.54264883 -0.21218045  0.15445085
 -0.21218045 -0.21218045 -0.21218045 -0.21218045  1.14668778 -0.21218045
 -0.21218045 -0.21218045  6.36693326 -0.21218045  3.66519523 -0.21218045
 -0.21218045 -0.21218045 -0.21218045 -0.21218045  2.32255128 -0.21218045
 -0.21218045  3.55947364 -0.21218045 -0.21218045  6.27024516  4.40938188
 -0.21218045 -0.21218045 -0.21218045 -0.21218045 -0.21218045  1.53142279
 -0.21218045 -0.21218045 -0.21218045 -0.21218045 -0.21218045 -0.21218045
 -0.21218045 -0.21218045 -0.21218045 -0.21218045 -0.21218045 -0.21218045
 -0.21218045 -0.21218045 -0.21218045 -0.21218045 -0.21218045  4.02815987
 -0.21218045 -0.21218045 -0.21218045 -0.21218045 -0.21218045 -0.21218045
 -0.21218045 -0.21218045 -0.21218045 -0.21218045 -0.21218045 -0.21218045
 -0.21218045 -0.21218045 -0.21218045 -0.21218045 -0.21218045 -0.21218045
 -0.21218045 -0.21218045 -0.21218045 -0.21218045 -0.21218045 -0.21218045
 -0.21218045 -0.21218045 -0.21218045 -0.21218045 -0.21218045 -0.21218045
 -0.21218045 -0.21218045 -0.21218045 -0.21218045 -0.21218045 -0.21218045
 -0.21218045 -0.21218045 -0.21218045 -0.21218045 -0.21218045 -0.21218045
 -0.21218045 -0.21218045 -0.21218045 -0.21218045 -0.21218045 -0.21218045
 -0.21218045 -0.21218045 -0.21218045 -0.21218045 -0.21218045 -0.21218045
 -0.21218045 -0.21218045 -0.21218045 -0.21218045 -0.21218045 -0.21218045
 -0.21218045 -0.21218045 -0.21218045 -0.21218045 -0.21218045 -0.21218045
 -0.21218045 -0.21218045 -0.21218045 -0.21218045 -0.21218045 -0.21218045
 -0.21218045 -0.21218045 -0.21218045 -0.21218045 -0.21218045 -0.21218045
 -0.21218045 -0.21218045 -0.21218045 -0.21218045 -0.21218045 -0.21218045
 -0.21218045 -0.21218045 -0.21218045 -0.21218045 -0.21218045 -0.21218045
 -0.21218045 -0.21218045 -0.21218045 -0.21218045 -0.21218045 -0.21218045
 -0.21218045 -0.21218045 -0.21218045 -0.21218045 -0.21218045 -0.21218045
 -0.21218045 -0.21218045 -0.21218045 -0.21218045 -0.21218045 -0.21218045
 -0.21218045 -0.21218045 -0.21218045 -0.21218045 -0.21218045 -0.21218045
 -0.21218045 -0.21218045 -0.21218045 -0.21218045 -0.21218045 -0.21218045
 -0.21218045 -0.21218045 -0.21218045 -0.21218045 -0.21218045 -0.21218045
 -0.21218045 -0.21218045 -0.21218045 -0.21218045 -0.21218045 -0.21218045
 -0.21218045 -0.21218045 -0.21218045 -0.21218045 -0.21218045 -0.21218045
  1.12701803 -0.21218045 -0.21218045 -0.21218045 -0.21218045 -0.21218045
 -0.21218045 -0.21218045 -0.21218045 -0.21218045 -0.21218045 -0.21218045
 -0.21218045 -0.21218045  4.19597778 -0.21218045 -0.21218045 -0.21218045
  7.56990174 -0.21218045 -0.21218045 -0.21218045 -0.21218045 -0.21218045
 -0.21218045 -0.21218045 -0.21218045 -0.21218045 -0.21218045 -0.21218045
 -0.21218045 -0.21218045 -0.21218045 -0.21218045 -0.21218045 -0.21218045
 -0.21218045  6.35269226 -0.21218045 -0.21218045 -0.21218045 -0.21218045
 -0.21218045 -0.21218045 -0.21218045 -0.21218045 -0.21218045 -0.21218045
 -0.21218045 -0.21218045 -0.21218045 -0.21218045 -0.21218045 -0.21218045
 -0.21218045 -0.21218045 -0.21218045 -0.21218045 -0.21218045 -0.21218045
 -0.21218045 -0.21218045 -0.21218045 -0.21218045 -0.21218045 -0.21218045
 -0.21218045 -0.21218045 -0.21218045 -0.21218045]",[-0.0383682326123411]
14,"[-0.23210203 -0.23210203 -0.23210203 -0.23210203  0.00817325 -0.23210203
 -0.23210203 -0.23210203 -0.23210203 -0.23210203 -0.23210203 -0.23210203
 -0.23210203 -0.23210203 -0.23210203 -0.23210203 -0.23210203 -0.23210203
 -0.23210203 -0.23210203 -0.23210203 -0.23210203 -0.23210203 -0.23210203
 -0.23210203 -0.23210203 -0.23210203 -0.23210203 -0.23210203 -0.23210203
 -0.23210203 -0.23210203 -0.23210203 -0.23210203 -0.23210203 -0.23210203
 -0.23210203 -0.23210203 -0.23210203 -0.23210203 -0.23210203 -0.23210203
 -0.23210203 -0.23210203 -0.23210203 -0.23210203 -0.23210203 -0.23210203
 -0.23210203 -0.23210203 -0.23210203 -0.23210203 -0.23210203 -0.23210203
 -0.23210203 -0.23210203 -0.23210203 -0.23210203 -0.23210203 -0.23210203
 -0.23210203 -0.23210203 -0.23210203 -0.23210203 -0.23210203 -0.23210203
 -0.23210203 -0.23210203 -0.23210203 -0.23210203 -0.23210203 -0.23210203
 -0.23210203 -0.23210203 -0.23210203 -0.23210203 -0.23210203 -0.23210203
 -0.23210203 -0.23210203 -0.23210203 -0.23210203 -0.23210203  6.77604803
 -0.23210203 -0.23210203 -0.23210203 -0.23210203 -0.23210203 -0.23210203
 -0.23210203 -0.23210203 -0.23210203 -0.23210203 -0.23210203 -0.23210203
 -0.23210203 -0.23210203 -0.23210203 -0.23210203 -0.23210203 -0.23210203
 -0.23210203 -0.23210203 -0.23210203 -0.23210203 -0.23210203 -0.23210203
 -0.23210203 -0.23210203  7.08219873 -0.23210203 -0.23210203 -0.23210203
 -0.23210203 -0.23210203 -0.23210203 -0.23210203 -0.23210203 -0.23210203
 -0.23210203 -0.23210203 -0.23210203 -0.23210203 -0.23210203 -0.23210203
 -0.23210203 -0.23210203 -0.23210203 -0.23210203 -0.23210203 -0.23210203
 -0.23210203 -0.23210203 -0.23210203 -0.23210203 -0.23210203 -0.23210203
 -0.23210203 -0.23210203 -0.23210203 -0.23210203 -0.23210203 -0.23210203
 -0.23210203 -0.23210203 -0.23210203 -0.23210203 -0.23210203 -0.23210203
 -0.23210203 -0.23210203 -0.23210203 -0.23210203 -0.23210203 -0.23210203
 -0.23210203 -0.23210203 -0.23210203 -0.23210203 -0.23210203 -0.23210203
 -0.23210203  0.59227573 -0.23210203 -0.23210203 -0.23210203 -0.23210203
 -0.23210203 -0.23210203 -0.23210203 -0.23210203 -0.23210203 -0.23210203
 -0.23210203 -0.23210203 -0.23210203 -0.23210203 -0.23210203 -0.23210203
 -0.23210203 -0.23210203 -0.23210203 -0.23210203 -0.23210203 -0.23210203
 -0.23210203 -0.23210203 -0.23210203 -0.23210203 -0.23210203 -0.23210203
 -0.23210203 -0.23210203 -0.23210203 -0.23210203 -0.23210203 -0.23210203
 -0.23210203 -0.23210203 -0.23210203 -0.23210203 -0.23210203 -0.23210203
 -0.23210203 -0.23210203 -0.23210203 -0.23210203 -0.23210203 -0.23210203
  2.77521173 -0.23210203  0.8054103  -0.23210203 -0.23210203  2.24145838
 -0.23210203 -0.23210203 -0.23210203 -0.23210203 -0.23210203 -0.23210203
 -0.23210203 -0.23210203 -0.23210203 -0.23210203 -0.23210203 -0.23210203
 -0.23210203 -0.23210203 -0.23210203 -0.23210203 -0.23210203 -0.23210203
 -0.23210203  2.62659367 -0.23210203  2.6387732   3.72618614 -0.23210203
  3.37942772 -0.23210203 -0.23210203  2.02801783 -0.23210203 -0.23210203
 -0.23210203 -0.23210203 -0.23210203 -0.23210203 -0.23210203 -0.23210203
 -0.23210203 -0.23210203 -0.23210203 -0.23210203  3.27766673 -0.23210203
 -0.23210203 -0.23210203 -0.23210203  3.10793142 -0.23210203  2.58284521
 -0.23210203 -0.23210203 -0.23210203 -0.23210203 -0.23210203 -0.23210203
  0.35695512 -0.23210203  5.93864218 -0.23210203  3.27509849  5.70480098
 -0.23210203  2.34024775 -0.23210203 -0.23210203  2.47646804 -0.23210203
  3.0339191   1.42041529 -0.23210203 -0.23210203 -0.23210203  4.38113655
 -0.23210203 -0.23210203 -0.23210203 -0.23210203 -0.23210203  2.64664088
 -0.23210203 -0.23210203 -0.23210203 -0.23210203 -0.23210203 -0.23210203
 -0.23210203 -0.23210203 -0.23210203 -0.23210203  5.10927516 -0.23210203
  3.71842939 -0.23210203 -0.23210203 -0.23210203 -0.23210203  2.27078963
 -0.23210203 -0.23210203 -0.23210203 -0.23210203 -0.23210203 -0.23210203
 -0.23210203 -0.23210203 -0.23210203 -0.23210203 -0.23210203 -0.23210203
 -0.23210203 -0.23210203 -0.23210203 -0.23210203 -0.23210203 -0.23210203
 -0.23210203 -0.23210203 -0.23210203 -0.23210203 -0.23210203 -0.23210203
 -0.23210203 -0.23210203 -0.23210203 -0.23210203 -0.23210203 -0.23210203
 -0.23210203 -0.23210203 -0.23210203 -0.23210203 -0.23210203 -0.23210203
 -0.23210203 -0.23210203 -0.23210203 -0.23210203 -0.23210203 -0.23210203
 -0.23210203 -0.23210203 -0.23210203 -0.23210203 -0.23210203 -0.23210203
 -0.23210203 -0.23210203 -0.23210203 -0.23210203 -0.23210203 -0.23210203
 -0.23210203 -0.23210203 -0.23210203 -0.23210203 -0.23210203 -0.23210203
 -0.23210203 -0.23210203 -0.23210203 -0.23210203 -0.23210203 -0.23210203
 -0.23210203 -0.23210203 -0.23210203 -0.23210203 -0.23210203 -0.23210203
 -0.23210203 -0.23210203 -0.23210203  3.48949557 -0.23210203 -0.23210203
 -0.23210203 -0.23210203 -0.23210203 -0.23210203 -0.23210203 -0.23210203
 -0.23210203 -0.23210203 -0.23210203 -0.23210203 -0.23210203 -0.23210203
 -0.23210203 -0.23210203 -0.23210203 -0.23210203 -0.23210203 -0.23210203
 -0.23210203 -0.23210203 -0.23210203 -0.23210203 -0.23210203 -0.23210203
 -0.23210203 -0.23210203 -0.23210203 -0.23210203 -0.23210203 -0.23210203
 -0.23210203 -0.23210203 -0.23210203 -0.23210203  6.35332205 -0.23210203
 -0.23210203 -0.23210203 -0.23210203 -0.23210203 -0.23210203 -0.23210203
 -0.23210203 -0.23210203 -0.23210203 -0.23210203 -0.23210203 -0.23210203
 -0.23210203 -0.23210203 -0.23210203 -0.23210203 -0.23210203 -0.23210203
 -0.23210203 -0.23210203 -0.23210203 -0.23210203 -0.23210203 -0.23210203
 -0.23210203 -0.23210203 -0.23210203 -0.23210203 -0.23210203 -0.23210203
 -0.23210203 -0.23210203 -0.23210203 -0.23210203 -0.23210203 -0.23210203
 -0.23210203 -0.23210203  3.71166121 -0.23210203 -0.23210203 -0.23210203
  7.68976225 -0.23210203 -0.23210203 -0.23210203 -0.23210203 -0.23210203
 -0.23210203 -0.23210203 -0.23210203 -0.23210203 -0.23210203 -0.23210203
 -0.23210203 -0.23210203 -0.23210203 -0.23210203 -0.23210203 -0.23210203
 -0.23210203  3.54629558 -0.23210203 -0.23210203 -0.23210203 -0.23210203
 -0.23210203 -0.23210203 -0.23210203 -0.23210203 -0.23210203 -0.23210203
 -0.23210203 -0.23210203 -0.23210203 -0.23210203 -0.23210203 -0.23210203
 -0.23210203 -0.23210203 -0.23210203 -0.23210203 -0.23210203 -0.23210203
 -0.23210203 -0.23210203 -0.23210203 -0.23210203 -0.23210203 -0.23210203
 -0.23210203 -0.23210203  1.69001364 -0.23210203]",[-0.02084886992682125]
14,"[-0.29266982 -0.29266982 -0.29266982 -0.29266982  0.1764624  -0.29266982
 -0.29266982 -0.29266982 -0.29266982 -0.29266982 -0.29266982 -0.29266982
 -0.29266982 -0.29266982 -0.29266982 -0.29266982 -0.29266982 -0.29266982
 -0.29266982 -0.29266982 -0.29266982 -0.29266982 -0.29266982 -0.29266982
 -0.29266982 -0.29266982 -0.29266982 -0.29266982 -0.29266982 -0.29266982
 -0.29266982 -0.29266982 -0.29266982 -0.29266982 -0.29266982 -0.29266982
 -0.29266982 -0.29266982 -0.29266982 -0.29266982 -0.29266982 -0.29266982
 -0.29266982 -0.29266982 -0.29266982 -0.29266982 -0.29266982 -0.29266982
 -0.29266982 -0.29266982 -0.29266982 -0.29266982 -0.29266982 -0.29266982
 -0.29266982 -0.29266982 -0.29266982 -0.29266982 -0.29266982 -0.29266982
 -0.29266982 -0.29266982 -0.29266982 -0.29266982 -0.29266982 -0.29266982
 -0.29266982 -0.29266982 -0.29266982 -0.29266982 -0.29266982 -0.29266982
 -0.29266982 -0.29266982 -0.29266982 -0.29266982 -0.29266982 -0.29266982
 -0.29266982 -0.29266982 -0.29266982 -0.29266982 -0.29266982  5.64188729
 -0.29266982 -0.29266982  1.69940344  1.55743478 -0.29266982  3.87230175
 -0.29266982 -0.29266982 -0.29266982 -0.29266982 -0.29266982 -0.29266982
 -0.29266982 -0.29266982 -0.29266982 -0.29266982 -0.29266982 -0.29266982
 -0.29266982 -0.29266982 -0.29266982 -0.29266982 -0.29266982 -0.29266982
 -0.29266982 -0.29266982  4.60820675 -0.29266982  4.14083362 -0.29266982
 -0.29266982 -0.29266982  3.39646637 -0.29266982 -0.29266982 -0.29266982
 -0.29266982 -0.29266982  4.48597049 -0.29266982  3.52708192 -0.29266982
 -0.29266982 -0.29266982 -0.29266982 -0.29266982 -0.29266982 -0.29266982
 -0.29266982 -0.29266982 -0.29266982 -0.29266982 -0.29266982 -0.29266982
 -0.29266982 -0.29266982 -0.29266982 -0.29266982 -0.29266982 -0.29266982
 -0.29266982 -0.29266982 -0.29266982 -0.29266982 -0.29266982 -0.29266982
 -0.29266982 -0.29266982 -0.29266982 -0.29266982 -0.29266982 -0.29266982
 -0.29266982 -0.29266982 -0.29266982 -0.29266982 -0.29266982 -0.29266982
 -0.29266982  1.45556608 -0.29266982 -0.29266982 -0.29266982 -0.29266982
 -0.29266982 -0.29266982 -0.29266982 -0.29266982 -0.29266982 -0.29266982
 -0.29266982 -0.29266982 -0.29266982 -0.29266982 -0.29266982 -0.29266982
 -0.29266982 -0.29266982 -0.29266982 -0.29266982 -0.29266982 -0.29266982
 -0.29266982 -0.29266982 -0.29266982 -0.29266982 -0.29266982 -0.29266982
 -0.29266982 -0.29266982 -0.29266982 -0.29266982 -0.29266982 -0.29266982
 -0.29266982 -0.29266982  2.78300111 -0.29266982 -0.29266982 -0.29266982
 -0.29266982 -0.29266982 -0.29266982 -0.29266982 -0.29266982 -0.29266982
  2.81996284 -0.29266982  1.542034   -0.29266982 -0.29266982  1.43509786
 -0.29266982 -0.29266982 -0.29266982 -0.29266982 -0.29266982 -0.29266982
 -0.29266982 -0.29266982 -0.29266982 -0.29266982 -0.29266982 -0.29266982
 -0.29266982 -0.29266982 -0.29266982 -0.29266982 -0.29266982 -0.29266982
 -0.29266982  3.14947043 -0.29266982  4.2483963   4.13969508 -0.29266982
  2.81240839  1.073925    1.41803818  2.37053987  3.21545654 -0.29266982
 -0.29266982 -0.29266982 -0.29266982 -0.29266982 -0.29266982 -0.29266982
 -0.29266982 -0.29266982 -0.29266982  6.08942439  3.40067701 -0.29266982
 -0.29266982 -0.29266982  4.43397607  2.49334669 -0.29266982  1.91345783
 -0.29266982 -0.29266982 -0.29266982  2.05634226  1.06361169 -0.29266982
  2.14910766 -0.29266982  4.72743806 -0.29266982  2.989797    3.8876642
 -0.29266982  2.49028901 -0.29266982 -0.29266982  4.47438749 -0.29266982
  2.19086523  1.04566777 -0.29266982 -0.29266982  1.01480151  2.69854046
 -0.29266982 -0.29266982 -0.29266982  1.6404776  -0.29266982  2.20751811
 -0.29266982 -0.29266982 -0.29266982 -0.29266982 -0.29266982 -0.29266982
 -0.29266982 -0.29266982 -0.29266982 -0.29266982  3.00560807 -0.29266982
 -0.29266982 -0.29266982 -0.29266982 -0.29266982 -0.29266982 -0.29266982
 -0.29266982 -0.29266982 -0.29266982 -0.29266982 -0.29266982 -0.29266982
 -0.29266982 -0.29266982 -0.29266982 -0.29266982 -0.29266982 -0.29266982
 -0.29266982 -0.29266982 -0.29266982 -0.29266982 -0.29266982 -0.29266982
 -0.29266982 -0.29266982 -0.29266982 -0.29266982 -0.29266982 -0.29266982
 -0.29266982 -0.29266982 -0.29266982 -0.29266982 -0.29266982 -0.29266982
 -0.29266982 -0.29266982 -0.29266982 -0.29266982 -0.29266982 -0.29266982
 -0.29266982 -0.29266982 -0.29266982 -0.29266982 -0.29266982 -0.29266982
 -0.29266982 -0.29266982 -0.29266982 -0.29266982 -0.29266982 -0.29266982
 -0.29266982 -0.29266982 -0.29266982 -0.29266982 -0.29266982 -0.29266982
 -0.29266982 -0.29266982 -0.29266982 -0.29266982 -0.29266982 -0.29266982
 -0.29266982 -0.29266982 -0.29266982 -0.29266982 -0.29266982 -0.29266982
 -0.29266982 -0.29266982 -0.29266982 -0.29266982 -0.29266982 -0.29266982
 -0.29266982 -0.29266982 -0.29266982 -0.29266982 -0.29266982 -0.29266982
 -0.29266982 -0.29266982 -0.29266982 -0.29266982 -0.29266982 -0.29266982
 -0.29266982 -0.29266982 -0.29266982 -0.29266982 -0.29266982 -0.29266982
 -0.29266982 -0.29266982 -0.29266982 -0.29266982 -0.29266982 -0.29266982
 -0.29266982 -0.29266982 -0.29266982 -0.29266982 -0.29266982 -0.29266982
 -0.29266982 -0.29266982 -0.29266982 -0.29266982 -0.29266982 -0.29266982
 -0.29266982 -0.29266982 -0.29266982 -0.29266982  3.02291597  3.76309933
 -0.29266982 -0.29266982 -0.29266982 -0.29266982 -0.29266982 -0.29266982
 -0.29266982 -0.29266982 -0.29266982 -0.29266982 -0.29266982 -0.29266982
 -0.29266982 -0.29266982 -0.29266982 -0.29266982 -0.29266982 -0.29266982
  2.95147567 -0.29266982 -0.29266982 -0.29266982 -0.29266982 -0.29266982
 -0.29266982 -0.29266982 -0.29266982 -0.29266982 -0.29266982 -0.29266982
 -0.29266982 -0.29266982 -0.29266982 -0.29266982 -0.29266982 -0.29266982
 -0.29266982 -0.29266982  2.12653186 -0.29266982 -0.29266982 -0.29266982
 -0.29266982 -0.29266982 -0.29266982 -0.29266982 -0.29266982 -0.29266982
 -0.29266982 -0.29266982 -0.29266982 -0.29266982 -0.29266982 -0.29266982
 -0.29266982 -0.29266982 -0.29266982 -0.29266982 -0.29266982 -0.29266982
 -0.29266982 -0.29266982 -0.29266982 -0.29266982 -0.29266982 -0.29266982
 -0.29266982 -0.29266982 -0.29266982 -0.29266982 -0.29266982 -0.29266982
 -0.29266982 -0.29266982 -0.29266982 -0.29266982 -0.29266982 -0.29266982
 -0.29266982 -0.29266982 -0.29266982 -0.29266982 -0.29266982 -0.29266982
 -0.29266982 -0.29266982 -0.29266982 -0.29266982 -0.29266982 -0.29266982
 -0.29266982 -0.29266982  4.73349404 -0.29266982]",[0.037868552951005496]
14,"[-0.21628562 -0.21628562 -0.21628562 -0.21628562 -0.21628562 -0.21628562
 -0.21628562 -0.21628562 -0.21628562 -0.21628562 -0.21628562 -0.21628562
 -0.21628562 -0.21628562 -0.21628562 -0.21628562 -0.21628562 -0.21628562
 -0.21628562 -0.21628562 -0.21628562 -0.21628562 -0.21628562 -0.21628562
 -0.21628562 -0.21628562 -0.21628562 -0.21628562 -0.21628562 -0.21628562
 -0.21628562 -0.21628562 -0.21628562 -0.21628562 -0.21628562 -0.21628562
 -0.21628562 -0.21628562 -0.21628562 -0.21628562 -0.21628562 -0.21628562
 -0.21628562 -0.21628562 -0.21628562 -0.21628562 -0.21628562 -0.21628562
 -0.21628562 -0.21628562 -0.21628562 -0.21628562 -0.21628562 -0.21628562
 -0.21628562 -0.21628562 -0.21628562 -0.21628562 -0.21628562 -0.21628562
 -0.21628562 -0.21628562 -0.21628562 -0.21628562 -0.21628562 -0.21628562
 -0.21628562 -0.21628562 -0.21628562 -0.21628562 -0.21628562 -0.21628562
 -0.21628562 -0.21628562 -0.21628562 -0.21628562 -0.21628562 -0.21628562
 -0.21628562 -0.21628562 -0.21628562 -0.21628562 -0.21628562  7.38899159
 -0.21628562 -0.21628562 -0.21628562 -0.21628562 -0.21628562  5.64630671
 -0.21628562 -0.21628562  2.40533095 -0.21628562 -0.21628562 -0.21628562
 -0.21628562 -0.21628562 -0.21628562 -0.21628562 -0.21628562 -0.21628562
 -0.21628562 -0.21628562 -0.21628562 -0.21628562 -0.21628562 -0.21628562
 -0.21628562 -0.21628562  5.810024   -0.21628562 -0.21628562 -0.21628562
 -0.21628562 -0.21628562 -0.21628562 -0.21628562 -0.21628562 -0.21628562
 -0.21628562 -0.21628562 -0.21628562  0.19916056 -0.21628562 -0.21628562
 -0.21628562 -0.21628562 -0.21628562 -0.21628562 -0.21628562 -0.21628562
 -0.21628562 -0.21628562 -0.21628562 -0.21628562 -0.21628562 -0.21628562
 -0.21628562 -0.21628562 -0.21628562 -0.21628562 -0.21628562 -0.21628562
 -0.21628562 -0.21628562 -0.21628562 -0.21628562 -0.21628562 -0.21628562
 -0.21628562 -0.21628562 -0.21628562 -0.21628562 -0.21628562 -0.21628562
 -0.21628562 -0.21628562 -0.21628562 -0.21628562 -0.21628562 -0.21628562
 -0.21628562 -0.21628562 -0.21628562 -0.21628562 -0.21628562 -0.21628562
 -0.21628562 -0.21628562 -0.21628562 -0.21628562 -0.21628562 -0.21628562
 -0.21628562 -0.21628562 -0.21628562 -0.21628562 -0.21628562 -0.21628562
 -0.21628562 -0.21628562 -0.21628562 -0.21628562 -0.21628562 -0.21628562
 -0.21628562 -0.21628562 -0.21628562 -0.21628562 -0.21628562 -0.21628562
 -0.21628562 -0.21628562  3.60971749 -0.21628562 -0.21628562 -0.21628562
 -0.21628562 -0.21628562 -0.21628562 -0.21628562 -0.21628562 -0.21628562
 -0.21628562 -0.21628562 -0.21628562 -0.21628562 -0.21628562  4.9830415
  4.80507688 -0.21628562  1.85739391 -0.21628562  1.94417063  3.8461931
 -0.21628562 -0.21628562  0.27481407 -0.21628562 -0.21628562 -0.21628562
 -0.21628562  0.22847333 -0.21628562 -0.21628562 -0.21628562 -0.21628562
 -0.21628562 -0.21628562 -0.21628562 -0.21628562 -0.21628562 -0.21628562
 -0.21628562  3.93835398 -0.21628562 -0.21628562  3.78026408 -0.21628562
  5.21396756  4.02568256 -0.21628562 -0.21628562 -0.21628562 -0.21628562
 -0.21628562 -0.21628562 -0.21628562 -0.21628562 -0.21628562 -0.21628562
 -0.21628562 -0.21628562 -0.21628562 -0.21628562 -0.21628562 -0.21628562
 -0.21628562 -0.21628562  3.88178751  3.79690439 -0.21628562 -0.21628562
 -0.21628562 -0.21628562 -0.21628562 -0.21628562  2.67333018 -0.21628562
 -0.21628562 -0.21628562 -0.21628562 -0.21628562  4.44882138 -0.21628562
 -0.21628562 -0.21628562 -0.21628562 -0.21628562 -0.21628562 -0.21628562
 -0.21628562  3.43623172 -0.21628562 -0.21628562 -0.21628562  6.17809175
 -0.21628562 -0.21628562 -0.21628562 -0.21628562 -0.21628562 -0.21628562
 -0.21628562 -0.21628562 -0.21628562 -0.21628562 -0.21628562 -0.21628562
 -0.21628562 -0.21628562 -0.21628562 -0.21628562 -0.21628562 -0.21628562
 -0.21628562 -0.21628562 -0.21628562 -0.21628562 -0.21628562  4.75923354
 -0.21628562 -0.21628562 -0.21628562 -0.21628562 -0.21628562 -0.21628562
 -0.21628562 -0.21628562 -0.21628562 -0.21628562 -0.21628562 -0.21628562
 -0.21628562 -0.21628562 -0.21628562 -0.21628562 -0.21628562 -0.21628562
 -0.21628562 -0.21628562 -0.21628562 -0.21628562 -0.21628562 -0.21628562
 -0.21628562 -0.21628562 -0.21628562 -0.21628562 -0.21628562 -0.21628562
 -0.21628562 -0.21628562 -0.21628562 -0.21628562 -0.21628562 -0.21628562
 -0.21628562 -0.21628562 -0.21628562 -0.21628562 -0.21628562 -0.21628562
 -0.21628562 -0.21628562 -0.21628562 -0.21628562 -0.21628562 -0.21628562
 -0.21628562 -0.21628562 -0.21628562 -0.21628562 -0.21628562 -0.21628562
 -0.21628562 -0.21628562 -0.21628562 -0.21628562 -0.21628562 -0.21628562
 -0.21628562 -0.21628562 -0.21628562 -0.21628562 -0.21628562 -0.21628562
 -0.21628562 -0.21628562 -0.21628562 -0.21628562 -0.21628562 -0.21628562
 -0.21628562 -0.21628562 -0.21628562 -0.21628562 -0.21628562 -0.21628562
 -0.21628562 -0.21628562 -0.21628562 -0.21628562 -0.21628562 -0.21628562
 -0.21628562 -0.21628562 -0.21628562 -0.21628562 -0.21628562 -0.21628562
 -0.21628562 -0.21628562 -0.21628562 -0.21628562 -0.21628562 -0.21628562
 -0.21628562 -0.21628562 -0.21628562 -0.21628562 -0.21628562 -0.21628562
 -0.21628562 -0.21628562 -0.21628562 -0.21628562 -0.21628562 -0.21628562
 -0.21628562 -0.21628562 -0.21628562 -0.21628562 -0.21628562 -0.21628562
 -0.21628562 -0.21628562 -0.21628562 -0.21628562 -0.21628562 -0.21628562
 -0.21628562 -0.21628562 -0.21628562 -0.21628562 -0.21628562 -0.21628562
 -0.21628562 -0.21628562 -0.21628562 -0.21628562 -0.21628562 -0.21628562
 -0.21628562 -0.21628562 -0.21628562 -0.21628562 -0.21628562 -0.21628562
  1.91531972 -0.21628562 -0.21628562 -0.21628562 -0.21628562 -0.21628562
 -0.21628562 -0.21628562 -0.21628562 -0.21628562 -0.21628562 -0.21628562
 -0.21628562 -0.21628562  3.66216963 -0.21628562 -0.21628562 -0.21628562
  5.93522252 -0.21628562 -0.21628562 -0.21628562 -0.21628562 -0.21628562
 -0.21628562 -0.21628562 -0.21628562 -0.21628562 -0.21628562 -0.21628562
 -0.21628562 -0.21628562 -0.21628562 -0.21628562 -0.21628562 -0.21628562
 -0.21628562  5.76845035 -0.21628562 -0.21628562 -0.21628562 -0.21628562
 -0.21628562 -0.21628562 -0.21628562 -0.21628562 -0.21628562 -0.21628562
 -0.21628562 -0.21628562 -0.21628562 -0.21628562 -0.21628562 -0.21628562
 -0.21628562 -0.21628562 -0.21628562 -0.21628562 -0.21628562 -0.21628562
 -0.21628562 -0.21628562 -0.21628562 -0.21628562 -0.21628562 -0.21628562
 -0.21628562 -0.21628562 -0.21628562 -0.21628562]",[0.019661651614463843]
14,"[-0.28476076 -0.28476076 -0.28476076 -0.28476076  3.07697429 -0.28476076
 -0.28476076 -0.28476076 -0.28476076 -0.28476076 -0.28476076 -0.28476076
 -0.28476076 -0.28476076 -0.28476076 -0.28476076 -0.28476076 -0.28476076
 -0.28476076 -0.28476076 -0.28476076 -0.28476076 -0.28476076 -0.28476076
 -0.28476076 -0.28476076 -0.28476076 -0.28476076 -0.28476076 -0.28476076
 -0.28476076 -0.28476076 -0.28476076 -0.28476076 -0.28476076 -0.28476076
 -0.28476076 -0.28476076 -0.28476076 -0.28476076 -0.28476076 -0.28476076
 -0.28476076 -0.28476076 -0.28476076 -0.28476076 -0.28476076 -0.28476076
 -0.28476076 -0.28476076 -0.28476076 -0.28476076 -0.28476076 -0.28476076
 -0.28476076 -0.28476076 -0.28476076 -0.28476076 -0.28476076 -0.28476076
 -0.28476076 -0.28476076 -0.28476076 -0.28476076 -0.28476076 -0.28476076
 -0.28476076 -0.28476076 -0.28476076 -0.28476076 -0.28476076 -0.28476076
 -0.28476076 -0.28476076 -0.28476076 -0.28476076 -0.28476076 -0.28476076
 -0.28476076 -0.28476076 -0.28476076 -0.28476076 -0.28476076  3.997698
 -0.28476076 -0.28476076 -0.28476076 -0.28476076 -0.28476076  2.55832456
 -0.28476076 -0.28476076 -0.28476076 -0.28476076 -0.28476076 -0.28476076
 -0.28476076 -0.28476076 -0.28476076 -0.28476076 -0.28476076 -0.28476076
 -0.28476076 -0.28476076 -0.28476076 -0.28476076 -0.28476076 -0.28476076
  0.24230967 -0.28476076  5.64562152 -0.28476076 -0.28476076 -0.28476076
 -0.28476076  3.56137425  5.05748736 -0.28476076 -0.28476076 -0.28476076
 -0.28476076 -0.28476076 -0.28476076  0.15370351  4.42675621 -0.28476076
 -0.28476076 -0.28476076 -0.28476076 -0.28476076 -0.28476076 -0.28476076
 -0.28476076 -0.28476076 -0.28476076 -0.28476076 -0.28476076 -0.28476076
 -0.28476076 -0.28476076 -0.28476076 -0.28476076 -0.28476076 -0.28476076
 -0.28476076 -0.28476076 -0.28476076 -0.28476076 -0.28476076 -0.28476076
 -0.28476076 -0.28476076 -0.28476076 -0.28476076 -0.28476076 -0.28476076
 -0.28476076 -0.28476076 -0.28476076 -0.28476076 -0.28476076 -0.28476076
 -0.28476076  1.89320943 -0.28476076 -0.28476076 -0.28476076 -0.28476076
 -0.28476076 -0.28476076 -0.28476076 -0.28476076 -0.28476076  1.03833788
 -0.28476076 -0.28476076 -0.28476076 -0.28476076 -0.28476076 -0.28476076
 -0.28476076 -0.28476076 -0.28476076 -0.28476076 -0.28476076 -0.28476076
 -0.28476076 -0.28476076 -0.28476076 -0.28476076 -0.28476076 -0.28476076
 -0.28476076 -0.28476076 -0.28476076 -0.28476076 -0.28476076 -0.28476076
 -0.28476076 -0.28476076 -0.28476076 -0.28476076 -0.28476076  0.28952383
 -0.28476076 -0.28476076 -0.28476076 -0.28476076 -0.28476076 -0.28476076
  3.85067847 -0.28476076  0.52470763 -0.28476076 -0.28476076  0.80713981
 -0.28476076 -0.28476076 -0.28476076 -0.28476076 -0.28476076 -0.28476076
 -0.28476076 -0.28476076 -0.28476076 -0.28476076 -0.28476076 -0.28476076
 -0.28476076 -0.28476076 -0.28476076  1.53238781 -0.28476076 -0.28476076
 -0.28476076  3.40617287 -0.28476076  3.69154029  4.02129121 -0.28476076
  2.83947136  0.72529504  3.47375621  1.6521974  -0.28476076 -0.28476076
 -0.28476076 -0.28476076 -0.28476076  3.04621763 -0.28476076 -0.28476076
 -0.28476076 -0.28476076  2.70935802  4.70234949  0.94473993 -0.28476076
 -0.28476076 -0.28476076  2.32643302  3.2380817  -0.28476076  3.27491561
 -0.28476076 -0.28476076 -0.28476076 -0.28476076 -0.28476076 -0.28476076
  3.19292311 -0.28476076  4.36252289 -0.28476076  3.12320765  5.12746308
 -0.28476076  2.99712049 -0.28476076 -0.28476076  4.25853464 -0.28476076
  2.29718423  3.103449   -0.28476076 -0.28476076 -0.28476076  3.98332311
 -0.28476076 -0.28476076 -0.28476076  1.63715746 -0.28476076 -0.28476076
 -0.28476076 -0.28476076 -0.28476076 -0.28476076 -0.28476076  3.22545856
 -0.28476076 -0.28476076 -0.28476076 -0.28476076 -0.28476076 -0.28476076
 -0.28476076 -0.28476076 -0.28476076 -0.28476076 -0.28476076  1.88683202
 -0.28476076 -0.28476076 -0.28476076 -0.28476076 -0.28476076 -0.28476076
 -0.28476076 -0.28476076 -0.28476076 -0.28476076 -0.28476076 -0.28476076
 -0.28476076 -0.28476076 -0.28476076 -0.28476076 -0.28476076 -0.28476076
 -0.28476076 -0.28476076 -0.28476076 -0.28476076 -0.28476076 -0.28476076
 -0.28476076 -0.28476076 -0.28476076 -0.28476076 -0.28476076 -0.28476076
 -0.28476076 -0.28476076 -0.28476076 -0.28476076 -0.28476076 -0.28476076
 -0.28476076 -0.28476076 -0.28476076 -0.28476076 -0.28476076 -0.28476076
 -0.28476076 -0.28476076 -0.28476076 -0.28476076 -0.28476076 -0.28476076
 -0.28476076 -0.28476076 -0.28476076 -0.28476076 -0.28476076 -0.28476076
 -0.28476076 -0.28476076 -0.28476076 -0.28476076 -0.28476076 -0.28476076
 -0.28476076 -0.28476076 -0.28476076 -0.28476076 -0.28476076 -0.28476076
 -0.28476076 -0.28476076 -0.28476076 -0.28476076 -0.28476076 -0.28476076
 -0.28476076 -0.28476076 -0.28476076 -0.28476076 -0.28476076 -0.28476076
 -0.28476076 -0.28476076 -0.28476076 -0.28476076 -0.28476076 -0.28476076
 -0.28476076 -0.28476076 -0.28476076 -0.28476076 -0.28476076 -0.28476076
 -0.28476076 -0.28476076 -0.28476076 -0.28476076 -0.28476076 -0.28476076
 -0.28476076 -0.28476076 -0.28476076 -0.28476076 -0.28476076 -0.28476076
 -0.28476076 -0.28476076 -0.28476076 -0.28476076 -0.28476076 -0.28476076
 -0.28476076 -0.28476076 -0.28476076 -0.28476076  5.15441627 -0.28476076
 -0.28476076 -0.28476076 -0.28476076 -0.28476076 -0.28476076 -0.28476076
 -0.28476076 -0.28476076 -0.28476076 -0.28476076 -0.28476076 -0.28476076
 -0.28476076 -0.28476076 -0.28476076 -0.28476076 -0.28476076 -0.28476076
  3.59755999 -0.28476076 -0.28476076 -0.28476076 -0.28476076 -0.28476076
 -0.28476076 -0.28476076 -0.28476076 -0.28476076 -0.28476076 -0.28476076
 -0.28476076 -0.28476076 -0.28476076 -0.28476076 -0.28476076 -0.28476076
 -0.28476076 -0.28476076  1.20311498 -0.28476076 -0.28476076 -0.28476076
 -0.28476076 -0.28476076 -0.28476076 -0.28476076 -0.28476076 -0.28476076
 -0.28476076 -0.28476076 -0.28476076 -0.28476076 -0.28476076 -0.28476076
 -0.28476076 -0.28476076 -0.28476076 -0.28476076 -0.28476076 -0.28476076
 -0.28476076  2.45747235 -0.28476076 -0.28476076 -0.28476076 -0.28476076
 -0.28476076 -0.28476076 -0.28476076 -0.28476076 -0.28476076 -0.28476076
 -0.28476076 -0.28476076 -0.28476076 -0.28476076 -0.28476076 -0.28476076
 -0.28476076 -0.28476076 -0.28476076 -0.28476076 -0.28476076 -0.28476076
 -0.28476076 -0.28476076 -0.28476076 -0.28476076 -0.28476076 -0.28476076
 -0.28476076 -0.28476076  4.37604772 -0.28476076]",[0.022994486535096392]
14,"[-0.19183861 -0.19183861 -0.19183861 -0.19183861 -0.19183861 -0.19183861
 -0.19183861 -0.19183861 -0.19183861 -0.19183861 -0.19183861 -0.19183861
 -0.19183861 -0.19183861 -0.19183861 -0.19183861 -0.19183861 -0.19183861
  2.19208311 -0.19183861 -0.19183861 -0.19183861 -0.19183861 -0.19183861
 -0.19183861 -0.19183861 -0.19183861 -0.19183861 -0.19183861 -0.19183861
 -0.19183861 -0.19183861 -0.19183861 -0.19183861 -0.19183861 -0.19183861
 -0.19183861 -0.19183861 -0.19183861 -0.19183861 -0.19183861 -0.19183861
 -0.19183861 -0.19183861 -0.19183861 -0.19183861 -0.19183861 -0.19183861
 -0.19183861 -0.19183861 -0.19183861 -0.19183861 -0.19183861 -0.19183861
 -0.19183861 -0.19183861 -0.19183861 -0.19183861 -0.19183861 -0.19183861
 -0.19183861 -0.19183861 -0.19183861 -0.19183861 -0.19183861 -0.19183861
 -0.19183861 -0.19183861 -0.19183861 -0.19183861 -0.19183861 -0.19183861
 -0.19183861 -0.19183861 -0.19183861 -0.19183861 -0.19183861 -0.19183861
 -0.19183861 -0.19183861 -0.19183861 -0.19183861 -0.19183861  7.93589768
 -0.19183861 -0.19183861 -0.19183861 -0.19183861 -0.19183861 -0.19183861
 -0.19183861 -0.19183861 -0.19183861 -0.19183861 -0.19183861 -0.19183861
 -0.19183861 -0.19183861 -0.19183861 -0.19183861 -0.19183861 -0.19183861
 -0.19183861 -0.19183861 -0.19183861 -0.19183861 -0.19183861 -0.19183861
 -0.19183861 -0.19183861 -0.19183861 -0.19183861 -0.19183861 -0.19183861
 -0.19183861 -0.19183861 -0.19183861 -0.19183861 -0.19183861 -0.19183861
 -0.19183861 -0.19183861 -0.19183861 -0.19183861  0.40075827 -0.19183861
 -0.19183861 -0.19183861 -0.19183861 -0.19183861 -0.19183861 -0.19183861
 -0.19183861 -0.19183861 -0.19183861 -0.19183861 -0.19183861 -0.19183861
 -0.19183861 -0.19183861 -0.19183861 -0.19183861 -0.19183861 -0.19183861
 -0.19183861 -0.19183861 -0.19183861 -0.19183861 -0.19183861 -0.19183861
 -0.19183861 -0.19183861 -0.19183861 -0.19183861 -0.19183861 -0.19183861
 -0.19183861 -0.19183861 -0.19183861 -0.19183861 -0.19183861 -0.19183861
 -0.19183861 -0.19183861 -0.19183861 -0.19183861 -0.19183861 -0.19183861
 -0.19183861 -0.19183861 -0.19183861 -0.19183861 -0.19183861 -0.19183861
 -0.19183861 -0.19183861 -0.19183861 -0.19183861 -0.19183861 -0.19183861
 -0.19183861 -0.19183861 -0.19183861 -0.19183861 -0.19183861 -0.19183861
 -0.19183861 -0.19183861 -0.19183861 -0.19183861 -0.19183861 -0.19183861
 -0.19183861 -0.19183861 -0.19183861 -0.19183861 -0.19183861 -0.19183861
 -0.19183861 -0.19183861  2.93823367 -0.19183861 -0.19183861 -0.19183861
 -0.19183861 -0.19183861 -0.19183861 -0.19183861 -0.19183861 -0.19183861
  4.73577541 -0.19183861 -0.19183861 -0.19183861 -0.19183861  5.84082222
 -0.19183861 -0.19183861 -0.19183861 -0.19183861 -0.19183861 -0.19183861
 -0.19183861 -0.19183861 -0.19183861 -0.19183861 -0.19183861 -0.19183861
 -0.19183861 -0.19183861 -0.19183861 -0.19183861 -0.19183861 -0.19183861
 -0.19183861  3.85194015 -0.19183861 -0.19183861 -0.19183861 -0.19183861
  5.5301287  -0.19183861 -0.19183861 -0.19183861 -0.19183861 -0.19183861
 -0.19183861 -0.19183861 -0.19183861 -0.19183861 -0.19183861 -0.19183861
 -0.19183861 -0.19183861 -0.19183861 -0.19183861 -0.19183861 -0.19183861
 -0.19183861 -0.19183861  5.50978028  4.52470921 -0.19183861  0.3295832
 -0.19183861 -0.19183861 -0.19183861 -0.19183861 -0.19183861 -0.19183861
 -0.19183861 -0.19183861 -0.19183861 -0.19183861  3.7069801  -0.19183861
 -0.19183861 -0.19183861 -0.19183861 -0.19183861 -0.19183861 -0.19183861
 -0.19183861  5.72660072 -0.19183861 -0.19183861 -0.19183861  6.92310685
 -0.19183861 -0.19183861 -0.19183861 -0.19183861 -0.19183861 -0.19183861
 -0.19183861 -0.19183861 -0.19183861 -0.19183861 -0.19183861 -0.19183861
 -0.19183861 -0.19183861 -0.19183861 -0.19183861 -0.19183861 -0.19183861
 -0.19183861 -0.19183861 -0.19183861 -0.19183861 -0.19183861  4.31013121
 -0.19183861  1.44474712 -0.19183861 -0.19183861 -0.19183861 -0.19183861
 -0.19183861 -0.19183861 -0.19183861 -0.19183861 -0.19183861 -0.19183861
 -0.19183861 -0.19183861 -0.19183861 -0.19183861 -0.19183861 -0.19183861
 -0.19183861 -0.19183861 -0.19183861 -0.19183861 -0.19183861 -0.19183861
 -0.19183861 -0.19183861 -0.19183861 -0.19183861 -0.19183861 -0.19183861
 -0.19183861 -0.19183861 -0.19183861 -0.19183861 -0.19183861 -0.19183861
 -0.19183861 -0.19183861 -0.19183861 -0.19183861 -0.19183861 -0.19183861
 -0.19183861 -0.19183861 -0.19183861 -0.19183861 -0.19183861 -0.19183861
 -0.19183861 -0.19183861 -0.19183861 -0.19183861 -0.19183861 -0.19183861
 -0.19183861 -0.19183861 -0.19183861 -0.19183861 -0.19183861 -0.19183861
 -0.19183861 -0.19183861 -0.19183861 -0.19183861 -0.19183861 -0.19183861
 -0.19183861 -0.19183861 -0.19183861 -0.19183861 -0.19183861 -0.19183861
 -0.19183861 -0.19183861 -0.19183861 -0.19183861 -0.19183861 -0.19183861
 -0.19183861 -0.19183861 -0.19183861 -0.19183861 -0.19183861 -0.19183861
 -0.19183861 -0.19183861 -0.19183861 -0.19183861 -0.19183861 -0.19183861
 -0.19183861 -0.19183861 -0.19183861 -0.19183861 -0.19183861 -0.19183861
 -0.19183861 -0.19183861 -0.19183861 -0.19183861 -0.19183861 -0.19183861
 -0.19183861 -0.19183861 -0.19183861 -0.19183861 -0.19183861 -0.19183861
 -0.19183861 -0.19183861 -0.19183861 -0.19183861 -0.19183861 -0.19183861
 -0.19183861 -0.19183861 -0.19183861 -0.19183861 -0.19183861 -0.19183861
 -0.19183861 -0.19183861 -0.19183861 -0.19183861 -0.19183861 -0.19183861
 -0.19183861 -0.19183861 -0.19183861 -0.19183861 -0.19183861 -0.19183861
 -0.19183861 -0.19183861 -0.19183861 -0.19183861 -0.19183861 -0.19183861
 -0.19183861 -0.19183861 -0.19183861 -0.19183861 -0.19183861 -0.19183861
 -0.19183861 -0.19183861 -0.19183861 -0.19183861 -0.19183861 -0.19183861
 -0.19183861 -0.19183861  4.93023651 -0.19183861  6.2816683  -0.19183861
  5.94276746 -0.19183861 -0.19183861 -0.19183861  2.89464561  3.43878542
 -0.19183861 -0.19183861 -0.19183861 -0.19183861 -0.19183861 -0.19183861
 -0.19183861 -0.19183861 -0.19183861 -0.19183861 -0.19183861 -0.19183861
 -0.19183861  6.14624552 -0.19183861 -0.19183861 -0.19183861 -0.19183861
 -0.19183861 -0.19183861 -0.19183861 -0.19183861 -0.19183861 -0.19183861
 -0.19183861 -0.19183861 -0.19183861 -0.19183861 -0.19183861 -0.19183861
 -0.19183861 -0.19183861 -0.19183861 -0.19183861 -0.19183861 -0.19183861
 -0.19183861 -0.19183861 -0.19183861 -0.19183861 -0.19183861 -0.19183861
 -0.19183861 -0.19183861 -0.19183861 -0.19183861]",[0.006144212726073517]
14,"[-0.19772865 -0.19772865 -0.19772865 -0.19772865 -0.19772865 -0.19772865
 -0.19772865 -0.19772865 -0.19772865 -0.19772865 -0.19772865 -0.19772865
 -0.19772865 -0.19772865 -0.19772865 -0.19772865 -0.19772865 -0.19772865
 -0.19772865 -0.19772865 -0.19772865 -0.19772865 -0.19772865 -0.19772865
 -0.19772865 -0.19772865 -0.19772865 -0.19772865 -0.19772865 -0.19772865
 -0.19772865 -0.19772865 -0.19772865 -0.19772865 -0.19772865 -0.19772865
 -0.19772865 -0.19772865 -0.19772865 -0.19772865 -0.19772865 -0.19772865
 -0.19772865 -0.19772865 -0.19772865 -0.19772865 -0.19772865 -0.19772865
 -0.19772865 -0.19772865 -0.19772865 -0.19772865 -0.19772865 -0.19772865
 -0.19772865 -0.19772865 -0.19772865 -0.19772865  1.17407932 -0.19772865
 -0.19772865 -0.19772865 -0.19772865 -0.19772865 -0.19772865 -0.19772865
 -0.19772865 -0.19772865 -0.19772865 -0.19772865 -0.19772865 -0.19772865
 -0.19772865 -0.19772865 -0.19772865 -0.19772865 -0.19772865 -0.19772865
 -0.19772865 -0.19772865 -0.19772865 -0.19772865 -0.19772865  7.48795994
 -0.19772865 -0.19772865 -0.19772865 -0.19772865 -0.19772865 -0.19772865
 -0.19772865 -0.19772865 -0.19772865 -0.19772865 -0.19772865 -0.19772865
 -0.19772865 -0.19772865 -0.19772865 -0.19772865 -0.19772865 -0.19772865
 -0.19772865 -0.19772865 -0.19772865 -0.19772865 -0.19772865 -0.19772865
 -0.19772865 -0.19772865  7.17220707 -0.19772865 -0.19772865 -0.19772865
 -0.19772865 -0.19772865  7.13331767 -0.19772865 -0.19772865 -0.19772865
 -0.19772865 -0.19772865 -0.19772865 -0.19772865 -0.19772865 -0.19772865
 -0.19772865 -0.19772865 -0.19772865 -0.19772865 -0.19772865 -0.19772865
 -0.19772865 -0.19772865 -0.19772865 -0.19772865 -0.19772865 -0.19772865
 -0.19772865 -0.19772865 -0.19772865 -0.19772865 -0.19772865 -0.19772865
 -0.19772865 -0.19772865 -0.19772865 -0.19772865 -0.19772865 -0.19772865
 -0.19772865 -0.19772865 -0.19772865 -0.19772865 -0.19772865 -0.19772865
 -0.19772865 -0.19772865 -0.19772865 -0.19772865 -0.19772865 -0.19772865
 -0.19772865 -0.19772865 -0.19772865 -0.19772865 -0.19772865 -0.19772865
 -0.19772865 -0.19772865 -0.19772865 -0.19772865 -0.19772865 -0.19772865
 -0.19772865 -0.19772865 -0.19772865 -0.19772865 -0.19772865 -0.19772865
 -0.19772865 -0.19772865 -0.19772865 -0.19772865 -0.19772865 -0.19772865
 -0.19772865 -0.19772865 -0.19772865 -0.19772865 -0.19772865 -0.19772865
 -0.19772865 -0.19772865 -0.19772865 -0.19772865 -0.19772865 -0.19772865
 -0.19772865 -0.19772865 -0.19772865 -0.19772865 -0.19772865 -0.19772865
 -0.19772865 -0.19772865 -0.19772865 -0.19772865 -0.19772865 -0.19772865
  4.85051374 -0.19772865 -0.19772865 -0.19772865 -0.19772865 -0.19772865
 -0.19772865 -0.19772865 -0.19772865 -0.19772865 -0.19772865 -0.19772865
 -0.19772865 -0.19772865 -0.19772865 -0.19772865 -0.19772865 -0.19772865
 -0.19772865 -0.19772865 -0.19772865 -0.19772865 -0.19772865 -0.19772865
 -0.19772865  4.06079541 -0.19772865  5.73932204  4.45808797 -0.19772865
  3.86060579  1.30008323 -0.19772865  2.75951513 -0.19772865 -0.19772865
 -0.19772865 -0.19772865 -0.19772865 -0.19772865 -0.19772865 -0.19772865
 -0.19772865 -0.19772865 -0.19772865 -0.19772865 -0.19772865 -0.19772865
 -0.19772865 -0.19772865 -0.19772865  0.80563349 -0.19772865  1.89250033
 -0.19772865 -0.19772865 -0.19772865 -0.19772865 -0.19772865 -0.19772865
 -0.19772865 -0.19772865  7.19520658 -0.19772865  2.30416528 -0.19772865
 -0.19772865 -0.19772865 -0.19772865 -0.19772865 -0.19772865 -0.19772865
  2.2082893   1.22501995 -0.19772865 -0.19772865 -0.19772865  4.42712486
 -0.19772865 -0.19772865 -0.19772865 -0.19772865 -0.19772865 -0.19772865
 -0.19772865 -0.19772865 -0.19772865 -0.19772865 -0.19772865 -0.19772865
 -0.19772865 -0.19772865 -0.19772865 -0.19772865  1.20756897 -0.19772865
  4.10772249 -0.19772865 -0.19772865 -0.19772865 -0.19772865  5.21861064
 -0.19772865  6.37938398 -0.19772865 -0.19772865 -0.19772865 -0.19772865
 -0.19772865 -0.19772865 -0.19772865 -0.19772865 -0.19772865 -0.19772865
 -0.19772865 -0.19772865 -0.19772865 -0.19772865 -0.19772865 -0.19772865
 -0.19772865 -0.19772865 -0.19772865 -0.19772865 -0.19772865 -0.19772865
 -0.19772865 -0.19772865 -0.19772865 -0.19772865 -0.19772865 -0.19772865
 -0.19772865 -0.19772865 -0.19772865 -0.19772865 -0.19772865 -0.19772865
 -0.19772865 -0.19772865 -0.19772865 -0.19772865 -0.19772865 -0.19772865
 -0.19772865 -0.19772865 -0.19772865 -0.19772865 -0.19772865 -0.19772865
 -0.19772865 -0.19772865 -0.19772865 -0.19772865 -0.19772865 -0.19772865
 -0.19772865 -0.19772865 -0.19772865 -0.19772865 -0.19772865 -0.19772865
 -0.19772865 -0.19772865 -0.19772865 -0.19772865 -0.19772865 -0.19772865
 -0.19772865 -0.19772865 -0.19772865 -0.19772865 -0.19772865 -0.19772865
 -0.19772865 -0.19772865 -0.19772865 -0.19772865 -0.19772865 -0.19772865
 -0.19772865 -0.19772865 -0.19772865 -0.19772865 -0.19772865 -0.19772865
 -0.19772865 -0.19772865 -0.19772865 -0.19772865 -0.19772865 -0.19772865
 -0.19772865 -0.19772865 -0.19772865 -0.19772865 -0.19772865 -0.19772865
 -0.19772865 -0.19772865 -0.19772865 -0.19772865 -0.19772865 -0.19772865
 -0.19772865 -0.19772865 -0.19772865 -0.19772865 -0.19772865 -0.19772865
 -0.19772865 -0.19772865 -0.19772865 -0.19772865 -0.19772865 -0.19772865
 -0.19772865 -0.19772865 -0.19772865 -0.19772865 -0.19772865 -0.19772865
 -0.19772865 -0.19772865 -0.19772865 -0.19772865 -0.19772865 -0.19772865
 -0.19772865 -0.19772865 -0.19772865 -0.19772865 -0.19772865 -0.19772865
 -0.19772865 -0.19772865 -0.19772865 -0.19772865 -0.19772865 -0.19772865
  1.3689755  -0.19772865 -0.19772865 -0.19772865 -0.19772865 -0.19772865
 -0.19772865 -0.19772865 -0.19772865 -0.19772865 -0.19772865 -0.19772865
 -0.19772865 -0.19772865 -0.19772865 -0.19772865 -0.19772865 -0.19772865
 -0.19772865 -0.19772865 -0.19772865 -0.19772865 -0.19772865 -0.19772865
 -0.19772865 -0.19772865 -0.19772865 -0.19772865 -0.19772865 -0.19772865
 -0.19772865 -0.19772865 -0.19772865 -0.19772865 -0.19772865 -0.19772865
 -0.19772865  5.97641608  3.56257649 -0.19772865 -0.19772865 -0.19772865
 -0.19772865 -0.19772865 -0.19772865 -0.19772865 -0.19772865 -0.19772865
 -0.19772865 -0.19772865 -0.19772865 -0.19772865 -0.19772865 -0.19772865
 -0.19772865 -0.19772865 -0.19772865 -0.19772865 -0.19772865 -0.19772865
 -0.19772865 -0.19772865 -0.19772865 -0.19772865 -0.19772865 -0.19772865
 -0.19772865 -0.19772865 -0.19772865 -0.19772865]",[-0.029264511150900813]
14,"[-0.25796823 -0.25796823 -0.25796823 -0.25796823 -0.25796823 -0.25796823
 -0.25796823 -0.25796823 -0.25796823 -0.25796823 -0.25796823 -0.25796823
 -0.25796823 -0.25796823 -0.25796823 -0.25796823 -0.25796823 -0.25796823
 -0.25796823 -0.25796823 -0.25796823 -0.25796823 -0.25796823 -0.25796823
 -0.25796823 -0.25796823 -0.25796823 -0.25796823 -0.25796823 -0.25796823
 -0.25796823 -0.25796823 -0.25796823 -0.25796823 -0.25796823 -0.25796823
 -0.25796823 -0.25796823 -0.25796823 -0.25796823 -0.25796823 -0.25796823
 -0.25796823 -0.25796823 -0.25796823 -0.25796823 -0.25796823 -0.25796823
 -0.25796823 -0.25796823 -0.25796823 -0.25796823 -0.25796823 -0.25796823
 -0.25796823 -0.25796823 -0.25796823 -0.25796823 -0.25796823 -0.25796823
 -0.25796823 -0.25796823 -0.25796823 -0.25796823 -0.25796823 -0.25796823
 -0.25796823 -0.25796823 -0.25796823 -0.25796823 -0.25796823 -0.25796823
 -0.25796823 -0.25796823 -0.25796823 -0.25796823 -0.25796823 -0.25796823
 -0.25796823 -0.25796823 -0.25796823 -0.25796823 -0.25796823  5.36522673
 -0.25796823 -0.25796823 -0.25796823 -0.25796823 -0.25796823  2.41332393
 -0.25796823 -0.25796823  1.31188255 -0.25796823 -0.25796823 -0.25796823
 -0.25796823 -0.25796823 -0.25796823 -0.25796823 -0.25796823 -0.25796823
 -0.25796823 -0.25796823 -0.25796823 -0.25796823 -0.25796823 -0.25796823
 -0.25796823 -0.25796823  6.45236367 -0.25796823 -0.25796823  1.53744001
 -0.25796823 -0.25796823  4.11566123 -0.25796823 -0.25796823 -0.25796823
 -0.25796823 -0.25796823 -0.25796823 -0.25796823  0.31352626 -0.25796823
 -0.25796823 -0.25796823 -0.25796823 -0.25796823 -0.25796823 -0.25796823
 -0.25796823 -0.25796823 -0.25796823 -0.25796823 -0.25796823 -0.25796823
 -0.25796823 -0.25796823 -0.25796823 -0.25796823 -0.25796823 -0.25796823
 -0.25796823 -0.25796823 -0.25796823 -0.25796823 -0.25796823 -0.25796823
 -0.25796823 -0.25796823 -0.25796823 -0.25796823 -0.25796823 -0.25796823
 -0.25796823 -0.25796823 -0.25796823 -0.25796823 -0.25796823 -0.25796823
 -0.25796823  0.98095055 -0.25796823 -0.25796823 -0.25796823 -0.25796823
 -0.25796823 -0.25796823 -0.25796823 -0.25796823 -0.25796823 -0.25796823
 -0.25796823 -0.25796823 -0.25796823 -0.25796823 -0.25796823 -0.25796823
 -0.25796823 -0.25796823 -0.25796823 -0.25796823 -0.25796823 -0.25796823
 -0.25796823 -0.25796823 -0.25796823 -0.25796823 -0.25796823 -0.25796823
 -0.25796823 -0.25796823 -0.25796823 -0.25796823 -0.25796823 -0.25796823
 -0.25796823 -0.25796823 -0.25796823 -0.25796823 -0.25796823 -0.25796823
 -0.25796823 -0.25796823 -0.25796823 -0.25796823 -0.25796823 -0.25796823
  4.51529405 -0.25796823  2.06594495 -0.25796823 -0.25796823  3.08633438
 -0.25796823 -0.25796823 -0.25796823 -0.25796823 -0.25796823 -0.25796823
 -0.25796823 -0.25796823 -0.25796823 -0.25796823 -0.25796823 -0.25796823
 -0.25796823 -0.25796823 -0.25796823 -0.25796823 -0.25796823 -0.25796823
 -0.25796823  3.99509081 -0.25796823  3.80683624  3.25217271 -0.25796823
  3.16846221  0.59205576 -0.25796823 -0.25796823 -0.25796823 -0.25796823
 -0.25796823 -0.25796823 -0.25796823 -0.25796823 -0.25796823  3.05926354
 -0.25796823 -0.25796823 -0.25796823  5.23742015  3.82081792 -0.25796823
 -0.25796823 -0.25796823  2.97976291  3.00969714 -0.25796823  1.26661598
 -0.25796823 -0.25796823 -0.25796823 -0.25796823  1.52125336 -0.25796823
 -0.25796823 -0.25796823  4.52505417 -0.25796823  1.47651126  5.52716926
 -0.25796823  1.37207203 -0.25796823 -0.25796823  4.23853535 -0.25796823
 -0.25796823  0.77785719 -0.25796823 -0.25796823  5.56057552  1.62448045
 -0.25796823 -0.25796823 -0.25796823 -0.25796823 -0.25796823  1.18829636
 -0.25796823  2.81392459 -0.25796823 -0.25796823 -0.25796823 -0.25796823
 -0.25796823 -0.25796823 -0.25796823 -0.25796823  3.78391148 -0.25796823
 -0.25796823 -0.25796823 -0.25796823 -0.25796823 -0.25796823  1.28514591
 -0.25796823 -0.25796823 -0.25796823 -0.25796823 -0.25796823 -0.25796823
 -0.25796823 -0.25796823 -0.25796823 -0.25796823 -0.25796823 -0.25796823
 -0.25796823 -0.25796823 -0.25796823 -0.25796823 -0.25796823 -0.25796823
 -0.25796823 -0.25796823 -0.25796823 -0.25796823 -0.25796823 -0.25796823
 -0.25796823 -0.25796823 -0.25796823 -0.25796823 -0.25796823 -0.25796823
 -0.25796823 -0.25796823 -0.25796823 -0.25796823 -0.25796823 -0.25796823
 -0.25796823 -0.25796823 -0.25796823 -0.25796823 -0.25796823 -0.25796823
 -0.25796823 -0.25796823 -0.25796823 -0.25796823 -0.25796823 -0.25796823
 -0.25796823 -0.25796823 -0.25796823 -0.25796823 -0.25796823 -0.25796823
 -0.25796823 -0.25796823 -0.25796823 -0.25796823 -0.25796823 -0.25796823
 -0.25796823 -0.25796823 -0.25796823 -0.25796823 -0.25796823 -0.25796823
 -0.25796823 -0.25796823 -0.25796823 -0.25796823 -0.25796823 -0.25796823
 -0.25796823 -0.25796823 -0.25796823 -0.25796823 -0.25796823 -0.25796823
 -0.25796823 -0.25796823 -0.25796823 -0.25796823 -0.25796823 -0.25796823
 -0.25796823 -0.25796823 -0.25796823 -0.25796823 -0.25796823 -0.25796823
 -0.25796823 -0.25796823 -0.25796823 -0.25796823 -0.25796823 -0.25796823
 -0.25796823 -0.25796823 -0.25796823 -0.25796823 -0.25796823 -0.25796823
 -0.25796823 -0.25796823 -0.25796823 -0.25796823 -0.25796823 -0.25796823
 -0.25796823 -0.25796823 -0.25796823 -0.25796823  5.48841104  3.18405097
 -0.25796823 -0.25796823 -0.25796823 -0.25796823 -0.25796823 -0.25796823
 -0.25796823 -0.25796823 -0.25796823 -0.25796823 -0.25796823 -0.25796823
 -0.25796823 -0.25796823 -0.25796823 -0.25796823 -0.25796823 -0.25796823
 -0.25796823 -0.25796823 -0.25796823 -0.25796823 -0.25796823 -0.25796823
 -0.25796823 -0.25796823 -0.25796823 -0.25796823 -0.25796823 -0.25796823
 -0.25796823 -0.25796823 -0.25796823 -0.25796823 -0.25796823 -0.25796823
 -0.25796823 -0.25796823  3.6705676  -0.25796823 -0.25796823 -0.25796823
  4.53302841 -0.25796823 -0.25796823 -0.25796823 -0.25796823 -0.25796823
 -0.25796823 -0.25796823 -0.25796823 -0.25796823 -0.25796823 -0.25796823
 -0.25796823 -0.25796823 -0.25796823 -0.25796823 -0.25796823 -0.25796823
 -0.25796823  4.90776112 -0.25796823 -0.25796823 -0.25796823 -0.25796823
 -0.25796823 -0.25796823 -0.25796823 -0.25796823 -0.25796823 -0.25796823
 -0.25796823 -0.25796823 -0.25796823 -0.25796823 -0.25796823 -0.25796823
 -0.25796823 -0.25796823 -0.25796823 -0.25796823 -0.25796823 -0.25796823
 -0.25796823 -0.25796823 -0.25796823 -0.25796823 -0.25796823 -0.25796823
 -0.25796823 -0.25796823 -0.25796823 -0.25796823]",[0.023427313944100664]
14,"[-0.19446651 -0.19446651 -0.19446651 -0.19446651 -0.147634   -0.19446651
 -0.19446651 -0.19446651 -0.19446651 -0.19446651 -0.19446651 -0.19446651
 -0.19446651 -0.19446651 -0.19446651 -0.19446651 -0.19446651 -0.19446651
 -0.19446651 -0.19446651 -0.19446651 -0.19446651 -0.19446651 -0.19446651
 -0.19446651 -0.19446651 -0.19446651 -0.19446651 -0.19446651 -0.19446651
 -0.19446651 -0.19446651 -0.19446651 -0.19446651 -0.19446651 -0.19446651
 -0.19446651 -0.19446651 -0.19446651 -0.19446651 -0.19446651 -0.19446651
 -0.19446651 -0.19446651 -0.19446651 -0.19446651 -0.19446651 -0.19446651
 -0.19446651 -0.19446651 -0.19446651 -0.19446651 -0.19446651 -0.19446651
 -0.19446651 -0.19446651 -0.19446651 -0.19446651 -0.19446651 -0.19446651
 -0.19446651 -0.19446651 -0.19446651 -0.19446651 -0.19446651 -0.19446651
 -0.19446651 -0.19446651 -0.19446651 -0.19446651 -0.19446651 -0.19446651
 -0.19446651 -0.19446651 -0.19446651 -0.19446651 -0.19446651 -0.19446651
 -0.19446651 -0.19446651 -0.19446651 -0.19446651 -0.19446651  7.11107145
 -0.19446651 -0.19446651 -0.19446651 -0.19446651 -0.19446651 -0.19446651
 -0.19446651 -0.19446651 -0.19446651 -0.19446651 -0.19446651 -0.19446651
 -0.19446651 -0.19446651 -0.19446651 -0.19446651 -0.19446651 -0.19446651
 -0.19446651 -0.19446651 -0.19446651 -0.19446651 -0.19446651 -0.19446651
 -0.19446651 -0.19446651  8.38640684 -0.19446651 -0.19446651 -0.19446651
 -0.19446651 -0.19446651 -0.19446651 -0.19446651 -0.19446651 -0.19446651
 -0.19446651 -0.19446651 -0.19446651  0.64289639 -0.19446651 -0.19446651
 -0.19446651 -0.19446651 -0.19446651 -0.19446651 -0.19446651 -0.19446651
 -0.19446651 -0.19446651 -0.19446651 -0.19446651 -0.19446651 -0.19446651
 -0.19446651 -0.19446651 -0.19446651 -0.19446651 -0.19446651 -0.19446651
 -0.19446651 -0.19446651 -0.19446651 -0.19446651 -0.19446651 -0.19446651
 -0.19446651 -0.19446651 -0.19446651 -0.19446651 -0.19446651 -0.19446651
 -0.19446651 -0.19446651 -0.19446651 -0.19446651 -0.19446651 -0.19446651
 -0.19446651 -0.19446651 -0.19446651 -0.19446651 -0.19446651 -0.19446651
 -0.19446651 -0.19446651 -0.19446651 -0.19446651 -0.19446651 -0.19446651
 -0.19446651 -0.19446651 -0.19446651 -0.19446651 -0.19446651 -0.19446651
 -0.19446651 -0.19446651 -0.19446651 -0.19446651 -0.19446651 -0.19446651
 -0.19446651 -0.19446651 -0.19446651 -0.19446651 -0.19446651 -0.19446651
 -0.19446651 -0.19446651 -0.19446651 -0.19446651 -0.19446651 -0.19446651
 -0.19446651 -0.19446651 -0.19446651 -0.19446651 -0.19446651 -0.19446651
 -0.19446651 -0.19446651 -0.19446651 -0.19446651 -0.19446651 -0.19446651
  2.59604469 -0.19446651  0.2743052  -0.19446651 -0.19446651  2.70158611
 -0.19446651 -0.19446651 -0.19446651 -0.19446651 -0.19446651 -0.19446651
 -0.19446651 -0.19446651 -0.19446651 -0.19446651 -0.19446651 -0.19446651
 -0.19446651 -0.19446651 -0.19446651 -0.19446651 -0.19446651 -0.19446651
 -0.19446651  3.62329903 -0.19446651  3.11166448  5.0067279  -0.19446651
  4.1887072  -0.19446651 -0.19446651 -0.19446651 -0.19446651 -0.19446651
 -0.19446651 -0.19446651 -0.19446651 -0.19446651 -0.19446651 -0.19446651
 -0.19446651 -0.19446651 -0.19446651 -0.19446651 -0.19446651 -0.19446651
 -0.19446651 -0.19446651  4.67587164  2.89962467 -0.19446651  0.05489978
 -0.19446651 -0.19446651 -0.19446651 -0.19446651 -0.19446651 -0.19446651
 -0.19446651 -0.19446651 -0.19446651 -0.19446651  4.12764262 -0.19446651
 -0.19446651 -0.19446651 -0.19446651 -0.19446651 -0.19446651 -0.19446651
 -0.19446651  2.47382336 -0.19446651 -0.19446651 -0.19446651  5.44492556
 -0.19446651 -0.19446651 -0.19446651 -0.19446651 -0.19446651 -0.19446651
 -0.19446651 -0.19446651 -0.19446651 -0.19446651 -0.19446651 -0.19446651
 -0.19446651 -0.19446651 -0.19446651 -0.19446651  6.41660893 -0.19446651
 -0.19446651 -0.19446651 -0.19446651 -0.19446651 -0.19446651  3.82644731
 -0.19446651  3.8998942  -0.19446651 -0.19446651 -0.19446651 -0.19446651
 -0.19446651 -0.19446651 -0.19446651 -0.19446651 -0.19446651 -0.19446651
 -0.19446651 -0.19446651 -0.19446651 -0.19446651 -0.19446651 -0.19446651
 -0.19446651 -0.19446651 -0.19446651 -0.19446651 -0.19446651 -0.19446651
 -0.19446651 -0.19446651 -0.19446651 -0.19446651 -0.19446651 -0.19446651
 -0.19446651 -0.19446651 -0.19446651 -0.19446651 -0.19446651 -0.19446651
 -0.19446651 -0.19446651 -0.19446651 -0.19446651 -0.19446651 -0.19446651
 -0.19446651 -0.19446651 -0.19446651 -0.19446651 -0.19446651 -0.19446651
 -0.19446651 -0.19446651 -0.19446651 -0.19446651 -0.19446651 -0.19446651
 -0.19446651 -0.19446651 -0.19446651 -0.19446651 -0.19446651 -0.19446651
 -0.19446651 -0.19446651 -0.19446651 -0.19446651 -0.19446651 -0.19446651
 -0.19446651 -0.19446651 -0.19446651 -0.19446651 -0.19446651 -0.19446651
 -0.19446651 -0.19446651 -0.19446651 -0.19446651 -0.19446651 -0.19446651
 -0.19446651 -0.19446651 -0.19446651 -0.19446651 -0.19446651 -0.19446651
 -0.19446651 -0.19446651 -0.19446651 -0.19446651 -0.19446651 -0.19446651
 -0.19446651 -0.19446651 -0.19446651 -0.19446651 -0.19446651 -0.19446651
 -0.19446651 -0.19446651 -0.19446651 -0.19446651 -0.19446651 -0.19446651
 -0.19446651 -0.19446651 -0.19446651 -0.19446651 -0.19446651 -0.19446651
 -0.19446651 -0.19446651 -0.19446651 -0.19446651 -0.19446651  6.58797562
 -0.19446651 -0.19446651 -0.19446651 -0.19446651 -0.19446651 -0.19446651
 -0.19446651 -0.19446651 -0.19446651 -0.19446651 -0.19446651 -0.19446651
 -0.19446651 -0.19446651 -0.19446651 -0.19446651 -0.19446651 -0.19446651
 -0.19446651 -0.19446651 -0.19446651 -0.19446651 -0.19446651 -0.19446651
 -0.19446651 -0.19446651 -0.19446651 -0.19446651 -0.19446651 -0.19446651
 -0.19446651 -0.19446651 -0.19446651 -0.19446651 -0.19446651 -0.19446651
 -0.19446651 -0.19446651  1.64440178 -0.19446651 -0.19446651 -0.19446651
 -0.19446651 -0.19446651 -0.19446651 -0.19446651 -0.19446651 -0.19446651
 -0.19446651 -0.19446651 -0.19446651 -0.19446651 -0.19446651 -0.19446651
 -0.19446651 -0.19446651 -0.19446651 -0.19446651 -0.19446651 -0.19446651
 -0.19446651  5.12603513  3.95160226 -0.19446651 -0.19446651 -0.19446651
 -0.19446651 -0.19446651 -0.19446651 -0.19446651 -0.19446651 -0.19446651
 -0.19446651 -0.19446651 -0.19446651 -0.19446651 -0.19446651 -0.19446651
 -0.19446651 -0.19446651 -0.19446651 -0.19446651 -0.19446651 -0.19446651
 -0.19446651 -0.19446651 -0.19446651 -0.19446651 -0.19446651 -0.19446651
 -0.19446651 -0.19446651  7.63609326 -0.19446651]",[0.0017219092432184113]
14,"[-0.23706205 -0.23706205 -0.23706205 -0.23706205 -0.23706205 -0.23706205
 -0.23706205 -0.23706205 -0.23706205 -0.23706205 -0.23706205 -0.23706205
 -0.23706205 -0.23706205 -0.23706205 -0.23706205 -0.23706205 -0.23706205
 -0.23706205 -0.23706205 -0.23706205 -0.23706205 -0.23706205 -0.23706205
 -0.23706205 -0.23706205 -0.23706205 -0.23706205 -0.23706205 -0.23706205
 -0.23706205 -0.23706205 -0.23706205 -0.23706205 -0.23706205 -0.23706205
 -0.23706205 -0.23706205 -0.23706205 -0.23706205 -0.23706205 -0.23706205
 -0.23706205 -0.23706205 -0.23706205 -0.23706205 -0.23706205 -0.23706205
 -0.23706205 -0.23706205 -0.23706205 -0.23706205 -0.23706205 -0.23706205
 -0.23706205 -0.23706205 -0.23706205 -0.23706205 -0.23706205 -0.23706205
 -0.23706205 -0.23706205 -0.23706205 -0.23706205 -0.23706205 -0.23706205
 -0.23706205 -0.23706205 -0.23706205 -0.23706205 -0.23706205 -0.23706205
 -0.23706205 -0.23706205 -0.23706205 -0.23706205 -0.23706205 -0.23706205
 -0.23706205 -0.23706205 -0.23706205 -0.23706205 -0.23706205  4.84145419
 -0.23706205 -0.23706205 -0.23706205 -0.23706205 -0.23706205 -0.23706205
 -0.23706205 -0.23706205 -0.23706205 -0.23706205 -0.23706205 -0.23706205
 -0.23706205 -0.23706205 -0.23706205 -0.23706205 -0.23706205 -0.23706205
 -0.23706205 -0.23706205 -0.23706205 -0.23706205 -0.23706205 -0.23706205
 -0.23706205 -0.23706205  5.72736591 -0.23706205 -0.23706205 -0.23706205
 -0.23706205 -0.23706205 -0.23706205 -0.23706205 -0.23706205 -0.23706205
 -0.23706205 -0.23706205 -0.23706205  3.28540748  4.55560804 -0.23706205
 -0.23706205 -0.23706205 -0.23706205 -0.23706205 -0.23706205 -0.23706205
 -0.23706205 -0.23706205 -0.23706205 -0.23706205 -0.23706205 -0.23706205
 -0.23706205 -0.23706205 -0.23706205 -0.23706205 -0.23706205 -0.23706205
 -0.23706205 -0.23706205 -0.23706205 -0.23706205 -0.23706205 -0.23706205
 -0.23706205 -0.23706205 -0.23706205 -0.23706205 -0.23706205 -0.23706205
 -0.23706205 -0.23706205 -0.23706205 -0.23706205 -0.23706205 -0.23706205
 -0.23706205 -0.23706205 -0.23706205 -0.23706205 -0.23706205 -0.23706205
 -0.23706205 -0.23706205 -0.23706205 -0.23706205 -0.23706205 -0.23706205
 -0.23706205 -0.23706205 -0.23706205 -0.23706205 -0.23706205 -0.23706205
 -0.23706205 -0.23706205 -0.23706205 -0.23706205 -0.23706205 -0.23706205
 -0.23706205 -0.23706205 -0.23706205 -0.23706205 -0.23706205 -0.23706205
 -0.23706205 -0.23706205  2.40466868 -0.23706205 -0.23706205 -0.23706205
 -0.23706205 -0.23706205 -0.23706205 -0.23706205 -0.23706205 -0.23706205
 -0.23706205 -0.23706205 -0.23706205 -0.23706205 -0.23706205 -0.23706205
  2.27743958 -0.23706205 -0.23706205 -0.23706205 -0.23706205  3.38377019
 -0.23706205 -0.23706205 -0.23706205 -0.23706205 -0.23706205 -0.23706205
 -0.23706205 -0.23706205 -0.23706205 -0.23706205 -0.23706205 -0.23706205
 -0.23706205 -0.23706205 -0.23706205 -0.23706205 -0.23706205 -0.23706205
 -0.23706205  3.7506799  -0.23706205  2.71570465  3.63047555 -0.23706205
  2.42549256 -0.23706205  1.9215548  -0.23706205 -0.23706205 -0.23706205
 -0.23706205 -0.23706205 -0.23706205 -0.23706205 -0.23706205 -0.23706205
 -0.23706205 -0.23706205 -0.23706205 -0.23706205  3.01264025 -0.23706205
 -0.23706205 -0.23706205  5.50516771  4.30035135 -0.23706205  0.24031284
 -0.23706205 -0.23706205 -0.23706205 -0.23706205  1.97571584 -0.23706205
 -0.23706205 -0.23706205  6.14127661 -0.23706205  1.93988354 -0.23706205
 -0.23706205 -0.23706205 -0.23706205  1.59804502  3.56327825 -0.23706205
  1.744236    0.69747497 -0.23706205 -0.23706205  4.1390406  -0.23706205
 -0.23706205 -0.23706205 -0.23706205  2.71885859 -0.23706205  3.16521846
 -0.23706205 -0.23706205 -0.23706205 -0.23706205 -0.23706205 -0.23706205
 -0.23706205 -0.23706205 -0.23706205 -0.23706205 -0.23706205 -0.23706205
 -0.23706205 -0.23706205 -0.23706205 -0.23706205 -0.23706205  1.59804502
 -0.23706205 -0.23706205 -0.23706205 -0.23706205 -0.23706205 -0.23706205
 -0.23706205 -0.23706205 -0.23706205 -0.23706205 -0.23706205 -0.23706205
 -0.23706205 -0.23706205 -0.23706205 -0.23706205 -0.23706205 -0.23706205
 -0.23706205 -0.23706205 -0.23706205 -0.23706205 -0.23706205 -0.23706205
 -0.23706205 -0.23706205 -0.23706205 -0.23706205 -0.23706205 -0.23706205
 -0.23706205 -0.23706205 -0.23706205 -0.23706205 -0.23706205 -0.23706205
 -0.23706205 -0.23706205 -0.23706205 -0.23706205 -0.23706205 -0.23706205
 -0.23706205 -0.23706205 -0.23706205 -0.23706205 -0.23706205 -0.23706205
 -0.23706205 -0.23706205 -0.23706205 -0.23706205 -0.23706205 -0.23706205
 -0.23706205 -0.23706205 -0.23706205 -0.23706205 -0.23706205 -0.23706205
 -0.23706205 -0.23706205 -0.23706205 -0.23706205 -0.23706205 -0.23706205
 -0.23706205 -0.23706205 -0.23706205 -0.23706205 -0.23706205 -0.23706205
 -0.23706205 -0.23706205 -0.23706205 -0.23706205 -0.23706205 -0.23706205
 -0.23706205 -0.23706205 -0.23706205 -0.23706205 -0.23706205 -0.23706205
 -0.23706205 -0.23706205 -0.23706205 -0.23706205 -0.23706205 -0.23706205
 -0.23706205 -0.23706205 -0.23706205 -0.23706205 -0.23706205 -0.23706205
 -0.23706205 -0.23706205 -0.23706205 -0.23706205 -0.23706205 -0.23706205
 -0.23706205 -0.23706205 -0.23706205 -0.23706205 -0.23706205 -0.23706205
 -0.23706205 -0.23706205 -0.23706205 -0.23706205 -0.23706205 -0.23706205
 -0.23706205 -0.23706205 -0.23706205 -0.23706205 -0.23706205 -0.23706205
 -0.23706205 -0.23706205 -0.23706205 -0.23706205 -0.23706205 -0.23706205
 -0.23706205 -0.23706205 -0.23706205 -0.23706205 -0.23706205 -0.23706205
 -0.23706205 -0.23706205 -0.23706205 -0.23706205 -0.23706205 -0.23706205
  1.22447133 -0.23706205 -0.23706205 -0.23706205 -0.23706205 -0.23706205
 -0.23706205 -0.23706205 -0.23706205 -0.23706205 -0.23706205 -0.23706205
 -0.23706205 -0.23706205  3.13677446 -0.23706205  5.85953812 -0.23706205
  7.95517167 -0.23706205 -0.23706205 -0.23706205 -0.23706205 -0.23706205
 -0.23706205 -0.23706205 -0.23706205 -0.23706205 -0.23706205 -0.23706205
 -0.23706205 -0.23706205 -0.23706205 -0.23706205 -0.23706205 -0.23706205
 -0.23706205  6.01968285  2.49908279 -0.23706205 -0.23706205 -0.23706205
 -0.23706205 -0.23706205 -0.23706205 -0.23706205 -0.23706205 -0.23706205
 -0.23706205 -0.23706205 -0.23706205 -0.23706205 -0.23706205 -0.23706205
 -0.23706205 -0.23706205 -0.23706205 -0.23706205 -0.23706205 -0.23706205
 -0.23706205 -0.23706205 -0.23706205 -0.23706205 -0.23706205 -0.23706205
 -0.23706205 -0.23706205  5.25826658 -0.23706205]",[-0.02389149567777385]
14,"[-0.25944051 -0.25944051 -0.25944051 -0.25944051  0.02011238 -0.25944051
 -0.25944051 -0.25944051 -0.25944051 -0.25944051 -0.25944051 -0.25944051
 -0.25944051 -0.25944051 -0.25944051 -0.25944051 -0.25944051 -0.25944051
  0.60599724 -0.25944051 -0.25944051 -0.25944051 -0.25944051 -0.25944051
 -0.25944051 -0.25944051 -0.25944051 -0.25944051 -0.25944051 -0.25944051
 -0.25944051 -0.25944051 -0.25944051 -0.25944051 -0.25944051 -0.25944051
 -0.25944051 -0.25944051 -0.25944051 -0.25944051 -0.25944051 -0.25944051
 -0.25944051 -0.25944051 -0.25944051 -0.25944051 -0.25944051 -0.25944051
 -0.25944051 -0.25944051 -0.25944051 -0.25944051 -0.25944051 -0.25944051
 -0.25944051 -0.25944051 -0.25944051 -0.25944051 -0.25944051 -0.25944051
 -0.25944051 -0.25944051 -0.25944051 -0.25944051 -0.25944051 -0.25944051
 -0.25944051 -0.25944051 -0.25944051 -0.25944051 -0.25944051 -0.25944051
 -0.25944051 -0.25944051 -0.25944051 -0.25944051 -0.25944051 -0.25944051
 -0.25944051 -0.25944051 -0.25944051 -0.25944051 -0.25944051  5.90743915
 -0.25944051 -0.25944051 -0.25944051 -0.25944051 -0.25944051  3.39031779
 -0.25944051 -0.25944051 -0.25944051 -0.25944051 -0.25944051 -0.25944051
 -0.25944051 -0.25944051 -0.25944051 -0.25944051 -0.25944051 -0.25944051
 -0.25944051 -0.25944051 -0.25944051 -0.25944051 -0.25944051 -0.25944051
 -0.25944051 -0.25944051  5.97552002 -0.25944051 -0.25944051 -0.25944051
 -0.25944051  3.10965012  4.45736811 -0.25944051 -0.25944051 -0.25944051
 -0.25944051 -0.25944051 -0.25944051 -0.25944051  4.02166209 -0.25944051
 -0.25944051 -0.25944051 -0.25944051 -0.25944051 -0.25944051 -0.25944051
 -0.25944051 -0.25944051 -0.25944051 -0.25944051 -0.25944051 -0.25944051
 -0.25944051 -0.25944051 -0.25944051 -0.25944051 -0.25944051 -0.25944051
 -0.25944051 -0.25944051 -0.25944051 -0.25944051 -0.25944051 -0.25944051
 -0.25944051 -0.25944051 -0.25944051 -0.25944051 -0.25944051 -0.25944051
 -0.25944051 -0.25944051 -0.25944051 -0.25944051 -0.25944051 -0.25944051
 -0.25944051  0.06587571 -0.25944051 -0.25944051 -0.25944051 -0.25944051
 -0.25944051 -0.25944051 -0.25944051 -0.25944051 -0.25944051 -0.25944051
 -0.25944051 -0.25944051 -0.25944051 -0.25944051 -0.25944051 -0.25944051
 -0.25944051 -0.25944051 -0.25944051 -0.25944051 -0.25944051 -0.25944051
 -0.25944051 -0.25944051 -0.25944051 -0.25944051 -0.25944051 -0.25944051
 -0.25944051 -0.25944051 -0.25944051 -0.25944051 -0.25944051 -0.25944051
 -0.25944051 -0.25944051 -0.25944051 -0.25944051 -0.25944051  1.03774167
 -0.25944051 -0.25944051 -0.25944051 -0.25944051 -0.25944051  1.1560392
  3.90902044 -0.25944051  0.34045946 -0.25944051 -0.25944051  2.19575609
 -0.25944051 -0.25944051 -0.25944051 -0.25944051 -0.25944051 -0.25944051
 -0.25944051 -0.25944051 -0.25944051 -0.25944051 -0.25944051 -0.25944051
 -0.25944051 -0.25944051 -0.25944051  2.60893639 -0.25944051 -0.25944051
 -0.25944051  3.26294547 -0.25944051  4.96687064  4.10384704 -0.25944051
  3.93534788  1.58039541  3.46563671 -0.25944051 -0.25944051 -0.25944051
 -0.25944051 -0.25944051 -0.25944051 -0.25944051 -0.25944051 -0.25944051
 -0.25944051 -0.25944051 -0.25944051  4.522465    3.03639368 -0.25944051
 -0.25944051 -0.25944051  4.19761468  3.72546705 -0.25944051  2.53731144
 -0.25944051 -0.25944051 -0.25944051 -0.25944051  0.53868913 -0.25944051
  4.64754715 -0.25944051  5.71960153 -0.25944051  3.48655578 -0.25944051
 -0.25944051 -0.25944051 -0.25944051 -0.25944051  3.84078012 -0.25944051
 -0.25944051  2.00256811 -0.25944051 -0.25944051 -0.25944051  4.54466397
  1.55499696 -0.25944051 -0.25944051  1.64273923 -0.25944051 -0.25944051
 -0.25944051 -0.25944051  4.36419632 -0.25944051 -0.25944051 -0.25944051
 -0.25944051 -0.25944051 -0.25944051 -0.25944051 -0.25944051 -0.25944051
  3.31571338 -0.25944051 -0.25944051 -0.25944051 -0.25944051  0.46459822
 -0.25944051 -0.25944051 -0.25944051 -0.25944051 -0.25944051 -0.25944051
 -0.25944051 -0.25944051 -0.25944051 -0.25944051  0.15290718 -0.25944051
 -0.25944051 -0.25944051 -0.25944051 -0.25944051 -0.25944051 -0.25944051
 -0.25944051 -0.25944051 -0.25944051 -0.25944051 -0.25944051 -0.25944051
 -0.25944051 -0.25944051 -0.25944051 -0.25944051 -0.25944051 -0.25944051
 -0.25944051 -0.25944051 -0.25944051 -0.25944051 -0.25944051 -0.25944051
 -0.25944051 -0.25944051 -0.25944051 -0.25944051 -0.25944051 -0.25944051
 -0.25944051 -0.25944051 -0.25944051 -0.25944051 -0.25944051 -0.25944051
 -0.25944051 -0.25944051 -0.25944051 -0.25944051 -0.25944051 -0.25944051
 -0.25944051 -0.25944051 -0.25944051 -0.25944051 -0.25944051 -0.25944051
 -0.25944051 -0.25944051 -0.25944051 -0.25944051 -0.25944051 -0.25944051
 -0.25944051 -0.25944051 -0.25944051 -0.25944051 -0.25944051 -0.25944051
 -0.25944051 -0.25944051 -0.25944051 -0.25944051 -0.25944051 -0.25944051
 -0.25944051 -0.25944051 -0.25944051 -0.25944051 -0.25944051 -0.25944051
 -0.25944051 -0.25944051 -0.25944051 -0.25944051 -0.25944051 -0.25944051
 -0.25944051 -0.25944051 -0.25944051 -0.25944051 -0.25944051 -0.25944051
 -0.25944051 -0.25944051 -0.25944051 -0.25944051 -0.25944051 -0.25944051
 -0.25944051 -0.25944051 -0.25944051 -0.25944051 -0.25944051 -0.25944051
 -0.25944051 -0.25944051 -0.25944051 -0.25944051 -0.25944051  5.10470592
 -0.25944051 -0.25944051 -0.25944051 -0.25944051 -0.25944051 -0.25944051
 -0.25944051 -0.25944051 -0.25944051 -0.25944051 -0.25944051 -0.25944051
 -0.25944051 -0.25944051 -0.25944051 -0.25944051 -0.25944051 -0.25944051
  3.41120114 -0.25944051 -0.25944051 -0.25944051 -0.25944051 -0.25944051
 -0.25944051 -0.25944051 -0.25944051 -0.25944051 -0.25944051 -0.25944051
 -0.25944051 -0.25944051 -0.25944051 -0.25944051 -0.25944051 -0.25944051
 -0.25944051 -0.25944051  1.0849077  -0.25944051 -0.25944051 -0.25944051
 -0.25944051 -0.25944051 -0.25944051 -0.25944051 -0.25944051 -0.25944051
 -0.25944051 -0.25944051 -0.25944051 -0.25944051 -0.25944051 -0.25944051
 -0.25944051 -0.25944051 -0.25944051 -0.25944051 -0.25944051 -0.25944051
 -0.25944051 -0.25944051 -0.25944051 -0.25944051 -0.25944051 -0.25944051
 -0.25944051 -0.25944051 -0.25944051 -0.25944051 -0.25944051 -0.25944051
 -0.25944051 -0.25944051 -0.25944051 -0.25944051 -0.25944051 -0.25944051
 -0.25944051 -0.25944051 -0.25944051 -0.25944051 -0.25944051 -0.25944051
 -0.25944051 -0.25944051 -0.25944051 -0.25944051 -0.25944051 -0.25944051
 -0.25944051 -0.25944051 -0.25944051 -0.25944051]",[-0.009631030660039008]
14,"[-0.24463484 -0.24463484 -0.24463484 -0.24463484 -0.24463484 -0.24463484
 -0.24463484 -0.24463484 -0.24463484 -0.24463484 -0.24463484 -0.24463484
 -0.24463484 -0.24463484 -0.24463484 -0.24463484 -0.24463484 -0.24463484
 -0.24463484 -0.24463484 -0.24463484 -0.24463484 -0.24463484 -0.24463484
 -0.24463484 -0.24463484 -0.24463484 -0.24463484 -0.24463484 -0.24463484
 -0.24463484 -0.24463484 -0.24463484 -0.24463484 -0.24463484 -0.24463484
 -0.24463484 -0.24463484 -0.24463484 -0.24463484 -0.24463484 -0.24463484
 -0.24463484 -0.24463484 -0.24463484 -0.24463484 -0.24463484 -0.24463484
 -0.24463484 -0.24463484 -0.24463484 -0.24463484 -0.24463484 -0.24463484
 -0.24463484 -0.24463484 -0.24463484 -0.24463484 -0.24463484 -0.24463484
 -0.24463484 -0.24463484 -0.24463484 -0.24463484 -0.24463484 -0.24463484
 -0.24463484 -0.24463484 -0.24463484 -0.24463484 -0.24463484 -0.24463484
 -0.24463484 -0.24463484 -0.24463484 -0.24463484 -0.24463484 -0.24463484
 -0.24463484 -0.24463484 -0.24463484 -0.24463484 -0.24463484  7.11131652
 -0.24463484 -0.24463484 -0.24463484 -0.24463484 -0.24463484 -0.24463484
 -0.24463484 -0.24463484  1.61247239 -0.24463484  1.22980001 -0.24463484
 -0.24463484 -0.24463484 -0.24463484 -0.24463484 -0.24463484 -0.24463484
 -0.24463484 -0.24463484 -0.24463484 -0.24463484 -0.24463484 -0.24463484
 -0.24463484 -0.24463484  5.98485349 -0.24463484 -0.24463484 -0.24463484
  1.93451578 -0.24463484 -0.24463484 -0.24463484 -0.24463484 -0.24463484
 -0.24463484 -0.24463484 -0.24463484  0.21249669 -0.24463484 -0.24463484
 -0.24463484 -0.24463484 -0.24463484 -0.24463484 -0.24463484 -0.24463484
 -0.24463484 -0.24463484 -0.24463484 -0.24463484 -0.24463484 -0.24463484
 -0.24463484 -0.24463484 -0.24463484 -0.24463484 -0.24463484 -0.24463484
 -0.24463484 -0.24463484 -0.24463484 -0.24463484 -0.24463484 -0.24463484
 -0.24463484 -0.24463484 -0.24463484 -0.24463484 -0.24463484 -0.24463484
 -0.24463484 -0.24463484 -0.24463484 -0.24463484 -0.24463484 -0.24463484
 -0.24463484 -0.03150603 -0.24463484 -0.24463484 -0.24463484 -0.24463484
 -0.24463484 -0.24463484 -0.24463484 -0.24463484 -0.24463484 -0.24463484
 -0.24463484 -0.24463484 -0.24463484 -0.24463484 -0.24463484 -0.24463484
 -0.24463484 -0.24463484 -0.24463484 -0.24463484 -0.24463484 -0.24463484
 -0.24463484 -0.24463484 -0.24463484 -0.24463484 -0.24463484 -0.24463484
 -0.24463484 -0.24463484 -0.24463484 -0.24463484 -0.24463484 -0.24463484
 -0.24463484 -0.24463484 -0.24463484 -0.24463484 -0.24463484 -0.24463484
 -0.24463484 -0.24463484 -0.24463484 -0.24463484 -0.24463484  0.79151278
  4.39480823 -0.24463484 -0.24463484 -0.24463484 -0.24463484  2.57795912
 -0.24463484 -0.24463484  0.20772287 -0.24463484 -0.24463484 -0.24463484
  2.26429551 -0.24463484 -0.24463484 -0.24463484 -0.24463484 -0.24463484
 -0.24463484 -0.24463484 -0.24463484 -0.24463484 -0.24463484 -0.24463484
 -0.24463484  3.62663417 -0.24463484  4.24212654  3.82005454 -0.24463484
  3.96448486  3.03329135 -0.24463484 -0.24463484 -0.24463484 -0.24463484
 -0.24463484 -0.24463484 -0.24463484 -0.24463484 -0.24463484 -0.24463484
 -0.24463484 -0.24463484 -0.24463484  5.27660038 -0.24463484 -0.24463484
 -0.24463484 -0.24463484  2.7963062   3.7151906  -0.24463484  0.50362388
 -0.24463484 -0.24463484 -0.24463484  1.61247239 -0.24463484 -0.24463484
 -0.24463484 -0.24463484  5.52695029 -0.24463484  2.5228721  -0.24463484
 -0.24463484  1.57769532 -0.24463484 -0.24463484 -0.24463484 -0.24463484
  2.64054756  2.92048521 -0.24463484 -0.24463484 -0.24463484  4.52097471
  2.85761388 -0.24463484 -0.24463484 -0.24463484 -0.24463484  1.62648443
 -0.24463484  5.04842575 -0.24463484 -0.24463484 -0.24463484 -0.24463484
 -0.24463484 -0.24463484 -0.24463484 -0.24463484  4.29491237 -0.24463484
 -0.24463484 -0.24463484 -0.24463484 -0.24463484 -0.24463484  0.9278693
 -0.24463484 -0.24463484 -0.24463484 -0.24463484 -0.24463484 -0.24463484
 -0.24463484 -0.24463484 -0.24463484 -0.24463484 -0.24463484 -0.24463484
 -0.24463484 -0.24463484 -0.24463484 -0.24463484 -0.24463484 -0.24463484
 -0.24463484 -0.24463484 -0.24463484 -0.24463484 -0.24463484 -0.24463484
 -0.24463484 -0.24463484 -0.24463484 -0.24463484 -0.24463484 -0.24463484
 -0.24463484 -0.24463484 -0.24463484 -0.24463484 -0.24463484 -0.24463484
 -0.24463484 -0.24463484 -0.24463484 -0.24463484 -0.24463484 -0.24463484
 -0.24463484 -0.24463484 -0.24463484 -0.24463484 -0.24463484 -0.24463484
 -0.24463484 -0.24463484 -0.24463484 -0.24463484 -0.24463484 -0.24463484
 -0.24463484 -0.24463484 -0.24463484 -0.24463484 -0.24463484 -0.24463484
 -0.24463484 -0.24463484 -0.24463484 -0.24463484 -0.24463484 -0.24463484
 -0.24463484 -0.24463484 -0.24463484 -0.24463484 -0.24463484 -0.24463484
 -0.24463484 -0.24463484 -0.24463484 -0.24463484 -0.24463484 -0.24463484
 -0.24463484 -0.24463484 -0.24463484 -0.24463484 -0.24463484 -0.24463484
 -0.24463484 -0.24463484 -0.24463484 -0.24463484 -0.24463484 -0.24463484
 -0.24463484 -0.24463484 -0.24463484 -0.24463484 -0.24463484 -0.24463484
 -0.24463484 -0.24463484 -0.24463484 -0.24463484 -0.24463484 -0.24463484
 -0.24463484 -0.24463484 -0.24463484 -0.24463484 -0.24463484 -0.24463484
 -0.24463484 -0.24463484 -0.24463484 -0.24463484 -0.24463484  3.69987825
 -0.24463484 -0.24463484 -0.24463484 -0.24463484 -0.24463484 -0.24463484
 -0.24463484 -0.24463484 -0.24463484 -0.24463484 -0.24463484 -0.24463484
 -0.24463484 -0.24463484 -0.24463484 -0.24463484 -0.24463484 -0.24463484
 -0.24463484 -0.24463484 -0.24463484 -0.24463484 -0.24463484 -0.24463484
 -0.24463484 -0.24463484 -0.24463484 -0.24463484 -0.24463484 -0.24463484
 -0.24463484 -0.24463484 -0.24463484 -0.24463484 -0.24463484 -0.24463484
 -0.24463484 -0.24463484  5.15147915 -0.24463484 -0.24463484 -0.24463484
  5.46472743 -0.24463484 -0.24463484 -0.24463484 -0.24463484 -0.24463484
 -0.24463484 -0.24463484 -0.24463484 -0.24463484 -0.24463484 -0.24463484
 -0.24463484 -0.24463484 -0.24463484 -0.24463484 -0.24463484 -0.24463484
 -0.24463484  2.24928596 -0.24463484 -0.24463484 -0.24463484 -0.24463484
 -0.24463484 -0.24463484 -0.24463484 -0.24463484 -0.24463484 -0.24463484
 -0.24463484 -0.24463484 -0.24463484 -0.24463484 -0.24463484 -0.24463484
 -0.24463484 -0.24463484 -0.24463484 -0.24463484 -0.24463484 -0.24463484
 -0.24463484 -0.24463484 -0.24463484 -0.24463484 -0.24463484 -0.24463484
 -0.24463484 -0.24463484  6.00276124 -0.24463484]",[-0.002738536085805404]
14,"[-0.21272817 -0.21272817 -0.21272817 -0.21272817 -0.21272817 -0.21272817
 -0.21272817 -0.21272817 -0.21272817 -0.21272817 -0.21272817 -0.21272817
 -0.21272817 -0.21272817 -0.21272817 -0.21272817 -0.21272817 -0.21272817
 -0.21272817 -0.21272817 -0.21272817 -0.21272817 -0.21272817 -0.21272817
 -0.21272817 -0.21272817 -0.21272817 -0.21272817 -0.21272817 -0.21272817
 -0.21272817 -0.21272817 -0.21272817 -0.21272817 -0.21272817 -0.21272817
 -0.21272817 -0.21272817 -0.21272817 -0.21272817 -0.21272817 -0.21272817
 -0.21272817 -0.21272817 -0.21272817 -0.21272817 -0.21272817 -0.21272817
 -0.21272817 -0.21272817 -0.21272817 -0.21272817 -0.21272817 -0.21272817
 -0.21272817 -0.21272817 -0.21272817 -0.21272817 -0.21272817 -0.21272817
 -0.21272817 -0.21272817 -0.21272817 -0.21272817 -0.21272817 -0.21272817
 -0.21272817 -0.21272817 -0.21272817 -0.21272817 -0.21272817 -0.21272817
 -0.21272817 -0.21272817 -0.21272817 -0.21272817 -0.21272817 -0.21272817
 -0.21272817 -0.21272817 -0.21272817 -0.21272817 -0.21272817  5.78450755
 -0.21272817 -0.21272817 -0.21272817 -0.21272817 -0.21272817 -0.21272817
 -0.21272817 -0.21272817 -0.21272817 -0.21272817 -0.21272817 -0.21272817
 -0.21272817 -0.21272817 -0.21272817 -0.21272817 -0.21272817 -0.21272817
 -0.21272817 -0.21272817 -0.21272817 -0.21272817 -0.21272817 -0.21272817
 -0.21272817 -0.21272817  7.0153511  -0.21272817 -0.21272817 -0.21272817
 -0.21272817 -0.21272817 -0.21272817 -0.21272817 -0.21272817 -0.21272817
 -0.21272817 -0.21272817 -0.21272817 -0.21272817 -0.21272817 -0.21272817
 -0.21272817 -0.21272817 -0.21272817 -0.21272817 -0.21272817 -0.21272817
 -0.21272817 -0.21272817 -0.21272817 -0.21272817 -0.21272817 -0.21272817
 -0.21272817 -0.21272817 -0.21272817 -0.21272817 -0.21272817 -0.21272817
  5.64037443 -0.21272817 -0.21272817 -0.21272817 -0.21272817 -0.21272817
 -0.21272817 -0.21272817 -0.21272817 -0.21272817 -0.21272817 -0.21272817
 -0.21272817 -0.21272817 -0.21272817 -0.21272817 -0.21272817 -0.21272817
 -0.21272817 -0.21272817 -0.21272817 -0.21272817 -0.21272817 -0.21272817
 -0.21272817 -0.21272817 -0.21272817 -0.21272817 -0.21272817 -0.21272817
 -0.21272817 -0.21272817 -0.21272817 -0.21272817 -0.21272817 -0.21272817
 -0.21272817 -0.21272817 -0.21272817 -0.21272817 -0.21272817 -0.21272817
 -0.21272817 -0.21272817 -0.21272817 -0.21272817 -0.21272817 -0.21272817
 -0.21272817 -0.21272817 -0.21272817 -0.21272817 -0.21272817 -0.21272817
 -0.21272817 -0.21272817 -0.21272817 -0.21272817 -0.21272817 -0.21272817
 -0.21272817 -0.21272817 -0.21272817 -0.21272817 -0.21272817 -0.21272817
  2.74683539 -0.21272817 -0.21272817 -0.21272817 -0.21272817  3.47258725
 -0.21272817 -0.21272817 -0.21272817 -0.21272817 -0.21272817 -0.21272817
 -0.21272817 -0.21272817 -0.21272817 -0.21272817 -0.21272817 -0.21272817
 -0.21272817 -0.21272817 -0.21272817 -0.21272817 -0.21272817 -0.21272817
 -0.21272817  3.35512109 -0.21272817 -0.21272817  2.48423373 -0.21272817
  3.92735665 -0.21272817 -0.21272817 -0.21272817 -0.21272817 -0.21272817
 -0.21272817 -0.21272817 -0.21272817 -0.21272817 -0.21272817 -0.21272817
 -0.21272817 -0.21272817 -0.21272817 -0.21272817 -0.21272817 -0.21272817
 -0.21272817 -0.21272817  8.7012743   3.97859079 -0.21272817 -0.21272817
 -0.21272817 -0.21272817 -0.21272817 -0.21272817 -0.21272817 -0.21272817
 -0.21272817 -0.21272817  7.03886437 -0.21272817  3.1336115  -0.21272817
 -0.21272817 -0.21272817 -0.21272817 -0.21272817 -0.21272817 -0.21272817
 -0.21272817  1.28419476 -0.21272817 -0.21272817 -0.21272817  5.19841828
 -0.21272817 -0.21272817 -0.21272817 -0.21272817 -0.21272817  4.1768104
 -0.21272817  1.98670028 -0.21272817 -0.21272817 -0.21272817 -0.21272817
 -0.21272817 -0.21272817 -0.21272817 -0.21272817  3.00551039 -0.21272817
 -0.21272817 -0.21272817 -0.21272817 -0.21272817 -0.21272817  2.6964314
 -0.21272817 -0.21272817 -0.21272817 -0.21272817 -0.21272817 -0.21272817
 -0.21272817 -0.21272817 -0.21272817 -0.21272817 -0.21272817 -0.21272817
 -0.21272817 -0.21272817 -0.21272817 -0.21272817 -0.21272817 -0.21272817
 -0.21272817 -0.21272817 -0.21272817 -0.21272817 -0.21272817 -0.21272817
 -0.21272817 -0.21272817 -0.21272817 -0.21272817 -0.21272817 -0.21272817
 -0.21272817 -0.21272817 -0.21272817 -0.21272817 -0.21272817 -0.21272817
 -0.21272817 -0.21272817 -0.21272817 -0.21272817 -0.21272817 -0.21272817
 -0.21272817 -0.21272817 -0.21272817 -0.21272817 -0.21272817 -0.21272817
 -0.21272817 -0.21272817 -0.21272817 -0.21272817 -0.21272817 -0.21272817
 -0.21272817 -0.21272817 -0.21272817 -0.21272817 -0.21272817 -0.21272817
 -0.21272817 -0.21272817 -0.21272817 -0.21272817 -0.21272817 -0.21272817
 -0.21272817 -0.21272817 -0.21272817 -0.21272817 -0.21272817 -0.21272817
  1.8884688  -0.21272817 -0.21272817 -0.21272817 -0.21272817 -0.21272817
 -0.21272817 -0.21272817 -0.21272817 -0.21272817 -0.21272817 -0.21272817
 -0.21272817 -0.21272817 -0.21272817 -0.21272817 -0.21272817 -0.21272817
 -0.21272817 -0.21272817 -0.21272817 -0.21272817 -0.21272817 -0.21272817
 -0.21272817 -0.21272817 -0.21272817  3.17298363 -0.21272817 -0.21272817
 -0.21272817 -0.21272817 -0.21272817 -0.21272817 -0.21272817 -0.21272817
 -0.21272817 -0.21272817 -0.21272817 -0.21272817 -0.21272817 -0.21272817
 -0.21272817 -0.21272817 -0.21272817 -0.21272817 -0.21272817 -0.21272817
 -0.21272817 -0.21272817 -0.21272817 -0.21272817 -0.21272817 -0.21272817
 -0.21272817 -0.21272817 -0.21272817 -0.21272817 -0.21272817 -0.21272817
  1.52514553 -0.21272817 -0.21272817 -0.21272817 -0.21272817 -0.21272817
  2.81136621 -0.21272817 -0.21272817 -0.21272817 -0.21272817 -0.21272817
 -0.21272817 -0.21272817 -0.21272817 -0.21272817 -0.21272817 -0.21272817
 -0.21272817 -0.21272817  2.84658025 -0.21272817 -0.21272817 -0.21272817
 -0.21272817 -0.21272817 -0.21272817 -0.21272817 -0.21272817 -0.21272817
 -0.21272817 -0.21272817 -0.21272817 -0.21272817 -0.21272817 -0.21272817
 -0.21272817 -0.21272817 -0.21272817 -0.21272817 -0.21272817 -0.21272817
 -0.21272817  6.86926211 -0.21272817 -0.21272817 -0.21272817 -0.21272817
 -0.21272817 -0.21272817 -0.21272817 -0.21272817 -0.21272817  3.16709914
 -0.21272817 -0.21272817 -0.21272817 -0.21272817 -0.21272817 -0.21272817
 -0.21272817  3.56280644 -0.21272817 -0.21272817 -0.21272817 -0.21272817
 -0.21272817 -0.21272817 -0.21272817 -0.21272817 -0.21272817 -0.21272817
 -0.21272817 -0.21272817  3.40450376 -0.21272817]",[-0.033652866958009175]
14,"[-0.26705916 -0.26705916 -0.26705916 -0.26705916 -0.26705916 -0.26705916
 -0.26705916 -0.26705916 -0.26705916 -0.26705916 -0.26705916 -0.26705916
 -0.26705916 -0.26705916 -0.26705916 -0.26705916 -0.26705916 -0.26705916
 -0.26705916 -0.26705916 -0.26705916 -0.26705916 -0.26705916 -0.26705916
 -0.26705916 -0.26705916 -0.26705916 -0.26705916 -0.26705916 -0.26705916
 -0.26705916 -0.26705916 -0.26705916 -0.26705916 -0.26705916 -0.26705916
 -0.26705916 -0.26705916 -0.26705916 -0.26705916 -0.26705916 -0.26705916
 -0.26705916 -0.26705916 -0.26705916 -0.26705916 -0.26705916 -0.26705916
 -0.26705916 -0.26705916 -0.26705916 -0.26705916 -0.26705916 -0.26705916
 -0.26705916 -0.26705916 -0.26705916 -0.26705916  1.47272003 -0.26705916
 -0.26705916 -0.26705916 -0.26705916 -0.26705916 -0.26705916 -0.26705916
 -0.26705916 -0.26705916 -0.26705916 -0.26705916 -0.26705916 -0.26705916
 -0.26705916 -0.26705916 -0.26705916 -0.26705916 -0.26705916 -0.26705916
 -0.26705916 -0.26705916 -0.26705916 -0.26705916 -0.26705916  3.81669779
 -0.26705916 -0.26705916 -0.26705916 -0.26705916 -0.26705916 -0.26705916
 -0.26705916 -0.26705916  1.48503754 -0.26705916 -0.26705916 -0.26705916
 -0.26705916 -0.26705916 -0.26705916 -0.26705916 -0.26705916 -0.26705916
 -0.26705916 -0.26705916 -0.26705916 -0.26705916 -0.26705916 -0.26705916
 -0.26705916 -0.26705916  6.55405326 -0.26705916 -0.26705916 -0.26705916
  1.73989422 -0.26705916  1.59318515 -0.26705916 -0.26705916 -0.26705916
 -0.26705916 -0.26705916 -0.26705916  1.89289147  4.18282368 -0.26705916
 -0.26705916 -0.26705916 -0.26705916 -0.26705916 -0.26705916 -0.26705916
 -0.26705916 -0.26705916 -0.26705916 -0.26705916 -0.26705916 -0.26705916
 -0.26705916 -0.26705916 -0.26705916 -0.26705916 -0.26705916 -0.26705916
 -0.26705916 -0.26705916 -0.26705916 -0.26705916 -0.26705916 -0.26705916
 -0.26705916 -0.26705916 -0.26705916 -0.26705916 -0.26705916 -0.26705916
 -0.26705916 -0.26705916 -0.26705916 -0.26705916 -0.26705916 -0.26705916
 -0.26705916  1.67777548 -0.26705916 -0.26705916 -0.26705916 -0.26705916
 -0.26705916 -0.26705916 -0.26705916 -0.26705916 -0.26705916 -0.26705916
 -0.26705916 -0.26705916 -0.26705916 -0.26705916 -0.26705916 -0.26705916
 -0.26705916 -0.26705916 -0.26705916 -0.26705916 -0.26705916 -0.26705916
 -0.26705916 -0.26705916 -0.26705916 -0.26705916 -0.26705916 -0.26705916
 -0.26705916 -0.26705916 -0.26705916 -0.26705916 -0.26705916 -0.26705916
 -0.26705916 -0.26705916  1.48503754 -0.26705916 -0.26705916 -0.26705916
 -0.26705916 -0.26705916 -0.26705916 -0.26705916 -0.26705916 -0.26705916
  1.45519371 -0.26705916 -0.14253103 -0.26705916 -0.26705916  0.77299063
 -0.26705916 -0.26705916 -0.26705916 -0.26705916 -0.26705916 -0.26705916
 -0.26705916 -0.26705916 -0.26705916 -0.26705916 -0.26705916 -0.26705916
 -0.26705916 -0.26705916 -0.26705916 -0.26705916 -0.26705916 -0.26705916
 -0.26705916  2.84872988 -0.26705916  0.84611768  4.3815998  -0.26705916
  3.38109956 -0.26705916 -0.26705916 -0.26705916 -0.26705916 -0.26705916
 -0.26705916 -0.26705916 -0.26705916 -0.26705916 -0.26705916 -0.26705916
 -0.26705916 -0.26705916 -0.26705916  6.76156002 -0.26705916 -0.26705916
 -0.26705916 -0.26705916 -0.26705916  0.88561319 -0.26705916  0.57252616
 -0.26705916 -0.26705916 -0.26705916  2.93401971 -0.26705916 -0.26705916
  3.24341145 -0.26705916  5.47652712 -0.26705916  3.08132201 -0.26705916
 -0.26705916  3.04560524 -0.26705916 -0.26705916  3.68221783 -0.26705916
  1.52338076  2.20395159 -0.26705916 -0.26705916 -0.26705916  4.57862436
 -0.26705916 -0.26705916 -0.26705916  2.47775262 -0.26705916  2.30978602
 -0.26705916 -0.26705916  5.03607355 -0.26705916 -0.26705916 -0.26705916
 -0.26705916 -0.26705916 -0.26705916 -0.26705916  2.9904121  -0.26705916
  5.50420662 -0.26705916 -0.26705916 -0.26705916 -0.26705916 -0.26705916
 -0.26705916 -0.26705916 -0.26705916 -0.26705916 -0.26705916 -0.26705916
 -0.26705916 -0.26705916 -0.26705916 -0.26705916 -0.26705916 -0.26705916
 -0.26705916 -0.26705916 -0.26705916 -0.26705916 -0.26705916 -0.26705916
 -0.26705916 -0.26705916 -0.26705916 -0.26705916 -0.26705916 -0.26705916
 -0.26705916 -0.26705916 -0.26705916 -0.26705916 -0.26705916 -0.26705916
 -0.26705916 -0.26705916 -0.26705916 -0.26705916 -0.26705916 -0.26705916
 -0.26705916 -0.26705916 -0.26705916 -0.26705916 -0.26705916 -0.26705916
 -0.26705916 -0.26705916 -0.26705916 -0.26705916 -0.26705916 -0.26705916
 -0.26705916 -0.26705916 -0.26705916 -0.26705916 -0.26705916 -0.26705916
 -0.26705916 -0.26705916 -0.26705916 -0.26705916 -0.26705916 -0.26705916
 -0.26705916 -0.26705916 -0.26705916 -0.26705916 -0.26705916 -0.26705916
 -0.26705916 -0.26705916 -0.26705916 -0.26705916 -0.26705916 -0.26705916
  2.14790919 -0.26705916 -0.26705916 -0.26705916 -0.26705916 -0.26705916
 -0.26705916 -0.26705916 -0.26705916 -0.26705916 -0.26705916 -0.26705916
 -0.26705916 -0.26705916 -0.26705916 -0.26705916 -0.26705916 -0.26705916
 -0.26705916 -0.26705916 -0.26705916 -0.26705916 -0.26705916 -0.26705916
 -0.26705916 -0.26705916 -0.26705916 -0.26705916 -0.26705916 -0.26705916
 -0.26705916 -0.26705916 -0.26705916 -0.26705916 -0.26705916 -0.26705916
 -0.26705916 -0.26705916 -0.26705916 -0.26705916  5.69384417 -0.26705916
 -0.26705916 -0.26705916 -0.26705916 -0.26705916 -0.26705916 -0.26705916
 -0.26705916 -0.26705916 -0.26705916 -0.26705916 -0.26705916 -0.26705916
 -0.26705916 -0.26705916 -0.26705916 -0.26705916 -0.26705916 -0.26705916
  3.29484879 -0.26705916 -0.26705916 -0.26705916 -0.26705916 -0.26705916
 -0.26705916 -0.26705916 -0.26705916 -0.26705916 -0.26705916 -0.26705916
 -0.26705916 -0.26705916 -0.26705916 -0.26705916 -0.26705916 -0.26705916
 -0.26705916 -0.26705916  2.5770217  -0.26705916 -0.26705916 -0.26705916
  4.85287892 -0.26705916 -0.26705916 -0.26705916 -0.26705916 -0.26705916
 -0.26705916 -0.26705916 -0.26705916 -0.26705916 -0.26705916 -0.26705916
 -0.26705916 -0.26705916 -0.26705916 -0.26705916 -0.26705916 -0.26705916
 -0.26705916  3.21179705  2.37518506 -0.26705916 -0.26705916 -0.26705916
 -0.26705916 -0.26705916 -0.26705916 -0.26705916 -0.26705916  0.59874348
 -0.26705916 -0.26705916 -0.26705916 -0.26705916 -0.26705916 -0.26705916
 -0.26705916  2.44213124 -0.26705916 -0.26705916 -0.26705916 -0.26705916
  4.17549214 -0.26705916 -0.26705916 -0.26705916 -0.26705916 -0.26705916
 -0.26705916 -0.26705916 -0.26705916 -0.26705916]",[-0.03206502196454514]
14,"[-0.24909243 -0.24909243 -0.24909243 -0.24909243  1.26192293 -0.24909243
 -0.24909243 -0.24909243 -0.24909243 -0.24909243 -0.24909243 -0.24909243
 -0.24909243 -0.24909243 -0.24909243 -0.24909243 -0.24909243 -0.24909243
 -0.24909243 -0.24909243 -0.24909243 -0.24909243 -0.24909243 -0.24909243
 -0.24909243 -0.24909243 -0.24909243 -0.24909243 -0.24909243 -0.24909243
 -0.24909243 -0.24909243 -0.24909243 -0.24909243 -0.24909243 -0.24909243
 -0.24909243 -0.24909243 -0.24909243 -0.24909243 -0.24909243 -0.24909243
 -0.24909243 -0.24909243 -0.24909243 -0.24909243 -0.24909243 -0.24909243
 -0.24909243 -0.24909243 -0.24909243 -0.24909243 -0.24909243 -0.24909243
 -0.24909243 -0.24909243 -0.24909243 -0.24909243 -0.24909243 -0.24909243
 -0.24909243 -0.24909243 -0.24909243 -0.24909243 -0.24909243 -0.24909243
 -0.24909243 -0.24909243 -0.24909243 -0.24909243 -0.24909243 -0.24909243
 -0.24909243 -0.24909243 -0.24909243 -0.24909243 -0.24909243 -0.24909243
 -0.24909243 -0.24909243 -0.24909243 -0.24909243 -0.24909243  6.67303211
 -0.24909243 -0.24909243 -0.24909243 -0.24909243 -0.24909243 -0.24909243
 -0.24909243 -0.24909243 -0.24909243 -0.24909243  2.23193351 -0.24909243
 -0.24909243 -0.24909243 -0.24909243 -0.24909243 -0.24909243 -0.24909243
 -0.24909243 -0.24909243 -0.24909243 -0.24909243  1.24952241 -0.24909243
 -0.24909243 -0.24909243  6.13871987 -0.24909243 -0.24909243 -0.24909243
 -0.24909243 -0.24909243  3.34731005 -0.24909243 -0.24909243 -0.24909243
 -0.24909243 -0.24909243 -0.24909243 -0.24909243  3.69427596 -0.24909243
 -0.24909243 -0.24909243 -0.24909243 -0.24909243 -0.24909243 -0.24909243
 -0.24909243 -0.24909243 -0.24909243 -0.24909243 -0.24909243 -0.24909243
 -0.24909243 -0.24909243 -0.24909243 -0.24909243 -0.24909243 -0.24909243
 -0.24909243 -0.24909243 -0.24909243 -0.24909243 -0.24909243 -0.24909243
 -0.24909243 -0.24909243 -0.24909243 -0.24909243 -0.24909243 -0.24909243
 -0.24909243 -0.24909243 -0.24909243 -0.24909243 -0.24909243 -0.24909243
 -0.24909243  0.65168736 -0.24909243 -0.24909243 -0.24909243 -0.24909243
 -0.24909243 -0.24909243 -0.24909243 -0.24909243 -0.24909243 -0.24909243
 -0.24909243 -0.24909243 -0.24909243 -0.24909243 -0.24909243 -0.24909243
 -0.24909243 -0.24909243 -0.24909243 -0.24909243 -0.24909243 -0.24909243
 -0.24909243 -0.24909243 -0.24909243 -0.24909243 -0.24909243 -0.24909243
 -0.24909243 -0.24909243 -0.24909243 -0.24909243 -0.24909243 -0.24909243
 -0.24909243 -0.24909243  1.6256958  -0.24909243 -0.24909243 -0.24909243
 -0.24909243 -0.24909243 -0.24909243 -0.24909243 -0.24909243 -0.24909243
  2.83791105 -0.24909243 -0.24909243 -0.24909243 -0.24909243  2.35367821
 -0.24909243 -0.24909243 -0.24909243 -0.24909243 -0.24909243 -0.24909243
 -0.24909243 -0.24909243 -0.24909243 -0.24909243 -0.24909243 -0.24909243
 -0.24909243 -0.24909243 -0.24909243 -0.24909243 -0.24909243 -0.24909243
 -0.24909243  3.18165399 -0.24909243  3.62192712  3.62563256 -0.24909243
  2.88518455 -0.24909243 -0.24909243  2.8473778  -0.24909243 -0.24909243
 -0.24909243 -0.24909243 -0.24909243 -0.24909243 -0.24909243 -0.24909243
 -0.24909243 -0.24909243 -0.24909243  6.17246959  3.69498749 -0.24909243
 -0.24909243 -0.24909243 -0.24909243  2.5109137  -0.24909243 -0.17213648
 -0.24909243 -0.24909243 -0.24909243 -0.24909243  0.95575719 -0.24909243
  4.2128934  -0.24909243  5.92200814 -0.24909243  3.86251786 -0.24909243
 -0.24909243  1.53476752 -0.24909243  1.14090117  1.92341812  1.7307814
 -0.24909243  0.43333516 -0.24909243 -0.24909243  5.3624612   2.18989789
  3.60024045 -0.24909243 -0.24909243 -0.24909243 -0.24909243 -0.24909243
 -0.24909243 -0.24909243 -0.24909243 -0.24909243 -0.24909243 -0.24909243
 -0.24909243 -0.24909243 -0.24909243 -0.24909243 -0.24909243 -0.24909243
 -0.24909243  5.06558713 -0.24909243 -0.24909243 -0.24909243  0.73756121
 -0.24909243 -0.24909243 -0.24909243 -0.24909243 -0.24909243 -0.24909243
 -0.24909243 -0.24909243 -0.24909243 -0.24909243 -0.24909243 -0.24909243
 -0.24909243 -0.24909243 -0.24909243 -0.24909243 -0.24909243 -0.24909243
 -0.24909243 -0.24909243 -0.24909243 -0.24909243 -0.24909243 -0.24909243
 -0.24909243 -0.24909243 -0.24909243 -0.24909243 -0.24909243 -0.24909243
 -0.24909243 -0.24909243 -0.24909243 -0.24909243 -0.24909243 -0.24909243
 -0.24909243 -0.24909243 -0.24909243 -0.24909243 -0.24909243 -0.24909243
 -0.24909243 -0.24909243 -0.24909243 -0.24909243 -0.24909243 -0.24909243
 -0.24909243 -0.24909243 -0.24909243 -0.24909243 -0.24909243 -0.24909243
 -0.24909243 -0.24909243 -0.24909243 -0.24909243 -0.24909243 -0.24909243
 -0.24909243 -0.24909243 -0.24909243 -0.24909243 -0.24909243 -0.24909243
 -0.24909243 -0.24909243 -0.24909243 -0.24909243 -0.24909243 -0.24909243
 -0.24909243 -0.24909243 -0.24909243 -0.24909243 -0.24909243 -0.24909243
 -0.24909243 -0.24909243 -0.24909243 -0.24909243 -0.24909243 -0.24909243
 -0.24909243 -0.24909243 -0.24909243 -0.24909243 -0.24909243 -0.24909243
 -0.24909243 -0.24909243 -0.24909243 -0.24909243 -0.24909243 -0.24909243
 -0.24909243 -0.24909243 -0.24909243 -0.24909243 -0.24909243 -0.24909243
 -0.24909243 -0.24909243 -0.24909243 -0.24909243 -0.24909243 -0.24909243
 -0.24909243 -0.24909243 -0.24909243 -0.24909243  5.97834147  0.7165682
 -0.24909243 -0.24909243 -0.24909243 -0.24909243 -0.24909243 -0.24909243
 -0.24909243 -0.24909243 -0.24909243 -0.24909243 -0.24909243 -0.24909243
 -0.24909243 -0.24909243 -0.24909243 -0.24909243 -0.24909243 -0.24909243
 -0.24909243 -0.24909243 -0.24909243 -0.24909243 -0.24909243 -0.24909243
 -0.24909243 -0.24909243 -0.24909243 -0.24909243 -0.24909243 -0.24909243
 -0.24909243 -0.24909243 -0.24909243 -0.24909243 -0.24909243 -0.24909243
 -0.24909243 -0.24909243  1.11576275 -0.24909243 -0.24909243 -0.24909243
  5.96503075 -0.24909243 -0.24909243 -0.24909243 -0.24909243 -0.24909243
 -0.24909243 -0.24909243 -0.24909243 -0.24909243 -0.24909243 -0.24909243
 -0.24909243 -0.24909243 -0.24909243 -0.24909243 -0.24909243 -0.24909243
 -0.24909243  3.08533887 -0.24909243 -0.24909243 -0.24909243 -0.24909243
 -0.24909243 -0.24909243 -0.24909243 -0.24909243 -0.24909243 -0.24909243
 -0.24909243 -0.24909243 -0.24909243 -0.24909243 -0.24909243 -0.24909243
 -0.24909243 -0.24909243 -0.24909243 -0.24909243 -0.24909243 -0.24909243
 -0.24909243 -0.24909243 -0.24909243 -0.24909243 -0.24909243 -0.24909243
 -0.24909243 -0.24909243  3.59749572 -0.24909243]",[-0.012523997748678628]
14,"[-0.25416704 -0.25416704 -0.25416704 -0.25416704 -0.25416704 -0.25416704
 -0.25416704 -0.25416704 -0.25416704 -0.25416704 -0.25416704 -0.25416704
 -0.25416704 -0.25416704 -0.25416704 -0.25416704 -0.25416704 -0.25416704
 -0.25416704 -0.25416704 -0.25416704 -0.25416704 -0.25416704 -0.25416704
 -0.25416704 -0.25416704 -0.25416704 -0.25416704 -0.25416704 -0.25416704
 -0.25416704 -0.25416704 -0.25416704 -0.25416704 -0.25416704 -0.25416704
 -0.25416704 -0.25416704 -0.25416704 -0.25416704 -0.25416704 -0.25416704
 -0.25416704 -0.25416704 -0.25416704 -0.25416704 -0.25416704 -0.25416704
 -0.25416704 -0.25416704 -0.25416704 -0.25416704 -0.25416704 -0.25416704
 -0.25416704 -0.25416704 -0.25416704 -0.25416704 -0.25416704 -0.25416704
 -0.25416704 -0.25416704 -0.25416704 -0.25416704 -0.25416704 -0.25416704
 -0.25416704 -0.25416704 -0.25416704 -0.25416704 -0.25416704 -0.25416704
 -0.25416704 -0.25416704 -0.25416704 -0.25416704 -0.25416704 -0.25416704
 -0.25416704 -0.25416704 -0.25416704 -0.25416704 -0.25416704  5.72801911
 -0.25416704 -0.25416704 -0.25416704 -0.25416704 -0.25416704 -0.25416704
 -0.25416704 -0.25416704 -0.25416704 -0.25416704 -0.25416704 -0.25416704
 -0.25416704 -0.25416704 -0.25416704  3.99471017 -0.25416704 -0.25416704
 -0.25416704 -0.25416704 -0.25416704 -0.25416704 -0.25416704 -0.25416704
 -0.25416704 -0.25416704  6.29190447  1.90944142 -0.25416704 -0.25416704
 -0.25416704 -0.25416704  4.40992539 -0.25416704 -0.25416704 -0.25416704
 -0.25416704 -0.25416704 -0.25416704 -0.25416704  2.76334459 -0.25416704
 -0.25416704 -0.25416704 -0.25416704 -0.25416704 -0.25416704 -0.25416704
 -0.25416704 -0.25416704 -0.25416704 -0.25416704 -0.25416704 -0.25416704
 -0.25416704 -0.25416704 -0.25416704 -0.25416704 -0.25416704 -0.25416704
 -0.25416704 -0.25416704 -0.25416704 -0.25416704 -0.25416704 -0.25416704
 -0.25416704 -0.25416704 -0.25416704 -0.25416704 -0.25416704 -0.25416704
 -0.25416704 -0.25416704 -0.25416704 -0.25416704 -0.25416704 -0.25416704
 -0.25416704 -0.25416704 -0.25416704 -0.25416704 -0.25416704 -0.25416704
 -0.25416704 -0.25416704  2.89600074 -0.25416704 -0.25416704 -0.25416704
 -0.25416704 -0.25416704 -0.25416704 -0.25416704 -0.25416704 -0.25416704
 -0.25416704 -0.25416704 -0.25416704 -0.25416704 -0.25416704 -0.25416704
 -0.25416704 -0.25416704 -0.25416704 -0.25416704 -0.25416704 -0.25416704
 -0.25416704 -0.25416704 -0.25416704 -0.25416704 -0.25416704 -0.25416704
 -0.25416704 -0.25416704 -0.25416704 -0.25416704 -0.25416704 -0.25416704
 -0.25416704 -0.25416704 -0.25416704 -0.25416704 -0.25416704  3.28250927
  3.3125134  -0.25416704 -0.25416704 -0.25416704 -0.25416704  3.76792172
 -0.25416704 -0.25416704 -0.25416704 -0.25416704 -0.25416704 -0.25416704
 -0.25416704 -0.25416704 -0.25416704 -0.25416704 -0.25416704 -0.25416704
 -0.25416704 -0.25416704 -0.25416704 -0.25416704 -0.25416704 -0.25416704
 -0.25416704  3.19895161 -0.25416704  3.47807202  3.32268624 -0.25416704
  3.98135535  2.79574155 -0.25416704  2.71474774 -0.25416704 -0.25416704
 -0.25416704 -0.25416704 -0.25416704 -0.25416704 -0.25416704 -0.25416704
 -0.25416704 -0.25416704 -0.25416704 -0.25416704  2.89600074 -0.25416704
 -0.25416704 -0.25416704 -0.25416704 -0.25416704 -0.25416704  0.84405704
 -0.25416704 -0.25416704 -0.25416704 -0.25416704  1.82631519 -0.25416704
  2.06429478 -0.25416704  6.67260395 -0.25416704  2.83970581 -0.25416704
 -0.25416704  2.18505948 -0.25416704 -0.25416704  1.92362986 -0.25416704
 -0.25416704 -0.25416704 -0.25416704 -0.25416704  4.84635862  1.01792622
 -0.25416704 -0.25416704 -0.25416704  2.63016554 -0.25416704 -0.25416704
 -0.25416704 -0.25416704 -0.25416704 -0.25416704 -0.25416704 -0.25416704
 -0.25416704 -0.25416704 -0.25416704 -0.25416704 -0.25416704 -0.25416704
 -0.25416704 -0.25416704 -0.25416704 -0.25416704 -0.25416704 -0.25416704
 -0.25416704 -0.25416704 -0.25416704 -0.25416704 -0.25416704 -0.25416704
 -0.25416704 -0.25416704 -0.25416704 -0.25416704 -0.25416704  2.60954912
 -0.25416704 -0.25416704 -0.25416704 -0.25416704 -0.25416704 -0.25416704
 -0.25416704 -0.25416704 -0.25416704 -0.25416704 -0.25416704 -0.25416704
 -0.25416704 -0.25416704 -0.25416704 -0.25416704 -0.25416704 -0.25416704
 -0.25416704 -0.25416704 -0.25416704 -0.25416704 -0.25416704 -0.25416704
 -0.25416704  0.60374306 -0.25416704 -0.25416704 -0.25416704 -0.25416704
 -0.25416704 -0.25416704 -0.25416704 -0.25416704 -0.25416704 -0.25416704
 -0.25416704 -0.25416704 -0.25416704 -0.25416704 -0.25416704 -0.25416704
 -0.25416704 -0.25416704 -0.25416704 -0.25416704 -0.25416704 -0.25416704
 -0.25416704 -0.25416704 -0.25416704 -0.25416704 -0.25416704 -0.25416704
 -0.25416704 -0.25416704 -0.25416704 -0.25416704 -0.25416704 -0.25416704
 -0.25416704 -0.25416704 -0.25416704 -0.25416704 -0.25416704 -0.25416704
 -0.25416704 -0.25416704 -0.25416704 -0.25416704 -0.25416704 -0.25416704
 -0.25416704 -0.25416704 -0.25416704 -0.25416704 -0.25416704 -0.25416704
 -0.25416704 -0.25416704 -0.25416704 -0.25416704 -0.25416704 -0.25416704
 -0.25416704 -0.25416704 -0.25416704 -0.25416704 -0.25416704 -0.25416704
 -0.25416704 -0.25416704 -0.25416704 -0.25416704 -0.25416704 -0.25416704
 -0.25416704 -0.25416704 -0.25416704 -0.25416704 -0.25416704  5.29807494
 -0.25416704 -0.25416704 -0.25416704 -0.25416704 -0.25416704 -0.25416704
 -0.25416704 -0.25416704 -0.25416704 -0.25416704 -0.25416704 -0.25416704
 -0.25416704 -0.25416704  1.71524048 -0.25416704 -0.25416704 -0.25416704
  3.67176842 -0.25416704 -0.25416704 -0.25416704 -0.25416704 -0.25416704
 -0.25416704 -0.25416704 -0.25416704 -0.25416704 -0.25416704 -0.25416704
 -0.25416704 -0.25416704 -0.25416704 -0.25416704 -0.25416704 -0.25416704
 -0.25416704 -0.25416704  5.69062511 -0.25416704 -0.25416704 -0.25416704
 -0.25416704 -0.25416704  5.08824796 -0.25416704 -0.25416704 -0.25416704
 -0.25416704 -0.25416704 -0.25416704 -0.25416704 -0.25416704 -0.25416704
 -0.25416704 -0.25416704 -0.25416704 -0.25416704 -0.25416704 -0.25416704
 -0.25416704  4.2080715  -0.25416704 -0.25416704 -0.25416704 -0.25416704
 -0.25416704 -0.25416704 -0.25416704 -0.25416704 -0.25416704 -0.25416704
 -0.25416704 -0.25416704 -0.25416704 -0.25416704 -0.25416704 -0.25416704
 -0.25416704  4.62218795 -0.25416704 -0.25416704 -0.25416704 -0.25416704
 -0.25416704 -0.25416704 -0.25416704 -0.25416704 -0.25416704 -0.25416704
 -0.25416704 -0.25416704  1.66121113 -0.25416704]",[-0.06434446979119385]
14,"[-0.25859611 -0.25859611 -0.25859611 -0.25859611 -0.19980467 -0.25859611
 -0.25859611 -0.25859611 -0.25859611 -0.25859611 -0.25859611 -0.25859611
 -0.25859611 -0.25859611 -0.25859611 -0.25859611 -0.25859611 -0.25859611
 -0.25859611 -0.25859611 -0.25859611 -0.25859611 -0.25859611 -0.25859611
 -0.25859611 -0.25859611 -0.25859611 -0.25859611 -0.25859611 -0.25859611
 -0.25859611 -0.25859611 -0.25859611 -0.25859611 -0.25859611 -0.25859611
 -0.25859611 -0.25859611 -0.25859611 -0.25859611 -0.25859611 -0.25859611
 -0.25859611 -0.25859611 -0.25859611 -0.25859611 -0.25859611 -0.25859611
 -0.25859611 -0.25859611 -0.25859611 -0.25859611 -0.25859611 -0.25859611
 -0.25859611 -0.25859611 -0.25859611 -0.25859611 -0.25859611 -0.25859611
 -0.25859611 -0.25859611 -0.25859611 -0.25859611 -0.25859611 -0.25859611
 -0.25859611 -0.25859611 -0.25859611 -0.25859611 -0.25859611 -0.25859611
 -0.25859611 -0.25859611 -0.25859611 -0.25859611 -0.25859611 -0.25859611
 -0.25859611 -0.25859611 -0.25859611 -0.25859611 -0.25859611  6.23333898
 -0.25859611 -0.25859611 -0.25859611 -0.25859611 -0.25859611  4.30730942
 -0.25859611 -0.25859611  1.92302887 -0.25859611 -0.25859611 -0.25859611
 -0.25859611 -0.25859611 -0.25859611 -0.25859611 -0.25859611 -0.25859611
 -0.25859611 -0.25859611 -0.25859611 -0.25859611 -0.25859611 -0.25859611
 -0.25859611 -0.25859611  6.73482759 -0.25859611 -0.25859611 -0.25859611
 -0.25859611 -0.25859611  6.25971143 -0.25859611 -0.25859611 -0.25859611
 -0.25859611 -0.25859611 -0.25859611 -0.25859611  2.51499014 -0.25859611
 -0.25859611 -0.25859611 -0.25859611 -0.25859611 -0.25859611 -0.25859611
 -0.25859611 -0.25859611 -0.25859611 -0.25859611 -0.25859611 -0.25859611
 -0.25859611 -0.25859611 -0.25859611 -0.25859611 -0.25859611 -0.25859611
 -0.25859611 -0.25859611 -0.25859611 -0.25859611 -0.25859611 -0.25859611
 -0.25859611 -0.25859611 -0.25859611 -0.25859611 -0.25859611 -0.25859611
 -0.25859611 -0.25859611 -0.25859611 -0.25859611 -0.25859611 -0.25859611
 -0.25859611 -0.25859611 -0.25859611 -0.25859611 -0.25859611 -0.25859611
 -0.25859611 -0.25859611 -0.25859611 -0.25859611 -0.25859611 -0.25859611
 -0.25859611 -0.25859611 -0.25859611 -0.25859611 -0.25859611 -0.25859611
 -0.25859611 -0.25859611 -0.25859611 -0.25859611 -0.25859611 -0.25859611
 -0.25859611 -0.25859611 -0.25859611 -0.25859611 -0.25859611 -0.25859611
 -0.25859611 -0.25859611 -0.25859611 -0.25859611 -0.25859611 -0.25859611
 -0.25859611 -0.25859611 -0.25859611 -0.25859611 -0.25859611  0.57585673
 -0.25859611 -0.25859611 -0.25859611 -0.25859611 -0.25859611 -0.25859611
  1.96533525 -0.25859611  0.09008542 -0.25859611 -0.25859611  3.58368707
 -0.25859611 -0.25859611 -0.25859611 -0.25859611 -0.25859611 -0.25859611
 -0.25859611 -0.25859611 -0.25859611 -0.25859611 -0.25859611 -0.25859611
 -0.25859611 -0.25859611 -0.25859611  1.34953685 -0.25859611 -0.25859611
 -0.25859611  3.92083795 -0.25859611  3.56094973  2.71667507 -0.25859611
  2.56345388  2.05738974 -0.25859611  1.77627709 -0.25859611 -0.25859611
 -0.25859611 -0.25859611 -0.25859611 -0.25859611 -0.25859611 -0.25859611
 -0.25859611 -0.25859611 -0.25859611  5.19374606  1.58059472 -0.25859611
 -0.25859611 -0.25859611  3.47363837  4.37735844 -0.25859611  1.48710792
 -0.25859611 -0.25859611 -0.25859611  1.58059472  0.30911242 -0.25859611
 -0.25859611 -0.25859611  5.3273578  -0.25859611  2.94134746 -0.25859611
 -0.25859611  3.19264815 -0.25859611 -0.25859611  4.09591661 -0.25859611
  2.88820749  1.22922905 -0.25859611 -0.25859611  5.78140249  2.20513382
 -0.25859611 -0.25859611 -0.25859611 -0.25859611 -0.25859611  2.49827967
 -0.25859611 -0.25859611 -0.25859611 -0.25859611 -0.25859611 -0.25859611
 -0.25859611 -0.25859611 -0.25859611 -0.25859611  2.35133475 -0.25859611
 -0.25859611 -0.25859611 -0.25859611 -0.25859611 -0.25859611  2.02662787
 -0.25859611 -0.25859611 -0.25859611 -0.25859611 -0.25859611 -0.25859611
 -0.25859611 -0.25859611 -0.25859611 -0.25859611 -0.25859611 -0.25859611
 -0.25859611 -0.25859611 -0.25859611 -0.25859611 -0.25859611 -0.25859611
 -0.25859611 -0.25859611 -0.25859611 -0.25859611 -0.25859611 -0.25859611
 -0.25859611 -0.25859611 -0.25859611 -0.25859611 -0.25859611 -0.25859611
 -0.25859611 -0.25859611 -0.25859611 -0.25859611 -0.25859611 -0.25859611
 -0.25859611 -0.25859611 -0.25859611 -0.25859611 -0.25859611 -0.25859611
 -0.25859611 -0.25859611 -0.25859611 -0.25859611 -0.25859611 -0.25859611
 -0.25859611 -0.25859611 -0.25859611 -0.25859611 -0.25859611 -0.25859611
 -0.25859611 -0.25859611 -0.25859611 -0.25859611 -0.25859611 -0.25859611
 -0.25859611 -0.25859611 -0.25859611 -0.25859611 -0.25859611 -0.25859611
 -0.25859611 -0.25859611 -0.25859611 -0.25859611 -0.25859611 -0.25859611
 -0.25859611 -0.25859611 -0.25859611 -0.25859611 -0.25859611 -0.25859611
 -0.25859611 -0.25859611 -0.25859611 -0.25859611 -0.25859611 -0.25859611
 -0.25859611 -0.25859611 -0.25859611 -0.25859611 -0.25859611 -0.25859611
 -0.25859611 -0.25859611 -0.25859611 -0.25859611 -0.25859611 -0.25859611
 -0.25859611 -0.25859611 -0.25859611 -0.25859611 -0.25859611 -0.25859611
 -0.25859611 -0.25859611 -0.25859611 -0.25859611 -0.25859611 -0.25859611
 -0.25859611 -0.25859611 -0.25859611 -0.25859611  5.70127738 -0.25859611
 -0.25859611 -0.25859611 -0.25859611 -0.25859611 -0.25859611 -0.25859611
 -0.25859611 -0.25859611 -0.25859611 -0.25859611 -0.25859611 -0.25859611
 -0.25859611 -0.25859611 -0.25859611 -0.25859611 -0.25859611 -0.25859611
  3.480369   -0.25859611 -0.25859611 -0.25859611 -0.25859611 -0.25859611
 -0.25859611 -0.25859611 -0.25859611 -0.25859611 -0.25859611 -0.25859611
 -0.25859611 -0.25859611 -0.25859611 -0.25859611 -0.25859611 -0.25859611
 -0.25859611 -0.25859611  0.62639515 -0.25859611 -0.25859611 -0.25859611
  3.71185489 -0.25859611 -0.25859611 -0.25859611 -0.25859611 -0.25859611
 -0.25859611 -0.25859611 -0.25859611 -0.25859611 -0.25859611 -0.25859611
 -0.25859611 -0.25859611 -0.25859611 -0.25859611 -0.25859611 -0.25859611
 -0.25859611  3.7774349  -0.25859611 -0.25859611 -0.25859611  0.77740062
 -0.25859611 -0.25859611 -0.25859611 -0.25859611 -0.25859611 -0.25859611
 -0.25859611 -0.25859611 -0.25859611 -0.25859611 -0.25859611 -0.25859611
 -0.25859611  0.80248881 -0.25859611 -0.25859611 -0.25859611 -0.25859611
 -0.25859611 -0.25859611 -0.25859611 -0.25859611 -0.25859611 -0.25859611
 -0.25859611 -0.25859611 -0.25859611 -0.25859611]",[-0.017986689022773172]
14,"[-0.25344741 -0.25344741 -0.25344741 -0.25344741 -0.25344741 -0.25344741
 -0.25344741 -0.25344741 -0.25344741 -0.25344741 -0.25344741 -0.25344741
 -0.25344741 -0.25344741 -0.25344741 -0.25344741 -0.25344741 -0.25344741
 -0.25344741 -0.25344741 -0.25344741 -0.25344741 -0.25344741 -0.25344741
 -0.25344741 -0.25344741 -0.25344741 -0.25344741 -0.25344741 -0.25344741
 -0.25344741 -0.25344741 -0.25344741 -0.25344741 -0.25344741 -0.25344741
 -0.25344741 -0.25344741 -0.25344741 -0.25344741 -0.25344741 -0.25344741
 -0.25344741 -0.25344741 -0.25344741 -0.25344741 -0.25344741 -0.25344741
 -0.25344741 -0.25344741 -0.25344741 -0.25344741 -0.25344741 -0.25344741
 -0.25344741 -0.25344741 -0.25344741 -0.25344741 -0.25344741 -0.25344741
 -0.25344741 -0.25344741 -0.25344741 -0.25344741 -0.25344741 -0.25344741
 -0.25344741 -0.25344741 -0.25344741 -0.25344741 -0.25344741 -0.25344741
 -0.25344741 -0.25344741 -0.25344741 -0.25344741 -0.25344741 -0.25344741
 -0.25344741 -0.25344741 -0.25344741 -0.25344741 -0.25344741  6.5274058
 -0.25344741 -0.25344741 -0.25344741 -0.25344741 -0.25344741 -0.25344741
 -0.25344741 -0.25344741  2.42419159 -0.25344741 -0.25344741 -0.25344741
 -0.25344741 -0.25344741 -0.25344741 -0.25344741 -0.25344741 -0.25344741
 -0.25344741 -0.25344741 -0.25344741 -0.25344741 -0.25344741 -0.25344741
 -0.25344741 -0.25344741  6.42233981 -0.25344741 -0.25344741 -0.25344741
 -0.25344741 -0.25344741  5.06462976 -0.25344741 -0.25344741 -0.25344741
 -0.25344741 -0.25344741 -0.25344741 -0.25344741  3.57346669 -0.25344741
 -0.25344741 -0.25344741 -0.25344741 -0.25344741 -0.25344741 -0.25344741
 -0.25344741 -0.25344741 -0.25344741 -0.25344741 -0.25344741 -0.25344741
 -0.25344741 -0.25344741 -0.25344741 -0.25344741 -0.25344741 -0.25344741
 -0.25344741 -0.25344741 -0.25344741 -0.25344741 -0.25344741 -0.25344741
 -0.25344741 -0.25344741 -0.25344741 -0.25344741 -0.25344741 -0.25344741
 -0.25344741 -0.25344741 -0.25344741 -0.25344741 -0.25344741 -0.25344741
 -0.25344741 -0.25344741 -0.25344741 -0.25344741 -0.25344741 -0.25344741
 -0.25344741 -0.25344741 -0.25344741 -0.25344741 -0.25344741 -0.25344741
 -0.25344741 -0.25344741 -0.25344741 -0.25344741 -0.25344741 -0.25344741
 -0.25344741 -0.25344741 -0.25344741 -0.25344741 -0.25344741 -0.25344741
 -0.25344741 -0.25344741 -0.25344741 -0.25344741 -0.25344741 -0.25344741
 -0.25344741 -0.25344741 -0.25344741 -0.25344741 -0.25344741 -0.25344741
 -0.25344741 -0.25344741  1.50582563 -0.25344741 -0.25344741  0.86428885
 -0.25344741 -0.25344741 -0.25344741 -0.25344741 -0.25344741  2.45597023
  3.01794832 -0.25344741 -0.25344741 -0.25344741 -0.25344741  2.57338752
 -0.25344741 -0.25344741 -0.25344741 -0.25344741 -0.25344741 -0.25344741
 -0.25344741 -0.25344741 -0.25344741 -0.25344741 -0.25344741 -0.25344741
 -0.25344741 -0.25344741 -0.25344741 -0.25344741 -0.25344741 -0.25344741
 -0.25344741  3.33216548 -0.25344741  3.71484702  4.73054654 -0.25344741
  2.96033143 -0.25344741  2.70684732 -0.25344741 -0.25344741 -0.25344741
 -0.25344741 -0.25344741 -0.25344741 -0.25344741 -0.25344741 -0.25344741
 -0.25344741 -0.25344741 -0.25344741  5.51578195  2.45986679 -0.25344741
 -0.25344741 -0.25344741 -0.25344741  3.47367747 -0.25344741  1.11843426
 -0.25344741 -0.25344741 -0.25344741 -0.25344741  2.55930382 -0.25344741
 -0.25344741 -0.25344741  5.06684724 -0.25344741  3.93175722  4.96295216
 -0.25344741  2.05903746 -0.25344741 -0.25344741  3.70931332 -0.25344741
  1.66769191  1.02731214 -0.25344741 -0.25344741 -0.25344741  4.01033654
  1.31214335 -0.25344741 -0.25344741 -0.25344741 -0.25344741  2.38363471
 -0.25344741 -0.25344741  4.51020442 -0.25344741 -0.25344741 -0.25344741
 -0.25344741 -0.25344741 -0.25344741 -0.25344741  1.29560087 -0.25344741
 -0.25344741 -0.25344741 -0.25344741 -0.25344741 -0.25344741  0.67241351
 -0.25344741 -0.25344741 -0.25344741 -0.25344741 -0.25344741 -0.25344741
 -0.25344741 -0.25344741 -0.25344741 -0.25344741  0.86083382 -0.25344741
 -0.25344741 -0.25344741 -0.25344741 -0.25344741 -0.25344741 -0.25344741
 -0.25344741 -0.25344741 -0.25344741 -0.25344741 -0.25344741 -0.25344741
 -0.25344741 -0.25344741 -0.25344741 -0.25344741 -0.25344741 -0.25344741
 -0.25344741 -0.25344741 -0.25344741 -0.25344741 -0.25344741 -0.25344741
 -0.25344741 -0.25344741 -0.25344741 -0.25344741 -0.25344741 -0.25344741
 -0.25344741 -0.25344741 -0.25344741 -0.25344741 -0.25344741 -0.25344741
 -0.25344741 -0.25344741 -0.25344741 -0.25344741 -0.25344741 -0.25344741
 -0.25344741 -0.25344741 -0.25344741 -0.25344741 -0.25344741 -0.25344741
 -0.25344741 -0.25344741 -0.25344741 -0.25344741 -0.25344741 -0.25344741
 -0.25344741 -0.25344741 -0.25344741 -0.25344741 -0.25344741 -0.25344741
 -0.25344741 -0.25344741 -0.25344741 -0.25344741 -0.25344741 -0.25344741
 -0.25344741 -0.25344741 -0.25344741 -0.25344741 -0.25344741 -0.25344741
 -0.25344741 -0.25344741 -0.25344741 -0.25344741 -0.25344741 -0.25344741
 -0.25344741 -0.25344741 -0.25344741 -0.25344741 -0.25344741 -0.25344741
 -0.25344741 -0.25344741 -0.25344741 -0.25344741 -0.25344741 -0.25344741
 -0.25344741 -0.25344741 -0.25344741 -0.25344741 -0.25344741 -0.25344741
 -0.25344741 -0.25344741 -0.25344741 -0.25344741  6.40638181 -0.25344741
 -0.25344741 -0.25344741 -0.25344741 -0.25344741 -0.25344741 -0.25344741
 -0.25344741 -0.25344741 -0.25344741 -0.25344741 -0.25344741 -0.25344741
 -0.25344741 -0.25344741 -0.25344741 -0.25344741 -0.25344741 -0.25344741
 -0.25344741 -0.25344741 -0.25344741 -0.25344741 -0.25344741 -0.25344741
 -0.25344741 -0.25344741 -0.25344741 -0.25344741 -0.25344741 -0.25344741
 -0.25344741 -0.25344741 -0.25344741 -0.25344741 -0.25344741 -0.25344741
 -0.25344741 -0.25344741  3.10721922 -0.25344741 -0.25344741 -0.25344741
 -0.25344741 -0.25344741 -0.25344741 -0.25344741 -0.25344741 -0.25344741
 -0.25344741 -0.25344741 -0.25344741 -0.25344741 -0.25344741 -0.25344741
 -0.25344741 -0.25344741 -0.25344741 -0.25344741 -0.25344741 -0.25344741
 -0.25344741 -0.25344741  1.96190262 -0.25344741 -0.25344741 -0.25344741
 -0.25344741 -0.25344741 -0.25344741 -0.25344741 -0.25344741 -0.25344741
 -0.25344741 -0.25344741 -0.25344741 -0.25344741 -0.25344741 -0.25344741
 -0.25344741  0.76153052 -0.25344741 -0.25344741 -0.25344741 -0.25344741
 -0.25344741 -0.25344741 -0.25344741 -0.25344741 -0.25344741 -0.25344741
 -0.25344741 -0.25344741  5.19983451 -0.25344741]",[-0.0010344716116587604]
15,"[-0.23417206 -0.23417206 -0.23417206 -0.23417206 -0.23417206 -0.23417206
 -0.23417206 -0.23417206 -0.23417206 -0.23417206 -0.23417206 -0.23417206
 -0.23417206 -0.23417206 -0.23417206 -0.23417206 -0.23417206 -0.23417206
  0.55326673 -0.23417206 -0.23417206 -0.23417206 -0.23417206 -0.23417206
 -0.23417206 -0.23417206 -0.23417206 -0.23417206 -0.23417206 -0.23417206
 -0.23417206 -0.23417206 -0.23417206 -0.23417206 -0.23417206 -0.23417206
 -0.23417206 -0.23417206 -0.23417206 -0.23417206 -0.23417206 -0.23417206
 -0.23417206 -0.23417206 -0.23417206 -0.23417206 -0.23417206 -0.23417206
 -0.23417206 -0.23417206 -0.23417206 -0.23417206 -0.23417206 -0.23417206
 -0.23417206 -0.23417206 -0.23417206 -0.23417206  2.46720623 -0.23417206
 -0.23417206 -0.23417206 -0.23417206 -0.23417206 -0.23417206 -0.23417206
 -0.23417206 -0.23417206 -0.23417206 -0.23417206 -0.23417206 -0.23417206
 -0.23417206 -0.23417206 -0.23417206 -0.23417206 -0.23417206 -0.23417206
 -0.23417206 -0.23417206 -0.23417206 -0.23417206 -0.23417206  7.14201912
 -0.23417206 -0.23417206 -0.23417206 -0.23417206 -0.23417206 -0.23417206
 -0.23417206 -0.23417206  1.50899027 -0.23417206 -0.23417206 -0.23417206
 -0.23417206 -0.23417206 -0.23417206 -0.23417206 -0.23417206 -0.23417206
 -0.23417206 -0.23417206 -0.23417206 -0.23417206 -0.23417206 -0.23417206
 -0.23417206 -0.23417206  0.36444025 -0.23417206 -0.23417206 -0.23417206
 -0.23417206 -0.23417206  0.41599183 -0.23417206 -0.23417206 -0.23417206
 -0.23417206 -0.23417206 -0.23417206  4.99959072 -0.23417206 -0.23417206
 -0.23417206 -0.23417206 -0.23417206 -0.23417206 -0.23417206 -0.23417206
 -0.23417206 -0.23417206 -0.23417206 -0.23417206 -0.23417206 -0.23417206
 -0.23417206 -0.23417206 -0.23417206 -0.23417206 -0.23417206 -0.23417206
 -0.23417206 -0.23417206 -0.23417206 -0.23417206 -0.23417206 -0.23417206
 -0.23417206 -0.23417206 -0.23417206 -0.23417206 -0.23417206 -0.23417206
 -0.23417206 -0.23417206 -0.23417206 -0.23417206 -0.23417206 -0.23417206
 -0.23417206 -0.23417206 -0.23417206 -0.23417206 -0.23417206 -0.23417206
 -0.23417206 -0.23417206 -0.23417206 -0.23417206 -0.23417206 -0.23417206
 -0.23417206 -0.23417206 -0.23417206 -0.23417206 -0.23417206 -0.23417206
 -0.23417206 -0.23417206 -0.23417206 -0.23417206 -0.23417206 -0.23417206
 -0.23417206 -0.23417206 -0.23417206 -0.23417206 -0.23417206 -0.23417206
 -0.23417206 -0.23417206 -0.23417206 -0.23417206 -0.23417206 -0.23417206
 -0.23417206 -0.23417206  1.89943055 -0.23417206 -0.23417206  0.18931919
 -0.23417206 -0.23417206 -0.23417206 -0.23417206 -0.23417206 -0.23417206
  5.15911134 -0.23417206  0.48578057 -0.23417206 -0.23417206  3.63404506
 -0.23417206 -0.23417206 -0.23417206 -0.23417206 -0.23417206 -0.23417206
 -0.23417206 -0.23417206 -0.23417206 -0.23417206 -0.23417206 -0.23417206
 -0.23417206 -0.23417206 -0.23417206 -0.23417206 -0.23417206 -0.23417206
 -0.23417206  3.67134031 -0.23417206  4.37286178  2.96443754 -0.23417206
  4.03086343 -0.23417206 -0.23417206 -0.23417206 -0.23417206 -0.23417206
 -0.23417206 -0.23417206  4.72785219 -0.23417206 -0.23417206 -0.23417206
 -0.23417206 -0.23417206 -0.23417206  5.96445675  3.80456473  3.00283255
 -0.23417206 -0.23417206  2.80520568  3.69961573 -0.23417206 -0.11784671
 -0.23417206 -0.23417206 -0.23417206 -0.23417206 -0.23417206 -0.23417206
 -0.23417206 -0.23417206  6.54050369 -0.23417206  3.62126226 -0.23417206
 -0.23417206 -0.23417206 -0.23417206 -0.23417206 -0.23417206 -0.23417206
 -0.23417206  1.84260869 -0.23417206 -0.23417206 -0.23417206  5.06450029
  1.63041465 -0.23417206 -0.23417206 -0.23417206 -0.23417206 -0.23417206
 -0.23417206 -0.23417206 -0.23417206 -0.23417206 -0.23417206 -0.23417206
 -0.23417206 -0.23417206 -0.23417206 -0.23417206 -0.23417206 -0.23417206
  4.31207197 -0.23417206 -0.23417206 -0.23417206 -0.23417206  5.33838165
 -0.23417206 -0.23417206 -0.23417206  1.85046635 -0.23417206 -0.23417206
 -0.23417206 -0.23417206 -0.23417206 -0.23417206 -0.23417206 -0.23417206
 -0.23417206 -0.23417206 -0.23417206 -0.23417206 -0.23417206 -0.23417206
 -0.23417206 -0.23417206 -0.23417206 -0.23417206 -0.23417206 -0.23417206
 -0.23417206 -0.23417206 -0.23417206 -0.23417206 -0.23417206 -0.23417206
 -0.23417206 -0.23417206 -0.23417206 -0.23417206 -0.23417206 -0.23417206
 -0.23417206 -0.23417206 -0.23417206 -0.23417206 -0.23417206 -0.23417206
 -0.23417206 -0.23417206 -0.23417206 -0.23417206 -0.23417206 -0.23417206
 -0.23417206 -0.23417206 -0.23417206 -0.23417206 -0.23417206 -0.23417206
 -0.23417206 -0.23417206 -0.23417206 -0.23417206 -0.23417206 -0.23417206
 -0.23417206 -0.23417206 -0.23417206 -0.23417206 -0.23417206 -0.23417206
 -0.23417206 -0.23417206 -0.23417206 -0.23417206 -0.23417206 -0.23417206
 -0.23417206 -0.23417206 -0.23417206 -0.23417206 -0.23417206 -0.23417206
 -0.23417206 -0.23417206 -0.23417206 -0.23417206 -0.23417206 -0.23417206
 -0.23417206 -0.23417206 -0.23417206 -0.23417206 -0.23417206 -0.23417206
 -0.23417206 -0.23417206 -0.23417206 -0.23417206 -0.23417206 -0.23417206
 -0.23417206 -0.23417206 -0.23417206 -0.23417206 -0.23417206 -0.23417206
 -0.23417206 -0.23417206 -0.23417206 -0.23417206 -0.23417206 -0.23417206
 -0.23417206 -0.23417206 -0.23417206 -0.23417206 -0.23417206 -0.23417206
 -0.23417206 -0.23417206 -0.23417206 -0.23417206 -0.23417206 -0.23417206
 -0.23417206 -0.23417206 -0.23417206 -0.23417206 -0.23417206 -0.23417206
 -0.23417206 -0.23417206 -0.23417206 -0.23417206 -0.23417206 -0.23417206
 -0.23417206 -0.23417206 -0.23417206 -0.23417206 -0.23417206 -0.23417206
  2.4024161  -0.23417206 -0.23417206 -0.23417206 -0.23417206 -0.23417206
 -0.23417206 -0.23417206 -0.23417206 -0.23417206 -0.23417206 -0.23417206
 -0.23417206 -0.23417206  3.28050969 -0.23417206  4.9901867  -0.23417206
 -0.23417206 -0.23417206 -0.23417206 -0.23417206 -0.23417206 -0.23417206
 -0.23417206 -0.23417206 -0.23417206 -0.23417206 -0.23417206 -0.23417206
 -0.23417206 -0.23417206 -0.23417206 -0.23417206 -0.23417206 -0.23417206
 -0.23417206  4.95475268 -0.23417206 -0.23417206 -0.23417206 -0.23417206
 -0.23417206 -0.23417206 -0.23417206 -0.23417206 -0.23417206 -0.23417206
 -0.23417206 -0.23417206 -0.23417206 -0.23417206 -0.23417206 -0.23417206
 -0.23417206 -0.23417206 -0.23417206 -0.23417206 -0.23417206 -0.23417206
 -0.23417206 -0.23417206 -0.23417206 -0.23417206 -0.23417206 -0.23417206
 -0.23417206 -0.23417206 -0.23417206 -0.23417206]",[-0.005374732848407948]
15,"[-0.24916451 -0.24916451 -0.24916451 -0.24916451 -0.24916451 -0.24916451
 -0.24916451 -0.24916451 -0.24916451 -0.24916451 -0.24916451 -0.24916451
 -0.24916451 -0.24916451 -0.24916451 -0.24916451 -0.24916451 -0.24916451
 -0.24916451 -0.24916451 -0.24916451 -0.24916451 -0.24916451 -0.24916451
 -0.24916451 -0.24916451 -0.24916451 -0.24916451 -0.24916451 -0.24916451
 -0.24916451 -0.24916451 -0.24916451 -0.24916451 -0.24916451 -0.24916451
 -0.24916451 -0.24916451 -0.24916451 -0.24916451 -0.24916451 -0.24916451
 -0.24916451 -0.24916451 -0.24916451 -0.24916451 -0.24916451 -0.24916451
 -0.24916451 -0.24916451 -0.24916451 -0.24916451 -0.24916451 -0.24916451
 -0.24916451 -0.24916451 -0.24916451 -0.24916451 -0.24916451 -0.24916451
 -0.24916451 -0.24916451 -0.24916451 -0.24916451 -0.24916451 -0.24916451
 -0.24916451 -0.24916451 -0.24916451 -0.24916451 -0.24916451 -0.24916451
 -0.24916451 -0.24916451 -0.24916451 -0.24916451 -0.24916451 -0.24916451
 -0.24916451 -0.24916451 -0.24916451 -0.24916451 -0.24916451  7.05133837
 -0.24916451 -0.24916451 -0.24916451 -0.24916451 -0.24916451 -0.24916451
 -0.24916451 -0.24916451  2.084544   -0.24916451 -0.24916451 -0.24916451
 -0.24916451 -0.24916451 -0.24916451 -0.24916451 -0.24916451 -0.24916451
 -0.24916451 -0.24916451 -0.24916451 -0.24916451 -0.24916451 -0.24916451
 -0.24916451 -0.24916451  0.81349883 -0.24916451 -0.24916451 -0.24916451
  0.73084455 -0.24916451 -0.24916451 -0.24916451 -0.24916451 -0.24916451
 -0.24916451 -0.24916451 -0.24916451  1.11420758  4.47383983 -0.24916451
 -0.24916451 -0.24916451 -0.24916451 -0.24916451 -0.24916451 -0.24916451
 -0.24916451 -0.24916451 -0.24916451 -0.24916451 -0.24916451 -0.24916451
 -0.24916451 -0.24916451 -0.24916451 -0.24916451 -0.24916451 -0.24916451
 -0.24916451 -0.24916451 -0.24916451 -0.24916451 -0.24916451 -0.24916451
 -0.24916451 -0.24916451 -0.24916451 -0.24916451 -0.24916451 -0.24916451
 -0.24916451 -0.24916451 -0.24916451 -0.24916451 -0.24916451 -0.24916451
 -0.24916451 -0.24916451 -0.24916451 -0.24916451 -0.24916451 -0.24916451
 -0.24916451 -0.24916451 -0.24916451 -0.24916451 -0.24916451 -0.24916451
 -0.24916451 -0.24916451 -0.24916451 -0.24916451 -0.24916451 -0.24916451
 -0.24916451 -0.24916451 -0.24916451 -0.24916451 -0.24916451 -0.24916451
 -0.24916451 -0.24916451 -0.24916451 -0.24916451 -0.24916451 -0.24916451
 -0.24916451 -0.24916451 -0.24916451 -0.24916451 -0.24916451 -0.24916451
 -0.24916451 -0.24916451  1.05150878 -0.24916451 -0.24916451 -0.24916451
 -0.24916451 -0.24916451 -0.24916451 -0.24916451 -0.24916451 -0.24916451
  2.60255016 -0.24916451  0.21726333 -0.24916451  3.55904871  2.15745927
 -0.24916451 -0.24916451 -0.24916451 -0.24916451 -0.24916451 -0.24916451
 -0.24916451 -0.24916451 -0.24916451 -0.24916451 -0.24916451 -0.24916451
 -0.24916451 -0.24916451 -0.24916451 -0.24916451 -0.24916451 -0.24916451
 -0.24916451  4.21124653 -0.24916451  4.73437165  4.03146473 -0.24916451
  4.67785408 -0.24916451  4.00240029 -0.24916451 -0.24916451  1.66235313
 -0.24916451 -0.24916451 -0.24916451 -0.24916451 -0.24916451 -0.24916451
 -0.24916451 -0.24916451 -0.24916451 -0.24916451  2.49076486 -0.24916451
 -0.24916451 -0.24916451 -0.24916451  2.41539502 -0.24916451  2.50221674
  3.16584308 -0.24916451 -0.24916451 -0.24916451 -0.24916451 -0.24916451
 -0.24916451 -0.24916451  3.9524357  -0.24916451  3.04366317 -0.24916451
 -0.24916451  0.09084805 -0.24916451  0.95908356  2.49235135 -0.24916451
 -0.24916451  3.12128374 -0.24916451 -0.24916451 -0.24916451  5.62115956
 -0.24916451  4.24575324 -0.24916451 -0.24916451 -0.24916451 -0.24916451
 -0.24916451  4.77057508 -0.24916451 -0.24916451 -0.24916451 -0.24916451
 -0.24916451 -0.24916451 -0.24916451 -0.24916451  3.79126912 -0.24916451
 -0.24916451 -0.24916451 -0.24916451 -0.24916451 -0.24916451  2.7884434
 -0.24916451 -0.24916451 -0.24916451 -0.24916451 -0.24916451 -0.24916451
 -0.24916451 -0.24916451 -0.24916451 -0.24916451 -0.24916451 -0.24916451
 -0.24916451 -0.24916451 -0.24916451 -0.24916451 -0.24916451 -0.24916451
 -0.24916451 -0.24916451 -0.24916451 -0.24916451 -0.24916451 -0.24916451
 -0.24916451 -0.24916451 -0.24916451 -0.24916451 -0.24916451 -0.24916451
 -0.24916451 -0.24916451 -0.24916451 -0.24916451 -0.24916451 -0.24916451
 -0.24916451 -0.24916451 -0.24916451 -0.24916451 -0.24916451 -0.24916451
 -0.24916451 -0.24916451 -0.24916451 -0.24916451 -0.24916451 -0.24916451
 -0.24916451 -0.24916451 -0.24916451 -0.24916451 -0.24916451 -0.24916451
 -0.24916451 -0.24916451 -0.24916451 -0.24916451 -0.24916451 -0.24916451
 -0.24916451 -0.24916451 -0.24916451 -0.24916451 -0.24916451 -0.24916451
 -0.24916451 -0.24916451 -0.24916451 -0.24916451 -0.24916451 -0.24916451
 -0.24916451 -0.24916451 -0.24916451 -0.24916451 -0.24916451 -0.24916451
 -0.24916451 -0.24916451 -0.24916451 -0.24916451 -0.24916451 -0.24916451
 -0.24916451 -0.24916451 -0.24916451 -0.24916451 -0.24916451 -0.24916451
 -0.24916451 -0.24916451 -0.24916451 -0.24916451 -0.24916451 -0.24916451
 -0.24916451 -0.24916451 -0.24916451 -0.24916451 -0.24916451 -0.24916451
 -0.24916451 -0.24916451 -0.24916451 -0.24916451 -0.24916451 -0.24916451
 -0.24916451 -0.24916451 -0.24916451 -0.24916451 -0.24916451  5.55490232
 -0.24916451 -0.24916451 -0.24916451 -0.24916451 -0.24916451 -0.24916451
 -0.24916451 -0.24916451 -0.24916451 -0.24916451 -0.24916451 -0.24916451
 -0.24916451 -0.24916451 -0.24916451 -0.24916451 -0.24916451 -0.24916451
  4.48294422 -0.24916451 -0.24916451 -0.24916451 -0.24916451 -0.24916451
 -0.24916451 -0.24916451 -0.24916451 -0.24916451 -0.24916451 -0.24916451
 -0.24916451 -0.24916451 -0.24916451 -0.24916451 -0.24916451 -0.24916451
 -0.24916451 -0.24916451  1.67750051 -0.24916451 -0.24916451 -0.24916451
  6.7801141  -0.24916451 -0.24916451 -0.24916451  2.35635063 -0.24916451
 -0.24916451 -0.24916451 -0.24916451 -0.24916451 -0.24916451 -0.24916451
 -0.24916451 -0.24916451 -0.24916451 -0.24916451 -0.24916451 -0.24916451
 -0.24916451  4.61860144 -0.24916451 -0.24916451 -0.24916451 -0.24916451
 -0.24916451 -0.24916451 -0.24916451 -0.24916451 -0.24916451 -0.24916451
 -0.24916451 -0.24916451 -0.24916451 -0.24916451 -0.24916451 -0.24916451
 -0.24916451 -0.24916451 -0.24916451 -0.24916451 -0.24916451 -0.24916451
 -0.24916451 -0.24916451 -0.24916451 -0.24916451 -0.24916451 -0.24916451
 -0.24916451 -0.24916451 -0.24916451 -0.24916451]",[-0.04169730095209445]
15,"[-0.22826487 -0.22826487 -0.22826487 -0.22826487 -0.05061709 -0.22826487
 -0.22826487 -0.22826487 -0.22826487 -0.22826487 -0.22826487 -0.22826487
 -0.22826487 -0.22826487 -0.22826487 -0.22826487 -0.22826487 -0.22826487
 -0.22826487 -0.22826487 -0.22826487 -0.22826487 -0.22826487 -0.22826487
 -0.22826487 -0.22826487 -0.22826487 -0.22826487 -0.22826487 -0.22826487
 -0.22826487 -0.22826487 -0.22826487 -0.22826487 -0.22826487 -0.22826487
 -0.22826487 -0.22826487 -0.22826487 -0.22826487 -0.22826487 -0.22826487
 -0.22826487 -0.22826487 -0.22826487 -0.22826487 -0.22826487 -0.22826487
 -0.22826487 -0.22826487 -0.22826487 -0.22826487 -0.22826487 -0.22826487
 -0.22826487 -0.22826487 -0.22826487 -0.22826487 -0.22826487 -0.22826487
 -0.22826487 -0.22826487 -0.22826487 -0.22826487 -0.22826487 -0.22826487
 -0.22826487 -0.22826487 -0.22826487 -0.22826487 -0.22826487 -0.22826487
 -0.22826487 -0.22826487 -0.22826487 -0.22826487 -0.22826487 -0.22826487
 -0.22826487 -0.22826487 -0.22826487 -0.22826487 -0.22826487  6.17719244
 -0.22826487 -0.22826487 -0.22826487 -0.22826487 -0.22826487  5.16957317
 -0.22826487 -0.22826487  1.16186055 -0.22826487 -0.22826487 -0.22826487
 -0.22826487 -0.22826487 -0.22826487 -0.22826487 -0.22826487 -0.22826487
 -0.22826487 -0.22826487 -0.22826487 -0.22826487 -0.22826487 -0.22826487
 -0.22826487 -0.22826487  6.86171738 -0.22826487 -0.22826487 -0.22826487
 -0.22826487 -0.22826487 -0.22826487 -0.22826487 -0.22826487 -0.22826487
 -0.22826487 -0.22826487 -0.22826487 -0.22826487  5.99430811 -0.22826487
 -0.22826487 -0.22826487 -0.22826487 -0.22826487 -0.22826487 -0.22826487
 -0.22826487 -0.22826487 -0.22826487 -0.22826487 -0.22826487 -0.22826487
 -0.22826487 -0.22826487 -0.22826487 -0.22826487 -0.22826487 -0.22826487
 -0.22826487 -0.22826487 -0.22826487 -0.22826487 -0.22826487 -0.22826487
 -0.22826487 -0.22826487 -0.22826487 -0.22826487 -0.22826487 -0.22826487
 -0.22826487 -0.22826487 -0.22826487 -0.22826487 -0.22826487 -0.22826487
 -0.22826487  0.46070801 -0.22826487 -0.22826487 -0.22826487 -0.22826487
 -0.22826487 -0.22826487 -0.22826487 -0.22826487 -0.22826487 -0.22826487
 -0.22826487 -0.22826487 -0.22826487 -0.22826487 -0.22826487 -0.22826487
 -0.22826487 -0.22826487 -0.22826487 -0.22826487 -0.22826487 -0.22826487
 -0.22826487 -0.22826487 -0.22826487 -0.22826487 -0.22826487 -0.22826487
 -0.22826487 -0.22826487 -0.22826487 -0.22826487 -0.22826487 -0.22826487
 -0.22826487 -0.22826487 -0.22826487 -0.22826487 -0.22826487 -0.22826487
 -0.22826487 -0.22826487 -0.22826487 -0.22826487 -0.22826487 -0.22826487
  3.1464681  -0.22826487  0.91296416 -0.22826487 -0.22826487 -0.22826487
 -0.22826487 -0.22826487 -0.22826487 -0.22826487 -0.22826487 -0.22826487
 -0.22826487 -0.22826487 -0.22826487 -0.22826487 -0.22826487 -0.22826487
 -0.22826487 -0.22826487 -0.22826487 -0.22826487 -0.22826487 -0.22826487
 -0.22826487  2.51763256 -0.22826487  3.75947566  2.96200018 -0.22826487
  4.18165995  0.47288767 -0.22826487 -0.22826487 -0.22826487 -0.22826487
 -0.22826487 -0.22826487 -0.22826487 -0.22826487 -0.22826487 -0.22826487
 -0.22826487 -0.22826487 -0.22826487  6.64425407  2.92428466 -0.22826487
 -0.22826487 -0.22826487  4.16135094  2.59419308 -0.22826487  1.2288828
 -0.22826487 -0.22826487 -0.22826487  2.24103597 -0.22826487 -0.22826487
 -0.22826487 -0.22826487  6.04249794 -0.22826487  4.02469601 -0.22826487
 -0.22826487  2.26361974 -0.22826487  0.80372967  4.3131473  -0.22826487
  3.87950488  1.49555996 -0.22826487 -0.22826487 -0.22826487  5.51973801
 -0.22826487 -0.22826487 -0.22826487  2.96646003 -0.22826487 -0.22826487
 -0.22826487 -0.22826487 -0.22826487 -0.22826487 -0.22826487 -0.22826487
 -0.22826487 -0.22826487 -0.22826487 -0.22826487 -0.22826487 -0.22826487
 -0.22826487 -0.22826487 -0.22826487 -0.22826487 -0.22826487 -0.22826487
 -0.22826487 -0.22826487 -0.22826487 -0.22826487 -0.22826487 -0.22826487
 -0.22826487 -0.22826487 -0.22826487 -0.22826487 -0.22826487 -0.22826487
 -0.22826487 -0.22826487 -0.22826487 -0.22826487 -0.22826487 -0.22826487
 -0.22826487 -0.22826487 -0.22826487 -0.22826487 -0.22826487 -0.22826487
 -0.22826487 -0.22826487 -0.22826487 -0.22826487 -0.22826487 -0.22826487
 -0.22826487 -0.22826487 -0.22826487 -0.22826487 -0.22826487 -0.22826487
 -0.22826487 -0.22826487 -0.22826487 -0.22826487 -0.22826487 -0.22826487
 -0.22826487 -0.22826487 -0.22826487 -0.22826487 -0.22826487 -0.22826487
 -0.22826487 -0.22826487 -0.22826487 -0.22826487 -0.22826487 -0.22826487
 -0.22826487 -0.22826487 -0.22826487 -0.22826487 -0.22826487 -0.22826487
 -0.22826487 -0.22826487 -0.22826487 -0.22826487 -0.22826487 -0.22826487
 -0.22826487 -0.22826487 -0.22826487 -0.22826487 -0.22826487 -0.22826487
 -0.22826487 -0.22826487 -0.22826487 -0.22826487 -0.22826487 -0.22826487
 -0.22826487 -0.22826487 -0.22826487 -0.22826487 -0.22826487 -0.22826487
 -0.22826487 -0.22826487 -0.22826487 -0.22826487 -0.22826487 -0.22826487
 -0.22826487 -0.22826487 -0.22826487 -0.22826487 -0.22826487 -0.22826487
 -0.22826487 -0.22826487 -0.22826487 -0.22826487 -0.22826487 -0.22826487
 -0.22826487 -0.22826487 -0.22826487 -0.22826487 -0.22826487 -0.22826487
 -0.22826487 -0.22826487 -0.22826487 -0.22826487 -0.22826487  5.47193343
 -0.22826487 -0.22826487 -0.22826487 -0.22826487 -0.22826487 -0.22826487
 -0.22826487 -0.22826487 -0.22826487 -0.22826487 -0.22826487 -0.22826487
 -0.22826487 -0.22826487 -0.22826487 -0.22826487 -0.22826487 -0.22826487
  4.28425166 -0.22826487 -0.22826487 -0.22826487 -0.22826487 -0.22826487
 -0.22826487 -0.22826487 -0.22826487 -0.22826487 -0.22826487 -0.22826487
 -0.22826487 -0.22826487 -0.22826487 -0.22826487 -0.22826487 -0.22826487
 -0.22826487 -0.22826487 -0.22826487 -0.22826487 -0.22826487 -0.22826487
 -0.22826487 -0.22826487 -0.22826487 -0.22826487 -0.22826487 -0.22826487
 -0.22826487 -0.22826487 -0.22826487 -0.22826487 -0.22826487 -0.22826487
 -0.22826487 -0.22826487 -0.22826487 -0.22826487 -0.22826487 -0.22826487
 -0.22826487  3.8490931   2.72892888 -0.22826487 -0.22826487 -0.22826487
 -0.22826487 -0.22826487 -0.22826487 -0.22826487 -0.22826487 -0.22826487
 -0.22826487 -0.22826487 -0.22826487 -0.22826487 -0.22826487 -0.22826487
 -0.22826487 -0.22826487 -0.22826487 -0.22826487 -0.22826487 -0.22826487
 -0.22826487 -0.22826487 -0.22826487 -0.22826487 -0.22826487 -0.22826487
 -0.22826487 -0.22826487 -0.22826487 -0.22826487]",[-0.03077777994629219]
15,"[-0.21399555 -0.21399555 -0.21399555 -0.21399555 -0.21399555 -0.21399555
 -0.21399555 -0.21399555 -0.21399555 -0.21399555 -0.21399555 -0.21399555
 -0.21399555 -0.21399555 -0.21399555 -0.21399555 -0.21399555 -0.21399555
  0.57726609 -0.21399555 -0.21399555 -0.21399555 -0.21399555 -0.21399555
 -0.21399555 -0.21399555 -0.21399555 -0.21399555 -0.21399555 -0.21399555
 -0.21399555 -0.21399555 -0.21399555 -0.21399555 -0.21399555 -0.21399555
 -0.21399555 -0.21399555 -0.21399555 -0.21399555 -0.21399555 -0.21399555
 -0.21399555 -0.21399555 -0.21399555 -0.21399555 -0.21399555 -0.21399555
 -0.21399555 -0.21399555 -0.21399555 -0.21399555 -0.21399555 -0.21399555
 -0.21399555 -0.21399555 -0.21399555 -0.21399555 -0.21399555 -0.21399555
 -0.21399555 -0.21399555 -0.21399555 -0.21399555 -0.21399555 -0.21399555
 -0.21399555 -0.21399555 -0.21399555 -0.21399555 -0.21399555 -0.21399555
 -0.21399555 -0.21399555 -0.21399555 -0.21399555 -0.21399555 -0.21399555
 -0.21399555 -0.21399555 -0.21399555 -0.21399555 -0.21399555  8.17411297
 -0.21399555 -0.21399555 -0.21399555 -0.21399555 -0.21399555 -0.21399555
 -0.21399555 -0.21399555  4.19744309 -0.21399555 -0.21399555 -0.21399555
 -0.21399555 -0.21399555 -0.21399555 -0.21399555 -0.21399555 -0.21399555
 -0.21399555 -0.21399555 -0.21399555 -0.21399555 -0.21399555 -0.21399555
 -0.21399555 -0.21399555 -0.21399555 -0.21399555 -0.21399555 -0.21399555
 -0.21399555 -0.21399555 -0.21399555 -0.21399555 -0.21399555 -0.21399555
 -0.21399555 -0.21399555 -0.21399555 -0.21399555 -0.21399555 -0.21399555
 -0.21399555 -0.21399555 -0.21399555 -0.21399555 -0.21399555 -0.21399555
 -0.21399555 -0.21399555 -0.21399555 -0.21399555 -0.21399555 -0.21399555
 -0.21399555 -0.21399555 -0.21399555 -0.21399555 -0.21399555 -0.21399555
 -0.21399555 -0.21399555 -0.21399555 -0.21399555 -0.21399555 -0.21399555
 -0.21399555 -0.21399555 -0.21399555 -0.21399555 -0.21399555 -0.21399555
 -0.21399555 -0.21399555 -0.21399555 -0.21399555 -0.21399555 -0.21399555
 -0.21399555 -0.21399555 -0.21399555 -0.21399555 -0.21399555 -0.21399555
 -0.21399555 -0.21399555 -0.21399555 -0.21399555 -0.21399555 -0.21399555
 -0.21399555 -0.21399555 -0.21399555 -0.21399555 -0.21399555 -0.21399555
 -0.21399555 -0.21399555 -0.21399555 -0.21399555 -0.21399555 -0.21399555
 -0.21399555 -0.21399555 -0.21399555 -0.21399555 -0.21399555 -0.21399555
 -0.21399555 -0.21399555 -0.21399555 -0.21399555 -0.21399555 -0.21399555
 -0.21399555 -0.21399555  1.63062338 -0.21399555 -0.21399555  2.03964379
 -0.21399555 -0.21399555 -0.21399555 -0.21399555 -0.21399555 -0.21399555
  3.68077443 -0.21399555  0.09455787 -0.21399555 -0.21399555  4.10734043
 -0.21399555 -0.21399555 -0.21399555 -0.21399555 -0.21399555 -0.21399555
 -0.21399555 -0.21399555 -0.21399555 -0.21399555 -0.21399555 -0.21399555
 -0.21399555 -0.21399555 -0.21399555 -0.21399555 -0.21399555 -0.21399555
 -0.21399555  4.08545123 -0.21399555 -0.21399555  3.93922707 -0.21399555
  3.44543664  1.48861113  6.45358734 -0.21399555 -0.21399555 -0.21399555
 -0.21399555 -0.21399555 -0.21399555 -0.21399555 -0.21399555 -0.21399555
 -0.21399555 -0.21399555 -0.21399555  1.43416587 -0.21399555 -0.21399555
 -0.21399555 -0.21399555  4.60114672  4.61251314 -0.21399555  2.39595858
 -0.21399555 -0.21399555 -0.21399555 -0.21399555 -0.21399555 -0.21399555
  0.15146505 -0.21399555 -0.21399555 -0.21399555  4.77570261 -0.21399555
 -0.21399555 -0.21399555 -0.21399555  4.01541447 -0.21399555 -0.21399555
 -0.21399555  1.80713555 -0.21399555 -0.21399555 -0.21399555  6.15186334
 -0.21399555 -0.21399555 -0.21399555 -0.21399555 -0.21399555 -0.21399555
 -0.21399555 -0.21399555 -0.21399555 -0.21399555 -0.21399555 -0.21399555
 -0.21399555 -0.21399555 -0.21399555 -0.21399555 -0.21399555 -0.21399555
  5.24647082 -0.21399555 -0.21399555 -0.21399555 -0.21399555  4.50814682
 -0.21399555 -0.21399555 -0.21399555 -0.21399555 -0.21399555 -0.21399555
 -0.21399555 -0.21399555 -0.21399555 -0.21399555 -0.21399555 -0.21399555
 -0.21399555 -0.21399555 -0.21399555 -0.21399555 -0.21399555 -0.21399555
 -0.21399555 -0.21399555 -0.21399555 -0.21399555 -0.21399555 -0.21399555
 -0.21399555 -0.21399555 -0.21399555 -0.21399555 -0.21399555 -0.21399555
 -0.21399555 -0.21399555 -0.21399555 -0.21399555 -0.21399555 -0.21399555
 -0.21399555 -0.21399555 -0.21399555 -0.21399555 -0.21399555 -0.21399555
 -0.21399555 -0.21399555 -0.21399555 -0.21399555 -0.21399555 -0.21399555
 -0.21399555 -0.21399555 -0.21399555 -0.21399555 -0.21399555 -0.21399555
 -0.21399555 -0.21399555 -0.21399555 -0.21399555 -0.21399555 -0.21399555
 -0.21399555 -0.21399555 -0.21399555 -0.21399555 -0.21399555 -0.21399555
 -0.21399555 -0.21399555 -0.21399555 -0.21399555 -0.21399555 -0.21399555
 -0.21399555 -0.21399555 -0.21399555 -0.21399555 -0.21399555 -0.21399555
 -0.21399555 -0.21399555 -0.21399555 -0.21399555 -0.21399555 -0.21399555
 -0.21399555 -0.21399555 -0.21399555 -0.21399555 -0.21399555 -0.21399555
 -0.21399555 -0.21399555 -0.21399555 -0.21399555 -0.21399555 -0.21399555
 -0.21399555 -0.21399555 -0.21399555 -0.21399555 -0.21399555 -0.21399555
 -0.21399555 -0.21399555 -0.21399555 -0.21399555 -0.21399555 -0.21399555
 -0.21399555 -0.21399555 -0.21399555 -0.21399555 -0.21399555 -0.21399555
 -0.21399555 -0.21399555 -0.21399555 -0.21399555 -0.21399555 -0.21399555
 -0.21399555 -0.21399555 -0.21399555 -0.21399555 -0.21399555 -0.21399555
 -0.21399555 -0.21399555 -0.21399555 -0.21399555 -0.21399555 -0.21399555
  5.69297482 -0.21399555 -0.21399555 -0.21399555 -0.21399555 -0.21399555
 -0.21399555 -0.21399555 -0.21399555 -0.21399555 -0.21399555 -0.21399555
 -0.21399555 -0.21399555 -0.21399555 -0.21399555 -0.21399555 -0.21399555
 -0.21399555 -0.21399555  5.63430637 -0.21399555  5.62469106 -0.21399555
 -0.21399555 -0.21399555 -0.21399555 -0.21399555 -0.21399555 -0.21399555
 -0.21399555 -0.21399555 -0.21399555 -0.21399555 -0.21399555 -0.21399555
 -0.21399555 -0.21399555 -0.21399555 -0.21399555 -0.21399555 -0.21399555
 -0.21399555  3.5674181  -0.21399555 -0.21399555 -0.21399555 -0.21399555
 -0.21399555 -0.21399555 -0.21399555 -0.21399555 -0.21399555 -0.21399555
 -0.21399555 -0.21399555 -0.21399555 -0.21399555 -0.21399555 -0.21399555
 -0.21399555 -0.21399555 -0.21399555 -0.21399555 -0.21399555 -0.21399555
 -0.21399555 -0.21399555 -0.21399555 -0.21399555 -0.21399555 -0.21399555
 -0.21399555 -0.21399555  0.93836649 -0.21399555]",[-0.054978443334886856]
15,"[-0.29269783 -0.29269783 -0.29269783 -0.29269783  0.94014332 -0.29269783
 -0.29269783 -0.29269783 -0.29269783 -0.29269783 -0.29269783 -0.29269783
 -0.29269783 -0.29269783 -0.29269783 -0.29269783 -0.29269783 -0.29269783
 -0.29269783 -0.29269783 -0.29269783 -0.29269783 -0.29269783 -0.29269783
 -0.29269783 -0.29269783 -0.29269783 -0.29269783 -0.29269783 -0.29269783
 -0.29269783 -0.29269783 -0.29269783 -0.29269783 -0.29269783 -0.29269783
 -0.29269783 -0.29269783 -0.29269783 -0.29269783 -0.29269783 -0.29269783
 -0.29269783 -0.29269783 -0.29269783 -0.29269783 -0.29269783 -0.29269783
 -0.29269783 -0.29269783 -0.29269783 -0.29269783 -0.29269783 -0.29269783
 -0.29269783 -0.29269783 -0.29269783 -0.29269783  0.98170749 -0.29269783
 -0.29269783 -0.29269783 -0.29269783 -0.29269783 -0.29269783 -0.29269783
 -0.29269783 -0.29269783 -0.29269783 -0.29269783 -0.29269783 -0.29269783
 -0.29269783 -0.29269783 -0.29269783 -0.29269783 -0.29269783 -0.29269783
 -0.29269783 -0.29269783 -0.29269783 -0.29269783 -0.29269783  5.37923004
 -0.29269783 -0.29269783  1.09331075 -0.29269783 -0.29269783  2.46141092
 -0.29269783 -0.29269783 -0.29269783 -0.29269783 -0.29269783 -0.29269783
 -0.29269783 -0.29269783 -0.29269783 -0.29269783 -0.29269783 -0.29269783
 -0.29269783 -0.29269783 -0.29269783 -0.29269783 -0.29269783 -0.29269783
 -0.29269783 -0.29269783  5.47555418 -0.29269783 -0.29269783 -0.29269783
 -0.29269783  3.52502532  4.71889486 -0.29269783 -0.29269783 -0.29269783
 -0.29269783 -0.29269783 -0.29269783 -0.29269783  3.34254548 -0.29269783
 -0.29269783 -0.29269783 -0.29269783 -0.29269783 -0.29269783 -0.29269783
 -0.29269783 -0.29269783 -0.29269783 -0.29269783 -0.29269783 -0.29269783
 -0.29269783 -0.29269783 -0.29269783 -0.29269783 -0.29269783 -0.29269783
 -0.29269783 -0.29269783 -0.29269783 -0.29269783 -0.29269783 -0.29269783
 -0.29269783 -0.29269783 -0.29269783 -0.29269783 -0.29269783 -0.29269783
 -0.29269783 -0.29269783 -0.29269783 -0.29269783 -0.29269783 -0.29269783
 -0.29269783  1.71761779 -0.29269783  2.19741481 -0.29269783 -0.29269783
 -0.29269783 -0.29269783 -0.29269783 -0.29269783 -0.29269783 -0.29269783
 -0.29269783 -0.29269783 -0.29269783 -0.29269783 -0.29269783 -0.29269783
 -0.29269783 -0.29269783 -0.29269783 -0.29269783 -0.29269783 -0.29269783
 -0.29269783 -0.29269783 -0.29269783 -0.29269783 -0.29269783 -0.29269783
 -0.29269783 -0.29269783  1.17278091 -0.29269783 -0.29269783 -0.29269783
 -0.29269783 -0.29269783 -0.29269783 -0.29269783 -0.29269783 -0.29269783
 -0.29269783 -0.29269783 -0.29269783 -0.29269783 -0.29269783  2.42291444
  2.57939257 -0.29269783  0.70613269 -0.29269783 -0.29269783  1.93270045
 -0.29269783 -0.29269783 -0.29269783 -0.29269783 -0.29269783 -0.29269783
 -0.29269783 -0.29269783 -0.29269783 -0.29269783  1.85739641 -0.29269783
 -0.29269783 -0.29269783 -0.29269783 -0.29269783 -0.29269783 -0.29269783
 -0.29269783  2.59910753 -0.29269783  3.38608785  3.1959572  -0.29269783
  2.4861041   2.05227419  3.25913118  3.1476724  -0.29269783 -0.29269783
 -0.29269783 -0.29269783 -0.29269783 -0.29269783 -0.29269783  3.11694191
 -0.29269783 -0.29269783 -0.29269783  5.89796126  3.16015086 -0.29269783
 -0.29269783 -0.29269783  3.15441521  2.82076859 -0.29269783  1.90338038
 -0.29269783 -0.29269783 -0.29269783  1.06911078 -0.29269783 -0.29269783
 -0.29269783 -0.29269783  5.28334284 -0.29269783  2.10022056  3.27876638
 -0.29269783  2.19741481 -0.29269783 -0.29269783  3.34339641 -0.29269783
  4.3669507  -0.29269783 -0.29269783 -0.29269783  4.6771584  -0.29269783
 -0.29269783 -0.29269783 -0.29269783 -0.29269783 -0.29269783  1.52076905
 -0.29269783 -0.29269783  5.06367138 -0.29269783 -0.29269783 -0.29269783
 -0.29269783 -0.29269783 -0.29269783 -0.29269783 -0.29269783 -0.29269783
 -0.29269783 -0.29269783 -0.29269783 -0.29269783 -0.29269783  2.59399458
 -0.29269783 -0.29269783 -0.29269783 -0.29269783 -0.29269783 -0.29269783
 -0.29269783 -0.29269783 -0.29269783 -0.29269783  2.22190464 -0.29269783
 -0.29269783 -0.29269783 -0.29269783 -0.29269783 -0.29269783 -0.29269783
 -0.29269783 -0.29269783 -0.29269783 -0.29269783 -0.29269783 -0.29269783
 -0.29269783 -0.29269783 -0.29269783 -0.29269783 -0.29269783 -0.29269783
 -0.29269783 -0.29269783 -0.29269783 -0.29269783 -0.29269783 -0.29269783
 -0.29269783 -0.29269783 -0.29269783 -0.29269783 -0.29269783 -0.29269783
 -0.29269783 -0.29269783 -0.29269783 -0.29269783 -0.29269783 -0.29269783
 -0.29269783 -0.29269783 -0.29269783 -0.29269783 -0.29269783 -0.29269783
 -0.29269783 -0.29269783 -0.29269783 -0.29269783 -0.29269783 -0.29269783
 -0.29269783 -0.29269783 -0.29269783 -0.29269783 -0.29269783 -0.29269783
 -0.29269783 -0.29269783 -0.29269783 -0.29269783 -0.29269783 -0.29269783
 -0.29269783 -0.29269783 -0.29269783 -0.29269783 -0.29269783 -0.29269783
 -0.29269783 -0.29269783 -0.29269783 -0.29269783 -0.29269783 -0.29269783
 -0.29269783 -0.29269783 -0.29269783 -0.29269783 -0.29269783 -0.29269783
 -0.29269783 -0.29269783 -0.29269783 -0.29269783 -0.29269783 -0.29269783
 -0.29269783 -0.29269783 -0.29269783 -0.29269783 -0.29269783 -0.29269783
 -0.29269783 -0.29269783 -0.29269783 -0.29269783 -0.29269783 -0.29269783
 -0.29269783 -0.29269783 -0.29269783 -0.29269783  1.17278091  4.97621674
 -0.29269783 -0.29269783 -0.29269783 -0.29269783 -0.29269783 -0.29269783
 -0.29269783 -0.29269783 -0.29269783 -0.29269783 -0.29269783 -0.29269783
 -0.29269783 -0.29269783 -0.29269783 -0.29269783 -0.29269783 -0.29269783
  2.82076859 -0.29269783 -0.29269783 -0.29269783 -0.29269783 -0.29269783
 -0.29269783 -0.29269783 -0.29269783 -0.29269783 -0.29269783 -0.29269783
 -0.29269783 -0.29269783 -0.29269783 -0.29269783 -0.29269783 -0.29269783
 -0.29269783 -0.29269783 -0.29269783 -0.29269783  2.92313943 -0.29269783
 -0.29269783  2.51595775 -0.29269783 -0.29269783 -0.29269783 -0.29269783
 -0.29269783 -0.29269783 -0.29269783 -0.29269783 -0.29269783 -0.29269783
 -0.29269783 -0.29269783 -0.29269783 -0.29269783 -0.29269783 -0.29269783
 -0.29269783  3.34368796 -0.29269783 -0.29269783 -0.29269783 -0.29269783
 -0.29269783 -0.29269783 -0.29269783 -0.29269783 -0.29269783 -0.29269783
 -0.29269783 -0.29269783 -0.29269783 -0.29269783 -0.29269783 -0.29269783
 -0.29269783 -0.29269783 -0.29269783 -0.29269783 -0.29269783 -0.29269783
 -0.29269783 -0.29269783 -0.29269783 -0.29269783 -0.29269783 -0.29269783
 -0.29269783 -0.29269783 -0.29269783 -0.29269783]",[0.00761786374447998]
15,"[-0.25595589 -0.25595589 -0.25595589 -0.25595589  0.46675092 -0.25595589
 -0.25595589 -0.25595589 -0.25595589 -0.25595589 -0.25595589 -0.25595589
 -0.25595589 -0.25595589 -0.25595589 -0.25595589 -0.25595589 -0.25595589
 -0.25595589 -0.25595589 -0.25595589 -0.25595589 -0.25595589 -0.25595589
 -0.25595589 -0.25595589 -0.25595589 -0.25595589 -0.25595589 -0.25595589
 -0.25595589 -0.25595589 -0.25595589 -0.25595589 -0.25595589 -0.25595589
 -0.25595589 -0.25595589 -0.25595589 -0.25595589 -0.25595589 -0.25595589
 -0.25595589 -0.25595589 -0.25595589 -0.25595589 -0.25595589 -0.25595589
 -0.25595589 -0.25595589 -0.25595589 -0.25595589 -0.25595589 -0.25595589
 -0.25595589 -0.25595589 -0.25595589 -0.25595589 -0.25595589 -0.25595589
 -0.25595589 -0.25595589 -0.25595589 -0.25595589 -0.25595589 -0.25595589
 -0.25595589 -0.25595589 -0.25595589 -0.25595589 -0.25595589 -0.25595589
 -0.25595589 -0.25595589 -0.25595589 -0.25595589 -0.25595589 -0.25595589
 -0.25595589 -0.25595589 -0.25595589 -0.25595589 -0.25595589  5.65904828
 -0.25595589 -0.25595589 -0.25595589 -0.25595589 -0.25595589  3.31647302
 -0.25595589 -0.25595589 -0.25595589 -0.25595589 -0.25595589 -0.25595589
 -0.25595589 -0.25595589 -0.25595589 -0.25595589 -0.25595589 -0.25595589
 -0.25595589 -0.25595589 -0.25595589 -0.25595589 -0.25595589 -0.25595589
 -0.25595589 -0.25595589  0.74221946 -0.25595589 -0.25595589 -0.25595589
 -0.25595589 -0.25595589 -0.25595589 -0.25595589 -0.25595589 -0.25595589
 -0.25595589 -0.25595589 -0.25595589  2.27646359 -0.25595589 -0.25595589
 -0.25595589 -0.25595589 -0.25595589 -0.25595589 -0.25595589 -0.25595589
 -0.25595589 -0.25595589 -0.25595589 -0.25595589 -0.25595589 -0.25595589
 -0.25595589 -0.25595589 -0.25595589 -0.25595589 -0.25595589 -0.25595589
 -0.25595589 -0.25595589 -0.25595589 -0.25595589 -0.25595589 -0.25595589
 -0.25595589 -0.25595589 -0.25595589 -0.25595589 -0.25595589 -0.25595589
 -0.25595589 -0.25595589 -0.25595589 -0.25595589 -0.25595589 -0.25595589
 -0.25595589 -0.25595589 -0.25595589 -0.25595589 -0.25595589 -0.25595589
 -0.25595589 -0.25595589 -0.25595589 -0.25595589 -0.25595589 -0.25595589
 -0.25595589 -0.25595589 -0.25595589 -0.25595589 -0.25595589 -0.25595589
 -0.25595589 -0.25595589 -0.25595589 -0.25595589 -0.25595589 -0.25595589
 -0.25595589 -0.25595589 -0.25595589 -0.25595589 -0.25595589 -0.25595589
 -0.25595589 -0.25595589 -0.25595589 -0.25595589 -0.25595589 -0.25595589
 -0.25595589 -0.25595589 -0.25595589 -0.25595589 -0.25595589 -0.25595589
 -0.25595589 -0.25595589 -0.25595589 -0.25595589 -0.25595589  2.47720526
  2.52375292 -0.25595589 -0.25595589 -0.25595589 -0.25595589  1.71943202
 -0.25595589 -0.25595589 -0.25595589 -0.25595589 -0.25595589 -0.25595589
 -0.25595589 -0.25595589 -0.25595589 -0.25595589 -0.25595589 -0.25595589
 -0.25595589 -0.25595589 -0.25595589 -0.25595589 -0.25595589 -0.25595589
 -0.25595589  3.59951867 -0.25595589  2.87923405  2.96712441 -0.25595589
  3.16259611 -0.25595589  2.4790932   3.13200291 -0.25595589 -0.25595589
 -0.25595589 -0.25595589 -0.25595589  4.86159297 -0.25595589 -0.25595589
 -0.25595589 -0.25595589 -0.25595589  5.16878692  3.17894422 -0.25595589
 -0.25595589 -0.25595589  4.04461218  3.57885119 -0.25595589  1.79068086
 -0.25595589 -0.25595589 -0.25595589 -0.25595589  0.80752863 -0.25595589
  0.81744622 -0.25595589  5.62564004 -0.25595589  3.85494561  6.24206299
 -0.25595589 -0.25595589 -0.25595589 -0.25595589  4.64716717 -0.25595589
 -0.25595589  0.87314616 -0.25595589 -0.25595589  5.57913965  2.35133454
  1.73532528 -0.25595589 -0.25595589  2.61619955 -0.25595589  1.23265564
 -0.25595589 -0.25595589 -0.25595589 -0.25595589 -0.25595589 -0.25595589
 -0.25595589 -0.25595589 -0.25595589 -0.25595589  4.51356866 -0.25595589
 -0.25595589 -0.25595589 -0.25595589 -0.25595589 -0.25595589  1.41778318
 -0.25595589 -0.25595589 -0.25595589 -0.25595589 -0.25595589 -0.25595589
 -0.25595589 -0.25595589 -0.25595589 -0.25595589 -0.25595589 -0.25595589
 -0.25595589 -0.25595589 -0.25595589 -0.25595589 -0.25595589 -0.25595589
 -0.25595589 -0.25595589 -0.25595589 -0.25595589 -0.25595589 -0.25595589
 -0.25595589 -0.25595589 -0.25595589 -0.25595589 -0.25595589 -0.25595589
 -0.25595589 -0.25595589 -0.25595589 -0.25595589 -0.25595589 -0.25595589
 -0.25595589 -0.25595589 -0.25595589 -0.25595589 -0.25595589 -0.25595589
 -0.25595589 -0.25595589 -0.25595589 -0.25595589 -0.25595589 -0.25595589
 -0.25595589 -0.25595589 -0.25595589 -0.25595589 -0.25595589 -0.25595589
 -0.25595589 -0.25595589 -0.25595589 -0.25595589 -0.25595589 -0.25595589
 -0.25595589 -0.25595589 -0.25595589 -0.25595589 -0.25595589 -0.25595589
 -0.25595589 -0.25595589 -0.25595589 -0.25595589 -0.25595589 -0.25595589
 -0.25595589 -0.25595589 -0.25595589 -0.25595589 -0.25595589 -0.25595589
 -0.25595589 -0.25595589 -0.25595589 -0.25595589 -0.25595589 -0.25595589
 -0.25595589 -0.25595589 -0.25595589 -0.25595589 -0.25595589 -0.25595589
 -0.25595589 -0.25595589 -0.25595589 -0.25595589 -0.25595589 -0.25595589
 -0.25595589 -0.25595589 -0.25595589 -0.25595589 -0.25595589 -0.25595589
 -0.25595589 -0.25595589 -0.25595589 -0.25595589 -0.25595589 -0.25595589
 -0.25595589 -0.25595589 -0.25595589 -0.25595589 -0.25595589 -0.25595589
 -0.25595589 -0.25595589 -0.25595589 -0.25595589 -0.25595589 -0.25595589
 -0.25595589 -0.25595589 -0.25595589 -0.25595589 -0.25595589 -0.25595589
 -0.25595589 -0.25595589 -0.25595589 -0.25595589 -0.25595589 -0.25595589
 -0.25595589 -0.25595589 -0.25595589 -0.25595589 -0.25595589 -0.25595589
  2.24701047 -0.25595589 -0.25595589 -0.25595589 -0.25595589 -0.25595589
 -0.25595589 -0.25595589 -0.25595589 -0.25595589 -0.25595589 -0.25595589
 -0.25595589 -0.25595589  4.068922   -0.25595589 -0.25595589 -0.25595589
 -0.25595589 -0.25595589 -0.25595589 -0.25595589  4.69638542 -0.25595589
 -0.25595589 -0.25595589 -0.25595589 -0.25595589 -0.25595589 -0.25595589
 -0.25595589 -0.25595589 -0.25595589 -0.25595589 -0.25595589 -0.25595589
 -0.25595589  3.41270168 -0.25595589 -0.25595589 -0.25595589 -0.25595589
 -0.25595589 -0.25595589 -0.25595589 -0.25595589 -0.25595589 -0.25595589
 -0.25595589 -0.25595589 -0.25595589 -0.25595589 -0.25595589 -0.25595589
 -0.25595589 -0.25595589 -0.25595589 -0.25595589 -0.25595589 -0.25595589
 -0.25595589 -0.25595589 -0.25595589 -0.25595589 -0.25595589 -0.25595589
 -0.25595589 -0.25595589  6.35143685 -0.25595589]",[-0.0026618127808022973]
15,"[-0.25542811 -0.25542811 -0.25542811 -0.25542811  1.01260697 -0.25542811
 -0.25542811 -0.25542811 -0.25542811 -0.25542811 -0.25542811 -0.25542811
 -0.25542811 -0.25542811 -0.25542811 -0.25542811 -0.25542811 -0.25542811
 -0.25542811 -0.25542811 -0.25542811 -0.25542811 -0.25542811 -0.25542811
 -0.25542811 -0.25542811 -0.25542811 -0.25542811 -0.25542811 -0.25542811
 -0.25542811 -0.25542811 -0.25542811 -0.25542811 -0.25542811 -0.25542811
 -0.25542811 -0.25542811 -0.25542811 -0.25542811 -0.25542811 -0.25542811
 -0.25542811 -0.25542811 -0.25542811 -0.25542811 -0.25542811 -0.25542811
 -0.25542811 -0.25542811 -0.25542811 -0.25542811 -0.25542811 -0.25542811
 -0.25542811 -0.25542811 -0.25542811 -0.25542811 -0.25542811 -0.25542811
 -0.25542811 -0.25542811 -0.25542811 -0.25542811 -0.25542811 -0.25542811
 -0.25542811 -0.25542811 -0.25542811 -0.25542811 -0.25542811 -0.25542811
 -0.25542811 -0.25542811 -0.25542811 -0.25542811 -0.25542811 -0.25542811
 -0.25542811 -0.25542811 -0.25542811 -0.25542811 -0.25542811  5.35619856
 -0.25542811 -0.25542811 -0.25542811 -0.25542811 -0.25542811  3.94417908
 -0.25542811 -0.25542811  2.78509653 -0.25542811 -0.25542811 -0.25542811
 -0.25542811 -0.25542811 -0.25542811 -0.25542811 -0.25542811 -0.25542811
 -0.25542811 -0.25542811 -0.25542811 -0.25542811 -0.25542811 -0.25542811
 -0.25542811 -0.25542811  5.87608068 -0.25542811 -0.25542811 -0.25542811
 -0.25542811 -0.25542811 -0.25542811 -0.25542811 -0.25542811 -0.25542811
 -0.25542811 -0.25542811 -0.25542811  0.10922679  3.4585873  -0.25542811
 -0.25542811 -0.25542811 -0.25542811 -0.25542811 -0.25542811 -0.25542811
 -0.25542811 -0.25542811 -0.25542811 -0.25542811 -0.25542811 -0.25542811
 -0.25542811 -0.25542811 -0.25542811 -0.25542811 -0.25542811 -0.25542811
 -0.25542811 -0.25542811 -0.25542811 -0.25542811 -0.25542811 -0.25542811
 -0.25542811 -0.25542811 -0.25542811 -0.25542811 -0.25542811 -0.25542811
 -0.25542811 -0.25542811 -0.25542811 -0.25542811 -0.25542811 -0.25542811
 -0.25542811  2.19027731 -0.25542811 -0.25542811 -0.25542811 -0.25542811
 -0.25542811 -0.25542811 -0.25542811 -0.25542811 -0.25542811 -0.25542811
 -0.25542811 -0.25542811 -0.25542811 -0.25542811 -0.25542811 -0.25542811
 -0.25542811 -0.25542811 -0.25542811 -0.25542811 -0.25542811 -0.25542811
 -0.25542811 -0.25542811 -0.25542811 -0.25542811 -0.25542811 -0.25542811
 -0.25542811 -0.25542811 -0.25542811 -0.25542811 -0.25542811 -0.25542811
 -0.25542811 -0.25542811 -0.25542811 -0.25542811 -0.25542811 -0.25542811
 -0.25542811 -0.25542811 -0.25542811 -0.25542811 -0.25542811 -0.25542811
  4.19418242 -0.25542811 -0.19639369 -0.25542811 -0.25542811  0.24359368
 -0.25542811 -0.25542811 -0.25542811 -0.25542811 -0.25542811 -0.25542811
 -0.25542811 -0.25542811 -0.25542811 -0.25542811 -0.25542811 -0.25542811
 -0.25542811 -0.25542811 -0.25542811 -0.25542811 -0.25542811 -0.25542811
 -0.25542811  3.41727127 -0.25542811  5.22806002  4.67431753 -0.25542811
  3.13907094 -0.25542811  2.75779497 -0.25542811 -0.25542811 -0.25542811
 -0.25542811 -0.25542811 -0.25542811 -0.25542811 -0.25542811 -0.25542811
 -0.25542811 -0.25542811 -0.25542811  1.35833637 -0.25542811 -0.25542811
 -0.25542811 -0.25542811  5.65486199  3.92950309 -0.25542811  1.19529784
 -0.25542811 -0.25542811 -0.25542811  1.7680312   0.87110997 -0.25542811
  2.88824311 -0.25542811  5.44754303 -0.25542811  3.205348    5.92755078
 -0.25542811  2.73051302 -0.25542811 -0.25542811  3.56475114 -0.25542811
  2.13537352  1.34545294 -0.25542811 -0.25542811  5.38642278  3.97839383
  1.33127029 -0.25542811 -0.25542811  2.40860062 -0.25542811 -0.25542811
 -0.25542811 -0.25542811 -0.25542811 -0.25542811 -0.25542811 -0.25542811
 -0.25542811 -0.25542811 -0.25542811 -0.25542811 -0.25542811 -0.25542811
 -0.25542811 -0.25542811 -0.25542811 -0.25542811 -0.25542811  3.09049143
 -0.25542811 -0.25542811 -0.25542811 -0.25542811 -0.25542811 -0.25542811
 -0.25542811 -0.25542811 -0.25542811 -0.25542811 -0.25542811 -0.25542811
 -0.25542811 -0.25542811 -0.25542811 -0.25542811 -0.25542811 -0.25542811
 -0.25542811 -0.25542811 -0.25542811 -0.25542811 -0.25542811 -0.25542811
 -0.25542811 -0.25542811 -0.25542811 -0.25542811 -0.25542811 -0.25542811
 -0.25542811 -0.25542811 -0.25542811 -0.25542811 -0.25542811 -0.25542811
 -0.25542811 -0.25542811 -0.25542811 -0.25542811 -0.25542811 -0.25542811
 -0.25542811 -0.25542811 -0.25542811 -0.25542811 -0.25542811 -0.25542811
 -0.25542811 -0.25542811 -0.25542811 -0.25542811 -0.25542811 -0.25542811
 -0.25542811 -0.25542811 -0.25542811 -0.25542811 -0.25542811 -0.25542811
 -0.25542811 -0.25542811 -0.25542811 -0.25542811 -0.25542811 -0.25542811
 -0.25542811 -0.25542811 -0.25542811 -0.25542811 -0.25542811 -0.25542811
 -0.25542811 -0.25542811 -0.25542811 -0.25542811 -0.25542811 -0.25542811
 -0.25542811 -0.25542811 -0.25542811 -0.25542811 -0.25542811 -0.25542811
 -0.25542811 -0.25542811 -0.25542811 -0.25542811 -0.25542811 -0.25542811
 -0.25542811 -0.25542811 -0.25542811 -0.25542811 -0.25542811 -0.25542811
 -0.25542811 -0.25542811 -0.25542811 -0.25542811 -0.25542811 -0.25542811
 -0.25542811 -0.25542811 -0.25542811 -0.25542811 -0.25542811 -0.25542811
 -0.25542811 -0.25542811 -0.25542811 -0.25542811  5.48803489 -0.25542811
 -0.25542811 -0.25542811 -0.25542811 -0.25542811 -0.25542811 -0.25542811
 -0.25542811 -0.25542811 -0.25542811 -0.25542811 -0.25542811 -0.25542811
 -0.25542811 -0.25542811 -0.25542811 -0.25542811 -0.25542811 -0.25542811
  3.31751452 -0.25542811 -0.25542811 -0.25542811 -0.25542811 -0.25542811
 -0.25542811 -0.25542811 -0.25542811 -0.25542811 -0.25542811 -0.25542811
 -0.25542811 -0.25542811 -0.25542811 -0.25542811 -0.25542811 -0.25542811
 -0.25542811 -0.25542811  1.18312029 -0.25542811 -0.25542811 -0.25542811
 -0.25542811 -0.25542811 -0.25542811 -0.25542811 -0.25542811 -0.25542811
 -0.25542811 -0.25542811 -0.25542811 -0.25542811 -0.25542811 -0.25542811
 -0.25542811 -0.25542811 -0.25542811 -0.25542811 -0.25542811 -0.25542811
 -0.25542811  2.96215754 -0.25542811 -0.25542811 -0.25542811 -0.25542811
 -0.25542811 -0.25542811 -0.25542811 -0.25542811 -0.25542811 -0.25542811
 -0.25542811 -0.25542811 -0.25542811 -0.25542811 -0.25542811 -0.25542811
 -0.25542811 -0.25542811 -0.25542811 -0.25542811 -0.25542811 -0.25542811
 -0.25542811 -0.25542811 -0.25542811 -0.25542811 -0.25542811 -0.25542811
 -0.25542811 -0.25542811  3.24741893 -0.25542811]",[0.011870741918585503]
15,"[-0.25479525 -0.25479525 -0.25479525 -0.25479525 -0.25479525 -0.25479525
 -0.25479525 -0.25479525 -0.25479525 -0.25479525 -0.25479525 -0.25479525
 -0.25479525 -0.25479525 -0.25479525 -0.25479525 -0.25479525 -0.25479525
 -0.25479525 -0.25479525 -0.25479525 -0.25479525 -0.25479525 -0.25479525
 -0.25479525 -0.25479525 -0.25479525 -0.25479525 -0.25479525 -0.25479525
 -0.25479525 -0.25479525 -0.25479525 -0.25479525 -0.25479525 -0.25479525
 -0.25479525 -0.25479525 -0.25479525 -0.25479525 -0.25479525 -0.25479525
 -0.25479525 -0.25479525 -0.25479525 -0.25479525 -0.25479525 -0.25479525
 -0.25479525 -0.25479525 -0.25479525 -0.25479525 -0.25479525 -0.25479525
 -0.25479525 -0.25479525 -0.25479525 -0.25479525 -0.25479525 -0.25479525
 -0.25479525 -0.25479525 -0.25479525 -0.25479525 -0.25479525 -0.25479525
 -0.25479525 -0.25479525 -0.25479525 -0.25479525 -0.25479525 -0.25479525
 -0.25479525 -0.25479525 -0.25479525 -0.25479525 -0.25479525 -0.25479525
 -0.25479525 -0.25479525 -0.25479525 -0.25479525 -0.25479525  6.76157061
 -0.25479525 -0.25479525 -0.25479525 -0.25479525 -0.25479525 -0.25479525
 -0.25479525 -0.25479525  3.47484108 -0.25479525 -0.25479525 -0.25479525
 -0.25479525 -0.25479525 -0.25479525 -0.25479525 -0.25479525 -0.25479525
 -0.25479525 -0.25479525 -0.25479525 -0.25479525 -0.25479525 -0.25479525
 -0.25479525 -0.25479525  1.59704513 -0.25479525 -0.25479525 -0.25479525
 -0.25479525 -0.25479525 -0.25479525 -0.25479525 -0.25479525 -0.25479525
 -0.25479525 -0.25479525 -0.25479525 -0.25479525  3.98536452 -0.25479525
 -0.25479525 -0.25479525 -0.25479525 -0.25479525 -0.25479525 -0.25479525
 -0.25479525 -0.25479525 -0.25479525 -0.25479525 -0.25479525 -0.25479525
 -0.25479525 -0.25479525 -0.25479525 -0.25479525 -0.25479525 -0.25479525
 -0.25479525 -0.25479525 -0.25479525 -0.25479525 -0.25479525 -0.25479525
 -0.25479525 -0.25479525 -0.25479525 -0.25479525 -0.25479525 -0.25479525
 -0.25479525 -0.25479525 -0.25479525 -0.25479525 -0.25479525 -0.25479525
 -0.25479525  0.38653482 -0.25479525 -0.25479525 -0.25479525 -0.25479525
 -0.25479525 -0.25479525 -0.25479525 -0.25479525 -0.25479525  0.83621239
 -0.25479525 -0.25479525 -0.25479525 -0.25479525 -0.25479525 -0.25479525
 -0.25479525 -0.25479525 -0.25479525 -0.25479525 -0.25479525 -0.25479525
 -0.25479525 -0.25479525 -0.25479525 -0.25479525 -0.25479525 -0.25479525
 -0.25479525 -0.25479525  2.28623626 -0.25479525 -0.25479525 -0.25479525
 -0.25479525 -0.25479525 -0.25479525 -0.25479525 -0.25479525  1.09765817
 -0.25479525 -0.25479525 -0.25479525 -0.25479525 -0.25479525 -0.25479525
  2.37563583 -0.25479525  1.54343736 -0.25479525  5.1081946   1.37315829
 -0.25479525 -0.25479525 -0.25479525 -0.25479525 -0.25479525 -0.25479525
 -0.25479525 -0.25479525 -0.25479525 -0.25479525 -0.25479525 -0.25479525
 -0.25479525 -0.25479525 -0.25479525 -0.25479525 -0.25479525 -0.25479525
 -0.25479525  4.07871284 -0.25479525  5.43617692  3.81280299 -0.25479525
  4.29455211 -0.25479525 -0.25479525 -0.25479525 -0.25479525 -0.25479525
 -0.25479525 -0.25479525 -0.25479525 -0.25479525 -0.25479525  3.49031832
 -0.25479525 -0.25479525 -0.25479525  5.62445501  1.60894802 -0.25479525
 -0.25479525 -0.25479525  3.04735687  2.64715883 -0.25479525 -0.08390552
 -0.25479525 -0.25479525 -0.25479525 -0.25479525  0.70196547 -0.25479525
 -0.25479525 -0.25479525  6.85540938 -0.25479525  3.4281422  -0.25479525
 -0.25479525  2.22991606 -0.25479525 -0.25479525  4.11220147 -0.25479525
  1.75048269  2.08402342 -0.25479525 -0.25479525 -0.25479525  5.08494639
  1.74075207 -0.25479525 -0.25479525 -0.25479525 -0.25479525 -0.25479525
 -0.25479525 -0.25479525  5.17207031 -0.25479525 -0.25479525 -0.25479525
 -0.25479525 -0.25479525 -0.25479525 -0.25479525 -0.25479525 -0.25479525
  2.77022612 -0.25479525 -0.25479525 -0.25479525 -0.25479525  2.83632699
 -0.25479525 -0.25479525 -0.25479525 -0.25479525 -0.25479525 -0.25479525
 -0.25479525 -0.25479525 -0.25479525 -0.25479525 -0.25479525 -0.25479525
 -0.25479525 -0.25479525 -0.25479525 -0.25479525 -0.25479525 -0.25479525
 -0.25479525 -0.25479525 -0.25479525 -0.25479525 -0.25479525 -0.25479525
 -0.25479525 -0.25479525 -0.25479525 -0.25479525 -0.25479525 -0.25479525
 -0.25479525 -0.25479525 -0.25479525 -0.25479525 -0.25479525 -0.25479525
 -0.25479525 -0.25479525 -0.25479525 -0.25479525 -0.25479525 -0.25479525
 -0.25479525 -0.25479525 -0.25479525 -0.25479525 -0.25479525 -0.25479525
 -0.25479525 -0.25479525 -0.25479525 -0.25479525 -0.25479525 -0.25479525
 -0.25479525 -0.25479525 -0.25479525 -0.25479525 -0.25479525 -0.25479525
 -0.25479525 -0.25479525 -0.25479525 -0.25479525 -0.25479525 -0.25479525
 -0.25479525 -0.25479525 -0.25479525 -0.25479525 -0.25479525 -0.25479525
 -0.25479525 -0.25479525 -0.25479525 -0.25479525 -0.25479525 -0.25479525
 -0.25479525 -0.25479525 -0.25479525 -0.25479525 -0.25479525 -0.25479525
 -0.25479525 -0.25479525 -0.25479525 -0.25479525 -0.25479525 -0.25479525
 -0.25479525 -0.25479525 -0.25479525 -0.25479525 -0.25479525 -0.25479525
 -0.25479525 -0.25479525 -0.25479525 -0.25479525 -0.25479525 -0.25479525
 -0.25479525 -0.25479525 -0.25479525 -0.25479525 -0.25479525 -0.25479525
 -0.25479525 -0.25479525 -0.25479525 -0.25479525 -0.25479525  4.44307279
 -0.25479525 -0.25479525 -0.25479525 -0.25479525 -0.25479525 -0.25479525
 -0.25479525 -0.25479525 -0.25479525 -0.25479525 -0.25479525 -0.25479525
 -0.25479525 -0.25479525 -0.25479525 -0.25479525 -0.25479525 -0.25479525
 -0.25479525 -0.25479525 -0.25479525 -0.25479525 -0.25479525 -0.25479525
  0.49433781 -0.25479525 -0.25479525 -0.25479525 -0.25479525 -0.25479525
 -0.25479525 -0.25479525 -0.25479525 -0.25479525 -0.25479525 -0.25479525
 -0.25479525 -0.25479525  1.90926309 -0.25479525 -0.25479525 -0.25479525
  3.76442619 -0.25479525 -0.25479525 -0.25479525 -0.25479525 -0.25479525
 -0.25479525 -0.25479525 -0.25479525 -0.25479525 -0.25479525 -0.25479525
 -0.25479525 -0.25479525 -0.25479525 -0.25479525 -0.25479525 -0.25479525
 -0.25479525  4.9866841   2.06400228 -0.25479525 -0.25479525 -0.25479525
 -0.25479525 -0.25479525 -0.25479525 -0.25479525 -0.25479525 -0.25479525
 -0.25479525 -0.25479525 -0.25479525 -0.25479525 -0.25479525 -0.25479525
 -0.25479525 -0.25479525 -0.25479525 -0.25479525 -0.25479525 -0.25479525
 -0.25479525 -0.25479525 -0.25479525 -0.25479525 -0.25479525 -0.25479525
 -0.25479525 -0.25479525  0.83621239 -0.25479525]",[0.030347759398407337]
15,"[-0.24360656 -0.24360656 -0.24360656 -0.24360656  0.14700397 -0.24360656
 -0.24360656 -0.24360656 -0.24360656 -0.24360656 -0.24360656 -0.24360656
 -0.24360656 -0.24360656 -0.24360656 -0.24360656 -0.24360656 -0.24360656
 -0.24360656 -0.24360656 -0.24360656 -0.24360656 -0.24360656 -0.24360656
 -0.24360656 -0.24360656 -0.24360656 -0.24360656 -0.24360656 -0.24360656
 -0.24360656 -0.24360656 -0.24360656 -0.24360656 -0.24360656 -0.24360656
 -0.24360656 -0.24360656 -0.24360656 -0.24360656 -0.24360656 -0.24360656
 -0.24360656 -0.24360656 -0.24360656 -0.24360656 -0.24360656 -0.24360656
 -0.24360656 -0.24360656 -0.24360656 -0.24360656 -0.24360656 -0.24360656
 -0.24360656 -0.24360656 -0.24360656 -0.24360656  1.88435013 -0.24360656
 -0.24360656 -0.24360656 -0.24360656 -0.24360656 -0.24360656 -0.24360656
 -0.24360656 -0.24360656 -0.24360656 -0.24360656 -0.24360656 -0.24360656
 -0.24360656 -0.24360656 -0.24360656 -0.24360656 -0.24360656 -0.24360656
 -0.24360656 -0.24360656 -0.24360656 -0.24360656 -0.24360656  6.81542465
 -0.24360656 -0.24360656 -0.24360656 -0.24360656 -0.24360656 -0.24360656
 -0.24360656 -0.24360656  2.00239469 -0.24360656 -0.24360656 -0.24360656
 -0.24360656 -0.24360656 -0.24360656 -0.24360656 -0.24360656 -0.24360656
 -0.24360656 -0.24360656 -0.24360656 -0.24360656 -0.24360656 -0.24360656
 -0.24360656 -0.24360656  6.34012843 -0.24360656 -0.24360656 -0.24360656
 -0.24360656 -0.24360656 -0.24360656 -0.24360656 -0.24360656 -0.24360656
 -0.24360656 -0.24360656 -0.24360656 -0.24360656  5.33796149 -0.24360656
 -0.24360656 -0.24360656 -0.24360656 -0.24360656 -0.24360656 -0.24360656
 -0.24360656 -0.24360656 -0.24360656 -0.24360656 -0.24360656 -0.24360656
 -0.24360656 -0.24360656 -0.24360656 -0.24360656 -0.24360656 -0.24360656
 -0.24360656 -0.24360656 -0.24360656 -0.24360656 -0.24360656 -0.24360656
 -0.24360656 -0.24360656 -0.24360656 -0.24360656 -0.24360656 -0.24360656
 -0.24360656 -0.24360656 -0.24360656 -0.24360656 -0.24360656 -0.24360656
 -0.24360656  1.81642953 -0.24360656 -0.24360656 -0.24360656 -0.24360656
 -0.24360656 -0.24360656 -0.24360656 -0.24360656 -0.24360656  2.43240824
 -0.24360656 -0.24360656 -0.24360656 -0.24360656 -0.24360656 -0.24360656
 -0.24360656 -0.24360656 -0.24360656 -0.24360656 -0.24360656 -0.24360656
 -0.24360656 -0.24360656 -0.24360656 -0.24360656 -0.24360656 -0.24360656
 -0.24360656 -0.24360656 -0.24360656 -0.24360656 -0.24360656 -0.24360656
 -0.24360656 -0.24360656 -0.24360656 -0.24360656 -0.24360656  2.00819769
 -0.24360656 -0.24360656 -0.24360656 -0.24360656 -0.24360656 -0.24360656
  5.71767735 -0.24360656  1.12761191 -0.24360656 -0.24360656  1.53801432
 -0.24360656 -0.24360656 -0.24360656 -0.24360656 -0.24360656 -0.24360656
 -0.24360656 -0.24360656 -0.24360656 -0.24360656 -0.24360656 -0.24360656
 -0.24360656 -0.24360656 -0.24360656 -0.24360656 -0.24360656 -0.24360656
 -0.24360656  3.26994521 -0.24360656  3.98668069  3.10067141 -0.24360656
  3.79334096 -0.24360656  5.05192558 -0.24360656 -0.24360656 -0.24360656
 -0.24360656 -0.24360656 -0.24360656 -0.24360656 -0.24360656 -0.24360656
 -0.24360656 -0.24360656 -0.24360656 -0.24360656 -0.24360656 -0.24360656
 -0.24360656 -0.24360656 -0.24360656  2.51329359 -0.24360656  1.06001417
 -0.24360656 -0.24360656 -0.24360656  3.21574731 -0.24360656 -0.24360656
  3.17094958 -0.24360656  5.57242577 -0.24360656  3.94425354 -0.24360656
 -0.24360656 -0.24360656 -0.24360656 -0.24360656  2.51988302 -0.24360656
 -0.24360656  1.97734698 -0.24360656 -0.24360656 -0.24360656  4.41453883
  3.23978962 -0.24360656 -0.24360656 -0.24360656 -0.24360656 -0.24360656
 -0.24360656 -0.24360656 -0.24360656 -0.24360656 -0.24360656 -0.24360656
 -0.24360656 -0.24360656 -0.24360656 -0.24360656 -0.24360656 -0.24360656
 -0.24360656 -0.24360656 -0.24360656 -0.24360656 -0.24360656  5.2242813
 -0.24360656  0.95355362 -0.24360656 -0.24360656 -0.24360656 -0.24360656
 -0.24360656 -0.24360656 -0.24360656 -0.24360656 -0.24360656 -0.24360656
 -0.24360656 -0.24360656 -0.24360656 -0.24360656 -0.24360656 -0.24360656
 -0.24360656 -0.24360656 -0.24360656 -0.24360656 -0.24360656 -0.24360656
 -0.24360656 -0.24360656 -0.24360656 -0.24360656 -0.24360656 -0.24360656
 -0.24360656 -0.24360656 -0.24360656 -0.24360656 -0.24360656 -0.24360656
 -0.24360656 -0.24360656 -0.24360656 -0.24360656 -0.24360656 -0.24360656
 -0.24360656 -0.24360656 -0.24360656 -0.24360656 -0.24360656 -0.24360656
 -0.24360656 -0.24360656 -0.24360656 -0.24360656 -0.24360656 -0.24360656
 -0.24360656 -0.24360656 -0.24360656 -0.24360656 -0.24360656 -0.24360656
 -0.24360656 -0.24360656 -0.24360656 -0.24360656 -0.24360656 -0.24360656
 -0.24360656 -0.24360656 -0.24360656 -0.24360656 -0.24360656 -0.24360656
 -0.24360656 -0.24360656 -0.24360656 -0.24360656 -0.24360656 -0.24360656
 -0.24360656 -0.24360656 -0.24360656 -0.24360656 -0.24360656 -0.24360656
 -0.24360656 -0.24360656 -0.24360656 -0.24360656 -0.24360656 -0.24360656
 -0.24360656 -0.24360656 -0.24360656 -0.24360656 -0.24360656 -0.24360656
 -0.24360656 -0.24360656 -0.24360656 -0.24360656 -0.24360656 -0.24360656
 -0.24360656 -0.24360656 -0.24360656 -0.24360656 -0.24360656 -0.24360656
 -0.24360656 -0.24360656 -0.24360656 -0.24360656 -0.24360656  5.56494912
 -0.24360656 -0.24360656 -0.24360656 -0.24360656 -0.24360656 -0.24360656
 -0.24360656  1.53801432 -0.24360656 -0.24360656 -0.24360656 -0.24360656
 -0.24360656 -0.24360656 -0.24360656 -0.24360656 -0.24360656 -0.24360656
 -0.24360656 -0.24360656 -0.24360656 -0.24360656 -0.24360656 -0.24360656
  0.6117273  -0.24360656 -0.24360656 -0.24360656 -0.24360656 -0.24360656
 -0.24360656 -0.24360656 -0.24360656 -0.24360656 -0.24360656 -0.24360656
 -0.24360656 -0.24360656  3.01499459 -0.24360656 -0.24360656 -0.24360656
 -0.24360656 -0.24360656 -0.24360656 -0.24360656 -0.24360656 -0.24360656
 -0.24360656 -0.24360656 -0.24360656  3.66597101 -0.24360656 -0.24360656
 -0.24360656 -0.24360656 -0.24360656 -0.24360656 -0.24360656 -0.24360656
 -0.24360656  4.96396051 -0.24360656 -0.24360656 -0.24360656 -0.24360656
 -0.24360656 -0.24360656 -0.24360656 -0.24360656 -0.24360656 -0.24360656
 -0.24360656 -0.24360656 -0.24360656 -0.24360656 -0.24360656 -0.24360656
 -0.24360656 -0.24360656 -0.24360656 -0.24360656 -0.24360656 -0.24360656
 -0.24360656 -0.24360656 -0.24360656 -0.24360656 -0.24360656 -0.24360656
 -0.24360656 -0.24360656  4.36971224 -0.24360656]",[-0.021645895061650267]
15,"[-0.25054868 -0.25054868 -0.25054868 -0.25054868 -0.25054868 -0.25054868
 -0.25054868 -0.25054868 -0.25054868 -0.25054868 -0.25054868 -0.25054868
 -0.25054868 -0.25054868 -0.25054868 -0.25054868 -0.25054868 -0.25054868
  1.0032403  -0.25054868 -0.25054868  2.46330705 -0.25054868 -0.25054868
 -0.25054868 -0.25054868 -0.25054868 -0.25054868 -0.25054868 -0.25054868
 -0.25054868 -0.25054868 -0.25054868 -0.25054868 -0.25054868 -0.25054868
 -0.25054868 -0.25054868 -0.25054868 -0.25054868 -0.25054868 -0.25054868
 -0.25054868 -0.25054868 -0.25054868 -0.25054868 -0.25054868 -0.25054868
 -0.25054868 -0.25054868 -0.25054868 -0.25054868 -0.25054868 -0.25054868
 -0.25054868 -0.25054868 -0.25054868 -0.25054868 -0.25054868 -0.25054868
 -0.25054868 -0.25054868 -0.25054868 -0.25054868 -0.25054868 -0.25054868
 -0.25054868 -0.25054868 -0.25054868 -0.25054868 -0.25054868 -0.25054868
 -0.25054868 -0.25054868 -0.25054868 -0.25054868 -0.25054868 -0.25054868
 -0.25054868 -0.25054868 -0.25054868 -0.25054868 -0.25054868  7.07777148
 -0.25054868 -0.25054868 -0.25054868 -0.25054868 -0.25054868 -0.25054868
 -0.25054868 -0.25054868  3.79442025 -0.25054868 -0.25054868 -0.25054868
 -0.25054868 -0.25054868 -0.25054868 -0.25054868 -0.25054868 -0.25054868
 -0.25054868 -0.25054868 -0.25054868 -0.25054868 -0.25054868 -0.25054868
 -0.25054868 -0.25054868  4.98634794 -0.25054868 -0.25054868 -0.25054868
 -0.25054868 -0.25054868  3.53004262 -0.25054868  0.64742428 -0.25054868
 -0.25054868 -0.25054868 -0.25054868  3.31642141  1.49867766 -0.25054868
 -0.25054868 -0.25054868 -0.25054868 -0.25054868 -0.25054868 -0.25054868
 -0.25054868 -0.25054868 -0.25054868 -0.25054868 -0.25054868 -0.25054868
 -0.25054868 -0.25054868 -0.25054868 -0.25054868 -0.25054868 -0.25054868
 -0.25054868 -0.25054868 -0.25054868 -0.25054868 -0.25054868 -0.25054868
 -0.25054868 -0.25054868 -0.25054868 -0.25054868 -0.25054868 -0.25054868
 -0.25054868 -0.25054868 -0.25054868 -0.25054868 -0.25054868 -0.25054868
 -0.25054868 -0.25054868 -0.25054868 -0.25054868 -0.25054868 -0.25054868
 -0.25054868 -0.25054868 -0.25054868 -0.25054868 -0.25054868  1.02303232
 -0.25054868 -0.25054868 -0.25054868 -0.25054868 -0.25054868 -0.25054868
 -0.25054868 -0.25054868 -0.25054868 -0.25054868 -0.25054868 -0.25054868
 -0.25054868 -0.25054868 -0.25054868 -0.25054868 -0.25054868 -0.25054868
 -0.25054868 -0.25054868 -0.25054868 -0.25054868 -0.25054868 -0.25054868
 -0.25054868 -0.25054868  4.24696857 -0.25054868 -0.25054868  1.73805185
  3.79442025 -0.25054868 -0.25054868 -0.25054868 -0.25054868 -0.25054868
  2.51575111 -0.25054868 -0.25054868 -0.25054868 -0.25054868 -0.25054868
 -0.25054868 -0.25054868  0.58451862  1.84596452 -0.25054868 -0.25054868
 -0.25054868 -0.25054868 -0.25054868 -0.25054868 -0.25054868 -0.25054868
 -0.25054868 -0.25054868 -0.25054868 -0.25054868 -0.25054868 -0.25054868
 -0.25054868  1.90400805 -0.25054868  3.70057391  2.62901478 -0.25054868
  3.2843605  -0.25054868 -0.25054868 -0.25054868 -0.25054868 -0.25054868
 -0.25054868 -0.25054868 -0.25054868 -0.25054868 -0.25054868 -0.25054868
 -0.25054868 -0.25054868 -0.25054868 -0.25054868 -0.25054868 -0.25054868
 -0.25054868 -0.25054868  3.01495805  3.22786239 -0.25054868  0.27163163
 -0.25054868 -0.25054868 -0.25054868 -0.25054868 -0.25054868 -0.25054868
 -0.25054868 -0.25054868  0.55976498 -0.25054868  2.88407827 -0.25054868
 -0.25054868 -0.25054868 -0.25054868 -0.25054868 -0.25054868 -0.25054868
  4.96437345  3.38074213 -0.25054868 -0.25054868  0.94799156  4.3174144
  4.3990461  -0.25054868 -0.25054868 -0.25054868 -0.25054868  0.82484634
 -0.25054868 -0.25054868 -0.25054868 -0.25054868 -0.25054868 -0.25054868
 -0.25054868 -0.25054868 -0.25054868 -0.25054868 -0.25054868 -0.25054868
  4.20671992 -0.25054868 -0.25054868 -0.25054868 -0.25054868  4.16174872
 -0.25054868 -0.25054868 -0.25054868 -0.25054868 -0.25054868 -0.25054868
 -0.25054868 -0.25054868 -0.25054868 -0.25054868 -0.25054868 -0.25054868
 -0.25054868 -0.25054868 -0.25054868 -0.25054868 -0.25054868 -0.25054868
 -0.25054868 -0.25054868 -0.25054868 -0.25054868 -0.25054868 -0.25054868
 -0.25054868 -0.25054868 -0.25054868 -0.25054868 -0.25054868 -0.25054868
 -0.25054868 -0.25054868 -0.25054868 -0.25054868 -0.25054868 -0.25054868
 -0.25054868 -0.25054868 -0.25054868 -0.25054868 -0.25054868 -0.25054868
 -0.25054868 -0.25054868 -0.25054868 -0.25054868 -0.25054868 -0.25054868
 -0.25054868 -0.25054868 -0.25054868 -0.25054868 -0.25054868 -0.25054868
 -0.25054868 -0.25054868 -0.25054868 -0.25054868 -0.25054868 -0.25054868
 -0.25054868 -0.25054868 -0.25054868 -0.25054868 -0.25054868 -0.25054868
 -0.25054868 -0.25054868 -0.25054868 -0.25054868 -0.25054868 -0.25054868
 -0.25054868 -0.25054868 -0.25054868 -0.25054868 -0.25054868 -0.25054868
 -0.25054868 -0.25054868 -0.25054868 -0.25054868 -0.25054868 -0.25054868
 -0.25054868 -0.25054868 -0.25054868 -0.25054868 -0.25054868 -0.25054868
 -0.25054868 -0.25054868 -0.25054868 -0.25054868 -0.25054868 -0.25054868
 -0.25054868 -0.25054868 -0.25054868 -0.25054868 -0.25054868 -0.25054868
 -0.25054868 -0.25054868 -0.25054868 -0.25054868 -0.25054868 -0.25054868
 -0.25054868 -0.25054868 -0.25054868 -0.25054868  5.64907439 -0.25054868
 -0.25054868 -0.25054868 -0.25054868 -0.25054868 -0.25054868 -0.25054868
 -0.25054868 -0.25054868 -0.25054868 -0.25054868 -0.25054868 -0.25054868
 -0.25054868 -0.25054868 -0.25054868 -0.25054868 -0.25054868 -0.25054868
  3.7649091  -0.25054868 -0.25054868 -0.25054868 -0.25054868 -0.25054868
  0.91890058 -0.25054868 -0.25054868 -0.25054868 -0.25054868 -0.25054868
 -0.25054868 -0.25054868 -0.25054868 -0.25054868 -0.25054868 -0.25054868
 -0.25054868 -0.25054868  2.76463151 -0.25054868 -0.25054868 -0.25054868
  6.88842587 -0.25054868 -0.25054868 -0.25054868 -0.25054868 -0.25054868
 -0.25054868 -0.25054868 -0.25054868 -0.25054868 -0.25054868 -0.25054868
 -0.25054868 -0.25054868 -0.25054868 -0.25054868 -0.25054868 -0.25054868
 -0.25054868 -0.25054868 -0.25054868 -0.25054868 -0.25054868  0.89813646
 -0.25054868 -0.25054868 -0.25054868 -0.25054868 -0.25054868 -0.25054868
 -0.25054868 -0.25054868 -0.25054868 -0.25054868 -0.25054868 -0.25054868
 -0.25054868 -0.25054868 -0.25054868 -0.25054868 -0.25054868 -0.25054868
 -0.25054868 -0.25054868 -0.25054868 -0.25054868 -0.25054868 -0.25054868
 -0.25054868 -0.25054868  6.6337951  -0.25054868]",[0.014329625835314469]
15,"[-0.2529509  -0.2529509  -0.2529509  -0.2529509   0.07138677 -0.2529509
 -0.2529509  -0.2529509  -0.2529509  -0.2529509  -0.2529509  -0.2529509
 -0.2529509  -0.2529509  -0.2529509  -0.2529509  -0.2529509  -0.2529509
 -0.2529509  -0.2529509  -0.2529509  -0.2529509  -0.2529509  -0.2529509
 -0.2529509  -0.2529509  -0.2529509  -0.2529509  -0.2529509  -0.2529509
 -0.2529509  -0.2529509  -0.2529509  -0.2529509  -0.2529509  -0.2529509
 -0.2529509  -0.2529509  -0.2529509  -0.2529509  -0.2529509  -0.2529509
 -0.2529509  -0.2529509  -0.2529509  -0.2529509  -0.2529509  -0.2529509
 -0.2529509  -0.2529509  -0.2529509  -0.2529509  -0.2529509  -0.2529509
 -0.2529509  -0.2529509  -0.2529509  -0.2529509  -0.2529509  -0.2529509
 -0.2529509  -0.2529509  -0.2529509  -0.2529509  -0.2529509  -0.2529509
 -0.2529509  -0.2529509  -0.2529509  -0.2529509  -0.2529509  -0.2529509
 -0.2529509  -0.2529509  -0.2529509  -0.2529509  -0.2529509  -0.2529509
 -0.2529509  -0.2529509  -0.2529509  -0.2529509  -0.2529509   5.98585556
 -0.2529509  -0.2529509  -0.2529509  -0.2529509  -0.2529509  -0.2529509
 -0.2529509  -0.2529509   1.52181183 -0.2529509  -0.2529509  -0.2529509
 -0.2529509  -0.2529509  -0.2529509  -0.2529509  -0.2529509  -0.2529509
 -0.2529509  -0.2529509  -0.2529509  -0.2529509  -0.2529509  -0.2529509
 -0.2529509  -0.2529509   6.96331283 -0.2529509  -0.2529509  -0.2529509
 -0.2529509  -0.2529509  -0.2529509  -0.2529509  -0.2529509  -0.2529509
 -0.2529509  -0.2529509  -0.2529509  -0.2529509   5.91813187 -0.2529509
 -0.2529509  -0.2529509  -0.2529509  -0.2529509  -0.2529509  -0.2529509
 -0.2529509  -0.2529509  -0.2529509  -0.2529509  -0.2529509  -0.2529509
 -0.2529509  -0.2529509  -0.2529509  -0.2529509  -0.2529509  -0.2529509
 -0.2529509  -0.2529509  -0.2529509  -0.2529509  -0.2529509  -0.2529509
 -0.2529509  -0.2529509  -0.2529509  -0.2529509  -0.2529509  -0.2529509
 -0.2529509  -0.2529509  -0.2529509  -0.2529509  -0.2529509  -0.2529509
 -0.2529509   0.11189833 -0.2529509  -0.2529509  -0.2529509  -0.2529509
 -0.2529509  -0.2529509  -0.2529509  -0.2529509  -0.2529509  -0.2529509
 -0.2529509  -0.2529509  -0.2529509  -0.2529509  -0.2529509  -0.2529509
 -0.2529509  -0.2529509  -0.2529509  -0.2529509  -0.2529509  -0.2529509
 -0.2529509  -0.2529509  -0.2529509  -0.2529509  -0.2529509  -0.2529509
 -0.2529509  -0.2529509  -0.2529509  -0.2529509  -0.2529509  -0.2529509
 -0.2529509  -0.2529509  -0.2529509  -0.2529509  -0.2529509  -0.2529509
 -0.2529509  -0.2529509  -0.2529509  -0.2529509  -0.2529509   1.31004504
  1.82123091 -0.2529509   1.70720734 -0.2529509  -0.2529509   1.56729307
 -0.2529509  -0.2529509  -0.2529509  -0.2529509  -0.2529509  -0.2529509
 -0.2529509  -0.2529509  -0.2529509  -0.2529509  -0.2529509  -0.2529509
 -0.2529509  -0.2529509  -0.2529509  -0.2529509  -0.2529509  -0.2529509
 -0.2529509   1.99449946 -0.2529509   3.18311301  3.29597546 -0.2529509
  3.39341586  1.44157489 -0.2529509   2.58515097 -0.2529509  -0.2529509
 -0.2529509  -0.2529509  -0.2529509  -0.2529509  -0.2529509  -0.2529509
 -0.2529509  -0.2529509  -0.2529509   3.96190219  4.16570775 -0.2529509
 -0.2529509  -0.2529509   3.40739991  2.30301025 -0.2529509   3.39427382
 -0.2529509  -0.2529509  -0.2529509   2.91716644 -0.2529509  -0.2529509
  3.15285376 -0.2529509   5.10695882 -0.2529509   1.35721728  5.56349463
 -0.2529509   2.6090649  -0.2529509  -0.2529509   3.45741867 -0.2529509
  3.78068719  3.66117927 -0.2529509  -0.2529509  -0.2529509   4.70409406
  3.91457581 -0.2529509  -0.2529509  -0.2529509  -0.2529509   1.14945346
 -0.2529509  -0.2529509  -0.2529509  -0.2529509  -0.2529509  -0.2529509
 -0.2529509  -0.2529509  -0.2529509  -0.2529509   5.22220967 -0.2529509
  3.52911967 -0.2529509  -0.2529509  -0.2529509  -0.2529509   0.30614948
 -0.2529509  -0.2529509  -0.2529509  -0.2529509  -0.2529509  -0.2529509
 -0.2529509  -0.2529509  -0.2529509  -0.2529509  -0.2529509  -0.2529509
 -0.2529509  -0.2529509  -0.2529509  -0.2529509  -0.2529509  -0.2529509
 -0.2529509  -0.2529509  -0.2529509  -0.2529509  -0.2529509  -0.2529509
 -0.2529509  -0.2529509  -0.2529509  -0.2529509  -0.2529509  -0.2529509
 -0.2529509  -0.2529509  -0.2529509  -0.2529509  -0.2529509  -0.2529509
 -0.2529509  -0.2529509  -0.2529509  -0.2529509  -0.2529509  -0.2529509
 -0.2529509  -0.2529509  -0.2529509  -0.2529509  -0.2529509  -0.2529509
 -0.2529509  -0.2529509  -0.2529509  -0.2529509  -0.2529509  -0.2529509
 -0.2529509  -0.2529509  -0.2529509  -0.2529509  -0.2529509  -0.2529509
 -0.2529509  -0.2529509  -0.2529509  -0.2529509  -0.2529509  -0.2529509
 -0.2529509  -0.2529509  -0.2529509  -0.2529509  -0.2529509  -0.2529509
 -0.2529509  -0.2529509  -0.2529509   2.93431755 -0.2529509  -0.2529509
 -0.2529509  -0.2529509  -0.2529509  -0.2529509  -0.2529509  -0.2529509
 -0.2529509  -0.2529509  -0.2529509  -0.2529509  -0.2529509  -0.2529509
 -0.2529509  -0.2529509  -0.2529509  -0.2529509  -0.2529509  -0.2529509
 -0.2529509  -0.2529509  -0.2529509  -0.2529509  -0.2529509  -0.2529509
 -0.2529509  -0.2529509  -0.2529509  -0.2529509  -0.2529509  -0.2529509
 -0.2529509  -0.2529509  -0.2529509  -0.2529509   5.80346811 -0.2529509
 -0.2529509  -0.2529509  -0.2529509  -0.2529509  -0.2529509  -0.2529509
 -0.2529509  -0.2529509  -0.2529509  -0.2529509  -0.2529509  -0.2529509
 -0.2529509  -0.2529509  -0.2529509  -0.2529509  -0.2529509  -0.2529509
 -0.2529509  -0.2529509  -0.2529509  -0.2529509  -0.2529509  -0.2529509
 -0.2529509  -0.2529509  -0.2529509  -0.2529509  -0.2529509  -0.2529509
 -0.2529509  -0.2529509  -0.2529509  -0.2529509  -0.2529509  -0.2529509
 -0.2529509  -0.2529509   2.3957573  -0.2529509  -0.2529509  -0.2529509
 -0.2529509  -0.2529509  -0.2529509  -0.2529509  -0.2529509  -0.2529509
 -0.2529509  -0.2529509  -0.2529509  -0.2529509  -0.2529509  -0.2529509
 -0.2529509  -0.2529509  -0.2529509  -0.2529509  -0.2529509  -0.2529509
 -0.2529509  -0.2529509  -0.2529509  -0.2529509  -0.2529509  -0.2529509
 -0.2529509  -0.2529509  -0.2529509  -0.2529509  -0.2529509  -0.2529509
 -0.2529509  -0.2529509  -0.2529509  -0.2529509  -0.2529509  -0.2529509
 -0.2529509  -0.2529509  -0.2529509  -0.2529509  -0.2529509  -0.2529509
 -0.2529509  -0.2529509  -0.2529509  -0.2529509  -0.2529509  -0.2529509
 -0.2529509  -0.2529509  -0.2529509  -0.2529509 ]",[-0.013610385014094117]
15,"[-0.25480127 -0.25480127 -0.25480127 -0.25480127 -0.08656777 -0.25480127
 -0.25480127 -0.25480127 -0.25480127 -0.25480127 -0.25480127 -0.25480127
 -0.25480127 -0.25480127 -0.25480127 -0.25480127 -0.25480127 -0.25480127
 -0.25480127 -0.25480127 -0.25480127 -0.25480127 -0.25480127 -0.25480127
 -0.25480127 -0.25480127 -0.25480127 -0.25480127 -0.25480127 -0.25480127
 -0.25480127 -0.25480127 -0.25480127 -0.25480127 -0.25480127 -0.25480127
 -0.25480127 -0.25480127 -0.25480127 -0.25480127 -0.25480127 -0.25480127
 -0.25480127 -0.25480127 -0.25480127 -0.25480127 -0.25480127 -0.25480127
 -0.25480127 -0.25480127 -0.25480127 -0.25480127 -0.25480127 -0.25480127
 -0.25480127 -0.25480127 -0.25480127 -0.25480127 -0.25480127 -0.25480127
 -0.25480127 -0.25480127 -0.25480127 -0.25480127 -0.25480127 -0.25480127
 -0.25480127 -0.25480127 -0.25480127 -0.25480127 -0.25480127 -0.25480127
 -0.25480127 -0.25480127 -0.25480127 -0.25480127 -0.25480127 -0.25480127
 -0.25480127 -0.25480127 -0.25480127 -0.25480127 -0.25480127  4.71156731
 -0.25480127 -0.25480127 -0.25480127 -0.25480127 -0.25480127  1.31473263
 -0.25480127 -0.25480127 -0.25480127 -0.25480127 -0.25480127 -0.25480127
 -0.25480127 -0.25480127 -0.25480127 -0.25480127 -0.25480127 -0.25480127
 -0.25480127 -0.25480127 -0.25480127 -0.25480127 -0.25480127 -0.25480127
 -0.25480127 -0.25480127  6.35026314 -0.25480127  4.66357837 -0.25480127
 -0.25480127  2.62592174  4.35597183 -0.25480127 -0.25480127 -0.25480127
 -0.25480127 -0.25480127  3.99567282 -0.25480127  3.1936418  -0.25480127
 -0.25480127 -0.25480127 -0.25480127 -0.25480127 -0.25480127 -0.25480127
 -0.25480127 -0.25480127 -0.25480127 -0.25480127 -0.25480127 -0.25480127
 -0.25480127 -0.25480127 -0.25480127 -0.25480127 -0.25480127 -0.25480127
 -0.25480127 -0.25480127 -0.25480127 -0.25480127 -0.25480127 -0.25480127
 -0.25480127 -0.25480127 -0.25480127 -0.25480127 -0.25480127 -0.25480127
 -0.25480127 -0.25480127 -0.25480127 -0.25480127 -0.25480127 -0.25480127
 -0.25480127 -0.25480127 -0.25480127 -0.25480127 -0.25480127 -0.25480127
 -0.25480127 -0.25480127 -0.25480127 -0.25480127 -0.25480127  0.96690099
 -0.25480127 -0.25480127 -0.25480127 -0.25480127 -0.25480127 -0.25480127
 -0.25480127 -0.25480127 -0.25480127 -0.25480127 -0.25480127 -0.25480127
 -0.25480127 -0.25480127 -0.25480127 -0.25480127 -0.25480127 -0.25480127
 -0.25480127 -0.25480127 -0.25480127 -0.25480127 -0.25480127 -0.25480127
 -0.25480127 -0.25480127 -0.25480127 -0.25480127 -0.25480127 -0.25480127
 -0.25480127 -0.25480127 -0.25480127 -0.25480127 -0.25480127 -0.25480127
 -0.25480127 -0.25480127 -0.25480127 -0.25480127 -0.25480127  0.48213043
 -0.25480127 -0.25480127 -0.25480127 -0.25480127 -0.25480127 -0.25480127
 -0.25480127 -0.25480127 -0.25480127 -0.25480127 -0.25480127 -0.25480127
 -0.25480127 -0.25480127 -0.25480127 -0.25480127 -0.25480127 -0.25480127
 -0.25480127  2.33575557 -0.25480127  5.46881164  4.55516737 -0.25480127
  4.38050486  1.72118194  2.16107915  3.32622658 -0.25480127 -0.25480127
 -0.25480127 -0.25480127 -0.25480127 -0.25480127 -0.25480127 -0.25480127
 -0.25480127 -0.25480127 -0.25480127  5.8798033   2.96189591 -0.25480127
 -0.25480127 -0.25480127 -0.25480127  3.68800755 -0.25480127  0.80058494
 -0.25480127 -0.25480127 -0.25480127 -0.25480127  1.38978551 -0.25480127
  1.29551612 -0.25480127  6.37450039 -0.25480127  3.71578743  2.26308266
 -0.25480127  2.58093619 -0.25480127 -0.25480127  3.72304439 -0.25480127
 -0.25480127  1.0122676  -0.25480127 -0.25480127  2.81232931  4.05234105
 -0.25480127 -0.25480127 -0.25480127  1.49253374 -0.25480127 -0.25480127
 -0.25480127 -0.25480127 -0.25480127  2.71423601 -0.25480127 -0.25480127
 -0.25480127 -0.25480127 -0.25480127 -0.25480127 -0.25480127 -0.25480127
 -0.25480127 -0.25480127 -0.25480127 -0.25480127 -0.25480127 -0.25480127
 -0.25480127  0.24335907 -0.25480127 -0.25480127 -0.25480127 -0.25480127
 -0.25480127 -0.25480127 -0.25480127 -0.25480127  3.78429127 -0.25480127
 -0.25480127 -0.25480127 -0.25480127 -0.25480127 -0.25480127 -0.25480127
 -0.25480127 -0.25480127 -0.25480127 -0.25480127 -0.25480127 -0.25480127
 -0.25480127 -0.25480127 -0.25480127 -0.25480127 -0.25480127 -0.25480127
 -0.25480127 -0.25480127 -0.25480127 -0.25480127 -0.25480127 -0.25480127
 -0.25480127 -0.25480127 -0.25480127 -0.25480127 -0.25480127 -0.25480127
 -0.25480127 -0.25480127 -0.25480127 -0.25480127 -0.25480127 -0.25480127
 -0.25480127 -0.25480127 -0.25480127 -0.25480127 -0.25480127 -0.25480127
 -0.25480127 -0.25480127 -0.25480127 -0.25480127 -0.25480127 -0.25480127
 -0.25480127 -0.25480127 -0.25480127 -0.25480127 -0.25480127 -0.25480127
 -0.25480127 -0.25480127 -0.25480127 -0.25480127 -0.25480127 -0.25480127
 -0.25480127 -0.25480127 -0.25480127 -0.25480127 -0.25480127 -0.25480127
 -0.25480127 -0.25480127 -0.25480127 -0.25480127 -0.25480127 -0.25480127
 -0.25480127 -0.25480127 -0.25480127 -0.25480127 -0.25480127 -0.25480127
 -0.25480127 -0.25480127 -0.25480127 -0.25480127 -0.25480127 -0.25480127
 -0.25480127 -0.25480127 -0.25480127 -0.25480127 -0.25480127 -0.25480127
 -0.25480127 -0.25480127 -0.25480127 -0.25480127 -0.25480127 -0.25480127
 -0.25480127 -0.25480127 -0.25480127 -0.25480127 -0.25480127  4.52402554
 -0.25480127 -0.25480127 -0.25480127 -0.25480127 -0.25480127 -0.25480127
 -0.25480127 -0.25480127 -0.25480127 -0.25480127 -0.25480127 -0.25480127
 -0.25480127 -0.25480127 -0.25480127 -0.25480127 -0.25480127 -0.25480127
  3.77000593 -0.25480127 -0.25480127 -0.25480127 -0.25480127 -0.25480127
 -0.25480127 -0.25480127 -0.25480127 -0.25480127 -0.25480127 -0.25480127
 -0.25480127 -0.25480127 -0.25480127 -0.25480127 -0.25480127 -0.25480127
 -0.25480127 -0.25480127 -0.25480127 -0.25480127 -0.25480127 -0.25480127
 -0.25480127 -0.25480127 -0.25480127 -0.25480127 -0.25480127 -0.25480127
 -0.25480127 -0.25480127 -0.25480127 -0.25480127 -0.25480127 -0.25480127
 -0.25480127 -0.25480127 -0.25480127 -0.25480127 -0.25480127 -0.25480127
 -0.25480127  1.36892469 -0.25480127 -0.25480127 -0.25480127 -0.25480127
 -0.25480127 -0.25480127 -0.25480127 -0.25480127 -0.25480127 -0.25480127
 -0.25480127 -0.25480127 -0.25480127 -0.25480127 -0.25480127 -0.25480127
 -0.25480127 -0.25480127 -0.25480127 -0.25480127 -0.25480127 -0.25480127
 -0.25480127 -0.25480127 -0.25480127 -0.25480127 -0.25480127 -0.25480127
 -0.25480127 -0.25480127  5.33480963 -0.25480127]",[-0.04603501446824715]
15,"[-0.19662397 -0.19662397 -0.19662397 -0.19662397 -0.19662397 -0.19662397
 -0.19662397 -0.19662397 -0.19662397 -0.19662397 -0.19662397 -0.19662397
 -0.19662397 -0.19662397 -0.19662397 -0.19662397 -0.19662397 -0.19662397
 -0.19662397 -0.19662397 -0.19662397 -0.19662397 -0.19662397 -0.19662397
 -0.19662397 -0.19662397 -0.19662397 -0.19662397 -0.19662397 -0.19662397
 -0.19662397 -0.19662397 -0.19662397 -0.19662397 -0.19662397 -0.19662397
 -0.19662397 -0.19662397 -0.19662397 -0.19662397 -0.19662397 -0.19662397
 -0.19662397 -0.19662397 -0.19662397 -0.19662397 -0.19662397 -0.19662397
 -0.19662397 -0.19662397 -0.19662397 -0.19662397 -0.19662397 -0.19662397
 -0.19662397 -0.19662397 -0.19662397 -0.19662397  0.71488178 -0.19662397
 -0.19662397 -0.19662397 -0.19662397 -0.19662397 -0.19662397 -0.19662397
 -0.19662397 -0.19662397 -0.19662397 -0.19662397 -0.19662397 -0.19662397
 -0.19662397 -0.19662397 -0.19662397 -0.19662397 -0.19662397 -0.19662397
 -0.19662397 -0.19662397 -0.19662397 -0.19662397 -0.19662397  8.30221171
 -0.19662397 -0.19662397 -0.19662397 -0.19662397 -0.19662397  4.62595922
 -0.19662397 -0.19662397 -0.19662397 -0.19662397 -0.19662397 -0.19662397
 -0.19662397 -0.19662397 -0.19662397 -0.19662397 -0.19662397 -0.19662397
 -0.19662397 -0.19662397 -0.19662397 -0.19662397  0.09698875 -0.19662397
 -0.19662397 -0.19662397  7.53157594 -0.19662397 -0.19662397 -0.19662397
 -0.19662397 -0.19662397 -0.19662397 -0.19662397 -0.19662397 -0.19662397
 -0.19662397 -0.19662397 -0.19662397 -0.19662397 -0.19662397 -0.19662397
 -0.19662397 -0.19662397 -0.19662397 -0.19662397 -0.19662397 -0.19662397
 -0.19662397 -0.19662397 -0.19662397 -0.19662397 -0.19662397 -0.19662397
 -0.19662397 -0.19662397 -0.19662397 -0.19662397 -0.19662397 -0.19662397
 -0.19662397 -0.19662397 -0.19662397 -0.19662397 -0.19662397 -0.19662397
 -0.19662397 -0.19662397 -0.19662397 -0.19662397 -0.19662397 -0.19662397
 -0.19662397 -0.19662397 -0.19662397 -0.19662397 -0.19662397 -0.19662397
 -0.19662397  3.75329003 -0.19662397 -0.19662397 -0.19662397 -0.19662397
 -0.19662397 -0.19662397 -0.19662397 -0.19662397 -0.19662397 -0.19662397
 -0.19662397 -0.19662397 -0.19662397 -0.19662397 -0.19662397 -0.19662397
 -0.19662397 -0.19662397 -0.19662397 -0.19662397 -0.19662397 -0.19662397
 -0.19662397 -0.19662397 -0.19662397 -0.19662397 -0.19662397 -0.19662397
 -0.19662397 -0.19662397 -0.19662397 -0.19662397 -0.19662397 -0.19662397
 -0.19662397 -0.19662397 -0.19662397 -0.19662397 -0.19662397 -0.19662397
 -0.19662397 -0.19662397 -0.19662397 -0.19662397 -0.19662397  5.90992351
  5.75035466 -0.19662397 -0.19662397 -0.19662397 -0.19662397  3.11680898
 -0.19662397 -0.19662397 -0.19662397 -0.19662397 -0.19662397 -0.19662397
 -0.19662397 -0.19662397 -0.19662397 -0.19662397 -0.19662397 -0.19662397
 -0.19662397 -0.19662397 -0.19662397 -0.19662397 -0.19662397 -0.19662397
 -0.19662397  3.69336274 -0.19662397 -0.19662397  3.44033537 -0.19662397
  5.19114544  0.69954696 -0.19662397 -0.19662397 -0.19662397 -0.19662397
 -0.19662397 -0.19662397 -0.19662397 -0.19662397 -0.19662397 -0.19662397
 -0.19662397 -0.19662397 -0.19662397 -0.19662397 -0.19662397 -0.19662397
 -0.19662397 -0.19662397 -0.19662397  2.80918567 -0.19662397 -0.19662397
 -0.19662397 -0.19662397 -0.19662397 -0.19662397  3.13641676 -0.19662397
 -0.19662397 -0.19662397 -0.19662397 -0.19662397  4.51765013 -0.19662397
 -0.19662397 -0.19662397 -0.19662397  3.93905863  5.1119867  -0.19662397
 -0.19662397  1.03824359 -0.19662397 -0.19662397 -0.19662397  5.65224747
 -0.19662397 -0.19662397 -0.19662397 -0.19662397 -0.19662397 -0.19662397
 -0.19662397 -0.19662397 -0.19662397 -0.19662397 -0.19662397 -0.19662397
 -0.19662397 -0.19662397 -0.19662397 -0.19662397 -0.19662397 -0.19662397
 -0.19662397 -0.19662397 -0.19662397 -0.19662397 -0.19662397  4.82138444
 -0.19662397 -0.19662397 -0.19662397 -0.19662397 -0.19662397 -0.19662397
 -0.19662397 -0.19662397 -0.19662397 -0.19662397 -0.19662397 -0.19662397
 -0.19662397 -0.19662397 -0.19662397 -0.19662397 -0.19662397 -0.19662397
 -0.19662397 -0.19662397 -0.19662397 -0.19662397 -0.19662397 -0.19662397
 -0.19662397 -0.19662397 -0.19662397 -0.19662397 -0.19662397 -0.19662397
 -0.19662397 -0.19662397 -0.19662397 -0.19662397 -0.19662397 -0.19662397
 -0.19662397 -0.19662397 -0.19662397 -0.19662397 -0.19662397 -0.19662397
 -0.19662397 -0.19662397 -0.19662397 -0.19662397 -0.19662397 -0.19662397
 -0.19662397 -0.19662397 -0.19662397 -0.19662397 -0.19662397 -0.19662397
 -0.19662397 -0.19662397 -0.19662397 -0.19662397 -0.19662397 -0.19662397
 -0.19662397 -0.19662397 -0.19662397 -0.19662397 -0.19662397 -0.19662397
 -0.19662397 -0.19662397 -0.19662397 -0.19662397 -0.19662397 -0.19662397
 -0.19662397 -0.19662397 -0.19662397 -0.19662397 -0.19662397 -0.19662397
 -0.19662397 -0.19662397 -0.19662397 -0.19662397 -0.19662397 -0.19662397
 -0.19662397 -0.19662397 -0.19662397 -0.19662397 -0.19662397 -0.19662397
 -0.19662397 -0.19662397 -0.19662397 -0.19662397 -0.19662397 -0.19662397
 -0.19662397 -0.19662397 -0.19662397 -0.19662397 -0.19662397 -0.19662397
 -0.19662397 -0.19662397 -0.19662397 -0.19662397 -0.19662397 -0.19662397
 -0.19662397 -0.19662397 -0.19662397 -0.19662397 -0.19662397 -0.19662397
 -0.19662397 -0.19662397 -0.19662397 -0.19662397 -0.19662397 -0.19662397
 -0.19662397 -0.19662397 -0.19662397 -0.19662397 -0.19662397 -0.19662397
 -0.19662397 -0.19662397 -0.19662397 -0.19662397 -0.19662397 -0.19662397
 -0.19662397 -0.19662397 -0.19662397 -0.19662397 -0.19662397 -0.19662397
 -0.19662397 -0.19662397 -0.19662397 -0.19662397 -0.19662397 -0.19662397
 -0.19662397 -0.19662397 -0.19662397 -0.19662397 -0.19662397 -0.19662397
 -0.19662397 -0.19662397  1.99062747 -0.19662397  6.21831001 -0.19662397
 -0.19662397 -0.19662397 -0.19662397 -0.19662397 -0.19662397 -0.19662397
 -0.19662397 -0.19662397 -0.19662397 -0.19662397 -0.19662397 -0.19662397
 -0.19662397 -0.19662397 -0.19662397 -0.19662397 -0.19662397 -0.19662397
 -0.19662397  5.46399294 -0.19662397 -0.19662397 -0.19662397 -0.19662397
 -0.19662397 -0.19662397 -0.19662397 -0.19662397 -0.19662397 -0.19662397
 -0.19662397 -0.19662397 -0.19662397 -0.19662397 -0.19662397 -0.19662397
 -0.19662397 -0.19662397 -0.19662397 -0.19662397 -0.19662397 -0.19662397
 -0.19662397 -0.19662397 -0.19662397 -0.19662397 -0.19662397 -0.19662397
 -0.19662397 -0.19662397 -0.19662397 -0.19662397]",[-0.010009591585873917]
15,"[-0.26176628 -0.26176628 -0.26176628 -0.26176628  3.01970208 -0.26176628
 -0.26176628 -0.26176628 -0.26176628 -0.26176628 -0.26176628 -0.26176628
 -0.26176628 -0.26176628 -0.26176628 -0.26176628 -0.26176628 -0.26176628
 -0.26176628 -0.26176628 -0.26176628 -0.26176628 -0.26176628 -0.26176628
 -0.26176628 -0.26176628 -0.26176628 -0.26176628 -0.26176628 -0.26176628
 -0.26176628 -0.26176628 -0.26176628 -0.26176628 -0.26176628 -0.26176628
 -0.26176628 -0.26176628 -0.26176628 -0.26176628 -0.26176628 -0.26176628
 -0.26176628 -0.26176628 -0.26176628 -0.26176628 -0.26176628 -0.26176628
 -0.26176628 -0.26176628 -0.26176628 -0.26176628 -0.26176628 -0.26176628
 -0.26176628 -0.26176628 -0.26176628 -0.26176628 -0.26176628 -0.26176628
 -0.26176628 -0.26176628 -0.26176628 -0.26176628 -0.26176628 -0.26176628
 -0.26176628 -0.26176628 -0.26176628 -0.26176628 -0.26176628 -0.26176628
 -0.26176628 -0.26176628 -0.26176628 -0.26176628 -0.26176628 -0.26176628
 -0.26176628 -0.26176628 -0.26176628 -0.26176628 -0.26176628  3.40053602
 -0.26176628 -0.26176628 -0.26176628 -0.26176628 -0.26176628 -0.26176628
 -0.26176628 -0.26176628 -0.26176628 -0.26176628 -0.26176628 -0.26176628
 -0.26176628 -0.26176628 -0.26176628 -0.26176628 -0.26176628 -0.26176628
 -0.26176628 -0.26176628 -0.26176628 -0.26176628 -0.26176628 -0.26176628
  0.07776447 -0.26176628  6.6358871  -0.26176628 -0.26176628 -0.26176628
 -0.26176628  3.73089294  4.39354676 -0.26176628 -0.26176628 -0.26176628
 -0.26176628 -0.26176628 -0.26176628 -0.26176628  4.70993396 -0.26176628
 -0.26176628 -0.26176628 -0.26176628 -0.26176628 -0.26176628 -0.26176628
 -0.26176628 -0.26176628 -0.26176628 -0.26176628 -0.26176628 -0.26176628
 -0.26176628 -0.26176628 -0.26176628 -0.26176628 -0.26176628 -0.26176628
 -0.26176628 -0.26176628 -0.26176628 -0.26176628 -0.26176628 -0.26176628
 -0.26176628 -0.26176628 -0.26176628 -0.26176628 -0.26176628 -0.26176628
 -0.26176628 -0.26176628 -0.26176628 -0.26176628 -0.26176628 -0.26176628
 -0.26176628  1.54381507 -0.26176628 -0.26176628 -0.26176628 -0.26176628
 -0.26176628 -0.26176628 -0.26176628 -0.26176628 -0.26176628 -0.26176628
 -0.26176628 -0.26176628 -0.26176628 -0.26176628 -0.26176628 -0.26176628
 -0.26176628 -0.26176628 -0.26176628 -0.26176628 -0.26176628 -0.26176628
 -0.26176628 -0.26176628 -0.26176628 -0.26176628 -0.26176628 -0.26176628
 -0.26176628 -0.26176628 -0.26176628 -0.26176628 -0.26176628 -0.26176628
 -0.26176628 -0.26176628 -0.26176628 -0.26176628 -0.26176628 -0.26176628
 -0.26176628 -0.26176628 -0.26176628 -0.26176628 -0.26176628 -0.26176628
  2.37805183 -0.26176628  0.38524358 -0.26176628 -0.26176628 -0.26176628
 -0.26176628 -0.26176628 -0.26176628 -0.26176628 -0.26176628 -0.26176628
 -0.26176628 -0.26176628 -0.26176628 -0.26176628 -0.26176628 -0.26176628
 -0.26176628 -0.26176628 -0.26176628 -0.26176628 -0.26176628 -0.26176628
 -0.26176628  3.73121194 -0.26176628  2.30669286  4.39283786 -0.26176628
  2.78266459  0.51543269 -0.26176628 -0.26176628 -0.26176628 -0.26176628
 -0.26176628 -0.26176628  4.32910249  3.79739342 -0.26176628  3.44107425
 -0.26176628 -0.26176628  2.33373492  4.00797428 -0.26176628 -0.26176628
 -0.26176628 -0.26176628  4.35794495  2.7060463  -0.26176628  2.75151427
 -0.26176628 -0.26176628 -0.26176628 -0.26176628  2.60848455 -0.26176628
  2.50563965 -0.26176628  4.98303578 -0.26176628  2.07571157  6.18265802
 -0.26176628  1.93654877 -0.26176628 -0.26176628 -0.26176628 -0.26176628
 -0.26176628  3.03182783 -0.26176628 -0.26176628 -0.26176628  3.40053602
 -0.26176628 -0.26176628 -0.26176628 -0.26176628 -0.26176628 -0.26176628
 -0.26176628 -0.26176628 -0.26176628 -0.26176628 -0.26176628  3.35823854
 -0.26176628 -0.26176628 -0.26176628 -0.26176628 -0.26176628 -0.26176628
 -0.26176628 -0.26176628 -0.26176628 -0.26176628 -0.26176628  0.93512146
 -0.26176628 -0.26176628 -0.26176628 -0.26176628 -0.26176628 -0.26176628
 -0.26176628 -0.26176628 -0.26176628 -0.26176628 -0.26176628 -0.26176628
 -0.26176628 -0.26176628 -0.26176628 -0.26176628 -0.26176628 -0.26176628
 -0.26176628 -0.26176628 -0.26176628 -0.26176628 -0.26176628 -0.26176628
 -0.26176628 -0.26176628 -0.26176628 -0.26176628 -0.26176628 -0.26176628
 -0.26176628 -0.26176628 -0.26176628 -0.26176628 -0.26176628 -0.26176628
 -0.26176628 -0.26176628 -0.26176628 -0.26176628 -0.26176628 -0.26176628
 -0.26176628 -0.26176628 -0.26176628 -0.26176628 -0.26176628 -0.26176628
 -0.26176628 -0.26176628 -0.26176628 -0.26176628 -0.26176628 -0.26176628
 -0.26176628 -0.26176628 -0.26176628 -0.26176628 -0.26176628 -0.26176628
 -0.26176628 -0.26176628 -0.26176628 -0.26176628 -0.26176628 -0.26176628
 -0.26176628 -0.26176628 -0.26176628 -0.26176628 -0.26176628 -0.26176628
 -0.26176628 -0.26176628 -0.26176628 -0.26176628 -0.26176628 -0.26176628
 -0.26176628 -0.26176628 -0.26176628 -0.26176628 -0.26176628 -0.26176628
 -0.26176628 -0.26176628 -0.26176628 -0.26176628 -0.26176628 -0.26176628
 -0.26176628 -0.26176628 -0.26176628 -0.26176628 -0.26176628 -0.26176628
 -0.26176628 -0.26176628 -0.26176628 -0.26176628 -0.26176628 -0.26176628
 -0.26176628 -0.26176628 -0.26176628 -0.26176628 -0.26176628 -0.26176628
 -0.26176628 -0.26176628 -0.26176628 -0.26176628  5.59923475 -0.26176628
 -0.26176628 -0.26176628 -0.26176628 -0.26176628 -0.26176628 -0.26176628
 -0.26176628 -0.26176628 -0.26176628 -0.26176628 -0.26176628 -0.26176628
 -0.26176628 -0.26176628 -0.26176628 -0.26176628 -0.26176628 -0.26176628
  3.72941708 -0.26176628 -0.26176628 -0.26176628 -0.26176628 -0.26176628
 -0.26176628 -0.26176628 -0.26176628 -0.26176628 -0.26176628 -0.26176628
 -0.26176628 -0.26176628 -0.26176628 -0.26176628 -0.26176628 -0.26176628
 -0.26176628 -0.26176628  3.56138893 -0.26176628 -0.26176628 -0.26176628
 -0.26176628 -0.26176628 -0.26176628 -0.26176628 -0.26176628 -0.26176628
 -0.26176628 -0.26176628 -0.26176628 -0.26176628 -0.26176628 -0.26176628
 -0.26176628 -0.26176628 -0.26176628 -0.26176628 -0.26176628 -0.26176628
 -0.26176628  4.42463091  3.08569811 -0.26176628 -0.26176628 -0.26176628
 -0.26176628 -0.26176628 -0.26176628 -0.26176628 -0.26176628 -0.26176628
 -0.26176628 -0.26176628 -0.26176628 -0.26176628 -0.26176628 -0.26176628
 -0.26176628 -0.26176628 -0.26176628 -0.26176628 -0.26176628 -0.26176628
 -0.26176628 -0.26176628 -0.26176628 -0.26176628 -0.26176628 -0.26176628
 -0.26176628 -0.26176628  2.76240905 -0.26176628]",[0.006666590196072575]
15,"[-0.1856944  -0.1856944  -0.1856944  -0.1856944  -0.1856944  -0.1856944
 -0.1856944  -0.1856944  -0.1856944  -0.1856944  -0.1856944  -0.1856944
 -0.1856944  -0.1856944  -0.1856944  -0.1856944  -0.1856944  -0.1856944
  1.91856654 -0.1856944  -0.1856944  -0.1856944  -0.1856944  -0.1856944
 -0.1856944  -0.1856944  -0.1856944  -0.1856944  -0.1856944  -0.1856944
 -0.1856944  -0.1856944  -0.1856944  -0.1856944  -0.1856944  -0.1856944
 -0.1856944  -0.1856944  -0.1856944  -0.1856944  -0.1856944  -0.1856944
 -0.1856944  -0.1856944  -0.1856944  -0.1856944  -0.1856944  -0.1856944
 -0.1856944  -0.1856944  -0.1856944  -0.1856944  -0.1856944  -0.1856944
 -0.1856944  -0.1856944  -0.1856944  -0.1856944  -0.1856944  -0.1856944
 -0.1856944  -0.1856944  -0.1856944  -0.1856944  -0.1856944  -0.1856944
 -0.1856944  -0.1856944  -0.1856944  -0.1856944  -0.1856944  -0.1856944
 -0.1856944  -0.1856944  -0.1856944  -0.1856944  -0.1856944  -0.1856944
 -0.1856944  -0.1856944  -0.1856944  -0.1856944  -0.1856944  -0.1856944
 -0.1856944  -0.1856944  -0.1856944  -0.1856944   1.0762903  -0.1856944
 -0.1856944  -0.1856944  -0.1856944  -0.1856944  -0.1856944  -0.1856944
 -0.1856944  -0.1856944  -0.1856944  -0.1856944  -0.1856944  -0.1856944
 -0.1856944  -0.1856944  -0.1856944  -0.1856944  -0.1856944  -0.1856944
 -0.1856944  -0.1856944   0.59361926 -0.1856944  -0.1856944  -0.1856944
 -0.1856944  -0.1856944  -0.1856944  -0.1856944  -0.1856944  -0.1856944
 -0.1856944  -0.1856944  -0.1856944  -0.1856944  -0.1856944  -0.1856944
 -0.1856944  -0.1856944  -0.1856944  -0.1856944  -0.1856944  -0.1856944
 -0.1856944  -0.1856944  -0.1856944  -0.1856944  -0.1856944  -0.1856944
 -0.1856944  -0.1856944  -0.1856944  -0.1856944  -0.1856944  -0.1856944
 -0.1856944  -0.1856944  -0.1856944  -0.1856944  -0.1856944  -0.1856944
 -0.1856944  -0.1856944  -0.1856944  -0.1856944  -0.1856944  -0.1856944
 -0.1856944  -0.1856944  -0.1856944  -0.1856944  -0.1856944  -0.1856944
 -0.1856944  -0.1856944  -0.1856944  -0.1856944  -0.1856944  -0.1856944
 -0.1856944  -0.1856944  -0.1856944  -0.1856944  -0.1856944  -0.1856944
 -0.1856944  -0.1856944  -0.1856944  -0.1856944  -0.1856944  -0.1856944
 -0.1856944  -0.1856944  -0.1856944  -0.1856944  -0.1856944  -0.1856944
 -0.1856944  -0.1856944  -0.1856944  -0.1856944  -0.1856944  -0.1856944
 -0.1856944  -0.1856944  -0.1856944  -0.1856944  -0.1856944  -0.1856944
 -0.1856944  -0.1856944   5.5436945  -0.1856944  -0.1856944  -0.1856944
 -0.1856944  -0.1856944  -0.1856944  -0.1856944  -0.1856944  -0.1856944
  3.14971393 -0.1856944   1.08963507 -0.1856944  -0.1856944   1.5803946
 -0.1856944  -0.1856944  -0.1856944  -0.1856944  -0.1856944  -0.1856944
 -0.1856944  -0.1856944  -0.1856944  -0.1856944  -0.1856944  -0.1856944
 -0.1856944  -0.1856944  -0.1856944  -0.1856944  -0.1856944  -0.1856944
 -0.1856944   4.18587351 -0.1856944  -0.1856944  -0.1856944  -0.1856944
  5.91849971 -0.1856944  -0.1856944  -0.1856944  -0.1856944  -0.1856944
 -0.1856944  -0.1856944  -0.1856944  -0.1856944  -0.1856944  -0.1856944
 -0.1856944  -0.1856944  -0.1856944  -0.1856944  -0.1856944  -0.1856944
 -0.1856944  -0.1856944  -0.1856944   5.68116377 -0.1856944   0.25187885
 -0.1856944  -0.1856944  -0.1856944  -0.1856944  -0.1856944  -0.1856944
 -0.1856944  -0.1856944  -0.1856944  -0.1856944   4.98227664 -0.1856944
 -0.1856944  -0.1856944  -0.1856944  -0.1856944  -0.1856944  -0.1856944
 -0.1856944   6.23740587 -0.1856944  -0.1856944  -0.1856944   7.77186439
 -0.1856944  -0.1856944  -0.1856944  -0.1856944  -0.1856944  -0.1856944
 -0.1856944  -0.1856944  -0.1856944  -0.1856944  -0.1856944  -0.1856944
 -0.1856944  -0.1856944  -0.1856944  -0.1856944  -0.1856944  -0.1856944
 -0.1856944  -0.1856944  -0.1856944  -0.1856944  -0.1856944   5.2860216
 -0.1856944   0.63728023 -0.1856944   1.03110572 -0.1856944  -0.1856944
 -0.1856944  -0.1856944  -0.1856944  -0.1856944  -0.1856944  -0.1856944
 -0.1856944  -0.1856944  -0.1856944  -0.1856944  -0.1856944  -0.1856944
 -0.1856944  -0.1856944  -0.1856944  -0.1856944  -0.1856944  -0.1856944
 -0.1856944  -0.1856944  -0.1856944  -0.1856944  -0.1856944  -0.1856944
 -0.1856944  -0.1856944  -0.1856944  -0.1856944  -0.1856944  -0.1856944
 -0.1856944  -0.1856944  -0.1856944  -0.1856944  -0.1856944  -0.1856944
 -0.1856944  -0.1856944  -0.1856944  -0.1856944  -0.1856944  -0.1856944
 -0.1856944  -0.1856944  -0.1856944  -0.1856944  -0.1856944  -0.1856944
 -0.1856944  -0.1856944  -0.1856944  -0.1856944  -0.1856944  -0.1856944
 -0.1856944  -0.1856944  -0.1856944  -0.1856944  -0.1856944  -0.1856944
 -0.1856944  -0.1856944  -0.1856944  -0.1856944  -0.1856944  -0.1856944
 -0.1856944  -0.1856944  -0.1856944  -0.1856944  -0.1856944  -0.1856944
 -0.1856944  -0.1856944  -0.1856944  -0.1856944  -0.1856944  -0.1856944
 -0.1856944  -0.1856944  -0.1856944  -0.1856944  -0.1856944  -0.1856944
 -0.1856944  -0.1856944  -0.1856944  -0.1856944  -0.1856944  -0.1856944
 -0.1856944  -0.1856944  -0.1856944  -0.1856944  -0.1856944  -0.1856944
 -0.1856944  -0.1856944  -0.1856944  -0.1856944  -0.1856944  -0.1856944
 -0.1856944  -0.1856944  -0.1856944  -0.1856944  -0.1856944  -0.1856944
 -0.1856944  -0.1856944  -0.1856944  -0.1856944  -0.1856944  -0.1856944
 -0.1856944  -0.1856944  -0.1856944  -0.1856944  -0.1856944  -0.1856944
 -0.1856944  -0.1856944  -0.1856944  -0.1856944  -0.1856944  -0.1856944
 -0.1856944  -0.1856944  -0.1856944  -0.1856944  -0.1856944  -0.1856944
 -0.1856944  -0.1856944  -0.1856944  -0.1856944  -0.1856944  -0.1856944
 -0.1856944  -0.1856944  -0.1856944  -0.1856944  -0.1856944  -0.1856944
 -0.1856944  -0.1856944   7.47308934 -0.1856944   6.19246971 -0.1856944
  6.89862441 -0.1856944  -0.1856944  -0.1856944   5.24660352  4.6210023
 -0.1856944  -0.1856944  -0.1856944  -0.1856944  -0.1856944  -0.1856944
 -0.1856944  -0.1856944  -0.1856944  -0.1856944  -0.1856944  -0.1856944
 -0.1856944   4.92304062 -0.1856944  -0.1856944  -0.1856944  -0.1856944
 -0.1856944  -0.1856944  -0.1856944  -0.1856944  -0.1856944  -0.1856944
 -0.1856944  -0.1856944  -0.1856944  -0.1856944  -0.1856944  -0.1856944
 -0.1856944  -0.1856944  -0.1856944  -0.1856944  -0.1856944  -0.1856944
 -0.1856944  -0.1856944  -0.1856944  -0.1856944  -0.1856944  -0.1856944
 -0.1856944  -0.1856944  -0.1856944  -0.1856944 ]",[-0.016551829672688423]
15,"[-0.22699316 -0.22699316 -0.22699316 -0.22699316 -0.22699316 -0.22699316
 -0.22699316 -0.22699316 -0.22699316 -0.22699316 -0.22699316 -0.22699316
 -0.22699316 -0.22699316 -0.22699316 -0.22699316 -0.22699316 -0.22699316
  0.57160369 -0.22699316 -0.22699316 -0.22699316 -0.22699316 -0.22699316
 -0.22699316 -0.22699316 -0.22699316  0.15733523 -0.22699316 -0.22699316
 -0.22699316 -0.22699316 -0.22699316 -0.22699316 -0.22699316 -0.22699316
 -0.22699316 -0.22699316 -0.22699316 -0.22699316 -0.22699316 -0.22699316
 -0.22699316 -0.22699316 -0.22699316 -0.22699316 -0.22699316 -0.22699316
 -0.22699316 -0.22699316 -0.22699316 -0.22699316 -0.22699316 -0.22699316
 -0.22699316 -0.22699316 -0.22699316 -0.22699316 -0.22699316 -0.22699316
 -0.22699316 -0.22699316 -0.22699316 -0.22699316 -0.22699316 -0.22699316
 -0.22699316 -0.22699316 -0.22699316 -0.22699316 -0.22699316 -0.22699316
 -0.22699316 -0.22699316 -0.22699316 -0.22699316 -0.22699316 -0.22699316
 -0.22699316 -0.22699316 -0.22699316 -0.22699316 -0.22699316  7.15006913
 -0.22699316 -0.22699316 -0.22699316 -0.22699316 -0.22699316  2.59949191
 -0.22699316 -0.22699316 -0.22699316 -0.22699316 -0.22699316 -0.22699316
 -0.22699316 -0.22699316 -0.22699316 -0.22699316 -0.22699316 -0.22699316
 -0.22699316 -0.22699316 -0.22699316 -0.22699316 -0.22699316 -0.22699316
 -0.22699316 -0.22699316  5.47578849 -0.22699316 -0.22699316 -0.22699316
 -0.22699316 -0.22699316  4.74006635 -0.22699316 -0.22699316 -0.22699316
 -0.22699316 -0.22699316 -0.22699316 -0.22699316 -0.22699316 -0.22699316
 -0.22699316 -0.22699316 -0.22699316 -0.22699316 -0.22699316 -0.22699316
 -0.22699316 -0.22699316 -0.22699316 -0.22699316 -0.22699316 -0.22699316
 -0.22699316 -0.22699316 -0.22699316 -0.22699316 -0.22699316 -0.22699316
 -0.22699316 -0.22699316 -0.22699316 -0.22699316 -0.22699316 -0.22699316
 -0.22699316 -0.22699316 -0.22699316 -0.22699316 -0.22699316 -0.22699316
 -0.22699316 -0.22699316 -0.22699316 -0.22699316 -0.22699316 -0.22699316
 -0.22699316 -0.22699316 -0.22699316 -0.22699316 -0.22699316 -0.22699316
 -0.22699316 -0.22699316 -0.22699316 -0.22699316 -0.22699316 -0.22699316
 -0.22699316 -0.22699316 -0.22699316 -0.22699316 -0.22699316 -0.22699316
 -0.22699316 -0.22699316 -0.22699316 -0.22699316 -0.22699316 -0.22699316
 -0.22699316 -0.22699316 -0.22699316 -0.22699316 -0.22699316 -0.22699316
 -0.22699316 -0.22699316  2.88300326 -0.22699316 -0.22699316 -0.22699316
 -0.22699316 -0.22699316 -0.22699316 -0.22699316 -0.22699316 -0.22699316
 -0.22699316 -0.22699316 -0.22699316 -0.22699316 -0.22699316 -0.22699316
  4.1241094  -0.22699316 -0.22699316 -0.22699316 -0.22699316  0.03256887
 -0.22699316 -0.22699316 -0.22699316 -0.22699316 -0.22699316 -0.22699316
 -0.22699316 -0.22699316 -0.22699316 -0.22699316 -0.22699316 -0.22699316
 -0.22699316 -0.22699316 -0.22699316 -0.22699316 -0.22699316 -0.22699316
 -0.22699316  3.72536661 -0.22699316  4.31967394  3.91455753 -0.22699316
  2.77771836  1.41738317  2.34703307  2.77771836 -0.22699316 -0.22699316
 -0.22699316 -0.22699316 -0.22699316 -0.22699316 -0.22699316  4.96767309
 -0.22699316 -0.22699316 -0.22699316  4.21644524 -0.22699316 -0.22699316
 -0.22699316 -0.22699316 -0.22699316 -0.22699316 -0.22699316  2.39229911
 -0.22699316 -0.22699316 -0.22699316  2.59949191 -0.22699316 -0.22699316
 -0.22699316 -0.22699316  6.11391428 -0.22699316  1.04626587  6.12410007
 -0.22699316 -0.22699316 -0.22699316 -0.22699316 -0.22699316 -0.22699316
 -0.22699316  0.4165134  -0.22699316 -0.22699316 -0.22699316  1.91909107
 -0.22699316 -0.22699316 -0.22699316 -0.22699316 -0.22699316 -0.22699316
 -0.22699316 -0.22699316 -0.22699316 -0.22699316 -0.22699316 -0.22699316
 -0.22699316 -0.22699316 -0.22699316 -0.22699316  3.54195983 -0.22699316
  4.4462125  -0.22699316 -0.22699316 -0.22699316 -0.22699316  4.9751033
 -0.22699316  1.53426215 -0.22699316  0.93605159 -0.22699316 -0.22699316
 -0.22699316 -0.22699316 -0.22699316 -0.22699316 -0.22699316 -0.22699316
 -0.22699316 -0.22699316 -0.22699316 -0.22699316 -0.22699316 -0.22699316
 -0.22699316 -0.22699316 -0.22699316 -0.22699316 -0.22699316 -0.22699316
 -0.22699316 -0.22699316 -0.22699316 -0.22699316 -0.22699316 -0.22699316
 -0.22699316 -0.22699316 -0.22699316 -0.22699316 -0.22699316 -0.22699316
 -0.22699316 -0.22699316 -0.22699316 -0.22699316 -0.22699316 -0.22699316
 -0.22699316 -0.22699316 -0.22699316 -0.22699316 -0.22699316 -0.22699316
 -0.22699316 -0.22699316 -0.22699316 -0.22699316 -0.22699316 -0.22699316
 -0.22699316 -0.22699316 -0.22699316 -0.22699316 -0.22699316 -0.22699316
 -0.22699316 -0.22699316 -0.22699316 -0.22699316 -0.22699316 -0.22699316
 -0.22699316 -0.22699316 -0.22699316 -0.22699316 -0.22699316 -0.22699316
 -0.22699316 -0.22699316 -0.22699316 -0.22699316 -0.22699316 -0.22699316
 -0.22699316 -0.22699316 -0.22699316 -0.22699316 -0.22699316 -0.22699316
 -0.22699316 -0.22699316 -0.22699316 -0.22699316 -0.22699316 -0.22699316
 -0.22699316 -0.22699316 -0.22699316 -0.22699316 -0.22699316 -0.22699316
 -0.22699316 -0.22699316 -0.22699316 -0.22699316 -0.22699316 -0.22699316
 -0.22699316 -0.22699316 -0.22699316 -0.22699316 -0.22699316 -0.22699316
 -0.22699316 -0.22699316 -0.22699316 -0.22699316 -0.22699316  6.09440808
 -0.22699316 -0.22699316 -0.22699316 -0.22699316 -0.22699316 -0.22699316
 -0.22699316 -0.22699316 -0.22699316 -0.22699316 -0.22699316 -0.22699316
 -0.22699316 -0.22699316 -0.22699316 -0.22699316 -0.22699316 -0.22699316
 -0.22699316 -0.22699316 -0.22699316 -0.22699316 -0.22699316 -0.22699316
 -0.22699316 -0.22699316 -0.22699316 -0.22699316 -0.22699316 -0.22699316
 -0.22699316 -0.22699316 -0.22699316 -0.22699316 -0.22699316 -0.22699316
 -0.22699316 -0.22699316  6.47798066 -0.22699316 -0.22699316 -0.22699316
 -0.22699316 -0.22699316 -0.22699316 -0.22699316 -0.22699316 -0.22699316
 -0.22699316 -0.22699316 -0.22699316 -0.22699316 -0.22699316 -0.22699316
 -0.22699316 -0.22699316 -0.22699316 -0.22699316 -0.22699316 -0.22699316
 -0.22699316  3.73040944 -0.22699316 -0.22699316 -0.22699316 -0.22699316
 -0.22699316 -0.22699316 -0.22699316 -0.22699316 -0.22699316 -0.22699316
 -0.22699316 -0.22699316 -0.22699316 -0.22699316 -0.22699316 -0.22699316
 -0.22699316 -0.22699316 -0.22699316 -0.22699316 -0.22699316 -0.22699316
 -0.22699316 -0.22699316 -0.22699316 -0.22699316 -0.22699316 -0.22699316
 -0.22699316 -0.22699316 -0.22699316 -0.22699316]",[-0.014907534363576752]
15,"[-0.23454091 -0.23454091 -0.23454091 -0.23454091 -0.23454091 -0.23454091
 -0.23454091 -0.23454091 -0.23454091 -0.23454091 -0.23454091 -0.23454091
 -0.23454091 -0.23454091 -0.23454091 -0.23454091 -0.23454091 -0.23454091
 -0.23454091 -0.23454091 -0.23454091 -0.23454091 -0.23454091 -0.23454091
 -0.23454091 -0.23454091 -0.23454091 -0.23454091 -0.23454091 -0.23454091
 -0.23454091 -0.23454091 -0.23454091 -0.23454091 -0.23454091 -0.23454091
 -0.23454091 -0.23454091 -0.23454091 -0.23454091 -0.23454091 -0.23454091
 -0.23454091 -0.23454091 -0.23454091 -0.23454091 -0.23454091 -0.23454091
 -0.23454091 -0.23454091 -0.23454091 -0.23454091 -0.23454091 -0.23454091
 -0.23454091 -0.23454091 -0.23454091 -0.23454091 -0.23454091 -0.23454091
 -0.23454091 -0.23454091 -0.23454091 -0.23454091 -0.23454091 -0.23454091
 -0.23454091 -0.23454091 -0.23454091 -0.23454091 -0.23454091 -0.23454091
 -0.23454091 -0.23454091 -0.23454091 -0.23454091 -0.23454091 -0.23454091
 -0.23454091 -0.23454091 -0.23454091 -0.23454091 -0.23454091  1.97850935
 -0.23454091 -0.23454091 -0.23454091 -0.23454091 -0.23454091  1.4536698
 -0.23454091 -0.23454091 -0.23454091 -0.23454091 -0.23454091 -0.23454091
 -0.23454091 -0.23454091 -0.23454091 -0.23454091 -0.23454091 -0.23454091
 -0.23454091 -0.23454091 -0.23454091 -0.23454091  0.86151719 -0.23454091
 -0.23454091 -0.23454091  6.16504479 -0.23454091 -0.23454091  2.97710266
 -0.23454091 -0.23454091  4.1739264  -0.23454091 -0.23454091 -0.23454091
 -0.23454091 -0.23454091 -0.23454091 -0.23454091  0.78057627 -0.23454091
 -0.23454091 -0.23454091 -0.23454091 -0.23454091 -0.23454091 -0.23454091
 -0.23454091 -0.23454091 -0.23454091 -0.23454091 -0.23454091 -0.23454091
 -0.23454091 -0.23454091 -0.23454091 -0.23454091 -0.23454091 -0.23454091
 -0.23454091 -0.23454091 -0.23454091 -0.23454091 -0.23454091 -0.23454091
 -0.23454091 -0.23454091 -0.23454091 -0.23454091 -0.23454091 -0.23454091
 -0.23454091 -0.23454091 -0.23454091 -0.23454091 -0.23454091 -0.23454091
 -0.23454091 -0.23454091 -0.23454091 -0.23454091 -0.23454091 -0.23454091
 -0.23454091 -0.23454091 -0.23454091 -0.23454091 -0.23454091 -0.23454091
 -0.23454091 -0.23454091 -0.23454091 -0.23454091 -0.23454091 -0.23454091
 -0.23454091 -0.23454091 -0.23454091 -0.23454091 -0.23454091 -0.23454091
 -0.23454091 -0.23454091 -0.23454091 -0.23454091 -0.23454091 -0.23454091
 -0.23454091 -0.23454091 -0.23454091 -0.23454091 -0.23454091 -0.23454091
 -0.23454091 -0.23454091 -0.23454091 -0.23454091 -0.23454091  0.16681677
 -0.23454091 -0.23454091 -0.23454091 -0.23454091 -0.23454091  2.74467885
  1.31993349 -0.23454091  0.35733016 -0.23454091 -0.23454091  0.35270476
 -0.23454091 -0.23454091 -0.23454091 -0.23454091 -0.23454091 -0.23454091
 -0.23454091 -0.23454091 -0.23454091 -0.23454091 -0.23454091 -0.23454091
 -0.23454091 -0.23454091 -0.23454091 -0.23454091 -0.23454091 -0.23454091
 -0.23454091  0.59795305 -0.23454091  4.01047207  4.01889449 -0.23454091
  3.32035484 -0.23454091 -0.23454091 -0.23454091 -0.23454091 -0.23454091
 -0.23454091 -0.23454091 -0.23454091 -0.23454091 -0.23454091 -0.23454091
 -0.23454091 -0.23454091 -0.23454091 -0.23454091  1.5459621  -0.23454091
 -0.23454091 -0.23454091 -0.23454091  1.31993349 -0.23454091  0.17115983
 -0.23454091 -0.23454091 -0.23454091 -0.23454091 -0.23454091 -0.23454091
 -0.23454091 -0.23454091  4.83530571 -0.23454091  3.63287332 -0.23454091
 -0.23454091 -0.23454091 -0.23454091 -0.23454091 -0.23454091 -0.23454091
  2.27305512  1.67170233 -0.23454091 -0.23454091 -0.23454091  5.45469854
 -0.23454091 -0.23454091 -0.23454091 -0.23454091 -0.23454091 -0.23454091
 -0.23454091  5.46655632 -0.23454091 -0.23454091 -0.23454091 -0.23454091
  1.53259406 -0.23454091 -0.23454091 -0.23454091  5.58959299 -0.23454091
  4.29915326 -0.23454091 -0.23454091 -0.23454091 -0.23454091  1.72956167
 -0.23454091  0.36681187 -0.23454091 -0.23454091 -0.23454091 -0.23454091
 -0.23454091 -0.23454091 -0.23454091 -0.23454091 -0.23454091 -0.23454091
 -0.23454091 -0.23454091 -0.23454091 -0.23454091 -0.23454091 -0.23454091
 -0.23454091 -0.23454091 -0.23454091 -0.23454091 -0.23454091 -0.23454091
 -0.23454091 -0.23454091 -0.23454091 -0.23454091 -0.23454091 -0.23454091
 -0.23454091 -0.23454091 -0.23454091 -0.23454091 -0.23454091 -0.23454091
 -0.23454091 -0.23454091 -0.23454091 -0.23454091 -0.23454091 -0.23454091
 -0.23454091 -0.23454091 -0.23454091 -0.23454091 -0.23454091 -0.23454091
 -0.23454091 -0.23454091 -0.23454091 -0.23454091 -0.23454091 -0.23454091
 -0.23454091 -0.23454091 -0.23454091 -0.23454091 -0.23454091 -0.23454091
 -0.23454091 -0.23454091 -0.23454091 -0.23454091 -0.23454091 -0.23454091
 -0.23454091 -0.23454091 -0.23454091 -0.23454091 -0.23454091 -0.23454091
 -0.23454091 -0.23454091 -0.23454091 -0.23454091 -0.23454091 -0.23454091
 -0.23454091 -0.23454091 -0.23454091 -0.23454091 -0.23454091 -0.23454091
 -0.23454091 -0.23454091 -0.23454091 -0.23454091 -0.23454091 -0.23454091
 -0.23454091 -0.23454091 -0.23454091 -0.23454091 -0.23454091 -0.23454091
 -0.23454091 -0.23454091 -0.23454091 -0.23454091 -0.23454091 -0.23454091
 -0.23454091 -0.23454091 -0.23454091 -0.23454091 -0.23454091 -0.23454091
 -0.23454091 -0.23454091 -0.23454091 -0.23454091  1.62211348  4.7703255
 -0.23454091 -0.23454091 -0.23454091 -0.23454091 -0.23454091 -0.23454091
 -0.23454091 -0.23454091 -0.23454091 -0.23454091 -0.23454091 -0.23454091
 -0.23454091 -0.23454091 -0.23454091 -0.23454091 -0.23454091 -0.23454091
 -0.23454091 -0.23454091 -0.23454091 -0.23454091 -0.23454091 -0.23454091
 -0.23454091 -0.23454091 -0.23454091 -0.23454091  3.85130002 -0.23454091
 -0.23454091 -0.23454091 -0.23454091 -0.23454091 -0.23454091 -0.23454091
 -0.23454091 -0.23454091  4.24626567 -0.23454091 -0.23454091  3.76939313
  7.54061591 -0.23454091 -0.23454091 -0.23454091 -0.23454091 -0.23454091
 -0.23454091 -0.23454091 -0.23454091 -0.23454091 -0.23454091 -0.23454091
 -0.23454091 -0.23454091 -0.23454091 -0.23454091 -0.23454091 -0.23454091
 -0.23454091  4.85361753 -0.23454091 -0.23454091 -0.23454091 -0.23454091
 -0.23454091 -0.23454091 -0.23454091 -0.23454091 -0.23454091 -0.23454091
 -0.23454091 -0.23454091 -0.23454091 -0.23454091 -0.23454091 -0.23454091
 -0.23454091 -0.23454091 -0.23454091 -0.23454091 -0.23454091 -0.23454091
 -0.23454091 -0.23454091 -0.23454091 -0.23454091 -0.23454091 -0.23454091
 -0.23454091 -0.23454091  7.22664409 -0.23454091]",[-0.03980320085379227]
15,"[-0.1927446  -0.1927446  -0.1927446  -0.1927446  -0.1927446  -0.1927446
 -0.1927446  -0.1927446  -0.1927446  -0.1927446  -0.1927446  -0.1927446
 -0.1927446  -0.1927446  -0.1927446  -0.1927446  -0.1927446  -0.1927446
 -0.1927446  -0.1927446  -0.1927446  -0.1927446  -0.1927446  -0.1927446
 -0.1927446  -0.1927446  -0.1927446  -0.1927446  -0.1927446  -0.1927446
 -0.1927446  -0.1927446  -0.1927446  -0.1927446  -0.1927446  -0.1927446
 -0.1927446  -0.1927446  -0.1927446  -0.1927446  -0.1927446  -0.1927446
 -0.1927446  -0.1927446  -0.1927446  -0.1927446  -0.1927446  -0.1927446
 -0.1927446  -0.1927446  -0.1927446  -0.1927446  -0.1927446  -0.1927446
 -0.1927446  -0.1927446  -0.1927446  -0.1927446  -0.1927446  -0.1927446
 -0.1927446  -0.1927446  -0.1927446  -0.1927446  -0.1927446  -0.1927446
 -0.1927446  -0.1927446  -0.1927446  -0.1927446  -0.1927446  -0.1927446
 -0.1927446  -0.1927446  -0.1927446  -0.1927446  -0.1927446  -0.1927446
 -0.1927446  -0.1927446  -0.1927446  -0.1927446  -0.1927446   7.97793107
 -0.1927446  -0.1927446  -0.1927446  -0.1927446  -0.1927446  -0.1927446
 -0.1927446  -0.1927446  -0.1927446  -0.1927446  -0.1927446  -0.1927446
 -0.1927446  -0.1927446  -0.1927446  -0.1927446  -0.1927446  -0.1927446
 -0.1927446  -0.1927446  -0.1927446  -0.1927446  -0.1927446  -0.1927446
 -0.1927446  -0.1927446   7.78276235 -0.1927446   6.6752418  -0.1927446
 -0.1927446  -0.1927446  -0.1927446  -0.1927446  -0.1927446  -0.1927446
 -0.1927446  -0.1927446  -0.1927446   0.93354149 -0.1927446  -0.1927446
 -0.1927446  -0.1927446  -0.1927446  -0.1927446  -0.1927446  -0.1927446
 -0.1927446  -0.1927446  -0.1927446  -0.1927446  -0.1927446  -0.1927446
 -0.1927446  -0.1927446  -0.1927446  -0.1927446  -0.1927446  -0.1927446
 -0.1927446  -0.1927446  -0.1927446  -0.1927446  -0.1927446  -0.1927446
 -0.1927446  -0.1927446  -0.1927446  -0.1927446  -0.1927446  -0.1927446
 -0.1927446  -0.1927446  -0.1927446  -0.1927446  -0.1927446  -0.1927446
 -0.1927446  -0.1927446  -0.1927446  -0.1927446  -0.1927446  -0.1927446
 -0.1927446  -0.1927446  -0.1927446  -0.1927446  -0.1927446  -0.1927446
 -0.1927446  -0.1927446  -0.1927446  -0.1927446  -0.1927446  -0.1927446
 -0.1927446  -0.1927446  -0.1927446  -0.1927446  -0.1927446  -0.1927446
 -0.1927446  -0.1927446  -0.1927446  -0.1927446  -0.1927446  -0.1927446
 -0.1927446  -0.1927446  -0.1927446  -0.1927446  -0.1927446  -0.1927446
 -0.1927446  -0.1927446  -0.1927446  -0.1927446  -0.1927446  -0.1927446
 -0.1927446  -0.1927446  -0.1927446  -0.1927446  -0.1927446  -0.1927446
  4.19310402 -0.1927446   0.24241206 -0.1927446  -0.1927446   0.52517628
 -0.1927446  -0.1927446  -0.1927446  -0.1927446  -0.1927446  -0.1927446
 -0.1927446  -0.1927446  -0.1927446  -0.1927446  -0.1927446  -0.1927446
 -0.1927446  -0.1927446  -0.1927446  -0.1927446  -0.1927446  -0.1927446
 -0.1927446   3.80638162 -0.1927446   2.84118456  4.50278498 -0.1927446
  4.6274544  -0.1927446  -0.1927446  -0.1927446  -0.1927446  -0.1927446
 -0.1927446  -0.1927446  -0.1927446  -0.1927446  -0.1927446  -0.1927446
 -0.1927446  -0.1927446  -0.1927446  -0.1927446  -0.1927446  -0.1927446
 -0.1927446  -0.1927446   2.85302199  1.87113051 -0.1927446   0.40612084
 -0.1927446  -0.1927446  -0.1927446  -0.1927446  -0.1927446  -0.1927446
 -0.1927446  -0.1927446   1.04204168 -0.1927446   2.55610833 -0.1927446
 -0.1927446  -0.1927446  -0.1927446  -0.1927446  -0.1927446  -0.1927446
 -0.1927446   2.21347107 -0.1927446  -0.1927446  -0.1927446   5.57960335
  3.80193412 -0.1927446  -0.1927446  -0.1927446  -0.1927446  -0.1927446
 -0.1927446  -0.1927446  -0.1927446  -0.1927446  -0.1927446  -0.1927446
 -0.1927446  -0.1927446  -0.1927446  -0.1927446   6.44312625 -0.1927446
 -0.1927446  -0.1927446  -0.1927446  -0.1927446  -0.1927446   4.19105394
 -0.1927446  -0.1927446  -0.1927446  -0.1927446  -0.1927446  -0.1927446
 -0.1927446  -0.1927446  -0.1927446  -0.1927446  -0.1927446  -0.1927446
 -0.1927446  -0.1927446  -0.1927446  -0.1927446  -0.1927446  -0.1927446
 -0.1927446  -0.1927446  -0.1927446  -0.1927446  -0.1927446  -0.1927446
 -0.1927446  -0.1927446  -0.1927446  -0.1927446  -0.1927446  -0.1927446
 -0.1927446  -0.1927446  -0.1927446  -0.1927446  -0.1927446  -0.1927446
 -0.1927446  -0.1927446  -0.1927446  -0.1927446  -0.1927446  -0.1927446
 -0.1927446  -0.1927446  -0.1927446  -0.1927446  -0.1927446  -0.1927446
 -0.1927446  -0.1927446  -0.1927446  -0.1927446  -0.1927446  -0.1927446
 -0.1927446  -0.1927446  -0.1927446  -0.1927446  -0.1927446  -0.1927446
 -0.1927446  -0.1927446  -0.1927446  -0.1927446  -0.1927446  -0.1927446
 -0.1927446  -0.1927446  -0.1927446  -0.1927446  -0.1927446  -0.1927446
 -0.1927446  -0.1927446  -0.1927446  -0.1927446  -0.1927446  -0.1927446
 -0.1927446  -0.1927446  -0.1927446  -0.1927446  -0.1927446  -0.1927446
 -0.1927446  -0.1927446  -0.1927446  -0.1927446  -0.1927446  -0.1927446
 -0.1927446  -0.1927446  -0.1927446  -0.1927446  -0.1927446  -0.1927446
 -0.1927446  -0.1927446  -0.1927446  -0.1927446  -0.1927446  -0.1927446
 -0.1927446  -0.1927446  -0.1927446  -0.1927446  -0.1927446  -0.1927446
 -0.1927446  -0.1927446  -0.1927446  -0.1927446  -0.1927446   5.73255198
 -0.1927446  -0.1927446  -0.1927446  -0.1927446  -0.1927446  -0.1927446
 -0.1927446  -0.1927446  -0.1927446  -0.1927446  -0.1927446  -0.1927446
 -0.1927446  -0.1927446  -0.1927446  -0.1927446  -0.1927446  -0.1927446
 -0.1927446  -0.1927446  -0.1927446  -0.1927446  -0.1927446  -0.1927446
 -0.1927446  -0.1927446  -0.1927446  -0.1927446  -0.1927446  -0.1927446
 -0.1927446  -0.1927446  -0.1927446  -0.1927446  -0.1927446  -0.1927446
 -0.1927446  -0.1927446   2.44280206 -0.1927446  -0.1927446  -0.1927446
 -0.1927446  -0.1927446  -0.1927446  -0.1927446  -0.1927446  -0.1927446
 -0.1927446  -0.1927446  -0.1927446  -0.1927446  -0.1927446  -0.1927446
 -0.1927446  -0.1927446  -0.1927446  -0.1927446  -0.1927446  -0.1927446
 -0.1927446   4.09007475 -0.1927446  -0.1927446  -0.1927446  -0.1927446
 -0.1927446  -0.1927446  -0.1927446  -0.1927446  -0.1927446  -0.1927446
 -0.1927446  -0.1927446  -0.1927446  -0.1927446  -0.1927446  -0.1927446
 -0.1927446  -0.1927446  -0.1927446  -0.1927446  -0.1927446  -0.1927446
 -0.1927446  -0.1927446  -0.1927446  -0.1927446  -0.1927446  -0.1927446
 -0.1927446  -0.1927446   8.07756082 -0.1927446 ]",[-0.013062880772032437]
15,"[-0.26907154 -0.26907154 -0.26907154 -0.26907154  0.75921127 -0.26907154
 -0.26907154 -0.26907154 -0.26907154 -0.26907154 -0.26907154 -0.26907154
 -0.26907154 -0.26907154 -0.26907154 -0.26907154 -0.26907154 -0.26907154
 -0.26907154 -0.26907154 -0.26907154 -0.26907154 -0.26907154 -0.26907154
 -0.26907154 -0.26907154 -0.26907154 -0.26907154 -0.26907154 -0.26907154
 -0.26907154 -0.26907154 -0.26907154 -0.26907154 -0.26907154 -0.26907154
 -0.26907154 -0.26907154 -0.26907154 -0.26907154 -0.26907154 -0.26907154
 -0.26907154 -0.26907154 -0.26907154 -0.26907154 -0.26907154 -0.26907154
 -0.26907154 -0.26907154 -0.26907154 -0.26907154 -0.26907154 -0.26907154
 -0.26907154 -0.26907154 -0.26907154 -0.26907154 -0.26907154 -0.26907154
 -0.26907154 -0.26907154 -0.26907154 -0.26907154 -0.26907154 -0.26907154
 -0.26907154 -0.26907154 -0.26907154 -0.26907154 -0.26907154 -0.26907154
 -0.26907154 -0.26907154 -0.26907154 -0.26907154 -0.26907154 -0.26907154
 -0.26907154 -0.26907154 -0.26907154 -0.26907154 -0.26907154  5.7245178
 -0.26907154 -0.26907154 -0.26907154 -0.26907154 -0.26907154  2.18310941
 -0.26907154 -0.26907154 -0.26907154 -0.26907154 -0.26907154 -0.26907154
 -0.26907154 -0.26907154 -0.26907154 -0.26907154 -0.26907154 -0.26907154
 -0.26907154 -0.26907154 -0.26907154 -0.26907154 -0.26907154 -0.26907154
 -0.26907154 -0.26907154  6.54272779 -0.26907154 -0.26907154 -0.26907154
 -0.26907154  3.66857709  5.50923214 -0.26907154 -0.26907154 -0.26907154
 -0.26907154 -0.26907154 -0.26907154 -0.26907154  4.46965863 -0.26907154
 -0.26907154 -0.26907154 -0.26907154 -0.26907154 -0.26907154 -0.26907154
 -0.26907154 -0.26907154 -0.26907154 -0.26907154 -0.26907154 -0.26907154
 -0.26907154 -0.26907154 -0.26907154 -0.26907154 -0.26907154 -0.26907154
 -0.26907154 -0.26907154 -0.26907154 -0.26907154 -0.26907154 -0.26907154
 -0.26907154 -0.26907154 -0.26907154 -0.26907154 -0.26907154 -0.26907154
 -0.26907154 -0.26907154 -0.26907154 -0.26907154 -0.26907154 -0.26907154
 -0.26907154 -0.15356289 -0.26907154 -0.26907154 -0.26907154 -0.26907154
 -0.26907154 -0.26907154 -0.26907154 -0.26907154 -0.26907154 -0.26907154
 -0.26907154 -0.26907154 -0.26907154 -0.26907154 -0.26907154 -0.26907154
 -0.26907154 -0.26907154 -0.26907154 -0.26907154 -0.26907154 -0.26907154
 -0.26907154 -0.26907154 -0.26907154 -0.26907154 -0.26907154 -0.26907154
 -0.26907154 -0.26907154 -0.26907154 -0.26907154 -0.26907154 -0.26907154
 -0.26907154 -0.26907154 -0.26907154 -0.26907154 -0.26907154 -0.26907154
 -0.26907154 -0.26907154 -0.26907154 -0.26907154 -0.26907154 -0.26907154
  3.0825141  -0.26907154  0.01090318 -0.26907154 -0.26907154  3.76610485
 -0.26907154 -0.26907154 -0.26907154 -0.26907154 -0.26907154 -0.26907154
 -0.26907154 -0.26907154 -0.26907154 -0.26907154 -0.26907154 -0.26907154
 -0.26907154 -0.26907154 -0.26907154 -0.26907154 -0.26907154 -0.26907154
 -0.26907154  2.03969417 -0.26907154  3.50432047  3.48701221 -0.26907154
  3.00952592  1.7729882   3.16130424 -0.26907154 -0.26907154 -0.26907154
 -0.26907154 -0.26907154 -0.26907154 -0.26907154 -0.26907154 -0.26907154
 -0.26907154 -0.26907154 -0.26907154  2.10051191  4.12552626 -0.26907154
 -0.26907154 -0.26907154  3.16440426  1.72054898 -0.26907154  1.23329701
 -0.26907154 -0.26907154 -0.26907154 -0.26907154 -0.26907154 -0.26907154
  4.08807593 -0.26907154  5.82938686 -0.26907154  3.15635876 -0.26907154
 -0.26907154  1.33479971 -0.26907154  1.67792863  3.46281372 -0.26907154
  2.64566983  0.61908438 -0.26907154 -0.26907154 -0.26907154  4.80373288
  1.26541085 -0.26907154 -0.26907154  0.86532452  1.57535625  2.52616521
 -0.26907154 -0.26907154  4.88363612 -0.26907154 -0.26907154 -0.26907154
 -0.26907154 -0.26907154 -0.26907154 -0.26907154 -0.26907154 -0.26907154
  2.43221965 -0.26907154 -0.26907154 -0.26907154 -0.26907154  2.48779017
 -0.26907154 -0.26907154 -0.26907154 -0.26907154 -0.26907154 -0.26907154
 -0.26907154 -0.26907154 -0.26907154 -0.26907154 -0.26907154 -0.26907154
 -0.26907154 -0.26907154 -0.26907154 -0.26907154 -0.26907154 -0.26907154
 -0.26907154 -0.26907154 -0.26907154 -0.26907154 -0.26907154 -0.26907154
 -0.26907154 -0.26907154 -0.26907154 -0.26907154 -0.26907154 -0.26907154
 -0.26907154 -0.26907154 -0.26907154 -0.26907154 -0.26907154 -0.26907154
 -0.26907154 -0.26907154 -0.26907154 -0.26907154 -0.26907154 -0.26907154
 -0.26907154 -0.26907154 -0.26907154 -0.26907154 -0.26907154 -0.26907154
 -0.26907154 -0.26907154 -0.26907154 -0.26907154 -0.26907154 -0.26907154
 -0.26907154 -0.26907154 -0.26907154 -0.26907154 -0.26907154 -0.26907154
 -0.26907154 -0.26907154 -0.26907154 -0.26907154 -0.26907154 -0.26907154
 -0.26907154 -0.26907154 -0.26907154 -0.26907154 -0.26907154 -0.26907154
 -0.26907154 -0.26907154 -0.26907154 -0.26907154 -0.26907154 -0.26907154
 -0.26907154 -0.26907154 -0.26907154 -0.26907154 -0.26907154 -0.26907154
 -0.26907154 -0.26907154 -0.26907154 -0.26907154 -0.26907154 -0.26907154
 -0.26907154 -0.26907154 -0.26907154 -0.26907154 -0.26907154 -0.26907154
 -0.26907154 -0.26907154 -0.26907154 -0.26907154 -0.26907154 -0.26907154
 -0.26907154 -0.26907154 -0.26907154 -0.26907154 -0.26907154 -0.26907154
 -0.26907154 -0.26907154 -0.26907154 -0.26907154 -0.26907154  5.50077855
 -0.26907154 -0.26907154 -0.26907154 -0.26907154 -0.26907154 -0.26907154
 -0.26907154 -0.26907154 -0.26907154 -0.26907154 -0.26907154 -0.26907154
 -0.26907154 -0.26907154 -0.26907154 -0.26907154 -0.26907154 -0.26907154
  3.81558085 -0.26907154 -0.26907154 -0.26907154 -0.26907154 -0.26907154
 -0.26907154 -0.26907154 -0.26907154 -0.26907154 -0.26907154 -0.26907154
 -0.26907154 -0.26907154 -0.26907154 -0.26907154 -0.26907154 -0.26907154
 -0.26907154 -0.26907154  1.90225937 -0.26907154 -0.26907154 -0.26907154
  3.59085039 -0.26907154 -0.26907154 -0.26907154 -0.26907154 -0.26907154
 -0.26907154 -0.26907154 -0.26907154 -0.26907154 -0.26907154 -0.26907154
 -0.26907154 -0.26907154 -0.26907154 -0.26907154 -0.26907154 -0.26907154
 -0.26907154  3.59085039 -0.26907154 -0.26907154 -0.26907154 -0.26907154
 -0.26907154 -0.26907154 -0.26907154 -0.26907154 -0.26907154 -0.26907154
 -0.26907154 -0.26907154 -0.26907154 -0.26907154 -0.26907154 -0.26907154
 -0.26907154 -0.26907154 -0.26907154 -0.26907154 -0.26907154 -0.26907154
 -0.26907154 -0.26907154 -0.26907154 -0.26907154 -0.26907154 -0.26907154
 -0.26907154 -0.26907154  1.14185228 -0.26907154]",[0.007980811764684903]
15,"[-0.29912418 -0.29912418 -0.29912418 -0.29912418 -0.23072595 -0.29912418
 -0.29912418 -0.29912418 -0.29912418 -0.29912418 -0.29912418 -0.29912418
 -0.29912418 -0.29912418 -0.29912418 -0.29912418 -0.29912418 -0.29912418
  0.58269357 -0.29912418 -0.29912418 -0.29912418 -0.29912418 -0.29912418
 -0.29912418 -0.29912418 -0.29912418 -0.29912418 -0.29912418 -0.29912418
 -0.29912418 -0.29912418 -0.29912418 -0.29912418 -0.29912418 -0.29912418
 -0.29912418 -0.29912418 -0.29912418  2.62354201 -0.29912418 -0.29912418
 -0.29912418 -0.29912418 -0.29912418 -0.29912418  1.07066828 -0.29912418
 -0.29912418 -0.29912418 -0.29912418 -0.29912418 -0.29912418 -0.29912418
 -0.29912418 -0.29912418 -0.29912418 -0.29912418 -0.29912418 -0.29912418
 -0.29912418 -0.29912418 -0.29912418 -0.29912418 -0.29912418 -0.29912418
 -0.29912418 -0.29912418 -0.29912418 -0.29912418 -0.29912418 -0.29912418
 -0.29912418 -0.29912418 -0.29912418 -0.29912418 -0.29912418 -0.29912418
 -0.29912418 -0.29912418 -0.29912418 -0.29912418 -0.29912418  4.1422456
 -0.29912418 -0.29912418 -0.29912418 -0.29912418 -0.29912418 -0.29912418
 -0.29912418 -0.29912418  2.09779766 -0.29912418 -0.29912418 -0.29912418
 -0.29912418 -0.29912418 -0.29912418 -0.29912418 -0.29912418 -0.29912418
 -0.29912418 -0.29912418 -0.29912418 -0.29912418 -0.29912418 -0.29912418
 -0.29912418 -0.29912418  5.79267084 -0.29912418 -0.29912418 -0.29912418
  1.55731556 -0.29912418  2.33299473 -0.29912418 -0.29912418 -0.29912418
 -0.29912418 -0.29912418 -0.29912418  0.71632578  4.21803944 -0.29912418
 -0.29912418 -0.29912418 -0.29912418 -0.29912418 -0.29912418 -0.29912418
 -0.29912418 -0.29912418 -0.29912418 -0.29912418 -0.29912418 -0.29912418
 -0.29912418 -0.29912418 -0.29912418 -0.29912418 -0.29912418 -0.29912418
 -0.29912418 -0.29912418 -0.29912418 -0.29912418 -0.29912418 -0.29912418
 -0.29912418 -0.29912418 -0.29912418 -0.29912418 -0.29912418 -0.29912418
 -0.29912418 -0.29912418 -0.29912418 -0.29912418 -0.29912418 -0.29912418
 -0.29912418  1.886572   -0.29912418 -0.29912418 -0.29912418 -0.29912418
 -0.29912418 -0.29912418 -0.29912418 -0.29912418 -0.29912418 -0.29912418
 -0.29912418 -0.29912418 -0.29912418 -0.29912418 -0.29912418 -0.29912418
 -0.29912418 -0.29912418 -0.29912418 -0.29912418 -0.29912418 -0.29912418
 -0.29912418 -0.29912418 -0.29912418 -0.29912418 -0.29912418 -0.29912418
 -0.29912418 -0.29912418 -0.29912418 -0.29912418 -0.29912418 -0.29912418
 -0.29912418 -0.29912418 -0.29912418 -0.29912418 -0.29912418  0.36278011
 -0.29912418 -0.29912418 -0.29912418 -0.29912418 -0.29912418 -0.29912418
  2.25054328 -0.29912418 -0.29912418 -0.29912418 -0.29912418 -0.29912418
 -0.29912418 -0.29912418 -0.29912418 -0.29912418 -0.29912418 -0.29912418
 -0.29912418 -0.29912418 -0.29912418 -0.29912418 -0.29912418 -0.29912418
 -0.29912418 -0.29912418 -0.29912418 -0.29912418 -0.29912418 -0.29912418
 -0.29912418  1.80617808 -0.29912418  2.55635922  3.62555722 -0.29912418
  2.67987352 -0.29912418 -0.29912418 -0.29912418 -0.29912418 -0.29912418
 -0.29912418 -0.29912418 -0.29912418 -0.29912418 -0.29912418 -0.29912418
 -0.29912418 -0.29912418 -0.29912418  5.16076424 -0.29912418 -0.29912418
 -0.29912418 -0.29912418  2.71046441  2.35078841 -0.29912418  0.89956988
 -0.29912418 -0.29912418 -0.29912418  2.97254643 -0.29912418 -0.29912418
  2.77636893 -0.29912418  4.9915407  -0.29912418  3.90920678 -0.29912418
 -0.29912418  1.30821779 -0.29912418 -0.29912418  2.89186532 -0.29912418
  1.94697727  2.50596227 -0.29912418 -0.29912418 -0.29912418  4.03521625
  3.68320635 -0.29912418 -0.29912418  3.04725225 -0.29912418 -0.29912418
 -0.29912418 -0.29912418  4.74187077 -0.29912418 -0.29912418 -0.29912418
 -0.29912418 -0.29912418 -0.29912418 -0.29912418 -0.29912418 -0.29912418
  4.8587887  -0.29912418 -0.29912418 -0.29912418 -0.29912418  1.20102697
 -0.29912418  0.80669545 -0.29912418 -0.29912418 -0.29912418 -0.29912418
 -0.29912418 -0.29912418 -0.29912418 -0.29912418 -0.29912418 -0.29912418
 -0.29912418  2.75080845 -0.29912418 -0.29912418 -0.29912418 -0.29912418
 -0.29912418 -0.29912418 -0.29912418 -0.29912418 -0.29912418 -0.29912418
  0.94887516 -0.29912418 -0.29912418 -0.29912418 -0.29912418 -0.29912418
 -0.29912418 -0.29912418 -0.29912418 -0.29912418 -0.29912418 -0.29912418
 -0.29912418 -0.29912418 -0.29912418 -0.29912418 -0.29912418 -0.29912418
 -0.29912418 -0.29912418  2.47384148 -0.29912418 -0.29912418 -0.29912418
 -0.29912418 -0.29912418 -0.29912418 -0.29912418 -0.29912418 -0.29912418
 -0.29912418 -0.29912418 -0.29912418 -0.29912418 -0.29912418 -0.29912418
 -0.29912418 -0.29912418 -0.29912418 -0.29912418 -0.29912418 -0.29912418
 -0.29912418 -0.29912418 -0.29912418 -0.29912418 -0.29912418 -0.29912418
 -0.29912418  4.39220978 -0.29912418 -0.29912418 -0.29912418 -0.29912418
 -0.29912418 -0.29912418 -0.29912418 -0.29912418 -0.29912418 -0.29912418
 -0.29912418 -0.29912418 -0.29912418 -0.29912418 -0.29912418 -0.29912418
 -0.29912418 -0.29912418 -0.29912418  2.29206858 -0.29912418 -0.29912418
 -0.29912418 -0.29912418 -0.29912418 -0.29912418 -0.29912418 -0.29912418
 -0.29912418 -0.29912418 -0.29912418 -0.29912418 -0.29912418 -0.29912418
 -0.29912418 -0.29912418 -0.29912418 -0.29912418  5.13960905 -0.29912418
 -0.29912418 -0.29912418 -0.29912418 -0.29912418 -0.29912418 -0.29912418
 -0.29912418 -0.29912418 -0.29912418 -0.29912418 -0.29912418 -0.29912418
 -0.29912418 -0.29912418 -0.29912418 -0.29912418 -0.29912418 -0.29912418
  3.07999089  1.43446584 -0.29912418 -0.29912418 -0.29912418 -0.29912418
 -0.29912418 -0.29912418 -0.29912418 -0.29912418 -0.29912418 -0.29912418
 -0.29912418 -0.29912418 -0.29912418  3.70915653 -0.29912418 -0.29912418
 -0.29912418 -0.29912418  1.35703977 -0.29912418 -0.29912418 -0.29912418
  3.04725225 -0.29912418 -0.29912418 -0.29912418 -0.29912418 -0.29912418
 -0.29912418 -0.29912418 -0.29912418 -0.29912418 -0.29912418 -0.29912418
 -0.29912418 -0.29912418 -0.29912418 -0.29912418 -0.29912418 -0.29912418
 -0.29912418  2.45013243 -0.29912418 -0.29912418 -0.29912418  1.32850861
 -0.29912418 -0.29912418 -0.29912418 -0.29912418 -0.29912418  1.4572849
 -0.29912418 -0.29912418 -0.29912418 -0.29912418 -0.29912418 -0.29912418
 -0.29912418 -0.29912418 -0.29912418 -0.29912418 -0.29912418 -0.29912418
  1.35703977 -0.29912418 -0.29912418 -0.29912418 -0.29912418 -0.29912418
 -0.29912418 -0.29912418  5.60294779 -0.29912418]",[0.02958554822870263]
15,"[-0.26161643 -0.26161643 -0.26161643 -0.26161643  3.18562815 -0.26161643
 -0.26161643 -0.26161643 -0.26161643 -0.26161643 -0.26161643 -0.26161643
 -0.26161643 -0.26161643 -0.26161643 -0.26161643 -0.26161643 -0.26161643
 -0.26161643 -0.26161643 -0.26161643 -0.26161643 -0.26161643 -0.26161643
 -0.26161643 -0.26161643 -0.26161643 -0.26161643 -0.26161643 -0.26161643
 -0.26161643 -0.26161643 -0.26161643 -0.26161643 -0.26161643 -0.26161643
 -0.26161643 -0.26161643 -0.26161643 -0.26161643 -0.26161643 -0.26161643
 -0.26161643 -0.26161643 -0.26161643 -0.26161643 -0.26161643 -0.26161643
 -0.26161643 -0.26161643 -0.26161643 -0.26161643 -0.26161643 -0.26161643
 -0.26161643 -0.26161643 -0.26161643 -0.26161643 -0.26161643 -0.26161643
 -0.26161643 -0.26161643 -0.26161643 -0.26161643 -0.26161643 -0.26161643
 -0.26161643 -0.26161643 -0.26161643 -0.26161643 -0.26161643 -0.26161643
 -0.26161643 -0.26161643 -0.26161643 -0.26161643 -0.26161643 -0.26161643
 -0.26161643 -0.26161643 -0.26161643 -0.26161643 -0.26161643  4.95803009
 -0.26161643 -0.26161643 -0.26161643 -0.26161643 -0.26161643  1.57300897
 -0.26161643 -0.26161643 -0.26161643 -0.26161643 -0.26161643 -0.26161643
 -0.26161643 -0.26161643 -0.26161643 -0.26161643 -0.26161643 -0.26161643
 -0.26161643 -0.26161643 -0.26161643 -0.26161643  2.22551006 -0.26161643
 -0.26161643 -0.26161643  6.35124511 -0.26161643 -0.26161643 -0.26161643
 -0.26161643 -0.26161643  3.79762036 -0.26161643 -0.26161643 -0.26161643
 -0.26161643 -0.26161643 -0.26161643 -0.26161643  4.60420183 -0.26161643
 -0.26161643 -0.26161643 -0.26161643 -0.26161643 -0.26161643 -0.26161643
 -0.26161643 -0.26161643 -0.26161643 -0.26161643 -0.26161643 -0.26161643
 -0.26161643 -0.26161643 -0.26161643 -0.26161643 -0.26161643 -0.26161643
 -0.26161643 -0.26161643 -0.26161643 -0.26161643 -0.26161643 -0.26161643
 -0.26161643 -0.26161643 -0.26161643 -0.26161643 -0.26161643 -0.26161643
 -0.26161643 -0.26161643 -0.26161643 -0.26161643 -0.26161643 -0.26161643
 -0.26161643  3.82607648 -0.26161643 -0.26161643 -0.26161643 -0.26161643
 -0.26161643 -0.26161643 -0.26161643 -0.26161643 -0.26161643 -0.26161643
 -0.26161643 -0.26161643 -0.26161643 -0.26161643 -0.26161643 -0.26161643
 -0.26161643 -0.26161643 -0.26161643 -0.26161643 -0.26161643 -0.26161643
 -0.26161643 -0.26161643 -0.26161643 -0.26161643 -0.26161643 -0.26161643
 -0.26161643 -0.26161643 -0.26161643 -0.26161643 -0.26161643 -0.26161643
 -0.26161643 -0.26161643 -0.26161643 -0.26161643 -0.26161643 -0.26161643
 -0.26161643 -0.26161643 -0.26161643 -0.26161643 -0.26161643 -0.26161643
  1.69890383 -0.26161643 -0.26161643 -0.26161643 -0.26161643  2.52557171
 -0.26161643 -0.26161643 -0.26161643 -0.26161643 -0.26161643 -0.26161643
 -0.26161643 -0.26161643 -0.26161643 -0.26161643 -0.26161643 -0.26161643
 -0.26161643 -0.26161643 -0.26161643 -0.26161643 -0.26161643 -0.26161643
 -0.26161643  3.75216364 -0.26161643  2.66018473  2.77462432 -0.26161643
  2.64874826  1.02799084  2.42952256  2.74769202 -0.26161643 -0.26161643
 -0.26161643 -0.26161643  3.61416047 -0.26161643 -0.26161643  1.73050939
 -0.26161643 -0.26161643 -0.26161643  5.97141056  4.83390532 -0.26161643
 -0.26161643 -0.26161643  3.61416047  1.63805621 -0.26161643  1.84012349
 -0.26161643 -0.26161643 -0.26161643 -0.26161643  2.23988915 -0.26161643
  4.0734961  -0.26161643  5.55906343 -0.26161643  1.89249962 -0.26161643
 -0.26161643  2.78777832 -0.26161643  1.14554455  4.32399262  1.83428292
  1.04539708 -0.26161643 -0.26161643 -0.26161643  4.65108836  2.37882158
 -0.26161643 -0.26161643 -0.26161643 -0.26161643 -0.26161643 -0.26161643
 -0.26161643 -0.26161643  4.54371468 -0.26161643 -0.26161643 -0.26161643
 -0.26161643 -0.26161643 -0.26161643 -0.26161643 -0.26161643 -0.26161643
 -0.26161643 -0.26161643 -0.26161643 -0.26161643 -0.26161643 -0.26161643
 -0.26161643 -0.26161643 -0.26161643 -0.26161643 -0.26161643 -0.26161643
 -0.26161643 -0.26161643 -0.26161643 -0.26161643 -0.26161643 -0.26161643
 -0.26161643 -0.26161643 -0.26161643 -0.26161643 -0.26161643 -0.26161643
 -0.26161643 -0.26161643 -0.26161643 -0.26161643 -0.26161643 -0.26161643
 -0.26161643 -0.26161643 -0.26161643 -0.26161643 -0.26161643 -0.26161643
 -0.26161643 -0.26161643 -0.26161643 -0.26161643 -0.26161643 -0.26161643
 -0.26161643 -0.26161643 -0.26161643 -0.26161643 -0.26161643 -0.26161643
 -0.26161643 -0.26161643 -0.26161643 -0.26161643 -0.26161643 -0.26161643
 -0.26161643 -0.26161643 -0.26161643 -0.26161643 -0.26161643 -0.26161643
 -0.26161643 -0.26161643 -0.26161643 -0.26161643 -0.26161643 -0.26161643
 -0.26161643 -0.26161643 -0.26161643 -0.26161643 -0.26161643 -0.26161643
 -0.26161643 -0.26161643 -0.26161643 -0.26161643 -0.26161643 -0.26161643
 -0.26161643 -0.26161643 -0.26161643 -0.26161643 -0.26161643 -0.26161643
 -0.26161643 -0.26161643 -0.26161643 -0.26161643 -0.26161643 -0.26161643
 -0.26161643 -0.26161643 -0.26161643 -0.26161643 -0.26161643 -0.26161643
 -0.26161643 -0.26161643 -0.26161643 -0.26161643 -0.26161643 -0.26161643
 -0.26161643 -0.26161643 -0.26161643 -0.26161643 -0.26161643 -0.26161643
 -0.26161643 -0.26161643 -0.26161643 -0.26161643 -0.26161643 -0.26161643
 -0.26161643 -0.26161643 -0.26161643 -0.26161643  5.90941091 -0.26161643
 -0.26161643 -0.26161643 -0.26161643 -0.26161643 -0.26161643 -0.26161643
 -0.26161643 -0.26161643 -0.26161643 -0.26161643 -0.26161643 -0.26161643
 -0.26161643 -0.26161643 -0.26161643 -0.26161643 -0.26161643 -0.26161643
 -0.26161643 -0.26161643 -0.26161643 -0.26161643 -0.26161643 -0.26161643
 -0.26161643 -0.26161643 -0.26161643 -0.26161643 -0.26161643 -0.26161643
 -0.26161643 -0.26161643 -0.26161643 -0.26161643 -0.26161643 -0.26161643
 -0.26161643 -0.26161643 -0.26161643 -0.26161643 -0.26161643 -0.26161643
 -0.26161643 -0.26161643 -0.26161643 -0.26161643 -0.26161643 -0.26161643
 -0.26161643 -0.26161643 -0.26161643 -0.26161643 -0.26161643 -0.26161643
 -0.26161643 -0.26161643 -0.26161643 -0.26161643 -0.26161643 -0.26161643
 -0.26161643  2.78388883 -0.26161643 -0.26161643 -0.26161643 -0.26161643
 -0.26161643 -0.26161643 -0.26161643 -0.26161643 -0.26161643 -0.26161643
 -0.26161643 -0.26161643 -0.26161643 -0.26161643 -0.26161643 -0.26161643
 -0.26161643 -0.26161643 -0.26161643 -0.26161643 -0.26161643 -0.26161643
 -0.26161643 -0.26161643 -0.26161643 -0.26161643 -0.26161643 -0.26161643
 -0.26161643 -0.26161643  4.6395835  -0.26161643]",[-0.03372946480734251]
15,"[-0.2765828  -0.2765828  -0.2765828  -0.2765828   0.54403346 -0.2765828
 -0.2765828  -0.2765828  -0.2765828  -0.2765828  -0.2765828  -0.2765828
 -0.2765828  -0.2765828  -0.2765828  -0.2765828  -0.2765828  -0.2765828
 -0.2765828  -0.2765828  -0.2765828  -0.2765828  -0.2765828  -0.2765828
 -0.2765828  -0.2765828  -0.2765828  -0.2765828  -0.2765828  -0.2765828
 -0.2765828  -0.2765828  -0.2765828  -0.2765828  -0.2765828  -0.2765828
 -0.2765828  -0.2765828  -0.2765828  -0.2765828  -0.2765828  -0.2765828
 -0.2765828  -0.2765828  -0.2765828  -0.2765828  -0.2765828  -0.2765828
 -0.2765828  -0.2765828  -0.2765828  -0.2765828  -0.2765828  -0.2765828
 -0.2765828  -0.2765828  -0.2765828  -0.2765828  -0.2765828  -0.2765828
 -0.2765828  -0.2765828  -0.2765828  -0.2765828  -0.2765828  -0.2765828
 -0.2765828  -0.2765828  -0.2765828  -0.2765828  -0.2765828  -0.2765828
 -0.2765828  -0.2765828  -0.2765828  -0.2765828  -0.2765828  -0.2765828
 -0.2765828  -0.2765828  -0.2765828  -0.2765828  -0.2765828   5.9918102
 -0.2765828  -0.2765828  -0.2765828  -0.2765828  -0.2765828   3.56159434
 -0.2765828  -0.2765828   1.14714463 -0.2765828  -0.2765828  -0.2765828
 -0.2765828  -0.2765828  -0.2765828  -0.2765828  -0.2765828  -0.2765828
 -0.2765828  -0.2765828  -0.2765828  -0.2765828  -0.2765828  -0.2765828
 -0.2765828  -0.2765828   5.91386316 -0.2765828  -0.2765828  -0.2765828
 -0.2765828  -0.2765828   4.94925692 -0.2765828  -0.2765828  -0.2765828
 -0.2765828  -0.2765828  -0.2765828  -0.2765828   3.50988841 -0.2765828
 -0.2765828  -0.2765828  -0.2765828  -0.2765828  -0.2765828  -0.2765828
 -0.2765828  -0.2765828  -0.2765828  -0.2765828  -0.2765828  -0.2765828
 -0.2765828  -0.2765828  -0.2765828  -0.2765828  -0.2765828  -0.2765828
 -0.2765828  -0.2765828  -0.2765828  -0.2765828  -0.2765828  -0.2765828
 -0.2765828  -0.2765828  -0.2765828  -0.2765828  -0.2765828  -0.2765828
 -0.2765828  -0.2765828  -0.2765828  -0.2765828  -0.2765828  -0.2765828
 -0.2765828   0.20110631 -0.2765828  -0.2765828  -0.2765828  -0.2765828
 -0.2765828  -0.2765828  -0.2765828  -0.2765828  -0.2765828   1.25552844
 -0.2765828  -0.2765828  -0.2765828  -0.2765828  -0.2765828  -0.2765828
 -0.2765828  -0.2765828  -0.2765828  -0.2765828  -0.2765828  -0.2765828
 -0.2765828  -0.2765828  -0.2765828  -0.2765828  -0.2765828  -0.2765828
 -0.2765828  -0.2765828  -0.2765828  -0.2765828  -0.2765828  -0.2765828
 -0.2765828  -0.2765828  -0.2765828  -0.2765828  -0.2765828  -0.2765828
 -0.2765828  -0.2765828  -0.2765828  -0.2765828  -0.2765828   1.17244493
  2.9592307  -0.2765828  -0.2765828  -0.2765828  -0.2765828   3.05799293
 -0.2765828  -0.2765828  -0.2765828  -0.2765828  -0.2765828  -0.2765828
 -0.2765828  -0.2765828  -0.2765828  -0.2765828  -0.2765828  -0.2765828
 -0.2765828  -0.2765828  -0.2765828   2.05517146 -0.2765828  -0.2765828
 -0.2765828   2.97643477 -0.2765828   2.6758505   3.12331431 -0.2765828
  2.65977695  1.45601345 -0.2765828  -0.2765828  -0.2765828  -0.2765828
 -0.2765828  -0.2765828  -0.2765828  -0.2765828  -0.2765828   2.55308579
 -0.2765828  -0.2765828  -0.2765828   4.63776426  3.13773434 -0.2765828
 -0.2765828  -0.2765828   4.81247959  2.50937503 -0.2765828   2.49454109
 -0.2765828  -0.2765828  -0.2765828   1.77382763 -0.2765828  -0.2765828
  2.07444402 -0.2765828   5.26976309 -0.2765828   3.71815433 -0.2765828
 -0.2765828   3.76537852 -0.2765828  -0.2765828   3.92883664 -0.2765828
  2.44093151  0.31611873 -0.2765828  -0.2765828   5.10132215  2.36298842
  1.17244493 -0.2765828  -0.2765828  -0.2765828  -0.2765828   2.24931411
 -0.2765828  -0.2765828  -0.2765828  -0.2765828  -0.2765828  -0.2765828
 -0.2765828  -0.2765828  -0.2765828  -0.2765828   2.94302406 -0.2765828
 -0.2765828  -0.2765828  -0.2765828  -0.2765828  -0.2765828   0.46461623
 -0.2765828  -0.2765828  -0.2765828  -0.2765828  -0.2765828  -0.2765828
 -0.2765828  -0.2765828  -0.2765828  -0.2765828  -0.2765828  -0.2765828
 -0.2765828  -0.2765828  -0.2765828  -0.2765828  -0.2765828  -0.2765828
 -0.2765828  -0.2765828  -0.2765828  -0.2765828  -0.2765828  -0.2765828
 -0.2765828  -0.2765828  -0.2765828  -0.2765828  -0.2765828  -0.2765828
 -0.2765828  -0.2765828  -0.2765828  -0.2765828  -0.2765828  -0.2765828
 -0.2765828  -0.2765828  -0.2765828  -0.2765828  -0.2765828  -0.2765828
 -0.2765828  -0.2765828  -0.2765828  -0.2765828  -0.2765828  -0.2765828
 -0.2765828  -0.2765828  -0.2765828  -0.2765828  -0.2765828  -0.2765828
 -0.2765828  -0.2765828  -0.2765828  -0.2765828  -0.2765828  -0.2765828
 -0.2765828  -0.2765828  -0.2765828  -0.2765828  -0.2765828  -0.2765828
 -0.2765828  -0.2765828  -0.2765828  -0.2765828  -0.2765828  -0.2765828
  0.22602627 -0.2765828  -0.2765828  -0.2765828  -0.2765828  -0.2765828
 -0.2765828  -0.2765828  -0.2765828  -0.2765828  -0.2765828  -0.2765828
 -0.2765828  -0.2765828  -0.2765828  -0.2765828  -0.2765828  -0.2765828
 -0.2765828  -0.2765828  -0.2765828  -0.2765828  -0.2765828  -0.2765828
 -0.2765828  -0.2765828  -0.2765828  -0.2765828  -0.2765828  -0.2765828
 -0.2765828  -0.2765828  -0.2765828  -0.2765828  -0.2765828  -0.2765828
 -0.2765828  -0.2765828  -0.2765828  -0.2765828   5.41330027 -0.2765828
 -0.2765828  -0.2765828  -0.2765828  -0.2765828  -0.2765828  -0.2765828
 -0.2765828  -0.2765828  -0.2765828  -0.2765828  -0.2765828  -0.2765828
 -0.2765828  -0.2765828  -0.2765828  -0.2765828  -0.2765828  -0.2765828
  3.39213571 -0.2765828  -0.2765828  -0.2765828  -0.2765828  -0.2765828
 -0.2765828  -0.2765828  -0.2765828  -0.2765828  -0.2765828  -0.2765828
 -0.2765828  -0.2765828  -0.2765828  -0.2765828  -0.2765828  -0.2765828
 -0.2765828  -0.2765828  -0.2765828  -0.2765828  -0.2765828  -0.2765828
  5.20888683 -0.2765828  -0.2765828  -0.2765828  -0.2765828  -0.2765828
 -0.2765828  -0.2765828  -0.2765828  -0.2765828  -0.2765828   3.23857432
 -0.2765828  -0.2765828  -0.2765828  -0.2765828  -0.2765828  -0.2765828
 -0.2765828   3.40211739 -0.2765828  -0.2765828  -0.2765828  -0.2765828
 -0.2765828  -0.2765828  -0.2765828  -0.2765828  -0.2765828   0.99757562
 -0.2765828  -0.2765828  -0.2765828  -0.2765828  -0.2765828  -0.2765828
 -0.2765828   2.28503061 -0.2765828  -0.2765828  -0.2765828  -0.2765828
 -0.2765828  -0.2765828  -0.2765828  -0.2765828  -0.2765828  -0.2765828
 -0.2765828  -0.2765828  -0.2765828  -0.2765828 ]",[0.052809637184065006]
16,"[-0.2395468  -0.2395468  -0.2395468  -0.2395468  -0.2395468  -0.2395468
 -0.2395468  -0.2395468  -0.2395468  -0.2395468  -0.2395468  -0.2395468
 -0.2395468  -0.2395468  -0.2395468  -0.2395468  -0.2395468  -0.2395468
 -0.2395468  -0.2395468  -0.2395468  -0.2395468  -0.2395468  -0.2395468
 -0.2395468  -0.2395468  -0.2395468  -0.2395468  -0.2395468  -0.2395468
 -0.2395468  -0.2395468  -0.2395468  -0.2395468  -0.2395468  -0.2395468
 -0.2395468  -0.2395468  -0.2395468  -0.2395468  -0.2395468  -0.2395468
 -0.2395468  -0.2395468  -0.2395468  -0.2395468  -0.2395468  -0.2395468
 -0.2395468  -0.2395468  -0.2395468  -0.2395468  -0.2395468  -0.2395468
 -0.2395468  -0.2395468  -0.2395468  -0.2395468  -0.2395468  -0.2395468
 -0.2395468  -0.2395468  -0.2395468  -0.2395468  -0.2395468  -0.2395468
 -0.2395468  -0.2395468  -0.2395468  -0.2395468  -0.2395468  -0.2395468
 -0.2395468  -0.2395468  -0.2395468  -0.2395468  -0.2395468  -0.2395468
 -0.2395468  -0.2395468  -0.2395468  -0.2395468  -0.2395468   7.49974581
 -0.2395468  -0.2395468  -0.2395468  -0.2395468  -0.2395468  -0.2395468
 -0.2395468  -0.2395468   2.36984602 -0.2395468  -0.2395468  -0.2395468
 -0.2395468  -0.2395468  -0.2395468  -0.2395468  -0.2395468  -0.2395468
 -0.2395468  -0.2395468  -0.2395468  -0.2395468  -0.2395468  -0.2395468
 -0.2395468  -0.2395468   0.03823363 -0.2395468  -0.2395468  -0.2395468
 -0.2395468  -0.2395468  -0.2395468  -0.2395468  -0.2395468  -0.2395468
 -0.2395468  -0.2395468  -0.2395468   5.47576644 -0.2395468  -0.2395468
 -0.2395468  -0.2395468  -0.2395468  -0.2395468  -0.2395468  -0.2395468
 -0.2395468  -0.2395468  -0.2395468  -0.2395468  -0.2395468  -0.2395468
 -0.2395468  -0.2395468  -0.2395468  -0.2395468  -0.2395468  -0.2395468
 -0.2395468  -0.2395468  -0.2395468  -0.2395468  -0.2395468  -0.2395468
 -0.2395468  -0.2395468  -0.2395468  -0.2395468  -0.2395468  -0.2395468
 -0.2395468  -0.2395468  -0.2395468  -0.2395468  -0.2395468  -0.2395468
 -0.2395468  -0.2395468  -0.2395468  -0.2395468  -0.2395468  -0.2395468
 -0.2395468  -0.2395468  -0.2395468  -0.2395468  -0.2395468  -0.2395468
 -0.2395468  -0.2395468  -0.2395468  -0.2395468  -0.2395468  -0.2395468
 -0.2395468  -0.2395468  -0.2395468  -0.2395468  -0.2395468  -0.2395468
 -0.2395468  -0.2395468  -0.2395468  -0.2395468  -0.2395468  -0.2395468
 -0.2395468  -0.2395468  -0.2395468  -0.2395468  -0.2395468  -0.2395468
 -0.2395468  -0.2395468   1.7322419  -0.2395468  -0.2395468  -0.2395468
 -0.2395468  -0.2395468  -0.2395468  -0.2395468  -0.2395468  -0.2395468
  3.3328262  -0.2395468  -0.2395468  -0.2395468  -0.2395468   1.46631112
 -0.2395468  -0.2395468  -0.2395468  -0.2395468  -0.2395468  -0.2395468
 -0.2395468  -0.2395468  -0.2395468  -0.2395468  -0.2395468  -0.2395468
 -0.2395468  -0.2395468  -0.2395468  -0.2395468  -0.2395468  -0.2395468
 -0.2395468   4.15809453 -0.2395468   5.38799539  3.44306155 -0.2395468
  4.19621283  1.11040893 -0.2395468  -0.2395468  -0.2395468  -0.2395468
 -0.2395468  -0.2395468   3.31625826 -0.2395468  -0.2395468  -0.2395468
 -0.2395468  -0.2395468  -0.2395468   4.85612853  4.22516667  4.85999296
 -0.2395468  -0.2395468  -0.2395468   4.52379763 -0.2395468   0.46548384
 -0.2395468  -0.2395468  -0.2395468  -0.2395468  -0.2395468  -0.2395468
  1.5048033  -0.2395468   5.75720193 -0.2395468   4.55722721 -0.2395468
 -0.2395468  -0.2395468  -0.2395468  -0.2395468   1.73691885 -0.2395468
  3.76898187  2.54129918 -0.2395468  -0.2395468   5.16848147  4.07711428
  2.43394285 -0.2395468  -0.2395468  -0.2395468  -0.2395468  -0.2395468
 -0.2395468  -0.2395468  -0.2395468  -0.2395468  -0.2395468  -0.2395468
 -0.2395468  -0.2395468  -0.2395468  -0.2395468   4.29961551 -0.2395468
  3.57370058 -0.2395468  -0.2395468  -0.2395468  -0.2395468   4.2885131
 -0.2395468   0.89803785 -0.2395468  -0.2395468  -0.2395468  -0.2395468
 -0.2395468  -0.2395468  -0.2395468  -0.2395468  -0.2395468  -0.2395468
 -0.2395468  -0.2395468  -0.2395468  -0.2395468  -0.2395468  -0.2395468
 -0.2395468  -0.2395468  -0.2395468  -0.2395468  -0.2395468  -0.2395468
 -0.2395468  -0.2395468  -0.2395468  -0.2395468  -0.2395468  -0.2395468
 -0.2395468  -0.2395468  -0.2395468  -0.2395468  -0.2395468  -0.2395468
 -0.2395468  -0.2395468  -0.2395468  -0.2395468  -0.2395468  -0.2395468
 -0.2395468  -0.2395468  -0.2395468  -0.2395468  -0.2395468  -0.2395468
 -0.2395468  -0.2395468  -0.2395468  -0.2395468  -0.2395468  -0.2395468
 -0.2395468  -0.2395468  -0.2395468  -0.2395468  -0.2395468  -0.2395468
 -0.2395468  -0.2395468  -0.2395468  -0.2395468  -0.2395468  -0.2395468
 -0.2395468  -0.2395468  -0.2395468  -0.2395468  -0.2395468  -0.2395468
 -0.2395468  -0.2395468  -0.2395468  -0.2395468  -0.2395468  -0.2395468
 -0.2395468  -0.2395468  -0.2395468  -0.2395468  -0.2395468  -0.2395468
 -0.2395468  -0.2395468  -0.2395468  -0.2395468  -0.2395468  -0.2395468
 -0.2395468  -0.2395468  -0.2395468  -0.2395468  -0.2395468  -0.2395468
 -0.2395468  -0.2395468  -0.2395468  -0.2395468  -0.2395468  -0.2395468
 -0.2395468  -0.2395468  -0.2395468  -0.2395468  -0.2395468  -0.2395468
 -0.2395468  -0.2395468  -0.2395468  -0.2395468  -0.2395468   3.37048396
 -0.2395468  -0.2395468  -0.2395468  -0.2395468  -0.2395468  -0.2395468
 -0.2395468  -0.2395468  -0.2395468  -0.2395468  -0.2395468  -0.2395468
 -0.2395468  -0.2395468  -0.2395468  -0.2395468  -0.2395468  -0.2395468
 -0.2395468  -0.2395468  -0.2395468  -0.2395468  -0.2395468  -0.2395468
  2.15409147 -0.2395468  -0.2395468  -0.2395468  -0.2395468  -0.2395468
 -0.2395468  -0.2395468  -0.2395468  -0.2395468  -0.2395468  -0.2395468
 -0.2395468  -0.2395468  -0.2395468  -0.2395468  -0.2395468  -0.2395468
 -0.2395468  -0.2395468  -0.2395468  -0.2395468  -0.2395468  -0.2395468
 -0.2395468  -0.2395468  -0.2395468  -0.2395468  -0.2395468  -0.2395468
 -0.2395468  -0.2395468  -0.2395468  -0.2395468  -0.2395468  -0.2395468
 -0.2395468   3.8317571  -0.2395468  -0.2395468  -0.2395468  -0.2395468
 -0.2395468  -0.2395468  -0.2395468  -0.2395468  -0.2395468  -0.2395468
 -0.2395468  -0.2395468  -0.2395468  -0.2395468  -0.2395468  -0.2395468
 -0.2395468  -0.2395468  -0.2395468  -0.2395468  -0.2395468  -0.2395468
 -0.2395468  -0.2395468  -0.2395468  -0.2395468  -0.2395468  -0.2395468
 -0.2395468  -0.2395468  -0.2395468  -0.2395468 ]",[0.06745431583340328]
16,"[-0.29086181 -0.29086181 -0.29086181 -0.29086181 -0.29086181 -0.29086181
 -0.29086181 -0.29086181 -0.29086181 -0.29086181 -0.29086181 -0.29086181
 -0.29086181 -0.29086181 -0.29086181 -0.29086181 -0.29086181 -0.29086181
 -0.29086181 -0.29086181 -0.29086181 -0.29086181 -0.29086181 -0.29086181
 -0.29086181 -0.29086181 -0.29086181 -0.29086181 -0.29086181 -0.29086181
 -0.29086181 -0.29086181 -0.29086181 -0.29086181 -0.29086181 -0.29086181
 -0.29086181 -0.29086181 -0.29086181 -0.29086181 -0.29086181 -0.29086181
 -0.29086181 -0.29086181 -0.29086181 -0.29086181 -0.29086181 -0.29086181
 -0.29086181 -0.29086181 -0.29086181 -0.29086181 -0.29086181 -0.29086181
 -0.29086181 -0.29086181 -0.29086181 -0.29086181 -0.29086181 -0.29086181
 -0.29086181 -0.29086181 -0.29086181 -0.29086181 -0.29086181 -0.29086181
 -0.29086181 -0.29086181 -0.29086181 -0.29086181 -0.29086181 -0.29086181
 -0.29086181 -0.29086181 -0.29086181 -0.29086181 -0.29086181 -0.29086181
 -0.29086181 -0.29086181 -0.29086181 -0.29086181 -0.29086181  4.48772884
 -0.29086181 -0.29086181 -0.29086181 -0.29086181  0.77871443  2.13301506
 -0.29086181 -0.29086181  1.27671597 -0.29086181 -0.29086181 -0.29086181
 -0.29086181 -0.29086181 -0.29086181 -0.29086181 -0.29086181 -0.29086181
 -0.29086181 -0.29086181 -0.29086181 -0.29086181 -0.29086181 -0.29086181
 -0.29086181 -0.29086181  0.61352131 -0.29086181 -0.29086181 -0.29086181
  1.0797809  -0.29086181 -0.29086181 -0.29086181 -0.29086181 -0.29086181
  2.39121953 -0.29086181 -0.29086181  0.92474724  3.34066634 -0.29086181
 -0.29086181 -0.29086181 -0.29086181 -0.29086181 -0.29086181 -0.29086181
 -0.29086181 -0.29086181 -0.29086181 -0.29086181 -0.29086181 -0.29086181
 -0.29086181 -0.29086181 -0.29086181 -0.29086181 -0.29086181 -0.29086181
 -0.29086181 -0.29086181 -0.29086181 -0.29086181 -0.29086181 -0.29086181
 -0.29086181 -0.29086181 -0.29086181 -0.29086181 -0.29086181 -0.29086181
 -0.29086181 -0.29086181 -0.29086181 -0.29086181 -0.29086181 -0.29086181
 -0.29086181 -0.29086181 -0.29086181 -0.29086181 -0.29086181 -0.29086181
 -0.29086181 -0.29086181 -0.29086181 -0.29086181 -0.29086181 -0.29086181
 -0.29086181 -0.29086181 -0.29086181 -0.29086181 -0.29086181 -0.29086181
 -0.29086181 -0.29086181 -0.29086181 -0.29086181 -0.29086181 -0.29086181
 -0.29086181 -0.29086181 -0.29086181 -0.29086181 -0.29086181 -0.29086181
 -0.29086181 -0.29086181  1.47085134 -0.29086181 -0.29086181 -0.29086181
 -0.29086181 -0.29086181 -0.29086181 -0.29086181 -0.29086181 -0.01850094
 -0.29086181 -0.29086181 -0.29086181 -0.29086181 -0.29086181 -0.29086181
  1.82061731 -0.29086181  0.06644084 -0.29086181  1.73874069  2.5274026
 -0.29086181 -0.29086181 -0.29086181 -0.29086181 -0.29086181 -0.29086181
 -0.29086181 -0.29086181 -0.29086181 -0.29086181 -0.29086181 -0.29086181
 -0.29086181 -0.29086181 -0.29086181 -0.29086181 -0.29086181 -0.29086181
 -0.29086181  4.15855453 -0.29086181  4.44345398  4.33012435 -0.29086181
  4.20998127  2.46855533  2.47333456 -0.29086181 -0.29086181  2.79897061
 -0.29086181 -0.29086181 -0.29086181 -0.29086181 -0.29086181 -0.29086181
 -0.29086181 -0.29086181 -0.29086181 -0.29086181  3.62988597 -0.29086181
 -0.29086181 -0.29086181  3.98856691  2.27219954 -0.29086181  1.7361119
  2.40330793 -0.29086181 -0.29086181 -0.29086181 -0.29086181 -0.29086181
  2.89299691 -0.29086181  2.95670783 -0.29086181  3.52258755 -0.29086181
 -0.29086181  1.37713331 -0.29086181  0.63223132  1.78762973 -0.29086181
 -0.29086181  3.07962308 -0.29086181 -0.29086181  5.2026304   5.39496303
 -0.29086181 -0.29086181 -0.29086181 -0.29086181 -0.29086181  0.97187732
 -0.29086181  2.76616926 -0.29086181 -0.29086181 -0.29086181 -0.29086181
 -0.29086181 -0.29086181 -0.29086181 -0.29086181  2.34157111 -0.29086181
 -0.29086181 -0.29086181 -0.29086181 -0.29086181 -0.29086181 -0.29086181
 -0.29086181  3.08871936 -0.29086181 -0.29086181 -0.29086181 -0.29086181
 -0.29086181 -0.29086181 -0.29086181 -0.29086181 -0.29086181 -0.29086181
 -0.29086181 -0.29086181 -0.29086181 -0.29086181 -0.29086181 -0.29086181
 -0.29086181 -0.29086181 -0.29086181 -0.29086181 -0.29086181 -0.29086181
 -0.29086181 -0.29086181 -0.29086181 -0.29086181 -0.29086181 -0.29086181
 -0.29086181 -0.29086181 -0.29086181 -0.29086181 -0.29086181 -0.29086181
 -0.29086181 -0.29086181 -0.29086181 -0.29086181 -0.29086181 -0.29086181
 -0.29086181 -0.29086181 -0.29086181 -0.29086181 -0.29086181 -0.29086181
 -0.29086181 -0.29086181 -0.29086181 -0.29086181 -0.29086181 -0.29086181
 -0.29086181 -0.29086181 -0.29086181 -0.29086181 -0.29086181 -0.29086181
 -0.29086181 -0.29086181 -0.29086181 -0.29086181 -0.29086181 -0.29086181
 -0.29086181 -0.29086181 -0.29086181 -0.29086181 -0.29086181 -0.29086181
 -0.29086181 -0.29086181 -0.29086181 -0.29086181 -0.29086181 -0.29086181
 -0.29086181 -0.29086181 -0.29086181 -0.29086181 -0.29086181 -0.29086181
 -0.29086181 -0.29086181 -0.29086181 -0.29086181 -0.29086181 -0.29086181
 -0.29086181 -0.29086181 -0.29086181 -0.29086181 -0.29086181 -0.29086181
 -0.29086181 -0.29086181 -0.29086181 -0.29086181 -0.29086181 -0.29086181
 -0.29086181 -0.29086181 -0.29086181 -0.29086181 -0.29086181 -0.29086181
 -0.29086181 -0.29086181 -0.29086181 -0.29086181  4.93434069  5.1553324
 -0.29086181 -0.29086181 -0.29086181 -0.29086181 -0.29086181 -0.29086181
 -0.29086181 -0.29086181 -0.29086181 -0.29086181 -0.29086181 -0.29086181
 -0.29086181 -0.29086181 -0.29086181 -0.29086181 -0.29086181 -0.29086181
  4.41812741 -0.29086181 -0.29086181 -0.29086181 -0.29086181 -0.29086181
  0.7922099  -0.29086181 -0.29086181 -0.29086181 -0.29086181 -0.29086181
 -0.29086181 -0.29086181 -0.29086181 -0.29086181 -0.29086181 -0.29086181
 -0.29086181 -0.29086181  3.95609828 -0.29086181 -0.29086181 -0.29086181
  5.33678097 -0.29086181 -0.29086181 -0.29086181  1.85168534 -0.29086181
 -0.29086181 -0.29086181 -0.29086181 -0.29086181 -0.29086181 -0.29086181
 -0.29086181 -0.29086181 -0.29086181 -0.29086181 -0.29086181 -0.29086181
 -0.29086181  4.27624965  2.62008712 -0.29086181 -0.29086181 -0.29086181
 -0.29086181 -0.29086181 -0.29086181 -0.29086181 -0.29086181 -0.29086181
 -0.29086181 -0.29086181 -0.29086181 -0.29086181 -0.29086181 -0.29086181
 -0.29086181 -0.29086181 -0.29086181 -0.29086181 -0.29086181 -0.29086181
 -0.29086181 -0.29086181 -0.29086181 -0.29086181 -0.29086181 -0.29086181
 -0.29086181 -0.29086181  3.80458972 -0.29086181]",[0.02084552801049694]
16,"[-0.25904265 -0.25904265 -0.25904265 -0.25904265  3.11059472 -0.25904265
 -0.25904265 -0.25904265 -0.25904265 -0.25904265 -0.25904265 -0.25904265
 -0.25904265 -0.25904265 -0.25904265 -0.25904265 -0.25904265 -0.25904265
 -0.25904265 -0.25904265 -0.25904265 -0.25904265 -0.25904265 -0.25904265
 -0.25904265 -0.25904265 -0.25904265 -0.25904265 -0.25904265 -0.25904265
 -0.25904265 -0.25904265 -0.25904265 -0.25904265 -0.25904265 -0.25904265
 -0.25904265 -0.25904265 -0.25904265 -0.25904265 -0.25904265 -0.25904265
 -0.25904265 -0.25904265 -0.25904265 -0.25904265 -0.25904265 -0.25904265
 -0.25904265 -0.25904265 -0.25904265 -0.25904265 -0.25904265 -0.25904265
 -0.25904265 -0.25904265 -0.25904265 -0.25904265 -0.25904265 -0.25904265
 -0.25904265 -0.25904265 -0.25904265 -0.25904265 -0.25904265 -0.25904265
 -0.25904265 -0.25904265 -0.25904265 -0.25904265 -0.25904265 -0.25904265
 -0.25904265 -0.25904265 -0.25904265 -0.25904265 -0.25904265 -0.25904265
 -0.25904265 -0.25904265 -0.25904265 -0.25904265 -0.25904265  3.81790707
 -0.25904265 -0.25904265 -0.25904265 -0.25904265 -0.25904265  1.79001799
 -0.25904265 -0.25904265 -0.25904265 -0.25904265 -0.25904265 -0.25904265
 -0.25904265 -0.25904265 -0.25904265 -0.25904265 -0.25904265 -0.25904265
 -0.25904265 -0.25904265 -0.25904265 -0.25904265 -0.25904265 -0.25904265
 -0.25904265 -0.25904265  5.88872951 -0.25904265 -0.25904265 -0.25904265
 -0.25904265 -0.25904265 -0.25904265 -0.25904265 -0.25904265 -0.25904265
 -0.25904265 -0.25904265 -0.25904265 -0.25904265  5.77901793 -0.25904265
 -0.25904265 -0.25904265 -0.25904265 -0.25904265 -0.25904265 -0.25904265
 -0.25904265 -0.25904265 -0.25904265 -0.25904265 -0.25904265 -0.25904265
 -0.25904265 -0.25904265 -0.25904265 -0.25904265 -0.25904265 -0.25904265
 -0.25904265 -0.25904265 -0.25904265 -0.25904265 -0.25904265 -0.25904265
 -0.25904265 -0.25904265 -0.25904265 -0.25904265 -0.25904265 -0.25904265
 -0.25904265 -0.25904265 -0.25904265 -0.25904265 -0.25904265 -0.25904265
 -0.25904265  0.33181817 -0.25904265 -0.25904265 -0.25904265 -0.25904265
 -0.25904265 -0.25904265 -0.25904265 -0.25904265 -0.25904265 -0.25904265
 -0.25904265 -0.25904265 -0.25904265 -0.25904265 -0.25904265 -0.25904265
 -0.25904265 -0.25904265 -0.25904265 -0.25904265 -0.25904265 -0.25904265
 -0.25904265 -0.25904265 -0.25904265 -0.25904265 -0.25904265 -0.25904265
 -0.25904265 -0.25904265 -0.25904265 -0.25904265 -0.25904265 -0.25904265
 -0.25904265 -0.25904265 -0.25904265 -0.25904265 -0.25904265 -0.25904265
 -0.25904265 -0.25904265 -0.25904265 -0.25904265 -0.25904265 -0.25904265
  1.03377068 -0.25904265  1.00981349 -0.25904265 -0.25904265  0.37219997
 -0.25904265 -0.25904265 -0.25904265 -0.25904265 -0.25904265 -0.25904265
 -0.25904265 -0.25904265 -0.25904265 -0.25904265  1.84742489 -0.25904265
 -0.25904265 -0.25904265 -0.25904265 -0.25904265 -0.25904265 -0.25904265
 -0.25904265  3.46600597 -0.25904265  4.56122392  4.10835744 -0.25904265
  3.87333029  1.01655355 -0.25904265 -0.25904265 -0.25904265 -0.25904265
 -0.25904265 -0.25904265 -0.25904265 -0.25904265 -0.25904265  3.81790707
 -0.25904265 -0.25904265 -0.25904265  6.30118983  2.46197605 -0.25904265
 -0.25904265 -0.25904265 -0.25904265  2.64452112 -0.25904265  1.06055075
 -0.25904265 -0.25904265 -0.25904265  3.23605504  1.16410815 -0.25904265
  0.37592132 -0.25904265  6.71902906 -0.25904265  3.72388936 -0.25904265
 -0.25904265  2.67289607 -0.25904265  2.39440176  5.18480471 -0.25904265
  2.53468047  1.94846034 -0.25904265 -0.25904265 -0.25904265  4.01067449
 -0.25904265  3.83907864 -0.25904265  3.64809399 -0.25904265 -0.25904265
 -0.25904265 -0.25904265 -0.25904265 -0.25904265 -0.25904265 -0.25904265
 -0.25904265 -0.25904265 -0.25904265 -0.25904265 -0.25904265 -0.25904265
 -0.25904265 -0.25904265 -0.25904265 -0.25904265 -0.25904265  0.67553194
 -0.25904265 -0.25904265 -0.25904265 -0.25904265 -0.25904265 -0.25904265
 -0.25904265 -0.25904265 -0.25904265 -0.25904265 -0.25904265 -0.25904265
 -0.25904265 -0.25904265 -0.25904265 -0.25904265 -0.25904265 -0.25904265
 -0.25904265 -0.25904265 -0.25904265 -0.25904265 -0.25904265 -0.25904265
 -0.25904265 -0.25904265 -0.25904265 -0.25904265 -0.25904265 -0.25904265
 -0.25904265 -0.25904265 -0.25904265 -0.25904265 -0.25904265 -0.25904265
 -0.25904265 -0.25904265 -0.25904265 -0.25904265 -0.25904265 -0.25904265
 -0.25904265 -0.25904265 -0.25904265 -0.25904265 -0.25904265 -0.25904265
 -0.25904265 -0.25904265 -0.25904265 -0.25904265 -0.25904265 -0.25904265
 -0.25904265 -0.25904265 -0.25904265 -0.25904265 -0.25904265 -0.25904265
 -0.25904265 -0.25904265 -0.25904265 -0.25904265 -0.25904265 -0.25904265
 -0.25904265 -0.25904265 -0.25904265 -0.25904265 -0.25904265 -0.25904265
 -0.25904265 -0.25904265 -0.25904265 -0.25904265 -0.25904265 -0.25904265
 -0.25904265 -0.25904265 -0.25904265 -0.25904265 -0.25904265 -0.25904265
 -0.25904265 -0.25904265 -0.25904265 -0.25904265 -0.25904265 -0.25904265
 -0.25904265 -0.25904265 -0.25904265 -0.25904265 -0.25904265 -0.25904265
 -0.25904265 -0.25904265 -0.25904265 -0.25904265 -0.25904265 -0.25904265
 -0.25904265 -0.25904265 -0.25904265 -0.25904265 -0.25904265 -0.25904265
 -0.25904265 -0.25904265 -0.25904265 -0.25904265  3.68276592  5.3442004
 -0.25904265 -0.25904265 -0.25904265 -0.25904265 -0.25904265 -0.25904265
 -0.25904265 -0.25904265 -0.25904265 -0.25904265 -0.25904265 -0.25904265
 -0.25904265 -0.25904265 -0.25904265 -0.25904265 -0.25904265 -0.25904265
  3.61939733 -0.25904265 -0.25904265 -0.25904265 -0.25904265 -0.25904265
 -0.25904265 -0.25904265 -0.25904265 -0.25904265 -0.25904265 -0.25904265
 -0.25904265 -0.25904265 -0.25904265 -0.25904265 -0.25904265 -0.25904265
 -0.25904265 -0.25904265 -0.25904265 -0.25904265 -0.25904265 -0.25904265
  3.57462548 -0.25904265 -0.25904265 -0.25904265 -0.25904265 -0.25904265
 -0.25904265 -0.25904265 -0.25904265 -0.25904265 -0.25904265 -0.25904265
 -0.25904265 -0.25904265 -0.25904265 -0.25904265 -0.25904265 -0.25904265
 -0.25904265  2.94338286  2.41899298 -0.25904265 -0.25904265 -0.25904265
 -0.25904265 -0.25904265 -0.25904265 -0.25904265 -0.25904265 -0.25904265
 -0.25904265 -0.25904265 -0.25904265 -0.25904265 -0.25904265 -0.25904265
 -0.25904265 -0.25904265 -0.25904265 -0.25904265 -0.25904265 -0.25904265
 -0.25904265 -0.25904265 -0.25904265 -0.25904265 -0.25904265 -0.25904265
 -0.25904265 -0.25904265  2.07752988 -0.25904265]",[0.010373347019937557]
16,"[-2.68973994e-01 -2.68973994e-01 -2.68973994e-01 -2.68973994e-01
  1.46590684e+00 -2.68973994e-01 -2.68973994e-01 -2.68973994e-01
 -2.68973994e-01 -2.68973994e-01 -2.68973994e-01 -2.68973994e-01
 -2.68973994e-01 -2.68973994e-01 -2.68973994e-01 -2.68973994e-01
 -2.68973994e-01 -2.68973994e-01 -2.68973994e-01 -2.68973994e-01
 -2.68973994e-01 -2.68973994e-01 -2.68973994e-01 -2.68973994e-01
 -2.68973994e-01 -2.68973994e-01 -2.68973994e-01 -2.68973994e-01
 -2.68973994e-01 -2.68973994e-01 -2.68973994e-01 -2.68973994e-01
 -2.68973994e-01 -2.68973994e-01 -2.68973994e-01 -2.68973994e-01
 -2.68973994e-01 -2.68973994e-01 -2.68973994e-01 -2.68973994e-01
 -2.68973994e-01 -2.68973994e-01 -2.68973994e-01 -2.68973994e-01
 -2.68973994e-01 -2.68973994e-01 -2.68973994e-01 -2.68973994e-01
 -2.68973994e-01 -2.68973994e-01 -2.68973994e-01 -2.68973994e-01
 -2.68973994e-01 -2.68973994e-01 -2.68973994e-01 -2.68973994e-01
 -2.68973994e-01 -2.68973994e-01 -2.68973994e-01 -2.68973994e-01
 -2.68973994e-01 -2.68973994e-01 -2.68973994e-01 -2.68973994e-01
 -2.68973994e-01 -2.68973994e-01 -2.68973994e-01 -2.68973994e-01
 -2.68973994e-01 -2.68973994e-01 -2.68973994e-01 -2.68973994e-01
 -2.68973994e-01 -2.68973994e-01 -2.68973994e-01 -2.68973994e-01
 -2.68973994e-01 -2.68973994e-01 -2.68973994e-01 -2.68973994e-01
 -2.68973994e-01 -2.68973994e-01 -2.68973994e-01  5.57745519e+00
 -2.68973994e-01 -2.68973994e-01 -2.68973994e-01 -2.68973994e-01
 -2.68973994e-01  4.85402511e+00 -2.68973994e-01 -2.68973994e-01
  1.57958494e+00 -2.68973994e-01 -2.68973994e-01 -2.68973994e-01
 -2.68973994e-01 -2.68973994e-01 -2.68973994e-01 -2.68973994e-01
 -2.68973994e-01 -2.68973994e-01 -2.68973994e-01 -2.68973994e-01
 -2.68973994e-01 -2.68973994e-01  2.00130833e-01 -2.68973994e-01
 -2.68973994e-01 -2.68973994e-01  5.01935359e+00 -2.68973994e-01
 -2.68973994e-01 -2.68973994e-01 -2.68973994e-01 -2.68973994e-01
  6.06873460e+00 -2.68973994e-01 -2.68973994e-01 -2.68973994e-01
 -2.68973994e-01 -2.68973994e-01 -2.68973994e-01  2.90262427e+00
 -2.68973994e-01 -2.68973994e-01 -2.68973994e-01 -2.68973994e-01
 -2.68973994e-01 -2.68973994e-01 -2.68973994e-01 -2.68973994e-01
 -2.68973994e-01 -2.68973994e-01 -2.68973994e-01 -2.68973994e-01
 -2.68973994e-01 -2.68973994e-01 -2.68973994e-01 -2.68973994e-01
 -2.68973994e-01 -2.68973994e-01 -2.68973994e-01 -2.68973994e-01
 -2.68973994e-01 -2.68973994e-01 -2.68973994e-01 -2.68973994e-01
 -2.68973994e-01 -2.68973994e-01 -2.68973994e-01 -2.68973994e-01
 -2.68973994e-01 -2.68973994e-01 -2.68973994e-01 -2.68973994e-01
 -2.68973994e-01 -2.68973994e-01 -2.68973994e-01 -2.68973994e-01
 -2.68973994e-01 -2.68973994e-01 -2.68973994e-01  1.95795850e-01
 -2.68973994e-01 -2.68973994e-01 -2.68973994e-01 -2.68973994e-01
 -2.68973994e-01 -2.68973994e-01 -2.68973994e-01 -2.68973994e-01
 -2.68973994e-01 -2.68973994e-01 -2.68973994e-01 -2.68973994e-01
 -2.68973994e-01 -2.68973994e-01 -2.68973994e-01 -2.68973994e-01
 -2.68973994e-01 -2.68973994e-01 -2.68973994e-01 -2.68973994e-01
 -2.68973994e-01 -2.68973994e-01 -2.68973994e-01 -2.68973994e-01
 -2.68973994e-01 -2.68973994e-01 -2.68973994e-01 -2.68973994e-01
 -2.68973994e-01 -2.68973994e-01 -2.68973994e-01 -2.68973994e-01
 -2.68973994e-01 -2.68973994e-01 -2.68973994e-01 -2.68973994e-01
 -2.68973994e-01 -2.68973994e-01 -2.68973994e-01 -2.68973994e-01
 -2.68973994e-01 -2.68973994e-01 -2.68973994e-01 -2.68973994e-01
  1.87137343e+00 -2.68973994e-01  1.45589078e+00 -2.68973994e-01
  4.40483800e-01 -2.68973994e-01 -2.68973994e-01  3.31085872e+00
 -2.68973994e-01 -2.68973994e-01  7.72623292e-04 -2.68973994e-01
 -2.68973994e-01 -2.68973994e-01 -2.68973994e-01 -2.68973994e-01
 -2.68973994e-01 -2.68973994e-01 -2.68973994e-01 -2.68973994e-01
 -2.68973994e-01 -2.68973994e-01 -2.68973994e-01 -2.68973994e-01
 -2.68973994e-01 -2.68973994e-01 -2.68973994e-01  3.35114344e+00
 -2.68973994e-01  3.54679339e+00  2.60409072e+00  2.35973683e+00
  2.57338723e+00  1.50610320e+00  4.67280845e+00 -2.68973994e-01
 -2.68973994e-01 -2.68973994e-01 -2.68973994e-01 -2.68973994e-01
 -2.68973994e-01 -2.68973994e-01 -2.68973994e-01 -2.68973994e-01
 -2.68973994e-01 -2.68973994e-01 -2.68973994e-01  4.91789202e+00
  3.09006533e+00 -2.68973994e-01 -2.68973994e-01 -2.68973994e-01
  3.88427356e+00  3.88384844e+00 -2.68973994e-01  1.68970946e+00
 -2.68973994e-01 -2.68973994e-01 -2.68973994e-01  2.69314319e+00
  7.83740473e-01 -2.68973994e-01 -2.68973994e-01 -2.68973994e-01
  4.42081076e+00 -2.68973994e-01  3.78253248e+00 -2.68973994e-01
 -2.68973994e-01 -2.68973994e-01 -2.68973994e-01  2.12586974e+00
 -2.68973994e-01 -2.68973994e-01 -2.68973994e-01  1.86473487e+00
 -2.68973994e-01 -2.68973994e-01 -2.68973994e-01  3.94788872e+00
 -2.68973994e-01 -2.68973994e-01 -2.68973994e-01 -2.68973994e-01
 -2.68973994e-01  1.54826510e+00 -2.68973994e-01 -2.68973994e-01
 -2.68973994e-01 -2.68973994e-01 -2.68973994e-01 -2.68973994e-01
 -2.68973994e-01 -2.68973994e-01 -2.68973994e-01 -2.68973994e-01
  3.95065606e+00 -2.68973994e-01  1.49001581e+00 -2.68973994e-01
 -2.68973994e-01 -2.68973994e-01 -2.68973994e-01  3.28171343e+00
 -2.68973994e-01 -2.68973994e-01 -2.68973994e-01 -2.68973994e-01
 -2.68973994e-01 -2.68973994e-01 -2.68973994e-01 -2.68973994e-01
 -2.68973994e-01 -2.68973994e-01 -2.68973994e-01 -2.68973994e-01
 -2.68973994e-01 -2.68973994e-01 -2.68973994e-01 -2.68973994e-01
 -2.68973994e-01 -2.68973994e-01 -2.68973994e-01 -2.68973994e-01
 -2.68973994e-01 -2.68973994e-01 -2.68973994e-01 -2.68973994e-01
 -2.68973994e-01 -2.68973994e-01 -2.68973994e-01 -2.68973994e-01
 -2.68973994e-01 -2.68973994e-01 -2.68973994e-01 -2.68973994e-01
 -2.68973994e-01 -2.68973994e-01 -2.68973994e-01 -2.68973994e-01
 -2.68973994e-01 -2.68973994e-01 -2.68973994e-01 -2.68973994e-01
 -2.68973994e-01 -2.68973994e-01 -2.68973994e-01 -2.68973994e-01
 -2.68973994e-01 -2.68973994e-01 -2.68973994e-01 -2.68973994e-01
 -2.68973994e-01 -2.68973994e-01 -2.68973994e-01 -2.68973994e-01
 -2.68973994e-01 -2.68973994e-01 -2.68973994e-01 -2.68973994e-01
 -2.68973994e-01 -2.68973994e-01 -2.68973994e-01 -2.68973994e-01
 -2.68973994e-01 -2.68973994e-01 -2.68973994e-01 -2.68973994e-01
 -2.68973994e-01 -2.68973994e-01 -2.68973994e-01 -2.68973994e-01
 -2.68973994e-01 -2.68973994e-01 -2.68973994e-01 -2.68973994e-01
 -2.68973994e-01 -2.68973994e-01 -2.68973994e-01 -2.68973994e-01
 -2.68973994e-01 -2.68973994e-01 -2.68973994e-01 -2.68973994e-01
 -2.68973994e-01 -2.68973994e-01 -2.68973994e-01 -2.68973994e-01
 -2.68973994e-01 -2.68973994e-01 -2.68973994e-01 -2.68973994e-01
 -2.68973994e-01 -2.68973994e-01 -2.68973994e-01 -2.68973994e-01
 -2.68973994e-01 -2.68973994e-01 -2.68973994e-01 -2.68973994e-01
 -2.68973994e-01 -2.68973994e-01 -2.68973994e-01 -2.68973994e-01
 -2.68973994e-01 -2.68973994e-01 -2.68973994e-01 -2.68973994e-01
 -2.68973994e-01 -2.68973994e-01 -2.68973994e-01 -2.68973994e-01
 -2.68973994e-01 -2.68973994e-01 -2.68973994e-01 -2.68973994e-01
  5.75171258e+00 -2.68973994e-01 -2.68973994e-01 -2.68973994e-01
 -2.68973994e-01 -2.68973994e-01 -2.68973994e-01 -2.68973994e-01
 -2.68973994e-01 -2.68973994e-01 -2.68973994e-01 -2.68973994e-01
 -2.68973994e-01 -2.68973994e-01 -2.68973994e-01 -2.68973994e-01
 -2.68973994e-01 -2.68973994e-01 -2.68973994e-01 -2.68973994e-01
  4.39992535e+00 -2.68973994e-01 -2.68973994e-01 -2.68973994e-01
 -2.68973994e-01 -2.68973994e-01 -2.68973994e-01 -2.68973994e-01
 -2.68973994e-01 -2.68973994e-01 -2.68973994e-01 -2.68973994e-01
 -2.68973994e-01 -2.68973994e-01 -2.68973994e-01 -2.68973994e-01
 -2.68973994e-01 -2.68973994e-01 -2.68973994e-01 -2.68973994e-01
  3.94618624e+00 -2.68973994e-01 -2.68973994e-01 -2.68973994e-01
  4.88855175e+00 -2.68973994e-01 -2.68973994e-01 -2.68973994e-01
 -2.68973994e-01 -2.68973994e-01 -2.68973994e-01 -2.68973994e-01
 -2.68973994e-01 -2.68973994e-01 -2.68973994e-01 -2.68973994e-01
 -2.68973994e-01 -2.68973994e-01 -2.68973994e-01 -2.68973994e-01
 -2.68973994e-01 -2.68973994e-01 -2.68973994e-01  2.65522489e+00
 -2.68973994e-01 -2.68973994e-01 -2.68973994e-01 -2.68973994e-01
 -2.68973994e-01 -2.68973994e-01 -2.68973994e-01 -2.68973994e-01
 -2.68973994e-01  3.25888508e-01 -2.68973994e-01 -2.68973994e-01
 -2.68973994e-01 -2.68973994e-01 -2.68973994e-01 -2.68973994e-01
 -2.68973994e-01 -2.68973994e-01 -2.68973994e-01 -2.68973994e-01
 -2.68973994e-01 -2.68973994e-01 -2.68973994e-01 -2.68973994e-01
 -2.68973994e-01 -2.68973994e-01 -2.68973994e-01 -2.68973994e-01
 -2.68973994e-01 -2.68973994e-01  3.15191844e+00 -2.68973994e-01]",[0.019599136211514295]
16,"[-0.2586177  -0.2586177  -0.2586177  -0.2586177   0.94273667 -0.2586177
 -0.2586177  -0.2586177  -0.2586177  -0.2586177  -0.2586177  -0.2586177
 -0.2586177  -0.2586177  -0.2586177  -0.2586177  -0.2586177  -0.2586177
 -0.2586177  -0.2586177  -0.2586177  -0.2586177  -0.2586177  -0.2586177
 -0.2586177  -0.2586177  -0.2586177  -0.2586177  -0.2586177  -0.2586177
 -0.2586177  -0.2586177  -0.2586177  -0.2586177  -0.2586177  -0.2586177
 -0.2586177  -0.2586177  -0.2586177  -0.2586177  -0.2586177  -0.2586177
 -0.2586177  -0.2586177  -0.2586177  -0.2586177  -0.2586177  -0.2586177
 -0.2586177  -0.2586177  -0.2586177  -0.2586177  -0.2586177  -0.2586177
 -0.2586177  -0.2586177  -0.2586177  -0.2586177  -0.2586177  -0.2586177
 -0.2586177  -0.2586177  -0.2586177  -0.2586177  -0.2586177  -0.2586177
 -0.2586177  -0.2586177  -0.2586177  -0.2586177  -0.2586177  -0.2586177
 -0.2586177  -0.2586177  -0.2586177  -0.2586177  -0.2586177  -0.2586177
 -0.2586177  -0.2586177  -0.2586177  -0.2586177  -0.2586177   5.13143652
 -0.2586177  -0.2586177  -0.2586177  -0.2586177  -0.2586177   2.40196148
 -0.2586177  -0.2586177   1.0090549  -0.2586177  -0.2586177  -0.2586177
 -0.2586177  -0.2586177  -0.2586177  -0.2586177  -0.2586177  -0.2586177
 -0.2586177  -0.2586177  -0.2586177  -0.2586177  -0.2586177  -0.2586177
 -0.2586177  -0.2586177   1.33566622 -0.2586177  -0.2586177  -0.2586177
 -0.2586177  -0.2586177  -0.2586177  -0.2586177  -0.2586177  -0.2586177
 -0.2586177  -0.2586177  -0.2586177   1.50497007 -0.2586177  -0.2586177
 -0.2586177  -0.2586177  -0.2586177  -0.2586177  -0.2586177  -0.2586177
 -0.2586177  -0.2586177  -0.2586177  -0.2586177  -0.2586177  -0.2586177
 -0.2586177  -0.2586177  -0.2586177  -0.2586177  -0.2586177  -0.2586177
 -0.2586177  -0.2586177  -0.2586177  -0.2586177  -0.2586177  -0.2586177
 -0.2586177  -0.2586177  -0.2586177  -0.2586177  -0.2586177  -0.2586177
 -0.2586177  -0.2586177  -0.2586177  -0.2586177  -0.2586177  -0.2586177
 -0.2586177   3.8261344  -0.2586177  -0.2586177  -0.2586177  -0.2586177
 -0.2586177  -0.2586177  -0.2586177  -0.2586177  -0.2586177  -0.2586177
 -0.2586177  -0.2586177  -0.2586177  -0.2586177  -0.2586177  -0.2586177
 -0.2586177  -0.2586177  -0.2586177  -0.2586177  -0.2586177  -0.2586177
 -0.2586177  -0.2586177  -0.2586177  -0.2586177  -0.2586177  -0.2586177
 -0.2586177  -0.2586177  -0.2586177  -0.2586177  -0.2586177  -0.2586177
 -0.2586177  -0.2586177  -0.2586177  -0.2586177  -0.2586177  -0.2586177
 -0.2586177  -0.2586177   2.34503086 -0.2586177  -0.2586177   1.1183721
  1.25275348 -0.2586177   2.30373217 -0.2586177  -0.2586177   2.72831104
 -0.2586177  -0.2586177  -0.2586177  -0.2586177  -0.2586177  -0.2586177
 -0.2586177  -0.2586177  -0.2586177  -0.2586177  -0.2586177  -0.2586177
 -0.2586177  -0.2586177  -0.2586177  -0.2586177  -0.2586177  -0.2586177
 -0.2586177   3.59359438 -0.2586177   2.21568186  3.21089203 -0.2586177
  2.4953619  -0.2586177   2.42183667  1.83887664 -0.2586177  -0.2586177
 -0.2586177  -0.2586177  -0.2586177   4.31952271 -0.2586177  -0.2586177
 -0.2586177  -0.2586177  -0.2586177   6.92282657  2.58428713 -0.2586177
 -0.2586177  -0.2586177   4.97876103  3.47857286 -0.2586177   2.80826808
 -0.2586177  -0.2586177  -0.2586177  -0.2586177   2.35669644 -0.2586177
  3.73459936 -0.2586177   6.21813493 -0.2586177   3.77494352  6.45915349
 -0.2586177  -0.2586177  -0.2586177  -0.2586177   3.98176584 -0.2586177
 -0.2586177  -0.2586177  -0.2586177  -0.2586177   4.30345615  2.06773668
 -0.2586177  -0.2586177  -0.2586177  -0.2586177  -0.2586177   2.37133699
 -0.2586177  -0.2586177  -0.2586177  -0.2586177  -0.2586177  -0.2586177
 -0.2586177  -0.2586177  -0.2586177  -0.2586177   4.5625621  -0.2586177
 -0.2586177  -0.2586177  -0.2586177  -0.2586177  -0.2586177  -0.2586177
 -0.2586177  -0.2586177  -0.2586177  -0.2586177  -0.2586177  -0.2586177
 -0.2586177  -0.2586177  -0.2586177  -0.2586177  -0.2586177  -0.2586177
 -0.2586177  -0.2586177  -0.2586177  -0.2586177  -0.2586177  -0.2586177
 -0.2586177  -0.2586177  -0.2586177  -0.2586177  -0.2586177  -0.2586177
 -0.2586177  -0.2586177  -0.2586177  -0.2586177  -0.2586177  -0.2586177
 -0.2586177  -0.2586177  -0.2586177  -0.2586177  -0.2586177  -0.2586177
 -0.2586177  -0.2586177  -0.2586177  -0.2586177  -0.2586177  -0.2586177
 -0.2586177  -0.2586177  -0.2586177  -0.2586177  -0.2586177  -0.2586177
 -0.2586177  -0.2586177  -0.2586177  -0.2586177  -0.2586177  -0.2586177
 -0.2586177  -0.2586177  -0.2586177  -0.2586177  -0.2586177  -0.2586177
 -0.2586177  -0.2586177  -0.2586177  -0.2586177  -0.2586177  -0.2586177
 -0.2586177  -0.2586177  -0.2586177  -0.2586177  -0.2586177  -0.2586177
 -0.2586177  -0.2586177  -0.2586177  -0.2586177  -0.2586177  -0.2586177
 -0.2586177  -0.2586177  -0.2586177  -0.2586177  -0.2586177  -0.2586177
 -0.2586177  -0.2586177  -0.2586177  -0.2586177  -0.2586177  -0.2586177
 -0.2586177  -0.2586177  -0.2586177  -0.2586177  -0.2586177  -0.2586177
 -0.2586177  -0.2586177  -0.2586177  -0.2586177  -0.2586177  -0.2586177
 -0.2586177  -0.2586177  -0.2586177  -0.2586177  -0.2586177  -0.2586177
 -0.2586177  -0.2586177  -0.2586177  -0.2586177   1.42396577 -0.2586177
 -0.2586177  -0.2586177  -0.2586177  -0.2586177  -0.2586177  -0.2586177
 -0.2586177  -0.2586177  -0.2586177  -0.2586177  -0.2586177  -0.2586177
 -0.2586177  -0.2586177  -0.2586177  -0.2586177  -0.2586177  -0.2586177
 -0.2586177  -0.2586177  -0.2586177  -0.2586177  -0.2586177  -0.2586177
 -0.2586177  -0.2586177  -0.2586177  -0.2586177  -0.2586177  -0.2586177
 -0.2586177  -0.2586177  -0.2586177  -0.2586177  -0.2586177  -0.2586177
 -0.2586177  -0.2586177   3.51303793 -0.2586177  -0.2586177  -0.2586177
 -0.2586177  -0.2586177  -0.2586177  -0.2586177   3.10654924 -0.2586177
 -0.2586177  -0.2586177  -0.2586177  -0.2586177  -0.2586177  -0.2586177
 -0.2586177  -0.2586177  -0.2586177  -0.2586177  -0.2586177  -0.2586177
 -0.2586177   3.97738483 -0.2586177  -0.2586177  -0.2586177  -0.2586177
 -0.2586177  -0.2586177  -0.2586177  -0.2586177  -0.2586177  -0.2586177
 -0.2586177  -0.2586177  -0.2586177  -0.2586177  -0.2586177  -0.2586177
 -0.2586177  -0.2586177  -0.2586177  -0.2586177  -0.2586177  -0.2586177
 -0.2586177  -0.2586177  -0.2586177  -0.2586177  -0.2586177  -0.2586177
 -0.2586177  -0.2586177   5.7751498  -0.2586177 ]",[-0.07406540365150366]
16,"[-0.24355737 -0.24355737 -0.24355737 -0.24355737  0.58605372 -0.24355737
 -0.24355737 -0.24355737 -0.24355737 -0.24355737 -0.24355737 -0.24355737
 -0.24355737 -0.24355737 -0.24355737 -0.24355737 -0.24355737 -0.24355737
 -0.24355737 -0.24355737 -0.24355737 -0.24355737 -0.24355737 -0.24355737
 -0.24355737 -0.24355737 -0.24355737 -0.24355737 -0.24355737 -0.24355737
 -0.24355737 -0.24355737 -0.24355737 -0.24355737 -0.24355737 -0.24355737
 -0.24355737 -0.24355737 -0.24355737 -0.24355737 -0.24355737 -0.24355737
 -0.24355737 -0.24355737 -0.24355737 -0.24355737 -0.24355737 -0.24355737
 -0.24355737 -0.24355737 -0.24355737 -0.24355737 -0.24355737 -0.24355737
 -0.24355737 -0.24355737 -0.24355737 -0.24355737 -0.24355737 -0.24355737
 -0.24355737 -0.24355737 -0.24355737 -0.24355737 -0.24355737 -0.24355737
 -0.24355737 -0.24355737 -0.24355737 -0.24355737 -0.24355737 -0.24355737
 -0.24355737 -0.24355737 -0.24355737 -0.24355737 -0.24355737 -0.24355737
 -0.24355737 -0.24355737 -0.24355737 -0.24355737 -0.24355737  6.53087276
 -0.24355737 -0.24355737 -0.24355737 -0.24355737 -0.24355737  3.172128
 -0.24355737 -0.24355737  0.99808406 -0.24355737 -0.24355737 -0.24355737
 -0.24355737 -0.24355737 -0.24355737 -0.24355737 -0.24355737 -0.24355737
 -0.24355737 -0.24355737 -0.24355737 -0.24355737 -0.24355737 -0.24355737
 -0.24355737 -0.24355737  6.18876815 -0.24355737 -0.24355737 -0.24355737
 -0.24355737 -0.24355737 -0.24355737 -0.24355737 -0.24355737 -0.24355737
 -0.24355737 -0.24355737 -0.24355737  0.15391212  5.00998753 -0.24355737
 -0.24355737 -0.24355737 -0.24355737 -0.24355737 -0.24355737 -0.24355737
 -0.24355737 -0.24355737 -0.24355737 -0.24355737 -0.24355737 -0.24355737
 -0.24355737 -0.24355737 -0.24355737 -0.24355737 -0.24355737 -0.24355737
 -0.24355737 -0.24355737 -0.24355737 -0.24355737 -0.24355737 -0.24355737
 -0.24355737 -0.24355737 -0.24355737 -0.24355737 -0.24355737 -0.24355737
 -0.24355737 -0.24355737 -0.24355737 -0.24355737 -0.24355737 -0.24355737
 -0.24355737  1.33406269 -0.24355737 -0.24355737 -0.24355737 -0.24355737
 -0.24355737 -0.24355737 -0.24355737 -0.24355737 -0.24355737 -0.24355737
 -0.24355737 -0.24355737 -0.24355737 -0.24355737 -0.24355737 -0.24355737
 -0.24355737 -0.24355737 -0.24355737 -0.24355737 -0.24355737 -0.24355737
 -0.24355737 -0.24355737 -0.24355737 -0.24355737 -0.24355737 -0.24355737
 -0.24355737 -0.24355737 -0.24355737 -0.24355737 -0.24355737 -0.24355737
 -0.24355737 -0.24355737 -0.24355737 -0.24355737 -0.24355737 -0.24355737
 -0.24355737 -0.24355737 -0.24355737 -0.24355737 -0.24355737 -0.24355737
  1.60971884 -0.24355737  0.1114355  -0.24355737 -0.24355737  0.51866116
 -0.24355737 -0.24355737 -0.24355737 -0.24355737 -0.24355737 -0.24355737
 -0.24355737 -0.24355737 -0.24355737 -0.24355737 -0.24355737 -0.24355737
 -0.24355737 -0.24355737 -0.24355737 -0.24355737 -0.24355737 -0.24355737
 -0.24355737  2.91497022 -0.24355737  3.79838807  2.68982737 -0.24355737
  2.91196831  0.58567276  1.8826482  -0.24355737 -0.24355737 -0.24355737
 -0.24355737 -0.24355737 -0.24355737 -0.24355737 -0.24355737 -0.24355737
 -0.24355737 -0.24355737 -0.24355737  5.09740532  1.76269849 -0.24355737
 -0.24355737 -0.24355737  3.43110785  2.30662627 -0.24355737  0.9280938
 -0.24355737 -0.24355737 -0.24355737  2.17437242  0.76692899 -0.24355737
  3.94644298 -0.24355737  4.99585957 -0.24355737  4.18085316  5.76269629
 -0.24355737  3.53755996 -0.24355737 -0.24355737  3.50490533 -0.24355737
  2.8213521  -0.24355737 -0.24355737 -0.24355737  4.73990193  3.60366486
 -0.24355737 -0.24355737 -0.24355737  2.79637904 -0.24355737 -0.24355737
 -0.24355737 -0.24355737 -0.24355737 -0.24355737 -0.24355737 -0.24355737
 -0.24355737 -0.24355737 -0.24355737 -0.24355737 -0.24355737 -0.24355737
 -0.24355737 -0.24355737 -0.24355737 -0.24355737 -0.24355737  3.68607992
 -0.24355737 -0.24355737 -0.24355737 -0.24355737 -0.24355737 -0.24355737
 -0.24355737 -0.24355737 -0.24355737 -0.24355737 -0.24355737 -0.24355737
 -0.24355737 -0.24355737 -0.24355737 -0.24355737 -0.24355737 -0.24355737
 -0.24355737 -0.24355737 -0.24355737 -0.24355737 -0.24355737 -0.24355737
 -0.24355737 -0.24355737 -0.24355737 -0.24355737 -0.24355737 -0.24355737
 -0.24355737 -0.24355737 -0.24355737 -0.24355737 -0.24355737 -0.24355737
 -0.24355737 -0.24355737 -0.24355737 -0.24355737 -0.24355737 -0.24355737
 -0.24355737 -0.24355737 -0.24355737 -0.24355737 -0.24355737 -0.24355737
 -0.24355737 -0.24355737 -0.24355737 -0.24355737 -0.24355737 -0.24355737
 -0.24355737 -0.24355737 -0.24355737 -0.24355737 -0.24355737 -0.24355737
 -0.24355737 -0.24355737 -0.24355737 -0.24355737 -0.24355737 -0.24355737
 -0.24355737 -0.24355737 -0.24355737 -0.24355737 -0.24355737 -0.24355737
 -0.24355737 -0.24355737 -0.24355737 -0.24355737 -0.24355737 -0.24355737
 -0.24355737 -0.24355737 -0.24355737 -0.24355737 -0.24355737 -0.24355737
 -0.24355737 -0.24355737 -0.24355737 -0.24355737 -0.24355737 -0.24355737
 -0.24355737 -0.24355737 -0.24355737 -0.24355737 -0.24355737 -0.24355737
 -0.24355737 -0.24355737 -0.24355737 -0.24355737 -0.24355737 -0.24355737
 -0.24355737 -0.24355737 -0.24355737 -0.24355737 -0.24355737 -0.24355737
 -0.24355737 -0.24355737 -0.24355737 -0.24355737  6.1314525  -0.24355737
 -0.24355737 -0.24355737 -0.24355737 -0.24355737 -0.24355737 -0.24355737
 -0.24355737 -0.24355737 -0.24355737 -0.24355737 -0.24355737 -0.24355737
 -0.24355737 -0.24355737 -0.24355737 -0.24355737 -0.24355737 -0.24355737
  3.75180676 -0.24355737 -0.24355737 -0.24355737 -0.24355737 -0.24355737
 -0.24355737 -0.24355737 -0.24355737 -0.24355737 -0.24355737 -0.24355737
 -0.24355737 -0.24355737 -0.24355737 -0.24355737 -0.24355737 -0.24355737
 -0.24355737 -0.24355737 -0.24355737 -0.24355737 -0.24355737 -0.24355737
 -0.24355737 -0.24355737 -0.24355737 -0.24355737 -0.24355737 -0.24355737
 -0.24355737 -0.24355737 -0.24355737 -0.24355737 -0.24355737 -0.24355737
 -0.24355737 -0.24355737 -0.24355737 -0.24355737 -0.24355737 -0.24355737
 -0.24355737 -0.24355737 -0.24355737 -0.24355737 -0.24355737 -0.24355737
 -0.24355737 -0.24355737 -0.24355737 -0.24355737 -0.24355737 -0.24355737
 -0.24355737 -0.24355737 -0.24355737 -0.24355737 -0.24355737 -0.24355737
 -0.24355737 -0.24355737 -0.24355737 -0.24355737 -0.24355737 -0.24355737
 -0.24355737 -0.24355737 -0.24355737 -0.24355737 -0.24355737 -0.24355737
 -0.24355737 -0.24355737  6.47130307 -0.24355737]",[-0.022428399252065245]
16,"[-0.22444749 -0.22444749 -0.22444749 -0.22444749 -0.22444749 -0.22444749
 -0.22444749 -0.22444749 -0.22444749 -0.22444749 -0.22444749 -0.22444749
 -0.22444749 -0.22444749 -0.22444749 -0.22444749 -0.22444749 -0.22444749
 -0.22444749 -0.22444749 -0.22444749 -0.22444749 -0.22444749 -0.22444749
 -0.22444749 -0.22444749 -0.22444749 -0.22444749 -0.22444749 -0.22444749
 -0.22444749 -0.22444749 -0.22444749 -0.22444749 -0.22444749 -0.22444749
 -0.22444749 -0.22444749 -0.22444749 -0.22444749 -0.22444749 -0.22444749
 -0.22444749 -0.22444749 -0.22444749 -0.22444749 -0.22444749 -0.22444749
 -0.22444749 -0.22444749 -0.22444749 -0.22444749 -0.22444749 -0.22444749
 -0.22444749 -0.22444749 -0.22444749 -0.22444749 -0.22444749 -0.22444749
 -0.22444749 -0.22444749 -0.22444749 -0.22444749 -0.22444749 -0.22444749
 -0.22444749 -0.22444749 -0.22444749 -0.22444749 -0.22444749 -0.22444749
 -0.22444749 -0.22444749 -0.22444749 -0.22444749 -0.22444749 -0.22444749
 -0.22444749 -0.22444749 -0.22444749 -0.22444749 -0.22444749  7.05361027
 -0.22444749 -0.22444749 -0.22444749 -0.22444749 -0.22444749 -0.22444749
 -0.22444749 -0.22444749  3.45855087 -0.22444749 -0.22444749 -0.22444749
 -0.22444749 -0.22444749 -0.22444749 -0.22444749 -0.22444749 -0.22444749
 -0.22444749 -0.22444749 -0.22444749 -0.22444749 -0.22444749 -0.22444749
 -0.22444749 -0.22444749  5.3359316  -0.22444749 -0.22444749 -0.22444749
 -0.22444749 -0.22444749 -0.22444749 -0.22444749 -0.22444749 -0.22444749
 -0.22444749 -0.22444749 -0.22444749 -0.22444749  3.84192792 -0.22444749
 -0.22444749 -0.22444749 -0.22444749 -0.22444749 -0.22444749 -0.22444749
 -0.22444749 -0.22444749 -0.22444749 -0.22444749 -0.22444749 -0.22444749
 -0.22444749 -0.22444749 -0.22444749 -0.22444749 -0.22444749 -0.22444749
 -0.22444749 -0.22444749 -0.22444749 -0.22444749 -0.22444749 -0.22444749
 -0.22444749 -0.22444749 -0.22444749 -0.22444749 -0.22444749 -0.22444749
 -0.22444749 -0.22444749 -0.22444749 -0.22444749 -0.22444749 -0.22444749
 -0.22444749 -0.22444749 -0.22444749 -0.22444749 -0.22444749 -0.22444749
 -0.22444749 -0.22444749 -0.22444749 -0.22444749 -0.22444749 -0.22444749
 -0.22444749 -0.22444749 -0.22444749 -0.22444749 -0.22444749 -0.22444749
 -0.22444749 -0.22444749 -0.22444749 -0.22444749 -0.22444749 -0.22444749
 -0.22444749 -0.22444749 -0.22444749 -0.22444749 -0.22444749 -0.22444749
 -0.22444749 -0.22444749 -0.22444749 -0.22444749 -0.22444749 -0.22444749
 -0.22444749 -0.22444749  1.70157598 -0.22444749 -0.22444749 -0.22444749
 -0.22444749 -0.22444749 -0.22444749 -0.22444749 -0.22444749 -0.22444749
  2.51458499 -0.22444749 -0.22444749 -0.22444749  2.45034494  3.15515947
 -0.22444749 -0.22444749 -0.22444749 -0.22444749 -0.22444749 -0.22444749
 -0.22444749 -0.22444749 -0.22444749 -0.22444749 -0.22444749 -0.22444749
 -0.22444749 -0.22444749 -0.22444749 -0.22444749 -0.22444749 -0.22444749
 -0.22444749  3.93544904 -0.22444749  6.13766895  5.35956079 -0.22444749
  3.74026992  3.46957786 -0.22444749 -0.22444749 -0.22444749 -0.22444749
 -0.22444749 -0.22444749 -0.22444749 -0.22444749 -0.22444749 -0.22444749
 -0.22444749 -0.22444749 -0.22444749  4.68552235  4.32604059 -0.22444749
 -0.22444749 -0.22444749 -0.22444749  3.70152453 -0.22444749  0.33094255
 -0.22444749 -0.22444749 -0.22444749 -0.22444749  1.12582706 -0.22444749
 -0.22444749 -0.22444749  7.41683574 -0.22444749  2.96232226  6.36046069
 -0.22444749  1.75772485 -0.22444749 -0.22444749  4.28709769 -0.22444749
 -0.22444749  1.33362148 -0.22444749 -0.22444749 -0.22444749  4.17381991
 -0.22444749 -0.22444749 -0.22444749 -0.22444749 -0.22444749 -0.22444749
 -0.22444749 -0.22444749  4.81617562 -0.22444749 -0.22444749 -0.22444749
 -0.22444749 -0.22444749 -0.22444749 -0.22444749 -0.22444749 -0.22444749
 -0.22444749 -0.22444749 -0.22444749 -0.22444749 -0.22444749  1.55832099
 -0.22444749 -0.22444749 -0.22444749 -0.22444749 -0.22444749 -0.22444749
 -0.22444749 -0.22444749 -0.22444749 -0.22444749 -0.22444749 -0.22444749
 -0.22444749 -0.22444749 -0.22444749 -0.22444749 -0.22444749 -0.22444749
 -0.22444749 -0.22444749 -0.22444749 -0.22444749 -0.22444749 -0.22444749
 -0.22444749 -0.22444749 -0.22444749 -0.22444749 -0.22444749 -0.22444749
 -0.22444749 -0.22444749 -0.22444749 -0.22444749 -0.22444749 -0.22444749
 -0.22444749 -0.22444749 -0.22444749 -0.22444749 -0.22444749 -0.22444749
 -0.22444749 -0.22444749 -0.22444749 -0.22444749 -0.22444749 -0.22444749
 -0.22444749 -0.22444749 -0.22444749 -0.22444749 -0.22444749 -0.22444749
 -0.22444749 -0.22444749 -0.22444749 -0.22444749 -0.22444749 -0.22444749
 -0.22444749 -0.22444749 -0.22444749 -0.22444749 -0.22444749 -0.22444749
 -0.22444749 -0.22444749 -0.22444749 -0.22444749 -0.22444749 -0.22444749
 -0.22444749 -0.22444749 -0.22444749 -0.22444749 -0.22444749 -0.22444749
 -0.22444749 -0.22444749 -0.22444749 -0.22444749 -0.22444749 -0.22444749
 -0.22444749 -0.22444749 -0.22444749 -0.22444749 -0.22444749 -0.22444749
 -0.22444749 -0.22444749 -0.22444749 -0.22444749 -0.22444749 -0.22444749
 -0.22444749 -0.22444749 -0.22444749 -0.22444749 -0.22444749 -0.22444749
 -0.22444749 -0.22444749 -0.22444749 -0.22444749 -0.22444749 -0.22444749
 -0.22444749 -0.22444749 -0.22444749 -0.22444749 -0.22444749  3.7523614
 -0.22444749 -0.22444749 -0.22444749 -0.22444749 -0.22444749 -0.22444749
 -0.22444749 -0.22444749 -0.22444749 -0.22444749 -0.22444749 -0.22444749
 -0.22444749 -0.22444749 -0.22444749 -0.22444749 -0.22444749 -0.22444749
 -0.22444749 -0.22444749 -0.22444749 -0.22444749 -0.22444749 -0.22444749
 -0.22444749 -0.22444749 -0.22444749 -0.22444749 -0.22444749 -0.22444749
 -0.22444749 -0.22444749 -0.22444749 -0.22444749 -0.22444749 -0.22444749
 -0.22444749 -0.22444749 -0.22444749 -0.22444749 -0.22444749 -0.22444749
 -0.22444749 -0.22444749 -0.22444749 -0.22444749 -0.22444749 -0.22444749
 -0.22444749 -0.22444749 -0.22444749 -0.22444749 -0.22444749 -0.22444749
 -0.22444749 -0.22444749 -0.22444749 -0.22444749 -0.22444749 -0.22444749
 -0.22444749  3.88493844 -0.22444749 -0.22444749 -0.22444749 -0.22444749
 -0.22444749 -0.22444749 -0.22444749 -0.22444749 -0.22444749 -0.22444749
 -0.22444749 -0.22444749 -0.22444749 -0.22444749 -0.22444749 -0.22444749
 -0.22444749 -0.22444749 -0.22444749 -0.22444749 -0.22444749 -0.22444749
 -0.22444749 -0.22444749 -0.22444749 -0.22444749 -0.22444749 -0.22444749
 -0.22444749 -0.22444749  1.35152356 -0.22444749]",[-0.02029379329412212]
16,"[-0.26525245 -0.26525245 -0.26525245 -0.26525245 -0.21271256 -0.26525245
 -0.26525245 -0.26525245 -0.26525245 -0.26525245 -0.26525245 -0.26525245
 -0.26525245 -0.26525245 -0.26525245 -0.26525245 -0.26525245 -0.26525245
  0.75810569 -0.26525245 -0.26525245 -0.26525245 -0.26525245 -0.26525245
 -0.26525245 -0.26525245 -0.26525245  0.09206625 -0.26525245 -0.26525245
 -0.26525245 -0.26525245 -0.26525245 -0.26525245 -0.26525245 -0.26525245
 -0.26525245 -0.26525245 -0.26525245 -0.26525245 -0.26525245 -0.26525245
 -0.26525245 -0.26525245 -0.26525245 -0.26525245 -0.26525245 -0.26525245
 -0.26525245 -0.26525245 -0.26525245 -0.26525245 -0.26525245 -0.26525245
 -0.26525245 -0.26525245 -0.26525245 -0.26525245 -0.26525245 -0.26525245
 -0.26525245 -0.26525245 -0.26525245 -0.26525245 -0.26525245 -0.26525245
 -0.26525245 -0.26525245 -0.26525245 -0.26525245 -0.26525245 -0.26525245
 -0.26525245 -0.26525245 -0.26525245 -0.26525245 -0.26525245 -0.26525245
 -0.26525245 -0.26525245 -0.26525245 -0.26525245 -0.26525245  6.24410258
 -0.26525245 -0.26525245 -0.26525245 -0.26525245 -0.26525245 -0.26525245
 -0.26525245 -0.26525245  2.16557494 -0.26525245 -0.26525245 -0.26525245
 -0.26525245 -0.26525245 -0.26525245 -0.26525245 -0.26525245 -0.26525245
 -0.26525245 -0.26525245 -0.26525245 -0.26525245 -0.26525245 -0.26525245
 -0.26525245 -0.26525245  5.26816597 -0.26525245 -0.26525245 -0.26525245
 -0.26525245 -0.26525245 -0.26525245 -0.26525245 -0.26525245 -0.26525245
 -0.26525245 -0.26525245 -0.26525245 -0.26525245  3.23864752 -0.26525245
 -0.26525245 -0.26525245 -0.26525245 -0.26525245 -0.26525245 -0.26525245
 -0.26525245 -0.26525245 -0.26525245 -0.26525245 -0.26525245 -0.26525245
 -0.26525245 -0.26525245 -0.26525245 -0.26525245 -0.26525245 -0.26525245
 -0.26525245 -0.26525245 -0.26525245 -0.26525245 -0.26525245 -0.26525245
 -0.26525245 -0.26525245 -0.26525245 -0.26525245 -0.26525245 -0.26525245
 -0.26525245 -0.26525245 -0.26525245 -0.26525245 -0.26525245 -0.26525245
 -0.26525245 -0.26525245 -0.26525245 -0.26525245 -0.26525245 -0.26525245
 -0.26525245 -0.26525245 -0.26525245 -0.26525245 -0.26525245  1.2812852
 -0.26525245 -0.26525245 -0.26525245 -0.26525245 -0.26525245 -0.26525245
 -0.26525245 -0.26525245 -0.26525245 -0.26525245 -0.26525245 -0.26525245
 -0.26525245 -0.26525245 -0.26525245 -0.26525245 -0.26525245 -0.26525245
 -0.26525245 -0.26525245 -0.26525245 -0.26525245 -0.26525245 -0.26525245
 -0.26525245 -0.26525245 -0.26525245 -0.26525245 -0.26525245  1.17644291
 -0.26525245 -0.26525245 -0.26525245 -0.26525245 -0.26525245 -0.26525245
  4.86534204 -0.26525245  0.08888005 -0.26525245  2.50775709  3.61436715
 -0.26525245 -0.26525245 -0.26525245 -0.26525245 -0.26525245 -0.26525245
 -0.26525245 -0.26525245 -0.26525245 -0.26525245 -0.26525245 -0.26525245
 -0.26525245 -0.26525245 -0.26525245  1.80446472 -0.26525245 -0.26525245
 -0.26525245  2.76135328 -0.26525245  5.33359343  4.64967737 -0.26525245
  2.84104117  0.51290927  4.99487709 -0.26525245 -0.26525245 -0.26525245
 -0.26525245 -0.26525245 -0.26525245 -0.26525245 -0.26525245 -0.26525245
 -0.26525245 -0.26525245 -0.26525245  5.52118279  2.80174417 -0.26525245
 -0.26525245 -0.26525245  3.12845999  3.5224239  -0.26525245  1.58261004
 -0.26525245 -0.26525245 -0.26525245  1.54487205 -0.26525245 -0.26525245
  2.67115545 -0.26525245  4.95971191 -0.26525245  2.31283147 -0.26525245
 -0.26525245  1.14881631 -0.26525245 -0.26525245  3.42687015 -0.26525245
 -0.26525245  1.85525225 -0.26525245 -0.26525245  6.03865746  3.27004323
  1.60967839 -0.26525245 -0.26525245 -0.26525245 -0.26525245 -0.26525245
 -0.26525245 -0.26525245 -0.26525245 -0.26525245 -0.26525245 -0.26525245
 -0.26525245 -0.26525245 -0.26525245 -0.26525245  3.59030974 -0.26525245
 -0.26525245 -0.26525245 -0.26525245 -0.26525245 -0.26525245  3.0680337
 -0.26525245  1.00040041 -0.26525245 -0.26525245 -0.26525245 -0.26525245
 -0.26525245 -0.26525245 -0.26525245 -0.26525245 -0.26525245 -0.26525245
 -0.26525245 -0.26525245 -0.26525245 -0.26525245 -0.26525245 -0.26525245
 -0.26525245 -0.26525245 -0.26525245 -0.26525245 -0.26525245 -0.26525245
 -0.26525245 -0.26525245 -0.26525245 -0.26525245 -0.26525245 -0.26525245
 -0.26525245 -0.26525245 -0.26525245 -0.26525245 -0.26525245 -0.26525245
 -0.26525245 -0.26525245 -0.26525245 -0.26525245 -0.26525245 -0.26525245
 -0.26525245 -0.26525245 -0.26525245 -0.26525245 -0.26525245 -0.26525245
 -0.26525245 -0.26525245 -0.26525245 -0.26525245 -0.26525245 -0.26525245
 -0.26525245 -0.26525245 -0.26525245 -0.26525245 -0.26525245 -0.26525245
 -0.26525245 -0.26525245 -0.26525245 -0.26525245 -0.26525245 -0.26525245
 -0.26525245 -0.26525245 -0.26525245 -0.26525245 -0.26525245 -0.26525245
 -0.26525245 -0.26525245 -0.26525245 -0.26525245 -0.26525245 -0.26525245
 -0.26525245 -0.26525245 -0.26525245 -0.26525245 -0.26525245 -0.26525245
 -0.26525245 -0.26525245 -0.26525245 -0.26525245 -0.26525245 -0.26525245
 -0.26525245 -0.26525245 -0.26525245 -0.26525245 -0.26525245 -0.26525245
 -0.26525245 -0.26525245 -0.26525245 -0.26525245 -0.26525245 -0.26525245
 -0.26525245 -0.26525245 -0.26525245 -0.26525245 -0.26525245 -0.26525245
 -0.26525245 -0.26525245 -0.26525245 -0.26525245 -0.26525245  2.62618075
 -0.26525245 -0.26525245 -0.26525245 -0.26525245 -0.26525245 -0.26525245
 -0.26525245  1.80446472 -0.26525245 -0.26525245 -0.26525245 -0.26525245
 -0.26525245 -0.26525245 -0.26525245 -0.26525245 -0.26525245 -0.26525245
 -0.26525245 -0.26525245 -0.26525245 -0.26525245 -0.26525245 -0.26525245
  0.4772209  -0.26525245 -0.26525245 -0.26525245 -0.26525245 -0.26525245
 -0.26525245 -0.26525245 -0.26525245 -0.26525245 -0.26525245 -0.26525245
 -0.26525245 -0.26525245  1.03297556 -0.26525245 -0.26525245 -0.26525245
 -0.26525245 -0.26525245 -0.26525245 -0.26525245 -0.26525245 -0.26525245
 -0.26525245 -0.26525245 -0.26525245 -0.26525245 -0.26525245 -0.26525245
 -0.26525245 -0.26525245 -0.26525245 -0.26525245 -0.26525245 -0.26525245
 -0.26525245  5.61393468  4.51536925 -0.26525245 -0.26525245 -0.26525245
 -0.26525245 -0.26525245 -0.26525245 -0.26525245 -0.26525245 -0.26525245
 -0.26525245 -0.26525245 -0.26525245 -0.26525245 -0.26525245 -0.26525245
 -0.26525245 -0.26525245 -0.26525245 -0.26525245 -0.26525245 -0.26525245
 -0.26525245 -0.26525245 -0.26525245 -0.26525245 -0.26525245 -0.26525245
 -0.26525245 -0.26525245  2.88577342 -0.26525245]",[0.028018701270312585]
16,"[-0.23621906 -0.23621906 -0.23621906 -0.23621906 -0.17882572 -0.23621906
 -0.23621906 -0.23621906 -0.23621906 -0.23621906 -0.23621906 -0.23621906
 -0.23621906 -0.23621906 -0.23621906 -0.23621906 -0.23621906 -0.23621906
 -0.23621906 -0.23621906 -0.23621906 -0.23621906 -0.23621906 -0.23621906
 -0.23621906 -0.23621906 -0.23621906 -0.23621906 -0.23621906 -0.23621906
 -0.23621906 -0.23621906 -0.23621906 -0.23621906 -0.23621906 -0.23621906
 -0.23621906 -0.23621906 -0.23621906 -0.23621906 -0.23621906 -0.23621906
 -0.23621906 -0.23621906 -0.23621906 -0.23621906 -0.23621906 -0.23621906
 -0.23621906 -0.23621906 -0.23621906 -0.23621906 -0.23621906 -0.23621906
 -0.23621906 -0.23621906 -0.23621906 -0.23621906 -0.23621906 -0.23621906
 -0.23621906 -0.23621906 -0.23621906 -0.23621906 -0.23621906 -0.23621906
 -0.23621906 -0.23621906 -0.23621906 -0.23621906 -0.23621906 -0.23621906
 -0.23621906 -0.23621906 -0.23621906 -0.23621906 -0.23621906 -0.23621906
 -0.23621906 -0.23621906 -0.23621906 -0.23621906 -0.23621906  5.51464449
 -0.23621906 -0.23621906 -0.23621906 -0.23621906 -0.23621906  1.28127622
 -0.23621906 -0.23621906  1.33367152 -0.23621906 -0.23621906 -0.23621906
 -0.23621906 -0.23621906 -0.23621906 -0.23621906 -0.23621906 -0.23621906
 -0.23621906 -0.23621906 -0.23621906 -0.23621906 -0.23621906 -0.23621906
 -0.23621906 -0.23621906  6.41001694 -0.23621906 -0.23621906 -0.23621906
 -0.23621906 -0.23621906  5.05065333 -0.23621906 -0.23621906 -0.23621906
 -0.23621906 -0.23621906 -0.23621906 -0.23621906  5.26786563 -0.23621906
 -0.23621906 -0.23621906 -0.23621906 -0.23621906 -0.23621906 -0.23621906
 -0.23621906 -0.23621906 -0.23621906 -0.23621906 -0.23621906 -0.23621906
 -0.23621906 -0.23621906 -0.23621906 -0.23621906 -0.23621906 -0.23621906
 -0.23621906 -0.23621906 -0.23621906 -0.23621906 -0.23621906 -0.23621906
 -0.23621906 -0.23621906 -0.23621906 -0.23621906 -0.23621906 -0.23621906
 -0.23621906 -0.23621906 -0.23621906 -0.23621906 -0.23621906 -0.23621906
 -0.23621906 -0.23621906 -0.23621906 -0.23621906 -0.23621906 -0.23621906
 -0.23621906 -0.23621906 -0.23621906 -0.23621906 -0.23621906 -0.23621906
 -0.23621906 -0.23621906 -0.23621906 -0.23621906 -0.23621906 -0.23621906
 -0.23621906 -0.23621906 -0.23621906 -0.23621906 -0.23621906 -0.23621906
 -0.23621906 -0.23621906 -0.23621906 -0.23621906 -0.23621906 -0.23621906
 -0.23621906 -0.23621906 -0.23621906 -0.23621906 -0.23621906 -0.23621906
 -0.23621906 -0.23621906 -0.23621906 -0.23621906 -0.23621906 -0.23621906
 -0.23621906 -0.23621906 -0.23621906 -0.23621906 -0.23621906  3.03479735
  2.02469124 -0.23621906 -0.23621906 -0.23621906 -0.23621906 -0.23621906
 -0.23621906 -0.23621906 -0.23621906 -0.23621906 -0.23621906 -0.23621906
 -0.23621906 -0.23621906 -0.23621906 -0.23621906 -0.23621906 -0.23621906
 -0.23621906 -0.23621906 -0.23621906 -0.23621906 -0.23621906 -0.23621906
 -0.23621906  2.6990269  -0.23621906  5.70584108  4.2520438  -0.23621906
  3.04658709 -0.23621906  2.47946154 -0.23621906 -0.23621906 -0.23621906
 -0.23621906 -0.23621906  4.28560154 -0.23621906 -0.23621906 -0.23621906
 -0.23621906 -0.23621906 -0.23621906 -0.23621906 -0.23621906 -0.23621906
 -0.23621906 -0.23621906 -0.23621906  4.62267956 -0.23621906  1.44677249
 -0.23621906 -0.23621906 -0.23621906  1.33367152  2.21077609 -0.23621906
 -0.23621906 -0.23621906  5.97092177 -0.23621906  2.92716716 -0.23621906
 -0.23621906 -0.23621906 -0.23621906  1.17103426  2.87726135 -0.23621906
 -0.23621906  3.48323777 -0.23621906 -0.23621906  5.77568885  2.78495626
 -0.23621906 -0.23621906 -0.23621906  1.78159118 -0.23621906 -0.23621906
 -0.23621906 -0.23621906 -0.23621906 -0.23621906 -0.23621906 -0.23621906
 -0.23621906 -0.23621906 -0.23621906 -0.23621906 -0.23621906 -0.23621906
 -0.23621906 -0.23621906 -0.23621906 -0.23621906 -0.23621906  3.34863452
 -0.23621906 -0.23621906 -0.23621906 -0.23621906 -0.23621906 -0.23621906
 -0.23621906 -0.23621906 -0.23621906 -0.23621906 -0.23621906 -0.23621906
 -0.23621906 -0.23621906 -0.23621906 -0.23621906 -0.23621906 -0.23621906
 -0.23621906 -0.23621906 -0.23621906 -0.23621906 -0.23621906 -0.23621906
 -0.23621906 -0.23621906 -0.23621906 -0.23621906 -0.23621906 -0.23621906
 -0.23621906 -0.23621906 -0.23621906 -0.23621906 -0.23621906 -0.23621906
 -0.23621906 -0.23621906 -0.23621906 -0.23621906 -0.23621906 -0.23621906
 -0.23621906 -0.23621906 -0.23621906 -0.23621906 -0.23621906 -0.23621906
 -0.23621906 -0.23621906 -0.23621906 -0.23621906 -0.23621906 -0.23621906
 -0.23621906 -0.23621906 -0.23621906 -0.23621906 -0.23621906 -0.23621906
 -0.23621906 -0.23621906 -0.23621906 -0.23621906 -0.23621906 -0.23621906
 -0.23621906 -0.23621906 -0.23621906 -0.23621906 -0.23621906 -0.23621906
 -0.23621906 -0.23621906 -0.23621906 -0.23621906 -0.23621906 -0.23621906
 -0.23621906 -0.23621906 -0.23621906 -0.23621906 -0.23621906 -0.23621906
 -0.23621906 -0.23621906 -0.23621906 -0.23621906 -0.23621906 -0.23621906
 -0.23621906 -0.23621906 -0.23621906 -0.23621906 -0.23621906 -0.23621906
 -0.23621906 -0.23621906 -0.23621906 -0.23621906 -0.23621906 -0.23621906
 -0.23621906 -0.23621906 -0.23621906 -0.23621906 -0.23621906 -0.23621906
 -0.23621906 -0.23621906 -0.23621906 -0.23621906  5.32921352  4.64334363
 -0.23621906 -0.23621906 -0.23621906 -0.23621906 -0.23621906 -0.23621906
 -0.23621906 -0.23621906 -0.23621906 -0.23621906 -0.23621906 -0.23621906
 -0.23621906 -0.23621906 -0.23621906 -0.23621906 -0.23621906 -0.23621906
 -0.23621906 -0.23621906 -0.23621906 -0.23621906 -0.23621906 -0.23621906
 -0.23621906 -0.23621906 -0.23621906 -0.23621906 -0.23621906 -0.23621906
 -0.23621906 -0.23621906 -0.23621906 -0.23621906 -0.23621906 -0.23621906
 -0.23621906 -0.23621906 -0.23621906 -0.23621906 -0.23621906 -0.23621906
  4.11525267 -0.23621906 -0.23621906 -0.23621906 -0.23621906 -0.23621906
 -0.23621906 -0.23621906 -0.23621906 -0.23621906 -0.23621906 -0.23621906
 -0.23621906 -0.23621906 -0.23621906 -0.23621906 -0.23621906 -0.23621906
 -0.23621906  4.0169478  -0.23621906 -0.23621906 -0.23621906 -0.23621906
 -0.23621906 -0.23621906 -0.23621906 -0.23621906 -0.23621906 -0.23621906
 -0.23621906 -0.23621906 -0.23621906 -0.23621906 -0.23621906 -0.23621906
 -0.23621906 -0.23621906 -0.23621906 -0.23621906 -0.23621906 -0.23621906
 -0.23621906 -0.23621906 -0.23621906 -0.23621906 -0.23621906 -0.23621906
 -0.23621906 -0.23621906  4.99217808 -0.23621906]",[-0.07093599921200147]
16,"[-0.26656129 -0.26656129 -0.26656129 -0.26656129  0.01618788 -0.26656129
 -0.26656129 -0.26656129 -0.26656129 -0.26656129 -0.26656129 -0.26656129
 -0.26656129 -0.26656129 -0.26656129 -0.26656129 -0.26656129 -0.26656129
 -0.26656129 -0.26656129 -0.26656129 -0.26656129 -0.26656129 -0.26656129
 -0.26656129 -0.26656129 -0.26656129 -0.26656129 -0.26656129 -0.26656129
 -0.26656129 -0.26656129 -0.26656129 -0.26656129 -0.26656129 -0.26656129
 -0.26656129 -0.26656129 -0.26656129 -0.26656129 -0.26656129 -0.26656129
 -0.26656129 -0.26656129 -0.26656129 -0.26656129 -0.26656129 -0.26656129
 -0.26656129 -0.26656129 -0.26656129 -0.26656129 -0.26656129 -0.26656129
 -0.26656129 -0.26656129 -0.26656129 -0.26656129 -0.26656129 -0.26656129
 -0.26656129 -0.26656129 -0.26656129 -0.26656129 -0.26656129 -0.26656129
 -0.26656129 -0.26656129 -0.26656129 -0.26656129 -0.26656129 -0.26656129
 -0.26656129 -0.26656129 -0.26656129 -0.26656129 -0.26656129 -0.26656129
 -0.26656129 -0.26656129 -0.26656129 -0.26656129 -0.26656129  4.7647937
 -0.26656129 -0.26656129 -0.26656129 -0.26656129 -0.26656129 -0.26656129
 -0.26656129 -0.26656129 -0.26656129 -0.26656129  1.50293263 -0.26656129
 -0.26656129 -0.26656129 -0.26656129 -0.26656129 -0.26656129 -0.26656129
 -0.26656129 -0.26656129 -0.26656129 -0.26656129 -0.26656129 -0.26656129
 -0.26656129 -0.26656129  5.8910616  -0.26656129 -0.26656129 -0.26656129
 -0.26656129 -0.26656129 -0.26656129 -0.26656129 -0.26656129 -0.26656129
 -0.26656129 -0.26656129 -0.26656129 -0.26656129  4.15288815 -0.26656129
 -0.26656129 -0.26656129 -0.26656129 -0.26656129 -0.26656129 -0.26656129
 -0.26656129 -0.26656129 -0.26656129 -0.26656129 -0.26656129 -0.26656129
 -0.26656129 -0.26656129 -0.26656129 -0.26656129 -0.26656129 -0.26656129
 -0.26656129 -0.26656129 -0.26656129 -0.26656129 -0.26656129 -0.26656129
 -0.26656129 -0.26656129 -0.26656129 -0.26656129 -0.26656129 -0.26656129
 -0.26656129 -0.26656129 -0.26656129 -0.26656129 -0.26656129 -0.26656129
 -0.26656129  0.17726942 -0.26656129 -0.26656129 -0.26656129 -0.26656129
 -0.26656129 -0.26656129 -0.26656129 -0.26656129 -0.26656129 -0.26656129
 -0.26656129 -0.26656129 -0.26656129 -0.26656129 -0.26656129 -0.26656129
 -0.26656129 -0.26656129 -0.26656129 -0.26656129 -0.26656129 -0.26656129
 -0.26656129 -0.26656129 -0.26656129 -0.26656129 -0.26656129 -0.26656129
 -0.26656129 -0.26656129  2.56253123 -0.26656129 -0.26656129 -0.26656129
 -0.26656129 -0.26656129 -0.26656129 -0.26656129 -0.26656129 -0.26656129
 -0.26656129 -0.26656129 -0.26656129 -0.26656129 -0.26656129 -0.26656129
  3.35930842 -0.26656129  1.07241199 -0.26656129 -0.26656129  2.63789781
 -0.26656129 -0.26656129 -0.26656129 -0.26656129 -0.26656129 -0.26656129
 -0.26656129 -0.26656129 -0.26656129 -0.26656129 -0.26656129 -0.26656129
 -0.26656129 -0.26656129 -0.26656129 -0.26656129 -0.26656129 -0.26656129
 -0.26656129  2.74014142 -0.26656129  3.18423901  3.83658375 -0.26656129
  2.80849418  0.65892301  1.32520721  2.24295883 -0.26656129 -0.26656129
 -0.26656129 -0.26656129 -0.26656129 -0.26656129 -0.26656129 -0.26656129
 -0.26656129 -0.26656129 -0.26656129  4.08360099  4.19807189 -0.26656129
 -0.26656129 -0.26656129  4.8554883   4.12631732 -0.26656129  1.79676065
 -0.26656129 -0.26656129 -0.26656129 -0.26656129  2.5264397  -0.26656129
  2.97425559 -0.26656129  5.24449768 -0.26656129  2.48096661  5.93322897
 -0.26656129  2.97425559 -0.26656129  1.12034505  1.90611048  2.61318356
  2.41928823  2.76099286 -0.26656129 -0.26656129 -0.26656129  4.42325619
  2.27700074 -0.26656129 -0.26656129 -0.26656129 -0.26656129  2.74460372
 -0.26656129 -0.26656129 -0.26656129 -0.26656129 -0.26656129 -0.26656129
 -0.26656129 -0.26656129 -0.26656129 -0.26656129  4.56854452 -0.26656129
  3.03054967 -0.26656129 -0.26656129 -0.26656129 -0.26656129 -0.26656129
 -0.26656129 -0.26656129 -0.26656129 -0.26656129 -0.26656129 -0.26656129
 -0.26656129 -0.26656129 -0.26656129 -0.26656129 -0.26656129 -0.26656129
 -0.26656129 -0.26656129 -0.26656129 -0.26656129 -0.26656129 -0.26656129
 -0.26656129 -0.26656129 -0.26656129 -0.26656129 -0.26656129 -0.26656129
 -0.26656129 -0.26656129 -0.26656129 -0.26656129 -0.26656129 -0.26656129
 -0.26656129 -0.26656129 -0.26656129 -0.26656129 -0.26656129 -0.26656129
 -0.26656129 -0.26656129 -0.26656129 -0.26656129 -0.26656129 -0.26656129
 -0.26656129 -0.26656129 -0.26656129 -0.26656129 -0.26656129 -0.26656129
 -0.26656129 -0.26656129 -0.26656129 -0.26656129 -0.26656129 -0.26656129
 -0.26656129 -0.26656129 -0.26656129 -0.26656129 -0.26656129 -0.26656129
 -0.26656129 -0.26656129 -0.26656129 -0.26656129 -0.26656129 -0.26656129
 -0.26656129 -0.26656129 -0.26656129 -0.26656129 -0.26656129 -0.26656129
 -0.26656129 -0.26656129 -0.26656129  1.86271057 -0.26656129 -0.26656129
 -0.26656129 -0.26656129 -0.26656129 -0.26656129 -0.26656129 -0.26656129
 -0.26656129 -0.26656129 -0.26656129 -0.26656129 -0.26656129 -0.26656129
 -0.26656129 -0.26656129 -0.26656129 -0.26656129 -0.26656129 -0.26656129
 -0.26656129 -0.26656129 -0.26656129 -0.26656129 -0.26656129 -0.26656129
 -0.26656129 -0.26656129 -0.26656129 -0.26656129 -0.26656129 -0.26656129
 -0.26656129 -0.26656129 -0.26656129 -0.26656129  6.24812127 -0.26656129
 -0.26656129 -0.26656129 -0.26656129 -0.26656129 -0.26656129 -0.26656129
 -0.26656129 -0.26656129 -0.26656129 -0.26656129 -0.26656129 -0.26656129
 -0.26656129 -0.26656129 -0.26656129 -0.26656129 -0.26656129 -0.26656129
 -0.26656129 -0.26656129 -0.26656129 -0.26656129 -0.26656129 -0.26656129
 -0.26656129 -0.26656129 -0.26656129 -0.26656129 -0.26656129 -0.26656129
 -0.26656129 -0.26656129 -0.26656129 -0.26656129 -0.26656129 -0.26656129
 -0.26656129 -0.26656129 -0.26656129 -0.26656129 -0.26656129 -0.26656129
  5.63168767 -0.26656129 -0.26656129 -0.26656129 -0.26656129 -0.26656129
 -0.26656129 -0.26656129 -0.26656129 -0.26656129 -0.26656129 -0.26656129
 -0.26656129 -0.26656129 -0.26656129 -0.26656129 -0.26656129 -0.26656129
 -0.26656129  1.68218646 -0.26656129 -0.26656129 -0.26656129 -0.26656129
 -0.26656129 -0.26656129 -0.26656129 -0.26656129 -0.26656129 -0.26656129
 -0.26656129 -0.26656129 -0.26656129 -0.26656129 -0.26656129 -0.26656129
 -0.26656129 -0.26656129 -0.26656129 -0.26656129 -0.26656129 -0.26656129
 -0.26656129 -0.26656129 -0.26656129 -0.26656129 -0.26656129 -0.26656129
 -0.26656129 -0.26656129 -0.26656129 -0.26656129]",[0.0039646715017371825]
16,"[-0.30083628 -0.30083628 -0.30083628 -0.30083628  0.83625511 -0.30083628
 -0.30083628 -0.30083628 -0.30083628 -0.30083628 -0.30083628 -0.30083628
 -0.30083628 -0.30083628 -0.30083628 -0.30083628 -0.30083628 -0.30083628
 -0.30083628 -0.30083628 -0.30083628 -0.30083628 -0.30083628 -0.30083628
 -0.30083628 -0.30083628 -0.30083628  0.18086165 -0.30083628 -0.30083628
 -0.30083628 -0.30083628 -0.30083628 -0.30083628 -0.30083628 -0.30083628
 -0.30083628 -0.30083628 -0.30083628 -0.30083628 -0.30083628 -0.30083628
 -0.30083628 -0.30083628 -0.30083628 -0.30083628 -0.30083628 -0.30083628
 -0.30083628 -0.30083628 -0.30083628 -0.30083628 -0.30083628 -0.30083628
 -0.30083628 -0.30083628 -0.30083628 -0.30083628 -0.30083628 -0.30083628
 -0.30083628 -0.30083628 -0.30083628 -0.30083628 -0.30083628 -0.30083628
 -0.30083628 -0.30083628 -0.30083628 -0.30083628 -0.30083628 -0.30083628
 -0.30083628 -0.30083628 -0.30083628 -0.30083628 -0.30083628 -0.30083628
 -0.30083628 -0.30083628 -0.30083628 -0.30083628 -0.30083628  4.89230375
 -0.30083628 -0.30083628 -0.30083628 -0.30083628 -0.30083628  3.32150018
 -0.30083628 -0.30083628 -0.30083628 -0.30083628 -0.30083628 -0.30083628
 -0.30083628 -0.30083628 -0.30083628 -0.30083628 -0.30083628 -0.30083628
 -0.30083628 -0.30083628 -0.30083628 -0.30083628 -0.30083628 -0.30083628
 -0.30083628 -0.30083628  5.40396221 -0.30083628  4.76392821  2.81460449
 -0.30083628  2.79615163  2.52996079 -0.30083628 -0.30083628 -0.30083628
 -0.30083628 -0.30083628  3.36340039 -0.30083628  3.43776418 -0.30083628
 -0.30083628 -0.30083628 -0.30083628 -0.30083628 -0.30083628 -0.30083628
 -0.30083628 -0.30083628 -0.30083628 -0.30083628 -0.30083628 -0.30083628
 -0.30083628 -0.30083628 -0.30083628 -0.30083628 -0.30083628 -0.30083628
 -0.30083628 -0.30083628 -0.30083628 -0.30083628 -0.30083628 -0.30083628
 -0.30083628 -0.30083628 -0.30083628 -0.30083628 -0.30083628 -0.30083628
 -0.30083628 -0.30083628 -0.30083628 -0.30083628 -0.30083628 -0.30083628
 -0.30083628  1.67530199 -0.30083628 -0.30083628 -0.30083628 -0.30083628
 -0.30083628 -0.30083628 -0.30083628 -0.30083628 -0.30083628  1.50597248
 -0.30083628 -0.30083628 -0.30083628 -0.30083628 -0.30083628 -0.30083628
 -0.30083628 -0.30083628 -0.30083628 -0.30083628 -0.30083628 -0.30083628
 -0.30083628 -0.30083628 -0.30083628 -0.30083628 -0.30083628 -0.30083628
 -0.30083628 -0.30083628 -0.30083628 -0.30083628 -0.30083628 -0.30083628
 -0.30083628 -0.30083628 -0.30083628 -0.30083628 -0.30083628 -0.30083628
 -0.30083628 -0.30083628 -0.30083628 -0.30083628 -0.30083628 -0.30083628
  2.41678672 -0.30083628 -0.13475829 -0.30083628 -0.30083628  1.63221869
 -0.30083628 -0.30083628 -0.30083628 -0.30083628 -0.30083628 -0.30083628
 -0.30083628 -0.30083628 -0.30083628 -0.30083628 -0.30083628 -0.30083628
 -0.30083628 -0.30083628 -0.30083628 -0.30083628 -0.30083628 -0.30083628
 -0.30083628  2.75618404 -0.30083628  3.8522654   3.11773082 -0.30083628
  2.45153829  1.19456823  1.14539224  2.41302601 -0.30083628 -0.30083628
 -0.30083628 -0.30083628 -0.30083628 -0.30083628 -0.30083628 -0.30083628
 -0.30083628 -0.30083628 -0.30083628  6.28824657  3.62205418 -0.30083628
 -0.30083628 -0.30083628  2.83444741  3.03510813 -0.30083628  1.47373639
 -0.30083628 -0.30083628 -0.30083628 -0.30083628  1.93923503 -0.30083628
  3.40419646 -0.30083628  4.52841015 -0.30083628  3.43940924  4.78280324
 -0.30083628  1.95190086 -0.30083628  1.44379992  3.60796301 -0.30083628
 -0.30083628 -0.30083628 -0.30083628 -0.30083628  2.68462591  3.38037988
 -0.30083628 -0.30083628 -0.30083628  1.50597248 -0.30083628 -0.30083628
 -0.30083628 -0.30083628  3.93513796  2.03999676 -0.30083628 -0.30083628
 -0.30083628 -0.30083628 -0.30083628 -0.30083628 -0.30083628 -0.30083628
 -0.30083628 -0.30083628 -0.30083628 -0.30083628 -0.30083628  0.81703048
 -0.30083628 -0.30083628 -0.30083628 -0.30083628 -0.30083628 -0.30083628
 -0.30083628 -0.30083628 -0.30083628 -0.30083628  0.76957718 -0.30083628
 -0.30083628 -0.30083628 -0.30083628 -0.30083628 -0.30083628 -0.30083628
 -0.30083628 -0.30083628 -0.30083628 -0.30083628 -0.30083628 -0.30083628
 -0.30083628 -0.30083628 -0.30083628 -0.30083628 -0.30083628 -0.30083628
 -0.30083628 -0.30083628 -0.30083628 -0.30083628 -0.30083628 -0.30083628
 -0.30083628 -0.30083628 -0.30083628 -0.30083628 -0.30083628 -0.30083628
 -0.30083628 -0.30083628 -0.30083628 -0.30083628 -0.30083628  1.41885639
 -0.30083628 -0.30083628 -0.30083628 -0.30083628 -0.30083628 -0.30083628
 -0.30083628 -0.30083628 -0.30083628 -0.30083628 -0.30083628 -0.30083628
 -0.30083628 -0.30083628 -0.30083628 -0.30083628 -0.30083628 -0.30083628
 -0.30083628 -0.30083628 -0.30083628 -0.30083628 -0.30083628 -0.30083628
  0.73236923 -0.30083628 -0.30083628 -0.30083628 -0.30083628 -0.30083628
 -0.30083628 -0.30083628 -0.30083628 -0.30083628 -0.30083628 -0.30083628
 -0.30083628 -0.30083628 -0.30083628 -0.30083628 -0.30083628 -0.30083628
 -0.30083628 -0.30083628 -0.30083628 -0.30083628 -0.30083628 -0.30083628
 -0.30083628 -0.30083628 -0.30083628 -0.30083628 -0.30083628 -0.30083628
 -0.30083628 -0.30083628 -0.30083628 -0.30083628 -0.30083628 -0.30083628
 -0.30083628 -0.30083628 -0.30083628 -0.30083628 -0.30083628  3.89212643
 -0.30083628 -0.30083628 -0.30083628 -0.30083628 -0.30083628 -0.30083628
 -0.30083628 -0.30083628 -0.30083628 -0.30083628 -0.30083628 -0.30083628
 -0.30083628 -0.30083628 -0.30083628 -0.30083628 -0.30083628 -0.30083628
  2.9849383  -0.30083628 -0.30083628 -0.30083628 -0.30083628 -0.30083628
 -0.30083628 -0.30083628 -0.30083628 -0.30083628 -0.30083628 -0.30083628
 -0.30083628 -0.30083628 -0.30083628 -0.30083628 -0.30083628 -0.30083628
 -0.30083628 -0.30083628 -0.30083628 -0.30083628 -0.30083628 -0.30083628
  4.69407737 -0.30083628 -0.30083628 -0.30083628 -0.30083628 -0.30083628
 -0.30083628 -0.30083628 -0.30083628 -0.30083628 -0.30083628 -0.30083628
 -0.30083628 -0.30083628 -0.30083628 -0.30083628 -0.30083628 -0.30083628
 -0.30083628  2.70772659  2.26958415 -0.30083628 -0.30083628 -0.30083628
 -0.30083628 -0.30083628 -0.30083628 -0.30083628 -0.30083628  0.25756728
 -0.30083628 -0.30083628 -0.30083628 -0.30083628 -0.30083628 -0.30083628
 -0.30083628  1.4547885  -0.30083628 -0.30083628 -0.30083628 -0.30083628
 -0.30083628 -0.30083628 -0.30083628 -0.30083628 -0.30083628 -0.30083628
 -0.30083628 -0.30083628  4.22755923 -0.30083628]",[-0.014235673679410143]
16,"[-0.20663356 -0.20663356 -0.20663356 -0.20663356 -0.20663356 -0.20663356
 -0.20663356 -0.20663356 -0.20663356 -0.20663356 -0.20663356 -0.20663356
 -0.20663356 -0.20663356 -0.20663356 -0.20663356 -0.20663356 -0.20663356
 -0.20663356 -0.20663356 -0.20663356 -0.20663356 -0.20663356 -0.20663356
 -0.20663356 -0.20663356 -0.20663356 -0.20663356 -0.20663356 -0.20663356
 -0.20663356 -0.20663356 -0.20663356 -0.20663356 -0.20663356 -0.20663356
 -0.20663356 -0.20663356 -0.20663356 -0.20663356 -0.20663356 -0.20663356
 -0.20663356 -0.20663356 -0.20663356 -0.20663356 -0.20663356 -0.20663356
 -0.20663356 -0.20663356 -0.20663356 -0.20663356 -0.20663356 -0.20663356
 -0.20663356 -0.20663356 -0.20663356 -0.20663356 -0.20663356 -0.20663356
 -0.20663356 -0.20663356 -0.20663356 -0.20663356 -0.20663356 -0.20663356
 -0.20663356 -0.20663356 -0.20663356 -0.20663356 -0.20663356 -0.20663356
 -0.20663356 -0.20663356 -0.20663356 -0.20663356 -0.20663356 -0.20663356
 -0.20663356 -0.20663356 -0.20663356 -0.20663356 -0.20663356  8.27726992
 -0.20663356 -0.20663356 -0.20663356 -0.20663356 -0.20663356  4.98193919
 -0.20663356 -0.20663356  2.30145257 -0.20663356 -0.20663356 -0.20663356
 -0.20663356 -0.20663356 -0.20663356 -0.20663356 -0.20663356 -0.20663356
 -0.20663356 -0.20663356 -0.20663356 -0.20663356 -0.20663356 -0.20663356
 -0.20663356 -0.20663356  7.6762539  -0.20663356 -0.20663356 -0.20663356
 -0.20663356 -0.20663356 -0.20663356 -0.20663356 -0.20663356 -0.20663356
 -0.20663356 -0.20663356 -0.20663356 -0.20663356 -0.20663356 -0.20663356
 -0.20663356 -0.20663356 -0.20663356 -0.20663356 -0.20663356 -0.20663356
 -0.20663356 -0.20663356 -0.20663356 -0.20663356 -0.20663356 -0.20663356
 -0.20663356 -0.20663356 -0.20663356 -0.20663356 -0.20663356 -0.20663356
 -0.20663356 -0.20663356 -0.20663356 -0.20663356 -0.20663356 -0.20663356
 -0.20663356 -0.20663356 -0.20663356 -0.20663356 -0.20663356 -0.20663356
 -0.20663356 -0.20663356 -0.20663356 -0.20663356 -0.20663356 -0.20663356
 -0.20663356 -0.20663356 -0.20663356 -0.20663356 -0.20663356 -0.20663356
 -0.20663356 -0.20663356 -0.20663356 -0.20663356 -0.20663356 -0.20663356
 -0.20663356 -0.20663356 -0.20663356 -0.20663356 -0.20663356 -0.20663356
 -0.20663356 -0.20663356 -0.20663356 -0.20663356 -0.20663356 -0.20663356
 -0.20663356 -0.20663356 -0.20663356 -0.20663356 -0.20663356 -0.20663356
 -0.20663356 -0.20663356 -0.20663356 -0.20663356 -0.20663356 -0.20663356
 -0.20663356 -0.20663356 -0.20663356 -0.20663356 -0.20663356 -0.20663356
 -0.20663356 -0.20663356 -0.20663356 -0.20663356 -0.20663356 -0.20663356
  4.47858464 -0.20663356 -0.20663356 -0.20663356 -0.20663356  4.56372775
 -0.20663356 -0.20663356 -0.20663356 -0.20663356 -0.20663356 -0.20663356
 -0.20663356 -0.20663356 -0.20663356 -0.20663356 -0.20663356 -0.20663356
 -0.20663356 -0.20663356 -0.20663356 -0.20663356 -0.20663356 -0.20663356
 -0.20663356  1.8135954  -0.20663356  2.45591936  4.79029818 -0.20663356
  4.29361734  2.94563791 -0.20663356 -0.20663356 -0.20663356 -0.20663356
 -0.20663356 -0.20663356 -0.20663356 -0.20663356 -0.20663356 -0.20663356
 -0.20663356 -0.20663356 -0.20663356 -0.20663356 -0.20663356 -0.20663356
 -0.20663356 -0.20663356  6.54603944  2.72369867 -0.20663356 -0.20663356
 -0.20663356 -0.20663356 -0.20663356 -0.20663356  2.77029449 -0.20663356
  0.23451876 -0.20663356  7.26834751 -0.20663356  4.07952028 -0.20663356
 -0.20663356 -0.20663356 -0.20663356 -0.20663356  2.38954278 -0.20663356
  2.45591936  2.82471108 -0.20663356 -0.20663356 -0.20663356  6.47623668
  1.42154432 -0.20663356 -0.20663356 -0.20663356 -0.20663356 -0.20663356
 -0.20663356 -0.20663356 -0.20663356 -0.20663356 -0.20663356 -0.20663356
 -0.20663356 -0.20663356 -0.20663356 -0.20663356  3.54225713 -0.20663356
 -0.20663356 -0.20663356 -0.20663356 -0.20663356 -0.20663356  1.87470233
 -0.20663356 -0.20663356 -0.20663356 -0.20663356 -0.20663356 -0.20663356
 -0.20663356 -0.20663356 -0.20663356 -0.20663356 -0.20663356 -0.20663356
 -0.20663356 -0.20663356 -0.20663356 -0.20663356 -0.20663356 -0.20663356
 -0.20663356 -0.20663356 -0.20663356 -0.20663356 -0.20663356 -0.20663356
 -0.20663356 -0.20663356 -0.20663356 -0.20663356 -0.20663356 -0.20663356
 -0.20663356 -0.20663356 -0.20663356 -0.20663356 -0.20663356 -0.20663356
 -0.20663356 -0.20663356 -0.20663356 -0.20663356 -0.20663356 -0.20663356
 -0.20663356 -0.20663356 -0.20663356 -0.20663356 -0.20663356 -0.20663356
 -0.20663356 -0.20663356 -0.20663356 -0.20663356 -0.20663356 -0.20663356
 -0.20663356 -0.20663356 -0.20663356 -0.20663356 -0.20663356 -0.20663356
 -0.20663356 -0.20663356 -0.20663356 -0.20663356 -0.20663356 -0.20663356
 -0.20663356 -0.20663356 -0.20663356 -0.20663356 -0.20663356 -0.20663356
 -0.20663356 -0.20663356 -0.20663356 -0.20663356 -0.20663356 -0.20663356
 -0.20663356 -0.20663356 -0.20663356 -0.20663356 -0.20663356 -0.20663356
 -0.20663356 -0.20663356 -0.20663356 -0.20663356 -0.20663356 -0.20663356
 -0.20663356 -0.20663356 -0.20663356 -0.20663356 -0.20663356 -0.20663356
 -0.20663356 -0.20663356 -0.20663356 -0.20663356 -0.20663356 -0.20663356
 -0.20663356 -0.20663356 -0.20663356 -0.20663356 -0.20663356 -0.20663356
 -0.20663356 -0.20663356 -0.20663356 -0.20663356 -0.20663356 -0.20663356
 -0.20663356 -0.20663356 -0.20663356 -0.20663356 -0.20663356 -0.20663356
 -0.20663356 -0.20663356 -0.20663356 -0.20663356 -0.20663356 -0.20663356
 -0.20663356 -0.20663356 -0.20663356 -0.20663356 -0.20663356 -0.20663356
 -0.20663356 -0.20663356 -0.20663356 -0.20663356 -0.20663356 -0.20663356
  0.74850882 -0.20663356 -0.20663356 -0.20663356 -0.20663356 -0.20663356
 -0.20663356 -0.20663356 -0.20663356 -0.20663356 -0.20663356 -0.20663356
 -0.20663356 -0.20663356  3.00275088 -0.20663356 -0.20663356 -0.20663356
 -0.20663356 -0.20663356 -0.20663356 -0.20663356 -0.20663356 -0.20663356
 -0.20663356 -0.20663356 -0.20663356 -0.20663356 -0.20663356 -0.20663356
 -0.20663356 -0.20663356 -0.20663356 -0.20663356 -0.20663356 -0.20663356
 -0.20663356  4.93345691 -0.20663356 -0.20663356 -0.20663356 -0.20663356
 -0.20663356 -0.20663356 -0.20663356 -0.20663356 -0.20663356 -0.20663356
 -0.20663356 -0.20663356 -0.20663356 -0.20663356 -0.20663356 -0.20663356
 -0.20663356 -0.20663356 -0.20663356 -0.20663356 -0.20663356 -0.20663356
 -0.20663356 -0.20663356 -0.20663356 -0.20663356 -0.20663356 -0.20663356
 -0.20663356 -0.20663356 -0.20663356 -0.20663356]",[-0.0072352378340775625]
16,"[-0.2487803  -0.2487803  -0.2487803  -0.2487803  -0.2487803  -0.2487803
 -0.2487803  -0.2487803  -0.2487803  -0.2487803  -0.2487803  -0.2487803
 -0.2487803  -0.2487803  -0.2487803  -0.2487803  -0.2487803  -0.2487803
  0.47834529 -0.2487803  -0.2487803  -0.2487803  -0.2487803  -0.2487803
 -0.2487803  -0.2487803  -0.2487803  -0.2487803  -0.2487803  -0.2487803
 -0.2487803  -0.2487803  -0.2487803  -0.2487803  -0.2487803  -0.2487803
 -0.2487803  -0.2487803  -0.2487803  -0.2487803  -0.2487803  -0.2487803
 -0.2487803  -0.2487803  -0.2487803  -0.2487803  -0.2487803  -0.2487803
 -0.2487803  -0.2487803  -0.2487803  -0.2487803  -0.2487803  -0.2487803
 -0.2487803  -0.2487803  -0.2487803  -0.2487803  -0.2487803  -0.2487803
 -0.2487803  -0.2487803  -0.2487803  -0.2487803  -0.2487803  -0.2487803
 -0.2487803  -0.2487803  -0.2487803  -0.2487803  -0.2487803  -0.2487803
 -0.2487803  -0.2487803  -0.2487803  -0.2487803  -0.2487803  -0.2487803
 -0.2487803  -0.2487803  -0.2487803  -0.2487803  -0.2487803   6.5166957
 -0.2487803  -0.2487803  -0.2487803  -0.2487803  -0.2487803  -0.2487803
 -0.2487803  -0.2487803   2.69204181 -0.2487803  -0.2487803  -0.2487803
 -0.2487803  -0.2487803  -0.2487803  -0.2487803  -0.2487803  -0.2487803
 -0.2487803  -0.2487803  -0.2487803  -0.2487803  -0.2487803  -0.2487803
 -0.2487803  -0.2487803   6.1166075  -0.2487803  -0.2487803  -0.2487803
 -0.2487803  -0.2487803  -0.2487803  -0.2487803  -0.2487803  -0.2487803
 -0.2487803  -0.2487803  -0.2487803   0.0388961  -0.2487803  -0.2487803
 -0.2487803  -0.2487803  -0.2487803  -0.2487803  -0.2487803  -0.2487803
 -0.2487803  -0.2487803  -0.2487803  -0.2487803  -0.2487803  -0.2487803
 -0.2487803  -0.2487803  -0.2487803  -0.2487803  -0.2487803  -0.2487803
 -0.2487803  -0.2487803  -0.2487803  -0.2487803  -0.2487803  -0.2487803
 -0.2487803  -0.2487803  -0.2487803  -0.2487803  -0.2487803  -0.2487803
 -0.2487803  -0.2487803  -0.2487803  -0.2487803  -0.2487803  -0.2487803
 -0.2487803   0.76374316 -0.2487803  -0.2487803  -0.2487803  -0.2487803
 -0.2487803  -0.2487803  -0.2487803  -0.2487803  -0.2487803  -0.2487803
 -0.2487803  -0.2487803  -0.2487803  -0.2487803  -0.2487803  -0.2487803
 -0.2487803  -0.2487803  -0.2487803  -0.2487803  -0.2487803  -0.2487803
 -0.2487803  -0.2487803  -0.2487803  -0.2487803  -0.2487803  -0.2487803
 -0.2487803  -0.2487803  -0.2487803  -0.2487803  -0.2487803  -0.2487803
  2.78035766 -0.2487803  -0.2487803  -0.2487803  -0.2487803   0.142274
 -0.2487803  -0.2487803  -0.2487803  -0.2487803  -0.2487803  -0.2487803
  1.88621065 -0.2487803  -0.2487803  -0.2487803  -0.2487803   1.9955321
 -0.2487803  -0.2487803  -0.2487803  -0.2487803  -0.2487803  -0.2487803
  1.11167281 -0.2487803  -0.2487803  -0.2487803  -0.2487803  -0.2487803
 -0.2487803   4.09745269 -0.2487803  -0.2487803  -0.2487803  -0.2487803
 -0.2487803   3.34639879 -0.2487803   3.90569843  4.69366679 -0.2487803
  4.82573936  1.43635164 -0.2487803  -0.2487803  -0.2487803  -0.2487803
 -0.2487803  -0.2487803  -0.2487803  -0.2487803  -0.2487803  -0.2487803
 -0.2487803  -0.2487803  -0.2487803  -0.2487803   4.11665291 -0.2487803
 -0.2487803  -0.2487803   5.09667651  2.62624179 -0.2487803   0.53169268
 -0.2487803  -0.2487803  -0.2487803   3.43547953  0.96429241 -0.2487803
  2.68015148 -0.2487803  -0.2487803  -0.2487803   2.81420113 -0.2487803
 -0.2487803   3.44782695 -0.2487803  -0.2487803   3.64700838 -0.2487803
  4.52628091  2.60724555 -0.2487803  -0.2487803  -0.2487803   5.47797788
  1.68814331 -0.2487803  -0.2487803  -0.2487803  -0.2487803  -0.2487803
 -0.2487803  -0.2487803  -0.2487803  -0.2487803  -0.2487803  -0.2487803
 -0.2487803  -0.2487803  -0.2487803  -0.2487803  -0.2487803  -0.2487803
 -0.2487803  -0.2487803  -0.2487803  -0.2487803  -0.2487803   3.6723315
 -0.2487803  -0.2487803  -0.2487803  -0.2487803  -0.2487803  -0.2487803
 -0.2487803  -0.2487803  -0.2487803  -0.2487803  -0.2487803  -0.2487803
 -0.2487803  -0.2487803  -0.2487803  -0.2487803  -0.2487803  -0.2487803
 -0.2487803  -0.2487803  -0.2487803  -0.2487803  -0.2487803  -0.2487803
 -0.2487803  -0.2487803  -0.2487803  -0.2487803  -0.2487803  -0.2487803
 -0.2487803  -0.2487803  -0.2487803  -0.2487803  -0.2487803  -0.2487803
 -0.2487803  -0.2487803  -0.2487803  -0.2487803  -0.2487803  -0.2487803
 -0.2487803  -0.2487803  -0.2487803  -0.2487803  -0.2487803  -0.2487803
 -0.2487803  -0.2487803  -0.2487803  -0.2487803  -0.2487803  -0.2487803
 -0.2487803  -0.2487803  -0.2487803  -0.2487803  -0.2487803  -0.2487803
 -0.2487803  -0.2487803  -0.2487803  -0.2487803  -0.2487803  -0.2487803
 -0.2487803  -0.2487803  -0.2487803  -0.2487803  -0.2487803  -0.2487803
 -0.2487803  -0.2487803  -0.2487803  -0.2487803  -0.2487803  -0.2487803
 -0.2487803  -0.2487803  -0.2487803  -0.2487803  -0.2487803  -0.2487803
 -0.2487803  -0.2487803  -0.2487803  -0.2487803  -0.2487803  -0.2487803
 -0.2487803  -0.2487803  -0.2487803  -0.2487803  -0.2487803  -0.2487803
 -0.2487803  -0.2487803  -0.2487803  -0.2487803  -0.2487803  -0.2487803
 -0.2487803  -0.2487803  -0.2487803  -0.2487803  -0.2487803  -0.2487803
 -0.2487803  -0.2487803  -0.2487803  -0.2487803  -0.2487803  -0.2487803
 -0.2487803  -0.2487803  -0.2487803  -0.2487803  -0.2487803  -0.2487803
 -0.2487803  -0.2487803  -0.2487803  -0.2487803  -0.2487803  -0.2487803
 -0.2487803  -0.2487803  -0.2487803  -0.2487803  -0.2487803  -0.2487803
 -0.2487803  -0.2487803  -0.2487803  -0.2487803  -0.2487803  -0.2487803
 -0.2487803  -0.2487803  -0.2487803  -0.2487803  -0.2487803  -0.2487803
 -0.2487803  -0.2487803  -0.2487803  -0.2487803  -0.2487803  -0.2487803
 -0.2487803  -0.2487803   4.72083543 -0.2487803   5.71651218 -0.2487803
  5.48322765  3.22612922 -0.2487803  -0.2487803   4.03328707 -0.2487803
 -0.2487803  -0.2487803  -0.2487803  -0.2487803  -0.2487803  -0.2487803
 -0.2487803  -0.2487803  -0.2487803  -0.2487803  -0.2487803  -0.2487803
 -0.2487803   2.57222409 -0.2487803  -0.2487803  -0.2487803  -0.2487803
 -0.2487803  -0.2487803  -0.2487803  -0.2487803  -0.2487803  -0.2487803
 -0.2487803  -0.2487803  -0.2487803  -0.2487803  -0.2487803  -0.2487803
 -0.2487803  -0.2487803  -0.2487803  -0.2487803  -0.2487803  -0.2487803
 -0.2487803  -0.2487803  -0.2487803  -0.2487803  -0.2487803  -0.2487803
 -0.2487803  -0.2487803  -0.2487803  -0.2487803 ]",[0.013352279039169412]
16,"[-0.25509969 -0.25509969 -0.25509969 -0.25509969  3.05287613 -0.25509969
 -0.25509969 -0.25509969 -0.25509969 -0.25509969 -0.25509969 -0.25509969
 -0.25509969 -0.25509969 -0.25509969 -0.25509969 -0.25509969 -0.25509969
 -0.25509969 -0.25509969 -0.25509969 -0.25509969 -0.25509969 -0.25509969
 -0.25509969 -0.25509969 -0.25509969 -0.25509969 -0.25509969 -0.25509969
 -0.25509969 -0.25509969 -0.25509969 -0.25509969 -0.25509969 -0.25509969
 -0.25509969 -0.25509969 -0.25509969 -0.25509969 -0.25509969 -0.25509969
 -0.25509969 -0.25509969 -0.25509969 -0.25509969 -0.25509969 -0.25509969
 -0.25509969 -0.25509969 -0.25509969 -0.25509969 -0.25509969 -0.25509969
 -0.25509969 -0.25509969 -0.25509969 -0.25509969 -0.25509969 -0.25509969
 -0.25509969 -0.25509969 -0.25509969 -0.25509969 -0.25509969 -0.25509969
 -0.25509969 -0.25509969 -0.25509969 -0.25509969 -0.25509969 -0.25509969
 -0.25509969 -0.25509969 -0.25509969 -0.25509969 -0.25509969 -0.25509969
 -0.25509969 -0.25509969 -0.25509969 -0.25509969 -0.25509969  3.84156532
 -0.25509969 -0.25509969 -0.25509969 -0.25509969 -0.25509969  1.86948127
 -0.25509969 -0.25509969 -0.25509969 -0.25509969 -0.25509969 -0.25509969
 -0.25509969 -0.25509969 -0.25509969 -0.25509969 -0.25509969 -0.25509969
 -0.25509969 -0.25509969 -0.25509969 -0.25509969 -0.25509969 -0.25509969
 -0.25509969 -0.25509969  6.40950959 -0.25509969 -0.25509969 -0.25509969
 -0.25509969  3.12046574  4.22055353 -0.25509969 -0.25509969 -0.25509969
 -0.25509969 -0.25509969 -0.25509969 -0.25509969  4.44653517 -0.25509969
 -0.25509969 -0.25509969 -0.25509969 -0.25509969 -0.25509969 -0.25509969
 -0.25509969 -0.25509969 -0.25509969 -0.25509969 -0.25509969 -0.25509969
 -0.25509969 -0.25509969 -0.25509969 -0.25509969 -0.25509969 -0.25509969
 -0.25509969 -0.25509969 -0.25509969 -0.25509969 -0.25509969 -0.25509969
 -0.25509969 -0.25509969 -0.25509969 -0.25509969 -0.25509969 -0.25509969
 -0.25509969 -0.25509969 -0.25509969 -0.25509969 -0.25509969 -0.25509969
 -0.25509969  0.72961168 -0.25509969 -0.25509969 -0.25509969 -0.25509969
 -0.25509969 -0.25509969 -0.25509969 -0.25509969 -0.25509969 -0.25509969
 -0.25509969 -0.25509969 -0.25509969 -0.25509969 -0.25509969 -0.25509969
 -0.25509969 -0.25509969 -0.25509969 -0.25509969 -0.25509969 -0.25509969
 -0.25509969 -0.25509969 -0.25509969 -0.25509969 -0.25509969 -0.25509969
 -0.25509969 -0.25509969 -0.25509969 -0.25509969 -0.25509969 -0.25509969
 -0.25509969 -0.25509969 -0.25509969 -0.25509969 -0.25509969 -0.25509969
 -0.25509969 -0.25509969 -0.25509969 -0.25509969 -0.25509969 -0.25509969
  3.33569598 -0.25509969  0.23039232 -0.25509969 -0.25509969 -0.25509969
 -0.25509969 -0.25509969 -0.25509969 -0.25509969 -0.25509969 -0.25509969
 -0.25509969 -0.25509969 -0.25509969 -0.25509969 -0.25509969 -0.25509969
 -0.25509969 -0.25509969 -0.25509969  1.68393447 -0.25509969 -0.25509969
 -0.25509969  3.64006879 -0.25509969  4.94902463  5.4437077  -0.25509969
  2.64110059 -0.25509969 -0.25509969  2.52163779 -0.25509969 -0.25509969
 -0.25509969 -0.25509969 -0.25509969  2.83122009 -0.25509969  2.68876616
 -0.25509969 -0.25509969 -0.25509969  4.60366181 -0.25509969 -0.25509969
 -0.25509969 -0.25509969 -0.25509969  3.15467394 -0.25509969  2.88361878
 -0.25509969 -0.25509969 -0.25509969 -0.25509969 -0.25509969 -0.25509969
  2.78489875 -0.25509969  5.26767078 -0.25509969  1.76267615  6.81123559
 -0.25509969  2.51717774 -0.25509969 -0.25509969 -0.25509969 -0.25509969
  1.30112773  3.74592698 -0.25509969 -0.25509969  4.30835714  3.49359188
 -0.25509969 -0.25509969 -0.25509969 -0.25509969 -0.25509969 -0.25509969
 -0.25509969 -0.25509969 -0.25509969 -0.25509969 -0.25509969  4.15834413
 -0.25509969 -0.25509969 -0.25509969 -0.25509969 -0.25509969 -0.25509969
 -0.25509969 -0.25509969 -0.25509969 -0.25509969 -0.25509969 -0.25509969
 -0.25509969 -0.25509969 -0.25509969 -0.25509969 -0.25509969 -0.25509969
 -0.25509969 -0.25509969 -0.25509969 -0.25509969 -0.25509969 -0.25509969
 -0.25509969 -0.25509969 -0.25509969 -0.25509969 -0.25509969 -0.25509969
 -0.25509969 -0.25509969 -0.25509969 -0.25509969 -0.25509969 -0.25509969
 -0.25509969 -0.25509969 -0.25509969 -0.25509969 -0.25509969 -0.25509969
 -0.25509969 -0.25509969 -0.25509969 -0.25509969 -0.25509969 -0.25509969
 -0.25509969 -0.25509969 -0.25509969 -0.25509969 -0.25509969 -0.25509969
 -0.25509969 -0.25509969 -0.25509969 -0.25509969 -0.25509969 -0.25509969
 -0.25509969 -0.25509969 -0.25509969 -0.25509969 -0.25509969 -0.25509969
 -0.25509969 -0.25509969 -0.25509969 -0.25509969 -0.25509969 -0.25509969
 -0.25509969 -0.25509969 -0.25509969 -0.25509969 -0.25509969 -0.25509969
 -0.25509969 -0.25509969 -0.25509969 -0.25509969 -0.25509969 -0.25509969
 -0.25509969 -0.25509969 -0.25509969 -0.25509969 -0.25509969 -0.25509969
 -0.25509969 -0.25509969 -0.25509969 -0.25509969 -0.25509969 -0.25509969
 -0.25509969 -0.25509969 -0.25509969 -0.25509969 -0.25509969 -0.25509969
 -0.25509969 -0.25509969 -0.25509969 -0.25509969 -0.25509969 -0.25509969
 -0.25509969 -0.25509969 -0.25509969 -0.25509969 -0.25509969 -0.25509969
 -0.25509969 -0.25509969 -0.25509969 -0.25509969 -0.25509969 -0.25509969
 -0.25509969 -0.25509969 -0.25509969 -0.25509969  4.93120706 -0.25509969
 -0.25509969 -0.25509969 -0.25509969 -0.25509969 -0.25509969 -0.25509969
 -0.25509969 -0.25509969 -0.25509969 -0.25509969 -0.25509969 -0.25509969
 -0.25509969 -0.25509969 -0.25509969 -0.25509969 -0.25509969 -0.25509969
  2.96693702 -0.25509969 -0.25509969 -0.25509969 -0.25509969 -0.25509969
 -0.25509969 -0.25509969 -0.25509969 -0.25509969 -0.25509969 -0.25509969
 -0.25509969 -0.25509969 -0.25509969 -0.25509969 -0.25509969 -0.25509969
 -0.25509969 -0.25509969  1.30112773 -0.25509969 -0.25509969 -0.25509969
 -0.25509969 -0.25509969 -0.25509969 -0.25509969 -0.25509969 -0.25509969
 -0.25509969 -0.25509969 -0.25509969 -0.25509969 -0.25509969 -0.25509969
 -0.25509969 -0.25509969 -0.25509969 -0.25509969 -0.25509969 -0.25509969
 -0.25509969  4.13651615  2.06351748 -0.25509969 -0.25509969 -0.25509969
 -0.25509969 -0.25509969 -0.25509969 -0.25509969 -0.25509969 -0.25509969
 -0.25509969 -0.25509969 -0.25509969 -0.25509969 -0.25509969 -0.25509969
 -0.25509969 -0.25509969 -0.25509969 -0.25509969 -0.25509969 -0.25509969
 -0.25509969 -0.25509969 -0.25509969 -0.25509969 -0.25509969 -0.25509969
 -0.25509969 -0.25509969  3.36473535 -0.25509969]",[-0.0157130729063768]
16,"[-0.20224622 -0.20224622 -0.20224622 -0.20224622 -0.20224622 -0.20224622
 -0.20224622 -0.20224622 -0.20224622 -0.20224622 -0.20224622 -0.20224622
 -0.20224622 -0.20224622 -0.20224622 -0.20224622 -0.20224622 -0.20224622
 -0.20224622 -0.20224622 -0.20224622 -0.20224622 -0.20224622 -0.20224622
 -0.20224622 -0.20224622 -0.20224622 -0.20224622 -0.20224622 -0.20224622
 -0.20224622 -0.20224622 -0.20224622 -0.20224622 -0.20224622 -0.20224622
 -0.20224622 -0.20224622 -0.20224622 -0.20224622 -0.20224622 -0.20224622
 -0.20224622 -0.20224622 -0.20224622 -0.20224622 -0.20224622 -0.20224622
 -0.20224622 -0.20224622 -0.20224622 -0.20224622 -0.20224622 -0.20224622
 -0.20224622 -0.20224622 -0.20224622 -0.20224622 -0.20224622 -0.20224622
 -0.20224622 -0.20224622 -0.20224622 -0.20224622 -0.20224622 -0.20224622
 -0.20224622 -0.20224622 -0.20224622 -0.20224622 -0.20224622 -0.20224622
 -0.20224622 -0.20224622 -0.20224622 -0.20224622 -0.20224622 -0.20224622
 -0.20224622 -0.20224622 -0.20224622 -0.20224622 -0.20224622  1.5044708
 -0.20224622 -0.20224622 -0.20224622 -0.20224622 -0.20224622 -0.20224622
 -0.20224622 -0.20224622 -0.20224622 -0.20224622 -0.20224622 -0.20224622
 -0.20224622 -0.20224622 -0.20224622 -0.20224622 -0.20224622 -0.20224622
 -0.20224622 -0.20224622 -0.20224622 -0.20224622 -0.20224622 -0.20224622
 -0.20224622 -0.20224622  1.44929481 -0.20224622 -0.20224622 -0.20224622
 -0.20224622 -0.20224622  0.27781718 -0.20224622 -0.20224622 -0.20224622
 -0.20224622 -0.20224622 -0.20224622 -0.20224622 -0.20224622 -0.20224622
 -0.20224622 -0.20224622 -0.20224622 -0.20224622 -0.20224622 -0.20224622
 -0.20224622 -0.20224622 -0.20224622 -0.20224622 -0.20224622 -0.20224622
 -0.20224622 -0.20224622 -0.20224622 -0.20224622 -0.20224622 -0.20224622
 -0.20224622 -0.20224622 -0.20224622 -0.20224622 -0.20224622 -0.20224622
 -0.20224622 -0.20224622 -0.20224622 -0.20224622 -0.20224622 -0.20224622
 -0.20224622 -0.20224622 -0.20224622 -0.20224622 -0.20224622 -0.20224622
 -0.20224622 -0.20224622 -0.20224622 -0.20224622 -0.20224622 -0.20224622
 -0.20224622 -0.20224622 -0.20224622 -0.20224622 -0.20224622 -0.20224622
 -0.20224622 -0.20224622 -0.20224622 -0.20224622 -0.20224622 -0.20224622
 -0.20224622 -0.20224622 -0.20224622 -0.20224622 -0.20224622 -0.20224622
 -0.20224622 -0.20224622 -0.20224622 -0.20224622 -0.20224622 -0.20224622
 -0.20224622 -0.20224622 -0.20224622 -0.20224622 -0.20224622 -0.20224622
 -0.20224622 -0.20224622  4.05348009 -0.20224622 -0.20224622 -0.20224622
 -0.20224622 -0.20224622 -0.20224622 -0.20224622 -0.20224622 -0.20224622
  3.61830109 -0.20224622 -0.20224622 -0.20224622 -0.20224622  5.0618684
 -0.20224622 -0.20224622 -0.20224622 -0.20224622 -0.20224622 -0.20224622
 -0.20224622 -0.20224622 -0.20224622 -0.20224622 -0.20224622 -0.20224622
 -0.20224622 -0.20224622 -0.20224622 -0.20224622 -0.20224622 -0.20224622
 -0.20224622  4.70364779 -0.20224622  2.86841527 -0.20224622 -0.20224622
  6.05731696 -0.20224622 -0.20224622 -0.20224622 -0.20224622 -0.20224622
 -0.20224622 -0.20224622 -0.20224622 -0.20224622 -0.20224622 -0.20224622
 -0.20224622 -0.20224622 -0.20224622 -0.20224622 -0.20224622 -0.20224622
 -0.20224622 -0.20224622  5.74567147  4.83828685 -0.20224622  0.19412742
 -0.20224622 -0.20224622 -0.20224622 -0.20224622 -0.20224622 -0.20224622
 -0.20224622 -0.20224622  0.51371957 -0.20224622  4.45177316 -0.20224622
 -0.20224622 -0.20224622 -0.20224622 -0.20224622  0.63247263 -0.20224622
 -0.20224622  5.76340826 -0.20224622 -0.20224622 -0.20224622  7.00755333
 -0.20224622 -0.20224622 -0.20224622 -0.20224622 -0.20224622 -0.20224622
 -0.20224622 -0.20224622 -0.20224622 -0.20224622 -0.20224622 -0.20224622
 -0.20224622 -0.20224622 -0.20224622 -0.20224622 -0.20224622 -0.20224622
 -0.20224622 -0.20224622 -0.20224622 -0.20224622 -0.20224622  5.09461147
 -0.20224622  1.13979748 -0.20224622  1.22382301 -0.20224622 -0.20224622
 -0.20224622 -0.20224622 -0.20224622 -0.20224622 -0.20224622 -0.20224622
 -0.20224622 -0.20224622 -0.20224622 -0.20224622 -0.20224622 -0.20224622
 -0.20224622 -0.20224622 -0.20224622 -0.20224622 -0.20224622 -0.20224622
 -0.20224622  1.99239259 -0.20224622 -0.20224622 -0.20224622 -0.20224622
 -0.20224622 -0.20224622 -0.20224622 -0.20224622 -0.20224622 -0.20224622
 -0.20224622  0.91265468 -0.20224622 -0.20224622 -0.20224622 -0.20224622
 -0.20224622 -0.20224622 -0.20224622 -0.20224622 -0.20224622 -0.20224622
 -0.20224622 -0.20224622 -0.20224622 -0.20224622 -0.20224622 -0.20224622
 -0.20224622 -0.20224622 -0.20224622 -0.20224622 -0.20224622 -0.20224622
 -0.20224622 -0.20224622 -0.20224622 -0.20224622 -0.20224622 -0.20224622
 -0.20224622 -0.20224622 -0.20224622 -0.20224622 -0.20224622 -0.20224622
 -0.20224622 -0.20224622 -0.20224622 -0.20224622 -0.20224622 -0.20224622
 -0.20224622 -0.20224622 -0.20224622 -0.20224622 -0.20224622 -0.20224622
 -0.20224622 -0.20224622 -0.20224622 -0.20224622 -0.20224622 -0.20224622
 -0.20224622 -0.20224622 -0.20224622 -0.20224622 -0.20224622 -0.20224622
 -0.20224622 -0.20224622 -0.20224622 -0.20224622 -0.20224622 -0.20224622
 -0.20224622 -0.20224622 -0.20224622 -0.20224622 -0.20224622 -0.20224622
 -0.20224622 -0.20224622 -0.20224622 -0.20224622 -0.20224622 -0.20224622
 -0.20224622 -0.20224622 -0.20224622 -0.20224622 -0.20224622 -0.20224622
 -0.20224622 -0.20224622 -0.20224622 -0.20224622 -0.20224622 -0.20224622
 -0.20224622 -0.20224622 -0.20224622 -0.20224622 -0.20224622 -0.20224622
 -0.20224622 -0.20224622 -0.20224622 -0.20224622 -0.20224622 -0.20224622
  1.00190785 -0.20224622 -0.20224622 -0.20224622 -0.20224622 -0.20224622
 -0.20224622 -0.20224622 -0.20224622 -0.20224622 -0.20224622 -0.20224622
 -0.20224622 -0.20224622  6.08973721 -0.20224622  6.41542168 -0.20224622
  7.6360753  -0.20224622 -0.20224622 -0.20224622  4.73834378 -0.20224622
 -0.20224622 -0.20224622 -0.20224622 -0.20224622 -0.20224622 -0.20224622
 -0.20224622 -0.20224622 -0.20224622 -0.20224622 -0.20224622 -0.20224622
 -0.20224622  4.51875247 -0.20224622 -0.20224622 -0.20224622 -0.20224622
 -0.20224622 -0.20224622 -0.20224622 -0.20224622 -0.20224622 -0.20224622
 -0.20224622 -0.20224622 -0.20224622 -0.20224622 -0.20224622 -0.20224622
 -0.20224622 -0.20224622 -0.20224622 -0.20224622 -0.20224622 -0.20224622
 -0.20224622 -0.20224622 -0.20224622 -0.20224622 -0.20224622 -0.20224622
 -0.20224622 -0.20224622 -0.20224622 -0.20224622]",[0.0013793545536700813]
16,"[-0.24190069 -0.24190069 -0.24190069 -0.24190069 -0.24190069 -0.24190069
 -0.24190069 -0.24190069 -0.24190069 -0.24190069 -0.24190069 -0.24190069
 -0.24190069 -0.24190069 -0.24190069 -0.24190069 -0.24190069 -0.24190069
 -0.24190069 -0.24190069 -0.24190069 -0.24190069 -0.24190069 -0.24190069
 -0.24190069 -0.24190069 -0.24190069 -0.24190069 -0.24190069 -0.24190069
 -0.24190069 -0.24190069 -0.24190069 -0.24190069 -0.24190069 -0.24190069
 -0.24190069 -0.24190069 -0.24190069 -0.24190069 -0.24190069 -0.24190069
 -0.24190069 -0.24190069 -0.24190069 -0.24190069 -0.24190069 -0.24190069
 -0.24190069 -0.24190069 -0.24190069 -0.24190069 -0.24190069 -0.24190069
 -0.24190069 -0.24190069 -0.24190069 -0.24190069 -0.24190069 -0.24190069
 -0.24190069 -0.24190069 -0.24190069 -0.24190069 -0.24190069 -0.24190069
 -0.24190069 -0.24190069 -0.24190069 -0.24190069 -0.24190069 -0.24190069
 -0.24190069 -0.24190069 -0.24190069 -0.24190069 -0.24190069 -0.24190069
 -0.24190069 -0.24190069 -0.24190069 -0.24190069 -0.24190069  5.27982267
 -0.24190069 -0.24190069 -0.24190069 -0.24190069 -0.24190069  3.2209958
 -0.24190069 -0.24190069  1.76793771 -0.24190069 -0.24190069 -0.24190069
 -0.24190069 -0.24190069 -0.24190069 -0.24190069 -0.24190069 -0.24190069
 -0.24190069 -0.24190069 -0.24190069 -0.24190069 -0.24190069 -0.24190069
 -0.24190069 -0.24190069  5.24416027 -0.24190069 -0.24190069 -0.24190069
 -0.24190069 -0.24190069  5.33376608 -0.24190069 -0.24190069 -0.24190069
 -0.24190069 -0.24190069 -0.24190069 -0.24190069 -0.24190069 -0.24190069
 -0.24190069 -0.24190069 -0.24190069 -0.24190069 -0.24190069 -0.24190069
 -0.24190069 -0.24190069 -0.24190069 -0.24190069 -0.24190069 -0.24190069
 -0.24190069 -0.24190069 -0.24190069 -0.24190069 -0.24190069 -0.24190069
 -0.24190069 -0.24190069 -0.24190069 -0.24190069 -0.24190069 -0.24190069
 -0.24190069 -0.24190069 -0.24190069 -0.24190069 -0.24190069 -0.24190069
 -0.24190069 -0.24190069 -0.24190069 -0.24190069 -0.24190069 -0.24190069
 -0.24190069 -0.24190069 -0.24190069 -0.24190069 -0.24190069 -0.24190069
 -0.24190069 -0.24190069 -0.24190069 -0.24190069 -0.24190069 -0.24190069
 -0.24190069 -0.24190069 -0.24190069 -0.24190069 -0.24190069 -0.24190069
 -0.24190069 -0.24190069 -0.24190069 -0.24190069 -0.24190069 -0.24190069
 -0.24190069 -0.24190069 -0.24190069 -0.24190069 -0.24190069 -0.24190069
 -0.24190069 -0.24190069 -0.24190069 -0.24190069 -0.24190069 -0.24190069
 -0.24190069 -0.24190069 -0.24190069 -0.24190069 -0.24190069 -0.24190069
 -0.24190069 -0.24190069 -0.24190069 -0.24190069 -0.24190069 -0.24190069
  2.44563828 -0.24190069 -0.24190069 -0.24190069 -0.24190069  3.85457738
 -0.24190069 -0.24190069 -0.24190069 -0.24190069 -0.24190069 -0.24190069
 -0.24190069 -0.24190069 -0.24190069 -0.24190069 -0.24190069 -0.24190069
 -0.24190069 -0.24190069 -0.24190069 -0.24190069 -0.24190069 -0.24190069
 -0.24190069  3.30156936 -0.24190069  4.67458314  4.15780019 -0.24190069
  2.65191534  1.87176742 -0.24190069  2.05544297 -0.24190069 -0.24190069
 -0.24190069 -0.24190069 -0.24190069 -0.24190069 -0.24190069  3.28776123
 -0.24190069 -0.24190069 -0.24190069  5.62993531 -0.24190069 -0.24190069
 -0.24190069 -0.24190069  5.34687781  5.00041588 -0.24190069  2.24375856
 -0.24190069 -0.24190069 -0.24190069 -0.24190069 -0.24190069 -0.24190069
 -0.24190069 -0.24190069  5.64934742 -0.24190069  2.24132443  6.03053019
 -0.24190069 -0.24190069 -0.24190069 -0.24190069  4.73367128 -0.24190069
  1.60836223  1.57049318 -0.24190069 -0.24190069 -0.24190069  3.95584226
 -0.24190069 -0.24190069 -0.24190069 -0.24190069 -0.24190069  2.46708
 -0.24190069 -0.24190069 -0.24190069 -0.24190069 -0.24190069 -0.24190069
 -0.24190069 -0.24190069 -0.24190069 -0.24190069  2.81362123 -0.24190069
 -0.24190069 -0.24190069 -0.24190069 -0.24190069 -0.24190069  2.42213164
 -0.24190069  0.99160792 -0.24190069 -0.24190069 -0.24190069 -0.24190069
 -0.24190069 -0.24190069 -0.24190069 -0.24190069 -0.24190069 -0.24190069
 -0.24190069 -0.24190069 -0.24190069 -0.24190069 -0.24190069 -0.24190069
 -0.24190069 -0.24190069 -0.24190069 -0.24190069 -0.24190069 -0.24190069
 -0.24190069 -0.24190069 -0.24190069 -0.24190069 -0.24190069 -0.24190069
 -0.24190069 -0.24190069 -0.24190069 -0.24190069 -0.24190069 -0.24190069
 -0.24190069 -0.24190069 -0.24190069 -0.24190069 -0.24190069 -0.24190069
 -0.24190069 -0.24190069 -0.24190069 -0.24190069 -0.24190069 -0.24190069
 -0.24190069 -0.24190069 -0.24190069 -0.24190069 -0.24190069 -0.24190069
 -0.24190069 -0.24190069 -0.24190069 -0.24190069 -0.24190069 -0.24190069
 -0.24190069 -0.24190069 -0.24190069 -0.24190069 -0.24190069 -0.24190069
 -0.24190069 -0.24190069 -0.24190069 -0.24190069 -0.24190069 -0.24190069
 -0.24190069 -0.24190069 -0.24190069 -0.24190069 -0.24190069 -0.24190069
 -0.24190069 -0.24190069 -0.24190069 -0.24190069 -0.24190069 -0.24190069
 -0.24190069 -0.24190069 -0.24190069 -0.24190069 -0.24190069 -0.24190069
 -0.24190069 -0.24190069 -0.24190069 -0.24190069 -0.24190069 -0.24190069
 -0.24190069 -0.24190069 -0.24190069 -0.24190069 -0.24190069 -0.24190069
 -0.24190069 -0.24190069 -0.24190069 -0.24190069 -0.24190069 -0.24190069
 -0.24190069 -0.24190069 -0.24190069 -0.24190069 -0.24190069  4.19751885
 -0.24190069 -0.24190069 -0.24190069 -0.24190069 -0.24190069 -0.24190069
 -0.24190069 -0.24190069 -0.24190069 -0.24190069 -0.24190069 -0.24190069
 -0.24190069 -0.24190069 -0.24190069 -0.24190069 -0.24190069 -0.24190069
 -0.24190069 -0.24190069 -0.24190069 -0.24190069 -0.24190069 -0.24190069
 -0.24190069 -0.24190069 -0.24190069 -0.24190069 -0.24190069 -0.24190069
 -0.24190069 -0.24190069 -0.24190069 -0.24190069 -0.24190069 -0.24190069
 -0.24190069 -0.24190069  2.3780269  -0.24190069 -0.24190069 -0.24190069
 -0.24190069 -0.24190069 -0.24190069 -0.24190069 -0.24190069 -0.24190069
 -0.24190069 -0.24190069 -0.24190069 -0.24190069 -0.24190069 -0.24190069
 -0.24190069 -0.24190069 -0.24190069 -0.24190069 -0.24190069 -0.24190069
  3.48600542  5.89134983 -0.24190069 -0.24190069 -0.24190069 -0.24190069
 -0.24190069 -0.24190069 -0.24190069 -0.24190069 -0.24190069 -0.24190069
 -0.24190069 -0.24190069 -0.24190069 -0.24190069 -0.24190069 -0.24190069
 -0.24190069 -0.24190069 -0.24190069 -0.24190069 -0.24190069 -0.24190069
 -0.24190069 -0.24190069 -0.24190069 -0.24190069 -0.24190069 -0.24190069
 -0.24190069 -0.24190069 -0.24190069 -0.24190069]",[-0.008909951650906661]
16,"[-0.27434412 -0.27434412 -0.27434412 -0.27434412 -0.27434412 -0.27434412
 -0.27434412 -0.27434412 -0.27434412 -0.27434412 -0.27434412 -0.27434412
 -0.27434412 -0.27434412 -0.27434412 -0.27434412 -0.27434412 -0.27434412
  0.93801291 -0.27434412 -0.27434412 -0.27434412 -0.27434412 -0.27434412
 -0.27434412 -0.27434412 -0.27434412 -0.27434412 -0.27434412 -0.27434412
 -0.27434412 -0.27434412 -0.27434412 -0.27434412 -0.27434412 -0.27434412
 -0.27434412 -0.27434412 -0.27434412 -0.27434412 -0.27434412 -0.27434412
 -0.27434412 -0.27434412 -0.27434412 -0.27434412 -0.27434412 -0.27434412
 -0.27434412 -0.27434412 -0.27434412 -0.27434412 -0.27434412 -0.27434412
 -0.27434412 -0.27434412 -0.27434412 -0.27434412 -0.27434412 -0.27434412
 -0.27434412 -0.27434412 -0.27434412 -0.27434412 -0.27434412 -0.27434412
 -0.27434412 -0.27434412 -0.27434412 -0.27434412 -0.27434412 -0.27434412
 -0.27434412 -0.27434412 -0.27434412 -0.27434412 -0.27434412 -0.27434412
 -0.27434412 -0.27434412 -0.27434412 -0.27434412 -0.27434412  6.09112661
 -0.27434412 -0.27434412 -0.27434412 -0.27434412 -0.27434412  1.7575364
 -0.27434412 -0.27434412 -0.27434412 -0.27434412 -0.27434412 -0.27434412
 -0.27434412 -0.27434412 -0.27434412 -0.27434412 -0.27434412 -0.27434412
 -0.27434412 -0.27434412 -0.27434412 -0.27434412 -0.27434412 -0.27434412
 -0.27434412 -0.27434412  5.39698743 -0.27434412 -0.27434412  2.30546239
 -0.27434412 -0.27434412  3.65350698 -0.27434412 -0.27434412 -0.27434412
 -0.27434412 -0.27434412 -0.27434412 -0.27434412 -0.27434412 -0.27434412
 -0.27434412 -0.27434412 -0.27434412 -0.27434412 -0.27434412 -0.27434412
 -0.27434412 -0.27434412 -0.27434412 -0.27434412 -0.27434412 -0.27434412
 -0.27434412 -0.27434412 -0.27434412 -0.27434412 -0.27434412 -0.27434412
 -0.27434412 -0.27434412 -0.27434412 -0.27434412 -0.27434412 -0.27434412
 -0.27434412 -0.27434412 -0.27434412 -0.27434412 -0.27434412 -0.27434412
 -0.27434412 -0.27434412 -0.27434412 -0.27434412 -0.27434412 -0.27434412
 -0.27434412 -0.02626156 -0.27434412 -0.27434412 -0.27434412 -0.27434412
 -0.27434412 -0.27434412 -0.27434412 -0.27434412 -0.27434412  1.40427727
 -0.27434412 -0.27434412 -0.27434412 -0.27434412 -0.27434412 -0.27434412
 -0.27434412 -0.27434412 -0.27434412 -0.27434412 -0.27434412 -0.27434412
 -0.27434412 -0.27434412 -0.27434412 -0.27434412 -0.27434412 -0.27434412
 -0.27434412 -0.27434412 -0.27434412 -0.27434412 -0.27434412 -0.27434412
  2.40077173 -0.27434412 -0.27434412 -0.27434412 -0.27434412 -0.27434412
 -0.27434412 -0.27434412 -0.27434412 -0.27434412 -0.27434412  1.7575364
  3.96863851 -0.27434412  0.05269642 -0.27434412 -0.27434412  2.8243858
 -0.27434412 -0.27434412 -0.27434412 -0.27434412 -0.27434412 -0.27434412
 -0.27434412 -0.27434412 -0.27434412 -0.27434412 -0.27434412 -0.27434412
 -0.27434412 -0.27434412 -0.27434412 -0.27434412 -0.27434412 -0.27434412
 -0.27434412  2.71805525 -0.27434412  4.29304958  5.0830862  -0.27434412
  3.09346785  0.48959197 -0.27434412 -0.27434412 -0.27434412 -0.27434412
 -0.27434412 -0.27434412 -0.27434412 -0.27434412 -0.27434412 -0.27434412
 -0.27434412 -0.27434412 -0.27434412  3.24564335  2.43855035 -0.27434412
 -0.27434412 -0.27434412  3.20904593  4.50788329 -0.27434412  0.56959096
 -0.27434412 -0.27434412 -0.27434412 -0.27434412  2.02034928 -0.27434412
  0.19094787 -0.27434412  5.24006986 -0.27434412  1.92178985 -0.27434412
 -0.27434412  0.77230463 -0.27434412 -0.27434412  3.19714043 -0.27434412
  2.02034928  1.73146173 -0.27434412 -0.27434412 -0.27434412  3.35910644
 -0.27434412 -0.27434412 -0.27434412  1.7575364  -0.27434412  1.94521757
 -0.27434412  1.7575364  -0.27434412 -0.27434412 -0.27434412 -0.27434412
  2.07503664 -0.27434412 -0.27434412 -0.27434412  4.73182887 -0.27434412
  4.7860045  -0.27434412 -0.27434412 -0.27434412  1.45162814  3.22329559
 -0.27434412  0.90034626 -0.27434412 -0.27434412 -0.27434412 -0.27434412
 -0.27434412 -0.27434412 -0.27434412 -0.27434412 -0.27434412 -0.27434412
 -0.27434412 -0.27434412 -0.27434412 -0.27434412 -0.27434412 -0.27434412
 -0.27434412 -0.27434412 -0.27434412 -0.27434412 -0.27434412 -0.27434412
 -0.27434412 -0.27434412 -0.27434412 -0.27434412 -0.27434412 -0.27434412
 -0.27434412 -0.27434412 -0.27434412 -0.27434412 -0.27434412 -0.27434412
 -0.27434412 -0.27434412 -0.27434412 -0.27434412 -0.27434412 -0.27434412
 -0.27434412 -0.27434412 -0.27434412 -0.27434412 -0.27434412 -0.27434412
 -0.27434412 -0.27434412 -0.27434412 -0.27434412 -0.27434412 -0.27434412
 -0.27434412 -0.27434412 -0.27434412 -0.27434412 -0.27434412 -0.27434412
 -0.27434412 -0.27434412 -0.27434412 -0.27434412 -0.27434412 -0.27434412
 -0.27434412 -0.27434412 -0.27434412 -0.27434412 -0.27434412 -0.27434412
 -0.27434412 -0.27434412 -0.27434412 -0.27434412 -0.27434412 -0.27434412
 -0.27434412 -0.27434412 -0.27434412 -0.27434412 -0.27434412 -0.27434412
 -0.27434412 -0.27434412 -0.27434412 -0.27434412 -0.27434412 -0.27434412
 -0.27434412 -0.27434412 -0.27434412 -0.27434412 -0.27434412 -0.27434412
 -0.27434412 -0.27434412 -0.27434412 -0.27434412 -0.27434412 -0.27434412
 -0.27434412 -0.27434412 -0.27434412 -0.27434412 -0.27434412 -0.27434412
 -0.27434412 -0.27434412 -0.27434412 -0.27434412  2.07503664  4.31880038
 -0.27434412 -0.27434412 -0.27434412 -0.27434412 -0.27434412 -0.27434412
 -0.27434412 -0.27434412 -0.27434412 -0.27434412 -0.27434412 -0.27434412
 -0.27434412 -0.27434412 -0.27434412 -0.27434412 -0.27434412 -0.27434412
 -0.27434412 -0.27434412 -0.27434412 -0.27434412 -0.27434412 -0.27434412
 -0.27434412 -0.27434412 -0.27434412 -0.27434412 -0.27434412 -0.27434412
 -0.27434412 -0.27434412 -0.27434412 -0.27434412 -0.27434412 -0.27434412
 -0.27434412 -0.27434412  2.59345279 -0.27434412 -0.27434412 -0.27434412
  6.91889439 -0.27434412 -0.27434412 -0.27434412 -0.27434412 -0.27434412
 -0.27434412 -0.27434412 -0.27434412 -0.27434412 -0.27434412 -0.27434412
 -0.27434412 -0.27434412 -0.27434412 -0.27434412 -0.27434412 -0.27434412
 -0.27434412  4.61990689 -0.27434412 -0.27434412 -0.27434412 -0.27434412
 -0.27434412 -0.27434412 -0.27434412 -0.27434412 -0.27434412 -0.27434412
 -0.27434412 -0.27434412 -0.27434412 -0.27434412 -0.27434412 -0.27434412
 -0.27434412 -0.27434412 -0.27434412 -0.27434412 -0.27434412 -0.27434412
 -0.27434412 -0.27434412 -0.27434412 -0.27434412 -0.27434412 -0.27434412
 -0.27434412 -0.27434412  3.98408378 -0.27434412]",[0.0018979013348577878]
16,"[-0.20580748 -0.20580748 -0.20580748 -0.20580748 -0.20580748 -0.20580748
 -0.20580748 -0.20580748 -0.20580748 -0.20580748 -0.20580748 -0.20580748
 -0.20580748 -0.20580748 -0.20580748 -0.20580748 -0.20580748 -0.20580748
 -0.20580748 -0.20580748 -0.20580748 -0.20580748 -0.20580748 -0.20580748
 -0.20580748 -0.20580748 -0.20580748 -0.20580748 -0.20580748 -0.20580748
 -0.20580748 -0.20580748 -0.20580748 -0.20580748 -0.20580748 -0.20580748
 -0.20580748 -0.20580748 -0.20580748 -0.20580748 -0.20580748 -0.20580748
 -0.20580748 -0.20580748 -0.20580748 -0.20580748 -0.20580748 -0.20580748
 -0.20580748 -0.20580748 -0.20580748 -0.20580748 -0.20580748 -0.20580748
 -0.20580748 -0.20580748 -0.20580748 -0.20580748 -0.20580748 -0.20580748
 -0.20580748 -0.20580748 -0.20580748 -0.20580748 -0.20580748 -0.20580748
 -0.20580748 -0.20580748 -0.20580748 -0.20580748 -0.20580748 -0.20580748
 -0.20580748 -0.20580748 -0.20580748 -0.20580748 -0.20580748 -0.20580748
 -0.20580748 -0.20580748 -0.20580748 -0.20580748 -0.20580748  6.6025286
 -0.20580748 -0.20580748 -0.20580748 -0.20580748 -0.20580748 -0.20580748
 -0.20580748 -0.20580748 -0.20580748 -0.20580748 -0.20580748 -0.20580748
 -0.20580748 -0.20580748 -0.20580748 -0.20580748 -0.20580748 -0.20580748
 -0.20580748 -0.20580748 -0.20580748 -0.20580748 -0.20580748 -0.20580748
 -0.20580748 -0.20580748  7.0484878  -0.20580748  5.85312348 -0.20580748
 -0.20580748 -0.20580748 -0.20580748 -0.20580748 -0.20580748 -0.20580748
 -0.20580748 -0.20580748 -0.20580748 -0.20580748 -0.20580748 -0.20580748
 -0.20580748 -0.20580748 -0.20580748 -0.20580748 -0.20580748 -0.20580748
 -0.20580748 -0.20580748 -0.20580748 -0.20580748 -0.20580748 -0.20580748
 -0.20580748 -0.20580748 -0.20580748 -0.20580748 -0.20580748 -0.20580748
 -0.20580748 -0.20580748 -0.20580748 -0.20580748 -0.20580748 -0.20580748
 -0.20580748 -0.20580748 -0.20580748 -0.20580748 -0.20580748 -0.20580748
 -0.20580748 -0.20580748 -0.20580748 -0.20580748 -0.20580748 -0.20580748
 -0.20580748 -0.20580748 -0.20580748 -0.20580748 -0.20580748 -0.20580748
 -0.20580748 -0.20580748 -0.20580748 -0.20580748 -0.20580748 -0.20580748
 -0.20580748 -0.20580748 -0.20580748 -0.20580748 -0.20580748 -0.20580748
 -0.20580748 -0.20580748 -0.20580748 -0.20580748 -0.20580748 -0.20580748
 -0.20580748 -0.20580748 -0.20580748 -0.20580748 -0.20580748 -0.20580748
 -0.20580748 -0.20580748 -0.20580748 -0.20580748 -0.20580748 -0.20580748
 -0.20580748 -0.20580748 -0.20580748 -0.20580748 -0.20580748 -0.20580748
 -0.20580748 -0.20580748 -0.20580748 -0.20580748 -0.20580748 -0.20580748
 -0.20580748 -0.20580748  1.16447636 -0.20580748 -0.20580748  2.63499562
 -0.20580748 -0.20580748 -0.20580748 -0.20580748 -0.20580748 -0.20580748
 -0.20580748 -0.20580748 -0.20580748 -0.20580748 -0.20580748 -0.20580748
 -0.20580748 -0.20580748 -0.20580748 -0.20580748 -0.20580748 -0.20580748
 -0.20580748  4.56006468 -0.20580748  5.7647519   5.86518604 -0.20580748
  4.53088388 -0.20580748 -0.20580748 -0.20580748 -0.20580748 -0.20580748
 -0.20580748 -0.20580748 -0.20580748 -0.20580748 -0.20580748 -0.20580748
 -0.20580748 -0.20580748 -0.20580748 -0.20580748 -0.20580748 -0.20580748
 -0.20580748 -0.20580748  4.58135837  4.89267301 -0.20580748  0.45269346
 -0.20580748 -0.20580748 -0.20580748 -0.20580748 -0.20580748 -0.20580748
 -0.20580748 -0.20580748  0.83304359 -0.20580748  3.27357228 -0.20580748
 -0.20580748 -0.20580748 -0.20580748 -0.20580748 -0.20580748 -0.20580748
 -0.20580748  3.1406955  -0.20580748 -0.20580748 -0.20580748  4.8592951
  2.34294504 -0.20580748 -0.20580748 -0.20580748 -0.20580748 -0.20580748
 -0.20580748 -0.20580748 -0.20580748 -0.20580748 -0.20580748 -0.20580748
 -0.20580748 -0.20580748 -0.20580748 -0.20580748  5.63444242 -0.20580748
 -0.20580748 -0.20580748 -0.20580748 -0.20580748 -0.20580748  3.20581483
 -0.20580748  0.98270873 -0.20580748 -0.20580748 -0.20580748 -0.20580748
 -0.20580748 -0.20580748 -0.20580748 -0.20580748 -0.20580748 -0.20580748
 -0.20580748 -0.20580748 -0.20580748 -0.20580748 -0.20580748 -0.20580748
 -0.20580748 -0.20580748 -0.20580748 -0.20580748 -0.20580748 -0.20580748
 -0.20580748 -0.20580748 -0.20580748 -0.20580748 -0.20580748 -0.20580748
 -0.20580748 -0.20580748 -0.20580748 -0.20580748 -0.20580748 -0.20580748
 -0.20580748 -0.20580748 -0.20580748 -0.20580748 -0.20580748 -0.20580748
 -0.20580748 -0.20580748 -0.20580748 -0.20580748 -0.20580748 -0.20580748
 -0.20580748 -0.20580748 -0.20580748 -0.20580748 -0.20580748 -0.20580748
 -0.20580748 -0.20580748 -0.20580748 -0.20580748 -0.20580748 -0.20580748
 -0.20580748 -0.20580748 -0.20580748 -0.20580748 -0.20580748 -0.20580748
 -0.20580748 -0.20580748 -0.20580748 -0.20580748 -0.20580748 -0.20580748
 -0.20580748 -0.20580748 -0.20580748 -0.20580748 -0.20580748 -0.20580748
 -0.20580748 -0.20580748 -0.20580748 -0.20580748 -0.20580748 -0.20580748
 -0.20580748 -0.20580748 -0.20580748 -0.20580748 -0.20580748 -0.20580748
 -0.20580748 -0.20580748 -0.20580748 -0.20580748 -0.20580748 -0.20580748
 -0.20580748 -0.20580748 -0.20580748 -0.20580748 -0.20580748 -0.20580748
 -0.20580748 -0.20580748 -0.20580748 -0.20580748 -0.20580748 -0.20580748
 -0.20580748 -0.20580748 -0.20580748 -0.20580748 -0.20580748  4.86984744
 -0.20580748 -0.20580748 -0.20580748 -0.20580748 -0.20580748 -0.20580748
 -0.20580748 -0.20580748 -0.20580748 -0.20580748 -0.20580748 -0.20580748
 -0.20580748 -0.20580748 -0.20580748 -0.20580748 -0.20580748 -0.20580748
  3.85229102 -0.20580748 -0.20580748 -0.20580748 -0.20580748 -0.20580748
 -0.20580748 -0.20580748 -0.20580748 -0.20580748 -0.20580748 -0.20580748
 -0.20580748 -0.20580748 -0.20580748 -0.20580748 -0.20580748 -0.20580748
 -0.20580748 -0.20580748 -0.20580748 -0.20580748 -0.20580748 -0.20580748
  4.52841474 -0.20580748 -0.20580748 -0.20580748 -0.20580748 -0.20580748
 -0.20580748 -0.20580748 -0.20580748 -0.20580748 -0.20580748 -0.20580748
 -0.20580748 -0.20580748 -0.20580748 -0.20580748 -0.20580748 -0.20580748
 -0.20580748  4.06000623 -0.20580748 -0.20580748 -0.20580748 -0.20580748
 -0.20580748 -0.20580748 -0.20580748 -0.20580748 -0.20580748 -0.20580748
 -0.20580748 -0.20580748 -0.20580748 -0.20580748 -0.20580748 -0.20580748
 -0.20580748 -0.20580748 -0.20580748 -0.20580748 -0.20580748 -0.20580748
 -0.20580748 -0.20580748 -0.20580748 -0.20580748 -0.20580748 -0.20580748
 -0.20580748 -0.20580748  6.34040219 -0.20580748]",[-0.07315642260037256]
16,"[-0.26109073 -0.26109073 -0.26109073 -0.26109073  0.0600642  -0.26109073
 -0.26109073 -0.26109073 -0.26109073 -0.26109073 -0.26109073 -0.26109073
 -0.26109073 -0.26109073 -0.26109073 -0.26109073 -0.26109073 -0.26109073
 -0.26109073 -0.26109073 -0.26109073 -0.26109073 -0.26109073 -0.26109073
 -0.26109073 -0.26109073 -0.26109073 -0.26109073 -0.26109073 -0.26109073
 -0.26109073 -0.26109073 -0.26109073 -0.26109073 -0.26109073 -0.26109073
 -0.26109073 -0.26109073 -0.26109073 -0.26109073 -0.26109073 -0.26109073
 -0.26109073 -0.26109073 -0.26109073 -0.26109073 -0.26109073 -0.26109073
 -0.26109073 -0.26109073 -0.26109073 -0.26109073 -0.26109073 -0.26109073
 -0.26109073 -0.26109073 -0.26109073 -0.26109073 -0.26109073 -0.26109073
 -0.26109073 -0.26109073 -0.26109073 -0.26109073 -0.26109073 -0.26109073
 -0.26109073 -0.26109073 -0.26109073 -0.26109073 -0.26109073 -0.26109073
 -0.26109073 -0.26109073 -0.26109073 -0.26109073 -0.26109073 -0.26109073
 -0.26109073 -0.26109073 -0.26109073 -0.26109073 -0.26109073  4.98239081
 -0.26109073 -0.26109073 -0.26109073 -0.26109073 -0.26109073  2.32142845
 -0.26109073 -0.26109073 -0.26109073 -0.26109073 -0.26109073 -0.26109073
 -0.26109073 -0.26109073 -0.26109073 -0.26109073 -0.26109073 -0.26109073
 -0.26109073 -0.26109073 -0.26109073 -0.26109073 -0.26109073 -0.26109073
 -0.26109073 -0.26109073  5.60563155 -0.26109073 -0.26109073 -0.26109073
 -0.26109073  3.54813065  5.34494146 -0.26109073 -0.26109073 -0.26109073
 -0.26109073 -0.26109073 -0.26109073 -0.26109073  4.15113914 -0.26109073
 -0.26109073 -0.26109073 -0.26109073 -0.26109073 -0.26109073 -0.26109073
 -0.26109073 -0.26109073 -0.26109073 -0.26109073 -0.26109073 -0.26109073
 -0.26109073 -0.26109073 -0.26109073 -0.26109073 -0.26109073 -0.26109073
 -0.26109073 -0.26109073 -0.26109073 -0.26109073 -0.26109073 -0.26109073
 -0.26109073 -0.26109073 -0.26109073 -0.26109073 -0.26109073 -0.26109073
 -0.26109073 -0.26109073 -0.26109073 -0.26109073 -0.26109073 -0.26109073
 -0.26109073  0.36357416 -0.26109073 -0.26109073 -0.26109073 -0.26109073
 -0.26109073 -0.26109073 -0.26109073 -0.26109073 -0.26109073 -0.26109073
 -0.26109073 -0.26109073 -0.26109073 -0.26109073 -0.26109073 -0.26109073
 -0.26109073 -0.26109073 -0.26109073 -0.26109073 -0.26109073 -0.26109073
 -0.26109073 -0.26109073 -0.26109073 -0.26109073 -0.26109073 -0.26109073
 -0.26109073 -0.26109073  1.55422252 -0.26109073 -0.26109073 -0.26109073
 -0.26109073 -0.26109073 -0.26109073 -0.26109073 -0.26109073 -0.26109073
 -0.26109073 -0.26109073 -0.26109073 -0.26109073 -0.26109073  2.22655302
  1.6027072  -0.26109073  0.28594663 -0.26109073 -0.26109073  0.07367508
 -0.26109073 -0.26109073 -0.26109073 -0.26109073 -0.26109073 -0.26109073
 -0.26109073 -0.26109073 -0.26109073 -0.26109073 -0.26109073 -0.26109073
 -0.26109073 -0.26109073 -0.26109073 -0.26109073 -0.26109073 -0.26109073
 -0.26109073  1.98647469 -0.26109073  3.63369477  3.75696648 -0.26109073
  2.99489892  0.50364864  3.01133841 -0.26109073 -0.26109073 -0.26109073
 -0.26109073 -0.26109073 -0.26109073 -0.26109073 -0.26109073 -0.26109073
 -0.26109073 -0.26109073 -0.26109073  4.80020094  3.10899664 -0.26109073
 -0.26109073 -0.26109073 -0.26109073  3.28633745 -0.26109073  1.46369266
 -0.26109073 -0.26109073 -0.26109073 -0.26109073 -0.26109073 -0.26109073
  2.74043004 -0.26109073  5.35896212 -0.26109073  2.66773736 -0.26109073
 -0.26109073  1.27583902 -0.26109073  1.12719966  2.00163887 -0.26109073
  2.32142845  0.98273115 -0.26109073 -0.26109073  4.74967779  3.41751628
 -0.26109073 -0.26109073 -0.26109073  2.09076041 -0.26109073  2.16013837
 -0.26109073 -0.26109073  3.90607365 -0.26109073 -0.26109073 -0.26109073
 -0.26109073 -0.26109073 -0.26109073 -0.26109073 -0.26109073 -0.26109073
  3.43991201 -0.26109073 -0.26109073 -0.26109073 -0.26109073  0.78041222
 -0.26109073 -0.26109073 -0.26109073 -0.26109073 -0.26109073 -0.26109073
 -0.26109073 -0.26109073 -0.26109073 -0.26109073 -0.26109073 -0.26109073
 -0.26109073 -0.26109073 -0.26109073 -0.26109073 -0.26109073 -0.26109073
 -0.26109073 -0.26109073 -0.26109073 -0.26109073 -0.26109073 -0.26109073
 -0.26109073 -0.26109073 -0.26109073 -0.26109073 -0.26109073 -0.26109073
 -0.26109073 -0.26109073 -0.26109073 -0.26109073 -0.26109073 -0.26109073
 -0.26109073 -0.26109073 -0.26109073 -0.26109073 -0.26109073 -0.26109073
 -0.26109073 -0.26109073 -0.26109073 -0.26109073 -0.26109073 -0.26109073
 -0.26109073 -0.26109073 -0.26109073 -0.26109073 -0.26109073 -0.26109073
 -0.26109073 -0.26109073 -0.26109073 -0.26109073 -0.26109073 -0.26109073
 -0.26109073 -0.26109073 -0.26109073 -0.26109073 -0.26109073 -0.26109073
 -0.26109073 -0.26109073 -0.26109073 -0.26109073 -0.26109073 -0.26109073
 -0.26109073 -0.26109073 -0.26109073 -0.26109073 -0.26109073 -0.26109073
 -0.26109073 -0.26109073 -0.26109073 -0.26109073 -0.26109073 -0.26109073
 -0.26109073 -0.26109073 -0.26109073 -0.26109073 -0.26109073 -0.26109073
 -0.26109073 -0.26109073 -0.26109073 -0.26109073 -0.26109073 -0.26109073
 -0.26109073 -0.26109073 -0.26109073 -0.26109073 -0.26109073 -0.26109073
 -0.26109073 -0.26109073 -0.26109073 -0.26109073 -0.26109073 -0.26109073
 -0.26109073 -0.26109073 -0.26109073 -0.26109073 -0.26109073  5.11187299
 -0.26109073 -0.26109073 -0.26109073 -0.26109073 -0.26109073 -0.26109073
 -0.26109073 -0.26109073 -0.26109073 -0.26109073 -0.26109073 -0.26109073
 -0.26109073 -0.26109073 -0.26109073 -0.26109073 -0.26109073 -0.26109073
  3.56525032 -0.26109073 -0.26109073 -0.26109073 -0.26109073 -0.26109073
 -0.26109073 -0.26109073 -0.26109073 -0.26109073 -0.26109073 -0.26109073
 -0.26109073 -0.26109073 -0.26109073 -0.26109073 -0.26109073 -0.26109073
 -0.26109073 -0.26109073  4.41225339 -0.26109073 -0.26109073 -0.26109073
  7.75306596 -0.26109073 -0.26109073 -0.26109073 -0.26109073 -0.26109073
 -0.26109073 -0.26109073 -0.26109073 -0.26109073 -0.26109073 -0.26109073
 -0.26109073 -0.26109073 -0.26109073 -0.26109073 -0.26109073 -0.26109073
 -0.26109073  4.01072207 -0.26109073 -0.26109073 -0.26109073 -0.26109073
 -0.26109073 -0.26109073 -0.26109073 -0.26109073 -0.26109073 -0.26109073
 -0.26109073 -0.26109073 -0.26109073 -0.26109073 -0.26109073 -0.26109073
 -0.26109073 -0.26109073 -0.26109073 -0.26109073 -0.26109073 -0.26109073
 -0.26109073 -0.26109073 -0.26109073 -0.26109073 -0.26109073 -0.26109073
 -0.26109073 -0.26109073 -0.26109073 -0.26109073]",[-0.023688070031268993]
16,"[-0.29534589 -0.29534589 -0.29534589 -0.29534589  1.87600947 -0.29534589
 -0.29534589 -0.29534589 -0.29534589 -0.29534589 -0.29534589 -0.29534589
 -0.29534589 -0.29534589 -0.29534589 -0.29534589 -0.29534589 -0.29534589
 -0.29534589 -0.29534589 -0.29534589 -0.29534589 -0.29534589 -0.29534589
 -0.29534589 -0.29534589 -0.29534589 -0.29534589 -0.29534589 -0.29534589
 -0.29534589 -0.29534589 -0.29534589 -0.29534589 -0.29534589 -0.29534589
 -0.29534589 -0.29534589 -0.29534589 -0.29534589 -0.29534589 -0.29534589
 -0.29534589 -0.29534589 -0.29534589 -0.29534589 -0.29534589 -0.29534589
 -0.29534589 -0.29534589 -0.29534589 -0.29534589 -0.29534589 -0.29534589
 -0.29534589 -0.29534589 -0.29534589 -0.29534589 -0.29534589 -0.29534589
 -0.29534589 -0.29534589 -0.29534589 -0.29534589 -0.29534589 -0.29534589
 -0.29534589 -0.29534589 -0.29534589 -0.29534589 -0.29534589 -0.29534589
 -0.29534589 -0.29534589 -0.29534589 -0.29534589 -0.29534589 -0.29534589
  3.04314218 -0.29534589 -0.29534589 -0.29534589 -0.29534589  3.97394211
 -0.29534589 -0.29534589  1.86697239 -0.29534589 -0.29534589 -0.29534589
 -0.29534589 -0.29534589 -0.29534589 -0.29534589 -0.29534589 -0.29534589
 -0.29534589 -0.29534589 -0.29534589 -0.29534589 -0.29534589 -0.29534589
 -0.29534589 -0.29534589 -0.29534589 -0.29534589 -0.29534589 -0.29534589
 -0.29534589 -0.29534589  4.91952442 -0.29534589 -0.29534589 -0.29534589
 -0.29534589 -0.29534589  4.22687777 -0.29534589 -0.29534589 -0.29534589
 -0.29534589 -0.29534589 -0.29534589 -0.29534589  3.6393845  -0.29534589
 -0.29534589 -0.29534589 -0.29534589 -0.29534589 -0.29534589 -0.29534589
 -0.29534589 -0.29534589 -0.29534589 -0.29534589 -0.29534589 -0.29534589
 -0.29534589 -0.29534589 -0.29534589 -0.29534589 -0.29534589 -0.29534589
 -0.29534589 -0.29534589 -0.29534589 -0.29534589 -0.29534589 -0.29534589
 -0.29534589 -0.29534589 -0.29534589 -0.29534589 -0.29534589 -0.29534589
 -0.29534589 -0.29534589 -0.29534589 -0.29534589 -0.29534589 -0.29534589
 -0.29534589  2.95925647 -0.29534589 -0.29534589 -0.29534589 -0.29534589
 -0.29534589 -0.29534589 -0.29534589 -0.29534589 -0.29534589 -0.29534589
 -0.29534589 -0.29534589 -0.29534589 -0.29534589 -0.29534589 -0.29534589
 -0.29534589 -0.29534589 -0.29534589 -0.29534589 -0.29534589 -0.29534589
 -0.29534589 -0.29534589 -0.29534589 -0.29534589 -0.29534589 -0.29534589
 -0.29534589 -0.29534589 -0.29534589 -0.29534589 -0.29534589 -0.29534589
 -0.29534589 -0.29534589 -0.29534589 -0.29534589 -0.29534589 -0.29534589
 -0.29534589 -0.29534589 -0.29534589 -0.29534589 -0.29534589 -0.29534589
  1.0116972  -0.29534589  1.2696749  -0.29534589  1.38554601  1.7094701
 -0.29534589 -0.29534589 -0.29534589 -0.29534589 -0.29534589 -0.29534589
 -0.29534589 -0.29534589 -0.29534589 -0.29534589  2.59859584 -0.29534589
 -0.29534589 -0.29534589 -0.29534589 -0.29534589 -0.29534589 -0.29534589
 -0.29534589  3.58897907 -0.29534589  2.35972709  2.9764727  -0.29534589
  2.39509807 -0.29534589  2.66458751  2.98170559 -0.29534589 -0.29534589
 -0.29534589 -0.29534589 -0.29534589 -0.29534589 -0.29534589  3.77434085
 -0.29534589 -0.29534589  3.39719092  4.8338809   4.48627597 -0.29534589
 -0.29534589 -0.29534589  4.89196805 -0.29534589 -0.29534589  1.54980567
 -0.29534589 -0.29534589 -0.29534589 -0.29534589  0.34496942 -0.29534589
  2.29134504 -0.29534589  4.72300377 -0.29534589  3.26155507  3.64996361
 -0.29534589  1.61517574 -0.29534589 -0.29534589  3.74057679 -0.29534589
  1.15976264  0.83047975 -0.29534589 -0.29534589  4.76218749  2.10360141
 -0.29534589 -0.29534589 -0.29534589 -0.29534589 -0.29534589 -0.29534589
 -0.29534589 -0.29534589  3.9151183  -0.29534589 -0.29534589 -0.29534589
 -0.29534589 -0.29534589 -0.29534589 -0.29534589 -0.29534589 -0.29534589
 -0.29534589 -0.29534589 -0.29534589 -0.29534589 -0.29534589 -0.29534589
 -0.29534589 -0.29534589 -0.29534589  1.73942061 -0.29534589 -0.29534589
 -0.29534589  3.31258242 -0.29534589 -0.29534589 -0.29534589 -0.29534589
 -0.29534589 -0.29534589 -0.29534589 -0.29534589 -0.29534589 -0.29534589
 -0.29534589 -0.29534589 -0.29534589 -0.29534589 -0.29534589 -0.29534589
 -0.29534589 -0.29534589 -0.29534589 -0.29534589 -0.29534589 -0.29534589
 -0.29534589 -0.29534589 -0.29534589 -0.29534589 -0.29534589 -0.29534589
 -0.29534589  1.86697239 -0.29534589 -0.29534589 -0.29534589 -0.29534589
 -0.29534589 -0.29534589 -0.29534589 -0.29534589 -0.29534589 -0.29534589
 -0.29534589 -0.29534589 -0.29534589 -0.29534589 -0.29534589 -0.29534589
 -0.29534589 -0.29534589 -0.29534589 -0.29534589 -0.29534589 -0.29534589
 -0.29534589 -0.29534589 -0.29534589 -0.29534589 -0.29534589 -0.29534589
 -0.29534589 -0.29534589 -0.29534589 -0.29534589 -0.29534589 -0.29534589
 -0.29534589 -0.29534589 -0.29534589 -0.29534589 -0.29534589 -0.29534589
 -0.29534589 -0.29534589 -0.29534589 -0.29534589 -0.29534589 -0.29534589
 -0.29534589 -0.29534589 -0.29534589 -0.29534589 -0.29534589 -0.29534589
 -0.29534589 -0.29534589 -0.29534589 -0.29534589 -0.29534589 -0.29534589
 -0.29534589 -0.29534589 -0.29534589 -0.29534589 -0.29534589 -0.29534589
 -0.29534589 -0.29534589 -0.29534589 -0.29534589 -0.29534589  3.41141391
 -0.29534589 -0.29534589 -0.29534589 -0.29534589  5.2162252  -0.29534589
 -0.29534589 -0.29534589 -0.29534589 -0.29534589 -0.29534589 -0.29534589
 -0.29534589 -0.29534589 -0.29534589 -0.29534589 -0.29534589 -0.29534589
 -0.29534589 -0.29534589 -0.29534589 -0.29534589 -0.29534589 -0.29534589
  3.15490608 -0.29534589 -0.29534589 -0.29534589 -0.29534589 -0.29534589
 -0.29534589 -0.29534589 -0.29534589 -0.29534589 -0.29534589 -0.29534589
 -0.29534589 -0.29534589 -0.29534589 -0.29534589 -0.29534589 -0.29534589
 -0.29534589 -0.29534589 -0.29534589 -0.29534589  3.66385807 -0.29534589
 -0.29534589 -0.29534589 -0.29534589 -0.29534589 -0.29534589 -0.29534589
 -0.29534589 -0.29534589 -0.29534589 -0.29534589 -0.29534589 -0.29534589
 -0.29534589 -0.29534589 -0.29534589 -0.29534589 -0.29534589 -0.29534589
 -0.29534589  3.22928958 -0.29534589 -0.29534589 -0.29534589 -0.29534589
 -0.29534589 -0.29534589 -0.29534589 -0.29534589 -0.29534589  1.31344825
 -0.29534589 -0.29534589 -0.29534589 -0.29534589 -0.29534589 -0.29534589
 -0.29534589  1.65201251 -0.29534589 -0.29534589 -0.29534589 -0.29534589
 -0.29534589 -0.29534589 -0.29534589 -0.29534589 -0.29534589 -0.29534589
 -0.29534589 -0.29534589  4.06526632 -0.29534589]",[-0.00938678013078581]
16,"[-0.22377316 -0.22377316 -0.22377316 -0.22377316 -0.08684649 -0.22377316
 -0.22377316 -0.22377316 -0.22377316 -0.22377316 -0.22377316 -0.22377316
 -0.22377316 -0.22377316 -0.22377316 -0.22377316 -0.22377316 -0.22377316
 -0.22377316 -0.22377316 -0.22377316 -0.22377316 -0.22377316 -0.22377316
 -0.22377316 -0.22377316 -0.22377316  0.19099663 -0.22377316 -0.22377316
 -0.22377316 -0.22377316 -0.22377316 -0.22377316 -0.22377316 -0.22377316
 -0.22377316 -0.22377316 -0.22377316 -0.22377316 -0.22377316 -0.22377316
 -0.22377316 -0.22377316 -0.22377316 -0.22377316 -0.22377316 -0.22377316
 -0.22377316 -0.22377316 -0.22377316 -0.22377316 -0.22377316 -0.22377316
 -0.22377316 -0.22377316 -0.22377316 -0.22377316 -0.22377316 -0.22377316
 -0.22377316 -0.22377316 -0.22377316 -0.22377316 -0.22377316 -0.22377316
 -0.22377316 -0.22377316 -0.22377316 -0.22377316 -0.22377316 -0.22377316
 -0.22377316 -0.22377316 -0.22377316 -0.22377316 -0.22377316 -0.22377316
 -0.22377316 -0.22377316 -0.22377316 -0.22377316 -0.22377316  6.88603155
 -0.22377316 -0.22377316 -0.22377316 -0.22377316 -0.22377316 -0.22377316
 -0.22377316 -0.22377316 -0.22377316 -0.22377316 -0.22377316 -0.22377316
 -0.22377316 -0.22377316 -0.22377316 -0.22377316 -0.22377316 -0.22377316
 -0.22377316 -0.22377316 -0.22377316 -0.22377316 -0.22377316 -0.22377316
 -0.22377316 -0.22377316  6.90483014 -0.22377316 -0.22377316 -0.22377316
 -0.22377316 -0.22377316  6.89359893 -0.22377316 -0.22377316 -0.22377316
 -0.22377316 -0.22377316 -0.22377316 -0.22377316  3.99478255 -0.22377316
 -0.22377316 -0.22377316 -0.22377316 -0.22377316 -0.22377316 -0.22377316
 -0.22377316 -0.22377316 -0.22377316 -0.22377316 -0.22377316 -0.22377316
 -0.22377316 -0.22377316 -0.22377316 -0.22377316 -0.22377316 -0.22377316
 -0.22377316 -0.22377316 -0.22377316 -0.22377316 -0.22377316 -0.22377316
 -0.22377316 -0.22377316 -0.22377316 -0.22377316 -0.22377316 -0.22377316
 -0.22377316 -0.22377316 -0.22377316 -0.22377316 -0.22377316 -0.22377316
 -0.22377316 -0.22377316 -0.22377316 -0.22377316 -0.22377316 -0.22377316
 -0.22377316 -0.22377316 -0.22377316 -0.22377316 -0.22377316 -0.22377316
 -0.22377316 -0.22377316 -0.22377316 -0.22377316 -0.22377316 -0.22377316
 -0.22377316 -0.22377316 -0.22377316 -0.22377316 -0.22377316 -0.22377316
 -0.22377316 -0.22377316 -0.22377316 -0.22377316 -0.22377316 -0.22377316
 -0.22377316 -0.22377316  2.69959376 -0.22377316 -0.22377316 -0.22377316
 -0.22377316 -0.22377316 -0.22377316 -0.22377316 -0.22377316 -0.22377316
 -0.22377316 -0.22377316 -0.22377316 -0.22377316 -0.22377316 -0.22377316
  3.73504891 -0.22377316  0.21109779 -0.22377316 -0.22377316  2.67751446
 -0.22377316 -0.22377316 -0.22377316 -0.22377316 -0.22377316 -0.22377316
 -0.22377316 -0.22377316 -0.22377316 -0.22377316 -0.22377316 -0.22377316
 -0.22377316 -0.22377316 -0.22377316 -0.22377316 -0.22377316 -0.22377316
 -0.22377316  2.6378434  -0.22377316  2.76882514  1.35743911 -0.22377316
  4.79167056  0.86052098 -0.22377316 -0.22377316 -0.22377316 -0.22377316
 -0.22377316 -0.22377316 -0.22377316 -0.22377316 -0.22377316 -0.22377316
 -0.22377316 -0.22377316 -0.22377316 -0.22377316  3.15735715 -0.22377316
 -0.22377316 -0.22377316 -0.22377316  4.47196604 -0.22377316  0.11798831
 -0.22377316 -0.22377316 -0.22377316 -0.22377316 -0.22377316 -0.22377316
 -0.22377316 -0.22377316  6.44848899 -0.22377316  4.84516899 -0.22377316
 -0.22377316  4.19704433 -0.22377316 -0.22377316 -0.22377316 -0.22377316
  3.1839476   2.72631315 -0.22377316 -0.22377316 -0.22377316  4.55837449
 -0.22377316 -0.22377316 -0.22377316 -0.22377316 -0.22377316 -0.22377316
 -0.22377316 -0.22377316 -0.22377316 -0.22377316 -0.22377316 -0.22377316
 -0.22377316 -0.22377316 -0.22377316 -0.22377316 -0.22377316 -0.22377316
 -0.22377316 -0.22377316 -0.22377316 -0.22377316 -0.22377316 -0.22377316
 -0.22377316 -0.22377316 -0.22377316 -0.22377316 -0.22377316 -0.22377316
 -0.22377316 -0.22377316 -0.22377316 -0.22377316 -0.22377316 -0.22377316
 -0.22377316 -0.22377316 -0.22377316 -0.22377316 -0.22377316 -0.22377316
 -0.22377316 -0.22377316 -0.22377316 -0.22377316 -0.22377316 -0.22377316
 -0.22377316 -0.22377316 -0.22377316 -0.22377316 -0.22377316 -0.22377316
 -0.22377316 -0.22377316 -0.22377316 -0.22377316 -0.22377316 -0.22377316
 -0.22377316 -0.22377316 -0.22377316 -0.22377316 -0.22377316 -0.22377316
 -0.22377316 -0.22377316 -0.22377316 -0.22377316 -0.22377316 -0.22377316
 -0.22377316 -0.22377316 -0.22377316 -0.22377316 -0.22377316 -0.22377316
 -0.22377316 -0.22377316 -0.22377316 -0.22377316 -0.22377316 -0.22377316
 -0.22377316 -0.22377316 -0.22377316 -0.22377316 -0.22377316 -0.22377316
 -0.22377316 -0.22377316 -0.22377316 -0.22377316 -0.22377316 -0.22377316
 -0.22377316 -0.22377316 -0.22377316 -0.22377316 -0.22377316 -0.22377316
 -0.22377316 -0.22377316 -0.22377316 -0.22377316 -0.22377316 -0.22377316
 -0.22377316 -0.22377316 -0.22377316 -0.22377316 -0.22377316 -0.22377316
 -0.22377316 -0.22377316 -0.22377316 -0.22377316 -0.22377316 -0.22377316
 -0.22377316 -0.22377316 -0.22377316  2.72631315 -0.22377316 -0.22377316
 -0.22377316 -0.22377316 -0.22377316 -0.22377316 -0.22377316 -0.22377316
 -0.22377316 -0.22377316 -0.22377316 -0.22377316  3.9352283  -0.22377316
 -0.22377316 -0.22377316 -0.22377316 -0.22377316 -0.22377316 -0.22377316
 -0.22377316 -0.22377316 -0.22377316 -0.22377316 -0.22377316 -0.22377316
 -0.22377316 -0.22377316 -0.22377316 -0.22377316 -0.22377316 -0.22377316
  4.15405515 -0.22377316 -0.22377316 -0.22377316 -0.22377316 -0.22377316
 -0.22377316 -0.22377316 -0.22377316 -0.22377316 -0.22377316 -0.22377316
 -0.22377316 -0.22377316 -0.22377316 -0.22377316 -0.22377316 -0.22377316
  3.21680032 -0.22377316  2.82658857 -0.22377316 -0.22377316 -0.22377316
  6.38328817 -0.22377316 -0.22377316 -0.22377316 -0.22377316 -0.22377316
 -0.22377316 -0.22377316 -0.22377316 -0.22377316 -0.22377316 -0.22377316
 -0.22377316 -0.22377316 -0.22377316 -0.22377316 -0.22377316 -0.22377316
 -0.22377316 -0.22377316 -0.22377316 -0.22377316 -0.22377316 -0.22377316
 -0.22377316 -0.22377316 -0.22377316 -0.22377316 -0.22377316  1.95657183
 -0.22377316 -0.22377316 -0.22377316 -0.22377316 -0.22377316 -0.22377316
 -0.22377316  3.77286162 -0.22377316 -0.22377316 -0.22377316 -0.22377316
 -0.22377316 -0.22377316 -0.22377316 -0.22377316 -0.22377316 -0.22377316
 -0.22377316 -0.22377316 -0.22377316 -0.22377316]",[-0.02508821194897598]
17,"[-0.17209248 -0.17209248 -0.17209248 -0.17209248 -0.17209248 -0.17209248
 -0.17209248 -0.17209248 -0.17209248 -0.17209248 -0.17209248 -0.17209248
 -0.17209248 -0.17209248 -0.17209248 -0.17209248 -0.17209248 -0.17209248
  1.74623437 -0.17209248 -0.17209248 -0.17209248 -0.17209248 -0.17209248
 -0.17209248 -0.17209248 -0.17209248 -0.17209248 -0.17209248 -0.17209248
 -0.17209248 -0.17209248 -0.17209248 -0.17209248 -0.17209248 -0.17209248
 -0.17209248 -0.17209248 -0.17209248 -0.17209248 -0.17209248 -0.17209248
 -0.17209248 -0.17209248 -0.17209248 -0.17209248 -0.17209248 -0.17209248
 -0.17209248 -0.17209248 -0.17209248 -0.17209248 -0.17209248 -0.17209248
 -0.17209248 -0.17209248 -0.17209248 -0.17209248 -0.17209248 -0.17209248
 -0.17209248 -0.17209248 -0.17209248 -0.17209248 -0.17209248 -0.17209248
 -0.17209248 -0.17209248 -0.17209248 -0.17209248 -0.17209248 -0.17209248
 -0.17209248 -0.17209248 -0.17209248 -0.17209248 -0.17209248 -0.17209248
 -0.17209248 -0.17209248 -0.17209248 -0.17209248 -0.17209248  7.28241488
 -0.17209248 -0.17209248 -0.17209248 -0.17209248 -0.17209248 -0.17209248
 -0.17209248 -0.17209248 -0.17209248 -0.17209248 -0.17209248 -0.17209248
 -0.17209248 -0.17209248 -0.17209248 -0.17209248 -0.17209248 -0.17209248
 -0.17209248 -0.17209248 -0.17209248 -0.17209248 -0.17209248 -0.17209248
 -0.17209248 -0.17209248  0.94776183 -0.17209248 -0.17209248 -0.17209248
 -0.17209248 -0.17209248 -0.17209248 -0.17209248 -0.17209248 -0.17209248
 -0.17209248 -0.17209248 -0.17209248 -0.17209248  7.5073929  -0.17209248
 -0.17209248 -0.17209248 -0.17209248 -0.17209248 -0.17209248 -0.17209248
 -0.17209248 -0.17209248 -0.17209248 -0.17209248 -0.17209248 -0.17209248
 -0.17209248 -0.17209248 -0.17209248 -0.17209248 -0.17209248 -0.17209248
 -0.17209248 -0.17209248 -0.17209248 -0.17209248 -0.17209248 -0.17209248
 -0.17209248 -0.17209248 -0.17209248 -0.17209248 -0.17209248 -0.17209248
 -0.17209248 -0.17209248 -0.17209248 -0.17209248 -0.17209248 -0.17209248
 -0.17209248 -0.17209248 -0.17209248 -0.17209248 -0.17209248 -0.17209248
 -0.17209248 -0.17209248 -0.17209248 -0.17209248 -0.17209248 -0.17209248
 -0.17209248 -0.17209248 -0.17209248 -0.17209248 -0.17209248 -0.17209248
 -0.17209248 -0.17209248 -0.17209248 -0.17209248 -0.17209248 -0.17209248
 -0.17209248 -0.17209248 -0.17209248 -0.17209248 -0.17209248 -0.17209248
 -0.17209248 -0.17209248 -0.17209248 -0.17209248 -0.17209248 -0.17209248
 -0.17209248 -0.17209248  5.67769677 -0.17209248 -0.17209248  0.99003669
 -0.17209248 -0.17209248 -0.17209248 -0.17209248 -0.17209248 -0.17209248
 -0.17209248 -0.17209248  1.67264499 -0.17209248 -0.17209248  6.36185133
 -0.17209248 -0.17209248 -0.17209248 -0.17209248 -0.17209248 -0.17209248
 -0.17209248 -0.17209248 -0.17209248 -0.17209248 -0.17209248 -0.17209248
 -0.17209248 -0.17209248 -0.17209248 -0.17209248 -0.17209248 -0.17209248
 -0.17209248  2.3522218  -0.17209248  2.33634566  2.44991615 -0.17209248
 -0.17209248 -0.17209248 -0.17209248 -0.17209248 -0.17209248 -0.17209248
 -0.17209248 -0.17209248 -0.17209248 -0.17209248 -0.17209248 -0.17209248
 -0.17209248 -0.17209248 -0.17209248  4.59210476 -0.17209248 -0.17209248
 -0.17209248 -0.17209248 -0.17209248  3.97256476 -0.17209248  0.08465321
 -0.17209248 -0.17209248 -0.17209248 -0.17209248 -0.17209248 -0.17209248
 -0.17209248 -0.17209248 -0.17209248 -0.17209248  5.69490359 -0.17209248
 -0.17209248 -0.17209248 -0.17209248 -0.17209248 -0.17209248 -0.17209248
 -0.17209248  5.43234444 -0.17209248 -0.17209248 -0.17209248  1.23652188
 -0.17209248 -0.17209248 -0.17209248 -0.17209248 -0.17209248 -0.17209248
 -0.17209248 -0.17209248 -0.17209248 -0.17209248 -0.17209248 -0.17209248
 -0.17209248 -0.17209248 -0.17209248 -0.17209248 -0.17209248 -0.17209248
 -0.17209248 -0.17209248 -0.17209248 -0.17209248 -0.17209248  3.10492826
 -0.17209248 -0.17209248 -0.17209248 -0.17209248 -0.17209248 -0.17209248
 -0.17209248 -0.17209248 -0.17209248 -0.17209248 -0.17209248 -0.17209248
 -0.17209248 -0.17209248 -0.17209248 -0.17209248 -0.17209248 -0.17209248
 -0.17209248 -0.17209248 -0.17209248 -0.17209248 -0.17209248 -0.17209248
 -0.17209248 -0.17209248 -0.17209248 -0.17209248 -0.17209248 -0.17209248
 -0.17209248 -0.17209248 -0.17209248 -0.17209248 -0.17209248 -0.17209248
 -0.17209248 -0.17209248 -0.17209248 -0.17209248 -0.17209248 -0.17209248
 -0.17209248 -0.17209248 -0.17209248 -0.17209248 -0.17209248 -0.17209248
 -0.17209248 -0.17209248 -0.17209248 -0.17209248 -0.17209248 -0.17209248
 -0.17209248 -0.17209248 -0.17209248 -0.17209248 -0.17209248 -0.17209248
 -0.17209248 -0.17209248 -0.17209248 -0.17209248 -0.17209248 -0.17209248
 -0.17209248 -0.17209248 -0.17209248 -0.17209248 -0.17209248 -0.17209248
 -0.17209248 -0.17209248 -0.17209248 -0.17209248 -0.17209248 -0.17209248
 -0.17209248 -0.17209248 -0.17209248 -0.17209248 -0.17209248 -0.17209248
 -0.17209248 -0.17209248 -0.17209248 -0.17209248 -0.17209248 -0.17209248
 -0.17209248 -0.17209248 -0.17209248 -0.17209248 -0.17209248 -0.17209248
 -0.17209248 -0.17209248 -0.17209248 -0.17209248 -0.17209248 -0.17209248
 -0.17209248 -0.17209248 -0.17209248 -0.17209248 -0.17209248 -0.17209248
 -0.17209248 -0.17209248 -0.17209248 -0.17209248 -0.17209248 -0.17209248
 -0.17209248 -0.17209248 -0.17209248 -0.17209248 -0.17209248 -0.17209248
 -0.17209248 -0.17209248 -0.17209248 -0.17209248 -0.17209248 -0.17209248
 -0.17209248 -0.17209248 -0.17209248 -0.17209248 -0.17209248 -0.17209248
 -0.17209248 -0.17209248 -0.17209248 -0.17209248 -0.17209248 -0.17209248
 -0.17209248 -0.17209248 -0.17209248 -0.17209248 -0.17209248 -0.17209248
 -0.17209248 -0.17209248 -0.17209248 -0.17209248 -0.17209248 -0.17209248
 -0.17209248 -0.17209248  3.76389693 -0.17209248 -0.17209248 -0.17209248
  9.29946268 -0.17209248 -0.17209248 -0.17209248 -0.17209248 -0.17209248
 -0.17209248 -0.17209248 -0.17209248 -0.17209248 -0.17209248 -0.17209248
 -0.17209248 -0.17209248 -0.17209248 -0.17209248 -0.17209248 -0.17209248
 -0.17209248 -0.17209248 -0.17209248 -0.17209248 -0.17209248 -0.17209248
 -0.17209248 -0.17209248 -0.17209248 -0.17209248 -0.17209248 -0.17209248
 -0.17209248 -0.17209248 -0.17209248 -0.17209248 -0.17209248 -0.17209248
 -0.17209248 -0.17209248 -0.17209248 -0.17209248 -0.17209248 -0.17209248
 -0.17209248 -0.17209248 -0.17209248 -0.17209248 -0.17209248 -0.17209248
 -0.17209248 -0.17209248  9.3682496  -0.17209248]",[-0.04047895029000939]
17,"[-0.27001628 -0.27001628 -0.27001628 -0.27001628 -0.27001628 -0.27001628
 -0.27001628 -0.27001628 -0.27001628 -0.27001628 -0.27001628 -0.27001628
 -0.27001628 -0.27001628 -0.27001628 -0.27001628 -0.27001628 -0.27001628
 -0.27001628 -0.27001628 -0.27001628 -0.27001628 -0.27001628 -0.27001628
 -0.27001628 -0.27001628 -0.27001628 -0.27001628 -0.27001628 -0.27001628
 -0.27001628 -0.27001628 -0.27001628 -0.27001628 -0.27001628 -0.27001628
 -0.27001628 -0.27001628 -0.27001628 -0.27001628 -0.27001628 -0.27001628
 -0.27001628 -0.27001628 -0.27001628 -0.27001628 -0.27001628 -0.27001628
 -0.27001628 -0.27001628 -0.27001628 -0.27001628 -0.27001628 -0.27001628
 -0.27001628 -0.27001628 -0.27001628 -0.27001628 -0.27001628 -0.27001628
 -0.27001628 -0.27001628 -0.27001628 -0.27001628 -0.27001628 -0.27001628
 -0.27001628 -0.27001628 -0.27001628 -0.27001628 -0.27001628 -0.27001628
 -0.27001628 -0.27001628 -0.27001628 -0.27001628 -0.27001628 -0.27001628
 -0.27001628 -0.27001628 -0.27001628 -0.27001628 -0.27001628  5.43269258
 -0.27001628 -0.27001628 -0.27001628 -0.27001628 -0.27001628  3.55517733
 -0.27001628 -0.27001628 -0.27001628 -0.27001628 -0.27001628 -0.27001628
 -0.27001628 -0.27001628 -0.27001628 -0.27001628 -0.27001628 -0.27001628
 -0.27001628 -0.27001628 -0.27001628 -0.27001628 -0.27001628 -0.27001628
 -0.27001628 -0.27001628  0.93644639 -0.27001628 -0.27001628 -0.27001628
  1.40269455 -0.27001628 -0.27001628 -0.27001628 -0.27001628 -0.27001628
 -0.27001628 -0.27001628 -0.27001628  1.37772504  4.38092961 -0.27001628
 -0.27001628 -0.27001628 -0.27001628 -0.27001628 -0.27001628 -0.27001628
 -0.27001628 -0.27001628 -0.27001628 -0.27001628 -0.27001628 -0.27001628
 -0.27001628 -0.27001628 -0.27001628 -0.27001628 -0.27001628 -0.27001628
 -0.27001628 -0.27001628 -0.27001628 -0.27001628 -0.27001628 -0.27001628
 -0.27001628 -0.27001628 -0.27001628 -0.27001628 -0.27001628 -0.27001628
 -0.27001628 -0.27001628 -0.27001628 -0.27001628 -0.27001628 -0.27001628
 -0.27001628 -0.27001628 -0.27001628 -0.27001628 -0.27001628 -0.27001628
 -0.27001628 -0.27001628 -0.27001628 -0.27001628 -0.27001628 -0.27001628
 -0.27001628 -0.27001628 -0.27001628 -0.27001628 -0.27001628 -0.27001628
 -0.27001628 -0.27001628 -0.27001628 -0.27001628 -0.27001628 -0.27001628
 -0.27001628 -0.27001628 -0.27001628 -0.27001628 -0.27001628 -0.27001628
 -0.27001628 -0.27001628 -0.27001628 -0.27001628 -0.27001628 -0.27001628
 -0.27001628 -0.27001628 -0.27001628 -0.27001628 -0.27001628  0.0989791
 -0.27001628 -0.27001628 -0.27001628 -0.27001628 -0.27001628 -0.27001628
  3.46452097 -0.27001628  0.38318998 -0.27001628  3.37376466  1.25970599
  2.3286898  -0.27001628 -0.27001628 -0.27001628 -0.27001628 -0.27001628
 -0.27001628 -0.27001628 -0.27001628 -0.27001628 -0.27001628 -0.27001628
 -0.27001628 -0.27001628 -0.27001628 -0.27001628 -0.27001628 -0.27001628
 -0.27001628  3.46466298 -0.27001628  4.46510747  3.94999551 -0.27001628
  3.68117774  3.38761703  2.00667804 -0.27001628 -0.27001628  0.8995559
 -0.27001628 -0.27001628 -0.27001628 -0.27001628 -0.27001628  2.77584407
 -0.27001628 -0.27001628 -0.27001628 -0.27001628  2.84340507 -0.27001628
 -0.27001628 -0.27001628 -0.27001628  1.28207049 -0.27001628  2.57584669
  3.42313013 -0.27001628 -0.27001628 -0.27001628  2.44812894 -0.27001628
  2.9829472  -0.27001628  5.38264045 -0.27001628  3.4947841  -0.27001628
 -0.27001628  2.02778551 -0.27001628 -0.27001628  3.40092648 -0.27001628
 -0.27001628  1.64258052 -0.27001628 -0.27001628  4.86397859  4.41080718
 -0.27001628 -0.27001628 -0.27001628 -0.27001628 -0.27001628 -0.27001628
 -0.27001628  3.92620464 -0.27001628 -0.27001628 -0.27001628 -0.27001628
 -0.27001628 -0.27001628 -0.27001628 -0.27001628  4.14541386 -0.27001628
 -0.27001628 -0.27001628 -0.27001628 -0.27001628 -0.27001628  2.3444017
 -0.27001628 -0.27001628 -0.27001628 -0.27001628 -0.27001628 -0.27001628
 -0.27001628 -0.27001628 -0.27001628 -0.27001628 -0.27001628 -0.27001628
 -0.27001628 -0.27001628 -0.27001628 -0.27001628 -0.27001628 -0.27001628
 -0.27001628 -0.27001628 -0.27001628 -0.27001628 -0.27001628 -0.27001628
 -0.27001628 -0.27001628 -0.27001628 -0.27001628 -0.27001628 -0.27001628
 -0.27001628 -0.27001628 -0.27001628 -0.27001628 -0.27001628 -0.27001628
 -0.27001628 -0.27001628 -0.27001628 -0.27001628 -0.27001628 -0.27001628
 -0.27001628 -0.27001628 -0.27001628 -0.27001628 -0.27001628 -0.27001628
 -0.27001628 -0.27001628 -0.27001628 -0.27001628 -0.27001628 -0.27001628
 -0.27001628 -0.27001628 -0.27001628 -0.27001628 -0.27001628 -0.27001628
 -0.27001628 -0.27001628 -0.27001628 -0.27001628 -0.27001628 -0.27001628
 -0.27001628 -0.27001628 -0.27001628 -0.27001628 -0.27001628 -0.27001628
 -0.27001628 -0.27001628 -0.27001628 -0.27001628 -0.27001628 -0.27001628
 -0.27001628 -0.27001628 -0.27001628 -0.27001628 -0.27001628 -0.27001628
 -0.27001628 -0.27001628 -0.27001628 -0.27001628 -0.27001628 -0.27001628
 -0.27001628 -0.27001628 -0.27001628 -0.27001628 -0.27001628 -0.27001628
 -0.27001628 -0.27001628 -0.27001628 -0.27001628 -0.27001628 -0.27001628
 -0.27001628 -0.27001628 -0.27001628 -0.27001628 -0.27001628 -0.27001628
 -0.27001628 -0.27001628 -0.27001628 -0.27001628  6.65995602 -0.27001628
 -0.27001628 -0.27001628 -0.27001628 -0.27001628 -0.27001628 -0.27001628
 -0.27001628 -0.27001628 -0.27001628 -0.27001628 -0.27001628 -0.27001628
 -0.27001628 -0.27001628 -0.27001628 -0.27001628 -0.27001628 -0.27001628
  3.90664743 -0.27001628 -0.27001628 -0.27001628 -0.27001628 -0.27001628
 -0.27001628 -0.27001628 -0.27001628 -0.27001628 -0.27001628 -0.27001628
 -0.27001628 -0.27001628 -0.27001628 -0.27001628 -0.27001628 -0.27001628
 -0.27001628 -0.27001628  0.60625316 -0.27001628 -0.27001628 -0.27001628
  5.76457256 -0.27001628 -0.27001628 -0.27001628  2.3286898  -0.27001628
 -0.27001628 -0.27001628 -0.27001628 -0.27001628 -0.27001628 -0.27001628
 -0.27001628 -0.27001628 -0.27001628 -0.27001628 -0.27001628 -0.27001628
 -0.27001628  4.40138074 -0.27001628 -0.27001628 -0.27001628 -0.27001628
 -0.27001628 -0.27001628 -0.27001628 -0.27001628 -0.27001628 -0.27001628
 -0.27001628 -0.27001628 -0.27001628 -0.27001628 -0.27001628 -0.27001628
 -0.27001628 -0.27001628 -0.27001628 -0.27001628 -0.27001628 -0.27001628
 -0.27001628 -0.27001628 -0.27001628 -0.27001628 -0.27001628 -0.27001628
 -0.27001628 -0.27001628  1.31005985 -0.27001628]",[-0.021860184963395923]
17,"[-0.24866931 -0.24866931 -0.24866931 -0.24866931  3.12806375 -0.24866931
 -0.24866931 -0.24866931 -0.24866931 -0.24866931 -0.24866931 -0.24866931
 -0.24866931 -0.24866931 -0.24866931 -0.24866931 -0.24866931 -0.24866931
 -0.24866931 -0.24866931 -0.24866931 -0.24866931 -0.24866931 -0.24866931
 -0.24866931 -0.24866931 -0.24866931 -0.24866931 -0.24866931 -0.24866931
 -0.24866931 -0.24866931 -0.24866931 -0.24866931 -0.24866931 -0.24866931
 -0.24866931 -0.24866931 -0.24866931 -0.24866931 -0.24866931 -0.24866931
 -0.24866931 -0.24866931 -0.24866931 -0.24866931 -0.24866931 -0.24866931
 -0.24866931 -0.24866931 -0.24866931 -0.24866931 -0.24866931 -0.24866931
 -0.24866931 -0.24866931 -0.24866931 -0.24866931 -0.24866931 -0.24866931
 -0.24866931 -0.24866931 -0.24866931 -0.24866931 -0.24866931 -0.24866931
 -0.24866931 -0.24866931 -0.24866931 -0.24866931 -0.24866931 -0.24866931
 -0.24866931 -0.24866931 -0.24866931 -0.24866931 -0.24866931 -0.24866931
 -0.24866931 -0.24866931 -0.24866931 -0.24866931 -0.24866931  3.8013883
 -0.24866931 -0.24866931 -0.24866931 -0.24866931 -0.24866931  3.13108754
 -0.24866931 -0.24866931 -0.24866931 -0.24866931 -0.24866931 -0.24866931
 -0.24866931 -0.24866931 -0.24866931 -0.24866931 -0.24866931 -0.24866931
 -0.24866931 -0.24866931 -0.24866931 -0.24866931 -0.24866931 -0.24866931
 -0.24866931 -0.24866931  6.69479214 -0.24866931 -0.24866931 -0.24866931
 -0.24866931 -0.24866931 -0.24866931 -0.24866931 -0.24866931 -0.24866931
 -0.24866931 -0.24866931 -0.24866931 -0.24866931  5.79644686 -0.24866931
 -0.24866931 -0.24866931 -0.24866931 -0.24866931 -0.24866931 -0.24866931
 -0.24866931 -0.24866931 -0.24866931 -0.24866931 -0.24866931 -0.24866931
 -0.24866931 -0.24866931 -0.24866931 -0.24866931 -0.24866931 -0.24866931
 -0.24866931 -0.24866931 -0.24866931 -0.24866931 -0.24866931 -0.24866931
 -0.24866931 -0.24866931 -0.24866931 -0.24866931 -0.24866931 -0.24866931
 -0.24866931 -0.24866931 -0.24866931 -0.24866931 -0.24866931 -0.24866931
 -0.24866931 -0.05822335 -0.24866931 -0.24866931 -0.24866931 -0.24866931
 -0.24866931 -0.24866931 -0.24866931 -0.24866931 -0.24866931 -0.24866931
 -0.24866931 -0.24866931 -0.24866931 -0.24866931 -0.24866931 -0.24866931
 -0.24866931 -0.24866931 -0.24866931 -0.24866931 -0.24866931 -0.24866931
 -0.24866931 -0.24866931 -0.24866931 -0.24866931 -0.24866931 -0.24866931
 -0.24866931 -0.24866931 -0.24866931 -0.24866931 -0.24866931 -0.24866931
 -0.24866931 -0.24866931 -0.24866931 -0.24866931 -0.24866931 -0.24866931
 -0.24866931 -0.24866931 -0.24866931 -0.24866931 -0.24866931 -0.24866931
  2.38158987 -0.24866931  2.86091383 -0.24866931 -0.24866931  1.0593521
 -0.24866931 -0.24866931 -0.24866931 -0.24866931 -0.24866931 -0.24866931
 -0.24866931 -0.24866931 -0.24866931 -0.24866931  1.9018701  -0.24866931
 -0.24866931 -0.24866931 -0.24866931 -0.24866931 -0.24866931 -0.24866931
 -0.24866931  3.63310674 -0.24866931  3.72235777  3.4898085  -0.24866931
  3.91104659  0.568919   -0.24866931 -0.24866931 -0.24866931 -0.24866931
 -0.24866931 -0.24866931 -0.24866931 -0.24866931 -0.24866931  3.72691185
 -0.24866931 -0.24866931 -0.24866931  6.86167979  1.38699368 -0.24866931
 -0.24866931 -0.24866931 -0.24866931  1.94588812 -0.24866931  1.39281711
 -0.24866931 -0.24866931 -0.24866931  2.80112851 -0.24866931 -0.24866931
 -0.24866931 -0.24866931  7.03958606 -0.24866931  3.88454932 -0.24866931
 -0.24866931  2.41564895 -0.24866931  2.53772085  4.38183166 -0.24866931
 -0.24866931  1.69675594 -0.24866931 -0.24866931 -0.24866931  3.64659979
 -0.24866931  3.96687735 -0.24866931  3.09238625 -0.24866931 -0.24866931
 -0.24866931 -0.24866931 -0.24866931 -0.24866931 -0.24866931 -0.24866931
 -0.24866931 -0.24866931 -0.24866931 -0.24866931 -0.24866931 -0.24866931
 -0.24866931 -0.24866931 -0.24866931 -0.24866931 -0.24866931  0.64021247
 -0.24866931 -0.24866931 -0.24866931 -0.24866931 -0.24866931 -0.24866931
 -0.24866931 -0.24866931 -0.24866931 -0.24866931 -0.24866931 -0.24866931
 -0.24866931 -0.24866931 -0.24866931 -0.24866931 -0.24866931 -0.24866931
 -0.24866931 -0.24866931 -0.24866931 -0.24866931 -0.24866931 -0.24866931
 -0.24866931 -0.24866931 -0.24866931 -0.24866931 -0.24866931 -0.24866931
 -0.24866931 -0.24866931 -0.24866931 -0.24866931 -0.24866931 -0.24866931
 -0.24866931 -0.24866931 -0.24866931 -0.24866931 -0.24866931 -0.24866931
 -0.24866931 -0.24866931 -0.24866931 -0.24866931 -0.24866931 -0.24866931
 -0.24866931 -0.24866931 -0.24866931 -0.24866931 -0.24866931 -0.24866931
 -0.24866931 -0.24866931 -0.24866931 -0.24866931 -0.24866931 -0.24866931
 -0.24866931 -0.24866931 -0.24866931 -0.24866931 -0.24866931 -0.24866931
 -0.24866931 -0.24866931 -0.24866931 -0.24866931 -0.24866931 -0.24866931
 -0.24866931 -0.24866931 -0.24866931 -0.24866931 -0.24866931 -0.24866931
 -0.24866931 -0.24866931 -0.24866931 -0.24866931 -0.24866931 -0.24866931
 -0.24866931 -0.24866931 -0.24866931 -0.24866931 -0.24866931 -0.24866931
 -0.24866931 -0.24866931 -0.24866931 -0.24866931 -0.24866931 -0.24866931
 -0.24866931 -0.24866931 -0.24866931 -0.24866931 -0.24866931 -0.24866931
 -0.24866931 -0.24866931 -0.24866931 -0.24866931 -0.24866931 -0.24866931
 -0.24866931 -0.24866931 -0.24866931 -0.24866931  3.7317285   5.58946341
 -0.24866931 -0.24866931 -0.24866931 -0.24866931 -0.24866931 -0.24866931
 -0.24866931 -0.24866931 -0.24866931 -0.24866931 -0.24866931 -0.24866931
 -0.24866931 -0.24866931 -0.24866931 -0.24866931 -0.24866931 -0.24866931
  3.27275552 -0.24866931 -0.24866931 -0.24866931 -0.24866931 -0.24866931
 -0.24866931 -0.24866931 -0.24866931 -0.24866931 -0.24866931 -0.24866931
 -0.24866931 -0.24866931 -0.24866931 -0.24866931 -0.24866931 -0.24866931
 -0.24866931 -0.24866931 -0.24866931 -0.24866931 -0.24866931 -0.24866931
 -0.24866931 -0.24866931 -0.24866931 -0.24866931 -0.24866931 -0.24866931
 -0.24866931 -0.24866931 -0.24866931 -0.24866931 -0.24866931 -0.24866931
 -0.24866931 -0.24866931 -0.24866931 -0.24866931 -0.24866931 -0.24866931
 -0.24866931  3.27275552  3.27275552 -0.24866931 -0.24866931 -0.24866931
 -0.24866931 -0.24866931 -0.24866931 -0.24866931 -0.24866931 -0.24866931
 -0.24866931 -0.24866931 -0.24866931 -0.24866931 -0.24866931 -0.24866931
 -0.24866931 -0.24866931 -0.24866931 -0.24866931 -0.24866931 -0.24866931
 -0.24866931 -0.24866931 -0.24866931 -0.24866931 -0.24866931 -0.24866931
 -0.24866931 -0.24866931  3.52770869 -0.24866931]",[-0.006256078047825936]
17,"[-0.24937486 -0.24937486 -0.24937486 -0.24937486 -0.1767893  -0.24937486
 -0.24937486 -0.24937486 -0.24937486 -0.24937486 -0.24937486 -0.24937486
 -0.24937486 -0.24937486 -0.24937486 -0.24937486 -0.24937486 -0.24937486
 -0.24937486 -0.24937486 -0.24937486 -0.24937486 -0.24937486 -0.24937486
 -0.24937486 -0.24937486 -0.24937486 -0.24937486 -0.24937486 -0.24937486
 -0.24937486 -0.24937486 -0.24937486 -0.24937486 -0.24937486 -0.24937486
 -0.24937486 -0.24937486 -0.24937486 -0.24937486 -0.24937486 -0.24937486
 -0.24937486 -0.24937486 -0.24937486 -0.24937486 -0.24937486 -0.24937486
 -0.24937486 -0.24937486 -0.24937486 -0.24937486 -0.24937486 -0.24937486
 -0.24937486 -0.24937486 -0.24937486 -0.24937486 -0.24937486 -0.24937486
 -0.24937486 -0.24937486 -0.24937486 -0.24937486 -0.24937486 -0.24937486
 -0.24937486 -0.24937486 -0.24937486 -0.24937486 -0.24937486 -0.24937486
 -0.24937486 -0.24937486 -0.24937486 -0.24937486 -0.24937486 -0.24937486
 -0.24937486 -0.24937486 -0.24937486 -0.24937486 -0.24937486  5.47203557
 -0.24937486 -0.24937486 -0.24937486 -0.24937486 -0.24937486  4.45585466
 -0.24937486 -0.24937486 -0.24937486 -0.24937486 -0.24937486 -0.24937486
 -0.24937486 -0.24937486 -0.24937486 -0.24937486 -0.24937486 -0.24937486
 -0.24937486 -0.24937486 -0.24937486 -0.24937486 -0.24937486 -0.24937486
 -0.24937486 -0.24937486  5.3228978  -0.24937486 -0.24937486 -0.24937486
 -0.24937486  2.79762575  6.38192778 -0.24937486 -0.24937486 -0.24937486
 -0.24937486 -0.24937486 -0.24937486  2.0877208  -0.24937486 -0.24937486
 -0.24937486 -0.24937486 -0.24937486 -0.24937486 -0.24937486 -0.24937486
 -0.24937486 -0.24937486 -0.24937486 -0.24937486 -0.24937486 -0.24937486
 -0.24937486 -0.24937486 -0.24937486 -0.24937486 -0.24937486 -0.24937486
 -0.24937486 -0.24937486 -0.24937486 -0.24937486 -0.24937486 -0.24937486
 -0.24937486 -0.24937486 -0.24937486 -0.24937486 -0.24937486 -0.24937486
 -0.24937486 -0.24937486 -0.24937486 -0.24937486 -0.24937486 -0.24937486
 -0.24937486 -0.03199527 -0.24937486 -0.24937486 -0.24937486 -0.24937486
 -0.24937486 -0.24937486 -0.24937486 -0.24937486 -0.24937486 -0.24937486
 -0.24937486 -0.24937486 -0.24937486 -0.24937486 -0.24937486 -0.24937486
 -0.24937486 -0.24937486 -0.24937486 -0.24937486 -0.24937486 -0.24937486
 -0.24937486 -0.24937486 -0.24937486 -0.24937486 -0.24937486 -0.24937486
 -0.24937486 -0.24937486 -0.24937486 -0.24937486 -0.24937486 -0.24937486
 -0.24937486 -0.24937486 -0.24937486 -0.24937486 -0.24937486 -0.24937486
 -0.24937486 -0.24937486 -0.24937486 -0.24937486 -0.24937486 -0.24937486
  2.1659273  -0.24937486  1.05979541 -0.24937486 -0.24937486  2.29925305
 -0.24937486 -0.24937486 -0.24937486 -0.24937486 -0.24937486 -0.24937486
 -0.24937486 -0.24937486 -0.24937486 -0.24937486 -0.24937486 -0.24937486
 -0.24937486 -0.24937486 -0.24937486 -0.24937486 -0.24937486 -0.24937486
 -0.24937486  3.07239339 -0.24937486  3.23709281  3.10473884 -0.24937486
  1.9569597   2.31476376  3.71970986 -0.24937486 -0.24937486 -0.24937486
 -0.24937486 -0.24937486 -0.24937486 -0.24937486 -0.24937486 -0.24937486
 -0.24937486 -0.24937486 -0.24937486  6.53053364  1.85577361 -0.24937486
 -0.24937486 -0.24937486  4.05697226  3.52094905 -0.24937486  1.52068056
 -0.24937486 -0.24937486 -0.24937486  2.21358942  1.12896553 -0.24937486
 -0.24937486 -0.24937486  5.3132867  -0.24937486  4.08658331 -0.24937486
 -0.24937486 -0.24937486 -0.24937486  2.45482437  3.35313615 -0.24937486
 -0.24937486  1.85994546 -0.24937486 -0.24937486  4.37081145  3.70951557
 -0.24937486 -0.24937486 -0.24937486 -0.24937486 -0.24937486 -0.24937486
 -0.24937486 -0.24937486 -0.24937486 -0.24937486 -0.24937486 -0.24937486
 -0.24937486 -0.24937486 -0.24937486 -0.24937486  3.88736818 -0.24937486
 -0.24937486 -0.24937486 -0.24937486 -0.24937486 -0.24937486  2.75694294
 -0.24937486 -0.24937486 -0.24937486 -0.24937486 -0.24937486 -0.24937486
 -0.24937486 -0.24937486 -0.24937486 -0.24937486 -0.24937486 -0.24937486
 -0.24937486 -0.24937486 -0.24937486 -0.24937486 -0.24937486 -0.24937486
 -0.24937486 -0.24937486 -0.24937486 -0.24937486 -0.24937486 -0.24937486
 -0.24937486 -0.24937486 -0.24937486 -0.24937486 -0.24937486 -0.24937486
 -0.24937486 -0.24937486 -0.24937486 -0.24937486 -0.24937486 -0.24937486
 -0.24937486 -0.24937486 -0.24937486 -0.24937486 -0.24937486 -0.24937486
 -0.24937486 -0.24937486 -0.24937486 -0.24937486 -0.24937486 -0.24937486
 -0.24937486 -0.24937486 -0.24937486 -0.24937486 -0.24937486 -0.24937486
 -0.24937486 -0.24937486 -0.24937486 -0.24937486 -0.24937486 -0.24937486
 -0.24937486 -0.24937486 -0.24937486 -0.24937486 -0.24937486 -0.24937486
 -0.24937486 -0.24937486 -0.24937486 -0.24937486 -0.24937486 -0.24937486
 -0.24937486 -0.24937486 -0.24937486 -0.24937486 -0.24937486 -0.24937486
 -0.24937486 -0.24937486 -0.24937486 -0.24937486 -0.24937486 -0.24937486
 -0.24937486 -0.24937486 -0.24937486 -0.24937486 -0.24937486 -0.24937486
 -0.24937486 -0.24937486 -0.24937486 -0.24937486 -0.24937486 -0.24937486
 -0.24937486 -0.24937486 -0.24937486 -0.24937486 -0.24937486 -0.24937486
 -0.24937486 -0.24937486 -0.24937486 -0.24937486 -0.24937486 -0.24937486
 -0.24937486 -0.24937486 -0.24937486 -0.24937486  6.08073611 -0.24937486
 -0.24937486 -0.24937486 -0.24937486 -0.24937486 -0.24937486 -0.24937486
 -0.24937486 -0.24937486 -0.24937486 -0.24937486 -0.24937486 -0.24937486
 -0.24937486 -0.24937486 -0.24937486 -0.24937486 -0.24937486 -0.24937486
  3.49272162 -0.24937486 -0.24937486 -0.24937486 -0.24937486 -0.24937486
 -0.24937486 -0.24937486 -0.24937486 -0.24937486 -0.24937486 -0.24937486
 -0.24937486 -0.24937486 -0.24937486 -0.24937486 -0.24937486 -0.24937486
 -0.24937486 -0.24937486  5.10865361 -0.24937486 -0.24937486 -0.24937486
 -0.24937486 -0.24937486 -0.24937486 -0.24937486 -0.24937486 -0.24937486
 -0.24937486 -0.24937486 -0.24937486 -0.24937486 -0.24937486 -0.24937486
 -0.24937486 -0.24937486 -0.24937486 -0.24937486 -0.24937486 -0.24937486
 -0.24937486  3.90615477 -0.24937486 -0.24937486 -0.24937486 -0.24937486
 -0.24937486 -0.24937486 -0.24937486 -0.24937486 -0.24937486 -0.24937486
 -0.24937486 -0.24937486 -0.24937486 -0.24937486 -0.24937486 -0.24937486
 -0.24937486 -0.24937486 -0.24937486 -0.24937486 -0.24937486 -0.24937486
 -0.24937486 -0.24937486 -0.24937486 -0.24937486 -0.24937486 -0.24937486
 -0.24937486 -0.24937486 -0.24937486 -0.24937486]",[-0.015575410587360256]
17,"[-0.33268311 -0.33268311 -0.33268311 -0.33268311  1.51927642 -0.33268311
 -0.33268311 -0.33268311 -0.33268311 -0.33268311 -0.33268311 -0.33268311
 -0.33268311 -0.33268311 -0.33268311 -0.33268311 -0.33268311 -0.33268311
 -0.33268311 -0.33268311 -0.33268311 -0.33268311 -0.33268311 -0.33268311
 -0.33268311 -0.33268311 -0.33268311 -0.33268311 -0.33268311 -0.33268311
 -0.33268311 -0.33268311 -0.33268311 -0.33268311 -0.33268311 -0.33268311
 -0.33268311 -0.33268311 -0.33268311 -0.33268311  2.92831795 -0.33268311
 -0.33268311 -0.33268311 -0.33268311 -0.33268311 -0.33268311 -0.33268311
 -0.33268311 -0.33268311 -0.33268311 -0.33268311 -0.33268311 -0.33268311
 -0.33268311 -0.33268311 -0.33268311 -0.33268311 -0.33268311 -0.33268311
 -0.33268311 -0.33268311 -0.33268311 -0.33268311 -0.33268311 -0.33268311
 -0.33268311 -0.33268311 -0.33268311 -0.33268311 -0.33268311 -0.33268311
 -0.33268311 -0.33268311 -0.33268311 -0.33268311 -0.33268311 -0.33268311
 -0.33268311 -0.33268311 -0.33268311 -0.33268311 -0.33268311  2.75034178
 -0.33268311 -0.33268311 -0.33268311 -0.33268311 -0.33268311  2.30564388
 -0.33268311 -0.33268311  1.34349786 -0.33268311 -0.33268311 -0.33268311
 -0.33268311 -0.33268311 -0.33268311 -0.33268311 -0.33268311 -0.33268311
 -0.33268311 -0.33268311 -0.33268311 -0.33268311  0.34505284 -0.33268311
 -0.33268311 -0.33268311  2.95189982 -0.33268311  2.38594623 -0.33268311
 -0.33268311 -0.33268311  2.19039941 -0.33268311 -0.33268311 -0.33268311
 -0.33268311 -0.33268311 -0.33268311  1.57989533  1.06264587 -0.33268311
 -0.33268311 -0.33268311 -0.33268311 -0.33268311 -0.33268311 -0.33268311
 -0.33268311 -0.33268311 -0.33268311 -0.33268311 -0.33268311 -0.33268311
 -0.33268311 -0.33268311 -0.33268311 -0.33268311 -0.33268311 -0.33268311
 -0.33268311 -0.33268311 -0.33268311 -0.33268311 -0.33268311 -0.33268311
 -0.33268311 -0.33268311 -0.33268311 -0.33268311 -0.33268311 -0.33268311
 -0.33268311 -0.33268311 -0.33268311 -0.33268311 -0.33268311 -0.33268311
 -0.33268311  1.83998137 -0.33268311 -0.33268311 -0.33268311 -0.33268311
  1.44672968 -0.33268311 -0.33268311 -0.33268311 -0.33268311 -0.33268311
 -0.33268311 -0.33268311 -0.33268311 -0.33268311 -0.33268311 -0.33268311
 -0.33268311 -0.33268311 -0.33268311 -0.33268311 -0.33268311 -0.33268311
 -0.33268311 -0.33268311 -0.33268311 -0.33268311 -0.33268311 -0.33268311
 -0.33268311 -0.33268311 -0.33268311 -0.33268311 -0.33268311 -0.33268311
 -0.33268311 -0.33268311 -0.33268311 -0.33268311 -0.33268311 -0.33268311
 -0.33268311 -0.33268311  1.55142027 -0.33268311 -0.33268311  1.64315082
  3.93260228 -0.33268311  2.22592073 -0.33268311 -0.33268311  2.7256917
 -0.33268311 -0.33268311 -0.33268311 -0.33268311 -0.33268311 -0.33268311
 -0.33268311 -0.33268311 -0.33268311 -0.33268311 -0.33268311 -0.33268311
 -0.33268311 -0.33268311 -0.33268311 -0.33268311 -0.33268311 -0.33268311
 -0.33268311  2.99362778 -0.33268311  1.96702404  2.65696473 -0.33268311
  2.37782973  0.80914527  1.87675184  2.68329884 -0.33268311 -0.33268311
 -0.33268311 -0.33268311 -0.33268311  2.29137281 -0.33268311 -0.33268311
 -0.33268311 -0.33268311 -0.33268311  4.90045518  1.55836206 -0.33268311
 -0.33268311 -0.33268311  4.29030043  3.16878642 -0.33268311  0.64560421
 -0.33268311 -0.33268311 -0.33268311 -0.33268311 -0.33268311 -0.33268311
  1.76335171 -0.33268311  4.65962104 -0.33268311  2.41233382  3.69520075
 -0.33268311  0.40639031 -0.33268311 -0.33268311  2.15733285 -0.33268311
 -0.33268311  1.17883151 -0.33268311 -0.33268311  3.68057094  1.89373365
 -0.33268311 -0.33268311 -0.33268311 -0.33268311 -0.33268311  3.11184436
 -0.33268311 -0.33268311 -0.33268311 -0.33268311 -0.33268311 -0.33268311
 -0.33268311 -0.33268311 -0.33268311 -0.33268311  2.9401724  -0.33268311
 -0.33268311 -0.33268311 -0.33268311 -0.33268311 -0.33268311 -0.33268311
 -0.33268311 -0.33268311 -0.33268311 -0.33268311 -0.33268311 -0.33268311
 -0.33268311 -0.33268311 -0.33268311 -0.33268311 -0.33268311 -0.33268311
 -0.33268311  0.82357359 -0.33268311  1.59870204  2.79485211 -0.33268311
 -0.33268311 -0.33268311 -0.33268311  5.99080421 -0.33268311 -0.33268311
 -0.33268311  3.32638149 -0.33268311 -0.33268311 -0.33268311 -0.33268311
 -0.33268311 -0.33268311 -0.33268311 -0.33268311 -0.33268311 -0.33268311
 -0.33268311  3.64545395 -0.33268311 -0.33268311 -0.33268311 -0.33268311
 -0.33268311  4.81602888  2.21558529 -0.33268311 -0.33268311 -0.33268311
 -0.33268311 -0.33268311 -0.33268311 -0.33268311 -0.33268311  2.30564388
 -0.33268311 -0.33268311 -0.33268311 -0.33268311 -0.33268311 -0.33268311
 -0.33268311 -0.33268311 -0.33268311 -0.33268311 -0.33268311 -0.33268311
 -0.33268311 -0.33268311 -0.33268311 -0.33268311 -0.33268311 -0.33268311
  2.24376866 -0.33268311 -0.33268311 -0.33268311 -0.33268311 -0.33268311
 -0.33268311 -0.33268311 -0.33268311 -0.33268311 -0.33268311 -0.33268311
 -0.33268311 -0.33268311  2.83053556 -0.33268311 -0.33268311 -0.33268311
 -0.33268311 -0.33268311 -0.33268311 -0.33268311 -0.33268311 -0.33268311
 -0.33268311 -0.33268311 -0.33268311 -0.33268311 -0.33268311 -0.33268311
 -0.33268311  4.29030043 -0.33268311 -0.33268311 -0.33268311 -0.33268311
  2.4230576  -0.33268311 -0.33268311 -0.33268311 -0.33268311  0.99693281
 -0.33268311 -0.33268311 -0.33268311 -0.33268311 -0.33268311 -0.33268311
 -0.33268311 -0.33268311 -0.33268311 -0.33268311 -0.33268311 -0.33268311
 -0.33268311 -0.33268311 -0.33268311 -0.33268311 -0.33268311 -0.33268311
 -0.33268311 -0.33268311 -0.33268311 -0.33268311 -0.33268311 -0.33268311
  0.4361725  -0.33268311 -0.33268311 -0.33268311 -0.33268311 -0.33268311
 -0.33268311 -0.33268311 -0.33268311 -0.33268311 -0.33268311 -0.33268311
 -0.33268311 -0.33268311  4.22355803 -0.33268311 -0.33268311 -0.33268311
  4.07730649 -0.33268311 -0.33268311 -0.33268311 -0.33268311 -0.33268311
 -0.33268311 -0.33268311 -0.33268311 -0.33268311 -0.33268311 -0.33268311
 -0.33268311 -0.33268311 -0.33268311 -0.33268311 -0.33268311 -0.33268311
 -0.33268311  2.14383158 -0.33268311 -0.33268311 -0.33268311 -0.33268311
 -0.33268311 -0.33268311 -0.33268311 -0.33268311 -0.33268311  0.26908613
 -0.33268311 -0.33268311 -0.33268311 -0.33268311 -0.33268311 -0.33268311
 -0.33268311 -0.33268311 -0.33268311 -0.33268311 -0.33268311 -0.33268311
 -0.33268311 -0.33268311 -0.33268311 -0.33268311 -0.33268311 -0.33268311
 -0.33268311 -0.33268311  4.06996644 -0.33268311]",[0.058448269440997236]
17,"[-0.26598576 -0.26598576 -0.26598576 -0.26598576 -0.09891002 -0.26598576
 -0.26598576 -0.26598576 -0.26598576 -0.26598576 -0.26598576 -0.26598576
 -0.26598576 -0.26598576 -0.26598576 -0.26598576 -0.26598576 -0.26598576
  0.42791822 -0.26598576 -0.26598576 -0.26598576 -0.26598576 -0.26598576
 -0.26598576 -0.26598576 -0.26598576 -0.26598576 -0.26598576 -0.26598576
 -0.26598576 -0.26598576 -0.26598576 -0.26598576 -0.26598576 -0.26598576
 -0.26598576 -0.26598576 -0.26598576 -0.26598576 -0.26598576 -0.26598576
 -0.26598576 -0.26598576 -0.26598576 -0.26598576 -0.26598576 -0.26598576
 -0.26598576 -0.26598576 -0.26598576 -0.26598576 -0.26598576 -0.26598576
 -0.26598576 -0.26598576 -0.26598576 -0.26598576 -0.26598576 -0.26598576
 -0.26598576 -0.26598576 -0.26598576 -0.26598576 -0.26598576 -0.26598576
 -0.26598576 -0.26598576 -0.26598576 -0.26598576 -0.26598576 -0.26598576
 -0.26598576 -0.26598576 -0.26598576 -0.26598576 -0.26598576 -0.26598576
 -0.26598576 -0.26598576 -0.26598576 -0.26598576 -0.26598576  5.73829809
 -0.26598576 -0.26598576 -0.26598576 -0.26598576 -0.26598576  4.11726909
 -0.26598576 -0.26598576 -0.26598576 -0.26598576 -0.26598576 -0.26598576
 -0.26598576 -0.26598576 -0.26598576 -0.26598576 -0.26598576 -0.26598576
 -0.26598576 -0.26598576 -0.26598576 -0.26598576 -0.26598576 -0.26598576
 -0.26598576 -0.26598576  5.19606317 -0.26598576 -0.26598576 -0.26598576
 -0.26598576 -0.26598576 -0.26598576 -0.26598576 -0.26598576 -0.26598576
 -0.26598576 -0.26598576 -0.26598576 -0.26598576  3.08255982 -0.26598576
 -0.26598576 -0.26598576 -0.26598576 -0.26598576 -0.26598576 -0.26598576
 -0.26598576 -0.26598576 -0.26598576 -0.26598576 -0.26598576 -0.26598576
 -0.26598576 -0.26598576 -0.26598576 -0.26598576 -0.26598576 -0.26598576
 -0.26598576 -0.26598576 -0.26598576 -0.26598576 -0.26598576 -0.26598576
 -0.26598576 -0.26598576 -0.26598576 -0.26598576 -0.26598576 -0.26598576
 -0.26598576 -0.26598576 -0.26598576 -0.26598576 -0.26598576 -0.26598576
 -0.26598576  1.56183359 -0.26598576 -0.26598576 -0.26598576 -0.26598576
 -0.26598576 -0.26598576 -0.26598576 -0.26598576 -0.26598576 -0.26598576
 -0.26598576 -0.26598576 -0.26598576 -0.26598576 -0.26598576 -0.26598576
 -0.26598576 -0.26598576 -0.26598576 -0.26598576 -0.26598576 -0.26598576
 -0.26598576 -0.26598576 -0.26598576 -0.26598576 -0.26598576 -0.26598576
 -0.26598576 -0.26598576  1.9705959  -0.26598576 -0.26598576 -0.26598576
 -0.26598576 -0.26598576 -0.26598576 -0.26598576 -0.26598576 -0.26598576
 -0.26598576 -0.26598576 -0.26598576 -0.26598576 -0.26598576  1.94208847
  2.17051946 -0.26598576 -0.10730423 -0.26598576 -0.26598576  3.12350651
 -0.26598576 -0.26598576 -0.26598576 -0.26598576 -0.26598576 -0.26598576
 -0.26598576 -0.26598576 -0.26598576 -0.26598576 -0.26598576 -0.26598576
 -0.26598576 -0.26598576 -0.26598576 -0.26598576 -0.26598576 -0.26598576
 -0.26598576  3.13858924 -0.26598576  4.35650408  3.52465142 -0.26598576
  2.56972945  0.46127202  1.92340839 -0.26598576 -0.26598576 -0.26598576
 -0.26598576 -0.26598576 -0.26598576 -0.26598576 -0.26598576 -0.26598576
 -0.26598576 -0.26598576 -0.26598576  5.39068927  1.69411416 -0.26598576
 -0.26598576 -0.26598576  4.28234142  4.14836539 -0.26598576  0.65027804
 -0.26598576 -0.26598576 -0.26598576 -0.26598576 -0.26598576 -0.26598576
  2.41709088 -0.26598576  5.15403348 -0.26598576  2.57724891  5.82782332
 -0.26598576  1.70334186 -0.26598576 -0.26598576  4.04058696 -0.26598576
  2.297675    1.13327583 -0.26598576 -0.26598576  4.14345468  2.94774875
 -0.26598576 -0.26598576 -0.26598576  2.80026468 -0.26598576  3.8052596
 -0.26598576 -0.26598576 -0.26598576 -0.26598576 -0.26598576 -0.26598576
 -0.26598576 -0.26598576 -0.26598576 -0.26598576 -0.26598576 -0.26598576
 -0.26598576 -0.26598576 -0.26598576 -0.26598576 -0.26598576  2.40900543
 -0.26598576  0.29315965 -0.26598576 -0.26598576 -0.26598576 -0.26598576
 -0.26598576 -0.26598576 -0.26598576 -0.26598576 -0.26598576 -0.26598576
 -0.26598576 -0.26598576 -0.26598576 -0.26598576 -0.26598576 -0.26598576
 -0.26598576 -0.26598576 -0.26598576 -0.26598576 -0.26598576 -0.26598576
 -0.26598576 -0.26598576 -0.26598576 -0.26598576 -0.26598576 -0.26598576
 -0.26598576 -0.26598576 -0.26598576 -0.26598576 -0.26598576 -0.26598576
 -0.26598576 -0.26598576 -0.26598576 -0.26598576 -0.26598576 -0.26598576
 -0.26598576 -0.26598576 -0.26598576 -0.26598576 -0.26598576 -0.26598576
 -0.26598576 -0.26598576 -0.26598576 -0.26598576 -0.26598576 -0.26598576
 -0.26598576 -0.26598576 -0.26598576 -0.26598576 -0.26598576 -0.26598576
 -0.26598576 -0.26598576 -0.26598576 -0.26598576 -0.26598576 -0.26598576
 -0.26598576 -0.26598576 -0.26598576 -0.26598576 -0.26598576 -0.26598576
 -0.26598576 -0.26598576 -0.26598576 -0.26598576 -0.26598576 -0.26598576
 -0.26598576 -0.26598576 -0.26598576 -0.26598576 -0.26598576 -0.26598576
 -0.26598576 -0.26598576 -0.26598576 -0.26598576 -0.26598576 -0.26598576
 -0.26598576 -0.26598576 -0.26598576 -0.26598576 -0.26598576 -0.26598576
 -0.26598576 -0.26598576 -0.26598576 -0.26598576 -0.26598576 -0.26598576
 -0.26598576 -0.26598576 -0.26598576 -0.26598576 -0.26598576 -0.26598576
 -0.26598576 -0.26598576 -0.26598576 -0.26598576  6.21797057 -0.26598576
 -0.26598576 -0.26598576 -0.26598576 -0.26598576 -0.26598576 -0.26598576
 -0.26598576 -0.26598576 -0.26598576 -0.26598576 -0.26598576 -0.26598576
 -0.26598576 -0.26598576 -0.26598576 -0.26598576 -0.26598576 -0.26598576
  3.26889134 -0.26598576 -0.26598576 -0.26598576 -0.26598576 -0.26598576
 -0.26598576 -0.26598576 -0.26598576 -0.26598576 -0.26598576 -0.26598576
 -0.26598576 -0.26598576 -0.26598576 -0.26598576 -0.26598576 -0.26598576
 -0.26598576 -0.26598576  3.04351948 -0.26598576 -0.26598576 -0.26598576
  2.72966487 -0.26598576 -0.26598576 -0.26598576 -0.26598576 -0.26598576
 -0.26598576 -0.26598576 -0.26598576 -0.26598576 -0.26598576 -0.26598576
 -0.26598576 -0.26598576 -0.26598576 -0.26598576 -0.26598576 -0.26598576
 -0.26598576  4.97931534  3.42985044 -0.26598576 -0.26598576 -0.26598576
 -0.26598576 -0.26598576 -0.26598576 -0.26598576 -0.26598576  0.12566189
 -0.26598576 -0.26598576 -0.26598576 -0.26598576 -0.26598576 -0.26598576
 -0.26598576 -0.26598576 -0.26598576 -0.26598576 -0.26598576 -0.26598576
 -0.26598576 -0.26598576 -0.26598576 -0.26598576 -0.26598576 -0.26598576
 -0.26598576 -0.26598576 -0.26598576 -0.26598576]",[0.0007442892616716934]
17,"[-0.24474129 -0.24474129 -0.24474129 -0.24474129 -0.24474129 -0.24474129
 -0.24474129 -0.24474129 -0.24474129 -0.24474129 -0.24474129 -0.24474129
 -0.24474129 -0.24474129 -0.24474129 -0.24474129 -0.24474129 -0.24474129
 -0.24474129 -0.24474129 -0.24474129 -0.24474129 -0.24474129 -0.24474129
 -0.24474129 -0.24474129 -0.24474129 -0.24474129 -0.24474129 -0.24474129
 -0.24474129 -0.24474129 -0.24474129 -0.24474129 -0.24474129 -0.24474129
 -0.24474129 -0.24474129 -0.24474129 -0.24474129 -0.24474129 -0.24474129
 -0.24474129 -0.24474129 -0.24474129 -0.24474129 -0.24474129 -0.24474129
 -0.24474129 -0.24474129 -0.24474129 -0.24474129 -0.24474129 -0.24474129
 -0.24474129 -0.24474129 -0.24474129 -0.24474129 -0.24474129 -0.24474129
 -0.24474129 -0.24474129 -0.24474129 -0.24474129 -0.24474129 -0.24474129
 -0.24474129 -0.24474129 -0.24474129 -0.24474129 -0.24474129 -0.24474129
 -0.24474129 -0.24474129 -0.24474129 -0.24474129 -0.24474129 -0.24474129
 -0.24474129 -0.24474129 -0.24474129 -0.24474129 -0.24474129  6.01024147
 -0.24474129 -0.24474129 -0.24474129 -0.24474129 -0.24474129 -0.24474129
 -0.24474129 -0.24474129  1.74882585 -0.24474129 -0.24474129 -0.24474129
 -0.24474129 -0.24474129 -0.24474129 -0.24474129 -0.24474129 -0.24474129
 -0.24474129 -0.24474129 -0.24474129 -0.24474129 -0.24474129 -0.24474129
 -0.24474129 -0.24474129  5.30495347 -0.24474129 -0.24474129 -0.24474129
 -0.24474129 -0.24474129  1.61677815 -0.24474129 -0.24474129 -0.24474129
 -0.24474129 -0.24474129 -0.24474129  1.70503424  1.84903097 -0.24474129
 -0.24474129 -0.24474129 -0.24474129 -0.24474129 -0.24474129 -0.24474129
 -0.24474129 -0.24474129 -0.24474129 -0.24474129 -0.24474129 -0.24474129
 -0.24474129 -0.24474129 -0.24474129 -0.24474129 -0.24474129 -0.24474129
 -0.24474129 -0.24474129 -0.24474129 -0.24474129 -0.24474129 -0.24474129
 -0.24474129 -0.24474129 -0.24474129 -0.24474129 -0.24474129 -0.24474129
 -0.24474129 -0.24474129 -0.24474129 -0.24474129 -0.24474129 -0.24474129
 -0.24474129 -0.08083015 -0.24474129 -0.24474129 -0.24474129 -0.24474129
 -0.24474129 -0.24474129 -0.24474129 -0.24474129 -0.24474129  1.8716047
 -0.24474129 -0.24474129 -0.24474129 -0.24474129 -0.24474129 -0.24474129
 -0.24474129 -0.24474129 -0.24474129 -0.24474129 -0.24474129 -0.24474129
 -0.24474129 -0.24474129 -0.24474129 -0.24474129 -0.24474129 -0.24474129
 -0.24474129 -0.24474129 -0.24474129 -0.24474129 -0.24474129 -0.24474129
 -0.24474129 -0.24474129 -0.24474129 -0.24474129 -0.24474129  0.04726565
 -0.24474129 -0.24474129 -0.24474129 -0.24474129 -0.24474129 -0.24474129
  4.5135844  -0.24474129 -0.24474129 -0.24474129 -0.24474129  3.28217972
 -0.24474129 -0.24474129 -0.24474129 -0.24474129 -0.24474129 -0.24474129
 -0.24474129 -0.24474129 -0.24474129 -0.24474129 -0.24474129 -0.24474129
 -0.24474129 -0.24474129 -0.24474129 -0.24474129 -0.24474129 -0.24474129
 -0.24474129  3.94850781 -0.24474129  4.98516546  3.31701909 -0.24474129
  2.15362442  2.15391159 -0.24474129 -0.24474129 -0.24474129 -0.24474129
 -0.24474129 -0.24474129 -0.24474129 -0.24474129 -0.24474129  3.31510797
 -0.24474129 -0.24474129 -0.24474129  5.53888688  3.43367108 -0.24474129
 -0.24474129 -0.24474129  4.16373241  3.63373287 -0.24474129  0.34399991
 -0.24474129 -0.24474129 -0.24474129 -0.24474129 -0.24474129 -0.24474129
 -0.24474129 -0.24474129  5.5473202  -0.24474129  1.65918769  4.2581155
 -0.24474129  1.1583328  -0.24474129 -0.24474129  1.28839775 -0.24474129
 -0.24474129  0.72487725 -0.24474129 -0.24474129 -0.24474129  2.78604372
 -0.24474129 -0.24474129 -0.24474129 -0.24474129 -0.24474129  4.35219484
 -0.24474129 -0.24474129  2.71183324 -0.24474129 -0.24474129 -0.24474129
 -0.24474129 -0.24474129 -0.24474129 -0.24474129 -0.24474129 -0.24474129
 -0.24474129 -0.24474129 -0.24474129 -0.24474129 -0.24474129  2.53833578
 -0.24474129 -0.24474129 -0.24474129 -0.24474129 -0.24474129 -0.24474129
 -0.24474129 -0.24474129 -0.24474129 -0.24474129 -0.24474129 -0.24474129
 -0.24474129 -0.24474129 -0.24474129 -0.24474129 -0.24474129 -0.24474129
 -0.24474129 -0.24474129 -0.24474129 -0.24474129 -0.24474129 -0.24474129
 -0.24474129 -0.24474129 -0.24474129 -0.24474129 -0.24474129 -0.24474129
 -0.24474129 -0.24474129 -0.24474129 -0.24474129 -0.24474129 -0.24474129
 -0.24474129 -0.24474129 -0.24474129 -0.24474129 -0.24474129 -0.24474129
 -0.24474129 -0.24474129 -0.24474129 -0.24474129 -0.24474129 -0.24474129
 -0.24474129 -0.24474129 -0.24474129 -0.24474129 -0.24474129 -0.24474129
 -0.24474129 -0.24474129 -0.24474129 -0.24474129 -0.24474129 -0.24474129
 -0.24474129 -0.24474129 -0.24474129 -0.24474129 -0.24474129 -0.24474129
 -0.24474129 -0.24474129 -0.24474129 -0.24474129 -0.24474129 -0.24474129
 -0.24474129 -0.24474129 -0.24474129 -0.24474129 -0.24474129 -0.24474129
 -0.24474129 -0.24474129 -0.24474129 -0.24474129 -0.24474129 -0.24474129
 -0.24474129 -0.24474129 -0.24474129 -0.24474129 -0.24474129 -0.24474129
 -0.24474129 -0.24474129 -0.24474129 -0.24474129 -0.24474129 -0.24474129
 -0.24474129 -0.24474129 -0.24474129 -0.24474129 -0.24474129 -0.24474129
 -0.24474129 -0.24474129 -0.24474129 -0.24474129 -0.24474129 -0.24474129
 -0.24474129 -0.24474129 -0.24474129 -0.24474129 -0.24474129  3.61538325
 -0.24474129 -0.24474129 -0.24474129 -0.24474129 -0.24474129 -0.24474129
 -0.24474129 -0.24474129 -0.24474129 -0.24474129 -0.24474129 -0.24474129
 -0.24474129 -0.24474129 -0.24474129 -0.24474129 -0.24474129 -0.24474129
 -0.24474129 -0.24474129 -0.24474129 -0.24474129 -0.24474129 -0.24474129
  0.66969773 -0.24474129 -0.24474129 -0.24474129 -0.24474129 -0.24474129
 -0.24474129 -0.24474129 -0.24474129 -0.24474129 -0.24474129 -0.24474129
 -0.24474129 -0.24474129  6.28288126 -0.24474129 -0.24474129 -0.24474129
  3.98795069 -0.24474129 -0.24474129 -0.24474129 -0.24474129 -0.24474129
 -0.24474129 -0.24474129 -0.24474129 -0.24474129 -0.24474129 -0.24474129
 -0.24474129 -0.24474129 -0.24474129 -0.24474129 -0.24474129 -0.24474129
 -0.24474129  7.23550809  4.29321297 -0.24474129 -0.24474129 -0.24474129
 -0.24474129 -0.24474129 -0.24474129 -0.24474129 -0.24474129 -0.24474129
 -0.24474129 -0.24474129 -0.24474129 -0.24474129 -0.24474129 -0.24474129
 -0.24474129 -0.24474129 -0.24474129 -0.24474129 -0.24474129 -0.24474129
 -0.24474129 -0.24474129 -0.24474129 -0.24474129 -0.24474129 -0.24474129
 -0.24474129 -0.24474129 -0.24474129 -0.24474129]",[0.008927829552039357]
17,"[-0.23723375 -0.23723375 -0.23723375 -0.23723375 -0.23723375 -0.23723375
 -0.23723375 -0.23723375 -0.23723375 -0.23723375 -0.23723375 -0.23723375
 -0.23723375 -0.23723375 -0.23723375 -0.23723375 -0.23723375 -0.23723375
 -0.23723375 -0.23723375 -0.23723375 -0.23723375 -0.23723375 -0.23723375
 -0.23723375 -0.23723375 -0.23723375 -0.23723375 -0.23723375 -0.23723375
 -0.23723375 -0.23723375 -0.23723375 -0.23723375 -0.23723375 -0.23723375
 -0.23723375 -0.23723375 -0.23723375 -0.23723375 -0.23723375 -0.23723375
 -0.23723375 -0.23723375 -0.23723375 -0.23723375 -0.23723375 -0.23723375
 -0.23723375 -0.23723375 -0.23723375 -0.23723375 -0.23723375 -0.23723375
 -0.23723375 -0.23723375 -0.23723375 -0.23723375 -0.23723375 -0.23723375
 -0.23723375 -0.23723375 -0.23723375 -0.23723375 -0.23723375 -0.23723375
 -0.23723375 -0.23723375 -0.23723375 -0.23723375 -0.23723375 -0.23723375
 -0.23723375 -0.23723375 -0.23723375 -0.23723375 -0.23723375 -0.23723375
 -0.23723375 -0.23723375 -0.23723375 -0.23723375 -0.23723375  5.95771165
 -0.23723375 -0.23723375 -0.23723375 -0.23723375 -0.23723375  2.48752449
 -0.23723375 -0.23723375 -0.23723375 -0.23723375 -0.23723375 -0.23723375
 -0.23723375 -0.23723375 -0.23723375 -0.23723375 -0.23723375 -0.23723375
 -0.23723375 -0.23723375 -0.23723375 -0.23723375 -0.23723375 -0.23723375
 -0.23723375 -0.23723375  5.88132506 -0.23723375 -0.23723375 -0.23723375
 -0.23723375 -0.23723375  3.12743564 -0.23723375 -0.23723375 -0.23723375
 -0.23723375 -0.23723375 -0.23723375 -0.23723375  1.96646304 -0.23723375
 -0.23723375 -0.23723375 -0.23723375 -0.23723375 -0.23723375 -0.23723375
 -0.23723375 -0.23723375 -0.23723375 -0.23723375 -0.23723375 -0.23723375
 -0.23723375 -0.23723375 -0.23723375 -0.23723375 -0.23723375 -0.23723375
 -0.23723375 -0.23723375 -0.23723375 -0.23723375 -0.23723375 -0.23723375
 -0.23723375 -0.23723375 -0.23723375 -0.23723375 -0.23723375 -0.23723375
 -0.23723375 -0.23723375 -0.23723375 -0.23723375 -0.23723375 -0.23723375
 -0.23723375 -0.23723375 -0.23723375 -0.23723375 -0.23723375 -0.23723375
 -0.23723375 -0.23723375 -0.23723375 -0.23723375 -0.23723375  0.96757359
 -0.23723375 -0.23723375 -0.23723375 -0.23723375 -0.23723375 -0.23723375
 -0.23723375 -0.23723375 -0.23723375 -0.23723375 -0.23723375 -0.23723375
 -0.23723375 -0.23723375 -0.23723375 -0.23723375 -0.23723375 -0.23723375
 -0.23723375 -0.23723375  2.42922057 -0.23723375 -0.23723375 -0.23723375
 -0.23723375 -0.23723375 -0.23723375 -0.23723375 -0.23723375 -0.23723375
 -0.23723375 -0.23723375 -0.23723375 -0.23723375 -0.23723375 -0.23723375
  3.90854845 -0.23723375  0.51913903 -0.23723375 -0.23723375  1.60722129
 -0.23723375 -0.23723375 -0.23723375 -0.23723375 -0.23723375 -0.23723375
 -0.23723375 -0.23723375 -0.23723375 -0.23723375 -0.23723375 -0.23723375
 -0.23723375 -0.23723375 -0.23723375 -0.23723375 -0.23723375 -0.23723375
 -0.23723375  3.51181579 -0.23723375  4.86867384  4.26840204 -0.23723375
  2.93817832 -0.23723375  4.08643008 -0.23723375 -0.23723375 -0.23723375
 -0.23723375 -0.23723375 -0.23723375 -0.23723375 -0.23723375  4.11997628
 -0.23723375 -0.23723375 -0.23723375  6.91196027 -0.23723375 -0.23723375
 -0.23723375 -0.23723375  3.47907619  2.15255094 -0.23723375  0.24460882
 -0.23723375 -0.23723375 -0.23723375 -0.23723375  0.32805251 -0.23723375
  2.57200963 -0.23723375  5.59930812 -0.23723375  2.11897127 -0.23723375
 -0.23723375  0.72059921 -0.23723375 -0.23723375  0.55395533 -0.23723375
 -0.23723375  0.25403752 -0.23723375 -0.23723375  5.58418729  4.35304979
 -0.23723375 -0.23723375 -0.23723375 -0.23723375 -0.23723375 -0.23723375
 -0.23723375 -0.23723375 -0.23723375 -0.23723375 -0.23723375 -0.23723375
 -0.23723375 -0.23723375 -0.23723375 -0.23723375 -0.23723375 -0.23723375
 -0.23723375 -0.23723375 -0.23723375 -0.23723375 -0.23723375  3.12743564
 -0.23723375  0.81932378 -0.23723375 -0.23723375 -0.23723375 -0.23723375
 -0.23723375 -0.23723375 -0.23723375 -0.23723375 -0.23723375 -0.23723375
 -0.23723375 -0.23723375 -0.23723375 -0.23723375 -0.23723375 -0.23723375
 -0.23723375 -0.23723375 -0.23723375 -0.23723375 -0.23723375 -0.23723375
 -0.23723375 -0.23723375 -0.23723375 -0.23723375 -0.23723375 -0.23723375
 -0.23723375 -0.23723375 -0.23723375 -0.23723375 -0.23723375 -0.23723375
 -0.23723375 -0.23723375 -0.23723375 -0.23723375 -0.23723375 -0.23723375
 -0.23723375 -0.23723375 -0.23723375 -0.23723375 -0.23723375 -0.23723375
 -0.23723375 -0.23723375 -0.23723375 -0.23723375 -0.23723375 -0.23723375
 -0.23723375 -0.23723375 -0.23723375 -0.23723375 -0.23723375 -0.23723375
 -0.23723375 -0.23723375 -0.23723375 -0.23723375 -0.23723375 -0.23723375
 -0.23723375 -0.23723375 -0.23723375 -0.23723375 -0.23723375 -0.23723375
 -0.23723375 -0.23723375 -0.23723375 -0.23723375 -0.23723375 -0.23723375
 -0.23723375 -0.23723375 -0.23723375 -0.23723375 -0.23723375 -0.23723375
 -0.23723375 -0.23723375 -0.23723375 -0.23723375 -0.23723375 -0.23723375
 -0.23723375 -0.23723375 -0.23723375 -0.23723375 -0.23723375 -0.23723375
 -0.23723375 -0.23723375 -0.23723375 -0.23723375 -0.23723375 -0.23723375
 -0.23723375 -0.23723375 -0.23723375 -0.23723375 -0.23723375 -0.23723375
 -0.23723375 -0.23723375 -0.23723375 -0.23723375 -0.23723375  4.34127373
 -0.23723375 -0.23723375 -0.23723375 -0.23723375 -0.23723375 -0.23723375
 -0.23723375  1.9108568  -0.23723375 -0.23723375 -0.23723375 -0.23723375
 -0.23723375 -0.23723375 -0.23723375 -0.23723375 -0.23723375 -0.23723375
 -0.23723375 -0.23723375 -0.23723375 -0.23723375 -0.23723375 -0.23723375
 -0.23723375 -0.23723375 -0.23723375 -0.23723375 -0.23723375 -0.23723375
 -0.23723375 -0.23723375 -0.23723375 -0.23723375 -0.23723375 -0.23723375
 -0.23723375 -0.23723375  5.71216747 -0.23723375 -0.23723375 -0.23723375
 -0.23723375 -0.23723375 -0.23723375 -0.23723375 -0.23723375 -0.23723375
 -0.23723375 -0.23723375 -0.23723375 -0.23723375 -0.23723375 -0.23723375
 -0.23723375 -0.23723375 -0.23723375 -0.23723375 -0.23723375 -0.23723375
 -0.23723375  6.64318164  3.54408202 -0.23723375 -0.23723375 -0.23723375
 -0.23723375 -0.23723375 -0.23723375 -0.23723375 -0.23723375 -0.23723375
 -0.23723375 -0.23723375 -0.23723375 -0.23723375 -0.23723375 -0.23723375
 -0.23723375 -0.23723375 -0.23723375 -0.23723375 -0.23723375 -0.23723375
 -0.23723375 -0.23723375 -0.23723375 -0.23723375 -0.23723375 -0.23723375
 -0.23723375 -0.23723375  0.96757359 -0.23723375]",[0.01132661391661885]
17,"[-0.30715506 -0.30715506 -0.30715506 -0.30715506  2.34512751 -0.30715506
 -0.30715506 -0.30715506 -0.30715506 -0.30715506 -0.30715506 -0.30715506
 -0.30715506 -0.30715506 -0.30715506 -0.30715506 -0.30715506 -0.30715506
  0.26010153 -0.30715506 -0.30715506 -0.30715506 -0.30715506 -0.30715506
 -0.30715506 -0.30715506 -0.30715506  0.15833903 -0.30715506 -0.30715506
 -0.30715506 -0.30715506 -0.30715506 -0.30715506 -0.30715506 -0.30715506
 -0.30715506 -0.30715506 -0.30715506 -0.30715506 -0.30715506 -0.30715506
 -0.30715506 -0.30715506 -0.30715506 -0.30715506 -0.30715506 -0.30715506
 -0.30715506 -0.30715506 -0.30715506 -0.30715506 -0.30715506 -0.30715506
 -0.30715506 -0.30715506 -0.30715506 -0.30715506 -0.30715506 -0.30715506
 -0.30715506 -0.30715506 -0.30715506 -0.30715506 -0.30715506 -0.30715506
 -0.30715506 -0.30715506 -0.30715506 -0.30715506 -0.30715506 -0.30715506
 -0.30715506 -0.30715506 -0.30715506 -0.30715506 -0.30715506 -0.30715506
 -0.30715506 -0.30715506 -0.30715506 -0.30715506 -0.30715506  4.08128775
 -0.30715506 -0.30715506  1.49791406 -0.30715506 -0.30715506  1.86627256
 -0.30715506 -0.30715506  1.27412825 -0.30715506 -0.30715506 -0.30715506
 -0.30715506 -0.30715506 -0.30715506 -0.30715506 -0.30715506 -0.30715506
 -0.30715506 -0.30715506 -0.30715506 -0.30715506 -0.30715506 -0.30715506
 -0.30715506 -0.30715506  5.08873295 -0.30715506 -0.30715506 -0.30715506
 -0.30715506 -0.30715506  3.86207424  1.9573753  -0.30715506 -0.30715506
 -0.30715506 -0.30715506 -0.30715506 -0.30715506  4.26809368 -0.30715506
 -0.30715506 -0.30715506 -0.30715506 -0.30715506 -0.30715506 -0.30715506
 -0.30715506 -0.30715506 -0.30715506 -0.30715506 -0.30715506 -0.30715506
 -0.30715506 -0.30715506 -0.30715506 -0.30715506 -0.30715506 -0.30715506
 -0.30715506 -0.30715506 -0.30715506 -0.30715506 -0.30715506 -0.30715506
 -0.30715506 -0.30715506 -0.30715506 -0.30715506 -0.30715506 -0.30715506
 -0.30715506 -0.30715506 -0.30715506 -0.30715506 -0.30715506 -0.30715506
 -0.30715506 -0.22303527 -0.30715506 -0.30715506 -0.30715506 -0.30715506
 -0.30715506 -0.30715506 -0.30715506 -0.30715506 -0.30715506 -0.30715506
 -0.30715506 -0.30715506 -0.30715506 -0.30715506 -0.30715506 -0.30715506
 -0.30715506 -0.30715506 -0.30715506 -0.30715506 -0.30715506 -0.30715506
 -0.30715506 -0.30715506 -0.30715506 -0.30715506 -0.30715506 -0.30715506
 -0.30715506 -0.30715506  1.90192699 -0.30715506 -0.30715506 -0.30715506
 -0.30715506 -0.30715506 -0.30715506 -0.30715506 -0.30715506 -0.30715506
 -0.30715506 -0.30715506 -0.30715506 -0.30715506 -0.30715506  1.62678622
  1.99860412 -0.30715506  0.50517847 -0.30715506 -0.30715506  3.90202976
 -0.30715506 -0.30715506 -0.30715506  0.60703171 -0.30715506 -0.30715506
 -0.30715506 -0.30715506 -0.30715506 -0.30715506 -0.30715506 -0.30715506
 -0.30715506 -0.30715506 -0.30715506 -0.30715506 -0.30715506 -0.30715506
 -0.30715506  3.40979513 -0.30715506  2.96176606  3.98370474 -0.30715506
  2.32864891  1.1966394   4.92574607  2.31379868 -0.30715506 -0.30715506
 -0.30715506 -0.30715506  3.08349625 -0.30715506 -0.30715506 -0.30715506
 -0.30715506 -0.30715506 -0.30715506  4.39500607  2.02243368 -0.30715506
 -0.30715506 -0.30715506  4.43669485  3.53962482 -0.30715506  1.58352188
 -0.30715506 -0.30715506 -0.30715506  1.18239082  1.78308255 -0.30715506
 -0.30715506 -0.30715506  4.67661627 -0.30715506  2.32979962 -0.30715506
 -0.30715506 -0.30715506 -0.30715506  1.08372791  3.9373432  -0.30715506
  1.47865878  2.27699598 -0.30715506 -0.30715506  3.10871715  1.78106435
 -0.30715506 -0.30715506 -0.30715506  2.14174652 -0.30715506  2.32002697
 -0.30715506 -0.30715506 -0.30715506 -0.30715506 -0.30715506 -0.30715506
 -0.30715506 -0.30715506 -0.30715506 -0.30715506  3.6519448   2.34734845
 -0.30715506 -0.30715506 -0.30715506 -0.30715506 -0.30715506  1.75257797
 -0.30715506  0.33964922 -0.30715506 -0.30715506 -0.30715506 -0.30715506
 -0.30715506 -0.30715506 -0.30715506 -0.30715506 -0.30715506 -0.30715506
 -0.30715506 -0.30715506 -0.30715506 -0.30715506 -0.30715506 -0.30715506
 -0.30715506 -0.30715506 -0.30715506 -0.30715506 -0.30715506 -0.30715506
 -0.30715506 -0.30715506 -0.30715506 -0.30715506 -0.30715506 -0.30715506
 -0.30715506 -0.30715506 -0.30715506 -0.30715506 -0.30715506 -0.30715506
 -0.30715506 -0.30715506 -0.30715506 -0.30715506 -0.30715506 -0.30715506
 -0.30715506 -0.30715506 -0.30715506 -0.30715506 -0.30715506 -0.30715506
 -0.30715506 -0.30715506 -0.30715506 -0.30715506 -0.30715506 -0.30715506
 -0.30715506 -0.30715506 -0.30715506 -0.30715506 -0.30715506 -0.30715506
 -0.30715506 -0.30715506 -0.30715506 -0.30715506 -0.30715506 -0.30715506
 -0.30715506 -0.30715506 -0.30715506 -0.30715506 -0.30715506 -0.30715506
 -0.30715506 -0.30715506 -0.30715506 -0.30715506 -0.30715506 -0.30715506
 -0.30715506 -0.30715506 -0.30715506 -0.30715506 -0.30715506 -0.30715506
 -0.30715506 -0.30715506 -0.30715506 -0.30715506 -0.30715506 -0.30715506
 -0.30715506 -0.30715506 -0.30715506 -0.30715506 -0.30715506 -0.30715506
 -0.30715506 -0.30715506 -0.30715506 -0.30715506 -0.30715506 -0.30715506
 -0.30715506 -0.30715506 -0.30715506 -0.30715506 -0.30715506 -0.30715506
 -0.30715506 -0.30715506 -0.30715506 -0.30715506  3.80216198  4.68122545
 -0.30715506 -0.30715506 -0.30715506 -0.30715506 -0.30715506 -0.30715506
 -0.30715506 -0.30715506 -0.30715506 -0.30715506 -0.30715506 -0.30715506
 -0.30715506 -0.30715506 -0.30715506 -0.30715506 -0.30715506 -0.30715506
  3.21897553 -0.30715506 -0.30715506 -0.30715506 -0.30715506 -0.30715506
  0.63634526 -0.30715506 -0.30715506 -0.30715506 -0.30715506 -0.30715506
 -0.30715506 -0.30715506 -0.30715506 -0.30715506 -0.30715506 -0.30715506
 -0.30715506 -0.30715506  1.17745112 -0.30715506 -0.30715506 -0.30715506
  3.86695634 -0.30715506 -0.30715506 -0.30715506 -0.30715506 -0.30715506
 -0.30715506 -0.30715506 -0.30715506 -0.30715506 -0.30715506 -0.30715506
 -0.30715506 -0.30715506 -0.30715506 -0.30715506 -0.30715506 -0.30715506
 -0.30715506  5.40241206  1.88235741 -0.30715506 -0.30715506 -0.30715506
 -0.30715506 -0.30715506 -0.30715506 -0.30715506 -0.30715506 -0.30715506
 -0.30715506 -0.30715506 -0.30715506 -0.30715506 -0.30715506 -0.30715506
 -0.30715506 -0.30715506 -0.30715506 -0.30715506 -0.30715506 -0.30715506
 -0.30715506 -0.30715506 -0.30715506 -0.30715506 -0.30715506 -0.30715506
 -0.30715506 -0.30715506  4.50152564 -0.30715506]",[0.03879030151492635]
17,"[-0.26259661 -0.26259661 -0.26259661 -0.26259661  0.14153506 -0.26259661
 -0.26259661 -0.26259661 -0.26259661 -0.26259661 -0.26259661 -0.26259661
 -0.26259661 -0.26259661 -0.26259661 -0.26259661 -0.26259661 -0.26259661
 -0.26259661 -0.26259661 -0.26259661 -0.26259661 -0.26259661 -0.26259661
 -0.26259661 -0.26259661 -0.26259661 -0.26259661 -0.26259661 -0.26259661
 -0.26259661 -0.26259661 -0.26259661 -0.26259661 -0.26259661 -0.26259661
 -0.26259661 -0.26259661 -0.26259661 -0.26259661 -0.26259661 -0.26259661
 -0.26259661 -0.26259661 -0.26259661 -0.26259661 -0.26259661 -0.26259661
 -0.26259661 -0.26259661 -0.26259661 -0.26259661 -0.26259661 -0.26259661
 -0.26259661 -0.26259661 -0.26259661 -0.26259661 -0.26259661 -0.26259661
 -0.26259661 -0.26259661 -0.26259661 -0.26259661 -0.26259661 -0.26259661
 -0.26259661 -0.26259661 -0.26259661 -0.26259661 -0.26259661 -0.26259661
 -0.26259661 -0.26259661 -0.26259661 -0.26259661 -0.26259661 -0.26259661
 -0.26259661 -0.26259661 -0.26259661 -0.26259661 -0.26259661  6.00474574
 -0.26259661 -0.26259661 -0.26259661 -0.26259661 -0.26259661  2.48507929
 -0.26259661 -0.26259661 -0.26259661 -0.26259661 -0.26259661 -0.26259661
 -0.26259661 -0.26259661 -0.26259661 -0.26259661 -0.26259661 -0.26259661
 -0.26259661 -0.26259661 -0.26259661 -0.26259661 -0.26259661 -0.26259661
 -0.26259661 -0.26259661  5.712655   -0.26259661 -0.26259661 -0.26259661
 -0.26259661 -0.26259661 -0.26259661 -0.26259661 -0.26259661 -0.26259661
 -0.26259661 -0.26259661 -0.26259661 -0.26259661  5.0388131  -0.26259661
 -0.26259661 -0.26259661 -0.26259661 -0.26259661 -0.26259661 -0.26259661
 -0.26259661 -0.26259661 -0.26259661 -0.26259661 -0.26259661 -0.26259661
 -0.26259661 -0.26259661 -0.26259661 -0.26259661 -0.26259661 -0.26259661
 -0.26259661 -0.26259661 -0.26259661 -0.26259661 -0.26259661 -0.26259661
 -0.26259661 -0.26259661 -0.26259661 -0.26259661 -0.26259661 -0.26259661
 -0.26259661 -0.26259661 -0.26259661 -0.26259661 -0.26259661 -0.26259661
 -0.26259661 -0.26259661 -0.26259661 -0.26259661 -0.26259661 -0.26259661
 -0.26259661 -0.26259661 -0.26259661 -0.26259661 -0.26259661 -0.26259661
 -0.26259661 -0.26259661 -0.26259661 -0.26259661 -0.26259661 -0.26259661
 -0.26259661 -0.26259661 -0.26259661 -0.26259661 -0.26259661 -0.26259661
 -0.26259661 -0.26259661 -0.26259661 -0.26259661 -0.26259661 -0.26259661
 -0.26259661 -0.26259661 -0.26259661 -0.26259661 -0.26259661 -0.26259661
 -0.26259661 -0.26259661 -0.26259661 -0.26259661 -0.26259661 -0.26259661
 -0.26259661 -0.26259661 -0.26259661 -0.26259661 -0.26259661 -0.26259661
  2.18141371 -0.26259661  1.15389348 -0.26259661 -0.26259661  0.8885786
 -0.26259661 -0.26259661  0.19842257 -0.26259661 -0.26259661 -0.26259661
 -0.26259661 -0.26259661 -0.26259661 -0.26259661 -0.26259661 -0.26259661
 -0.26259661 -0.26259661 -0.26259661 -0.26259661 -0.26259661 -0.26259661
 -0.26259661  2.75534136 -0.26259661  5.80584121  3.84213898 -0.26259661
  2.61428542  2.04887261 -0.26259661  2.98534371 -0.26259661 -0.26259661
 -0.26259661 -0.26259661 -0.26259661  3.28586879 -0.26259661 -0.26259661
 -0.26259661 -0.26259661 -0.26259661  5.79236888  3.81900969 -0.26259661
 -0.26259661 -0.26259661  2.32908897  3.54550133 -0.26259661  3.05361564
 -0.26259661 -0.26259661 -0.26259661 -0.26259661  1.67936482 -0.26259661
  2.38543796 -0.26259661  5.96378923 -0.26259661  1.62070729  4.12957258
 -0.26259661  2.92445785 -0.26259661  1.27310181  3.64714468  2.964119
  1.72039453  2.02882264 -0.26259661 -0.26259661 -0.26259661  3.44745949
 -0.26259661 -0.26259661 -0.26259661 -0.26259661 -0.26259661 -0.26259661
 -0.26259661 -0.26259661 -0.26259661 -0.26259661 -0.26259661 -0.26259661
 -0.26259661 -0.26259661 -0.26259661 -0.26259661  4.29363061 -0.26259661
  3.08889535 -0.26259661 -0.26259661 -0.26259661 -0.26259661  1.42909213
 -0.26259661 -0.26259661 -0.26259661 -0.26259661 -0.26259661 -0.26259661
 -0.26259661 -0.26259661 -0.26259661 -0.26259661  2.01610043 -0.26259661
 -0.26259661 -0.26259661 -0.26259661 -0.26259661 -0.26259661 -0.26259661
 -0.26259661 -0.26259661 -0.26259661 -0.26259661 -0.26259661 -0.26259661
 -0.26259661 -0.26259661 -0.26259661 -0.26259661 -0.26259661 -0.26259661
 -0.26259661 -0.26259661 -0.26259661 -0.26259661 -0.26259661 -0.26259661
 -0.26259661 -0.26259661 -0.26259661 -0.26259661 -0.26259661 -0.26259661
 -0.26259661 -0.26259661 -0.26259661 -0.26259661 -0.26259661 -0.26259661
 -0.26259661 -0.26259661 -0.26259661 -0.26259661 -0.26259661 -0.26259661
 -0.26259661 -0.26259661 -0.26259661 -0.26259661 -0.26259661 -0.26259661
 -0.26259661 -0.26259661 -0.26259661 -0.26259661 -0.26259661 -0.26259661
 -0.26259661 -0.26259661 -0.26259661 -0.26259661 -0.26259661 -0.26259661
 -0.26259661 -0.26259661 -0.26259661 -0.26259661 -0.26259661 -0.26259661
 -0.26259661 -0.26259661 -0.26259661 -0.26259661 -0.26259661 -0.26259661
 -0.26259661 -0.26259661 -0.26259661 -0.26259661 -0.26259661 -0.26259661
 -0.26259661 -0.26259661 -0.26259661 -0.26259661 -0.26259661 -0.26259661
 -0.26259661 -0.26259661 -0.26259661 -0.26259661 -0.26259661 -0.26259661
 -0.26259661 -0.26259661 -0.26259661 -0.26259661 -0.26259661 -0.26259661
 -0.26259661 -0.26259661 -0.26259661 -0.26259661  5.26294189 -0.26259661
 -0.26259661 -0.26259661 -0.26259661 -0.26259661 -0.26259661 -0.26259661
 -0.26259661 -0.26259661 -0.26259661 -0.26259661 -0.26259661 -0.26259661
 -0.26259661 -0.26259661 -0.26259661 -0.26259661 -0.26259661 -0.26259661
 -0.26259661 -0.26259661 -0.26259661 -0.26259661 -0.26259661 -0.26259661
 -0.26259661 -0.26259661 -0.26259661 -0.26259661 -0.26259661 -0.26259661
 -0.26259661 -0.26259661 -0.26259661 -0.26259661 -0.26259661 -0.26259661
 -0.26259661 -0.26259661  1.42670141 -0.26259661 -0.26259661 -0.26259661
  4.37774529 -0.26259661 -0.26259661 -0.26259661 -0.26259661 -0.26259661
 -0.26259661 -0.26259661 -0.26259661 -0.26259661 -0.26259661 -0.26259661
 -0.26259661 -0.26259661 -0.26259661 -0.26259661 -0.26259661 -0.26259661
 -0.26259661  4.42188603 -0.26259661 -0.26259661 -0.26259661 -0.26259661
 -0.26259661 -0.26259661 -0.26259661 -0.26259661 -0.26259661 -0.26259661
 -0.26259661 -0.26259661 -0.26259661 -0.26259661 -0.26259661 -0.26259661
 -0.26259661 -0.26259661 -0.26259661 -0.26259661 -0.26259661 -0.26259661
 -0.26259661 -0.26259661 -0.26259661 -0.26259661 -0.26259661 -0.26259661
 -0.26259661 -0.26259661 -0.26259661 -0.26259661]",[-0.02508240479924423]
17,"[-0.2138688  -0.2138688  -0.2138688  -0.2138688  -0.09306413 -0.2138688
 -0.2138688  -0.2138688  -0.2138688  -0.2138688  -0.2138688  -0.2138688
 -0.2138688  -0.2138688  -0.2138688  -0.2138688  -0.2138688  -0.2138688
 -0.2138688  -0.2138688  -0.2138688  -0.2138688  -0.2138688  -0.2138688
 -0.2138688  -0.2138688  -0.2138688  -0.2138688  -0.2138688  -0.2138688
 -0.2138688  -0.2138688  -0.2138688  -0.2138688  -0.2138688  -0.2138688
 -0.2138688  -0.2138688  -0.2138688  -0.2138688  -0.2138688  -0.2138688
 -0.2138688  -0.2138688  -0.2138688  -0.2138688  -0.2138688  -0.2138688
 -0.2138688  -0.2138688  -0.2138688  -0.2138688  -0.2138688  -0.2138688
 -0.2138688  -0.2138688  -0.2138688  -0.2138688  -0.2138688  -0.2138688
 -0.2138688  -0.2138688  -0.2138688  -0.2138688  -0.2138688  -0.2138688
 -0.2138688  -0.2138688  -0.2138688  -0.2138688  -0.2138688  -0.2138688
 -0.2138688  -0.2138688  -0.2138688  -0.2138688  -0.2138688  -0.2138688
 -0.2138688  -0.2138688  -0.2138688  -0.2138688  -0.2138688   8.16166462
 -0.2138688  -0.2138688  -0.2138688  -0.2138688  -0.2138688   3.52890915
 -0.2138688  -0.2138688  -0.2138688  -0.2138688  -0.2138688  -0.2138688
 -0.2138688  -0.2138688  -0.2138688  -0.2138688  -0.2138688  -0.2138688
 -0.2138688  -0.2138688  -0.2138688  -0.2138688  -0.2138688  -0.2138688
 -0.2138688  -0.2138688   7.12670747 -0.2138688  -0.2138688  -0.2138688
 -0.2138688  -0.2138688  -0.2138688  -0.2138688  -0.2138688  -0.2138688
 -0.2138688  -0.2138688  -0.2138688  -0.2138688   2.75153617 -0.2138688
 -0.2138688  -0.2138688  -0.2138688  -0.2138688  -0.2138688  -0.2138688
 -0.2138688  -0.2138688  -0.2138688  -0.2138688  -0.2138688  -0.2138688
 -0.2138688  -0.2138688  -0.2138688  -0.2138688  -0.2138688  -0.2138688
 -0.2138688  -0.2138688  -0.2138688  -0.2138688  -0.2138688  -0.2138688
 -0.2138688  -0.2138688  -0.2138688  -0.2138688  -0.2138688  -0.2138688
 -0.2138688  -0.2138688  -0.2138688  -0.2138688  -0.2138688  -0.2138688
 -0.2138688   0.89918982 -0.2138688  -0.2138688  -0.2138688  -0.2138688
 -0.2138688  -0.2138688  -0.2138688  -0.2138688  -0.2138688  -0.2138688
 -0.2138688  -0.2138688  -0.2138688  -0.2138688  -0.2138688  -0.2138688
 -0.2138688  -0.2138688  -0.2138688  -0.2138688  -0.2138688  -0.2138688
 -0.2138688  -0.2138688  -0.2138688  -0.2138688  -0.2138688  -0.2138688
 -0.2138688  -0.2138688  -0.2138688  -0.2138688  -0.2138688  -0.2138688
 -0.2138688  -0.2138688  -0.2138688  -0.2138688  -0.2138688  -0.2138688
 -0.2138688  -0.2138688  -0.2138688  -0.2138688  -0.2138688  -0.2138688
  3.48884038 -0.2138688   2.89295324 -0.2138688  -0.2138688  -0.2138688
 -0.2138688  -0.2138688  -0.2138688  -0.2138688  -0.2138688  -0.2138688
 -0.2138688  -0.2138688  -0.2138688  -0.2138688  -0.2138688  -0.2138688
 -0.2138688  -0.2138688  -0.2138688  -0.2138688  -0.2138688  -0.2138688
 -0.2138688   2.84860224 -0.2138688   1.56528482  4.57240948 -0.2138688
  3.46841141  4.25697419 -0.2138688  -0.2138688  -0.2138688  -0.2138688
 -0.2138688  -0.2138688  -0.2138688  -0.2138688  -0.2138688  -0.2138688
 -0.2138688  -0.2138688  -0.2138688   6.22933901 -0.2138688  -0.2138688
 -0.2138688  -0.2138688  -0.2138688   1.52774065 -0.2138688  -0.05995083
 -0.2138688  -0.2138688  -0.2138688  -0.2138688   3.00703807 -0.2138688
  1.1835398  -0.2138688   6.16410307 -0.2138688   2.47795065 -0.2138688
 -0.2138688  -0.2138688  -0.2138688  -0.2138688   2.82133141 -0.2138688
  6.12278263  0.65174998 -0.2138688  -0.2138688  -0.2138688   4.62229231
 -0.2138688  -0.2138688  -0.2138688  -0.2138688  -0.2138688  -0.2138688
 -0.2138688  -0.2138688  -0.2138688  -0.2138688  -0.2138688  -0.2138688
 -0.2138688  -0.2138688  -0.2138688  -0.2138688   4.52709549 -0.2138688
 -0.2138688  -0.2138688  -0.2138688  -0.2138688  -0.2138688   1.38719601
 -0.2138688   0.30800228 -0.2138688  -0.2138688  -0.2138688  -0.2138688
 -0.2138688  -0.2138688  -0.2138688  -0.2138688  -0.2138688  -0.2138688
 -0.2138688  -0.2138688  -0.2138688  -0.2138688  -0.2138688  -0.2138688
 -0.2138688  -0.2138688  -0.2138688  -0.2138688  -0.2138688  -0.2138688
 -0.2138688  -0.2138688  -0.2138688  -0.2138688  -0.2138688  -0.2138688
 -0.2138688  -0.2138688  -0.2138688  -0.2138688  -0.2138688  -0.2138688
 -0.2138688  -0.2138688  -0.2138688  -0.2138688  -0.2138688  -0.2138688
 -0.2138688  -0.2138688  -0.2138688  -0.2138688  -0.2138688  -0.2138688
 -0.2138688  -0.2138688  -0.2138688  -0.2138688  -0.2138688  -0.2138688
 -0.2138688  -0.2138688  -0.2138688  -0.2138688  -0.2138688  -0.2138688
 -0.2138688  -0.2138688  -0.2138688  -0.2138688  -0.2138688  -0.2138688
 -0.2138688  -0.2138688  -0.2138688  -0.2138688  -0.2138688  -0.2138688
 -0.2138688  -0.2138688  -0.2138688  -0.2138688  -0.2138688  -0.2138688
 -0.2138688  -0.2138688  -0.2138688  -0.2138688  -0.2138688  -0.2138688
 -0.2138688  -0.2138688  -0.2138688  -0.2138688  -0.2138688  -0.2138688
 -0.2138688  -0.2138688  -0.2138688  -0.2138688  -0.2138688  -0.2138688
 -0.2138688  -0.2138688  -0.2138688  -0.2138688  -0.2138688  -0.2138688
 -0.2138688  -0.2138688  -0.2138688  -0.2138688  -0.2138688  -0.2138688
 -0.2138688  -0.2138688  -0.2138688  -0.2138688   6.19174962 -0.2138688
 -0.2138688  -0.2138688  -0.2138688  -0.2138688  -0.2138688  -0.2138688
 -0.2138688  -0.2138688  -0.2138688  -0.2138688  -0.2138688  -0.2138688
 -0.2138688  -0.2138688  -0.2138688  -0.2138688  -0.2138688  -0.2138688
 -0.2138688  -0.2138688  -0.2138688  -0.2138688  -0.2138688  -0.2138688
 -0.2138688  -0.2138688  -0.2138688  -0.2138688  -0.2138688  -0.2138688
 -0.2138688  -0.2138688  -0.2138688  -0.2138688  -0.2138688  -0.2138688
 -0.2138688  -0.2138688   2.08610213 -0.2138688  -0.2138688  -0.2138688
 -0.2138688  -0.2138688  -0.2138688  -0.2138688  -0.2138688  -0.2138688
 -0.2138688  -0.2138688  -0.2138688  -0.2138688  -0.2138688  -0.2138688
 -0.2138688  -0.2138688  -0.2138688  -0.2138688  -0.2138688  -0.2138688
 -0.2138688   4.48649007 -0.2138688  -0.2138688  -0.2138688  -0.2138688
 -0.2138688  -0.2138688  -0.2138688  -0.2138688  -0.2138688  -0.2138688
 -0.2138688  -0.2138688  -0.2138688  -0.2138688  -0.2138688  -0.2138688
 -0.2138688  -0.2138688  -0.2138688  -0.2138688  -0.2138688  -0.2138688
 -0.2138688  -0.2138688  -0.2138688  -0.2138688  -0.2138688  -0.2138688
 -0.2138688  -0.2138688   5.37887147 -0.2138688 ]",[-0.0251699643131347]
17,"[-0.23542802 -0.23542802 -0.23542802 -0.23542802  0.69446474 -0.23542802
 -0.23542802 -0.23542802 -0.23542802 -0.23542802 -0.23542802 -0.23542802
 -0.23542802 -0.23542802 -0.23542802 -0.23542802 -0.23542802 -0.23542802
 -0.23542802 -0.23542802 -0.23542802 -0.23542802 -0.23542802 -0.23542802
 -0.23542802 -0.23542802 -0.23542802 -0.23542802 -0.23542802 -0.23542802
 -0.23542802 -0.23542802 -0.23542802 -0.23542802 -0.23542802  3.54291053
 -0.23542802 -0.23542802 -0.23542802 -0.23542802 -0.23542802 -0.23542802
 -0.23542802 -0.23542802 -0.23542802 -0.23542802 -0.23542802 -0.23542802
 -0.23542802 -0.23542802 -0.23542802 -0.23542802 -0.23542802 -0.23542802
 -0.23542802 -0.23542802 -0.23542802 -0.23542802 -0.23542802 -0.23542802
 -0.23542802 -0.23542802 -0.23542802 -0.23542802 -0.23542802 -0.23542802
 -0.23542802 -0.23542802 -0.23542802 -0.23542802 -0.23542802 -0.23542802
 -0.23542802 -0.23542802 -0.23542802 -0.23542802 -0.23542802 -0.23542802
 -0.23542802 -0.23542802 -0.23542802 -0.23542802 -0.23542802  6.320736
 -0.23542802 -0.23542802 -0.23542802 -0.23542802 -0.23542802 -0.23542802
 -0.23542802 -0.23542802  2.97158729 -0.23542802  2.54970858 -0.23542802
 -0.23542802 -0.23542802 -0.23542802 -0.23542802 -0.23542802 -0.23542802
 -0.23542802 -0.23542802 -0.23542802 -0.23542802 -0.23542802 -0.23542802
 -0.23542802 -0.23542802  5.5695605  -0.23542802 -0.23542802 -0.23542802
 -0.23542802 -0.23542802 -0.23542802 -0.23542802 -0.23542802 -0.23542802
 -0.23542802 -0.23542802 -0.23542802  0.78502898 -0.23542802 -0.23542802
 -0.23542802 -0.23542802 -0.23542802 -0.23542802 -0.23542802 -0.23542802
 -0.23542802 -0.23542802 -0.23542802 -0.23542802 -0.23542802 -0.23542802
 -0.23542802 -0.23542802 -0.23542802 -0.23542802 -0.23542802 -0.23542802
 -0.23542802 -0.23542802 -0.23542802 -0.23542802 -0.23542802 -0.23542802
 -0.23542802 -0.23542802 -0.23542802 -0.23542802 -0.23542802 -0.23542802
 -0.23542802 -0.23542802 -0.23542802 -0.23542802 -0.23542802 -0.23542802
 -0.23542802 -0.23542802 -0.23542802 -0.23542802 -0.23542802 -0.23542802
 -0.23542802 -0.23542802 -0.23542802 -0.23542802 -0.23542802 -0.23542802
 -0.23542802 -0.23542802 -0.23542802 -0.23542802 -0.23542802 -0.23542802
 -0.23542802 -0.23542802 -0.23542802 -0.23542802 -0.23542802 -0.23542802
 -0.23542802 -0.23542802 -0.23542802 -0.23542802 -0.23542802 -0.23542802
 -0.23542802 -0.23542802 -0.23542802 -0.23542802 -0.23542802 -0.23542802
 -0.23542802 -0.23542802 -0.23542802 -0.23542802 -0.23542802 -0.23542802
 -0.23542802 -0.23542802 -0.23542802 -0.23542802 -0.23542802 -0.23542802
  2.91378648 -0.23542802 -0.23542802 -0.23542802 -0.23542802 -0.23542802
 -0.23542802 -0.23542802 -0.23542802 -0.23542802 -0.23542802 -0.23542802
 -0.23542802 -0.23542802 -0.23542802 -0.23542802 -0.23542802 -0.23542802
 -0.23542802  2.42892687 -0.23542802 -0.23542802 -0.23542802 -0.23542802
 -0.23542802  3.29642437 -0.23542802  4.43203861  4.3499621  -0.23542802
  4.54461549  1.71169504 -0.23542802 -0.23542802 -0.23542802 -0.23542802
 -0.23542802 -0.23542802 -0.23542802 -0.23542802 -0.23542802 -0.23542802
 -0.23542802 -0.23542802 -0.23542802 -0.23542802  4.50047423 -0.23542802
 -0.23542802 -0.23542802  3.86084919 -0.23542802 -0.23542802  1.01738678
 -0.23542802 -0.23542802 -0.23542802  4.31467799 -0.23542802 -0.23542802
 -0.23542802 -0.23542802  2.31561449 -0.23542802  4.84382753 -0.23542802
 -0.23542802  2.43622351 -0.23542802 -0.23542802 -0.23542802 -0.23542802
  6.15399944 -0.23542802 -0.23542802 -0.23542802 -0.23542802  6.47021363
  1.57148288 -0.23542802 -0.23542802 -0.23542802 -0.23542802 -0.23542802
 -0.23542802 -0.23542802 -0.23542802 -0.23542802 -0.23542802 -0.23542802
 -0.23542802 -0.23542802 -0.23542802 -0.23542802 -0.23542802 -0.23542802
 -0.23542802 -0.23542802 -0.23542802 -0.23542802 -0.23542802 -0.23542802
 -0.23542802 -0.23542802 -0.23542802 -0.23542802 -0.23542802 -0.23542802
 -0.23542802 -0.23542802 -0.23542802 -0.23542802  1.23460474 -0.23542802
 -0.23542802 -0.23542802 -0.23542802 -0.23542802 -0.23542802 -0.23542802
 -0.23542802 -0.23542802 -0.23542802 -0.23542802 -0.23542802 -0.23542802
 -0.23542802 -0.23542802 -0.23542802 -0.23542802 -0.23542802 -0.23542802
 -0.23542802 -0.23542802 -0.23542802 -0.23542802 -0.23542802 -0.23542802
 -0.23542802 -0.23542802 -0.23542802 -0.23542802 -0.23542802 -0.23542802
 -0.23542802 -0.23542802 -0.23542802 -0.23542802 -0.23542802 -0.23542802
 -0.23542802 -0.23542802 -0.23542802 -0.23542802 -0.23542802 -0.23542802
 -0.23542802 -0.23542802 -0.23542802 -0.23542802 -0.23542802 -0.23542802
 -0.23542802 -0.23542802 -0.23542802 -0.23542802 -0.23542802 -0.23542802
 -0.23542802 -0.23542802 -0.23542802  1.26189115 -0.23542802 -0.23542802
 -0.23542802 -0.23542802 -0.23542802 -0.23542802 -0.23542802 -0.23542802
 -0.23542802 -0.23542802 -0.23542802  3.25169063 -0.23542802 -0.23542802
 -0.23542802 -0.23542802 -0.23542802 -0.23542802 -0.23542802 -0.23542802
 -0.23542802 -0.23542802 -0.23542802 -0.23542802 -0.23542802 -0.23542802
 -0.23542802 -0.23542802 -0.23542802 -0.23542802 -0.23542802 -0.23542802
 -0.23542802 -0.23542802 -0.23542802 -0.23542802 -0.23542802 -0.23542802
 -0.23542802 -0.23542802 -0.23542802 -0.23542802 -0.23542802 -0.23542802
 -0.23542802 -0.23542802 -0.23542802 -0.23542802 -0.23542802 -0.23542802
 -0.23542802 -0.23542802 -0.23542802 -0.23542802 -0.23542802 -0.23542802
 -0.23542802 -0.23542802 -0.23542802 -0.23542802 -0.23542802 -0.23542802
 -0.23542802 -0.23542802 -0.23542802 -0.23542802 -0.23542802 -0.23542802
 -0.23542802 -0.23542802 -0.23542802 -0.23542802 -0.23542802 -0.23542802
 -0.23542802 -0.23542802 -0.23542802 -0.23542802 -0.23542802 -0.23542802
 -0.23542802 -0.23542802  3.57076648 -0.23542802  5.63746534 -0.23542802
  5.84719892  5.44982265 -0.23542802 -0.23542802 -0.23542802 -0.23542802
 -0.23542802 -0.23542802 -0.23542802 -0.23542802 -0.23542802 -0.23542802
 -0.23542802 -0.23542802 -0.23542802 -0.23542802 -0.23542802 -0.23542802
 -0.23542802  2.06886037 -0.23542802 -0.23542802 -0.23542802 -0.23542802
 -0.23542802 -0.23542802 -0.23542802 -0.23542802 -0.23542802 -0.23542802
 -0.23542802 -0.23542802 -0.23542802 -0.23542802 -0.23542802 -0.23542802
 -0.23542802  2.73494909 -0.23542802 -0.23542802 -0.23542802 -0.23542802
 -0.23542802 -0.23542802 -0.23542802 -0.23542802 -0.23542802 -0.23542802
 -0.23542802 -0.23542802 -0.23542802 -0.23542802]",[-0.03724769396281827]
17,"[-0.27081276 -0.27081276 -0.27081276 -0.27081276  3.43451621 -0.27081276
 -0.27081276 -0.27081276 -0.27081276 -0.27081276 -0.27081276 -0.27081276
 -0.27081276 -0.27081276 -0.27081276 -0.27081276 -0.27081276 -0.27081276
  0.50051727 -0.27081276 -0.27081276 -0.27081276 -0.27081276 -0.27081276
 -0.27081276 -0.27081276 -0.27081276 -0.27081276 -0.27081276 -0.27081276
 -0.27081276 -0.27081276 -0.27081276 -0.27081276 -0.27081276 -0.27081276
 -0.27081276 -0.27081276 -0.27081276 -0.27081276 -0.27081276 -0.27081276
 -0.27081276 -0.27081276 -0.27081276 -0.27081276 -0.27081276 -0.27081276
 -0.27081276 -0.27081276 -0.27081276 -0.27081276 -0.27081276 -0.27081276
 -0.27081276 -0.27081276 -0.27081276 -0.27081276 -0.27081276 -0.27081276
 -0.27081276 -0.27081276 -0.27081276 -0.27081276 -0.27081276 -0.27081276
 -0.27081276 -0.27081276 -0.27081276 -0.27081276 -0.27081276 -0.27081276
 -0.27081276 -0.27081276 -0.27081276 -0.27081276 -0.27081276 -0.27081276
 -0.27081276 -0.27081276 -0.27081276 -0.27081276 -0.27081276  3.13529107
 -0.27081276 -0.27081276 -0.27081276 -0.27081276 -0.27081276 -0.27081276
 -0.27081276 -0.27081276 -0.27081276 -0.27081276 -0.27081276 -0.27081276
 -0.27081276 -0.27081276 -0.27081276 -0.27081276 -0.27081276 -0.27081276
 -0.27081276 -0.27081276 -0.27081276 -0.27081276 -0.27081276 -0.27081276
 -0.27081276 -0.27081276  5.96405995 -0.27081276 -0.27081276 -0.27081276
 -0.27081276  3.80914392  5.27212607 -0.27081276 -0.27081276 -0.27081276
 -0.27081276 -0.27081276 -0.27081276 -0.27081276  4.54101309 -0.27081276
 -0.27081276 -0.27081276 -0.27081276 -0.27081276 -0.27081276 -0.27081276
 -0.27081276 -0.27081276 -0.27081276 -0.27081276 -0.27081276 -0.27081276
 -0.27081276 -0.27081276 -0.27081276 -0.27081276 -0.27081276 -0.27081276
 -0.27081276 -0.27081276 -0.27081276 -0.27081276 -0.27081276 -0.27081276
 -0.27081276 -0.27081276 -0.27081276 -0.27081276 -0.27081276 -0.27081276
 -0.27081276 -0.27081276 -0.27081276 -0.27081276 -0.27081276 -0.27081276
 -0.27081276  1.60214078 -0.27081276 -0.27081276 -0.27081276 -0.27081276
 -0.27081276 -0.27081276 -0.27081276 -0.27081276 -0.27081276 -0.27081276
 -0.27081276 -0.27081276 -0.27081276 -0.27081276 -0.27081276 -0.27081276
 -0.27081276 -0.27081276 -0.27081276 -0.27081276 -0.27081276 -0.27081276
 -0.27081276 -0.27081276 -0.27081276 -0.27081276 -0.27081276 -0.27081276
 -0.27081276 -0.27081276 -0.27081276 -0.27081276 -0.27081276 -0.27081276
 -0.27081276 -0.27081276 -0.27081276 -0.27081276 -0.27081276  0.50389208
 -0.27081276 -0.27081276 -0.27081276 -0.27081276 -0.27081276 -0.27081276
  3.29771023 -0.27081276  0.87089702 -0.27081276 -0.27081276  0.08306795
 -0.27081276 -0.27081276 -0.27081276 -0.27081276 -0.27081276 -0.27081276
 -0.27081276 -0.27081276 -0.27081276 -0.27081276 -0.27081276 -0.27081276
 -0.27081276 -0.27081276 -0.27081276 -0.27081276 -0.27081276 -0.27081276
 -0.27081276  2.54335981 -0.27081276  2.32386736  4.51245728 -0.27081276
  2.45916648 -0.27081276  2.0779515   3.25479842 -0.27081276 -0.27081276
 -0.27081276 -0.27081276 -0.27081276  3.63194484 -0.27081276  2.90785148
 -0.27081276 -0.27081276  2.70638796  5.81707067 -0.27081276 -0.27081276
 -0.27081276 -0.27081276 -0.27081276  2.24291995 -0.27081276  3.23114163
 -0.27081276 -0.27081276 -0.27081276 -0.27081276  1.47405673 -0.27081276
  3.38989331 -0.27081276  5.28853908 -0.27081276  2.01276196  6.32067265
 -0.27081276  2.43809182 -0.27081276 -0.27081276  1.64252469 -0.27081276
  2.3209418   4.17510812 -0.27081276 -0.27081276  3.77400973  2.49716732
 -0.27081276 -0.27081276 -0.27081276  1.77117988 -0.27081276 -0.27081276
 -0.27081276 -0.27081276 -0.27081276 -0.27081276 -0.27081276  3.55147064
 -0.27081276 -0.27081276 -0.27081276 -0.27081276 -0.27081276 -0.27081276
 -0.27081276 -0.27081276 -0.27081276 -0.27081276 -0.27081276  2.1238533
 -0.27081276 -0.27081276 -0.27081276 -0.27081276 -0.27081276 -0.27081276
 -0.27081276 -0.27081276 -0.27081276 -0.27081276 -0.27081276 -0.27081276
 -0.27081276 -0.27081276 -0.27081276 -0.27081276 -0.27081276 -0.27081276
 -0.27081276 -0.27081276 -0.27081276 -0.27081276 -0.27081276 -0.27081276
 -0.27081276 -0.27081276 -0.27081276 -0.27081276 -0.27081276 -0.27081276
 -0.27081276 -0.27081276 -0.27081276 -0.27081276 -0.27081276 -0.27081276
 -0.27081276 -0.27081276 -0.27081276 -0.27081276 -0.27081276 -0.27081276
 -0.27081276 -0.27081276 -0.27081276 -0.27081276 -0.27081276 -0.27081276
 -0.27081276 -0.27081276 -0.27081276 -0.27081276 -0.27081276 -0.27081276
 -0.27081276 -0.27081276 -0.27081276 -0.27081276 -0.27081276 -0.27081276
 -0.27081276 -0.27081276 -0.27081276 -0.27081276 -0.27081276 -0.27081276
 -0.27081276 -0.27081276 -0.27081276 -0.27081276 -0.27081276 -0.27081276
 -0.27081276 -0.27081276 -0.27081276 -0.27081276 -0.27081276 -0.27081276
 -0.27081276 -0.27081276 -0.27081276 -0.27081276 -0.27081276 -0.27081276
 -0.27081276 -0.27081276 -0.27081276 -0.27081276 -0.27081276 -0.27081276
 -0.27081276 -0.27081276 -0.27081276 -0.27081276 -0.27081276 -0.27081276
 -0.27081276 -0.27081276 -0.27081276 -0.27081276 -0.27081276 -0.27081276
 -0.27081276 -0.27081276 -0.27081276 -0.27081276 -0.27081276 -0.27081276
 -0.27081276 -0.27081276 -0.27081276 -0.27081276  5.64841482 -0.27081276
 -0.27081276 -0.27081276 -0.27081276 -0.27081276 -0.27081276 -0.27081276
 -0.27081276 -0.27081276 -0.27081276 -0.27081276 -0.27081276 -0.27081276
 -0.27081276 -0.27081276 -0.27081276 -0.27081276 -0.27081276 -0.27081276
  3.70223659 -0.27081276 -0.27081276 -0.27081276 -0.27081276 -0.27081276
 -0.27081276 -0.27081276 -0.27081276 -0.27081276 -0.27081276 -0.27081276
 -0.27081276 -0.27081276 -0.27081276 -0.27081276 -0.27081276 -0.27081276
 -0.27081276 -0.27081276  1.2578102  -0.27081276 -0.27081276 -0.27081276
 -0.27081276 -0.27081276 -0.27081276 -0.27081276 -0.27081276 -0.27081276
 -0.27081276 -0.27081276 -0.27081276 -0.27081276 -0.27081276 -0.27081276
 -0.27081276 -0.27081276 -0.27081276 -0.27081276 -0.27081276 -0.27081276
 -0.27081276  1.87934525 -0.27081276 -0.27081276 -0.27081276 -0.27081276
 -0.27081276 -0.27081276 -0.27081276 -0.27081276 -0.27081276 -0.27081276
 -0.27081276 -0.27081276 -0.27081276 -0.27081276 -0.27081276 -0.27081276
 -0.27081276 -0.27081276 -0.27081276 -0.27081276 -0.27081276 -0.27081276
 -0.27081276 -0.27081276 -0.27081276 -0.27081276 -0.27081276 -0.27081276
 -0.27081276 -0.27081276  3.18631588 -0.27081276]",[-0.0439037326223099]
17,"[-0.20086687 -0.20086687 -0.20086687 -0.20086687 -0.20086687 -0.20086687
 -0.20086687 -0.20086687 -0.20086687 -0.20086687 -0.20086687 -0.20086687
 -0.20086687 -0.20086687 -0.20086687 -0.20086687 -0.20086687 -0.20086687
 -0.20086687 -0.20086687 -0.20086687 -0.20086687 -0.20086687 -0.20086687
 -0.20086687 -0.20086687 -0.20086687 -0.20086687 -0.20086687 -0.20086687
 -0.20086687 -0.20086687 -0.20086687 -0.20086687 -0.20086687 -0.20086687
 -0.20086687 -0.20086687 -0.20086687 -0.20086687 -0.20086687 -0.20086687
 -0.20086687 -0.20086687 -0.20086687 -0.20086687 -0.20086687 -0.20086687
 -0.20086687 -0.20086687 -0.20086687 -0.20086687 -0.20086687 -0.20086687
 -0.20086687 -0.20086687 -0.20086687 -0.20086687 -0.20086687 -0.20086687
 -0.20086687 -0.20086687 -0.20086687 -0.20086687 -0.20086687 -0.20086687
 -0.20086687 -0.20086687 -0.20086687 -0.20086687 -0.20086687 -0.20086687
 -0.20086687 -0.20086687 -0.20086687 -0.20086687 -0.20086687 -0.20086687
 -0.20086687 -0.20086687 -0.20086687 -0.20086687 -0.20086687  2.71868103
 -0.20086687 -0.20086687 -0.20086687 -0.20086687 -0.20086687 -0.20086687
 -0.20086687 -0.20086687 -0.20086687 -0.20086687 -0.20086687 -0.20086687
 -0.20086687 -0.20086687 -0.20086687 -0.20086687 -0.20086687 -0.20086687
 -0.20086687 -0.20086687 -0.20086687 -0.20086687 -0.20086687 -0.20086687
 -0.20086687 -0.20086687  4.18984352 -0.20086687 -0.20086687 -0.20086687
 -0.20086687 -0.20086687 -0.20086687 -0.20086687 -0.20086687 -0.20086687
 -0.20086687 -0.20086687 -0.20086687 -0.20086687 -0.20086687 -0.20086687
 -0.20086687 -0.20086687 -0.20086687 -0.20086687 -0.20086687 -0.20086687
 -0.20086687 -0.20086687 -0.20086687 -0.20086687 -0.20086687 -0.20086687
 -0.20086687 -0.20086687 -0.20086687 -0.20086687 -0.20086687 -0.20086687
 -0.20086687 -0.20086687 -0.20086687 -0.20086687 -0.20086687 -0.20086687
 -0.20086687 -0.20086687 -0.20086687 -0.20086687 -0.20086687 -0.20086687
 -0.20086687 -0.20086687 -0.20086687 -0.20086687 -0.20086687 -0.20086687
 -0.20086687 -0.20086687 -0.20086687 -0.20086687 -0.20086687 -0.20086687
 -0.20086687 -0.20086687 -0.20086687 -0.20086687 -0.20086687 -0.20086687
 -0.20086687 -0.20086687 -0.20086687 -0.20086687 -0.20086687 -0.20086687
 -0.20086687 -0.20086687 -0.20086687 -0.20086687 -0.20086687 -0.20086687
 -0.20086687 -0.20086687 -0.20086687 -0.20086687 -0.20086687 -0.20086687
 -0.20086687 -0.20086687 -0.20086687 -0.20086687 -0.20086687 -0.20086687
 -0.20086687 -0.20086687  2.89208148 -0.20086687 -0.20086687 -0.20086687
 -0.20086687 -0.20086687 -0.20086687 -0.20086687 -0.20086687 -0.20086687
  3.38603583 -0.20086687 -0.20086687 -0.20086687 -0.20086687  4.51538953
 -0.20086687 -0.20086687 -0.20086687 -0.20086687 -0.20086687 -0.20086687
 -0.20086687 -0.20086687 -0.20086687 -0.20086687 -0.20086687 -0.20086687
 -0.20086687 -0.20086687 -0.20086687 -0.20086687 -0.20086687 -0.20086687
 -0.20086687  5.34267801 -0.20086687  2.88623128  3.98547473 -0.20086687
  6.251575   -0.20086687 -0.20086687 -0.20086687 -0.20086687 -0.20086687
 -0.20086687 -0.20086687 -0.20086687 -0.20086687 -0.20086687 -0.20086687
 -0.20086687 -0.20086687 -0.20086687 -0.20086687 -0.20086687 -0.20086687
 -0.20086687 -0.20086687  4.082556    5.68557207 -0.20086687  0.62454435
 -0.20086687 -0.20086687 -0.20086687 -0.20086687 -0.20086687 -0.20086687
 -0.20086687 -0.20086687 -0.20086687 -0.20086687  5.45009127 -0.20086687
 -0.20086687 -0.20086687 -0.20086687 -0.20086687  0.62581768 -0.20086687
 -0.20086687  4.38917536 -0.20086687 -0.20086687 -0.20086687  6.83053017
 -0.20086687 -0.20086687 -0.20086687 -0.20086687 -0.20086687 -0.20086687
 -0.20086687 -0.20086687 -0.20086687 -0.20086687 -0.20086687 -0.20086687
 -0.20086687 -0.20086687 -0.20086687 -0.20086687 -0.20086687 -0.20086687
 -0.20086687 -0.20086687 -0.20086687 -0.20086687 -0.20086687  5.70021608
 -0.20086687  1.8459269  -0.20086687 -0.20086687 -0.20086687 -0.20086687
 -0.20086687 -0.20086687 -0.20086687 -0.20086687 -0.20086687 -0.20086687
 -0.20086687 -0.20086687 -0.20086687 -0.20086687 -0.20086687 -0.20086687
 -0.20086687 -0.20086687 -0.20086687 -0.20086687 -0.20086687 -0.20086687
 -0.20086687 -0.20086687 -0.20086687 -0.20086687 -0.20086687 -0.20086687
 -0.20086687 -0.20086687 -0.20086687 -0.20086687 -0.20086687 -0.20086687
 -0.20086687 -0.20086687 -0.20086687 -0.20086687 -0.20086687 -0.20086687
 -0.20086687 -0.20086687 -0.20086687 -0.20086687 -0.20086687 -0.20086687
 -0.20086687 -0.20086687 -0.20086687 -0.20086687 -0.20086687 -0.20086687
 -0.20086687 -0.20086687 -0.20086687 -0.20086687 -0.20086687 -0.20086687
 -0.20086687 -0.20086687 -0.20086687 -0.20086687 -0.20086687 -0.20086687
 -0.20086687 -0.20086687 -0.20086687 -0.20086687 -0.20086687 -0.20086687
 -0.20086687 -0.20086687 -0.20086687 -0.20086687 -0.20086687 -0.20086687
 -0.20086687 -0.20086687 -0.20086687 -0.20086687 -0.20086687 -0.20086687
 -0.20086687 -0.20086687 -0.20086687 -0.20086687 -0.20086687 -0.20086687
 -0.20086687 -0.20086687 -0.20086687 -0.20086687 -0.20086687 -0.20086687
 -0.20086687 -0.20086687 -0.20086687 -0.20086687 -0.20086687 -0.20086687
 -0.20086687 -0.20086687 -0.20086687 -0.20086687 -0.20086687 -0.20086687
 -0.20086687 -0.20086687 -0.20086687 -0.20086687 -0.20086687 -0.20086687
 -0.20086687 -0.20086687 -0.20086687 -0.20086687 -0.20086687 -0.20086687
 -0.20086687 -0.20086687 -0.20086687 -0.20086687 -0.20086687 -0.20086687
 -0.20086687 -0.20086687 -0.20086687 -0.20086687 -0.20086687 -0.20086687
 -0.20086687 -0.20086687 -0.20086687 -0.20086687 -0.20086687 -0.20086687
  0.66352029 -0.20086687 -0.20086687 -0.20086687 -0.20086687 -0.20086687
 -0.20086687 -0.20086687 -0.20086687 -0.20086687 -0.20086687 -0.20086687
 -0.20086687 -0.20086687  6.49340569 -0.20086687  7.16191156 -0.20086687
 -0.20086687 -0.20086687 -0.20086687 -0.20086687  6.04599039  4.33194331
 -0.20086687 -0.20086687 -0.20086687 -0.20086687 -0.20086687 -0.20086687
 -0.20086687 -0.20086687 -0.20086687 -0.20086687 -0.20086687 -0.20086687
 -0.20086687  3.53077613 -0.20086687 -0.20086687 -0.20086687 -0.20086687
 -0.20086687 -0.20086687 -0.20086687 -0.20086687 -0.20086687 -0.20086687
 -0.20086687 -0.20086687 -0.20086687 -0.20086687 -0.20086687 -0.20086687
 -0.20086687 -0.20086687 -0.20086687 -0.20086687 -0.20086687 -0.20086687
 -0.20086687 -0.20086687 -0.20086687 -0.20086687 -0.20086687 -0.20086687
 -0.20086687 -0.20086687 -0.20086687 -0.20086687]",[-0.004389796421311987]
17,"[-0.25081065 -0.25081065 -0.25081065 -0.25081065 -0.19575469 -0.25081065
 -0.25081065 -0.25081065 -0.25081065 -0.25081065 -0.25081065 -0.25081065
 -0.25081065 -0.25081065 -0.25081065 -0.25081065 -0.25081065 -0.25081065
 -0.25081065 -0.25081065 -0.25081065 -0.25081065 -0.25081065 -0.25081065
 -0.25081065 -0.25081065 -0.25081065 -0.25081065 -0.25081065 -0.25081065
 -0.25081065 -0.25081065 -0.25081065 -0.25081065 -0.25081065 -0.25081065
 -0.25081065 -0.25081065 -0.25081065 -0.25081065 -0.25081065 -0.25081065
 -0.25081065 -0.25081065 -0.25081065 -0.25081065 -0.25081065 -0.25081065
 -0.25081065 -0.25081065 -0.25081065 -0.25081065 -0.25081065 -0.25081065
 -0.25081065 -0.25081065 -0.25081065 -0.25081065 -0.25081065 -0.25081065
 -0.25081065 -0.25081065 -0.25081065 -0.25081065 -0.25081065 -0.25081065
 -0.25081065 -0.25081065 -0.25081065 -0.25081065 -0.25081065 -0.25081065
 -0.25081065 -0.25081065 -0.25081065 -0.25081065 -0.25081065 -0.25081065
 -0.25081065 -0.25081065 -0.25081065 -0.25081065 -0.25081065  5.38498136
 -0.25081065 -0.25081065 -0.25081065 -0.25081065 -0.25081065  3.60467116
 -0.25081065 -0.25081065 -0.25081065 -0.25081065 -0.25081065 -0.25081065
 -0.25081065 -0.25081065 -0.25081065 -0.25081065 -0.25081065 -0.25081065
 -0.25081065 -0.25081065 -0.25081065 -0.25081065 -0.25081065 -0.25081065
 -0.25081065 -0.25081065  5.6301658  -0.25081065 -0.25081065 -0.25081065
 -0.25081065 -0.25081065  5.42160496 -0.25081065 -0.25081065 -0.25081065
 -0.25081065 -0.25081065 -0.25081065 -0.25081065 -0.25081065 -0.25081065
 -0.25081065 -0.25081065 -0.25081065 -0.25081065 -0.25081065 -0.25081065
 -0.25081065 -0.25081065 -0.25081065 -0.25081065 -0.25081065 -0.25081065
 -0.25081065 -0.25081065 -0.25081065 -0.25081065 -0.25081065 -0.25081065
 -0.25081065 -0.25081065 -0.25081065 -0.25081065 -0.25081065 -0.25081065
 -0.25081065 -0.25081065 -0.25081065 -0.25081065 -0.25081065 -0.25081065
 -0.25081065 -0.25081065 -0.25081065 -0.25081065 -0.25081065 -0.25081065
 -0.25081065 -0.25081065 -0.25081065 -0.25081065 -0.25081065 -0.25081065
 -0.25081065 -0.25081065 -0.25081065 -0.25081065 -0.25081065 -0.25081065
 -0.25081065 -0.25081065 -0.25081065 -0.25081065 -0.25081065 -0.25081065
 -0.25081065 -0.25081065 -0.25081065 -0.25081065 -0.25081065 -0.25081065
 -0.25081065 -0.25081065 -0.25081065 -0.25081065 -0.25081065 -0.25081065
 -0.25081065 -0.25081065  1.6848229  -0.25081065 -0.25081065 -0.25081065
 -0.25081065 -0.25081065 -0.25081065 -0.25081065 -0.25081065 -0.25081065
 -0.25081065 -0.25081065 -0.25081065 -0.25081065 -0.25081065 -0.25081065
  2.58516139 -0.25081065  0.09827305 -0.25081065 -0.25081065  4.93030203
 -0.25081065 -0.25081065 -0.25081065 -0.25081065 -0.25081065 -0.25081065
 -0.25081065 -0.25081065 -0.25081065 -0.25081065 -0.25081065 -0.25081065
 -0.25081065 -0.25081065 -0.25081065 -0.25081065 -0.25081065 -0.25081065
 -0.25081065  3.36241968 -0.25081065  3.08168462  3.31221768 -0.25081065
  2.01257055  1.230976   -0.25081065  2.40171596 -0.25081065 -0.25081065
 -0.25081065 -0.25081065 -0.25081065 -0.25081065 -0.25081065  3.61617862
 -0.25081065 -0.25081065 -0.25081065  5.13066397 -0.25081065 -0.25081065
 -0.25081065 -0.25081065  3.51548827  3.80394723 -0.25081065  1.22620052
 -0.25081065 -0.25081065 -0.25081065  1.47152203 -0.25081065 -0.25081065
  2.25000265 -0.25081065  5.78539934 -0.25081065  1.75986373  5.31181909
 -0.25081065 -0.25081065 -0.25081065 -0.25081065  4.13032603 -0.25081065
  1.91802255  1.31809038 -0.25081065 -0.25081065 -0.25081065  3.88179466
 -0.25081065 -0.25081065 -0.25081065 -0.25081065 -0.25081065  2.42097105
 -0.25081065 -0.25081065 -0.25081065 -0.25081065 -0.25081065 -0.25081065
 -0.25081065 -0.25081065 -0.25081065 -0.25081065  5.1832295  -0.25081065
 -0.25081065 -0.25081065 -0.25081065 -0.25081065 -0.25081065  2.47267754
 -0.25081065  1.36978866 -0.25081065 -0.25081065 -0.25081065 -0.25081065
 -0.25081065 -0.25081065 -0.25081065 -0.25081065 -0.25081065 -0.25081065
 -0.25081065 -0.25081065 -0.25081065 -0.25081065 -0.25081065 -0.25081065
 -0.25081065 -0.25081065 -0.25081065 -0.25081065 -0.25081065 -0.25081065
 -0.25081065 -0.25081065 -0.25081065 -0.25081065 -0.25081065 -0.25081065
 -0.25081065 -0.25081065 -0.25081065 -0.25081065 -0.25081065 -0.25081065
 -0.25081065 -0.25081065 -0.25081065 -0.25081065 -0.25081065 -0.25081065
 -0.25081065 -0.25081065 -0.25081065 -0.25081065 -0.25081065 -0.25081065
 -0.25081065 -0.25081065 -0.25081065 -0.25081065 -0.25081065 -0.25081065
 -0.25081065 -0.25081065 -0.25081065 -0.25081065 -0.25081065 -0.25081065
 -0.25081065 -0.25081065 -0.25081065 -0.25081065 -0.25081065 -0.25081065
 -0.25081065 -0.25081065 -0.25081065 -0.25081065 -0.25081065 -0.25081065
 -0.25081065 -0.25081065 -0.25081065 -0.25081065  1.8089177  -0.25081065
 -0.25081065 -0.25081065 -0.25081065 -0.25081065 -0.25081065 -0.25081065
 -0.25081065 -0.25081065 -0.25081065 -0.25081065 -0.25081065 -0.25081065
 -0.25081065 -0.25081065 -0.25081065 -0.25081065 -0.25081065 -0.25081065
 -0.25081065 -0.25081065 -0.25081065 -0.25081065 -0.25081065 -0.25081065
 -0.25081065 -0.25081065 -0.25081065 -0.25081065 -0.25081065 -0.25081065
 -0.25081065 -0.25081065 -0.25081065 -0.25081065 -0.25081065  5.56979301
 -0.25081065 -0.25081065 -0.25081065 -0.25081065 -0.25081065 -0.25081065
 -0.25081065 -0.25081065 -0.25081065 -0.25081065 -0.25081065 -0.25081065
 -0.25081065 -0.25081065 -0.25081065 -0.25081065 -0.25081065 -0.25081065
 -0.25081065 -0.25081065 -0.25081065 -0.25081065 -0.25081065 -0.25081065
 -0.25081065 -0.25081065 -0.25081065 -0.25081065 -0.25081065 -0.25081065
 -0.25081065 -0.25081065 -0.25081065 -0.25081065 -0.25081065 -0.25081065
 -0.25081065 -0.25081065  2.16788646 -0.25081065 -0.25081065 -0.25081065
 -0.25081065 -0.25081065 -0.25081065 -0.25081065 -0.25081065 -0.25081065
 -0.25081065 -0.25081065 -0.25081065 -0.25081065 -0.25081065 -0.25081065
 -0.25081065 -0.25081065 -0.25081065 -0.25081065 -0.25081065 -0.25081065
 -0.25081065  5.47655568 -0.25081065 -0.25081065 -0.25081065 -0.25081065
 -0.25081065 -0.25081065 -0.25081065 -0.25081065 -0.25081065 -0.25081065
 -0.25081065 -0.25081065 -0.25081065 -0.25081065 -0.25081065 -0.25081065
 -0.25081065 -0.25081065 -0.25081065 -0.25081065 -0.25081065 -0.25081065
 -0.25081065 -0.25081065 -0.25081065 -0.25081065 -0.25081065 -0.25081065
 -0.25081065 -0.25081065  4.75578031 -0.25081065]",[-0.012634176224396165]
17,"[-0.27244621 -0.27244621 -0.27244621 -0.27244621 -0.27244621 -0.27244621
 -0.27244621 -0.27244621 -0.27244621 -0.27244621 -0.27244621 -0.27244621
 -0.27244621 -0.27244621 -0.27244621 -0.27244621 -0.27244621 -0.27244621
 -0.27244621 -0.27244621 -0.27244621 -0.27244621 -0.27244621 -0.27244621
 -0.27244621 -0.27244621 -0.27244621 -0.27244621 -0.27244621 -0.27244621
 -0.27244621 -0.27244621 -0.27244621 -0.27244621 -0.27244621 -0.27244621
 -0.27244621 -0.27244621 -0.27244621 -0.27244621 -0.27244621 -0.27244621
 -0.27244621 -0.27244621 -0.27244621 -0.27244621 -0.27244621 -0.27244621
 -0.27244621 -0.27244621 -0.27244621 -0.27244621 -0.27244621 -0.27244621
 -0.27244621 -0.27244621 -0.27244621 -0.27244621 -0.27244621 -0.27244621
 -0.27244621 -0.27244621 -0.27244621 -0.27244621 -0.27244621 -0.27244621
 -0.27244621 -0.27244621 -0.27244621 -0.27244621 -0.27244621 -0.27244621
 -0.27244621 -0.27244621 -0.27244621 -0.27244621 -0.27244621 -0.27244621
 -0.27244621 -0.27244621 -0.27244621 -0.27244621 -0.27244621  6.61820879
 -0.27244621 -0.27244621 -0.27244621 -0.27244621 -0.27244621  4.38371801
 -0.27244621 -0.27244621  1.19778899 -0.27244621 -0.27244621 -0.27244621
 -0.27244621 -0.27244621 -0.27244621 -0.27244621 -0.27244621 -0.27244621
 -0.27244621 -0.27244621 -0.27244621 -0.27244621 -0.27244621 -0.27244621
 -0.27244621 -0.27244621  5.26547563 -0.27244621 -0.27244621  2.1354776
 -0.27244621 -0.27244621  2.12689897 -0.27244621 -0.27244621 -0.27244621
 -0.27244621 -0.27244621 -0.27244621 -0.27244621  2.58544583 -0.27244621
 -0.27244621 -0.27244621 -0.27244621 -0.27244621 -0.27244621 -0.27244621
 -0.27244621 -0.27244621 -0.27244621 -0.27244621 -0.27244621 -0.27244621
 -0.27244621 -0.27244621 -0.27244621 -0.27244621 -0.27244621 -0.27244621
 -0.27244621 -0.27244621 -0.27244621 -0.27244621 -0.27244621 -0.27244621
 -0.27244621 -0.27244621 -0.27244621 -0.27244621 -0.27244621 -0.27244621
 -0.27244621 -0.27244621 -0.27244621 -0.27244621 -0.27244621 -0.27244621
 -0.27244621  2.36591024 -0.27244621 -0.27244621 -0.27244621 -0.27244621
 -0.27244621 -0.27244621 -0.27244621 -0.27244621 -0.27244621 -0.27244621
 -0.27244621 -0.27244621 -0.27244621 -0.27244621 -0.27244621 -0.27244621
 -0.27244621 -0.27244621 -0.27244621 -0.27244621 -0.27244621 -0.27244621
 -0.27244621 -0.27244621 -0.27244621 -0.27244621 -0.27244621 -0.27244621
 -0.27244621 -0.27244621 -0.27244621 -0.27244621 -0.27244621 -0.27244621
 -0.27244621 -0.27244621 -0.27244621 -0.27244621 -0.27244621 -0.27244621
 -0.27244621 -0.27244621 -0.27244621 -0.27244621 -0.27244621 -0.27244621
  3.43376717 -0.27244621  2.04453934 -0.27244621 -0.27244621  0.57566092
 -0.27244621 -0.27244621 -0.27244621 -0.27244621 -0.27244621 -0.27244621
 -0.27244621 -0.27244621 -0.27244621 -0.27244621 -0.27244621 -0.27244621
 -0.27244621 -0.27244621 -0.27244621 -0.27244621 -0.27244621 -0.27244621
 -0.27244621  3.253124   -0.27244621  4.14404447  3.44996054 -0.27244621
  2.93420007  0.68317438 -0.27244621 -0.27244621 -0.27244621 -0.27244621
 -0.27244621 -0.27244621 -0.27244621 -0.27244621 -0.27244621 -0.27244621
 -0.27244621 -0.27244621 -0.27244621  4.92566739  2.28679037 -0.27244621
 -0.27244621 -0.27244621  3.13974834  3.68113187 -0.27244621  2.94632785
 -0.27244621 -0.27244621 -0.27244621  1.19778899  1.70614532 -0.27244621
  2.19576878 -0.27244621  3.92700233 -0.27244621  3.25852149 -0.27244621
 -0.27244621  2.3521444  -0.27244621 -0.27244621  4.78862671 -0.27244621
  2.66995711  2.17580516 -0.27244621 -0.27244621  2.79092873  4.18924694
 -0.27244621 -0.27244621 -0.27244621  2.24222895 -0.27244621 -0.27244621
 -0.27244621 -0.27244621 -0.27244621 -0.27244621 -0.27244621 -0.27244621
 -0.27244621 -0.27244621 -0.27244621 -0.27244621  4.96706629 -0.27244621
  2.41592807 -0.27244621 -0.27244621 -0.27244621 -0.27244621  3.1439967
 -0.27244621 -0.27244621 -0.27244621 -0.27244621 -0.27244621 -0.27244621
 -0.27244621 -0.27244621 -0.27244621 -0.27244621 -0.27244621 -0.27244621
 -0.27244621 -0.27244621 -0.27244621 -0.27244621 -0.27244621 -0.27244621
 -0.27244621 -0.27244621 -0.27244621 -0.27244621 -0.27244621 -0.27244621
 -0.27244621 -0.27244621 -0.27244621 -0.27244621 -0.27244621 -0.27244621
 -0.27244621 -0.27244621 -0.27244621 -0.27244621 -0.27244621 -0.27244621
 -0.27244621 -0.27244621 -0.27244621 -0.27244621 -0.27244621 -0.27244621
 -0.27244621 -0.27244621 -0.27244621 -0.27244621 -0.27244621 -0.27244621
 -0.27244621 -0.27244621 -0.27244621 -0.27244621 -0.27244621 -0.27244621
 -0.27244621 -0.27244621 -0.27244621 -0.27244621 -0.27244621 -0.27244621
 -0.27244621 -0.27244621 -0.27244621 -0.27244621 -0.27244621 -0.27244621
 -0.27244621 -0.27244621 -0.27244621 -0.27244621 -0.27244621 -0.27244621
 -0.27244621 -0.27244621 -0.27244621 -0.27244621 -0.27244621 -0.27244621
 -0.27244621 -0.27244621 -0.27244621 -0.27244621 -0.27244621 -0.27244621
 -0.27244621 -0.27244621 -0.27244621 -0.27244621 -0.27244621 -0.27244621
 -0.27244621 -0.27244621 -0.27244621 -0.27244621 -0.27244621 -0.27244621
 -0.27244621 -0.27244621 -0.27244621 -0.27244621 -0.27244621 -0.27244621
 -0.27244621 -0.27244621 -0.27244621 -0.27244621 -0.27244621 -0.27244621
 -0.27244621 -0.27244621 -0.27244621 -0.27244621  2.41592807  4.52370904
 -0.27244621 -0.27244621 -0.27244621 -0.27244621 -0.27244621 -0.27244621
 -0.27244621 -0.27244621 -0.27244621 -0.27244621 -0.27244621 -0.27244621
 -0.27244621 -0.27244621 -0.27244621 -0.27244621 -0.27244621 -0.27244621
 -0.27244621 -0.27244621 -0.27244621 -0.27244621 -0.27244621 -0.27244621
 -0.27244621 -0.27244621 -0.27244621 -0.27244621 -0.27244621 -0.27244621
 -0.27244621 -0.27244621 -0.27244621 -0.27244621 -0.27244621 -0.27244621
 -0.27244621 -0.27244621  2.55204621 -0.27244621 -0.27244621 -0.27244621
  7.10510623 -0.27244621 -0.27244621 -0.27244621 -0.27244621 -0.27244621
 -0.27244621 -0.27244621 -0.27244621 -0.27244621 -0.27244621 -0.27244621
 -0.27244621 -0.27244621 -0.27244621 -0.27244621 -0.27244621 -0.27244621
 -0.27244621  2.67445086 -0.27244621 -0.27244621 -0.27244621 -0.27244621
 -0.27244621 -0.27244621 -0.27244621 -0.27244621 -0.27244621 -0.27244621
 -0.27244621 -0.27244621 -0.27244621 -0.27244621 -0.27244621 -0.27244621
 -0.27244621 -0.27244621 -0.27244621 -0.27244621 -0.27244621 -0.27244621
 -0.27244621 -0.27244621 -0.27244621 -0.27244621 -0.27244621 -0.27244621
 -0.27244621 -0.27244621  2.75983326 -0.27244621]",[0.012666039770005966]
17,"[-0.2789639  -0.2789639  -0.2789639  -0.2789639   0.73192954 -0.2789639
 -0.2789639  -0.2789639  -0.2789639  -0.2789639  -0.2789639  -0.2789639
 -0.2789639  -0.2789639  -0.2789639  -0.2789639  -0.2789639  -0.2789639
 -0.2789639  -0.2789639  -0.2789639  -0.2789639  -0.2789639  -0.2789639
 -0.2789639  -0.2789639  -0.2789639  -0.2789639  -0.2789639  -0.2789639
 -0.2789639  -0.2789639  -0.2789639  -0.2789639  -0.2789639  -0.2789639
 -0.2789639  -0.2789639  -0.2789639  -0.2789639  -0.2789639  -0.2789639
 -0.2789639  -0.2789639  -0.2789639  -0.2789639  -0.2789639  -0.2789639
 -0.2789639  -0.2789639  -0.2789639  -0.2789639  -0.2789639  -0.2789639
 -0.2789639  -0.2789639  -0.2789639  -0.2789639  -0.2789639  -0.2789639
 -0.2789639  -0.2789639  -0.2789639  -0.2789639  -0.2789639  -0.2789639
 -0.2789639  -0.2789639  -0.2789639  -0.2789639  -0.2789639  -0.2789639
 -0.2789639  -0.2789639  -0.2789639  -0.2789639  -0.2789639  -0.2789639
 -0.2789639  -0.2789639  -0.2789639  -0.2789639  -0.2789639   5.47648154
 -0.2789639  -0.2789639  -0.2789639  -0.2789639  -0.2789639   1.92754799
 -0.2789639  -0.2789639   1.15336825 -0.2789639  -0.2789639  -0.2789639
 -0.2789639  -0.2789639  -0.2789639  -0.2789639  -0.2789639  -0.2789639
 -0.2789639  -0.2789639  -0.2789639  -0.2789639   2.43275565 -0.2789639
 -0.2789639  -0.2789639   6.08105018 -0.2789639   3.97823421  3.01018184
 -0.2789639   3.46187181  4.75602218 -0.2789639  -0.2789639  -0.2789639
 -0.2789639  -0.2789639  -0.2789639  -0.2789639   4.29151551  4.3250017
 -0.2789639  -0.2789639  -0.2789639  -0.2789639  -0.2789639  -0.2789639
 -0.2789639  -0.2789639  -0.2789639  -0.2789639  -0.2789639  -0.2789639
 -0.2789639  -0.2789639  -0.2789639  -0.2789639  -0.2789639  -0.2789639
 -0.2789639  -0.2789639  -0.2789639  -0.2789639  -0.2789639  -0.2789639
 -0.2789639  -0.2789639  -0.2789639  -0.2789639  -0.2789639  -0.2789639
 -0.2789639  -0.2789639  -0.2789639  -0.2789639  -0.2789639  -0.2789639
 -0.2789639  -0.2789639  -0.2789639  -0.2789639  -0.2789639  -0.2789639
 -0.2789639  -0.2789639  -0.2789639  -0.2789639  -0.2789639  -0.2789639
 -0.2789639  -0.2789639  -0.2789639  -0.2789639  -0.2789639  -0.2789639
 -0.2789639  -0.2789639  -0.2789639  -0.2789639  -0.2789639  -0.2789639
 -0.2789639  -0.2789639  -0.2789639  -0.2789639  -0.2789639  -0.2789639
 -0.2789639  -0.2789639  -0.2789639  -0.2789639  -0.2789639  -0.2789639
 -0.2789639  -0.2789639  -0.2789639  -0.2789639  -0.2789639  -0.2789639
 -0.2789639  -0.2789639  -0.2789639  -0.2789639  -0.2789639  -0.2789639
  0.79873238 -0.2789639  -0.10974278 -0.2789639  -0.2789639  -0.2789639
 -0.2789639  -0.2789639  -0.2789639  -0.2789639  -0.2789639  -0.2789639
 -0.2789639  -0.2789639  -0.2789639  -0.2789639  -0.2789639  -0.2789639
 -0.2789639  -0.2789639   1.26240711  0.70614251 -0.2789639  -0.2789639
 -0.2789639   3.67593296 -0.2789639   4.25768203  3.61951808 -0.2789639
  3.22403439  0.5778146  -0.2789639  -0.2789639  -0.2789639  -0.2789639
 -0.2789639  -0.2789639   4.1689736  -0.2789639  -0.2789639  -0.2789639
 -0.2789639  -0.2789639  -0.2789639  -0.2789639   2.26365387 -0.2789639
 -0.2789639  -0.2789639   4.17708162  1.56203987 -0.2789639   1.14386467
 -0.2789639  -0.2789639  -0.2789639  -0.2789639  -0.2789639  -0.2789639
  0.30676438 -0.2789639   5.28293775 -0.2789639   3.26569399 -0.2789639
 -0.2789639   2.17543149 -0.2789639   2.01841311  3.14884516 -0.2789639
  2.15832357  1.47327506 -0.2789639  -0.2789639  -0.2789639   4.76503509
  1.78383879 -0.2789639  -0.2789639   2.481446   -0.2789639  -0.2789639
 -0.2789639  -0.2789639   5.02487096 -0.2789639  -0.2789639  -0.2789639
 -0.2789639  -0.2789639  -0.2789639  -0.2789639  -0.2789639  -0.2789639
 -0.2789639  -0.2789639  -0.2789639  -0.2789639  -0.2789639   1.42007384
 -0.2789639  -0.2789639  -0.2789639  -0.2789639  -0.2789639  -0.2789639
 -0.2789639   4.63060932 -0.2789639  -0.2789639   2.60120259 -0.2789639
 -0.2789639  -0.2789639  -0.2789639  -0.2789639  -0.2789639  -0.2789639
 -0.2789639  -0.2789639  -0.2789639  -0.2789639  -0.2789639  -0.2789639
 -0.2789639  -0.2789639  -0.2789639  -0.2789639  -0.2789639  -0.2789639
 -0.2789639  -0.2789639  -0.2789639  -0.2789639  -0.2789639  -0.2789639
 -0.2789639  -0.2789639  -0.2789639  -0.2789639  -0.2789639  -0.2789639
 -0.2789639  -0.2789639  -0.2789639  -0.2789639  -0.2789639  -0.2789639
 -0.2789639  -0.2789639  -0.2789639  -0.2789639  -0.2789639  -0.2789639
 -0.2789639  -0.2789639  -0.2789639  -0.2789639  -0.2789639  -0.2789639
 -0.2789639  -0.2789639  -0.2789639  -0.2789639  -0.2789639  -0.2789639
 -0.2789639  -0.2789639  -0.2789639  -0.2789639  -0.2789639  -0.2789639
 -0.2789639  -0.2789639  -0.2789639  -0.2789639  -0.2789639  -0.2789639
 -0.2789639  -0.2789639  -0.2789639  -0.2789639  -0.2789639  -0.2789639
 -0.2789639  -0.2789639  -0.2789639  -0.2789639  -0.2789639  -0.2789639
 -0.2789639  -0.2789639  -0.2789639  -0.2789639  -0.2789639  -0.2789639
 -0.2789639  -0.2789639  -0.2789639  -0.2789639  -0.2789639  -0.2789639
 -0.2789639  -0.2789639  -0.2789639  -0.2789639  -0.2789639  -0.2789639
 -0.2789639  -0.2789639  -0.2789639  -0.2789639  -0.2789639   4.31130308
 -0.2789639  -0.2789639  -0.2789639  -0.2789639  -0.2789639  -0.2789639
 -0.2789639  -0.2789639  -0.2789639  -0.2789639  -0.2789639  -0.2789639
 -0.2789639  -0.2789639  -0.2789639  -0.2789639  -0.2789639  -0.2789639
  4.0652027  -0.2789639  -0.2789639  -0.2789639  -0.2789639  -0.2789639
 -0.2789639  -0.2789639  -0.2789639  -0.2789639  -0.2789639  -0.2789639
 -0.2789639  -0.2789639  -0.2789639  -0.2789639  -0.2789639  -0.2789639
 -0.2789639  -0.2789639   0.9136035  -0.2789639  -0.2789639  -0.2789639
 -0.2789639  -0.2789639  -0.2789639  -0.2789639  -0.2789639  -0.2789639
 -0.2789639  -0.2789639  -0.2789639  -0.2789639  -0.2789639  -0.2789639
 -0.2789639  -0.2789639  -0.2789639  -0.2789639  -0.2789639  -0.2789639
 -0.2789639   3.3344699   1.78383879 -0.2789639  -0.2789639  -0.2789639
 -0.2789639  -0.2789639  -0.2789639  -0.2789639  -0.2789639  -0.2789639
 -0.2789639  -0.2789639  -0.2789639  -0.2789639  -0.2789639  -0.2789639
 -0.2789639  -0.2789639  -0.2789639  -0.2789639   2.05065128 -0.2789639
 -0.2789639  -0.2789639  -0.2789639  -0.2789639  -0.2789639  -0.2789639
 -0.2789639  -0.2789639  -0.2789639  -0.2789639 ]",[-0.039963482935845895]
17,"[-0.28701903 -0.28701903 -0.28701903 -0.28701903  0.32085347 -0.28701903
 -0.28701903 -0.28701903 -0.28701903 -0.28701903 -0.28701903 -0.28701903
 -0.28701903 -0.28701903 -0.28701903 -0.28701903 -0.28701903 -0.28701903
 -0.28701903 -0.28701903 -0.28701903 -0.28701903 -0.28701903 -0.28701903
 -0.28701903 -0.28701903 -0.28701903 -0.28701903 -0.28701903 -0.28701903
 -0.28701903 -0.28701903 -0.28701903 -0.28701903 -0.28701903 -0.28701903
 -0.28701903 -0.28701903 -0.28701903 -0.28701903 -0.28701903 -0.28701903
 -0.28701903 -0.28701903 -0.28701903 -0.28701903 -0.28701903 -0.28701903
 -0.28701903 -0.28701903 -0.28701903 -0.28701903 -0.28701903 -0.28701903
 -0.28701903 -0.28701903 -0.28701903 -0.28701903 -0.28701903 -0.28701903
 -0.28701903 -0.28701903 -0.28701903 -0.28701903 -0.28701903 -0.28701903
 -0.28701903 -0.28701903 -0.28701903 -0.28701903 -0.28701903 -0.28701903
 -0.28701903 -0.28701903 -0.28701903 -0.28701903 -0.28701903 -0.28701903
 -0.28701903 -0.28701903 -0.28701903 -0.28701903 -0.28701903  5.32198683
 -0.28701903 -0.28701903 -0.28701903  1.91003624 -0.28701903 -0.28701903
 -0.28701903 -0.28701903  1.31745485 -0.28701903 -0.28701903 -0.28701903
 -0.28701903 -0.28701903 -0.28701903 -0.28701903 -0.28701903 -0.28701903
 -0.28701903 -0.28701903 -0.28701903 -0.28701903 -0.28701903 -0.28701903
 -0.28701903 -0.28701903  4.9075291  -0.28701903 -0.28701903  3.42600985
 -0.28701903 -0.28701903  4.66994313 -0.28701903 -0.28701903 -0.28701903
 -0.28701903 -0.28701903  5.07945934  4.04780279  4.47969371 -0.28701903
 -0.28701903 -0.28701903 -0.28701903 -0.28701903 -0.28701903 -0.28701903
 -0.28701903 -0.28701903 -0.28701903 -0.28701903 -0.28701903 -0.28701903
 -0.28701903 -0.28701903 -0.28701903 -0.28701903 -0.28701903 -0.28701903
 -0.28701903 -0.28701903 -0.28701903 -0.28701903 -0.28701903 -0.28701903
 -0.28701903 -0.28701903 -0.28701903 -0.28701903 -0.28701903 -0.28701903
 -0.28701903 -0.28701903 -0.28701903 -0.28701903 -0.28701903 -0.28701903
 -0.28701903 -0.28701903 -0.28701903 -0.28701903 -0.28701903 -0.28701903
 -0.28701903 -0.28701903 -0.28701903 -0.28701903 -0.28701903 -0.28701903
 -0.28701903 -0.28701903 -0.28701903 -0.28701903 -0.28701903 -0.28701903
 -0.28701903 -0.28701903 -0.28701903 -0.28701903 -0.28701903 -0.28701903
 -0.28701903 -0.28701903 -0.28701903 -0.28701903 -0.28701903 -0.28701903
 -0.28701903 -0.28701903 -0.28701903 -0.28701903 -0.28701903 -0.28701903
 -0.28701903 -0.28701903  2.04227426 -0.28701903 -0.28701903 -0.28701903
 -0.28701903 -0.28701903 -0.28701903 -0.28701903 -0.28701903  1.37489846
  2.36453488 -0.28701903  1.97613576 -0.28701903 -0.28701903  2.21040631
 -0.28701903 -0.28701903 -0.28701903 -0.28701903 -0.28701903 -0.28701903
 -0.28701903 -0.28701903 -0.28701903 -0.28701903  1.72421533 -0.28701903
 -0.28701903 -0.28701903 -0.28701903 -0.28701903 -0.28701903 -0.28701903
 -0.28701903  2.805063   -0.28701903  3.71950024  3.50124615 -0.28701903
  2.5311888   0.71041745  0.8865554  -0.28701903 -0.28701903 -0.28701903
 -0.28701903 -0.28701903 -0.28701903 -0.28701903 -0.28701903 -0.28701903
 -0.28701903 -0.28701903 -0.28701903  3.40606927  1.91517445 -0.28701903
 -0.28701903 -0.28701903  3.04292097  3.42515645 -0.28701903  0.79051949
  1.21838431 -0.28701903 -0.28701903  1.44112289 -0.28701903 -0.28701903
  3.25490816 -0.28701903  4.33142455 -0.28701903  4.11299664  5.46533859
 -0.28701903  2.88516288 -0.28701903 -0.28701903  4.39052501 -0.28701903
  1.20175155  1.04008388 -0.28701903 -0.28701903 -0.28701903  2.97425818
  1.27135195 -0.28701903 -0.28701903 -0.28701903 -0.28701903  2.50148489
 -0.28701903 -0.28701903  4.56922079 -0.28701903 -0.28701903 -0.28701903
 -0.28701903 -0.28701903 -0.28701903 -0.28701903  0.48390328 -0.28701903
 -0.28701903 -0.28701903 -0.28701903 -0.28701903 -0.28701903  1.22403692
 -0.28701903 -0.28701903 -0.28701903 -0.28701903 -0.28701903 -0.28701903
 -0.28701903 -0.28701903 -0.28701903 -0.28701903  0.58538648 -0.28701903
 -0.28701903 -0.28701903 -0.28701903 -0.28701903 -0.28701903 -0.28701903
 -0.28701903 -0.28701903 -0.28701903 -0.28701903 -0.28701903 -0.28701903
 -0.28701903 -0.28701903 -0.28701903 -0.28701903 -0.28701903 -0.28701903
 -0.28701903 -0.28701903 -0.28701903 -0.28701903 -0.28701903 -0.28701903
 -0.28701903 -0.28701903 -0.28701903 -0.28701903 -0.28701903 -0.28701903
 -0.28701903 -0.28701903 -0.28701903 -0.28701903 -0.28701903 -0.28701903
 -0.28701903 -0.28701903 -0.28701903 -0.28701903 -0.28701903 -0.28701903
 -0.28701903 -0.28701903 -0.28701903 -0.28701903 -0.28701903 -0.28701903
 -0.28701903 -0.28701903 -0.28701903 -0.28701903 -0.28701903 -0.28701903
 -0.28701903 -0.28701903 -0.28701903 -0.28701903 -0.28701903 -0.28701903
 -0.28701903 -0.28701903 -0.28701903 -0.28701903 -0.28701903 -0.28701903
 -0.28701903 -0.28701903 -0.28701903 -0.28701903 -0.28701903 -0.28701903
 -0.28701903 -0.28701903 -0.28701903 -0.28701903 -0.28701903 -0.28701903
 -0.28701903 -0.28701903 -0.28701903 -0.28701903 -0.28701903 -0.28701903
 -0.28701903 -0.28701903 -0.28701903 -0.28701903 -0.28701903 -0.28701903
 -0.28701903 -0.28701903 -0.28701903 -0.28701903 -0.28701903 -0.28701903
 -0.28701903 -0.28701903 -0.28701903 -0.28701903  5.41552776 -0.28701903
 -0.28701903 -0.28701903 -0.28701903 -0.28701903 -0.28701903 -0.28701903
 -0.28701903 -0.28701903 -0.28701903 -0.28701903 -0.28701903 -0.28701903
 -0.28701903 -0.28701903 -0.28701903 -0.28701903 -0.28701903 -0.28701903
  3.65120924 -0.28701903 -0.28701903 -0.28701903 -0.28701903 -0.28701903
 -0.28701903 -0.28701903 -0.28701903 -0.28701903 -0.28701903 -0.28701903
 -0.28701903 -0.28701903 -0.28701903 -0.28701903 -0.28701903 -0.28701903
 -0.28701903 -0.28701903  1.78484718 -0.28701903 -0.28701903 -0.28701903
  4.79897269 -0.28701903 -0.28701903 -0.28701903 -0.28701903 -0.28701903
 -0.28701903 -0.28701903 -0.28701903 -0.28701903 -0.28701903 -0.28701903
 -0.28701903 -0.28701903 -0.28701903 -0.28701903 -0.28701903 -0.28701903
 -0.28701903  2.67702044 -0.28701903 -0.28701903 -0.28701903 -0.28701903
 -0.28701903 -0.28701903 -0.28701903 -0.28701903 -0.28701903 -0.28701903
 -0.28701903 -0.28701903 -0.28701903 -0.28701903 -0.28701903 -0.28701903
 -0.28701903 -0.28701903 -0.28701903 -0.28701903 -0.28701903 -0.28701903
 -0.28701903 -0.28701903 -0.28701903 -0.28701903 -0.28701903 -0.28701903
 -0.28701903 -0.28701903 -0.28701903 -0.28701903]",[-0.04471326469223835]
18,"[-0.21257143 -0.21257143 -0.21257143 -0.21257143 -0.21257143 -0.21257143
 -0.21257143 -0.21257143 -0.21257143 -0.21257143 -0.21257143 -0.21257143
 -0.21257143 -0.21257143 -0.21257143 -0.21257143 -0.21257143 -0.21257143
 -0.21257143 -0.21257143 -0.21257143 -0.21257143 -0.21257143 -0.21257143
 -0.21257143 -0.21257143 -0.21257143 -0.21257143 -0.21257143 -0.21257143
 -0.21257143 -0.21257143 -0.21257143 -0.21257143 -0.21257143 -0.21257143
 -0.21257143 -0.21257143 -0.21257143 -0.21257143 -0.21257143 -0.21257143
 -0.21257143 -0.21257143 -0.21257143 -0.21257143 -0.21257143 -0.21257143
 -0.21257143 -0.21257143 -0.21257143 -0.21257143 -0.21257143 -0.21257143
 -0.21257143 -0.21257143 -0.21257143 -0.21257143 -0.21257143 -0.21257143
 -0.21257143 -0.21257143 -0.21257143 -0.21257143 -0.21257143 -0.21257143
 -0.21257143 -0.21257143 -0.21257143 -0.21257143 -0.21257143 -0.21257143
 -0.21257143 -0.21257143 -0.21257143 -0.21257143 -0.21257143 -0.21257143
 -0.21257143 -0.21257143 -0.21257143 -0.21257143 -0.21257143  8.38525749
 -0.21257143 -0.21257143 -0.21257143 -0.21257143 -0.21257143 -0.21257143
 -0.21257143 -0.21257143  2.4887063  -0.21257143 -0.21257143 -0.21257143
 -0.21257143 -0.21257143 -0.21257143 -0.21257143 -0.21257143 -0.21257143
 -0.21257143 -0.21257143 -0.21257143 -0.21257143 -0.21257143 -0.21257143
 -0.21257143 -0.21257143 -0.21257143 -0.21257143 -0.21257143 -0.21257143
 -0.21257143 -0.21257143 -0.21257143 -0.21257143 -0.21257143 -0.21257143
 -0.21257143 -0.21257143 -0.21257143  1.33672825 -0.21257143 -0.21257143
 -0.21257143 -0.21257143 -0.21257143 -0.21257143 -0.21257143 -0.21257143
 -0.21257143 -0.21257143 -0.21257143 -0.21257143 -0.21257143 -0.21257143
 -0.21257143 -0.21257143 -0.21257143 -0.21257143 -0.21257143 -0.21257143
 -0.21257143 -0.21257143 -0.21257143 -0.21257143 -0.21257143 -0.21257143
 -0.21257143 -0.21257143 -0.21257143 -0.21257143 -0.21257143 -0.21257143
 -0.21257143 -0.21257143 -0.21257143 -0.21257143 -0.21257143 -0.21257143
 -0.21257143 -0.21257143 -0.21257143 -0.21257143 -0.21257143 -0.21257143
 -0.21257143 -0.21257143 -0.21257143 -0.21257143 -0.21257143 -0.21257143
 -0.21257143 -0.21257143 -0.21257143 -0.21257143 -0.21257143 -0.21257143
 -0.21257143 -0.21257143 -0.21257143 -0.21257143 -0.21257143 -0.21257143
 -0.21257143 -0.21257143 -0.21257143 -0.21257143 -0.21257143 -0.21257143
 -0.21257143 -0.21257143  3.17153247 -0.21257143 -0.21257143 -0.21257143
 -0.21257143 -0.21257143 -0.21257143 -0.21257143 -0.21257143 -0.21257143
 -0.21257143 -0.21257143 -0.21257143 -0.21257143 -0.21257143 -0.21257143
  5.98070482 -0.21257143 -0.13758027 -0.21257143 -0.21257143  2.91975606
 -0.21257143 -0.21257143  0.58839494 -0.21257143 -0.21257143 -0.21257143
 -0.21257143 -0.21257143 -0.21257143 -0.21257143 -0.21257143 -0.21257143
 -0.21257143 -0.21257143 -0.21257143 -0.21257143 -0.21257143 -0.21257143
 -0.21257143  4.09031902 -0.21257143  4.1940242   3.36374836 -0.21257143
  3.65105674 -0.21257143 -0.21257143 -0.21257143 -0.21257143 -0.21257143
 -0.21257143 -0.21257143 -0.21257143 -0.21257143 -0.21257143 -0.21257143
 -0.21257143 -0.21257143 -0.21257143  2.00610085  5.25788988 -0.21257143
 -0.21257143 -0.21257143  3.92964016  3.02513217 -0.21257143  0.30674422
 -0.21257143 -0.21257143 -0.21257143 -0.21257143 -0.21257143 -0.21257143
  2.90444145 -0.21257143  6.72385518 -0.21257143  2.61181695 -0.21257143
 -0.21257143 -0.21257143 -0.21257143 -0.21257143 -0.21257143 -0.21257143
 -0.21257143  0.83881522 -0.21257143 -0.21257143  7.0426864   4.84448918
 -0.21257143 -0.21257143 -0.21257143 -0.21257143 -0.21257143 -0.21257143
 -0.21257143 -0.21257143 -0.21257143 -0.21257143 -0.21257143 -0.21257143
 -0.21257143 -0.21257143 -0.21257143 -0.21257143  1.74623213 -0.21257143
  2.08144354 -0.21257143 -0.21257143 -0.21257143 -0.21257143  4.99912859
 -0.21257143  1.43868779 -0.21257143 -0.21257143 -0.21257143 -0.21257143
 -0.21257143 -0.21257143 -0.21257143 -0.21257143 -0.21257143 -0.21257143
 -0.21257143 -0.21257143 -0.21257143 -0.21257143 -0.21257143 -0.21257143
 -0.21257143 -0.21257143 -0.21257143 -0.21257143 -0.21257143 -0.21257143
 -0.21257143 -0.21257143 -0.21257143 -0.21257143 -0.21257143 -0.21257143
 -0.21257143 -0.21257143 -0.21257143 -0.21257143 -0.21257143 -0.21257143
 -0.21257143 -0.21257143 -0.21257143 -0.21257143 -0.21257143 -0.21257143
 -0.21257143 -0.21257143 -0.21257143 -0.21257143 -0.21257143 -0.21257143
 -0.21257143 -0.21257143 -0.21257143 -0.21257143 -0.21257143 -0.21257143
 -0.21257143 -0.21257143 -0.21257143 -0.21257143 -0.21257143 -0.21257143
 -0.21257143 -0.21257143 -0.21257143 -0.21257143 -0.21257143 -0.21257143
 -0.21257143 -0.21257143 -0.21257143 -0.21257143 -0.21257143 -0.21257143
 -0.21257143 -0.21257143 -0.21257143 -0.21257143 -0.21257143 -0.21257143
 -0.21257143 -0.21257143 -0.21257143 -0.21257143 -0.21257143 -0.21257143
 -0.21257143 -0.21257143 -0.21257143 -0.21257143 -0.21257143 -0.21257143
 -0.21257143 -0.21257143 -0.21257143 -0.21257143 -0.21257143 -0.21257143
 -0.21257143 -0.21257143 -0.21257143 -0.21257143 -0.21257143 -0.21257143
 -0.21257143 -0.21257143 -0.21257143 -0.21257143 -0.21257143 -0.21257143
 -0.21257143 -0.21257143 -0.21257143 -0.21257143 -0.21257143 -0.21257143
 -0.21257143 -0.21257143 -0.21257143 -0.21257143 -0.21257143 -0.21257143
 -0.21257143  1.9708366  -0.21257143 -0.21257143 -0.21257143 -0.21257143
 -0.21257143 -0.21257143 -0.21257143 -0.21257143 -0.21257143 -0.21257143
 -0.21257143 -0.21257143 -0.21257143 -0.21257143 -0.21257143 -0.21257143
 -0.21257143 -0.21257143 -0.21257143 -0.21257143 -0.21257143 -0.21257143
 -0.21257143 -0.21257143 -0.21257143 -0.21257143 -0.21257143 -0.21257143
 -0.21257143 -0.21257143  6.40645109 -0.21257143 -0.21257143 -0.21257143
 -0.21257143 -0.21257143 -0.21257143 -0.21257143 -0.21257143 -0.21257143
 -0.21257143 -0.21257143 -0.21257143 -0.21257143 -0.21257143 -0.21257143
 -0.21257143 -0.21257143 -0.21257143 -0.21257143 -0.21257143 -0.21257143
 -0.21257143  5.99296105 -0.21257143 -0.21257143 -0.21257143 -0.21257143
 -0.21257143 -0.21257143 -0.21257143 -0.21257143 -0.21257143 -0.21257143
 -0.21257143 -0.21257143 -0.21257143 -0.21257143 -0.21257143 -0.21257143
 -0.21257143 -0.21257143 -0.21257143 -0.21257143 -0.21257143 -0.21257143
 -0.21257143 -0.21257143 -0.21257143 -0.21257143 -0.21257143 -0.21257143
 -0.21257143 -0.21257143 -0.21257143 -0.21257143]",[-0.03335725360666275]
18,"[-0.29187647 -0.29187647 -0.29187647 -0.29187647 -0.08626301 -0.29187647
 -0.29187647 -0.29187647 -0.29187647 -0.29187647 -0.29187647 -0.29187647
 -0.29187647 -0.29187647 -0.29187647 -0.29187647 -0.29187647 -0.29187647
 -0.29187647 -0.29187647 -0.29187647 -0.29187647 -0.29187647 -0.29187647
 -0.29187647 -0.29187647 -0.29187647 -0.29187647 -0.29187647 -0.29187647
 -0.29187647 -0.29187647 -0.29187647 -0.29187647 -0.29187647 -0.29187647
 -0.29187647 -0.29187647 -0.29187647 -0.29187647 -0.29187647 -0.29187647
 -0.29187647 -0.29187647 -0.29187647 -0.29187647 -0.29187647 -0.29187647
 -0.29187647 -0.29187647 -0.29187647 -0.29187647 -0.29187647 -0.29187647
 -0.29187647 -0.29187647 -0.29187647 -0.29187647  0.8819636  -0.29187647
 -0.29187647 -0.29187647 -0.29187647 -0.29187647 -0.29187647 -0.29187647
 -0.29187647 -0.29187647 -0.29187647 -0.29187647 -0.29187647 -0.29187647
 -0.29187647 -0.29187647 -0.29187647 -0.29187647 -0.29187647 -0.29187647
 -0.29187647 -0.29187647 -0.29187647 -0.29187647 -0.29187647  4.17248731
 -0.29187647 -0.29187647 -0.29187647 -0.29187647 -0.29187647  2.13308804
 -0.29187647 -0.29187647  2.0017376  -0.29187647 -0.29187647 -0.29187647
 -0.29187647 -0.29187647 -0.29187647 -0.29187647 -0.29187647 -0.29187647
 -0.29187647 -0.29187647 -0.29187647 -0.29187647 -0.29187647 -0.29187647
 -0.29187647 -0.29187647  4.48365854 -0.29187647 -0.29187647 -0.29187647
  1.14269526 -0.29187647 -0.29187647 -0.29187647 -0.29187647 -0.29187647
 -0.29187647 -0.29187647 -0.29187647  3.05789757  3.39826056 -0.29187647
 -0.29187647 -0.29187647 -0.29187647 -0.29187647 -0.29187647 -0.29187647
 -0.29187647 -0.29187647 -0.29187647 -0.29187647 -0.29187647 -0.29187647
 -0.29187647 -0.29187647 -0.29187647 -0.29187647 -0.29187647 -0.29187647
 -0.29187647 -0.29187647 -0.29187647 -0.29187647 -0.29187647 -0.29187647
 -0.29187647 -0.29187647 -0.29187647 -0.29187647 -0.29187647 -0.29187647
 -0.29187647 -0.29187647 -0.29187647 -0.29187647 -0.29187647 -0.29187647
 -0.29187647 -0.29187647 -0.29187647 -0.29187647 -0.29187647 -0.29187647
 -0.29187647 -0.29187647 -0.29187647 -0.29187647 -0.29187647  1.20052601
 -0.29187647 -0.29187647 -0.29187647 -0.29187647 -0.29187647 -0.29187647
 -0.29187647 -0.29187647 -0.29187647 -0.29187647 -0.29187647 -0.29187647
 -0.29187647 -0.29187647 -0.29187647 -0.29187647 -0.29187647 -0.29187647
 -0.29187647 -0.29187647  2.4583746  -0.29187647 -0.29187647 -0.29187647
 -0.29187647 -0.29187647 -0.29187647 -0.29187647 -0.29187647 -0.29187647
 -0.29187647 -0.29187647 -0.29187647 -0.29187647 -0.29187647 -0.29187647
  3.53389478 -0.29187647  1.0624947  -0.29187647  3.97012029  3.04379494
 -0.29187647 -0.29187647 -0.29187647 -0.29187647 -0.29187647 -0.29187647
 -0.29187647 -0.29187647 -0.29187647 -0.29187647 -0.29187647 -0.29187647
 -0.29187647 -0.29187647 -0.29187647 -0.29187647 -0.29187647 -0.29187647
 -0.29187647  4.24789532 -0.29187647  4.14944873  3.79747211 -0.29187647
  3.5572126   3.19579684  2.83263975  1.12467149 -0.29187647 -0.29187647
 -0.29187647 -0.29187647 -0.29187647 -0.29187647 -0.29187647  3.84579913
 -0.29187647 -0.29187647 -0.29187647 -0.29187647  3.0512205  -0.29187647
 -0.29187647 -0.29187647  3.58163476 -0.29187647 -0.29187647  2.89311109
  2.08028342 -0.29187647 -0.29187647 -0.29187647  2.37791258 -0.29187647
  4.15566979 -0.29187647  5.45515618 -0.29187647  3.08166259 -0.29187647
 -0.29187647  1.69232965 -0.29187647  1.80494892  3.47291959  2.17110957
  2.90875964  2.73615508 -0.29187647 -0.29187647  4.34136973  3.98685701
 -0.29187647 -0.29187647 -0.29187647 -0.29187647 -0.29187647 -0.29187647
 -0.29187647  1.05795912 -0.29187647 -0.29187647 -0.29187647 -0.29187647
 -0.29187647 -0.29187647 -0.29187647 -0.29187647  3.54231681 -0.29187647
 -0.29187647 -0.29187647 -0.29187647 -0.29187647 -0.29187647  1.38616393
 -0.29187647 -0.29187647 -0.29187647 -0.29187647 -0.29187647 -0.29187647
 -0.29187647 -0.29187647 -0.29187647 -0.29187647 -0.29187647 -0.29187647
 -0.29187647 -0.29187647 -0.29187647 -0.29187647 -0.29187647 -0.29187647
 -0.29187647 -0.29187647 -0.29187647 -0.29187647 -0.29187647 -0.29187647
 -0.29187647 -0.29187647 -0.29187647 -0.29187647 -0.29187647 -0.29187647
 -0.29187647 -0.29187647 -0.29187647 -0.29187647 -0.29187647 -0.29187647
 -0.29187647 -0.29187647 -0.29187647 -0.29187647 -0.29187647 -0.29187647
 -0.29187647 -0.29187647 -0.29187647 -0.29187647 -0.29187647 -0.29187647
 -0.29187647 -0.29187647 -0.29187647 -0.29187647 -0.29187647 -0.29187647
 -0.29187647 -0.29187647 -0.29187647 -0.29187647 -0.29187647 -0.29187647
 -0.29187647 -0.29187647 -0.29187647 -0.29187647 -0.29187647 -0.29187647
 -0.29187647 -0.29187647 -0.29187647 -0.29187647 -0.29187647 -0.29187647
 -0.29187647 -0.29187647 -0.29187647 -0.29187647 -0.29187647 -0.29187647
 -0.29187647 -0.29187647 -0.29187647 -0.29187647 -0.29187647 -0.29187647
 -0.29187647 -0.29187647 -0.29187647 -0.29187647 -0.29187647 -0.29187647
 -0.29187647 -0.29187647 -0.29187647 -0.29187647 -0.29187647 -0.29187647
 -0.29187647 -0.29187647 -0.29187647 -0.29187647 -0.29187647 -0.29187647
 -0.29187647 -0.29187647 -0.29187647 -0.29187647 -0.29187647 -0.29187647
 -0.29187647 -0.29187647 -0.29187647 -0.29187647  6.11567312 -0.29187647
 -0.29187647 -0.29187647 -0.29187647 -0.29187647 -0.29187647 -0.29187647
 -0.29187647 -0.29187647 -0.29187647 -0.29187647 -0.29187647 -0.29187647
 -0.29187647 -0.29187647 -0.29187647 -0.29187647 -0.29187647 -0.29187647
  4.2710477  -0.29187647 -0.29187647 -0.29187647 -0.29187647 -0.29187647
 -0.29187647 -0.29187647 -0.29187647 -0.29187647 -0.29187647 -0.29187647
 -0.29187647 -0.29187647 -0.29187647 -0.29187647 -0.29187647 -0.29187647
 -0.29187647 -0.29187647  1.226066   -0.29187647 -0.29187647 -0.29187647
 -0.29187647 -0.29187647 -0.29187647 -0.29187647 -0.29187647 -0.29187647
 -0.29187647 -0.29187647 -0.29187647 -0.29187647 -0.29187647 -0.29187647
 -0.29187647 -0.29187647 -0.29187647 -0.29187647 -0.29187647 -0.29187647
 -0.29187647  4.57373032  1.71400426 -0.29187647 -0.29187647 -0.29187647
 -0.29187647 -0.29187647 -0.29187647 -0.29187647 -0.29187647 -0.29187647
 -0.29187647 -0.29187647 -0.29187647 -0.29187647 -0.29187647 -0.29187647
 -0.29187647 -0.29187647 -0.29187647 -0.29187647 -0.29187647 -0.29187647
 -0.29187647 -0.29187647 -0.29187647 -0.29187647 -0.29187647 -0.29187647
 -0.29187647 -0.29187647  0.8819636  -0.29187647]",[0.01998495566520353]
18,"[-0.25492538 -0.25492538 -0.25492538 -0.25492538  2.76597629 -0.25492538
 -0.25492538 -0.25492538 -0.25492538 -0.25492538 -0.25492538 -0.25492538
 -0.25492538 -0.25492538 -0.25492538 -0.25492538 -0.25492538 -0.25492538
 -0.25492538 -0.25492538 -0.25492538 -0.25492538 -0.25492538 -0.25492538
 -0.25492538 -0.25492538 -0.25492538 -0.25492538 -0.25492538 -0.25492538
 -0.25492538 -0.25492538 -0.25492538 -0.25492538 -0.25492538 -0.25492538
 -0.25492538 -0.25492538 -0.25492538 -0.25492538 -0.25492538 -0.25492538
 -0.25492538 -0.25492538 -0.25492538 -0.25492538 -0.25492538 -0.25492538
 -0.25492538 -0.25492538 -0.25492538 -0.25492538 -0.25492538 -0.25492538
 -0.25492538 -0.25492538 -0.25492538 -0.25492538 -0.25492538 -0.25492538
 -0.25492538 -0.25492538 -0.25492538 -0.25492538 -0.25492538 -0.25492538
 -0.25492538 -0.25492538 -0.25492538 -0.25492538 -0.25492538 -0.25492538
 -0.25492538 -0.25492538 -0.25492538 -0.25492538 -0.25492538 -0.25492538
 -0.25492538 -0.25492538 -0.25492538 -0.25492538 -0.25492538  3.20652731
 -0.25492538 -0.25492538 -0.25492538 -0.25492538 -0.25492538  3.12047276
 -0.25492538 -0.25492538 -0.25492538 -0.25492538 -0.25492538 -0.25492538
 -0.25492538 -0.25492538 -0.25492538 -0.25492538 -0.25492538 -0.25492538
 -0.25492538 -0.25492538 -0.25492538 -0.25492538 -0.25492538 -0.25492538
 -0.25492538 -0.25492538  6.35768137 -0.25492538 -0.25492538 -0.25492538
 -0.25492538 -0.25492538  0.54370486 -0.25492538 -0.25492538 -0.25492538
 -0.25492538 -0.25492538 -0.25492538 -0.25492538  5.58735417 -0.25492538
 -0.25492538 -0.25492538 -0.25492538 -0.25492538 -0.25492538 -0.25492538
 -0.25492538 -0.25492538 -0.25492538 -0.25492538 -0.25492538 -0.25492538
 -0.25492538 -0.25492538 -0.25492538 -0.25492538 -0.25492538 -0.25492538
 -0.25492538 -0.25492538 -0.25492538 -0.25492538 -0.25492538 -0.25492538
 -0.25492538 -0.25492538 -0.25492538 -0.25492538 -0.25492538 -0.25492538
 -0.25492538 -0.25492538 -0.25492538 -0.25492538 -0.25492538 -0.25492538
 -0.25492538  0.42356582 -0.25492538 -0.25492538 -0.25492538 -0.25492538
 -0.25492538 -0.25492538 -0.25492538 -0.25492538 -0.25492538 -0.25492538
 -0.25492538 -0.25492538 -0.25492538 -0.25492538 -0.25492538 -0.25492538
 -0.25492538 -0.25492538 -0.25492538 -0.25492538 -0.25492538 -0.25492538
 -0.25492538 -0.25492538 -0.25492538 -0.25492538 -0.25492538 -0.25492538
 -0.25492538 -0.25492538 -0.25492538 -0.25492538 -0.25492538 -0.25492538
 -0.25492538 -0.25492538 -0.25492538 -0.25492538 -0.25492538 -0.25492538
 -0.25492538 -0.25492538 -0.25492538 -0.25492538 -0.25492538 -0.25492538
  2.20888368 -0.25492538  1.44465998 -0.25492538 -0.25492538  0.83330393
 -0.25492538 -0.25492538 -0.25492538 -0.25492538 -0.25492538 -0.25492538
 -0.25492538 -0.25492538 -0.25492538 -0.25492538 -0.25492538 -0.25492538
 -0.25492538 -0.25492538 -0.25492538 -0.25492538 -0.25492538 -0.25492538
 -0.25492538  3.03309085 -0.25492538  4.825054    3.92798822 -0.25492538
  3.66456794  0.25099144 -0.25492538 -0.25492538 -0.25492538 -0.25492538
 -0.25492538 -0.25492538 -0.25492538 -0.25492538 -0.25492538  3.91935197
 -0.25492538 -0.25492538 -0.25492538  5.27898812 -0.25492538 -0.25492538
 -0.25492538 -0.25492538 -0.25492538  2.03452682 -0.25492538  2.32497647
 -0.25492538 -0.25492538 -0.25492538  2.77187036  0.87259197 -0.25492538
  1.51846026 -0.25492538  6.37057967 -0.25492538  3.70986366 -0.25492538
 -0.25492538  2.47199838 -0.25492538  2.11314848  4.30735799 -0.25492538
  2.50517261  3.19603503 -0.25492538 -0.25492538 -0.25492538  3.93722534
 -0.25492538  3.53260089 -0.25492538  3.16654952 -0.25492538 -0.25492538
 -0.25492538 -0.25492538 -0.25492538 -0.25492538 -0.25492538 -0.25492538
 -0.25492538 -0.25492538 -0.25492538 -0.25492538 -0.25492538 -0.25492538
 -0.25492538 -0.25492538 -0.25492538 -0.25492538 -0.25492538 -0.25492538
 -0.25492538 -0.25492538 -0.25492538 -0.25492538 -0.25492538 -0.25492538
 -0.25492538 -0.25492538 -0.25492538 -0.25492538 -0.25492538 -0.25492538
 -0.25492538 -0.25492538 -0.25492538 -0.25492538 -0.25492538 -0.25492538
 -0.25492538 -0.25492538 -0.25492538 -0.25492538 -0.25492538 -0.25492538
 -0.25492538 -0.25492538 -0.25492538 -0.25492538 -0.25492538 -0.25492538
 -0.25492538 -0.25492538 -0.25492538 -0.25492538 -0.25492538 -0.25492538
 -0.25492538 -0.25492538 -0.25492538 -0.25492538 -0.25492538 -0.25492538
 -0.25492538 -0.25492538 -0.25492538 -0.25492538 -0.25492538 -0.25492538
 -0.25492538 -0.25492538 -0.25492538 -0.25492538 -0.25492538 -0.25492538
 -0.25492538 -0.25492538 -0.25492538 -0.25492538 -0.25492538 -0.25492538
 -0.25492538 -0.25492538 -0.25492538 -0.25492538 -0.25492538 -0.25492538
 -0.25492538 -0.25492538 -0.25492538 -0.25492538 -0.25492538 -0.25492538
 -0.25492538 -0.25492538 -0.25492538 -0.25492538 -0.25492538 -0.25492538
 -0.25492538 -0.25492538 -0.25492538 -0.25492538 -0.25492538 -0.25492538
 -0.25492538 -0.25492538 -0.25492538 -0.25492538 -0.25492538 -0.25492538
 -0.25492538 -0.25492538 -0.25492538 -0.25492538 -0.25492538 -0.25492538
 -0.25492538 -0.25492538 -0.25492538 -0.25492538 -0.25492538 -0.25492538
 -0.25492538 -0.25492538 -0.25492538 -0.25492538 -0.25492538 -0.25492538
 -0.25492538 -0.25492538 -0.25492538 -0.25492538  3.04672594  5.03831896
 -0.25492538 -0.25492538 -0.25492538 -0.25492538 -0.25492538 -0.25492538
 -0.25492538 -0.25492538 -0.25492538 -0.25492538 -0.25492538 -0.25492538
 -0.25492538 -0.25492538 -0.25492538 -0.25492538 -0.25492538 -0.25492538
  3.5018866  -0.25492538 -0.25492538 -0.25492538 -0.25492538 -0.25492538
 -0.25492538 -0.25492538 -0.25492538 -0.25492538 -0.25492538 -0.25492538
 -0.25492538 -0.25492538 -0.25492538 -0.25492538 -0.25492538 -0.25492538
 -0.25492538 -0.25492538  1.39590028 -0.25492538 -0.25492538 -0.25492538
  3.53260089 -0.25492538 -0.25492538 -0.25492538 -0.25492538 -0.25492538
 -0.25492538 -0.25492538 -0.25492538 -0.25492538 -0.25492538 -0.25492538
 -0.25492538 -0.25492538 -0.25492538 -0.25492538 -0.25492538 -0.25492538
 -0.25492538 -0.25492538  2.90895587 -0.25492538 -0.25492538 -0.25492538
 -0.25492538 -0.25492538 -0.25492538 -0.25492538 -0.25492538 -0.25492538
 -0.25492538 -0.25492538 -0.25492538 -0.25492538 -0.25492538 -0.25492538
 -0.25492538 -0.25492538 -0.25492538 -0.25492538 -0.25492538 -0.25492538
 -0.25492538 -0.25492538 -0.25492538 -0.25492538 -0.25492538 -0.25492538
 -0.25492538 -0.25492538  6.96960083 -0.25492538]",[-0.025543602397834597]
18,"[-0.26495027 -0.26495027 -0.26495027 -0.26495027  0.27664391 -0.26495027
 -0.26495027 -0.26495027 -0.26495027 -0.26495027 -0.26495027 -0.26495027
 -0.26495027 -0.26495027 -0.26495027 -0.26495027 -0.26495027 -0.26495027
 -0.26495027 -0.26495027 -0.26495027 -0.26495027 -0.26495027 -0.26495027
 -0.26495027 -0.26495027 -0.26495027 -0.26495027 -0.26495027 -0.26495027
 -0.26495027 -0.26495027 -0.26495027 -0.26495027 -0.26495027 -0.26495027
 -0.26495027 -0.26495027 -0.26495027 -0.26495027 -0.26495027 -0.26495027
 -0.26495027 -0.26495027 -0.26495027 -0.26495027 -0.26495027 -0.26495027
 -0.26495027 -0.26495027 -0.26495027 -0.26495027 -0.26495027 -0.26495027
 -0.26495027 -0.26495027 -0.26495027 -0.26495027 -0.26495027 -0.26495027
 -0.26495027 -0.26495027 -0.26495027 -0.26495027 -0.26495027 -0.26495027
 -0.26495027 -0.26495027 -0.26495027 -0.26495027 -0.26495027 -0.26495027
 -0.26495027 -0.26495027 -0.26495027 -0.26495027 -0.26495027 -0.26495027
 -0.26495027 -0.26495027 -0.26495027 -0.26495027 -0.26495027  4.60354811
 -0.26495027 -0.26495027  2.03481772 -0.26495027 -0.26495027  3.62703646
 -0.26495027 -0.26495027 -0.26495027 -0.26495027 -0.26495027 -0.26495027
 -0.26495027 -0.26495027 -0.26495027 -0.26495027 -0.26495027 -0.26495027
 -0.26495027 -0.26495027 -0.26495027 -0.26495027  1.14709091 -0.26495027
 -0.26495027 -0.26495027  5.94715247 -0.26495027 -0.26495027 -0.26495027
 -0.26495027  3.61879846  5.8448385  -0.26495027 -0.26495027 -0.26495027
 -0.26495027 -0.26495027 -0.26495027 -0.26495027  4.8111     -0.26495027
 -0.26495027 -0.26495027 -0.26495027 -0.26495027 -0.26495027 -0.26495027
 -0.26495027 -0.26495027 -0.26495027 -0.26495027 -0.26495027 -0.26495027
 -0.26495027 -0.26495027 -0.26495027 -0.26495027 -0.26495027 -0.26495027
 -0.26495027 -0.26495027 -0.26495027 -0.26495027 -0.26495027 -0.26495027
 -0.26495027 -0.26495027 -0.26495027 -0.26495027 -0.26495027 -0.26495027
 -0.26495027 -0.26495027 -0.26495027 -0.26495027 -0.26495027 -0.26495027
 -0.26495027  1.4221355  -0.26495027 -0.26495027 -0.26495027 -0.26495027
 -0.26495027 -0.26495027 -0.26495027 -0.26495027 -0.26495027 -0.26495027
 -0.26495027 -0.26495027 -0.26495027 -0.26495027 -0.26495027 -0.26495027
 -0.26495027 -0.26495027 -0.26495027 -0.26495027 -0.26495027 -0.26495027
  1.49958193 -0.26495027 -0.26495027 -0.26495027 -0.26495027 -0.26495027
 -0.26495027 -0.26495027 -0.26495027 -0.26495027 -0.26495027 -0.26495027
 -0.26495027 -0.26495027 -0.26495027 -0.26495027 -0.26495027 -0.26495027
 -0.26495027 -0.26495027 -0.26495027 -0.26495027 -0.26495027 -0.26495027
  1.91051505 -0.26495027  0.87816147 -0.26495027 -0.26495027  1.5045222
 -0.26495027 -0.26495027 -0.26495027 -0.26495027 -0.26495027 -0.26495027
 -0.26495027 -0.26495027 -0.26495027 -0.26495027 -0.26495027 -0.26495027
 -0.26495027 -0.26495027 -0.26495027 -0.26495027 -0.26495027 -0.26495027
 -0.26495027  3.15228022 -0.26495027  4.06137723  4.4025659  -0.26495027
  2.455417    1.19431595  2.76728437  3.0783218  -0.26495027 -0.26495027
 -0.26495027 -0.26495027 -0.26495027 -0.26495027 -0.26495027 -0.26495027
 -0.26495027 -0.26495027 -0.26495027  5.7886305   3.48596394 -0.26495027
 -0.26495027 -0.26495027  4.14304554  4.31747078 -0.26495027  1.22202354
 -0.26495027 -0.26495027 -0.26495027 -0.26495027 -0.26495027 -0.26495027
  1.74376061 -0.26495027  5.238884   -0.26495027  3.58909861 -0.26495027
 -0.26495027  1.59537506 -0.26495027  1.06447507  3.73192238 -0.26495027
 -0.26495027 -0.26495027 -0.26495027 -0.26495027  3.94761334  2.62141556
  1.2444725  -0.26495027 -0.26495027 -0.26495027 -0.26495027 -0.26495027
 -0.26495027 -0.26495027  3.3205406  -0.26495027 -0.26495027 -0.26495027
 -0.26495027 -0.26495027 -0.26495027 -0.26495027 -0.26495027 -0.26495027
 -0.26495027 -0.26495027 -0.26495027 -0.26495027 -0.26495027  1.40467468
 -0.26495027 -0.26495027 -0.26495027 -0.26495027 -0.26495027 -0.26495027
 -0.26495027 -0.26495027 -0.26495027 -0.26495027  0.46783441 -0.26495027
 -0.26495027 -0.26495027 -0.26495027 -0.26495027 -0.26495027 -0.26495027
 -0.26495027 -0.26495027 -0.26495027 -0.26495027 -0.26495027 -0.26495027
 -0.26495027 -0.26495027 -0.26495027 -0.26495027 -0.26495027 -0.26495027
 -0.26495027 -0.26495027 -0.26495027 -0.26495027 -0.26495027 -0.26495027
 -0.26495027 -0.26495027 -0.26495027 -0.26495027 -0.26495027 -0.26495027
 -0.26495027 -0.26495027 -0.26495027 -0.26495027 -0.26495027 -0.26495027
 -0.26495027 -0.26495027 -0.26495027 -0.26495027 -0.26495027 -0.26495027
 -0.26495027 -0.26495027 -0.26495027 -0.26495027 -0.26495027 -0.26495027
 -0.26495027 -0.26495027 -0.26495027 -0.26495027 -0.26495027 -0.26495027
 -0.26495027 -0.26495027 -0.26495027 -0.26495027 -0.26495027 -0.26495027
 -0.26495027 -0.26495027 -0.26495027 -0.26495027 -0.26495027 -0.26495027
 -0.26495027 -0.26495027 -0.26495027 -0.26495027 -0.26495027 -0.26495027
 -0.26495027 -0.26495027 -0.26495027 -0.26495027 -0.26495027 -0.26495027
 -0.26495027 -0.26495027 -0.26495027 -0.26495027 -0.26495027 -0.26495027
 -0.26495027 -0.26495027 -0.26495027 -0.26495027 -0.26495027 -0.26495027
 -0.26495027 -0.26495027 -0.26495027 -0.26495027 -0.26495027 -0.26495027
 -0.26495027 -0.26495027 -0.26495027 -0.26495027  5.54248919 -0.26495027
 -0.26495027 -0.26495027 -0.26495027 -0.26495027 -0.26495027 -0.26495027
 -0.26495027 -0.26495027 -0.26495027 -0.26495027 -0.26495027 -0.26495027
 -0.26495027 -0.26495027 -0.26495027 -0.26495027 -0.26495027 -0.26495027
  3.85463953 -0.26495027 -0.26495027 -0.26495027 -0.26495027 -0.26495027
 -0.26495027 -0.26495027 -0.26495027 -0.26495027 -0.26495027 -0.26495027
 -0.26495027 -0.26495027 -0.26495027 -0.26495027 -0.26495027 -0.26495027
 -0.26495027 -0.26495027 -0.26495027 -0.26495027 -0.26495027 -0.26495027
  4.14304554 -0.26495027 -0.26495027 -0.26495027 -0.26495027 -0.26495027
 -0.26495027 -0.26495027 -0.26495027 -0.26495027 -0.26495027 -0.26495027
 -0.26495027 -0.26495027 -0.26495027 -0.26495027 -0.26495027 -0.26495027
 -0.26495027  3.94134764 -0.26495027 -0.26495027 -0.26495027 -0.26495027
 -0.26495027 -0.26495027 -0.26495027 -0.26495027 -0.26495027 -0.26495027
 -0.26495027 -0.26495027 -0.26495027 -0.26495027 -0.26495027 -0.26495027
 -0.26495027 -0.26495027 -0.26495027 -0.26495027 -0.26495027 -0.26495027
 -0.26495027 -0.26495027 -0.26495027 -0.26495027 -0.26495027 -0.26495027
 -0.26495027 -0.26495027 -0.26495027 -0.26495027]",[-0.018618586236836376]
18,"[-0.27423484 -0.27423484 -0.27423484 -0.27423484  1.12285099 -0.27423484
 -0.27423484 -0.27423484 -0.27423484 -0.27423484 -0.27423484 -0.27423484
 -0.27423484 -0.27423484 -0.27423484 -0.27423484 -0.27423484 -0.27423484
 -0.27423484 -0.27423484 -0.27423484 -0.27423484 -0.27423484 -0.27423484
 -0.27423484 -0.27423484 -0.27423484 -0.27423484 -0.27423484 -0.27423484
 -0.27423484 -0.27423484 -0.27423484 -0.27423484 -0.27423484 -0.27423484
 -0.27423484 -0.27423484 -0.27423484 -0.27423484 -0.27423484 -0.27423484
 -0.27423484 -0.27423484 -0.27423484 -0.27423484 -0.27423484 -0.27423484
 -0.27423484 -0.27423484 -0.27423484 -0.27423484 -0.27423484 -0.27423484
 -0.27423484 -0.27423484 -0.27423484 -0.27423484 -0.27423484 -0.27423484
 -0.27423484 -0.27423484 -0.27423484 -0.27423484 -0.27423484 -0.27423484
 -0.27423484 -0.27423484 -0.27423484 -0.27423484 -0.27423484 -0.27423484
 -0.27423484 -0.27423484 -0.27423484 -0.27423484 -0.27423484 -0.27423484
 -0.27423484 -0.27423484 -0.27423484 -0.27423484 -0.27423484  4.17269983
 -0.27423484 -0.27423484 -0.27423484 -0.27423484 -0.27423484  2.91807335
 -0.27423484 -0.27423484 -0.27423484 -0.27423484 -0.27423484 -0.27423484
 -0.27423484 -0.27423484 -0.27423484 -0.27423484 -0.27423484 -0.27423484
 -0.27423484 -0.27423484 -0.27423484 -0.27423484 -0.27423484 -0.27423484
 -0.27423484 -0.27423484  4.97556208 -0.27423484 -0.27423484 -0.27423484
 -0.27423484 -0.27423484 -0.27423484 -0.27423484 -0.27423484 -0.27423484
 -0.27423484 -0.27423484 -0.27423484  1.93246497 -0.27423484 -0.27423484
 -0.27423484 -0.27423484 -0.27423484 -0.27423484 -0.27423484 -0.27423484
 -0.27423484 -0.27423484 -0.27423484 -0.27423484 -0.27423484 -0.27423484
 -0.27423484 -0.27423484 -0.27423484 -0.27423484 -0.27423484 -0.27423484
 -0.27423484 -0.27423484 -0.27423484 -0.27423484 -0.27423484 -0.27423484
 -0.27423484 -0.27423484 -0.27423484 -0.27423484 -0.27423484 -0.27423484
 -0.27423484 -0.27423484 -0.27423484 -0.27423484 -0.27423484 -0.27423484
 -0.27423484  2.65865898 -0.27423484 -0.27423484 -0.27423484 -0.27423484
 -0.27423484 -0.27423484 -0.27423484 -0.27423484 -0.27423484 -0.27423484
 -0.27423484 -0.27423484 -0.27423484 -0.27423484 -0.27423484 -0.27423484
 -0.27423484 -0.27423484 -0.27423484 -0.27423484 -0.27423484 -0.27423484
 -0.27423484 -0.27423484 -0.27423484 -0.27423484 -0.27423484 -0.27423484
 -0.27423484 -0.27423484 -0.27423484 -0.27423484 -0.27423484 -0.27423484
 -0.27423484 -0.27423484 -0.27423484 -0.27423484 -0.27423484 -0.27423484
 -0.27423484 -0.27423484 -0.27423484 -0.27423484 -0.27423484  4.54855032
  1.89696424 -0.27423484  0.15737984 -0.27423484 -0.27423484  3.14812469
  2.80627542 -0.27423484 -0.27423484 -0.27423484 -0.27423484 -0.27423484
 -0.27423484 -0.27423484 -0.27423484 -0.27423484 -0.27423484 -0.27423484
 -0.27423484 -0.27423484 -0.27423484 -0.27423484 -0.27423484 -0.27423484
 -0.27423484  3.51352207 -0.27423484  3.57520497  3.28628923 -0.27423484
  1.71292227 -0.27423484  2.63906238  2.42940446 -0.27423484 -0.27423484
 -0.27423484 -0.27423484 -0.27423484 -0.27423484 -0.27423484 -0.27423484
 -0.27423484 -0.27423484 -0.27423484  6.28765975  3.84584277 -0.27423484
 -0.27423484 -0.27423484  5.00442837  4.15570342 -0.27423484  0.6156719
 -0.27423484 -0.27423484 -0.27423484 -0.27423484 -0.27423484 -0.27423484
  2.9962312  -0.27423484  5.46913913 -0.27423484 -0.27423484  5.13402718
 -0.27423484 -0.27423484 -0.27423484 -0.27423484  2.91807335 -0.27423484
 -0.27423484 -0.27423484 -0.27423484 -0.27423484  4.93147988  1.78707448
 -0.27423484 -0.27423484 -0.27423484 -0.27423484 -0.27423484  3.89244491
 -0.27423484 -0.27423484 -0.27423484 -0.27423484 -0.27423484 -0.27423484
 -0.27423484 -0.27423484 -0.27423484 -0.27423484  3.19604273 -0.27423484
 -0.27423484 -0.27423484 -0.27423484 -0.27423484 -0.27423484  1.70217336
 -0.27423484  1.70514273 -0.27423484 -0.27423484 -0.27423484 -0.27423484
 -0.27423484 -0.27423484 -0.27423484 -0.27423484 -0.27423484 -0.27423484
 -0.27423484 -0.27423484 -0.27423484 -0.27423484 -0.27423484 -0.27423484
 -0.27423484 -0.27423484 -0.27423484 -0.27423484 -0.27423484 -0.27423484
  1.6458342  -0.27423484 -0.27423484 -0.27423484 -0.27423484 -0.27423484
 -0.27423484 -0.27423484 -0.27423484 -0.27423484 -0.27423484 -0.27423484
 -0.27423484 -0.27423484 -0.27423484 -0.27423484 -0.27423484 -0.27423484
 -0.27423484 -0.27423484 -0.27423484 -0.27423484 -0.27423484 -0.27423484
 -0.27423484 -0.27423484 -0.27423484 -0.27423484 -0.27423484 -0.27423484
 -0.27423484 -0.27423484 -0.27423484 -0.27423484 -0.27423484 -0.27423484
 -0.27423484 -0.27423484 -0.27423484 -0.27423484 -0.27423484 -0.27423484
 -0.27423484 -0.27423484 -0.27423484 -0.27423484 -0.27423484 -0.27423484
  1.49155721  2.46958153 -0.27423484 -0.27423484 -0.27423484 -0.27423484
 -0.27423484 -0.27423484 -0.27423484 -0.27423484 -0.27423484 -0.27423484
 -0.27423484 -0.27423484 -0.27423484 -0.27423484 -0.27423484 -0.27423484
 -0.27423484 -0.27423484 -0.27423484 -0.27423484 -0.27423484 -0.27423484
 -0.27423484 -0.27423484 -0.27423484 -0.27423484 -0.27423484 -0.27423484
 -0.27423484 -0.27423484 -0.27423484 -0.27423484 -0.27423484 -0.27423484
 -0.27423484 -0.27423484 -0.27423484 -0.27423484  5.27486529 -0.27423484
 -0.27423484 -0.27423484 -0.27423484 -0.27423484 -0.27423484 -0.27423484
 -0.27423484  1.6458342  -0.27423484 -0.27423484 -0.27423484 -0.27423484
 -0.27423484 -0.27423484  1.90835027 -0.27423484 -0.27423484 -0.27423484
 -0.27423484 -0.27423484 -0.27423484 -0.27423484 -0.27423484 -0.27423484
 -0.27423484 -0.27423484 -0.27423484 -0.27423484 -0.27423484 -0.27423484
 -0.27423484 -0.27423484 -0.27423484 -0.27423484 -0.27423484 -0.27423484
 -0.27423484 -0.27423484  0.80268125 -0.27423484 -0.27423484 -0.27423484
 -0.27423484 -0.27423484 -0.27423484 -0.27423484 -0.27423484 -0.27423484
 -0.27423484 -0.27423484 -0.27423484 -0.27423484 -0.27423484 -0.27423484
 -0.27423484 -0.27423484 -0.27423484 -0.27423484 -0.27423484 -0.27423484
  2.52653167  5.39621729 -0.27423484 -0.27423484 -0.27423484  0.52656311
 -0.27423484 -0.27423484 -0.27423484 -0.27423484 -0.27423484 -0.27423484
 -0.27423484 -0.27423484 -0.27423484 -0.27423484 -0.27423484 -0.27423484
 -0.27423484  2.52653167 -0.27423484 -0.27423484 -0.27423484 -0.27423484
 -0.27423484 -0.27423484 -0.27423484 -0.27423484 -0.27423484 -0.27423484
 -0.27423484 -0.27423484  3.18608933 -0.27423484]",[-0.008931745388319978]
18,"[-0.22590713 -0.22590713 -0.22590713 -0.22590713 -0.22590713 -0.22590713
 -0.22590713 -0.22590713 -0.22590713 -0.22590713 -0.22590713 -0.22590713
 -0.22590713 -0.22590713 -0.22590713 -0.22590713 -0.22590713 -0.22590713
 -0.22590713 -0.22590713 -0.22590713 -0.22590713 -0.22590713 -0.22590713
 -0.22590713 -0.22590713 -0.22590713 -0.22590713 -0.22590713 -0.22590713
 -0.22590713 -0.22590713 -0.22590713 -0.22590713 -0.22590713 -0.22590713
 -0.22590713 -0.22590713 -0.22590713 -0.22590713 -0.22590713 -0.22590713
 -0.22590713 -0.22590713 -0.22590713 -0.22590713 -0.22590713 -0.22590713
 -0.22590713 -0.22590713 -0.22590713 -0.22590713 -0.22590713 -0.22590713
 -0.22590713 -0.22590713 -0.22590713 -0.22590713 -0.22590713 -0.22590713
 -0.22590713 -0.22590713 -0.22590713 -0.22590713 -0.22590713 -0.22590713
 -0.22590713 -0.22590713 -0.22590713 -0.22590713 -0.22590713 -0.22590713
 -0.22590713 -0.22590713 -0.22590713 -0.22590713 -0.22590713 -0.22590713
 -0.22590713 -0.22590713 -0.22590713 -0.22590713 -0.22590713  4.97879429
 -0.22590713 -0.22590713 -0.22590713 -0.22590713 -0.22590713 -0.22590713
 -0.22590713 -0.22590713  2.01617788 -0.22590713 -0.22590713 -0.22590713
 -0.22590713 -0.22590713 -0.22590713 -0.22590713 -0.22590713 -0.22590713
 -0.22590713 -0.22590713 -0.22590713 -0.22590713 -0.22590713 -0.22590713
 -0.22590713 -0.22590713  7.35809957 -0.22590713 -0.22590713 -0.22590713
 -0.22590713 -0.22590713  4.96060677 -0.22590713 -0.22590713 -0.22590713
 -0.22590713 -0.22590713 -0.22590713 -0.22590713  4.97255017 -0.22590713
 -0.22590713 -0.22590713 -0.22590713 -0.22590713 -0.22590713 -0.22590713
 -0.22590713 -0.22590713 -0.22590713 -0.22590713 -0.22590713 -0.22590713
 -0.22590713 -0.22590713 -0.22590713 -0.22590713 -0.22590713 -0.22590713
 -0.22590713 -0.22590713 -0.22590713 -0.22590713 -0.22590713 -0.22590713
 -0.22590713 -0.22590713 -0.22590713 -0.22590713 -0.22590713 -0.22590713
 -0.22590713 -0.22590713 -0.22590713 -0.22590713 -0.22590713 -0.22590713
 -0.22590713 -0.22590713 -0.22590713 -0.22590713 -0.22590713 -0.22590713
 -0.22590713 -0.22590713 -0.22590713 -0.22590713 -0.22590713 -0.22590713
 -0.22590713 -0.22590713 -0.22590713 -0.22590713 -0.22590713 -0.22590713
 -0.22590713 -0.22590713 -0.22590713 -0.22590713 -0.22590713 -0.22590713
 -0.22590713 -0.22590713 -0.22590713 -0.22590713 -0.22590713 -0.22590713
 -0.22590713 -0.22590713 -0.22590713 -0.22590713 -0.22590713 -0.22590713
 -0.22590713 -0.22590713 -0.22590713 -0.22590713 -0.22590713 -0.22590713
 -0.22590713 -0.22590713 -0.22590713 -0.22590713 -0.22590713 -0.22590713
 -0.22590713 -0.22590713 -0.11559132 -0.22590713 -0.22590713  0.30633939
 -0.22590713 -0.22590713 -0.22590713 -0.22590713 -0.22590713 -0.22590713
 -0.22590713 -0.22590713 -0.22590713 -0.22590713 -0.22590713 -0.22590713
 -0.22590713 -0.22590713 -0.22590713 -0.22590713 -0.22590713 -0.22590713
 -0.22590713  1.65927812 -0.22590713  2.21678592  3.41855647 -0.22590713
  4.30365307  0.62648482 -0.22590713 -0.22590713 -0.22590713 -0.22590713
 -0.22590713 -0.22590713 -0.22590713 -0.22590713 -0.22590713 -0.22590713
 -0.22590713 -0.22590713 -0.22590713  5.25659622 -0.22590713 -0.22590713
 -0.22590713 -0.22590713 -0.22590713  2.28798341 -0.22590713  0.19885417
 -0.22590713 -0.22590713 -0.22590713  2.18899107  2.1231786  -0.22590713
  3.75066959 -0.22590713  6.41564733 -0.22590713  3.44542007 -0.22590713
 -0.22590713  2.12895762 -0.22590713 -0.22590713  0.83683538 -0.22590713
  2.23582111  2.33771865 -0.22590713 -0.22590713 -0.22590713  4.59672039
  1.95175387 -0.22590713 -0.22590713 -0.22590713 -0.22590713 -0.22590713
 -0.22590713 -0.22590713 -0.22590713 -0.22590713 -0.22590713 -0.22590713
 -0.22590713 -0.22590713 -0.22590713 -0.22590713  4.34440217 -0.22590713
 -0.22590713 -0.22590713 -0.22590713 -0.22590713 -0.22590713  3.75328255
 -0.22590713 -0.22590713 -0.22590713 -0.22590713 -0.22590713 -0.22590713
 -0.22590713 -0.22590713 -0.22590713 -0.22590713 -0.22590713 -0.22590713
 -0.22590713 -0.22590713 -0.22590713 -0.22590713 -0.22590713 -0.22590713
 -0.22590713 -0.22590713 -0.22590713 -0.22590713 -0.22590713 -0.22590713
 -0.22590713 -0.22590713 -0.22590713 -0.22590713 -0.22590713 -0.22590713
 -0.22590713 -0.22590713 -0.22590713 -0.22590713 -0.22590713 -0.22590713
 -0.22590713 -0.22590713 -0.22590713 -0.22590713 -0.22590713 -0.22590713
 -0.22590713 -0.22590713 -0.22590713 -0.22590713 -0.22590713 -0.22590713
 -0.22590713 -0.22590713 -0.22590713 -0.22590713 -0.22590713 -0.22590713
 -0.22590713 -0.22590713 -0.22590713 -0.22590713 -0.22590713 -0.22590713
 -0.22590713 -0.22590713 -0.22590713 -0.22590713 -0.22590713 -0.22590713
 -0.22590713 -0.22590713 -0.22590713 -0.22590713 -0.22590713 -0.22590713
 -0.22590713 -0.22590713 -0.22590713 -0.22590713 -0.22590713 -0.22590713
 -0.22590713 -0.22590713 -0.22590713 -0.22590713 -0.22590713 -0.22590713
 -0.22590713 -0.22590713 -0.22590713 -0.22590713 -0.22590713 -0.22590713
 -0.22590713 -0.22590713 -0.22590713 -0.22590713 -0.22590713 -0.22590713
 -0.22590713 -0.22590713 -0.22590713 -0.22590713 -0.22590713 -0.22590713
 -0.22590713 -0.22590713 -0.22590713 -0.22590713 -0.22590713 -0.22590713
 -0.22590713 -0.22590713 -0.22590713 -0.22590713 -0.22590713  4.45003662
 -0.22590713 -0.22590713 -0.22590713 -0.22590713 -0.22590713 -0.22590713
 -0.22590713 -0.22590713 -0.22590713 -0.22590713 -0.22590713 -0.22590713
 -0.22590713 -0.22590713 -0.22590713 -0.22590713 -0.22590713 -0.22590713
 -0.22590713 -0.22590713 -0.22590713 -0.22590713 -0.22590713 -0.22590713
 -0.22590713 -0.22590713 -0.22590713 -0.22590713 -0.22590713 -0.22590713
 -0.22590713 -0.22590713 -0.22590713 -0.22590713 -0.22590713 -0.22590713
 -0.22590713 -0.22590713  6.19951773 -0.22590713 -0.22590713 -0.22590713
  6.35434393 -0.22590713 -0.22590713 -0.22590713 -0.22590713 -0.22590713
 -0.22590713 -0.22590713 -0.22590713 -0.22590713 -0.22590713 -0.22590713
 -0.22590713 -0.22590713 -0.22590713 -0.22590713 -0.22590713 -0.22590713
 -0.22590713 -0.22590713  2.33771865 -0.22590713 -0.22590713 -0.22590713
 -0.22590713 -0.22590713 -0.22590713 -0.22590713 -0.22590713 -0.22590713
 -0.22590713 -0.22590713 -0.22590713 -0.22590713 -0.22590713 -0.22590713
 -0.22590713 -0.22590713 -0.22590713 -0.22590713 -0.22590713 -0.22590713
 -0.22590713 -0.22590713 -0.22590713 -0.22590713 -0.22590713 -0.22590713
 -0.22590713 -0.22590713  6.12059047 -0.22590713]",[-0.025233245023124212]
18,"[-0.26836476 -0.26836476 -0.26836476 -0.26836476 -0.21559083 -0.26836476
 -0.26836476 -0.26836476 -0.26836476 -0.26836476 -0.26836476 -0.26836476
 -0.26836476 -0.26836476 -0.26836476 -0.26836476 -0.26836476 -0.26836476
 -0.26836476 -0.26836476 -0.26836476 -0.26836476 -0.26836476 -0.26836476
 -0.26836476 -0.26836476 -0.26836476 -0.26836476 -0.26836476 -0.26836476
 -0.26836476 -0.26836476 -0.26836476 -0.26836476 -0.26836476 -0.26836476
 -0.26836476 -0.26836476 -0.26836476 -0.26836476 -0.26836476 -0.26836476
 -0.26836476 -0.26836476 -0.26836476 -0.26836476 -0.26836476 -0.26836476
 -0.26836476 -0.26836476 -0.26836476 -0.26836476 -0.26836476 -0.26836476
 -0.26836476 -0.26836476 -0.26836476 -0.26836476 -0.26836476 -0.26836476
 -0.26836476 -0.26836476 -0.26836476 -0.26836476 -0.26836476 -0.26836476
 -0.26836476 -0.26836476 -0.26836476 -0.26836476 -0.26836476 -0.26836476
 -0.26836476 -0.26836476 -0.26836476 -0.26836476 -0.26836476 -0.26836476
 -0.26836476 -0.26836476 -0.26836476 -0.26836476 -0.26836476  4.28938801
 -0.26836476 -0.26836476 -0.26836476 -0.26836476 -0.26836476  2.45005797
 -0.26836476 -0.26836476 -0.26836476 -0.26836476 -0.26836476 -0.26836476
 -0.26836476 -0.26836476 -0.26836476 -0.26836476 -0.26836476 -0.26836476
 -0.26836476 -0.26836476 -0.26836476 -0.26836476 -0.26836476 -0.26836476
 -0.26836476 -0.26836476  5.02513614 -0.26836476 -0.26836476 -0.26836476
 -0.26836476 -0.26836476  2.4395965  -0.26836476 -0.26836476 -0.26836476
 -0.26836476 -0.26836476 -0.26836476 -0.26836476  3.50821353 -0.26836476
 -0.26836476 -0.26836476 -0.26836476 -0.26836476 -0.26836476 -0.26836476
 -0.26836476 -0.26836476 -0.26836476 -0.26836476 -0.26836476 -0.26836476
 -0.26836476 -0.26836476 -0.26836476 -0.26836476 -0.26836476 -0.26836476
 -0.26836476 -0.26836476 -0.26836476 -0.26836476 -0.26836476 -0.26836476
 -0.26836476 -0.26836476 -0.26836476 -0.26836476 -0.26836476 -0.26836476
 -0.26836476 -0.26836476 -0.26836476 -0.26836476 -0.26836476 -0.26836476
 -0.26836476 -0.05970253 -0.26836476 -0.26836476 -0.26836476 -0.26836476
 -0.26836476 -0.26836476 -0.26836476 -0.26836476 -0.26836476 -0.26836476
 -0.26836476 -0.26836476 -0.26836476 -0.26836476 -0.26836476 -0.26836476
 -0.26836476 -0.26836476 -0.26836476 -0.26836476 -0.26836476 -0.26836476
 -0.26836476 -0.26836476 -0.26836476 -0.26836476 -0.26836476 -0.26836476
 -0.26836476 -0.26836476 -0.26836476 -0.26836476 -0.26836476 -0.26836476
 -0.26836476 -0.26836476 -0.26836476 -0.26836476 -0.26836476 -0.26836476
 -0.26836476 -0.26836476 -0.26836476 -0.26836476 -0.26836476 -0.26836476
  4.34235918 -0.26836476  0.30708127 -0.26836476 -0.26836476  2.97479375
 -0.26836476 -0.26836476 -0.26836476 -0.26836476 -0.26836476 -0.26836476
 -0.26836476 -0.26836476 -0.26836476 -0.26836476 -0.26836476 -0.26836476
 -0.26836476 -0.26836476 -0.26836476 -0.26836476 -0.26836476 -0.26836476
 -0.26836476  3.82089561 -0.26836476  2.41844568  3.28192127 -0.26836476
  3.11784919  1.59323516  4.21659738  4.94613522 -0.26836476 -0.26836476
 -0.26836476 -0.26836476 -0.26836476 -0.26836476 -0.26836476 -0.26836476
 -0.26836476 -0.26836476 -0.26836476  5.83197938  3.54155152 -0.26836476
 -0.26836476 -0.26836476  5.07998306  2.92983401 -0.26836476  1.08560742
 -0.26836476 -0.26836476 -0.26836476 -0.26836476  1.36769408 -0.26836476
 -0.26836476 -0.26836476  5.01273554 -0.26836476  1.6589684   6.14289623
 -0.26836476 -0.26836476 -0.26836476  1.30962379  2.94673125 -0.26836476
 -0.26836476  2.52234847 -0.26836476 -0.26836476  4.84516575  1.46261514
 -0.26836476 -0.26836476 -0.26836476  1.0825214  -0.26836476  4.09705485
 -0.26836476 -0.26836476 -0.26836476 -0.26836476 -0.26836476 -0.26836476
 -0.26836476 -0.26836476 -0.26836476 -0.26836476  2.02234355  5.73003199
 -0.26836476 -0.26836476 -0.26836476 -0.26836476 -0.26836476  0.70381934
 -0.26836476 -0.26836476 -0.26836476 -0.26836476 -0.26836476 -0.26836476
 -0.26836476 -0.26836476 -0.26836476 -0.26836476  1.30029906  1.4975789
 -0.26836476 -0.26836476 -0.26836476 -0.26836476 -0.26836476 -0.26836476
 -0.26836476 -0.26836476 -0.26836476 -0.26836476 -0.26836476 -0.26836476
 -0.26836476 -0.26836476 -0.26836476 -0.26836476 -0.26836476 -0.26836476
 -0.26836476 -0.26836476 -0.26836476 -0.26836476 -0.26836476 -0.26836476
 -0.26836476 -0.26836476 -0.26836476 -0.26836476 -0.26836476 -0.26836476
 -0.26836476 -0.26836476 -0.26836476 -0.26836476 -0.26836476 -0.26836476
 -0.26836476 -0.26836476 -0.26836476 -0.26836476 -0.26836476 -0.26836476
 -0.26836476 -0.26836476 -0.26836476 -0.26836476 -0.26836476 -0.26836476
 -0.26836476 -0.26836476 -0.26836476 -0.26836476 -0.26836476 -0.26836476
 -0.26836476 -0.26836476 -0.26836476 -0.26836476 -0.26836476 -0.26836476
 -0.26836476 -0.26836476 -0.26836476 -0.26836476 -0.26836476 -0.26836476
 -0.26836476 -0.26836476 -0.26836476 -0.26836476 -0.26836476 -0.26836476
 -0.26836476 -0.26836476 -0.26836476 -0.26836476 -0.26836476 -0.26836476
 -0.26836476 -0.26836476 -0.26836476 -0.26836476 -0.26836476 -0.26836476
 -0.26836476 -0.26836476 -0.26836476 -0.26836476 -0.26836476 -0.26836476
 -0.26836476 -0.26836476 -0.26836476 -0.26836476 -0.26836476 -0.26836476
 -0.26836476 -0.26836476 -0.26836476 -0.26836476 -0.26836476  3.61012351
 -0.26836476 -0.26836476 -0.26836476 -0.26836476 -0.26836476 -0.26836476
 -0.26836476 -0.26836476 -0.26836476 -0.26836476 -0.26836476 -0.26836476
 -0.26836476 -0.26836476 -0.26836476 -0.26836476 -0.26836476 -0.26836476
 -0.26836476 -0.26836476 -0.26836476 -0.26836476 -0.26836476 -0.26836476
 -0.26836476 -0.26836476 -0.26836476 -0.26836476 -0.26836476 -0.26836476
 -0.26836476 -0.26836476 -0.26836476 -0.26836476 -0.26836476 -0.26836476
 -0.26836476 -0.26836476  2.45005797 -0.26836476 -0.26836476 -0.26836476
 -0.26836476 -0.26836476 -0.26836476 -0.26836476 -0.26836476 -0.26836476
 -0.26836476 -0.26836476 -0.26836476 -0.26836476 -0.26836476 -0.26836476
 -0.26836476 -0.26836476 -0.26836476 -0.26836476  1.81057162 -0.26836476
 -0.26836476  4.99372166 -0.26836476 -0.26836476 -0.26836476  0.76876528
 -0.26836476 -0.26836476 -0.26836476 -0.26836476 -0.26836476  1.6777461
 -0.26836476 -0.26836476 -0.26836476 -0.26836476 -0.26836476 -0.26836476
 -0.26836476  1.5344774  -0.26836476 -0.26836476 -0.26836476 -0.26836476
 -0.26836476 -0.26836476 -0.26836476 -0.26836476 -0.26836476 -0.26836476
 -0.26836476 -0.26836476 -0.26836476 -0.26836476]",[0.06379482728400537]
18,"[-0.28767902 -0.28767902 -0.28767902 -0.28767902  2.42504216 -0.28767902
 -0.28767902 -0.28767902 -0.28767902 -0.28767902 -0.28767902 -0.28767902
 -0.28767902 -0.28767902 -0.28767902 -0.28767902 -0.28767902 -0.28767902
 -0.28767902 -0.28767902 -0.28767902 -0.28767902 -0.28767902 -0.28767902
 -0.28767902 -0.28767902 -0.28767902 -0.28767902 -0.28767902 -0.28767902
 -0.28767902 -0.28767902 -0.28767902 -0.28767902 -0.28767902 -0.28767902
 -0.28767902 -0.28767902 -0.28767902 -0.28767902 -0.28767902 -0.28767902
 -0.28767902 -0.28767902 -0.28767902 -0.28767902 -0.28767902 -0.28767902
 -0.28767902 -0.28767902 -0.28767902 -0.28767902 -0.28767902 -0.28767902
 -0.28767902 -0.28767902 -0.28767902 -0.28767902 -0.28767902 -0.28767902
 -0.28767902 -0.28767902 -0.28767902 -0.28767902 -0.28767902 -0.28767902
 -0.28767902 -0.28767902 -0.28767902 -0.28767902 -0.28767902 -0.28767902
 -0.28767902 -0.28767902 -0.28767902 -0.28767902 -0.28767902 -0.28767902
 -0.28767902 -0.28767902 -0.28767902 -0.28767902 -0.28767902  5.13754296
 -0.28767902 -0.28767902 -0.28767902 -0.28767902 -0.28767902 -0.28767902
 -0.28767902 -0.28767902 -0.28767902 -0.28767902  1.00494088 -0.28767902
 -0.28767902 -0.28767902 -0.28767902 -0.28767902 -0.28767902 -0.28767902
 -0.28767902 -0.28767902 -0.28767902 -0.28767902 -0.28767902 -0.28767902
 -0.28767902 -0.28767902  5.33278983 -0.28767902 -0.28767902 -0.28767902
 -0.28767902 -0.28767902 -0.28767902 -0.28767902 -0.28767902 -0.28767902
 -0.28767902 -0.28767902 -0.28767902 -0.28767902  4.98334002 -0.28767902
 -0.28767902 -0.28767902 -0.28767902 -0.28767902 -0.28767902 -0.28767902
 -0.28767902 -0.28767902 -0.28767902 -0.28767902 -0.28767902 -0.28767902
 -0.28767902 -0.28767902 -0.28767902 -0.28767902 -0.28767902 -0.28767902
 -0.28767902 -0.28767902 -0.28767902 -0.28767902 -0.28767902 -0.28767902
 -0.28767902 -0.28767902 -0.28767902 -0.28767902 -0.28767902 -0.28767902
 -0.28767902 -0.28767902 -0.28767902 -0.28767902 -0.28767902 -0.28767902
 -0.28767902  0.42262144 -0.28767902 -0.28767902 -0.28767902 -0.28767902
 -0.28767902 -0.28767902 -0.28767902 -0.28767902 -0.28767902 -0.28767902
 -0.28767902 -0.28767902 -0.28767902 -0.28767902 -0.28767902 -0.28767902
 -0.28767902 -0.28767902 -0.28767902 -0.28767902 -0.28767902 -0.28767902
 -0.28767902 -0.28767902 -0.28767902 -0.28767902 -0.28767902 -0.28767902
 -0.28767902 -0.28767902 -0.28767902 -0.28767902 -0.28767902 -0.28767902
 -0.28767902 -0.28767902  0.76032939 -0.28767902 -0.28767902 -0.28767902
 -0.28767902 -0.28767902 -0.28767902 -0.28767902 -0.28767902  1.77940685
  2.03804177 -0.28767902  2.90007823 -0.28767902 -0.28767902  2.23203455
 -0.28767902 -0.28767902 -0.28767902 -0.28767902 -0.28767902 -0.28767902
 -0.28767902 -0.28767902 -0.28767902 -0.28767902 -0.28767902 -0.28767902
 -0.28767902 -0.28767902 -0.28767902 -0.28767902 -0.28767902 -0.28767902
 -0.28767902  2.06247389 -0.28767902  3.59833303  3.65352405 -0.28767902
  2.20307939  1.83464064  4.18743235  3.84016894 -0.28767902 -0.28767902
 -0.28767902 -0.28767902 -0.28767902  3.09130384 -0.28767902 -0.28767902
 -0.28767902 -0.28767902 -0.28767902  3.28930981  3.47351633 -0.28767902
 -0.28767902 -0.28767902  3.97041385  4.04557792 -0.28767902  1.5584602
 -0.28767902 -0.28767902 -0.28767902  1.5739142   0.32443565 -0.28767902
  3.46317655 -0.28767902  3.48500641 -0.28767902  3.43550741  3.39151011
 -0.28767902  3.94809669 -0.28767902 -0.28767902  3.40203308  3.08934139
  3.64753774  2.30844781 -0.28767902 -0.28767902  2.903776    2.92657777
 -0.28767902 -0.28767902 -0.28767902  1.92320476 -0.28767902 -0.28767902
 -0.28767902 -0.28767902 -0.28767902 -0.28767902 -0.28767902 -0.28767902
 -0.28767902 -0.28767902 -0.28767902 -0.28767902  0.60897208 -0.28767902
  3.67511737 -0.28767902 -0.28767902 -0.28767902 -0.28767902 -0.28767902
 -0.28767902 -0.28767902 -0.28767902 -0.28767902 -0.28767902 -0.28767902
 -0.28767902 -0.28767902 -0.28767902 -0.28767902  4.7347402  -0.28767902
 -0.28767902 -0.28767902 -0.28767902 -0.28767902 -0.28767902 -0.28767902
 -0.28767902 -0.28767902 -0.28767902 -0.28767902 -0.28767902 -0.28767902
 -0.28767902 -0.28767902 -0.28767902 -0.28767902 -0.28767902 -0.28767902
 -0.28767902 -0.28767902 -0.28767902 -0.28767902 -0.28767902 -0.28767902
 -0.28767902 -0.28767902 -0.28767902 -0.28767902 -0.28767902 -0.28767902
 -0.28767902 -0.28767902 -0.28767902 -0.28767902 -0.28767902 -0.28767902
 -0.28767902 -0.28767902 -0.28767902 -0.28767902 -0.28767902 -0.28767902
 -0.28767902 -0.28767902 -0.28767902 -0.28767902 -0.28767902 -0.28767902
 -0.28767902 -0.28767902 -0.28767902 -0.28767902 -0.28767902 -0.28767902
 -0.28767902 -0.28767902 -0.28767902 -0.28767902 -0.28767902 -0.28767902
 -0.28767902 -0.28767902 -0.28767902  3.12392816 -0.28767902 -0.28767902
 -0.28767902 -0.28767902 -0.28767902 -0.28767902 -0.28767902 -0.28767902
 -0.28767902 -0.28767902 -0.28767902 -0.28767902 -0.28767902 -0.28767902
 -0.28767902 -0.28767902 -0.28767902 -0.28767902 -0.28767902 -0.28767902
 -0.28767902 -0.28767902 -0.28767902 -0.28767902 -0.28767902 -0.28767902
 -0.28767902 -0.28767902 -0.28767902 -0.28767902 -0.28767902 -0.28767902
 -0.28767902 -0.28767902 -0.28767902 -0.28767902  6.28982746 -0.28767902
 -0.28767902 -0.28767902 -0.28767902 -0.28767902 -0.28767902 -0.28767902
 -0.28767902 -0.28767902 -0.28767902 -0.28767902 -0.28767902 -0.28767902
 -0.28767902 -0.28767902 -0.28767902 -0.28767902 -0.28767902 -0.28767902
 -0.28767902 -0.28767902 -0.28767902 -0.28767902 -0.28767902 -0.28767902
 -0.28767902 -0.28767902 -0.28767902 -0.28767902 -0.28767902 -0.28767902
 -0.28767902 -0.28767902 -0.28767902 -0.28767902 -0.28767902 -0.28767902
 -0.28767902 -0.28767902  3.08963607 -0.28767902 -0.28767902 -0.28767902
  2.59533286 -0.28767902 -0.28767902 -0.28767902 -0.28767902 -0.28767902
 -0.28767902 -0.28767902 -0.28767902 -0.28767902 -0.28767902 -0.28767902
 -0.28767902 -0.28767902 -0.28767902 -0.28767902 -0.28767902 -0.28767902
 -0.28767902 -0.28767902  2.59533286 -0.28767902 -0.28767902 -0.28767902
 -0.28767902 -0.28767902 -0.28767902 -0.28767902 -0.28767902 -0.28767902
 -0.28767902 -0.28767902 -0.28767902 -0.28767902 -0.28767902 -0.28767902
 -0.28767902 -0.28767902 -0.28767902 -0.28767902 -0.28767902 -0.28767902
 -0.28767902 -0.28767902 -0.28767902 -0.28767902 -0.28767902 -0.28767902
 -0.28767902 -0.28767902 -0.28767902 -0.28767902]",[-0.007949193756315143]
18,"[-0.23903876 -0.23903876 -0.23903876 -0.23903876 -0.23903876 -0.23903876
 -0.23903876 -0.23903876 -0.23903876 -0.23903876 -0.23903876 -0.23903876
 -0.23903876 -0.23903876 -0.23903876 -0.23903876 -0.23903876 -0.23903876
 -0.23903876 -0.23903876 -0.23903876 -0.23903876 -0.23903876 -0.23903876
 -0.23903876 -0.23903876 -0.23903876 -0.23903876 -0.23903876 -0.23903876
 -0.23903876 -0.23903876 -0.23903876 -0.23903876 -0.23903876 -0.23903876
 -0.23903876 -0.23903876 -0.23903876 -0.23903876 -0.23903876 -0.23903876
 -0.23903876 -0.23903876 -0.23903876 -0.23903876 -0.23903876 -0.23903876
 -0.23903876 -0.23903876 -0.23903876 -0.23903876 -0.23903876 -0.23903876
 -0.23903876 -0.23903876 -0.23903876 -0.23903876  0.52607793 -0.23903876
 -0.23903876 -0.23903876 -0.23903876 -0.23903876 -0.23903876 -0.23903876
 -0.23903876 -0.23903876 -0.23903876 -0.23903876 -0.23903876 -0.23903876
 -0.23903876 -0.23903876 -0.23903876 -0.23903876 -0.23903876 -0.23903876
 -0.23903876 -0.23903876 -0.23903876 -0.23903876 -0.23903876  6.25422325
 -0.23903876 -0.23903876 -0.23903876 -0.23903876 -0.23903876  1.27947391
 -0.23903876 -0.23903876 -0.23903876 -0.23903876 -0.23903876 -0.23903876
 -0.23903876 -0.23903876 -0.23903876 -0.23903876 -0.23903876 -0.23903876
 -0.23903876 -0.23903876 -0.23903876 -0.23903876 -0.23903876 -0.23903876
 -0.23903876 -0.23903876  5.49174472 -0.23903876 -0.23903876 -0.23903876
 -0.23903876 -0.23903876 -0.23903876 -0.23903876 -0.23903876 -0.23903876
 -0.23903876 -0.23903876 -0.23903876  5.97300472  1.8683666  -0.23903876
 -0.23903876 -0.23903876 -0.23903876 -0.23903876 -0.23903876 -0.23903876
 -0.23903876 -0.23903876 -0.23903876 -0.23903876 -0.23903876 -0.23903876
 -0.23903876 -0.23903876 -0.23903876 -0.23903876 -0.23903876 -0.23903876
 -0.23903876 -0.23903876 -0.23903876 -0.23903876 -0.23903876 -0.23903876
 -0.23903876 -0.23903876 -0.23903876 -0.23903876 -0.23903876 -0.23903876
 -0.23903876 -0.23903876 -0.23903876 -0.23903876 -0.23903876 -0.23903876
 -0.23903876 -0.01195973 -0.23903876 -0.23903876 -0.23903876 -0.23903876
 -0.23903876 -0.23903876 -0.23903876 -0.23903876 -0.23903876 -0.23903876
 -0.23903876 -0.23903876 -0.23903876 -0.23903876 -0.23903876 -0.23903876
 -0.23903876 -0.23903876 -0.23903876 -0.23903876 -0.23903876 -0.23903876
 -0.23903876 -0.23903876 -0.23903876 -0.23903876 -0.23903876 -0.23903876
 -0.23903876 -0.23903876 -0.23903876 -0.23903876 -0.23903876 -0.23903876
 -0.23903876 -0.23903876 -0.23903876 -0.23903876 -0.23903876 -0.23903876
 -0.23903876 -0.23903876 -0.23903876 -0.23903876 -0.23903876  3.93268206
  3.76943762 -0.23903876  0.45510426 -0.23903876 -0.23903876  0.60704567
 -0.23903876 -0.23903876 -0.23903876 -0.23903876 -0.23903876 -0.23903876
 -0.23903876 -0.23903876 -0.23903876 -0.23903876 -0.23903876 -0.23903876
 -0.23903876 -0.23903876 -0.23903876 -0.23903876 -0.23903876 -0.23903876
 -0.23903876  3.85505298 -0.23903876  6.20262281  5.49274667 -0.23903876
  3.34491097  0.85696044 -0.23903876  4.19969229 -0.23903876 -0.23903876
 -0.23903876 -0.23903876 -0.23903876 -0.23903876 -0.23903876  3.40086639
 -0.23903876 -0.23903876 -0.23903876  4.32401726  1.65300343 -0.23903876
 -0.23903876 -0.23903876 -0.23903876  3.79601698 -0.23903876  1.64187444
 -0.23903876 -0.23903876 -0.23903876 -0.23903876  3.0484272  -0.23903876
 -0.23903876 -0.23903876  5.29382601 -0.23903876  3.03608915  5.81877045
 -0.23903876 -0.23903876 -0.23903876 -0.23903876 -0.23903876 -0.23903876
  2.79798658  0.98684119 -0.23903876 -0.23903876 -0.23903876  3.59643555
 -0.23903876 -0.23903876 -0.23903876 -0.23903876 -0.23903876 -0.23903876
 -0.23903876 -0.23903876 -0.23903876 -0.23903876 -0.23903876 -0.23903876
 -0.23903876 -0.23903876 -0.23903876 -0.23903876  4.08648216 -0.23903876
 -0.23903876 -0.23903876 -0.23903876 -0.23903876 -0.23903876  1.62441981
 -0.23903876 -0.23903876 -0.23903876 -0.23903876 -0.23903876 -0.23903876
 -0.23903876 -0.23903876 -0.23903876 -0.23903876 -0.23903876 -0.23903876
 -0.23903876 -0.23903876 -0.23903876 -0.23903876 -0.23903876 -0.23903876
 -0.23903876 -0.23903876 -0.23903876 -0.23903876 -0.23903876 -0.23903876
 -0.23903876 -0.23903876 -0.23903876 -0.23903876 -0.23903876 -0.23903876
 -0.23903876 -0.23903876 -0.23903876 -0.23903876 -0.23903876 -0.23903876
 -0.23903876 -0.23903876 -0.23903876 -0.23903876 -0.23903876 -0.23903876
 -0.23903876 -0.23903876 -0.23903876 -0.23903876 -0.23903876 -0.23903876
 -0.23903876 -0.23903876 -0.23903876 -0.23903876 -0.23903876 -0.23903876
 -0.23903876 -0.23903876 -0.23903876 -0.23903876 -0.23903876 -0.23903876
 -0.23903876 -0.23903876 -0.23903876 -0.23903876 -0.23903876 -0.23903876
 -0.23903876 -0.23903876 -0.23903876 -0.23903876 -0.23903876 -0.23903876
 -0.23903876 -0.23903876 -0.23903876 -0.23903876  2.68803634 -0.23903876
 -0.23903876 -0.23903876 -0.23903876 -0.23903876 -0.23903876 -0.23903876
 -0.23903876 -0.23903876 -0.23903876 -0.23903876 -0.23903876 -0.23903876
 -0.23903876 -0.23903876 -0.23903876 -0.23903876 -0.23903876 -0.23903876
 -0.23903876 -0.23903876 -0.23903876 -0.23903876 -0.23903876 -0.23903876
 -0.23903876 -0.23903876 -0.23903876 -0.23903876 -0.23903876 -0.23903876
 -0.23903876 -0.23903876 -0.23903876 -0.23903876  5.36802199 -0.23903876
 -0.23903876 -0.23903876 -0.23903876 -0.23903876 -0.23903876 -0.23903876
 -0.23903876 -0.23903876 -0.23903876 -0.23903876 -0.23903876 -0.23903876
 -0.23903876 -0.23903876 -0.23903876 -0.23903876 -0.23903876 -0.23903876
 -0.23903876 -0.23903876 -0.23903876 -0.23903876 -0.23903876 -0.23903876
 -0.23903876 -0.23903876 -0.23903876 -0.23903876 -0.23903876 -0.23903876
 -0.23903876 -0.23903876 -0.23903876 -0.23903876 -0.23903876 -0.23903876
 -0.23903876 -0.23903876  0.6254861  -0.23903876 -0.23903876 -0.23903876
 -0.23903876 -0.23903876 -0.23903876 -0.23903876 -0.23903876 -0.23903876
 -0.23903876 -0.23903876 -0.23903876 -0.23903876 -0.23903876 -0.23903876
 -0.23903876 -0.23903876 -0.23903876 -0.23903876 -0.23903876 -0.23903876
 -0.23903876  3.61723218 -0.23903876 -0.23903876 -0.23903876 -0.23903876
 -0.23903876 -0.23903876 -0.23903876 -0.23903876 -0.23903876 -0.23903876
 -0.23903876 -0.23903876 -0.23903876 -0.23903876 -0.23903876 -0.23903876
 -0.23903876 -0.23903876 -0.23903876 -0.23903876 -0.23903876 -0.23903876
 -0.23903876 -0.23903876 -0.23903876 -0.23903876 -0.23903876 -0.23903876
 -0.23903876 -0.23903876  4.19374106 -0.23903876]",[-0.03159841556724355]
18,"[-0.31471649 -0.31471649 -0.31471649 -0.31471649  2.36644478 -0.31471649
 -0.31471649 -0.31471649 -0.31471649 -0.31471649 -0.31471649 -0.31471649
 -0.31471649 -0.31471649 -0.31471649 -0.31471649 -0.31471649 -0.31471649
 -0.31471649 -0.31471649 -0.31471649 -0.31471649 -0.31471649 -0.31471649
 -0.31471649 -0.31471649 -0.31471649 -0.31471649 -0.31471649 -0.31471649
 -0.31471649 -0.31471649 -0.31471649 -0.31471649 -0.31471649  2.79569989
 -0.31471649 -0.31471649 -0.31471649 -0.31471649 -0.31471649 -0.31471649
 -0.31471649 -0.31471649 -0.31471649 -0.31471649 -0.31471649 -0.31471649
 -0.31471649 -0.31471649 -0.31471649 -0.31471649 -0.31471649 -0.31471649
 -0.31471649  2.43627787 -0.31471649 -0.31471649 -0.31471649 -0.31471649
 -0.31471649 -0.31471649 -0.31471649 -0.31471649 -0.31471649 -0.31471649
 -0.31471649 -0.31471649 -0.31471649 -0.31471649 -0.31471649 -0.31471649
 -0.31471649 -0.31471649 -0.31471649 -0.31471649 -0.31471649 -0.31471649
 -0.31471649 -0.31471649 -0.31471649 -0.31471649 -0.31471649  2.26406534
 -0.31471649 -0.31471649 -0.31471649 -0.31471649 -0.31471649  2.59514527
 -0.31471649 -0.31471649 -0.31471649 -0.31471649 -0.31471649 -0.31471649
 -0.31471649 -0.31471649 -0.31471649 -0.31471649 -0.31471649 -0.31471649
 -0.31471649 -0.31471649 -0.31471649 -0.31471649 -0.31471649 -0.31471649
 -0.31471649 -0.31471649  4.52944271 -0.31471649 -0.31471649 -0.31471649
 -0.31471649  2.76849371  3.97535712 -0.31471649 -0.31471649 -0.31471649
 -0.31471649 -0.31471649 -0.31471649 -0.31471649  3.72210587 -0.31471649
 -0.31471649 -0.31471649 -0.31471649 -0.31471649 -0.31471649 -0.31471649
 -0.31471649 -0.31471649 -0.31471649 -0.31471649 -0.31471649 -0.31471649
 -0.31471649 -0.31471649 -0.31471649 -0.31471649 -0.31471649 -0.31471649
 -0.31471649 -0.31471649 -0.31471649 -0.31471649 -0.31471649 -0.31471649
 -0.31471649 -0.31471649 -0.31471649 -0.31471649 -0.31471649 -0.31471649
 -0.31471649 -0.31471649 -0.31471649 -0.31471649 -0.31471649 -0.31471649
 -0.31471649  1.76294091 -0.31471649 -0.31471649 -0.31471649 -0.31471649
 -0.31471649 -0.31471649 -0.31471649  4.22803578 -0.31471649 -0.31471649
 -0.31471649 -0.31471649 -0.31471649 -0.31471649 -0.31471649 -0.31471649
 -0.31471649 -0.31471649 -0.31471649 -0.31471649 -0.31471649 -0.31471649
 -0.31471649 -0.31471649 -0.31471649 -0.31471649 -0.31471649 -0.31471649
 -0.31471649 -0.31471649 -0.31471649 -0.31471649 -0.31471649 -0.31471649
 -0.31471649 -0.31471649 -0.31471649 -0.31471649 -0.31471649 -0.31471649
 -0.31471649 -0.31471649 -0.31471649 -0.31471649 -0.31471649 -0.31471649
  3.14179685 -0.31471649 -0.31471649 -0.31471649 -0.31471649  1.18672452
 -0.31471649 -0.31471649 -0.31471649 -0.31471649 -0.31471649 -0.31471649
 -0.31471649 -0.31471649 -0.31471649 -0.31471649 -0.31471649 -0.31471649
 -0.31471649 -0.31471649 -0.31471649 -0.31471649 -0.31471649 -0.31471649
 -0.31471649  1.89247167 -0.31471649  2.72529926  2.59252742 -0.31471649
  2.40171248  1.07030855  3.42769786  2.40060672 -0.31471649 -0.31471649
 -0.31471649 -0.31471649 -0.31471649 -0.31471649 -0.31471649  3.05298844
 -0.31471649 -0.31471649  3.44989095  4.71152004 -0.31471649 -0.31471649
 -0.31471649 -0.31471649  3.13344253  2.01255561 -0.31471649  0.90890058
 -0.31471649 -0.31471649 -0.31471649  2.43958989  0.52507687 -0.31471649
  2.4219776  -0.31471649  4.52102717 -0.31471649  3.04998819  5.04229093
 -0.31471649  1.56749363 -0.31471649 -0.31471649  3.48866493 -0.31471649
 -0.31471649  2.66542348 -0.31471649 -0.31471649 -0.31471649 -0.31471649
 -0.31471649 -0.31471649 -0.31471649 -0.31471649 -0.31471649  4.02917555
 -0.31471649 -0.31471649 -0.31471649 -0.31471649 -0.31471649 -0.31471649
 -0.31471649 -0.31471649 -0.31471649 -0.31471649 -0.31471649 -0.31471649
 -0.31471649 -0.31471649 -0.31471649 -0.31471649 -0.31471649 -0.31471649
 -0.31471649 -0.31471649 -0.31471649 -0.31471649 -0.31471649 -0.31471649
 -0.31471649 -0.31471649 -0.31471649 -0.31471649  0.60724049 -0.31471649
 -0.31471649  3.97113296  3.21314098  2.27880573 -0.31471649 -0.31471649
 -0.31471649 -0.31471649 -0.31471649 -0.31471649 -0.31471649 -0.31471649
  2.42457147 -0.31471649 -0.31471649 -0.31471649 -0.31471649 -0.31471649
 -0.31471649 -0.31471649 -0.31471649 -0.31471649 -0.31471649 -0.31471649
 -0.31471649 -0.31471649 -0.31471649 -0.31471649 -0.31471649 -0.31471649
 -0.31471649 -0.31471649 -0.31471649 -0.31471649 -0.31471649 -0.31471649
 -0.31471649 -0.31471649  2.25340762 -0.31471649 -0.31471649 -0.31471649
 -0.31471649 -0.31471649 -0.31471649 -0.31471649 -0.31471649 -0.31471649
 -0.31471649 -0.31471649 -0.31471649 -0.31471649 -0.31471649 -0.31471649
 -0.31471649 -0.31471649 -0.31471649 -0.31471649 -0.31471649 -0.31471649
 -0.31471649  4.93525147 -0.31471649 -0.31471649 -0.31471649 -0.31471649
 -0.31471649 -0.31471649 -0.31471649  2.63915241 -0.31471649 -0.31471649
 -0.31471649 -0.31471649 -0.31471649 -0.31471649 -0.31471649 -0.31471649
 -0.31471649 -0.31471649 -0.31471649  2.49226283 -0.31471649 -0.31471649
 -0.31471649 -0.31471649 -0.31471649 -0.31471649 -0.31471649 -0.31471649
 -0.31471649 -0.31471649 -0.31471649 -0.31471649  3.46817921 -0.31471649
 -0.31471649 -0.31471649 -0.31471649 -0.31471649 -0.31471649 -0.31471649
 -0.31471649 -0.31471649 -0.31471649 -0.31471649 -0.31471649 -0.31471649
 -0.31471649 -0.31471649 -0.31471649 -0.31471649 -0.31471649 -0.31471649
 -0.31471649 -0.31471649 -0.31471649 -0.31471649 -0.31471649 -0.31471649
  3.45725884 -0.31471649 -0.31471649 -0.31471649 -0.31471649 -0.31471649
 -0.31471649 -0.31471649 -0.31471649 -0.31471649 -0.31471649 -0.31471649
 -0.31471649 -0.31471649 -0.31471649 -0.31471649 -0.31471649 -0.31471649
 -0.31471649 -0.31471649  2.19037509 -0.31471649 -0.31471649 -0.31471649
 -0.31471649 -0.31471649 -0.31471649 -0.31471649 -0.31471649 -0.31471649
 -0.31471649 -0.31471649 -0.31471649 -0.31471649 -0.31471649 -0.31471649
 -0.31471649 -0.31471649 -0.31471649 -0.31471649 -0.31471649 -0.31471649
 -0.31471649  3.24490786 -0.31471649 -0.31471649 -0.31471649  1.93913907
 -0.31471649 -0.31471649 -0.31471649 -0.31471649 -0.31471649 -0.31471649
 -0.31471649 -0.31471649 -0.31471649 -0.31471649 -0.31471649 -0.31471649
 -0.31471649  3.55034283 -0.31471649 -0.31471649 -0.31471649 -0.31471649
 -0.31471649 -0.31471649 -0.31471649 -0.31471649 -0.31471649 -0.31471649
 -0.31471649 -0.31471649  3.31898898 -0.31471649]",[0.020341713134476747]
18,"[-0.26344482 -0.26344482 -0.26344482 -0.26344482 -0.26344482 -0.26344482
 -0.26344482 -0.26344482 -0.26344482 -0.26344482 -0.26344482 -0.26344482
 -0.26344482 -0.26344482 -0.26344482 -0.26344482 -0.26344482 -0.26344482
 -0.26344482 -0.26344482 -0.26344482 -0.26344482 -0.26344482 -0.26344482
 -0.26344482 -0.26344482 -0.26344482 -0.26344482 -0.26344482 -0.26344482
 -0.26344482 -0.26344482 -0.26344482 -0.26344482 -0.26344482 -0.26344482
 -0.26344482 -0.26344482 -0.26344482 -0.26344482 -0.26344482 -0.26344482
 -0.26344482 -0.26344482 -0.26344482 -0.26344482 -0.26344482 -0.26344482
 -0.26344482 -0.26344482 -0.26344482 -0.26344482 -0.26344482 -0.26344482
 -0.26344482 -0.26344482 -0.26344482 -0.26344482 -0.26344482 -0.26344482
 -0.26344482 -0.26344482 -0.26344482 -0.26344482 -0.26344482 -0.26344482
 -0.26344482 -0.26344482 -0.26344482 -0.26344482 -0.26344482 -0.26344482
 -0.26344482 -0.26344482 -0.26344482 -0.26344482 -0.26344482 -0.26344482
 -0.26344482 -0.26344482 -0.26344482 -0.26344482 -0.26344482  5.12807284
 -0.26344482 -0.26344482 -0.26344482 -0.26344482 -0.26344482  1.66007055
 -0.26344482 -0.26344482 -0.26344482 -0.26344482 -0.26344482 -0.26344482
 -0.26344482 -0.26344482 -0.26344482 -0.26344482 -0.26344482 -0.26344482
 -0.26344482 -0.26344482 -0.26344482 -0.26344482 -0.26344482 -0.26344482
 -0.26344482 -0.26344482  5.45984622 -0.26344482 -0.26344482 -0.26344482
 -0.26344482 -0.26344482  3.32036222 -0.26344482 -0.26344482 -0.26344482
 -0.26344482 -0.26344482 -0.26344482 -0.26344482  4.05142734 -0.26344482
 -0.26344482 -0.26344482 -0.26344482 -0.26344482 -0.26344482 -0.26344482
 -0.26344482 -0.26344482 -0.26344482 -0.26344482 -0.26344482 -0.26344482
 -0.26344482 -0.26344482 -0.26344482 -0.26344482 -0.26344482 -0.26344482
 -0.26344482 -0.26344482 -0.26344482 -0.26344482 -0.26344482 -0.26344482
 -0.26344482 -0.26344482 -0.26344482 -0.26344482 -0.26344482 -0.26344482
 -0.26344482 -0.26344482 -0.26344482 -0.26344482 -0.26344482 -0.26344482
 -0.26344482 -0.26344482 -0.26344482 -0.26344482 -0.26344482 -0.26344482
 -0.26344482 -0.26344482 -0.26344482 -0.26344482 -0.26344482 -0.26344482
 -0.26344482 -0.26344482 -0.26344482 -0.26344482 -0.26344482 -0.26344482
 -0.26344482 -0.26344482 -0.26344482 -0.26344482 -0.26344482 -0.26344482
 -0.26344482 -0.26344482 -0.26344482 -0.26344482 -0.26344482 -0.26344482
 -0.26344482 -0.26344482 -0.26344482 -0.26344482 -0.26344482 -0.26344482
 -0.26344482 -0.26344482 -0.26344482 -0.26344482 -0.26344482 -0.26344482
 -0.26344482 -0.26344482 -0.26344482 -0.26344482 -0.26344482 -0.26344482
  3.19559077 -0.26344482  2.79922969 -0.26344482 -0.26344482  3.24520645
 -0.26344482 -0.26344482 -0.26344482 -0.26344482 -0.26344482 -0.26344482
 -0.26344482 -0.26344482 -0.26344482 -0.26344482 -0.26344482 -0.26344482
 -0.26344482 -0.26344482 -0.26344482 -0.26344482 -0.26344482 -0.26344482
 -0.26344482  3.23298361 -0.26344482  2.86649205  3.0158072  -0.26344482
  1.76894824  1.92778519  2.50871246  2.75831891 -0.26344482 -0.26344482
 -0.26344482 -0.26344482 -0.26344482 -0.26344482 -0.26344482  3.72816569
 -0.26344482 -0.26344482 -0.26344482  6.01648915 -0.26344482 -0.26344482
 -0.26344482 -0.26344482  4.4077898   3.55614074 -0.26344482  1.91605789
 -0.26344482 -0.26344482 -0.26344482 -0.26344482 -0.26344482 -0.26344482
  0.9867487  -0.26344482  5.6439576  -0.26344482  3.34373722  3.99699023
 -0.26344482  2.99788009 -0.26344482 -0.26344482  4.95791898 -0.26344482
  3.80239231  1.14550472 -0.26344482 -0.26344482  5.06266264  2.68985698
 -0.26344482 -0.26344482 -0.26344482 -0.26344482 -0.26344482  3.82281363
 -0.26344482 -0.26344482 -0.26344482 -0.26344482 -0.26344482 -0.26344482
 -0.26344482 -0.26344482 -0.26344482 -0.26344482  4.05524358 -0.26344482
 -0.26344482 -0.26344482 -0.26344482 -0.26344482 -0.26344482  0.61386869
 -0.26344482 -0.26344482 -0.26344482 -0.26344482 -0.26344482 -0.26344482
 -0.26344482 -0.26344482 -0.26344482 -0.26344482 -0.26344482  3.08826108
 -0.26344482 -0.26344482 -0.26344482 -0.26344482 -0.26344482 -0.26344482
 -0.26344482 -0.26344482 -0.26344482 -0.26344482 -0.26344482 -0.26344482
 -0.26344482 -0.26344482 -0.26344482 -0.26344482 -0.26344482 -0.26344482
 -0.26344482 -0.26344482 -0.26344482 -0.26344482 -0.26344482 -0.26344482
 -0.26344482 -0.26344482 -0.26344482 -0.26344482 -0.26344482 -0.26344482
 -0.26344482 -0.26344482 -0.26344482 -0.26344482 -0.26344482 -0.26344482
 -0.26344482 -0.26344482 -0.26344482 -0.26344482 -0.26344482 -0.26344482
 -0.26344482 -0.26344482 -0.26344482 -0.26344482 -0.26344482 -0.26344482
 -0.26344482 -0.26344482 -0.26344482 -0.26344482 -0.26344482 -0.26344482
 -0.26344482 -0.26344482 -0.26344482 -0.26344482 -0.26344482 -0.26344482
  2.67222658 -0.26344482 -0.26344482 -0.26344482 -0.26344482 -0.26344482
 -0.26344482 -0.26344482 -0.26344482 -0.26344482 -0.26344482 -0.26344482
 -0.26344482 -0.26344482 -0.26344482 -0.26344482 -0.26344482 -0.26344482
 -0.26344482 -0.26344482 -0.26344482 -0.26344482 -0.26344482 -0.26344482
 -0.26344482 -0.26344482 -0.26344482 -0.26344482 -0.26344482 -0.26344482
 -0.26344482 -0.26344482 -0.26344482 -0.26344482 -0.26344482 -0.26344482
 -0.26344482 -0.26344482 -0.26344482 -0.26344482 -0.26344482  4.54113046
 -0.26344482 -0.26344482 -0.26344482 -0.26344482 -0.26344482 -0.26344482
 -0.26344482 -0.26344482 -0.26344482 -0.26344482 -0.26344482 -0.26344482
 -0.26344482 -0.26344482 -0.26344482 -0.26344482 -0.26344482 -0.26344482
 -0.26344482 -0.26344482 -0.26344482 -0.26344482 -0.26344482 -0.26344482
 -0.26344482 -0.26344482 -0.26344482 -0.26344482 -0.26344482 -0.26344482
 -0.26344482 -0.26344482 -0.26344482 -0.26344482 -0.26344482 -0.26344482
 -0.26344482 -0.26344482 -0.26344482 -0.26344482 -0.26344482 -0.26344482
 -0.26344482 -0.26344482 -0.26344482 -0.26344482 -0.26344482 -0.26344482
 -0.26344482 -0.26344482 -0.26344482 -0.26344482 -0.26344482 -0.26344482
 -0.26344482 -0.26344482 -0.26344482 -0.26344482 -0.26344482 -0.26344482
 -0.26344482 -0.26344482 -0.26344482 -0.26344482 -0.26344482 -0.26344482
 -0.26344482 -0.26344482 -0.26344482 -0.26344482 -0.26344482 -0.26344482
 -0.26344482 -0.26344482 -0.26344482 -0.26344482 -0.26344482 -0.26344482
 -0.26344482  2.51871748 -0.26344482 -0.26344482 -0.26344482 -0.26344482
 -0.26344482 -0.26344482 -0.26344482 -0.26344482 -0.26344482 -0.26344482
 -0.26344482 -0.26344482  4.47699639 -0.26344482]",[-0.02161277751520102]
18,"[-0.3317323  -0.3317323  -0.3317323  -0.3317323   1.71956793  1.81917371
 -0.3317323  -0.3317323  -0.3317323  -0.3317323  -0.3317323  -0.3317323
 -0.3317323  -0.3317323  -0.3317323  -0.3317323  -0.3317323  -0.3317323
 -0.3317323  -0.3317323  -0.3317323  -0.3317323  -0.3317323  -0.3317323
 -0.3317323  -0.3317323  -0.3317323   0.51339957 -0.3317323  -0.3317323
 -0.3317323  -0.3317323  -0.3317323  -0.3317323  -0.3317323  -0.3317323
 -0.3317323  -0.3317323  -0.3317323  -0.3317323  -0.3317323  -0.3317323
 -0.3317323  -0.3317323  -0.3317323  -0.3317323  -0.3317323  -0.3317323
 -0.3317323  -0.3317323  -0.3317323  -0.3317323  -0.3317323  -0.3317323
 -0.3317323  -0.3317323  -0.3317323  -0.3317323  -0.3317323  -0.3317323
 -0.3317323  -0.3317323  -0.3317323  -0.3317323  -0.3317323  -0.3317323
 -0.3317323  -0.3317323  -0.3317323  -0.3317323  -0.3317323  -0.3317323
 -0.3317323  -0.3317323  -0.3317323  -0.3317323  -0.3317323  -0.3317323
 -0.3317323  -0.3317323  -0.3317323  -0.3317323  -0.3317323   4.78071722
 -0.3317323  -0.3317323  -0.3317323   2.01395547 -0.3317323  -0.3317323
 -0.3317323  -0.3317323   1.01358075 -0.3317323  -0.3317323  -0.3317323
 -0.3317323  -0.3317323  -0.3317323  -0.3317323  -0.3317323  -0.3317323
 -0.3317323  -0.3317323  -0.3317323  -0.3317323  -0.3317323  -0.3317323
 -0.3317323  -0.3317323   3.78135135 -0.3317323  -0.3317323   2.38402705
 -0.3317323  -0.3317323   3.31207633 -0.3317323  -0.3317323  -0.3317323
 -0.3317323  -0.3317323   3.27062542  2.8582576   3.85742681 -0.3317323
 -0.3317323  -0.3317323  -0.3317323  -0.3317323  -0.3317323  -0.3317323
 -0.3317323  -0.3317323  -0.3317323  -0.3317323  -0.3317323  -0.3317323
 -0.3317323  -0.3317323  -0.3317323  -0.3317323  -0.3317323  -0.3317323
 -0.3317323  -0.3317323  -0.3317323  -0.3317323  -0.3317323  -0.3317323
 -0.3317323  -0.3317323  -0.3317323  -0.3317323  -0.3317323  -0.3317323
 -0.3317323  -0.3317323  -0.3317323  -0.3317323  -0.3317323  -0.3317323
 -0.3317323  -0.3317323  -0.3317323  -0.3317323  -0.3317323  -0.3317323
 -0.3317323  -0.3317323  -0.3317323  -0.3317323  -0.3317323  -0.3317323
 -0.3317323  -0.3317323  -0.3317323  -0.3317323  -0.3317323  -0.3317323
 -0.3317323  -0.3317323  -0.3317323  -0.3317323  -0.3317323  -0.3317323
 -0.3317323  -0.3317323  -0.3317323  -0.3317323  -0.3317323  -0.3317323
 -0.3317323  -0.3317323  -0.3317323  -0.3317323  -0.3317323  -0.3317323
 -0.3317323  -0.3317323  -0.3317323  -0.3317323  -0.3317323   0.21770344
 -0.3317323  -0.3317323  -0.3317323  -0.3317323  -0.3317323  -0.3317323
  2.28317786 -0.3317323   1.43313804 -0.3317323  -0.3317323   2.98513385
 -0.3317323  -0.3317323  -0.3317323  -0.3317323  -0.3317323  -0.3317323
 -0.3317323  -0.3317323  -0.3317323  -0.3317323   1.36234204 -0.3317323
 -0.3317323  -0.3317323  -0.3317323  -0.3317323  -0.3317323  -0.3317323
 -0.3317323   2.50571634 -0.3317323   3.53799607  3.49537952 -0.3317323
  2.42761051  0.58931622  2.39377988  2.55296235 -0.3317323  -0.3317323
 -0.3317323  -0.3317323  -0.3317323  -0.3317323  -0.3317323  -0.3317323
 -0.3317323  -0.3317323  -0.3317323   2.31787093  2.63579607 -0.3317323
 -0.3317323  -0.3317323   3.16448676  3.18180947 -0.3317323   1.18075283
 -0.3317323  -0.3317323  -0.3317323   1.01358075 -0.3317323  -0.3317323
  0.94833232 -0.3317323   3.60499572 -0.3317323   3.52749575  5.05174955
 -0.3317323   2.38613172 -0.3317323   0.53570557  3.32581308  3.62453914
  1.22057143  2.28026452 -0.3317323  -0.3317323  -0.3317323   3.67416857
 -0.3317323  -0.3317323  -0.3317323  -0.3317323  -0.3317323   2.20883045
 -0.3317323  -0.3317323   2.24739888 -0.3317323  -0.3317323  -0.3317323
 -0.3317323  -0.3317323  -0.3317323  -0.3317323   2.53105548 -0.3317323
 -0.3317323  -0.3317323  -0.3317323  -0.3317323  -0.3317323   1.187319
 -0.3317323   1.1939085  -0.3317323  -0.3317323  -0.3317323  -0.3317323
 -0.3317323  -0.3317323  -0.3317323  -0.3317323   0.94653343 -0.3317323
 -0.3317323   3.59951163 -0.3317323  -0.3317323  -0.3317323  -0.3317323
 -0.3317323  -0.3317323  -0.3317323  -0.3317323  -0.3317323  -0.3317323
  1.76075334 -0.3317323  -0.3317323  -0.3317323  -0.3317323  -0.3317323
 -0.3317323  -0.3317323  -0.3317323  -0.3317323  -0.3317323  -0.3317323
 -0.3317323  -0.3317323  -0.3317323  -0.3317323  -0.3317323  -0.3317323
 -0.3317323  -0.3317323  -0.3317323  -0.3317323  -0.3317323  -0.3317323
 -0.3317323  -0.3317323  -0.3317323  -0.3317323  -0.3317323  -0.3317323
 -0.3317323  -0.3317323  -0.3317323  -0.3317323  -0.3317323  -0.3317323
 -0.3317323  -0.3317323  -0.3317323  -0.3317323  -0.3317323  -0.3317323
 -0.3317323  -0.3317323  -0.3317323  -0.3317323  -0.3317323  -0.3317323
  1.45828364  5.24433371 -0.3317323  -0.3317323  -0.3317323  -0.3317323
 -0.3317323  -0.3317323  -0.3317323  -0.3317323  -0.3317323  -0.3317323
 -0.3317323  -0.3317323  -0.3317323  -0.3317323  -0.3317323  -0.3317323
 -0.3317323  -0.3317323  -0.3317323   2.95171573 -0.3317323  -0.3317323
 -0.3317323  -0.3317323  -0.3317323  -0.3317323  -0.3317323  -0.3317323
 -0.3317323  -0.3317323  -0.3317323  -0.3317323   4.22318532 -0.3317323
 -0.3317323  -0.3317323  -0.3317323  -0.3317323   3.59951163 -0.3317323
 -0.3317323  -0.3317323  -0.3317323  -0.3317323  -0.3317323  -0.3317323
 -0.3317323  -0.3317323  -0.3317323  -0.3317323  -0.3317323  -0.3317323
 -0.3317323  -0.3317323  -0.3317323  -0.3317323  -0.3317323  -0.3317323
  3.2840478  -0.3317323  -0.3317323  -0.3317323  -0.3317323  -0.3317323
 -0.3317323  -0.3317323  -0.3317323  -0.3317323  -0.3317323  -0.3317323
 -0.3317323  -0.3317323  -0.3317323  -0.3317323  -0.3317323  -0.3317323
 -0.3317323  -0.3317323   3.11520736 -0.3317323  -0.3317323  -0.3317323
  3.88506334 -0.3317323  -0.3317323  -0.3317323  -0.3317323  -0.3317323
 -0.3317323  -0.3317323  -0.3317323  -0.3317323  -0.3317323  -0.3317323
 -0.3317323  -0.3317323  -0.3317323  -0.3317323  -0.3317323  -0.3317323
 -0.3317323  -0.3317323  -0.3317323  -0.3317323  -0.3317323   2.49740503
 -0.3317323  -0.3317323  -0.3317323  -0.3317323  -0.3317323  -0.3317323
 -0.3317323  -0.3317323  -0.3317323  -0.3317323  -0.3317323  -0.3317323
 -0.3317323   2.18006377 -0.3317323  -0.3317323  -0.3317323  -0.3317323
 -0.3317323  -0.3317323  -0.3317323  -0.3317323  -0.3317323  -0.3317323
 -0.3317323  -0.3317323   3.70024907 -0.3317323 ]",[0.019189099760479778]
19,"[-0.24592868 -0.24592868 -0.24592868 -0.24592868 -0.19224515 -0.24592868
 -0.24592868 -0.24592868 -0.24592868 -0.24592868 -0.24592868 -0.24592868
 -0.24592868 -0.24592868 -0.24592868 -0.24592868 -0.24592868 -0.24592868
 -0.24592868 -0.24592868 -0.24592868 -0.24592868 -0.24592868 -0.24592868
 -0.24592868 -0.24592868 -0.24592868 -0.24592868 -0.24592868 -0.24592868
 -0.24592868 -0.24592868 -0.24592868 -0.24592868 -0.24592868 -0.24592868
 -0.24592868 -0.24592868 -0.24592868 -0.24592868 -0.24592868 -0.24592868
 -0.24592868 -0.24592868 -0.24592868 -0.24592868 -0.24592868 -0.24592868
 -0.24592868 -0.24592868 -0.24592868 -0.24592868 -0.24592868 -0.24592868
 -0.24592868 -0.24592868 -0.24592868 -0.24592868 -0.24592868 -0.24592868
 -0.24592868 -0.24592868 -0.24592868 -0.24592868 -0.24592868 -0.24592868
 -0.24592868 -0.24592868 -0.24592868 -0.24592868 -0.24592868 -0.24592868
 -0.24592868 -0.24592868 -0.24592868 -0.24592868 -0.24592868 -0.24592868
 -0.24592868 -0.24592868 -0.24592868 -0.24592868 -0.24592868  6.50552982
 -0.24592868 -0.24592868 -0.24592868 -0.24592868 -0.24592868 -0.24592868
 -0.24592868 -0.24592868  2.82233086 -0.24592868 -0.24592868 -0.24592868
 -0.24592868 -0.24592868 -0.24592868 -0.24592868 -0.24592868 -0.24592868
 -0.24592868 -0.24592868 -0.24592868 -0.24592868 -0.24592868 -0.24592868
 -0.24592868 -0.24592868 -0.24592868 -0.24592868 -0.24592868 -0.24592868
 -0.24592868 -0.24592868 -0.24592868 -0.24592868 -0.24592868 -0.24592868
 -0.24592868 -0.24592868 -0.24592868  5.5073777  -0.24592868 -0.24592868
 -0.24592868 -0.24592868 -0.24592868 -0.24592868 -0.24592868 -0.24592868
 -0.24592868 -0.24592868 -0.24592868 -0.24592868 -0.24592868 -0.24592868
 -0.24592868 -0.24592868 -0.24592868 -0.24592868 -0.24592868 -0.24592868
 -0.24592868 -0.24592868 -0.24592868 -0.24592868 -0.24592868 -0.24592868
 -0.24592868 -0.24592868 -0.24592868 -0.24592868 -0.24592868 -0.24592868
 -0.24592868 -0.24592868 -0.24592868 -0.24592868 -0.24592868 -0.24592868
 -0.24592868 -0.24592868 -0.24592868 -0.24592868 -0.24592868 -0.24592868
 -0.24592868 -0.24592868 -0.24592868 -0.24592868 -0.24592868 -0.24592868
 -0.24592868 -0.24592868 -0.24592868 -0.24592868 -0.24592868 -0.24592868
 -0.24592868 -0.24592868 -0.24592868 -0.24592868 -0.24592868 -0.24592868
 -0.24592868 -0.24592868 -0.24592868 -0.24592868 -0.24592868 -0.24592868
 -0.24592868 -0.24592868 -0.24592868 -0.24592868 -0.24592868 -0.24592868
 -0.24592868 -0.24592868  1.92432555 -0.24592868 -0.24592868 -0.24592868
 -0.24592868 -0.24592868 -0.24592868 -0.24592868 -0.24592868 -0.24592868
  2.08152749 -0.24592868 -0.24592868 -0.24592868 -0.24592868  1.88167773
 -0.24592868 -0.24592868 -0.24592868 -0.24592868 -0.24592868 -0.24592868
 -0.24592868 -0.24592868 -0.24592868 -0.24592868 -0.24592868 -0.24592868
 -0.24592868 -0.24592868 -0.24592868 -0.24592868 -0.24592868 -0.24592868
 -0.24592868  4.08448972 -0.24592868  4.90494065  3.64419156 -0.24592868
  4.12292831  0.70850912 -0.24592868 -0.24592868 -0.24592868 -0.24592868
 -0.24592868 -0.24592868 -0.24592868 -0.24592868 -0.24592868 -0.24592868
 -0.24592868 -0.24592868 -0.24592868  2.69040656  4.2605724  -0.24592868
 -0.24592868 -0.24592868 -0.24592868  2.72378076 -0.24592868  1.61938832
 -0.24592868 -0.24592868 -0.24592868 -0.24592868 -0.24592868 -0.24592868
  3.39701994 -0.24592868  6.13586593 -0.24592868  3.83954742 -0.24592868
 -0.24592868 -0.24592868 -0.24592868 -0.24592868 -0.24592868 -0.24592868
  4.34845833  1.78478351 -0.24592868 -0.24592868  4.95034266  3.92894068
  1.2485812  -0.24592868 -0.24592868 -0.24592868 -0.24592868  1.61755173
 -0.24592868 -0.24592868 -0.24592868 -0.24592868 -0.24592868 -0.24592868
 -0.24592868 -0.24592868 -0.24592868 -0.24592868  4.79997448 -0.24592868
  3.36130237 -0.24592868 -0.24592868 -0.24592868 -0.24592868  2.81154757
 -0.24592868  1.33427255  3.51344422 -0.24592868 -0.24592868 -0.24592868
 -0.24592868 -0.24592868 -0.24592868 -0.24592868 -0.24592868 -0.24592868
 -0.24592868 -0.24592868 -0.24592868 -0.24592868 -0.24592868 -0.24592868
 -0.24592868 -0.24592868 -0.24592868 -0.24592868 -0.24592868 -0.24592868
 -0.24592868 -0.24592868 -0.24592868 -0.24592868 -0.24592868 -0.24592868
 -0.24592868 -0.24592868 -0.24592868 -0.24592868 -0.24592868 -0.24592868
 -0.24592868 -0.24592868 -0.24592868 -0.24592868 -0.24592868 -0.24592868
 -0.24592868 -0.24592868 -0.24592868 -0.24592868 -0.24592868 -0.24592868
 -0.24592868 -0.24592868 -0.24592868 -0.24592868 -0.24592868 -0.24592868
 -0.24592868 -0.24592868 -0.24592868 -0.24592868 -0.24592868 -0.24592868
 -0.24592868 -0.24592868 -0.24592868 -0.24592868 -0.24592868 -0.24592868
 -0.24592868 -0.24592868 -0.24592868 -0.24592868 -0.24592868 -0.24592868
 -0.24592868 -0.24592868 -0.24592868 -0.24592868 -0.24592868 -0.24592868
 -0.24592868 -0.24592868 -0.24592868 -0.24592868 -0.24592868 -0.24592868
 -0.24592868 -0.24592868 -0.24592868 -0.24592868 -0.24592868 -0.24592868
 -0.24592868 -0.24592868 -0.24592868 -0.24592868 -0.24592868 -0.24592868
 -0.24592868 -0.24592868 -0.24592868 -0.24592868 -0.24592868 -0.24592868
 -0.24592868 -0.24592868 -0.24592868 -0.24592868 -0.24592868 -0.24592868
 -0.24592868 -0.24592868 -0.24592868 -0.24592868 -0.24592868  2.2866834
 -0.24592868 -0.24592868 -0.24592868 -0.24592868 -0.24592868 -0.24592868
 -0.24592868  1.72393683 -0.24592868 -0.24592868 -0.24592868 -0.24592868
 -0.24592868 -0.24592868 -0.24592868 -0.24592868 -0.24592868 -0.24592868
 -0.24592868 -0.24592868 -0.24592868 -0.24592868 -0.24592868 -0.24592868
  2.2480301  -0.24592868 -0.24592868 -0.24592868 -0.24592868 -0.24592868
 -0.24592868 -0.24592868 -0.24592868 -0.24592868 -0.24592868 -0.24592868
 -0.24592868 -0.24592868  5.28545914 -0.24592868  6.55391022 -0.24592868
 -0.24592868 -0.24592868 -0.24592868 -0.24592868 -0.24592868 -0.24592868
 -0.24592868 -0.24592868 -0.24592868 -0.24592868 -0.24592868 -0.24592868
 -0.24592868 -0.24592868 -0.24592868 -0.24592868 -0.24592868 -0.24592868
 -0.24592868  4.57009933 -0.24592868 -0.24592868 -0.24592868 -0.24592868
 -0.24592868 -0.24592868 -0.24592868 -0.24592868 -0.24592868 -0.24592868
 -0.24592868 -0.24592868 -0.24592868 -0.24592868 -0.24592868 -0.24592868
 -0.24592868 -0.24592868 -0.24592868 -0.24592868 -0.24592868 -0.24592868
 -0.24592868 -0.24592868 -0.24592868 -0.24592868 -0.24592868 -0.24592868
 -0.24592868 -0.24592868 -0.24592868 -0.24592868]",[0.01365667731863121]
19,"[-0.27189151 -0.27189151 -0.27189151 -0.27189151  0.05400602 -0.27189151
 -0.27189151 -0.27189151 -0.27189151 -0.27189151 -0.27189151 -0.27189151
 -0.27189151 -0.27189151 -0.27189151 -0.27189151 -0.27189151 -0.27189151
  0.74866656 -0.27189151 -0.27189151 -0.27189151 -0.27189151 -0.27189151
 -0.27189151 -0.27189151 -0.27189151 -0.27189151 -0.27189151 -0.27189151
 -0.27189151 -0.27189151 -0.27189151 -0.27189151 -0.27189151 -0.27189151
 -0.27189151 -0.27189151  3.98788921 -0.27189151 -0.27189151 -0.27189151
 -0.27189151 -0.27189151 -0.27189151 -0.27189151 -0.27189151 -0.27189151
 -0.27189151 -0.27189151 -0.27189151 -0.27189151 -0.27189151 -0.27189151
  3.72864975 -0.27189151  3.63428318 -0.27189151 -0.27189151 -0.27189151
 -0.27189151 -0.27189151 -0.27189151 -0.27189151 -0.27189151 -0.27189151
 -0.27189151 -0.27189151 -0.27189151 -0.27189151 -0.27189151 -0.27189151
 -0.27189151 -0.27189151 -0.27189151 -0.27189151 -0.27189151 -0.27189151
 -0.27189151 -0.27189151 -0.27189151 -0.27189151 -0.27189151  4.08736046
 -0.27189151 -0.27189151 -0.27189151 -0.27189151 -0.27189151  3.14564608
 -0.27189151 -0.27189151 -0.27189151 -0.27189151 -0.27189151 -0.27189151
 -0.27189151 -0.27189151 -0.27189151 -0.27189151 -0.27189151 -0.27189151
 -0.27189151 -0.27189151 -0.27189151 -0.27189151 -0.27189151 -0.27189151
 -0.27189151 -0.27189151  6.07319502 -0.27189151 -0.27189151 -0.27189151
 -0.27189151 -0.27189151 -0.27189151 -0.27189151 -0.27189151 -0.27189151
 -0.27189151 -0.27189151 -0.27189151 -0.27189151  3.8422718  -0.27189151
 -0.27189151 -0.27189151 -0.27189151 -0.27189151 -0.27189151 -0.27189151
 -0.27189151 -0.27189151 -0.27189151 -0.27189151 -0.27189151 -0.27189151
 -0.27189151 -0.27189151 -0.27189151 -0.27189151 -0.27189151 -0.27189151
 -0.27189151 -0.27189151 -0.27189151 -0.27189151 -0.27189151 -0.27189151
 -0.27189151 -0.27189151 -0.27189151 -0.27189151 -0.27189151 -0.27189151
 -0.27189151 -0.27189151 -0.27189151 -0.27189151 -0.27189151 -0.27189151
 -0.27189151 -0.27189151 -0.27189151 -0.27189151 -0.27189151 -0.27189151
 -0.27189151 -0.27189151 -0.27189151 -0.27189151 -0.27189151 -0.27189151
 -0.27189151 -0.27189151 -0.27189151 -0.27189151 -0.27189151 -0.27189151
 -0.27189151 -0.27189151 -0.27189151 -0.27189151 -0.27189151 -0.27189151
  3.33446865 -0.27189151 -0.27189151 -0.27189151 -0.27189151 -0.27189151
 -0.27189151 -0.27189151 -0.27189151 -0.27189151 -0.27189151 -0.27189151
 -0.27189151 -0.27189151 -0.27189151 -0.27189151 -0.27189151 -0.27189151
 -0.27189151 -0.27189151 -0.27189151 -0.27189151 -0.27189151 -0.27189151
  1.5180448  -0.27189151 -0.27189151 -0.27189151 -0.27189151 -0.27189151
 -0.27189151 -0.27189151 -0.27189151 -0.27189151 -0.27189151 -0.27189151
 -0.27189151 -0.27189151 -0.27189151 -0.27189151 -0.27189151 -0.27189151
 -0.27189151 -0.27189151 -0.27189151 -0.27189151 -0.27189151 -0.27189151
 -0.27189151  3.33947028 -0.27189151  3.92842475  3.59627759 -0.27189151
  3.09705315 -0.27189151 -0.27189151 -0.27189151 -0.27189151 -0.27189151
 -0.27189151 -0.27189151 -0.27189151 -0.27189151 -0.27189151  3.67713708
 -0.27189151 -0.27189151 -0.27189151 -0.27189151  2.73221552 -0.27189151
 -0.27189151 -0.27189151 -0.27189151 -0.27189151 -0.27189151  1.80688067
 -0.27189151 -0.27189151 -0.27189151 -0.27189151  2.3965979  -0.27189151
  5.47445336 -0.27189151  4.9073565  -0.27189151  2.27320937 -0.27189151
 -0.27189151  2.13415099 -0.27189151 -0.27189151  3.33029619  3.26665585
  3.84187003 -0.27189151 -0.27189151 -0.27189151  4.9628898   2.45386787
 -0.27189151 -0.27189151 -0.27189151 -0.27189151 -0.27189151 -0.27189151
 -0.27189151 -0.27189151 -0.27189151 -0.27189151 -0.27189151 -0.27189151
 -0.27189151 -0.27189151 -0.27189151 -0.27189151  3.45836458 -0.27189151
 -0.27189151 -0.27189151 -0.27189151 -0.27189151 -0.27189151  1.54363242
 -0.27189151 -0.27189151 -0.27189151 -0.27189151 -0.27189151 -0.27189151
 -0.27189151 -0.27189151 -0.27189151 -0.27189151 -0.27189151 -0.27189151
 -0.27189151 -0.27189151 -0.27189151 -0.27189151 -0.27189151 -0.27189151
 -0.27189151 -0.27189151 -0.27189151 -0.27189151 -0.27189151 -0.27189151
 -0.27189151  2.34876463 -0.27189151 -0.27189151 -0.27189151 -0.27189151
 -0.27189151 -0.27189151 -0.27189151 -0.27189151 -0.27189151 -0.27189151
 -0.27189151 -0.27189151 -0.27189151 -0.27189151 -0.27189151 -0.27189151
 -0.27189151 -0.27189151 -0.27189151 -0.27189151 -0.27189151 -0.27189151
 -0.27189151 -0.27189151 -0.27189151 -0.27189151 -0.27189151 -0.27189151
 -0.27189151 -0.27189151 -0.27189151 -0.27189151 -0.27189151 -0.27189151
 -0.27189151 -0.27189151 -0.27189151 -0.27189151 -0.27189151 -0.27189151
 -0.27189151 -0.27189151 -0.27189151 -0.27189151 -0.27189151 -0.27189151
  1.4962518  -0.27189151 -0.27189151 -0.27189151 -0.27189151 -0.27189151
 -0.27189151 -0.27189151 -0.27189151 -0.27189151 -0.27189151 -0.27189151
 -0.27189151 -0.27189151 -0.27189151 -0.27189151 -0.27189151 -0.27189151
 -0.27189151 -0.27189151 -0.27189151 -0.27189151 -0.27189151 -0.27189151
 -0.27189151 -0.27189151 -0.27189151 -0.27189151 -0.27189151 -0.27189151
 -0.27189151 -0.27189151 -0.27189151 -0.27189151 -0.27189151 -0.27189151
 -0.27189151 -0.27189151 -0.27189151 -0.27189151  5.38357311 -0.27189151
 -0.27189151 -0.27189151 -0.27189151 -0.27189151 -0.27189151 -0.27189151
 -0.27189151 -0.27189151 -0.27189151 -0.27189151 -0.27189151 -0.27189151
 -0.27189151 -0.27189151 -0.27189151 -0.27189151 -0.27189151 -0.27189151
  2.83630506 -0.27189151 -0.27189151 -0.27189151 -0.27189151 -0.27189151
 -0.27189151 -0.27189151 -0.27189151 -0.27189151 -0.27189151 -0.27189151
 -0.27189151 -0.27189151 -0.27189151 -0.27189151 -0.27189151 -0.27189151
 -0.27189151 -0.27189151  0.51683085 -0.27189151 -0.27189151 -0.27189151
  5.17658926 -0.27189151 -0.27189151 -0.27189151 -0.27189151 -0.27189151
 -0.27189151 -0.27189151 -0.27189151 -0.27189151 -0.27189151 -0.27189151
 -0.27189151 -0.27189151 -0.27189151 -0.27189151 -0.27189151  3.7819657
 -0.27189151 -0.27189151 -0.27189151 -0.27189151 -0.27189151  2.36438715
 -0.27189151 -0.27189151 -0.27189151 -0.27189151 -0.27189151  3.19783039
 -0.27189151 -0.27189151 -0.27189151 -0.27189151 -0.27189151 -0.27189151
 -0.27189151  3.11253518 -0.27189151 -0.27189151 -0.27189151 -0.27189151
 -0.27189151 -0.27189151 -0.27189151 -0.27189151 -0.27189151 -0.27189151
 -0.27189151 -0.27189151  3.64571466 -0.27189151]",[0.007693098226474182]
19,"[-0.28046899 -0.28046899 -0.28046899 -0.28046899  1.27695602 -0.28046899
 -0.28046899 -0.28046899 -0.28046899 -0.28046899 -0.28046899 -0.28046899
 -0.28046899 -0.28046899 -0.28046899 -0.28046899 -0.28046899 -0.28046899
 -0.28046899 -0.28046899 -0.28046899 -0.28046899 -0.28046899 -0.28046899
 -0.28046899 -0.28046899 -0.28046899 -0.28046899 -0.28046899 -0.28046899
 -0.28046899 -0.28046899 -0.28046899 -0.28046899 -0.28046899 -0.28046899
 -0.28046899 -0.28046899 -0.28046899 -0.28046899 -0.28046899 -0.28046899
 -0.28046899 -0.28046899 -0.28046899 -0.28046899 -0.28046899 -0.28046899
 -0.28046899 -0.28046899 -0.28046899 -0.28046899 -0.28046899 -0.28046899
 -0.28046899 -0.28046899 -0.28046899 -0.28046899 -0.28046899 -0.28046899
 -0.28046899 -0.28046899 -0.28046899 -0.28046899 -0.28046899 -0.28046899
  2.71013437 -0.28046899 -0.28046899 -0.28046899 -0.28046899 -0.28046899
 -0.28046899 -0.28046899 -0.28046899 -0.28046899 -0.28046899 -0.28046899
 -0.28046899 -0.28046899 -0.28046899 -0.28046899 -0.28046899  3.85082824
 -0.28046899 -0.28046899 -0.28046899 -0.28046899 -0.28046899  3.3978579
 -0.28046899 -0.28046899  1.46742855 -0.28046899 -0.28046899 -0.28046899
 -0.28046899 -0.28046899 -0.28046899 -0.28046899 -0.28046899 -0.28046899
 -0.28046899 -0.28046899 -0.28046899 -0.28046899 -0.28046899 -0.28046899
 -0.28046899 -0.28046899  6.01299588 -0.28046899 -0.28046899 -0.28046899
 -0.28046899 -0.28046899 -0.28046899 -0.28046899 -0.28046899 -0.28046899
 -0.28046899 -0.28046899 -0.28046899 -0.28046899  5.64314594 -0.28046899
 -0.28046899 -0.28046899 -0.28046899 -0.28046899 -0.28046899 -0.28046899
 -0.28046899 -0.28046899 -0.28046899 -0.28046899 -0.28046899 -0.28046899
 -0.28046899 -0.28046899 -0.28046899 -0.28046899 -0.28046899 -0.28046899
 -0.28046899 -0.28046899 -0.28046899 -0.28046899 -0.28046899 -0.28046899
 -0.28046899 -0.28046899 -0.28046899 -0.28046899 -0.28046899 -0.28046899
 -0.28046899 -0.28046899 -0.28046899 -0.28046899 -0.28046899 -0.28046899
 -0.28046899 -0.28046899 -0.28046899 -0.28046899 -0.28046899 -0.28046899
 -0.28046899 -0.28046899 -0.28046899 -0.28046899 -0.28046899 -0.28046899
 -0.28046899 -0.28046899 -0.28046899 -0.28046899 -0.28046899 -0.28046899
 -0.28046899 -0.28046899 -0.28046899 -0.28046899 -0.28046899 -0.28046899
 -0.28046899 -0.28046899 -0.28046899 -0.28046899 -0.28046899 -0.28046899
 -0.28046899 -0.28046899  1.68389548 -0.28046899 -0.28046899 -0.28046899
 -0.28046899 -0.28046899 -0.28046899 -0.28046899 -0.28046899  0.43338521
 -0.28046899 -0.28046899 -0.28046899 -0.28046899 -0.28046899 -0.28046899
  3.55119667 -0.28046899  2.3740771  -0.28046899 -0.28046899 -0.28046899
 -0.28046899 -0.28046899 -0.28046899 -0.28046899 -0.28046899 -0.28046899
 -0.28046899 -0.28046899 -0.28046899 -0.28046899 -0.28046899 -0.28046899
 -0.28046899 -0.28046899 -0.28046899 -0.28046899 -0.28046899 -0.28046899
 -0.28046899  3.0744694  -0.28046899  4.03262321  2.96874996 -0.28046899
  3.34833267  0.45136031 -0.28046899 -0.28046899 -0.28046899 -0.28046899
 -0.28046899 -0.28046899 -0.28046899 -0.28046899 -0.28046899  3.46512262
 -0.28046899 -0.28046899 -0.28046899  6.05824388  3.34131613 -0.28046899
 -0.28046899 -0.28046899  2.96532879  3.90914138 -0.28046899  3.60666158
 -0.28046899 -0.28046899 -0.28046899  2.37985634 -0.28046899 -0.28046899
  1.08254207 -0.28046899  6.02976874 -0.28046899  3.15418263 -0.28046899
 -0.28046899  2.69712661 -0.28046899  2.23432358  4.16876904 -0.28046899
  2.87158423  3.1647894  -0.28046899 -0.28046899 -0.28046899  4.0272441
  2.46419684 -0.28046899 -0.28046899  3.0401699   1.58918278 -0.28046899
 -0.28046899 -0.28046899 -0.28046899 -0.28046899 -0.28046899 -0.28046899
 -0.28046899 -0.28046899 -0.28046899 -0.28046899  2.37038036 -0.28046899
 -0.28046899 -0.28046899 -0.28046899 -0.28046899 -0.28046899  0.20099147
 -0.28046899 -0.28046899 -0.28046899 -0.28046899 -0.28046899 -0.28046899
 -0.28046899 -0.28046899 -0.28046899 -0.28046899 -0.28046899 -0.28046899
 -0.28046899 -0.28046899 -0.28046899 -0.28046899 -0.28046899 -0.28046899
 -0.28046899 -0.28046899 -0.28046899 -0.28046899 -0.28046899 -0.28046899
 -0.28046899 -0.28046899 -0.28046899 -0.28046899 -0.28046899 -0.28046899
 -0.28046899 -0.28046899 -0.28046899 -0.28046899 -0.28046899 -0.28046899
 -0.28046899 -0.28046899 -0.28046899 -0.28046899 -0.28046899 -0.28046899
 -0.28046899 -0.28046899 -0.28046899 -0.28046899 -0.28046899 -0.28046899
 -0.28046899 -0.28046899 -0.28046899 -0.28046899 -0.28046899 -0.28046899
 -0.28046899 -0.28046899 -0.28046899 -0.28046899 -0.28046899 -0.28046899
 -0.28046899 -0.28046899 -0.28046899 -0.28046899 -0.28046899 -0.28046899
 -0.28046899 -0.28046899 -0.28046899 -0.28046899 -0.28046899 -0.28046899
 -0.28046899 -0.28046899 -0.28046899 -0.28046899 -0.28046899 -0.28046899
 -0.28046899 -0.28046899 -0.28046899 -0.28046899 -0.28046899 -0.28046899
 -0.28046899 -0.28046899 -0.28046899 -0.28046899 -0.28046899 -0.28046899
 -0.28046899 -0.28046899 -0.28046899 -0.28046899 -0.28046899 -0.28046899
 -0.28046899 -0.28046899 -0.28046899 -0.28046899 -0.28046899 -0.28046899
 -0.28046899 -0.28046899 -0.28046899 -0.28046899 -0.28046899 -0.28046899
 -0.28046899 -0.28046899 -0.28046899 -0.28046899  3.3285496   4.34987204
 -0.28046899 -0.28046899 -0.28046899 -0.28046899 -0.28046899 -0.28046899
 -0.28046899 -0.28046899 -0.28046899 -0.28046899 -0.28046899 -0.28046899
 -0.28046899 -0.28046899 -0.28046899 -0.28046899 -0.28046899 -0.28046899
  3.82927373 -0.28046899 -0.28046899 -0.28046899 -0.28046899 -0.28046899
 -0.28046899 -0.28046899 -0.28046899 -0.28046899 -0.28046899 -0.28046899
 -0.28046899 -0.28046899 -0.28046899 -0.28046899 -0.28046899 -0.28046899
 -0.28046899 -0.28046899  0.86944082 -0.28046899 -0.28046899 -0.28046899
 -0.28046899 -0.28046899 -0.28046899 -0.28046899 -0.28046899 -0.28046899
 -0.28046899 -0.28046899 -0.28046899 -0.28046899 -0.28046899 -0.28046899
 -0.28046899 -0.28046899 -0.28046899 -0.28046899 -0.28046899 -0.28046899
 -0.28046899  1.64449462  3.44131685 -0.28046899 -0.28046899 -0.28046899
 -0.28046899 -0.28046899 -0.28046899 -0.28046899 -0.28046899 -0.28046899
 -0.28046899 -0.28046899 -0.28046899 -0.28046899 -0.28046899 -0.28046899
 -0.28046899  1.50567988 -0.28046899 -0.28046899 -0.28046899 -0.28046899
 -0.28046899 -0.28046899 -0.28046899 -0.28046899 -0.28046899 -0.28046899
 -0.28046899 -0.28046899  3.15578148 -0.28046899]",[0.005256372025980172]
19,"[ 3.03801372 -0.28356885 -0.28356885 -0.28356885 -0.28356885 -0.28356885
 -0.28356885 -0.28356885 -0.28356885 -0.28356885 -0.28356885 -0.28356885
 -0.28356885 -0.28356885 -0.28356885 -0.28356885 -0.28356885 -0.28356885
 -0.28356885 -0.28356885 -0.28356885 -0.28356885 -0.28356885 -0.28356885
 -0.28356885 -0.28356885 -0.28356885 -0.28356885 -0.28356885 -0.28356885
 -0.28356885 -0.28356885 -0.28356885 -0.28356885 -0.28356885 -0.28356885
 -0.28356885 -0.28356885 -0.28356885 -0.28356885 -0.28356885 -0.28356885
 -0.28356885 -0.28356885 -0.28356885 -0.28356885 -0.28356885 -0.28356885
 -0.28356885 -0.28356885 -0.28356885 -0.28356885 -0.28356885 -0.28356885
 -0.28356885 -0.28356885 -0.28356885 -0.28356885 -0.28356885 -0.28356885
 -0.28356885 -0.28356885 -0.28356885 -0.28356885 -0.28356885 -0.28356885
 -0.28356885 -0.28356885 -0.28356885 -0.28356885 -0.28356885 -0.28356885
 -0.28356885 -0.28356885 -0.28356885 -0.28356885 -0.28356885 -0.28356885
 -0.28356885 -0.28356885 -0.28356885 -0.28356885 -0.28356885  5.53295422
 -0.28356885 -0.28356885  2.05575321  2.00709938 -0.28356885  3.81780976
 -0.28356885 -0.28356885 -0.28356885 -0.28356885 -0.28356885 -0.28356885
 -0.28356885 -0.28356885 -0.28356885 -0.28356885 -0.28356885 -0.28356885
 -0.28356885 -0.28356885 -0.28356885 -0.28356885  1.82069144 -0.28356885
 -0.28356885 -0.28356885  5.51884948 -0.28356885 -0.28356885 -0.28356885
 -0.28356885  3.404947    4.7910657  -0.28356885 -0.28356885 -0.28356885
 -0.28356885 -0.28356885 -0.28356885  0.63475977  4.81562573 -0.28356885
 -0.28356885 -0.28356885 -0.28356885 -0.28356885 -0.28356885 -0.28356885
 -0.28356885 -0.28356885 -0.28356885 -0.28356885 -0.28356885 -0.28356885
 -0.28356885 -0.28356885 -0.28356885 -0.28356885 -0.28356885 -0.28356885
 -0.28356885 -0.28356885 -0.28356885 -0.28356885 -0.28356885 -0.28356885
 -0.28356885 -0.28356885 -0.28356885 -0.28356885 -0.28356885 -0.28356885
 -0.28356885 -0.28356885 -0.28356885 -0.28356885 -0.28356885 -0.28356885
 -0.28356885  0.06303502 -0.28356885 -0.28356885 -0.28356885 -0.28356885
 -0.28356885 -0.28356885 -0.28356885 -0.28356885 -0.28356885 -0.28356885
 -0.28356885 -0.28356885 -0.28356885 -0.28356885 -0.28356885 -0.28356885
 -0.28356885 -0.28356885 -0.28356885 -0.28356885 -0.28356885 -0.28356885
 -0.28356885 -0.28356885 -0.28356885 -0.28356885 -0.28356885 -0.28356885
 -0.28356885 -0.28356885 -0.28356885 -0.28356885 -0.28356885 -0.28356885
 -0.28356885 -0.28356885 -0.28356885 -0.28356885 -0.28356885 -0.28356885
 -0.28356885 -0.28356885 -0.28356885 -0.28356885 -0.28356885 -0.28356885
  2.14497185 -0.28356885  1.75975591 -0.28356885 -0.28356885  2.05422918
 -0.28356885 -0.28356885 -0.28356885 -0.28356885 -0.28356885 -0.28356885
 -0.28356885  0.33678696 -0.28356885 -0.28356885 -0.28356885 -0.28356885
 -0.28356885 -0.28356885  0.88609218 -0.28356885 -0.28356885 -0.28356885
 -0.28356885  2.50248203 -0.28356885  4.52186859  3.83642924 -0.28356885
  3.45993348  1.12929368  0.662174    3.11039995 -0.28356885 -0.28356885
 -0.28356885 -0.28356885 -0.28356885 -0.28356885 -0.28356885 -0.28356885
 -0.28356885 -0.28356885 -0.28356885  2.48478926  2.45563832 -0.28356885
 -0.28356885 -0.28356885 -0.28356885  3.12226383 -0.28356885  0.82386372
 -0.28356885 -0.28356885 -0.28356885  2.87478843 -0.28356885 -0.28356885
  0.64303105 -0.28356885  3.28896737 -0.28356885  3.94907812 -0.28356885
 -0.28356885  2.31158441 -0.28356885  1.52230124  3.60136002 -0.28356885
  3.78931832  0.94520628 -0.28356885 -0.28356885  3.47310761  3.49882056
  3.75305411 -0.28356885 -0.28356885 -0.28356885 -0.28356885 -0.28356885
 -0.28356885 -0.28356885  4.50262442 -0.28356885 -0.28356885 -0.28356885
 -0.28356885 -0.28356885 -0.28356885 -0.28356885 -0.28356885 -0.28356885
  2.62847148 -0.28356885 -0.28356885 -0.28356885 -0.28356885  0.69583618
 -0.28356885 -0.28356885 -0.28356885 -0.28356885 -0.28356885 -0.28356885
 -0.28356885 -0.28356885 -0.28356885 -0.28356885 -0.28356885 -0.28356885
 -0.28356885 -0.28356885 -0.28356885 -0.28356885 -0.28356885 -0.28356885
 -0.28356885 -0.28356885 -0.28356885 -0.28356885 -0.28356885 -0.28356885
 -0.28356885 -0.28356885 -0.28356885 -0.28356885 -0.28356885 -0.28356885
 -0.28356885 -0.28356885 -0.28356885 -0.28356885 -0.28356885 -0.28356885
 -0.28356885 -0.28356885 -0.28356885 -0.28356885 -0.28356885 -0.28356885
 -0.28356885 -0.28356885 -0.28356885 -0.28356885 -0.28356885 -0.28356885
 -0.28356885 -0.28356885 -0.28356885 -0.28356885 -0.28356885 -0.28356885
 -0.28356885 -0.28356885 -0.28356885 -0.28356885 -0.28356885 -0.28356885
 -0.28356885 -0.28356885 -0.28356885 -0.28356885 -0.28356885 -0.28356885
 -0.28356885 -0.28356885 -0.28356885 -0.28356885 -0.28356885 -0.28356885
 -0.28356885 -0.28356885 -0.28356885 -0.28356885 -0.28356885 -0.28356885
 -0.28356885 -0.28356885 -0.28356885 -0.28356885 -0.28356885 -0.28356885
 -0.28356885 -0.28356885 -0.28356885 -0.28356885 -0.28356885 -0.28356885
 -0.28356885 -0.28356885 -0.28356885 -0.28356885 -0.28356885 -0.28356885
 -0.28356885 -0.28356885 -0.28356885 -0.28356885 -0.28356885 -0.28356885
 -0.28356885 -0.28356885 -0.28356885 -0.28356885 -0.28356885 -0.28356885
 -0.28356885 -0.28356885 -0.28356885 -0.28356885  5.11869438 -0.28356885
 -0.28356885 -0.28356885 -0.28356885 -0.28356885 -0.28356885 -0.28356885
 -0.28356885 -0.28356885 -0.28356885 -0.28356885 -0.28356885 -0.28356885
 -0.28356885 -0.28356885 -0.28356885 -0.28356885 -0.28356885 -0.28356885
  4.1851036  -0.28356885 -0.28356885 -0.28356885 -0.28356885 -0.28356885
 -0.28356885 -0.28356885 -0.28356885 -0.28356885 -0.28356885 -0.28356885
 -0.28356885 -0.28356885 -0.28356885 -0.28356885 -0.28356885 -0.28356885
 -0.28356885 -0.28356885  2.84489286 -0.28356885 -0.28356885 -0.28356885
 -0.28356885 -0.28356885 -0.28356885 -0.28356885 -0.28356885 -0.28356885
 -0.28356885 -0.28356885 -0.28356885 -0.28356885 -0.28356885 -0.28356885
 -0.28356885 -0.28356885 -0.28356885 -0.28356885 -0.28356885 -0.28356885
 -0.28356885  1.38926906 -0.28356885 -0.28356885 -0.28356885 -0.28356885
 -0.28356885 -0.28356885 -0.28356885 -0.28356885 -0.28356885 -0.28356885
 -0.28356885 -0.28356885 -0.28356885 -0.28356885 -0.28356885 -0.28356885
 -0.28356885 -0.28356885 -0.28356885 -0.28356885 -0.28356885 -0.28356885
 -0.28356885 -0.28356885 -0.28356885 -0.28356885 -0.28356885 -0.28356885
 -0.28356885 -0.28356885  6.03741317 -0.28356885]",[0.007186713312891557]
19,"[-0.29562821 -0.29562821 -0.29562821 -0.29562821  0.79822411 -0.29562821
 -0.29562821 -0.29562821 -0.29562821 -0.29562821 -0.29562821 -0.29562821
 -0.29562821 -0.29562821 -0.29562821 -0.29562821 -0.29562821 -0.29562821
 -0.29562821 -0.29562821 -0.29562821 -0.29562821 -0.29562821 -0.29562821
 -0.29562821 -0.29562821 -0.29562821 -0.29562821 -0.29562821 -0.29562821
 -0.29562821 -0.29562821 -0.29562821 -0.29562821 -0.29562821 -0.29562821
 -0.29562821 -0.29562821 -0.29562821 -0.29562821 -0.29562821 -0.29562821
 -0.29562821 -0.29562821 -0.29562821 -0.29562821 -0.29562821 -0.29562821
 -0.29562821 -0.29562821 -0.29562821 -0.29562821 -0.29562821 -0.29562821
 -0.29562821 -0.29562821 -0.29562821 -0.29562821 -0.29562821 -0.29562821
 -0.29562821 -0.29562821 -0.29562821 -0.29562821 -0.29562821 -0.29562821
 -0.29562821 -0.29562821 -0.29562821 -0.29562821 -0.29562821 -0.29562821
 -0.29562821 -0.29562821 -0.29562821 -0.29562821 -0.29562821 -0.29562821
 -0.29562821 -0.29562821 -0.29562821 -0.29562821 -0.29562821  4.36320438
 -0.29562821 -0.29562821 -0.29562821 -0.29562821 -0.29562821 -0.29562821
 -0.29562821 -0.29562821  1.32521033 -0.29562821 -0.29562821 -0.29562821
 -0.29562821 -0.29562821 -0.29562821 -0.29562821 -0.29562821 -0.29562821
 -0.29562821 -0.29562821 -0.29562821 -0.29562821 -0.29562821 -0.29562821
 -0.29562821 -0.29562821  5.45547256 -0.29562821 -0.29562821 -0.29562821
 -0.29562821 -0.29562821 -0.29562821 -0.29562821 -0.29562821 -0.29562821
 -0.29562821 -0.29562821 -0.29562821  0.20977773  5.28875374 -0.29562821
 -0.29562821 -0.29562821 -0.29562821 -0.29562821 -0.29562821 -0.29562821
 -0.29562821 -0.29562821 -0.29562821 -0.29562821 -0.29562821 -0.29562821
 -0.29562821 -0.29562821 -0.29562821 -0.29562821 -0.29562821 -0.29562821
 -0.29562821 -0.29562821 -0.29562821 -0.29562821 -0.29562821 -0.29562821
 -0.29562821 -0.29562821 -0.29562821 -0.29562821 -0.29562821 -0.29562821
 -0.29562821 -0.29562821 -0.29562821 -0.29562821 -0.29562821 -0.29562821
 -0.29562821 -0.04642885 -0.29562821 -0.29562821 -0.29562821 -0.29562821
 -0.29562821 -0.29562821 -0.29562821 -0.29562821 -0.29562821 -0.29562821
 -0.29562821 -0.29562821 -0.29562821 -0.29562821 -0.29562821 -0.29562821
 -0.29562821 -0.29562821 -0.29562821 -0.29562821 -0.29562821 -0.29562821
 -0.29562821 -0.29562821 -0.29562821 -0.29562821 -0.29562821 -0.29562821
 -0.29562821 -0.29562821 -0.29562821 -0.29562821 -0.29562821 -0.29562821
 -0.29562821 -0.29562821 -0.29562821 -0.29562821 -0.29562821 -0.29562821
 -0.29562821 -0.29562821 -0.29562821 -0.29562821 -0.29562821  1.6547633
  2.99052684 -0.29562821  2.4596001  -0.29562821 -0.29562821  1.35674954
 -0.29562821 -0.29562821 -0.29562821 -0.29562821 -0.29562821 -0.29562821
 -0.29562821 -0.29562821 -0.29562821 -0.29562821 -0.29562821 -0.29562821
 -0.29562821 -0.29562821 -0.29562821 -0.29562821 -0.29562821 -0.29562821
 -0.29562821  3.18684661 -0.29562821  3.02106785  2.31124018 -0.29562821
  2.26663928  1.81772941  1.74539933  3.4847303  -0.29562821 -0.29562821
 -0.29562821 -0.29562821 -0.29562821  2.62729446 -0.29562821 -0.29562821
 -0.29562821 -0.29562821 -0.29562821  4.63103546  2.9565798  -0.29562821
 -0.29562821 -0.29562821  2.62729446  3.71300426 -0.29562821  2.25068007
 -0.29562821 -0.29562821 -0.29562821 -0.29562821  1.2573818  -0.29562821
  4.21530599 -0.29562821  5.49534263 -0.29562821  2.82782226  4.49683798
 -0.29562821  2.50507844 -0.29562821  0.65882837  3.46906062  2.54244592
  2.40945047  1.07428445 -0.29562821 -0.29562821  4.48659919  3.73366485
  2.0342489  -0.29562821 -0.29562821  1.99508953 -0.29562821  1.50287327
 -0.29562821 -0.29562821 -0.29562821 -0.29562821 -0.29562821 -0.29562821
 -0.29562821 -0.29562821 -0.29562821 -0.29562821  3.77720162 -0.29562821
  3.48333654 -0.29562821 -0.29562821 -0.29562821 -0.29562821  1.20465459
 -0.29562821 -0.29562821 -0.29562821 -0.29562821 -0.29562821 -0.29562821
 -0.29562821 -0.29562821 -0.29562821 -0.29562821  2.42366823 -0.29562821
 -0.29562821 -0.29562821 -0.29562821 -0.29562821 -0.29562821 -0.29562821
 -0.29562821 -0.29562821 -0.29562821 -0.29562821 -0.29562821 -0.29562821
 -0.29562821 -0.29562821 -0.29562821 -0.29562821 -0.29562821 -0.29562821
 -0.29562821 -0.29562821 -0.29562821 -0.29562821 -0.29562821 -0.29562821
 -0.29562821 -0.29562821 -0.29562821 -0.29562821 -0.29562821 -0.29562821
 -0.29562821 -0.29562821 -0.29562821 -0.29562821 -0.29562821 -0.29562821
 -0.29562821 -0.29562821 -0.29562821 -0.29562821 -0.29562821 -0.29562821
 -0.29562821 -0.29562821 -0.29562821 -0.29562821 -0.29562821 -0.29562821
 -0.29562821 -0.29562821 -0.29562821 -0.29562821 -0.29562821 -0.29562821
 -0.29562821 -0.29562821 -0.29562821 -0.29562821 -0.29562821 -0.29562821
 -0.29562821 -0.29562821 -0.29562821  1.82730619 -0.29562821 -0.29562821
 -0.29562821 -0.29562821 -0.29562821 -0.29562821 -0.29562821 -0.29562821
 -0.29562821 -0.29562821 -0.29562821 -0.29562821 -0.29562821 -0.29562821
 -0.29562821 -0.29562821 -0.29562821 -0.29562821 -0.29562821 -0.29562821
 -0.29562821 -0.29562821 -0.29562821 -0.29562821 -0.29562821 -0.29562821
 -0.29562821 -0.29562821 -0.29562821 -0.29562821 -0.29562821 -0.29562821
 -0.29562821 -0.29562821 -0.29562821 -0.29562821  5.28473022 -0.29562821
 -0.29562821 -0.29562821 -0.29562821 -0.29562821 -0.29562821 -0.29562821
 -0.29562821 -0.29562821 -0.29562821 -0.29562821 -0.29562821 -0.29562821
 -0.29562821 -0.29562821 -0.29562821 -0.29562821 -0.29562821 -0.29562821
 -0.29562821 -0.29562821 -0.29562821 -0.29562821 -0.29562821 -0.29562821
 -0.29562821 -0.29562821 -0.29562821 -0.29562821 -0.29562821 -0.29562821
 -0.29562821 -0.29562821 -0.29562821 -0.29562821 -0.29562821 -0.29562821
 -0.29562821 -0.29562821  4.29915075 -0.29562821 -0.29562821 -0.29562821
  3.05104188 -0.29562821 -0.29562821 -0.29562821 -0.29562821 -0.29562821
 -0.29562821 -0.29562821 -0.29562821 -0.29562821 -0.29562821 -0.29562821
 -0.29562821 -0.29562821 -0.29562821 -0.29562821 -0.29562821 -0.29562821
 -0.29562821  2.35181049 -0.29562821 -0.29562821 -0.29562821 -0.29562821
 -0.29562821 -0.29562821 -0.29562821 -0.29562821 -0.29562821 -0.29562821
 -0.29562821 -0.29562821 -0.29562821 -0.29562821 -0.29562821 -0.29562821
 -0.29562821 -0.29562821 -0.29562821 -0.29562821 -0.29562821 -0.29562821
 -0.29562821 -0.29562821 -0.29562821 -0.29562821 -0.29562821 -0.29562821
 -0.29562821 -0.29562821  4.04264953 -0.29562821]",[0.039860248622083816]
19,"[-0.27063718 -0.27063718 -0.27063718 -0.27063718  0.03991079 -0.27063718
 -0.27063718 -0.27063718 -0.27063718 -0.27063718 -0.27063718 -0.27063718
 -0.27063718 -0.27063718 -0.27063718 -0.27063718 -0.27063718 -0.27063718
 -0.27063718 -0.27063718 -0.27063718 -0.27063718 -0.27063718 -0.27063718
 -0.27063718 -0.27063718 -0.27063718 -0.27063718 -0.27063718 -0.27063718
 -0.27063718 -0.27063718 -0.27063718 -0.27063718 -0.27063718 -0.27063718
 -0.27063718 -0.27063718 -0.27063718 -0.27063718 -0.27063718 -0.27063718
 -0.27063718 -0.27063718 -0.27063718 -0.27063718 -0.27063718 -0.27063718
 -0.27063718 -0.27063718 -0.27063718 -0.27063718 -0.27063718 -0.27063718
 -0.27063718 -0.27063718 -0.27063718 -0.27063718 -0.27063718 -0.27063718
 -0.27063718 -0.27063718 -0.27063718 -0.27063718 -0.27063718 -0.27063718
 -0.27063718 -0.27063718 -0.27063718 -0.27063718 -0.27063718 -0.27063718
 -0.27063718 -0.27063718 -0.27063718 -0.27063718 -0.27063718 -0.27063718
 -0.27063718 -0.27063718 -0.27063718 -0.27063718 -0.27063718  5.47587427
 -0.27063718 -0.27063718 -0.27063718 -0.27063718 -0.27063718 -0.27063718
 -0.27063718 -0.27063718 -0.27063718 -0.27063718 -0.27063718 -0.27063718
 -0.27063718 -0.27063718 -0.27063718 -0.27063718 -0.27063718 -0.27063718
 -0.27063718 -0.27063718 -0.27063718 -0.27063718 -0.27063718 -0.27063718
 -0.27063718 -0.27063718  6.27037034 -0.27063718 -0.27063718 -0.27063718
 -0.27063718 -0.27063718  0.58393445 -0.27063718 -0.27063718 -0.27063718
 -0.27063718 -0.27063718 -0.27063718  3.95748489  3.48828797 -0.27063718
 -0.27063718 -0.27063718 -0.27063718 -0.27063718 -0.27063718 -0.27063718
 -0.27063718 -0.27063718 -0.27063718 -0.27063718 -0.27063718 -0.27063718
 -0.27063718 -0.27063718 -0.27063718 -0.27063718 -0.27063718 -0.27063718
 -0.27063718 -0.27063718 -0.27063718 -0.27063718 -0.27063718 -0.27063718
 -0.27063718 -0.27063718 -0.27063718 -0.27063718 -0.27063718 -0.27063718
 -0.27063718 -0.27063718 -0.27063718 -0.27063718 -0.27063718 -0.27063718
 -0.27063718  1.64942682 -0.27063718 -0.27063718 -0.27063718 -0.27063718
 -0.27063718 -0.27063718 -0.27063718 -0.27063718 -0.27063718 -0.27063718
 -0.27063718 -0.27063718 -0.27063718 -0.27063718 -0.27063718 -0.27063718
 -0.27063718 -0.27063718 -0.27063718 -0.27063718 -0.27063718 -0.27063718
 -0.27063718 -0.27063718 -0.27063718 -0.27063718 -0.27063718 -0.27063718
 -0.27063718 -0.27063718 -0.27063718 -0.27063718 -0.27063718 -0.27063718
 -0.27063718 -0.27063718 -0.27063718 -0.27063718 -0.27063718 -0.27063718
 -0.27063718 -0.27063718 -0.27063718 -0.27063718 -0.27063718  0.72712532
  1.60301647 -0.27063718 -0.27063718 -0.27063718 -0.27063718  0.64765117
 -0.27063718 -0.27063718 -0.27063718 -0.27063718 -0.27063718 -0.27063718
 -0.27063718 -0.27063718 -0.27063718 -0.27063718 -0.27063718 -0.27063718
 -0.27063718 -0.27063718 -0.27063718 -0.27063718 -0.27063718 -0.27063718
 -0.27063718  3.62962486 -0.27063718  3.52482612  3.36430565 -0.27063718
  3.03886994  2.38298335  5.10383623  3.41608097 -0.27063718 -0.27063718
 -0.27063718 -0.27063718 -0.27063718 -0.27063718 -0.27063718  3.08217415
 -0.27063718 -0.27063718 -0.27063718  3.40929163  3.49893605 -0.27063718
 -0.27063718 -0.27063718 -0.27063718  2.00970705 -0.27063718  1.43246765
 -0.27063718 -0.27063718 -0.27063718 -0.27063718  3.06869187 -0.27063718
 -0.27063718 -0.27063718  5.01182397 -0.27063718  3.60306243  3.88662165
 -0.27063718  3.34054273 -0.27063718 -0.27063718  3.56792486 -0.27063718
  1.50257858  0.16496249 -0.27063718 -0.27063718 -0.27063718  4.54835809
  2.98382374 -0.27063718 -0.27063718  2.99418518 -0.27063718 -0.27063718
 -0.27063718 -0.27063718 -0.27063718 -0.27063718 -0.27063718 -0.27063718
 -0.27063718 -0.27063718 -0.27063718 -0.27063718  2.60841546 -0.27063718
 -0.27063718 -0.27063718 -0.27063718 -0.27063718 -0.27063718  2.35309277
 -0.27063718 -0.27063718 -0.27063718 -0.27063718 -0.27063718 -0.27063718
 -0.27063718 -0.27063718 -0.27063718 -0.27063718 -0.27063718 -0.27063718
 -0.27063718 -0.27063718 -0.27063718 -0.27063718 -0.27063718 -0.27063718
 -0.27063718 -0.27063718 -0.27063718 -0.27063718 -0.27063718 -0.27063718
 -0.27063718 -0.27063718 -0.27063718 -0.27063718 -0.27063718 -0.27063718
 -0.27063718 -0.27063718 -0.27063718 -0.27063718 -0.27063718 -0.27063718
 -0.27063718 -0.27063718 -0.27063718 -0.27063718 -0.27063718 -0.27063718
 -0.27063718 -0.27063718 -0.27063718 -0.27063718 -0.27063718 -0.27063718
 -0.27063718 -0.27063718 -0.27063718 -0.27063718 -0.27063718 -0.27063718
 -0.27063718 -0.27063718 -0.27063718 -0.27063718 -0.27063718 -0.27063718
 -0.27063718 -0.27063718 -0.27063718 -0.27063718 -0.27063718 -0.27063718
 -0.27063718 -0.27063718 -0.27063718 -0.27063718 -0.27063718 -0.27063718
 -0.27063718 -0.27063718 -0.27063718 -0.27063718  1.67127181 -0.27063718
 -0.27063718 -0.27063718 -0.27063718 -0.27063718 -0.27063718 -0.27063718
 -0.27063718 -0.27063718 -0.27063718 -0.27063718 -0.27063718 -0.27063718
 -0.27063718 -0.27063718 -0.27063718 -0.27063718 -0.27063718 -0.27063718
 -0.27063718 -0.27063718 -0.27063718 -0.27063718 -0.27063718 -0.27063718
 -0.27063718 -0.27063718 -0.27063718 -0.27063718 -0.27063718 -0.27063718
 -0.27063718 -0.27063718 -0.27063718 -0.27063718  5.46455633 -0.27063718
 -0.27063718 -0.27063718 -0.27063718 -0.27063718 -0.27063718 -0.27063718
 -0.27063718 -0.27063718 -0.27063718 -0.27063718 -0.27063718 -0.27063718
 -0.27063718 -0.27063718 -0.27063718 -0.27063718 -0.27063718 -0.27063718
 -0.27063718 -0.27063718  2.65764914 -0.27063718 -0.27063718 -0.27063718
 -0.27063718 -0.27063718 -0.27063718 -0.27063718 -0.27063718 -0.27063718
 -0.27063718 -0.27063718 -0.27063718 -0.27063718 -0.27063718 -0.27063718
 -0.27063718 -0.27063718  2.09365049 -0.27063718 -0.27063718 -0.27063718
  3.81890859 -0.27063718 -0.27063718 -0.27063718 -0.27063718 -0.27063718
 -0.27063718 -0.27063718 -0.27063718 -0.27063718 -0.27063718 -0.27063718
 -0.27063718 -0.27063718 -0.27063718 -0.27063718 -0.27063718 -0.27063718
 -0.27063718  3.03301146  1.99984871 -0.27063718 -0.27063718 -0.27063718
 -0.27063718 -0.27063718 -0.27063718 -0.27063718 -0.27063718 -0.27063718
 -0.27063718 -0.27063718 -0.27063718 -0.27063718 -0.27063718 -0.27063718
 -0.27063718 -0.27063718 -0.27063718 -0.27063718 -0.27063718 -0.27063718
 -0.27063718 -0.27063718 -0.27063718 -0.27063718 -0.27063718 -0.27063718
 -0.27063718 -0.27063718  6.38476781 -0.27063718]",[-0.007173274909495153]
19,"[-0.3125432  -0.3125432  -0.3125432  -0.3125432   1.19741387 -0.3125432
 -0.3125432  -0.3125432  -0.3125432  -0.3125432  -0.3125432  -0.3125432
 -0.3125432  -0.3125432  -0.3125432  -0.3125432  -0.3125432  -0.3125432
 -0.3125432  -0.3125432  -0.3125432  -0.3125432  -0.3125432  -0.3125432
 -0.3125432  -0.3125432  -0.3125432  -0.3125432  -0.3125432  -0.3125432
 -0.3125432  -0.3125432  -0.3125432  -0.3125432  -0.3125432  -0.3125432
 -0.3125432  -0.3125432  -0.3125432  -0.3125432  -0.3125432  -0.3125432
 -0.3125432  -0.3125432  -0.3125432  -0.3125432  -0.3125432  -0.3125432
 -0.3125432  -0.3125432  -0.3125432  -0.3125432  -0.3125432  -0.3125432
 -0.3125432  -0.3125432  -0.3125432  -0.3125432  -0.3125432  -0.3125432
 -0.3125432  -0.3125432  -0.3125432  -0.3125432  -0.3125432  -0.3125432
 -0.3125432  -0.3125432  -0.3125432  -0.3125432  -0.3125432  -0.3125432
 -0.3125432  -0.3125432  -0.3125432  -0.3125432  -0.3125432  -0.3125432
 -0.3125432  -0.3125432  -0.3125432  -0.3125432  -0.3125432   4.67694629
 -0.3125432  -0.3125432  -0.3125432  -0.3125432  -0.3125432  -0.3125432
 -0.3125432  -0.3125432  -0.3125432  -0.3125432  -0.3125432  -0.3125432
 -0.3125432  -0.3125432  -0.3125432  -0.3125432  -0.3125432  -0.3125432
 -0.3125432  -0.3125432  -0.3125432  -0.3125432  -0.3125432  -0.3125432
 -0.3125432  -0.3125432   4.24255984 -0.3125432  -0.3125432   2.46864744
 -0.3125432  -0.3125432   3.53917875 -0.3125432  -0.3125432  -0.3125432
 -0.3125432  -0.3125432   3.54913728  2.77702506  3.75060398 -0.3125432
 -0.3125432  -0.3125432  -0.3125432  -0.3125432  -0.3125432  -0.3125432
 -0.3125432  -0.3125432  -0.3125432  -0.3125432  -0.3125432  -0.3125432
 -0.3125432  -0.3125432  -0.3125432  -0.3125432  -0.3125432  -0.3125432
 -0.3125432  -0.3125432  -0.3125432  -0.3125432  -0.3125432  -0.3125432
 -0.3125432  -0.3125432  -0.3125432  -0.3125432  -0.3125432  -0.3125432
 -0.3125432  -0.3125432  -0.3125432  -0.3125432  -0.3125432  -0.3125432
 -0.3125432   1.58667836 -0.3125432  -0.3125432  -0.3125432  -0.3125432
 -0.3125432  -0.3125432  -0.3125432  -0.3125432  -0.3125432   1.9506093
 -0.3125432  -0.3125432  -0.3125432  -0.3125432  -0.3125432  -0.3125432
 -0.3125432  -0.3125432  -0.3125432  -0.3125432  -0.3125432  -0.3125432
 -0.3125432  -0.3125432  -0.3125432  -0.3125432  -0.3125432  -0.3125432
 -0.3125432  -0.3125432  -0.3125432  -0.3125432  -0.3125432  -0.3125432
 -0.3125432  -0.3125432  -0.3125432  -0.3125432  -0.3125432  -0.3125432
 -0.3125432  -0.3125432  -0.3125432  -0.3125432  -0.3125432  -0.3125432
  2.22884256  1.98808083  1.12916595 -0.3125432  -0.3125432   1.72707635
 -0.3125432  -0.3125432  -0.3125432  -0.3125432  -0.3125432  -0.3125432
 -0.3125432  -0.3125432  -0.3125432  -0.3125432   2.60372357 -0.3125432
 -0.3125432  -0.3125432  -0.3125432  -0.3125432  -0.3125432  -0.3125432
 -0.3125432   2.78307971 -0.3125432   4.09858037  3.6841883  -0.3125432
  2.55883313 -0.3125432   3.14295534  3.23325931 -0.3125432  -0.3125432
 -0.3125432  -0.3125432  -0.3125432  -0.3125432  -0.3125432  -0.3125432
 -0.3125432   2.3701117  -0.3125432   2.2831604   3.42823364 -0.3125432
 -0.3125432  -0.3125432  -0.3125432   2.50473721 -0.3125432   1.65700687
  0.59498566 -0.3125432  -0.3125432  -0.3125432  -0.3125432  -0.3125432
  1.06202996 -0.3125432   3.91385934 -0.3125432   3.59075597  5.05775583
 -0.3125432   4.15450797 -0.3125432   1.6373551   2.38562327  3.43225062
 -0.3125432   2.09846934 -0.3125432  -0.3125432  -0.3125432   2.37677822
  2.17523287 -0.3125432  -0.3125432   1.72915312 -0.3125432   2.35660032
 -0.3125432  -0.3125432   3.89427426 -0.3125432  -0.3125432  -0.3125432
 -0.3125432  -0.3125432  -0.3125432  -0.3125432   3.26917798 -0.3125432
 -0.3125432  -0.3125432  -0.3125432  -0.3125432  -0.3125432   0.97837235
 -0.3125432  -0.3125432  -0.3125432  -0.3125432  -0.3125432  -0.3125432
 -0.3125432  -0.3125432  -0.3125432  -0.3125432   0.55252755 -0.3125432
 -0.3125432  -0.3125432  -0.3125432  -0.3125432  -0.3125432  -0.3125432
 -0.3125432  -0.3125432  -0.3125432  -0.3125432  -0.3125432  -0.3125432
 -0.3125432  -0.3125432  -0.3125432  -0.3125432  -0.3125432  -0.3125432
 -0.3125432  -0.3125432  -0.3125432  -0.3125432  -0.3125432  -0.3125432
 -0.3125432  -0.3125432  -0.3125432  -0.3125432  -0.3125432  -0.3125432
 -0.3125432  -0.3125432  -0.3125432  -0.3125432  -0.3125432  -0.3125432
 -0.3125432  -0.3125432  -0.3125432  -0.3125432  -0.3125432  -0.3125432
 -0.3125432  -0.3125432  -0.3125432  -0.3125432  -0.3125432  -0.3125432
 -0.3125432  -0.3125432  -0.3125432  -0.3125432  -0.3125432  -0.3125432
 -0.3125432  -0.3125432  -0.3125432  -0.3125432  -0.3125432  -0.3125432
 -0.3125432  -0.3125432  -0.3125432  -0.3125432  -0.3125432  -0.3125432
 -0.3125432  -0.3125432  -0.3125432  -0.3125432  -0.3125432  -0.3125432
 -0.3125432  -0.3125432  -0.3125432  -0.3125432  -0.3125432  -0.3125432
 -0.3125432  -0.3125432  -0.3125432  -0.3125432  -0.3125432  -0.3125432
 -0.3125432  -0.3125432  -0.3125432  -0.3125432  -0.3125432  -0.3125432
 -0.3125432  -0.3125432  -0.3125432  -0.3125432  -0.3125432  -0.3125432
 -0.3125432  -0.3125432  -0.3125432  -0.3125432   4.41118357 -0.3125432
 -0.3125432  -0.3125432  -0.3125432  -0.3125432  -0.3125432  -0.3125432
 -0.3125432   1.61363495 -0.3125432  -0.3125432  -0.3125432  -0.3125432
 -0.3125432  -0.3125432  -0.3125432  -0.3125432  -0.3125432  -0.3125432
  3.62283766 -0.3125432  -0.3125432  -0.3125432  -0.3125432  -0.3125432
 -0.3125432  -0.3125432  -0.3125432  -0.3125432  -0.3125432  -0.3125432
 -0.3125432  -0.3125432  -0.3125432  -0.3125432  -0.3125432  -0.3125432
 -0.3125432  -0.3125432  -0.3125432  -0.3125432  -0.3125432  -0.3125432
  6.30120106 -0.3125432  -0.3125432  -0.3125432  -0.3125432  -0.3125432
 -0.3125432  -0.3125432  -0.3125432  -0.3125432  -0.3125432  -0.3125432
 -0.3125432  -0.3125432  -0.3125432  -0.3125432  -0.3125432  -0.3125432
 -0.3125432   2.55584369 -0.3125432  -0.3125432  -0.3125432  -0.3125432
 -0.3125432  -0.3125432   3.1501737  -0.3125432  -0.3125432   1.56865556
 -0.3125432  -0.3125432  -0.3125432  -0.3125432  -0.3125432  -0.3125432
 -0.3125432   2.75469474 -0.3125432  -0.3125432  -0.3125432  -0.3125432
 -0.3125432  -0.3125432  -0.3125432  -0.3125432  -0.3125432  -0.3125432
 -0.3125432  -0.3125432   3.55990308 -0.3125432 ]",[0.017880756313629564]
20,"[-0.23227201 -0.23227201 -0.23227201 -0.23227201 -0.23227201 -0.23227201
 -0.23227201 -0.23227201 -0.23227201 -0.23227201 -0.23227201 -0.23227201
 -0.23227201 -0.23227201 -0.23227201 -0.23227201 -0.23227201 -0.23227201
 -0.23227201 -0.23227201 -0.23227201 -0.23227201 -0.23227201 -0.23227201
 -0.23227201 -0.23227201 -0.23227201 -0.23227201 -0.23227201 -0.23227201
 -0.23227201 -0.23227201 -0.23227201 -0.23227201 -0.23227201 -0.23227201
 -0.23227201 -0.23227201 -0.23227201 -0.23227201 -0.23227201 -0.23227201
 -0.23227201 -0.23227201 -0.23227201 -0.23227201 -0.23227201 -0.23227201
 -0.23227201 -0.23227201 -0.23227201 -0.23227201 -0.23227201 -0.23227201
 -0.23227201 -0.23227201 -0.23227201 -0.23227201 -0.23227201 -0.23227201
 -0.23227201 -0.23227201 -0.23227201 -0.23227201 -0.23227201 -0.23227201
 -0.23227201 -0.23227201 -0.23227201 -0.23227201 -0.23227201 -0.23227201
 -0.23227201 -0.23227201 -0.23227201 -0.23227201 -0.23227201 -0.23227201
 -0.23227201 -0.23227201 -0.23227201 -0.23227201 -0.23227201  7.98081121
 -0.23227201 -0.23227201 -0.23227201 -0.23227201  1.70427303 -0.23227201
 -0.23227201 -0.23227201  2.04750284 -0.23227201 -0.23227201 -0.23227201
 -0.23227201 -0.23227201 -0.23227201 -0.23227201 -0.23227201 -0.23227201
 -0.23227201 -0.23227201 -0.23227201 -0.23227201 -0.23227201 -0.23227201
 -0.23227201 -0.23227201 -0.23227201 -0.23227201 -0.23227201 -0.23227201
 -0.23227201 -0.23227201 -0.23227201 -0.23227201  0.51734591 -0.23227201
 -0.23227201 -0.23227201 -0.23227201  1.07928772 -0.23227201 -0.23227201
 -0.23227201 -0.23227201 -0.23227201 -0.23227201 -0.23227201 -0.23227201
 -0.23227201 -0.23227201 -0.23227201 -0.23227201 -0.23227201 -0.23227201
 -0.23227201 -0.23227201 -0.23227201 -0.23227201 -0.23227201 -0.23227201
 -0.23227201 -0.23227201 -0.23227201 -0.23227201 -0.23227201 -0.23227201
 -0.23227201 -0.23227201 -0.23227201 -0.23227201 -0.23227201 -0.23227201
 -0.23227201 -0.23227201 -0.23227201 -0.23227201 -0.23227201 -0.23227201
 -0.23227201 -0.23227201 -0.23227201 -0.23227201 -0.23227201 -0.23227201
 -0.23227201 -0.23227201 -0.23227201 -0.23227201 -0.23227201  2.40373888
 -0.23227201 -0.23227201 -0.23227201 -0.23227201 -0.23227201 -0.23227201
 -0.23227201 -0.23227201 -0.23227201 -0.23227201 -0.23227201 -0.23227201
 -0.23227201 -0.23227201 -0.23227201 -0.23227201 -0.23227201 -0.23227201
 -0.23227201 -0.23227201  2.95261567 -0.23227201 -0.23227201 -0.23227201
 -0.23227201 -0.23227201 -0.23227201 -0.23227201 -0.23227201  0.5071228
 -0.23227201 -0.23227201 -0.23227201 -0.23227201 -0.23227201 -0.23227201
  4.71276958 -0.23227201 -0.23227201 -0.23227201 -0.23227201  3.8522852
 -0.23227201 -0.23227201 -0.23227201 -0.23227201 -0.23227201 -0.23227201
 -0.23227201 -0.23227201 -0.23227201 -0.23227201 -0.23227201 -0.23227201
 -0.23227201 -0.23227201 -0.23227201 -0.23227201 -0.23227201 -0.23227201
 -0.23227201  3.63318379 -0.23227201  3.82827251  3.20962525 -0.23227201
  3.46548229 -0.23227201 -0.23227201 -0.23227201 -0.23227201 -0.23227201
 -0.23227201 -0.23227201 -0.23227201 -0.23227201 -0.23227201 -0.23227201
 -0.23227201 -0.23227201 -0.23227201 -0.23227201  3.77638181 -0.23227201
 -0.23227201 -0.23227201 -0.23227201  3.7142875  -0.23227201  0.61434899
 -0.23227201 -0.23227201 -0.23227201 -0.23227201 -0.23227201 -0.23227201
 -0.23227201 -0.23227201  6.23322641 -0.23227201  4.26026275 -0.23227201
 -0.23227201 -0.23227201 -0.23227201 -0.23227201 -0.23227201 -0.23227201
  3.32127985  0.91239305 -0.23227201 -0.23227201  6.88631989  4.16402671
  1.16183324 -0.23227201 -0.23227201 -0.23227201 -0.23227201  3.23292563
 -0.23227201 -0.23227201 -0.23227201 -0.23227201 -0.23227201 -0.23227201
 -0.23227201 -0.23227201 -0.23227201 -0.23227201  3.08445185 -0.23227201
 -0.23227201 -0.23227201 -0.23227201 -0.23227201 -0.23227201  0.93506935
 -0.23227201  2.29915663 -0.23227201 -0.23227201 -0.23227201 -0.23227201
 -0.23227201 -0.23227201 -0.23227201 -0.23227201 -0.23227201 -0.23227201
 -0.23227201 -0.23227201 -0.23227201 -0.23227201 -0.23227201 -0.23227201
 -0.23227201 -0.23227201 -0.23227201 -0.23227201 -0.23227201 -0.23227201
 -0.23227201 -0.23227201 -0.23227201 -0.23227201 -0.23227201 -0.23227201
 -0.23227201 -0.23227201 -0.23227201 -0.23227201 -0.23227201 -0.23227201
 -0.23227201 -0.23227201 -0.23227201 -0.23227201 -0.23227201 -0.23227201
 -0.23227201 -0.23227201 -0.23227201 -0.23227201 -0.23227201 -0.23227201
 -0.23227201 -0.23227201 -0.23227201 -0.23227201 -0.23227201 -0.23227201
 -0.23227201 -0.23227201 -0.23227201 -0.23227201 -0.23227201 -0.23227201
 -0.23227201 -0.23227201 -0.23227201 -0.23227201 -0.23227201 -0.23227201
 -0.23227201 -0.23227201 -0.23227201 -0.23227201 -0.23227201 -0.23227201
 -0.23227201 -0.23227201 -0.23227201 -0.23227201 -0.23227201 -0.23227201
 -0.23227201 -0.23227201 -0.23227201 -0.23227201 -0.23227201 -0.23227201
 -0.23227201 -0.23227201 -0.23227201 -0.23227201 -0.23227201 -0.23227201
 -0.23227201 -0.23227201 -0.23227201 -0.23227201 -0.23227201 -0.23227201
 -0.23227201 -0.23227201 -0.23227201 -0.23227201 -0.23227201 -0.23227201
 -0.23227201 -0.23227201 -0.23227201 -0.23227201 -0.23227201 -0.23227201
 -0.23227201 -0.23227201 -0.23227201 -0.23227201 -0.23227201  4.24526654
 -0.23227201 -0.23227201 -0.23227201 -0.23227201 -0.23227201 -0.23227201
 -0.23227201 -0.23227201 -0.23227201 -0.23227201 -0.23227201 -0.23227201
 -0.23227201 -0.23227201 -0.23227201 -0.23227201 -0.23227201 -0.23227201
 -0.23227201 -0.23227201 -0.23227201 -0.23227201 -0.23227201 -0.23227201
  1.47122532 -0.23227201 -0.23227201 -0.23227201 -0.23227201 -0.23227201
 -0.23227201 -0.23227201 -0.23227201 -0.23227201 -0.23227201 -0.23227201
 -0.23227201 -0.23227201  6.3563615  -0.23227201 -0.23227201 -0.23227201
 -0.23227201 -0.23227201 -0.23227201  4.36577445 -0.23227201 -0.23227201
 -0.23227201 -0.23227201 -0.23227201 -0.23227201 -0.23227201 -0.23227201
 -0.23227201 -0.23227201 -0.23227201 -0.23227201 -0.23227201 -0.23227201
 -0.23227201  5.62800935 -0.23227201  4.3272777  -0.23227201 -0.23227201
 -0.23227201 -0.23227201 -0.23227201 -0.23227201 -0.23227201 -0.23227201
 -0.23227201 -0.23227201 -0.23227201 -0.23227201 -0.23227201 -0.23227201
 -0.23227201 -0.23227201 -0.23227201 -0.23227201 -0.23227201 -0.23227201
 -0.23227201 -0.23227201 -0.23227201 -0.23227201 -0.23227201 -0.23227201
 -0.23227201 -0.23227201 -0.23227201 -0.23227201]",[0.05779235607561886]
20,"[-0.27521261 -0.27521261 -0.27521261 -0.27521261  0.8824488  -0.27521261
 -0.27521261 -0.27521261 -0.27521261 -0.27521261 -0.27521261 -0.27521261
 -0.27521261 -0.27521261 -0.27521261 -0.27521261 -0.27521261 -0.27521261
 -0.27521261 -0.27521261 -0.27521261 -0.27521261 -0.27521261 -0.27521261
 -0.27521261 -0.27521261 -0.27521261 -0.27521261 -0.27521261 -0.27521261
 -0.27521261 -0.27521261 -0.27521261 -0.27521261 -0.27521261 -0.27521261
 -0.27521261 -0.27521261 -0.27521261 -0.27521261 -0.27521261 -0.27521261
 -0.27521261 -0.27521261 -0.27521261 -0.27521261 -0.27521261 -0.27521261
 -0.27521261 -0.27521261 -0.27521261 -0.27521261 -0.27521261 -0.27521261
 -0.27521261 -0.27521261 -0.27521261 -0.27521261 -0.27521261 -0.27521261
 -0.27521261 -0.27521261 -0.27521261 -0.27521261 -0.27521261 -0.27521261
 -0.27521261 -0.27521261 -0.27521261 -0.27521261 -0.27521261 -0.27521261
 -0.27521261 -0.27521261 -0.27521261 -0.27521261 -0.27521261 -0.27521261
 -0.27521261 -0.27521261 -0.27521261 -0.27521261 -0.27521261  3.49754313
 -0.27521261 -0.27521261 -0.27521261 -0.27521261 -0.27521261  3.01154613
 -0.27521261 -0.27521261 -0.27521261 -0.27521261 -0.27521261 -0.27521261
 -0.27521261 -0.27521261 -0.27521261 -0.27521261 -0.27521261 -0.27521261
 -0.27521261 -0.27521261 -0.27521261 -0.27521261 -0.27521261 -0.27521261
 -0.27521261 -0.27521261  5.67639978 -0.27521261 -0.27521261 -0.27521261
 -0.27521261 -0.27521261 -0.27521261 -0.27521261 -0.27521261 -0.27521261
 -0.27521261 -0.27521261 -0.27521261 -0.27521261  5.38756112 -0.27521261
 -0.27521261 -0.27521261 -0.27521261 -0.27521261 -0.27521261 -0.27521261
 -0.27521261 -0.27521261 -0.27521261 -0.27521261 -0.27521261 -0.27521261
 -0.27521261 -0.27521261 -0.27521261 -0.27521261 -0.27521261 -0.27521261
 -0.27521261 -0.27521261 -0.27521261 -0.27521261 -0.27521261 -0.27521261
 -0.27521261 -0.27521261 -0.27521261 -0.27521261 -0.27521261 -0.27521261
 -0.27521261 -0.27521261 -0.27521261 -0.27521261 -0.27521261 -0.27521261
 -0.27521261 -0.27521261 -0.27521261 -0.27521261 -0.27521261 -0.27521261
 -0.27521261 -0.27521261 -0.27521261 -0.27521261 -0.27521261 -0.27521261
 -0.27521261 -0.27521261 -0.27521261 -0.27521261 -0.27521261 -0.27521261
 -0.27521261 -0.27521261 -0.27521261 -0.27521261 -0.27521261 -0.27521261
 -0.27521261 -0.27521261 -0.27521261 -0.27521261 -0.27521261  2.4869878
 -0.27521261 -0.27521261 -0.27521261 -0.27521261 -0.27521261 -0.27521261
 -0.27521261 -0.27521261 -0.27521261 -0.27521261 -0.27521261  1.57171575
 -0.27521261 -0.27521261 -0.27521261 -0.27521261 -0.27521261 -0.27521261
  3.34855516 -0.27521261  2.31583368 -0.27521261 -0.27521261  1.48301456
 -0.27521261 -0.27521261 -0.27521261 -0.27521261 -0.27521261 -0.27521261
 -0.27521261 -0.27521261 -0.27521261 -0.27521261 -0.27521261 -0.27521261
 -0.27521261 -0.27521261 -0.27521261 -0.27521261 -0.27521261 -0.27521261
 -0.27521261  2.48291102 -0.27521261  4.8568974   1.31061391 -0.27521261
  3.50631368 -0.27521261 -0.27521261 -0.27521261 -0.27521261 -0.27521261
 -0.27521261 -0.27521261  2.76409489 -0.27521261 -0.27521261 -0.27521261
 -0.27521261 -0.27521261 -0.27521261  5.48243265  3.25295953 -0.27521261
 -0.27521261 -0.27521261 -0.27521261  4.01221576 -0.27521261  3.07693184
 -0.27521261 -0.27521261 -0.27521261  2.87870304 -0.27521261 -0.27521261
  3.42799124 -0.27521261  5.78669927 -0.27521261  3.48275471 -0.27521261
  1.72396039  2.42961291 -0.27521261  1.87440353  3.53136814 -0.27521261
  1.99493849  3.0673168  -0.27521261 -0.27521261 -0.27521261  4.74050925
  1.84708449  4.57919817 -0.27521261  3.36318469 -0.27521261 -0.27521261
 -0.27521261 -0.27521261 -0.27521261 -0.27521261 -0.27521261 -0.27521261
 -0.27521261 -0.27521261 -0.27521261 -0.27521261 -0.27521261 -0.27521261
 -0.27521261 -0.27521261 -0.27521261 -0.27521261 -0.27521261 -0.27521261
 -0.27521261 -0.27521261 -0.27521261 -0.27521261 -0.27521261 -0.27521261
 -0.27521261 -0.27521261 -0.27521261 -0.27521261 -0.27521261 -0.27521261
 -0.27521261 -0.27521261 -0.27521261 -0.27521261 -0.27521261 -0.27521261
 -0.27521261 -0.27521261 -0.27521261 -0.27521261 -0.27521261 -0.27521261
 -0.27521261 -0.27521261 -0.27521261 -0.27521261 -0.27521261 -0.27521261
 -0.27521261 -0.27521261 -0.27521261 -0.27521261 -0.27521261 -0.27521261
 -0.27521261 -0.27521261 -0.27521261 -0.27521261 -0.27521261 -0.27521261
 -0.27521261 -0.27521261 -0.27521261 -0.27521261 -0.27521261 -0.27521261
 -0.27521261 -0.27521261 -0.27521261 -0.27521261 -0.27521261 -0.27521261
 -0.27521261 -0.27521261 -0.27521261 -0.27521261  3.01154613 -0.27521261
 -0.27521261 -0.27521261 -0.27521261 -0.27521261 -0.27521261 -0.27521261
 -0.27521261 -0.27521261 -0.27521261 -0.27521261 -0.27521261 -0.27521261
 -0.27521261 -0.27521261 -0.27521261 -0.27521261 -0.27521261 -0.27521261
 -0.27521261 -0.27521261 -0.27521261 -0.27521261 -0.27521261 -0.27521261
 -0.27521261 -0.27521261 -0.27521261 -0.27521261 -0.27521261 -0.27521261
 -0.27521261 -0.27521261 -0.27521261 -0.27521261 -0.27521261 -0.27521261
 -0.27521261 -0.27521261 -0.27521261 -0.27521261 -0.27521261 -0.27521261
 -0.27521261 -0.27521261 -0.27521261 -0.27521261 -0.27521261 -0.27521261
 -0.27521261 -0.27521261 -0.27521261 -0.27521261  2.68967573  4.70984186
 -0.27521261 -0.27521261 -0.27521261 -0.27521261 -0.27521261 -0.27521261
 -0.27521261 -0.27521261 -0.27521261 -0.27521261 -0.27521261 -0.27521261
 -0.27521261 -0.27521261 -0.27521261 -0.27521261 -0.27521261 -0.27521261
  3.97666614 -0.27521261 -0.27521261 -0.27521261 -0.27521261 -0.27521261
 -0.27521261 -0.27521261 -0.27521261 -0.27521261 -0.27521261 -0.27521261
 -0.27521261 -0.27521261 -0.27521261 -0.27521261 -0.27521261 -0.27521261
 -0.27521261 -0.27521261  1.84708449 -0.27521261 -0.27521261 -0.27521261
 -0.27521261 -0.27521261 -0.27521261 -0.27521261 -0.27521261 -0.27521261
 -0.27521261 -0.27521261 -0.27521261 -0.27521261 -0.27521261 -0.27521261
 -0.27521261 -0.27521261 -0.27521261 -0.27521261 -0.27521261 -0.27521261
 -0.27521261 -0.27521261 -0.27521261 -0.27521261 -0.27521261  1.36560468
 -0.27521261  1.84708449 -0.27521261 -0.27521261 -0.27521261  1.74032068
 -0.27521261 -0.27521261 -0.27521261 -0.27521261 -0.27521261 -0.27521261
 -0.27521261 -0.27521261 -0.27521261 -0.27521261 -0.27521261 -0.27521261
 -0.27521261 -0.27521261 -0.27521261 -0.27521261 -0.27521261 -0.27521261
 -0.27521261 -0.27521261  5.22910355 -0.27521261]",[0.01624752766998222]
20,"[ 3.90907631 -0.27638214 -0.27638214 -0.27638214  0.18398234 -0.27638214
 -0.27638214 -0.27638214 -0.27638214 -0.27638214 -0.27638214 -0.27638214
 -0.27638214 -0.27638214 -0.27638214 -0.27638214 -0.27638214 -0.27638214
 -0.27638214 -0.27638214 -0.27638214 -0.27638214 -0.27638214 -0.27638214
 -0.27638214 -0.27638214 -0.27638214 -0.27638214 -0.27638214 -0.27638214
 -0.27638214 -0.27638214 -0.27638214 -0.27638214 -0.27638214 -0.27638214
 -0.27638214 -0.27638214 -0.27638214 -0.27638214 -0.27638214 -0.27638214
 -0.27638214 -0.27638214 -0.27638214 -0.27638214 -0.27638214 -0.27638214
 -0.27638214 -0.27638214 -0.27638214 -0.27638214 -0.27638214 -0.27638214
 -0.27638214 -0.27638214 -0.27638214 -0.27638214 -0.27638214 -0.27638214
 -0.27638214 -0.27638214 -0.27638214 -0.27638214 -0.27638214 -0.27638214
 -0.27638214 -0.27638214 -0.27638214 -0.27638214 -0.27638214 -0.27638214
 -0.27638214 -0.27638214 -0.27638214 -0.27638214 -0.27638214 -0.27638214
 -0.27638214 -0.27638214 -0.27638214 -0.27638214 -0.27638214  5.46254064
 -0.27638214 -0.27638214 -0.27638214 -0.27638214 -0.27638214  2.2747351
 -0.27638214 -0.27638214 -0.27638214 -0.27638214 -0.27638214 -0.27638214
 -0.27638214 -0.27638214 -0.27638214 -0.27638214 -0.27638214 -0.27638214
 -0.27638214 -0.27638214 -0.27638214 -0.27638214  2.67811702 -0.27638214
 -0.27638214 -0.27638214  5.8180989  -0.27638214 -0.27638214 -0.27638214
 -0.27638214  3.60574716  4.92753384 -0.27638214 -0.27638214 -0.27638214
 -0.27638214 -0.27638214 -0.27638214 -0.27638214  5.2065331  -0.27638214
 -0.27638214 -0.27638214 -0.27638214 -0.27638214 -0.27638214 -0.27638214
 -0.27638214 -0.27638214 -0.27638214 -0.27638214 -0.27638214 -0.27638214
 -0.27638214 -0.27638214 -0.27638214 -0.27638214 -0.27638214 -0.27638214
 -0.27638214 -0.27638214 -0.27638214 -0.27638214 -0.27638214 -0.27638214
 -0.27638214 -0.27638214 -0.27638214 -0.27638214 -0.27638214 -0.27638214
 -0.27638214 -0.27638214 -0.27638214 -0.27638214 -0.27638214 -0.27638214
 -0.27638214  0.61715291 -0.27638214 -0.27638214 -0.27638214 -0.27638214
 -0.27638214 -0.27638214 -0.27638214 -0.27638214 -0.27638214 -0.27638214
 -0.27638214 -0.27638214 -0.27638214 -0.27638214 -0.27638214 -0.27638214
 -0.27638214 -0.27638214 -0.27638214 -0.27638214 -0.27638214 -0.27638214
 -0.27638214 -0.27638214 -0.27638214 -0.27638214 -0.27638214 -0.27638214
 -0.27638214 -0.27638214 -0.27638214 -0.27638214 -0.27638214 -0.27638214
 -0.27638214 -0.27638214 -0.27638214 -0.27638214 -0.27638214 -0.27638214
 -0.27638214 -0.27638214 -0.27638214 -0.27638214 -0.27638214 -0.27638214
  2.50069612 -0.27638214  0.72881977 -0.27638214 -0.27638214  2.97472835
 -0.27638214 -0.27638214 -0.27638214 -0.27638214 -0.27638214 -0.27638214
 -0.27638214 -0.27638214 -0.27638214 -0.27638214 -0.27638214 -0.27638214
 -0.27638214 -0.27638214 -0.27638214 -0.27638214 -0.27638214 -0.27638214
 -0.27638214  2.62162064 -0.27638214  3.04674306  2.94567365 -0.27638214
  2.23342872  0.69698635  2.070345    2.63058981 -0.27638214 -0.27638214
 -0.27638214 -0.27638214 -0.27638214 -0.27638214 -0.27638214 -0.27638214
 -0.27638214 -0.27638214 -0.27638214  5.74123965  3.05833938 -0.27638214
 -0.27638214 -0.27638214  3.85031836  3.22791137 -0.27638214  1.498628
 -0.27638214 -0.27638214 -0.27638214  1.73290244 -0.27638214 -0.27638214
 -0.27638214 -0.27638214  4.21015334 -0.27638214  3.05603292 -0.27638214
 -0.27638214  2.29397675 -0.27638214  0.75245673  3.14755739 -0.27638214
  1.35416749 -0.27638214 -0.27638214 -0.27638214  3.1982532   1.58151238
 -0.27638214 -0.27638214 -0.27638214 -0.27638214 -0.27638214  1.15898558
 -0.27638214 -0.27638214  4.45562444 -0.27638214 -0.27638214 -0.27638214
 -0.27638214 -0.27638214 -0.27638214 -0.27638214 -0.27638214 -0.27638214
  2.78263857 -0.27638214 -0.27638214 -0.27638214 -0.27638214  2.21780749
 -0.27638214 -0.27638214 -0.27638214 -0.27638214 -0.27638214 -0.27638214
 -0.27638214 -0.27638214 -0.27638214 -0.27638214 -0.27638214 -0.27638214
 -0.27638214 -0.27638214 -0.27638214 -0.27638214 -0.27638214 -0.27638214
 -0.27638214 -0.27638214 -0.27638214 -0.27638214 -0.27638214 -0.27638214
 -0.27638214 -0.27638214 -0.27638214 -0.27638214 -0.27638214 -0.27638214
 -0.27638214 -0.27638214 -0.27638214 -0.27638214 -0.27638214 -0.27638214
 -0.27638214 -0.27638214 -0.27638214 -0.27638214 -0.27638214 -0.27638214
 -0.27638214 -0.27638214 -0.27638214 -0.27638214 -0.27638214 -0.27638214
 -0.27638214 -0.27638214 -0.27638214 -0.27638214 -0.27638214 -0.27638214
 -0.27638214 -0.27638214 -0.27638214 -0.27638214 -0.27638214 -0.27638214
 -0.27638214 -0.27638214 -0.27638214 -0.27638214 -0.27638214 -0.27638214
 -0.27638214 -0.27638214 -0.27638214 -0.27638214 -0.27638214 -0.27638214
 -0.27638214 -0.27638214 -0.27638214 -0.27638214 -0.27638214 -0.27638214
 -0.27638214 -0.27638214 -0.27638214 -0.27638214 -0.27638214 -0.27638214
 -0.27638214 -0.27638214 -0.27638214 -0.27638214 -0.27638214 -0.27638214
 -0.27638214 -0.27638214 -0.27638214 -0.27638214 -0.27638214 -0.27638214
 -0.27638214 -0.27638214 -0.27638214 -0.27638214 -0.27638214 -0.27638214
 -0.27638214 -0.27638214 -0.27638214 -0.27638214 -0.27638214 -0.27638214
 -0.27638214 -0.27638214 -0.27638214 -0.27638214  5.7193874  -0.27638214
 -0.27638214 -0.27638214 -0.27638214 -0.27638214 -0.27638214 -0.27638214
 -0.27638214 -0.27638214 -0.27638214 -0.27638214 -0.27638214 -0.27638214
 -0.27638214 -0.27638214 -0.27638214 -0.27638214 -0.27638214 -0.27638214
  4.23931912 -0.27638214 -0.27638214 -0.27638214 -0.27638214 -0.27638214
  0.44441211 -0.27638214 -0.27638214 -0.27638214 -0.27638214 -0.27638214
 -0.27638214 -0.27638214 -0.27638214 -0.27638214 -0.27638214 -0.27638214
 -0.27638214 -0.27638214  2.2747351  -0.27638214 -0.27638214 -0.27638214
  4.91584613 -0.27638214 -0.27638214 -0.27638214 -0.27638214 -0.27638214
 -0.27638214 -0.27638214 -0.27638214 -0.27638214 -0.27638214 -0.27638214
 -0.27638214 -0.27638214 -0.27638214 -0.27638214 -0.27638214 -0.27638214
 -0.27638214  3.5293371  -0.27638214 -0.27638214 -0.27638214 -0.27638214
 -0.27638214 -0.27638214 -0.27638214 -0.27638214 -0.27638214 -0.27638214
 -0.27638214 -0.27638214 -0.27638214 -0.27638214 -0.27638214 -0.27638214
 -0.27638214 -0.27638214 -0.27638214 -0.27638214 -0.27638214 -0.27638214
 -0.27638214 -0.27638214 -0.27638214 -0.27638214 -0.27638214 -0.27638214
 -0.27638214 -0.27638214  3.70682579 -0.27638214]",[-0.0176635042823739]
20,"[-0.25576796 -0.25576796 -0.25576796 -0.25576796  0.77189042 -0.25576796
 -0.25576796 -0.25576796 -0.25576796 -0.25576796 -0.25576796 -0.25576796
 -0.25576796 -0.25576796 -0.25576796 -0.25576796 -0.25576796 -0.25576796
 -0.25576796 -0.25576796 -0.25576796 -0.25576796 -0.25576796 -0.25576796
 -0.25576796 -0.25576796 -0.25576796 -0.25576796 -0.25576796 -0.25576796
 -0.25576796 -0.25576796 -0.25576796 -0.25576796 -0.25576796  3.66724329
 -0.25576796 -0.25576796 -0.25576796 -0.25576796 -0.25576796 -0.25576796
 -0.25576796 -0.25576796 -0.25576796 -0.25576796 -0.25576796 -0.25576796
 -0.25576796 -0.25576796 -0.25576796 -0.25576796 -0.25576796 -0.25576796
 -0.25576796  3.62928369 -0.25576796 -0.25576796 -0.25576796 -0.25576796
 -0.25576796 -0.25576796 -0.25576796 -0.25576796 -0.25576796 -0.25576796
 -0.25576796 -0.25576796 -0.25576796 -0.25576796 -0.25576796 -0.25576796
 -0.25576796 -0.25576796 -0.25576796 -0.25576796 -0.25576796 -0.25576796
 -0.25576796 -0.25576796 -0.25576796 -0.25576796 -0.25576796  2.80668361
 -0.25576796 -0.25576796 -0.25576796 -0.25576796 -0.25576796 -0.25576796
 -0.25576796 -0.25576796 -0.25576796 -0.25576796 -0.25576796 -0.25576796
 -0.25576796 -0.25576796 -0.25576796 -0.25576796 -0.25576796 -0.25576796
 -0.25576796 -0.25576796 -0.25576796 -0.25576796 -0.25576796 -0.25576796
 -0.25576796 -0.25576796  4.87373239 -0.25576796 -0.25576796 -0.25576796
 -0.25576796 -0.25576796 -0.25576796 -0.25576796 -0.25576796 -0.25576796
 -0.25576796 -0.25576796 -0.25576796 -0.25576796  5.35435456 -0.25576796
 -0.25576796 -0.25576796 -0.25576796 -0.25576796 -0.25576796 -0.25576796
 -0.25576796 -0.25576796 -0.25576796 -0.25576796 -0.25576796 -0.25576796
 -0.25576796 -0.25576796 -0.25576796 -0.25576796 -0.25576796 -0.25576796
 -0.25576796 -0.25576796 -0.25576796 -0.25576796 -0.25576796 -0.25576796
 -0.25576796 -0.25576796 -0.25576796 -0.25576796 -0.25576796 -0.25576796
 -0.25576796 -0.25576796 -0.25576796 -0.25576796 -0.25576796 -0.25576796
 -0.25576796 -0.25576796 -0.25576796 -0.25576796 -0.25576796 -0.25576796
 -0.25576796 -0.25576796 -0.25576796 -0.25576796 -0.25576796 -0.25576796
 -0.25576796 -0.25576796 -0.25576796 -0.25576796 -0.25576796 -0.25576796
 -0.25576796 -0.25576796 -0.25576796 -0.25576796 -0.25576796 -0.25576796
 -0.25576796 -0.25576796 -0.25576796 -0.25576796 -0.25576796 -0.25576796
 -0.25576796 -0.25576796 -0.25576796 -0.25576796 -0.25576796 -0.25576796
 -0.25576796 -0.25576796 -0.25576796 -0.25576796 -0.25576796 -0.25576796
 -0.25576796 -0.25576796 -0.25576796 -0.25576796 -0.25576796  4.57223534
  2.2383183  -0.25576796  1.81388345 -0.25576796 -0.25576796 -0.25576796
 -0.25576796 -0.25576796 -0.25576796 -0.25576796 -0.25576796 -0.25576796
 -0.25576796 -0.25576796 -0.25576796 -0.25576796 -0.25576796 -0.25576796
 -0.25576796 -0.25576796 -0.25576796 -0.25576796 -0.25576796 -0.25576796
 -0.25576796  3.52546403 -0.25576796 -0.25576796  3.1896166  -0.25576796
  2.59850337  2.28175882  3.7037369  -0.25576796 -0.25576796 -0.25576796
 -0.25576796 -0.25576796 -0.25576796 -0.25576796 -0.25576796 -0.25576796
 -0.25576796 -0.25576796 -0.25576796  5.83274904  3.23719714 -0.25576796
 -0.25576796 -0.25576796 -0.25576796  3.96481488 -0.25576796  2.1139498
 -0.25576796 -0.25576796 -0.25576796 -0.25576796 -0.25576796 -0.25576796
  4.61816175 -0.25576796  5.67821665 -0.25576796  1.64473716 -0.25576796
 -0.25576796  2.03112996 -0.25576796 -0.25576796  3.58887566 -0.25576796
 -0.25576796  2.78628568 -0.25576796 -0.25576796  5.22125698 -0.25576796
 -0.25576796 -0.25576796 -0.25576796  3.66724329 -0.25576796 -0.25576796
 -0.25576796 -0.25576796 -0.25576796 -0.25576796 -0.25576796 -0.25576796
 -0.25576796 -0.25576796 -0.25576796 -0.25576796  3.77852021 -0.25576796
 -0.25576796 -0.25576796 -0.25576796 -0.25576796 -0.25576796 -0.25576796
 -0.25576796 -0.25576796 -0.25576796 -0.25576796 -0.25576796 -0.25576796
 -0.25576796 -0.25576796 -0.25576796 -0.25576796 -0.25576796 -0.25576796
 -0.25576796 -0.25576796 -0.25576796 -0.25576796 -0.25576796 -0.25576796
 -0.25576796 -0.25576796 -0.25576796 -0.25576796 -0.25576796 -0.25576796
 -0.25576796 -0.25576796 -0.25576796 -0.25576796 -0.25576796 -0.25576796
 -0.25576796 -0.25576796 -0.25576796 -0.25576796 -0.25576796 -0.25576796
 -0.25576796 -0.25576796 -0.25576796 -0.25576796 -0.25576796 -0.25576796
 -0.25576796 -0.25576796 -0.25576796 -0.25576796 -0.25576796 -0.25576796
 -0.25576796 -0.25576796 -0.25576796 -0.25576796 -0.25576796 -0.25576796
 -0.25576796 -0.25576796 -0.25576796  4.0329101  -0.25576796 -0.25576796
 -0.25576796 -0.25576796 -0.25576796 -0.25576796 -0.25576796 -0.25576796
 -0.25576796 -0.25576796 -0.25576796 -0.25576796 -0.25576796 -0.25576796
 -0.25576796 -0.25576796 -0.25576796 -0.25576796 -0.25576796 -0.25576796
 -0.25576796 -0.25576796 -0.25576796 -0.25576796 -0.25576796 -0.25576796
 -0.25576796 -0.25576796 -0.25576796 -0.25576796 -0.25576796 -0.25576796
 -0.25576796 -0.25576796 -0.25576796 -0.25576796 -0.25576796 -0.25576796
 -0.25576796 -0.25576796 -0.25576796 -0.25576796 -0.25576796 -0.25576796
 -0.25576796 -0.25576796 -0.25576796 -0.25576796 -0.25576796 -0.25576796
 -0.25576796 -0.25576796 -0.25576796 -0.25576796  5.07285555 -0.25576796
 -0.25576796 -0.25576796 -0.25576796 -0.25576796 -0.25576796 -0.25576796
 -0.25576796 -0.25576796 -0.25576796 -0.25576796 -0.25576796 -0.25576796
 -0.25576796 -0.25576796 -0.25576796 -0.25576796 -0.25576796 -0.25576796
 -0.25576796 -0.25576796 -0.25576796 -0.25576796 -0.25576796 -0.25576796
 -0.25576796 -0.25576796 -0.25576796 -0.25576796 -0.25576796 -0.25576796
 -0.25576796 -0.25576796 -0.25576796 -0.25576796 -0.25576796 -0.25576796
 -0.25576796 -0.25576796  3.1308979  -0.25576796 -0.25576796 -0.25576796
  4.70798287 -0.25576796 -0.25576796 -0.25576796 -0.25576796 -0.25576796
 -0.25576796 -0.25576796 -0.25576796 -0.25576796 -0.25576796 -0.25576796
 -0.25576796 -0.25576796 -0.25576796 -0.25576796 -0.25576796 -0.25576796
 -0.25576796  3.73393331 -0.25576796 -0.25576796 -0.25576796 -0.25576796
 -0.25576796 -0.25576796 -0.25576796 -0.25576796 -0.25576796  3.1308979
 -0.25576796 -0.25576796 -0.25576796 -0.25576796 -0.25576796 -0.25576796
 -0.25576796  3.56518678 -0.25576796 -0.25576796 -0.25576796 -0.25576796
 -0.25576796 -0.25576796 -0.25576796 -0.25576796 -0.25576796 -0.25576796
 -0.25576796 -0.25576796  3.48295519 -0.25576796]",[-0.05892205544537793]
20,"[-0.27781045 -0.27781045 -0.27781045 -0.27781045  0.24944592 -0.27781045
 -0.27781045 -0.27781045 -0.27781045 -0.27781045 -0.27781045 -0.27781045
 -0.27781045 -0.27781045 -0.27781045 -0.27781045 -0.27781045 -0.27781045
 -0.27781045 -0.27781045 -0.27781045 -0.27781045 -0.27781045 -0.27781045
 -0.27781045 -0.27781045 -0.27781045 -0.27781045 -0.27781045 -0.27781045
 -0.27781045 -0.27781045 -0.27781045 -0.27781045 -0.27781045 -0.27781045
 -0.27781045 -0.27781045 -0.27781045 -0.27781045 -0.27781045 -0.27781045
 -0.27781045 -0.27781045 -0.27781045 -0.27781045 -0.27781045 -0.27781045
 -0.27781045 -0.27781045 -0.27781045 -0.27781045 -0.27781045 -0.27781045
 -0.27781045 -0.27781045 -0.27781045 -0.27781045  0.35643262 -0.27781045
 -0.27781045 -0.27781045 -0.27781045 -0.27781045 -0.27781045 -0.27781045
 -0.27781045 -0.27781045 -0.27781045 -0.27781045 -0.27781045 -0.27781045
 -0.27781045 -0.27781045 -0.27781045 -0.27781045 -0.27781045 -0.27781045
 -0.27781045 -0.27781045 -0.27781045 -0.27781045 -0.27781045  5.91763569
 -0.27781045 -0.27781045 -0.27781045 -0.27781045 -0.27781045  1.93809654
 -0.27781045 -0.27781045 -0.27781045 -0.27781045 -0.27781045 -0.27781045
 -0.27781045 -0.27781045 -0.27781045 -0.27781045 -0.27781045 -0.27781045
 -0.27781045 -0.27781045 -0.27781045 -0.27781045 -0.27781045 -0.27781045
 -0.27781045 -0.27781045  5.96113778 -0.27781045 -0.27781045 -0.27781045
 -0.27781045 -0.27781045 -0.27781045 -0.27781045 -0.27781045 -0.27781045
 -0.27781045 -0.27781045 -0.27781045  4.32944916  3.2357564  -0.27781045
 -0.27781045 -0.27781045 -0.27781045 -0.27781045 -0.27781045 -0.27781045
 -0.27781045 -0.27781045 -0.27781045 -0.27781045 -0.27781045 -0.27781045
 -0.27781045 -0.27781045 -0.27781045 -0.27781045 -0.27781045 -0.27781045
 -0.27781045 -0.27781045 -0.27781045 -0.27781045 -0.27781045 -0.27781045
 -0.27781045 -0.27781045 -0.27781045 -0.27781045 -0.27781045 -0.27781045
 -0.27781045 -0.27781045 -0.27781045 -0.27781045 -0.27781045 -0.27781045
 -0.27781045  1.70164042 -0.27781045 -0.27781045 -0.27781045 -0.27781045
 -0.27781045 -0.27781045 -0.27781045 -0.27781045 -0.27781045 -0.27781045
 -0.27781045 -0.27781045 -0.27781045 -0.27781045 -0.27781045 -0.27781045
 -0.27781045 -0.27781045 -0.27781045 -0.27781045 -0.27781045 -0.27781045
 -0.27781045 -0.27781045 -0.27781045 -0.27781045 -0.27781045 -0.27781045
 -0.27781045 -0.27781045 -0.27781045 -0.27781045 -0.27781045 -0.27781045
 -0.27781045 -0.27781045 -0.27781045 -0.27781045 -0.27781045 -0.27781045
 -0.27781045 -0.27781045 -0.27781045 -0.27781045 -0.27781045  1.04756326
  1.34855809 -0.27781045  0.07980623 -0.27781045 -0.27781045  0.25159475
 -0.27781045 -0.27781045 -0.27781045 -0.27781045 -0.27781045 -0.27781045
 -0.27781045 -0.27781045 -0.27781045 -0.27781045 -0.27781045 -0.27781045
 -0.27781045 -0.27781045 -0.27781045 -0.27781045 -0.27781045 -0.27781045
 -0.27781045  3.40542822 -0.27781045  3.85614405  3.66887473 -0.27781045
  3.35791062  2.97997736  4.7675551   3.92427702 -0.27781045 -0.27781045
 -0.27781045 -0.27781045 -0.27781045 -0.27781045 -0.27781045  3.1323796
 -0.27781045 -0.27781045 -0.27781045  3.09736847  3.22208817 -0.27781045
 -0.27781045 -0.27781045  2.89342698  2.10336517 -0.27781045  1.82651999
 -0.27781045 -0.27781045 -0.27781045  1.59762646  2.58752684 -0.27781045
 -0.27781045 -0.27781045  4.79543533 -0.27781045  3.86078985  4.07762331
 -0.27781045  3.59809646 -0.27781045 -0.27781045  3.53007111 -0.27781045
  1.89068093  0.73838208 -0.27781045 -0.27781045 -0.27781045  4.66641498
  2.72602796 -0.27781045 -0.27781045  2.85283355 -0.27781045 -0.27781045
 -0.27781045 -0.27781045 -0.27781045 -0.27781045 -0.27781045 -0.27781045
 -0.27781045 -0.27781045 -0.27781045 -0.27781045  2.75627543 -0.27781045
 -0.27781045 -0.27781045 -0.27781045 -0.27781045 -0.27781045  2.57918417
 -0.27781045  0.58143393 -0.27781045 -0.27781045 -0.27781045 -0.27781045
 -0.27781045 -0.27781045 -0.27781045 -0.27781045 -0.27781045 -0.27781045
 -0.27781045 -0.27781045 -0.27781045 -0.27781045 -0.27781045 -0.27781045
 -0.27781045 -0.27781045 -0.27781045 -0.27781045 -0.27781045 -0.27781045
 -0.27781045 -0.27781045 -0.27781045 -0.27781045 -0.27781045 -0.27781045
 -0.27781045 -0.27781045 -0.27781045 -0.27781045 -0.27781045 -0.27781045
 -0.27781045 -0.27781045 -0.27781045 -0.27781045 -0.27781045 -0.27781045
 -0.27781045 -0.27781045 -0.27781045 -0.27781045 -0.27781045 -0.27781045
 -0.27781045 -0.27781045 -0.27781045 -0.27781045 -0.27781045 -0.27781045
 -0.27781045 -0.27781045 -0.27781045 -0.27781045 -0.27781045 -0.27781045
 -0.27781045 -0.27781045 -0.27781045 -0.27781045 -0.27781045 -0.27781045
 -0.27781045 -0.27781045 -0.27781045 -0.27781045 -0.27781045 -0.27781045
 -0.27781045 -0.27781045 -0.27781045 -0.27781045  2.37578209 -0.27781045
 -0.27781045 -0.27781045 -0.27781045 -0.27781045 -0.27781045 -0.27781045
 -0.27781045 -0.27781045 -0.27781045 -0.27781045 -0.27781045 -0.27781045
 -0.27781045 -0.27781045 -0.27781045 -0.27781045 -0.27781045 -0.27781045
 -0.27781045 -0.27781045 -0.27781045 -0.27781045 -0.27781045 -0.27781045
 -0.27781045 -0.27781045 -0.27781045 -0.27781045 -0.27781045 -0.27781045
 -0.27781045 -0.27781045 -0.27781045 -0.27781045  5.29374185 -0.27781045
 -0.27781045 -0.27781045 -0.27781045 -0.27781045 -0.27781045 -0.27781045
 -0.27781045 -0.27781045 -0.27781045 -0.27781045 -0.27781045 -0.27781045
 -0.27781045 -0.27781045 -0.27781045 -0.27781045 -0.27781045 -0.27781045
 -0.27781045 -0.27781045 -0.27781045 -0.27781045 -0.27781045 -0.27781045
 -0.27781045 -0.27781045 -0.27781045 -0.27781045 -0.27781045 -0.27781045
 -0.27781045 -0.27781045 -0.27781045 -0.27781045 -0.27781045 -0.27781045
 -0.27781045 -0.27781045  1.18615961 -0.27781045 -0.27781045 -0.27781045
 -0.27781045 -0.27781045 -0.27781045 -0.27781045 -0.27781045 -0.27781045
 -0.27781045 -0.27781045 -0.27781045 -0.27781045 -0.27781045 -0.27781045
 -0.27781045 -0.27781045 -0.27781045 -0.27781045 -0.27781045 -0.27781045
 -0.27781045  3.53516885  2.10336517 -0.27781045 -0.27781045 -0.27781045
 -0.27781045 -0.27781045 -0.27781045 -0.27781045 -0.27781045 -0.27781045
 -0.27781045 -0.27781045 -0.27781045 -0.27781045 -0.27781045 -0.27781045
 -0.27781045 -0.27781045 -0.27781045 -0.27781045 -0.27781045 -0.27781045
 -0.27781045 -0.27781045 -0.27781045 -0.27781045 -0.27781045 -0.27781045
 -0.27781045 -0.27781045  5.69710273 -0.27781045]",[0.042167417607515356]
21,"[-0.17447965 -0.17447965 -0.17447965 -0.17447965 -0.17447965 -0.17447965
 -0.17447965 -0.17447965 -0.17447965 -0.17447965 -0.17447965 -0.17447965
 -0.17447965 -0.17447965 -0.17447965 -0.17447965 -0.17447965 -0.17447965
 -0.17447965 -0.17447965 -0.17447965 -0.17447965 -0.17447965 -0.17447965
 -0.17447965 -0.17447965 -0.17447965 -0.17447965 -0.17447965 -0.17447965
 -0.17447965 -0.17447965 -0.17447965 -0.17447965 -0.17447965 -0.17447965
 -0.17447965 -0.17447965 -0.17447965 -0.17447965 -0.17447965 -0.17447965
 -0.17447965 -0.17447965 -0.17447965 -0.17447965 -0.17447965 -0.17447965
 -0.17447965 -0.17447965 -0.17447965 -0.17447965 -0.17447965 -0.17447965
 -0.17447965 -0.17447965 -0.17447965 -0.17447965 -0.17447965 -0.17447965
 -0.17447965 -0.17447965 -0.17447965 -0.17447965 -0.17447965 -0.17447965
 -0.17447965 -0.17447965 -0.17447965 -0.17447965 -0.17447965 -0.17447965
 -0.17447965 -0.17447965 -0.17447965 -0.17447965 -0.17447965 -0.17447965
 -0.17447965 -0.17447965 -0.17447965 -0.17447965 -0.17447965  8.32876782
 -0.17447965 -0.17447965 -0.17447965 -0.17447965 -0.17447965 -0.17447965
 -0.17447965 -0.17447965 -0.17447965 -0.17447965 -0.17447965 -0.17447965
 -0.17447965 -0.17447965 -0.17447965 -0.17447965 -0.17447965 -0.17447965
 -0.17447965 -0.17447965 -0.17447965 -0.17447965 -0.17447965 -0.17447965
 -0.17447965 -0.17447965 -0.17447965 -0.17447965 -0.17447965 -0.17447965
 -0.17447965 -0.17447965 -0.17447965 -0.17447965 -0.17447965 -0.17447965
 -0.17447965 -0.17447965 -0.17447965  0.25712169 -0.17447965 -0.17447965
 -0.17447965 -0.17447965 -0.17447965 -0.17447965 -0.17447965 -0.17447965
 -0.17447965 -0.17447965 -0.17447965 -0.17447965 -0.17447965 -0.17447965
 -0.17447965 -0.17447965 -0.17447965 -0.17447965 -0.17447965 -0.17447965
 -0.17447965 -0.17447965 -0.17447965 -0.17447965 -0.17447965 -0.17447965
 -0.17447965 -0.17447965 -0.17447965 -0.17447965 -0.17447965 -0.17447965
 -0.17447965 -0.17447965 -0.17447965 -0.17447965 -0.17447965 -0.17447965
 -0.17447965 -0.17447965 -0.17447965 -0.17447965 -0.17447965 -0.17447965
 -0.17447965 -0.17447965 -0.17447965 -0.17447965 -0.17447965 -0.17447965
 -0.17447965 -0.17447965 -0.17447965 -0.17447965 -0.17447965 -0.17447965
 -0.17447965 -0.17447965 -0.17447965 -0.17447965 -0.17447965 -0.17447965
 -0.17447965 -0.17447965 -0.17447965 -0.17447965 -0.17447965 -0.17447965
 -0.17447965 -0.17447965 -0.17447965 -0.17447965 -0.17447965 -0.17447965
 -0.17447965 -0.17447965  5.98733136 -0.17447965 -0.17447965  6.0345482
 -0.17447965 -0.17447965  6.74576625 -0.17447965  3.82922967 -0.17447965
  3.98159674 -0.17447965 -0.17447965 -0.17447965 -0.17447965  1.70076735
 -0.17447965 -0.17447965 -0.17447965 -0.17447965 -0.17447965 -0.17447965
 -0.17447965 -0.17447965 -0.17447965 -0.17447965 -0.17447965 -0.17447965
 -0.17447965 -0.17447965 -0.17447965 -0.17447965 -0.17447965 -0.17447965
 -0.17447965  4.61153829 -0.17447965 -0.17447965 -0.17447965 -0.17447965
  3.7862639  -0.17447965 -0.17447965 -0.17447965 -0.17447965 -0.17447965
 -0.17447965 -0.17447965 -0.17447965 -0.17447965 -0.17447965 -0.17447965
 -0.17447965 -0.17447965 -0.17447965 -0.17447965 -0.17447965 -0.17447965
 -0.17447965 -0.17447965 -0.17447965  2.5395532  -0.17447965  0.04581028
 -0.17447965 -0.17447965 -0.17447965 -0.17447965 -0.17447965 -0.17447965
 -0.17447965 -0.17447965  2.18437159 -0.17447965 -0.17447965 -0.17447965
 -0.17447965 -0.17447965 -0.17447965 -0.17447965 -0.17447965 -0.17447965
 -0.17447965  3.49109108 -0.17447965 -0.17447965 -0.17447965  5.55880082
 -0.17447965 -0.17447965 -0.17447965 -0.17447965 -0.17447965 -0.17447965
 -0.17447965 -0.17447965 -0.17447965 -0.17447965 -0.17447965 -0.17447965
 -0.17447965 -0.17447965 -0.17447965 -0.17447965 -0.17447965 -0.17447965
 -0.17447965 -0.17447965 -0.17447965 -0.17447965 -0.17447965  3.01634633
 -0.17447965 -0.17447965 -0.17447965 -0.17447965 -0.17447965 -0.17447965
 -0.17447965 -0.17447965 -0.17447965 -0.17447965 -0.17447965 -0.17447965
 -0.17447965 -0.17447965 -0.17447965 -0.17447965 -0.17447965 -0.17447965
 -0.17447965 -0.17447965 -0.17447965 -0.17447965 -0.17447965 -0.17447965
 -0.17447965 -0.17447965 -0.17447965 -0.17447965 -0.17447965 -0.17447965
 -0.17447965 -0.17447965 -0.17447965 -0.17447965 -0.17447965 -0.17447965
 -0.17447965 -0.17447965 -0.17447965 -0.17447965 -0.17447965 -0.17447965
 -0.17447965 -0.17447965 -0.17447965 -0.17447965 -0.17447965 -0.17447965
 -0.17447965 -0.17447965 -0.17447965 -0.17447965 -0.17447965 -0.17447965
 -0.17447965 -0.17447965 -0.17447965 -0.17447965 -0.17447965 -0.17447965
 -0.17447965 -0.17447965 -0.17447965 -0.17447965 -0.17447965 -0.17447965
 -0.17447965 -0.17447965 -0.17447965 -0.17447965 -0.17447965 -0.17447965
 -0.17447965 -0.17447965 -0.17447965 -0.17447965 -0.17447965 -0.17447965
 -0.17447965 -0.17447965 -0.17447965 -0.17447965 -0.17447965 -0.17447965
 -0.17447965 -0.17447965 -0.17447965 -0.17447965 -0.17447965 -0.17447965
 -0.17447965 -0.17447965 -0.17447965 -0.17447965 -0.17447965 -0.17447965
 -0.17447965 -0.17447965 -0.17447965 -0.17447965 -0.17447965 -0.17447965
 -0.17447965 -0.17447965 -0.17447965 -0.17447965 -0.17447965 -0.17447965
 -0.17447965 -0.17447965 -0.17447965 -0.17447965 -0.17447965  2.86653219
 -0.17447965 -0.17447965 -0.17447965 -0.17447965 -0.17447965 -0.17447965
 -0.17447965 -0.17447965 -0.17447965 -0.17447965 -0.17447965 -0.17447965
 -0.17447965 -0.17447965 -0.17447965 -0.17447965 -0.17447965 -0.17447965
 -0.17447965 -0.17447965 -0.17447965 -0.17447965 -0.17447965 -0.17447965
 -0.17447965 -0.17447965 -0.17447965 -0.17447965 -0.17447965 -0.17447965
 -0.17447965 -0.17447965 -0.17447965 -0.17447965 -0.17447965 -0.17447965
 -0.17447965 -0.17447965  8.43458301 -0.17447965 -0.17447965 -0.17447965
  9.15880044 -0.17447965 -0.17447965  4.68100505 -0.17447965 -0.17447965
 -0.17447965 -0.17447965 -0.17447965 -0.17447965 -0.17447965 -0.17447965
 -0.17447965 -0.17447965 -0.17447965 -0.17447965 -0.17447965 -0.17447965
 -0.17447965 -0.17447965 -0.17447965 -0.17447965 -0.17447965 -0.17447965
 -0.17447965 -0.17447965 -0.17447965 -0.17447965 -0.17447965 -0.17447965
 -0.17447965 -0.17447965 -0.17447965 -0.17447965 -0.17447965 -0.17447965
 -0.17447965 -0.17447965 -0.17447965 -0.17447965 -0.17447965 -0.17447965
 -0.17447965 -0.17447965 -0.17447965 -0.17447965 -0.17447965 -0.17447965
 -0.17447965 -0.17447965 -0.17447965 -0.17447965]",[-0.0065592827888418526]
21,"[ 2.9784858  -0.29404565 -0.29404565 -0.29404565  0.98464294 -0.29404565
 -0.29404565 -0.29404565 -0.29404565 -0.29404565 -0.29404565 -0.29404565
 -0.29404565 -0.29404565 -0.29404565 -0.29404565 -0.29404565 -0.29404565
 -0.29404565 -0.29404565 -0.29404565 -0.29404565 -0.29404565 -0.29404565
 -0.29404565 -0.29404565 -0.29404565 -0.29404565 -0.29404565 -0.29404565
 -0.29404565 -0.29404565 -0.29404565 -0.29404565 -0.29404565 -0.29404565
 -0.29404565 -0.29404565 -0.29404565 -0.29404565 -0.29404565 -0.29404565
 -0.29404565 -0.29404565 -0.29404565 -0.29404565 -0.29404565 -0.29404565
 -0.29404565 -0.29404565 -0.29404565 -0.29404565 -0.29404565 -0.29404565
 -0.29404565 -0.29404565 -0.29404565 -0.29404565 -0.29404565 -0.29404565
 -0.29404565 -0.29404565 -0.29404565 -0.29404565 -0.29404565 -0.29404565
 -0.29404565 -0.29404565 -0.29404565 -0.29404565 -0.29404565 -0.29404565
 -0.29404565 -0.29404565 -0.29404565 -0.29404565 -0.29404565 -0.29404565
 -0.29404565 -0.29404565 -0.29404565 -0.29404565 -0.29404565  5.68187753
 -0.29404565 -0.29404565  2.55692645  2.2549498  -0.29404565  4.39783121
 -0.29404565 -0.29404565 -0.29404565 -0.29404565 -0.29404565 -0.29404565
 -0.29404565 -0.29404565 -0.29404565 -0.29404565 -0.29404565 -0.29404565
 -0.29404565 -0.29404565 -0.29404565 -0.29404565  2.72896382 -0.29404565
 -0.29404565 -0.29404565  5.01977018 -0.29404565 -0.29404565 -0.29404565
 -0.29404565  3.98591129  4.58679386 -0.29404565 -0.29404565 -0.29404565
 -0.29404565 -0.29404565 -0.29404565 -0.11038497  5.18972492 -0.29404565
 -0.29404565 -0.29404565 -0.29404565 -0.29404565 -0.29404565 -0.29404565
 -0.29404565 -0.29404565 -0.29404565 -0.29404565 -0.29404565 -0.29404565
 -0.29404565 -0.29404565 -0.29404565 -0.29404565 -0.29404565 -0.29404565
 -0.29404565 -0.29404565 -0.29404565 -0.29404565 -0.29404565 -0.29404565
 -0.29404565 -0.29404565 -0.29404565 -0.29404565 -0.29404565 -0.29404565
 -0.29404565 -0.29404565 -0.29404565 -0.29404565 -0.29404565 -0.29404565
 -0.29404565  1.26970306 -0.29404565 -0.29404565 -0.29404565 -0.29404565
 -0.29404565 -0.29404565 -0.29404565 -0.29404565 -0.29404565 -0.29404565
 -0.29404565 -0.29404565 -0.29404565 -0.29404565 -0.29404565 -0.29404565
 -0.29404565 -0.29404565 -0.29404565 -0.29404565 -0.29404565 -0.29404565
 -0.29404565 -0.29404565 -0.29404565 -0.29404565 -0.29404565 -0.29404565
 -0.29404565 -0.29404565 -0.29404565 -0.29404565 -0.29404565 -0.29404565
 -0.29404565 -0.29404565 -0.29404565 -0.29404565 -0.29404565 -0.29404565
 -0.29404565 -0.29404565 -0.29404565 -0.29404565 -0.29404565 -0.29404565
  1.67510936 -0.29404565  1.54432623 -0.29404565 -0.29404565  1.4382095
 -0.29404565 -0.29404565 -0.29404565 -0.29404565 -0.29404565 -0.29404565
 -0.29404565 -0.29404565 -0.29404565 -0.29404565 -0.29404565  3.41884978
 -0.29404565 -0.29404565 -0.29404565 -0.29404565 -0.29404565 -0.29404565
 -0.29404565  2.04328573 -0.29404565  3.36887225  2.83484595 -0.29404565
  2.10362725  1.64274869  1.8560237   2.61693486 -0.29404565 -0.29404565
 -0.29404565 -0.29404565 -0.29404565 -0.29404565 -0.29404565 -0.29404565
 -0.29404565 -0.29404565 -0.29404565  3.79768705  2.18586392 -0.29404565
 -0.29404565 -0.29404565  3.36631788  2.29108432 -0.29404565  1.75441037
 -0.29404565 -0.29404565 -0.29404565  3.14452685 -0.29404565 -0.29404565
  0.96369428 -0.29404565  2.86194176 -0.29404565  4.24913903 -0.29404565
 -0.29404565  2.73179157 -0.29404565  1.44400093  3.87922465 -0.29404565
  3.15195642  1.49886118 -0.29404565 -0.29404565  3.79832266  3.26275781
 -0.29404565 -0.29404565 -0.29404565 -0.29404565 -0.29404565  0.88357864
 -0.29404565 -0.29404565  3.74819696 -0.29404565 -0.29404565 -0.29404565
 -0.29404565 -0.29404565 -0.29404565 -0.29404565 -0.29404565 -0.29404565
  3.34704825 -0.29404565 -0.29404565 -0.29404565 -0.29404565 -0.29404565
 -0.29404565 -0.29404565 -0.29404565 -0.29404565 -0.29404565 -0.29404565
 -0.29404565 -0.29404565 -0.29404565 -0.29404565 -0.29404565 -0.29404565
 -0.29404565 -0.29404565 -0.29404565 -0.29404565 -0.29404565 -0.29404565
 -0.29404565 -0.29404565 -0.29404565 -0.29404565 -0.29404565 -0.29404565
 -0.29404565 -0.29404565 -0.29404565 -0.29404565 -0.29404565 -0.29404565
 -0.29404565 -0.29404565 -0.29404565 -0.29404565 -0.29404565 -0.29404565
 -0.29404565 -0.29404565 -0.29404565 -0.29404565 -0.29404565 -0.29404565
 -0.29404565 -0.29404565 -0.29404565 -0.29404565 -0.29404565 -0.29404565
 -0.29404565 -0.29404565 -0.29404565 -0.29404565 -0.29404565 -0.29404565
 -0.29404565 -0.29404565 -0.29404565 -0.29404565 -0.29404565 -0.29404565
 -0.29404565 -0.29404565 -0.29404565 -0.29404565 -0.29404565 -0.29404565
 -0.29404565 -0.29404565 -0.29404565 -0.29404565 -0.29404565 -0.29404565
 -0.29404565 -0.29404565 -0.29404565 -0.29404565 -0.29404565 -0.29404565
 -0.29404565 -0.29404565 -0.29404565 -0.29404565 -0.29404565 -0.29404565
 -0.29404565 -0.29404565 -0.29404565 -0.29404565 -0.29404565 -0.29404565
 -0.29404565 -0.29404565 -0.29404565 -0.29404565 -0.29404565 -0.29404565
 -0.29404565 -0.29404565 -0.29404565 -0.29404565 -0.29404565 -0.29404565
 -0.29404565 -0.29404565 -0.29404565 -0.29404565 -0.29404565 -0.29404565
 -0.29404565 -0.29404565 -0.29404565 -0.29404565  5.25558895 -0.29404565
 -0.29404565 -0.29404565 -0.29404565 -0.29404565 -0.29404565 -0.29404565
 -0.29404565 -0.29404565 -0.29404565 -0.29404565 -0.29404565 -0.29404565
 -0.29404565 -0.29404565 -0.29404565 -0.29404565 -0.29404565 -0.29404565
  4.44886655 -0.29404565 -0.29404565 -0.29404565 -0.29404565 -0.29404565
 -0.29404565 -0.29404565 -0.29404565 -0.29404565 -0.29404565 -0.29404565
 -0.29404565 -0.29404565 -0.29404565 -0.29404565 -0.29404565 -0.29404565
 -0.29404565 -0.29404565  1.61365922 -0.29404565 -0.29404565 -0.29404565
  3.0796473  -0.29404565 -0.29404565 -0.29404565 -0.29404565 -0.29404565
 -0.29404565 -0.29404565 -0.29404565 -0.29404565 -0.29404565 -0.29404565
 -0.29404565 -0.29404565 -0.29404565 -0.29404565 -0.29404565 -0.29404565
 -0.29404565  0.74231593 -0.29404565 -0.29404565 -0.29404565 -0.29404565
 -0.29404565 -0.29404565 -0.29404565 -0.29404565 -0.29404565 -0.29404565
 -0.29404565 -0.29404565 -0.29404565 -0.29404565 -0.29404565 -0.29404565
 -0.29404565 -0.29404565 -0.29404565 -0.29404565 -0.29404565 -0.29404565
 -0.29404565 -0.29404565 -0.29404565 -0.29404565 -0.29404565 -0.29404565
 -0.29404565 -0.29404565  4.92698728 -0.29404565]",[0.0559388616303198]
21,"[-0.23564304 -0.23564304 -0.23564304 -0.23564304 -0.1736986  -0.23564304
 -0.23564304 -0.23564304 -0.23564304 -0.23564304 -0.23564304 -0.23564304
 -0.23564304 -0.23564304 -0.23564304 -0.23564304 -0.23564304 -0.23564304
 -0.23564304 -0.23564304 -0.23564304 -0.23564304 -0.23564304 -0.23564304
 -0.23564304 -0.23564304 -0.23564304 -0.23564304 -0.23564304 -0.23564304
 -0.23564304 -0.23564304 -0.23564304 -0.23564304 -0.23564304 -0.23564304
 -0.23564304 -0.23564304 -0.23564304 -0.23564304 -0.23564304 -0.23564304
 -0.23564304 -0.23564304 -0.23564304 -0.23564304 -0.23564304 -0.23564304
 -0.23564304 -0.23564304 -0.23564304 -0.23564304 -0.23564304 -0.23564304
 -0.23564304 -0.23564304 -0.23564304 -0.23564304 -0.23564304 -0.23564304
 -0.23564304 -0.23564304 -0.23564304 -0.23564304 -0.23564304 -0.23564304
 -0.23564304 -0.23564304 -0.23564304 -0.23564304 -0.23564304 -0.23564304
 -0.23564304 -0.23564304 -0.23564304 -0.23564304 -0.23564304 -0.23564304
 -0.23564304 -0.23564304 -0.23564304 -0.23564304 -0.23564304  6.47635645
 -0.23564304 -0.23564304 -0.23564304 -0.23564304 -0.23564304 -0.23564304
 -0.23564304 -0.23564304 -0.23564304 -0.23564304 -0.23564304 -0.23564304
 -0.23564304 -0.23564304 -0.23564304 -0.23564304 -0.23564304 -0.23564304
 -0.23564304 -0.23564304 -0.23564304 -0.23564304 -0.23564304 -0.23564304
 -0.23564304 -0.23564304  6.89556719 -0.23564304 -0.23564304 -0.23564304
 -0.23564304 -0.23564304  0.29813371 -0.23564304 -0.23564304 -0.23564304
 -0.23564304 -0.23564304 -0.23564304  6.40722261  3.16338406 -0.23564304
 -0.23564304 -0.23564304 -0.23564304 -0.23564304 -0.23564304 -0.23564304
 -0.23564304 -0.23564304 -0.23564304 -0.23564304 -0.23564304 -0.23564304
 -0.23564304 -0.23564304 -0.23564304 -0.23564304 -0.23564304 -0.23564304
 -0.23564304 -0.23564304 -0.23564304 -0.23564304 -0.23564304 -0.23564304
 -0.23564304 -0.23564304 -0.23564304 -0.23564304 -0.23564304 -0.23564304
 -0.23564304 -0.23564304 -0.23564304 -0.23564304 -0.23564304 -0.23564304
 -0.23564304  0.98331749 -0.23564304 -0.23564304 -0.23564304 -0.23564304
 -0.23564304 -0.23564304 -0.23564304 -0.23564304 -0.23564304 -0.23564304
 -0.23564304 -0.23564304 -0.23564304 -0.23564304 -0.23564304 -0.23564304
 -0.23564304 -0.23564304 -0.23564304 -0.23564304 -0.23564304 -0.23564304
 -0.23564304 -0.23564304 -0.23564304 -0.23564304 -0.23564304 -0.23564304
 -0.23564304 -0.23564304  1.94217253 -0.23564304 -0.23564304 -0.23564304
 -0.23564304 -0.23564304 -0.23564304 -0.23564304 -0.23564304 -0.23564304
 -0.23564304 -0.23564304 -0.23564304 -0.23564304 -0.23564304 -0.23564304
  1.58772193 -0.23564304 -0.23564304 -0.23564304 -0.23564304  0.1659726
 -0.23564304 -0.23564304 -0.23564304 -0.23564304 -0.23564304 -0.23564304
 -0.23564304 -0.23564304 -0.23564304 -0.23564304 -0.23564304 -0.23564304
 -0.23564304 -0.23564304 -0.23564304 -0.23564304 -0.23564304 -0.23564304
 -0.23564304  2.61598009 -0.23564304  2.97065665  3.25891752 -0.23564304
  3.63679507  3.11279963  2.39567861 -0.23564304 -0.23564304 -0.23564304
 -0.23564304 -0.23564304 -0.23564304 -0.23564304 -0.23564304  3.37179092
 -0.23564304 -0.23564304 -0.23564304  4.35047495  4.20903721 -0.23564304
 -0.23564304 -0.23564304 -0.23564304  1.81480159 -0.23564304  1.45798877
 -0.23564304 -0.23564304 -0.23564304 -0.23564304  2.04459135 -0.23564304
 -0.23564304 -0.23564304  6.76667374 -0.23564304  3.7772078   4.9493441
 -0.23564304  2.15839022 -0.23564304 -0.23564304 -0.23564304 -0.23564304
  2.00033918  1.69494094 -0.23564304 -0.23564304 -0.23564304  3.42385544
  2.20454958 -0.23564304 -0.23564304  2.41295644 -0.23564304 -0.23564304
 -0.23564304 -0.23564304 -0.23564304 -0.23564304 -0.23564304 -0.23564304
 -0.23564304 -0.23564304 -0.23564304 -0.23564304  6.53673939 -0.23564304
 -0.23564304 -0.23564304 -0.23564304 -0.23564304 -0.23564304 -0.23564304
 -0.23564304 -0.23564304 -0.23564304 -0.23564304 -0.23564304 -0.23564304
 -0.23564304 -0.23564304 -0.23564304 -0.23564304 -0.23564304 -0.23564304
 -0.23564304 -0.23564304 -0.23564304 -0.23564304 -0.23564304 -0.23564304
 -0.23564304 -0.23564304 -0.23564304 -0.23564304 -0.23564304 -0.23564304
 -0.23564304 -0.23564304 -0.23564304 -0.23564304 -0.23564304 -0.23564304
 -0.23564304 -0.23564304 -0.23564304 -0.23564304 -0.23564304 -0.23564304
 -0.23564304 -0.23564304 -0.23564304 -0.23564304 -0.23564304 -0.23564304
 -0.23564304 -0.23564304 -0.23564304 -0.23564304 -0.23564304 -0.23564304
 -0.23564304 -0.23564304 -0.23564304 -0.23564304 -0.23564304 -0.23564304
 -0.23564304 -0.23564304 -0.23564304 -0.23564304 -0.23564304 -0.23564304
 -0.23564304 -0.23564304 -0.23564304 -0.23564304 -0.23564304 -0.23564304
 -0.23564304 -0.23564304 -0.23564304 -0.23564304 -0.23564304 -0.23564304
 -0.23564304 -0.23564304 -0.23564304 -0.23564304 -0.23564304 -0.23564304
 -0.23564304 -0.23564304 -0.23564304 -0.23564304 -0.23564304 -0.23564304
 -0.23564304 -0.23564304 -0.23564304 -0.23564304 -0.23564304 -0.23564304
 -0.23564304 -0.23564304 -0.23564304 -0.23564304 -0.23564304 -0.23564304
 -0.23564304 -0.23564304 -0.23564304 -0.23564304 -0.23564304 -0.23564304
 -0.23564304 -0.23564304 -0.23564304 -0.23564304 -0.23564304 -0.23564304
 -0.23564304 -0.23564304 -0.23564304 -0.23564304  6.52268536 -0.23564304
 -0.23564304 -0.23564304 -0.23564304 -0.23564304 -0.23564304 -0.23564304
 -0.23564304 -0.23564304 -0.23564304 -0.23564304 -0.23564304 -0.23564304
 -0.23564304 -0.23564304 -0.23564304 -0.23564304 -0.23564304 -0.23564304
 -0.23564304 -0.23564304 -0.23564304 -0.23564304 -0.23564304 -0.23564304
 -0.23564304 -0.23564304 -0.23564304 -0.23564304 -0.23564304 -0.23564304
 -0.23564304 -0.23564304 -0.23564304 -0.23564304 -0.23564304 -0.23564304
 -0.23564304 -0.23564304  4.51484505 -0.23564304 -0.23564304 -0.23564304
 -0.23564304 -0.23564304 -0.23564304 -0.23564304 -0.23564304 -0.23564304
 -0.23564304 -0.23564304 -0.23564304 -0.23564304 -0.23564304 -0.23564304
 -0.23564304 -0.23564304 -0.23564304 -0.23564304 -0.23564304 -0.23564304
 -0.23564304  1.89849032 -0.23564304 -0.23564304 -0.23564304 -0.23564304
 -0.23564304 -0.23564304 -0.23564304 -0.23564304 -0.23564304 -0.23564304
 -0.23564304 -0.23564304 -0.23564304 -0.23564304 -0.23564304 -0.23564304
 -0.23564304 -0.23564304 -0.23564304 -0.23564304 -0.23564304 -0.23564304
 -0.23564304 -0.23564304 -0.23564304 -0.23564304 -0.23564304 -0.23564304
 -0.23564304 -0.23564304  2.20454958 -0.23564304]",[0.00027278084112886125]
22,"[-0.18103893 -0.18103893 -0.18103893 -0.18103893 -0.18103893 -0.18103893
 -0.18103893 -0.18103893 -0.18103893 -0.18103893 -0.18103893 -0.18103893
 -0.18103893 -0.18103893 -0.18103893 -0.18103893 -0.18103893 -0.18103893
 -0.18103893 -0.18103893 -0.18103893 -0.18103893 -0.18103893 -0.18103893
 -0.18103893 -0.18103893 -0.18103893 -0.18103893 -0.18103893 -0.18103893
 -0.18103893 -0.18103893 -0.18103893 -0.18103893 -0.18103893 -0.18103893
 -0.18103893 -0.18103893 -0.18103893 -0.18103893 -0.18103893 -0.18103893
 -0.18103893 -0.18103893 -0.18103893 -0.18103893 -0.18103893 -0.18103893
 -0.18103893 -0.18103893 -0.18103893 -0.18103893 -0.18103893 -0.18103893
 -0.18103893 -0.18103893 -0.18103893 -0.18103893 -0.18103893 -0.18103893
 -0.18103893 -0.18103893 -0.18103893 -0.18103893 -0.18103893 -0.18103893
 -0.18103893 -0.18103893 -0.18103893 -0.18103893 -0.18103893 -0.18103893
 -0.18103893 -0.18103893 -0.18103893 -0.18103893 -0.18103893 -0.18103893
 -0.18103893 -0.18103893 -0.18103893 -0.18103893 -0.18103893  9.45061569
 -0.18103893 -0.18103893 -0.18103893 -0.18103893 -0.18103893 -0.18103893
 -0.18103893 -0.18103893  2.54016317 -0.18103893 -0.18103893 -0.18103893
 -0.18103893 -0.18103893 -0.18103893 -0.18103893 -0.18103893 -0.18103893
 -0.18103893 -0.18103893 -0.18103893 -0.18103893 -0.18103893 -0.18103893
 -0.18103893 -0.18103893 -0.18103893 -0.18103893 -0.18103893 -0.18103893
 -0.18103893 -0.18103893  0.62496415 -0.18103893 -0.18103893 -0.18103893
 -0.18103893 -0.18103893 -0.18103893 -0.18103893 -0.18103893 -0.18103893
 -0.18103893 -0.18103893 -0.18103893 -0.18103893 -0.18103893 -0.18103893
 -0.18103893 -0.18103893 -0.18103893 -0.18103893 -0.18103893 -0.18103893
 -0.18103893 -0.18103893 -0.18103893 -0.18103893 -0.18103893 -0.18103893
 -0.18103893 -0.18103893 -0.18103893 -0.18103893 -0.18103893 -0.18103893
 -0.18103893 -0.18103893 -0.18103893 -0.18103893 -0.18103893 -0.18103893
 -0.18103893 -0.18103893 -0.18103893 -0.18103893 -0.18103893 -0.18103893
 -0.18103893 -0.18103893 -0.18103893 -0.18103893 -0.18103893 -0.18103893
 -0.18103893 -0.18103893 -0.18103893 -0.18103893 -0.18103893 -0.18103893
 -0.18103893 -0.18103893 -0.18103893 -0.18103893 -0.18103893 -0.18103893
 -0.18103893 -0.18103893 -0.18103893 -0.18103893 -0.18103893 -0.18103893
 -0.18103893 -0.18103893 -0.18103893 -0.18103893 -0.18103893 -0.18103893
 -0.18103893 -0.18103893 -0.18103893 -0.18103893 -0.18103893 -0.18103893
 -0.18103893 -0.18103893  2.54016317 -0.18103893 -0.18103893  4.0758396
 -0.18103893 -0.18103893 -0.18103893 -0.18103893 -0.18103893 -0.18103893
  2.43200237 -0.18103893 -0.18103893 -0.18103893 -0.18103893  0.38392276
 -0.18103893 -0.18103893 -0.18103893 -0.18103893 -0.18103893 -0.18103893
 -0.18103893 -0.18103893 -0.18103893 -0.18103893 -0.18103893 -0.18103893
 -0.18103893 -0.18103893 -0.18103893 -0.18103893 -0.18103893 -0.18103893
 -0.18103893  3.82654093 -0.18103893  0.97300798  1.24063334 -0.18103893
  5.15829923 -0.18103893 -0.18103893 -0.18103893 -0.18103893 -0.18103893
 -0.18103893 -0.18103893 -0.18103893 -0.18103893 -0.18103893 -0.18103893
 -0.18103893 -0.18103893 -0.18103893 -0.18103893 -0.18103893 -0.18103893
 -0.18103893 -0.18103893 -0.18103893  3.80396614 -0.18103893  1.58475886
 -0.18103893 -0.18103893 -0.18103893 -0.18103893 -0.18103893 -0.18103893
 -0.18103893 -0.18103893  7.23445145 -0.18103893  4.70243831 -0.18103893
 -0.18103893 -0.18103893 -0.18103893 -0.18103893 -0.18103893 -0.18103893
  4.32456513  3.75198013 -0.18103893 -0.18103893 -0.18103893  6.08940762
  4.6563756  -0.18103893 -0.18103893 -0.18103893 -0.18103893 -0.18103893
 -0.18103893 -0.18103893 -0.18103893 -0.18103893 -0.18103893 -0.18103893
 -0.18103893 -0.18103893 -0.18103893 -0.18103893 -0.18103893 -0.18103893
 -0.18103893 -0.18103893 -0.18103893 -0.18103893 -0.18103893  6.1367372
 -0.18103893 -0.18103893 -0.18103893 -0.18103893 -0.18103893 -0.18103893
 -0.18103893 -0.18103893 -0.18103893 -0.18103893 -0.18103893 -0.18103893
 -0.18103893 -0.18103893 -0.18103893 -0.18103893 -0.18103893 -0.18103893
 -0.18103893 -0.18103893 -0.18103893 -0.18103893 -0.18103893 -0.18103893
 -0.18103893 -0.18103893 -0.18103893 -0.18103893 -0.18103893 -0.18103893
 -0.18103893 -0.18103893 -0.18103893 -0.18103893 -0.18103893 -0.18103893
 -0.18103893 -0.18103893 -0.18103893 -0.18103893 -0.18103893 -0.18103893
 -0.18103893 -0.18103893 -0.18103893 -0.18103893 -0.18103893 -0.18103893
 -0.18103893 -0.18103893 -0.18103893 -0.18103893 -0.18103893 -0.18103893
 -0.18103893 -0.18103893 -0.18103893 -0.18103893 -0.18103893 -0.18103893
 -0.18103893 -0.18103893 -0.18103893 -0.18103893 -0.18103893 -0.18103893
 -0.18103893 -0.18103893 -0.18103893 -0.18103893 -0.18103893 -0.18103893
 -0.18103893 -0.18103893 -0.18103893 -0.18103893 -0.18103893 -0.18103893
 -0.18103893 -0.18103893 -0.18103893 -0.18103893 -0.18103893 -0.18103893
 -0.18103893 -0.18103893 -0.18103893 -0.18103893 -0.18103893 -0.18103893
 -0.18103893 -0.18103893 -0.18103893 -0.18103893 -0.18103893 -0.18103893
 -0.18103893 -0.18103893 -0.18103893 -0.18103893 -0.18103893 -0.18103893
 -0.18103893 -0.18103893 -0.18103893 -0.18103893 -0.18103893 -0.18103893
 -0.18103893 -0.18103893 -0.18103893 -0.18103893 -0.18103893 -0.18103893
 -0.18103893 -0.18103893 -0.18103893 -0.18103893 -0.18103893 -0.18103893
 -0.18103893 -0.18103893 -0.18103893 -0.18103893 -0.18103893 -0.18103893
 -0.18103893 -0.18103893 -0.18103893 -0.18103893 -0.18103893 -0.18103893
 -0.18103893 -0.18103893 -0.18103893 -0.18103893 -0.18103893 -0.18103893
 -0.18103893 -0.18103893 -0.18103893 -0.18103893 -0.18103893 -0.18103893
 -0.18103893 -0.18103893 -0.18103893 -0.18103893 -0.18103893 -0.18103893
 -0.18103893 -0.18103893  9.19159659 -0.18103893 -0.18103893 -0.18103893
 -0.18103893 -0.18103893 -0.18103893 -0.18103893 -0.18103893  5.43495938
 -0.18103893 -0.18103893 -0.18103893 -0.18103893 -0.18103893 -0.18103893
 -0.18103893 -0.18103893 -0.18103893 -0.18103893 -0.18103893 -0.18103893
 -0.18103893 -0.18103893 -0.18103893 -0.18103893 -0.18103893 -0.18103893
 -0.18103893 -0.18103893 -0.18103893 -0.18103893 -0.18103893 -0.18103893
 -0.18103893 -0.18103893 -0.18103893 -0.18103893 -0.18103893 -0.18103893
 -0.18103893 -0.18103893 -0.18103893 -0.18103893 -0.18103893 -0.18103893
 -0.18103893 -0.18103893 -0.18103893 -0.18103893 -0.18103893 -0.18103893
 -0.18103893 -0.18103893 -0.18103893 -0.18103893]",[-0.02654927652343861]
22,"[ 3.34616919 -0.23810678 -0.23810678 -0.23810678 -0.03392524 -0.23810678
 -0.23810678 -0.23810678 -0.23810678 -0.23810678 -0.23810678 -0.23810678
 -0.23810678 -0.23810678 -0.23810678 -0.23810678 -0.23810678 -0.23810678
  0.35136244 -0.23810678 -0.23810678 -0.23810678 -0.23810678 -0.23810678
 -0.23810678 -0.23810678 -0.23810678 -0.23810678 -0.23810678 -0.23810678
 -0.23810678 -0.23810678 -0.23810678 -0.23810678 -0.23810678 -0.23810678
 -0.23810678 -0.23810678 -0.23810678 -0.23810678 -0.23810678 -0.23810678
 -0.23810678 -0.23810678 -0.23810678 -0.23810678 -0.23810678 -0.23810678
 -0.23810678 -0.23810678 -0.23810678 -0.23810678 -0.23810678 -0.23810678
 -0.23810678 -0.23810678 -0.23810678 -0.23810678  1.39527196 -0.23810678
 -0.23810678 -0.23810678 -0.23810678 -0.23810678 -0.23810678 -0.23810678
 -0.23810678 -0.23810678 -0.23810678 -0.23810678 -0.23810678 -0.23810678
 -0.23810678 -0.23810678 -0.23810678 -0.23810678 -0.23810678 -0.23810678
 -0.23810678 -0.23810678 -0.23810678 -0.23810678 -0.23810678  5.84949312
 -0.23810678 -0.23810678 -0.23810678 -0.23810678 -0.23810678  1.22906653
 -0.23810678 -0.23810678  1.94782902 -0.23810678 -0.23810678 -0.23810678
 -0.23810678 -0.23810678 -0.23810678 -0.23810678 -0.23810678 -0.23810678
 -0.23810678 -0.23810678 -0.23810678 -0.23810678 -0.23810678 -0.23810678
 -0.23810678 -0.23810678  5.88605408 -0.23810678 -0.23810678 -0.23810678
 -0.23810678  1.16023339  7.23629779 -0.23810678 -0.23810678 -0.23810678
 -0.23810678 -0.23810678 -0.23810678 -0.23810678  4.84034633 -0.23810678
 -0.23810678 -0.23810678 -0.23810678 -0.23810678 -0.23810678 -0.23810678
 -0.23810678 -0.23810678 -0.23810678 -0.23810678 -0.23810678 -0.23810678
 -0.23810678 -0.23810678 -0.23810678 -0.23810678 -0.23810678 -0.23810678
 -0.23810678 -0.23810678 -0.23810678 -0.23810678 -0.23810678 -0.23810678
 -0.23810678 -0.23810678 -0.23810678 -0.23810678 -0.23810678 -0.23810678
 -0.23810678 -0.23810678 -0.23810678 -0.23810678 -0.23810678 -0.23810678
 -0.23810678  2.08375146 -0.23810678 -0.23810678 -0.23810678 -0.23810678
 -0.23810678 -0.23810678 -0.23810678 -0.23810678 -0.23810678 -0.23810678
 -0.23810678 -0.23810678 -0.23810678 -0.23810678 -0.23810678 -0.23810678
 -0.23810678 -0.23810678 -0.23810678 -0.23810678 -0.23810678 -0.23810678
 -0.23810678 -0.23810678 -0.23810678 -0.23810678 -0.23810678 -0.23810678
 -0.23810678 -0.23810678 -0.23810678 -0.23810678 -0.23810678 -0.23810678
 -0.23810678 -0.23810678  2.20414291 -0.23810678 -0.23810678 -0.23810678
 -0.23810678 -0.23810678 -0.23810678 -0.23810678 -0.23810678 -0.23810678
 -0.23810678 -0.23810678 -0.23810678 -0.23810678 -0.23810678  3.4182047
 -0.23810678 -0.23810678 -0.23810678 -0.23810678 -0.23810678 -0.23810678
 -0.23810678 -0.23810678 -0.23810678 -0.23810678 -0.23810678 -0.23810678
 -0.23810678 -0.23810678  1.39527196 -0.23810678 -0.23810678 -0.23810678
 -0.23810678  2.34001522 -0.23810678 -0.23810678  2.03876209 -0.23810678
  4.07725681 -0.23810678  4.21559277 -0.23810678 -0.23810678 -0.23810678
 -0.23810678 -0.23810678 -0.23810678 -0.23810678 -0.23810678 -0.23810678
 -0.23810678 -0.23810678  4.13376482 -0.23810678 -0.23810678 -0.23810678
 -0.23810678 -0.23810678  5.57959521  5.0469988  -0.23810678  0.17257705
 -0.23810678 -0.23810678 -0.23810678 -0.23810678 -0.23810678 -0.23810678
  1.90647925 -0.23810678  5.47293888 -0.23810678  4.87079513 -0.23810678
 -0.23810678  1.25536468 -0.23810678  1.75788401 -0.23810678 -0.23810678
  2.73199368  3.35210801 -0.23810678 -0.23810678 -0.23810678  5.36917315
 -0.23810678 -0.23810678 -0.23810678 -0.23810678 -0.23810678 -0.23810678
 -0.23810678 -0.23810678  3.20116485 -0.23810678 -0.23810678 -0.23810678
 -0.23810678 -0.23810678 -0.23810678 -0.23810678 -0.23810678 -0.23810678
 -0.23810678 -0.23810678 -0.23810678 -0.23810678 -0.23810678 -0.23810678
 -0.23810678 -0.23810678 -0.23810678 -0.23810678 -0.23810678 -0.23810678
 -0.23810678 -0.23810678 -0.23810678 -0.23810678 -0.23810678 -0.23810678
 -0.23810678 -0.23810678 -0.23810678 -0.23810678 -0.23810678 -0.23810678
 -0.23810678 -0.23810678 -0.23810678 -0.23810678 -0.23810678 -0.23810678
 -0.23810678 -0.23810678 -0.23810678 -0.23810678 -0.23810678 -0.23810678
 -0.23810678 -0.23810678 -0.23810678 -0.23810678 -0.23810678 -0.23810678
 -0.23810678 -0.23810678 -0.23810678 -0.23810678 -0.23810678 -0.23810678
 -0.23810678 -0.23810678 -0.23810678 -0.23810678 -0.23810678 -0.23810678
 -0.23810678 -0.23810678 -0.23810678 -0.23810678 -0.23810678 -0.23810678
 -0.23810678 -0.23810678 -0.23810678 -0.23810678 -0.23810678 -0.23810678
 -0.23810678 -0.23810678 -0.23810678 -0.23810678 -0.23810678 -0.23810678
 -0.23810678 -0.23810678 -0.23810678 -0.23810678 -0.23810678 -0.23810678
 -0.23810678 -0.23810678 -0.23810678 -0.23810678 -0.23810678 -0.23810678
 -0.23810678 -0.23810678 -0.23810678 -0.23810678 -0.23810678 -0.23810678
 -0.23810678 -0.23810678 -0.23810678 -0.23810678 -0.23810678 -0.23810678
 -0.23810678 -0.23810678 -0.23810678 -0.23810678 -0.23810678 -0.23810678
 -0.23810678 -0.23810678 -0.23810678 -0.23810678 -0.23810678 -0.23810678
 -0.23810678 -0.23810678 -0.23810678 -0.23810678 -0.23810678 -0.23810678
 -0.23810678 -0.23810678 -0.23810678 -0.23810678 -0.23810678 -0.23810678
 -0.23810678 -0.23810678 -0.23810678 -0.23810678 -0.23810678 -0.23810678
 -0.23810678 -0.23810678 -0.23810678 -0.23810678 -0.23810678 -0.23810678
 -0.23810678 -0.23810678 -0.23810678 -0.23810678 -0.23810678 -0.23810678
  3.34616919 -0.23810678 -0.23810678 -0.23810678 -0.23810678 -0.23810678
 -0.23810678 -0.23810678 -0.23810678 -0.23810678 -0.23810678 -0.23810678
 -0.23810678 -0.23810678 -0.23810678 -0.23810678 -0.23810678 -0.23810678
 -0.23810678 -0.23810678 -0.23810678 -0.23810678 -0.23810678 -0.23810678
 -0.23810678 -0.23810678 -0.23810678 -0.23810678 -0.23810678 -0.23810678
 -0.23810678 -0.23810678 -0.23810678 -0.23810678 -0.23810678 -0.23810678
 -0.23810678 -0.23810678 -0.23810678 -0.23810678 -0.23810678 -0.23810678
 -0.23810678  4.46417041 -0.23810678 -0.23810678 -0.23810678  1.84680997
 -0.23810678 -0.23810678 -0.23810678 -0.23810678 -0.23810678 -0.23810678
 -0.23810678 -0.23810678 -0.23810678 -0.23810678 -0.23810678 -0.23810678
 -0.23810678 -0.23810678 -0.23810678 -0.23810678 -0.23810678 -0.23810678
 -0.23810678 -0.23810678 -0.23810678 -0.23810678 -0.23810678 -0.23810678
 -0.23810678 -0.23810678  5.75449972 -0.23810678]",[-0.04359613043383054]
22,"[-0.23537026 -0.23537026 -0.23537026 -0.23537026 -0.23537026 -0.23537026
 -0.23537026 -0.23537026 -0.23537026 -0.23537026 -0.23537026 -0.23537026
 -0.23537026 -0.23537026 -0.23537026 -0.23537026 -0.23537026 -0.23537026
 -0.23537026 -0.23537026 -0.23537026 -0.23537026 -0.23537026 -0.23537026
 -0.23537026 -0.23537026 -0.23537026 -0.23537026 -0.23537026 -0.23537026
 -0.23537026 -0.23537026 -0.23537026 -0.23537026 -0.23537026 -0.23537026
 -0.23537026 -0.23537026 -0.23537026 -0.23537026 -0.23537026 -0.23537026
 -0.23537026 -0.23537026 -0.23537026 -0.23537026 -0.23537026 -0.23537026
 -0.23537026 -0.23537026 -0.23537026 -0.23537026 -0.23537026 -0.23537026
 -0.23537026 -0.23537026 -0.23537026 -0.23537026 -0.23537026 -0.23537026
 -0.23537026 -0.23537026 -0.23537026 -0.23537026 -0.23537026 -0.23537026
 -0.23537026 -0.23537026 -0.23537026 -0.23537026 -0.23537026 -0.23537026
 -0.23537026 -0.23537026 -0.23537026 -0.23537026 -0.23537026 -0.23537026
 -0.23537026 -0.23537026 -0.23537026 -0.23537026 -0.23537026  6.55042028
 -0.23537026 -0.23537026 -0.23537026 -0.23537026 -0.23537026  3.73226635
 -0.23537026 -0.23537026  1.65000385 -0.23537026 -0.23537026 -0.23537026
 -0.23537026 -0.23537026 -0.23537026 -0.23537026 -0.23537026 -0.23537026
 -0.23537026 -0.23537026 -0.23537026 -0.23537026 -0.23537026 -0.23537026
 -0.23537026 -0.23537026  5.77839184 -0.23537026 -0.23537026 -0.23537026
 -0.23537026 -0.23537026 -0.23537026 -0.23537026 -0.23537026 -0.23537026
 -0.23537026 -0.23537026 -0.23537026  6.7662885   0.50444225 -0.23537026
 -0.23537026 -0.23537026 -0.23537026 -0.23537026 -0.23537026 -0.23537026
 -0.23537026 -0.23537026 -0.23537026 -0.23537026 -0.23537026 -0.23537026
 -0.23537026 -0.23537026 -0.23537026 -0.23537026 -0.23537026 -0.23537026
 -0.23537026 -0.23537026 -0.23537026 -0.23537026 -0.23537026 -0.23537026
 -0.23537026 -0.23537026 -0.23537026 -0.23537026 -0.23537026 -0.23537026
 -0.23537026 -0.23537026 -0.23537026 -0.23537026 -0.23537026 -0.23537026
 -0.23537026  0.35553377 -0.23537026 -0.23537026 -0.23537026 -0.23537026
 -0.23537026 -0.23537026 -0.23537026 -0.23537026 -0.23537026 -0.23537026
 -0.23537026 -0.23537026 -0.23537026 -0.23537026 -0.23537026 -0.23537026
 -0.23537026 -0.23537026 -0.23537026 -0.23537026 -0.23537026 -0.23537026
 -0.23537026 -0.23537026 -0.23537026 -0.23537026 -0.23537026 -0.23537026
 -0.23537026 -0.23537026 -0.23537026 -0.23537026 -0.23537026 -0.23537026
 -0.23537026 -0.23537026 -0.23537026 -0.23537026 -0.23537026 -0.23537026
 -0.23537026 -0.23537026 -0.23537026 -0.23537026 -0.23537026 -0.23537026
  4.86113323 -0.23537026 -0.23537026 -0.23537026 -0.23537026  0.51281165
 -0.23537026 -0.23537026 -0.23537026 -0.23537026 -0.23537026 -0.23537026
 -0.23537026 -0.23537026 -0.23537026 -0.23537026 -0.23537026 -0.23537026
 -0.23537026 -0.23537026 -0.23537026 -0.23537026 -0.23537026 -0.23537026
 -0.23537026  2.70488674 -0.23537026  4.19827574  3.06110171 -0.23537026
  3.0226188  -0.23537026  2.71251897  1.44243883 -0.23537026 -0.23537026
 -0.23537026 -0.23537026 -0.23537026 -0.23537026 -0.23537026  3.84942799
 -0.23537026 -0.23537026 -0.23537026  3.70844128  2.82826177 -0.23537026
 -0.23537026 -0.23537026 -0.23537026  3.08134974 -0.23537026  1.22261398
 -0.23537026 -0.23537026 -0.23537026 -0.23537026  1.79840536 -0.23537026
 -0.23537026 -0.23537026  6.48893567 -0.23537026  2.49138363  5.63985949
 -0.23537026  1.38668698 -0.23537026 -0.23537026  3.15778107 -0.23537026
 -0.23537026  1.05104205 -0.23537026 -0.23537026 -0.23537026  4.0224031
 -0.23537026 -0.23537026 -0.23537026  1.88349645 -0.23537026 -0.23537026
 -0.23537026 -0.23537026 -0.23537026 -0.23537026 -0.23537026 -0.23537026
 -0.23537026 -0.23537026 -0.23537026 -0.23537026  4.53054361 -0.23537026
 -0.23537026 -0.23537026 -0.23537026 -0.23537026 -0.23537026 -0.23537026
 -0.23537026 -0.23537026 -0.23537026 -0.23537026 -0.23537026 -0.23537026
 -0.23537026 -0.23537026 -0.23537026 -0.23537026 -0.23537026 -0.23537026
 -0.23537026 -0.23537026 -0.23537026 -0.23537026 -0.23537026 -0.23537026
 -0.23537026 -0.23537026 -0.23537026 -0.23537026 -0.23537026 -0.23537026
 -0.23537026 -0.23537026 -0.23537026 -0.23537026 -0.23537026 -0.23537026
 -0.23537026 -0.23537026 -0.23537026 -0.23537026 -0.23537026 -0.23537026
 -0.23537026 -0.23537026 -0.23537026 -0.23537026 -0.23537026 -0.23537026
 -0.23537026 -0.23537026 -0.23537026 -0.23537026 -0.23537026 -0.23537026
 -0.23537026 -0.23537026 -0.23537026 -0.23537026 -0.23537026 -0.23537026
 -0.23537026 -0.23537026 -0.23537026 -0.23537026 -0.23537026 -0.23537026
 -0.23537026 -0.23537026 -0.23537026 -0.23537026 -0.23537026 -0.23537026
 -0.23537026 -0.23537026 -0.23537026 -0.23537026 -0.23537026 -0.23537026
 -0.23537026 -0.23537026 -0.23537026 -0.23537026  2.24533598 -0.23537026
 -0.23537026 -0.23537026 -0.23537026 -0.23537026 -0.23537026 -0.23537026
 -0.23537026 -0.23537026 -0.23537026 -0.23537026 -0.23537026 -0.23537026
 -0.23537026 -0.23537026 -0.23537026 -0.23537026 -0.23537026 -0.23537026
 -0.23537026 -0.23537026 -0.23537026 -0.23537026 -0.23537026 -0.23537026
 -0.23537026 -0.23537026 -0.23537026 -0.23537026 -0.23537026 -0.23537026
 -0.23537026 -0.23537026 -0.23537026 -0.23537026  6.26625282 -0.23537026
 -0.23537026 -0.23537026 -0.23537026 -0.23537026 -0.23537026 -0.23537026
 -0.23537026 -0.23537026 -0.23537026 -0.23537026 -0.23537026 -0.23537026
 -0.23537026 -0.23537026 -0.23537026 -0.23537026 -0.23537026 -0.23537026
 -0.23537026 -0.23537026 -0.23537026 -0.23537026 -0.23537026 -0.23537026
 -0.23537026 -0.23537026 -0.23537026 -0.23537026 -0.23537026 -0.23537026
 -0.23537026 -0.23537026 -0.23537026 -0.23537026 -0.23537026 -0.23537026
 -0.23537026 -0.23537026  1.69126374 -0.23537026 -0.23537026 -0.23537026
 -0.23537026 -0.23537026 -0.23537026 -0.23537026 -0.23537026 -0.23537026
 -0.23537026 -0.23537026 -0.23537026 -0.23537026 -0.23537026 -0.23537026
 -0.23537026 -0.23537026 -0.23537026 -0.23537026 -0.23537026 -0.23537026
 -0.23537026  6.17896338 -0.23537026 -0.23537026 -0.23537026 -0.23537026
 -0.23537026 -0.23537026 -0.23537026 -0.23537026 -0.23537026 -0.23537026
 -0.23537026 -0.23537026 -0.23537026 -0.23537026 -0.23537026 -0.23537026
 -0.23537026 -0.23537026 -0.23537026 -0.23537026 -0.23537026 -0.23537026
 -0.23537026 -0.23537026 -0.23537026 -0.23537026 -0.23537026 -0.23537026
 -0.23537026 -0.23537026  2.77899319 -0.23537026]",[-0.050089834504826236]
23,"[-0.20758821 -0.20758821 -0.20758821 -0.20758821 -0.20758821 -0.20758821
 -0.20758821 -0.20758821 -0.20758821 -0.20758821 -0.20758821 -0.20758821
 -0.20758821 -0.20758821 -0.20758821 -0.20758821 -0.20758821 -0.20758821
 -0.20758821 -0.20758821 -0.20758821 -0.20758821 -0.20758821 -0.20758821
 -0.20758821 -0.20758821 -0.20758821 -0.20758821 -0.20758821 -0.20758821
 -0.20758821 -0.20758821 -0.20758821 -0.20758821 -0.20758821 -0.20758821
 -0.20758821 -0.20758821 -0.20758821 -0.20758821 -0.20758821 -0.20758821
 -0.20758821 -0.20758821 -0.20758821 -0.20758821 -0.20758821 -0.20758821
 -0.20758821 -0.20758821 -0.20758821 -0.20758821 -0.20758821 -0.20758821
 -0.20758821 -0.20758821 -0.20758821 -0.20758821 -0.20758821 -0.20758821
 -0.20758821 -0.20758821 -0.20758821 -0.20758821 -0.20758821 -0.20758821
 -0.20758821 -0.20758821 -0.20758821 -0.20758821 -0.20758821 -0.20758821
 -0.20758821 -0.20758821 -0.20758821 -0.20758821 -0.20758821 -0.20758821
 -0.20758821 -0.20758821 -0.20758821 -0.20758821 -0.20758821  7.62006666
 -0.20758821 -0.20758821 -0.20758821 -0.20758821 -0.20758821 -0.20758821
 -0.20758821 -0.20758821  3.19750208 -0.20758821 -0.20758821 -0.20758821
 -0.20758821 -0.20758821 -0.20758821 -0.20758821 -0.20758821 -0.20758821
 -0.20758821 -0.20758821 -0.20758821 -0.20758821 -0.20758821 -0.20758821
 -0.20758821 -0.20758821  0.28948667 -0.20758821 -0.20758821 -0.20758821
 -0.20758821 -0.20758821 -0.20758821 -0.20758821 -0.20758821 -0.20758821
 -0.20758821 -0.20758821 -0.20758821  3.66515113 -0.20758821 -0.20758821
 -0.20758821 -0.20758821 -0.20758821 -0.20758821 -0.20758821 -0.20758821
 -0.20758821 -0.20758821 -0.20758821 -0.20758821 -0.20758821 -0.20758821
 -0.20758821 -0.20758821 -0.20758821 -0.20758821 -0.20758821 -0.20758821
 -0.20758821 -0.20758821 -0.20758821 -0.20758821 -0.20758821 -0.20758821
 -0.20758821 -0.20758821 -0.20758821 -0.20758821 -0.20758821 -0.20758821
 -0.20758821 -0.20758821 -0.20758821 -0.20758821 -0.20758821 -0.20758821
 -0.20758821 -0.20758821 -0.20758821 -0.20758821 -0.20758821 -0.20758821
 -0.20758821 -0.20758821 -0.20758821 -0.20758821 -0.20758821 -0.20758821
 -0.20758821 -0.20758821 -0.20758821 -0.20758821 -0.20758821 -0.20758821
 -0.20758821 -0.20758821 -0.20758821 -0.20758821 -0.20758821 -0.20758821
 -0.20758821 -0.20758821 -0.20758821 -0.20758821 -0.20758821 -0.20758821
 -0.20758821 -0.20758821 -0.20758821 -0.20758821 -0.20758821 -0.20758821
 -0.20758821 -0.20758821 -0.20758821 -0.20758821 -0.20758821 -0.20758821
 -0.20758821 -0.20758821 -0.20758821 -0.20758821 -0.20758821 -0.20758821
  3.4165228  -0.20758821 -0.20758821 -0.20758821 -0.20758821  1.49995069
 -0.20758821 -0.20758821 -0.20758821 -0.20758821 -0.20758821 -0.20758821
 -0.20758821 -0.20758821 -0.20758821 -0.20758821 -0.20758821 -0.20758821
 -0.20758821 -0.20758821 -0.20758821 -0.20758821 -0.20758821 -0.20758821
 -0.20758821  3.27673671 -0.20758821  1.48469102  3.71651417 -0.20758821
  3.46668555  0.72686184 -0.20758821 -0.20758821 -0.20758821 -0.20758821
 -0.20758821 -0.20758821 -0.20758821 -0.20758821 -0.20758821 -0.20758821
 -0.20758821 -0.20758821 -0.20758821 -0.20758821  5.45407391 -0.20758821
 -0.20758821 -0.20758821 -0.20758821  3.9738802  -0.20758821  0.58011621
 -0.20758821 -0.20758821 -0.20758821 -0.20758821 -0.20758821 -0.20758821
  1.14369778 -0.20758821  7.3968209  -0.20758821  3.91447711 -0.20758821
 -0.20758821 -0.20758821 -0.20758821 -0.20758821 -0.20758821 -0.20758821
  2.17902868  1.85755479 -0.20758821 -0.20758821  5.74905567  5.81760066
 -0.20758821 -0.20758821 -0.20758821 -0.20758821 -0.20758821 -0.20758821
 -0.20758821 -0.20758821 -0.20758821 -0.20758821 -0.20758821 -0.20758821
 -0.20758821 -0.20758821 -0.20758821 -0.20758821  3.12514754 -0.20758821
 -0.20758821 -0.20758821 -0.20758821 -0.20758821 -0.20758821  4.23059902
 -0.20758821  0.80903596 -0.20758821 -0.20758821 -0.20758821 -0.20758821
 -0.20758821 -0.20758821 -0.20758821 -0.20758821 -0.20758821 -0.20758821
 -0.20758821 -0.20758821 -0.20758821 -0.20758821 -0.20758821 -0.20758821
 -0.20758821 -0.20758821 -0.20758821 -0.20758821 -0.20758821 -0.20758821
 -0.20758821 -0.20758821 -0.20758821 -0.20758821 -0.20758821 -0.20758821
 -0.20758821 -0.20758821 -0.20758821 -0.20758821 -0.20758821 -0.20758821
 -0.20758821 -0.20758821 -0.20758821 -0.20758821 -0.20758821 -0.20758821
 -0.20758821 -0.20758821 -0.20758821 -0.20758821 -0.20758821 -0.20758821
 -0.20758821 -0.20758821 -0.20758821 -0.20758821 -0.20758821 -0.20758821
 -0.20758821 -0.20758821 -0.20758821 -0.20758821 -0.20758821 -0.20758821
 -0.20758821 -0.20758821 -0.20758821 -0.20758821 -0.20758821 -0.20758821
 -0.20758821 -0.20758821 -0.20758821 -0.20758821 -0.20758821 -0.20758821
 -0.20758821 -0.20758821 -0.20758821 -0.20758821 -0.20758821 -0.20758821
 -0.20758821 -0.20758821 -0.20758821 -0.20758821 -0.20758821 -0.20758821
 -0.20758821 -0.20758821 -0.20758821 -0.20758821 -0.20758821 -0.20758821
 -0.20758821 -0.20758821 -0.20758821 -0.20758821 -0.20758821 -0.20758821
 -0.20758821 -0.20758821 -0.20758821 -0.20758821 -0.20758821 -0.20758821
 -0.20758821 -0.20758821 -0.20758821 -0.20758821 -0.20758821 -0.20758821
 -0.20758821 -0.20758821 -0.20758821 -0.20758821 -0.20758821 -0.20758821
 -0.20758821 -0.20758821 -0.20758821 -0.20758821 -0.20758821 -0.20758821
 -0.20758821 -0.20758821 -0.20758821 -0.20758821 -0.20758821 -0.20758821
 -0.20758821 -0.20758821 -0.20758821 -0.20758821 -0.20758821 -0.20758821
 -0.20758821 -0.20758821 -0.20758821 -0.20758821 -0.20758821 -0.20758821
 -0.20758821 -0.20758821 -0.20758821 -0.20758821 -0.20758821 -0.20758821
 -0.20758821 -0.20758821 -0.20758821 -0.20758821 -0.20758821 -0.20758821
 -0.20758821 -0.20758821  4.50151204 -0.20758821 -0.20758821 -0.20758821
  7.00381986 -0.20758821 -0.20758821 -0.20758821 -0.20758821 -0.20758821
 -0.20758821 -0.20758821 -0.20758821 -0.20758821 -0.20758821 -0.20758821
 -0.20758821 -0.20758821 -0.20758821 -0.20758821 -0.20758821 -0.20758821
 -0.20758821  5.18877418  6.8480354  -0.20758821 -0.20758821 -0.20758821
 -0.20758821 -0.20758821 -0.20758821 -0.20758821 -0.20758821 -0.20758821
 -0.20758821 -0.20758821 -0.20758821 -0.20758821 -0.20758821 -0.20758821
 -0.20758821 -0.20758821 -0.20758821 -0.20758821 -0.20758821 -0.20758821
 -0.20758821 -0.20758821 -0.20758821 -0.20758821 -0.20758821 -0.20758821
 -0.20758821 -0.20758821 -0.20758821 -0.20758821]",[-0.01852450698701938]
23,"[-0.28170291 -0.28170291 -0.28170291 -0.28170291  1.01424819 -0.28170291
 -0.28170291 -0.28170291 -0.28170291 -0.28170291 -0.28170291 -0.28170291
 -0.28170291 -0.28170291 -0.28170291 -0.28170291 -0.28170291 -0.28170291
 -0.28170291 -0.28170291 -0.28170291 -0.28170291 -0.28170291 -0.28170291
 -0.28170291 -0.28170291 -0.28170291  0.46685186 -0.28170291 -0.28170291
 -0.28170291 -0.28170291 -0.28170291 -0.28170291 -0.28170291 -0.28170291
 -0.28170291 -0.28170291 -0.28170291 -0.28170291 -0.28170291 -0.28170291
 -0.28170291 -0.28170291 -0.28170291 -0.28170291 -0.28170291 -0.28170291
 -0.28170291 -0.28170291 -0.28170291 -0.28170291 -0.28170291 -0.28170291
 -0.28170291 -0.28170291 -0.28170291 -0.28170291 -0.28170291 -0.28170291
 -0.28170291 -0.28170291 -0.28170291 -0.28170291 -0.28170291 -0.28170291
 -0.28170291 -0.28170291 -0.28170291 -0.28170291 -0.28170291 -0.28170291
 -0.28170291 -0.28170291 -0.28170291 -0.28170291 -0.28170291 -0.28170291
 -0.28170291 -0.28170291 -0.28170291 -0.28170291 -0.28170291  4.9516862
 -0.28170291 -0.28170291 -0.28170291 -0.28170291 -0.28170291  4.30957434
 -0.28170291 -0.28170291 -0.28170291 -0.28170291 -0.28170291 -0.28170291
 -0.28170291 -0.28170291 -0.28170291 -0.28170291 -0.28170291 -0.28170291
 -0.28170291 -0.28170291 -0.28170291 -0.28170291  2.92785911 -0.28170291
 -0.28170291 -0.28170291  5.2127761  -0.28170291 -0.28170291 -0.28170291
 -0.28170291  3.93493433  4.75567992 -0.28170291 -0.28170291 -0.28170291
 -0.28170291 -0.28170291 -0.28170291 -0.28170291  4.87970534  4.41621039
 -0.28170291 -0.28170291 -0.28170291 -0.28170291 -0.28170291 -0.28170291
 -0.28170291 -0.28170291 -0.28170291 -0.28170291 -0.28170291 -0.28170291
 -0.28170291 -0.28170291 -0.28170291 -0.28170291 -0.28170291 -0.28170291
 -0.28170291 -0.28170291 -0.28170291 -0.28170291 -0.28170291 -0.28170291
 -0.28170291 -0.28170291 -0.28170291 -0.28170291 -0.28170291 -0.28170291
 -0.28170291 -0.28170291 -0.28170291 -0.28170291 -0.28170291 -0.28170291
 -0.28170291  0.1978694  -0.28170291 -0.28170291 -0.28170291 -0.28170291
 -0.28170291 -0.28170291 -0.28170291 -0.28170291 -0.28170291 -0.28170291
 -0.28170291 -0.28170291 -0.28170291 -0.28170291 -0.28170291 -0.28170291
 -0.28170291 -0.28170291 -0.28170291 -0.28170291 -0.28170291 -0.28170291
 -0.28170291 -0.28170291 -0.28170291 -0.28170291 -0.28170291 -0.28170291
 -0.28170291 -0.28170291 -0.28170291 -0.28170291 -0.28170291 -0.28170291
 -0.28170291 -0.28170291 -0.28170291 -0.28170291 -0.28170291 -0.28170291
 -0.28170291 -0.28170291 -0.28170291 -0.28170291 -0.28170291 -0.28170291
  1.68084815 -0.28170291  1.76307664 -0.28170291  3.27203544  1.97015501
 -0.28170291 -0.28170291 -0.28170291 -0.28170291 -0.28170291 -0.28170291
 -0.28170291 -0.28170291 -0.28170291 -0.28170291 -0.28170291  3.66586716
 -0.28170291 -0.28170291 -0.28170291  1.74324466 -0.28170291 -0.28170291
 -0.28170291  1.40311855 -0.28170291 -0.28170291  4.1313628  -0.28170291
  2.85839189  1.94006619  1.45915308 -0.28170291 -0.28170291 -0.28170291
 -0.28170291 -0.28170291 -0.28170291 -0.28170291 -0.28170291 -0.28170291
 -0.28170291 -0.28170291 -0.28170291 -0.28170291  3.08053945 -0.28170291
 -0.28170291 -0.28170291  4.73995538  2.47768187 -0.28170291  1.31723552
 -0.28170291 -0.28170291 -0.28170291  2.67384493 -0.28170291 -0.28170291
  2.23612139 -0.28170291  2.94921716 -0.28170291  4.04088467 -0.28170291
 -0.28170291  2.79267361 -0.28170291  1.34289768  4.21164321 -0.28170291
  3.07263128  1.06342298 -0.28170291 -0.28170291 -0.28170291  4.48010645
 -0.28170291 -0.28170291 -0.28170291 -0.28170291 -0.28170291  1.49995125
 -0.28170291  3.43993475  4.07397487 -0.28170291 -0.28170291 -0.28170291
 -0.28170291 -0.28170291 -0.28170291 -0.28170291 -0.28170291 -0.28170291
 -0.28170291 -0.28170291 -0.28170291 -0.28170291 -0.28170291 -0.28170291
 -0.28170291 -0.28170291 -0.28170291 -0.28170291 -0.28170291 -0.28170291
 -0.28170291 -0.28170291 -0.28170291 -0.28170291 -0.28170291 -0.28170291
 -0.28170291 -0.28170291 -0.28170291 -0.28170291 -0.28170291 -0.28170291
 -0.28170291 -0.28170291 -0.28170291 -0.28170291 -0.28170291 -0.28170291
 -0.28170291 -0.28170291 -0.28170291 -0.28170291 -0.28170291 -0.28170291
 -0.28170291 -0.28170291 -0.28170291 -0.28170291 -0.28170291 -0.28170291
 -0.28170291  0.98035317 -0.28170291 -0.28170291 -0.28170291 -0.28170291
 -0.28170291 -0.28170291 -0.28170291 -0.28170291 -0.28170291 -0.28170291
 -0.28170291 -0.28170291 -0.28170291 -0.28170291 -0.28170291 -0.28170291
 -0.28170291 -0.28170291 -0.28170291 -0.28170291 -0.28170291 -0.28170291
 -0.28170291 -0.28170291 -0.28170291 -0.28170291 -0.28170291 -0.28170291
 -0.28170291 -0.28170291 -0.28170291 -0.28170291 -0.28170291 -0.28170291
  0.94456157 -0.28170291 -0.28170291 -0.28170291 -0.28170291 -0.28170291
 -0.28170291 -0.28170291 -0.28170291 -0.28170291 -0.28170291 -0.28170291
 -0.28170291 -0.28170291 -0.28170291 -0.28170291 -0.28170291 -0.28170291
 -0.28170291 -0.28170291 -0.28170291 -0.28170291 -0.28170291 -0.28170291
 -0.28170291 -0.28170291 -0.28170291 -0.28170291 -0.28170291 -0.28170291
 -0.28170291 -0.28170291 -0.28170291 -0.28170291 -0.28170291 -0.28170291
 -0.28170291 -0.28170291 -0.28170291 -0.28170291  5.11785373 -0.28170291
 -0.28170291 -0.28170291 -0.28170291 -0.28170291 -0.28170291 -0.28170291
 -0.28170291 -0.28170291 -0.28170291 -0.28170291 -0.28170291 -0.28170291
 -0.28170291 -0.28170291 -0.28170291 -0.28170291 -0.28170291 -0.28170291
  4.00728259 -0.28170291 -0.28170291 -0.28170291 -0.28170291 -0.28170291
 -0.28170291 -0.28170291 -0.28170291 -0.28170291 -0.28170291 -0.28170291
 -0.28170291 -0.28170291 -0.28170291 -0.28170291 -0.28170291 -0.28170291
 -0.28170291 -0.28170291  3.57196067 -0.28170291 -0.28170291 -0.28170291
 -0.28170291 -0.28170291 -0.28170291 -0.28170291 -0.28170291 -0.28170291
 -0.28170291 -0.28170291 -0.28170291 -0.28170291 -0.28170291 -0.28170291
 -0.28170291 -0.28170291 -0.28170291 -0.28170291 -0.28170291 -0.28170291
 -0.28170291 -0.28170291 -0.28170291 -0.28170291 -0.28170291 -0.28170291
 -0.28170291 -0.28170291 -0.28170291 -0.28170291 -0.28170291  1.31013333
 -0.28170291 -0.28170291 -0.28170291 -0.28170291 -0.28170291 -0.28170291
 -0.28170291 -0.28170291 -0.28170291 -0.28170291 -0.28170291 -0.28170291
 -0.28170291 -0.28170291 -0.28170291 -0.28170291 -0.28170291 -0.28170291
 -0.28170291 -0.28170291  5.14760507 -0.28170291]",[0.00022241647493270733]
23,"[-0.28546009 -0.28546009 -0.28546009 -0.28546009  2.046487   -0.28546009
 -0.28546009 -0.28546009 -0.28546009 -0.28546009 -0.28546009 -0.28546009
 -0.28546009 -0.28546009 -0.28546009 -0.28546009 -0.28546009 -0.28546009
 -0.28546009 -0.28546009 -0.28546009 -0.28546009 -0.28546009 -0.28546009
 -0.28546009 -0.28546009 -0.28546009 -0.28546009 -0.28546009 -0.28546009
 -0.28546009 -0.28546009 -0.28546009 -0.28546009 -0.28546009 -0.28546009
 -0.28546009 -0.28546009 -0.28546009 -0.28546009 -0.28546009 -0.28546009
 -0.28546009 -0.28546009 -0.28546009 -0.28546009 -0.28546009 -0.28546009
 -0.28546009 -0.28546009 -0.28546009 -0.28546009 -0.28546009 -0.28546009
 -0.28546009 -0.28546009 -0.28546009 -0.28546009 -0.28546009 -0.28546009
 -0.28546009 -0.28546009 -0.28546009 -0.28546009 -0.28546009 -0.28546009
 -0.28546009 -0.28546009 -0.28546009 -0.28546009 -0.28546009 -0.28546009
 -0.28546009 -0.28546009 -0.28546009 -0.28546009 -0.28546009 -0.28546009
 -0.28546009 -0.28546009 -0.28546009 -0.28546009 -0.28546009  4.36729917
 -0.28546009 -0.28546009 -0.28546009 -0.28546009 -0.28546009  1.76600295
 -0.28546009 -0.28546009 -0.28546009 -0.28546009 -0.28546009 -0.28546009
 -0.28546009 -0.28546009 -0.28546009 -0.28546009 -0.28546009 -0.28546009
 -0.28546009 -0.28546009 -0.28546009 -0.28546009 -0.28546009 -0.28546009
 -0.28546009 -0.28546009  5.39392469 -0.28546009 -0.28546009 -0.28546009
 -0.28546009 -0.28546009 -0.28546009 -0.28546009 -0.28546009 -0.28546009
 -0.28546009 -0.28546009 -0.28546009  6.05423256  3.80160778 -0.28546009
 -0.28546009 -0.28546009 -0.28546009 -0.28546009 -0.28546009 -0.28546009
 -0.28546009 -0.28546009 -0.28546009 -0.28546009 -0.28546009 -0.28546009
 -0.28546009 -0.28546009 -0.28546009 -0.28546009 -0.28546009 -0.28546009
 -0.28546009 -0.28546009 -0.28546009 -0.28546009 -0.28546009 -0.28546009
 -0.28546009 -0.28546009 -0.28546009 -0.28546009 -0.28546009 -0.28546009
 -0.28546009 -0.28546009 -0.28546009 -0.28546009 -0.28546009 -0.28546009
 -0.28546009  2.53808698 -0.28546009 -0.28546009 -0.28546009 -0.28546009
 -0.28546009 -0.28546009 -0.28546009 -0.28546009 -0.28546009 -0.28546009
 -0.28546009 -0.28546009 -0.28546009 -0.28546009 -0.28546009 -0.28546009
 -0.28546009 -0.28546009 -0.28546009 -0.28546009 -0.28546009 -0.28546009
 -0.28546009 -0.28546009 -0.28546009 -0.28546009 -0.28546009 -0.28546009
 -0.28546009 -0.28546009 -0.28546009 -0.28546009 -0.28546009 -0.28546009
 -0.28546009 -0.28546009 -0.28546009 -0.28546009 -0.28546009  0.74958836
 -0.28546009 -0.28546009 -0.28546009 -0.28546009 -0.28546009  1.32319747
  2.96168164  3.06564639  1.31209276 -0.28546009  0.91684776  3.10495856
 -0.28546009 -0.28546009 -0.28546009 -0.28546009 -0.28546009 -0.28546009
 -0.28546009 -0.28546009 -0.28546009 -0.28546009 -0.28546009 -0.28546009
 -0.28546009 -0.28546009 -0.28546009  0.86943804 -0.28546009 -0.28546009
 -0.28546009  3.52940789 -0.28546009  2.31920965  3.0042324  -0.28546009
  2.05071567 -0.28546009  4.89427345  3.04989566 -0.28546009 -0.28546009
 -0.28546009 -0.28546009 -0.28546009 -0.28546009 -0.28546009  3.68569312
 -0.28546009 -0.28546009 -0.28546009  4.6459883   2.69095085 -0.28546009
 -0.28546009 -0.28546009 -0.28546009  2.84881413 -0.28546009  1.84063668
 -0.28546009 -0.28546009 -0.28546009  1.50869979  2.70589492 -0.28546009
  1.76600295 -0.28546009  4.54447203 -0.28546009  2.19012094  4.86591587
 -0.28546009  2.60394199 -0.28546009 -0.28546009  4.09725138 -0.28546009
 -0.28546009  0.15156479 -0.28546009 -0.28546009  4.00695596  1.61143495
  0.96903019 -0.28546009 -0.28546009  1.66280251 -0.28546009  1.61143495
 -0.28546009 -0.28546009 -0.28546009 -0.28546009 -0.28546009 -0.28546009
 -0.28546009 -0.28546009 -0.28546009 -0.28546009  5.17498204 -0.28546009
 -0.28546009 -0.28546009 -0.28546009 -0.28546009 -0.28546009  0.57190756
 -0.28546009 -0.28546009 -0.28546009 -0.28546009 -0.28546009 -0.28546009
 -0.28546009 -0.28546009 -0.28546009 -0.28546009 -0.28546009 -0.28546009
 -0.28546009 -0.28546009 -0.28546009 -0.28546009 -0.28546009 -0.28546009
 -0.28546009 -0.28546009 -0.28546009 -0.28546009 -0.28546009 -0.28546009
 -0.28546009 -0.28546009 -0.28546009 -0.28546009 -0.28546009 -0.28546009
 -0.28546009 -0.28546009 -0.28546009 -0.28546009 -0.28546009 -0.28546009
 -0.28546009 -0.28546009 -0.28546009 -0.28546009 -0.28546009 -0.28546009
 -0.28546009 -0.28546009 -0.28546009 -0.28546009 -0.28546009 -0.28546009
 -0.28546009 -0.28546009 -0.28546009 -0.28546009 -0.28546009 -0.28546009
 -0.28546009 -0.28546009 -0.28546009 -0.28546009 -0.28546009 -0.28546009
 -0.28546009 -0.28546009 -0.28546009 -0.28546009 -0.28546009 -0.28546009
 -0.28546009 -0.28546009 -0.28546009 -0.28546009 -0.28546009 -0.28546009
 -0.28546009 -0.28546009 -0.28546009 -0.28546009  3.2137882  -0.28546009
 -0.28546009 -0.28546009 -0.28546009 -0.28546009 -0.28546009 -0.28546009
 -0.28546009 -0.28546009 -0.28546009 -0.28546009 -0.28546009 -0.28546009
 -0.28546009 -0.28546009 -0.28546009 -0.28546009 -0.28546009 -0.28546009
 -0.28546009 -0.28546009 -0.28546009 -0.28546009 -0.28546009 -0.28546009
 -0.28546009 -0.28546009 -0.28546009 -0.28546009 -0.28546009 -0.28546009
 -0.28546009 -0.28546009 -0.28546009 -0.28546009  5.81247103 -0.28546009
 -0.28546009 -0.28546009 -0.28546009 -0.28546009 -0.28546009 -0.28546009
 -0.28546009 -0.28546009 -0.28546009 -0.28546009 -0.28546009 -0.28546009
 -0.28546009 -0.28546009 -0.28546009 -0.28546009 -0.28546009 -0.28546009
  3.72022743 -0.28546009 -0.28546009 -0.28546009 -0.28546009 -0.28546009
 -0.28546009 -0.28546009 -0.28546009 -0.28546009 -0.28546009 -0.28546009
 -0.28546009 -0.28546009 -0.28546009 -0.28546009 -0.28546009 -0.28546009
 -0.28546009 -0.28546009  0.65443188 -0.28546009 -0.28546009 -0.28546009
 -0.28546009 -0.28546009 -0.28546009 -0.28546009 -0.28546009 -0.28546009
 -0.28546009 -0.28546009 -0.28546009 -0.28546009 -0.28546009 -0.28546009
 -0.28546009 -0.28546009 -0.28546009 -0.28546009 -0.28546009 -0.28546009
 -0.28546009  3.42760033 -0.28546009 -0.28546009 -0.28546009 -0.28546009
 -0.28546009 -0.28546009 -0.28546009 -0.28546009 -0.28546009 -0.28546009
 -0.28546009 -0.28546009 -0.28546009 -0.28546009 -0.28546009 -0.28546009
 -0.28546009 -0.28546009 -0.28546009 -0.28546009 -0.28546009 -0.28546009
 -0.28546009 -0.28546009 -0.28546009 -0.28546009 -0.28546009 -0.28546009
 -0.28546009 -0.28546009  3.03532075 -0.28546009]",[0.0008244368143189851]
24,"[-0.22611272 -0.22611272 -0.22611272 -0.22611272 -0.22611272 -0.22611272
 -0.22611272 -0.22611272 -0.22611272 -0.22611272 -0.22611272 -0.22611272
 -0.22611272 -0.22611272 -0.22611272 -0.22611272 -0.22611272 -0.22611272
 -0.22611272 -0.22611272 -0.22611272 -0.22611272 -0.22611272 -0.22611272
 -0.22611272 -0.22611272 -0.22611272 -0.22611272 -0.22611272 -0.22611272
 -0.22611272 -0.22611272 -0.22611272 -0.22611272 -0.22611272 -0.22611272
 -0.22611272 -0.22611272 -0.22611272 -0.22611272 -0.22611272 -0.22611272
 -0.22611272 -0.22611272 -0.22611272 -0.22611272 -0.22611272 -0.22611272
 -0.22611272 -0.22611272 -0.22611272 -0.22611272 -0.22611272 -0.22611272
 -0.22611272 -0.22611272 -0.22611272 -0.22611272  0.55857726 -0.22611272
 -0.22611272 -0.22611272 -0.22611272 -0.22611272 -0.22611272 -0.22611272
 -0.22611272 -0.22611272 -0.22611272 -0.22611272 -0.22611272 -0.22611272
 -0.22611272 -0.22611272 -0.22611272 -0.22611272 -0.22611272 -0.22611272
 -0.22611272 -0.22611272 -0.22611272 -0.22611272 -0.22611272  7.47589198
 -0.22611272 -0.22611272 -0.22611272 -0.22611272  0.59376811 -0.22611272
 -0.22611272 -0.22611272  1.61650704 -0.22611272 -0.22611272 -0.22611272
 -0.22611272 -0.22611272 -0.22611272 -0.22611272 -0.22611272 -0.22611272
 -0.22611272 -0.22611272 -0.22611272 -0.22611272 -0.22611272 -0.22611272
 -0.22611272 -0.22611272 -0.22611272 -0.22611272 -0.22611272 -0.22611272
 -0.22611272 -0.22611272 -0.22611272 -0.22611272 -0.22611272 -0.22611272
 -0.22611272 -0.22611272 -0.22611272  5.00738187 -0.22611272 -0.22611272
 -0.22611272 -0.22611272 -0.22611272 -0.22611272 -0.22611272 -0.22611272
 -0.22611272 -0.22611272 -0.22611272 -0.22611272 -0.22611272 -0.22611272
 -0.22611272 -0.22611272 -0.22611272 -0.22611272 -0.22611272 -0.22611272
 -0.22611272 -0.22611272 -0.22611272 -0.22611272 -0.22611272 -0.22611272
 -0.22611272 -0.22611272 -0.22611272 -0.22611272 -0.22611272 -0.22611272
 -0.22611272 -0.22611272 -0.22611272 -0.22611272 -0.22611272 -0.22611272
 -0.22611272 -0.22611272 -0.22611272 -0.22611272 -0.22611272 -0.22611272
 -0.22611272 -0.22611272 -0.22611272 -0.22611272 -0.22611272 -0.22611272
 -0.22611272 -0.22611272 -0.22611272 -0.22611272 -0.22611272 -0.22611272
 -0.22611272 -0.22611272 -0.22611272 -0.22611272 -0.22611272 -0.22611272
 -0.22611272 -0.22611272 -0.22611272 -0.22611272 -0.22611272 -0.22611272
 -0.22611272 -0.22611272 -0.22611272 -0.22611272 -0.22611272 -0.22611272
 -0.22611272 -0.22611272 -0.22611272 -0.22611272 -0.22611272  2.05906401
 -0.22611272 -0.22611272 -0.22611272 -0.22611272 -0.22611272 -0.22611272
  3.71124765 -0.22611272 -0.22611272 -0.22611272 -0.22611272  0.57576495
 -0.22611272 -0.22611272 -0.22611272 -0.22611272 -0.22611272 -0.22611272
 -0.22611272 -0.22611272 -0.22611272 -0.22611272 -0.22611272 -0.22611272
 -0.22611272 -0.22611272 -0.22611272 -0.22611272 -0.22611272 -0.22611272
 -0.22611272  3.33087609 -0.22611272  1.98473636  3.17734432 -0.22611272
  3.44072312 -0.22611272 -0.22611272 -0.22611272 -0.22611272 -0.22611272
 -0.22611272 -0.22611272 -0.22611272 -0.22611272 -0.22611272 -0.22611272
 -0.22611272 -0.22611272 -0.22611272 -0.22611272  4.43428354  2.09419098
 -0.22611272 -0.22611272  2.862452    2.84910501 -0.22611272  1.34375272
 -0.22611272 -0.22611272 -0.22611272 -0.22611272 -0.22611272 -0.22611272
  3.4913831  -0.22611272  6.41311937 -0.22611272  3.31010586 -0.22611272
 -0.22611272 -0.22611272 -0.22611272 -0.22611272 -0.22611272 -0.22611272
 -0.22611272  1.03112781 -0.22611272 -0.22611272  6.27769019  3.72246031
 -0.22611272 -0.22611272 -0.22611272 -0.22611272 -0.22611272 -0.22611272
 -0.22611272 -0.22611272 -0.22611272 -0.22611272 -0.22611272 -0.22611272
 -0.22611272 -0.22611272 -0.22611272 -0.22611272  4.69607874 -0.22611272
 -0.22611272 -0.22611272 -0.22611272 -0.22611272 -0.22611272  3.33418154
 -0.22611272  1.55998634 -0.22611272 -0.22611272 -0.22611272 -0.22611272
 -0.22611272 -0.22611272 -0.22611272 -0.22611272 -0.22611272 -0.22611272
 -0.22611272 -0.22611272 -0.22611272 -0.22611272 -0.22611272 -0.22611272
 -0.22611272 -0.22611272 -0.22611272 -0.22611272 -0.22611272 -0.22611272
 -0.22611272 -0.22611272 -0.22611272 -0.22611272 -0.22611272 -0.22611272
 -0.22611272 -0.22611272 -0.22611272 -0.22611272 -0.22611272 -0.22611272
 -0.22611272 -0.22611272 -0.22611272 -0.22611272 -0.22611272 -0.22611272
 -0.22611272 -0.22611272 -0.22611272 -0.22611272 -0.22611272 -0.22611272
 -0.22611272 -0.22611272 -0.22611272 -0.22611272 -0.22611272 -0.22611272
 -0.22611272 -0.22611272 -0.22611272 -0.22611272 -0.22611272 -0.22611272
 -0.22611272 -0.22611272 -0.22611272 -0.22611272 -0.22611272 -0.22611272
 -0.22611272 -0.22611272 -0.22611272 -0.22611272 -0.22611272 -0.22611272
 -0.22611272 -0.22611272 -0.22611272 -0.22611272 -0.22611272 -0.22611272
 -0.22611272 -0.22611272 -0.22611272 -0.22611272 -0.22611272 -0.22611272
 -0.22611272 -0.22611272 -0.22611272 -0.22611272 -0.22611272 -0.22611272
 -0.22611272 -0.22611272 -0.22611272 -0.22611272 -0.22611272 -0.22611272
 -0.22611272 -0.22611272 -0.22611272 -0.22611272 -0.22611272 -0.22611272
 -0.22611272 -0.22611272 -0.22611272 -0.22611272 -0.22611272 -0.22611272
 -0.22611272 -0.22611272 -0.22611272 -0.22611272 -0.22611272 -0.22611272
 -0.22611272 -0.22611272 -0.22611272 -0.22611272 -0.22611272 -0.22611272
 -0.22611272 -0.22611272 -0.22611272 -0.22611272 -0.22611272 -0.22611272
 -0.22611272 -0.22611272 -0.22611272 -0.22611272 -0.22611272 -0.22611272
 -0.22611272 -0.22611272 -0.22611272 -0.22611272 -0.22611272 -0.22611272
  1.15833704 -0.22611272 -0.22611272 -0.22611272 -0.22611272 -0.22611272
 -0.22611272 -0.22611272 -0.22611272 -0.22611272 -0.22611272 -0.22611272
 -0.22611272 -0.22611272  4.33537452 -0.22611272  5.5738949  -0.22611272
 -0.22611272 -0.22611272 -0.22611272 -0.22611272 -0.22611272 -0.22611272
 -0.22611272 -0.22611272 -0.22611272 -0.22611272 -0.22611272 -0.22611272
 -0.22611272 -0.22611272 -0.22611272 -0.22611272 -0.22611272 -0.22611272
 -0.22611272  5.81654086  6.92154504 -0.22611272 -0.22611272 -0.22611272
 -0.22611272 -0.22611272 -0.22611272 -0.22611272 -0.22611272  0.24368494
 -0.22611272 -0.22611272 -0.22611272 -0.22611272 -0.22611272 -0.22611272
 -0.22611272 -0.22611272 -0.22611272 -0.22611272 -0.22611272 -0.22611272
 -0.22611272 -0.22611272 -0.22611272 -0.22611272 -0.22611272 -0.22611272
 -0.22611272 -0.22611272  5.11571553 -0.22611272]",[0.012476973847643846]
24,"[-0.28463565 -0.28463565 -0.28463565 -0.28463565  1.05463628 -0.28463565
 -0.28463565 -0.28463565 -0.28463565 -0.28463565 -0.28463565 -0.28463565
 -0.28463565 -0.28463565 -0.28463565 -0.28463565 -0.28463565 -0.28463565
 -0.28463565 -0.28463565 -0.28463565 -0.28463565 -0.28463565 -0.28463565
 -0.28463565 -0.28463565 -0.28463565 -0.28463565 -0.28463565 -0.28463565
 -0.28463565 -0.28463565 -0.28463565 -0.28463565 -0.28463565 -0.28463565
 -0.28463565 -0.28463565 -0.28463565 -0.28463565 -0.28463565 -0.28463565
 -0.28463565 -0.28463565 -0.28463565 -0.28463565 -0.28463565 -0.28463565
 -0.28463565 -0.28463565 -0.28463565 -0.28463565 -0.28463565 -0.28463565
 -0.28463565 -0.28463565 -0.28463565 -0.28463565 -0.28463565 -0.28463565
 -0.28463565 -0.28463565 -0.28463565 -0.28463565 -0.28463565 -0.28463565
 -0.28463565 -0.28463565 -0.28463565 -0.28463565 -0.28463565 -0.28463565
 -0.28463565 -0.28463565 -0.28463565 -0.28463565 -0.28463565 -0.28463565
 -0.28463565 -0.28463565 -0.28463565 -0.28463565 -0.28463565  4.40922107
 -0.28463565 -0.28463565 -0.28463565 -0.28463565 -0.28463565  2.17333958
 -0.28463565 -0.28463565 -0.28463565 -0.28463565 -0.28463565 -0.28463565
 -0.28463565 -0.28463565 -0.28463565 -0.28463565 -0.28463565 -0.28463565
 -0.28463565 -0.28463565 -0.28463565 -0.28463565 -0.28463565 -0.28463565
 -0.28463565 -0.28463565  5.19767242 -0.28463565 -0.28463565 -0.28463565
 -0.28463565 -0.28463565 -0.28463565 -0.28463565 -0.28463565 -0.28463565
 -0.28463565 -0.28463565 -0.28463565  5.53398114  3.05250652 -0.28463565
 -0.28463565 -0.28463565 -0.28463565 -0.28463565 -0.28463565 -0.28463565
 -0.28463565 -0.28463565 -0.28463565 -0.28463565 -0.28463565 -0.28463565
 -0.28463565 -0.28463565 -0.28463565 -0.28463565 -0.28463565 -0.28463565
 -0.28463565 -0.28463565 -0.28463565 -0.28463565 -0.28463565 -0.28463565
 -0.28463565 -0.28463565 -0.28463565 -0.28463565 -0.28463565 -0.28463565
 -0.28463565 -0.28463565 -0.28463565 -0.28463565 -0.28463565 -0.28463565
 -0.28463565  1.84773481 -0.28463565 -0.28463565 -0.28463565 -0.28463565
 -0.28463565 -0.28463565 -0.28463565 -0.28463565 -0.28463565 -0.28463565
 -0.28463565 -0.28463565 -0.28463565 -0.28463565 -0.28463565 -0.28463565
 -0.28463565 -0.28463565 -0.28463565 -0.28463565 -0.28463565 -0.28463565
 -0.28463565 -0.28463565 -0.28463565 -0.28463565 -0.28463565 -0.28463565
 -0.28463565 -0.28463565 -0.28463565 -0.28463565 -0.28463565 -0.28463565
 -0.28463565 -0.28463565 -0.28463565 -0.28463565 -0.28463565 -0.28463565
 -0.28463565 -0.28463565 -0.28463565 -0.28463565 -0.28463565 -0.28463565
  2.41651763  2.57469205  0.36856474 -0.28463565 -0.28463565  2.68089712
 -0.28463565 -0.28463565 -0.28463565 -0.28463565 -0.28463565 -0.28463565
 -0.28463565 -0.28463565 -0.28463565 -0.28463565 -0.28463565 -0.28463565
 -0.28463565 -0.28463565 -0.28463565 -0.28463565 -0.28463565 -0.28463565
 -0.28463565  3.11740568 -0.28463565  2.94945989  2.85612166 -0.28463565
  2.26891127  0.9020374   3.77592023  3.29744374 -0.28463565 -0.28463565
 -0.28463565 -0.28463565 -0.28463565 -0.28463565 -0.28463565  3.11084485
 -0.28463565 -0.28463565 -0.28463565  4.36313982  2.61065813 -0.28463565
 -0.28463565 -0.28463565  4.15897422  3.04630966 -0.28463565  2.50830002
 -0.28463565 -0.28463565 -0.28463565 -0.28463565  2.54859813 -0.28463565
  1.52729818 -0.28463565  3.78105032 -0.28463565  2.51199697  4.39858041
 -0.28463565  1.05027612 -0.28463565  0.46737237  4.0644676  -0.28463565
  1.51939927  0.75987988 -0.28463565 -0.28463565  4.56478682  2.99297195
 -0.28463565 -0.28463565 -0.28463565  1.88905194 -0.28463565  1.54848213
 -0.28463565 -0.28463565 -0.28463565 -0.28463565 -0.28463565 -0.28463565
 -0.28463565 -0.28463565 -0.28463565 -0.28463565  5.04133475 -0.28463565
 -0.28463565 -0.28463565 -0.28463565 -0.28463565 -0.28463565  2.43818307
 -0.28463565 -0.28463565 -0.28463565 -0.28463565 -0.28463565 -0.28463565
 -0.28463565 -0.28463565 -0.28463565 -0.28463565 -0.28463565 -0.28463565
 -0.28463565 -0.28463565 -0.28463565 -0.28463565 -0.28463565 -0.28463565
 -0.28463565 -0.28463565 -0.28463565 -0.28463565 -0.28463565 -0.28463565
 -0.28463565 -0.28463565 -0.28463565 -0.28463565 -0.28463565 -0.28463565
 -0.28463565 -0.28463565 -0.28463565 -0.28463565 -0.28463565 -0.28463565
 -0.28463565 -0.28463565 -0.28463565 -0.28463565 -0.28463565 -0.28463565
 -0.28463565 -0.28463565 -0.28463565 -0.28463565 -0.28463565 -0.28463565
 -0.28463565 -0.28463565 -0.28463565 -0.28463565 -0.28463565 -0.28463565
 -0.28463565 -0.28463565 -0.28463565 -0.28463565 -0.28463565 -0.28463565
 -0.28463565 -0.28463565 -0.28463565 -0.28463565 -0.28463565 -0.28463565
 -0.28463565 -0.28463565 -0.28463565 -0.28463565 -0.28463565 -0.28463565
 -0.28463565 -0.28463565 -0.28463565 -0.28463565  3.69750193 -0.28463565
 -0.28463565 -0.28463565 -0.28463565 -0.28463565 -0.28463565 -0.28463565
 -0.28463565 -0.28463565 -0.28463565 -0.28463565 -0.28463565 -0.28463565
 -0.28463565 -0.28463565 -0.28463565 -0.28463565 -0.28463565 -0.28463565
 -0.28463565 -0.28463565 -0.28463565 -0.28463565 -0.28463565 -0.28463565
 -0.28463565 -0.28463565 -0.28463565 -0.28463565 -0.28463565 -0.28463565
 -0.28463565 -0.28463565 -0.28463565 -0.28463565  5.43044219 -0.28463565
 -0.28463565 -0.28463565 -0.28463565 -0.28463565 -0.28463565 -0.28463565
 -0.28463565 -0.28463565 -0.28463565 -0.28463565 -0.28463565 -0.28463565
 -0.28463565 -0.28463565 -0.28463565 -0.28463565 -0.28463565 -0.28463565
  3.50611122 -0.28463565 -0.28463565 -0.28463565 -0.28463565 -0.28463565
 -0.28463565 -0.28463565 -0.28463565 -0.28463565 -0.28463565 -0.28463565
 -0.28463565 -0.28463565 -0.28463565 -0.28463565 -0.28463565 -0.28463565
 -0.28463565 -0.28463565  1.57199461 -0.28463565 -0.28463565 -0.28463565
 -0.28463565 -0.28463565 -0.28463565 -0.28463565 -0.28463565 -0.28463565
 -0.28463565 -0.28463565 -0.28463565 -0.28463565 -0.28463565 -0.28463565
 -0.28463565 -0.28463565 -0.28463565 -0.28463565 -0.28463565 -0.28463565
 -0.28463565  3.66871928 -0.28463565 -0.28463565 -0.28463565 -0.28463565
 -0.28463565 -0.28463565 -0.28463565 -0.28463565 -0.28463565 -0.28463565
 -0.28463565 -0.28463565 -0.28463565 -0.28463565 -0.28463565 -0.28463565
 -0.28463565 -0.28463565 -0.28463565 -0.28463565 -0.28463565 -0.28463565
 -0.28463565 -0.28463565 -0.28463565 -0.28463565 -0.28463565 -0.28463565
 -0.28463565 -0.28463565  5.66351043 -0.28463565]",[-0.004573724462275608]
25,"[-0.21363574 -0.21363574 -0.21363574 -0.21363574 -0.21363574 -0.21363574
 -0.21363574 -0.21363574 -0.21363574 -0.21363574 -0.21363574 -0.21363574
 -0.21363574 -0.21363574 -0.21363574 -0.21363574 -0.21363574 -0.21363574
 -0.21363574 -0.21363574 -0.21363574 -0.21363574 -0.21363574 -0.21363574
 -0.21363574 -0.21363574 -0.21363574 -0.21363574 -0.21363574 -0.21363574
 -0.21363574 -0.21363574 -0.21363574 -0.21363574 -0.21363574 -0.21363574
 -0.21363574 -0.21363574 -0.21363574 -0.21363574 -0.21363574 -0.21363574
 -0.21363574 -0.21363574 -0.21363574 -0.21363574 -0.21363574 -0.21363574
 -0.21363574 -0.21363574 -0.21363574 -0.21363574 -0.21363574 -0.21363574
 -0.21363574 -0.21363574 -0.21363574 -0.21363574 -0.21363574 -0.21363574
 -0.21363574 -0.21363574 -0.21363574 -0.21363574 -0.21363574 -0.21363574
 -0.21363574 -0.21363574 -0.21363574 -0.21363574 -0.21363574 -0.21363574
 -0.21363574 -0.21363574 -0.21363574 -0.21363574 -0.21363574 -0.21363574
 -0.21363574 -0.21363574 -0.21363574 -0.21363574 -0.21363574  8.55463734
 -0.21363574 -0.21363574 -0.21363574 -0.21363574 -0.21363574 -0.21363574
 -0.21363574 -0.21363574  3.1466785  -0.21363574 -0.21363574 -0.21363574
 -0.21363574 -0.21363574 -0.21363574 -0.21363574 -0.21363574 -0.21363574
 -0.21363574 -0.21363574 -0.21363574 -0.21363574 -0.21363574 -0.21363574
 -0.21363574 -0.21363574 -0.21363574 -0.21363574 -0.21363574 -0.21363574
 -0.21363574 -0.21363574 -0.21363574 -0.21363574 -0.21363574 -0.21363574
 -0.21363574 -0.21363574 -0.21363574  4.50503131 -0.21363574 -0.21363574
 -0.21363574 -0.21363574 -0.21363574 -0.21363574 -0.21363574 -0.21363574
 -0.21363574 -0.21363574 -0.21363574 -0.21363574 -0.21363574 -0.21363574
 -0.21363574 -0.21363574 -0.21363574 -0.21363574 -0.21363574 -0.21363574
 -0.21363574 -0.21363574 -0.21363574 -0.21363574 -0.21363574 -0.21363574
 -0.21363574 -0.21363574 -0.21363574 -0.21363574 -0.21363574 -0.21363574
 -0.21363574 -0.21363574 -0.21363574 -0.21363574 -0.21363574 -0.21363574
 -0.21363574 -0.21363574 -0.21363574 -0.21363574 -0.21363574 -0.21363574
 -0.21363574 -0.21363574 -0.21363574 -0.21363574 -0.21363574 -0.21363574
 -0.21363574 -0.21363574 -0.21363574 -0.21363574 -0.21363574 -0.21363574
 -0.21363574 -0.21363574 -0.21363574 -0.21363574 -0.21363574 -0.21363574
 -0.21363574 -0.21363574 -0.21363574 -0.21363574 -0.21363574 -0.21363574
 -0.21363574 -0.21363574 -0.21363574 -0.21363574 -0.21363574 -0.21363574
 -0.21363574 -0.21363574 -0.21363574 -0.21363574 -0.21363574  2.22765922
 -0.21363574 -0.21363574 -0.21363574 -0.21363574 -0.21363574 -0.21363574
  5.24545077 -0.21363574 -0.21363574 -0.21363574 -0.21363574  3.270154
 -0.21363574 -0.21363574 -0.21363574 -0.21363574 -0.21363574 -0.21363574
 -0.21363574 -0.21363574 -0.21363574 -0.21363574 -0.21363574 -0.21363574
 -0.21363574 -0.21363574 -0.21363574 -0.21363574 -0.21363574 -0.21363574
 -0.21363574  2.72188488 -0.21363574  1.63120189  3.45008883 -0.21363574
  3.72290532 -0.21363574 -0.21363574 -0.21363574 -0.21363574 -0.21363574
 -0.21363574 -0.21363574 -0.21363574 -0.21363574 -0.21363574 -0.21363574
 -0.21363574 -0.21363574 -0.21363574  3.46283676 -0.21363574 -0.21363574
 -0.21363574 -0.21363574 -0.21363574  3.33505074 -0.21363574  0.77580751
 -0.21363574 -0.21363574 -0.21363574 -0.21363574 -0.21363574 -0.21363574
 -0.21363574 -0.21363574  6.67222482 -0.21363574  4.01089893 -0.21363574
 -0.21363574 -0.21363574 -0.21363574 -0.21363574 -0.21363574 -0.21363574
  3.5526857   2.41872459 -0.21363574 -0.21363574  7.24478722  4.90580133
 -0.21363574 -0.21363574 -0.21363574 -0.21363574 -0.21363574 -0.21363574
 -0.21363574 -0.21363574 -0.21363574 -0.21363574 -0.21363574 -0.21363574
 -0.21363574 -0.21363574 -0.21363574 -0.21363574  1.98342631 -0.21363574
 -0.21363574 -0.21363574 -0.21363574 -0.21363574 -0.21363574  3.97977293
 -0.21363574  1.41821889 -0.21363574 -0.21363574 -0.21363574 -0.21363574
 -0.21363574 -0.21363574 -0.21363574 -0.21363574 -0.21363574 -0.21363574
 -0.21363574 -0.21363574 -0.21363574 -0.21363574 -0.21363574 -0.21363574
 -0.21363574 -0.21363574 -0.21363574 -0.21363574 -0.21363574 -0.21363574
 -0.21363574 -0.21363574 -0.21363574 -0.21363574 -0.21363574 -0.21363574
 -0.21363574 -0.21363574 -0.21363574 -0.21363574 -0.21363574 -0.21363574
 -0.21363574 -0.21363574 -0.21363574 -0.21363574 -0.21363574 -0.21363574
 -0.21363574 -0.21363574 -0.21363574 -0.21363574 -0.21363574 -0.21363574
 -0.21363574 -0.21363574 -0.21363574 -0.21363574 -0.21363574 -0.21363574
 -0.21363574 -0.21363574 -0.21363574 -0.21363574 -0.21363574 -0.21363574
 -0.21363574 -0.21363574 -0.21363574 -0.21363574 -0.21363574 -0.21363574
 -0.21363574 -0.21363574 -0.21363574 -0.21363574 -0.21363574 -0.21363574
 -0.21363574 -0.21363574 -0.21363574 -0.21363574 -0.21363574 -0.21363574
 -0.21363574 -0.21363574 -0.21363574 -0.21363574 -0.21363574 -0.21363574
 -0.21363574 -0.21363574 -0.21363574 -0.21363574 -0.21363574 -0.21363574
 -0.21363574 -0.21363574 -0.21363574 -0.21363574 -0.21363574 -0.21363574
 -0.21363574 -0.21363574 -0.21363574 -0.21363574 -0.21363574 -0.21363574
 -0.21363574 -0.21363574 -0.21363574 -0.21363574 -0.21363574 -0.21363574
 -0.21363574 -0.21363574 -0.21363574 -0.21363574 -0.21363574  2.47600014
 -0.21363574 -0.21363574 -0.21363574 -0.21363574 -0.21363574 -0.21363574
 -0.21363574 -0.21363574 -0.21363574 -0.21363574 -0.21363574 -0.21363574
 -0.21363574 -0.21363574 -0.21363574 -0.21363574 -0.21363574 -0.21363574
 -0.21363574 -0.21363574 -0.21363574 -0.21363574 -0.21363574 -0.21363574
 -0.21363574 -0.21363574 -0.21363574 -0.21363574 -0.21363574 -0.21363574
 -0.21363574 -0.21363574 -0.21363574 -0.21363574 -0.21363574 -0.21363574
 -0.21363574 -0.21363574  4.91382522 -0.21363574 -0.21363574 -0.21363574
 -0.21363574 -0.21363574 -0.21363574 -0.21363574 -0.21363574 -0.21363574
 -0.21363574 -0.21363574 -0.21363574 -0.21363574 -0.21363574 -0.21363574
 -0.21363574 -0.21363574 -0.21363574 -0.21363574 -0.21363574 -0.21363574
 -0.21363574  4.8022791   4.63979312 -0.21363574 -0.21363574 -0.21363574
 -0.21363574 -0.21363574 -0.21363574 -0.21363574 -0.21363574 -0.21363574
 -0.21363574 -0.21363574 -0.21363574 -0.21363574 -0.21363574 -0.21363574
 -0.21363574 -0.21363574 -0.21363574 -0.21363574 -0.21363574 -0.21363574
 -0.21363574 -0.21363574 -0.21363574 -0.21363574 -0.21363574 -0.21363574
 -0.21363574 -0.21363574  6.25459589 -0.21363574]",[-0.0449771442063818]
25,"[-0.28920938 -0.28920938 -0.28920938 -0.28920938  1.01164777 -0.28920938
 -0.28920938 -0.28920938 -0.28920938 -0.28920938 -0.28920938 -0.28920938
 -0.28920938 -0.28920938 -0.28920938 -0.28920938 -0.28920938 -0.28920938
 -0.28920938 -0.28920938 -0.28920938 -0.28920938 -0.28920938 -0.28920938
 -0.28920938 -0.28920938 -0.28920938  0.07845201 -0.28920938 -0.28920938
 -0.28920938 -0.28920938 -0.28920938 -0.28920938 -0.28920938 -0.28920938
 -0.28920938 -0.28920938 -0.28920938 -0.28920938 -0.28920938 -0.28920938
 -0.28920938 -0.28920938 -0.28920938 -0.28920938 -0.28920938 -0.28920938
 -0.28920938 -0.28920938 -0.28920938 -0.28920938 -0.28920938 -0.28920938
 -0.28920938 -0.28920938 -0.28920938 -0.28920938 -0.28920938 -0.28920938
 -0.28920938 -0.28920938 -0.28920938 -0.28920938 -0.28920938 -0.28920938
 -0.28920938 -0.28920938 -0.28920938 -0.28920938 -0.28920938 -0.28920938
 -0.28920938 -0.28920938 -0.28920938 -0.28920938 -0.28920938 -0.28920938
 -0.28920938 -0.28920938 -0.28920938 -0.28920938 -0.28920938  4.0885509
 -0.28920938 -0.28920938 -0.28920938 -0.28920938 -0.28920938  1.14016929
 -0.28920938 -0.28920938 -0.28920938 -0.28920938 -0.28920938 -0.28920938
 -0.28920938 -0.28920938 -0.28920938 -0.28920938 -0.28920938 -0.28920938
 -0.28920938 -0.28920938 -0.28920938 -0.28920938 -0.28920938 -0.28920938
 -0.28920938 -0.28920938  4.9724405  -0.28920938 -0.28920938 -0.28920938
 -0.28920938 -0.28920938 -0.28920938 -0.28920938 -0.28920938 -0.28920938
 -0.28920938 -0.28920938 -0.28920938  6.06284678  2.96574785 -0.28920938
 -0.28920938 -0.28920938 -0.28920938 -0.28920938 -0.28920938 -0.28920938
 -0.28920938 -0.28920938 -0.28920938 -0.28920938 -0.28920938 -0.28920938
 -0.28920938 -0.28920938 -0.28920938 -0.28920938 -0.28920938 -0.28920938
 -0.28920938 -0.28920938 -0.28920938 -0.28920938 -0.28920938 -0.28920938
 -0.28920938 -0.28920938 -0.28920938 -0.28920938 -0.28920938 -0.28920938
 -0.28920938 -0.28920938 -0.28920938 -0.28920938 -0.28920938 -0.28920938
 -0.28920938  1.41094044 -0.28920938 -0.28920938 -0.28920938 -0.28920938
 -0.28920938 -0.28920938 -0.28920938 -0.28920938 -0.28920938 -0.28920938
 -0.28920938 -0.28920938 -0.28920938 -0.28920938 -0.28920938 -0.28920938
 -0.28920938 -0.28920938 -0.28920938 -0.28920938 -0.28920938 -0.28920938
 -0.28920938 -0.28920938 -0.28920938 -0.28920938 -0.28920938 -0.28920938
 -0.28920938 -0.28920938 -0.28920938 -0.28920938 -0.28920938 -0.28920938
 -0.28920938 -0.28920938 -0.28920938 -0.28920938 -0.28920938 -0.28920938
 -0.28920938 -0.28920938 -0.28920938 -0.28920938 -0.28920938  1.01307815
  4.12767404  2.33742392  0.30026736 -0.28920938  0.95890753  3.72169812
 -0.28920938 -0.28920938 -0.28920938 -0.28920938 -0.28920938 -0.28920938
 -0.28920938 -0.28920938 -0.28920938 -0.28920938 -0.28920938 -0.28920938
 -0.28920938 -0.28920938 -0.28920938 -0.28920938 -0.28920938 -0.28920938
 -0.28920938  3.36629003 -0.28920938  3.127969    2.98782249 -0.28920938
  2.24064763  0.41887986  4.43670089  3.05577654 -0.28920938 -0.28920938
 -0.28920938 -0.28920938 -0.28920938 -0.28920938 -0.28920938  3.41317708
 -0.28920938 -0.28920938 -0.28920938  4.8882133   2.17319016 -0.28920938
 -0.28920938 -0.28920938  4.08464963  2.63789882 -0.28920938  2.20350446
 -0.28920938 -0.28920938 -0.28920938  1.40198751  1.57952035 -0.28920938
  1.16578999 -0.28920938  4.81374044 -0.28920938 -0.28920938  4.70774427
 -0.28920938  1.16578999 -0.28920938  0.34157246  3.88315887 -0.28920938
  1.84041632 -0.28920938 -0.28920938 -0.28920938  4.46856291  2.33427268
 -0.28920938 -0.28920938 -0.28920938  1.09461454 -0.28920938  1.84041632
 -0.28920938 -0.28920938 -0.28920938 -0.28920938 -0.28920938 -0.28920938
 -0.28920938 -0.28920938 -0.28920938 -0.28920938  4.1355224  -0.28920938
 -0.28920938 -0.28920938 -0.28920938 -0.28920938 -0.28920938 -0.28920938
 -0.28920938 -0.28920938 -0.28920938 -0.28920938 -0.28920938 -0.28920938
 -0.28920938 -0.28920938 -0.28920938 -0.28920938 -0.28920938 -0.28920938
 -0.28920938 -0.28920938 -0.28920938 -0.28920938 -0.28920938 -0.28920938
 -0.28920938 -0.28920938 -0.28920938 -0.28920938 -0.28920938 -0.28920938
 -0.28920938 -0.28920938 -0.28920938 -0.28920938 -0.28920938 -0.28920938
 -0.28920938 -0.28920938 -0.28920938 -0.28920938 -0.28920938 -0.28920938
 -0.28920938 -0.28920938 -0.28920938 -0.28920938 -0.28920938 -0.28920938
 -0.28920938 -0.28920938 -0.28920938 -0.28920938 -0.28920938 -0.28920938
 -0.28920938 -0.28920938 -0.28920938 -0.28920938 -0.28920938 -0.28920938
 -0.28920938 -0.28920938 -0.28920938 -0.28920938 -0.28920938 -0.28920938
 -0.28920938 -0.28920938 -0.28920938 -0.28920938 -0.28920938 -0.28920938
 -0.28920938 -0.28920938 -0.28920938 -0.28920938 -0.28920938 -0.28920938
 -0.28920938 -0.28920938 -0.28920938 -0.28920938  2.60438077 -0.28920938
 -0.28920938 -0.28920938 -0.28920938 -0.28920938 -0.28920938 -0.28920938
 -0.28920938 -0.28920938 -0.28920938 -0.28920938 -0.28920938 -0.28920938
 -0.28920938 -0.28920938 -0.28920938 -0.28920938 -0.28920938 -0.28920938
 -0.28920938 -0.28920938 -0.28920938 -0.28920938 -0.28920938 -0.28920938
 -0.28920938 -0.28920938 -0.28920938 -0.28920938 -0.28920938 -0.28920938
 -0.28920938 -0.28920938 -0.28920938 -0.28920938  5.24072042 -0.28920938
 -0.28920938 -0.28920938 -0.28920938 -0.28920938 -0.28920938 -0.28920938
 -0.28920938  1.01307815 -0.28920938 -0.28920938 -0.28920938 -0.28920938
 -0.28920938 -0.28920938 -0.28920938 -0.28920938 -0.28920938 -0.28920938
  3.23689779 -0.28920938 -0.28920938 -0.28920938 -0.28920938 -0.28920938
 -0.28920938 -0.28920938 -0.28920938 -0.28920938 -0.28920938 -0.28920938
 -0.28920938 -0.28920938 -0.28920938 -0.28920938 -0.28920938 -0.28920938
 -0.28920938 -0.28920938 -0.28920938 -0.28920938 -0.28920938 -0.28920938
  3.49657423 -0.28920938 -0.28920938 -0.28920938 -0.28920938 -0.28920938
 -0.28920938 -0.28920938 -0.28920938 -0.28920938 -0.28920938 -0.28920938
 -0.28920938 -0.28920938 -0.28920938 -0.28920938 -0.28920938 -0.28920938
 -0.28920938  4.19160755 -0.28920938 -0.28920938 -0.28920938 -0.28920938
 -0.28920938  2.60438077 -0.28920938 -0.28920938 -0.28920938 -0.28920938
 -0.28920938 -0.28920938 -0.28920938 -0.28920938 -0.28920938 -0.28920938
 -0.28920938  1.75576917 -0.28920938 -0.28920938 -0.28920938 -0.28920938
 -0.28920938 -0.28920938 -0.28920938 -0.28920938 -0.28920938 -0.28920938
 -0.28920938 -0.28920938  3.78732495 -0.28920938]",[-0.0036266159187110514]
26,"[-0.25861289 -0.25861289 -0.25861289 -0.25861289 -0.25861289 -0.25861289
 -0.25861289 -0.25861289 -0.25861289 -0.25861289 -0.25861289 -0.25861289
 -0.25861289 -0.25861289 -0.25861289 -0.25861289 -0.25861289 -0.25861289
 -0.25861289 -0.25861289 -0.25861289 -0.25861289 -0.25861289 -0.25861289
 -0.25861289 -0.25861289 -0.25861289 -0.25861289 -0.25861289 -0.25861289
 -0.25861289 -0.25861289 -0.25861289 -0.25861289 -0.25861289 -0.25861289
 -0.25861289 -0.25861289 -0.25861289 -0.25861289 -0.25861289 -0.25861289
 -0.25861289 -0.25861289 -0.25861289 -0.25861289 -0.25861289 -0.25861289
 -0.25861289 -0.25861289 -0.25861289 -0.25861289 -0.25861289 -0.25861289
 -0.25861289 -0.25861289 -0.25861289 -0.25861289 -0.25861289 -0.25861289
 -0.25861289 -0.25861289 -0.25861289 -0.25861289 -0.25861289 -0.25861289
 -0.25861289 -0.25861289 -0.25861289 -0.25861289 -0.25861289 -0.25861289
 -0.25861289 -0.25861289 -0.25861289 -0.25861289 -0.25861289 -0.25861289
 -0.25861289 -0.25861289 -0.25861289 -0.25861289 -0.25861289  6.49941959
 -0.25861289 -0.25861289 -0.25861289 -0.25861289 -0.25861289 -0.25861289
 -0.25861289 -0.25861289  0.79125994 -0.25861289 -0.25861289 -0.25861289
 -0.25861289 -0.25861289 -0.25861289 -0.25861289 -0.25861289 -0.25861289
 -0.25861289 -0.25861289 -0.25861289 -0.25861289 -0.25861289 -0.25861289
 -0.25861289 -0.25861289 -0.25861289 -0.25861289 -0.25861289 -0.25861289
  4.87684212 -0.25861289 -0.25861289 -0.25861289 -0.25861289 -0.25861289
 -0.25861289 -0.25861289 -0.25861289  1.11716805 -0.25861289 -0.25861289
 -0.25861289 -0.25861289 -0.25861289 -0.25861289 -0.25861289 -0.25861289
 -0.25861289  1.45022533 -0.25861289 -0.25861289 -0.25861289 -0.25861289
 -0.25861289 -0.25861289 -0.25861289 -0.25861289 -0.25861289 -0.25861289
 -0.25861289 -0.25861289 -0.25861289 -0.25861289 -0.25861289 -0.25861289
 -0.25861289 -0.25861289 -0.25861289 -0.25861289 -0.25861289 -0.25861289
 -0.25861289 -0.25861289 -0.25861289 -0.25861289 -0.25861289 -0.25861289
 -0.25861289  0.04428391 -0.25861289 -0.25861289 -0.25861289 -0.25861289
 -0.25861289 -0.25861289 -0.25861289 -0.25861289 -0.25861289  0.95319637
 -0.25861289 -0.25861289 -0.25861289 -0.25861289 -0.25861289 -0.25861289
 -0.25861289 -0.25861289 -0.25861289 -0.25861289 -0.25861289 -0.25861289
 -0.25861289 -0.25861289 -0.25861289 -0.25861289 -0.25861289 -0.25861289
 -0.25861289 -0.25861289  2.47240657 -0.25861289 -0.25861289 -0.25861289
 -0.25861289 -0.25861289 -0.25861289 -0.25861289 -0.25861289 -0.25861289
 -0.25861289 -0.25861289  1.13488466 -0.25861289  1.40577176 -0.25861289
  3.34593538 -0.25861289 -0.25861289 -0.25861289 -0.25861289  2.47053207
 -0.25861289 -0.25861289 -0.25861289 -0.25861289 -0.25861289 -0.25861289
 -0.25861289 -0.25861289 -0.25861289 -0.25861289 -0.25861289 -0.25861289
 -0.25861289 -0.25861289 -0.25861289 -0.25861289 -0.25861289 -0.25861289
 -0.25861289  2.88917598 -0.25861289  1.64680782  2.45434011 -0.25861289
  4.16785476  1.55275774 -0.25861289  0.97561077 -0.25861289 -0.25861289
 -0.25861289 -0.25861289 -0.25861289 -0.25861289 -0.25861289 -0.25861289
 -0.25861289 -0.25861289  1.81215034  5.62379383 -0.25861289 -0.25861289
 -0.25861289 -0.25861289  3.35593842  3.01726738 -0.25861289  1.70680663
 -0.25861289 -0.25861289 -0.25861289 -0.25861289 -0.25861289 -0.25861289
 -0.25861289 -0.25861289  5.51790387 -0.25861289  3.48987538 -0.25861289
 -0.25861289  1.08595496 -0.25861289 -0.25861289 -0.25861289 -0.25861289
  1.45022533  2.16858797 -0.25861289 -0.25861289  6.01696049  4.45091014
 -0.25861289 -0.25861289 -0.25861289 -0.25861289 -0.25861289  1.60629211
 -0.25861289 -0.25861289 -0.25861289 -0.25861289 -0.25861289 -0.25861289
 -0.25861289 -0.25861289 -0.25861289 -0.25861289 -0.25861289 -0.25861289
 -0.25861289 -0.25861289 -0.25861289 -0.25861289 -0.25861289  4.16192729
 -0.25861289  1.71601257 -0.25861289 -0.25861289 -0.25861289 -0.25861289
 -0.25861289 -0.25861289 -0.25861289 -0.25861289 -0.25861289 -0.25861289
 -0.25861289 -0.25861289 -0.25861289 -0.25861289 -0.25861289 -0.25861289
 -0.25861289 -0.25861289 -0.25861289 -0.25861289 -0.25861289 -0.25861289
 -0.25861289 -0.25861289 -0.25861289 -0.25861289 -0.25861289 -0.25861289
 -0.25861289 -0.25861289 -0.25861289 -0.25861289 -0.25861289 -0.25861289
 -0.25861289 -0.25861289 -0.25861289 -0.25861289 -0.25861289 -0.25861289
 -0.25861289 -0.25861289 -0.25861289 -0.25861289 -0.25861289 -0.25861289
 -0.25861289 -0.25861289 -0.25861289 -0.25861289 -0.25861289 -0.25861289
 -0.25861289 -0.25861289 -0.25861289 -0.25861289 -0.25861289 -0.25861289
 -0.25861289 -0.25861289 -0.25861289 -0.25861289 -0.25861289 -0.25861289
 -0.25861289 -0.25861289 -0.25861289 -0.25861289 -0.25861289 -0.25861289
 -0.25861289 -0.25861289 -0.25861289 -0.25861289 -0.25861289 -0.25861289
 -0.25861289 -0.25861289 -0.25861289 -0.25861289 -0.25861289 -0.25861289
 -0.25861289 -0.25861289 -0.25861289 -0.25861289 -0.25861289 -0.25861289
 -0.25861289 -0.25861289 -0.25861289 -0.25861289 -0.25861289 -0.25861289
 -0.25861289 -0.25861289 -0.25861289 -0.25861289 -0.25861289 -0.25861289
 -0.25861289 -0.25861289 -0.25861289 -0.25861289 -0.25861289 -0.25861289
 -0.25861289 -0.25861289 -0.25861289 -0.25861289 -0.25861289  5.07601446
 -0.25861289 -0.25861289 -0.25861289 -0.25861289 -0.25861289 -0.25861289
 -0.25861289  1.97476642 -0.25861289 -0.25861289 -0.25861289 -0.25861289
 -0.25861289 -0.25861289 -0.25861289 -0.25861289 -0.25861289 -0.25861289
 -0.25861289 -0.25861289 -0.25861289 -0.25861289 -0.25861289 -0.25861289
  0.54718253 -0.25861289 -0.25861289 -0.25861289 -0.25861289 -0.25861289
 -0.25861289 -0.25861289 -0.25861289 -0.25861289 -0.25861289 -0.25861289
 -0.25861289 -0.25861289  3.65622587 -0.25861289 -0.25861289 -0.25861289
  3.69332634 -0.25861289 -0.25861289 -0.25861289 -0.25861289 -0.25861289
 -0.25861289 -0.25861289 -0.25861289 -0.25861289 -0.25861289 -0.25861289
 -0.25861289 -0.25861289 -0.25861289 -0.25861289 -0.25861289  4.9411536
 -0.25861289  6.02031545  3.64345504 -0.25861289 -0.25861289 -0.25861289
 -0.25861289 -0.25861289 -0.25861289 -0.25861289 -0.25861289  0.56270651
 -0.25861289 -0.25861289 -0.25861289 -0.25861289 -0.25861289 -0.25861289
 -0.25861289 -0.25861289 -0.25861289 -0.25861289 -0.25861289 -0.25861289
 -0.25861289 -0.25861289 -0.25861289 -0.25861289 -0.25861289 -0.25861289
 -0.25861289 -0.25861289  5.81412133 -0.25861289]",[-0.0061463477546369605]
27,"[-0.26475923 -0.26475923 -0.26475923 -0.26475923 -0.26475923 -0.26475923
 -0.26475923 -0.26475923 -0.26475923 -0.26475923 -0.26475923 -0.26475923
 -0.26475923 -0.26475923 -0.26475923 -0.26475923 -0.26475923 -0.26475923
 -0.26475923 -0.26475923 -0.26475923 -0.26475923 -0.26475923 -0.26475923
 -0.26475923 -0.26475923 -0.26475923  0.44381581 -0.26475923 -0.26475923
 -0.26475923 -0.26475923 -0.26475923 -0.26475923 -0.26475923 -0.26475923
 -0.26475923 -0.26475923 -0.26475923 -0.26475923 -0.26475923 -0.26475923
 -0.26475923 -0.26475923 -0.26475923 -0.26475923 -0.26475923 -0.26475923
 -0.26475923 -0.26475923 -0.26475923 -0.26475923 -0.26475923 -0.26475923
 -0.26475923 -0.26475923 -0.26475923 -0.26475923 -0.26475923 -0.26475923
 -0.26475923 -0.26475923 -0.26475923 -0.26475923 -0.26475923 -0.26475923
 -0.26475923 -0.26475923 -0.26475923 -0.26475923 -0.26475923 -0.26475923
 -0.26475923 -0.26475923 -0.26475923 -0.26475923 -0.26475923 -0.26475923
 -0.26475923 -0.26475923 -0.26475923 -0.26475923 -0.26475923  6.43466849
 -0.26475923 -0.26475923 -0.26475923 -0.26475923 -0.26475923 -0.26475923
 -0.26475923 -0.26475923  1.3706019  -0.26475923 -0.26475923 -0.26475923
 -0.26475923 -0.26475923 -0.26475923 -0.26475923 -0.26475923 -0.26475923
 -0.26475923 -0.26475923 -0.26475923 -0.26475923 -0.26475923 -0.26475923
 -0.26475923 -0.26475923  6.06351204 -0.26475923 -0.26475923 -0.26475923
  3.50919834 -0.26475923 -0.26475923 -0.26475923  1.18352197 -0.26475923
 -0.26475923 -0.26475923 -0.26475923  3.02328204  4.57576612 -0.26475923
 -0.26475923 -0.26475923 -0.26475923 -0.26475923 -0.26475923 -0.26475923
 -0.26475923 -0.26475923 -0.26475923 -0.26475923 -0.26475923 -0.26475923
 -0.26475923 -0.26475923 -0.26475923 -0.26475923 -0.26475923 -0.26475923
 -0.26475923 -0.26475923 -0.26475923 -0.26475923 -0.26475923 -0.26475923
 -0.26475923 -0.26475923 -0.26475923 -0.26475923 -0.26475923 -0.26475923
 -0.26475923 -0.26475923 -0.26475923 -0.26475923 -0.26475923 -0.26475923
 -0.26475923  0.87927769 -0.26475923 -0.26475923 -0.26475923 -0.26475923
 -0.26475923 -0.26475923 -0.26475923 -0.26475923 -0.26475923 -0.26475923
 -0.26475923 -0.26475923 -0.26475923 -0.26475923 -0.26475923 -0.26475923
 -0.26475923 -0.26475923 -0.26475923 -0.26475923 -0.26475923 -0.26475923
 -0.26475923 -0.26475923 -0.26475923 -0.26475923 -0.26475923 -0.26475923
 -0.26475923 -0.26475923  1.97043341 -0.26475923 -0.26475923 -0.26475923
 -0.26475923 -0.26475923 -0.26475923 -0.26475923 -0.26475923 -0.26475923
 -0.26475923 -0.26475923 -0.26475923 -0.26475923 -0.26475923 -0.26475923
  4.61044292 -0.26475923  1.24767619 -0.26475923 -0.26475923  1.20179502
 -0.26475923 -0.26475923 -0.26475923 -0.26475923 -0.26475923 -0.26475923
 -0.26475923 -0.26475923 -0.26475923 -0.26475923 -0.26475923 -0.26475923
 -0.26475923 -0.26475923 -0.26475923  0.89455925 -0.26475923 -0.26475923
 -0.26475923  3.3619285  -0.26475923  3.10193377  3.0304328  -0.26475923
  3.92602938  1.77529932  2.90520394 -0.26475923 -0.26475923 -0.26475923
 -0.26475923 -0.26475923 -0.26475923 -0.26475923 -0.26475923 -0.26475923
 -0.26475923 -0.26475923 -0.26475923  4.99757925  4.0256076  -0.26475923
 -0.26475923 -0.26475923 -0.26475923  2.59694152 -0.26475923  1.58469058
 -0.26475923 -0.26475923 -0.26475923  1.67508554  0.7862204  -0.26475923
 -0.26475923 -0.26475923  5.40289959 -0.26475923  3.59799648 -0.26475923
 -0.26475923  2.10977207 -0.26475923  1.08113497 -0.26475923 -0.26475923
  2.65619267  0.92579183 -0.26475923 -0.26475923  5.15229467  4.43581614
 -0.26475923 -0.26475923 -0.26475923 -0.26475923 -0.26475923 -0.26475923
 -0.26475923 -0.26475923  4.48050558 -0.26475923 -0.26475923 -0.26475923
 -0.26475923 -0.26475923 -0.26475923 -0.26475923 -0.26475923 -0.26475923
  3.64385207 -0.26475923 -0.26475923 -0.26475923 -0.26475923  3.44468207
 -0.26475923  1.27400569 -0.26475923 -0.26475923 -0.26475923 -0.26475923
 -0.26475923 -0.26475923 -0.26475923 -0.26475923 -0.26475923 -0.26475923
 -0.26475923 -0.26475923 -0.26475923 -0.26475923 -0.26475923 -0.26475923
 -0.26475923 -0.26475923 -0.26475923 -0.26475923 -0.26475923 -0.26475923
 -0.26475923 -0.26475923 -0.26475923 -0.26475923 -0.26475923 -0.26475923
 -0.26475923 -0.26475923 -0.26475923 -0.26475923 -0.26475923 -0.26475923
 -0.26475923 -0.26475923 -0.26475923 -0.26475923 -0.26475923 -0.26475923
 -0.26475923 -0.26475923 -0.26475923 -0.26475923 -0.26475923 -0.26475923
 -0.26475923 -0.26475923 -0.26475923 -0.26475923 -0.26475923 -0.26475923
 -0.26475923 -0.26475923 -0.26475923 -0.26475923 -0.26475923 -0.26475923
 -0.26475923 -0.26475923 -0.26475923 -0.26475923 -0.26475923 -0.26475923
 -0.26475923 -0.26475923 -0.26475923 -0.26475923 -0.26475923 -0.26475923
 -0.26475923 -0.26475923 -0.26475923 -0.26475923 -0.26475923 -0.26475923
 -0.26475923 -0.26475923 -0.26475923 -0.26475923 -0.26475923 -0.26475923
 -0.26475923 -0.26475923 -0.26475923 -0.26475923 -0.26475923 -0.26475923
 -0.26475923 -0.26475923 -0.26475923 -0.26475923 -0.26475923 -0.26475923
 -0.26475923 -0.26475923 -0.26475923 -0.26475923 -0.26475923 -0.26475923
 -0.26475923 -0.26475923 -0.26475923 -0.26475923 -0.26475923 -0.26475923
 -0.26475923 -0.26475923 -0.26475923 -0.26475923  6.17883707 -0.26475923
 -0.26475923 -0.26475923 -0.26475923 -0.26475923 -0.26475923 -0.26475923
 -0.26475923  0.99453259 -0.26475923 -0.26475923 -0.26475923 -0.26475923
 -0.26475923 -0.26475923 -0.26475923 -0.26475923 -0.26475923 -0.26475923
 -0.26475923  2.30319438 -0.26475923 -0.26475923 -0.26475923 -0.26475923
 -0.26475923 -0.26475923 -0.26475923 -0.26475923 -0.26475923 -0.26475923
 -0.26475923 -0.26475923 -0.26475923 -0.26475923 -0.26475923 -0.26475923
 -0.26475923 -0.26475923  1.19928023 -0.26475923 -0.26475923 -0.26475923
 -0.26475923 -0.26475923 -0.26475923 -0.26475923 -0.26475923 -0.26475923
 -0.26475923 -0.26475923 -0.26475923 -0.26475923 -0.26475923 -0.26475923
 -0.26475923 -0.26475923 -0.26475923 -0.26475923 -0.26475923 -0.26475923
 -0.26475923  5.157989   -0.26475923 -0.26475923 -0.26475923 -0.26475923
 -0.26475923 -0.26475923 -0.26475923 -0.26475923 -0.26475923 -0.26475923
 -0.26475923 -0.26475923 -0.26475923 -0.26475923 -0.26475923 -0.26475923
 -0.26475923 -0.26475923 -0.26475923 -0.26475923 -0.26475923 -0.26475923
 -0.26475923 -0.26475923 -0.26475923 -0.26475923 -0.26475923 -0.26475923
 -0.26475923 -0.26475923  0.81111492 -0.26475923]",[0.013358432493623174]
28,"[-0.2514008  -0.2514008  -0.2514008  -0.2514008  -0.2514008  -0.2514008
 -0.2514008  -0.2514008  -0.2514008  -0.2514008  -0.2514008  -0.2514008
 -0.2514008  -0.2514008  -0.2514008  -0.2514008  -0.2514008  -0.2514008
 -0.2514008  -0.2514008  -0.2514008  -0.2514008  -0.2514008  -0.2514008
 -0.2514008  -0.2514008  -0.2514008  -0.2514008  -0.2514008  -0.2514008
 -0.2514008  -0.2514008  -0.2514008  -0.2514008  -0.2514008  -0.2514008
 -0.2514008  -0.2514008  -0.2514008  -0.2514008  -0.2514008  -0.2514008
 -0.2514008  -0.2514008  -0.2514008  -0.2514008  -0.2514008  -0.2514008
 -0.2514008  -0.2514008  -0.2514008  -0.2514008  -0.2514008  -0.2514008
 -0.2514008  -0.2514008  -0.2514008  -0.2514008  -0.2514008  -0.2514008
 -0.2514008  -0.2514008  -0.2514008  -0.2514008  -0.2514008  -0.2514008
 -0.2514008  -0.2514008  -0.2514008  -0.2514008  -0.2514008  -0.2514008
 -0.2514008  -0.2514008  -0.2514008  -0.2514008  -0.2514008  -0.2514008
 -0.2514008  -0.2514008  -0.2514008  -0.2514008  -0.2514008   6.42353852
 -0.2514008  -0.2514008  -0.2514008  -0.2514008  -0.2514008   2.93224475
 -0.2514008  -0.2514008  -0.2514008  -0.2514008  -0.2514008  -0.2514008
 -0.2514008   1.63699007 -0.2514008  -0.2514008  -0.2514008  -0.2514008
 -0.2514008  -0.2514008  -0.2514008  -0.2514008  -0.2514008  -0.2514008
 -0.2514008  -0.2514008   6.41967692 -0.2514008  -0.2514008  -0.2514008
 -0.2514008  -0.2514008  -0.2514008  -0.2514008  -0.2514008  -0.2514008
 -0.2514008  -0.2514008   5.33804728  0.06411486  4.72842989 -0.2514008
 -0.2514008  -0.2514008  -0.2514008  -0.2514008  -0.2514008  -0.2514008
 -0.2514008  -0.2514008  -0.2514008  -0.2514008  -0.2514008  -0.2514008
 -0.2514008  -0.2514008  -0.2514008  -0.2514008  -0.2514008  -0.2514008
 -0.2514008  -0.2514008  -0.2514008  -0.2514008  -0.2514008  -0.2514008
 -0.2514008  -0.2514008  -0.2514008  -0.2514008  -0.2514008  -0.2514008
 -0.2514008  -0.2514008  -0.2514008  -0.2514008  -0.2514008  -0.2514008
 -0.2514008  -0.02827033 -0.2514008  -0.2514008  -0.2514008  -0.2514008
 -0.2514008  -0.2514008  -0.2514008  -0.2514008  -0.2514008  -0.2514008
 -0.2514008  -0.2514008  -0.2514008  -0.2514008  -0.2514008  -0.2514008
 -0.2514008  -0.2514008  -0.2514008  -0.2514008  -0.2514008  -0.2514008
 -0.2514008  -0.2514008  -0.2514008  -0.2514008  -0.2514008  -0.2514008
 -0.2514008  -0.2514008  -0.2514008  -0.2514008  -0.2514008  -0.2514008
 -0.2514008  -0.2514008  -0.2514008  -0.2514008  -0.2514008  -0.2514008
 -0.2514008  -0.2514008  -0.2514008  -0.2514008  -0.2514008  -0.2514008
  3.90478567 -0.2514008   0.29204142 -0.2514008  -0.2514008   2.28090539
 -0.2514008  -0.2514008  -0.2514008  -0.2514008  -0.2514008  -0.2514008
 -0.2514008  -0.2514008  -0.2514008  -0.2514008  -0.2514008  -0.2514008
 -0.2514008  -0.2514008  -0.2514008  -0.2514008  -0.2514008  -0.2514008
 -0.2514008   2.44640484 -0.2514008   4.58009409  4.02727208 -0.2514008
  3.0076366   1.01671494  2.76917672 -0.2514008  -0.2514008  -0.2514008
 -0.2514008  -0.2514008  -0.2514008  -0.2514008  -0.2514008  -0.2514008
 -0.2514008  -0.2514008  -0.2514008   5.13096261  2.1366931  -0.2514008
 -0.2514008  -0.2514008   2.41093005  2.67545063 -0.2514008   1.27232154
 -0.2514008  -0.2514008  -0.2514008  -0.2514008   0.88315998 -0.2514008
 -0.2514008  -0.2514008   5.93262067 -0.2514008   1.80957001 -0.2514008
 -0.2514008   1.17512745 -0.2514008  -0.2514008   3.77265695 -0.2514008
  1.55265024 -0.2514008  -0.2514008  -0.2514008   4.92698643  2.87620964
 -0.2514008  -0.2514008  -0.2514008  -0.2514008  -0.2514008  -0.2514008
 -0.2514008  -0.2514008   4.35288265 -0.2514008  -0.2514008  -0.2514008
 -0.2514008  -0.2514008  -0.2514008  -0.2514008  -0.2514008  -0.2514008
  4.57450038 -0.2514008  -0.2514008  -0.2514008  -0.2514008   3.33558495
 -0.2514008  -0.2514008  -0.2514008  -0.2514008  -0.2514008  -0.2514008
 -0.2514008  -0.2514008  -0.2514008  -0.2514008  -0.2514008  -0.2514008
 -0.2514008  -0.2514008  -0.2514008  -0.2514008  -0.2514008  -0.2514008
 -0.2514008  -0.2514008  -0.2514008  -0.2514008  -0.2514008  -0.2514008
 -0.2514008  -0.2514008  -0.2514008  -0.2514008  -0.2514008  -0.2514008
 -0.2514008  -0.2514008  -0.2514008  -0.2514008  -0.2514008  -0.2514008
 -0.2514008  -0.2514008  -0.2514008  -0.2514008  -0.2514008  -0.2514008
 -0.2514008  -0.2514008  -0.2514008  -0.2514008  -0.2514008  -0.2514008
 -0.2514008  -0.2514008  -0.2514008  -0.2514008  -0.2514008  -0.2514008
 -0.2514008  -0.2514008  -0.2514008  -0.2514008  -0.2514008  -0.2514008
 -0.2514008  -0.2514008  -0.2514008  -0.2514008  -0.2514008  -0.2514008
 -0.2514008  -0.2514008  -0.2514008  -0.2514008  -0.2514008  -0.2514008
 -0.2514008  -0.2514008  -0.2514008  -0.2514008  -0.2514008  -0.2514008
 -0.2514008  -0.2514008  -0.2514008  -0.2514008  -0.2514008  -0.2514008
 -0.2514008  -0.2514008  -0.2514008  -0.2514008  -0.2514008  -0.2514008
 -0.2514008  -0.2514008  -0.2514008  -0.2514008  -0.2514008  -0.2514008
 -0.2514008  -0.2514008  -0.2514008  -0.2514008  -0.2514008  -0.2514008
 -0.2514008  -0.2514008  -0.2514008  -0.2514008  -0.2514008  -0.2514008
 -0.2514008  -0.2514008  -0.2514008  -0.2514008   3.63282325  5.59316385
 -0.2514008  -0.2514008  -0.2514008  -0.2514008  -0.2514008  -0.2514008
 -0.2514008   2.41093005 -0.2514008  -0.2514008  -0.2514008  -0.2514008
 -0.2514008  -0.2514008  -0.2514008  -0.2514008  -0.2514008  -0.2514008
 -0.2514008   1.10803859 -0.2514008  -0.2514008  -0.2514008  -0.2514008
 -0.2514008  -0.2514008  -0.2514008  -0.2514008  -0.2514008  -0.2514008
 -0.2514008  -0.2514008  -0.2514008  -0.2514008  -0.2514008  -0.2514008
 -0.2514008  -0.2514008  -0.2514008  -0.2514008  -0.2514008  -0.2514008
 -0.2514008  -0.2514008  -0.2514008  -0.2514008  -0.2514008  -0.2514008
 -0.2514008  -0.2514008  -0.2514008  -0.2514008  -0.2514008  -0.2514008
 -0.2514008  -0.2514008  -0.2514008  -0.2514008  -0.2514008  -0.2514008
 -0.2514008   4.13836078 -0.2514008  -0.2514008  -0.2514008  -0.2514008
 -0.2514008  -0.2514008  -0.2514008  -0.2514008  -0.2514008   0.19871293
 -0.2514008  -0.2514008  -0.2514008  -0.2514008  -0.2514008  -0.2514008
 -0.2514008  -0.2514008  -0.2514008  -0.2514008  -0.2514008  -0.2514008
 -0.2514008  -0.2514008  -0.2514008  -0.2514008  -0.2514008  -0.2514008
 -0.2514008  -0.2514008   2.93224475 -0.2514008 ]",[0.012893961552217587]
29,"[-0.23850684 -0.23850684 -0.23850684 -0.23850684 -0.23850684 -0.23850684
 -0.23850684 -0.23850684 -0.23850684 -0.23850684 -0.23850684 -0.23850684
 -0.23850684 -0.23850684 -0.23850684 -0.23850684 -0.23850684 -0.23850684
 -0.23850684 -0.23850684 -0.23850684 -0.23850684 -0.23850684 -0.23850684
 -0.23850684 -0.23850684 -0.23850684 -0.23850684 -0.23850684 -0.23850684
 -0.23850684 -0.23850684 -0.23850684 -0.23850684 -0.23850684 -0.23850684
 -0.23850684 -0.23850684 -0.23850684 -0.23850684 -0.23850684 -0.23850684
 -0.23850684 -0.23850684 -0.23850684 -0.23850684 -0.23850684 -0.23850684
 -0.23850684 -0.23850684 -0.23850684 -0.23850684 -0.23850684 -0.23850684
 -0.23850684 -0.23850684 -0.23850684 -0.23850684 -0.23850684 -0.23850684
 -0.23850684 -0.23850684 -0.23850684 -0.23850684 -0.23850684 -0.23850684
 -0.23850684 -0.23850684 -0.23850684 -0.23850684 -0.23850684 -0.23850684
 -0.23850684 -0.23850684 -0.23850684 -0.23850684 -0.23850684 -0.23850684
 -0.23850684 -0.23850684 -0.23850684 -0.23850684 -0.23850684  5.22399176
 -0.23850684 -0.23850684 -0.23850684 -0.23850684 -0.23850684  2.18796681
 -0.23850684 -0.23850684 -0.23850684 -0.23850684 -0.23850684 -0.23850684
 -0.23850684 -0.23850684 -0.23850684 -0.23850684 -0.23850684 -0.23850684
 -0.23850684 -0.23850684 -0.23850684 -0.23850684 -0.23850684 -0.23850684
 -0.23850684 -0.23850684  6.9336674  -0.23850684 -0.23850684 -0.23850684
 -0.23850684 -0.23850684 -0.23850684 -0.23850684 -0.23850684 -0.23850684
 -0.23850684 -0.23850684  5.99582541  0.56677894  4.56199774 -0.23850684
 -0.23850684 -0.23850684 -0.23850684 -0.23850684 -0.23850684 -0.23850684
 -0.23850684 -0.23850684 -0.23850684 -0.23850684 -0.23850684 -0.23850684
 -0.23850684 -0.23850684 -0.23850684 -0.23850684 -0.23850684 -0.23850684
 -0.23850684 -0.23850684 -0.23850684 -0.23850684 -0.23850684 -0.23850684
 -0.23850684 -0.23850684 -0.23850684 -0.23850684 -0.23850684 -0.23850684
 -0.23850684 -0.23850684 -0.23850684 -0.23850684 -0.23850684 -0.23850684
 -0.23850684  0.05775358 -0.23850684 -0.23850684 -0.23850684 -0.23850684
 -0.23850684 -0.23850684 -0.23850684 -0.23850684 -0.23850684 -0.23850684
 -0.23850684 -0.23850684 -0.23850684 -0.23850684 -0.23850684 -0.23850684
 -0.23850684 -0.23850684 -0.23850684 -0.23850684 -0.23850684 -0.23850684
 -0.23850684 -0.23850684 -0.23850684 -0.23850684 -0.23850684 -0.23850684
 -0.23850684 -0.23850684 -0.23850684 -0.23850684 -0.23850684 -0.23850684
 -0.23850684 -0.23850684 -0.23850684 -0.23850684 -0.23850684 -0.23850684
 -0.23850684 -0.23850684 -0.23850684 -0.23850684 -0.23850684 -0.23850684
  1.73059488 -0.23850684 -0.23850684 -0.23850684 -0.23850684  2.21721504
 -0.23850684 -0.23850684 -0.23850684 -0.23850684 -0.23850684 -0.23850684
 -0.23850684 -0.23850684 -0.23850684 -0.23850684 -0.23850684 -0.23850684
 -0.23850684 -0.23850684 -0.23850684 -0.23850684 -0.23850684 -0.23850684
 -0.23850684  2.78388841 -0.23850684  3.84012023  3.27942154 -0.23850684
  3.11014774  1.70921553  1.84245421 -0.23850684 -0.23850684 -0.23850684
 -0.23850684 -0.23850684 -0.23850684 -0.23850684 -0.23850684 -0.23850684
 -0.23850684  3.236407   -0.23850684  7.205446    2.94062231 -0.23850684
 -0.23850684 -0.23850684  2.18796681  2.18796681 -0.23850684  0.71736331
 -0.23850684 -0.23850684 -0.23850684 -0.23850684 -0.23850684 -0.23850684
 -0.23850684 -0.23850684  6.62122445 -0.23850684  2.78396059 -0.23850684
 -0.23850684  1.67254782 -0.23850684  0.48019951  3.79761957 -0.23850684
  1.16430953  0.61888921 -0.23850684 -0.23850684  5.21376512 -0.23850684
 -0.23850684 -0.23850684 -0.23850684 -0.23850684 -0.23850684 -0.23850684
 -0.23850684 -0.23850684  5.61735943 -0.23850684 -0.23850684 -0.23850684
 -0.23850684 -0.23850684 -0.23850684 -0.23850684 -0.23850684 -0.23850684
  2.71403821 -0.23850684 -0.23850684 -0.23850684 -0.23850684  2.21920133
 -0.23850684 -0.23850684 -0.23850684 -0.23850684 -0.23850684 -0.23850684
 -0.23850684 -0.23850684 -0.23850684 -0.23850684 -0.23850684 -0.23850684
 -0.23850684 -0.23850684 -0.23850684 -0.23850684 -0.23850684 -0.23850684
 -0.23850684 -0.23850684 -0.23850684 -0.23850684 -0.23850684 -0.23850684
 -0.23850684 -0.23850684 -0.23850684 -0.23850684 -0.23850684 -0.23850684
 -0.23850684 -0.23850684 -0.23850684 -0.23850684 -0.23850684 -0.23850684
 -0.23850684 -0.23850684 -0.23850684 -0.23850684 -0.23850684 -0.23850684
 -0.23850684 -0.23850684 -0.23850684 -0.23850684 -0.23850684 -0.23850684
 -0.23850684 -0.23850684 -0.23850684 -0.23850684 -0.23850684 -0.23850684
 -0.23850684 -0.23850684 -0.23850684 -0.23850684 -0.23850684 -0.23850684
 -0.23850684 -0.23850684 -0.23850684 -0.23850684 -0.23850684 -0.23850684
 -0.23850684 -0.23850684 -0.23850684 -0.23850684 -0.23850684 -0.23850684
 -0.23850684 -0.23850684 -0.23850684 -0.23850684 -0.23850684 -0.23850684
 -0.23850684 -0.23850684 -0.23850684 -0.23850684 -0.23850684 -0.23850684
 -0.23850684 -0.23850684 -0.23850684 -0.23850684 -0.23850684 -0.23850684
 -0.23850684 -0.23850684 -0.23850684 -0.23850684 -0.23850684 -0.23850684
 -0.23850684 -0.23850684 -0.23850684 -0.23850684 -0.23850684 -0.23850684
 -0.23850684 -0.23850684 -0.23850684 -0.23850684 -0.23850684 -0.23850684
 -0.23850684 -0.23850684 -0.23850684 -0.23850684  4.54969015  5.00313703
 -0.23850684 -0.23850684 -0.23850684 -0.23850684 -0.23850684 -0.23850684
 -0.23850684 -0.23850684 -0.23850684 -0.23850684 -0.23850684 -0.23850684
 -0.23850684 -0.23850684 -0.23850684 -0.23850684 -0.23850684 -0.23850684
 -0.23850684 -0.23850684 -0.23850684 -0.23850684 -0.23850684 -0.23850684
 -0.23850684 -0.23850684 -0.23850684 -0.23850684 -0.23850684 -0.23850684
 -0.23850684 -0.23850684 -0.23850684 -0.23850684 -0.23850684 -0.23850684
 -0.23850684 -0.23850684  1.57460702 -0.23850684 -0.23850684 -0.23850684
 -0.23850684 -0.23850684 -0.23850684 -0.23850684 -0.23850684 -0.23850684
 -0.23850684 -0.23850684 -0.23850684 -0.23850684 -0.23850684 -0.23850684
 -0.23850684 -0.23850684 -0.23850684 -0.23850684 -0.23850684 -0.23850684
 -0.23850684  4.88533928 -0.23850684 -0.23850684 -0.23850684 -0.23850684
 -0.23850684 -0.23850684 -0.23850684 -0.23850684 -0.23850684 -0.23850684
 -0.23850684 -0.23850684 -0.23850684 -0.23850684 -0.23850684 -0.23850684
 -0.23850684 -0.23850684 -0.23850684 -0.23850684 -0.23850684 -0.23850684
 -0.23850684 -0.23850684 -0.23850684 -0.23850684 -0.23850684 -0.23850684
 -0.23850684 -0.23850684  1.76610442 -0.23850684]",[-0.00923416647158487]
30,"[-0.24774101 -0.24774101 -0.24774101 -0.24774101 -0.24774101 -0.24774101
 -0.24774101 -0.24774101 -0.24774101 -0.24774101 -0.24774101 -0.24774101
 -0.24774101 -0.24774101 -0.24774101 -0.24774101 -0.24774101 -0.24774101
 -0.24774101 -0.24774101 -0.24774101 -0.24774101 -0.24774101 -0.24774101
 -0.24774101 -0.24774101 -0.24774101 -0.24774101 -0.24774101 -0.24774101
 -0.24774101 -0.24774101 -0.24774101 -0.24774101 -0.24774101 -0.24774101
 -0.24774101 -0.24774101 -0.24774101 -0.24774101 -0.24774101 -0.24774101
 -0.24774101 -0.24774101 -0.24774101 -0.24774101 -0.24774101 -0.24774101
 -0.24774101 -0.24774101 -0.24774101 -0.24774101 -0.24774101 -0.24774101
 -0.24774101 -0.24774101 -0.24774101 -0.24774101 -0.24774101 -0.24774101
 -0.24774101 -0.24774101 -0.24774101 -0.24774101 -0.24774101 -0.24774101
 -0.24774101 -0.24774101 -0.24774101 -0.24774101 -0.24774101 -0.24774101
 -0.24774101 -0.24774101 -0.24774101 -0.24774101 -0.24774101 -0.24774101
 -0.24774101 -0.24774101 -0.24774101 -0.24774101 -0.24774101  6.43769332
 -0.24774101 -0.24774101 -0.24774101 -0.24774101 -0.24774101  2.63492374
 -0.24774101 -0.24774101 -0.24774101 -0.24774101 -0.24774101 -0.24774101
 -0.24774101  1.84954974 -0.24774101 -0.24774101 -0.24774101 -0.24774101
 -0.24774101 -0.24774101 -0.24774101 -0.24774101 -0.24774101 -0.24774101
 -0.24774101 -0.24774101  5.75785027 -0.24774101 -0.24774101 -0.24774101
 -0.24774101 -0.24774101 -0.24774101 -0.24774101 -0.24774101 -0.24774101
 -0.24774101 -0.24774101  5.59527594 -0.24774101  2.13048769 -0.24774101
 -0.24774101 -0.24774101 -0.24774101 -0.24774101 -0.24774101 -0.24774101
 -0.24774101 -0.24774101 -0.24774101 -0.24774101 -0.24774101 -0.24774101
 -0.24774101 -0.24774101 -0.24774101 -0.24774101 -0.24774101 -0.24774101
 -0.24774101 -0.24774101 -0.24774101 -0.24774101 -0.24774101 -0.24774101
 -0.24774101 -0.24774101 -0.24774101 -0.24774101 -0.24774101 -0.24774101
 -0.24774101 -0.24774101 -0.24774101 -0.24774101 -0.24774101 -0.24774101
 -0.24774101 -0.24774101 -0.24774101 -0.24774101 -0.24774101 -0.24774101
 -0.24774101 -0.24774101 -0.24774101 -0.24774101 -0.24774101  1.31940023
 -0.24774101 -0.24774101 -0.24774101 -0.24774101 -0.24774101 -0.24774101
 -0.24774101 -0.24774101 -0.24774101 -0.24774101 -0.24774101 -0.24774101
 -0.24774101 -0.24774101 -0.24774101 -0.24774101 -0.24774101 -0.24774101
 -0.24774101 -0.24774101 -0.24774101 -0.24774101 -0.24774101 -0.24774101
 -0.24774101 -0.24774101  1.31940023 -0.24774101 -0.24774101 -0.24774101
 -0.24774101 -0.24774101 -0.24774101 -0.24774101 -0.24774101 -0.24774101
  4.54765529 -0.24774101 -0.24774101 -0.24774101 -0.24774101  0.97875947
 -0.24774101 -0.24774101  0.19904658 -0.24774101 -0.24774101 -0.24774101
 -0.24774101  0.15688719 -0.24774101 -0.24774101 -0.24774101 -0.24774101
 -0.24774101 -0.24774101 -0.24774101 -0.24774101 -0.24774101 -0.24774101
 -0.24774101  2.90446145 -0.24774101  5.74576382  3.95238321 -0.24774101
  1.5895931  -0.24774101  1.69152884 -0.24774101 -0.24774101 -0.24774101
 -0.24774101 -0.24774101 -0.24774101 -0.24774101 -0.24774101 -0.24774101
 -0.24774101 -0.24774101 -0.24774101  5.98964582  3.41194523 -0.24774101
 -0.24774101 -0.24774101  4.03826968  3.06205571 -0.24774101  1.17590611
 -0.24774101 -0.24774101 -0.24774101 -0.24774101 -0.24774101 -0.24774101
 -0.24774101 -0.24774101  5.72254965 -0.24774101  1.07348049 -0.24774101
 -0.24774101  0.34778009 -0.24774101 -0.24774101  3.36888464 -0.24774101
 -0.24774101  0.35851198 -0.24774101 -0.24774101  5.47497473 -0.24774101
 -0.24774101 -0.24774101 -0.24774101 -0.24774101 -0.24774101  2.20177221
 -0.24774101 -0.24774101  2.94526406 -0.24774101 -0.24774101 -0.24774101
 -0.24774101 -0.24774101 -0.24774101 -0.24774101 -0.24774101 -0.24774101
  4.62753886 -0.24774101 -0.24774101 -0.24774101 -0.24774101  3.2087474
 -0.24774101  0.19904658 -0.24774101 -0.24774101 -0.24774101 -0.24774101
 -0.24774101 -0.24774101 -0.24774101 -0.24774101 -0.24774101 -0.24774101
 -0.24774101 -0.24774101 -0.24774101 -0.24774101 -0.24774101 -0.24774101
 -0.24774101 -0.24774101 -0.24774101 -0.24774101 -0.24774101 -0.24774101
 -0.24774101 -0.24774101 -0.24774101 -0.24774101 -0.24774101 -0.24774101
 -0.24774101 -0.24774101 -0.24774101 -0.24774101 -0.24774101 -0.24774101
 -0.24774101 -0.24774101 -0.24774101 -0.24774101 -0.24774101 -0.24774101
 -0.24774101 -0.24774101 -0.24774101 -0.24774101 -0.24774101 -0.24774101
 -0.24774101 -0.24774101 -0.24774101 -0.24774101 -0.24774101 -0.24774101
 -0.24774101 -0.24774101 -0.24774101 -0.24774101 -0.24774101 -0.24774101
 -0.24774101 -0.24774101 -0.24774101 -0.24774101 -0.24774101 -0.24774101
 -0.24774101 -0.24774101 -0.24774101 -0.24774101 -0.24774101 -0.24774101
 -0.24774101 -0.24774101 -0.24774101 -0.24774101 -0.24774101 -0.24774101
 -0.24774101 -0.24774101 -0.24774101 -0.24774101 -0.24774101 -0.24774101
 -0.24774101 -0.24774101 -0.24774101 -0.24774101 -0.24774101 -0.24774101
 -0.24774101 -0.24774101 -0.24774101 -0.24774101 -0.24774101 -0.24774101
 -0.24774101 -0.24774101 -0.24774101 -0.24774101 -0.24774101 -0.24774101
 -0.24774101 -0.24774101 -0.24774101 -0.24774101 -0.24774101 -0.24774101
 -0.24774101 -0.24774101 -0.24774101 -0.24774101  2.41511454  4.4996923
 -0.24774101 -0.24774101 -0.24774101 -0.24774101 -0.24774101 -0.24774101
 -0.24774101  1.97294247 -0.24774101 -0.24774101 -0.24774101 -0.24774101
 -0.24774101 -0.24774101 -0.24774101 -0.24774101 -0.24774101 -0.24774101
 -0.24774101 -0.24774101 -0.24774101 -0.24774101 -0.24774101 -0.24774101
 -0.24774101 -0.24774101 -0.24774101 -0.24774101 -0.24774101 -0.24774101
 -0.24774101 -0.24774101 -0.24774101 -0.24774101 -0.24774101 -0.24774101
 -0.24774101 -0.24774101 -0.24774101 -0.24774101 -0.24774101 -0.24774101
  3.8713939  -0.24774101 -0.24774101 -0.24774101 -0.24774101 -0.24774101
 -0.24774101 -0.24774101 -0.24774101 -0.24774101 -0.24774101 -0.24774101
 -0.24774101 -0.24774101 -0.24774101 -0.24774101 -0.24774101 -0.24774101
  3.64820119  5.17190558 -0.24774101 -0.24774101 -0.24774101 -0.24774101
 -0.24774101 -0.24774101 -0.24774101 -0.24774101 -0.24774101 -0.24774101
 -0.24774101 -0.24774101 -0.24774101 -0.24774101 -0.24774101 -0.24774101
 -0.24774101 -0.24774101 -0.24774101 -0.24774101 -0.24774101 -0.24774101
 -0.24774101 -0.24774101 -0.24774101 -0.24774101 -0.24774101 -0.24774101
 -0.24774101 -0.24774101  1.31940023 -0.24774101]",[0.003226755006497245]
31,"[-0.24451425 -0.24451425 -0.24451425 -0.24451425 -0.24451425 -0.24451425
 -0.24451425 -0.24451425 -0.24451425 -0.24451425 -0.24451425 -0.24451425
 -0.24451425 -0.24451425 -0.24451425 -0.24451425 -0.24451425 -0.24451425
 -0.24451425 -0.24451425 -0.24451425 -0.24451425 -0.24451425 -0.24451425
 -0.24451425 -0.24451425 -0.24451425 -0.24451425 -0.24451425 -0.24451425
 -0.24451425 -0.24451425 -0.24451425 -0.24451425 -0.24451425 -0.24451425
 -0.24451425 -0.24451425 -0.24451425 -0.24451425 -0.24451425 -0.24451425
 -0.24451425 -0.24451425 -0.24451425 -0.24451425 -0.24451425 -0.24451425
 -0.24451425 -0.24451425 -0.24451425 -0.24451425 -0.24451425 -0.24451425
 -0.24451425 -0.24451425 -0.24451425 -0.24451425 -0.24451425 -0.24451425
 -0.24451425 -0.24451425 -0.24451425 -0.24451425 -0.24451425 -0.24451425
 -0.24451425 -0.24451425 -0.24451425 -0.24451425 -0.24451425 -0.24451425
 -0.24451425 -0.24451425 -0.24451425 -0.24451425 -0.24451425 -0.24451425
 -0.24451425 -0.24451425 -0.24451425 -0.24451425 -0.24451425  4.91951612
 -0.24451425 -0.24451425 -0.24451425 -0.24451425 -0.24451425  1.64077426
 -0.24451425 -0.24451425 -0.24451425 -0.24451425 -0.24451425 -0.24451425
 -0.24451425 -0.24451425 -0.24451425 -0.24451425 -0.24451425 -0.24451425
 -0.24451425 -0.24451425 -0.24451425 -0.24451425 -0.24451425 -0.24451425
 -0.24451425 -0.24451425  6.6509664  -0.24451425 -0.24451425 -0.24451425
 -0.24451425 -0.24451425  0.26366952 -0.24451425 -0.24451425 -0.24451425
 -0.24451425 -0.24451425  5.70677317 -0.24451425  4.81843286 -0.24451425
 -0.24451425 -0.24451425 -0.24451425 -0.24451425 -0.24451425 -0.24451425
 -0.24451425 -0.24451425 -0.24451425 -0.24451425 -0.24451425 -0.24451425
 -0.24451425 -0.24451425 -0.24451425 -0.24451425 -0.24451425 -0.24451425
 -0.24451425 -0.24451425 -0.24451425 -0.24451425 -0.24451425 -0.24451425
 -0.24451425 -0.24451425 -0.24451425 -0.24451425 -0.24451425 -0.24451425
 -0.24451425 -0.24451425 -0.24451425 -0.24451425 -0.24451425 -0.24451425
 -0.24451425 -0.12092699 -0.24451425 -0.24451425 -0.24451425 -0.24451425
 -0.24451425 -0.24451425 -0.24451425 -0.24451425 -0.24451425 -0.24451425
 -0.24451425 -0.24451425 -0.24451425 -0.24451425 -0.24451425 -0.24451425
 -0.24451425 -0.24451425 -0.24451425 -0.24451425 -0.24451425 -0.24451425
 -0.24451425 -0.24451425 -0.24451425 -0.24451425 -0.24451425 -0.24451425
 -0.24451425 -0.24451425 -0.24451425 -0.24451425 -0.24451425 -0.24451425
 -0.24451425 -0.24451425 -0.24451425 -0.24451425 -0.24451425 -0.24451425
 -0.24451425 -0.24451425 -0.24451425 -0.24451425 -0.24451425  1.39728912
  4.52572224 -0.24451425  0.08047228 -0.24451425 -0.24451425 -0.24451425
 -0.24451425 -0.24451425 -0.24451425 -0.24451425 -0.24451425 -0.24451425
 -0.24451425 -0.24451425 -0.24451425 -0.24451425 -0.24451425 -0.24451425
 -0.24451425 -0.24451425 -0.24451425  1.22796382 -0.24451425 -0.24451425
 -0.24451425  3.45005715 -0.24451425  4.11953376  3.24276933 -0.24451425
  2.55961106  2.19968966  1.56217605 -0.24451425 -0.24451425 -0.24451425
 -0.24451425 -0.24451425 -0.24451425 -0.24451425 -0.24451425 -0.24451425
 -0.24451425 -0.24451425 -0.24451425  6.57191007  2.13963238 -0.24451425
 -0.24451425 -0.24451425 -0.24451425  1.568975   -0.24451425  1.21183049
 -0.24451425 -0.24451425 -0.24451425 -0.24451425  1.23400027 -0.24451425
 -0.24451425 -0.24451425  6.67765757 -0.24451425  2.42372361 -0.24451425
 -0.24451425  2.03473237 -0.24451425  0.72641737  4.00022421 -0.24451425
  1.31478426 -0.24451425 -0.24451425 -0.24451425  4.3748068   1.03017479
 -0.24451425 -0.24451425 -0.24451425  1.82888166 -0.24451425 -0.24451425
 -0.24451425 -0.24451425  5.53824802 -0.24451425 -0.24451425 -0.24451425
 -0.24451425 -0.24451425 -0.24451425 -0.24451425 -0.24451425 -0.24451425
  2.76117938 -0.24451425 -0.24451425 -0.24451425 -0.24451425  3.81208441
 -0.24451425 -0.24451425 -0.24451425 -0.24451425 -0.24451425 -0.24451425
 -0.24451425 -0.24451425 -0.24451425 -0.24451425 -0.24451425 -0.24451425
 -0.24451425 -0.24451425 -0.24451425 -0.24451425 -0.24451425 -0.24451425
 -0.24451425 -0.24451425 -0.24451425 -0.24451425 -0.24451425 -0.24451425
 -0.24451425 -0.24451425 -0.24451425 -0.24451425 -0.24451425 -0.24451425
 -0.24451425 -0.24451425 -0.24451425 -0.24451425 -0.24451425 -0.24451425
 -0.24451425 -0.24451425 -0.24451425 -0.24451425 -0.24451425 -0.24451425
 -0.24451425 -0.24451425 -0.24451425 -0.24451425 -0.24451425 -0.24451425
 -0.24451425 -0.24451425 -0.24451425 -0.24451425 -0.24451425 -0.24451425
 -0.24451425 -0.24451425 -0.24451425 -0.24451425 -0.24451425 -0.24451425
 -0.24451425 -0.24451425 -0.24451425 -0.24451425 -0.24451425 -0.24451425
 -0.24451425 -0.24451425 -0.24451425 -0.24451425 -0.24451425 -0.24451425
 -0.24451425 -0.24451425 -0.24451425 -0.24451425 -0.24451425 -0.24451425
 -0.24451425 -0.24451425 -0.24451425 -0.24451425 -0.24451425 -0.24451425
 -0.24451425 -0.24451425 -0.24451425 -0.24451425 -0.24451425 -0.24451425
 -0.24451425 -0.24451425 -0.24451425 -0.24451425 -0.24451425 -0.24451425
 -0.24451425 -0.24451425 -0.24451425 -0.24451425 -0.24451425 -0.24451425
 -0.24451425 -0.24451425 -0.24451425 -0.24451425 -0.24451425 -0.24451425
 -0.24451425 -0.24451425 -0.24451425 -0.24451425  3.91889628  5.34963902
 -0.24451425 -0.24451425 -0.24451425 -0.24451425 -0.24451425 -0.24451425
 -0.24451425 -0.24451425 -0.24451425 -0.24451425 -0.24451425 -0.24451425
 -0.24451425 -0.24451425 -0.24451425 -0.24451425 -0.24451425 -0.24451425
 -0.24451425 -0.24451425 -0.24451425 -0.24451425 -0.24451425 -0.24451425
 -0.24451425 -0.24451425 -0.24451425 -0.24451425 -0.24451425 -0.24451425
 -0.24451425 -0.24451425 -0.24451425 -0.24451425 -0.24451425 -0.24451425
 -0.24451425 -0.24451425 -0.24451425 -0.24451425 -0.24451425 -0.24451425
 -0.24451425 -0.24451425 -0.24451425 -0.24451425 -0.24451425 -0.24451425
 -0.24451425 -0.24451425 -0.24451425 -0.24451425 -0.24451425 -0.24451425
 -0.24451425 -0.24451425 -0.24451425 -0.24451425 -0.24451425 -0.24451425
  3.22736604  4.5790847  -0.24451425 -0.24451425 -0.24451425 -0.24451425
 -0.24451425 -0.24451425 -0.24451425 -0.24451425 -0.24451425 -0.24451425
 -0.24451425 -0.24451425 -0.24451425 -0.24451425 -0.24451425 -0.24451425
 -0.24451425 -0.24451425 -0.24451425 -0.24451425 -0.24451425 -0.24451425
 -0.24451425 -0.24451425 -0.24451425 -0.24451425 -0.24451425 -0.24451425
 -0.24451425 -0.24451425  3.04261686 -0.24451425]",[-0.014207524117619219]
32,"[-0.25872178 -0.25872178 -0.25872178 -0.25872178 -0.25872178 -0.25872178
 -0.25872178 -0.25872178 -0.25872178 -0.25872178 -0.25872178 -0.25872178
 -0.25872178 -0.25872178 -0.25872178 -0.25872178 -0.25872178 -0.25872178
 -0.25872178 -0.25872178 -0.25872178 -0.25872178 -0.25872178 -0.25872178
 -0.25872178 -0.25872178 -0.25872178 -0.25872178 -0.25872178 -0.25872178
 -0.25872178 -0.25872178 -0.25872178 -0.25872178 -0.25872178 -0.25872178
 -0.25872178 -0.25872178 -0.25872178 -0.25872178 -0.25872178 -0.25872178
 -0.25872178 -0.25872178 -0.25872178 -0.25872178 -0.25872178 -0.25872178
 -0.25872178 -0.25872178 -0.25872178 -0.25872178 -0.25872178 -0.25872178
 -0.25872178 -0.25872178 -0.25872178 -0.25872178 -0.25872178 -0.25872178
 -0.25872178 -0.25872178 -0.25872178 -0.25872178 -0.25872178 -0.25872178
 -0.25872178 -0.25872178 -0.25872178 -0.25872178 -0.25872178 -0.25872178
 -0.25872178 -0.25872178 -0.25872178 -0.25872178 -0.25872178 -0.25872178
 -0.25872178 -0.25872178 -0.25872178 -0.25872178 -0.25872178  4.65087457
 -0.25872178 -0.25872178 -0.25872178 -0.25872178 -0.25872178  2.03253582
 -0.25872178 -0.25872178 -0.25872178 -0.25872178 -0.25872178 -0.25872178
 -0.25872178  1.56081558 -0.25872178 -0.25872178 -0.25872178 -0.25872178
 -0.25872178 -0.25872178 -0.25872178 -0.25872178 -0.25872178 -0.25872178
 -0.25872178 -0.25872178  6.07291995 -0.25872178 -0.25872178 -0.25872178
 -0.25872178 -0.25872178 -0.25872178 -0.25872178  0.26634538 -0.25872178
 -0.25872178 -0.25872178  5.40012708 -0.25872178  4.54757334 -0.25872178
 -0.25872178 -0.25872178 -0.25872178 -0.25872178 -0.25872178 -0.25872178
 -0.25872178 -0.25872178 -0.25872178 -0.25872178 -0.25872178 -0.25872178
 -0.25872178 -0.25872178 -0.25872178 -0.25872178 -0.25872178 -0.25872178
 -0.25872178 -0.25872178 -0.25872178 -0.25872178 -0.25872178 -0.25872178
 -0.25872178 -0.25872178 -0.25872178 -0.25872178 -0.25872178 -0.25872178
 -0.25872178 -0.25872178 -0.25872178 -0.25872178 -0.25872178 -0.25872178
 -0.25872178 -0.04372697 -0.25872178 -0.25872178 -0.25872178 -0.25872178
 -0.25872178 -0.25872178 -0.25872178 -0.25872178 -0.25872178 -0.25872178
 -0.25872178 -0.25872178 -0.25872178 -0.25872178 -0.25872178 -0.25872178
 -0.25872178 -0.25872178 -0.25872178 -0.25872178 -0.25872178 -0.25872178
 -0.25872178 -0.25872178 -0.25872178 -0.25872178 -0.25872178 -0.25872178
 -0.25872178 -0.25872178 -0.25872178 -0.25872178 -0.25872178 -0.25872178
 -0.25872178 -0.25872178 -0.25872178 -0.25872178 -0.25872178 -0.25872178
 -0.25872178 -0.25872178 -0.25872178 -0.25872178 -0.25872178 -0.25872178
  3.86394439 -0.25872178 -0.0066048  -0.25872178 -0.25872178  1.15562633
 -0.25872178 -0.25872178 -0.25872178 -0.25872178 -0.25872178 -0.25872178
 -0.25872178 -0.25872178 -0.25872178 -0.25872178 -0.25872178 -0.25872178
 -0.25872178 -0.25872178 -0.25872178 -0.25872178 -0.25872178 -0.25872178
 -0.25872178  2.93643454 -0.25872178  3.68607247  3.39068465 -0.25872178
  2.28586947  1.28564817  1.46787368 -0.25872178 -0.25872178 -0.25872178
 -0.25872178 -0.25872178 -0.25872178 -0.25872178 -0.25872178 -0.25872178
 -0.25872178  3.41350315 -0.25872178  6.52761846  2.505388   -0.25872178
 -0.25872178 -0.25872178  4.07324546  2.9547409  -0.25872178  2.4208556
 -0.25872178 -0.25872178 -0.25872178 -0.25872178  1.62089169 -0.25872178
 -0.25872178 -0.25872178  5.77913212 -0.25872178  2.57802712 -0.25872178
 -0.25872178  0.90587444 -0.25872178 -0.25872178  3.70359545 -0.25872178
  1.34184881  0.36046345 -0.25872178 -0.25872178  4.22319148 -0.25872178
 -0.25872178 -0.25872178 -0.25872178  1.51089783 -0.25872178  3.13450464
 -0.25872178 -0.25872178  4.71203899 -0.25872178 -0.25872178 -0.25872178
 -0.25872178 -0.25872178 -0.25872178 -0.25872178  3.00992879 -0.25872178
  3.98763872 -0.25872178 -0.25872178 -0.25872178 -0.25872178  3.18452127
 -0.25872178 -0.25872178 -0.25872178 -0.25872178 -0.25872178 -0.25872178
 -0.25872178 -0.25872178 -0.25872178 -0.25872178 -0.25872178 -0.25872178
 -0.25872178 -0.25872178 -0.25872178 -0.25872178 -0.25872178 -0.25872178
 -0.25872178 -0.25872178 -0.25872178 -0.25872178 -0.25872178 -0.25872178
 -0.25872178 -0.25872178 -0.25872178 -0.25872178 -0.25872178 -0.25872178
 -0.25872178 -0.25872178 -0.25872178 -0.25872178 -0.25872178 -0.25872178
 -0.25872178 -0.25872178 -0.25872178 -0.25872178 -0.25872178 -0.25872178
 -0.25872178 -0.25872178 -0.25872178 -0.25872178 -0.25872178 -0.25872178
 -0.25872178 -0.25872178 -0.25872178 -0.25872178 -0.25872178 -0.25872178
 -0.25872178 -0.25872178 -0.25872178 -0.25872178 -0.25872178 -0.25872178
 -0.25872178 -0.25872178 -0.25872178 -0.25872178 -0.25872178 -0.25872178
 -0.25872178 -0.25872178 -0.25872178 -0.25872178 -0.25872178 -0.25872178
 -0.25872178 -0.25872178 -0.25872178 -0.25872178 -0.25872178 -0.25872178
 -0.25872178 -0.25872178 -0.25872178 -0.25872178 -0.25872178 -0.25872178
 -0.25872178 -0.25872178 -0.25872178 -0.25872178 -0.25872178 -0.25872178
 -0.25872178 -0.25872178 -0.25872178 -0.25872178 -0.25872178 -0.25872178
 -0.25872178 -0.25872178 -0.25872178 -0.25872178 -0.25872178 -0.25872178
 -0.25872178 -0.25872178 -0.25872178 -0.25872178 -0.25872178 -0.25872178
 -0.25872178 -0.25872178 -0.25872178 -0.25872178  4.54298998  4.9976524
 -0.25872178 -0.25872178 -0.25872178 -0.25872178 -0.25872178 -0.25872178
 -0.25872178 -0.25872178 -0.25872178 -0.25872178 -0.25872178 -0.25872178
 -0.25872178 -0.25872178 -0.25872178 -0.25872178 -0.25872178 -0.25872178
 -0.25872178  1.56081558 -0.25872178 -0.25872178 -0.25872178 -0.25872178
 -0.25872178 -0.25872178 -0.25872178 -0.25872178 -0.25872178 -0.25872178
 -0.25872178 -0.25872178 -0.25872178 -0.25872178 -0.25872178 -0.25872178
 -0.25872178 -0.25872178 -0.25872178 -0.25872178 -0.25872178 -0.25872178
 -0.25872178 -0.25872178 -0.25872178 -0.25872178 -0.25872178 -0.25872178
 -0.25872178 -0.25872178 -0.25872178 -0.25872178 -0.25872178 -0.25872178
 -0.25872178 -0.25872178 -0.25872178 -0.25872178 -0.25872178 -0.25872178
 -0.25872178  5.20626549 -0.25872178 -0.25872178 -0.25872178 -0.25872178
 -0.25872178 -0.25872178 -0.25872178 -0.25872178 -0.25872178 -0.25872178
 -0.25872178 -0.25872178 -0.25872178 -0.25872178 -0.25872178 -0.25872178
 -0.25872178 -0.25872178 -0.25872178 -0.25872178 -0.25872178 -0.25872178
 -0.25872178 -0.25872178 -0.25872178 -0.25872178 -0.25872178 -0.25872178
 -0.25872178 -0.25872178  0.86036569 -0.25872178]",[-0.024665080001059825]
33,"[-0.28338686 -0.28338686 -0.28338686 -0.28338686 -0.01463268 -0.28338686
 -0.28338686 -0.28338686 -0.28338686 -0.28338686 -0.28338686 -0.28338686
 -0.28338686 -0.28338686 -0.28338686 -0.28338686 -0.28338686 -0.28338686
 -0.28338686 -0.28338686 -0.28338686 -0.28338686 -0.28338686 -0.28338686
 -0.28338686 -0.28338686 -0.28338686 -0.28338686 -0.28338686  2.29740182
 -0.28338686 -0.28338686 -0.28338686 -0.28338686 -0.28338686 -0.28338686
 -0.28338686 -0.28338686 -0.28338686 -0.28338686 -0.28338686 -0.28338686
 -0.28338686 -0.28338686 -0.28338686 -0.28338686 -0.28338686 -0.28338686
 -0.28338686 -0.28338686 -0.28338686 -0.28338686 -0.28338686 -0.28338686
 -0.28338686 -0.28338686 -0.28338686 -0.28338686  1.83634535 -0.28338686
 -0.28338686 -0.28338686 -0.28338686 -0.28338686 -0.28338686 -0.28338686
 -0.28338686 -0.28338686 -0.28338686 -0.28338686 -0.28338686 -0.28338686
 -0.28338686 -0.28338686 -0.28338686 -0.28338686 -0.28338686 -0.28338686
 -0.28338686 -0.28338686 -0.28338686 -0.28338686 -0.28338686  4.94359984
 -0.28338686 -0.28338686 -0.28338686 -0.28338686 -0.28338686 -0.28338686
 -0.28338686 -0.28338686 -0.28338686 -0.28338686 -0.28338686 -0.28338686
 -0.28338686 -0.28338686 -0.28338686 -0.28338686 -0.28338686 -0.28338686
 -0.28338686 -0.28338686 -0.28338686 -0.28338686 -0.28338686 -0.28338686
 -0.28338686 -0.28338686  6.45153732 -0.28338686 -0.28338686 -0.28338686
 -0.28338686 -0.28338686 -0.28338686 -0.28338686  1.47314052 -0.28338686
 -0.28338686 -0.28338686  4.67914348 -0.28338686  5.11501055 -0.28338686
 -0.28338686 -0.28338686 -0.28338686 -0.28338686 -0.28338686 -0.28338686
 -0.28338686 -0.28338686 -0.28338686 -0.28338686 -0.28338686 -0.28338686
 -0.28338686 -0.28338686 -0.28338686 -0.28338686 -0.28338686 -0.28338686
 -0.28338686 -0.28338686 -0.28338686 -0.28338686 -0.28338686 -0.28338686
 -0.28338686 -0.28338686 -0.28338686 -0.28338686 -0.28338686 -0.28338686
 -0.28338686 -0.28338686 -0.28338686 -0.28338686 -0.28338686 -0.28338686
 -0.28338686 -0.28338686 -0.28338686 -0.28338686 -0.28338686 -0.28338686
 -0.28338686  2.19501048 -0.28338686 -0.28338686 -0.28338686 -0.28338686
 -0.28338686 -0.28338686 -0.28338686 -0.28338686 -0.28338686 -0.28338686
 -0.28338686 -0.28338686 -0.28338686  2.91304658 -0.28338686 -0.28338686
 -0.28338686 -0.28338686 -0.28338686 -0.28338686 -0.28338686 -0.28338686
 -0.28338686 -0.28338686 -0.28338686 -0.28338686 -0.28338686 -0.28338686
 -0.28338686 -0.28338686 -0.28338686 -0.28338686 -0.28338686 -0.28338686
 -0.28338686 -0.28338686 -0.28338686 -0.28338686 -0.28338686 -0.28338686
  2.10412637 -0.28338686  0.53656449 -0.28338686 -0.28338686  1.56573704
 -0.28338686 -0.28338686 -0.28338686 -0.28338686 -0.28338686 -0.28338686
 -0.28338686 -0.28338686 -0.28338686 -0.28338686 -0.28338686 -0.28338686
 -0.28338686 -0.28338686 -0.28338686 -0.28338686 -0.28338686 -0.28338686
 -0.28338686  2.04698533 -0.28338686  4.03919125  3.43757221 -0.28338686
  2.31774531  1.79162865  2.02254227 -0.28338686 -0.28338686 -0.28338686
 -0.28338686 -0.28338686 -0.28338686 -0.28338686 -0.28338686 -0.28338686
 -0.28338686 -0.28338686 -0.28338686  6.00553659  3.18936732 -0.28338686
 -0.28338686 -0.28338686  4.85983048  2.63520251 -0.28338686  2.6154725
  1.64321112 -0.28338686 -0.28338686 -0.28338686  0.95926252 -0.28338686
  1.57224386 -0.28338686  5.64161091 -0.28338686  3.11827761 -0.28338686
 -0.28338686  0.64367364 -0.28338686 -0.28338686  3.17810846 -0.28338686
  2.45736395  2.0799478  -0.28338686 -0.28338686  4.44649996  2.09101598
 -0.28338686 -0.28338686 -0.28338686  0.88271342 -0.28338686 -0.28338686
 -0.28338686 -0.28338686  4.37127142 -0.28338686 -0.28338686 -0.28338686
 -0.28338686 -0.28338686 -0.28338686 -0.28338686  1.94862863 -0.28338686
  3.44248941 -0.28338686 -0.28338686 -0.28338686 -0.28338686  2.22439959
 -0.28338686 -0.28338686 -0.28338686 -0.28338686 -0.28338686 -0.28338686
 -0.28338686 -0.28338686 -0.28338686 -0.28338686 -0.28338686 -0.28338686
 -0.28338686 -0.28338686 -0.28338686 -0.28338686 -0.28338686 -0.28338686
 -0.28338686 -0.28338686 -0.28338686 -0.28338686 -0.28338686 -0.28338686
  3.00811104 -0.28338686 -0.28338686 -0.28338686 -0.28338686 -0.28338686
 -0.28338686 -0.28338686 -0.28338686 -0.28338686 -0.28338686 -0.28338686
 -0.28338686 -0.28338686 -0.28338686 -0.28338686 -0.28338686 -0.28338686
 -0.28338686 -0.28338686 -0.28338686 -0.28338686 -0.28338686 -0.28338686
 -0.28338686 -0.28338686 -0.28338686 -0.28338686 -0.28338686 -0.28338686
 -0.28338686 -0.28338686 -0.28338686 -0.28338686 -0.28338686 -0.28338686
 -0.28338686 -0.28338686 -0.28338686 -0.28338686 -0.28338686 -0.28338686
 -0.28338686 -0.28338686 -0.28338686 -0.28338686 -0.28338686 -0.28338686
 -0.28338686 -0.28338686 -0.28338686 -0.28338686 -0.28338686 -0.28338686
 -0.28338686 -0.28338686 -0.28338686 -0.28338686 -0.28338686 -0.28338686
 -0.28338686 -0.28338686 -0.28338686 -0.28338686 -0.28338686 -0.28338686
 -0.28338686 -0.28338686 -0.28338686 -0.28338686 -0.28338686 -0.28338686
 -0.28338686 -0.28338686 -0.28338686 -0.28338686 -0.28338686 -0.28338686
 -0.28338686 -0.28338686 -0.28338686 -0.28338686 -0.28338686 -0.28338686
 -0.28338686 -0.28338686 -0.28338686 -0.28338686 -0.28338686  4.19968001
 -0.28338686 -0.28338686 -0.28338686 -0.28338686 -0.28338686 -0.28338686
 -0.28338686 -0.28338686 -0.28338686 -0.28338686 -0.28338686 -0.28338686
 -0.28338686 -0.28338686 -0.28338686 -0.28338686 -0.28338686 -0.28338686
 -0.28338686  3.72711836 -0.28338686 -0.28338686 -0.28338686 -0.28338686
 -0.28338686 -0.28338686 -0.28338686 -0.28338686 -0.28338686 -0.28338686
 -0.28338686 -0.28338686 -0.28338686 -0.28338686 -0.28338686 -0.28338686
 -0.28338686 -0.28338686  3.37644592 -0.28338686 -0.28338686 -0.28338686
 -0.28338686 -0.28338686 -0.28338686 -0.28338686 -0.28338686 -0.28338686
 -0.28338686 -0.28338686 -0.28338686 -0.28338686 -0.28338686 -0.28338686
 -0.28338686 -0.28338686 -0.28338686 -0.28338686 -0.28338686 -0.28338686
 -0.28338686  3.58571611 -0.28338686 -0.28338686 -0.28338686  1.76976172
 -0.28338686 -0.28338686 -0.28338686 -0.28338686 -0.28338686  2.61732608
 -0.28338686 -0.28338686 -0.28338686 -0.28338686 -0.28338686 -0.28338686
 -0.28338686 -0.28338686 -0.28338686 -0.28338686 -0.28338686 -0.28338686
 -0.28338686 -0.28338686 -0.28338686 -0.28338686 -0.28338686 -0.28338686
 -0.28338686 -0.28338686 -0.28338686 -0.28338686]",[0.04968514748236183]
34,"[-0.23370171 -0.23370171 -0.23370171 -0.23370171 -0.01051668 -0.23370171
 -0.23370171 -0.23370171 -0.23370171 -0.23370171 -0.23370171 -0.23370171
 -0.23370171 -0.23370171 -0.23370171 -0.23370171 -0.23370171 -0.23370171
 -0.23370171 -0.23370171 -0.23370171 -0.23370171 -0.23370171 -0.23370171
 -0.23370171 -0.23370171 -0.23370171 -0.23370171 -0.23370171 -0.23370171
 -0.23370171 -0.23370171 -0.23370171 -0.23370171 -0.23370171 -0.23370171
 -0.23370171 -0.23370171 -0.23370171 -0.23370171 -0.23370171 -0.23370171
 -0.23370171 -0.23370171 -0.23370171 -0.23370171 -0.23370171 -0.23370171
 -0.23370171 -0.23370171 -0.23370171 -0.23370171 -0.23370171 -0.23370171
 -0.23370171 -0.23370171 -0.23370171 -0.23370171 -0.23370171 -0.23370171
 -0.23370171 -0.23370171 -0.23370171 -0.23370171 -0.23370171 -0.23370171
 -0.23370171 -0.23370171 -0.23370171 -0.23370171 -0.23370171 -0.23370171
 -0.23370171 -0.23370171 -0.23370171 -0.23370171 -0.23370171 -0.23370171
 -0.23370171 -0.23370171 -0.23370171 -0.23370171 -0.23370171  5.68084603
 -0.23370171 -0.23370171 -0.23370171 -0.23370171 -0.23370171  1.70530168
 -0.23370171 -0.23370171 -0.23370171 -0.23370171 -0.23370171 -0.23370171
 -0.23370171 -0.23370171 -0.23370171 -0.23370171 -0.23370171 -0.23370171
 -0.23370171 -0.23370171 -0.23370171 -0.23370171 -0.23370171 -0.23370171
 -0.23370171 -0.23370171  7.35366005 -0.23370171 -0.23370171 -0.23370171
 -0.23370171 -0.23370171 -0.23370171 -0.23370171 -0.23370171 -0.23370171
 -0.23370171 -0.23370171  4.8644202  -0.23370171  4.32305834 -0.23370171
 -0.23370171 -0.23370171 -0.23370171 -0.23370171 -0.23370171 -0.23370171
 -0.23370171 -0.23370171 -0.23370171 -0.23370171 -0.23370171 -0.23370171
 -0.23370171 -0.23370171 -0.23370171 -0.23370171 -0.23370171 -0.23370171
 -0.23370171 -0.23370171 -0.23370171 -0.23370171 -0.23370171 -0.23370171
 -0.23370171 -0.23370171 -0.23370171 -0.23370171 -0.23370171 -0.23370171
 -0.23370171 -0.23370171 -0.23370171 -0.23370171 -0.23370171 -0.23370171
 -0.23370171  0.32295896 -0.23370171 -0.23370171 -0.23370171 -0.23370171
 -0.23370171 -0.23370171 -0.23370171 -0.23370171 -0.23370171 -0.23370171
 -0.23370171 -0.23370171 -0.23370171 -0.23370171 -0.23370171 -0.23370171
 -0.23370171 -0.23370171 -0.23370171 -0.23370171 -0.23370171 -0.23370171
 -0.23370171 -0.23370171 -0.23370171 -0.23370171 -0.23370171 -0.23370171
 -0.23370171 -0.23370171 -0.23370171 -0.23370171 -0.23370171 -0.23370171
 -0.23370171 -0.23370171 -0.23370171 -0.23370171 -0.23370171 -0.23370171
 -0.23370171 -0.23370171 -0.23370171 -0.23370171 -0.23370171 -0.23370171
 -0.23370171 -0.23370171 -0.06779615 -0.23370171 -0.23370171 -0.23370171
 -0.23370171 -0.23370171 -0.23370171 -0.23370171 -0.23370171 -0.23370171
 -0.23370171 -0.23370171 -0.23370171 -0.23370171 -0.23370171 -0.23370171
 -0.23370171 -0.23370171 -0.23370171 -0.23370171 -0.23370171 -0.23370171
 -0.23370171  3.0072876  -0.23370171  2.74256637  2.49245258 -0.23370171
  4.04455803  0.44475869 -0.23370171  0.93221653 -0.23370171 -0.23370171
 -0.23370171 -0.23370171 -0.23370171 -0.23370171 -0.23370171 -0.23370171
 -0.23370171 -0.23370171 -0.23370171  5.1844091   3.4838998  -0.23370171
 -0.23370171 -0.23370171 -0.23370171  1.70530168 -0.23370171  1.32810815
 -0.23370171 -0.23370171 -0.23370171 -0.23370171  2.67908449 -0.23370171
 -0.23370171 -0.23370171  6.85648737 -0.23370171  3.90029428 -0.23370171
 -0.23370171  1.98761325 -0.23370171 -0.23370171  2.15568255 -0.23370171
 -0.23370171  1.99196267 -0.23370171 -0.23370171  3.66221928  2.30810895
 -0.23370171 -0.23370171 -0.23370171  2.26293119 -0.23370171 -0.23370171
 -0.23370171 -0.23370171  5.81087552 -0.23370171 -0.23370171 -0.23370171
 -0.23370171 -0.23370171 -0.23370171 -0.23370171 -0.23370171 -0.23370171
  6.55528566 -0.23370171 -0.23370171 -0.23370171 -0.23370171  0.63003233
 -0.23370171 -0.23370171 -0.23370171  1.74026845 -0.23370171 -0.23370171
 -0.23370171 -0.23370171 -0.23370171 -0.23370171 -0.23370171 -0.23370171
 -0.23370171 -0.23370171 -0.23370171 -0.23370171 -0.23370171 -0.23370171
 -0.23370171 -0.23370171 -0.23370171 -0.23370171 -0.23370171 -0.23370171
 -0.23370171 -0.23370171 -0.23370171 -0.23370171 -0.23370171 -0.23370171
 -0.23370171 -0.23370171 -0.23370171 -0.23370171 -0.23370171 -0.23370171
 -0.23370171 -0.23370171 -0.23370171 -0.23370171 -0.23370171 -0.23370171
 -0.23370171 -0.23370171 -0.23370171 -0.23370171 -0.23370171 -0.23370171
 -0.23370171 -0.23370171 -0.23370171 -0.23370171 -0.23370171 -0.23370171
 -0.23370171 -0.23370171 -0.23370171 -0.23370171 -0.23370171 -0.23370171
 -0.23370171 -0.23370171 -0.23370171 -0.23370171 -0.23370171 -0.23370171
 -0.23370171 -0.23370171 -0.23370171 -0.23370171 -0.23370171 -0.23370171
 -0.23370171 -0.23370171 -0.23370171 -0.23370171 -0.23370171 -0.23370171
 -0.23370171 -0.23370171 -0.23370171  2.80001459 -0.23370171 -0.23370171
 -0.23370171 -0.23370171 -0.23370171 -0.23370171 -0.23370171 -0.23370171
 -0.23370171 -0.23370171 -0.23370171 -0.23370171 -0.23370171 -0.23370171
 -0.23370171 -0.23370171 -0.23370171 -0.23370171 -0.23370171 -0.23370171
 -0.23370171 -0.23370171 -0.23370171 -0.23370171 -0.23370171 -0.23370171
 -0.23370171 -0.23370171 -0.23370171 -0.23370171  3.86258114  4.30575841
 -0.23370171 -0.23370171 -0.23370171 -0.23370171 -0.23370171 -0.23370171
 -0.23370171 -0.23370171 -0.23370171 -0.23370171 -0.23370171 -0.23370171
 -0.23370171 -0.23370171 -0.23370171 -0.23370171 -0.23370171 -0.23370171
 -0.23370171 -0.23370171 -0.23370171 -0.23370171 -0.23370171 -0.23370171
 -0.23370171 -0.23370171 -0.23370171 -0.23370171 -0.23370171 -0.23370171
 -0.23370171 -0.23370171 -0.23370171 -0.23370171 -0.23370171 -0.23370171
 -0.23370171 -0.23370171  6.47876207 -0.23370171 -0.23370171 -0.23370171
 -0.23370171 -0.23370171 -0.23370171 -0.23370171 -0.23370171 -0.23370171
 -0.23370171 -0.23370171 -0.23370171 -0.23370171 -0.23370171 -0.23370171
 -0.23370171 -0.23370171 -0.23370171 -0.23370171 -0.23370171 -0.23370171
 -0.23370171  2.92712305 -0.23370171 -0.23370171 -0.23370171 -0.23370171
 -0.23370171 -0.23370171 -0.23370171 -0.23370171 -0.23370171  0.42534923
 -0.23370171 -0.23370171 -0.23370171 -0.23370171 -0.23370171 -0.23370171
 -0.23370171 -0.23370171 -0.23370171 -0.23370171 -0.23370171 -0.23370171
 -0.23370171 -0.23370171 -0.23370171 -0.23370171 -0.23370171 -0.23370171
 -0.23370171 -0.23370171 -0.23370171 -0.23370171]",[-0.007416257822411454]
35,"[-0.24111797 -0.24111797 -0.24111797 -0.24111797  0.52790993 -0.24111797
 -0.24111797 -0.24111797 -0.24111797 -0.24111797 -0.24111797 -0.24111797
 -0.24111797 -0.24111797 -0.24111797 -0.24111797 -0.24111797 -0.24111797
 -0.24111797 -0.24111797 -0.24111797 -0.24111797 -0.24111797 -0.24111797
 -0.24111797 -0.24111797 -0.24111797 -0.24111797 -0.24111797 -0.24111797
 -0.24111797 -0.24111797 -0.24111797 -0.24111797 -0.24111797 -0.24111797
 -0.24111797 -0.24111797 -0.24111797 -0.24111797 -0.24111797 -0.24111797
 -0.24111797 -0.24111797 -0.24111797 -0.24111797 -0.24111797 -0.24111797
 -0.24111797 -0.24111797 -0.24111797 -0.24111797 -0.24111797 -0.24111797
 -0.24111797 -0.24111797 -0.24111797 -0.24111797 -0.24111797 -0.24111797
 -0.24111797 -0.24111797 -0.24111797 -0.24111797 -0.24111797 -0.24111797
 -0.24111797 -0.24111797 -0.24111797 -0.24111797 -0.24111797 -0.24111797
 -0.24111797 -0.24111797 -0.24111797 -0.24111797 -0.24111797 -0.24111797
 -0.24111797 -0.24111797 -0.24111797 -0.24111797 -0.24111797  5.79394944
 -0.24111797 -0.24111797 -0.24111797 -0.24111797 -0.24111797  2.98754402
 -0.24111797 -0.24111797 -0.24111797 -0.24111797 -0.24111797 -0.24111797
 -0.24111797  2.10790404 -0.24111797 -0.24111797 -0.24111797 -0.24111797
 -0.24111797 -0.24111797 -0.24111797 -0.24111797 -0.24111797 -0.24111797
 -0.24111797 -0.24111797  6.78535144 -0.24111797 -0.24111797 -0.24111797
 -0.24111797 -0.24111797 -0.24111797 -0.24111797 -0.24111797 -0.24111797
 -0.24111797 -0.24111797  1.0812949  -0.24111797  4.60291017 -0.24111797
 -0.24111797 -0.24111797 -0.24111797 -0.24111797 -0.24111797 -0.24111797
 -0.24111797 -0.24111797 -0.24111797 -0.24111797 -0.24111797 -0.24111797
 -0.24111797 -0.24111797 -0.24111797 -0.24111797 -0.24111797 -0.24111797
 -0.24111797 -0.24111797 -0.24111797 -0.24111797 -0.24111797 -0.24111797
 -0.24111797 -0.24111797 -0.24111797 -0.24111797 -0.24111797 -0.24111797
 -0.24111797 -0.24111797 -0.24111797 -0.24111797 -0.24111797 -0.24111797
 -0.24111797 -0.24111797 -0.24111797 -0.24111797 -0.24111797 -0.24111797
 -0.24111797 -0.24111797 -0.24111797 -0.24111797 -0.24111797 -0.24111797
 -0.24111797 -0.24111797 -0.24111797 -0.24111797 -0.24111797 -0.24111797
 -0.24111797 -0.24111797 -0.24111797 -0.24111797 -0.24111797 -0.24111797
 -0.24111797 -0.24111797 -0.24111797 -0.24111797 -0.24111797 -0.24111797
 -0.24111797 -0.24111797 -0.24111797 -0.24111797 -0.24111797 -0.24111797
 -0.24111797 -0.24111797 -0.24111797 -0.24111797 -0.24111797 -0.24111797
 -0.24111797 -0.24111797 -0.24111797 -0.24111797 -0.24111797 -0.24111797
  1.4288844  -0.24111797  0.706319   -0.24111797 -0.24111797 -0.24111797
 -0.24111797 -0.24111797 -0.24111797 -0.24111797 -0.24111797 -0.24111797
 -0.24111797 -0.24111797 -0.24111797 -0.24111797 -0.24111797 -0.24111797
 -0.24111797 -0.24111797 -0.24111797 -0.24111797 -0.24111797 -0.24111797
 -0.24111797  2.52236376 -0.24111797 -0.24111797  2.89849285 -0.24111797
  2.77379247  3.00855541 -0.24111797 -0.24111797 -0.24111797 -0.24111797
 -0.24111797 -0.24111797 -0.24111797 -0.24111797 -0.24111797 -0.24111797
 -0.24111797 -0.24111797 -0.24111797  5.94470413  3.86314434 -0.24111797
 -0.24111797 -0.24111797 -0.24111797 -0.24111797 -0.24111797  2.7196214
 -0.24111797 -0.24111797 -0.24111797  2.86631312  0.8351027  -0.24111797
  3.68714187 -0.24111797  6.72158181 -0.24111797  3.15936768 -0.24111797
 -0.24111797  2.75266393 -0.24111797 -0.24111797  4.15930539 -0.24111797
 -0.24111797 -0.24111797 -0.24111797 -0.24111797  3.83808879  1.43694715
 -0.24111797 -0.24111797 -0.24111797  3.65745086 -0.24111797 -0.24111797
 -0.24111797 -0.24111797  5.05804025 -0.24111797 -0.24111797 -0.24111797
 -0.24111797 -0.24111797 -0.24111797 -0.24111797 -0.24111797 -0.24111797
  6.31000107 -0.24111797 -0.24111797 -0.24111797 -0.24111797 -0.24111797
 -0.24111797 -0.24111797 -0.24111797 -0.24111797 -0.24111797 -0.24111797
 -0.24111797 -0.24111797 -0.24111797 -0.24111797 -0.24111797 -0.24111797
 -0.24111797 -0.24111797 -0.24111797 -0.24111797 -0.24111797 -0.24111797
 -0.24111797 -0.24111797 -0.24111797 -0.24111797 -0.24111797 -0.24111797
 -0.24111797 -0.24111797 -0.24111797 -0.24111797 -0.24111797 -0.24111797
 -0.24111797 -0.24111797 -0.24111797 -0.24111797 -0.24111797 -0.24111797
 -0.24111797  1.19533261 -0.24111797 -0.24111797 -0.24111797 -0.24111797
 -0.24111797 -0.24111797 -0.24111797 -0.24111797 -0.24111797 -0.24111797
 -0.24111797 -0.24111797 -0.24111797 -0.24111797 -0.24111797 -0.24111797
 -0.24111797 -0.24111797 -0.24111797 -0.24111797 -0.24111797 -0.24111797
 -0.24111797 -0.24111797 -0.24111797 -0.24111797 -0.24111797 -0.24111797
 -0.24111797 -0.24111797 -0.24111797 -0.24111797 -0.24111797 -0.24111797
 -0.24111797 -0.24111797 -0.24111797 -0.24111797 -0.24111797 -0.24111797
 -0.24111797 -0.24111797 -0.24111797 -0.24111797 -0.24111797 -0.24111797
 -0.24111797 -0.24111797 -0.24111797 -0.24111797 -0.24111797 -0.24111797
 -0.24111797 -0.24111797 -0.24111797 -0.24111797 -0.24111797 -0.24111797
 -0.24111797 -0.24111797 -0.24111797 -0.24111797 -0.24111797 -0.24111797
 -0.24111797 -0.24111797 -0.24111797 -0.24111797 -0.24111797 -0.24111797
 -0.24111797 -0.24111797 -0.24111797 -0.24111797  2.74135182  4.03305313
 -0.24111797 -0.24111797 -0.24111797 -0.24111797 -0.24111797 -0.24111797
 -0.24111797 -0.24111797 -0.24111797 -0.24111797 -0.24111797 -0.24111797
 -0.24111797 -0.24111797 -0.24111797 -0.24111797 -0.24111797 -0.24111797
 -0.24111797 -0.24111797 -0.24111797 -0.24111797 -0.24111797 -0.24111797
 -0.24111797 -0.24111797 -0.24111797 -0.24111797 -0.24111797 -0.24111797
 -0.24111797 -0.24111797 -0.24111797 -0.24111797 -0.24111797 -0.24111797
 -0.24111797 -0.24111797  5.73046311 -0.24111797 -0.24111797 -0.24111797
  3.78596915 -0.24111797 -0.24111797 -0.24111797 -0.24111797 -0.24111797
 -0.24111797 -0.24111797 -0.24111797 -0.24111797 -0.24111797 -0.24111797
 -0.24111797 -0.24111797 -0.24111797 -0.24111797 -0.24111797 -0.24111797
 -0.24111797  3.02815577 -0.24111797 -0.24111797 -0.24111797 -0.24111797
 -0.24111797 -0.24111797 -0.24111797 -0.24111797 -0.24111797 -0.24111797
 -0.24111797 -0.24111797 -0.24111797 -0.24111797 -0.24111797 -0.24111797
 -0.24111797  2.19314197 -0.24111797 -0.24111797 -0.24111797 -0.24111797
 -0.24111797 -0.24111797 -0.24111797 -0.24111797 -0.24111797 -0.24111797
 -0.24111797 -0.24111797 -0.24111797 -0.24111797]",[-0.05065453403031042]
