train_auc: 0.8132745124698937
test_auc: 0.7552240413614821
train_rho: 0.35815417829262663
test_rho: 0.3041962744857636
