train_auc: 0.6562966463901858
test_auc: 0.6217476551322134
train_rho: 0.308920384829389
test_rho: 0.24282710719278744
