train_auc: 0.699158237298624
test_auc: 0.6428237494156147
train_rho: 0.3696651951050785
test_rho: 0.2661432562881251
